-95.6901,39.9001#46.93#27.68#25.39
-95.6327,39.9003#46.93#27.68#25.39
-95.5752,39.9005#46.93#27.68#25.39
-95.5178,39.9006#46.93#27.68#25.39
-95.4603,39.9008#46.93#27.67#25.4
-95.4029,39.9009#46.93#27.67#25.4
-95.3454,39.9011#46.93#27.67#25.4
-95.288,39.9012#46.93#27.67#25.4
-95.2306,39.9013#46.93#27.67#25.4
-95.1731,39.9013#46.93#27.67#25.4
-95.1157,39.9014#46.93#27.67#25.4
-95.0582,39.9014#46.93#27.67#25.4
-95.0008,39.9014#46.93#27.67#25.4
-94.9434,39.9014#46.93#27.67#25.4
-94.8859,39.9014#46.93#27.67#25.4
-94.8285,39.9013#46.93#27.67#25.4
-94.771,39.9013#46.93#27.67#25.4
-94.7136,39.9012#46.93#27.68#25.39
-94.6561,39.9011#46.93#27.68#25.39
-94.5987,39.901#46.93#27.68#25.39
-94.5413,39.9008#46.93#27.68#25.39
-94.4838,39.9007#46.93#27.68#25.39
-94.4264,39.9005#46.93#27.68#25.39
-94.3689,39.9003#46.93#27.68#25.39
-94.3115,39.9001#46.93#27.68#25.39
-98.9648,39.901#46.93#30.42#22.65
-98.9074,39.9023#46.93#30.45#22.62
-98.85,39.9036#46.93#30.49#22.58
-98.7926,39.9048#46.93#30.53#22.54
-98.7352,39.906#46.93#30.56#22.51
-98.6777,39.9072#46.93#30.6#22.47
-98.6203,39.9084#46.93#30.63#22.44
-98.5629,39.9096#46.93#30.67#22.4
-98.5055,39.9107#46.93#30.7#22.37
-98.448,39.9119#46.93#30.59#22.48
-98.3906,39.913#46.93#30.46#22.61
-98.3332,39.9141#46.93#30.34#22.73
-98.2757,39.9151#46.93#30.21#22.86
-98.2183,39.9162#46.93#30.09#22.98
-98.1609,39.9172#46.93#29.96#23.11
-98.1034,39.9182#46.93#29.84#23.23
-98.046,39.9192#46.93#29.71#23.36
-97.9886,39.9202#46.93#29.58#23.49
-97.9311,39.9212#46.93#29.44#23.63
-97.8737,39.9221#46.93#29.3#23.77
-97.8162,39.9231#46.93#29.16#23.91
-97.7588,39.924#46.93#29.02#24.05
-97.7014,39.9248#46.93#28.88#24.19
-97.6439,39.9257#46.93#28.74#24.33
-97.5865,39.9266#46.93#28.6#24.47
-97.529,39.9274#46.93#28.46#24.61
-97.4716,39.9282#46.93#28.36#24.71
-97.4141,39.929#46.93#28.31#24.76
-97.3567,39.9298#46.93#28.25#24.82
-97.2992,39.9305#46.93#28.2#24.87
-97.2418,39.9313#46.93#28.15#24.92
-97.1843,39.932#46.93#28.09#24.98
-97.1269,39.9327#46.93#28.04#25.03
-97.0694,39.9334#46.93#27.99#25.08
-97.012,39.934#46.93#27.94#25.13
-96.9545,39.9347#46.93#27.91#25.16
-96.8971,39.9353#46.93#27.89#25.18
-96.8396,39.9359#46.93#27.87#25.2
-96.7822,39.9365#46.93#27.85#25.22
-96.7247,39.9371#46.93#27.83#25.24
-96.6672,39.9376#46.93#27.81#25.26
-96.6098,39.9382#46.93#27.79#25.28
-96.5523,39.9387#46.93#27.77#25.3
-96.4949,39.9392#46.93#27.75#25.32
-96.4374,39.9396#46.93#27.75#25.32
-96.3799,39.9401#46.93#27.74#25.33
-96.3225,39.9405#46.93#27.73#25.34
-96.265,39.941#46.93#27.72#25.35
-96.2076,39.9414#46.93#27.72#25.35
-96.1501,39.9417#46.93#27.71#25.36
-96.0926,39.9421#46.93#27.7#25.37
-96.0352,39.9425#46.93#27.7#25.37
-95.9777,39.9428#46.93#27.69#25.38
-95.9202,39.9431#46.93#27.69#25.38
-95.8628,39.9434#46.93#27.69#25.38
-95.8053,39.9437#46.93#27.68#25.39
-95.7479,39.9439#46.93#27.68#25.39
-95.6904,39.9441#46.93#27.68#25.39
-95.6329,39.9444#46.93#27.68#25.39
-95.5755,39.9445#46.93#27.68#25.39
-95.518,39.9447#46.93#27.67#25.4
-95.4605,39.9449#46.93#27.67#25.4
-95.4031,39.945#46.93#27.67#25.4
-95.3456,39.9451#46.93#27.67#25.4
-95.2881,39.9453#46.93#27.67#25.4
-95.2307,39.9453#46.93#27.67#25.4
-95.1732,39.9454#46.93#27.67#25.4
-95.1157,39.9454#46.93#27.67#25.4
-95.0583,39.9455#46.93#27.67#25.4
-95.0008,39.9455#46.93#27.67#25.4
-94.9433,39.9455#46.93#27.67#25.4
-94.8859,39.9454#46.93#27.67#25.4
-94.8284,39.9454#46.93#27.67#25.4
-94.7709,39.9453#46.93#27.67#25.4
-94.7135,39.9453#46.93#27.67#25.4
-94.656,39.9452#46.93#27.68#25.39
-94.5985,39.945#46.93#27.68#25.39
-94.5411,39.9449#46.93#27.68#25.39
-94.4836,39.9447#46.93#27.68#25.39
-94.4261,39.9446#46.93#27.68#25.39
-94.3687,39.9444#46.93#27.68#25.39
-94.3112,39.9441#46.93#27.68#25.39
-94.2537,39.9439#46.93#27.68#25.39
-94.1963,39.9437#46.93#27.68#25.39
-94.1388,39.9434#46.93#27.68#25.39
-94.0813,39.9431#46.93#27.68#25.39
-94.0239,39.9428#46.93#27.68#25.39
-93.9664,39.9425#46.93#27.68#25.39
-93.909,39.9421#46.93#27.69#25.38
-93.8515,39.9418#46.93#27.69#25.38
-93.794,39.9414#46.93#27.69#25.38
-93.7366,39.941#46.93#27.69#25.38
-93.6791,39.9406#46.93#27.69#25.38
-93.6216,39.9401#46.93#27.69#25.38
-93.5642,39.9397#46.93#27.69#25.38
-93.5067,39.9392#46.93#27.69#25.38
-93.4493,39.9387#46.93#27.69#25.38
-93.3918,39.9382#46.93#27.69#25.38
-93.3344,39.9376#46.92#27.7#25.38
-93.2769,39.9371#46.92#27.7#25.38
-93.2194,39.9365#46.92#27.7#25.38
-93.162,39.9359#46.92#27.7#25.38
-93.1045,39.9353#46.91#27.7#25.39
-93.0471,39.9347#46.91#27.7#25.39
-92.9896,39.9341#46.9#27.7#25.4
-92.9322,39.9334#46.88#27.7#25.42
-92.8747,39.9327#46.86#27.7#25.44
-92.8173,39.932#46.84#27.7#25.46
-92.7598,39.9313#46.81#27.71#25.48
-92.7024,39.9306#46.79#27.71#25.5
-92.6449,39.9298#46.77#27.71#25.52
-92.5875,39.929#46.75#27.71#25.54
-92.53,39.9282#46.73#27.71#25.56
-92.4726,39.9274#46.68#27.71#25.61
-92.4151,39.9266#46.6#27.71#25.69
-92.3577,39.9257#46.52#27.71#25.77
-92.3002,39.9249#46.44#27.72#25.84
-92.2428,39.924#46.36#27.72#25.92
-92.1853,39.9231#46.28#27.72#26
-92.1279,39.9222#46.2#27.72#26.08
-92.0705,39.9212#46.12#27.72#26.16
-92.013,39.9203#46.04#27.72#26.24
-91.9556,39.9193#45.9#27.72#26.38
-91.8981,39.9183#45.74#27.72#26.54
-91.8407,39.9173#45.58#27.72#26.7
-91.7833,39.9162#45.42#27.73#26.85
-91.7258,39.9152#45.26#27.73#27.01
-91.6684,39.9141#45.1#27.73#27.17
-91.611,39.913#44.94#27.73#27.33
-91.5536,39.9119#44.78#27.73#27.49
-91.4961,39.9108#44.61#27.73#27.66
-91.4387,39.9096#44.4#27.73#27.87
-91.3813,39.9084#44.19#27.73#28.08
-91.3238,39.9073#43.98#27.74#28.28
-91.2664,39.9061#43.77#27.74#28.49
-91.209,39.9048#43.56#27.74#28.7
-91.1516,39.9036#43.34#27.74#28.92
-91.0942,39.9023#43.13#27.74#29.13
-91.0367,39.9011#42.92#27.74#29.34
-100.574,39.9017#46.93#28.63#24.44
-100.517,39.9035#46.93#28.67#24.4
-100.459,39.9053#46.93#28.7#24.37
-100.402,39.907#46.93#28.72#24.35
-100.345,39.9088#46.93#28.74#24.33
-100.287,39.9105#46.93#28.76#24.31
-100.23,39.9122#46.93#28.78#24.29
-100.172,39.9139#46.93#28.79#24.28
-100.115,39.9156#46.93#28.81#24.26
-100.058,39.9172#46.93#28.83#24.24
-100,39.9189#46.93#28.85#24.22
-99.9428,39.9205#46.93#28.94#24.13
-99.8854,39.9221#46.93#29.03#24.04
-99.828,39.9236#46.93#29.12#23.95
-99.7706,39.9252#46.93#29.21#23.86
-99.7131,39.9267#46.93#29.3#23.77
-99.6557,39.9283#46.93#29.39#23.68
-99.5983,39.9298#46.93#29.48#23.59
-99.5409,39.9313#46.93#29.57#23.5
-99.4834,39.9327#46.93#29.66#23.41
-99.426,39.9342#46.93#29.75#23.32
-99.3686,39.9356#46.93#29.83#23.24
-99.3112,39.937#46.93#29.92#23.15
-99.2537,39.9384#46.93#30.01#23.06
-99.1963,39.9398#46.93#30.1#22.97
-99.1388,39.9411#46.93#30.19#22.88
-99.0814,39.9425#46.93#30.27#22.8
-99.024,39.9438#46.93#30.36#22.71
-98.9665,39.9451#46.93#30.42#22.65
-98.9091,39.9464#46.93#30.45#22.62
-98.8516,39.9476#46.93#30.49#22.58
-98.7942,39.9489#46.93#30.53#22.54
-98.7368,39.9501#46.93#30.56#22.51
-98.6793,39.9513#46.93#30.6#22.47
-98.6219,39.9525#46.93#30.63#22.44
-98.5644,39.9536#46.93#30.67#22.4
-98.507,39.9548#46.93#30.7#22.37
-98.4495,39.9559#46.93#30.59#22.48
-98.392,39.957#46.93#30.47#22.6
-98.3346,39.9581#46.93#30.34#22.73
-98.2771,39.9592#46.93#30.22#22.85
-98.2197,39.9603#46.93#30.09#22.98
-98.1622,39.9613#46.93#29.96#23.11
-98.1048,39.9623#46.93#29.84#23.23
-98.0473,39.9633#46.93#29.71#23.36
-97.9898,39.9643#46.93#29.58#23.49
-97.9324,39.9653#46.93#29.44#23.63
-97.8749,39.9662#46.93#29.3#23.77
-97.8174,39.9671#46.93#29.16#23.91
-97.76,39.968#46.93#29.02#24.05
-97.7025,39.9689#46.93#28.88#24.19
-97.645,39.9698#46.93#28.74#24.33
-97.5876,39.9706#46.93#28.6#24.47
-97.5301,39.9715#46.93#28.46#24.61
-97.4726,39.9723#46.93#28.36#24.71
-97.4152,39.9731#46.93#28.31#24.76
-97.3577,39.9738#46.93#28.25#24.82
-97.3002,39.9746#46.93#28.2#24.87
-97.2427,39.9753#46.93#28.15#24.92
-97.1853,39.9761#46.93#28.09#24.98
-97.1278,39.9768#46.93#28.04#25.03
-97.0703,39.9774#46.93#27.99#25.08
-97.0128,39.9781#46.93#27.94#25.13
-96.9553,39.9787#46.93#27.91#25.16
-96.8979,39.9794#46.93#27.89#25.18
-96.8404,39.98#46.93#27.87#25.2
-96.7829,39.9806#46.93#27.85#25.22
-96.7254,39.9811#46.93#27.83#25.24
-96.6679,39.9817#46.93#27.81#25.26
-96.6105,39.9822#46.93#27.79#25.28
-96.553,39.9827#46.93#27.77#25.3
-96.4955,39.9832#46.93#27.75#25.32
-96.438,39.9837#46.93#27.74#25.33
-96.3805,39.9842#46.93#27.74#25.33
-96.323,39.9846#46.93#27.73#25.34
-96.2656,39.985#46.93#27.72#25.35
-96.2081,39.9854#46.93#27.72#25.35
-96.1506,39.9858#46.93#27.71#25.36
-96.0931,39.9862#46.93#27.7#25.37
-96.0356,39.9865#46.93#27.7#25.37
-95.9781,39.9869#46.93#27.69#25.38
-95.9206,39.9872#46.93#27.69#25.38
-95.8631,39.9874#46.93#27.69#25.38
-95.8057,39.9877#46.93#27.68#25.39
-95.7482,39.988#46.93#27.68#25.39
-95.6907,39.9882#46.93#27.68#25.39
-95.6332,39.9884#46.93#27.68#25.39
-95.5757,39.9886#46.93#27.68#25.39
-95.5182,39.9888#46.93#27.67#25.4
-95.4607,39.989#46.93#27.67#25.4
-95.4032,39.9891#46.93#27.67#25.4
-95.3457,39.9892#46.93#27.67#25.4
-95.2882,39.9893#46.93#27.67#25.4
-95.2308,39.9894#46.93#27.67#25.4
-95.1733,39.9895#46.93#27.67#25.4
-95.1158,39.9895#46.93#27.67#25.4
-95.0583,39.9895#46.93#27.67#25.4
-95.0008,39.9896#46.93#27.67#25.4
-94.9433,39.9895#46.93#27.67#25.4
-94.8858,39.9895#46.93#27.67#25.4
-94.8283,39.9895#46.93#27.67#25.4
-94.7708,39.9894#46.93#27.67#25.4
-94.7133,39.9893#46.93#27.67#25.4
-94.6559,39.9892#46.93#27.67#25.4
-94.5984,39.9891#46.93#27.67#25.4
-94.5409,39.989#46.93#27.68#25.39
-94.4834,39.9888#46.93#27.68#25.39
-94.4259,39.9886#46.93#27.68#25.39
-94.3684,39.9884#46.93#27.68#25.39
-94.3109,39.9882#46.93#27.68#25.39
-94.2534,39.988#46.93#27.68#25.39
-94.1959,39.9877#46.93#27.68#25.39
-94.1384,39.9875#46.93#27.68#25.39
-94.081,39.9872#46.93#27.68#25.39
-94.0235,39.9869#46.93#27.68#25.39
-93.966,39.9865#46.93#27.68#25.39
-93.9085,39.9862#46.93#27.68#25.39
-93.851,39.9858#46.93#27.69#25.38
-93.7935,39.9854#46.93#27.69#25.38
-93.736,39.985#46.93#27.69#25.38
-93.6785,39.9846#46.93#27.69#25.38
-93.6211,39.9842#46.93#27.69#25.38
-93.5636,39.9837#46.93#27.69#25.38
-93.5061,39.9832#46.93#27.69#25.38
-93.4486,39.9828#46.93#27.69#25.38
-93.3911,39.9822#46.92#27.69#25.39
-93.3336,39.9817#46.92#27.69#25.39
-93.2762,39.9812#46.92#27.7#25.38
-93.2187,39.9806#46.92#27.7#25.38
-93.1612,39.98#46.91#27.7#25.39
-93.1037,39.9794#46.91#27.7#25.39
-93.0462,39.9788#46.91#27.7#25.39
-92.9888,39.9781#46.9#27.7#25.4
-92.9313,39.9775#46.88#27.7#25.42
-92.8738,39.9768#46.85#27.7#25.45
-92.8163,39.9761#46.83#27.7#25.47
-92.7589,39.9754#46.81#27.71#25.48
-92.7014,39.9746#46.78#27.71#25.51
-92.6439,39.9739#46.76#27.71#25.53
-92.5864,39.9731#46.73#27.71#25.56
-92.529,39.9723#46.71#27.71#25.58
-92.4715,39.9715#46.66#27.71#25.63
-92.414,39.9707#46.58#27.71#25.71
-92.3566,39.9698#46.49#27.71#25.8
-92.2991,39.9689#46.41#27.71#25.88
-92.2416,39.9681#46.33#27.72#25.95
-92.1841,39.9671#46.25#27.72#26.03
-92.1267,39.9662#46.17#27.72#26.11
-92.0692,39.9653#46.09#27.72#26.19
-92.0118,39.9643#46.01#27.72#26.27
-91.9543,39.9633#45.86#27.72#26.42
-91.8968,39.9623#45.7#27.72#26.58
-91.8394,39.9613#45.54#27.72#26.74
-91.7819,39.9603#45.37#27.73#26.9
-91.7245,39.9592#45.21#27.73#27.06
-91.667,39.9582#45.05#27.73#27.22
-91.6095,39.9571#44.89#27.73#27.38
-91.5521,39.956#44.73#27.73#27.54
-91.4946,39.9548#44.56#27.73#27.71
-91.4372,39.9537#44.35#27.73#27.92
-91.3797,39.9525#44.14#27.73#28.13
-91.3223,39.9513#43.93#27.73#28.34
-91.2648,39.9501#43.72#27.74#28.54
-91.2074,39.9489#43.51#27.74#28.75
-91.1499,39.9477#43.29#27.74#28.97
-91.0925,39.9464#43.08#27.74#29.18
-91.0351,39.9451#42.87#27.74#29.39
-90.9776,39.9438#42.65#27.74#29.61
-90.9202,39.9425#42.41#27.74#29.85
-90.8627,39.9412#42.17#27.75#30.08
-90.8053,39.9398#41.92#27.75#30.33
-90.7479,39.9384#41.68#27.75#30.57
-90.6904,39.937#41.44#27.75#30.81
-90.633,39.9356#41.2#27.75#31.05
-90.5756,39.9342#40.96#27.75#31.29
-90.5181,39.9328#40.72#27.75#31.53
-90.4607,39.9313#40.47#27.75#31.78
-90.4033,39.9298#40.22#27.75#32.03
-90.3459,39.9283#39.97#27.76#32.27
-90.2884,39.9268#39.72#27.76#32.52
-90.231,39.9252#39.46#27.76#32.78
-90.1736,39.9237#39.21#27.76#33.03
-90.1162,39.9221#38.96#27.76#33.28
-90.0588,39.9205#38.71#27.76#33.53
-90.0014,39.9189#38.45#27.76#33.79
-89.9439,39.9173#38.21#27.77#34.02
-89.8865,39.9156#37.98#27.77#34.25
-89.8291,39.9139#37.74#27.77#34.49
-89.7717,39.9123#37.5#27.77#34.73
-89.7143,39.9105#37.26#27.77#34.97
-89.6569,39.9088#37.03#27.77#35.2
-89.5995,39.9071#36.79#27.77#35.44
-89.5421,39.9053#36.55#27.77#35.68
-89.4847,39.9035#36.31#27.78#35.91
-89.4273,39.9017#36.08#27.78#36.14
-101.839,39.9013#46.93#27.78#25.29
-101.782,39.9036#46.93#27.8#25.27
-101.725,39.9057#46.93#27.83#25.24
-101.667,39.9079#46.93#27.85#25.22
-101.61,39.9101#46.93#27.87#25.2
-101.552,39.9122#46.93#27.9#25.17
-101.495,39.9143#46.93#27.92#25.15
-101.438,39.9164#46.93#27.97#25.1
-101.38,39.9185#46.93#28.01#25.06
-101.323,39.9206#46.93#28.06#25.01
-101.265,39.9226#46.93#28.11#24.96
-101.208,39.9247#46.93#28.15#24.92
-101.151,39.9267#46.93#28.2#24.87
-101.093,39.9287#46.93#28.24#24.83
-101.036,39.9306#46.93#28.29#24.78
-100.978,39.9326#46.93#28.33#24.74
-100.921,39.9345#46.93#28.38#24.69
-100.864,39.9364#46.93#28.42#24.65
-100.806,39.9383#46.93#28.47#24.6
-100.749,39.9402#46.93#28.51#24.56
-100.691,39.9421#46.93#28.56#24.51
-100.634,39.9439#46.93#28.6#24.47
-100.577,39.9457#46.93#28.65#24.42
-100.519,39.9475#46.93#28.69#24.38
-100.462,39.9493#46.93#28.71#24.36
-100.404,39.9511#46.93#28.73#24.34
-100.347,39.9528#46.93#28.75#24.32
-100.29,39.9545#46.93#28.77#24.3
-100.232,39.9562#46.93#28.79#24.28
-100.175,39.9579#46.93#28.8#24.27
-100.117,39.9596#46.93#28.82#24.25
-100.06,39.9613#46.93#28.84#24.23
-100.002,39.9629#46.93#28.86#24.21
-99.9449,39.9645#46.93#28.94#24.13
-99.8875,39.9661#46.93#29.03#24.04
-99.83,39.9677#46.93#29.12#23.95
-99.7726,39.9692#46.93#29.21#23.86
-99.7151,39.9708#46.93#29.3#23.77
-99.6577,39.9723#46.93#29.39#23.68
-99.6002,39.9738#46.93#29.48#23.59
-99.5428,39.9753#46.93#29.57#23.5
-99.4853,39.9768#46.93#29.66#23.41
-99.4279,39.9782#46.93#29.75#23.32
-99.3704,39.9796#46.93#29.83#23.24
-99.313,39.9811#46.93#29.92#23.15
-99.2555,39.9824#46.93#30.01#23.06
-99.1981,39.9838#46.93#30.1#22.97
-99.1406,39.9852#46.93#30.19#22.88
-99.0831,39.9865#46.93#30.27#22.8
-99.0257,39.9878#46.93#30.36#22.71
-98.9682,39.9891#46.93#30.42#22.65
-98.9107,39.9904#46.93#30.46#22.61
-98.8533,39.9917#46.93#30.49#22.58
-98.7958,39.9929#46.93#30.53#22.54
-98.7383,39.9941#46.93#30.56#22.51
-98.6809,39.9953#46.93#30.6#22.47
-98.6234,39.9965#46.93#30.63#22.44
-98.5659,39.9977#46.93#30.66#22.41
-98.5084,39.9988#46.93#30.7#22.37
-98.451,40#46.93#30.6#22.47
-98.3935,40.0011#46.93#30.47#22.6
-98.336,40.0022#46.93#30.35#22.72
-98.2785,40.0033#46.93#30.22#22.85
-98.221,40.0043#46.93#30.09#22.98
-98.1636,40.0053#46.93#29.97#23.1
-98.1061,40.0064#46.93#29.84#23.23
-98.0486,40.0074#46.93#29.72#23.35
-97.9911,40.0083#46.93#29.59#23.48
-97.9336,40.0093#46.93#29.45#23.62
-97.8761,40.0102#46.93#29.31#23.76
-97.8186,40.0112#46.93#29.16#23.91
-97.7611,40.0121#46.93#29.02#24.05
-97.7037,40.013#46.93#28.88#24.19
-97.6462,40.0138#46.93#28.74#24.33
-97.5887,40.0147#46.93#28.6#24.47
-97.5312,40.0155#46.93#28.46#24.61
-97.4737,40.0163#46.93#28.36#24.71
-97.4162,40.0171#46.93#28.31#24.76
-97.3587,40.0179#46.93#28.25#24.82
-97.3012,40.0187#46.93#28.2#24.87
-97.2437,40.0194#46.93#28.15#24.92
-97.1862,40.0201#46.93#28.09#24.98
-97.1287,40.0208#46.93#28.04#25.03
-97.0712,40.0215#46.93#27.99#25.08
-97.0137,40.0222#46.93#27.94#25.13
-96.9562,40.0228#46.93#27.91#25.16
-96.8987,40.0234#46.93#27.89#25.18
-96.8412,40.024#46.93#27.87#25.2
-96.7837,40.0246#46.93#27.85#25.22
-96.7262,40.0252#46.93#27.83#25.24
-96.6687,40.0257#46.93#27.81#25.26
-96.6111,40.0263#46.93#27.79#25.28
-96.5536,40.0268#46.93#27.77#25.3
-96.4961,40.0273#46.93#27.75#25.32
-96.4386,40.0278#46.93#27.74#25.33
-96.3811,40.0282#46.93#27.74#25.33
-96.3236,40.0287#46.93#27.73#25.34
-96.2661,40.0291#46.93#27.72#25.35
-96.2086,40.0295#46.93#27.72#25.35
-96.1511,40.0299#46.93#27.71#25.36
-96.0936,40.0302#46.93#27.7#25.37
-96.036,40.0306#46.93#27.69#25.38
-95.9785,40.0309#46.93#27.69#25.38
-95.921,40.0312#46.93#27.69#25.38
-95.8635,40.0315#46.93#27.69#25.38
-95.806,40.0318#46.93#27.68#25.39
-95.7485,40.032#46.93#27.68#25.39
-95.691,40.0323#46.93#27.68#25.39
-95.6335,40.0325#46.93#27.68#25.39
-95.5759,40.0327#46.93#27.67#25.4
-95.5184,40.0329#46.93#27.67#25.4
-95.4609,40.033#46.93#27.67#25.4
-95.4034,40.0332#46.93#27.67#25.4
-95.3459,40.0333#46.93#27.67#25.4
-95.2884,40.0334#46.93#27.67#25.4
-95.2309,40.0335#46.93#27.67#25.4
-95.1733,40.0335#46.93#27.67#25.4
-95.1158,40.0336#46.93#27.67#25.4
-95.0583,40.0336#46.93#27.67#25.4
-95.0008,40.0336#46.93#27.67#25.4
-94.9433,40.0336#46.93#27.67#25.4
-94.8858,40.0336#46.93#27.67#25.4
-94.8282,40.0335#46.93#27.67#25.4
-94.7707,40.0335#46.93#27.67#25.4
-94.7132,40.0334#46.93#27.67#25.4
-94.6557,40.0333#46.93#27.67#25.4
-94.5982,40.0332#46.93#27.67#25.4
-94.5407,40.033#46.93#27.67#25.4
-94.4832,40.0329#46.93#27.68#25.39
-94.4256,40.0327#46.93#27.68#25.39
-94.3681,40.0325#46.93#27.68#25.39
-94.3106,40.0323#46.93#27.68#25.39
-94.2531,40.032#46.93#27.68#25.39
-94.1956,40.0318#46.93#27.68#25.39
-94.1381,40.0315#46.93#27.68#25.39
-94.0806,40.0312#46.93#27.68#25.39
-94.0231,40.0309#46.93#27.68#25.39
-93.9655,40.0306#46.93#27.68#25.39
-93.908,40.0302#46.93#27.68#25.39
-93.8505,40.0299#46.93#27.68#25.39
-93.793,40.0295#46.93#27.69#25.38
-93.7355,40.0291#46.93#27.69#25.38
-93.678,40.0287#46.93#27.69#25.38
-93.6205,40.0282#46.93#27.69#25.38
-93.563,40.0278#46.93#27.69#25.38
-93.5055,40.0273#46.93#27.69#25.38
-93.448,40.0268#46.93#27.69#25.38
-93.3904,40.0263#46.92#27.69#25.39
-93.3329,40.0258#46.92#27.69#25.39
-93.2754,40.0252#46.92#27.69#25.39
-93.2179,40.0246#46.91#27.7#25.39
-93.1604,40.0241#46.91#27.7#25.39
-93.1029,40.0234#46.91#27.7#25.39
-93.0454,40.0228#46.91#27.7#25.39
-92.9879,40.0222#46.9#27.7#25.4
-92.9304,40.0215#46.87#27.7#25.43
-92.8729,40.0208#46.85#27.7#25.45
-92.8154,40.0201#46.82#27.7#25.48
-92.7579,40.0194#46.8#27.7#25.5
-92.7004,40.0187#46.77#27.71#25.52
-92.6429,40.0179#46.75#27.71#25.54
-92.5854,40.0171#46.72#27.71#25.57
-92.5279,40.0164#46.7#27.71#25.59
-92.4704,40.0155#46.64#27.71#25.65
-92.4129,40.0147#46.56#27.71#25.73
-92.3554,40.0139#46.47#27.71#25.82
-92.2979,40.013#46.39#27.71#25.9
-92.2404,40.0121#46.3#27.71#25.99
-92.183,40.0112#46.22#27.72#26.06
-92.1255,40.0103#46.14#27.72#26.14
-92.068,40.0093#46.05#27.72#26.23
-92.0105,40.0084#45.97#27.72#26.31
-91.953,40.0074#45.82#27.72#26.46
-91.8955,40.0064#45.66#27.72#26.62
-91.838,40.0054#45.49#27.72#26.79
-91.7805,40.0043#45.33#27.72#26.95
-91.7231,40.0033#45.16#27.73#27.11
-91.6656,40.0022#45#27.73#27.27
-91.6081,40.0011#44.84#27.73#27.43
-91.5506,40#44.67#27.73#27.6
-91.4931,39.9989#44.5#27.73#27.77
-91.4357,39.9977#44.29#27.73#27.98
-91.3782,39.9966#44.09#27.73#28.18
-91.3207,39.9954#43.88#27.73#28.39
-91.2633,39.9942#43.67#27.74#28.59
-91.2058,39.9929#43.46#27.74#28.8
-91.1483,39.9917#43.25#27.74#29.01
-91.0908,39.9904#43.04#27.74#29.22
-91.0334,39.9892#42.83#27.74#29.43
-90.9759,39.9879#42.6#27.74#29.66
-90.9184,39.9865#42.36#27.74#29.9
-90.861,39.9852#42.11#27.74#30.15
-90.8035,39.9839#41.87#27.75#30.38
-90.7461,39.9825#41.62#27.75#30.63
-90.6886,39.9811#41.38#27.75#30.87
-90.6312,39.9797#41.13#27.75#31.12
-90.5737,39.9783#40.89#27.75#31.36
-90.5162,39.9768#40.64#27.75#31.61
-90.4588,39.9753#40.4#27.75#31.85
-90.4013,39.9739#40.15#27.75#32.1
-90.3439,39.9724#39.9#27.76#32.34
-90.2864,39.9708#39.65#27.76#32.59
-90.229,39.9693#39.4#27.76#32.84
-90.1716,39.9677#39.15#27.76#33.09
-90.1141,39.9662#38.9#27.76#33.34
-90.0567,39.9646#38.64#27.76#33.6
-89.9992,39.9629#38.39#27.76#33.85
-89.9418,39.9613#38.16#27.76#34.08
-89.8844,39.9597#37.92#27.77#34.31
-89.8269,39.958#37.68#27.77#34.55
-89.7695,39.9563#37.45#27.77#34.78
-89.7121,39.9546#37.21#27.77#35.02
-89.6547,39.9529#36.97#27.77#35.26
-89.5972,39.9511#36.74#27.77#35.49
-89.5398,39.9493#36.5#27.77#35.73
-89.4824,39.9476#36.26#27.77#35.97
-89.425,39.9458#36.03#27.78#36.19
-89.3675,39.9439#35.79#27.78#36.43
-89.3101,39.9421#35.55#27.78#36.67
-89.2527,39.9402#35.32#27.78#36.9
-89.1953,39.9384#35.08#27.78#37.14
-89.1379,39.9365#34.84#27.78#37.38
-89.0805,39.9346#34.61#27.78#37.61
-89.0231,39.9326#34.37#27.79#37.84
-88.9657,39.9307#34.13#27.79#38.08
-88.9083,39.9287#33.9#27.79#38.31
-88.8509,39.9267#33.66#27.79#38.55
-88.7935,39.9247#33.42#27.79#38.79
-88.7361,39.9227#33.18#27.79#39.03
-88.6787,39.9206#32.94#27.79#39.27
-88.6213,39.9186#32.71#27.79#39.5
-88.5639,39.9165#32.47#27.79#39.74
-88.5065,39.9144#32.23#27.79#39.98
-88.4492,39.9123#31.99#27.8#40.21
-88.3918,39.9101#31.76#27.8#40.44
-88.3344,39.908#31.52#27.8#40.68
-88.277,39.9058#31.28#27.8#40.92
-88.2197,39.9036#31.05#27.8#41.15
-88.1623,39.9014#30.81#27.8#41.39
-102.875,39.9023#46.93#27.68#25.39
-102.818,39.9049#46.93#27.68#25.39
-102.76,39.9074#46.93#27.68#25.39
-102.703,39.9099#46.93#27.68#25.39
-102.645,39.9124#46.93#27.69#25.38
-102.588,39.9149#46.93#27.69#25.38
-102.531,39.9174#46.93#27.69#25.38
-102.473,39.9198#46.93#27.7#25.37
-102.416,39.9222#46.93#27.7#25.37
-102.359,39.9246#46.93#27.7#25.37
-102.301,39.927#46.93#27.71#25.36
-102.244,39.9293#46.93#27.71#25.36
-102.187,39.9317#46.93#27.72#25.35
-102.129,39.934#46.93#27.72#25.35
-102.072,39.9363#46.93#27.73#25.34
-102.014,39.9386#46.93#27.74#25.33
-101.957,39.9409#46.93#27.76#25.31
-101.9,39.9431#46.93#27.78#25.29
-101.842,39.9454#46.93#27.8#25.27
-101.785,39.9476#46.93#27.83#25.24
-101.727,39.9498#46.93#27.85#25.22
-101.67,39.9519#46.93#27.88#25.19
-101.613,39.9541#46.93#27.91#25.16
-101.555,39.9562#46.93#27.93#25.14
-101.498,39.9584#46.93#27.96#25.11
-101.44,39.9605#46.93#28#25.07
-101.383,39.9625#46.93#28.05#25.02
-101.326,39.9646#46.93#28.1#24.97
-101.268,39.9667#46.93#28.14#24.93
-101.211,39.9687#46.93#28.19#24.88
-101.153,39.9707#46.93#28.24#24.83
-101.096,39.9727#46.93#28.28#24.79
-101.038,39.9747#46.93#28.33#24.74
-100.981,39.9766#46.93#28.37#24.7
-100.924,39.9785#46.93#28.42#24.65
-100.866,39.9805#46.93#28.46#24.61
-100.809,39.9823#46.93#28.5#24.57
-100.751,39.9842#46.93#28.54#24.53
-100.694,39.9861#46.93#28.58#24.49
-100.636,39.9879#46.93#28.62#24.45
-100.579,39.9897#46.93#28.66#24.41
-100.522,39.9915#46.93#28.7#24.37
-100.464,39.9933#46.93#28.73#24.34
-100.407,39.9951#46.93#28.75#24.32
-100.349,39.9968#46.93#28.76#24.31
-100.292,39.9986#46.93#28.78#24.29
-100.234,40.0003#46.93#28.8#24.27
-100.177,40.002#46.93#28.81#24.26
-100.119,40.0036#46.93#28.83#24.24
-100.062,40.0053#46.93#28.85#24.22
-100.004,40.0069#46.93#28.86#24.21
-99.947,40.0085#46.93#28.95#24.12
-99.8895,40.0101#46.93#29.04#24.03
-99.8321,40.0117#46.93#29.13#23.94
-99.7746,40.0133#46.93#29.21#23.86
-99.7171,40.0148#46.93#29.3#23.77
-99.6597,40.0163#46.93#29.39#23.68
-99.6022,40.0179#46.93#29.48#23.59
-99.5447,40.0193#46.93#29.57#23.5
-99.4872,40.0208#46.93#29.66#23.41
-99.4298,40.0223#46.93#29.75#23.32
-99.3723,40.0237#46.93#29.83#23.24
-99.3148,40.0251#46.93#29.92#23.15
-99.2573,40.0265#46.93#30.01#23.06
-99.1998,40.0279#46.93#30.1#22.97
-99.1424,40.0292#46.93#30.18#22.89
-99.0849,40.0306#46.93#30.27#22.8
-99.0274,40.0319#46.93#30.36#22.71
-98.9699,40.0332#46.93#30.42#22.65
-98.9124,40.0344#46.93#30.46#22.61
-98.8549,40.0357#46.93#30.49#22.58
-98.7974,40.037#46.93#30.53#22.54
-98.7399,40.0382#46.93#30.56#22.51
-98.6824,40.0394#46.93#30.59#22.48
-98.6249,40.0406#46.93#30.63#22.44
-98.5674,40.0417#46.93#30.66#22.41
-98.5099,40.0429#46.93#30.7#22.37
-98.4524,40.044#46.93#30.6#22.47
-98.3949,40.0451#46.93#30.47#22.6
-98.3374,40.0462#46.93#30.35#22.72
-98.2799,40.0473#46.93#30.22#22.85
-98.2224,40.0483#46.93#30.1#22.97
-98.1649,40.0494#46.93#29.97#23.1
-98.1074,40.0504#46.93#29.84#23.23
-98.0499,40.0514#46.93#29.72#23.35
-97.9924,40.0524#46.93#29.59#23.48
-97.9349,40.0533#46.93#29.45#23.62
-97.8773,40.0543#46.93#29.31#23.76
-97.8198,40.0552#46.93#29.17#23.9
-97.7623,40.0561#46.93#29.03#24.04
-97.7048,40.057#46.93#28.89#24.18
-97.6473,40.0579#46.93#28.74#24.33
-97.5898,40.0587#46.93#28.6#24.47
-97.5322,40.0596#46.93#28.46#24.61
-97.4747,40.0604#46.93#28.36#24.71
-97.4172,40.0612#46.93#28.31#24.76
-97.3597,40.0619#46.93#28.25#24.82
-97.3022,40.0627#46.93#28.2#24.87
-97.2446,40.0634#46.93#28.15#24.92
-97.1871,40.0642#46.93#28.1#24.97
-97.1296,40.0649#46.93#28.04#25.03
-97.0721,40.0655#46.93#27.99#25.08
-97.0145,40.0662#46.93#27.94#25.13
-96.957,40.0669#46.93#27.91#25.16
-96.8995,40.0675#46.93#27.89#25.18
-96.8419,40.0681#46.93#27.87#25.2
-96.7844,40.0687#46.93#27.85#25.22
-96.7269,40.0692#46.93#27.83#25.24
-96.6694,40.0698#46.93#27.81#25.26
-96.6118,40.0703#46.93#27.79#25.28
-96.5543,40.0708#46.93#27.77#25.3
-96.4968,40.0713#46.93#27.75#25.32
-96.4392,40.0718#46.93#27.74#25.33
-96.3817,40.0723#46.93#27.74#25.33
-96.3242,40.0727#46.93#27.73#25.34
-96.2666,40.0731#46.93#27.72#25.35
-96.2091,40.0735#46.93#27.71#25.36
-96.1516,40.0739#46.93#27.71#25.36
-96.094,40.0743#46.93#27.7#25.37
-96.0365,40.0746#46.93#27.69#25.38
-95.979,40.075#46.93#27.69#25.38
-95.9214,40.0753#46.93#27.69#25.38
-95.8639,40.0756#46.93#27.68#25.39
-95.8063,40.0758#46.93#27.68#25.39
-95.7488,40.0761#46.93#27.68#25.39
-95.6913,40.0763#46.93#27.68#25.39
-95.6337,40.0765#46.93#27.68#25.39
-95.5762,40.0767#46.93#27.67#25.4
-95.5186,40.0769#46.93#27.67#25.4
-95.4611,40.0771#46.93#27.67#25.4
-95.4036,40.0772#46.93#27.67#25.4
-95.346,40.0773#46.93#27.67#25.4
-95.2885,40.0774#46.93#27.67#25.4
-95.231,40.0775#46.93#27.67#25.4
-95.1734,40.0776#46.93#27.67#25.4
-95.1159,40.0776#46.93#27.67#25.4
-95.0583,40.0777#46.93#27.67#25.4
-95.0008,40.0777#46.93#27.67#25.4
-94.9433,40.0777#46.93#27.67#25.4
-94.8857,40.0776#46.93#27.67#25.4
-94.8282,40.0776#46.93#27.67#25.4
-94.7706,40.0775#46.93#27.67#25.4
-94.7131,40.0774#46.93#27.67#25.4
-94.6556,40.0773#46.93#27.67#25.4
-94.598,40.0772#46.93#27.67#25.4
-94.5405,40.0771#46.93#27.67#25.4
-94.4829,40.0769#46.93#27.67#25.4
-94.4254,40.0767#46.93#27.68#25.39
-94.3679,40.0765#46.93#27.68#25.39
-94.3103,40.0763#46.93#27.68#25.39
-94.2528,40.0761#46.93#27.68#25.39
-94.1952,40.0758#46.93#27.68#25.39
-94.1377,40.0756#46.93#27.68#25.39
-94.0802,40.0753#46.93#27.68#25.39
-94.0226,40.075#46.93#27.68#25.39
-93.9651,40.0746#46.93#27.68#25.39
-93.9076,40.0743#46.93#27.68#25.39
-93.85,40.0739#46.93#27.68#25.39
-93.7925,40.0735#46.93#27.69#25.38
-93.735,40.0731#46.93#27.69#25.38
-93.6774,40.0727#46.93#27.69#25.38
-93.6199,40.0723#46.93#27.69#25.38
-93.5624,40.0718#46.93#27.69#25.38
-93.5048,40.0714#46.93#27.69#25.38
-93.4473,40.0709#46.93#27.69#25.38
-93.3898,40.0703#46.92#27.69#25.39
-93.3322,40.0698#46.92#27.69#25.39
-93.2747,40.0693#46.92#27.69#25.39
-93.2172,40.0687#46.91#27.7#25.39
-93.1596,40.0681#46.91#27.7#25.39
-93.1021,40.0675#46.91#27.7#25.39
-93.0446,40.0669#46.9#27.7#25.4
-92.9871,40.0662#46.89#27.7#25.41
-92.9295,40.0656#46.87#27.7#25.43
-92.872,40.0649#46.84#27.7#25.46
-92.8145,40.0642#46.81#27.7#25.49
-92.757,40.0635#46.79#27.7#25.51
-92.6994,40.0627#46.76#27.7#25.54
-92.6419,40.062#46.73#27.71#25.56
-92.5844,40.0612#46.71#27.71#25.58
-92.5269,40.0604#46.68#27.71#25.61
-92.4693,40.0596#46.62#27.71#25.67
-92.4118,40.0588#46.54#27.71#25.75
-92.3543,40.0579#46.45#27.71#25.84
-92.2968,40.057#46.36#27.71#25.93
-92.2393,40.0561#46.28#27.71#26.01
-92.1818,40.0552#46.19#27.72#26.09
-92.1242,40.0543#46.1#27.72#26.18
-92.0667,40.0534#46.02#27.72#26.26
-92.0092,40.0524#45.93#27.72#26.35
-91.9517,40.0514#45.78#27.72#26.5
-91.8942,40.0504#45.61#27.72#26.67
-91.8367,40.0494#45.45#27.72#26.83
-91.7792,40.0484#45.28#27.72#27
-91.7217,40.0473#45.12#27.72#27.16
-91.6642,40.0462#44.95#27.73#27.32
-91.6067,40.0452#44.79#27.73#27.48
-91.5492,40.044#44.62#27.73#27.65
-91.4917,40.0429#44.45#27.73#27.82
-91.4342,40.0418#44.24#27.73#28.03
-91.3767,40.0406#44.03#27.73#28.24
-91.3192,40.0394#43.82#27.73#28.45
-91.2617,40.0382#43.62#27.73#28.65
-91.2042,40.037#43.41#27.74#28.85
-91.1467,40.0357#43.2#27.74#29.06
-91.0892,40.0345#42.99#27.74#29.27
-91.0317,40.0332#42.78#27.74#29.48
-90.9742,40.0319#42.55#27.74#29.71
-90.9167,40.0306#42.31#27.74#29.95
-90.8592,40.0293#42.06#27.74#30.2
-90.8017,40.0279#41.81#27.74#30.45
-90.7443,40.0265#41.56#27.75#30.69
-90.6868,40.0251#41.31#27.75#30.94
-90.6293,40.0237#41.06#27.75#31.19
-90.5718,40.0223#40.81#27.75#31.44
-90.5143,40.0208#40.57#27.75#31.68
-90.4569,40.0194#40.32#27.75#31.93
-90.3994,40.0179#40.07#27.75#32.18
-90.3419,40.0164#39.82#27.75#32.43
-90.2844,40.0149#39.58#27.76#32.66
-90.227,40.0133#39.33#27.76#32.91
-90.1695,40.0118#39.08#27.76#33.16
-90.112,40.0102#38.83#27.76#33.41
-90.0546,40.0086#38.58#27.76#33.66
-89.9971,40.007#38.34#27.76#33.9
-89.9397,40.0053#38.1#27.76#34.14
-89.8822,40.0037#37.86#27.76#34.38
-89.8247,40.002#37.63#27.77#34.6
-89.7673,40.0003#37.39#27.77#34.84
-89.7098,39.9986#37.16#27.77#35.07
-89.6524,39.9969#36.92#27.77#35.31
-89.5949,39.9951#36.68#27.77#35.55
-89.5375,39.9934#36.45#27.77#35.78
-89.48,39.9916#36.21#27.77#36.02
-89.4226,39.9898#35.98#27.77#36.25
-89.3652,39.988#35.74#27.78#36.48
-89.3077,39.9861#35.5#27.78#36.72
-89.2503,39.9843#35.27#27.78#36.95
-89.1928,39.9824#35.03#27.78#37.19
-89.1354,39.9805#34.8#27.78#37.42
-89.078,39.9786#34.56#27.78#37.66
-89.0206,39.9767#34.32#27.78#37.9
-88.9631,39.9747#34.09#27.79#38.12
-88.9057,39.9727#33.85#27.79#38.36
-88.8483,39.9707#33.61#27.79#38.6
-88.7909,39.9687#33.37#27.79#38.84
-88.7334,39.9667#33.14#27.79#39.07
-88.676,39.9647#32.9#27.79#39.31
-88.6186,39.9626#32.66#27.79#39.55
-88.5612,39.9605#32.42#27.79#39.79
-88.5038,39.9584#32.18#27.79#40.03
-88.4464,39.9563#31.95#27.79#40.26
-88.389,39.9542#31.71#27.79#40.5
-88.3316,39.952#31.47#27.8#40.73
-88.2742,39.9498#31.24#27.8#40.96
-88.2168,39.9476#31#27.8#41.2
-88.1594,39.9454#30.77#27.8#41.43
-88.102,39.9432#30.53#27.8#41.67
-88.0446,39.9409#30.29#27.8#41.91
-87.9872,39.9387#30.07#27.8#42.13
-87.9298,39.9364#29.88#27.8#42.32
-87.8725,39.9341#29.69#27.8#42.51
-87.8151,39.9318#29.51#27.8#42.69
-87.7577,39.9294#29.32#27.8#42.88
-87.7003,39.9271#29.13#27.8#43.07
-87.643,39.9247#28.95#27.8#43.25
-87.5856,39.9223#28.76#27.8#43.44
-87.5282,39.9199#28.58#27.8#43.62
-87.4709,39.9174#28.44#27.8#43.76
-87.4135,39.915#28.37#27.8#43.83
-87.3561,39.9125#28.29#27.8#43.91
-87.2988,39.91#28.21#27.8#43.99
-87.2414,39.9075#28.13#27.79#44.08
-87.1841,39.905#28.05#27.79#44.16
-87.1267,39.9024#27.97#27.79#44.24
-103.853,39.9001#46.93#27.48#25.59
-103.796,39.903#46.93#27.5#25.57
-103.738,39.9059#46.93#27.52#25.55
-103.681,39.9087#46.93#27.54#25.53
-103.624,39.9115#46.93#27.56#25.51
-103.566,39.9143#46.93#27.58#25.49
-103.509,39.9171#46.93#27.6#25.47
-103.452,39.9198#46.93#27.61#25.46
-103.394,39.9226#46.93#27.62#25.45
-103.337,39.9253#46.93#27.63#25.44
-103.28,39.928#46.93#27.64#25.43
-103.222,39.9307#46.93#27.65#25.42
-103.165,39.9333#46.93#27.66#25.41
-103.108,39.936#46.93#27.66#25.41
-103.05,39.9386#46.93#27.67#25.4
-102.993,39.9412#46.93#27.68#25.39
-102.936,39.9438#46.93#27.68#25.39
-102.878,39.9463#46.93#27.69#25.38
-102.821,39.9489#46.93#27.69#25.38
-102.763,39.9514#46.93#27.69#25.38
-102.706,39.9539#46.93#27.69#25.38
-102.649,39.9564#46.93#27.69#25.38
-102.591,39.9589#46.93#27.7#25.37
-102.534,39.9614#46.93#27.7#25.37
-102.477,39.9638#46.93#27.7#25.37
-102.419,39.9662#46.93#27.71#25.36
-102.362,39.9686#46.93#27.71#25.36
-102.304,39.971#46.93#27.72#25.35
-102.247,39.9734#46.93#27.73#25.34
-102.19,39.9757#46.93#27.73#25.34
-102.132,39.978#46.93#27.74#25.33
-102.075,39.9803#46.93#27.75#25.32
-102.017,39.9826#46.93#27.75#25.32
-101.96,39.9849#46.93#27.77#25.3
-101.903,39.9871#46.93#27.8#25.27
-101.845,39.9894#46.93#27.83#25.24
-101.788,39.9916#46.93#27.85#25.22
-101.73,39.9938#46.93#27.88#25.19
-101.673,39.996#46.93#27.91#25.16
-101.615,39.9981#46.93#27.94#25.13
-101.558,40.0003#46.93#27.96#25.11
-101.501,40.0024#46.93#27.99#25.08
-101.443,40.0045#46.93#28.04#25.03
-101.386,40.0066#46.93#28.08#24.99
-101.328,40.0086#46.93#28.13#24.94
-101.271,40.0107#46.93#28.18#24.89
-101.213,40.0127#46.93#28.23#24.84
-101.156,40.0147#46.93#28.27#24.8
-101.098,40.0167#46.93#28.32#24.75
-101.041,40.0187#46.93#28.37#24.7
-100.984,40.0206#46.93#28.41#24.66
-100.926,40.0226#46.93#28.45#24.62
-100.869,40.0245#46.93#28.49#24.58
-100.811,40.0264#46.93#28.53#24.54
-100.754,40.0282#46.93#28.57#24.5
-100.696,40.0301#46.93#28.6#24.47
-100.639,40.0319#46.93#28.64#24.43
-100.581,40.0338#46.93#28.68#24.39
-100.524,40.0356#46.93#28.72#24.35
-100.466,40.0374#46.93#28.74#24.33
-100.409,40.0391#46.93#28.76#24.31
-100.351,40.0409#46.93#28.77#24.3
-100.294,40.0426#46.93#28.79#24.28
-100.237,40.0443#46.93#28.81#24.26
-100.179,40.046#46.93#28.82#24.25
-100.122,40.0477#46.93#28.84#24.23
-100.064,40.0493#46.93#28.86#24.21
-100.007,40.051#46.93#28.87#24.2
-99.9491,40.0526#46.93#28.95#24.12
-99.8916,40.0542#46.93#29.04#24.03
-99.8341,40.0558#46.93#29.13#23.94
-99.7766,40.0573#46.93#29.22#23.85
-99.7191,40.0589#46.93#29.31#23.76
-99.6616,40.0604#46.93#29.39#23.68
-99.6041,40.0619#46.93#29.48#23.59
-99.5467,40.0634#46.93#29.57#23.5
-99.4892,40.0648#46.93#29.66#23.41
-99.4316,40.0663#46.93#29.75#23.32
-99.3741,40.0677#46.93#29.83#23.24
-99.3166,40.0691#46.93#29.92#23.15
-99.2591,40.0705#46.93#30.01#23.06
-99.2016,40.0719#46.93#30.1#22.97
-99.1441,40.0732#46.93#30.18#22.89
-99.0866,40.0746#46.93#30.27#22.8
-99.0291,40.0759#46.93#30.36#22.71
-98.9716,40.0772#46.93#30.42#22.65
-98.9141,40.0785#46.93#30.46#22.61
-98.8565,40.0797#46.93#30.49#22.58
-98.799,40.081#46.93#30.53#22.54
-98.7415,40.0822#46.93#30.56#22.51
-98.684,40.0834#46.93#30.59#22.48
-98.6265,40.0846#46.93#30.63#22.44
-98.5689,40.0858#46.93#30.66#22.41
-98.5114,40.0869#46.93#30.7#22.37
-98.4539,40.088#46.93#30.6#22.47
-98.3964,40.0892#46.93#30.48#22.59
-98.3388,40.0903#46.93#30.35#22.72
-98.2813,40.0913#46.93#30.23#22.84
-98.2238,40.0924#46.93#30.1#22.97
-98.1662,40.0934#46.93#29.97#23.1
-98.1087,40.0944#46.93#29.85#23.22
-98.0512,40.0954#46.93#29.72#23.35
-97.9936,40.0964#46.93#29.59#23.48
-97.9361,40.0974#46.93#29.45#23.62
-97.8786,40.0983#46.93#29.31#23.76
-97.821,40.0993#46.93#29.17#23.9
-97.7635,40.1002#46.93#29.03#24.04
-97.7059,40.101#46.93#28.89#24.18
-97.6484,40.1019#46.93#28.75#24.32
-97.5909,40.1028#46.93#28.61#24.46
-97.5333,40.1036#46.93#28.46#24.61
-97.4758,40.1044#46.93#28.36#24.71
-97.4182,40.1052#46.93#28.31#24.76
-97.3607,40.106#46.93#28.25#24.82
-97.3031,40.1067#46.93#28.2#24.87
-97.2456,40.1075#46.93#28.15#24.92
-97.188,40.1082#46.93#28.1#24.97
-97.1305,40.1089#46.93#28.04#25.03
-97.0729,40.1096#46.93#27.99#25.08
-97.0154,40.1102#46.93#27.94#25.13
-96.9578,40.1109#46.93#27.91#25.16
-96.9003,40.1115#46.93#27.89#25.18
-96.8427,40.1121#46.93#27.87#25.2
-96.7852,40.1127#46.93#27.85#25.22
-96.7276,40.1133#46.93#27.83#25.24
-96.6701,40.1138#46.93#27.81#25.26
-96.6125,40.1144#46.93#27.79#25.28
-96.555,40.1149#46.93#27.77#25.3
-96.4974,40.1154#46.93#27.75#25.32
-96.4398,40.1159#46.93#27.74#25.33
-96.3823,40.1163#46.93#27.74#25.33
-96.3247,40.1168#46.93#27.73#25.34
-96.2672,40.1172#46.93#27.72#25.35
-96.2096,40.1176#46.93#27.71#25.36
-96.152,40.118#46.93#27.71#25.36
-96.0945,40.1183#46.93#27.7#25.37
-96.0369,40.1187#46.93#27.69#25.38
-95.9794,40.119#46.93#27.69#25.38
-95.9218,40.1193#46.93#27.69#25.38
-95.8642,40.1196#46.93#27.68#25.39
-95.8067,40.1199#46.93#27.68#25.39
-95.7491,40.1201#46.93#27.68#25.39
-95.6916,40.1204#46.93#27.68#25.39
-95.634,40.1206#46.93#27.68#25.39
-95.5764,40.1208#46.93#27.67#25.4
-95.5189,40.1209#46.93#27.67#25.4
-95.4613,40.1211#46.93#27.67#25.4
-95.4037,40.1212#46.93#27.67#25.4
-95.3462,40.1214#46.93#27.67#25.4
-95.2886,40.1215#46.93#27.67#25.4
-95.2311,40.1216#46.93#27.67#25.4
-95.1735,40.1216#46.93#27.67#25.4
-95.1159,40.1217#46.93#27.67#25.4
-95.0584,40.1217#46.93#27.67#25.4
-95.0008,40.1217#46.93#27.67#25.4
-94.9432,40.1217#46.93#27.67#25.4
-94.8857,40.1217#46.93#27.67#25.4
-94.8281,40.1216#46.93#27.67#25.4
-94.7705,40.1216#46.93#27.67#25.4
-94.713,40.1215#46.93#27.67#25.4
-94.6554,40.1214#46.93#27.67#25.4
-94.5978,40.1212#46.93#27.67#25.4
-94.5403,40.1211#46.93#27.67#25.4
-94.4827,40.1209#46.93#27.67#25.4
-94.4252,40.1208#46.93#27.67#25.4
-94.3676,40.1206#46.93#27.68#25.39
-94.31,40.1204#46.93#27.68#25.39
-94.2525,40.1201#46.93#27.68#25.39
-94.1949,40.1199#46.93#27.68#25.39
-94.1373,40.1196#46.93#27.68#25.39
-94.0798,40.1193#46.93#27.68#25.39
-94.0222,40.119#46.93#27.68#25.39
-93.9647,40.1187#46.93#27.68#25.39
-93.9071,40.1183#46.93#27.68#25.39
-93.8495,40.118#46.93#27.68#25.39
-93.792,40.1176#46.93#27.68#25.39
-93.7344,40.1172#46.93#27.69#25.38
-93.6769,40.1168#46.93#27.69#25.38
-93.6193,40.1163#46.93#27.69#25.38
-93.5617,40.1159#46.93#27.69#25.38
-93.5042,40.1154#46.93#27.69#25.38
-93.4466,40.1149#46.93#27.69#25.38
-93.3891,40.1144#46.92#27.69#25.39
-93.3315,40.1138#46.92#27.69#25.39
-93.274,40.1133#46.92#27.69#25.39
-93.2164,40.1127#46.91#27.69#25.4
-93.1589,40.1121#46.91#27.7#25.39
-93.1013,40.1115#46.9#27.7#25.4
-93.0438,40.1109#46.9#27.7#25.4
-92.9862,40.1103#46.89#27.7#25.41
-92.9287,40.1096#46.86#27.7#25.44
-92.8711,40.1089#46.83#27.7#25.47
-92.8136,40.1082#46.81#27.7#25.49
-92.756,40.1075#46.78#27.7#25.52
-92.6985,40.1068#46.75#27.7#25.55
-92.6409,40.106#46.72#27.71#25.57
-92.5834,40.1052#46.69#27.71#25.6
-92.5258,40.1044#46.67#27.71#25.62
-92.4683,40.1036#46.6#27.71#25.69
-92.4107,40.1028#46.52#27.71#25.77
-92.3532,40.1019#46.43#27.71#25.86
-92.2956,40.1011#46.34#27.71#25.95
-92.2381,40.1002#46.25#27.71#26.04
-92.1806,40.0993#46.16#27.71#26.13
-92.123,40.0984#46.07#27.72#26.21
-92.0655,40.0974#45.98#27.72#26.3
-92.0079,40.0964#45.9#27.72#26.38
-91.9504,40.0955#45.74#27.72#26.54
-91.8929,40.0945#45.57#27.72#26.71
-91.8353,40.0934#45.4#27.72#26.88
-91.7778,40.0924#45.24#27.72#27.04
-91.7203,40.0914#45.07#27.72#27.21
-91.6628,40.0903#44.9#27.73#27.37
-91.6052,40.0892#44.74#27.73#27.53
-91.5477,40.0881#44.57#27.73#27.7
-91.4902,40.0869#44.39#27.73#27.88
-91.4326,40.0858#44.19#27.73#28.08
-91.3751,40.0846#43.98#27.73#28.29
-91.3176,40.0834#43.77#27.73#28.5
-91.2601,40.0822#43.57#27.73#28.7
-91.2026,40.081#43.36#27.74#28.9
-91.145,40.0798#43.15#27.74#29.11
-91.0875,40.0785#42.94#27.74#29.32
-91.03,40.0772#42.74#27.74#29.52
-90.9725,40.0759#42.51#27.74#29.75
-90.915,40.0746#42.25#27.74#30.01
-90.8575,40.0733#42#27.74#30.26
-90.8,40.0719#41.75#27.74#30.51
-90.7425,40.0706#41.49#27.74#30.77
-90.6849,40.0692#41.24#27.75#31.01
-90.6274,40.0678#40.99#27.75#31.26
-90.5699,40.0663#40.74#27.75#31.51
-90.5124,40.0649#40.49#27.75#31.76
-90.4549,40.0634#40.24#27.75#32.01
-90.3974,40.0619#40#27.75#32.25
-90.3399,40.0604#39.75#27.75#32.5
-90.2824,40.0589#39.5#27.75#32.75
-90.225,40.0574#39.26#27.76#32.98
-90.1675,40.0558#39.01#27.76#33.23
-90.11,40.0542#38.77#27.76#33.47
-90.0525,40.0526#38.52#27.76#33.72
-89.995,40.051#38.28#27.76#33.96
-89.9375,40.0494#38.04#27.76#34.2
-89.88,40.0477#37.81#27.76#34.43
-89.8225,40.046#37.57#27.76#34.67
-89.7651,40.0444#37.34#27.77#34.89
-89.7076,40.0426#37.1#27.77#35.13
-89.6501,40.0409#36.87#27.77#35.36
-89.5926,40.0392#36.63#27.77#35.6
-89.5352,40.0374#36.4#27.77#35.83
-89.4777,40.0356#36.16#27.77#36.07
-89.4202,40.0338#35.93#27.77#36.3
-89.3628,40.032#35.69#27.78#36.53
-89.3053,40.0302#35.45#27.78#36.77
-89.2478,40.0283#35.22#27.78#37
-89.1904,40.0264#34.98#27.78#37.24
-89.1329,40.0245#34.75#27.78#37.47
-89.0755,40.0226#34.51#27.78#37.71
-89.018,40.0207#34.27#27.78#37.95
-88.9606,40.0187#34.04#27.78#38.18
-88.9031,40.0168#33.8#27.79#38.41
-88.8457,40.0148#33.56#27.79#38.65
-88.7882,40.0128#33.33#27.79#38.88
-88.7308,40.0107#33.09#27.79#39.12
-88.6733,40.0087#32.85#27.79#39.36
-88.6159,40.0066#32.61#27.79#39.6
-88.5585,40.0045#32.38#27.79#39.83
-88.501,40.0024#32.14#27.79#40.07
-88.4436,40.0003#31.9#27.79#40.31
-88.3862,39.9982#31.67#27.79#40.54
-88.3288,39.996#31.43#27.79#40.78
-88.2713,39.9938#31.19#27.79#41.02
-88.2139,39.9917#30.96#27.8#41.24
-88.1565,39.9894#30.72#27.8#41.48
-88.0991,39.9872#30.48#27.8#41.72
-88.0417,39.985#30.25#27.8#41.95
-87.9842,39.9827#30.02#27.8#42.18
-87.9268,39.9804#29.83#27.8#42.37
-87.8694,39.9781#29.64#27.8#42.56
-87.812,39.9758#29.45#27.8#42.75
-87.7546,39.9734#29.26#27.8#42.94
-87.6972,39.9711#29.08#27.8#43.12
-87.6398,39.9687#28.89#27.8#43.31
-87.5824,39.9663#28.7#27.8#43.5
-87.5251,39.9639#28.51#27.8#43.69
-87.4677,39.9614#28.38#27.8#43.82
-87.4103,39.959#28.31#27.8#43.89
