-98.0165,36.9007#46.93#29.24#23.83
-97.9607,36.9017#46.93#29.16#23.91
-97.9048,36.9027#46.93#29.07#24
-97.849,36.9036#46.93#28.98#24.09
-97.7932,36.9045#46.93#28.89#24.18
-97.7373,36.9055#46.93#28.79#24.28
-97.6815,36.9064#46.93#28.7#24.37
-97.6257,36.9072#46.93#28.61#24.46
-97.5698,36.9081#46.93#28.52#24.55
-97.514,36.9089#46.93#28.43#24.64
-97.4582,36.9097#46.93#28.38#24.69
-97.4023,36.9105#46.93#28.35#24.72
-97.3465,36.9113#46.93#28.31#24.76
-97.2906,36.9121#46.93#28.28#24.79
-97.2348,36.9128#46.93#28.25#24.82
-97.179,36.9136#46.93#28.21#24.86
-97.1231,36.9143#46.93#28.18#24.89
-97.0673,36.915#46.93#28.14#24.93
-97.0114,36.9156#46.93#28.11#24.96
-96.9556,36.9163#46.93#28.09#24.98
-96.8997,36.9169#46.93#28.08#24.99
-96.8439,36.9175#46.93#28.07#25
-96.7881,36.9181#46.93#28.06#25.01
-96.7322,36.9187#46.93#28.05#25.02
-96.6764,36.9193#46.93#28.04#25.03
-96.6205,36.9198#46.93#28.03#25.04
-96.5647,36.9203#46.93#28.02#25.05
-96.5088,36.9208#46.93#28.01#25.06
-96.453,36.9213#46.93#28.01#25.06
-96.3971,36.9218#46.93#28#25.07
-96.3413,36.9223#46.93#28#25.07
-96.2854,36.9227#46.93#28#25.07
-96.2296,36.9231#46.93#28#25.07
-96.1737,36.9235#46.93#27.99#25.08
-96.1179,36.9239#46.93#27.99#25.08
-96.062,36.9242#46.93#27.99#25.08
-96.0062,36.9246#46.93#27.98#25.09
-95.9503,36.9249#46.93#27.98#25.09
-95.8945,36.9252#46.93#27.98#25.09
-95.8386,36.9255#46.93#27.98#25.09
-95.7827,36.9257#46.93#27.98#25.09
-95.7269,36.926#46.93#27.98#25.09
-95.671,36.9262#46.93#27.98#25.09
-95.6152,36.9264#46.93#27.98#25.09
-95.5593,36.9266#46.93#27.98#25.09
-95.5035,36.9268#46.93#27.98#25.09
-95.4476,36.927#46.93#27.98#25.09
-95.3918,36.9271#46.93#27.98#25.09
-95.3359,36.9272#46.93#27.98#25.09
-95.2801,36.9273#46.93#27.98#25.09
-95.2242,36.9274#46.93#27.98#25.09
-95.1683,36.9275#46.93#27.98#25.09
-95.1125,36.9275#46.93#27.98#25.09
-95.0566,36.9275#46.93#27.98#25.09
-95.0008,36.9276#46.93#27.98#25.09
-94.9449,36.9275#46.93#27.99#25.08
-94.8891,36.9275#46.93#27.99#25.08
-94.8332,36.9275#46.93#27.99#25.08
-94.7773,36.9274#46.93#27.99#25.08
-94.7215,36.9273#46.93#27.99#25.08
-94.6656,36.9272#46.93#27.99#25.08
-94.6098,36.9271#46.93#27.99#25.08
-94.5539,36.927#46.93#27.99#25.08
-94.4981,36.9268#46.92#27.99#25.09
-94.4422,36.9266#46.92#27.99#25.09
-94.3864,36.9264#46.92#27.99#25.09
-94.3305,36.9262#46.92#27.99#25.09
-94.2747,36.926#46.92#27.99#25.09
-94.2188,36.9258#46.91#27.99#25.1
-94.1629,36.9255#46.91#27.99#25.1
-94.1071,36.9252#46.91#28#25.09
-94.0512,36.9249#46.91#28#25.09
-93.9954,36.9246#46.91#28#25.09
-93.9395,36.9242#46.9#28#25.1
-93.8837,36.9239#46.89#28#25.11
-93.8278,36.9235#46.88#28#25.12
-93.772,36.9231#46.87#28#25.13
-93.7161,36.9227#46.86#28#25.14
-93.6603,36.9223#46.85#28#25.15
-93.6044,36.9218#46.84#28#25.16
-93.5486,36.9213#46.83#28#25.17
-93.4927,36.9209#46.81#28#25.19
-93.4369,36.9204#46.79#28.01#25.2
-93.381,36.9198#46.77#28.01#25.22
-93.3252,36.9193#46.75#28.01#25.24
-93.2693,36.9187#46.73#28.01#25.26
-93.2135,36.9181#46.71#28.01#25.28
-93.1576,36.9175#46.69#28.01#25.3
-93.1018,36.9169#46.67#28.01#25.32
-93.046,36.9163#46.65#28.01#25.34
-92.9901,36.9156#46.63#28.01#25.36
-92.9343,36.915#46.59#28.02#25.39
-92.8784,36.9143#46.55#28.02#25.43
-92.8226,36.9136#46.51#28.02#25.47
-92.7667,36.9128#46.47#28.02#25.51
-92.7109,36.9121#46.43#28.02#25.55
-92.6551,36.9113#46.39#28.02#25.59
-92.5992,36.9106#46.35#28.02#25.63
-92.5434,36.9098#46.3#28.02#25.68
-92.4875,36.9089#46.26#28.03#25.71
-92.4317,36.9081#46.2#28.03#25.77
-92.3759,36.9072#46.14#28.03#25.83
-92.32,36.9064#46.08#28.03#25.89
-92.2642,36.9055#46.01#28.03#25.96
-92.2084,36.9046#45.95#28.03#26.02
-92.1525,36.9036#45.89#28.04#26.07
-92.0967,36.9027#45.83#28.04#26.13
-92.0409,36.9017#45.77#28.04#26.19
-91.9851,36.9007#45.7#28.04#26.26
-99.916,36.901#46.93#27.75#25.32
-99.8602,36.9026#46.93#27.83#25.24
-99.8043,36.9042#46.93#27.92#25.15
-99.7485,36.9057#46.93#28.01#25.06
-99.6927,36.9073#46.93#28.09#24.98
-99.6369,36.9088#46.93#28.18#24.89
-99.5811,36.9103#46.93#28.27#24.8
-99.5253,36.9118#46.93#28.35#24.72
-99.4695,36.9133#46.93#28.45#24.62
-99.4136,36.9148#46.93#28.55#24.52
-99.3578,36.9162#46.93#28.65#24.42
-99.302,36.9177#46.93#28.75#24.32
-99.2462,36.9191#46.93#28.85#24.22
-99.1904,36.9205#46.93#28.95#24.12
-99.1345,36.9218#46.93#29.05#24.02
-99.0787,36.9232#46.93#29.15#23.92
-99.0229,36.9245#46.93#29.26#23.81
-98.967,36.9258#46.93#29.33#23.74
-98.9112,36.9271#46.93#29.39#23.68
-98.8554,36.9284#46.93#29.45#23.62
-98.7995,36.9297#46.93#29.51#23.56
-98.7437,36.9309#46.93#29.57#23.5
-98.6879,36.9321#46.93#29.63#23.44
-98.632,36.9333#46.93#29.7#23.37
-98.5762,36.9345#46.93#29.76#23.31
-98.5204,36.9357#46.93#29.82#23.25
-98.4645,36.9368#46.93#29.8#23.27
-98.4087,36.938#46.93#29.73#23.34
-98.3528,36.9391#46.93#29.66#23.41
-98.297,36.9402#46.93#29.6#23.47
-98.2411,36.9413#46.93#29.53#23.54
-98.1853,36.9423#46.93#29.46#23.61
-98.1294,36.9434#46.93#29.4#23.67
-98.0736,36.9444#46.93#29.33#23.74
-98.0177,36.9454#46.93#29.26#23.81
-97.9619,36.9464#46.93#29.18#23.89
-97.906,36.9473#46.93#29.08#23.99
-97.8502,36.9483#46.93#28.99#24.08
-97.7943,36.9492#46.93#28.9#24.17
-97.7385,36.9501#46.93#28.8#24.27
-97.6826,36.951#46.93#28.71#24.36
-97.6268,36.9519#46.93#28.61#24.46
-97.5709,36.9527#46.93#28.52#24.55
-97.515,36.9536#46.93#28.42#24.65
-97.4592,36.9544#46.93#28.37#24.7
-97.4033,36.9552#46.93#28.34#24.73
-97.3475,36.956#46.93#28.3#24.77
-97.2916,36.9567#46.93#28.27#24.8
-97.2357,36.9575#46.93#28.23#24.84
-97.1799,36.9582#46.93#28.2#24.87
-97.124,36.9589#46.93#28.17#24.9
-97.0681,36.9596#46.93#28.13#24.94
-97.0123,36.9603#46.93#28.1#24.97
-96.9564,36.9609#46.93#28.08#24.99
-96.9005,36.9616#46.93#28.07#25
-96.8447,36.9622#46.93#28.06#25.01
-96.7888,36.9628#46.93#28.05#25.02
-96.7329,36.9634#46.93#28.04#25.03
-96.6771,36.9639#46.93#28.03#25.04
-96.6212,36.9645#46.93#28.01#25.06
-96.5653,36.965#46.93#28#25.07
-96.5094,36.9655#46.93#27.99#25.08
-96.4536,36.966#46.93#27.99#25.08
-96.3977,36.9665#46.93#27.99#25.08
-96.3418,36.9669#46.93#27.98#25.09
-96.2859,36.9673#46.93#27.98#25.09
-96.2301,36.9678#46.93#27.98#25.09
-96.1742,36.9682#46.93#27.97#25.1
-96.1183,36.9685#46.93#27.97#25.1
-96.0624,36.9689#46.93#27.97#25.1
-96.0066,36.9692#46.93#27.96#25.11
-95.9507,36.9696#46.93#27.96#25.11
-95.8948,36.9699#46.93#27.96#25.11
-95.8389,36.9701#46.93#27.96#25.11
-95.7831,36.9704#46.93#27.96#25.11
-95.7272,36.9707#46.93#27.96#25.11
-95.6713,36.9709#46.93#27.96#25.11
-95.6154,36.9711#46.93#27.96#25.11
-95.5596,36.9713#46.93#27.96#25.11
-95.5037,36.9715#46.93#27.96#25.11
-95.4478,36.9716#46.93#27.96#25.11
-95.3919,36.9718#46.93#27.96#25.11
-95.336,36.9719#46.93#27.96#25.11
-95.2802,36.972#46.93#27.96#25.11
-95.2243,36.9721#46.93#27.96#25.11
-95.1684,36.9721#46.93#27.96#25.11
-95.1125,36.9722#46.93#27.96#25.11
-95.0567,36.9722#46.93#27.96#25.11
-95.0008,36.9722#46.93#27.96#25.11
-94.9449,36.9722#46.93#27.96#25.11
-94.889,36.9722#46.93#27.96#25.11
-94.8331,36.9721#46.93#27.96#25.11
-94.7773,36.9721#46.93#27.96#25.11
-94.7214,36.972#46.93#27.97#25.1
-94.6655,36.9719#46.93#27.97#25.1
-94.6096,36.9718#46.93#27.97#25.1
-94.5537,36.9716#46.93#27.97#25.1
-94.4979,36.9715#46.93#27.97#25.1
-94.442,36.9713#46.92#27.97#25.11
-94.3861,36.9711#46.92#27.97#25.11
-94.3302,36.9709#46.92#27.97#25.11
-94.2744,36.9707#46.92#27.97#25.11
-94.2185,36.9704#46.92#27.97#25.11
-94.1626,36.9702#46.91#27.97#25.12
-94.1067,36.9699#46.91#27.97#25.12
-94.0508,36.9696#46.91#27.97#25.12
-93.995,36.9692#46.91#27.97#25.12
-93.9391,36.9689#46.9#27.98#25.12
-93.8832,36.9685#46.89#27.98#25.13
-93.8273,36.9682#46.88#27.98#25.14
-93.7715,36.9678#46.87#27.98#25.15
-93.7156,36.9674#46.86#27.98#25.16
-93.6597,36.9669#46.85#27.98#25.17
-93.6038,36.9665#46.84#27.98#25.18
-93.548,36.966#46.83#27.98#25.19
-93.4921,36.9655#46.82#27.98#25.2
-93.4362,36.965#46.8#27.98#25.22
-93.3804,36.9645#46.79#27.98#25.23
-93.3245,36.9639#46.77#27.99#25.24
-93.2686,36.9634#46.75#27.99#25.26
-93.2128,36.9628#46.73#27.99#25.28
-93.1569,36.9622#46.71#27.99#25.3
-93.101,36.9616#46.69#27.99#25.32
-93.0451,36.961#46.67#27.99#25.34
-92.9893,36.9603#46.65#27.99#25.36
-92.9334,36.9596#46.61#27.99#25.4
-92.8775,36.9589#46.57#27.99#25.44
-92.8217,36.9582#46.54#28#25.46
-92.7658,36.9575#46.5#28#25.5
-92.71,36.9568#46.46#28#25.54
-92.6541,36.956#46.42#28#25.58
-92.5982,36.9552#46.38#28#25.62
-92.5424,36.9544#46.35#28#25.65
-92.4865,36.9536#46.3#28#25.7
-92.4307,36.9528#46.25#28#25.75
-92.3748,36.9519#46.19#28.01#25.8
-92.3189,36.951#46.13#28.01#25.86
-92.2631,36.9501#46.07#28.01#25.92
-92.2072,36.9492#46.01#28.01#25.98
-92.1514,36.9483#45.95#28.01#26.04
-92.0955,36.9474#45.89#28.01#26.1
-92.0397,36.9464#45.83#28.02#26.15
-91.9838,36.9454#45.76#28.02#26.22
-91.928,36.9444#45.66#28.02#26.32
-91.8721,36.9434#45.57#28.02#26.41
-91.8163,36.9423#45.47#28.02#26.51
-91.7604,36.9413#45.37#28.03#26.6
-91.7046,36.9402#45.27#28.03#26.7
-91.6487,36.9391#45.17#28.03#26.8
-91.5929,36.938#45.07#28.03#26.9
-91.537,36.9369#44.97#28.03#27
-91.4812,36.9357#44.85#28.03#27.12
-91.4254,36.9346#44.7#28.04#27.26
-91.3695,36.9334#44.55#28.04#27.41
-91.3137,36.9322#44.39#28.04#27.57
-91.2578,36.9309#44.24#28.04#27.72
-91.202,36.9297#44.09#28.04#27.87
-91.1462,36.9284#43.94#28.05#28.01
-91.0903,36.9272#43.78#28.05#28.17
-91.0345,36.9259#43.63#28.05#28.32
-90.9787,36.9245#43.49#28.05#28.46
-90.9228,36.9232#43.35#28.06#28.59
-90.867,36.9219#43.22#28.06#28.72
-90.8112,36.9205#43.09#28.06#28.85
-90.7554,36.9191#42.96#28.06#28.98
-90.6995,36.9177#42.83#28.06#29.11
-90.6437,36.9163#42.7#28.07#29.23
-90.5879,36.9148#42.57#28.07#29.36
-90.5321,36.9134#42.44#28.07#29.49
-90.4763,36.9119#42.28#28.07#29.65
-90.4204,36.9104#42.09#28.08#29.83
-90.3646,36.9089#41.89#28.08#30.03
-90.3088,36.9073#41.7#28.08#30.22
-90.253,36.9058#41.51#28.08#30.41
-90.1972,36.9042#41.31#28.09#30.6
-90.1414,36.9026#41.12#28.09#30.79
-90.0856,36.901#40.92#28.09#30.99
-101.257,36.9014#46.93#27.34#25.73
-101.202,36.9035#46.93#27.37#25.7
-101.146,36.9055#46.93#27.41#25.66
-101.09,36.9075#46.93#27.44#25.63
-101.034,36.9095#46.93#27.47#25.6
-100.978,36.9115#46.93#27.49#25.58
-100.923,36.9135#46.93#27.5#25.57
-100.867,36.9154#46.93#27.51#25.56
-100.811,36.9173#46.93#27.52#25.55
-100.755,36.9192#46.93#27.53#25.54
-100.699,36.9211#46.93#27.54#25.53
-100.644,36.923#46.93#27.55#25.52
-100.588,36.9248#46.93#27.56#25.51
-100.532,36.9267#46.93#27.57#25.5
-100.476,36.9285#46.93#27.57#25.5
-100.42,36.9303#46.93#27.57#25.5
-100.365,36.9321#46.93#27.58#25.49
-100.309,36.9338#46.93#27.58#25.49
-100.253,36.9356#46.93#27.58#25.49
-100.197,36.9373#46.93#27.58#25.49
-100.141,36.939#46.93#27.59#25.48
-100.085,36.9407#46.93#27.59#25.48
-100.03,36.9423#46.93#27.59#25.48
-99.9738,36.944#46.93#27.63#25.44
-99.918,36.9456#46.93#27.72#25.35
-99.8622,36.9472#46.93#27.81#25.26
-99.8063,36.9488#46.93#27.89#25.18
-99.7505,36.9504#46.93#27.98#25.09
-99.6947,36.9519#46.93#28.07#25
-99.6388,36.9535#46.93#28.16#24.91
-99.583,36.955#46.93#28.24#24.83
-99.5271,36.9565#46.93#28.33#24.74
-99.4713,36.958#46.93#28.43#24.64
-99.4155,36.9594#46.93#28.53#24.54
-99.3596,36.9609#46.93#28.63#24.44
-99.3038,36.9623#46.93#28.74#24.33
-99.2479,36.9637#46.93#28.84#24.23
-99.1921,36.9651#46.93#28.94#24.13
-99.1362,36.9665#46.93#29.05#24.02
-99.0804,36.9678#46.93#29.15#23.92
-99.0245,36.9692#46.93#29.25#23.82
-98.9687,36.9705#46.93#29.33#23.74
-98.9128,36.9718#46.93#29.4#23.67
-98.857,36.973#46.93#29.46#23.61
-98.8011,36.9743#46.93#29.52#23.55
-98.7452,36.9756#46.93#29.58#23.49
-98.6894,36.9768#46.93#29.65#23.42
-98.6335,36.978#46.93#29.71#23.36
-98.5777,36.9792#46.93#29.77#23.3
-98.5218,36.9803#46.93#29.83#23.24
-98.4659,36.9815#46.93#29.82#23.25
-98.4101,36.9826#46.93#29.75#23.32
-98.3542,36.9837#46.93#29.68#23.39
-98.2983,36.9848#46.93#29.62#23.45
-98.2425,36.9859#46.93#29.55#23.52
-98.1866,36.987#46.93#29.48#23.59
-98.1307,36.988#46.93#29.42#23.65
-98.0749,36.989#46.93#29.35#23.72
-98.019,36.99#46.93#29.28#23.79
-97.9631,36.991#46.93#29.19#23.88
-97.9072,36.992#46.93#29.1#23.97
-97.8514,36.9929#46.93#29#24.07
-97.7955,36.9939#46.93#28.9#24.17
-97.7396,36.9948#46.93#28.81#24.26
-97.6837,36.9957#46.93#28.71#24.36
-97.6278,36.9965#46.93#28.61#24.46
-97.572,36.9974#46.93#28.52#24.55
-97.5161,36.9982#46.93#28.42#24.65
-97.4602,36.999#46.93#28.37#24.7
-97.4043,36.9998#46.93#28.33#24.74
-97.3484,37.0006#46.93#28.29#24.78
-97.2925,37.0014#46.93#28.26#24.81
-97.2366,37.0021#46.93#28.22#24.85
-97.1808,37.0029#46.93#28.19#24.88
-97.1249,37.0036#46.93#28.15#24.92
-97.069,37.0043#46.93#28.12#24.95
-97.0131,37.0049#46.93#28.08#24.99
-96.9572,37.0056#46.93#28.06#25.01
-96.9013,37.0062#46.93#28.05#25.02
-96.8454,37.0068#46.93#28.04#25.03
-96.7895,37.0074#46.93#28.03#25.04
-96.7336,37.008#46.93#28.02#25.05
-96.6777,37.0086#46.93#28.01#25.06
-96.6219,37.0091#46.93#28#25.07
-96.566,37.0097#46.93#27.99#25.08
-96.5101,37.0102#46.93#27.97#25.1
-96.4542,37.0106#46.93#27.97#25.1
-96.3983,37.0111#46.93#27.97#25.1
-96.3424,37.0116#46.93#27.96#25.11
-96.2865,37.012#46.93#27.96#25.11
-96.2306,37.0124#46.93#27.96#25.11
-96.1747,37.0128#46.93#27.95#25.12
-96.1188,37.0132#46.93#27.95#25.12
-96.0629,37.0135#46.93#27.95#25.12
-96.007,37.0139#46.93#27.94#25.13
-95.9511,37.0142#46.93#27.94#25.13
-95.8952,37.0145#46.93#27.94#25.13
-95.8393,37.0148#46.93#27.94#25.13
-95.7834,37.0151#46.93#27.94#25.13
-95.7275,37.0153#46.93#27.94#25.13
-95.6716,37.0155#46.93#27.94#25.13
-95.6157,37.0158#46.93#27.94#25.13
-95.5598,37.016#46.93#27.94#25.13
-95.5039,37.0161#46.93#27.94#25.13
-95.448,37.0163#46.93#27.94#25.13
-95.3921,37.0164#46.93#27.94#25.13
-95.3362,37.0165#46.93#27.94#25.13
-95.2803,37.0166#46.93#27.94#25.13
-95.2244,37.0167#46.93#27.94#25.13
-95.1685,37.0168#46.93#27.94#25.13
-95.1126,37.0168#46.93#27.94#25.13
-95.0567,37.0169#46.93#27.94#25.13
-95.0008,37.0169#46.93#27.94#25.13
-94.9449,37.0169#46.93#27.94#25.13
-94.889,37.0168#46.93#27.94#25.13
-94.8331,37.0168#46.93#27.94#25.13
-94.7772,37.0167#46.93#27.94#25.13
-94.7213,37.0166#46.93#27.94#25.13
-94.6654,37.0165#46.93#27.94#25.13
-94.6095,37.0164#46.93#27.94#25.13
-94.5536,37.0163#46.93#27.95#25.12
-94.4977,37.0161#46.93#27.95#25.12
-94.4418,37.016#46.92#27.95#25.13
-94.3859,37.0158#46.92#27.95#25.13
-94.33,37.0156#46.92#27.95#25.13
-94.2741,37.0153#46.92#27.95#25.13
-94.2182,37.0151#46.92#27.95#25.13
-94.1623,37.0148#46.92#27.95#25.13
-94.1064,37.0145#46.91#27.95#25.14
-94.0505,37.0142#46.91#27.95#25.14
-93.9946,37.0139#46.91#27.95#25.14
-93.9387,37.0136#46.9#27.95#25.15
-93.8828,37.0132#46.89#27.95#25.16
-93.8269,37.0128#46.88#27.95#25.17
-93.771,37.0124#46.88#27.96#25.16
-93.7151,37.012#46.87#27.96#25.17
-93.6592,37.0116#46.86#27.96#25.18
-93.6033,37.0111#46.85#27.96#25.19
-93.5474,37.0107#46.84#27.96#25.2
-93.4915,37.0102#46.83#27.96#25.21
-93.4356,37.0097#46.82#27.96#25.22
-93.3797,37.0091#46.8#27.96#25.24
-93.3238,37.0086#46.78#27.96#25.26
-93.2679,37.008#46.76#27.96#25.28
-93.212,37.0075#46.75#27.96#25.29
-93.1561,37.0069#46.73#27.97#25.3
-93.1002,37.0062#46.71#27.97#25.32
-93.0443,37.0056#46.69#27.97#25.34
-92.9885,37.005#46.67#27.97#25.36
-92.9326,37.0043#46.64#27.97#25.39
-92.8767,37.0036#46.6#27.97#25.43
-92.8208,37.0029#46.57#27.97#25.46
-92.7649,37.0022#46.53#27.97#25.5
-92.709,37.0014#46.5#27.98#25.52
-92.6531,37.0007#46.46#27.98#25.56
-92.5972,36.9999#46.42#27.98#25.6
-92.5414,36.9991#46.39#27.98#25.63
-92.4855,36.9983#46.35#27.98#25.67
-92.4296,36.9974#46.29#27.98#25.73
-92.3737,36.9966#46.24#27.98#25.78
-92.3178,36.9957#46.18#27.99#25.83
-92.2619,36.9948#46.13#27.99#25.88
-92.2061,36.9939#46.07#27.99#25.94
-92.1502,36.993#46.01#27.99#26
-92.0943,36.992#45.96#27.99#26.05
-92.0384,36.991#45.9#27.99#26.11
-91.9826,36.9901#45.83#28#26.17
-91.9267,36.9891#45.74#28#26.26
-91.8708,36.988#45.64#28#26.36
-91.8149,36.987#45.54#28#26.46
-91.7591,36.9859#45.44#28#26.56
-91.7032,36.9849#45.34#28#26.66
-91.6473,36.9838#45.24#28.01#26.75
-91.5915,36.9827#45.15#28.01#26.84
-91.5356,36.9815#45.05#28.01#26.94
-91.4797,36.9804#44.93#28.01#27.06
-91.4239,36.9792#44.78#28.01#27.21
-91.368,36.978#44.62#28.02#27.36
-91.3122,36.9768#44.47#28.02#27.51
-91.2563,36.9756#44.32#28.02#27.66
-91.2004,36.9743#44.16#28.02#27.82
-91.1446,36.9731#44.01#28.02#27.97
-91.0887,36.9718#43.86#28.03#28.11
-91.0329,36.9705#43.71#28.03#28.26
-90.977,36.9692#43.56#28.03#28.41
-90.9212,36.9679#43.42#28.03#28.55
-90.8653,36.9665#43.28#28.04#28.68
-90.8095,36.9651#43.14#28.04#28.82
-90.7536,36.9637#43#28.04#28.96
-90.6978,36.9623#42.86#28.04#29.1
-90.6419,36.9609#42.72#28.04#29.24
-90.5861,36.9595#42.59#28.05#29.36
-90.5302,36.958#42.45#28.05#29.5
-90.4744,36.9565#42.29#28.05#29.66
-90.4186,36.955#42.09#28.05#29.86
-90.3627,36.9535#41.9#28.06#30.04
-90.3069,36.952#41.71#28.06#30.23
-90.2511,36.9504#41.51#28.06#30.43
-90.1952,36.9488#41.32#28.06#30.62
-90.1394,36.9473#41.12#28.07#30.81
-90.0836,36.9456#40.93#28.07#31
-90.0277,36.944#40.74#28.07#31.19
-89.9719,36.9424#40.52#28.07#31.41
-89.9161,36.9407#40.28#28.08#31.64
-89.8603,36.939#40.04#28.08#31.88
-89.8044,36.9373#39.81#28.08#32.11
-89.7486,36.9356#39.57#28.09#32.34
-89.6928,36.9339#39.33#28.09#32.58
-89.637,36.9321#39.09#28.09#32.82
-89.5812,36.9303#38.86#28.1#33.04
-89.5254,36.9285#38.62#28.1#33.28
-89.4695,36.9267#38.36#28.11#33.53
-89.4137,36.9249#38.09#28.12#33.79
-89.3579,36.923#37.81#28.12#34.07
-89.3021,36.9212#37.53#28.13#34.34
-89.2463,36.9193#37.26#28.14#34.6
-89.1905,36.9174#36.98#28.15#34.87
-89.1347,36.9155#36.7#28.16#35.14
-89.0789,36.9135#36.42#28.17#35.41
-89.0231,36.9116#36.15#28.17#35.68
-88.9673,36.9096#35.89#28.18#35.93
-88.9116,36.9076#35.65#28.2#36.15
-88.8558,36.9056#35.41#28.21#36.38
-88.8,36.9036#35.18#28.22#36.6
-88.7442,36.9015#34.94#28.24#36.82
-102.376,36.9012#46.93#26.66#26.41
-102.32,36.9036#46.93#26.69#26.38
-102.264,36.906#46.93#26.71#26.36
-102.208,36.9084#46.93#26.73#26.34
-102.153,36.9107#46.93#26.76#26.31
-102.097,36.9131#46.93#26.78#26.29
-102.041,36.9154#46.93#26.8#26.27
-101.985,36.9177#46.93#26.83#26.24
-101.929,36.92#46.93#26.87#26.2
-101.874,36.9223#46.93#26.91#26.16
-101.818,36.9245#46.93#26.96#26.11
-101.762,36.9268#46.93#27#26.07
-101.706,36.929#46.93#27.04#26.03
-101.651,36.9312#46.93#27.08#25.99
-101.595,36.9334#46.93#27.12#25.95
-101.539,36.9355#46.93#27.16#25.91
-101.483,36.9377#46.93#27.2#25.87
-101.427,36.9398#46.93#27.23#25.84
-101.372,36.9419#46.93#27.27#25.8
-101.316,36.944#46.93#27.3#25.77
-101.26,36.9461#46.93#27.33#25.74
-101.204,36.9481#46.93#27.36#25.71
-101.148,36.9502#46.93#27.39#25.68
-101.092,36.9522#46.93#27.42#25.65
-101.037,36.9542#46.93#27.45#25.62
-100.981,36.9561#46.93#27.47#25.6
-100.925,36.9581#46.93#27.48#25.59
-100.869,36.96#46.93#27.49#25.58
-100.813,36.962#46.93#27.5#25.57
-100.758,36.9639#46.93#27.51#25.56
-100.702,36.9658#46.93#27.52#25.55
-100.646,36.9676#46.93#27.52#25.55
-100.59,36.9695#46.93#27.53#25.54
-100.534,36.9713#46.93#27.54#25.53
-100.478,36.9731#46.93#27.55#25.52
-100.423,36.9749#46.93#27.55#25.52
-100.367,36.9767#46.93#27.55#25.52
-100.311,36.9784#46.93#27.55#25.52
-100.255,36.9802#46.93#27.56#25.51
-100.199,36.9819#46.93#27.56#25.51
-100.143,36.9836#46.93#27.56#25.51
-100.088,36.9853#46.93#27.56#25.51
-100.032,36.987#46.93#27.56#25.51
-99.9759,36.9886#46.93#27.6#25.47
-99.92,36.9902#46.93#27.69#25.38
-99.8642,36.9918#46.93#27.78#25.29
-99.8083,36.9934#46.93#27.87#25.2
-99.7525,36.995#46.93#27.96#25.11
-99.6966,36.9966#46.93#28.05#25.02
-99.6407,36.9981#46.93#28.13#24.94
-99.5849,36.9996#46.93#28.22#24.85
-99.529,37.0011#46.93#28.31#24.76
-99.4732,37.0026#46.93#28.41#24.66
-99.4173,37.0041#46.93#28.51#24.56
-99.3614,37.0055#46.93#28.62#24.45
-99.3056,37.0069#46.93#28.72#24.35
-99.2497,37.0083#46.93#28.83#24.24
-99.1938,37.0097#46.93#28.93#24.14
-99.1379,37.0111#46.93#29.04#24.03
-99.0821,37.0125#46.93#29.14#23.93
-99.0262,37.0138#46.93#29.25#23.82
-98.9703,37.0151#46.93#29.33#23.74
-98.9144,37.0164#46.93#29.4#23.67
-98.8586,37.0177#46.93#29.46#23.61
-98.8027,37.0189#46.93#29.53#23.54
-98.7468,37.0202#46.93#29.59#23.48
-98.6909,37.0214#46.93#29.66#23.41
-98.635,37.0226#46.93#29.72#23.35
-98.5791,37.0238#46.93#29.79#23.28
-98.5233,37.025#46.93#29.85#23.22
-98.4674,37.0261#46.93#29.84#23.23
-98.4115,37.0273#46.93#29.77#23.3
-98.3556,37.0284#46.93#29.71#23.36
-98.2997,37.0295#46.93#29.64#23.43
-98.2438,37.0305#46.93#29.57#23.5
-98.1879,37.0316#46.93#29.5#23.57
-98.132,37.0326#46.93#29.44#23.63
-98.0761,37.0337#46.93#29.37#23.7
-98.0202,37.0347#46.93#29.3#23.77
-97.9643,37.0357#46.93#29.21#23.86
-97.9084,37.0366#46.93#29.11#23.96
-97.8525,37.0376#46.93#29.01#24.06
-97.7966,37.0385#46.93#28.91#24.16
-97.7407,37.0394#46.93#28.81#24.26
-97.6848,37.0403#46.93#28.71#24.36
-97.6289,37.0412#46.93#28.61#24.46
-97.573,37.042#46.93#28.51#24.56
-97.5171,37.0429#46.93#28.41#24.66
-97.4612,37.0437#46.93#28.36#24.71
-97.4053,37.0445#46.93#28.32#24.75
-97.3494,37.0453#46.93#28.29#24.78
-97.2935,37.046#46.93#28.25#24.82
-97.2376,37.0468#46.93#28.21#24.86
-97.1817,37.0475#46.93#28.18#24.89
-97.1257,37.0482#46.93#28.14#24.93
-97.0698,37.0489#46.93#28.1#24.97
-97.0139,37.0496#46.93#28.07#25
-96.958,37.0502#46.93#28.05#25.02
-96.9021,37.0509#46.93#28.04#25.03
-96.8462,37.0515#46.93#28.03#25.04
-96.7903,37.0521#46.93#28.01#25.06
-96.7344,37.0527#46.93#28#25.07
-96.6784,37.0532#46.93#27.99#25.08
-96.6225,37.0538#46.93#27.98#25.09
-96.5666,37.0543#46.93#27.97#25.1
-96.5107,37.0548#46.93#27.96#25.11
-96.4548,37.0553#46.93#27.95#25.12
-96.3988,37.0558#46.93#27.95#25.12
-96.3429,37.0562#46.93#27.94#25.13
-96.287,37.0566#46.93#27.94#25.13
-96.2311,37.0571#46.93#27.94#25.13
-96.1752,37.0575#46.93#27.93#25.14
-96.1192,37.0578#46.93#27.93#25.14
-96.0633,37.0582#46.93#27.93#25.14
-96.0074,37.0585#46.93#27.92#25.15
-95.9515,37.0589#46.93#27.92#25.15
-95.8956,37.0592#46.93#27.92#25.15
-95.8396,37.0594#46.93#27.92#25.15
-95.7837,37.0597#46.93#27.92#25.15
-95.7278,37.06#46.93#27.92#25.15
-95.6719,37.0602#46.93#27.92#25.15
-95.6159,37.0604#46.93#27.92#25.15
-95.56,37.0606#46.93#27.92#25.15
-95.5041,37.0608#46.93#27.92#25.15
-95.4482,37.0609#46.93#27.92#25.15
-95.3922,37.0611#46.93#27.92#25.15
-95.3363,37.0612#46.93#27.92#25.15
-95.2804,37.0613#46.93#27.92#25.15
-95.2245,37.0614#46.93#27.92#25.15
-95.1685,37.0614#46.93#27.92#25.15
-95.1126,37.0615#46.93#27.92#25.15
-95.0567,37.0615#46.93#27.92#25.15
-95.0008,37.0615#46.93#27.92#25.15
-94.9448,37.0615#46.93#27.92#25.15
-94.8889,37.0615#46.93#27.92#25.15
-94.833,37.0614#46.93#27.92#25.15
-94.7771,37.0614#46.93#27.92#25.15
-94.7211,37.0613#46.93#27.92#25.15
-94.6652,37.0612#46.93#27.92#25.15
-94.6093,37.0611#46.93#27.92#25.15
-94.5534,37.0609#46.93#27.92#25.15
-94.4975,37.0608#46.93#27.92#25.15
-94.4415,37.0606#46.92#27.92#25.16
-94.3856,37.0604#46.92#27.92#25.16
-94.3297,37.0602#46.92#27.93#25.15
-94.2738,37.06#46.92#27.93#25.15
-94.2178,37.0597#46.92#27.93#25.15
-94.1619,37.0595#46.92#27.93#25.15
-94.106,37.0592#46.92#27.93#25.15
-94.0501,37.0589#46.91#27.93#25.16
-93.9941,37.0585#46.91#27.93#25.16
-93.9382,37.0582#46.9#27.93#25.17
-93.8823,37.0578#46.9#27.93#25.17
-93.8264,37.0575#46.89#27.93#25.18
-93.7705,37.0571#46.88#27.93#25.19
-93.7145,37.0567#46.87#27.93#25.2
-93.6586,37.0562#46.87#27.93#25.2
-93.6027,37.0558#46.86#27.94#25.2
-93.5468,37.0553#46.85#27.94#25.21
-93.4909,37.0548#46.84#27.94#25.22
-93.4349,37.0543#46.83#27.94#25.23
-93.379,37.0538#46.81#27.94#25.25
-93.3231,37.0532#46.79#27.94#25.27
-93.2672,37.0527#46.78#27.94#25.28
-93.2113,37.0521#46.76#27.94#25.3
-93.1554,37.0515#46.75#27.94#25.31
-93.0994,37.0509#46.73#27.94#25.33
-93.0435,37.0503#46.71#27.95#25.34
-92.9876,37.0496#46.69#27.95#25.36
-92.9317,37.0489#46.66#27.95#25.39
-92.8758,37.0482#46.63#27.95#25.42
-92.8199,37.0475#46.6#27.95#25.45
-92.764,37.0468#46.56#27.95#25.49
-92.7081,37.0461#46.53#27.95#25.52
-92.6522,37.0453#46.5#27.95#25.55
-92.5962,37.0445#46.46#27.96#25.58
-92.5403,37.0437#46.43#27.96#25.61
-92.4844,37.0429#46.39#27.96#25.65
-92.4285,37.0421#46.34#27.96#25.7
-92.3726,37.0412#46.29#27.96#25.75
-92.3167,37.0403#46.24#27.96#25.8
-92.2608,37.0394#46.18#27.96#25.86
-92.2049,37.0385#46.13#27.97#25.9
-92.149,37.0376#46.08#27.97#25.95
-92.0931,37.0366#46.02#27.97#26.01
-92.0372,37.0357#45.97#27.97#26.06
-91.9813,37.0347#45.9#27.97#26.13
-91.9254,37.0337#45.81#27.98#26.21
-91.8695,37.0327#45.71#27.98#26.31
-91.8136,37.0316#45.61#27.98#26.41
-91.7577,37.0306#45.51#27.98#26.51
-91.7018,37.0295#45.42#27.98#26.6
-91.646,37.0284#45.32#27.98#26.7
-91.5901,37.0273#45.22#27.99#26.79
-91.5342,37.0262#45.13#27.99#26.88
-91.4783,37.025#45.01#27.99#27
-91.4224,37.0238#44.85#27.99#27.16
-91.3665,37.0227#44.7#27.99#27.31
-91.3106,37.0214#44.55#28#27.45
-91.2547,37.0202#44.39#28#27.61
-91.1989,37.019#44.24#28#27.76
-91.143,37.0177#44.09#28#27.91
-91.0871,37.0164#43.93#28#28.07
-91.0312,37.0151#43.78#28.01#28.21
-90.9754,37.0138#43.63#28.01#28.36
-90.9195,37.0125#43.48#28.01#28.51
-90.8636,37.0111#43.33#28.01#28.66
-90.8077,37.0098#43.19#28.02#28.79
-90.7519,37.0084#43.04#28.02#28.94
-90.696,37.007#42.89#28.02#29.09
-90.6401,37.0055#42.75#28.02#29.23
-90.5843,37.0041#42.6#28.02#29.38
-90.5284,37.0026#42.46#28.03#29.51
-90.4725,37.0012#42.29#28.03#29.68
-90.4167,36.9997#42.1#28.03#29.87
-90.3608,36.9981#41.9#28.03#30.07
-90.3049,36.9966#41.71#28.04#30.25
-90.2491,36.9951#41.52#28.04#30.44
-90.1932,36.9935#41.32#28.04#30.64
-90.1374,36.9919#41.13#28.04#30.83
-90.0815,36.9903#40.94#28.05#31.01
-90.0257,36.9886#40.75#28.05#31.2
-89.9698,36.987#40.52#28.05#31.43
-89.914,36.9853#40.28#28.06#31.66
-89.8581,36.9837#40.04#28.06#31.9
-89.8023,36.982#39.8#28.06#32.14
-89.7465,36.9802#39.55#28.06#32.39
-89.6906,36.9785#39.31#28.07#32.62
-89.6348,36.9767#39.07#28.07#32.86
-89.5789,36.975#38.83#28.07#33.1
-89.5231,36.9732#38.59#28.08#33.33
-89.4673,36.9714#38.33#28.08#33.59
-89.4114,36.9695#38.05#28.09#33.86
-89.3556,36.9677#37.78#28.1#34.12
-89.2998,36.9658#37.5#28.11#34.39
-89.244,36.9639#37.23#28.11#34.66
-89.1881,36.962#36.95#28.12#34.93
-89.1323,36.9601#36.67#28.13#35.2
-89.0765,36.9582#36.4#28.14#35.46
-89.0207,36.9562#36.12#28.15#35.73
-88.9649,36.9542#35.87#28.16#35.97
-88.909,36.9522#35.63#28.17#36.2
-88.8532,36.9502#35.39#28.18#36.43
-88.7974,36.9482#35.15#28.2#36.65
-88.7416,36.9461#34.91#28.21#36.88
-88.6858,36.9441#34.67#28.22#37.11
-88.63,36.942#34.43#28.23#37.34
-88.5742,36.9399#34.19#28.25#37.56
-88.5184,36.9377#33.95#28.26#37.79
-88.4626,36.9356#33.74#28.27#37.99
-88.4068,36.9334#33.54#28.29#38.17
-88.351,36.9313#33.34#28.3#38.36
-88.2952,36.9291#33.14#28.31#38.55
-88.2395,36.9268#32.94#28.32#38.74
-88.1837,36.9246#32.74#28.34#38.92
-88.1279,36.9223#32.54#28.35#39.11
-88.0721,36.9201#32.34#28.36#39.3
-88.0163,36.9178#32.14#28.37#39.49
-87.9606,36.9155#31.96#28.38#39.66
-87.9048,36.9132#31.78#28.38#39.84
-87.849,36.9108#31.6#28.38#40.02
-87.7932,36.9084#31.42#28.38#40.2
-87.7375,36.9061#31.25#28.38#40.37
-87.6817,36.9037#31.07#28.38#40.55
-87.626,36.9012#30.89#28.39#40.72
-103.327,36.9018#46.93#26.58#26.49
-103.271,36.9046#46.93#26.58#26.49
-103.215,36.9073#46.93#26.58#26.49
-103.159,36.91#46.93#26.57#26.5
-103.104,36.9127#46.93#26.57#26.5
-103.048,36.9153#46.93#26.57#26.5
-102.992,36.918#46.93#26.56#26.51
-102.936,36.9206#46.93#26.57#26.5
-102.881,36.9232#46.93#26.57#26.5
-102.825,36.9258#46.93#26.57#26.5
-102.769,36.9283#46.93#26.57#26.5
-102.713,36.9309#46.93#26.58#26.49
-102.658,36.9334#46.93#26.58#26.49
-102.602,36.9359#46.93#26.58#26.49
-102.546,36.9384#46.93#26.59#26.48
-102.49,36.9409#46.93#26.6#26.47
-102.434,36.9433#46.93#26.62#26.45
-102.379,36.9458#46.93#26.64#26.43
-102.323,36.9482#46.93#26.67#26.4
-102.267,36.9506#46.93#26.69#26.38
-102.211,36.953#46.93#26.72#26.35
-102.155,36.9553#46.93#26.74#26.33
-102.1,36.9577#46.93#26.77#26.3
-102.044,36.96#46.93#26.8#26.27
-101.988,36.9623#46.93#26.82#26.25
-101.932,36.9646#46.93#26.87#26.2
-101.876,36.9669#46.93#26.91#26.16
-101.821,36.9691#46.93#26.95#26.12
-101.765,36.9714#46.93#26.99#26.08
-101.709,36.9736#46.93#27.04#26.03
-101.653,36.9758#46.93#27.08#25.99
-101.597,36.978#46.93#27.12#25.95
-101.542,36.9801#46.93#27.16#25.91
-101.486,36.9823#46.93#27.2#25.87
-101.43,36.9844#46.93#27.23#25.84
-101.374,36.9865#46.93#27.26#25.81
-101.318,36.9886#46.93#27.29#25.78
-101.263,36.9907#46.93#27.32#25.75
-101.207,36.9927#46.93#27.35#25.72
-101.151,36.9948#46.93#27.38#25.69
-101.095,36.9968#46.93#27.4#25.67
-101.039,36.9988#46.93#27.43#25.64
-100.983,37.0008#46.93#27.45#25.62
-100.927,37.0027#46.93#27.46#25.61
-100.872,37.0047#46.93#27.47#25.6
-100.816,37.0066#46.93#27.48#25.59
-100.76,37.0085#46.93#27.49#25.58
-100.704,37.0104#46.93#27.49#25.58
-100.648,37.0122#46.93#27.5#25.57
-100.592,37.0141#46.93#27.51#25.56
-100.537,37.0159#46.93#27.52#25.55
-100.481,37.0177#46.93#27.52#25.55
-100.425,37.0195#46.93#27.53#25.54
-100.369,37.0213#46.93#27.53#25.54
-100.313,37.0231#46.93#27.53#25.54
-100.257,37.0248#46.93#27.53#25.54
-100.201,37.0265#46.93#27.53#25.54
-100.146,37.0282#46.93#27.53#25.54
-100.09,37.0299#46.93#27.54#25.53
-100.034,37.0316#46.93#27.54#25.53
-99.9779,37.0332#46.93#27.57#25.5
-99.922,37.0349#46.93#27.66#25.41
-99.8662,37.0365#46.93#27.75#25.32
-99.8103,37.0381#46.93#27.84#25.23
-99.7544,37.0396#46.93#27.93#25.14
-99.6985,37.0412#46.93#28.02#25.05
-99.6426,37.0427#46.93#28.11#24.96
-99.5868,37.0442#46.93#28.2#24.87
-99.5309,37.0457#46.93#28.29#24.78
-99.475,37.0472#46.93#28.39#24.68
-99.4191,37.0487#46.93#28.5#24.57
-99.3632,37.0501#46.93#28.6#24.47
-99.3073,37.0516#46.93#28.71#24.36
-99.2514,37.053#46.93#28.82#24.25
-99.1955,37.0544#46.93#28.92#24.15
-99.1396,37.0557#46.93#29.03#24.04
-99.0837,37.0571#46.93#29.14#23.93
-99.0279,37.0584#46.93#29.25#23.82
-98.972,37.0597#46.93#29.33#23.74
-98.9161,37.061#46.93#29.4#23.67
-98.8601,37.0623#46.93#29.47#23.6
-98.8042,37.0636#46.93#29.53#23.54
-98.7483,37.0648#46.93#29.6#23.47
-98.6924,37.066#46.93#29.67#23.4
-98.6365,37.0673#46.93#29.74#23.33
-98.5806,37.0684#46.93#29.8#23.27
-98.5247,37.0696#46.93#29.87#23.2
-98.4688,37.0708#46.93#29.86#23.21
-98.4129,37.0719#46.93#29.8#23.27
-98.357,37.073#46.93#29.73#23.34
-98.3011,37.0741#46.93#29.66#23.41
-98.2451,37.0752#46.93#29.59#23.48
-98.1892,37.0762#46.93#29.52#23.55
-98.1333,37.0773#46.93#29.46#23.61
-98.0774,37.0783#46.93#29.39#23.68
-98.0215,37.0793#46.93#29.32#23.75
-97.9655,37.0803#46.93#29.23#23.84
-97.9096,37.0813#46.93#29.13#23.94
-97.8537,37.0822#46.93#29.03#24.04
-97.7978,37.0831#46.93#28.92#24.15
-97.7419,37.084#46.93#28.82#24.25
-97.6859,37.0849#46.93#28.72#24.35
-97.63,37.0858#46.93#28.61#24.46
-97.5741,37.0867#46.93#28.51#24.56
-97.5181,37.0875#46.93#28.41#24.66
-97.4622,37.0883#46.93#28.35#24.72
-97.4063,37.0891#46.93#28.31#24.76
-97.3504,37.0899#46.93#28.28#24.79
-97.2944,37.0907#46.93#28.24#24.83
-97.2385,37.0914#46.93#28.2#24.87
-97.1826,37.0921#46.93#28.16#24.91
-97.1266,37.0929#46.93#28.13#24.94
-97.0707,37.0935#46.93#28.09#24.98
-97.0148,37.0942#46.93#28.05#25.02
-96.9588,37.0949#46.93#28.03#25.04
-96.9029,37.0955#46.93#28.02#25.05
-96.8469,37.0961#46.93#28.01#25.06
-96.791,37.0967#46.93#28#25.07
-96.7351,37.0973#46.93#27.99#25.08
-96.6791,37.0979#46.93#27.97#25.1
-96.6232,37.0984#46.93#27.96#25.11
-96.5673,37.0989#46.93#27.95#25.12
-96.5113,37.0994#46.93#27.94#25.13
-96.4554,37.0999#46.93#27.93#25.14
-96.3994,37.1004#46.93#27.93#25.14
-96.3435,37.1009#46.93#27.92#25.15
-96.2875,37.1013#46.93#27.92#25.15
-96.2316,37.1017#46.93#27.92#25.15
-96.1757,37.1021#46.93#27.91#25.16
-96.1197,37.1025#46.93#27.91#25.16
-96.0638,37.1028#46.93#27.9#25.17
-96.0078,37.1032#46.93#27.9#25.17
-95.9519,37.1035#46.93#27.9#25.17
-95.8959,37.1038#46.93#27.9#25.17
-95.84,37.1041#46.93#27.9#25.17
-95.784,37.1044#46.93#27.9#25.17
-95.7281,37.1046#46.93#27.9#25.17
-95.6721,37.1048#46.93#27.9#25.17
-95.6162,37.105#46.93#27.9#25.17
-95.5603,37.1052#46.93#27.89#25.18
-95.5043,37.1054#46.93#27.89#25.18
-95.4484,37.1056#46.93#27.89#25.18
-95.3924,37.1057#46.93#27.89#25.18
-95.3365,37.1058#46.93#27.89#25.18
-95.2805,37.1059#46.93#27.89#25.18
-95.2246,37.106#46.93#27.89#25.18
-95.1686,37.1061#46.93#27.9#25.17
-95.1127,37.1061#46.93#27.9#25.17
-95.0567,37.1062#46.93#27.9#25.17
-95.0008,37.1062#46.93#27.9#25.17
-94.9448,37.1062#46.93#27.9#25.17
-94.8889,37.1061#46.93#27.9#25.17
-94.8329,37.1061#46.93#27.9#25.17
-94.777,37.106#46.93#27.9#25.17
-94.721,37.1059#46.93#27.9#25.17
-94.6651,37.1058#46.93#27.9#25.17
-94.6091,37.1057#46.93#27.9#25.17
-94.5532,37.1056#46.93#27.9#25.17
-94.4972,37.1054#46.93#27.9#25.17
-94.4413,37.1052#46.93#27.9#25.17
-94.3853,37.1051#46.92#27.9#25.18
-94.3294,37.1048#46.92#27.9#25.18
-94.2735,37.1046#46.92#27.9#25.18
-94.2175,37.1044#46.92#27.9#25.18
-94.1616,37.1041#46.92#27.9#25.18
-94.1056,37.1038#46.92#27.91#25.17
-94.0497,37.1035#46.92#27.91#25.17
-93.9937,37.1032#46.91#27.91#25.18
-93.9378,37.1028#46.91#27.91#25.18
-93.8818,37.1025#46.9#27.91#25.19
-93.8259,37.1021#46.89#27.91#25.2
-93.7699,37.1017#46.89#27.91#25.2
-93.714,37.1013#46.88#27.91#25.21
-93.6581,37.1009#46.87#27.91#25.22
-93.6021,37.1004#46.87#27.91#25.22
-93.5462,37.0999#46.86#27.91#25.23
-93.4902,37.0995#46.85#27.91#25.24
-93.4343,37.099#46.84#27.92#25.24
-93.3784,37.0984#46.82#27.92#25.26
-93.3224,37.0979#46.81#27.92#25.27
-93.2665,37.0973#46.79#27.92#25.29
-93.2105,37.0967#46.78#27.92#25.3
-93.1546,37.0961#46.76#27.92#25.32
-93.0987,37.0955#46.75#27.92#25.33
-93.0427,37.0949#46.73#27.92#25.35
-92.9868,37.0942#46.72#27.92#25.36
-92.9309,37.0936#46.69#27.93#25.38
-92.8749,37.0929#46.66#27.93#25.41
-92.819,37.0922#46.63#27.93#25.44
-92.7631,37.0914#46.6#27.93#25.47
-92.7071,37.0907#46.57#27.93#25.5
-92.6512,37.0899#46.54#27.93#25.53
-92.5953,37.0892#46.5#27.93#25.57
-92.5393,37.0884#46.47#27.93#25.6
-92.4834,37.0875#46.44#27.94#25.62
-92.4275,37.0867#46.39#27.94#25.67
-92.3715,37.0858#46.34#27.94#25.72
-92.3156,37.085#46.29#27.94#25.77
-92.2597,37.0841#46.24#27.94#25.82
-92.2038,37.0832#46.19#27.94#25.87
-92.1478,37.0822#46.14#27.95#25.91
-92.0919,37.0813#46.09#27.95#25.96
-92.036,37.0803#46.04#27.95#26.01
-91.9801,37.0793#45.97#27.95#26.08
-91.9242,37.0783#45.88#27.95#26.17
-91.8682,37.0773#45.78#27.95#26.27
-91.8123,37.0763#45.68#27.96#26.36
-91.7564,37.0752#45.59#27.96#26.45
-91.7005,37.0741#45.49#27.96#26.55
-91.6446,37.073#45.4#27.96#26.64
-91.5887,37.0719#45.3#27.96#26.74
-91.5327,37.0708#45.21#27.97#26.82
-91.4768,37.0696#45.09#27.97#26.94
-91.4209,37.0685#44.93#27.97#27.1
-91.365,37.0673#44.78#27.97#27.25
-91.3091,37.0661#44.62#27.97#27.41
-91.2532,37.0649#44.47#27.98#27.55
-91.1973,37.0636#44.32#27.98#27.7
-91.1414,37.0624#44.16#27.98#27.86
-91.0855,37.0611#44.01#27.98#28.01
-91.0296,37.0598#43.85#27.98#28.17
-90.9737,37.0585#43.7#27.99#28.31
-90.9178,37.0571#43.54#27.99#28.47
-90.8619,37.0558#43.39#27.99#28.62
-90.806,37.0544#43.23#27.99#28.78
-90.7501,37.053#43.08#28#28.92
-90.6942,37.0516#42.92#28#29.08
-90.6383,37.0502#42.77#28#29.23
-90.5824,37.0487#42.62#28#29.38
-90.5265,37.0473#42.46#28#29.54
-90.4707,37.0458#42.29#28.01#29.7
-90.4148,37.0443#42.1#28.01#29.89
-90.3589,37.0428#41.91#28.01#30.08
-90.303,37.0412#41.71#28.01#30.28
-90.2471,37.0397#41.52#28.02#30.46
-90.1913,37.0381#41.33#28.02#30.65
-90.1354,37.0365#41.14#28.02#30.84
-90.0795,37.0349#40.95#28.02#31.03
-90.0236,37.0333#40.75#28.03#31.22
-89.9678,37.0316#40.53#28.03#31.44
-89.9119,37.03#40.28#28.03#31.69
-89.856,37.0283#40.03#28.04#31.93
-89.8002,37.0266#39.78#28.04#32.18
-89.7443,37.0249#39.54#28.04#32.42
-89.6884,37.0231#39.29#28.05#32.66
-89.6326,37.0214#39.04#28.05#32.91
-89.5767,37.0196#38.8#28.05#33.15
-89.5208,37.0178#38.55#28.05#33.4
-89.465,37.016#38.29#28.06#33.65
-89.4091,37.0141#38.01#28.07#33.92
-89.3533,37.0123#37.74#28.07#34.19
-89.2974,37.0104#37.47#28.08#34.45
-89.2416,37.0085#37.2#28.09#34.71
-89.1857,37.0066#36.92#28.1#34.98
-89.1299,37.0047#36.65#28.1#35.25
-89.0741,37.0028#36.37#28.11#35.52
-89.0182,37.0008#36.1#28.12#35.78
-88.9624,36.9988#35.85#28.13#36.02
-88.9065,36.9968#35.61#28.14#36.25
-88.8507,36.9948#35.36#28.16#36.48
-88.7949,36.9928#35.12#28.17#36.71
-88.739,36.9907#34.88#28.18#36.94
-88.6832,36.9887#34.64#28.19#37.17
-88.6274,36.9866#34.4#28.21#37.39
-88.5716,36.9845#34.16#28.22#37.62
-88.5157,36.9823#33.92#28.23#37.85
-88.4599,36.9802#33.71#28.25#38.04
-88.4041,36.978#33.51#28.26#38.23
-88.3483,36.9759#33.31#28.27#38.42
-88.2925,36.9737#33.11#28.28#38.61
-88.2367,36.9714#32.91#28.3#38.79
-88.1809,36.9692#32.71#28.31#38.98
-88.1251,36.967#32.51#28.32#39.17
-88.0693,36.9647#32.31#28.33#39.36
-88.0135,36.9624#32.11#28.35#39.54
-87.9577,36.9601#31.93#28.35#39.72
-87.9019,36.9578#31.76#28.35#39.89
-87.8461,36.9554#31.58#28.36#40.06
-87.7903,36.953#31.41#28.36#40.23
-87.7345,36.9507#31.23#28.36#40.41
-87.6787,36.9483#31.05#28.36#40.59
-87.6229,36.9458#30.88#28.37#40.75
-87.5671,36.9434#30.7#28.37#40.93
-87.5114,36.941#30.53#28.37#41.1
-87.4556,36.9385#30.35#28.36#41.29
-87.3998,36.936#30.17#28.34#41.49
-87.344,36.9335#29.99#28.32#41.69
-87.2883,36.9309#29.81#28.31#41.88
-87.2325,36.9284#29.62#28.29#42.09
-87.1767,36.9258#29.44#28.27#42.29
-87.121,36.9232#29.26#28.25#42.49
-87.0652,36.9206#29.08#28.24#42.68
-87.0095,36.918#28.89#28.22#42.89
-86.9537,36.9154#28.75#28.2#43.05
-86.898,36.9127#28.62#28.19#43.19
-86.8422,36.9101#28.49#28.17#43.34
-86.7865,36.9074#28.36#28.16#43.48
-86.7307,36.9046#28.23#28.15#43.62
-86.675,36.9019#28.1#28.13#43.77
-104.222,36.9002#46.93#26.62#26.45
-104.166,36.9032#46.93#26.62#26.45
-104.11,36.9062#46.93#26.61#26.46
-104.055,36.9092#46.93#26.6#26.47
-103.999,36.9122#46.93#26.59#26.48
-103.943,36.9152#46.93#26.59#26.48
-103.887,36.9181#46.93#26.58#26.49
-103.832,36.921#46.93#26.58#26.49
-103.776,36.9239#46.93#26.57#26.5
-103.72,36.9268#46.93#26.57#26.5
-103.664,36.9296#46.93#26.57#26.5
-103.609,36.9325#46.93#26.56#26.51
-103.553,36.9353#46.93#26.56#26.51
-103.497,36.9381#46.93#26.55#26.52
-103.441,36.9409#46.93#26.55#26.52
-103.386,36.9437#46.93#26.55#26.52
-103.33,36.9464#46.93#26.54#26.53
-103.274,36.9492#46.93#26.54#26.53
-103.218,36.9519#46.93#26.54#26.53
-103.163,36.9546#46.93#26.53#26.54
-103.107,36.9572#46.93#26.53#26.54
-103.051,36.9599#46.93#26.53#26.54
-102.995,36.9625#46.93#26.52#26.55
-102.94,36.9652#46.93#26.53#26.54
-102.884,36.9678#46.93#26.53#26.54
-102.828,36.9704#46.93#26.54#26.53
-102.772,36.9729#46.93#26.54#26.53
-102.716,36.9755#46.93#26.55#26.52
-102.661,36.978#46.93#26.55#26.52
-102.605,36.9805#46.93#26.56#26.51
-102.549,36.983#46.93#26.56#26.51
-102.493,36.9855#46.93#26.57#26.5
-102.437,36.9879#46.93#26.6#26.47
-102.382,36.9904#46.93#26.62#26.45
-102.326,36.9928#46.93#26.65#26.42
-102.27,36.9952#46.93#26.68#26.39
-102.214,36.9976#46.93#26.7#26.37
-102.158,36.9999#46.93#26.73#26.34
-102.103,37.0023#46.93#26.76#26.31
-102.047,37.0046#46.93#26.79#26.28
-101.991,37.0069#46.93#26.82#26.25
-101.935,37.0092#46.93#26.86#26.21
-101.879,37.0115#46.93#26.9#26.17
-101.823,37.0137#46.93#26.95#26.12
-101.768,37.016#46.93#26.99#26.08
-101.712,37.0182#46.93#27.03#26.04
-101.656,37.0204#46.93#27.07#26
-101.6,37.0226#46.93#27.12#25.95
-101.544,37.0247#46.93#27.16#25.91
-101.488,37.0269#46.93#27.2#25.87
-101.433,37.029#46.93#27.23#25.84
-101.377,37.0311#46.93#27.26#25.81
-101.321,37.0332#46.93#27.28#25.79
-101.265,37.0353#46.93#27.31#25.76
-101.209,37.0373#46.93#27.33#25.74
-101.153,37.0394#46.93#27.36#25.71
-101.098,37.0414#46.93#27.39#25.68
-101.042,37.0434#46.93#27.41#25.66
-100.986,37.0454#46.93#27.43#25.64
-100.93,37.0473#46.93#27.44#25.63
-100.874,37.0493#46.93#27.45#25.62
-100.818,37.0512#46.93#27.46#25.61
-100.762,37.0531#46.93#27.46#25.61
-100.706,37.055#46.93#27.47#25.6
-100.651,37.0569#46.93#27.48#25.59
-100.595,37.0587#46.93#27.49#25.58
-100.539,37.0605#46.93#27.49#25.58
-100.483,37.0623#46.93#27.5#25.57
-100.427,37.0641#46.93#27.5#25.57
-100.371,37.0659#46.93#27.5#25.57
-100.315,37.0677#46.93#27.5#25.57
-100.259,37.0694#46.93#27.51#25.56
-100.204,37.0711#46.93#27.51#25.56
-100.148,37.0728#46.93#27.51#25.56
-100.092,37.0745#46.93#27.51#25.56
-100.036,37.0762#46.93#27.51#25.56
-99.98,37.0778#46.93#27.55#25.52
-99.9241,37.0795#46.93#27.64#25.43
-99.8682,37.0811#46.93#27.73#25.34
-99.8123,37.0827#46.93#27.82#25.25
-99.7564,37.0843#46.93#27.91#25.16
-99.7005,37.0858#46.93#28#25.07
-99.6446,37.0873#46.93#28.09#24.98
-99.5887,37.0889#46.93#28.18#24.89
-99.5328,37.0904#46.93#28.27#24.8
-99.4768,37.0918#46.93#28.37#24.7
