-97.6847,27.9002#29.1#31.77#39.13
-97.6331,27.9011#29.1#31.85#39.05
-97.5815,27.9019#29.1#31.93#38.97
-97.5299,27.9028#29.1#32.02#38.88
-97.4783,27.9036#29.1#32.15#38.75
-97.4267,27.9045#29.1#32.35#38.55
-97.3751,27.9053#29.09#32.55#38.36
-97.3235,27.9061#29.08#32.75#38.17
-97.2719,27.9068#29.08#32.95#37.97
-97.2203,27.9076#29.07#33.15#37.78
-97.1687,27.9083#29.07#33.35#37.58
-97.117,27.909#29.06#33.55#37.39
-97.0654,27.9097#29.05#33.76#37.19
-97.0138,27.9104#29.05#33.96#36.99
-96.9622,27.9111#29.04#34.15#36.81
-96.9106,27.9118#29.02#34.34#36.64
-96.859,27.9124#29.01#34.53#36.46
-96.8074,27.913#28.99#34.72#36.29
-96.7558,27.9136#28.98#34.91#36.11
-96.7041,27.9142#28.97#35.1#35.93
-96.6525,27.9148#28.95#35.29#35.76
-96.6009,27.9153#28.94#35.48#35.58
-96.5493,27.9158#28.92#35.67#35.41
-96.4977,27.9163#28.91#35.86#35.23
-96.4461,27.9168#28.89#36.03#35.08
-96.3945,27.9173#28.87#36.2#34.93
-96.3428,27.9178#28.85#36.37#34.78
-96.2912,27.9182#28.83#36.54#34.63
-96.2396,27.9186#28.8#36.7#34.5
-96.188,27.9191#28.78#36.87#34.35
-96.1364,27.9194#28.76#37.04#34.2
-96.0848,27.9198#28.74#37.21#34.05
-96.0331,27.9202#28.72#37.38#33.9
-95.9815,27.9205#28.7#37.55#33.75
-95.9299,27.9208#28.68#37.7#33.62
-95.8783,27.9211#28.66#37.86#33.48
-95.8267,27.9214#28.63#38.01#33.36
-95.775,27.9217#28.61#38.17#33.22
-95.7234,27.9219#28.59#38.32#33.09
-95.6718,27.9222#28.57#38.48#32.95
-95.6202,27.9224#28.55#38.63#32.82
-95.5686,27.9226#28.53#38.79#32.68
-95.5169,27.9228#28.5#38.94#32.56
-95.4653,27.9229#28.49#39.13#32.38
-95.4137,27.9231#28.47#39.32#32.21
-95.3621,27.9232#28.46#39.52#32.02
-95.3104,27.9233#28.45#39.71#31.84
-95.2588,27.9234#28.43#39.91#31.66
-95.2072,27.9235#28.42#40.1#31.48
-95.1556,27.9236#28.41#40.3#31.29
-95.104,27.9236#28.39#40.49#31.12
-95.0523,27.9236#28.38#40.69#30.93
-95.0007,27.9237#28.37#40.89#30.74
-94.9491,27.9236#28.36#41.08#30.56
-94.8975,27.9236#28.35#41.27#30.38
-94.8458,27.9236#28.35#41.46#30.19
-94.7942,27.9235#28.34#41.66#30
-94.7426,27.9234#28.34#41.85#29.81
-94.691,27.9233#28.33#42.04#29.63
-94.6394,27.9232#28.32#42.23#29.45
-94.5877,27.9231#28.32#42.43#29.25
-94.5361,27.9229#28.31#42.62#29.07
-94.4845,27.9228#28.31#42.79#28.9
-94.4329,27.9226#28.3#42.9#28.8
-94.3813,27.9224#28.3#43.01#28.69
-94.3296,27.9222#28.3#43.11#28.59
-94.278,27.922#28.29#43.22#28.49
-94.2264,27.9217#28.29#43.33#28.38
-94.1748,27.9214#28.29#43.44#28.27
-94.1232,27.9211#28.28#43.55#28.17
-94.0715,27.9208#28.28#43.66#28.06
-94.0199,27.9205#28.28#43.77#27.95
-93.9683,27.9202#28.28#43.88#27.84
-93.9167,27.9198#28.28#43.99#27.73
-93.8651,27.9195#28.27#44.1#27.63
-93.8134,27.9191#28.27#44.21#27.52
-93.7618,27.9187#28.27#44.32#27.41
-93.7102,27.9182#28.27#44.43#27.3
-93.6586,27.9178#28.27#44.54#27.19
-93.607,27.9173#28.27#44.64#27.09
-93.5554,27.9168#28.27#44.75#26.98
-93.5037,27.9164#28.26#44.86#26.88
-93.4521,27.9158#28.26#44.94#26.8
-93.4005,27.9153#28.26#45.02#26.72
-93.3489,27.9148#28.26#45.09#26.65
-93.2973,27.9142#28.26#45.17#26.57
-93.2457,27.9136#28.26#45.24#26.5
-93.1941,27.913#28.26#45.32#26.42
-93.1424,27.9124#28.26#45.39#26.35
-93.0908,27.9118#28.26#45.47#26.27
-93.0392,27.9111#28.26#45.54#26.2
-92.9876,27.9105#28.26#45.62#26.12
-92.936,27.9098#28.26#45.67#26.07
-92.8844,27.9091#28.26#45.72#26.02
-92.8328,27.9083#28.26#45.77#25.97
-92.7812,27.9076#28.26#45.83#25.91
-92.7296,27.9069#28.26#45.88#25.86
-92.678,27.9061#28.26#45.93#25.81
-92.6263,27.9053#28.26#45.98#25.76
-92.5747,27.9045#28.26#46.04#25.7
-92.5231,27.9037#28.26#46.09#25.65
-92.4715,27.9028#28.26#46.13#25.61
-92.4199,27.902#28.26#46.17#25.57
-92.3683,27.9011#28.26#46.21#25.53
-92.3167,27.9002#28.26#46.24#25.5
-99.5951,27.9005#28.63#28.72#42.65
-99.5435,27.902#28.64#28.74#42.62
-99.4919,27.9035#28.64#28.77#42.59
-99.4403,27.905#28.66#28.85#42.49
-99.3887,27.9065#28.67#28.94#42.39
-99.3371,27.908#28.68#29.02#42.3
-99.2855,27.9094#28.69#29.11#42.2
-99.2339,27.9109#28.7#29.19#42.11
-99.1824,27.9123#28.71#29.27#42.02
-99.1308,27.9137#28.72#29.36#41.92
-99.0792,27.9151#28.73#29.44#41.83
-99.0276,27.9164#28.74#29.52#41.74
-98.976,27.9178#28.76#29.6#41.64
-98.9244,27.9191#28.78#29.69#41.53
-98.8728,27.9204#28.8#29.77#41.43
-98.8212,27.9217#28.81#29.85#41.34
-98.7696,27.923#28.83#29.93#41.24
-98.718,27.9242#28.85#30.01#41.14
-98.6664,27.9255#28.87#30.1#41.03
-98.6148,27.9267#28.89#30.18#40.93
-98.5632,27.9279#28.91#30.26#40.83
-98.5116,27.9291#28.93#30.34#40.73
-98.46,27.9303#28.94#30.42#40.64
-98.4083,27.9314#28.95#30.5#40.55
-98.3567,27.9326#28.97#30.59#40.44
-98.3051,27.9337#28.98#30.67#40.35
-98.2535,27.9348#28.99#30.75#40.26
-98.2019,27.9359#29#30.83#40.17
-98.1503,27.9369#29.02#30.91#40.07
-98.0987,27.938#29.03#30.99#39.98
-98.0471,27.939#29.04#31.07#39.89
-97.9954,27.94#29.06#31.15#39.79
-97.9438,27.941#29.06#31.23#39.71
-97.8922,27.942#29.06#31.31#39.63
-97.8406,27.943#29.06#31.38#39.56
-97.789,27.9439#29.07#31.46#39.47
-97.7373,27.9449#29.07#31.53#39.4
-97.6857,27.9458#29.07#31.61#39.32
-97.6341,27.9467#29.08#31.69#39.23
-97.5825,27.9476#29.08#31.76#39.16
-97.5309,27.9484#29.08#31.84#39.08
-97.4792,27.9493#29.08#31.96#38.96
-97.4276,27.9501#29.08#32.16#38.76
-97.376,27.9509#29.07#32.36#38.57
-97.3244,27.9517#29.07#32.56#38.37
-97.2727,27.9525#29.06#32.76#38.18
-97.2211,27.9532#29.06#32.96#37.98
-97.1695,27.9539#29.05#33.16#37.79
-97.1178,27.9547#29.05#33.36#37.59
-97.0662,27.9554#29.04#33.56#37.4
-97.0146,27.9561#29.03#33.76#37.21
-96.963,27.9567#29.02#33.95#37.03
-96.9113,27.9574#29.01#34.14#36.85
-96.8597,27.958#29#34.33#36.67
-96.8081,27.9586#28.98#34.52#36.5
-96.7564,27.9592#28.97#34.71#36.32
-96.7048,27.9598#28.96#34.9#36.14
-96.6532,27.9604#28.94#35.09#35.97
-96.6015,27.9609#28.93#35.28#35.79
-96.5499,27.9615#28.92#35.47#35.61
-96.4983,27.962#28.9#35.66#35.44
-96.4466,27.9625#28.88#35.82#35.3
-96.395,27.9629#28.86#35.99#35.15
-96.3434,27.9634#28.84#36.16#35
-96.2917,27.9638#28.82#36.32#34.86
-96.2401,27.9643#28.8#36.49#34.71
-96.1884,27.9647#28.78#36.66#34.56
-96.1368,27.9651#28.76#36.82#34.42
-96.0852,27.9654#28.74#36.99#34.27
-96.0335,27.9658#28.72#37.16#34.12
-95.9819,27.9661#28.7#37.32#33.98
-95.9302,27.9665#28.68#37.48#33.84
-95.8786,27.9668#28.66#37.63#33.71
-95.827,27.9671#28.63#37.79#33.58
-95.7753,27.9673#28.61#37.94#33.45
-95.7237,27.9676#28.59#38.1#33.31
-95.672,27.9678#28.57#38.25#33.18
-95.6204,27.968#28.55#38.41#33.04
-95.5688,27.9682#28.52#38.56#32.92
-95.5171,27.9684#28.5#38.72#32.78
-95.4655,27.9686#28.49#38.9#32.61
-95.4138,27.9687#28.47#39.09#32.44
-95.3622,27.9689#28.46#39.28#32.26
-95.3106,27.969#28.44#39.47#32.09
-95.2589,27.9691#28.43#39.66#31.91
-95.2073,27.9691#28.41#39.86#31.73
-95.1556,27.9692#28.4#40.05#31.55
-95.104,27.9692#28.39#40.24#31.37
-95.0524,27.9693#28.37#40.43#31.2
-95.0007,27.9693#28.36#40.62#31.02
-94.9491,27.9693#28.35#40.81#30.84
-94.8974,27.9692#28.34#41#30.66
-94.8458,27.9692#28.34#41.19#30.47
-94.7941,27.9691#28.33#41.39#30.28
-94.7425,27.9691#28.32#41.58#30.1
-94.6909,27.969#28.32#41.77#29.91
-94.6392,27.9689#28.31#41.96#29.73
-94.5876,27.9687#28.3#42.15#29.55
-94.5359,27.9686#28.3#42.34#29.36
-94.4843,27.9684#28.29#42.51#29.2
-94.4327,27.9682#28.29#42.63#29.08
-94.381,27.968#28.28#42.74#28.98
-94.3294,27.9678#28.28#42.86#28.86
-94.2777,27.9676#28.28#42.98#28.74
-94.2261,27.9673#28.27#43.1#28.63
-94.1745,27.9671#28.27#43.21#28.52
-94.1228,27.9668#28.27#43.33#28.4
-94.0712,27.9665#28.26#43.45#28.29
-94.0195,27.9661#28.26#43.57#28.17
-93.9679,27.9658#28.26#43.68#28.06
-93.9163,27.9655#28.26#43.8#27.94
-93.8646,27.9651#28.26#43.91#27.83
-93.813,27.9647#28.25#44.03#27.72
-93.7613,27.9643#28.25#44.14#27.61
-93.7097,27.9639#28.25#44.25#27.5
-93.6581,27.9634#28.25#44.37#27.38
-93.6064,27.963#28.25#44.48#27.27
-93.5548,27.9625#28.25#44.6#27.15
-93.5032,27.962#28.24#44.71#27.05
-93.4515,27.9615#28.24#44.79#26.97
-93.3999,27.9609#28.24#44.86#26.9
-93.3483,27.9604#28.24#44.94#26.82
-93.2966,27.9598#28.24#45.01#26.75
-93.245,27.9592#28.24#45.09#26.67
-93.1934,27.9586#28.24#45.17#26.59
-93.1417,27.958#28.24#45.24#26.52
-93.0901,27.9574#28.24#45.32#26.44
-93.0385,27.9567#28.24#45.39#26.37
-92.9868,27.9561#28.24#45.46#26.3
-92.9352,27.9554#28.24#45.52#26.24
-92.8836,27.9547#28.24#45.58#26.18
-92.832,27.954#28.24#45.63#26.13
-92.7803,27.9532#28.24#45.69#26.07
-92.7287,27.9525#28.24#45.75#26.01
-92.6771,27.9517#28.24#45.81#25.95
-92.6254,27.9509#28.24#45.86#25.9
-92.5738,27.9501#28.24#45.92#25.84
-92.5222,27.9493#28.24#45.98#25.78
-92.4706,27.9484#28.24#46.02#25.74
-92.4189,27.9476#28.24#46.07#25.69
-92.3673,27.9467#28.24#46.11#25.65
-92.3157,27.9458#28.24#46.15#25.61
-92.2641,27.9449#28.24#46.19#25.57
-92.2125,27.944#28.24#46.23#25.53
-92.1608,27.943#28.24#46.27#25.49
-92.1092,27.9421#28.24#46.31#25.45
-92.0576,27.9411#28.24#46.35#25.41
-92.006,27.9401#28.24#46.39#25.37
-91.9544,27.9391#28.24#46.42#25.34
-91.9028,27.938#28.24#46.44#25.32
-91.8511,27.937#28.24#46.46#25.3
-91.7995,27.9359#28.24#46.49#25.27
-91.7479,27.9348#28.24#46.51#25.25
-91.6963,27.9337#28.24#46.54#25.22
-91.6447,27.9326#28.23#46.56#25.21
-91.5931,27.9315#28.23#46.58#25.19
-91.5415,27.9303#28.23#46.61#25.16
-91.4899,27.9291#28.23#46.63#25.14
-91.4383,27.9279#28.23#46.64#25.13
-91.3867,27.9267#28.23#46.66#25.11
-91.3351,27.9255#28.23#46.67#25.1
-91.2834,27.9243#28.24#46.69#25.07
-91.2318,27.923#28.24#46.7#25.06
-91.1802,27.9217#28.24#46.72#25.04
-91.1286,27.9204#28.24#46.73#25.03
-91.077,27.9191#28.24#46.75#25.01
-91.0254,27.9178#28.24#46.76#25
-90.9739,27.9165#28.24#46.77#24.99
-90.9223,27.9151#28.24#46.78#24.98
-90.8707,27.9137#28.23#46.79#24.98
-90.8191,27.9123#28.23#46.8#24.97
-90.7675,27.9109#28.23#46.8#24.97
-90.7159,27.9095#28.23#46.81#24.96
-90.6643,27.908#28.23#46.82#24.95
-90.6127,27.9066#28.23#46.83#24.94
-90.5611,27.9051#28.23#46.84#24.93
-90.5095,27.9036#28.23#46.84#24.93
-90.458,27.902#28.28#46.85#24.87
-90.4064,27.9005#28.34#46.85#24.81
-100.938,27.9#28.56#30.05#41.39
-100.886,27.902#28.56#29.97#41.47
-100.835,27.904#28.56#29.88#41.56
-100.783,27.9059#28.56#29.8#41.64
-100.732,27.9079#28.56#29.71#41.73
-100.68,27.9098#28.56#29.63#41.81
-100.629,27.9117#28.56#29.54#41.9
-100.577,27.9136#28.55#29.45#42
-100.525,27.9154#28.55#29.36#42.09
-100.474,27.9173#28.55#29.28#42.17
-100.422,27.9191#28.55#29.19#42.26
-100.371,27.9209#28.55#29.1#42.35
-100.319,27.9227#28.55#29.02#42.43
-100.268,27.9245#28.55#28.93#42.52
-100.216,27.9263#28.55#28.84#42.61
-100.164,27.928#28.55#28.76#42.69
-100.113,27.9297#28.55#28.67#42.78
-100.061,27.9315#28.55#28.59#42.86
-100.01,27.9331#28.55#28.51#42.94
-99.958,27.9348#28.55#28.51#42.94
-99.9064,27.9365#28.56#28.53#42.91
-99.8548,27.9381#28.57#28.55#42.88
-99.8032,27.9397#28.58#28.58#42.84
-99.7516,27.9414#28.58#28.6#42.82
-99.7,27.9429#28.59#28.63#42.78
-99.6484,27.9445#28.6#28.65#42.75
-99.5968,27.9461#28.6#28.67#42.73
-99.5452,27.9476#28.61#28.7#42.69
-99.4936,27.9491#28.62#28.73#42.65
-99.442,27.9506#28.63#28.81#42.56
-99.3904,27.9521#28.64#28.9#42.46
-99.3388,27.9536#28.65#28.98#42.37
-99.2872,27.955#28.66#29.06#42.28
-99.2356,27.9565#28.67#29.14#42.19
-99.184,27.9579#28.68#29.23#42.09
-99.1323,27.9593#28.69#29.31#42
-99.0807,27.9607#28.7#29.39#41.91
-99.0291,27.962#28.71#29.47#41.82
-98.9775,27.9634#28.73#29.55#41.72
-98.9259,27.9647#28.75#29.63#41.62
-98.8743,27.966#28.77#29.71#41.52
-98.8226,27.9673#28.78#29.79#41.43
-98.771,27.9686#28.8#29.87#41.33
-98.7194,27.9698#28.82#29.95#41.23
-98.6678,27.9711#28.84#30.03#41.13
-98.6161,27.9723#28.86#30.11#41.03
-98.5645,27.9735#28.87#30.19#40.94
-98.5129,27.9747#28.89#30.27#40.84
-98.4613,27.9759#28.91#30.35#40.74
-98.4096,27.977#28.92#30.43#40.65
-98.358,27.9782#28.93#30.5#40.57
-98.3064,27.9793#28.95#30.58#40.47
-98.2548,27.9804#28.96#30.66#40.38
-98.2031,27.9815#28.97#30.73#40.3
-98.1515,27.9826#28.99#30.81#40.2
-98.0999,27.9836#29#30.88#40.12
-98.0482,27.9846#29.01#30.96#40.03
-97.9966,27.9857#29.03#31.04#39.93
-97.9449,27.9867#29.03#31.11#39.86
-97.8933,27.9876#29.03#31.18#39.79
-97.8417,27.9886#29.04#31.25#39.71
-97.79,27.9896#29.04#31.31#39.65
-97.7384,27.9905#29.05#31.38#39.57
-97.6868,27.9914#29.05#31.45#39.5
-97.6351,27.9923#29.05#31.52#39.43
-97.5835,27.9932#29.06#31.59#39.35
-97.5318,27.994#29.06#31.66#39.28
-97.4802,27.9949#29.06#31.78#39.16
-97.4285,27.9957#29.06#31.98#38.96
-97.3769,27.9965#29.05#32.17#38.78
-97.3252,27.9973#29.05#32.37#38.58
-97.2736,27.9981#29.04#32.57#38.39
-97.222,27.9988#29.04#32.77#38.19
-97.1703,27.9996#29.03#32.97#38
-97.1187,28.0003#29.03#33.17#37.8
-97.067,28.001#29.03#33.37#37.6
-97.0154,28.0017#29.02#33.57#37.41
-96.9637,28.0023#29.01#33.76#37.23
-96.9121,28.003#29#33.95#37.05
-96.8604,28.0036#28.99#34.14#36.87
-96.8088,28.0043#28.97#34.32#36.71
-96.7571,28.0049#28.96#34.51#36.53
-96.7054,28.0054#28.95#34.7#36.35
-96.6538,28.006#28.94#34.89#36.17
-96.6021,28.0065#28.92#35.08#36
-96.5505,28.0071#28.91#35.27#35.82
-96.4988,28.0076#28.9#35.45#35.65
-96.4472,28.0081#28.88#35.62#35.5
-96.3955,28.0086#28.86#35.78#35.36
-96.3439,28.009#28.84#35.95#35.21
-96.2922,28.0095#28.82#36.11#35.07
-96.2406,28.0099#28.8#36.28#34.92
-96.1889,28.0103#28.78#36.44#34.78
-96.1372,28.0107#28.76#36.6#34.64
-96.0856,28.0111#28.74#36.77#34.49
-96.0339,28.0114#28.72#36.93#34.35
-95.9823,28.0118#28.7#37.09#34.21
-95.9306,28.0121#28.68#37.25#34.07
-95.8789,28.0124#28.66#37.4#33.94
-95.8273,28.0127#28.63#37.56#33.81
-95.7756,28.0129#28.61#37.71#33.68
-95.724,28.0132#28.59#37.87#33.54
-95.6723,28.0134#28.57#38.02#33.41
-95.6206,28.0136#28.55#38.18#33.27
-95.569,28.0138#28.52#38.33#33.15
-95.5173,28.014#28.5#38.49#33.01
-95.4657,28.0142#28.48#38.67#32.85
-95.414,28.0143#28.47#38.85#32.68
-95.3623,28.0145#28.45#39.04#32.51
-95.3107,28.0146#28.44#39.23#32.33
-95.259,28.0147#28.42#39.42#32.16
-95.2074,28.0148#28.41#39.61#31.98
-95.1557,28.0148#28.39#39.8#31.81
-95.104,28.0149#28.38#39.98#31.64
-95.0524,28.0149#28.36#40.17#31.47
-95.0007,28.0149#28.35#40.36#31.29
-94.9491,28.0149#28.34#40.55#31.11
-94.8974,28.0149#28.33#40.74#30.93
-94.8457,28.0148#28.32#40.93#30.75
-94.7941,28.0148#28.32#41.12#30.56
-94.7424,28.0147#28.31#41.3#30.39
-94.6907,28.0146#28.3#41.49#30.21
-94.6391,28.0145#28.29#41.68#30.03
-94.5874,28.0143#28.29#41.87#29.84
-94.5358,28.0142#28.28#42.06#29.66
-94.4841,28.014#28.27#42.23#29.5
-94.4324,28.0139#28.27#42.36#29.37
-94.3808,28.0137#28.27#42.48#29.25
-94.3291,28.0134#28.26#42.61#29.13
-94.2775,28.0132#28.26#42.74#29
-94.2258,28.013#28.26#42.86#28.88
-94.1741,28.0127#28.25#42.99#28.76
-94.1225,28.0124#28.25#43.11#28.64
-94.0708,28.0121#28.25#43.24#28.51
-94.0192,28.0118#28.24#43.37#28.39
-93.9675,28.0114#28.24#43.49#28.27
-93.9158,28.0111#28.24#43.61#28.15
-93.8642,28.0107#28.24#43.73#28.03
-93.8125,28.0103#28.24#43.85#27.91
-93.7609,28.0099#28.23#43.96#27.81
-93.7092,28.0095#28.23#44.08#27.69
-93.6576,28.009#28.23#44.2#27.57
-93.6059,28.0086#28.23#44.32#27.45
-93.5543,28.0081#28.23#44.44#27.33
-93.5026,28.0076#28.23#44.56#27.21
-93.4509,28.0071#28.23#44.64#27.13
-93.3993,28.0066#28.22#44.71#27.07
-93.3476,28.006#28.22#44.79#26.99
-93.296,28.0054#28.22#44.86#26.92
-93.2443,28.0049#28.22#44.94#26.84
-93.1927,28.0043#28.22#45.01#26.77
-93.141,28.0037#28.22#45.09#26.69
-93.0894,28.003#28.22#45.16#26.62
-93.0377,28.0024#28.22#45.24#26.54
-92.9861,28.0017#28.22#45.31#26.47
-92.9344,28.001#28.22#45.37#26.41
-92.8828,28.0003#28.22#45.43#26.35
-92.8311,27.9996#28.22#45.5#26.28
-92.7795,27.9988#28.22#45.56#26.22
-92.7278,27.9981#28.22#45.62#26.16
-92.6762,27.9973#28.22#45.68#26.1
-92.6245,27.9965#28.22#45.74#26.04
-92.5729,27.9957#28.22#45.8#25.98
-92.5212,27.9949#28.22#45.86#25.92
-92.4696,27.9941#28.22#45.92#25.86
-92.418,27.9932#28.22#45.96#25.82
-92.3663,27.9923#28.22#46.01#25.77
-92.3147,27.9914#28.22#46.05#25.73
-92.263,27.9905#28.22#46.1#25.68
-92.2114,27.9896#28.22#46.14#25.64
-92.1598,27.9886#28.22#46.18#25.6
-92.1081,27.9877#28.22#46.23#25.55
-92.0565,27.9867#28.22#46.27#25.51
-92.0048,27.9857#28.22#46.32#25.46
-91.9532,27.9847#28.22#46.35#25.43
-91.9016,27.9836#28.22#46.37#25.41
-91.8499,27.9826#28.22#46.4#25.38
-91.7983,27.9815#28.22#46.43#25.35
-91.7467,27.9804#28.22#46.45#25.33
-91.695,27.9793#28.22#46.48#25.3
-91.6434,27.9782#28.22#46.51#25.27
-91.5918,27.9771#28.22#46.53#25.25
-91.5402,27.9759#28.22#46.56#25.22
-91.4885,27.9747#28.22#46.58#25.2
-91.4369,27.9736#28.22#46.6#25.18
-91.3853,27.9723#28.22#46.62#25.16
-91.3337,27.9711#28.22#46.63#25.15
-91.282,27.9699#28.22#46.65#25.13
-91.2304,27.9686#28.22#46.67#25.11
-91.1788,27.9673#28.22#46.68#25.1
-91.1272,27.9661#28.22#46.7#25.08
-91.0756,27.9647#28.22#46.72#25.06
-91.0239,27.9634#28.22#46.73#25.05
-90.9723,27.9621#28.22#46.75#25.03
-90.9207,27.9607#28.22#46.76#25.02
-90.8691,27.9593#28.22#46.77#25.01
-90.8175,27.9579#28.22#46.78#25
-90.7659,27.9565#28.22#46.78#25
-90.7143,27.9551#28.22#46.79#24.99
-90.6626,27.9536#28.22#46.8#24.98
-90.611,27.9522#28.22#46.81#24.97
-90.5594,27.9507#28.22#46.82#24.96
-90.5078,27.9492#28.22#46.83#24.95
-90.4562,27.9476#28.26#46.84#24.9
-90.4046,27.9461#28.32#46.84#24.84
-90.353,27.9446#28.38#46.85#24.77
-90.3014,27.943#28.43#46.85#24.72
-90.2498,27.9414#28.49#46.86#24.65
-90.1982,27.9398#28.55#46.86#24.59
-90.1466,27.9382#28.6#46.87#24.53
-90.095,27.9365#28.66#46.87#24.47
-90.0434,27.9349#28.72#46.87#24.41
-89.9918,27.9332#28.77#46.88#24.35
-89.9403,27.9315#28.83#46.88#24.29
-89.8887,27.9298#28.89#46.88#24.23
-89.8371,27.9281#28.95#46.89#24.16
-89.7855,27.9263#29#46.89#24.11
-89.7339,27.9246#29.06#46.89#24.05
-89.6823,27.9228#29.12#46.89#23.99
-89.6307,27.921#29.18#46.9#23.92
-89.5792,27.9192#29.23#46.9#23.87
-89.5276,27.9173#29.29#46.9#23.81
-89.476,27.9155#29.33#46.9#23.77
-89.4244,27.9136#29.35#46.9#23.75
-89.3729,27.9117#29.37#46.91#23.72
-89.3213,27.9098#29.39#46.91#23.7
-89.2697,27.9079#29.41#46.91#23.68
-89.2182,27.906#29.43#46.91#23.66
-89.1666,27.904#29.45#46.91#23.64
-89.115,27.902#29.47#46.91#23.62
-89.0635,27.9001#29.49#46.91#23.6
-101.971,27.9022#28.61#29.36#42.03
-101.92,27.9045#28.6#29.43#41.97
-101.868,27.9068#28.6#29.49#41.91
-101.817,27.9091#28.6#29.56#41.84
-101.765,27.9114#28.59#29.63#41.78
-101.714,27.9137#28.59#29.7#41.71
-101.662,27.9159#28.59#29.77#41.64
-101.611,27.9182#28.58#29.84#41.58
-101.559,27.9204#28.58#29.9#41.52
-101.508,27.9226#28.58#29.97#41.45
-101.456,27.9247#28.57#29.99#41.44
-101.404,27.9269#28.57#30#41.43
-101.353,27.9291#28.57#30.02#41.41
-101.301,27.9312#28.57#30.03#41.4
-101.25,27.9333#28.57#30.04#41.39
-101.198,27.9354#28.56#30.05#41.39
-101.147,27.9375#28.56#30.06#41.38
-101.095,27.9395#28.56#30.06#41.38
-101.043,27.9416#28.56#30.07#41.37
-100.992,27.9436#28.55#30.06#41.39
-100.94,27.9456#28.55#29.97#41.48
-100.889,27.9476#28.55#29.88#41.57
-100.837,27.9496#28.55#29.79#41.66
-100.785,27.9515#28.55#29.71#41.74
-100.734,27.9534#28.55#29.62#41.83
-100.682,27.9554#28.54#29.53#41.93
-100.631,27.9573#28.54#29.44#42.02
-100.579,27.9591#28.54#29.35#42.11
-100.528,27.961#28.54#29.26#42.2
-100.476,27.9629#28.54#29.17#42.29
-100.424,27.9647#28.54#29.09#42.37
-100.373,27.9665#28.54#29.01#42.45
-100.321,27.9683#28.54#28.92#42.54
-100.27,27.9701#28.54#28.84#42.62
-100.218,27.9719#28.53#28.76#42.71
-100.166,27.9736#28.53#28.68#42.79
-100.115,27.9753#28.53#28.6#42.87
-100.063,27.977#28.53#28.52#42.95
-100.011,27.9787#28.53#28.44#43.03
-99.9599,27.9804#28.54#28.44#43.02
-99.9083,27.9821#28.54#28.47#42.99
-99.8567,27.9837#28.55#28.5#42.95
-99.805,27.9853#28.56#28.52#42.92
-99.7534,27.987#28.56#28.55#42.89
-99.7018,27.9885#28.57#28.58#42.85
-99.6502,27.9901#28.57#28.6#42.83
-99.5986,27.9917#28.58#28.63#42.79
-99.5469,27.9932#28.59#28.66#42.75
-99.4953,27.9947#28.59#28.69#42.72
-99.4437,27.9962#28.6#28.77#42.63
-99.3921,27.9977#28.61#28.85#42.54
-99.3404,27.9992#28.62#28.94#42.44
-99.2888,28.0006#28.63#29.02#42.35
-99.2372,28.0021#28.64#29.1#42.26
-99.1855,28.0035#28.66#29.18#42.16
-99.1339,28.0049#28.67#29.26#42.07
-99.0823,28.0063#28.68#29.34#41.98
-99.0306,28.0076#28.69#29.42#41.89
-98.979,28.009#28.7#29.5#41.8
-98.9274,28.0103#28.72#29.58#41.7
-98.8757,28.0116#28.73#29.66#41.61
-98.8241,28.0129#28.75#29.74#41.51
-98.7725,28.0142#28.77#29.82#41.41
-98.7208,28.0155#28.79#29.89#41.32
-98.6692,28.0167#28.8#29.97#41.23
-98.6175,28.0179#28.82#30.05#41.13
-98.5659,28.0191#28.84#30.12#41.04
-98.5142,28.0203#28.86#30.2#40.94
-98.4626,28.0215#28.87#30.28#40.85
-98.4109,28.0227#28.88#30.35#40.77
-98.3593,28.0238#28.9#30.42#40.68
-98.3076,28.0249#28.91#30.49#40.6
-98.256,28.026#28.93#30.56#40.51
-98.2043,28.0271#28.94#30.64#40.42
-98.1527,28.0282#28.96#30.71#40.33
-98.101,28.0292#28.97#30.78#40.25
-98.0494,28.0303#28.98#30.85#40.17
-97.9977,28.0313#29#30.92#40.08
-97.9461,28.0323#29#30.98#40.02
-97.8944,28.0333#29.01#31.05#39.94
-97.8428,28.0342#29.01#31.11#39.88
-97.7911,28.0352#29.02#31.17#39.81
-97.7394,28.0361#29.02#31.23#39.75
-97.6878,28.037#29.03#31.29#39.68
-97.6361,28.0379#29.03#31.36#39.61
-97.5845,28.0388#29.04#31.42#39.54
-97.5328,28.0396#29.04#31.48#39.48
-97.4811,28.0405#29.04#31.59#39.37
-97.4295,28.0413#29.04#31.79#39.17
-97.3778,28.0421#29.03#31.99#38.98
-97.3261,28.0429#29.03#32.18#38.79
-97.2745,28.0437#29.03#32.38#38.59
-97.2228,28.0444#29.02#32.58#38.4
-97.1711,28.0452#29.02#32.78#38.2
-97.1195,28.0459#29.02#32.98#38
-97.0678,28.0466#29.01#33.17#37.82
-97.0161,28.0473#29.01#33.37#37.62
-96.9645,28.048#29#33.56#37.44
-96.9128,28.0486#28.99#33.75#37.26
-96.8611,28.0493#28.97#33.94#37.09
-96.8094,28.0499#28.96#34.13#36.91
-96.7578,28.0505#28.95#34.31#36.74
-96.7061,28.0511#28.94#34.5#36.56
-96.6544,28.0516#28.93#34.69#36.38
-96.6028,28.0522#28.92#34.88#36.2
-96.5511,28.0527#28.9#35.06#36.04
-96.4994,28.0532#28.89#35.25#35.86
-96.4477,28.0537#28.87#35.41#35.72
-96.3961,28.0542#28.85#35.57#35.58
-96.3444,28.0546#28.83#35.74#35.43
-96.2927,28.0551#28.82#35.9#35.28
-96.241,28.0555#28.8#36.06#35.14
-96.1893,28.0559#28.78#36.22#35
-96.1377,28.0563#28.76#36.38#34.86
-96.086,28.0567#28.74#36.55#34.71
-96.0343,28.057#28.72#36.71#34.57
-95.9826,28.0574#28.7#36.87#34.43
-95.931,28.0577#28.68#37.02#34.3
-95.8793,28.058#28.66#37.18#34.16
-95.8276,28.0583#28.63#37.33#34.04
-95.7759,28.0586#28.61#37.49#33.9
-95.7242,28.0588#28.59#37.64#33.77
-95.6726,28.0591#28.57#37.8#33.63
-95.6209,28.0593#28.54#37.95#33.51
-95.5692,28.0595#28.52#38.11#33.37
-95.5175,28.0597#28.5#38.26#33.24
-95.4658,28.0598#28.48#38.44#33.08
-95.4142,28.06#28.47#38.62#32.91
-95.3625,28.0601#28.45#38.81#32.74
-95.3108,28.0602#28.43#38.99#32.58
-95.2591,28.0603#28.42#39.17#32.41
-95.2074,28.0604#28.4#39.36#32.24
-95.1558,28.0604#28.38#39.54#32.08
-95.1041,28.0605#28.37#39.73#31.9
-95.0524,28.0605#28.35#39.91#31.74
-95.0007,28.0605#28.33#40.1#31.57
-94.949,28.0605#28.33#40.28#31.39
-94.8974,28.0605#28.32#40.47#31.21
-94.8457,28.0605#28.31#40.66#31.03
-94.794,28.0604#28.3#40.85#30.85
-94.7423,28.0603#28.3#41.03#30.67
-94.6906,28.0602#28.29#41.22#30.49
-94.6389,28.0601#28.28#41.41#30.31
-94.5873,28.06#28.27#41.59#30.14
-94.5356,28.0598#28.26#41.78#29.96
-94.4839,28.0597#28.26#41.95#29.79
-94.4322,28.0595#28.25#42.09#29.66
-94.3805,28.0593#28.25#42.22#29.53
-94.3289,28.0591#28.25#42.36#29.39
-94.2772,28.0588#28.24#42.49#29.27
-94.2255,28.0586#28.24#42.63#29.13
-94.1738,28.0583#28.24#42.76#29
-94.1221,28.058#28.23#42.9#28.87
-94.0705,28.0577#28.23#43.03#28.74
-94.0188,28.0574#28.22#43.17#28.61
-93.9671,28.0571#28.22#43.29#28.49
-93.9154,28.0567#28.22#43.42#28.36
-93.8638,28.0563#28.22#43.54#28.24
-93.8121,28.0559#28.22#43.67#28.11
-93.7604,28.0555#28.22#43.79#27.99
-93.7087,28.0551#28.21#43.91#27.88
-93.6571,28.0547#28.21#44.04#27.75
-93.6054,28.0542#28.21#44.16#27.63
-93.5537,28.0537#28.21#44.28#27.51
-93.502,28.0532#28.21#44.41#27.38
-93.4504,28.0527#28.21#44.48#27.31
-93.3987,28.0522#28.21#44.56#27.23
-93.347,28.0516#28.2#44.63#27.17
-93.2953,28.0511#28.2#44.71#27.09
-93.2437,28.0505#28.2#44.78#27.02
-93.192,28.0499#28.2#44.86#26.94
-93.1403,28.0493#28.2#44.94#26.86
-93.0886,28.0486#28.2#45.01#26.79
-93.037,28.048#28.2#45.09#26.71
-92.9853,28.0473#28.2#45.16#26.64
-92.9336,28.0466#28.2#45.23#26.57
-92.882,28.0459#28.2#45.29#26.51
-92.8303,28.0452#28.2#45.36#26.44
-92.7786,28.0445#28.2#45.42#26.38
-92.727,28.0437#28.2#45.49#26.31
-92.6753,28.0429#28.2#45.56#26.24
-92.6236,28.0421#28.2#45.62#26.18
-92.572,28.0413#28.2#45.69#26.11
-92.5203,28.0405#28.2#45.75#26.05
-92.4686,28.0397#28.2#45.81#25.99
-92.417,28.0388#28.2#45.86#25.94
-92.3653,28.0379#28.2#45.91#25.89
-92.3137,28.037#28.2#45.95#25.85
-92.262,28.0361#28.2#46#25.8
-92.2103,28.0352#28.2#46.05#25.75
-92.1587,28.0342#28.2#46.1#25.7
-92.107,28.0333#28.2#46.15#25.65
-92.0554,28.0323#28.2#46.2#25.6
-92.0037,28.0313#28.2#46.24#25.56
-91.952,28.0303#28.2#46.28#25.52
-91.9004,28.0293#28.2#46.3#25.5
-91.8487,28.0282#28.2#46.33#25.47
-91.7971,28.0271#28.2#46.36#25.44
-91.7454,28.026#28.2#46.39#25.41
-91.6938,28.0249#28.2#46.42#25.38
-91.6421,28.0238#28.2#46.45#25.35
-91.5905,28.0227#28.2#46.48#25.32
-91.5388,28.0215#28.2#46.51#25.29
-91.4872,28.0204#28.2#46.54#25.26
-91.4355,28.0192#28.2#46.56#25.24
-91.3839,28.018#28.2#46.58#25.22
-91.3323,28.0167#28.2#46.59#25.21
-91.2806,28.0155#28.2#46.61#25.19
-91.229,28.0142#28.2#46.63#25.17
-91.1773,28.013#28.2#46.65#25.15
-91.1257,28.0117#28.2#46.67#25.13
-91.0741,28.0103#28.2#46.69#25.11
-91.0224,28.009#28.2#46.71#25.09
-90.9708,28.0077#28.2#46.72#25.08
-90.9191,28.0063#28.2#46.73#25.07
-90.8675,28.0049#28.2#46.74#25.06
-90.8159,28.0035#28.2#46.75#25.05
-90.7643,28.0021#28.2#46.76#25.04
-90.7126,28.0007#28.2#46.78#25.02
-90.661,27.9992#28.2#46.79#25.01
-90.6094,27.9978#28.2#46.8#25
-90.5577,27.9963#28.2#46.81#24.99
-90.5061,27.9948#28.2#46.82#24.98
-90.4545,27.9933#28.25#46.82#24.93
-90.4029,27.9917#28.3#46.83#24.87
-90.3512,27.9902#28.36#46.83#24.81
-90.2996,27.9886#28.42#46.84#24.74
-90.248,27.987#28.47#46.85#24.68
-90.1964,27.9854#28.53#46.85#24.62
-90.1448,27.9838#28.59#46.86#24.55
-90.0932,27.9821#28.64#46.86#24.5
-90.0415,27.9805#28.7#46.87#24.43
-89.9899,27.9788#28.76#46.87#24.37
-89.9383,27.9771#28.81#46.87#24.32
-89.8867,27.9754#28.87#46.88#24.25
-89.8351,27.9737#28.93#46.88#24.19
-89.7835,27.9719#28.99#46.88#24.13
-89.7319,27.9701#29.04#46.89#24.07
-89.6803,27.9684#29.1#46.89#24.01
-89.6287,27.9666#29.16#46.89#23.95
-89.5771,27.9648#29.22#46.89#23.89
-89.5255,27.9629#29.27#46.9#23.83
-89.4739,27.9611#29.31#46.9#23.79
-89.4223,27.9592#29.33#46.9#23.77
-89.3707,27.9573#29.35#46.9#23.75
-89.3191,27.9554#29.37#46.9#23.73
-89.2675,27.9535#29.39#46.9#23.71
-89.216,27.9516#29.41#46.91#23.68
-89.1644,27.9496#29.43#46.91#23.66
-89.1128,27.9476#29.44#46.91#23.65
-89.0612,27.9456#29.46#46.91#23.63
-89.0096,27.9436#29.48#46.91#23.61
-88.958,27.9416#29.44#46.91#23.65
-88.9065,27.9396#29.38#46.91#23.71
-88.8549,27.9375#29.32#46.91#23.77
-88.8033,27.9354#29.26#46.91#23.83
-88.7517,27.9333#29.2#46.91#23.89
-88.7002,27.9312#29.14#46.92#23.94
-88.6486,27.9291#29.08#46.92#24
-88.597,27.927#29.02#46.92#24.06
-88.5455,27.9248#28.96#46.92#24.12
-88.4939,27.9226#28.9#46.92#24.18
-88.4423,27.9204#28.83#46.92#24.25
-88.3908,27.9182#28.77#46.92#24.31
-88.3392,27.916#28.7#46.92#24.38
-88.2877,27.9137#28.63#46.92#24.45
-88.2361,27.9115#28.57#46.92#24.51
-88.1846,27.9092#28.5#46.92#24.58
-88.133,27.9069#28.43#46.92#24.65
-88.0815,27.9046#28.37#46.92#24.71
-88.0299,27.9022#28.3#46.92#24.78
-102.953,27.9#28.73#28.85#42.42
-102.902,27.9027#28.73#28.86#42.41
-102.85,27.9054#28.72#28.87#42.41
-102.799,27.908#28.71#28.88#42.41
-102.747,27.9106#28.7#28.89#42.41
-102.696,27.9132#28.69#28.9#42.41
-102.644,27.9158#28.69#28.91#42.4
-102.593,27.9183#28.68#28.92#42.4
-102.541,27.9209#28.67#28.93#42.4
-102.49,27.9234#28.66#28.95#42.39
-102.438,27.9259#28.65#28.99#42.36
-102.387,27.9284#28.65#29.04#42.31
-102.335,27.9309#28.64#29.08#42.28
-102.284,27.9334#28.64#29.12#42.24
-102.232,27.9358#28.63#29.17#42.2
-102.18,27.9382#28.63#29.21#42.16
-102.129,27.9406#28.62#29.26#42.12
-102.077,27.943#28.61#29.3#42.09
-102.026,27.9454#28.61#29.35#42.04
-101.974,27.9477#28.6#29.41#41.99
-101.923,27.9501#28.6#29.47#41.93
-101.871,27.9524#28.6#29.54#41.86
-101.819,27.9547#28.59#29.6#41.81
-101.768,27.957#28.59#29.67#41.74
-101.716,27.9592#28.58#29.73#41.69
-101.665,27.9615#28.58#29.8#41.62
-101.613,27.9637#28.58#29.86#41.56
-101.562,27.9659#28.57#29.92#41.51
-101.51,27.9681#28.57#29.99#41.44
-101.458,27.9703#28.57#30#41.43
-101.407,27.9725#28.56#30.01#41.43
-101.355,27.9746#28.56#30.01#41.43
-101.304,27.9768#28.56#30.01#41.43
-101.252,27.9789#28.56#30.01#41.43
-101.2,27.981#28.55#30.01#41.44
-101.149,27.983#28.55#30#41.45
-101.097,27.9851#28.55#30#41.45
-101.046,27.9871#28.55#30#41.45
-100.994,27.9892#28.54#29.98#41.48
-100.942,27.9912#28.54#29.89#41.57
-100.891,27.9932#28.54#29.8#41.66
-100.839,27.9951#28.54#29.71#41.75
-100.788,27.9971#28.54#29.61#41.85
-100.736,27.999#28.53#29.52#41.95
-100.684,28.0009#28.53#29.43#42.04
-100.633,28.0029#28.53#29.34#42.13
-100.581,28.0047#28.53#29.24#42.23
-100.53,28.0066#28.53#29.15#42.32
-100.478,28.0085#28.52#29.06#42.42
-100.426,28.0103#28.52#28.99#42.49
-100.375,28.0121#28.52#28.91#42.57
-100.323,28.0139#28.52#28.83#42.65
-100.272,28.0157#28.52#28.75#42.73
-100.22,28.0175#28.52#28.68#42.8
-100.168,28.0192#28.52#28.6#42.88
-100.117,28.0209#28.52#28.53#42.95
-100.065,28.0226#28.52#28.45#43.03
-100.013,28.0243#28.52#28.38#43.1
-99.9618,28.026#28.52#28.38#43.1
-99.9101,28.0277#28.52#28.41#43.07
-99.8585,28.0293#28.53#28.44#43.03
-99.8069,28.0309#28.54#28.47#42.99
-99.7552,28.0325#28.54#28.5#42.96
-99.7036,28.0341#28.55#28.53#42.92
-99.652,28.0357#28.55#28.56#42.89
-99.6003,28.0373#28.56#28.59#42.85
-99.5487,28.0388#28.56#28.62#42.82
-99.497,28.0403#28.57#28.65#42.78
-99.4454,28.0418#28.58#28.73#42.69
-99.3937,28.0433#28.59#28.81#42.6
-99.3421,28.0448#28.6#28.89#42.51
-99.2904,28.0462#28.61#28.97#42.42
-99.2388,28.0477#28.62#29.05#42.33
-99.1871,28.0491#28.63#29.13#42.24
-99.1355,28.0505#28.64#29.21#42.15
-99.0838,28.0519#28.65#29.29#42.06
-99.0322,28.0532#28.66#29.38#41.96
-98.9805,28.0546#28.67#29.45#41.88
-98.9289,28.0559#28.69#29.53#41.78
-98.8772,28.0572#28.7#29.61#41.69
-98.8256,28.0585#28.72#29.68#41.6
-98.7739,28.0598#28.74#29.76#41.5
-98.7222,28.0611#28.75#29.83#41.42
-98.6706,28.0623#28.77#29.91#41.32
-98.6189,28.0635#28.79#29.98#41.23
-98.5672,28.0647#28.8#30.06#41.14
-98.5156,28.0659#28.82#30.13#41.05
-98.4639,28.0671#28.83#30.2#40.97
-98.4122,28.0683#28.85#30.27#40.88
-98.3606,28.0694#28.86#30.34#40.8
-98.3089,28.0705#28.88#30.4#40.72
-98.2572,28.0716#28.89#30.47#40.64
-98.2056,28.0727#28.91#30.54#40.55
-98.1539,28.0738#28.92#30.61#40.47
-98.1022,28.0748#28.94#30.67#40.39
-98.0505,28.0759#28.95#30.74#40.31
-97.9989,28.0769#28.97#30.8#40.23
-97.9472,28.0779#28.97#30.86#40.17
-97.8955,28.0789#28.98#30.92#40.1
-97.8438,28.0798#28.99#30.97#40.04
-97.7922,28.0808#28.99#31.03#39.98
-97.7405,28.0817#29#31.08#39.92
-97.6888,28.0826#29#31.14#39.86
-97.6371,28.0835#29.01#31.19#39.8
-97.5854,28.0844#29.01#31.25#39.74
-97.5338,28.0853#29.02#31.3#39.68
-97.4821,28.0861#29.02#31.41#39.57
-97.4304,28.0869#29.02#31.6#39.38
-97.3787,28.0877#29.02#31.8#39.18
-97.327,28.0885#29.01#32#38.99
-97.2753,28.0893#29.01#32.19#38.8
-97.2236,28.0901#29.01#32.39#38.6
-97.172,28.0908#29#32.59#38.41
-97.1203,28.0915#29#32.78#38.22
-97.0686,28.0922#29#32.98#38.02
-97.0169,28.0929#28.99#33.18#37.83
-96.9652,28.0936#28.99#33.37#37.64
-96.9135,28.0942#28.98#33.56#37.46
-96.8618,28.0949#28.96#33.74#37.3
-96.8101,28.0955#28.95#33.93#37.12
-96.7584,28.0961#28.94#34.11#36.95
-96.7067,28.0967#28.93#34.3#36.77
-96.6551,28.0972#28.92#34.49#36.59
-96.6034,28.0978#28.91#34.67#36.42
-96.5517,28.0983#28.9#34.86#36.24
-96.5,28.0988#28.89#35.05#36.06
-96.4483,28.0993#28.87#35.21#35.92
-96.3966,28.0998#28.85#35.37#35.78
-96.3449,28.1003#28.83#35.53#35.64
-96.2932,28.1007#28.81#35.69#35.5
-96.2415,28.1011#28.79#35.85#35.36
-96.1898,28.1015#28.78#36.01#35.21
-96.1381,28.1019#28.76#36.17#35.07
-96.0864,28.1023#28.74#36.33#34.93
-96.0347,28.1027#28.72#36.48#34.8
-95.983,28.103#28.7#36.64#34.66
-95.9313,28.1033#28.68#36.8#34.52
-95.8796,28.1036#28.66#36.95#34.39
-95.8279,28.1039#28.63#37.11#34.26
-95.7762,28.1042#28.61#37.26#34.13
-95.7245,28.1044#28.59#37.42#33.99
-95.6728,28.1047#28.57#37.57#33.86
-95.6211,28.1049#28.54#37.73#33.73
-95.5694,28.1051#28.52#37.88#33.6
-95.5177,28.1053#28.5#38.04#33.46
-95.466,28.1054#28.48#38.21#33.31
-95.4143,28.1056#28.46#38.39#33.15
-95.3626,28.1057#28.45#38.57#32.98
-95.3109,28.1058#28.43#38.75#32.82
-95.2592,28.1059#28.41#38.93#32.66
-95.2075,28.106#28.39#39.11#32.5
-95.1558,28.1061#28.38#39.29#32.33
-95.1041,28.1061#28.36#39.47#32.17
-95.0524,28.1061#28.34#39.65#32.01
-95.0007,28.1061#28.32#39.84#31.84
-94.949,28.1061#28.32#40.02#31.66
-94.8973,28.1061#28.31#40.21#31.48
-94.8456,28.1061#28.3#40.39#31.31
-94.7939,28.106#28.29#40.57#31.14
-94.7422,28.1059#28.28#40.76#30.96
-94.6905,28.1058#28.27#40.95#30.78
-94.6388,28.1057#28.26#41.13#30.61
-94.5871,28.1056#28.26#41.32#30.42
-94.5354,28.1054#28.25#41.5#30.25
-94.4837,28.1053#28.24#41.67#30.09
-94.432,28.1051#28.24#41.82#29.94
-94.3803,28.1049#28.23#41.96#29.81
-94.3286,28.1047#28.23#42.1#29.67
-94.2769,28.1044#28.23#42.25#29.52
-94.2252,28.1042#28.22#42.39#29.39
-94.1735,28.1039#28.22#42.53#29.25
-94.1218,28.1036#28.21#42.68#29.11
-94.0701,28.1033#28.21#42.82#28.97
-94.0184,28.103#28.21#42.97#28.82
-93.9667,28.1027#28.2#43.1#28.7
-93.915,28.1023#28.2#43.23#28.57
-93.8633,28.1019#28.2#43.36#28.44
-93.8116,28.1016#28.2#43.48#28.32
-93.7599,28.1011#28.2#43.61#28.19
-93.7082,28.1007#28.19#43.74#28.07
-93.6565,28.1003#28.19#43.87#27.94
-93.6048,28.0998#28.19#44#27.81
-93.5531,28.0993#28.19#44.13#27.68
-93.5015,28.0988#28.19#44.26#27.55
-93.4498,28.0983#28.19#44.33#27.48
-93.3981,28.0978#28.19#44.41#27.4
-93.3464,28.0973#28.19#44.48#27.33
-93.2947,28.0967#28.19#44.56#27.25
-93.243,28.0961#28.18#44.63#27.19
-93.1913,28.0955#28.18#44.71#27.11
-93.1396,28.0949#28.18#44.78#27.04
-93.0879,28.0943#28.18#44.86#26.96
-93.0362,28.0936#28.18#44.93#26.89
-92.9845,28.0929#28.18#45.01#26.81
-92.9328,28.0922#28.18#45.08#26.74
-92.8812,28.0915#28.18#45.15#26.67
-92.8295,28.0908#28.18#45.22#26.6
-92.7778,28.0901#28.18#45.29#26.53
-92.7261,28.0893#28.18#45.36#26.46
-92.6744,28.0886#28.18#45.43#26.39
-92.6227,28.0878#28.18#45.5#26.32
-92.571,28.087#28.18#45.57#26.25
-92.5194,28.0861#28.18#45.64#26.18
-92.4677,28.0853#28.18#45.7#26.12
-92.416,28.0844#28.18#45.75#26.07
-92.3643,28.0835#28.18#45.8#26.02
-92.3126,28.0827#28.18#45.86#25.96
-92.2609,28.0817#28.18#45.91#25.91
-92.2093,28.0808#28.18#45.96#25.86
-92.1576,28.0799#28.18#46.01#25.81
-92.1059,28.0789#28.18#46.07#25.75
-92.0542,28.0779#28.18#46.12#25.7
-92.0026,28.0769#28.18#46.17#25.65
-91.9509,28.0759#28.18#46.2#25.62
-91.8992,28.0749#28.18#46.24#25.58
-91.8475,28.0738#28.18#46.27#25.55
-91.7959,28.0727#28.18#46.3#25.52
-91.7442,28.0717#28.18#46.33#25.49
-91.6925,28.0706#28.18#46.37#25.45
-91.6409,28.0694#28.18#46.4#25.42
-91.5892,28.0683#28.18#46.43#25.39
-91.5375,28.0671#28.18#46.46#25.36
-91.4859,28.066#28.18#46.49#25.33
-91.4342,28.0648#28.18#46.51#25.31
-91.3825,28.0636#28.18#46.53#25.29
-91.3309,28.0623#28.18#46.56#25.26
-91.2792,28.0611#28.18#46.58#25.24
-91.2275,28.0598#28.18#46.6#25.22
-91.1759,28.0586#28.18#46.62#25.2
-91.1242,28.0573#28.18#46.64#25.18
-91.0726,28.056#28.18#46.66#25.16
-91.0209,28.0546#28.18#46.68#25.14
-90.9692,28.0533#28.18#46.7#25.12
-90.9176,28.0519#28.18#46.71#25.11
-90.8659,28.0505#28.18#46.72#25.1
-90.8143,28.0491#28.18#46.73#25.09
-90.7626,28.0477#28.18#46.74#25.08
-90.711,28.0463#28.18#46.76#25.06
-90.6593,28.0448#28.18#46.77#25.05
-90.6077,28.0434#28.18#46.78#25.04
-90.556,28.0419#28.18#46.79#25.03
-90.5044,28.0404#28.18#46.8#25.02
-90.4528,28.0388#28.23#46.81#24.96
-90.4011,28.0373#28.29#46.82#24.89
-90.3495,28.0358#28.34#46.82#24.84
-90.2978,28.0342#28.4#46.83#24.77
-90.2462,28.0326#28.45#46.83#24.72
-90.1946,28.031#28.51#46.84#24.65
-90.1429,28.0294#28.57#46.85#24.58
-90.0913,28.0277#28.62#46.85#24.53
-90.0397,28.0261#28.68#46.86#24.46
-89.988,28.0244#28.74#46.86#24.4
-89.9364,28.0227#28.8#46.87#24.33
-89.8848,28.021#28.85#46.87#24.28
-89.8331,28.0192#28.91#46.87#24.22
-89.7815,28.0175#28.97#46.88#24.15
-89.7299,28.0157#29.02#46.88#24.1
-89.6783,28.014#29.08#46.88#24.04
-89.6267,28.0122#29.14#46.89#23.97
-89.575,28.0103#29.2#46.89#23.91
-89.5234,28.0085#29.25#46.89#23.86
-89.4718,28.0067#29.29#46.9#23.81
-89.4202,28.0048#29.31#46.9#23.79
-89.3686,28.0029#29.33#46.9#23.77
-89.317,28.001#29.35#46.9#23.75
-89.2654,27.9991#29.37#46.9#23.73
-89.2137,27.9971#29.39#46.9#23.71
-89.1621,27.9952#29.4#46.91#23.69
-89.1105,27.9932#29.42#46.91#23.67
-89.0589,27.9912#29.44#46.91#23.65
-89.0073,27.9892#29.46#46.91#23.63
-88.9557,27.9872#29.41#46.91#23.68
-88.9041,27.9852#29.35#46.91#23.74
-88.8525,27.9831#29.29#46.91#23.8
-88.801,27.981#29.23#46.91#23.86
-88.7494,27.9789#29.17#46.91#23.92
-88.6978,27.9768#29.11#46.91#23.98
-88.6462,27.9747#29.05#46.91#24.04
-88.5946,27.9725#28.99#46.92#24.09
-88.543,27.9704#28.93#46.92#24.15
-88.4914,27.9682#28.87#46.92#24.21
-88.4398,27.966#28.8#46.92#24.28
-88.3883,27.9638#28.73#46.92#24.35
-88.3367,27.9616#28.67#46.92#24.41
-88.2851,27.9593#28.6#46.92#24.48
-88.2335,27.957#28.53#46.92#24.55
-88.182,27.9548#28.47#46.92#24.61
-88.1304,27.9525#28.4#46.92#24.68
-88.0788,27.9501#28.33#46.92#24.75
-88.0273,27.9478#28.27#46.92#24.81
-87.9757,27.9454#28.22#46.92#24.86
-87.9241,27.9431#28.19#46.92#24.89
-87.8726,27.9407#28.17#46.92#24.91
-87.821,27.9383#28.15#46.92#24.93
-87.7695,27.9359#28.12#46.92#24.96
-87.7179,27.9334#28.1#46.92#24.98
-87.6664,27.931#28.07#46.92#25.01
-87.6148,27.9285#28.05#46.92#25.03
-87.5633,27.926#28.02#46.92#25.06
-87.5117,27.9235#28#46.92#25.08
-87.4602,27.921#27.99#46.92#25.09
-87.4087,27.9184#27.98#46.92#25.1
-87.3571,27.9159#27.97#46.92#25.11
-87.3056,27.9133#27.97#46.92#25.11
-87.254,27.9107#27.96#46.92#25.12
-87.2025,27.9081#27.95#46.92#25.13
-87.151,27.9054#27.94#46.92#25.14
-87.0995,27.9028#27.93#46.92#25.15
-87.0479,27.9001#27.93#46.92#25.15
-103.781,27.9006#29.02#28.76#42.22
-103.729,27.9035#29#28.77#42.23
-103.678,27.9064#28.98#28.77#42.25
-103.626,27.9094#28.96#28.78#42.26
-103.575,27.9122#28.93#28.78#42.29
-103.523,27.9151#28.91#28.79#42.3
-103.472,27.918#28.89#28.79#42.32
-103.42,27.9208#28.88#28.8#42.32
-103.369,27.9236#28.87#28.8#42.33
-103.317,27.9264#28.85#28.81#42.34
-103.266,27.9292#28.84#28.81#42.35
-103.214,27.932#28.83#28.82#42.35
-103.163,27.9348#28.81#28.82#42.37
-103.111,27.9375#28.8#28.83#42.37
-103.06,27.9402#28.78#28.83#42.39
-103.008,27.9429#28.76#28.84#42.4
-102.957,27.9456#28.75#28.85#42.4
-102.905,27.9483#28.75#28.86#42.39
-102.853,27.9509#28.74#28.87#42.39
-102.802,27.9535#28.73#28.88#42.39
-102.75,27.9562#28.72#28.9#42.38
-102.699,27.9588#28.71#28.91#42.38
-102.647,27.9613#28.7#28.92#42.38
-102.596,27.9639#28.69#28.94#42.37
-102.544,27.9664#28.68#28.95#42.37
-102.493,27.969#28.67#28.97#42.36
-102.441,27.9715#28.66#29.02#42.32
-102.389,27.974#28.65#29.06#42.29
-102.338,27.9765#28.65#29.11#42.24
-102.286,27.9789#28.64#29.16#42.2
-102.235,27.9814#28.63#29.2#42.17
-102.183,27.9838#28.63#29.25#42.12
-102.132,27.9862#28.62#29.3#42.08
-102.08,27.9886#28.61#29.35#42.04
-102.028,27.9909#28.61#29.4#41.99
-101.977,27.9933#28.6#29.46#41.94
-101.925,27.9956#28.6#29.52#41.88
-101.874,27.998#28.59#29.58#41.83
-101.822,28.0003#28.59#29.64#41.77
-101.77,28.0025#28.58#29.7#41.72
-101.719,28.0048#28.58#29.76#41.66
-101.667,28.0071#28.57#29.83#41.6
-101.616,28.0093#28.57#29.89#41.54
-101.564,28.0115#28.56#29.95#41.49
-101.512,28.0137#28.56#30.01#41.43
-101.461,28.0159#28.56#30.01#41.43
-101.409,28.0181#28.55#30.01#41.44
-101.358,28.0202#28.55#30#41.45
-101.306,28.0223#28.55#29.99#41.46
-101.254,28.0244#28.55#29.98#41.47
-101.203,28.0265#28.54#29.97#41.49
-101.151,28.0286#28.54#29.95#41.51
-101.1,28.0307#28.54#29.94#41.52
-101.048,28.0327#28.53#29.92#41.55
-100.996,28.0347#28.53#29.9#41.57
-100.945,28.0368#28.53#29.81#41.66
-100.893,28.0387#28.53#29.71#41.76
-100.842,28.0407#28.53#29.62#41.85
-100.79,28.0427#28.52#29.52#41.96
-100.738,28.0446#28.52#29.43#42.05
-100.687,28.0465#28.52#29.33#42.15
-100.635,28.0484#28.52#29.24#42.24
-100.583,28.0503#28.51#29.14#42.35
-100.532,28.0522#28.51#29.04#42.45
-100.48,28.054#28.51#28.96#42.53
-100.428,28.0559#28.51#28.88#42.61
-100.377,28.0577#28.51#28.81#42.68
-100.325,28.0595#28.51#28.74#42.75
