-97.8021,32.9005#42.04#27.85#30.11
-97.7482,32.9015#41.94#27.76#30.3
-97.6944,32.9024#41.84#27.67#30.49
-97.6405,32.9033#41.74#27.59#30.67
-97.5866,32.9041#41.64#27.5#30.86
-97.5328,32.905#41.54#27.41#31.05
-97.4789,32.9058#41.44#27.35#31.21
-97.4251,32.9066#41.33#27.32#31.35
-97.3712,32.9074#41.23#27.29#31.48
-97.3173,32.9082#41.13#27.26#31.61
-97.2635,32.909#41.02#27.23#31.75
-97.2096,32.9097#40.92#27.2#31.88
-97.1557,32.9105#40.82#27.17#32.01
-97.1019,32.9112#40.71#27.14#32.15
-97.048,32.9119#40.61#27.11#32.28
-96.9941,32.9125#40.51#27.09#32.4
-96.9403,32.9132#40.42#27.07#32.51
-96.8864,32.9138#40.33#27.06#32.61
-96.8325,32.9144#40.24#27.05#32.71
-96.7787,32.9151#40.15#27.04#32.81
-96.7248,32.9156#40.06#27.03#32.91
-96.6709,32.9162#39.97#27.01#33.02
-96.6171,32.9167#39.88#27#33.12
-96.5632,32.9173#39.79#26.99#33.22
-96.5093,32.9178#39.7#26.98#33.32
-96.4554,32.9183#39.61#26.97#33.42
-96.4016,32.9188#39.52#26.97#33.51
-96.3477,32.9192#39.43#26.96#33.61
-96.2938,32.9197#39.34#26.96#33.7
-96.2399,32.9201#39.25#26.95#33.8
-96.1861,32.9205#39.16#26.95#33.89
-96.1322,32.9209#39.07#26.94#33.99
-96.0783,32.9212#38.97#26.94#34.09
-96.0244,32.9216#38.88#26.94#34.18
-95.9706,32.9219#38.79#26.93#34.28
-95.9167,32.9222#38.7#26.93#34.37
-95.8628,32.9225#38.61#26.93#34.46
-95.8089,32.9228#38.52#26.92#34.56
-95.755,32.9231#38.42#26.92#34.66
-95.7012,32.9233#38.33#26.92#34.75
-95.6473,32.9235#38.24#26.92#34.84
-95.5934,32.9238#38.15#26.92#34.93
-95.5395,32.9239#38.06#26.91#35.03
-95.4857,32.9241#37.97#26.91#35.12
-95.4318,32.9243#37.88#26.91#35.21
-95.3779,32.9244#37.79#26.92#35.29
-95.324,32.9245#37.7#26.92#35.38
-95.2701,32.9246#37.61#26.92#35.47
-95.2163,32.9247#37.52#26.92#35.56
-95.1624,32.9248#37.43#26.93#35.64
-95.1085,32.9248#37.34#26.93#35.73
-95.0546,32.9248#37.25#26.93#35.82
-95.0007,32.9248#37.16#26.93#35.91
-94.9469,32.9248#37.07#26.95#35.98
-94.893,32.9248#36.98#26.97#36.05
-94.8391,32.9248#36.89#26.99#36.12
-94.7852,32.9247#36.8#27.01#36.19
-94.7313,32.9246#36.71#27.03#36.26
-94.6775,32.9245#36.62#27.05#36.33
-94.6236,32.9244#36.53#27.07#36.4
-94.5697,32.9243#36.43#27.09#36.48
-94.5158,32.9241#36.34#27.11#36.55
-94.462,32.9239#36.25#27.14#36.61
-94.4081,32.9238#36.16#27.18#36.66
-94.3542,32.9236#36.07#27.22#36.71
-94.3003,32.9233#35.98#27.26#36.76
-94.2464,32.9231#35.89#27.3#36.81
-94.1926,32.9228#35.8#27.34#36.86
-94.1387,32.9225#35.7#27.38#36.92
-94.0848,32.9223#35.61#27.41#36.98
-94.0309,32.9219#35.52#27.45#37.03
-93.9771,32.9216#35.43#27.49#37.08
-93.9232,32.9213#35.34#27.54#37.12
-93.8693,32.9209#35.24#27.58#37.18
-93.8154,32.9205#35.15#27.62#37.23
-93.7616,32.9201#35.06#27.66#37.28
-93.7077,32.9197#34.97#27.7#37.33
-93.6538,32.9192#34.87#27.74#37.39
-93.5999,32.9188#34.78#27.79#37.43
-93.5461,32.9183#34.69#27.83#37.48
-93.4922,32.9178#34.6#27.87#37.53
-93.4383,32.9173#34.51#27.89#37.6
-93.3844,32.9168#34.41#27.92#37.67
-93.3306,32.9162#34.32#27.94#37.74
-93.2767,32.9157#34.23#27.97#37.8
-93.2228,32.9151#34.14#27.99#37.87
-93.169,32.9145#34.05#28.02#37.93
-93.1151,32.9138#33.96#28.05#37.99
-93.0612,32.9132#33.87#28.07#38.06
-93.0073,32.9126#33.78#28.1#38.12
-92.9535,32.9119#33.7#28.12#38.18
-92.8996,32.9112#33.62#28.15#38.23
-92.8457,32.9105#33.54#28.17#38.29
-92.7919,32.9097#33.46#28.2#38.34
-92.738,32.909#33.38#28.22#38.4
-92.6842,32.9082#33.3#28.25#38.45
-92.6303,32.9075#33.22#28.28#38.5
-92.5764,32.9067#33.14#28.3#38.56
-92.5226,32.9058#33.06#28.33#38.61
-92.4687,32.905#32.98#28.36#38.66
-92.4148,32.9042#32.91#28.39#38.7
-92.361,32.9033#32.84#28.42#38.74
-92.3071,32.9024#32.78#28.45#38.77
-92.2533,32.9015#32.71#28.48#38.81
-92.1994,32.9006#32.64#28.51#38.85
-99.7421,32.9005#45.32#27.41#27.27
-99.6883,32.902#45.25#27.49#27.26
-99.6344,32.9036#45.19#27.57#27.24
-99.5806,32.9051#45.13#27.65#27.22
-99.5267,32.9066#45.07#27.73#27.2
-99.4729,32.9081#44.99#27.81#27.2
-99.4191,32.9096#44.91#27.9#27.19
-99.3652,32.9111#44.82#27.98#27.2
-99.3114,32.9125#44.74#28.07#27.19
-99.2575,32.914#44.66#28.15#27.19
-99.2037,32.9154#44.57#28.24#27.19
-99.1498,32.9168#44.49#28.32#27.19
-99.096,32.9182#44.41#28.41#27.18
-99.0421,32.9195#44.32#28.49#27.19
-98.9883,32.9208#44.24#28.57#27.19
-98.9344,32.9222#44.17#28.6#27.23
-98.8806,32.9235#44.1#28.64#27.26
-98.8267,32.9248#44.03#28.67#27.3
-98.7728,32.926#43.95#28.71#27.34
-98.719,32.9273#43.88#28.74#27.38
-98.6651,32.9285#43.81#28.78#27.41
-98.6113,32.9297#43.74#28.81#27.45
-98.5574,32.9309#43.67#28.85#27.48
-98.5035,32.9321#43.6#28.89#27.51
-98.4497,32.9333#43.49#28.82#27.69
-98.3958,32.9344#43.39#28.74#27.87
-98.3419,32.9355#43.28#28.66#28.06
-98.2881,32.9366#43.18#28.58#28.24
-98.2342,32.9377#43.07#28.51#28.42
-98.1803,32.9388#42.97#28.43#28.6
-98.1264,32.9398#42.87#28.35#28.78
-98.0726,32.9409#42.76#28.28#28.96
-98.0187,32.9419#42.66#28.2#29.14
-97.9648,32.9429#42.56#28.12#29.32
-97.9109,32.9439#42.46#28.03#29.51
-97.8571,32.9448#42.36#27.94#29.7
-97.8032,32.9458#42.27#27.86#29.87
-97.7493,32.9467#42.17#27.77#30.06
-97.6954,32.9476#42.07#27.68#30.25
-97.6416,32.9485#41.98#27.6#30.42
-97.5877,32.9494#41.88#27.51#30.61
-97.5338,32.9502#41.78#27.42#30.8
-97.4799,32.9511#41.69#27.36#30.95
-97.426,32.9519#41.58#27.33#31.09
-97.3721,32.9527#41.48#27.3#31.22
-97.3183,32.9535#41.38#27.27#31.35
-97.2644,32.9542#41.27#27.24#31.49
-97.2105,32.955#41.17#27.21#31.62
-97.1566,32.9557#41.07#27.18#31.75
-97.1027,32.9564#40.96#27.15#31.89
-97.0488,32.9571#40.86#27.12#32.02
-96.9949,32.9578#40.76#27.09#32.15
-96.941,32.9584#40.67#27.08#32.25
-96.8872,32.9591#40.58#27.07#32.35
-96.8333,32.9597#40.48#27.05#32.47
-96.7794,32.9603#40.39#27.04#32.57
-96.7255,32.9609#40.3#27.03#32.67
-96.6716,32.9614#40.21#27.02#32.77
-96.6177,32.962#40.12#27.01#32.87
-96.5638,32.9625#40.03#26.99#32.98
-96.5099,32.963#39.94#26.98#33.08
-96.456,32.9635#39.85#26.98#33.17
-96.4021,32.964#39.76#26.97#33.27
-96.3482,32.9645#39.66#26.97#33.37
-96.2943,32.9649#39.57#26.96#33.47
-96.2404,32.9653#39.48#26.96#33.56
-96.1865,32.9657#39.39#26.95#33.66
-96.1326,32.9661#39.3#26.95#33.75
-96.0787,32.9665#39.2#26.94#33.86
-96.0248,32.9668#39.11#26.94#33.95
-95.9709,32.9672#39.02#26.93#34.05
-95.917,32.9675#38.93#26.93#34.14
-95.8631,32.9678#38.83#26.93#34.24
-95.8092,32.9681#38.74#26.93#34.33
-95.7553,32.9683#38.65#26.93#34.42
-95.7015,32.9686#38.56#26.92#34.52
-95.6476,32.9688#38.46#26.92#34.62
-95.5937,32.969#38.37#26.92#34.71
-95.5398,32.9692#38.28#26.92#34.8
-95.4859,32.9694#38.18#26.92#34.9
-95.432,32.9695#38.09#26.92#34.99
-95.3781,32.9696#38#26.92#35.08
-95.3241,32.9698#37.91#26.93#35.16
-95.2702,32.9699#37.82#26.93#35.25
-95.2163,32.9699#37.73#26.93#35.34
-95.1624,32.97#37.64#26.94#35.42
-95.1085,32.97#37.55#26.94#35.51
-95.0546,32.9701#37.46#26.94#35.6
-95.0007,32.9701#37.37#26.95#35.68
-94.9468,32.9701#37.28#26.97#35.75
-94.8929,32.97#37.19#26.99#35.82
-94.839,32.97#37.1#27.01#35.89
-94.7851,32.9699#37.01#27.03#35.96
-94.7312,32.9699#36.92#27.05#36.03
-94.6773,32.9698#36.83#27.08#36.09
-94.6234,32.9696#36.74#27.1#36.16
-94.5695,32.9695#36.65#27.12#36.23
-94.5156,32.9694#36.56#27.14#36.3
-94.4617,32.9692#36.47#27.18#36.35
-94.4078,32.969#36.38#27.22#36.4
-94.3539,32.9688#36.29#27.25#36.46
-94.3,32.9686#36.2#27.29#36.51
-94.2461,32.9683#36.11#27.33#36.56
-94.1922,32.9681#36.01#27.37#36.62
-94.1383,32.9678#35.92#27.41#36.67
-94.0844,32.9675#35.83#27.45#36.72
-94.0305,32.9672#35.74#27.49#36.77
-93.9766,32.9668#35.65#27.53#36.82
-93.9227,32.9665#35.55#27.57#36.88
-93.8689,32.9661#35.46#27.61#36.93
-93.815,32.9657#35.37#27.65#36.98
-93.7611,32.9653#35.28#27.69#37.03
-93.7072,32.9649#35.18#27.73#37.09
-93.6533,32.9645#35.09#27.76#37.15
-93.5994,32.964#35#27.8#37.2
-93.5455,32.9635#34.91#27.84#37.25
-93.4916,32.963#34.81#27.88#37.31
-93.4377,32.9625#34.72#27.9#37.38
-93.3838,32.962#34.63#27.93#37.44
-93.3299,32.9615#34.54#27.95#37.51
-93.276,32.9609#34.45#27.97#37.58
-93.2221,32.9603#34.36#28#37.64
-93.1682,32.9597#34.27#28.02#37.71
-93.1143,32.9591#34.18#28.05#37.77
-93.0604,32.9584#34.09#28.07#37.84
-93.0066,32.9578#34#28.09#37.91
-92.9527,32.9571#33.92#28.12#37.96
-92.8988,32.9564#33.83#28.14#38.03
-92.8449,32.9557#33.75#28.17#38.08
-92.791,32.955#33.67#28.19#38.14
-92.7371,32.9542#33.58#28.22#38.2
-92.6832,32.9535#33.5#28.24#38.26
-92.6293,32.9527#33.42#28.27#38.31
-92.5755,32.9519#33.33#28.29#38.38
-92.5216,32.9511#33.25#28.31#38.44
-92.4677,32.9502#33.17#28.34#38.49
-92.4138,32.9494#33.1#28.37#38.53
-92.3599,32.9485#33.03#28.4#38.57
-92.3061,32.9476#32.95#28.43#38.62
-92.2522,32.9467#32.88#28.46#38.66
-92.1983,32.9458#32.81#28.49#38.7
-92.1444,32.9448#32.74#28.52#38.74
-92.0905,32.9439#32.66#28.55#38.79
-92.0367,32.9429#32.59#28.58#38.83
-91.9828,32.9419#32.52#28.61#38.87
-91.9289,32.9409#32.46#28.64#38.9
-91.875,32.9399#32.39#28.67#38.94
-91.8212,32.9388#32.33#28.7#38.97
-91.7673,32.9377#32.27#28.73#39
-91.7134,32.9367#32.2#28.76#39.04
-91.6596,32.9355#32.14#28.79#39.07
-91.6057,32.9344#32.08#28.82#39.1
-91.5518,32.9333#32.02#28.85#39.13
-91.498,32.9321#31.95#28.88#39.17
-91.4441,32.9309#31.88#28.91#39.21
-91.3902,32.9298#31.81#28.94#39.25
-91.3364,32.9285#31.73#28.97#39.3
-91.2825,32.9273#31.66#29#39.34
-91.2287,32.9261#31.58#29.03#39.39
-91.1748,32.9248#31.51#29.06#39.43
-91.1209,32.9235#31.44#29.09#39.47
-91.0671,32.9222#31.36#29.12#39.52
-91.0132,32.9209#31.29#29.15#39.56
-90.9594,32.9195#31.22#29.19#39.59
-90.9055,32.9182#31.16#29.24#39.6
-90.8517,32.9168#31.11#29.29#39.6
-90.7978,32.9154#31.05#29.34#39.61
-90.744,32.914#30.99#29.39#39.62
-90.6901,32.9126#30.93#29.44#39.63
-90.6363,32.9111#30.87#29.49#39.64
-90.5824,32.9097#30.81#29.54#39.65
-90.5286,32.9082#30.75#29.59#39.66
-90.4747,32.9067#30.7#29.64#39.66
-90.4209,32.9052#30.66#29.7#39.64
-90.3671,32.9036#30.63#29.76#39.61
-90.3132,32.9021#30.59#29.82#39.59
-90.2594,32.9005#30.55#29.87#39.58
-101.09,32.9005#46.45#27.1#26.45
-101.036,32.9025#46.43#27.09#26.48
-100.982,32.9045#46.4#27.09#26.51
-100.928,32.9065#46.37#27.08#26.55
-100.875,32.9085#46.34#27.08#26.58
-100.821,32.9104#46.31#27.07#26.62
-100.767,32.9124#46.27#27.07#26.66
-100.713,32.9143#46.24#27.06#26.7
-100.659,32.9162#46.21#27.06#26.73
-100.605,32.9181#46.18#27.05#26.77
-100.552,32.9199#46.15#27.05#26.8
-100.498,32.9218#46.11#27.05#26.84
-100.444,32.9236#46.07#27.04#26.89
-100.39,32.9254#46.03#27.04#26.93
-100.336,32.9272#45.98#27.04#26.98
-100.282,32.929#45.94#27.04#27.02
-100.229,32.9307#45.9#27.04#27.06
-100.175,32.9324#45.85#27.04#27.11
-100.121,32.9342#45.81#27.04#27.15
-100.067,32.9359#45.77#27.03#27.2
-100.013,32.9375#45.72#27.03#27.25
-99.9594,32.9392#45.67#27.09#27.24
-99.9055,32.9409#45.61#27.17#27.22
-99.8517,32.9425#45.55#27.25#27.2
-99.7978,32.9441#45.49#27.33#27.18
-99.744,32.9457#45.43#27.41#27.16
-99.6901,32.9473#45.37#27.49#27.14
-99.6363,32.9488#45.31#27.57#27.12
-99.5824,32.9503#45.25#27.65#27.1
-99.5285,32.9519#45.19#27.73#27.08
-99.4747,32.9534#45.12#27.81#27.07
-99.4208,32.9548#45.04#27.9#27.06
-99.3669,32.9563#44.96#27.98#27.06
-99.3131,32.9578#44.88#28.06#27.06
-99.2592,32.9592#44.8#28.15#27.05
-99.2053,32.9606#44.72#28.23#27.05
-99.1515,32.962#44.64#28.32#27.04
-99.0976,32.9634#44.56#28.4#27.04
-99.0437,32.9647#44.48#28.49#27.03
-98.9898,32.9661#44.4#28.56#27.04
-98.936,32.9674#44.33#28.6#27.07
-98.8821,32.9687#44.26#28.64#27.1
-98.8282,32.97#44.19#28.67#27.14
-98.7743,32.9712#44.12#28.71#27.17
-98.7205,32.9725#44.05#28.74#27.21
-98.6666,32.9737#43.98#28.78#27.24
-98.6127,32.9749#43.91#28.82#27.27
-98.5588,32.9761#43.84#28.85#27.31
-98.5049,32.9773#43.77#28.89#27.34
-98.451,32.9785#43.67#28.82#27.51
-98.3971,32.9796#43.57#28.74#27.69
-98.3433,32.9807#43.47#28.67#27.86
-98.2894,32.9818#43.37#28.59#28.04
-98.2355,32.9829#43.27#28.52#28.21
-98.1816,32.984#43.17#28.44#28.39
-98.1277,32.9851#43.07#28.36#28.57
-98.0738,32.9861#42.96#28.29#28.75
-98.0199,32.9871#42.86#28.21#28.93
-97.966,32.9881#42.77#28.13#29.1
-97.9121,32.9891#42.68#28.04#29.28
-97.8582,32.9901#42.58#27.95#29.47
-97.8043,32.991#42.49#27.87#29.64
-97.7504,32.9919#42.4#27.78#29.82
-97.6965,32.9928#42.31#27.69#30
-97.6426,32.9937#42.21#27.61#30.18
-97.5887,32.9946#42.12#27.52#30.36
-97.5348,32.9954#42.03#27.43#30.54
-97.4809,32.9963#41.93#27.37#30.7
-97.427,32.9971#41.83#27.34#30.83
-97.3731,32.9979#41.73#27.3#30.97
-97.3192,32.9987#41.62#27.27#31.11
-97.2653,32.9994#41.52#27.24#31.24
-97.2114,33.0002#41.42#27.21#31.37
-97.1575,33.0009#41.31#27.18#31.51
-97.1035,33.0016#41.21#27.15#31.64
-97.0496,33.0023#41.11#27.12#31.77
-96.9957,33.003#41#27.09#31.91
-96.9418,33.0037#40.91#27.08#32.01
-96.8879,33.0043#40.82#27.07#32.11
-96.834,33.0049#40.73#27.06#32.21
-96.7801,33.0055#40.64#27.05#32.31
-96.7262,33.0061#40.55#27.03#32.42
-96.6723,33.0067#40.45#27.02#32.53
-96.6183,33.0072#40.36#27.01#32.63
-96.5644,33.0078#40.27#27#32.73
-96.5105,33.0083#40.18#26.98#32.84
-96.4566,33.0088#40.09#26.98#32.93
-96.4027,33.0092#39.99#26.97#33.04
-96.3488,33.0097#39.9#26.97#33.13
-96.2948,33.0101#39.81#26.96#33.23
-96.2409,33.0106#39.71#26.96#33.33
-96.187,33.011#39.62#26.95#33.43
-96.1331,33.0113#39.53#26.95#33.52
-96.0792,33.0117#39.44#26.95#33.61
-96.0253,33.0121#39.34#26.94#33.72
-95.9713,33.0124#39.25#26.94#33.81
-95.9174,33.0127#39.15#26.93#33.92
-95.8635,33.013#39.06#26.93#34.01
-95.8096,33.0133#38.97#26.93#34.1
-95.7557,33.0136#38.87#26.93#34.2
-95.7017,33.0138#38.78#26.93#34.29
-95.6478,33.014#38.69#26.92#34.39
-95.5939,33.0142#38.59#26.92#34.49
-95.54,33.0144#38.5#26.92#34.58
-95.486,33.0146#38.4#26.92#34.68
-95.4321,33.0147#38.31#26.92#34.77
-95.3782,33.0149#38.22#26.93#34.85
-95.3243,33.015#38.13#26.93#34.94
-95.2704,33.0151#38.04#26.94#35.02
-95.2164,33.0152#37.95#26.94#35.11
-95.1625,33.0152#37.86#26.95#35.19
-95.1086,33.0153#37.77#26.95#35.28
-95.0547,33.0153#37.68#26.96#35.36
-95.0007,33.0153#37.59#26.96#35.45
-94.9468,33.0153#37.5#26.99#35.51
-94.8929,33.0153#37.41#27.01#35.58
-94.839,33.0152#37.32#27.03#35.65
-94.7851,33.0152#37.23#27.06#35.71
-94.7311,33.0151#37.14#27.08#35.78
-94.6772,33.015#37.05#27.1#35.85
-94.6233,33.0149#36.96#27.13#35.91
-94.5694,33.0147#36.87#27.15#35.98
-94.5154,33.0146#36.78#27.17#36.05
-94.4615,33.0144#36.69#27.21#36.1
-94.4076,33.0142#36.6#27.25#36.15
-94.3537,33.014#36.51#27.29#36.2
-94.2998,33.0138#36.41#27.33#36.26
-94.2458,33.0136#36.32#27.37#36.31
-94.1919,33.0133#36.23#27.41#36.36
-94.138,33.013#36.14#27.45#36.41
-94.0841,33.0127#36.05#27.49#36.46
-94.0302,33.0124#35.96#27.53#36.51
-93.9762,33.0121#35.86#27.57#36.57
-93.9223,33.0117#35.77#27.6#36.63
-93.8684,33.0114#35.68#27.64#36.68
-93.8145,33.011#35.59#27.68#36.73
-93.7606,33.0106#35.49#27.71#36.8
-93.7066,33.0101#35.4#27.75#36.85
-93.6527,33.0097#35.31#27.78#36.91
-93.5988,33.0092#35.22#27.82#36.96
-93.5449,33.0088#35.12#27.86#37.02
-93.491,33.0083#35.03#27.89#37.08
-93.4371,33.0078#34.94#27.91#37.15
-93.3832,33.0072#34.85#27.94#37.21
-93.3292,33.0067#34.76#27.96#37.28
-93.2753,33.0061#34.67#27.98#37.35
-93.2214,33.0055#34.58#28#37.42
-93.1675,33.0049#34.49#28.02#37.49
-93.1136,33.0043#34.4#28.05#37.55
-93.0597,33.0037#34.31#28.07#37.62
-93.0058,33.003#34.22#28.09#37.69
-92.9519,33.0023#34.13#28.11#37.76
-92.8979,33.0017#34.05#28.14#37.81
-92.844,33.0009#33.96#28.16#37.88
-92.7901,33.0002#33.88#28.18#37.94
-92.7362,32.9995#33.79#28.21#38
-92.6823,32.9987#33.7#28.23#38.07
-92.6284,32.9979#33.62#28.25#38.13
-92.5745,32.9971#33.53#28.28#38.19
-92.5206,32.9963#33.45#28.3#38.25
-92.4667,32.9955#33.36#28.33#38.31
-92.4128,32.9946#33.29#28.36#38.35
-92.3589,32.9937#33.21#28.38#38.41
-92.305,32.9929#33.13#28.41#38.46
-92.2511,32.9919#33.06#28.44#38.5
-92.1972,32.991#32.98#28.47#38.55
-92.1433,32.9901#32.9#28.5#38.6
-92.0894,32.9891#32.83#28.52#38.65
-92.0355,32.9881#32.75#28.55#38.7
-91.9816,32.9871#32.68#28.58#38.74
-91.9277,32.9861#32.61#28.61#38.78
-91.8738,32.9851#32.54#28.64#38.82
-91.8199,32.984#32.48#28.67#38.85
-91.766,32.983#32.41#28.7#38.89
-91.7121,32.9819#32.34#28.73#38.93
-91.6582,32.9808#32.28#28.75#38.97
-91.6043,32.9797#32.21#28.78#39.01
-91.5505,32.9785#32.14#28.81#39.05
-91.4966,32.9773#32.08#28.84#39.08
-91.4427,32.9762#32.01#28.87#39.12
-91.3888,32.975#31.93#28.9#39.17
-91.3349,32.9738#31.86#28.93#39.21
-91.281,32.9725#31.79#28.96#39.25
-91.2272,32.9713#31.72#28.98#39.3
-91.1733,32.97#31.65#29.01#39.34
-91.1194,32.9687#31.57#29.04#39.39
-91.0655,32.9674#31.5#29.07#39.43
-91.0116,32.9661#31.43#29.1#39.47
-90.9578,32.9648#31.37#29.14#39.49
-90.9039,32.9634#31.31#29.19#39.5
-90.85,32.962#31.25#29.23#39.52
-90.7961,32.9606#31.19#29.28#39.53
-90.7423,32.9592#31.13#29.32#39.55
-90.6884,32.9578#31.07#29.37#39.56
-90.6345,32.9564#31.01#29.42#39.57
-90.5807,32.9549#30.95#29.46#39.59
-90.5268,32.9534#30.89#29.51#39.6
-90.4729,32.9519#30.84#29.56#39.6
-90.4191,32.9504#30.79#29.62#39.59
-90.3652,32.9489#30.75#29.67#39.58
-90.3114,32.9473#30.71#29.73#39.56
-90.2575,32.9457#30.67#29.79#39.54
-90.2037,32.9441#30.62#29.84#39.54
-90.1498,32.9425#30.58#29.9#39.52
-90.0959,32.9409#30.54#29.95#39.51
-90.0421,32.9393#30.5#30.01#39.49
-89.9882,32.9376#30.46#30.08#39.46
-89.9344,32.9359#30.42#30.18#39.4
-89.8806,32.9342#30.38#30.28#39.34
-89.8267,32.9325#30.34#30.38#39.28
-89.7729,32.9308#30.3#30.48#39.22
-89.719,32.929#30.26#30.58#39.16
-89.6652,32.9272#30.23#30.68#39.09
-89.6113,32.9255#30.19#30.79#39.02
-89.5575,32.9236#30.15#30.89#38.96
-89.5037,32.9218#30.11#30.99#38.9
-89.4498,32.92#30.06#31.1#38.84
-89.396,32.9181#30.01#31.2#38.79
-89.3422,32.9162#29.95#31.3#38.75
-89.2884,32.9143#29.9#31.41#38.69
-89.2345,32.9124#29.85#31.51#38.64
-89.1807,32.9105#29.8#31.62#38.58
-89.1269,32.9086#29.74#31.72#38.54
-89.0731,32.9066#29.69#31.83#38.48
-89.0192,32.9046#29.64#31.94#38.42
-88.9654,32.9026#29.54#32.05#38.41
-88.9116,32.9006#29.41#32.17#38.42
-102.169,32.9015#46.79#27.49#25.72
-102.115,32.9039#46.79#27.46#25.75
-102.061,32.9062#46.78#27.43#25.79
-102.007,32.9086#46.77#27.4#25.83
-101.953,32.9109#46.76#27.37#25.87
-101.9,32.9132#46.75#27.35#25.9
-101.846,32.9155#46.73#27.32#25.95
-101.792,32.9178#46.72#27.3#25.98
-101.738,32.92#46.71#27.27#26.02
-101.684,32.9223#46.7#27.25#26.05
-101.631,32.9245#46.68#27.22#26.1
-101.577,32.9267#46.67#27.2#26.13
-101.523,32.9289#46.66#27.17#26.17
-101.469,32.9311#46.64#27.16#26.2
-101.415,32.9332#46.62#27.15#26.23
-101.361,32.9353#46.6#27.14#26.26
-101.308,32.9374#46.58#27.13#26.29
-101.254,32.9395#46.56#27.12#26.32
-101.2,32.9416#46.53#27.11#26.36
-101.146,32.9437#46.51#27.11#26.38
-101.092,32.9457#46.49#27.1#26.41
-101.038,32.9477#46.47#27.09#26.44
-100.985,32.9497#46.45#27.08#26.47
-100.931,32.9517#46.42#27.08#26.5
-100.877,32.9537#46.39#27.07#26.54
-100.823,32.9556#46.36#27.07#26.57
-100.769,32.9576#46.33#27.06#26.61
-100.715,32.9595#46.3#27.06#26.64
-100.662,32.9614#46.27#27.06#26.67
-100.608,32.9633#46.24#27.05#26.71
-100.554,32.9651#46.21#27.05#26.74
-100.5,32.967#46.18#27.04#26.78
-100.446,32.9688#46.14#27.04#26.82
-100.392,32.9706#46.1#27.04#26.86
-100.338,32.9724#46.06#27.04#26.9
-100.285,32.9742#46.02#27.04#26.94
-100.231,32.9759#45.98#27.04#26.98
-100.177,32.9777#45.94#27.04#27.02
-100.123,32.9794#45.9#27.03#27.07
-100.069,32.9811#45.86#27.03#27.11
-100.015,32.9828#45.82#27.03#27.15
-99.9614,32.9844#45.76#27.09#27.15
-99.9075,32.9861#45.71#27.17#27.12
-99.8536,32.9877#45.65#27.25#27.1
-99.7997,32.9893#45.59#27.33#27.08
-99.7459,32.9909#45.53#27.41#27.06
-99.692,32.9925#45.48#27.49#27.03
-99.6381,32.994#45.42#27.57#27.01
-99.5842,32.9956#45.37#27.65#26.98
-99.5303,32.9971#45.31#27.72#26.97
-99.4765,32.9986#45.24#27.81#26.95
-99.4226,33.0001#45.17#27.89#26.94
-99.3687,33.0015#45.09#27.98#26.93
-99.3148,33.003#45.02#28.06#26.92
-99.2609,33.0044#44.94#28.15#26.91
-99.207,33.0058#44.86#28.23#26.91
-99.1531,33.0072#44.79#28.32#26.89
-99.0992,33.0086#44.71#28.4#26.89
-99.0453,33.0099#44.64#28.48#26.88
-98.9914,33.0113#44.56#28.56#26.88
-98.9375,33.0126#44.5#28.6#26.9
-98.8836,33.0139#44.43#28.63#26.94
-98.8297,33.0152#44.36#28.67#26.97
-98.7758,33.0165#44.29#28.71#27
-98.7219,33.0177#44.22#28.74#27.04
-98.668,33.0189#44.15#28.78#27.07
-98.6141,33.0202#44.08#28.82#27.1
-98.5602,33.0214#44.01#28.85#27.14
-98.5063,33.0225#43.94#28.89#27.17
-98.4524,33.0237#43.85#28.83#27.32
-98.3985,33.0248#43.75#28.75#27.5
-98.3446,33.026#43.65#28.67#27.68
-98.2907,33.0271#43.56#28.6#27.84
-98.2368,33.0282#43.46#28.52#28.02
-98.1828,33.0292#43.36#28.45#28.19
-98.1289,33.0303#43.26#28.37#28.37
-98.075,33.0313#43.17#28.29#28.54
-98.0211,33.0323#43.07#28.22#28.71
-97.9672,33.0333#42.98#28.14#28.88
-97.9133,33.0343#42.89#28.05#29.06
-97.8593,33.0353#42.8#27.96#29.24
-97.8054,33.0362#42.71#27.88#29.41
-97.7515,33.0371#42.63#27.79#29.58
-97.6976,33.0381#42.54#27.7#29.76
-97.6437,33.0389#42.45#27.62#29.93
-97.5897,33.0398#42.36#27.53#30.11
-97.5358,33.0407#42.27#27.44#30.29
-97.4819,33.0415#42.18#27.37#30.45
-97.428,33.0423#42.08#27.34#30.58
-97.374,33.0431#41.98#27.31#30.71
-97.3201,33.0439#41.87#27.28#30.85
-97.2662,33.0447#41.77#27.25#30.98
-97.2122,33.0454#41.67#27.22#31.11
-97.1583,33.0461#41.56#27.19#31.25
-97.1044,33.0469#41.46#27.16#31.38
-97.0505,33.0476#41.36#27.13#31.51
-96.9965,33.0482#41.25#27.1#31.65
-96.9426,33.0489#41.16#27.09#31.75
-96.8887,33.0495#41.07#27.07#31.86
-96.8347,33.0501#40.98#27.06#31.96
-96.7808,33.0507#40.88#27.05#32.07
-96.7269,33.0513#40.79#27.04#32.17
-96.6729,33.0519#40.7#27.02#32.28
-96.619,33.0524#40.6#27.01#32.39
-96.565,33.053#40.51#27#32.49
-96.5111,33.0535#40.42#26.99#32.59
-96.4572,33.054#40.32#26.98#32.7
-96.4032,33.0545#40.23#26.98#32.79
-96.3493,33.0549#40.14#26.97#32.89
-96.2954,33.0554#40.04#26.97#32.99
-96.2414,33.0558#39.95#26.96#33.09
-96.1875,33.0562#39.85#26.96#33.19
-96.1335,33.0566#39.76#26.95#33.29
-96.0796,33.0569#39.67#26.95#33.38
-96.0257,33.0573#39.57#26.94#33.49
-95.9717,33.0576#39.48#26.94#33.58
-95.9178,33.0579#39.38#26.94#33.68
-95.8638,33.0582#39.29#26.93#33.78
-95.8099,33.0585#39.19#26.93#33.88
-95.756,33.0588#39.1#26.93#33.97
-95.702,33.059#39#26.93#34.07
-95.6481,33.0593#38.91#26.93#34.16
-95.5941,33.0595#38.81#26.92#34.27
-95.5402,33.0596#38.72#26.92#34.36
-95.4862,33.0598#38.62#26.92#34.46
-95.4323,33.06#38.53#26.93#34.54
-95.3784,33.0601#38.44#26.93#34.63
-95.3244,33.0602#38.35#26.94#34.71
-95.2705,33.0603#38.26#26.95#34.79
-95.2165,33.0604#38.17#26.95#34.88
-95.1626,33.0605#38.08#26.96#34.96
-95.1086,33.0605#37.99#26.97#35.04
-95.0547,33.0605#37.9#26.97#35.13
-95.0007,33.0605#37.81#26.98#35.21
-94.9468,33.0605#37.72#27#35.28
-94.8929,33.0605#37.63#27.03#35.34
-94.8389,33.0605#37.54#27.05#35.41
-94.785,33.0604#37.45#27.08#35.47
-94.731,33.0603#37.36#27.1#35.54
-94.6771,33.0602#37.27#27.13#35.6
-94.6231,33.0601#37.18#27.15#35.67
-94.5692,33.06#37.09#27.18#35.73
-94.5153,33.0598#37#27.2#35.8
-94.4613,33.0597#36.91#27.24#35.85
-94.4074,33.0595#36.81#27.28#35.91
-94.3534,33.0593#36.72#27.32#35.96
-94.2995,33.059#36.63#27.36#36.01
-94.2455,33.0588#36.54#27.4#36.06
-94.1916,33.0585#36.45#27.45#36.1
-94.1377,33.0583#36.36#27.49#36.15
-94.0837,33.058#36.26#27.53#36.21
-94.0298,33.0576#36.17#27.57#36.26
-93.9758,33.0573#36.08#27.61#36.31
-93.9219,33.057#35.99#27.64#36.37
-93.868,33.0566#35.9#27.67#36.43
-93.814,33.0562#35.8#27.7#36.5
-93.7601,33.0558#35.71#27.74#36.55
-93.7061,33.0554#35.62#27.77#36.61
-93.6522,33.0549#35.52#27.8#36.68
-93.5983,33.0545#35.43#27.84#36.73
-93.5443,33.054#35.34#27.87#36.79
-93.4904,33.0535#35.25#27.9#36.85
-93.4364,33.053#35.16#27.92#36.92
-93.3825,33.0525#35.07#27.94#36.99
-93.3286,33.0519#34.98#27.96#37.06
-93.2746,33.0513#34.89#27.99#37.12
-93.2207,33.0508#34.8#28.01#37.19
-93.1668,33.0502#34.71#28.03#37.26
-93.1128,33.0495#34.62#28.05#37.33
-93.0589,33.0489#34.53#28.07#37.4
-93.005,33.0482#34.44#28.09#37.47
-92.951,33.0476#34.35#28.11#37.54
-92.8971,33.0469#34.26#28.13#37.61
-92.8432,33.0462#34.17#28.16#37.67
-92.7892,33.0454#34.08#28.18#37.74
-92.7353,33.0447#34#28.2#37.8
-92.6814,33.0439#33.91#28.22#37.87
-92.6275,33.0431#33.82#28.24#37.94
-92.5735,33.0423#33.73#28.27#38
-92.5196,33.0415#33.64#28.29#38.07
-92.4657,33.0407#33.56#28.31#38.13
-92.4118,33.0398#33.47#28.34#38.19
-92.3578,33.039#33.39#28.37#38.24
-92.3039,33.0381#33.31#28.39#38.3
-92.25,33.0372#33.23#28.42#38.35
-92.1961,33.0362#33.15#28.44#38.41
-92.1421,33.0353#33.07#28.47#38.46
-92.0882,33.0343#32.99#28.5#38.51
-92.0343,33.0334#32.91#28.52#38.57
-91.9804,33.0324#32.83#28.55#38.62
-91.9265,33.0313#32.76#28.58#38.66
-91.8726,33.0303#32.69#28.61#38.7
-91.8186,33.0293#32.62#28.64#38.74
-91.7647,33.0282#32.55#28.66#38.79
-91.7108,33.0271#32.48#28.69#38.83
-91.6569,33.026#32.41#28.72#38.87
-91.603,33.0249#32.34#28.75#38.91
-91.5491,33.0237#32.27#28.78#38.95
-91.4952,33.0226#32.2#28.8#39
-91.4413,33.0214#32.13#28.83#39.04
-91.3874,33.0202#32.06#28.86#39.08
-91.3335,33.019#31.99#28.89#39.12
-91.2796,33.0177#31.92#28.91#39.17
-91.2257,33.0165#31.85#28.94#39.21
-91.1718,33.0152#31.78#28.97#39.25
-91.1179,33.0139#31.71#29#39.29
-91.064,33.0126#31.64#29.02#39.34
-91.0101,33.0113#31.57#29.05#39.38
-90.9562,33.01#31.51#29.09#39.4
-90.9023,33.0086#31.45#29.13#39.42
-90.8484,33.0072#31.39#29.18#39.43
-90.7945,33.0059#31.33#29.22#39.45
-90.7406,33.0044#31.27#29.26#39.47
-90.6867,33.003#31.21#29.3#39.49
-90.6328,33.0016#31.15#29.35#39.5
-90.5789,33.0001#31.09#29.39#39.52
-90.525,32.9986#31.02#29.43#39.55
-90.4711,32.9971#30.97#29.48#39.55
-90.4173,32.9956#30.92#29.54#39.54
-90.3634,32.9941#30.88#29.59#39.53
-90.3095,32.9925#30.83#29.64#39.53
-90.2556,32.9909#30.78#29.7#39.52
-90.2017,32.9893#30.74#29.75#39.51
-90.1479,32.9877#30.69#29.81#39.5
-90.094,32.9861#30.64#29.86#39.5
-90.0401,32.9845#30.6#29.91#39.49
-89.9863,32.9828#30.55#29.98#39.47
-89.9324,32.9811#30.52#30.08#39.4
-89.8785,32.9794#30.48#30.17#39.35
-89.8247,32.9777#30.44#30.27#39.29
-89.7708,32.976#30.4#30.37#39.23
-89.7169,32.9742#30.36#30.47#39.17
-89.6631,32.9724#30.32#30.57#39.11
-89.6092,32.9707#30.28#30.67#39.05
-89.5553,32.9688#30.24#30.77#38.99
-89.5015,32.967#30.2#30.87#38.93
-89.4476,32.9652#30.15#30.97#38.88
-89.3938,32.9633#30.09#31.07#38.84
-89.3399,32.9614#30.04#31.17#38.79
-89.2861,32.9595#29.98#31.27#38.75
-89.2322,32.9576#29.93#31.37#38.7
-89.1784,32.9557#29.87#31.48#38.65
-89.1245,32.9537#29.82#31.58#38.6
-89.0707,32.9518#29.77#31.68#38.55
-89.0169,32.9498#29.71#31.78#38.51
-88.963,32.9478#29.61#31.9#38.49
-88.9092,32.9458#29.47#32.01#38.52
-88.8554,32.9437#29.34#32.13#38.53
-88.8015,32.9417#29.21#32.25#38.54
-88.7477,32.9396#29.08#32.37#38.55
-88.6939,32.9375#28.95#32.48#38.57
-88.64,32.9354#28.82#32.6#38.58
-88.5862,32.9333#28.69#32.72#38.59
-88.5324,32.9311#28.56#32.84#38.6
-88.4786,32.9289#28.44#32.97#38.59
-88.4248,32.9268#28.32#33.12#38.56
-88.3709,32.9246#28.2#33.28#38.52
-88.3171,32.9223#28.08#33.43#38.49
-88.2633,32.9201#27.96#33.59#38.45
-88.2095,32.9178#27.84#33.75#38.41
-88.1557,32.9156#27.72#33.9#38.38
-88.1019,32.9133#27.6#34.06#38.34
-88.0481,32.911#27.48#34.22#38.3
-87.9943,32.9086#27.37#34.37#38.26
-87.9405,32.9063#27.31#34.53#38.16
-87.8867,32.9039#27.26#34.68#38.06
-87.8329,32.9016#27.21#34.84#37.95
-103.14,32.9007#46.88#27.8#25.32
-103.086,32.9034#46.88#27.8#25.32
-103.032,32.9061#46.88#27.8#25.32
-102.978,32.9088#46.88#27.79#25.33
-102.925,32.9114#46.87#27.77#25.36
-102.871,32.9141#46.87#27.76#25.37
-102.817,32.9167#46.86#27.74#25.4
-102.763,32.9193#46.86#27.72#25.42
-102.709,32.9219#46.86#27.71#25.43
-102.656,32.9244#46.85#27.69#25.46
-102.602,32.927#46.85#27.67#25.48
-102.548,32.9295#46.84#27.66#25.5
-102.494,32.932#46.84#27.64#25.52
-102.44,32.9345#46.83#27.61#25.56
-102.387,32.937#46.83#27.58#25.59
-102.333,32.9394#46.82#27.55#25.63
-102.279,32.9419#46.82#27.52#25.66
-102.225,32.9443#46.81#27.49#25.7
-102.171,32.9467#46.8#27.47#25.73
-102.118,32.9491#46.8#27.44#25.76
-102.064,32.9514#46.79#27.41#25.8
-102.01,32.9538#46.79#27.38#25.83
-101.956,32.9561#46.78#27.35#25.87
-101.902,32.9584#46.76#27.33#25.91
-101.849,32.9607#46.75#27.3#25.95
-101.795,32.963#46.74#27.28#25.98
-101.741,32.9652#46.73#27.26#26.01
-101.687,32.9675#46.72#27.23#26.05
-101.633,32.9697#46.71#27.21#26.08
-101.579,32.9719#46.69#27.19#26.12
-101.526,32.9741#46.68#27.17#26.15
-101.472,32.9762#46.67#27.15#26.18
-101.418,32.9784#46.65#27.14#26.21
-101.364,32.9805#46.63#27.13#26.24
-101.31,32.9826#46.61#27.12#26.27
-101.256,32.9847#46.59#27.12#26.29
-101.202,32.9868#46.57#27.11#26.32
-101.149,32.9889#46.55#27.1#26.35
-101.095,32.9909#46.53#27.09#26.38
-101.041,32.9929#46.51#27.08#26.41
-100.987,32.9949#46.49#27.08#26.43
-100.933,32.9969#46.47#27.07#26.46
-100.879,32.9989#46.44#27.07#26.49
-100.825,33.0008#46.41#27.06#26.53
-100.772,33.0028#46.38#27.06#26.56
-100.718,33.0047#46.35#27.06#26.59
-100.664,33.0066#46.33#27.05#26.62
-100.61,33.0085#46.3#27.05#26.65
-100.556,33.0103#46.27#27.04#26.69
-100.502,33.0122#46.25#27.04#26.71
-100.448,33.014#46.21#27.04#26.75
-100.394,33.0158#46.17#27.04#26.79
-100.341,33.0176#46.13#27.04#26.83
-100.287,33.0194#46.09#27.04#26.87
-100.233,33.0211#46.06#27.03#26.91
-100.179,33.0229#46.02#27.03#26.95
-100.125,33.0246#45.98#27.03#26.99
-100.071,33.0263#45.94#27.03#27.03
-100.017,33.028#45.91#27.03#27.06
-99.9633,33.0296#45.86#27.08#27.06
-99.9094,33.0313#45.8#27.16#27.04
-99.8555,33.0329#45.75#27.24#27.01
-99.8017,33.0345#45.7#27.32#26.98
-99.7478,33.0361#45.64#27.4#26.96
-99.6939,33.0377#45.59#27.48#26.93
-99.64,33.0392#45.54#27.56#26.9
-99.586,33.0408#45.48#27.64#26.88
-99.5321,33.0423#45.43#27.72#26.85
-99.4782,33.0438#45.37#27.8#26.83
-99.4243,33.0453#45.3#27.89#26.81
-99.3704,33.0467#45.22#27.97#26.81
-99.3165,33.0482#45.15#28.06#26.79
-99.2626,33.0496#45.08#28.14#26.78
-99.2087,33.051#45.01#28.23#26.76
-99.1548,33.0524#44.94#28.31#26.75
-99.1009,33.0538#44.87#28.4#26.73
-99.0469,33.0552#44.8#28.48#26.72
-98.993,33.0565#44.72#28.56#26.72
-98.9391,33.0578#44.66#28.6#26.74
-98.8852,33.0591#44.59#28.63#26.78
-98.8313,33.0604#44.52#28.67#26.81
-98.7773,33.0617#44.45#28.71#26.84
-98.7234,33.0629#44.39#28.74#26.87
-98.6695,33.0642#44.32#28.78#26.9
-98.6156,33.0654#44.25#28.82#26.93
-98.5616,33.0666#44.18#28.85#26.97
-98.5077,33.0677#44.12#28.89#26.99
-98.4538,33.0689#44.03#28.83#27.14
-98.3998,33.0701#43.93#28.76#27.31
-98.3459,33.0712#43.84#28.68#27.48
-98.292,33.0723#43.74#28.6#27.66
-98.238,33.0734#43.65#28.53#27.82
-98.1841,33.0744#43.56#28.45#27.99
-98.1302,33.0755#43.46#28.38#28.16
-98.0762,33.0765#43.37#28.3#28.33
-98.0223,33.0775#43.28#28.23#28.49
-97.9684,33.0785#43.19#28.15#28.66
-97.9144,33.0795#43.1#28.06#28.84
-97.8605,33.0805#43.02#27.97#29.01
-97.8065,33.0814#42.94#27.89#29.17
-97.7526,33.0824#42.85#27.8#29.35
-97.6987,33.0833#42.77#27.71#29.52
-97.6447,33.0842#42.69#27.63#29.68
-97.5908,33.085#42.6#27.54#29.86
-97.5368,33.0859#42.52#27.45#30.03
-97.4829,33.0867#42.43#27.38#30.19
-97.4289,33.0875#42.33#27.35#30.32
-97.375,33.0883#42.22#27.32#30.46
-97.321,33.0891#42.12#27.29#30.59
-97.2671,33.0899#42.02#27.26#30.72
-97.2131,33.0906#41.91#27.23#30.86
-97.1592,33.0914#41.81#27.2#30.99
-97.1052,33.0921#41.71#27.16#31.13
-97.0513,33.0928#41.6#27.13#31.27
-96.9973,33.0934#41.5#27.1#31.4
-96.9434,33.0941#41.41#27.09#31.5
-96.8894,33.0947#41.31#27.08#31.61
-96.8355,33.0954#41.22#27.07#31.71
-96.7815,33.096#41.13#27.05#31.82
-96.7275,33.0966#41.03#27.04#31.93
-96.6736,33.0971#40.94#27.03#32.03
-96.6196,33.0977#40.84#27.02#32.14
-96.5657,33.0982#40.75#27#32.25
-96.5117,33.0987#40.66#26.99#32.35
-96.4578,33.0992#40.56#26.99#32.45
-96.4038,33.0997#40.47#26.98#32.55
-96.3498,33.1001#40.37#26.98#32.65
-96.2959,33.1006#40.28#26.97#32.75
-96.2419,33.101#40.18#26.97#32.85
-96.188,33.1014#40.09#26.96#32.95
-96.134,33.1018#39.99#26.96#33.05
-96.08,33.1022#39.9#26.95#33.15
-96.0261,33.1025#39.8#26.95#33.25
-95.9721,33.1029#39.71#26.94#33.35
-95.9181,33.1032#39.61#26.94#33.45
-95.8642,33.1035#39.51#26.94#33.55
-95.8102,33.1037#39.42#26.94#33.64
-95.7563,33.104#39.32#26.93#33.75
-95.7023,33.1042#39.23#26.93#33.84
-95.6483,33.1045#39.13#26.93#33.94
-95.5944,33.1047#39.03#26.93#34.04
-95.5404,33.1049#38.94#26.92#34.14
-95.4864,33.105#38.84#26.92#34.24
-95.4325,33.1052#38.75#26.93#34.32
-95.3785,33.1053#38.66#26.94#34.4
-95.3245,33.1054#38.57#26.95#34.48
-95.2706,33.1055#38.48#26.95#34.57
-95.2166,33.1056#38.39#26.96#34.65
-95.1626,33.1057#38.3#26.97#34.73
-95.1087,33.1057#38.21#26.98#34.81
-95.0547,33.1058#38.12#26.99#34.89
-95.0007,33.1058#38.03#26.99#34.98
-94.9468,33.1058#37.94#27.02#35.04
-94.8928,33.1057#37.85#27.05#35.1
-94.8388,33.1057#37.76#27.07#35.17
-94.7849,33.1056#37.67#27.1#35.23
-94.7309,33.1055#37.58#27.13#35.29
-94.677,33.1055#37.49#27.16#35.35
-94.623,33.1053#37.4#27.18#35.42
-94.569,33.1052#37.31#27.21#35.48
-94.5151,33.105#37.22#27.24#35.54
-94.4611,33.1049#37.12#27.27#35.61
-94.4071,33.1047#37.03#27.32#35.65
-94.3532,33.1045#36.94#27.36#35.7
-94.2992,33.1043#36.85#27.4#35.75
-94.2452,33.104#36.76#27.44#35.8
-94.1913,33.1038#36.67#27.48#35.85
-94.1373,33.1035#36.57#27.52#35.91
-94.0833,33.1032#36.48#27.56#35.96
-94.0294,33.1029#36.39#27.61#36
-93.9754,33.1025#36.3#27.64#36.06
-93.9215,33.1022#36.21#27.67#36.12
-93.8675,33.1018#36.11#27.7#36.19
-93.8135,33.1014#36.02#27.73#36.25
-93.7596,33.101#35.93#27.76#36.31
-93.7056,33.1006#35.83#27.79#36.38
-93.6517,33.1002#35.74#27.82#36.44
-93.5977,33.0997#35.65#27.85#36.5
-93.5437,33.0992#35.56#27.89#36.55
-93.4898,33.0987#35.46#27.91#36.63
-93.4358,33.0982#35.37#27.93#36.7
-93.3819,33.0977#35.29#27.95#36.76
-93.3279,33.0971#35.2#27.97#36.83
-93.2739,33.0966#35.11#27.99#36.9
-93.22,33.096#35.02#28.01#36.97
-93.166,33.0954#34.93#28.03#37.04
-93.1121,33.0948#34.84#28.05#37.11
-93.0581,33.0941#34.75#28.07#37.18
-93.0042,33.0935#34.66#28.09#37.25
-92.9502,33.0928#34.57#28.11#37.32
-92.8963,33.0921#34.48#28.13#37.39
-92.8423,33.0914#34.39#28.15#37.46
-92.7884,33.0907#34.29#28.17#37.54
-92.7344,33.0899#34.2#28.19#37.61
-92.6805,33.0891#34.11#28.21#37.68
-92.6265,33.0884#34.02#28.23#37.75
-92.5726,33.0876#33.93#28.25#37.82
-92.5186,33.0867#33.83#28.28#37.89
-92.4647,33.0859#33.75#28.3#37.95
-92.4107,33.0851#33.66#28.32#38.02
-92.3568,33.0842#33.58#28.35#38.07
-92.3028,33.0833#33.49#28.37#38.14
-92.2489,33.0824#33.41#28.4#38.19
-92.1949,33.0815#33.32#28.42#38.26
-92.141,33.0805#33.24#28.45#38.31
-92.0871,33.0796#33.15#28.47#38.38
-92.0331,33.0786#33.07#28.5#38.43
-91.9792,33.0776#32.99#28.52#38.49
-91.9253,33.0766#32.91#28.55#38.54
-91.8713,33.0755#32.84#28.58#38.58
-91.8174,33.0745#32.76#28.6#38.64
-91.7634,33.0734#32.69#28.63#38.68
-91.7095,33.0723#32.62#28.66#38.72
-91.6556,33.0712#32.54#28.68#38.78
-91.6016,33.0701#32.47#28.71#38.82
-91.5477,33.0689#32.4#28.74#38.86
-91.4938,33.0678#32.33#28.77#38.9
-91.4399,33.0666#32.26#28.79#38.95
-91.3859,33.0654#32.19#28.82#38.99
-91.332,33.0642#32.12#28.84#39.04
-91.2781,33.063#32.06#28.87#39.07
-91.2242,33.0617#31.99#28.9#39.11
-91.1702,33.0604#31.92#28.92#39.16
-91.1163,33.0592#31.85#28.95#39.2
-91.0624,33.0579#31.78#28.98#39.24
-91.0085,33.0565#31.72#29.01#39.27
-90.9545,33.0552#31.65#29.04#39.31
-90.9006,33.0538#31.59#29.08#39.33
-90.8467,33.0525#31.53#29.12#39.35
-90.7928,33.0511#31.47#29.16#39.37
-90.7389,33.0497#31.41#29.2#39.39
-90.685,33.0482#31.34#29.23#39.43
-90.6311,33.0468#31.28#29.27#39.45
-90.5772,33.0453#31.22#29.31#39.47
-90.5233,33.0438#31.16#29.35#39.49
-90.4693,33.0423#31.1#29.4#39.5
-90.4154,33.0408#31.05#29.45#39.5
-90.3615,33.0393#31#29.5#39.5
-90.3076,33.0377#30.95#29.56#39.49
-90.2537,33.0361#30.9#29.61#39.49
-90.1998,33.0345#30.85#29.66#39.49
-90.1459,33.0329#30.8#29.71#39.49
-90.092,33.0313#30.75#29.77#39.48
-90.0382,33.0297#30.7#29.82#39.48
-89.9843,33.028#30.65#29.88#39.47
-89.9304,33.0263#30.61#29.98#39.41
-89.8765,33.0246#30.57#30.07#39.36
-89.8226,33.0229#30.53#30.17#39.3
-89.7687,33.0212#30.49#30.26#39.25
-89.7148,33.0194#30.45#30.36#39.19
-89.6609,33.0176#30.41#30.45#39.14
-89.6071,33.0159#30.37#30.55#39.08
-89.5532,33.014#30.33#30.64#39.03
-89.4993,33.0122#30.29#30.74#38.97
-89.4454,33.0104#30.23#30.84#38.93
-89.3916,33.0085#30.17#30.94#38.89
-89.3377,33.0066#30.12#31.04#38.84
-89.2838,33.0047#30.06#31.13#38.81
-89.2299,33.0028#30.01#31.23#38.76
-89.1761,33.0009#29.95#31.33#38.72
-89.1222,32.9989#29.89#31.43#38.68
-89.0683,32.997#29.84#31.53#38.63
-89.0145,32.995#29.78#31.63#38.59
-88.9606,32.993#29.67#31.75#38.58
-88.9068,32.991#29.54#31.86#38.6
-88.8529,32.9889#29.41#31.98#38.61
-88.7991,32.9869#29.28#32.1#38.62
-88.7452,32.9848#29.15#32.22#38.63
-88.6914,32.9827#29.01#32.33#38.66
-88.6375,32.9806#28.88#32.45#38.67
-88.5837,32.9784#28.75#32.57#38.68
-88.5298,32.9763#28.62#32.69#38.69
-88.476,32.9741#28.5#32.82#38.68
-88.4221,32.9719#28.37#32.97#38.66
-88.3683,32.9697#28.25#33.12#38.63
-88.3145,32.9675#28.13#33.28#38.59
-88.2606,32.9653#28.01#33.43#38.56
-88.2068,32.963#27.89#33.58#38.53
-88.153,32.9608#27.77#33.73#38.5
-88.0992,32.9585#27.65#33.89#38.46
-88.0453,32.9562#27.52#34.04#38.44
-87.9915,32.9538#27.41#34.2#38.39
-87.9377,32.9515#27.36#34.35#38.29
-87.8839,32.9491#27.3#34.5#38.2
-87.8301,32.9467#27.25#34.66#38.09
-87.7762,32.9443#27.19#34.81#38
-87.7224,32.9419#27.14#34.97#37.89
-87.6686,32.9395#27.09#35.12#37.79
-87.6148,32.937#27.03#35.28#37.69
-87.561,32.9346#26.98#35.44#37.58
-87.5072,32.9321#26.92#35.59#37.49
-87.4534,32.9296#26.9#35.74#37.36
-87.3996,32.927#26.88#35.89#37.23
-87.3458,32.9245#26.86#36.04#37.1
-87.292,32.9219#26.84#36.2#36.96
-87.2382,32.9194#26.82#36.35#36.83
-87.1844,32.9168#26.8#36.5#36.7
-87.1307,32.9141#26.78#36.65#36.57
-87.0769,32.9115#26.76#36.8#36.44
-87.0231,32.9089#26.74#36.95#36.31
-86.9693,32.9062#26.73#37.1#36.17
-86.9155,32.9035#26.72#37.25#36.03
-86.8618,32.9008#26.71#37.4#35.89
-104.003,32.9002#46.91#27.61#25.48
-103.95,32.9032#46.91#27.63#25.46
-103.896,32.9061#46.91#27.65#25.44
-103.842,32.9091#46.91#27.67#25.42
-103.788,32.912#46.91#27.69#25.4
-103.735,32.9149#46.9#27.71#25.39
-103.681,32.9178#46.9#27.73#25.37
-103.627,32.9207#46.9#27.75#25.35
-103.573,32.9236#46.9#27.77#25.33
-103.519,32.9264#46.9#27.79#25.31
-103.466,32.9293#46.9#27.8#25.3
-103.412,32.9321#46.9#27.8#25.3
-103.358,32.9349#46.89#27.8#25.31
-103.304,32.9377#46.89#27.8#25.31
-103.251,32.9404#46.89#27.8#25.31
-103.197,32.9432#46.89#27.8#25.31
-103.143,32.9459#46.89#27.79#25.32
-103.089,32.9486#46.88#27.79#25.33
-103.035,32.9513#46.88#27.79#25.33
-102.982,32.954#46.88#27.78#25.34
-102.928,32.9566#46.88#27.77#25.35
-102.874,32.9592#46.87#27.75#25.38
-102.82,32.9619#46.87#27.73#25.4
-102.766,32.9645#46.87#27.71#25.42
-102.713,32.967#46.86#27.7#25.44
-102.659,32.9696#46.86#27.68#25.46
-102.605,32.9721#46.86#27.66#25.48
-102.551,32.9747#46.85#27.64#25.51
-102.497,32.9772#46.85#27.62#25.53
-102.443,32.9797#46.84#27.59#25.57
-102.39,32.9821#46.84#27.56#25.6
-102.336,32.9846#46.83#27.53#25.64
-102.282,32.987#46.83#27.5#25.67
-102.228,32.9894#46.82#27.47#25.71
-102.174,32.9918#46.82#27.44#25.74
-102.12,32.9942#46.81#27.41#25.78
-102.067,32.9966#46.81#27.39#25.8
-102.013,32.9989#46.8#27.36#25.84
-101.959,33.0013#46.79#27.33#25.88
-101.905,33.0036#46.78#27.31#25.91
-101.851,33.0059#46.77#27.29#25.94
-101.797,33.0081#46.76#27.26#25.98
-101.744,33.0104#46.75#27.24#26.01
-101.69,33.0126#46.74#27.22#26.04
-101.636,33.0149#46.73#27.2#26.07
-101.582,33.0171#46.72#27.18#26.1
-101.528,33.0193#46.71#27.16#26.13
-101.474,33.0214#46.69#27.14#26.17
-101.42,33.0236#46.68#27.13#26.19
-101.367,33.0257#46.66#27.13#26.21
-101.313,33.0278#46.64#27.12#26.24
-101.259,33.0299#46.62#27.11#26.27
-101.205,33.032#46.61#27.1#26.29
-101.151,33.034#46.59#27.09#26.32
-101.097,33.0361#46.57#27.09#26.34
-101.043,33.0381#46.56#27.08#26.36
-100.989,33.0401#46.54#27.07#26.39
-100.936,33.0421#46.51#27.07#26.42
-100.882,33.0441#46.49#27.06#26.45
-100.828,33.046#46.46#27.06#26.48
-100.774,33.048#46.44#27.06#26.5
-100.72,33.0499#46.41#27.05#26.54
-100.666,33.0518#46.39#27.05#26.56
-100.612,33.0537#46.36#27.04#26.6
-100.558,33.0555#46.34#27.04#26.62
-100.504,33.0574#46.31#27.04#26.65
-100.45,33.0592#46.28#27.04#26.68
-100.397,33.061#46.24#27.04#26.72
-100.343,33.0628#46.21#27.03#26.76
-100.289,33.0646#46.17#27.03#26.8
-100.235,33.0663#46.13#27.03#26.84
-100.181,33.0681#46.1#27.03#26.87
-100.127,33.0698#46.06#27.03#26.91
-100.073,33.0715#46.03#27.03#26.94
-100.019,33.0732#46#27.03#26.97
-99.9653,33.0748#45.95#27.08#26.97
-99.9114,33.0765#45.9#27.16#26.94
-99.8575,33.0781#45.85#27.24#26.91
-99.8036,33.0797#45.8#27.32#26.88
-99.7496,33.0813#45.75#27.4#26.85
-99.6957,33.0829#45.7#27.48#26.82
