-97.1525,43.9002#46.93#27.99#25.08
-97.0927,43.9009#46.93#27.93#25.14
-97.033,43.9015#46.93#27.88#25.19
-96.9732,43.9022#46.93#27.84#25.23
-96.9134,43.9028#46.93#27.82#25.25
-96.8537,43.9034#46.93#27.8#25.27
-96.7939,43.9039#46.93#27.78#25.29
-96.7341,43.9045#46.93#27.76#25.31
-96.6744,43.905#46.93#27.74#25.33
-96.6146,43.9056#46.93#27.72#25.35
-96.5549,43.9061#46.93#27.7#25.37
-96.4951,43.9066#46.93#27.68#25.39
-96.4353,43.907#46.93#27.67#25.4
-96.3756,43.9075#46.93#27.67#25.4
-96.3158,43.9079#46.93#27.66#25.41
-96.256,43.9083#46.93#27.65#25.42
-96.1963,43.9087#46.93#27.64#25.43
-96.1365,43.9091#46.93#27.64#25.43
-96.0767,43.9094#46.93#27.63#25.44
-96.0169,43.9098#46.93#27.62#25.45
-95.9572,43.9101#46.93#27.62#25.45
-95.8974,43.9104#46.93#27.62#25.45
-95.8376,43.9106#46.93#27.62#25.45
-95.7779,43.9109#46.93#27.61#25.46
-95.7181,43.9111#46.93#27.61#25.46
-95.6583,43.9113#46.93#27.61#25.46
-95.5986,43.9115#46.93#27.61#25.46
-95.5388,43.9117#46.93#27.61#25.46
-95.479,43.9119#46.93#27.6#25.47
-95.4192,43.912#46.93#27.6#25.47
-95.3595,43.9122#46.93#27.6#25.47
-95.2997,43.9123#46.93#27.6#25.47
-95.2399,43.9123#46.93#27.6#25.47
-95.1801,43.9124#46.93#27.6#25.47
-95.1204,43.9125#46.93#27.6#25.47
-95.0606,43.9125#46.93#27.6#25.47
-95.0008,43.9125#46.93#27.6#25.47
-94.9411,43.9125#46.93#27.6#25.47
-94.8813,43.9125#46.93#27.6#25.47
-94.8215,43.9124#46.93#27.6#25.47
-94.7617,43.9123#46.93#27.6#25.47
-94.702,43.9123#46.93#27.6#25.47
-94.6422,43.9122#46.93#27.6#25.47
-94.5824,43.912#46.93#27.61#25.46
-94.5226,43.9119#46.93#27.61#25.46
-94.4629,43.9117#46.93#27.61#25.46
-94.4031,43.9116#46.93#27.61#25.46
-94.3433,43.9114#46.93#27.61#25.46
-94.2836,43.9111#46.93#27.61#25.46
-94.2238,43.9109#46.93#27.61#25.46
-94.164,43.9106#46.93#27.61#25.46
-94.1042,43.9104#46.93#27.61#25.46
-94.0445,43.9101#46.93#27.61#25.46
-93.9847,43.9098#46.93#27.61#25.46
-93.9249,43.9094#46.92#27.61#25.47
-93.8652,43.9091#46.92#27.61#25.47
-93.8054,43.9087#46.91#27.61#25.48
-93.7456,43.9083#46.91#27.62#25.47
-93.6859,43.9079#46.9#27.62#25.48
-93.6261,43.9075#46.9#27.62#25.48
-93.5663,43.907#46.89#27.62#25.49
-93.5066,43.9066#46.89#27.62#25.49
-93.4468,43.9061#46.84#27.62#25.54
-93.387,43.9056#46.79#27.62#25.59
-93.3273,43.9051#46.75#27.62#25.63
-93.2675,43.9045#46.7#27.62#25.68
-93.2077,43.904#46.65#27.62#25.73
-93.148,43.9034#46.6#27.62#25.78
-93.0882,43.9028#46.55#27.62#25.83
-93.0285,43.9022#46.51#27.63#25.86
-92.9687,43.9015#46.42#27.63#25.95
-92.9089,43.9009#46.29#27.63#26.08
-92.8492,43.9002#46.17#27.63#26.2
-99.5439,43.9007#46.93#29.52#23.55
-99.4841,43.9022#46.93#29.61#23.46
-99.4244,43.9036#46.93#29.7#23.37
-99.3647,43.905#46.93#29.79#23.28
-99.3049,43.9063#46.93#29.88#23.19
-99.2452,43.9077#46.93#29.97#23.1
-99.1854,43.909#46.93#30.06#23.01
-99.1257,43.9104#46.93#30.15#22.92
-99.066,43.9117#46.93#30.24#22.83
-99.0062,43.9129#46.93#30.34#22.73
-98.9465,43.9142#46.93#30.38#22.69
-98.8867,43.9154#46.93#30.41#22.66
-98.827,43.9167#46.93#30.45#22.62
-98.7672,43.9179#46.93#30.48#22.59
-98.7075,43.9191#46.93#30.52#22.55
-98.6477,43.9202#46.93#30.55#22.52
-98.5879,43.9214#46.93#30.59#22.48
-98.5282,43.9225#46.93#30.62#22.45
-98.4684,43.9236#46.93#30.57#22.5
-98.4087,43.9247#46.93#30.44#22.63
-98.3489,43.9258#46.93#30.3#22.77
-98.2891,43.9268#46.93#30.17#22.9
-98.2294,43.9279#46.93#30.04#23.03
-98.1696,43.9289#46.93#29.91#23.16
-98.1098,43.9299#46.93#29.78#23.29
-98.0501,43.9309#46.93#29.64#23.43
-97.9903,43.9318#46.93#29.51#23.56
-97.9305,43.9328#46.93#29.36#23.71
-97.8708,43.9337#46.93#29.22#23.85
-97.811,43.9346#46.93#29.07#24
-97.7512,43.9355#46.93#28.92#24.15
-97.6914,43.9363#46.93#28.78#24.29
-97.6317,43.9372#46.93#28.63#24.44
-97.5719,43.938#46.93#28.48#24.59
-97.5121,43.9388#46.93#28.34#24.73
-97.4523,43.9396#46.93#28.26#24.81
-97.3925,43.9404#46.93#28.21#24.86
-97.3328,43.9411#46.93#28.15#24.92
-97.273,43.9418#46.93#28.1#24.97
-97.2132,43.9426#46.93#28.04#25.03
-97.1534,43.9433#46.93#27.99#25.08
-97.0936,43.9439#46.93#27.93#25.14
-97.0338,43.9446#46.93#27.88#25.19
-96.9741,43.9452#46.93#27.84#25.23
-96.9143,43.9458#46.93#27.82#25.25
-96.8545,43.9464#46.93#27.8#25.27
-96.7947,43.947#46.93#27.78#25.29
-96.7349,43.9476#46.93#27.76#25.31
-96.6751,43.9481#46.93#27.74#25.33
-96.6153,43.9486#46.93#27.72#25.35
-96.5555,43.9491#46.93#27.7#25.37
-96.4957,43.9496#46.93#27.68#25.39
-96.436,43.9501#46.93#27.67#25.4
-96.3762,43.9505#46.93#27.66#25.41
-96.3164,43.951#46.93#27.66#25.41
-96.2566,43.9514#46.93#27.65#25.42
-96.1968,43.9518#46.93#27.64#25.43
-96.137,43.9521#46.93#27.64#25.43
-96.0772,43.9525#46.93#27.63#25.44
-96.0174,43.9528#46.93#27.62#25.45
-95.9576,43.9531#46.93#27.62#25.45
-95.8978,43.9534#46.93#27.62#25.45
-95.838,43.9537#46.93#27.61#25.46
-95.7782,43.954#46.93#27.61#25.46
-95.7184,43.9542#46.93#27.61#25.46
-95.6586,43.9544#46.93#27.61#25.46
-95.5988,43.9546#46.93#27.61#25.46
-95.539,43.9548#46.93#27.6#25.47
-95.4792,43.955#46.93#27.6#25.47
-95.4194,43.9551#46.93#27.6#25.47
-95.3596,43.9552#46.93#27.6#25.47
-95.2998,43.9553#46.93#27.6#25.47
-95.24,43.9554#46.93#27.6#25.47
-95.1802,43.9555#46.93#27.6#25.47
-95.1204,43.9555#46.93#27.6#25.47
-95.0606,43.9556#46.93#27.6#25.47
-95.0008,43.9556#46.93#27.6#25.47
-94.941,43.9556#46.93#27.6#25.47
-94.8812,43.9555#46.93#27.6#25.47
-94.8214,43.9555#46.93#27.6#25.47
-94.7616,43.9554#46.93#27.6#25.47
-94.7018,43.9553#46.93#27.6#25.47
-94.642,43.9552#46.93#27.6#25.47
-94.5822,43.9551#46.93#27.6#25.47
-94.5224,43.955#46.93#27.6#25.47
-94.4626,43.9548#46.93#27.61#25.46
-94.4028,43.9546#46.93#27.61#25.46
-94.343,43.9544#46.93#27.61#25.46
-94.2832,43.9542#46.93#27.61#25.46
-94.2234,43.954#46.93#27.61#25.46
-94.1636,43.9537#46.93#27.61#25.46
-94.1039,43.9534#46.93#27.61#25.46
-94.0441,43.9531#46.93#27.61#25.46
-93.9843,43.9528#46.93#27.61#25.46
-93.9245,43.9525#46.92#27.61#25.47
-93.8647,43.9521#46.92#27.61#25.47
-93.8049,43.9518#46.91#27.61#25.48
-93.7451,43.9514#46.91#27.61#25.48
-93.6853,43.951#46.9#27.62#25.48
-93.6255,43.9506#46.89#27.62#25.49
-93.5657,43.9501#46.89#27.62#25.49
-93.5059,43.9496#46.88#27.62#25.5
-93.4461,43.9492#46.84#27.62#25.54
-93.3863,43.9487#46.79#27.62#25.59
-93.3265,43.9481#46.74#27.62#25.64
-93.2667,43.9476#46.7#27.62#25.68
-93.207,43.947#46.65#27.62#25.73
-93.1472,43.9465#46.6#27.62#25.78
-93.0874,43.9459#46.55#27.62#25.83
-93.0276,43.9452#46.5#27.62#25.88
-92.9678,43.9446#46.42#27.63#25.95
-92.908,43.9439#46.29#27.63#26.08
-92.8482,43.9433#46.16#27.63#26.21
-92.7884,43.9426#46.04#27.63#26.33
-92.7287,43.9419#45.91#27.63#26.46
-92.6689,43.9411#45.79#27.63#26.58
-92.6091,43.9404#45.66#27.63#26.71
-92.5493,43.9396#45.54#27.63#26.83
-92.4895,43.9388#45.4#27.63#26.97
-92.4298,43.938#45.2#27.63#27.17
-92.37,43.9372#45#27.63#27.37
-92.3102,43.9364#44.8#27.64#27.56
-92.2504,43.9355#44.6#27.64#27.76
-92.1907,43.9346#44.4#27.64#27.96
-92.1309,43.9337#44.2#27.64#28.16
-92.0711,43.9328#44#27.64#28.36
-92.0113,43.9318#43.8#27.64#28.56
-91.9516,43.9309#43.58#27.64#28.78
-91.8918,43.9299#43.35#27.64#29.01
-91.832,43.9289#43.13#27.64#29.23
-91.7723,43.9279#42.9#27.64#29.46
-91.7125,43.9269#42.67#27.64#29.69
-91.6527,43.9258#42.44#27.64#29.92
-91.593,43.9247#42.22#27.64#30.14
-91.5332,43.9236#41.99#27.64#30.37
-91.4735,43.9225#41.73#27.65#30.62
-91.4137,43.9214#41.44#27.65#30.91
-91.354,43.9203#41.14#27.65#31.21
-91.2942,43.9191#40.85#27.65#31.5
-91.2344,43.9179#40.55#27.65#31.8
-91.1747,43.9167#40.26#27.65#32.09
-91.1149,43.9155#39.96#27.65#32.39
-91.0552,43.9142#39.67#27.65#32.68
-90.9954,43.913#39.38#27.65#32.97
-90.9357,43.9117#39.14#27.65#33.21
-90.8759,43.9104#38.91#27.64#33.45
-90.8162,43.9091#38.67#27.64#33.69
-90.7565,43.9077#38.44#27.64#33.92
-90.6967,43.9064#38.2#27.64#34.16
-90.637,43.905#37.97#27.64#34.39
-90.5773,43.9036#37.73#27.64#34.63
-90.5175,43.9022#37.5#27.64#34.86
-90.4578,43.9008#37.26#27.64#35.1
-101.039,43.9018#46.93#28.84#24.23
-100.98,43.9037#46.93#28.84#24.23
-100.92,43.9056#46.93#28.84#24.23
-100.86,43.9074#46.93#28.84#24.23
-100.8,43.9093#46.93#28.84#24.23
-100.741,43.9111#46.93#28.85#24.22
-100.681,43.9129#46.93#28.85#24.22
-100.621,43.9147#46.93#28.85#24.22
-100.561,43.9165#46.93#28.85#24.22
-100.502,43.9182#46.93#28.85#24.22
-100.442,43.92#46.93#28.85#24.22
-100.382,43.9217#46.93#28.85#24.22
-100.323,43.9234#46.93#28.85#24.22
-100.263,43.9251#46.93#28.85#24.22
-100.203,43.9267#46.93#28.85#24.22
-100.143,43.9284#46.93#28.86#24.21
-100.084,43.93#46.93#28.86#24.21
-100.024,43.9316#46.93#28.86#24.21
-99.9641,43.9332#46.93#28.91#24.16
-99.9044,43.9348#46.93#29#24.07
-99.8446,43.9363#46.93#29.08#23.99
-99.7849,43.9378#46.93#29.17#23.9
-99.7251,43.9394#46.93#29.26#23.81
-99.6654,43.9408#46.93#29.34#23.73
-99.6056,43.9423#46.93#29.43#23.64
-99.5459,43.9438#46.93#29.52#23.55
-99.4861,43.9452#46.93#29.61#23.46
-99.4264,43.9466#46.93#29.7#23.37
-99.3666,43.948#46.93#29.79#23.28
-99.3068,43.9494#46.93#29.88#23.19
-99.2471,43.9507#46.93#29.97#23.1
-99.1873,43.9521#46.93#30.06#23.01
-99.1275,43.9534#46.93#30.15#22.92
-99.0678,43.9547#46.93#30.24#22.83
-99.008,43.956#46.93#30.33#22.74
-98.9482,43.9572#46.93#30.37#22.7
-98.8884,43.9585#46.93#30.41#22.66
-98.8287,43.9597#46.93#30.44#22.63
-98.7689,43.9609#46.93#30.48#22.59
-98.7091,43.9621#46.93#30.51#22.56
-98.6493,43.9633#46.93#30.55#22.52
-98.5895,43.9644#46.93#30.58#22.49
-98.5297,43.9656#46.93#30.62#22.45
-98.47,43.9667#46.93#30.57#22.5
-98.4102,43.9678#46.93#30.44#22.63
-98.3504,43.9688#46.93#30.31#22.76
-98.2906,43.9699#46.93#30.17#22.9
-98.2308,43.9709#46.93#30.04#23.03
-98.171,43.9719#46.93#29.91#23.16
-98.1112,43.9729#46.93#29.78#23.29
-98.0514,43.9739#46.93#29.65#23.42
-97.9916,43.9749#46.93#29.51#23.56
-97.9318,43.9758#46.93#29.37#23.7
-97.872,43.9767#46.93#29.22#23.85
-97.8122,43.9776#46.93#29.07#24
-97.7524,43.9785#46.93#28.93#24.14
-97.6926,43.9794#46.93#28.78#24.29
-97.6328,43.9802#46.93#28.63#24.44
-97.573,43.9811#46.93#28.49#24.58
-97.5132,43.9819#46.93#28.34#24.73
-97.4534,43.9827#46.93#28.26#24.81
-97.3936,43.9834#46.93#28.21#24.86
-97.3338,43.9842#46.93#28.15#24.92
-97.274,43.9849#46.93#28.1#24.97
-97.2142,43.9856#46.93#28.04#25.03
-97.1544,43.9863#46.93#27.99#25.08
-97.0946,43.987#46.93#27.93#25.14
-97.0347,43.9876#46.93#27.88#25.19
-96.9749,43.9883#46.93#27.84#25.23
-96.9151,43.9889#46.93#27.82#25.25
-96.8553,43.9895#46.93#27.8#25.27
-96.7955,43.9901#46.93#27.78#25.29
-96.7357,43.9906#46.93#27.76#25.31
-96.6759,43.9912#46.93#27.74#25.33
-96.616,43.9917#46.93#27.72#25.35
-96.5562,43.9922#46.93#27.7#25.37
-96.4964,43.9927#46.93#27.68#25.39
-96.4366,43.9932#46.93#27.67#25.4
-96.3768,43.9936#46.93#27.66#25.41
-96.3169,43.994#46.93#27.66#25.41
-96.2571,43.9944#46.93#27.65#25.42
-96.1973,43.9948#46.93#27.64#25.43
-96.1375,43.9952#46.93#27.64#25.43
-96.0777,43.9955#46.93#27.63#25.44
-96.0178,43.9959#46.93#27.62#25.45
-95.958,43.9962#46.93#27.62#25.45
-95.8982,43.9965#46.93#27.62#25.45
-95.8384,43.9968#46.93#27.61#25.46
-95.7786,43.997#46.93#27.61#25.46
-95.7187,43.9973#46.93#27.61#25.46
-95.6589,43.9975#46.93#27.61#25.46
-95.5991,43.9977#46.93#27.61#25.46
-95.5393,43.9979#46.93#27.6#25.47
-95.4794,43.998#46.93#27.6#25.47
-95.4196,43.9982#46.93#27.6#25.47
-95.3598,43.9983#46.93#27.6#25.47
-95.3,43.9984#46.93#27.6#25.47
-95.2401,43.9985#46.93#27.6#25.47
-95.1803,43.9985#46.93#27.6#25.47
-95.1205,43.9986#46.93#27.6#25.47
-95.0607,43.9986#46.93#27.6#25.47
-95.0008,43.9986#46.93#27.6#25.47
-94.941,43.9986#46.93#27.6#25.47
-94.8812,43.9986#46.93#27.6#25.47
-94.8213,43.9985#46.93#27.6#25.47
-94.7615,43.9985#46.93#27.6#25.47
-94.7017,43.9984#46.93#27.6#25.47
-94.6419,43.9983#46.93#27.6#25.47
-94.582,43.9982#46.93#27.6#25.47
-94.5222,43.998#46.93#27.6#25.47
-94.4624,43.9979#46.93#27.6#25.47
-94.4026,43.9977#46.93#27.61#25.46
-94.3427,43.9975#46.93#27.61#25.46
-94.2829,43.9973#46.93#27.61#25.46
-94.2231,43.997#46.93#27.61#25.46
-94.1633,43.9968#46.93#27.61#25.46
-94.1035,43.9965#46.93#27.61#25.46
-94.0436,43.9962#46.93#27.61#25.46
-93.9838,43.9959#46.93#27.61#25.46
-93.924,43.9956#46.92#27.61#25.47
-93.8642,43.9952#46.92#27.61#25.47
-93.8043,43.9948#46.91#27.61#25.48
-93.7445,43.9944#46.9#27.61#25.49
-93.6847,43.994#46.9#27.61#25.49
-93.6249,43.9936#46.89#27.61#25.5
-93.5651,43.9932#46.89#27.62#25.49
-93.5052,43.9927#46.88#27.62#25.5
-93.4454,43.9922#46.84#27.62#25.54
-93.3856,43.9917#46.79#27.62#25.59
-93.3258,43.9912#46.74#27.62#25.64
-93.266,43.9906#46.69#27.62#25.69
-93.2062,43.9901#46.65#27.62#25.73
-93.1463,43.9895#46.6#27.62#25.78
-93.0865,43.9889#46.55#27.62#25.83
-93.0267,43.9883#46.5#27.62#25.88
-92.9669,43.9877#46.41#27.62#25.97
-92.9071,43.987#46.29#27.63#26.08
-92.8473,43.9863#46.16#27.63#26.21
-92.7875,43.9856#46.04#27.63#26.33
-92.7277,43.9849#45.91#27.63#26.46
-92.6679,43.9842#45.79#27.63#26.58
-92.608,43.9834#45.66#27.63#26.71
-92.5482,43.9827#45.54#27.63#26.83
-92.4884,43.9819#45.4#27.63#26.97
-92.4286,43.9811#45.2#27.63#27.17
-92.3688,43.9803#45#27.63#27.37
-92.309,43.9794#44.8#27.63#27.57
-92.2492,43.9785#44.6#27.64#27.76
-92.1894,43.9777#44.4#27.64#27.96
-92.1296,43.9768#44.2#27.64#28.16
-92.0698,43.9758#44#27.64#28.36
-92.01,43.9749#43.8#27.64#28.56
-91.9502,43.9739#43.57#27.64#28.79
-91.8904,43.973#43.35#27.64#29.01
-91.8306,43.972#43.12#27.64#29.24
-91.7709,43.971#42.89#27.64#29.47
-91.7111,43.9699#42.66#27.64#29.7
-91.6513,43.9689#42.43#27.64#29.93
-91.5915,43.9678#42.21#27.64#30.15
-91.5317,43.9667#41.98#27.64#30.38
-91.4719,43.9656#41.72#27.64#30.64
-91.4121,43.9645#41.42#27.64#30.94
-91.3523,43.9633#41.13#27.64#31.23
-91.2926,43.9621#40.83#27.64#31.53
-91.2328,43.961#40.54#27.64#31.82
-91.173,43.9598#40.24#27.64#32.12
-91.1132,43.9585#39.95#27.64#32.41
-91.0534,43.9573#39.65#27.64#32.71
-90.9937,43.956#39.36#27.64#33
-90.9339,43.9547#39.13#27.64#33.23
-90.8741,43.9534#38.89#27.64#33.47
-90.8144,43.9521#38.65#27.64#33.71
-90.7546,43.9508#38.42#27.64#33.94
-90.6948,43.9494#38.18#27.64#34.18
-90.6351,43.948#37.94#27.64#34.42
-90.5753,43.9467#37.71#27.64#34.65
-90.5155,43.9452#37.47#27.64#34.89
-90.4558,43.9438#37.24#27.64#35.12
-90.396,43.9424#37#27.64#35.36
-90.3363,43.9409#36.77#27.64#35.59
-90.2765,43.9394#36.53#27.64#35.83
-90.2168,43.9379#36.3#27.64#36.06
-90.157,43.9364#36.06#27.64#36.3
-90.0973,43.9348#35.83#27.63#36.54
-90.0375,43.9332#35.59#27.63#36.78
-89.9778,43.9317#35.36#27.63#37.01
-89.918,43.9301#35.12#27.63#37.25
-89.8583,43.9284#34.89#27.63#37.48
-89.7985,43.9268#34.66#27.63#37.71
-89.7388,43.9251#34.42#27.63#37.95
-89.6791,43.9234#34.19#27.63#38.18
-89.6193,43.9217#33.95#27.63#38.42
-89.5596,43.92#33.72#27.63#38.65
-89.4999,43.9183#33.49#27.62#38.89
-89.4402,43.9165#33.25#27.62#39.13
-89.3804,43.9148#33.02#27.62#39.36
-89.3207,43.913#32.78#27.62#39.6
-89.261,43.9112#32.54#27.62#39.84
-89.2013,43.9093#32.31#27.62#40.07
-89.1416,43.9075#32.07#27.62#40.31
-89.0818,43.9056#31.84#27.62#40.54
-89.0221,43.9037#31.6#27.62#40.78
-88.9624,43.9018#31.4#27.61#40.99
-102.296,43.9003#46.93#28.81#24.26
-102.236,43.9026#46.93#28.81#24.26
-102.176,43.9049#46.93#28.82#24.25
-102.117,43.9072#46.93#28.82#24.25
-102.057,43.9094#46.93#28.82#24.25
-101.997,43.9117#46.93#28.82#24.25
-101.938,43.9139#46.93#28.82#24.25
-101.878,43.9161#46.93#28.82#24.25
-101.818,43.9182#46.93#28.82#24.25
-101.759,43.9204#46.93#28.82#24.25
-101.699,43.9225#46.93#28.83#24.24
-101.639,43.9247#46.93#28.83#24.24
-101.579,43.9268#46.93#28.83#24.24
-101.52,43.9288#46.93#28.83#24.24
-101.46,43.9309#46.93#28.83#24.24
-101.4,43.9329#46.93#28.83#24.24
-101.341,43.935#46.93#28.83#24.24
-101.281,43.937#46.93#28.83#24.24
-101.221,43.9389#46.93#28.83#24.24
-101.161,43.9409#46.93#28.84#24.23
-101.102,43.9429#46.93#28.84#24.23
-101.042,43.9448#46.93#28.84#24.23
-100.982,43.9467#46.93#28.84#24.23
-100.922,43.9486#46.93#28.84#24.23
-100.863,43.9505#46.93#28.84#24.23
-100.803,43.9523#46.93#28.84#24.23
-100.743,43.9541#46.93#28.84#24.23
-100.683,43.956#46.93#28.84#24.23
-100.624,43.9577#46.93#28.85#24.22
-100.564,43.9595#46.93#28.85#24.22
-100.504,43.9613#46.93#28.85#24.22
-100.444,43.963#46.93#28.85#24.22
-100.385,43.9647#46.93#28.85#24.22
-100.325,43.9664#46.93#28.85#24.22
-100.265,43.9681#46.93#28.85#24.22
-100.205,43.9698#46.93#28.85#24.22
-100.146,43.9714#46.93#28.85#24.22
-100.086,43.973#46.93#28.85#24.22
-100.026,43.9746#46.93#28.86#24.21
-99.9663,43.9762#46.93#28.91#24.16
-99.9066,43.9778#46.93#28.99#24.08
-99.8468,43.9793#46.93#29.08#23.99
-99.787,43.9809#46.93#29.17#23.9
-99.7272,43.9824#46.93#29.25#23.82
-99.6674,43.9839#46.93#29.34#23.73
-99.6077,43.9854#46.93#29.43#23.64
-99.5479,43.9868#46.93#29.51#23.56
-99.4881,43.9882#46.93#29.6#23.47
-99.4283,43.9897#46.93#29.69#23.38
-99.3685,43.991#46.93#29.78#23.29
-99.3087,43.9924#46.93#29.87#23.2
-99.2489,43.9938#46.93#29.96#23.11
-99.1891,43.9951#46.93#30.05#23.02
-99.1293,43.9964#46.93#30.15#22.92
-99.0695,43.9977#46.93#30.24#22.83
-99.0097,43.999#46.93#30.33#22.74
-98.9499,44.0003#46.93#30.37#22.7
-98.8901,44.0015#46.93#30.41#22.66
-98.8303,44.0028#46.93#30.44#22.63
-98.7705,44.004#46.93#30.48#22.59
-98.7107,44.0052#46.93#30.51#22.56
-98.6509,44.0063#46.93#30.55#22.52
-98.5911,44.0075#46.93#30.58#22.49
-98.5313,44.0086#46.93#30.62#22.45
-98.4715,44.0097#46.93#30.57#22.5
-98.4117,44.0108#46.93#30.44#22.63
-98.3519,44.0119#46.93#30.31#22.76
-98.292,44.0129#46.93#30.18#22.89
-98.2322,44.014#46.93#30.04#23.03
-98.1724,44.015#46.93#29.91#23.16
-98.1126,44.016#46.93#29.78#23.29
-98.0528,44.017#46.93#29.65#23.42
-97.9929,44.0179#46.93#29.51#23.56
-97.9331,44.0189#46.93#29.37#23.7
-97.8733,44.0198#46.93#29.22#23.85
-97.8135,44.0207#46.93#29.07#24
-97.7536,44.0216#46.93#28.93#24.14
-97.6938,44.0224#46.93#28.78#24.29
-97.634,44.0233#46.93#28.63#24.44
-97.5742,44.0241#46.93#28.49#24.58
-97.5143,44.0249#46.93#28.34#24.73
-97.4545,44.0257#46.93#28.26#24.81
-97.3947,44.0265#46.93#28.21#24.86
-97.3348,44.0272#46.93#28.15#24.92
-97.275,44.0279#46.93#28.1#24.97
-97.2152,44.0287#46.93#28.04#25.03
-97.1553,44.0294#46.93#27.99#25.08
-97.0955,44.03#46.93#27.93#25.14
-97.0356,44.0307#46.93#27.88#25.19
-96.9758,44.0313#46.93#27.84#25.23
-96.916,44.0319#46.93#27.82#25.25
-96.8561,44.0325#46.93#27.8#25.27
-96.7963,44.0331#46.93#27.78#25.29
-96.7364,44.0337#46.93#27.76#25.31
-96.6766,44.0342#46.93#27.74#25.33
-96.6168,44.0347#46.93#27.72#25.35
-96.5569,44.0352#46.93#27.7#25.37
-96.4971,44.0357#46.93#27.68#25.39
-96.4372,44.0362#46.93#27.67#25.4
-96.3774,44.0366#46.93#27.66#25.41
-96.3175,44.0371#46.93#27.66#25.41
-96.2577,44.0375#46.93#27.65#25.42
-96.1978,44.0379#46.93#27.64#25.43
-96.138,44.0382#46.93#27.64#25.43
-96.0781,44.0386#46.93#27.63#25.44
-96.0183,44.0389#46.93#27.62#25.45
-95.9584,44.0392#46.93#27.62#25.45
-95.8986,44.0395#46.93#27.62#25.45
-95.8387,44.0398#46.93#27.61#25.46
-95.7789,44.0401#46.93#27.61#25.46
-95.719,44.0403#46.93#27.61#25.46
-95.6592,44.0405#46.93#27.61#25.46
-95.5993,44.0407#46.93#27.6#25.47
-95.5395,44.0409#46.93#27.6#25.47
-95.4796,44.0411#46.93#27.6#25.47
-95.4198,44.0412#46.93#27.6#25.47
-95.3599,44.0413#46.93#27.6#25.47
-95.3001,44.0414#46.93#27.6#25.47
-95.2402,44.0415#46.93#27.6#25.47
-95.1804,44.0416#46.93#27.6#25.47
-95.1205,44.0416#46.93#27.6#25.47
-95.0607,44.0417#46.93#27.6#25.47
-95.0008,44.0417#46.93#27.6#25.47
-94.941,44.0417#46.93#27.6#25.47
-94.8811,44.0416#46.93#27.6#25.47
-94.8213,44.0416#46.93#27.6#25.47
-94.7614,44.0415#46.93#27.6#25.47
-94.7016,44.0414#46.93#27.6#25.47
-94.6417,44.0413#46.93#27.6#25.47
-94.5819,44.0412#46.93#27.6#25.47
-94.522,44.0411#46.93#27.6#25.47
-94.4622,44.0409#46.93#27.6#25.47
-94.4023,44.0407#46.93#27.6#25.47
-94.3425,44.0405#46.93#27.61#25.46
-94.2826,44.0403#46.93#27.61#25.46
-94.2228,44.0401#46.93#27.61#25.46
-94.1629,44.0398#46.93#27.61#25.46
-94.1031,44.0395#46.93#27.61#25.46
-94.0432,44.0392#46.93#27.61#25.46
-93.9834,44.0389#46.93#27.61#25.46
-93.9235,44.0386#46.92#27.61#25.47
-93.8637,44.0382#46.92#27.61#25.47
-93.8038,44.0379#46.91#27.61#25.48
-93.744,44.0375#46.9#27.61#25.49
-93.6841,44.0371#46.9#27.61#25.49
-93.6243,44.0367#46.89#27.61#25.5
-93.5644,44.0362#46.88#27.61#25.51
-93.5046,44.0357#46.88#27.62#25.5
-93.4447,44.0353#46.83#27.62#25.55
-93.3849,44.0348#46.79#27.62#25.59
-93.3251,44.0342#46.74#27.62#25.64
-93.2652,44.0337#46.69#27.62#25.69
-93.2054,44.0331#46.64#27.62#25.74
-93.1455,44.0326#46.6#27.62#25.78
-93.0857,44.032#46.55#27.62#25.83
-93.0258,44.0313#46.5#27.62#25.88
-92.966,44.0307#46.41#27.62#25.97
-92.9062,44.03#46.28#27.62#26.1
-92.8463,44.0294#46.16#27.63#26.21
-92.7865,44.0287#46.03#27.63#26.34
-92.7267,44.028#45.91#27.63#26.46
-92.6668,44.0272#45.78#27.63#26.59
-92.607,44.0265#45.66#27.63#26.71
-92.5472,44.0257#45.54#27.63#26.83
-92.4873,44.0249#45.39#27.63#26.98
-92.4275,44.0241#45.19#27.63#27.18
-92.3677,44.0233#44.99#27.63#27.38
-92.3078,44.0225#44.79#27.63#27.58
-92.248,44.0216#44.59#27.63#27.78
-92.1882,44.0207#44.39#27.63#27.98
-92.1284,44.0198#44.19#27.64#28.17
-92.0685,44.0189#43.99#27.64#28.37
-92.0087,44.0179#43.79#27.64#28.57
-91.9489,44.017#43.57#27.64#28.79
-91.8891,44.016#43.34#27.64#29.02
-91.8292,44.015#43.11#27.64#29.25
-91.7694,44.014#42.88#27.64#29.48
-91.7096,44.013#42.65#27.64#29.71
-91.6498,44.0119#42.43#27.64#29.93
-91.59,44.0108#42.2#27.64#30.16
-91.5302,44.0097#41.97#27.64#30.39
-91.4704,44.0086#41.71#27.64#30.65
-91.4105,44.0075#41.41#27.64#30.95
-91.3507,44.0064#41.11#27.64#31.25
-91.2909,44.0052#40.82#27.64#31.54
-91.2311,44.004#40.52#27.64#31.84
-91.1713,44.0028#40.22#27.64#32.14
-91.1115,44.0016#39.93#27.64#32.43
-91.0517,44.0003#39.63#27.64#32.73
-90.9919,43.9991#39.34#27.64#33.02
-90.9321,43.9978#39.11#27.64#33.25
-90.8723,43.9965#38.87#27.64#33.49
-90.8125,43.9952#38.63#27.64#33.73
-90.7527,43.9938#38.39#27.64#33.97
-90.6929,43.9925#38.16#27.64#34.2
-90.6331,43.9911#37.92#27.64#34.44
-90.5733,43.9897#37.68#27.64#34.68
-90.5136,43.9883#37.45#27.64#34.91
-90.4538,43.9868#37.21#27.64#35.15
-90.394,43.9854#36.97#27.64#35.39
-90.3342,43.9839#36.74#27.64#35.62
-90.2744,43.9824#36.5#27.63#35.87
-90.2146,43.9809#36.27#27.63#36.1
-90.1549,43.9794#36.03#27.63#36.34
-90.0951,43.9778#35.8#27.63#36.57
-90.0353,43.9763#35.56#27.63#36.81
-89.9756,43.9747#35.33#27.63#37.04
-89.9158,43.9731#35.09#27.63#37.28
-89.856,43.9715#34.86#27.63#37.51
-89.7963,43.9698#34.62#27.63#37.75
-89.7365,43.9682#34.39#27.63#37.98
-89.6767,43.9665#34.15#27.63#38.22
-89.617,43.9648#33.92#27.62#38.46
-89.5572,43.9631#33.68#27.62#38.7
-89.4975,43.9613#33.45#27.62#38.93
-89.4377,43.9596#33.21#27.62#39.17
-89.378,43.9578#32.98#27.62#39.4
-89.3182,43.956#32.74#27.62#39.64
-89.2585,43.9542#32.5#27.62#39.88
-89.1987,43.9524#32.27#27.62#40.11
-89.139,43.9505#32.03#27.62#40.35
-89.0792,43.9486#31.8#27.61#40.59
-89.0195,43.9467#31.56#27.61#40.83
-88.9598,43.9448#31.36#27.61#41.03
-88.9,43.9429#31.19#27.61#41.2
-88.8403,43.941#31.01#27.61#41.38
-88.7806,43.939#30.83#27.61#41.56
-88.7209,43.937#30.65#27.61#41.74
-88.6611,43.935#30.47#27.61#41.92
-88.6014,43.933#30.29#27.6#42.11
-88.5417,43.931#30.12#27.6#42.28
-88.482,43.9289#29.94#27.6#42.46
-88.4223,43.9268#29.79#27.6#42.61
-88.3626,43.9247#29.63#27.6#42.77
-88.3028,43.9226#29.48#27.6#42.92
-88.2431,43.9205#29.32#27.59#43.09
-88.1834,43.9183#29.17#27.59#43.24
-88.1237,43.9161#29.02#27.59#43.39
-88.064,43.9139#28.86#27.59#43.55
-88.0043,43.9117#28.71#27.59#43.7
-87.9447,43.9095#28.61#27.58#43.81
-87.885,43.9073#28.51#27.58#43.91
-87.8253,43.905#28.42#27.58#44
-87.7656,43.9027#28.32#27.58#44.1
-87.7059,43.9004#28.22#27.58#44.2
-103.314,43.9012#46.93#28.77#24.3
-103.254,43.9038#46.93#28.78#24.29
-103.194,43.9065#46.93#28.78#24.29
-103.135,43.909#46.93#28.78#24.29
-103.075,43.9116#46.93#28.79#24.28
-103.015,43.9142#46.93#28.79#24.28
-102.956,43.9167#46.93#28.79#24.28
-102.896,43.9192#46.93#28.79#24.28
-102.836,43.9217#46.93#28.79#24.28
-102.776,43.9242#46.93#28.8#24.27
-102.717,43.9267#46.93#28.8#24.27
-102.657,43.9291#46.93#28.8#24.27
-102.597,43.9315#46.93#28.8#24.27
-102.538,43.9339#46.93#28.8#24.27
-102.478,43.9363#46.93#28.81#24.26
-102.418,43.9387#46.93#28.81#24.26
-102.359,43.941#46.93#28.81#24.26
-102.299,43.9433#46.93#28.81#24.26
-102.239,43.9456#46.93#28.81#24.26
-102.18,43.9479#46.93#28.81#24.26
-102.12,43.9502#46.93#28.82#24.25
-102.06,43.9525#46.93#28.82#24.25
-102,43.9547#46.93#28.82#24.25
-101.941,43.9569#46.93#28.82#24.25
-101.881,43.9591#46.93#28.82#24.25
-101.821,43.9613#46.93#28.82#24.25
-101.761,43.9634#46.93#28.82#24.25
-101.702,43.9656#46.93#28.82#24.25
-101.642,43.9677#46.93#28.83#24.24
-101.582,43.9698#46.93#28.83#24.24
-101.523,43.9718#46.93#28.83#24.24
-101.463,43.9739#46.93#28.83#24.24
-101.403,43.976#46.93#28.83#24.24
-101.343,43.978#46.93#28.83#24.24
-101.284,43.98#46.93#28.83#24.24
-101.224,43.982#46.93#28.83#24.24
-101.164,43.9839#46.93#28.83#24.24
-101.104,43.9859#46.93#28.84#24.23
-101.045,43.9878#46.93#28.84#24.23
-100.985,43.9897#46.93#28.84#24.23
-100.925,43.9916#46.93#28.84#24.23
-100.865,43.9935#46.93#28.84#24.23
-100.805,43.9953#46.93#28.84#24.23
-100.746,43.9972#46.93#28.84#24.23
-100.686,43.999#46.93#28.84#24.23
-100.626,44.0008#46.93#28.84#24.23
-100.566,44.0025#46.93#28.84#24.23
-100.507,44.0043#46.93#28.85#24.22
-100.447,44.006#46.93#28.85#24.22
-100.387,44.0078#46.93#28.85#24.22
-100.327,44.0095#46.93#28.85#24.22
-100.267,44.0111#46.93#28.85#24.22
-100.208,44.0128#46.93#28.85#24.22
-100.148,44.0144#46.93#28.85#24.22
-100.088,44.0161#46.93#28.85#24.22
-100.028,44.0177#46.93#28.85#24.22
-99.9685,44.0193#46.93#28.9#24.17
-99.9087,44.0208#46.93#28.99#24.08
-99.8489,44.0224#46.93#29.07#24
-99.7891,44.0239#46.93#29.16#23.91
-99.7293,44.0254#46.93#29.25#23.82
-99.6695,44.0269#46.93#29.34#23.73
-99.6097,44.0284#46.93#29.42#23.65
-99.5499,44.0298#46.93#29.51#23.56
-99.4901,44.0313#46.93#29.6#23.47
-99.4303,44.0327#46.93#29.69#23.38
-99.3704,44.0341#46.93#29.78#23.29
-99.3106,44.0355#46.93#29.87#23.2
-99.2508,44.0368#46.93#29.96#23.11
-99.191,44.0381#46.93#30.05#23.02
-99.1312,44.0395#46.93#30.14#22.93
-99.0713,44.0408#46.93#30.23#22.84
-99.0115,44.0421#46.93#30.32#22.75
-98.9517,44.0433#46.93#30.37#22.7
-98.8919,44.0446#46.93#30.4#22.67
-98.832,44.0458#46.93#30.44#22.63
-98.7722,44.047#46.93#30.47#22.6
-98.7124,44.0482#46.93#30.51#22.56
-98.6525,44.0493#46.93#30.54#22.53
-98.5927,44.0505#46.93#30.58#22.49
-98.5329,44.0516#46.93#30.61#22.46
-98.473,44.0527#46.93#30.57#22.5
-98.4132,44.0538#46.93#30.44#22.63
-98.3533,44.0549#46.93#30.31#22.76
-98.2935,44.056#46.93#30.18#22.89
-98.2337,44.057#46.93#30.05#23.02
-98.1738,44.058#46.93#29.91#23.16
-98.114,44.059#46.93#29.78#23.29
-98.0541,44.06#46.93#29.65#23.42
-97.9943,44.0609#46.93#29.52#23.55
-97.9344,44.0619#46.93#29.37#23.7
-97.8746,44.0628#46.93#29.22#23.85
-97.8147,44.0637#46.93#29.08#23.99
-97.7549,44.0646#46.93#28.93#24.14
-97.695,44.0655#46.93#28.78#24.29
-97.6352,44.0663#46.93#28.64#24.43
-97.5753,44.0671#46.93#28.49#24.58
-97.5154,44.0679#46.93#28.34#24.73
-97.4556,44.0687#46.93#28.26#24.81
-97.3957,44.0695#46.93#28.21#24.86
-97.3359,44.0702#46.93#28.15#24.92
-97.276,44.071#46.93#28.1#24.97
-97.2161,44.0717#46.93#28.04#25.03
-97.1563,44.0724#46.93#27.99#25.08
-97.0964,44.0731#46.93#27.93#25.14
-97.0365,44.0737#46.93#27.88#25.19
-96.9767,44.0744#46.93#27.84#25.23
-96.9168,44.075#46.93#27.82#25.25
-96.8569,44.0756#46.93#27.8#25.27
-96.7971,44.0761#46.93#27.78#25.29
-96.7372,44.0767#46.93#27.76#25.31
-96.6773,44.0773#46.93#27.74#25.33
-96.6175,44.0778#46.93#27.72#25.35
-96.5576,44.0783#46.93#27.7#25.37
-96.4977,44.0788#46.93#27.68#25.39
-96.4379,44.0792#46.93#27.67#25.4
-96.378,44.0797#46.93#27.66#25.41
-96.3181,44.0801#46.93#27.66#25.41
-96.2582,44.0805#46.93#27.65#25.42
-96.1984,44.0809#46.93#27.64#25.43
-96.1385,44.0813#46.93#27.63#25.44
-96.0786,44.0816#46.93#27.63#25.44
-96.0187,44.082#46.93#27.62#25.45
-95.9589,44.0823#46.93#27.62#25.45
-95.899,44.0826#46.93#27.61#25.46
-95.8391,44.0828#46.93#27.61#25.46
-95.7792,44.0831#46.93#27.61#25.46
-95.7194,44.0833#46.93#27.61#25.46
-95.6595,44.0836#46.93#27.61#25.46
-95.5996,44.0838#46.93#27.6#25.47
-95.5397,44.0839#46.93#27.6#25.47
-95.4799,44.0841#46.93#27.6#25.47
-95.42,44.0842#46.93#27.6#25.47
-95.3601,44.0844#46.93#27.6#25.47
-95.3002,44.0845#46.93#27.6#25.47
-95.2403,44.0846#46.93#27.6#25.47
-95.1805,44.0846#46.93#27.6#25.47
-95.1206,44.0847#46.93#27.6#25.47
-95.0607,44.0847#46.93#27.6#25.47
-95.0008,44.0847#46.93#27.6#25.47
-94.9409,44.0847#46.93#27.6#25.47
-94.8811,44.0847#46.93#27.6#25.47
-94.8212,44.0846#46.93#27.6#25.47
-94.7613,44.0846#46.93#27.6#25.47
-94.7014,44.0845#46.93#27.6#25.47
-94.6416,44.0844#46.93#27.6#25.47
-94.5817,44.0842#46.93#27.6#25.47
-94.5218,44.0841#46.93#27.6#25.47
-94.4619,44.0839#46.93#27.6#25.47
-94.402,44.0838#46.93#27.6#25.47
-94.3422,44.0836#46.93#27.6#25.47
-94.2823,44.0833#46.93#27.6#25.47
-94.2224,44.0831#46.93#27.61#25.46
-94.1625,44.0828#46.93#27.61#25.46
-94.1027,44.0826#46.93#27.61#25.46
-94.0428,44.0823#46.93#27.61#25.46
-93.9829,44.082#46.93#27.61#25.46
-93.923,44.0816#46.92#27.61#25.47
-93.8632,44.0813#46.92#27.61#25.47
-93.8033,44.0809#46.91#27.61#25.48
-93.7434,44.0805#46.9#27.61#25.49
-93.6835,44.0801#46.9#27.61#25.49
-93.6237,44.0797#46.89#27.61#25.5
-93.5638,44.0792#46.88#27.61#25.51
-93.5039,44.0788#46.88#27.61#25.51
-93.4441,44.0783#46.83#27.62#25.55
-93.3842,44.0778#46.78#27.62#25.6
-93.3243,44.0773#46.74#27.62#25.64
-93.2644,44.0767#46.69#27.62#25.69
-93.2046,44.0762#46.64#27.62#25.74
-93.1447,44.0756#46.59#27.62#25.79
-93.0848,44.075#46.55#27.62#25.83
-93.025,44.0744#46.5#27.62#25.88
-92.9651,44.0737#46.41#27.62#25.97
-92.9052,44.0731#46.28#27.62#26.1
-92.8454,44.0724#46.16#27.62#26.22
-92.7855,44.0717#46.03#27.63#26.34
-92.7257,44.071#45.91#27.63#26.46
-92.6658,44.0703#45.78#27.63#26.59
-92.6059,44.0695#45.66#27.63#26.71
-92.5461,44.0687#45.53#27.63#26.84
-92.4862,44.068#45.39#27.63#26.98
-92.4264,44.0672#45.19#27.63#27.18
-92.3665,44.0663#44.99#27.63#27.38
-92.3066,44.0655#44.79#27.63#27.58
-92.2468,44.0646#44.59#27.63#27.78
-92.1869,44.0637#44.39#27.63#27.98
-92.1271,44.0628#44.19#27.63#28.18
-92.0672,44.0619#43.99#27.64#28.37
-92.0074,44.061#43.79#27.64#28.57
-91.9475,44.06#43.56#27.64#28.8
-91.8877,44.059#43.33#27.64#29.03
-91.8278,44.058#43.1#27.64#29.26
-91.768,44.057#42.87#27.64#29.49
-91.7082,44.056#42.65#27.64#29.71
-91.6483,44.0549#42.42#27.64#29.94
-91.5885,44.0539#42.19#27.64#30.17
-91.5286,44.0528#41.96#27.64#30.4
-91.4688,44.0517#41.69#27.64#30.67
-91.409,44.0505#41.4#27.64#30.96
-91.3491,44.0494#41.1#27.64#31.26
-91.2893,44.0482#40.8#27.64#31.56
-91.2295,44.047#40.5#27.64#31.86
-91.1696,44.0458#40.21#27.64#32.15
-91.1098,44.0446#39.91#27.64#32.45
-91.05,44.0434#39.61#27.64#32.75
-90.9901,44.0421#39.32#27.64#33.04
-90.9303,44.0408#39.09#27.64#33.27
-90.8705,44.0395#38.85#27.64#33.51
-90.8107,44.0382#38.61#27.64#33.75
-90.7508,44.0368#38.37#27.64#33.99
-90.691,44.0355#38.13#27.64#34.23
-90.6312,44.0341#37.9#27.64#34.46
-90.5714,44.0327#37.66#27.64#34.7
-90.5116,44.0313#37.42#27.64#34.94
-90.4518,44.0299#37.18#27.63#35.19
-90.392,44.0284#36.95#27.63#35.42
-90.3321,44.0269#36.71#27.63#35.66
-90.2723,44.0255#36.47#27.63#35.9
-90.2125,44.0239#36.24#27.63#36.13
-90.1527,44.0224#36#27.63#36.37
-90.0929,44.0209#35.77#27.63#36.6
-90.0331,44.0193#35.53#27.63#36.84
-89.9733,44.0177#35.29#27.63#37.08
-89.9135,44.0161#35.06#27.63#37.31
-89.8537,44.0145#34.82#27.63#37.55
-89.794,44.0128#34.59#27.63#37.78
-89.7342,44.0112#34.35#27.62#38.03
-89.6744,44.0095#34.12#27.62#38.26
-89.6146,44.0078#33.88#27.62#38.5
-89.5548,44.0061#33.65#27.62#38.73
-89.495,44.0043#33.41#27.62#38.97
-89.4353,44.0026#33.17#27.62#39.21
-89.3755,44.0008#32.94#27.62#39.44
-89.3157,43.999#32.7#27.62#39.68
-89.2559,43.9972#32.46#27.62#39.92
-89.1962,43.9954#32.23#27.61#40.16
-89.1364,43.9935#31.99#27.61#40.4
-89.0766,43.9917#31.75#27.61#40.64
-89.0169,43.9898#31.52#27.61#40.87
-88.9571,43.9879#31.33#27.61#41.06
-88.8973,43.9859#31.15#27.61#41.24
-88.8376,43.984#30.98#27.61#41.41
-88.7778,43.982#30.8#27.61#41.59
-88.7181,43.98#30.63#27.6#41.77
-88.6583,43.978#30.46#27.6#41.94
-88.5986,43.976#30.28#27.6#42.12
-88.5388,43.974#30.11#27.6#42.29
-88.4791,43.9719#29.94#27.6#42.46
-88.4194,43.9698#29.78#27.6#42.62
-88.3596,43.9677#29.62#27.59#42.79
-88.2999,43.9656#29.47#27.59#42.94
-88.2402,43.9635#29.31#27.59#43.1
-88.1804,43.9613#29.16#27.59#43.25
-88.1207,43.9591#29#27.59#43.41
-88.061,43.957#28.85#27.59#43.56
-88.0013,43.9547#28.69#27.58#43.73
-87.9415,43.9525#28.59#27.58#43.83
-87.8818,43.9503#28.5#27.58#43.92
-87.8221,43.948#28.4#27.58#44.02
-87.7624,43.9457#28.31#27.57#44.12
-87.7027,43.9434#28.21#27.57#44.22
-87.643,43.9411#28.12#27.57#44.31
-87.5833,43.9387#28.02#27.57#44.41
-87.5236,43.9364#27.93#27.57#44.5
-87.4639,43.934#27.86#27.57#44.57
-87.4042,43.9316#27.82#27.58#44.6
-87.3445,43.9292#27.77#27.58#44.65
-87.2848,43.9267#27.73#27.59#44.68
-87.2252,43.9243#27.68#27.59#44.73
-87.1655,43.9218#27.64#27.6#44.76
-87.1058,43.9193#27.59#27.6#44.81
-87.0461,43.9168#27.55#27.61#44.84
-86.9865,43.9142#27.5#27.62#44.88
-86.9268,43.9117#27.46#27.65#44.89
-86.8671,43.9091#27.42#27.69#44.89
-86.8075,43.9065#27.37#27.72#44.91
-86.7478,43.9039#27.33#27.75#44.92
-86.6881,43.9013#27.29#27.78#44.93
-104.212,43.9025#46.93#28.7#24.37
-104.152,43.9054#46.93#28.71#24.36
-104.093,43.9083#46.93#28.71#24.36
-104.033,43.9112#46.93#28.72#24.35
-103.973,43.914#46.93#28.73#24.34
-103.914,43.9169#46.93#28.73#24.34
-103.854,43.9197#46.93#28.74#24.33
-103.795,43.9225#46.93#28.74#24.33
-103.735,43.9253#46.93#28.75#24.32
-103.675,43.928#46.93#28.75#24.32
-103.616,43.9308#46.93#28.76#24.31
-103.556,43.9335#46.93#28.76#24.31
-103.496,43.9362#46.93#28.77#24.3
-103.437,43.9389#46.93#28.77#24.3
-103.377,43.9416#46.93#28.77#24.3
-103.317,43.9442#46.93#28.77#24.3
-103.257,43.9468#46.93#28.78#24.29
-103.198,43.9494#46.93#28.78#24.29
-103.138,43.952#46.93#28.78#24.29
-103.078,43.9546#46.93#28.79#24.28
-103.019,43.9572#46.93#28.79#24.28
-102.959,43.9597#46.93#28.79#24.28
-102.899,43.9622#46.93#28.79#24.28
-102.84,43.9647#46.93#28.79#24.28
-102.78,43.9672#46.93#28.8#24.27
-102.72,43.9697#46.93#28.8#24.27
-102.661,43.9721#46.93#28.8#24.27
-102.601,43.9745#46.93#28.8#24.27
-102.541,43.9769#46.93#28.8#24.27
-102.481,43.9793#46.93#28.81#24.26
-102.422,43.9817#46.93#28.81#24.26
-102.362,43.984#46.93#28.81#24.26
-102.302,43.9863#46.93#28.81#24.26
-102.242,43.9886#46.93#28.81#24.26
-102.183,43.9909#46.93#28.81#24.26
-102.123,43.9932#46.93#28.81#24.26
-102.063,43.9955#46.93#28.82#24.25
-102.003,43.9977#46.93#28.82#24.25
-101.944,43.9999#46.93#28.82#24.25
-101.884,44.0021#46.93#28.82#24.25
-101.824,44.0043#46.93#28.82#24.25
-101.764,44.0064#46.93#28.82#24.25
-101.705,44.0086#46.93#28.82#24.25
-101.645,44.0107#46.93#28.82#24.25
-101.585,44.0128#46.93#28.82#24.25
-101.525,44.0149#46.93#28.83#24.24
-101.466,44.0169#46.93#28.83#24.24
-101.406,44.019#46.93#28.83#24.24
-101.346,44.021#46.93#28.83#24.24
-101.286,44.023#46.93#28.83#24.24
-101.227,44.025#46.93#28.83#24.24
-101.167,44.0269#46.93#28.83#24.24
-101.107,44.0289#46.93#28.83#24.24
-101.047,44.0308#46.93#28.83#24.24
-100.987,44.0327#46.93#28.84#24.23
-100.928,44.0346#46.93#28.84#24.23
-100.868,44.0365#46.93#28.84#24.23
-100.808,44.0383#46.93#28.84#24.23
-100.748,44.0402#46.93#28.84#24.23
-100.688,44.042#46.93#28.84#24.23
-100.629,44.0438#46.93#28.84#24.23
-100.569,44.0455#46.93#28.84#24.23
-100.509,44.0473#46.93#28.84#24.23
-100.449,44.049#46.93#28.84#24.23
-100.389,44.0508#46.93#28.85#24.22
-100.33,44.0525#46.93#28.85#24.22
-100.27,44.0541#46.93#28.85#24.22
-100.21,44.0558#46.93#28.85#24.22
-100.15,44.0575#46.93#28.85#24.22
-100.09,44.0591#46.93#28.85#24.22
-100.031,44.0607#46.93#28.85#24.22
-99.9707,44.0623#46.93#28.9#24.17
-99.9109,44.0638#46.93#28.98#24.09
-99.8511,44.0654#46.93#29.07#24
-99.7912,44.0669#46.93#29.16#23.91
-99.7314,44.0684#46.93#29.24#23.83
-99.6716,44.0699#46.93#29.33#23.74
-99.6117,44.0714#46.93#29.42#23.65
-99.5519,44.0728#46.93#29.5#23.57
-99.4921,44.0743#46.93#29.59#23.48
-99.4322,44.0757#46.93#29.68#23.39
-99.3724,44.0771#46.93#29.77#23.3
-99.3125,44.0785#46.93#29.86#23.21
-99.2527,44.0798#46.93#29.96#23.11
-99.1928,44.0812#46.93#30.05#23.02
-99.133,44.0825#46.93#30.14#22.93
-99.0731,44.0838#46.93#30.23#22.84
-99.0133,44.0851#46.93#30.32#22.75
-98.9534,44.0863#46.93#30.37#22.7
-98.8936,44.0876#46.93#30.4#22.67
-98.8337,44.0888#46.93#30.44#22.63
-98.7739,44.09#46.93#30.47#22.6
-98.714,44.0912#46.93#30.51#22.56
-98.6541,44.0924#46.93#30.54#22.53
-98.5943,44.0935#46.93#30.58#22.49
-98.5344,44.0946#46.93#30.61#22.46
-98.4746,44.0958#46.93#30.58#22.49
-98.4147,44.0968#46.93#30.44#22.63
-98.3548,44.0979#46.93#30.31#22.76
-98.295,44.099#46.93#30.18#22.89
-98.2351,44.1#46.93#30.05#23.02
-98.1752,44.101#46.93#29.92#23.15
-98.1153,44.102#46.93#29.78#23.29
-98.0555,44.103#46.93#29.65#23.42
-97.9956,44.104#46.93#29.52#23.55
-97.9357,44.1049#46.93#29.37#23.7
-97.8758,44.1058#46.93#29.22#23.85
-97.816,44.1067#46.93#29.08#23.99
-97.7561,44.1076#46.93#28.93#24.14
-97.6962,44.1085#46.93#28.78#24.29
-97.6363,44.1093#46.93#28.64#24.43
-97.5764,44.1102#46.93#28.49#24.58
-97.5165,44.111#46.93#28.34#24.73
-97.4567,44.1117#46.93#28.26#24.81
-97.3968,44.1125#46.93#28.21#24.86
-97.3369,44.1133#46.93#28.15#24.92
-97.277,44.114#46.93#28.1#24.97
-97.2171,44.1147#46.93#28.04#25.03
-97.1572,44.1154#46.93#27.99#25.08
-97.0973,44.1161#46.93#27.93#25.14
-97.0374,44.1167#46.93#27.88#25.19
-96.9776,44.1174#46.93#27.84#25.23
-96.9177,44.118#46.93#27.82#25.25
-96.8578,44.1186#46.93#27.8#25.27
-96.7979,44.1192#46.93#27.78#25.29
-96.738,44.1197#46.93#27.76#25.31
-96.6781,44.1203#46.93#27.74#25.33
-96.6182,44.1208#46.93#27.72#25.35
-96.5583,44.1213#46.93#27.7#25.37
-96.4984,44.1218#46.93#27.68#25.39
-96.4385,44.1222#46.93#27.67#25.4
-96.3786,44.1227#46.93#27.66#25.41
-96.3187,44.1231#46.93#27.65#25.42
-96.2588,44.1235#46.93#27.65#25.42
-96.1989,44.1239#46.93#27.64#25.43
-96.139,44.1243#46.93#27.63#25.44
-96.0791,44.1246#46.93#27.63#25.44
-96.0192,44.125#46.93#27.62#25.45
-95.9593,44.1253#46.93#27.62#25.45
-95.8994,44.1256#46.93#27.61#25.46
-95.8395,44.1259#46.93#27.61#25.46
-95.7796,44.1261#46.93#27.61#25.46
-95.7197,44.1264#46.93#27.61#25.46
-95.6598,44.1266#46.93#27.61#25.46
-95.5999,44.1268#46.93#27.6#25.47
-95.54,44.127#46.93#27.6#25.47
-95.4801,44.1271#46.93#27.6#25.47
-95.4202,44.1273#46.93#27.6#25.47
-95.3603,44.1274#46.93#27.6#25.47
-95.3004,44.1275#46.93#27.6#25.47
-95.2404,44.1276#46.93#27.6#25.47
-95.1805,44.1276#46.93#27.6#25.47
-95.1206,44.1277#46.93#27.6#25.47
-95.0607,44.1277#46.93#27.6#25.47
-95.0008,44.1277#46.93#27.6#25.47
-94.9409,44.1277#46.93#27.6#25.47
-94.881,44.1277#46.93#27.6#25.47
-94.8211,44.1276#46.93#27.6#25.47
-94.7612,44.1276#46.93#27.6#25.47
-94.7013,44.1275#46.93#27.6#25.47
-94.6414,44.1274#46.93#27.6#25.47
-94.5815,44.1273#46.93#27.6#25.47
-94.5216,44.1271#46.93#27.6#25.47
-94.4617,44.127#46.93#27.6#25.47
-94.4018,44.1268#46.93#27.6#25.47
-94.3419,44.1266#46.93#27.6#25.47
-94.282,44.1264#46.93#27.6#25.47
-94.2221,44.1261#46.93#27.6#25.47
-94.1622,44.1259#46.93#27.61#25.46
-94.1023,44.1256#46.93#27.61#25.46
-94.0424,44.1253#46.93#27.61#25.46
-93.9825,44.125#46.93#27.61#25.46
-93.9226,44.1247#46.92#27.61#25.47
-93.8627,44.1243#46.91#27.61#25.48
-93.8028,44.1239#46.91#27.61#25.48
-93.7429,44.1235#46.9#27.61#25.49
-93.683,44.1231#46.89#27.61#25.5
-93.6231,44.1227#46.89#27.61#25.5
-93.5632,44.1223#46.88#27.61#25.51
-93.5033,44.1218#46.87#27.61#25.52
-93.4434,44.1213#46.83#27.61#25.56
-93.3835,44.1208#46.78#27.62#25.6
-93.3236,44.1203#46.73#27.62#25.65
-93.2637,44.1197#46.69#27.62#25.69
-93.2038,44.1192#46.64#27.62#25.74
-93.1439,44.1186#46.59#27.62#25.79
-93.084,44.118#46.54#27.62#25.84
-93.0241,44.1174#46.5#27.62#25.88
-92.9642,44.1168#46.4#27.62#25.98
-92.9043,44.1161#46.28#27.62#26.1
-92.8444,44.1154#46.15#27.62#26.23
-92.7845,44.1147#46.03#27.62#26.35
-92.7247,44.114#45.91#27.63#26.46
-92.6648,44.1133#45.78#27.63#26.59
-92.6049,44.1125#45.66#27.63#26.71
-92.545,44.1118#45.53#27.63#26.84
-92.4851,44.111#45.39#27.63#26.98
-92.4252,44.1102#45.19#27.63#27.18
-92.3653,44.1093#44.99#27.63#27.38
-92.3055,44.1085#44.79#27.63#27.58
-92.2456,44.1076#44.59#27.63#27.78
-92.1857,44.1068#44.38#27.63#27.99
-92.1258,44.1059#44.18#27.63#28.19
-92.0659,44.1049#43.98#27.63#28.39
-92.0061,44.104#43.78#27.64#28.58
-91.9462,44.103#43.55#27.64#28.81
-91.8863,44.1021#43.33#27.64#29.03
-91.8264,44.1011#43.1#27.64#29.26
