-97.6041,42.9003#46.93#28.58#24.49
-97.5449,42.9011#46.93#28.44#24.63
-97.4858,42.9019#46.93#28.32#24.75
-97.4266,42.9027#46.93#28.26#24.81
-97.3675,42.9034#46.93#28.21#24.86
-97.3083,42.9042#46.93#28.15#24.92
-97.2492,42.9049#46.93#28.1#24.97
-97.19,42.9056#46.93#28.04#25.03
-97.1309,42.9063#46.93#27.99#25.08
-97.0717,42.907#46.93#27.93#25.14
-97.0125,42.9076#46.93#27.88#25.19
-96.9534,42.9083#46.93#27.85#25.22
-96.8942,42.9089#46.93#27.83#25.24
-96.8351,42.9095#46.93#27.81#25.26
-96.7759,42.9101#46.93#27.79#25.28
-96.7167,42.9106#46.93#27.77#25.3
-96.6576,42.9112#46.93#27.75#25.32
-96.5984,42.9117#46.93#27.73#25.34
-96.5392,42.9122#46.93#27.71#25.36
-96.4801,42.9127#46.93#27.7#25.37
-96.4209,42.9131#46.93#27.69#25.38
-96.3617,42.9136#46.93#27.68#25.39
-96.3026,42.914#46.93#27.68#25.39
-96.2434,42.9144#46.93#27.67#25.4
-96.1842,42.9148#46.93#27.66#25.41
-96.1251,42.9152#46.93#27.65#25.42
-96.0659,42.9155#46.93#27.65#25.42
-96.0067,42.9158#46.93#27.64#25.43
-95.9476,42.9162#46.93#27.64#25.43
-95.8884,42.9164#46.93#27.64#25.43
-95.8292,42.9167#46.93#27.63#25.44
-95.7701,42.917#46.93#27.63#25.44
-95.7109,42.9172#46.93#27.63#25.44
-95.6517,42.9174#46.93#27.63#25.44
-95.5925,42.9176#46.93#27.63#25.44
-95.5334,42.9178#46.93#27.62#25.45
-95.4742,42.918#46.93#27.62#25.45
-95.415,42.9181#46.93#27.62#25.45
-95.3559,42.9182#46.93#27.62#25.45
-95.2967,42.9183#46.93#27.62#25.45
-95.2375,42.9184#46.93#27.62#25.45
-95.1783,42.9185#46.93#27.62#25.45
-95.1192,42.9185#46.93#27.62#25.45
-95.06,42.9186#46.93#27.62#25.45
-95.0008,42.9186#46.93#27.62#25.45
-94.9416,42.9186#46.93#27.62#25.45
-94.8825,42.9185#46.93#27.62#25.45
-94.8233,42.9185#46.93#27.62#25.45
-94.7641,42.9184#46.93#27.62#25.45
-94.705,42.9183#46.93#27.62#25.45
-94.6458,42.9182#46.93#27.62#25.45
-94.5866,42.9181#46.93#27.62#25.45
-94.5274,42.918#46.93#27.63#25.44
-94.4683,42.9178#46.93#27.63#25.44
-94.4091,42.9176#46.93#27.63#25.44
-94.3499,42.9174#46.93#27.63#25.44
-94.2908,42.9172#46.93#27.63#25.44
-94.2316,42.917#46.93#27.63#25.44
-94.1724,42.9167#46.93#27.63#25.44
-94.1132,42.9165#46.93#27.63#25.44
-94.0541,42.9162#46.93#27.63#25.44
-93.9949,42.9158#46.93#27.63#25.44
-93.9357,42.9155#46.93#27.63#25.44
-93.8766,42.9152#46.93#27.63#25.44
-93.8174,42.9148#46.93#27.63#25.44
-93.7582,42.9144#46.93#27.64#25.43
-93.6991,42.914#46.93#27.64#25.43
-93.6399,42.9136#46.93#27.64#25.43
-93.5807,42.9131#46.93#27.64#25.43
-93.5216,42.9127#46.92#27.64#25.44
-93.4624,42.9122#46.9#27.64#25.46
-93.4032,42.9117#46.86#27.64#25.5
-93.3441,42.9112#46.82#27.64#25.54
-93.2849,42.9106#46.78#27.64#25.58
-93.2257,42.9101#46.74#27.64#25.62
-93.1666,42.9095#46.69#27.64#25.67
-93.1074,42.9089#46.65#27.65#25.7
-93.0483,42.9083#46.61#27.65#25.74
-92.9891,42.9077#46.56#27.65#25.79
-92.9299,42.907#46.43#27.65#25.92
-92.8708,42.9063#46.3#27.65#26.05
-92.8116,42.9056#46.18#27.65#26.17
-92.7525,42.9049#46.05#27.65#26.3
-92.6933,42.9042#45.93#27.65#26.42
-92.6342,42.9035#45.8#27.65#26.55
-92.575,42.9027#45.67#27.65#26.68
-92.5158,42.9019#45.55#27.65#26.8
-92.4567,42.9011#45.37#27.66#26.97
-92.3975,42.9003#45.18#27.66#27.16
-99.7348,42.9014#46.93#29.28#23.79
-99.6756,42.9029#46.93#29.37#23.7
-99.6165,42.9044#46.93#29.45#23.62
-99.5574,42.9058#46.93#29.54#23.53
-99.4983,42.9073#46.93#29.62#23.45
-99.4391,42.9087#46.93#29.71#23.36
-99.38,42.9101#46.93#29.8#23.27
-99.3208,42.9115#46.93#29.89#23.18
-99.2617,42.9129#46.93#29.98#23.09
-99.2026,42.9142#46.93#30.07#23
-99.1434,42.9156#46.93#30.16#22.91
-99.0843,42.9169#46.93#30.24#22.83
-99.0251,42.9182#46.93#30.33#22.74
-98.966,42.9194#46.93#30.39#22.68
-98.9068,42.9207#46.93#30.43#22.64
-98.8477,42.9219#46.93#30.46#22.61
-98.7885,42.9232#46.93#30.49#22.58
-98.7294,42.9244#46.93#30.53#22.54
-98.6702,42.9255#46.93#30.56#22.51
-98.6111,42.9267#46.93#30.6#22.47
-98.5519,42.9279#46.93#30.63#22.44
-98.4928,42.929#46.93#30.65#22.42
-98.4336,42.9301#46.93#30.52#22.55
-98.3744,42.9312#46.93#30.38#22.69
-98.3153,42.9322#46.93#30.25#22.82
-98.2561,42.9333#46.93#30.12#22.95
-98.1969,42.9343#46.93#29.99#23.08
-98.1378,42.9353#46.93#29.86#23.21
-98.0786,42.9363#46.93#29.73#23.34
-98.0194,42.9373#46.93#29.6#23.47
-97.9603,42.9383#46.93#29.46#23.61
-97.9011,42.9392#46.93#29.31#23.76
-97.8419,42.9401#46.93#29.17#23.9
-97.7828,42.941#46.93#29.02#24.05
-97.7236,42.9419#46.93#28.88#24.19
-97.6644,42.9428#46.93#28.73#24.34
-97.6052,42.9436#46.93#28.59#24.48
-97.5461,42.9444#46.93#28.44#24.63
-97.4869,42.9452#46.93#28.32#24.75
-97.4277,42.946#46.93#28.26#24.81
-97.3685,42.9468#46.93#28.21#24.86
-97.3093,42.9475#46.93#28.15#24.92
-97.2502,42.9483#46.93#28.1#24.97
-97.191,42.949#46.93#28.04#25.03
-97.1318,42.9497#46.93#27.99#25.08
-97.0726,42.9503#46.93#27.93#25.14
-97.0134,42.951#46.93#27.88#25.19
-96.9542,42.9516#46.93#27.85#25.22
-96.895,42.9522#46.93#27.83#25.24
-96.8359,42.9528#46.93#27.81#25.26
-96.7767,42.9534#46.93#27.79#25.28
-96.7175,42.954#46.93#27.77#25.3
-96.6583,42.9545#46.93#27.75#25.32
-96.5991,42.955#46.93#27.73#25.34
-96.5399,42.9555#46.93#27.71#25.36
-96.4807,42.956#46.93#27.7#25.37
-96.4215,42.9565#46.93#27.69#25.38
-96.3623,42.9569#46.93#27.68#25.39
-96.3031,42.9573#46.93#27.67#25.4
-96.244,42.9577#46.93#27.67#25.4
-96.1848,42.9581#46.93#27.66#25.41
-96.1256,42.9585#46.93#27.65#25.42
-96.0664,42.9589#46.93#27.65#25.42
-96.0072,42.9592#46.93#27.64#25.43
-95.948,42.9595#46.93#27.64#25.43
-95.8888,42.9598#46.93#27.64#25.43
-95.8296,42.9601#46.93#27.63#25.44
-95.7704,42.9603#46.93#27.63#25.44
-95.7112,42.9606#46.93#27.63#25.44
-95.652,42.9608#46.93#27.63#25.44
-95.5928,42.961#46.93#27.63#25.44
-95.5336,42.9612#46.93#27.62#25.45
-95.4744,42.9613#46.93#27.62#25.45
-95.4152,42.9615#46.93#27.62#25.45
-95.356,42.9616#46.93#27.62#25.45
-95.2968,42.9617#46.93#27.62#25.45
-95.2376,42.9618#46.93#27.62#25.45
-95.1784,42.9618#46.93#27.62#25.45
-95.1192,42.9619#46.93#27.62#25.45
-95.06,42.9619#46.93#27.62#25.45
-95.0008,42.9619#46.93#27.62#25.45
-94.9416,42.9619#46.93#27.62#25.45
-94.8824,42.9619#46.93#27.62#25.45
-94.8232,42.9618#46.93#27.62#25.45
-94.764,42.9618#46.93#27.62#25.45
-94.7048,42.9617#46.93#27.62#25.45
-94.6456,42.9616#46.93#27.62#25.45
-94.5864,42.9615#46.93#27.62#25.45
-94.5272,42.9613#46.93#27.62#25.45
-94.468,42.9612#46.93#27.63#25.44
-94.4088,42.961#46.93#27.63#25.44
-94.3496,42.9608#46.93#27.63#25.44
-94.2904,42.9606#46.93#27.63#25.44
-94.2312,42.9603#46.93#27.63#25.44
-94.172,42.9601#46.93#27.63#25.44
-94.1129,42.9598#46.93#27.63#25.44
-94.0537,42.9595#46.93#27.63#25.44
-93.9945,42.9592#46.93#27.63#25.44
-93.9353,42.9589#46.93#27.63#25.44
-93.8761,42.9585#46.93#27.63#25.44
-93.8169,42.9581#46.93#27.63#25.44
-93.7577,42.9578#46.93#27.63#25.44
-93.6985,42.9573#46.93#27.64#25.43
-93.6393,42.9569#46.93#27.64#25.43
-93.5801,42.9565#46.92#27.64#25.44
-93.5209,42.956#46.92#27.64#25.44
-93.4617,42.9555#46.9#27.64#25.46
-93.4025,42.955#46.86#27.64#25.5
-93.3433,42.9545#46.81#27.64#25.55
-93.2842,42.954#46.77#27.64#25.59
-93.225,42.9534#46.73#27.64#25.63
-93.1658,42.9528#46.69#27.64#25.67
-93.1066,42.9522#46.65#27.64#25.71
-93.0474,42.9516#46.61#27.65#25.74
-92.9882,42.951#46.55#27.65#25.8
-92.929,42.9503#46.42#27.65#25.93
-92.8698,42.9497#46.3#27.65#26.05
-92.8107,42.949#46.17#27.65#26.18
-92.7515,42.9483#46.04#27.65#26.31
-92.6923,42.9475#45.92#27.65#26.43
-92.6331,42.9468#45.79#27.65#26.56
-92.5739,42.946#45.67#27.65#26.68
-92.5148,42.9452#45.54#27.65#26.81
-92.4556,42.9444#45.36#27.65#26.99
-92.3964,42.9436#45.17#27.66#27.17
-92.3372,42.9428#44.97#27.66#27.37
-92.2781,42.9419#44.78#27.66#27.56
-92.2189,42.941#44.58#27.66#27.76
-92.1597,42.9401#44.39#27.66#27.95
-92.1005,42.9392#44.19#27.66#28.15
-92.0414,42.9383#44#27.66#28.34
-91.9822,42.9373#43.79#27.66#28.55
-91.923,42.9364#43.57#27.66#28.77
-91.8639,42.9354#43.35#27.66#28.99
-91.8047,42.9344#43.12#27.67#29.21
-91.7455,42.9333#42.9#27.67#29.43
-91.6864,42.9323#42.68#27.67#29.65
-91.6272,42.9312#42.46#27.67#29.87
-91.568,42.9301#42.23#27.67#30.1
-91.5089,42.929#42.01#27.67#30.32
-91.4497,42.9279#41.74#27.67#30.59
-91.3906,42.9267#41.47#27.67#30.86
-91.3314,42.9256#41.19#27.67#31.14
-91.2723,42.9244#40.92#27.67#31.41
-91.2131,42.9232#40.64#27.68#31.68
-91.1539,42.922#40.36#27.68#31.96
-91.0948,42.9207#40.09#27.68#32.23
-91.0357,42.9195#39.81#27.68#32.51
-90.9765,42.9182#39.56#27.68#32.76
-90.9174,42.9169#39.34#27.68#32.98
-90.8582,42.9156#39.12#27.68#33.2
-90.7991,42.9143#38.91#27.68#33.41
-90.7399,42.9129#38.69#27.68#33.63
-90.6808,42.9115#38.47#27.68#33.85
-90.6217,42.9102#38.25#27.68#34.07
-90.5625,42.9087#38.03#27.68#34.29
-90.5034,42.9073#37.82#27.68#34.5
-90.4443,42.9059#37.6#27.68#34.72
-90.3851,42.9044#37.38#27.68#34.94
-90.326,42.9029#37.16#27.68#35.16
-90.2669,42.9014#36.95#27.68#35.37
-101.215,42.9009#46.93#28.87#24.2
-101.156,42.9029#46.93#28.87#24.2
-101.097,42.9049#46.93#28.88#24.19
-101.038,42.9068#46.93#28.88#24.19
-100.979,42.9087#46.93#28.88#24.19
-100.919,42.9106#46.93#28.88#24.19
-100.86,42.9125#46.93#28.88#24.19
-100.801,42.9144#46.93#28.88#24.19
-100.742,42.9162#46.93#28.88#24.19
-100.683,42.9181#46.93#28.89#24.18
-100.624,42.9199#46.93#28.89#24.18
-100.565,42.9217#46.93#28.89#24.18
-100.506,42.9234#46.93#28.89#24.18
-100.447,42.9252#46.93#28.89#24.18
-100.387,42.9269#46.93#28.89#24.18
-100.328,42.9286#46.93#28.89#24.18
-100.269,42.9303#46.93#28.89#24.18
-100.21,42.932#46.93#28.89#24.18
-100.151,42.9336#46.93#28.9#24.17
-100.092,42.9353#46.93#28.9#24.17
-100.033,42.9369#46.93#28.9#24.17
-99.9734,42.9385#46.93#28.94#24.13
-99.9143,42.9401#46.93#29.02#24.05
-99.8551,42.9416#46.93#29.11#23.96
-99.796,42.9432#46.93#29.19#23.88
-99.7368,42.9447#46.93#29.28#23.79
-99.6777,42.9462#46.93#29.36#23.71
-99.6185,42.9477#46.93#29.45#23.62
-99.5594,42.9491#46.93#29.53#23.54
-99.5002,42.9506#46.93#29.62#23.45
-99.4411,42.952#46.93#29.71#23.36
-99.3819,42.9534#46.93#29.8#23.27
-99.3227,42.9548#46.93#29.88#23.19
-99.2636,42.9562#46.93#29.97#23.1
-99.2044,42.9575#46.93#30.06#23.01
-99.1452,42.9589#46.93#30.15#22.92
-99.0861,42.9602#46.93#30.24#22.83
-99.0269,42.9615#46.93#30.33#22.74
-98.9677,42.9628#46.93#30.39#22.68
-98.9085,42.964#46.93#30.42#22.65
-98.8494,42.9653#46.93#30.46#22.61
-98.7902,42.9665#46.93#30.49#22.58
-98.731,42.9677#46.93#30.53#22.54
-98.6718,42.9689#46.93#30.56#22.51
-98.6126,42.97#46.93#30.6#22.47
-98.5535,42.9712#46.93#30.63#22.44
-98.4943,42.9723#46.93#30.65#22.42
-98.4351,42.9734#46.93#30.52#22.55
-98.3759,42.9745#46.93#30.39#22.68
-98.3167,42.9756#46.93#30.26#22.81
-98.2575,42.9766#46.93#30.12#22.95
-98.1983,42.9777#46.93#29.99#23.08
-98.1391,42.9787#46.93#29.86#23.21
-98.08,42.9797#46.93#29.73#23.34
-98.0208,42.9806#46.93#29.6#23.47
-97.9616,42.9816#46.93#29.46#23.61
-97.9024,42.9825#46.93#29.31#23.76
-97.8432,42.9834#46.93#29.17#23.9
-97.784,42.9843#46.93#29.02#24.05
-97.7248,42.9852#46.93#28.88#24.19
-97.6656,42.9861#46.93#28.73#24.34
-97.6064,42.9869#46.93#28.59#24.48
-97.5472,42.9877#46.93#28.44#24.63
-97.488,42.9886#46.93#28.32#24.75
-97.4288,42.9893#46.93#28.26#24.81
-97.3696,42.9901#46.93#28.21#24.86
-97.3103,42.9909#46.93#28.15#24.92
-97.2511,42.9916#46.93#28.1#24.97
-97.1919,42.9923#46.93#28.04#25.03
-97.1327,42.993#46.93#27.99#25.08
-97.0735,42.9937#46.93#27.93#25.14
-97.0143,42.9943#46.93#27.88#25.19
-96.9551,42.9949#46.93#27.85#25.22
-96.8959,42.9956#46.93#27.83#25.24
-96.8367,42.9962#46.93#27.81#25.26
-96.7774,42.9967#46.93#27.79#25.28
-96.7182,42.9973#46.93#27.77#25.3
-96.659,42.9978#46.93#27.75#25.32
-96.5998,42.9983#46.93#27.73#25.34
-96.5406,42.9988#46.93#27.71#25.36
-96.4814,42.9993#46.93#27.69#25.38
-96.4222,42.9998#46.93#27.69#25.38
-96.3629,43.0002#46.93#27.68#25.39
-96.3037,43.0007#46.93#27.67#25.4
-96.2445,43.0011#46.93#27.67#25.4
-96.1853,43.0015#46.93#27.66#25.41
-96.1261,43.0018#46.93#27.65#25.42
-96.0668,43.0022#46.93#27.65#25.42
-96.0076,43.0025#46.93#27.64#25.43
-95.9484,43.0028#46.93#27.64#25.43
-95.8892,43.0031#46.93#27.63#25.44
-95.8299,43.0034#46.93#27.63#25.44
-95.7707,43.0036#46.93#27.63#25.44
-95.7115,43.0039#46.93#27.63#25.44
-95.6523,43.0041#46.93#27.63#25.44
-95.5931,43.0043#46.93#27.62#25.45
-95.5338,43.0045#46.93#27.62#25.45
-95.4746,43.0046#46.93#27.62#25.45
-95.4154,43.0048#46.93#27.62#25.45
-95.3562,43.0049#46.93#27.62#25.45
-95.2969,43.005#46.93#27.62#25.45
-95.2377,43.0051#46.93#27.62#25.45
-95.1785,43.0052#46.93#27.62#25.45
-95.1193,43.0052#46.93#27.62#25.45
-95.06,43.0052#46.93#27.62#25.45
-95.0008,43.0053#46.93#27.62#25.45
-94.9416,43.0052#46.93#27.62#25.45
-94.8824,43.0052#46.93#27.62#25.45
-94.8231,43.0052#46.93#27.62#25.45
-94.7639,43.0051#46.93#27.62#25.45
-94.7047,43.005#46.93#27.62#25.45
-94.6455,43.0049#46.93#27.62#25.45
-94.5862,43.0048#46.93#27.62#25.45
-94.527,43.0046#46.93#27.62#25.45
-94.4678,43.0045#46.93#27.62#25.45
-94.4086,43.0043#46.93#27.63#25.44
-94.3494,43.0041#46.93#27.63#25.44
-94.2901,43.0039#46.93#27.63#25.44
-94.2309,43.0037#46.93#27.63#25.44
-94.1717,43.0034#46.93#27.63#25.44
-94.1125,43.0031#46.93#27.63#25.44
-94.0532,43.0028#46.93#27.63#25.44
-93.994,43.0025#46.93#27.63#25.44
-93.9348,43.0022#46.93#27.63#25.44
-93.8756,43.0018#46.93#27.63#25.44
-93.8164,43.0015#46.93#27.63#25.44
-93.7571,43.0011#46.93#27.63#25.44
-93.6979,43.0007#46.93#27.63#25.44
-93.6387,43.0003#46.92#27.64#25.44
-93.5795,42.9998#46.92#27.64#25.44
-93.5203,42.9993#46.92#27.64#25.44
-93.4611,42.9989#46.9#27.64#25.46
-93.4018,42.9984#46.85#27.64#25.51
-93.3426,42.9978#46.81#27.64#25.55
-93.2834,42.9973#46.77#27.64#25.59
-93.2242,42.9967#46.73#27.64#25.63
-93.165,42.9962#46.69#27.64#25.67
-93.1058,42.9956#46.64#27.64#25.72
-93.0466,42.995#46.6#27.64#25.76
-92.9873,42.9943#46.54#27.65#25.81
-92.9281,42.9937#46.42#27.65#25.93
-92.8689,42.993#46.29#27.65#26.06
-92.8097,42.9923#46.16#27.65#26.19
-92.7505,42.9916#46.04#27.65#26.31
-92.6913,42.9909#45.91#27.65#26.44
-92.6321,42.9901#45.78#27.65#26.57
-92.5729,42.9894#45.66#27.65#26.69
-92.5137,42.9886#45.53#27.65#26.82
-92.4545,42.9878#45.35#27.65#27
-92.3953,42.9869#45.15#27.65#27.2
-92.3361,42.9861#44.96#27.66#27.38
-92.2769,42.9852#44.76#27.66#27.58
-92.2177,42.9844#44.57#27.66#27.77
-92.1585,42.9835#44.37#27.66#27.97
-92.0993,42.9826#44.18#27.66#28.16
-92.0401,42.9816#43.98#27.66#28.36
-91.9809,42.9807#43.78#27.66#28.56
-91.9217,42.9797#43.56#27.66#28.78
-91.8625,42.9787#43.33#27.66#29.01
-91.8033,42.9777#43.11#27.66#29.23
-91.7441,42.9767#42.89#27.67#29.44
-91.6849,42.9756#42.67#27.67#29.66
-91.6257,42.9745#42.45#27.67#29.88
-91.5665,42.9734#42.22#27.67#30.11
-91.5074,42.9723#42#27.67#30.33
-91.4482,42.9712#41.73#27.67#30.6
-91.389,42.9701#41.45#27.67#30.88
-91.3298,42.9689#41.18#27.67#31.15
-91.2706,42.9677#40.9#27.67#31.43
-91.2114,42.9665#40.62#27.67#31.71
-91.1523,42.9653#40.35#27.68#31.97
-91.0931,42.9641#40.07#27.68#32.25
-91.0339,42.9628#39.79#27.68#32.53
-90.9747,42.9615#39.54#27.68#32.78
-90.9156,42.9602#39.32#27.68#33
-90.8564,42.9589#39.11#27.68#33.21
-90.7972,42.9576#38.89#27.68#33.43
-90.7381,42.9562#38.67#27.68#33.65
-90.6789,42.9549#38.45#27.68#33.87
-90.6197,42.9535#38.23#27.68#34.09
-90.5606,42.9521#38.01#27.68#34.31
-90.5014,42.9506#37.79#27.68#34.53
-90.4423,42.9492#37.58#27.68#34.74
-90.3831,42.9477#37.36#27.68#34.96
-90.324,42.9462#37.14#27.68#35.18
-90.2648,42.9447#36.92#27.68#35.4
-90.2056,42.9432#36.7#27.68#35.62
-90.1465,42.9417#36.49#27.68#35.83
-90.0873,42.9401#36.27#27.68#36.05
-90.0282,42.9385#36.05#27.68#36.27
-89.9691,42.9369#35.83#27.68#36.49
-89.9099,42.9353#35.62#27.68#36.7
-89.8508,42.9337#35.4#27.68#36.92
-89.7916,42.932#35.18#27.68#37.14
-89.7325,42.9304#34.97#27.68#37.35
-89.6734,42.9287#34.75#27.68#37.57
-89.6142,42.9269#34.53#27.68#37.79
-89.5551,42.9252#34.32#27.68#38
-89.496,42.9235#34.1#27.68#38.22
-89.4369,42.9217#33.88#27.68#38.44
-89.3777,42.9199#33.65#27.68#38.67
-89.3186,42.9181#33.43#27.68#38.89
-89.2595,42.9163#33.21#27.67#39.12
-89.2004,42.9144#32.99#27.67#39.34
-89.1413,42.9126#32.76#27.67#39.57
-89.0821,42.9107#32.54#27.67#39.79
-89.023,42.9088#32.32#27.67#40.01
-88.9639,42.9069#32.09#27.67#40.24
-88.9048,42.9049#31.85#27.67#40.48
-88.8457,42.903#31.61#27.67#40.72
-88.7866,42.901#31.38#27.67#40.95
-102.4,42.9007#46.93#28.82#24.25
-102.341,42.9031#46.93#28.82#24.25
-102.282,42.9054#46.93#28.82#24.25
-102.223,42.9078#46.93#28.83#24.24
-102.163,42.9101#46.93#28.83#24.24
-102.104,42.9123#46.93#28.84#24.23
-102.045,42.9146#46.93#28.84#24.23
-101.986,42.9168#46.93#28.84#24.23
-101.927,42.9191#46.93#28.85#24.22
-101.868,42.9213#46.93#28.85#24.22
-101.809,42.9234#46.93#28.85#24.22
-101.75,42.9256#46.93#28.85#24.22
-101.691,42.9278#46.93#28.85#24.22
-101.632,42.9299#46.93#28.86#24.21
-101.572,42.932#46.93#28.86#24.21
-101.513,42.9341#46.93#28.86#24.21
-101.454,42.9362#46.93#28.86#24.21
-101.395,42.9382#46.93#28.87#24.2
-101.336,42.9402#46.93#28.87#24.2
-101.277,42.9423#46.93#28.87#24.2
-101.218,42.9443#46.93#28.87#24.2
-101.159,42.9462#46.93#28.87#24.2
-101.099,42.9482#46.93#28.87#24.2
-101.04,42.9501#46.93#28.88#24.19
-100.981,42.952#46.93#28.88#24.19
-100.922,42.9539#46.93#28.88#24.19
-100.863,42.9558#46.93#28.88#24.19
-100.804,42.9577#46.93#28.88#24.19
-100.745,42.9595#46.93#28.88#24.19
-100.686,42.9614#46.93#28.88#24.19
-100.626,42.9632#46.93#28.88#24.19
-100.567,42.965#46.93#28.89#24.18
-100.508,42.9667#46.93#28.89#24.18
-100.449,42.9685#46.93#28.89#24.18
-100.39,42.9702#46.93#28.89#24.18
-100.331,42.9719#46.93#28.89#24.18
-100.271,42.9736#46.93#28.89#24.18
-100.212,42.9753#46.93#28.89#24.18
-100.153,42.9769#46.93#28.89#24.18
-100.094,42.9786#46.93#28.9#24.17
-100.035,42.9802#46.93#28.9#24.17
-99.9756,42.9818#46.93#28.93#24.14
-99.9164,42.9834#46.93#29.02#24.05
-99.8573,42.9849#46.93#29.1#23.97
-99.7981,42.9865#46.93#29.19#23.88
-99.7389,42.988#46.93#29.27#23.8
-99.6797,42.9895#46.93#29.36#23.71
-99.6205,42.991#46.93#29.44#23.63
-99.5614,42.9925#46.93#29.53#23.54
-99.5022,42.9939#46.93#29.61#23.46
-99.443,42.9953#46.93#29.7#23.37
-99.3838,42.9967#46.93#29.79#23.28
-99.3246,42.9981#46.93#29.88#23.19
-99.2654,42.9995#46.93#29.97#23.1
-99.2062,43.0009#46.93#30.06#23.01
-99.147,43.0022#46.93#30.15#22.92
-99.0878,43.0035#46.93#30.24#22.83
-99.0286,43.0048#46.93#30.33#22.74
-98.9695,43.0061#46.93#30.39#22.68
-98.9102,43.0073#46.93#30.42#22.65
-98.851,43.0086#46.93#30.46#22.61
-98.7918,43.0098#46.93#30.49#22.58
-98.7326,43.011#46.93#30.52#22.55
-98.6734,43.0122#46.93#30.56#22.51
-98.6142,43.0134#46.93#30.59#22.48
-98.555,43.0145#46.93#30.63#22.44
-98.4958,43.0156#46.93#30.65#22.42
-98.4366,43.0167#46.93#30.52#22.55
-98.3774,43.0178#46.93#30.39#22.68
-98.3182,43.0189#46.93#30.26#22.81
-98.259,43.0199#46.93#30.13#22.94
-98.1997,43.021#46.93#30#23.07
-98.1405,43.022#46.93#29.86#23.21
-98.0813,43.023#46.93#29.73#23.34
-98.0221,43.024#46.93#29.6#23.47
-97.9629,43.0249#46.93#29.46#23.61
-97.9036,43.0258#46.93#29.32#23.75
-97.8444,43.0268#46.93#29.17#23.9
-97.7852,43.0277#46.93#29.03#24.04
-97.726,43.0285#46.93#28.88#24.19
-97.6667,43.0294#46.93#28.74#24.33
-97.6075,43.0302#46.93#28.59#24.48
-97.5483,43.0311#46.93#28.44#24.63
-97.489,43.0319#46.93#28.32#24.75
-97.4298,43.0327#46.93#28.26#24.81
-97.3706,43.0334#46.93#28.21#24.86
-97.3114,43.0342#46.93#28.15#24.92
-97.2521,43.0349#46.93#28.1#24.97
-97.1929,43.0356#46.93#28.04#25.03
-97.1337,43.0363#46.93#27.99#25.08
-97.0744,43.037#46.93#27.93#25.14
-97.0152,43.0376#46.93#27.88#25.19
-96.9559,43.0383#46.93#27.85#25.22
-96.8967,43.0389#46.93#27.83#25.24
-96.8375,43.0395#46.93#27.81#25.26
-96.7782,43.04#46.93#27.79#25.28
-96.719,43.0406#46.93#27.77#25.3
-96.6597,43.0411#46.93#27.75#25.32
-96.6005,43.0417#46.93#27.73#25.34
-96.5413,43.0422#46.93#27.71#25.36
-96.482,43.0427#46.93#27.69#25.38
-96.4228,43.0431#46.93#27.69#25.38
-96.3635,43.0436#46.93#27.68#25.39
-96.3043,43.044#46.93#27.67#25.4
-96.245,43.0444#46.93#27.67#25.4
-96.1858,43.0448#46.93#27.66#25.41
-96.1265,43.0452#46.93#27.65#25.42
-96.0673,43.0455#46.93#27.65#25.42
-96.0081,43.0458#46.93#27.64#25.43
-95.9488,43.0461#46.93#27.64#25.43
-95.8896,43.0464#46.93#27.63#25.44
-95.8303,43.0467#46.93#27.63#25.44
-95.7711,43.047#46.93#27.63#25.44
-95.7118,43.0472#46.93#27.63#25.44
-95.6526,43.0474#46.93#27.63#25.44
-95.5933,43.0476#46.93#27.62#25.45
-95.5341,43.0478#46.93#27.62#25.45
-95.4748,43.048#46.93#27.62#25.45
-95.4156,43.0481#46.93#27.62#25.45
-95.3563,43.0482#46.93#27.62#25.45
-95.2971,43.0483#46.93#27.62#25.45
-95.2378,43.0484#46.93#27.62#25.45
-95.1786,43.0485#46.93#27.62#25.45
-95.1193,43.0485#46.93#27.62#25.45
-95.0601,43.0486#46.93#27.62#25.45
-95.0008,43.0486#46.93#27.62#25.45
-94.9416,43.0486#46.93#27.62#25.45
-94.8823,43.0485#46.93#27.62#25.45
-94.8231,43.0485#46.93#27.62#25.45
-94.7638,43.0484#46.93#27.62#25.45
-94.7046,43.0483#46.93#27.62#25.45
-94.6453,43.0482#46.93#27.62#25.45
-94.5861,43.0481#46.93#27.62#25.45
-94.5268,43.048#46.93#27.62#25.45
-94.4676,43.0478#46.93#27.62#25.45
-94.4083,43.0476#46.93#27.62#25.45
-94.3491,43.0474#46.93#27.63#25.44
-94.2898,43.0472#46.93#27.63#25.44
-94.2306,43.047#46.93#27.63#25.44
-94.1713,43.0467#46.93#27.63#25.44
-94.1121,43.0464#46.93#27.63#25.44
-94.0528,43.0462#46.93#27.63#25.44
-93.9936,43.0458#46.93#27.63#25.44
-93.9343,43.0455#46.93#27.63#25.44
-93.8751,43.0452#46.93#27.63#25.44
-93.8158,43.0448#46.93#27.63#25.44
-93.7566,43.0444#46.93#27.63#25.44
-93.6974,43.044#46.93#27.63#25.44
-93.6381,43.0436#46.92#27.63#25.45
-93.5789,43.0431#46.92#27.64#25.44
-93.5196,43.0427#46.92#27.64#25.44
-93.4604,43.0422#46.89#27.64#25.47
-93.4011,43.0417#46.85#27.64#25.51
-93.3419,43.0412#46.81#27.64#25.55
-93.2827,43.0406#46.77#27.64#25.59
-93.2234,43.0401#46.72#27.64#25.64
-93.1642,43.0395#46.68#27.64#25.68
-93.1049,43.0389#46.64#27.64#25.72
-93.0457,43.0383#46.6#27.64#25.76
-92.9865,43.0376#46.54#27.64#25.82
-92.9272,43.037#46.41#27.65#25.94
-92.868,43.0363#46.28#27.65#26.07
-92.8088,43.0356#46.15#27.65#26.2
-92.7495,43.0349#46.03#27.65#26.32
-92.6903,43.0342#45.9#27.65#26.45
-92.6311,43.0334#45.77#27.65#26.58
-92.5718,43.0327#45.65#27.65#26.7
-92.5126,43.0319#45.52#27.65#26.83
-92.4534,43.0311#45.34#27.65#27.01
-92.3941,43.0303#45.14#27.65#27.21
-92.3349,43.0294#44.95#27.65#27.4
-92.2757,43.0286#44.75#27.66#27.59
-92.2164,43.0277#44.56#27.66#27.78
-92.1572,43.0268#44.36#27.66#27.98
-92.098,43.0259#44.17#27.66#28.17
-92.0388,43.0249#43.97#27.66#28.37
-91.9796,43.024#43.77#27.66#28.57
-91.9203,43.023#43.54#27.66#28.8
-91.8611,43.022#43.32#27.66#29.02
-91.8019,43.021#43.1#27.66#29.24
-91.7427,43.02#42.88#27.66#29.46
-91.6835,43.0189#42.66#27.67#29.67
-91.6243,43.0178#42.43#27.67#29.9
-91.565,43.0168#42.21#27.67#30.12
-91.5058,43.0157#41.99#27.67#30.34
-91.4466,43.0145#41.72#27.67#30.61
-91.3874,43.0134#41.44#27.67#30.89
-91.3282,43.0122#41.16#27.67#31.17
-91.269,43.011#40.89#27.67#31.44
-91.2098,43.0098#40.61#27.67#31.72
-91.1506,43.0086#40.33#27.67#32
-91.0914,43.0074#40.05#27.67#32.28
-91.0322,43.0061#39.78#27.68#32.54
-90.973,43.0048#39.53#27.68#32.79
-90.9138,43.0035#39.31#27.68#33.01
-90.8546,43.0022#39.09#27.68#33.23
-90.7954,43.0009#38.87#27.68#33.45
-90.7362,42.9995#38.65#27.68#33.67
-90.677,42.9982#38.43#27.68#33.89
-90.6178,42.9968#38.21#27.68#34.11
-90.5586,42.9954#37.99#27.68#34.33
-90.4995,42.9939#37.77#27.68#34.55
-90.4403,42.9925#37.55#27.68#34.77
-90.3811,42.991#37.33#27.68#34.99
-90.3219,42.9895#37.11#27.68#35.21
-90.2627,42.988#36.9#27.68#35.42
-90.2036,42.9865#36.68#27.68#35.64
-90.1444,42.985#36.46#27.68#35.86
-90.0852,42.9834#36.24#27.68#36.08
-90.026,42.9818#36.02#27.68#36.3
-89.9669,42.9802#35.8#27.68#36.52
-89.9077,42.9786#35.59#27.68#36.73
-89.8485,42.977#35.37#27.68#36.95
-89.7894,42.9753#35.15#27.68#37.17
-89.7302,42.9737#34.93#27.68#37.39
-89.671,42.972#34.72#27.68#37.6
-89.6119,42.9703#34.5#27.68#37.82
-89.5527,42.9685#34.28#27.68#38.04
-89.4936,42.9668#34.06#27.68#38.26
-89.4344,42.965#33.84#27.68#38.48
-89.3753,42.9632#33.62#27.67#38.71
-89.3161,42.9614#33.39#27.67#38.94
-89.257,42.9596#33.17#27.67#39.16
-89.1978,42.9577#32.95#27.67#39.38
-89.1387,42.9559#32.72#27.67#39.61
-89.0796,42.954#32.5#27.67#39.83
-89.0204,42.9521#32.28#27.67#40.05
-88.9613,42.9502#32.05#27.67#40.28
-88.9022,42.9482#31.81#27.67#40.52
-88.843,42.9463#31.58#27.66#40.76
-88.7839,42.9443#31.34#27.66#41
-88.7248,42.9423#31.1#27.66#41.24
-88.6657,42.9403#30.87#27.66#41.47
-88.6065,42.9383#30.63#27.66#41.71
-88.5474,42.9362#30.39#27.66#41.95
-88.4883,42.9341#30.16#27.66#42.18
-88.4292,42.9321#29.96#27.65#42.39
-88.3701,42.9299#29.76#27.65#42.59
-88.311,42.9278#29.56#27.65#42.79
-88.2519,42.9257#29.35#27.65#43
-88.1928,42.9235#29.15#27.65#43.2
-88.1337,42.9213#28.95#27.64#43.41
-88.0746,42.9191#28.74#27.64#43.62
-88.0155,42.9169#28.54#27.64#43.82
-87.9564,42.9147#28.41#27.64#43.95
-87.8973,42.9124#28.31#27.64#44.05
-87.8382,42.9101#28.21#27.63#44.16
-87.7791,42.9078#28.11#27.63#44.26
-87.72,42.9055#28.01#27.63#44.36
-87.661,42.9032#27.91#27.63#44.46
-87.6019,42.9008#27.81#27.63#44.56
-103.407,42.9011#46.93#28.69#24.38
-103.348,42.9038#46.93#28.7#24.37
-103.289,42.9064#46.93#28.71#24.36
-103.23,42.9091#46.93#28.72#24.35
-103.171,42.9117#46.93#28.73#24.34
-103.112,42.9143#46.93#28.74#24.33
-103.053,42.9169#46.93#28.75#24.32
-102.994,42.9194#46.93#28.76#24.31
-102.935,42.922#46.93#28.76#24.31
-102.876,42.9245#46.93#28.77#24.3
-102.817,42.927#46.93#28.78#24.29
-102.758,42.9295#46.93#28.78#24.29
-102.698,42.932#46.93#28.79#24.28
-102.639,42.9344#46.93#28.8#24.27
-102.58,42.9369#46.93#28.8#24.27
-102.521,42.9393#46.93#28.81#24.26
-102.462,42.9417#46.93#28.81#24.26
-102.403,42.944#46.93#28.82#24.25
-102.344,42.9464#46.93#28.82#24.25
-102.285,42.9487#46.93#28.82#24.25
-102.226,42.951#46.93#28.83#24.24
-102.167,42.9533#46.93#28.83#24.24
-102.107,42.9556#46.93#28.84#24.23
-102.048,42.9579#46.93#28.84#24.23
-101.989,42.9601#46.93#28.84#24.23
-101.93,42.9623#46.93#28.84#24.23
-101.871,42.9645#46.93#28.85#24.22
-101.812,42.9667#46.93#28.85#24.22
-101.753,42.9689#46.93#28.85#24.22
-101.694,42.971#46.93#28.85#24.22
-101.634,42.9732#46.93#28.86#24.21
-101.575,42.9753#46.93#28.86#24.21
-101.516,42.9774#46.93#28.86#24.21
-101.457,42.9794#46.93#28.86#24.21
-101.398,42.9815#46.93#28.86#24.21
-101.339,42.9835#46.93#28.87#24.2
-101.28,42.9855#46.93#28.87#24.2
-101.22,42.9875#46.93#28.87#24.2
-101.161,42.9895#46.93#28.87#24.2
-101.102,42.9915#46.93#28.87#24.2
-101.043,42.9934#46.93#28.87#24.2
-100.984,42.9953#46.93#28.88#24.19
-100.925,42.9972#46.93#28.88#24.19
-100.865,42.9991#46.93#28.88#24.19
-100.806,43.001#46.93#28.88#24.19
-100.747,43.0028#46.93#28.88#24.19
-100.688,43.0047#46.93#28.88#24.19
-100.629,43.0065#46.93#28.88#24.19
-100.57,43.0083#46.93#28.88#24.19
-100.51,43.01#46.93#28.89#24.18
-100.451,43.0118#46.93#28.89#24.18
-100.392,43.0135#46.93#28.89#24.18
-100.333,43.0152#46.93#28.89#24.18
-100.274,43.0169#46.93#28.89#24.18
-100.215,43.0186#46.93#28.89#24.18
-100.155,43.0202#46.93#28.89#24.18
-100.096,43.0219#46.93#28.89#24.18
-100.037,43.0235#46.93#28.89#24.18
-99.9778,43.0251#46.93#28.93#24.14
-99.9186,43.0267#46.93#29.01#24.06
-99.8594,43.0282#46.93#29.1#23.97
-99.8002,43.0298#46.93#29.18#23.89
-99.741,43.0313#46.93#29.27#23.8
-99.6818,43.0328#46.93#29.35#23.72
-99.6226,43.0343#46.93#29.44#23.63
-99.5634,43.0358#46.93#29.52#23.55
-99.5041,43.0372#46.93#29.61#23.46
-99.4449,43.0386#46.93#29.7#23.37
-99.3857,43.04#46.93#29.79#23.28
-99.3265,43.0414#46.93#29.88#23.19
-99.2673,43.0428#46.93#29.97#23.1
-99.2081,43.0442#46.93#30.05#23.02
-99.1489,43.0455#46.93#30.14#22.93
-99.0896,43.0468#46.93#30.23#22.84
-99.0304,43.0481#46.93#30.32#22.75
-98.9712,43.0494#46.93#30.38#22.69
-98.912,43.0506#46.93#30.42#22.65
-98.8527,43.0519#46.93#30.45#22.62
-98.7935,43.0531#46.93#30.49#22.58
-98.7343,43.0543#46.93#30.52#22.55
-98.675,43.0555#46.93#30.56#22.51
-98.6158,43.0567#46.93#30.59#22.48
-98.5566,43.0578#46.93#30.63#22.44
-98.4973,43.0589#46.93#30.65#22.42
-98.4381,43.06#46.93#30.52#22.55
-98.3789,43.0611#46.93#30.39#22.68
-98.3196,43.0622#46.93#30.26#22.81
-98.2604,43.0632#46.93#30.13#22.94
-98.2011,43.0643#46.93#30#23.07
-98.1419,43.0653#46.93#29.87#23.2
-98.0826,43.0663#46.93#29.74#23.33
-98.0234,43.0673#46.93#29.6#23.47
-97.9642,43.0682#46.93#29.46#23.61
-97.9049,43.0691#46.93#29.32#23.75
-97.8457,43.0701#46.93#29.17#23.9
-97.7864,43.071#46.93#29.03#24.04
-97.7272,43.0718#46.93#28.88#24.19
-97.6679,43.0727#46.93#28.74#24.33
-97.6086,43.0735#46.93#28.59#24.48
-97.5494,43.0744#46.93#28.45#24.62
-97.4901,43.0752#46.93#28.32#24.75
-97.4309,43.076#46.93#28.26#24.81
-97.3716,43.0767#46.93#28.21#24.86
-97.3124,43.0775#46.93#28.15#24.92
-97.2531,43.0782#46.93#28.1#24.97
-97.1938,43.0789#46.93#28.04#25.03
-97.1346,43.0796#46.93#27.99#25.08
-97.0753,43.0803#46.93#27.93#25.14
-97.0161,43.0809#46.93#27.88#25.19
-96.9568,43.0816#46.93#27.85#25.22
-96.8975,43.0822#46.93#27.83#25.24
-96.8383,43.0828#46.93#27.81#25.26
-96.779,43.0834#46.93#27.79#25.28
-96.7197,43.0839#46.93#27.77#25.3
-96.6605,43.0845#46.93#27.75#25.32
-96.6012,43.085#46.93#27.73#25.34
-96.5419,43.0855#46.93#27.71#25.36
-96.4827,43.086#46.93#27.69#25.38
-96.4234,43.0864#46.93#27.69#25.38
-96.3641,43.0869#46.93#27.68#25.39
-96.3049,43.0873#46.93#27.67#25.4
-96.2456,43.0877#46.93#27.67#25.4
-96.1863,43.0881#46.93#27.66#25.41
-96.127,43.0885#46.93#27.65#25.42
-96.0678,43.0888#46.93#27.64#25.43
-96.0085,43.0891#46.93#27.64#25.43
-95.9492,43.0895#46.93#27.63#25.44
-95.8899,43.0897#46.93#27.63#25.44
-95.8307,43.09#46.93#27.63#25.44
-95.7714,43.0903#46.93#27.63#25.44
-95.7121,43.0905#46.93#27.63#25.44
-95.6529,43.0907#46.93#27.62#25.45
-95.5936,43.0909#46.93#27.62#25.45
-95.5343,43.0911#46.93#27.62#25.45
-95.475,43.0913#46.93#27.62#25.45
-95.4158,43.0914#46.93#27.62#25.45
-95.3565,43.0915#46.93#27.62#25.45
-95.2972,43.0916#46.93#27.62#25.45
-95.2379,43.0917#46.93#27.62#25.45
-95.1786,43.0918#46.93#27.62#25.45
-95.1194,43.0918#46.93#27.62#25.45
-95.0601,43.0919#46.93#27.62#25.45
-95.0008,43.0919#46.93#27.62#25.45
-94.9415,43.0919#46.93#27.62#25.45
-94.8823,43.0918#46.93#27.62#25.45
-94.823,43.0918#46.93#27.62#25.45
-94.7637,43.0917#46.93#27.62#25.45
-94.7044,43.0916#46.93#27.62#25.45
-94.6452,43.0915#46.93#27.62#25.45
-94.5859,43.0914#46.93#27.62#25.45
-94.5266,43.0913#46.93#27.62#25.45
-94.4673,43.0911#46.93#27.62#25.45
-94.4081,43.0909#46.93#27.62#25.45
-94.3488,43.0907#46.93#27.62#25.45
-94.2895,43.0905#46.93#27.63#25.44
-94.2302,43.0903#46.93#27.63#25.44
-94.171,43.09#46.93#27.63#25.44
-94.1117,43.0898#46.93#27.63#25.44
-94.0524,43.0895#46.93#27.63#25.44
-93.9931,43.0892#46.93#27.63#25.44
-93.9339,43.0888#46.93#27.63#25.44
-93.8746,43.0885#46.93#27.63#25.44
-93.8153,43.0881#46.93#27.63#25.44
-93.7561,43.0877#46.93#27.63#25.44
-93.6968,43.0873#46.92#27.63#25.45
-93.6375,43.0869#46.92#27.63#25.45
-93.5782,43.0864#46.92#27.63#25.45
-93.519,43.086#46.92#27.64#25.44
-93.4597,43.0855#46.89#27.64#25.47
-93.4004,43.085#46.85#27.64#25.51
-93.3412,43.0845#46.81#27.64#25.55
-93.2819,43.0839#46.76#27.64#25.6
-93.2226,43.0834#46.72#27.64#25.64
-93.1634,43.0828#46.68#27.64#25.68
-93.1041,43.0822#46.64#27.64#25.72
-93.0448,43.0816#46.59#27.64#25.77
-92.9856,43.081#46.53#27.64#25.83
-92.9263,43.0803#46.4#27.64#25.96
-92.8671,43.0796#46.27#27.65#26.08
-92.8078,43.0789#46.15#27.65#26.2
-92.7485,43.0782#46.02#27.65#26.33
-92.6893,43.0775#45.89#27.65#26.46
-92.63,43.0768#45.76#27.65#26.59
-92.5708,43.076#45.64#27.65#26.71
-92.5115,43.0752#45.51#27.65#26.84
-92.4522,43.0744#45.33#27.65#27.02
-92.393,43.0736#45.13#27.65#27.22
-92.3337,43.0727#44.94#27.65#27.41
-92.2745,43.0719#44.74#27.65#27.61
-92.2152,43.071#44.55#27.66#27.79
-92.156,43.0701#44.35#27.66#27.99
-92.0967,43.0692#44.15#27.66#28.19
-92.0375,43.0682#43.96#27.66#28.38
-91.9782,43.0673#43.75#27.66#28.59
-91.919,43.0663#43.53#27.66#28.81
-91.8597,43.0653#43.31#27.66#29.03
-91.8005,43.0643#43.09#27.66#29.25
-91.7413,43.0633#42.87#27.66#29.47
-91.682,43.0622#42.64#27.66#29.7
-91.6228,43.0612#42.42#27.67#29.91
-91.5635,43.0601#42.2#27.67#30.13
-91.5043,43.059#41.98#27.67#30.35
-91.4451,43.0578#41.7#27.67#30.63
-91.3858,43.0567#41.43#27.67#30.9
-91.3266,43.0555#41.15#27.67#31.18
-91.2674,43.0543#40.87#27.67#31.46
-91.2081,43.0531#40.59#27.67#31.74
-91.1489,43.0519#40.31#27.67#32.02
-91.0897,43.0507#40.04#27.67#32.29
-91.0305,43.0494#39.76#27.67#32.57
-90.9712,43.0481#39.51#27.68#32.81
-90.912,43.0468#39.29#27.68#33.03
-90.8528,43.0455#39.07#27.68#33.25
-90.7936,43.0442#38.85#27.68#33.47
-90.7343,43.0428#38.63#27.68#33.69
-90.6751,43.0415#38.41#27.68#33.91
-90.6159,43.0401#38.19#27.68#34.13
-90.5567,43.0387#37.97#27.68#34.35
-90.4975,43.0372#37.75#27.68#34.57
-90.4383,43.0358#37.53#27.68#34.79
-90.3791,43.0343#37.31#27.68#35.01
-90.3199,43.0328#37.09#27.68#35.23
-90.2607,43.0313#36.87#27.68#35.45
-90.2015,43.0298#36.65#27.68#35.67
-90.1423,43.0283#36.43#27.68#35.89
-90.0831,43.0267#36.21#27.68#36.11
-90.0239,43.0251#35.99#27.68#36.33
-89.9647,43.0235#35.78#27.68#36.54
-89.9055,43.0219#35.56#27.68#36.76
-89.8463,43.0203#35.34#27.68#36.98
-89.7871,43.0186#35.12#27.68#37.2
-89.7279,43.017#34.9#27.68#37.42
-89.6687,43.0153#34.68#27.68#37.64
-89.6095,43.0136#34.47#27.67#37.86
-89.5504,43.0118#34.25#27.67#38.08
-89.4912,43.0101#34.03#27.67#38.3
-89.432,43.0083#33.8#27.67#38.53
-89.3728,43.0065#33.58#27.67#38.75
-89.3136,43.0047#33.36#27.67#38.97
-89.2545,43.0029#33.13#27.67#39.2
-89.1953,43.001#32.91#27.67#39.42
-89.1361,42.9992#32.69#27.67#39.64
-89.077,42.9973#32.46#27.67#39.87
-89.0178,42.9954#32.24#27.67#40.09
-88.9587,42.9935#32.01#27.66#40.33
-88.8995,42.9915#31.77#27.66#40.57
-88.8403,42.9896#31.54#27.66#40.8
-88.7812,42.9876#31.3#27.66#41.04
-88.722,42.9856#31.07#27.66#41.27
-88.6629,42.9836#30.83#27.66#41.51
-88.6037,42.9816#30.6#27.66#41.74
-88.5446,42.9795#30.36#27.65#41.99
-88.4855,42.9774#30.14#27.65#42.21
-88.4263,42.9753#29.94#27.65#42.41
-88.3672,42.9732#29.74#27.65#42.61
-88.3081,42.9711#29.54#27.65#42.81
-88.2489,42.969#29.34#27.65#43.01
-88.1898,42.9668#29.14#27.64#43.22
-88.1307,42.9646#28.94#27.64#43.42
-88.0715,42.9624#28.74#27.64#43.62
-88.0124,42.9602#28.54#27.64#43.82
-87.9533,42.9579#28.42#27.64#43.94
-87.8942,42.9557#28.32#27.63#44.05
-87.8351,42.9534#28.22#27.63#44.15
-87.776,42.9511#28.12#27.63#44.25
-87.7169,42.9488#28.02#27.63#44.35
-87.6578,42.9464#27.92#27.63#44.45
-87.5987,42.9441#27.82#27.62#44.56
-87.5396,42.9417#27.72#27.62#44.66
-87.4805,42.9393#27.65#27.62#44.73
-87.4214,42.9369#27.62#27.62#44.76
-87.3623,42.9345#27.6#27.62#44.78
-87.3032,42.932#27.57#27.61#44.82
-87.2441,42.9296#27.55#27.61#44.84
-87.185,42.9271#27.52#27.61#44.87
-87.126,42.9246#27.5#27.61#44.89
-87.0669,42.9221#27.47#27.6#44.93
-87.0078,42.9195#27.45#27.6#44.95
-86.9487,42.9169#27.43#27.6#44.97
-86.8897,42.9144#27.42#27.6#44.98
-86.8306,42.9118#27.4#27.59#45.01
-86.7716,42.9091#27.39#27.59#45.02
-86.7125,42.9065#27.37#27.59#45.04
-86.6534,42.9039#27.35#27.58#45.07
-86.5944,42.9012#27.34#27.58#45.08
-104.297,42.9019#46.93#28.37#24.7
-104.238,42.9049#46.93#28.4#24.67
-104.179,42.9078#46.93#28.42#24.65
-104.12,42.9108#46.93#28.44#24.63
-104.061,42.9137#46.93#28.46#24.61
-104.001,42.9166#46.93#28.48#24.59
-103.942,42.9194#46.93#28.51#24.56
-103.883,42.9223#46.93#28.53#24.54
-103.824,42.9251#46.93#28.56#24.51
-103.765,42.9279#46.93#28.58#24.49
-103.706,42.9307#46.93#28.6#24.47
-103.647,42.9335#46.93#28.62#24.45
-103.588,42.9362#46.93#28.65#24.42
-103.529,42.939#46.93#28.67#24.4
-103.47,42.9417#46.93#28.68#24.39
-103.411,42.9444#46.93#28.69#24.38
-103.352,42.947#46.93#28.7#24.37
-103.293,42.9497#46.93#28.71#24.36
-103.234,42.9523#46.93#28.72#24.35
-103.175,42.955#46.93#28.73#24.34
-103.115,42.9576#46.93#28.74#24.33
-103.056,42.9601#46.93#28.75#24.32
-102.997,42.9627#46.93#28.76#24.31
-102.938,42.9653#46.93#28.77#24.3
-102.879,42.9678#46.93#28.77#24.3
-102.82,42.9703#46.93#28.78#24.29
-102.761,42.9728#46.93#28.79#24.28
-102.702,42.9752#46.93#28.79#24.28
-102.643,42.9777#46.93#28.8#24.27
-102.584,42.9801#46.93#28.8#24.27
-102.524,42.9825#46.93#28.81#24.26
-102.465,42.9849#46.93#28.81#24.26
-102.406,42.9873#46.93#28.82#24.25
-102.347,42.9897#46.93#28.82#24.25
-102.288,42.992#46.93#28.82#24.25
-102.229,42.9943#46.93#28.83#24.24
-102.17,42.9966#46.93#28.83#24.24
-102.111,42.9989#46.93#28.84#24.23
-102.051,43.0012#46.93#28.84#24.23
-101.992,43.0034#46.93#28.84#24.23
-101.933,43.0056#46.93#28.84#24.23
-101.874,43.0078#46.93#28.85#24.22
-101.815,43.01#46.93#28.85#24.22
-101.756,43.0122#46.93#28.85#24.22
-101.697,43.0143#46.93#28.85#24.22
-101.637,43.0165#46.93#28.85#24.22
-101.578,43.0186#46.93#28.86#24.21
-101.519,43.0207#46.93#28.86#24.21
-101.46,43.0227#46.93#28.86#24.21
-101.401,43.0248#46.93#28.86#24.21
-101.342,43.0268#46.93#28.86#24.21
-101.282,43.0288#46.93#28.87#24.2
-101.223,43.0308#46.93#28.87#24.2
-101.164,43.0328#46.93#28.87#24.2
-101.105,43.0348#46.93#28.87#24.2
-101.046,43.0367#46.93#28.87#24.2
-100.986,43.0386#46.93#28.87#24.2
-100.927,43.0405#46.93#28.88#24.19
-100.868,43.0424#46.93#28.88#24.19
-100.809,43.0443#46.93#28.88#24.19
-100.75,43.0461#46.93#28.88#24.19
-100.69,43.0479#46.93#28.88#24.19
-100.631,43.0497#46.93#28.88#24.19
-100.572,43.0515#46.93#28.88#24.19
-100.513,43.0533#46.93#28.88#24.19
-100.454,43.0551#46.93#28.89#24.18
-100.394,43.0568#46.93#28.89#24.18
-100.335,43.0585#46.93#28.89#24.18
-100.276,43.0602#46.93#28.89#24.18
-100.217,43.0619#46.93#28.89#24.18
-100.158,43.0635#46.93#28.89#24.18
-100.098,43.0652#46.93#28.89#24.18
-100.039,43.0668#46.93#28.89#24.18
-99.98,43.0684#46.93#28.92#24.15
-99.9207,43.07#46.93#29.01#24.06
-99.8615,43.0715#46.93#29.09#23.98
-99.8023,43.0731#46.93#29.18#23.89
-99.7431,43.0746#46.93#29.26#23.81
-99.6838,43.0761#46.93#29.35#23.72
-99.6246,43.0776#46.93#29.43#23.64
-99.5654,43.079#46.93#29.52#23.55
-99.5061,43.0805#46.93#29.61#23.46
-99.4469,43.0819#46.93#29.69#23.38
-99.3876,43.0833#46.93#29.78#23.29
-99.3284,43.0847#46.93#29.87#23.2
-99.2692,43.0861#46.93#29.96#23.11
-99.2099,43.0875#46.93#30.05#23.02
-99.1507,43.0888#46.93#30.14#22.93
-99.0914,43.0901#46.93#30.23#22.84
-99.0322,43.0914#46.93#30.32#22.75
-98.9729,43.0927#46.93#30.38#22.69
-98.9137,43.0939#46.93#30.42#22.65
-98.8544,43.0952#46.93#30.45#22.62
-98.7952,43.0964#46.93#30.49#22.58
-98.7359,43.0976#46.93#30.52#22.55
-98.6766,43.0988#46.93#30.56#22.51
-98.6174,43.0999#46.93#30.59#22.48
-98.5581,43.1011#46.93#30.62#22.45
-98.4989,43.1022#46.93#30.66#22.41
-98.4396,43.1033#46.93#30.52#22.55
-98.3803,43.1044#46.93#30.39#22.68
-98.3211,43.1055#46.93#30.26#22.81
-98.2618,43.1065#46.93#30.13#22.94
-98.2025,43.1076#46.93#30#23.07
-98.1433,43.1086#46.93#29.87#23.2
-98.084,43.1096#46.93#29.74#23.33
-98.0247,43.1105#46.93#29.61#23.46
-97.9655,43.1115#46.93#29.47#23.6
-97.9062,43.1124#46.93#29.32#23.75
-97.8469,43.1134#46.93#29.18#23.89
-97.7876,43.1143#46.93#29.03#24.04
-97.7283,43.1151#46.93#28.88#24.19
-97.6691,43.116#46.93#28.74#24.33
-97.6098,43.1168#46.93#28.59#24.48
-97.5505,43.1177#46.93#28.45#24.62
-97.4912,43.1185#46.93#28.32#24.75
-97.4319,43.1193#46.93#28.26#24.81
-97.3727,43.12#46.93#28.21#24.86
-97.3134,43.1208#46.93#28.15#24.92
-97.2541,43.1215#46.93#28.1#24.97
-97.1948,43.1222#46.93#28.04#25.03
-97.1355,43.1229#46.93#27.99#25.08
-97.0762,43.1236#46.93#27.93#25.14
-97.0169,43.1242#46.93#27.88#25.19
-96.9577,43.1249#46.93#27.85#25.22
-96.8984,43.1255#46.93#27.83#25.24
-96.8391,43.1261#46.93#27.81#25.26
-96.7798,43.1267#46.93#27.79#25.28
-96.7205,43.1272#46.93#27.77#25.3
-96.6612,43.1278#46.93#27.75#25.32
-96.6019,43.1283#46.93#27.73#25.34
-96.5426,43.1288#46.93#27.71#25.36
-96.4833,43.1293#46.93#27.69#25.38
-96.424,43.1297#46.93#27.69#25.38
-96.3647,43.1302#46.93#27.68#25.39
-96.3054,43.1306#46.93#27.67#25.4
-96.2461,43.131#46.93#27.66#25.41
-96.1868,43.1314#46.93#27.66#25.41
-96.1275,43.1318#46.93#27.65#25.42
-96.0682,43.1321#46.93#27.64#25.43
-96.0089,43.1324#46.93#27.64#25.43
-95.9496,43.1328#46.93#27.63#25.44
-95.8903,43.133#46.93#27.63#25.44
-95.831,43.1333#46.93#27.63#25.44
-95.7717,43.1336#46.93#27.63#25.44
-95.7124,43.1338#46.93#27.63#25.44
-95.6531,43.134#46.93#27.62#25.45
-95.5938,43.1342#46.93#27.62#25.45
-95.5345,43.1344#46.93#27.62#25.45
-95.4752,43.1346#46.93#27.62#25.45
-95.4159,43.1347#46.93#27.62#25.45
-95.3566,43.1348#46.93#27.62#25.45
-95.2973,43.1349#46.93#27.62#25.45
-95.238,43.135#46.93#27.62#25.45
-95.1787,43.1351#46.93#27.62#25.45
-95.1194,43.1351#46.93#27.62#25.45
-95.0601,43.1352#46.93#27.62#25.45
