-97.9913,31.9003#37.11#28.12#34.77
-97.938,31.9013#37.02#28.03#34.95
-97.8846,31.9023#36.94#27.93#35.13
-97.8312,31.9032#36.86#27.84#35.3
-97.7778,31.9042#36.77#27.75#35.48
-97.7244,31.9051#36.69#27.65#35.66
-97.671,31.906#36.61#27.56#35.83
-97.6176,31.9069#36.52#27.47#36.01
-97.5642,31.9077#36.44#27.37#36.19
-97.5108,31.9086#36.36#27.28#36.36
-97.4574,31.9094#36.29#27.23#36.48
-97.404,31.9102#36.22#27.2#36.58
-97.3506,31.911#36.15#27.17#36.68
-97.2972,31.9118#36.08#27.14#36.78
-97.2439,31.9126#36.01#27.11#36.88
-97.1905,31.9133#35.94#27.07#36.99
-97.1371,31.914#35.87#27.04#37.09
-97.0837,31.9147#35.8#27.01#37.19
-97.0303,31.9154#35.73#26.98#37.29
-96.9769,31.9161#35.65#26.96#37.39
-96.9235,31.9167#35.56#26.95#37.49
-96.8701,31.9174#35.46#26.94#37.6
-96.8166,31.918#35.37#26.93#37.7
-96.7632,31.9186#35.28#26.92#37.8
-96.7098,31.9192#35.19#26.92#37.89
-96.6564,31.9197#35.09#26.91#38
-96.603,31.9203#35#26.9#38.1
-96.5496,31.9208#34.91#26.89#38.2
-96.4962,31.9213#34.82#26.88#38.3
-96.4428,31.9218#34.73#26.88#38.39
-96.3894,31.9223#34.64#26.88#38.48
-96.336,31.9227#34.55#26.88#38.57
-96.2826,31.9232#34.47#26.88#38.65
-96.2292,31.9236#34.38#26.88#38.74
-96.1758,31.924#34.29#26.88#38.83
-96.1224,31.9244#34.2#26.88#38.92
-96.069,31.9247#34.11#26.88#39.01
-96.0156,31.9251#34.02#26.88#39.1
-95.9621,31.9254#33.94#26.88#39.18
-95.9087,31.9257#33.86#26.88#39.26
-95.8553,31.926#33.78#26.88#39.34
-95.8019,31.9263#33.7#26.88#39.42
-95.7485,31.9266#33.62#26.88#39.5
-95.6951,31.9268#33.53#26.88#39.59
-95.6417,31.927#33.45#26.88#39.67
-95.5883,31.9272#33.37#26.88#39.75
-95.5349,31.9274#33.29#26.88#39.83
-95.4814,31.9276#33.21#26.88#39.91
-95.428,31.9277#33.14#26.88#39.98
-95.3746,31.9279#33.08#26.88#40.04
-95.3212,31.928#33.01#26.88#40.11
-95.2678,31.9281#32.94#26.88#40.18
-95.2144,31.9282#32.87#26.88#40.25
-95.161,31.9282#32.8#26.88#40.32
-95.1076,31.9283#32.73#26.88#40.39
-95.0542,31.9283#32.66#26.88#40.46
-95.0007,31.9283#32.6#26.89#40.51
-94.9473,31.9283#32.54#26.89#40.57
-94.8939,31.9283#32.48#26.89#40.63
-94.8405,31.9282#32.42#26.9#40.68
-94.7871,31.9282#32.36#26.9#40.74
-94.7337,31.9281#32.3#26.91#40.79
-94.6803,31.928#32.24#26.91#40.85
-94.6269,31.9279#32.18#26.92#40.9
-94.5734,31.9278#32.11#26.92#40.97
-94.52,31.9276#32.05#26.92#41.03
-94.4666,31.9274#31.99#26.94#41.07
-94.4132,31.9272#31.93#26.97#41.1
-94.3598,31.927#31.87#26.99#41.14
-94.3064,31.9268#31.8#27.02#41.18
-94.253,31.9266#31.74#27.05#41.21
-94.1996,31.9263#31.68#27.07#41.25
-94.1462,31.926#31.61#27.1#41.29
-94.0927,31.9257#31.55#27.12#41.33
-94.0393,31.9254#31.48#27.15#41.37
-93.9859,31.9251#31.42#27.19#41.39
-93.9325,31.9248#31.37#27.24#41.39
-93.8791,31.9244#31.32#27.3#41.38
-93.8257,31.924#31.27#27.36#41.37
-93.7723,31.9236#31.21#27.42#41.37
-93.7189,31.9232#31.16#27.48#41.36
-93.6655,31.9227#31.11#27.53#41.36
-93.6121,31.9223#31.06#27.59#41.35
-93.5587,31.9218#31#27.65#41.35
-93.5053,31.9213#30.95#27.71#41.34
-93.4518,31.9208#30.9#27.8#41.3
-93.3984,31.9203#30.84#27.89#41.27
-93.345,31.9197#30.78#27.99#41.23
-93.2916,31.9192#30.73#28.08#41.19
-93.2382,31.9186#30.67#28.18#41.15
-93.1848,31.918#30.61#28.27#41.12
-93.1314,31.9174#30.56#28.36#41.08
-93.078,31.9168#30.5#28.46#41.04
-93.0246,31.9161#30.44#28.55#41.01
-92.9712,31.9154#30.39#28.64#40.97
-92.9178,31.9148#30.33#28.73#40.94
-92.8644,31.914#30.28#28.82#40.9
-92.811,31.9133#30.22#28.91#40.87
-92.7576,31.9126#30.16#29#40.84
-92.7042,31.9118#30.11#29.08#40.81
-92.6508,31.911#30.05#29.17#40.78
-92.5974,31.9103#29.99#29.26#40.75
-92.544,31.9094#29.94#29.35#40.71
-92.4906,31.9086#29.88#29.44#40.68
-92.4373,31.9078#29.82#29.51#40.67
-92.3839,31.9069#29.76#29.58#40.66
-92.3305,31.906#29.7#29.66#40.64
-92.2771,31.9051#29.64#29.73#40.63
-92.2237,31.9042#29.58#29.81#40.61
-92.1703,31.9033#29.51#29.88#40.61
-92.1169,31.9023#29.45#29.95#40.6
-92.0635,31.9013#29.39#30.03#40.58
-92.0101,31.9003#29.33#30.1#40.57
-99.8077,31.9013#40.84#27.38#31.78
-99.7544,31.9029#40.72#27.46#31.82
-99.701,31.9045#40.6#27.53#31.87
-99.6476,31.9061#40.48#27.61#31.91
-99.5943,31.9076#40.36#27.68#31.96
-99.5409,31.9091#40.24#27.76#32
-99.4875,31.9106#40.13#27.83#32.04
-99.4341,31.9121#40.02#27.91#32.07
-99.3808,31.9136#39.91#28#32.09
-99.3274,31.9151#39.81#28.08#32.11
-99.274,31.9165#39.7#28.16#32.14
-99.2206,31.9179#39.59#28.24#32.17
-99.1672,31.9193#39.49#28.32#32.19
-99.1138,31.9207#39.38#28.4#32.22
-99.0605,31.9221#39.27#28.49#32.24
-99.0071,31.9234#39.16#28.57#32.27
-98.9537,31.9247#39.06#28.61#32.33
-98.9003,31.9261#38.96#28.64#32.4
-98.8469,31.9274#38.86#28.67#32.47
-98.7935,31.9286#38.76#28.71#32.53
-98.7401,31.9299#38.66#28.74#32.6
-98.6867,31.9311#38.56#28.77#32.67
-98.6333,31.9324#38.46#28.81#32.73
-98.5799,31.9336#38.36#28.84#32.8
-98.5265,31.9347#38.26#28.87#32.87
-98.4731,31.9359#38.17#28.85#32.98
-98.4197,31.9371#38.07#28.77#33.16
-98.3663,31.9382#37.98#28.69#33.33
-98.3129,31.9393#37.89#28.61#33.5
-98.2595,31.9404#37.8#28.53#33.67
-98.2061,31.9415#37.71#28.45#33.84
-98.1527,31.9426#37.62#28.36#34.02
-98.0993,31.9436#37.53#28.28#34.19
-98.0459,31.9446#37.43#28.2#34.37
-97.9925,31.9456#37.34#28.12#34.54
-97.9391,31.9466#37.26#28.03#34.71
-97.8857,31.9476#37.18#27.93#34.89
-97.8323,31.9486#37.09#27.84#35.07
-97.7789,31.9495#37.01#27.75#35.24
-97.7255,31.9504#36.92#27.65#35.43
-97.6721,31.9513#36.84#27.56#35.6
-97.6186,31.9522#36.75#27.47#35.78
-97.5652,31.9531#36.67#27.38#35.95
-97.5118,31.9539#36.58#27.28#36.14
-97.4584,31.9548#36.51#27.24#36.25
-97.405,31.9556#36.44#27.2#36.36
-97.3516,31.9564#36.37#27.17#36.46
-97.2982,31.9571#36.3#27.14#36.56
-97.2447,31.9579#36.23#27.11#36.66
-97.1913,31.9586#36.16#27.08#36.76
-97.1379,31.9594#36.09#27.05#36.86
-97.0845,31.9601#36.01#27.01#36.98
-97.0311,31.9608#35.94#26.98#37.08
-96.9776,31.9614#35.86#26.96#37.18
-96.9242,31.9621#35.77#26.95#37.28
-96.8708,31.9627#35.68#26.94#37.38
-96.8174,31.9633#35.59#26.94#37.47
-96.7639,31.9639#35.5#26.93#37.57
-96.7105,31.9645#35.41#26.92#37.67
-96.6571,31.9651#35.31#26.91#37.78
-96.6037,31.9656#35.22#26.91#37.87
-96.5502,31.9661#35.13#26.9#37.97
-96.4968,31.9667#35.04#26.89#38.07
-96.4434,31.9671#34.95#26.89#38.16
-96.39,31.9676#34.86#26.89#38.25
-96.3365,31.9681#34.77#26.89#38.34
-96.2831,31.9685#34.69#26.89#38.42
-96.2297,31.9689#34.6#26.88#38.52
-96.1762,31.9693#34.51#26.88#38.61
-96.1228,31.9697#34.42#26.88#38.7
-96.0694,31.9701#34.33#26.88#38.79
-96.016,31.9704#34.24#26.88#38.88
-95.9625,31.9708#34.16#26.88#38.96
-95.9091,31.9711#34.08#26.88#39.04
-95.8557,31.9714#34#26.88#39.12
-95.8022,31.9717#33.91#26.88#39.21
-95.7488,31.9719#33.83#26.88#39.29
-95.6954,31.9722#33.75#26.88#39.37
-95.6419,31.9724#33.67#26.88#39.45
-95.5885,31.9726#33.58#26.88#39.54
-95.5351,31.9728#33.5#26.88#39.62
-95.4816,31.9729#33.42#26.88#39.7
-95.4282,31.9731#33.35#26.88#39.77
-95.3748,31.9732#33.28#26.88#39.84
-95.3213,31.9733#33.21#26.88#39.91
-95.2679,31.9734#33.14#26.88#39.98
-95.2145,31.9735#33.07#26.88#40.05
-95.161,31.9736#33#26.88#40.12
-95.1076,31.9736#32.93#26.88#40.19
-95.0542,31.9737#32.86#26.88#40.26
-95.0007,31.9737#32.78#26.88#40.34
-94.9473,31.9737#32.72#26.89#40.39
-94.8939,31.9736#32.66#26.89#40.45
-94.8404,31.9736#32.59#26.9#40.51
-94.787,31.9735#32.53#26.9#40.57
-94.7336,31.9734#32.47#26.9#40.63
-94.6801,31.9733#32.4#26.91#40.69
-94.6267,31.9732#32.34#26.91#40.75
-94.5733,31.9731#32.28#26.92#40.8
-94.5198,31.9729#32.21#26.92#40.87
-94.4664,31.9728#32.15#26.94#40.91
-94.413,31.9726#32.09#26.96#40.95
-94.3595,31.9724#32.02#26.99#40.99
-94.3061,31.9722#31.96#27.01#41.03
-94.2527,31.9719#31.89#27.04#41.07
-94.1992,31.9717#31.83#27.06#41.11
-94.1458,31.9714#31.76#27.09#41.15
-94.0924,31.9711#31.7#27.11#41.19
-94.039,31.9708#31.63#27.14#41.23
-93.9855,31.9704#31.57#27.17#41.26
-93.9321,31.9701#31.52#27.23#41.25
-93.8787,31.9697#31.46#27.29#41.25
-93.8252,31.9694#31.41#27.35#41.24
-93.7718,31.9689#31.36#27.41#41.23
-93.7184,31.9685#31.3#27.46#41.24
-93.6649,31.9681#31.25#27.52#41.23
-93.6115,31.9676#31.2#27.58#41.22
-93.5581,31.9672#31.14#27.64#41.22
-93.5047,31.9667#31.09#27.69#41.22
-93.4512,31.9662#31.03#27.78#41.19
-93.3978,31.9656#30.98#27.88#41.14
-93.3444,31.9651#30.92#27.97#41.11
-93.291,31.9645#30.86#28.06#41.08
-93.2375,31.9639#30.81#28.15#41.04
-93.1841,31.9634#30.75#28.24#41.01
-93.1307,31.9627#30.69#28.34#40.97
-93.0773,31.9621#30.64#28.43#40.93
-93.0238,31.9614#30.58#28.52#40.9
-92.9704,31.9608#30.52#28.61#40.87
-92.917,31.9601#30.47#28.69#40.84
-92.8636,31.9594#30.41#28.78#40.81
-92.8102,31.9587#30.35#28.86#40.79
-92.7567,31.9579#30.3#28.94#40.76
-92.7033,31.9572#30.24#29.03#40.73
-92.6499,31.9564#30.19#29.11#40.7
-92.5965,31.9556#30.13#29.2#40.67
-92.5431,31.9548#30.07#29.28#40.65
-92.4897,31.9539#30.02#29.37#40.61
-92.4362,31.9531#29.95#29.44#40.61
-92.3828,31.9522#29.89#29.51#40.6
-92.3294,31.9514#29.83#29.58#40.59
-92.276,31.9504#29.77#29.65#40.58
-92.2226,31.9495#29.71#29.73#40.56
-92.1692,31.9486#29.64#29.8#40.56
-92.1158,31.9476#29.58#29.87#40.55
-92.0624,31.9467#29.52#29.94#40.54
-92.009,31.9457#29.46#30.02#40.52
-91.9555,31.9447#29.4#30.09#40.51
-91.9021,31.9436#29.35#30.16#40.49
-91.8487,31.9426#29.3#30.24#40.46
-91.7953,31.9415#29.25#30.31#40.44
-91.7419,31.9404#29.2#30.38#40.42
-91.6885,31.9394#29.15#30.46#40.39
-91.6351,31.9382#29.1#30.53#40.37
-91.5817,31.9371#29.05#30.61#40.34
-91.5283,31.9359#29#30.68#40.32
-91.4749,31.9348#28.96#30.77#40.27
-91.4215,31.9336#28.92#30.86#40.22
-91.3681,31.9324#28.89#30.96#40.15
-91.3147,31.9312#28.86#31.06#40.08
-91.2613,31.9299#28.82#31.16#40.02
-91.208,31.9287#28.79#31.26#39.95
-91.1546,31.9274#28.76#31.36#39.88
-91.1012,31.9261#28.72#31.46#39.82
-91.0478,31.9248#28.69#31.56#39.75
-90.9944,31.9235#28.66#31.66#39.68
-90.941,31.9221#28.63#31.76#39.61
-90.8876,31.9207#28.6#31.87#39.53
-90.8342,31.9194#28.57#31.97#39.46
-90.7809,31.918#28.54#32.07#39.39
-90.7275,31.9165#28.51#32.18#39.31
-90.6741,31.9151#28.48#32.28#39.24
-90.6207,31.9136#28.45#32.39#39.16
-90.5673,31.9122#28.42#32.49#39.09
-90.514,31.9107#28.39#32.6#39.01
-90.4606,31.9092#28.4#32.73#38.87
-90.4072,31.9076#28.41#32.86#38.73
-90.3539,31.9061#28.43#33#38.57
-90.3005,31.9045#28.45#33.14#38.41
-90.2471,31.903#28.46#33.27#38.27
-90.1937,31.9014#28.48#33.41#38.11
-101.144,31.9009#43.85#27.43#28.72
-101.09,31.9029#43.75#27.4#28.85
-101.037,31.9049#43.65#27.38#28.97
-100.984,31.9069#43.55#27.36#29.09
-100.93,31.9089#43.44#27.34#29.22
-100.877,31.9109#43.32#27.32#29.36
-100.824,31.9129#43.21#27.3#29.49
-100.77,31.9148#43.1#27.28#29.62
-100.717,31.9167#42.99#27.26#29.75
-100.664,31.9186#42.88#27.24#29.88
-100.61,31.9205#42.77#27.22#30.01
-100.557,31.9224#42.66#27.2#30.14
-100.504,31.9242#42.55#27.18#30.27
-100.45,31.9261#42.44#27.17#30.39
-100.397,31.9279#42.33#27.16#30.51
-100.343,31.9297#42.23#27.16#30.61
-100.29,31.9314#42.12#27.15#30.73
-100.237,31.9332#42.01#27.14#30.85
-100.183,31.9349#41.9#27.13#30.97
-100.13,31.9367#41.8#27.13#31.07
-100.077,31.9384#41.69#27.12#31.19
-100.023,31.9401#41.59#27.11#31.3
-99.9698,31.9417#41.47#27.15#31.38
-99.9164,31.9434#41.36#27.23#31.41
-99.863,31.945#41.24#27.3#31.46
-99.8096,31.9466#41.12#27.38#31.5
-99.7562,31.9482#41#27.45#31.55
-99.7028,31.9498#40.88#27.53#31.59
-99.6495,31.9514#40.76#27.6#31.64
-99.5961,31.9529#40.64#27.68#31.68
-99.5427,31.9544#40.53#27.75#31.72
-99.4893,31.956#40.41#27.83#31.76
-99.4359,31.9574#40.3#27.91#31.79
-99.3825,31.9589#40.19#27.99#31.82
-99.3291,31.9604#40.09#28.07#31.84
-99.2757,31.9618#39.98#28.15#31.87
-99.2223,31.9632#39.87#28.24#31.89
-99.1689,31.9646#39.76#28.32#31.92
-99.1155,31.966#39.65#28.4#31.95
-99.0621,31.9674#39.54#28.48#31.98
-99.0087,31.9687#39.43#28.56#32.01
-98.9552,31.9701#39.33#28.6#32.07
-98.9018,31.9714#39.23#28.64#32.13
-98.8484,31.9727#39.13#28.67#32.2
-98.795,31.974#39.03#28.71#32.26
-98.7416,31.9752#38.92#28.74#32.34
-98.6882,31.9765#38.82#28.77#32.41
-98.6348,31.9777#38.72#28.81#32.47
-98.5814,31.9789#38.62#28.84#32.54
-98.5279,31.9801#38.51#28.87#32.62
-98.4745,31.9812#38.42#28.85#32.73
-98.4211,31.9824#38.32#28.77#32.91
-98.3677,31.9835#38.23#28.69#33.08
-98.3143,31.9847#38.14#28.61#33.25
-98.2608,31.9858#38.05#28.53#33.42
-98.2074,31.9868#37.95#28.45#33.6
-98.154,31.9879#37.86#28.37#33.77
-98.1006,31.9889#37.77#28.28#33.95
-98.0471,31.99#37.67#28.2#34.13
-97.9937,31.991#37.58#28.12#34.3
-97.9403,31.992#37.5#28.03#34.47
-97.8868,31.9929#37.41#27.94#34.65
-97.8334,31.9939#37.33#27.84#34.83
-97.78,31.9948#37.24#27.75#35.01
-97.7265,31.9958#37.15#27.66#35.19
-97.6731,31.9967#37.07#27.56#35.37
-97.6197,31.9975#36.98#27.47#35.55
-97.5662,31.9984#36.9#27.38#35.72
-97.5128,31.9993#36.81#27.29#35.9
-97.4594,32.0001#36.74#27.24#36.02
-97.4059,32.0009#36.67#27.21#36.12
-97.3525,32.0017#36.59#27.18#36.23
-97.2991,32.0025#36.52#27.14#36.34
-97.2456,32.0032#36.45#27.11#36.44
-97.1922,32.004#36.38#27.08#36.54
-97.1387,32.0047#36.3#27.05#36.65
-97.0853,32.0054#36.23#27.02#36.75
-97.0319,32.0061#36.16#26.99#36.85
-96.9784,32.0068#36.08#26.97#36.95
-96.925,32.0074#35.99#26.96#37.05
-96.8715,32.0081#35.9#26.95#37.15
-96.8181,32.0087#35.81#26.94#37.25
-96.7646,32.0093#35.71#26.93#37.36
-96.7112,32.0099#35.62#26.93#37.45
-96.6577,32.0104#35.53#26.92#37.55
-96.6043,32.011#35.44#26.91#37.65
-96.5509,32.0115#35.35#26.9#37.75
-96.4974,32.012#35.26#26.9#37.84
-96.444,32.0125#35.17#26.89#37.94
-96.3905,32.013#35.08#26.89#38.03
-96.3371,32.0134#34.99#26.89#38.12
-96.2836,32.0139#34.91#26.89#38.2
-96.2302,32.0143#34.82#26.89#38.29
-96.1767,32.0147#34.73#26.89#38.38
-96.1233,32.0151#34.64#26.89#38.47
-96.0698,32.0154#34.55#26.88#38.57
-96.0164,32.0158#34.46#26.88#38.66
-95.9629,32.0161#34.38#26.88#38.74
-95.9095,32.0164#34.3#26.88#38.82
-95.856,32.0167#34.21#26.88#38.91
-95.8025,32.017#34.13#26.88#38.99
-95.7491,32.0173#34.05#26.88#39.07
-95.6956,32.0175#33.96#26.88#39.16
-95.6422,32.0177#33.88#26.88#39.24
-95.5887,32.0179#33.8#26.88#39.32
-95.5353,32.0181#33.71#26.88#39.41
-95.4818,32.0183#33.63#26.88#39.49
-95.4284,32.0184#33.56#26.88#39.56
-95.3749,32.0186#33.49#26.88#39.63
-95.3215,32.0187#33.41#26.88#39.71
-95.268,32.0188#33.34#26.88#39.78
-95.2146,32.0189#33.27#26.88#39.85
-95.1611,32.0189#33.19#26.88#39.93
-95.1076,32.019#33.12#26.88#40
-95.0542,32.019#33.05#26.88#40.07
-95.0007,32.019#32.97#26.88#40.15
-94.9473,32.019#32.91#26.89#40.2
-94.8938,32.019#32.84#26.89#40.27
-94.8404,32.0189#32.77#26.89#40.34
-94.7869,32.0189#32.71#26.9#40.39
-94.7335,32.0188#32.64#26.9#40.46
-94.68,32.0187#32.57#26.9#40.53
-94.6266,32.0186#32.51#26.91#40.58
-94.5731,32.0184#32.44#26.91#40.65
-94.5197,32.0183#32.37#26.91#40.72
-94.4662,32.0181#32.31#26.93#40.76
-94.4127,32.0179#32.24#26.96#40.8
-94.3593,32.0177#32.18#26.98#40.84
-94.3058,32.0175#32.11#27#40.89
-94.2524,32.0173#32.04#27.03#40.93
-94.1989,32.017#31.98#27.05#40.97
-94.1455,32.0167#31.91#27.08#41.01
-94.092,32.0164#31.84#27.1#41.06
-94.0386,32.0161#31.78#27.13#41.09
-93.9851,32.0158#31.72#27.16#41.12
-93.9317,32.0154#31.66#27.22#41.12
-93.8782,32.0151#31.61#27.28#41.11
-93.8248,32.0147#31.55#27.33#41.12
-93.7713,32.0143#31.5#27.39#41.11
-93.7179,32.0139#31.44#27.45#41.11
-93.6644,32.0134#31.39#27.51#41.1
-93.611,32.013#31.33#27.56#41.11
-93.5575,32.0125#31.28#27.62#41.1
-93.5041,32.012#31.23#27.68#41.09
-93.4506,32.0115#31.17#27.77#41.06
-93.3972,32.011#31.11#27.86#41.03
-93.3437,32.0104#31.06#27.95#40.99
-93.2903,32.0099#31#28.04#40.96
-93.2368,32.0093#30.94#28.13#40.93
-93.1834,32.0087#30.88#28.22#40.9
-93.13,32.0081#30.83#28.31#40.86
-93.0765,32.0074#30.77#28.4#40.83
-93.0231,32.0068#30.71#28.49#40.8
-92.9696,32.0061#30.66#28.57#40.77
-92.9162,32.0054#30.6#28.65#40.75
-92.8627,32.0047#30.55#28.73#40.72
-92.8093,32.004#30.49#28.81#40.7
-92.7559,32.0033#30.43#28.89#40.68
-92.7024,32.0025#30.38#28.97#40.65
-92.649,32.0017#30.32#29.06#40.62
-92.5955,32.0009#30.26#29.14#40.6
-92.5421,32.0001#30.21#29.22#40.57
-92.4887,31.9993#30.15#29.3#40.55
-92.4352,31.9984#30.09#29.37#40.54
-92.3818,31.9976#30.02#29.44#40.54
-92.3284,31.9967#29.96#29.51#40.53
-92.2749,31.9958#29.9#29.58#40.52
-92.2215,31.9949#29.84#29.65#40.51
-92.1681,31.9939#29.77#29.72#40.51
-92.1146,31.993#29.71#29.79#40.5
-92.0612,31.992#29.65#29.86#40.49
-92.0078,31.991#29.58#29.93#40.49
-91.9543,31.99#29.53#30#40.47
-91.9009,31.989#29.48#30.07#40.45
-91.8475,31.9879#29.43#30.14#40.43
-91.7941,31.9869#29.38#30.21#40.41
-91.7406,31.9858#29.32#30.28#40.4
-91.6872,31.9847#29.27#30.35#40.38
-91.6338,31.9836#29.22#30.43#40.35
-91.5804,31.9824#29.17#30.5#40.33
-91.527,31.9813#29.12#30.57#40.31
-91.4735,31.9801#29.07#30.65#40.28
-91.4201,31.9789#29.04#30.75#40.21
-91.3667,31.9777#29#30.85#40.15
-91.3133,31.9765#28.97#30.94#40.09
-91.2599,31.9753#28.93#31.04#40.03
-91.2065,31.974#28.9#31.13#39.97
-91.1531,31.9727#28.86#31.23#39.91
-91.0996,31.9714#28.83#31.33#39.84
-91.0462,31.9701#28.79#31.43#39.78
-90.9928,31.9688#28.76#31.52#39.72
-90.9394,31.9674#28.73#31.62#39.65
-90.886,31.9661#28.7#31.72#39.58
-90.8326,31.9647#28.66#31.83#39.51
-90.7792,31.9633#28.63#31.93#39.44
-90.7258,31.9619#28.6#32.03#39.37
-90.6724,31.9604#28.57#32.13#39.3
-90.619,31.959#28.54#32.23#39.23
-90.5656,31.9575#28.51#32.34#39.15
-90.5122,31.956#28.48#32.44#39.08
-90.4588,31.9545#28.48#32.56#38.96
-90.4054,31.953#28.5#32.7#38.8
-90.352,31.9514#28.51#32.83#38.66
-90.2986,31.9499#28.52#32.97#38.51
-90.2452,31.9483#28.54#33.1#38.36
-90.1919,31.9467#28.55#33.23#38.22
-90.1385,31.9451#28.57#33.37#38.06
-90.0851,31.9434#28.58#33.5#37.92
-90.0317,31.9418#28.6#33.64#37.76
-89.9783,31.9401#28.61#33.78#37.61
-89.9249,31.9384#28.63#33.91#37.46
-89.8716,31.9367#28.65#34.05#37.3
-89.8182,31.935#28.66#34.19#37.15
-89.7648,31.9332#28.68#34.33#36.99
-89.7114,31.9315#28.7#34.46#36.84
-89.6581,31.9297#28.72#34.6#36.68
-89.6047,31.9279#28.73#34.74#36.53
-89.5513,31.9261#28.75#34.88#36.37
-89.498,31.9243#28.77#35.02#36.21
-89.4446,31.9224#28.76#35.17#36.07
-89.3912,31.9206#28.75#35.32#35.93
-89.3379,31.9187#28.75#35.47#35.78
-89.2845,31.9168#28.74#35.62#35.64
-89.2311,31.9149#28.74#35.77#35.49
-89.1778,31.9129#28.73#35.92#35.35
-89.1244,31.911#28.72#36.07#35.21
-89.0711,31.909#28.72#36.22#35.06
-89.0177,31.907#28.71#36.37#34.92
-88.9644,31.905#28.65#36.52#34.83
-88.911,31.903#28.56#36.66#34.78
-88.8577,31.9009#28.47#36.8#34.73
-102.213,31.9015#45.13#27.71#27.16
-102.16,31.9039#45.07#27.7#27.23
-102.106,31.9063#45.02#27.7#27.28
-102.053,31.9087#44.96#27.7#27.34
-102,31.911#44.9#27.7#27.4
-101.946,31.9133#44.87#27.68#27.45
-101.893,31.9157#44.85#27.67#27.48
-101.84,31.918#44.82#27.66#27.52
-101.786,31.9202#44.8#27.64#27.56
-101.733,31.9225#44.78#27.63#27.59
-101.68,31.9247#44.75#27.61#27.64
-101.626,31.927#44.73#27.6#27.67
-101.573,31.9292#44.7#27.58#27.72
-101.52,31.9313#44.67#27.57#27.76
-101.466,31.9335#44.6#27.55#27.85
-101.413,31.9357#44.5#27.53#27.97
-101.36,31.9378#44.41#27.5#28.09
-101.306,31.9399#44.31#27.48#28.21
-101.253,31.942#44.21#27.46#28.33
-101.2,31.9441#44.12#27.43#28.45
-101.146,31.9462#44.02#27.41#28.57
-101.093,31.9482#43.92#27.38#28.7
-101.039,31.9502#43.83#27.36#28.81
-100.986,31.9522#43.73#27.34#28.93
-100.933,31.9542#43.62#27.32#29.06
-100.879,31.9562#43.52#27.3#29.18
-100.826,31.9582#43.41#27.28#29.31
-100.773,31.9601#43.3#27.26#29.44
-100.719,31.962#43.2#27.24#29.56
-100.666,31.9639#43.09#27.23#29.68
-100.612,31.9658#42.98#27.21#29.81
-100.559,31.9677#42.88#27.19#29.93
-100.506,31.9695#42.77#27.17#30.06
-100.452,31.9714#42.67#27.16#30.17
-100.399,31.9732#42.57#27.16#30.27
-100.346,31.975#42.47#27.15#30.38
-100.292,31.9767#42.36#27.14#30.5
-100.239,31.9785#42.26#27.14#30.6
-100.185,31.9803#42.16#27.13#30.71
-100.132,31.982#42.06#27.12#30.82
-100.079,31.9837#41.96#27.12#30.92
-100.025,31.9854#41.87#27.11#31.02
-99.9717,31.987#41.76#27.15#31.09
-99.9183,31.9887#41.64#27.22#31.14
-99.8649,31.9903#41.52#27.3#31.18
-99.8115,31.9919#41.4#27.37#31.23
-99.7581,31.9935#41.28#27.45#31.27
-99.7047,31.9951#41.17#27.52#31.31
-99.6513,31.9967#41.05#27.6#31.35
-99.5979,31.9982#40.93#27.67#31.4
-99.5445,31.9998#40.81#27.75#31.44
-99.491,32.0013#40.69#27.82#31.49
-99.4376,32.0028#40.58#27.9#31.52
-99.3842,32.0042#40.47#27.99#31.54
-99.3308,32.0057#40.36#28.07#31.57
-99.2774,32.0071#40.25#28.15#31.6
-99.2239,32.0086#40.14#28.23#31.63
-99.1705,32.01#40.03#28.31#31.66
-99.1171,32.0113#39.92#28.4#31.68
-99.0637,32.0127#39.81#28.48#31.71
-99.0102,32.0141#39.7#28.56#31.74
-98.9568,32.0154#39.6#28.6#31.8
-98.9034,32.0167#39.5#28.64#31.86
-98.8499,32.018#39.39#28.67#31.94
-98.7965,32.0193#39.29#28.7#32.01
-98.7431,32.0205#39.18#28.74#32.08
-98.6896,32.0218#39.08#28.77#32.15
-98.6362,32.023#38.98#28.8#32.22
-98.5828,32.0242#38.87#28.84#32.29
-98.5293,32.0254#38.77#28.87#32.36
-98.4759,32.0266#38.67#28.85#32.48
-98.4224,32.0277#38.57#28.77#32.66
-98.369,32.0289#38.48#28.69#32.83
-98.3156,32.03#38.39#28.61#33
-98.2621,32.0311#38.29#28.53#33.18
-98.2087,32.0322#38.2#28.45#33.35
-98.1552,32.0332#38.1#28.37#33.53
-98.1018,32.0343#38.01#28.29#33.7
-98.0483,32.0353#37.91#28.2#33.89
-97.9949,32.0363#37.82#28.12#34.06
-97.9414,32.0373#37.73#28.03#34.24
-97.888,32.0383#37.65#27.94#34.41
-97.8345,32.0392#37.56#27.84#34.6
-97.7811,32.0402#37.47#27.75#34.78
-97.7276,32.0411#37.39#27.66#34.95
-97.6742,32.042#37.3#27.57#35.13
-97.6207,32.0429#37.21#27.47#35.32
-97.5673,32.0437#37.13#27.38#35.49
-97.5138,32.0446#37.04#27.29#35.67
-97.4603,32.0454#36.96#27.24#35.8
-97.4069,32.0462#36.89#27.21#35.9
-97.3534,32.047#36.82#27.18#36
-97.3,32.0478#36.74#27.15#36.11
-97.2465,32.0486#36.67#27.12#36.21
-97.193,32.0493#36.59#27.09#36.32
-97.1396,32.05#36.52#27.05#36.43
-97.0861,32.0507#36.45#27.02#36.53
-97.0327,32.0514#36.37#26.99#36.64
-96.9792,32.0521#36.29#26.97#36.74
-96.9257,32.0528#36.2#26.96#36.84
-96.8723,32.0534#36.11#26.95#36.94
-96.8188,32.054#36.02#26.95#37.03
-96.7653,32.0546#35.93#26.94#37.13
-96.7119,32.0552#35.84#26.93#37.23
-96.6584,32.0558#35.75#26.92#37.33
-96.6049,32.0563#35.66#26.92#37.42
-96.5515,32.0568#35.57#26.91#37.52
-96.498,32.0573#35.48#26.9#37.62
-96.4445,32.0578#35.39#26.9#37.71
-96.3911,32.0583#35.3#26.9#37.8
-96.3376,32.0588#35.22#26.9#37.88
-96.2841,32.0592#35.13#26.89#37.98
-96.2306,32.0596#35.04#26.89#38.07
-96.1772,32.06#34.95#26.89#38.16
-96.1237,32.0604#34.86#26.89#38.25
-96.0702,32.0608#34.77#26.89#38.34
-96.0168,32.0611#34.68#26.89#38.43
-95.9633,32.0614#34.6#26.88#38.52
-95.9098,32.0618#34.52#26.88#38.6
-95.8563,32.0621#34.43#26.88#38.69
-95.8029,32.0623#34.35#26.88#38.77
-95.7494,32.0626#34.26#26.88#38.86
-95.6959,32.0628#34.18#26.88#38.94
-95.6424,32.0631#34.1#26.88#39.02
-95.589,32.0633#34.01#26.88#39.11
-95.5355,32.0635#33.93#26.88#39.19
-95.482,32.0636#33.85#26.88#39.27
-95.4285,32.0638#33.77#26.88#39.35
-95.3751,32.0639#33.69#26.88#39.43
-95.3216,32.064#33.62#26.88#39.5
-95.2681,32.0641#33.54#26.88#39.58
-95.2146,32.0642#33.47#26.88#39.65
-95.1612,32.0643#33.39#26.88#39.73
-95.1077,32.0643#33.31#26.88#39.81
-95.0542,32.0643#33.24#26.88#39.88
-95.0007,32.0643#33.16#26.88#39.96
-94.9473,32.0643#33.09#26.89#40.02
-94.8938,32.0643#33.02#26.89#40.09
-94.8403,32.0643#32.95#26.89#40.16
-94.7868,32.0642#32.88#26.89#40.23
-94.7334,32.0641#32.81#26.9#40.29
-94.6799,32.064#32.74#26.9#40.36
-94.6264,32.0639#32.67#26.9#40.43
-94.5729,32.0638#32.6#26.91#40.49
-94.5195,32.0636#32.53#26.91#40.56
-94.466,32.0635#32.47#26.92#40.61
-94.4125,32.0633#32.4#26.95#40.65
-94.359,32.0631#32.33#26.97#40.7
-94.3056,32.0628#32.26#27#40.74
-94.2521,32.0626#32.2#27.02#40.78
-94.1986,32.0623#32.13#27.04#40.83
-94.1451,32.0621#32.06#27.07#40.87
-94.0917,32.0618#31.99#27.09#40.92
-94.0382,32.0615#31.92#27.12#40.96
-93.9847,32.0611#31.86#27.15#40.99
-93.9313,32.0608#31.81#27.21#40.98
-93.8778,32.0604#31.75#27.27#40.98
-93.8243,32.06#31.69#27.32#40.99
-93.7708,32.0596#31.64#27.38#40.98
-93.7174,32.0592#31.58#27.44#40.98
-93.6639,32.0588#31.53#27.49#40.98
-93.6104,32.0583#31.47#27.55#40.98
-93.557,32.0578#31.42#27.61#40.97
-93.5035,32.0573#31.36#27.67#40.97
-93.45,32.0568#31.31#27.75#40.94
-93.3965,32.0563#31.25#27.84#40.91
-93.3431,32.0558#31.19#27.93#40.88
-93.2896,32.0552#31.13#28.01#40.86
-93.2361,32.0546#31.08#28.1#40.82
-93.1827,32.054#31.02#28.19#40.79
-93.1292,32.0534#30.96#28.28#40.76
-93.0757,32.0528#30.91#28.37#40.72
-93.0223,32.0521#30.85#28.45#40.7
-92.9688,32.0515#30.79#28.54#40.67
-92.9154,32.0508#30.74#28.61#40.65
-92.8619,32.0501#30.68#28.69#40.63
-92.8084,32.0493#30.62#28.77#40.61
-92.755,32.0486#30.57#28.84#40.59
-92.7015,32.0478#30.51#28.92#40.57
-92.6481,32.0471#30.46#29#40.54
-92.5946,32.0463#30.4#29.07#40.53
-92.5411,32.0454#30.34#29.15#40.51
-92.4877,32.0446#30.28#29.23#40.49
-92.4342,32.0438#30.22#29.29#40.49
-92.3808,32.0429#30.16#29.36#40.48
-92.3273,32.042#30.09#29.43#40.48
-92.2739,32.0411#30.03#29.5#40.47
-92.2204,32.0402#29.97#29.57#40.46
-92.1669,32.0393#29.9#29.63#40.47
-92.1135,32.0383#29.84#29.7#40.46
-92.06,32.0373#29.78#29.77#40.45
-92.0066,32.0363#29.71#29.84#40.45
-91.9531,32.0353#29.66#29.91#40.43
-91.8997,32.0343#29.6#29.97#40.43
-91.8463,32.0333#29.55#30.04#40.41
-91.7928,32.0322#29.5#30.11#40.39
-91.7394,32.0311#29.44#30.18#40.38
-91.6859,32.03#29.39#30.25#40.36
-91.6325,32.0289#29.34#30.32#40.34
-91.579,32.0278#29.29#30.39#40.32
-91.5256,32.0266#29.23#30.46#40.31
-91.4721,32.0254#29.19#30.54#40.27
-91.4187,32.0242#29.15#30.63#40.22
-91.3653,32.023#29.11#30.73#40.16
-91.3118,32.0218#29.08#30.82#40.1
-91.2584,32.0206#29.04#30.91#40.05
-91.205,32.0193#29#31.01#39.99
-91.1515,32.018#28.97#31.1#39.93
-91.0981,32.0167#28.93#31.2#39.87
-91.0447,32.0154#28.9#31.29#39.81
-90.9912,32.0141#28.86#31.39#39.75
-90.9378,32.0128#28.83#31.48#39.69
-90.8844,32.0114#28.79#31.58#39.63
-90.831,32.01#28.76#31.68#39.56
-90.7775,32.0086#28.73#31.78#39.49
-90.7241,32.0072#28.69#31.88#39.43
-90.6707,32.0057#28.66#31.98#39.36
-90.6173,32.0043#28.63#32.08#39.29
-90.5639,32.0028#28.59#32.18#39.23
-90.5104,32.0013#28.56#32.28#39.16
-90.457,31.9998#28.56#32.4#39.04
-90.4036,31.9983#28.58#32.53#38.89
-90.3502,31.9967#28.59#32.66#38.75
-90.2968,31.9952#28.6#32.79#38.61
-90.2434,31.9936#28.61#32.93#38.46
-90.19,31.992#28.63#33.06#38.31
-90.1366,31.9904#28.64#33.19#38.17
-90.0831,31.9887#28.65#33.32#38.03
-90.0297,31.9871#28.66#33.46#37.88
-89.9763,31.9854#28.68#33.59#37.73
-89.9229,31.9837#28.69#33.72#37.59
-89.8695,31.982#28.71#33.86#37.43
-89.8161,31.9803#28.72#33.99#37.29
-89.7627,31.9786#28.73#34.13#37.14
-89.7093,31.9768#28.75#34.26#36.99
-89.656,31.975#28.76#34.4#36.84
-89.6026,31.9732#28.78#34.53#36.69
-89.5492,31.9714#28.79#34.67#36.54
-89.4958,31.9696#28.81#34.81#36.38
-89.4424,31.9677#28.8#34.96#36.24
-89.389,31.9659#28.79#35.11#36.1
-89.3356,31.964#28.78#35.26#35.96
-89.2822,31.9621#28.78#35.41#35.81
-89.2289,31.9602#28.77#35.56#35.67
-89.1755,31.9582#28.76#35.71#35.53
-89.1221,31.9563#28.75#35.86#35.39
-89.0687,31.9543#28.74#36.01#35.25
-89.0154,31.9523#28.74#36.16#35.1
-88.962,31.9503#28.67#36.3#35.03
-88.9086,31.9483#28.58#36.45#34.97
-88.8553,31.9462#28.49#36.59#34.92
-88.8019,31.9442#28.39#36.73#34.88
-88.7485,31.9421#28.3#36.88#34.82
-88.6952,31.94#28.21#37.02#34.77
-88.6418,31.9379#28.12#37.17#34.71
-88.5885,31.9357#28.03#37.31#34.66
-88.5351,31.9336#27.94#37.45#34.61
-88.4817,31.9314#27.85#37.6#34.55
-88.4284,31.9292#27.76#37.74#34.5
-88.375,31.927#27.67#37.89#34.44
-88.3217,31.9248#27.58#38.03#34.39
-88.2684,31.9225#27.5#38.18#34.32
-88.215,31.9203#27.41#38.33#34.26
-88.1617,31.918#27.32#38.47#34.21
-88.1083,31.9157#27.23#38.62#34.15
-88.055,31.9134#27.14#38.76#34.1
-88.0017,31.9111#27.06#38.91#34.03
-87.9483,31.9087#27.02#39.07#33.91
-87.895,31.9064#26.99#39.23#33.78
-87.8417,31.904#26.96#39.39#33.65
-87.7883,31.9016#26.93#39.55#33.52
-103.176,31.9005#46#27.57#26.43
-103.122,31.9032#45.97#27.58#26.45
-103.069,31.9059#45.95#27.58#26.47
-103.016,31.9086#45.92#27.59#26.49
-102.963,31.9113#45.89#27.6#26.51
-102.909,31.9139#45.85#27.61#26.54
-102.856,31.9166#45.81#27.63#26.56
-102.803,31.9192#45.77#27.64#26.59
-102.749,31.9218#45.74#27.66#26.6
-102.696,31.9244#45.7#27.67#26.63
-102.643,31.9269#45.66#27.68#26.66
-102.589,31.9295#45.62#27.7#26.68
-102.536,31.932#45.58#27.71#26.71
-102.483,31.9345#45.54#27.72#26.74
-102.429,31.937#45.48#27.71#26.81
-102.376,31.9395#45.43#27.71#26.86
-102.323,31.9419#45.37#27.71#26.92
-102.269,31.9444#45.31#27.71#26.98
-102.216,31.9468#45.26#27.7#27.04
-102.163,31.9492#45.2#27.7#27.1
-102.109,31.9516#45.15#27.7#27.15
-102.056,31.954#45.09#27.7#27.21
-102.003,31.9563#45.04#27.69#27.27
-101.949,31.9586#45.01#27.68#27.31
-101.896,31.9609#44.98#27.66#27.36
-101.842,31.9632#44.96#27.65#27.39
-101.789,31.9655#44.93#27.63#27.44
-101.736,31.9678#44.91#27.62#27.47
-101.682,31.97#44.88#27.6#27.52
-101.629,31.9722#44.86#27.59#27.55
-101.576,31.9745#44.83#27.57#27.6
-101.522,31.9766#44.8#27.55#27.65
-101.469,31.9788#44.74#27.53#27.73
-101.416,31.981#44.65#27.51#27.84
-101.362,31.9831#44.55#27.49#27.96
-101.309,31.9852#44.46#27.46#28.08
-101.255,31.9873#44.37#27.44#28.19
-101.202,31.9894#44.28#27.41#28.31
-101.149,31.9915#44.19#27.39#28.42
-101.095,31.9935#44.1#27.37#28.53
-101.042,31.9955#44.01#27.34#28.65
-100.988,31.9975#43.92#27.32#28.76
-100.935,31.9995#43.81#27.3#28.89
-100.882,32.0015#43.71#27.28#29.01
-100.828,32.0035#43.6#27.27#29.13
-100.775,32.0054#43.5#27.25#29.25
-100.721,32.0073#43.4#27.23#29.37
-100.668,32.0092#43.3#27.21#29.49
-100.615,32.0111#43.19#27.2#29.61
-100.561,32.013#43.09#27.18#29.73
-100.508,32.0148#42.99#27.16#29.85
-100.454,32.0167#42.89#27.15#29.96
-100.401,32.0185#42.8#27.15#30.05
-100.348,32.0203#42.7#27.14#30.16
-100.294,32.0221#42.61#27.14#30.25
-100.241,32.0238#42.52#27.13#30.35
-100.187,32.0256#42.42#27.12#30.46
-100.134,32.0273#42.33#27.12#30.55
-100.081,32.029#42.24#27.11#30.65
-100.027,32.0307#42.15#27.1#30.75
-99.9737,32.0324#42.04#27.14#30.82
-99.9203,32.034#41.92#27.21#30.87
-99.8668,32.0356#41.8#27.29#30.91
-99.8134,32.0373#41.69#27.36#30.95
-99.76,32.0389#41.57#27.44#30.99
-99.7066,32.0404#41.45#27.51#31.04
-99.6531,32.042#41.33#27.59#31.08
-99.5997,32.0436#41.21#27.66#31.13
-99.5463,32.0451#41.09#27.74#31.17
-99.4928,32.0466#40.98#27.82#31.2
-99.4394,32.0481#40.86#27.9#31.24
-99.3859,32.0496#40.75#27.98#31.27
-99.3325,32.051#40.64#28.06#31.3
-99.2791,32.0525#40.53#28.15#31.32
-99.2256,32.0539#40.42#28.23#31.35
-99.1722,32.0553#40.31#28.31#31.38
-99.1187,32.0567#40.2#28.39#31.41
-99.0653,32.058#40.08#28.47#31.45
-99.0118,32.0594#39.97#28.56#31.47
-98.9584,32.0607#39.87#28.6#31.53
-98.9049,32.062#39.76#28.63#31.61
-98.8515,32.0633#39.66#28.67#31.67
-98.798,32.0646#39.55#28.7#31.75
-98.7446,32.0659#39.44#28.74#31.82
-98.6911,32.0671#39.34#28.77#31.89
-98.6376,32.0683#39.23#28.8#31.97
-98.5842,32.0695#39.13#28.84#32.03
-98.5307,32.0707#39.02#28.87#32.11
-98.4773,32.0719#38.92#28.86#32.22
-98.4238,32.073#38.82#28.77#32.41
-98.3703,32.0742#38.73#28.69#32.58
-98.3169,32.0753#38.63#28.61#32.76
-98.2634,32.0764#38.54#28.53#32.93
-98.2099,32.0775#38.44#28.45#33.11
-98.1565,32.0785#38.34#28.37#33.29
-98.103,32.0796#38.25#28.29#33.46
-98.0495,32.0806#38.15#28.21#33.64
-97.9961,32.0816#38.06#28.12#33.82
-97.9426,32.0826#37.97#28.03#34
-97.8891,32.0836#37.88#27.94#34.18
-97.8356,32.0846#37.79#27.85#34.36
-97.7822,32.0855#37.71#27.75#34.54
-97.7287,32.0864#37.62#27.66#34.72
-97.6752,32.0873#37.53#27.57#34.9
-97.6217,32.0882#37.44#27.48#35.08
-97.5683,32.0891#37.36#27.38#35.26
-97.5148,32.0899#37.27#27.29#35.44
-97.4613,32.0908#37.19#27.24#35.57
-97.4078,32.0916#37.11#27.21#35.68
-97.3544,32.0924#37.04#27.18#35.78
-97.3009,32.0931#36.96#27.15#35.89
-97.2474,32.0939#36.89#27.12#35.99
-97.1939,32.0946#36.81#27.09#36.1
-97.1404,32.0954#36.74#27.06#36.2
-97.0869,32.0961#36.66#27.03#36.31
-97.0335,32.0968#36.59#27#36.41
-96.98,32.0974#36.51#26.97#36.52
-96.9265,32.0981#36.42#26.97#36.61
-96.873,32.0987#36.33#26.96#36.71
-96.8195,32.0993#36.24#26.95#36.81
-96.766,32.0999#36.15#26.94#36.91
-96.7125,32.1005#36.06#26.94#37
-96.6591,32.1011#35.97#26.93#37.1
-96.6056,32.1016#35.88#26.92#37.2
-96.5521,32.1022#35.79#26.91#37.3
-96.4986,32.1027#35.7#26.91#37.39
-96.4451,32.1032#35.61#26.9#37.49
-96.3916,32.1036#35.52#26.9#37.58
-96.3381,32.1041#35.44#26.9#37.66
-96.2846,32.1045#35.35#26.9#37.75
-96.2311,32.1049#35.26#26.9#37.84
-96.1776,32.1053#35.17#26.89#37.94
-96.1241,32.1057#35.08#26.89#38.03
-96.0707,32.1061#34.99#26.89#38.12
-96.0172,32.1064#34.9#26.89#38.21
-95.9637,32.1068#34.82#26.89#38.29
-95.9102,32.1071#34.73#26.89#38.38
-95.8567,32.1074#34.65#26.89#38.46
-95.8032,32.1077#34.56#26.88#38.56
-95.7497,32.1079#34.48#26.88#38.64
-95.6962,32.1082#34.39#26.88#38.73
-95.6427,32.1084#34.31#26.88#38.81
-95.5892,32.1086#34.22#26.88#38.9
-95.5357,32.1088#34.14#26.88#38.98
-95.4822,32.109#34.06#26.88#39.06
-95.4287,32.1091#33.98#26.88#39.14
-95.3752,32.1092#33.9#26.88#39.22
-95.3217,32.1094#33.82#26.88#39.3
-95.2682,32.1095#33.74#26.88#39.38
-95.2147,32.1095#33.66#26.88#39.46
-95.1612,32.1096#33.59#26.88#39.53
-95.1077,32.1096#33.51#26.88#39.61
-95.0542,32.1097#33.43#26.88#39.69
-95.0007,32.1097#33.35#26.88#39.77
-94.9472,32.1097#33.28#26.88#39.84
-94.8937,32.1096#33.2#26.89#39.91
-94.8402,32.1096#33.13#26.89#39.98
-94.7868,32.1095#33.06#26.89#40.05
-94.7333,32.1095#32.99#26.89#40.12
-94.6798,32.1094#32.91#26.9#40.19
-94.6263,32.1092#32.84#26.9#40.26
-94.5728,32.1091#32.77#26.9#40.33
-94.5193,32.109#32.69#26.9#40.41
-94.4658,32.1088#32.62#26.92#40.46
-94.4123,32.1086#32.55#26.94#40.51
-94.3588,32.1084#32.49#26.97#40.54
-94.3053,32.1082#32.42#26.99#40.59
-94.2518,32.1079#32.35#27.01#40.64
-94.1983,32.1077#32.28#27.04#40.68
-94.1448,32.1074#32.21#27.06#40.73
-94.0913,32.1071#32.14#27.08#40.78
-94.0378,32.1068#32.07#27.11#40.82
-93.9843,32.1065#32.01#27.14#40.85
-93.9308,32.1061#31.95#27.2#40.85
-93.8773,32.1057#31.89#27.25#40.86
-93.8238,32.1054#31.84#27.31#40.85
-93.7703,32.105#31.78#27.37#40.85
-93.7169,32.1045#31.73#27.42#40.85
-93.6634,32.1041#31.67#27.48#40.85
-93.6099,32.1036#31.61#27.54#40.85
-93.5564,32.1032#31.56#27.59#40.85
-93.5029,32.1027#31.5#27.65#40.85
-93.4494,32.1022#31.44#27.74#40.82
-93.3959,32.1016#31.39#27.82#40.79
-93.3424,32.1011#31.33#27.91#40.76
-93.2889,32.1005#31.27#27.99#40.74
-93.2354,32.1#31.21#28.08#40.71
-93.182,32.0994#31.16#28.16#40.68
-93.1285,32.0987#31.1#28.25#40.65
-93.075,32.0981#31.04#28.34#40.62
-93.0215,32.0974#30.98#28.42#40.6
-92.968,32.0968#30.93#28.5#40.57
-92.9145,32.0961#30.87#28.57#40.56
-92.8611,32.0954#30.81#28.65#40.54
-92.8076,32.0947#30.76#28.72#40.52
-92.7541,32.0939#30.7#28.79#40.51
-92.7006,32.0932#30.65#28.87#40.48
-92.6471,32.0924#30.59#28.94#40.47
-92.5936,32.0916#30.53#29.01#40.46
-92.5402,32.0908#30.48#29.09#40.43
-92.4867,32.0899#30.42#29.16#40.42
-92.4332,32.0891#30.35#29.22#40.43
-92.3797,32.0882#30.29#29.29#40.42
-92.3263,32.0873#30.23#29.35#40.42
-92.2728,32.0864#30.16#29.42#40.42
-92.2193,32.0855#30.1#29.48#40.42
-92.1658,32.0846#30.03#29.55#40.42
-92.1124,32.0836#29.97#29.62#40.41
-92.0589,32.0827#29.9#29.68#40.42
-92.0054,32.0817#29.84#29.75#40.41
-91.9519,32.0806#29.78#29.81#40.41
-91.8985,32.0796#29.73#29.88#40.39
-91.845,32.0786#29.67#29.95#40.38
-91.7915,32.0775#29.62#30.01#40.37
-91.7381,32.0764#29.57#30.08#40.35
-91.6846,32.0753#29.51#30.15#40.34
-91.6311,32.0742#29.46#30.21#40.33
-91.5777,32.0731#29.4#30.28#40.32
-91.5242,32.0719#29.35#30.35#40.3
-91.4708,32.0708#29.3#30.43#40.27
-91.4173,32.0696#29.27#30.52#40.21
-91.3638,32.0684#29.23#30.61#40.16
-91.3104,32.0671#29.19#30.7#40.11
-91.2569,32.0659#29.15#30.79#40.06
-91.2035,32.0646#29.11#30.88#40.01
-91.15,32.0634#29.07#30.97#39.96
-91.0966,32.0621#29.03#31.06#39.91
-91.0431,32.0607#29#31.16#39.84
-90.9897,32.0594#28.96#31.25#39.79
-90.9362,32.0581#28.92#31.34#39.74
-90.8828,32.0567#28.89#31.44#39.67
-90.8293,32.0553#28.85#31.54#39.61
-90.7759,32.0539#28.82#31.63#39.55
-90.7224,32.0525#28.78#31.73#39.49
-90.669,32.0511#28.75#31.82#39.43
-90.6155,32.0496#28.71#31.92#39.37
-90.5621,32.0481#28.68#32.02#39.3
-90.5087,32.0466#28.64#32.12#39.24
-90.4552,32.0451#28.65#32.24#39.11
-90.4018,32.0436#28.66#32.37#38.97
-90.3484,32.042#28.67#32.5#38.83
-90.2949,32.0405#28.68#32.62#38.7
-90.2415,32.0389#28.69#32.75#38.56
-90.1881,32.0373#28.7#32.88#38.42
-90.1346,32.0357#28.71#33.01#38.28
-90.0812,32.0341#28.72#33.14#38.14
-90.0278,32.0324#28.73#33.27#38
-89.9744,32.0307#28.74#33.4#37.86
-89.9209,32.029#28.75#33.53#37.72
-89.8675,32.0273#28.76#33.66#37.58
-89.8141,32.0256#28.78#33.8#37.42
-89.7607,32.0239#28.79#33.93#37.28
-89.7073,32.0221#28.8#34.06#37.14
-89.6538,32.0203#28.81#34.19#37
-89.6004,32.0185#28.83#34.33#36.84
-89.547,32.0167#28.84#34.46#36.7
-89.4936,32.0149#28.85#34.6#36.55
-89.4402,32.013#28.84#34.75#36.41
-89.3868,32.0112#28.83#34.89#36.28
-89.3334,32.0093#28.82#35.04#36.14
-89.28,32.0074#28.81#35.19#36
-89.2266,32.0055#28.8#35.34#35.86
-89.1732,32.0035#28.79#35.49#35.72
-89.1198,32.0016#28.78#35.64#35.58
-89.0664,31.9996#28.77#35.79#35.44
-89.013,31.9976#28.76#35.94#35.3
-88.9596,31.9956#28.69#36.09#35.22
-88.9062,31.9936#28.59#36.23#35.18
-88.8528,31.9915#28.5#36.38#35.12
-88.7995,31.9895#28.41#36.52#35.07
-88.7461,31.9874#28.32#36.66#35.02
-88.6927,31.9853#28.22#36.81#34.97
-88.6393,31.9832#28.13#36.95#34.92
-88.5859,31.981#28.04#37.1#34.86
-88.5326,31.9789#27.95#37.24#34.81
-88.4792,31.9767#27.85#37.39#34.76
-88.4258,31.9745#27.77#37.53#34.7
-88.3724,31.9723#27.68#37.68#34.64
-88.3191,31.9701#27.59#37.82#34.59
-88.2657,31.9678#27.5#37.97#34.53
-88.2123,31.9656#27.41#38.12#34.47
-88.159,31.9633#27.32#38.26#34.42
-88.1056,31.961#27.23#38.41#34.36
-88.0523,31.9587#27.14#38.55#34.31
-87.9989,31.9564#27.06#38.7#34.24
-87.9456,31.954#27.02#38.86#34.12
-87.8922,31.9516#26.99#39.02#33.99
-87.8389,31.9493#26.96#39.18#33.86
-87.7855,31.9469#26.93#39.34#33.73
-87.7322,31.9444#26.9#39.5#33.6
-87.6788,31.942#26.87#39.66#33.47
-87.6255,31.9395#26.84#39.82#33.34
-87.5721,31.9371#26.81#39.98#33.21
-87.5188,31.9346#26.77#40.14#33.09
-87.4655,31.9321#26.76#40.29#32.95
-87.4121,31.9295#26.75#40.45#32.8
-87.3588,31.927#26.74#40.61#32.65
-87.3055,31.9244#26.73#40.77#32.5
-87.2522,31.9219#26.72#40.93#32.35
-87.1988,31.9193#26.71#41.08#32.21
-87.1455,31.9166#26.7#41.24#32.06
-87.0922,31.914#26.69#41.4#31.91
-87.0389,31.9114#26.68#41.56#31.76
-86.9856,31.9087#26.68#41.72#31.6
-86.9323,31.906#26.67#41.88#31.45
-86.879,31.9033#26.67#42.04#31.29
-86.8257,31.9006#26.67#42.2#31.13
-103.979,31.9028#46.42#27.74#25.84
-103.925,31.9058#46.4#27.71#25.89
-103.872,31.9087#46.38#27.69#25.93
-103.819,31.9117#46.35#27.67#25.98
-103.765,31.9146#46.33#27.65#26.02
-103.712,31.9175#46.31#27.63#26.06
-103.659,31.9204#46.28#27.61#26.11
-103.606,31.9233#46.26#27.59#26.15
-103.552,31.9262#46.24#27.57#26.19
-103.499,31.929#46.22#27.55#26.23
-103.446,31.9319#46.19#27.55#26.26
-103.392,31.9347#46.17#27.56#26.27
-103.339,31.9375#46.14#27.56#26.3
-103.286,31.9403#46.12#27.57#26.31
-103.232,31.943#46.1#27.58#26.32
-103.179,31.9458#46.07#27.58#26.35
-103.126,31.9485#46.05#27.59#26.36
-103.072,31.9512#46.03#27.6#26.37
-103.019,31.9539#46#27.6#26.4
-102.966,31.9566#45.97#27.62#26.41
-102.912,31.9592#45.93#27.63#26.44
-102.859,31.9618#45.9#27.64#26.46
-102.806,31.9645#45.86#27.65#26.49
-102.752,31.9671#45.83#27.67#26.5
-102.699,31.9696#45.79#27.68#26.53
-102.646,31.9722#45.75#27.69#26.56
-102.592,31.9748#45.72#27.7#26.58
-102.539,31.9773#45.68#27.71#26.61
-102.486,31.9798#45.64#27.72#26.64
-102.432,31.9823#45.59#27.72#26.69
-102.379,31.9848#45.54#27.71#26.75
-102.326,31.9872#45.48#27.71#26.81
-102.272,31.9897#45.43#27.71#26.86
-102.219,31.9921#45.38#27.7#26.92
-102.165,31.9945#45.33#27.7#26.97
-102.112,31.9969#45.27#27.7#27.03
-102.059,31.9992#45.22#27.69#27.09
-102.005,32.0016#45.17#27.69#27.14
-101.952,32.0039#45.14#27.67#27.19
-101.899,32.0062#45.12#27.66#27.22
-101.845,32.0085#45.09#27.64#27.27
-101.792,32.0108#45.07#27.62#27.31
-101.738,32.0131#45.04#27.61#27.35
-101.685,32.0153#45.01#27.59#27.4
-101.632,32.0175#44.99#27.57#27.44
-101.578,32.0197#44.96#27.56#27.48
-101.525,32.0219#44.93#27.54#27.53
-101.471,32.0241#44.87#27.52#27.61
-101.418,32.0263#44.79#27.49#27.72
-101.365,32.0284#44.7#27.47#27.83
-101.311,32.0305#44.61#27.45#27.94
-101.258,32.0326#44.53#27.42#28.05
-101.204,32.0347#44.44#27.4#28.16
-101.151,32.0368#44.36#27.37#28.27
-101.098,32.0388#44.27#27.35#28.38
-101.044,32.0408#44.19#27.32#28.49
-100.991,32.0428#44.1#27.3#28.6
-100.937,32.0448#44#27.29#28.71
-100.884,32.0468#43.9#27.27#28.83
