-98.1872,38.9001#46.93#29.99#23.08
-98.1304,38.9012#46.93#29.87#23.2
-98.0735,38.9022#46.93#29.75#23.32
-98.0166,38.9032#46.93#29.63#23.44
-97.9597,38.9042#46.93#29.5#23.57
-97.9028,38.9051#46.93#29.36#23.71
-97.8459,38.906#46.93#29.23#23.84
-97.7891,38.907#46.93#29.09#23.98
-97.7322,38.9079#46.93#28.95#24.12
-97.6753,38.9088#46.93#28.82#24.25
-97.6184,38.9096#46.93#28.68#24.39
-97.5615,38.9105#46.93#28.54#24.53
-97.5046,38.9113#46.93#28.4#24.67
-97.4477,38.9121#46.93#28.35#24.72
-97.3908,38.9129#46.93#28.29#24.78
-97.3339,38.9137#46.93#28.24#24.83
-97.277,38.9144#46.93#28.19#24.88
-97.2201,38.9151#46.93#28.14#24.93
-97.1632,38.9159#46.93#28.09#24.98
-97.1063,38.9166#46.93#28.04#25.03
-97.0494,38.9172#46.93#27.99#25.08
-96.9925,38.9179#46.93#27.94#25.13
-96.9356,38.9185#46.93#27.92#25.15
-96.8787,38.9192#46.93#27.9#25.17
-96.8218,38.9198#46.93#27.88#25.19
-96.7649,38.9204#46.93#27.86#25.21
-96.708,38.9209#46.93#27.84#25.23
-96.6511,38.9215#46.93#27.82#25.25
-96.5942,38.922#46.93#27.8#25.27
-96.5373,38.9225#46.93#27.79#25.28
-96.4804,38.923#46.93#27.77#25.3
-96.4235,38.9235#46.93#27.76#25.31
-96.3666,38.9239#46.93#27.76#25.31
-96.3097,38.9244#46.93#27.75#25.32
-96.2528,38.9248#46.93#27.74#25.33
-96.1959,38.9252#46.93#27.74#25.33
-96.139,38.9256#46.93#27.73#25.34
-96.0821,38.9259#46.93#27.72#25.35
-96.0252,38.9263#46.93#27.72#25.35
-95.9683,38.9266#46.93#27.71#25.36
-95.9114,38.9269#46.93#27.71#25.36
-95.8544,38.9272#46.93#27.71#25.36
-95.7975,38.9275#46.93#27.71#25.36
-95.7406,38.9277#46.93#27.7#25.37
-95.6837,38.928#46.93#27.7#25.37
-95.6268,38.9282#46.93#27.7#25.37
-95.5699,38.9284#46.93#27.7#25.37
-95.513,38.9285#46.93#27.69#25.38
-95.4561,38.9287#46.93#27.69#25.38
-95.3992,38.9288#46.93#27.69#25.38
-95.3423,38.929#46.93#27.69#25.38
-95.2853,38.9291#46.93#27.69#25.38
-95.2284,38.9291#46.93#27.69#25.38
-95.1715,38.9292#46.93#27.69#25.38
-95.1146,38.9293#46.93#27.69#25.38
-95.0577,38.9293#46.93#27.69#25.38
-95.0008,38.9293#46.93#27.69#25.38
-94.9439,38.9293#46.93#27.69#25.38
-94.887,38.9293#46.93#27.69#25.38
-94.8301,38.9292#46.93#27.69#25.38
-94.7731,38.9291#46.93#27.69#25.38
-94.7162,38.9291#46.93#27.69#25.38
-94.6593,38.929#46.93#27.69#25.38
-94.6024,38.9288#46.93#27.69#25.38
-94.5455,38.9287#46.93#27.69#25.38
-94.4886,38.9285#46.93#27.69#25.38
-94.4317,38.9284#46.93#27.69#25.38
-94.3748,38.9282#46.93#27.7#25.37
-94.3179,38.928#46.93#27.7#25.37
-94.2609,38.9277#46.93#27.7#25.37
-94.204,38.9275#46.93#27.7#25.37
-94.1471,38.9272#46.93#27.7#25.37
-94.0902,38.9269#46.93#27.7#25.37
-94.0333,38.9266#46.93#27.7#25.37
-93.9764,38.9263#46.93#27.7#25.37
-93.9195,38.9259#46.93#27.7#25.37
-93.8626,38.9256#46.93#27.7#25.37
-93.8057,38.9252#46.93#27.7#25.37
-93.7488,38.9248#46.93#27.7#25.37
-93.6919,38.9244#46.93#27.71#25.36
-93.635,38.9239#46.93#27.71#25.36
-93.5781,38.9235#46.93#27.71#25.36
-93.5211,38.923#46.93#27.71#25.36
-93.4642,38.9225#46.93#27.71#25.36
-93.4073,38.922#46.93#27.71#25.36
-93.3504,38.9215#46.93#27.71#25.36
-93.2935,38.9209#46.93#27.71#25.36
-93.2366,38.9204#46.93#27.71#25.36
-93.1797,38.9198#46.93#27.71#25.36
-93.1228,38.9192#46.93#27.72#25.35
-93.0659,38.9186#46.93#27.72#25.35
-93.009,38.9179#46.93#27.72#25.35
-92.9521,38.9173#46.93#27.72#25.35
-92.8952,38.9166#46.92#27.72#25.36
-92.8383,38.9159#46.92#27.72#25.36
-92.7814,38.9152#46.92#27.72#25.36
-92.7245,38.9144#46.91#27.72#25.37
-92.6676,38.9137#46.91#27.72#25.37
-92.6108,38.9129#46.91#27.73#25.36
-92.5539,38.9121#46.91#27.73#25.36
-92.497,38.9113#46.9#27.73#25.37
-92.4401,38.9105#46.87#27.73#25.4
-92.3832,38.9096#46.84#27.73#25.43
-92.3263,38.9088#46.81#27.73#25.46
-92.2694,38.9079#46.77#27.73#25.5
-92.2125,38.907#46.74#27.73#25.53
-92.1556,38.9061#46.71#27.73#25.56
-92.0987,38.9051#46.68#27.74#25.58
-92.0419,38.9042#46.65#27.74#25.61
-91.985,38.9032#46.59#27.74#25.67
-91.9281,38.9022#46.48#27.74#25.78
-91.8712,38.9012#46.36#27.74#25.9
-91.8143,38.9002#46.24#27.74#26.02
-100.009,38.9016#46.93#28.22#24.85
-99.952,38.9032#46.93#28.34#24.73
-99.8951,38.9048#46.93#28.47#24.6
-99.8382,38.9064#46.93#28.6#24.47
-99.7814,38.908#46.93#28.73#24.34
-99.7245,38.9095#46.93#28.86#24.21
-99.6676,38.9111#46.93#28.99#24.08
-99.6108,38.9126#46.93#29.12#23.95
-99.5539,38.9141#46.93#29.25#23.82
-99.497,38.9156#46.93#29.38#23.69
-99.4402,38.917#46.93#29.49#23.58
-99.3833,38.9185#46.93#29.59#23.48
-99.3264,38.9199#46.93#29.69#23.38
-99.2695,38.9213#46.93#29.79#23.28
-99.2126,38.9227#46.93#29.89#23.18
-99.1558,38.924#46.93#30#23.07
-99.0989,38.9254#46.93#30.1#22.97
-99.042,38.9267#46.93#30.2#22.87
-98.9851,38.928#46.93#30.29#22.78
-98.9282,38.9293#46.93#30.33#22.74
-98.8713,38.9306#46.93#30.37#22.7
-98.8144,38.9318#46.93#30.42#22.65
-98.7576,38.9331#46.93#30.46#22.61
-98.7007,38.9343#46.93#30.5#22.57
-98.6438,38.9355#46.93#30.55#22.52
-98.5869,38.9367#46.93#30.59#22.48
-98.53,38.9378#46.93#30.63#22.44
-98.4731,38.939#46.93#30.6#22.47
-98.4162,38.9401#46.93#30.48#22.59
-98.3593,38.9412#46.93#30.36#22.71
-98.3024,38.9423#46.93#30.24#22.83
-98.2455,38.9434#46.93#30.12#22.95
-98.1886,38.9444#46.93#30#23.07
-98.1317,38.9454#46.93#29.88#23.19
-98.0748,38.9465#46.93#29.76#23.31
-98.0179,38.9475#46.93#29.64#23.43
-97.961,38.9484#46.93#29.5#23.57
-97.904,38.9494#46.93#29.37#23.7
-97.8471,38.9503#46.93#29.23#23.84
-97.7902,38.9512#46.93#29.09#23.98
-97.7333,38.9522#46.93#28.96#24.11
-97.6764,38.953#46.93#28.82#24.25
-97.6195,38.9539#46.93#28.68#24.39
-97.5626,38.9547#46.93#28.54#24.53
-97.5057,38.9556#46.93#28.41#24.66
-97.4487,38.9564#46.93#28.35#24.72
-97.3918,38.9572#46.93#28.3#24.77
-97.3349,38.9579#46.93#28.24#24.83
-97.278,38.9587#46.93#28.19#24.88
-97.2211,38.9594#46.93#28.14#24.93
-97.1641,38.9601#46.93#28.09#24.98
-97.1072,38.9608#46.93#28.04#25.03
-97.0503,38.9615#46.93#27.99#25.08
-96.9934,38.9622#46.93#27.94#25.13
-96.9365,38.9628#46.93#27.92#25.15
-96.8795,38.9634#46.93#27.9#25.17
-96.8226,38.9641#46.93#27.88#25.19
-96.7657,38.9646#46.93#27.86#25.21
-96.7088,38.9652#46.93#27.84#25.23
-96.6518,38.9658#46.93#27.82#25.25
-96.5949,38.9663#46.93#27.8#25.27
-96.538,38.9668#46.93#27.78#25.29
-96.481,38.9673#46.93#27.77#25.3
-96.4241,38.9678#46.93#27.76#25.31
-96.3672,38.9682#46.93#27.76#25.31
-96.3103,38.9687#46.93#27.75#25.32
-96.2533,38.9691#46.93#27.74#25.33
-96.1964,38.9695#46.93#27.74#25.33
-96.1395,38.9699#46.93#27.73#25.34
-96.0825,38.9702#46.93#27.72#25.35
-96.0256,38.9706#46.93#27.72#25.35
-95.9687,38.9709#46.93#27.71#25.36
-95.9117,38.9712#46.93#27.71#25.36
-95.8548,38.9715#46.93#27.71#25.36
-95.7979,38.9718#46.93#27.7#25.37
-95.7409,38.972#46.93#27.7#25.37
-95.684,38.9722#46.93#27.7#25.37
-95.6271,38.9724#46.93#27.7#25.37
-95.5701,38.9726#46.93#27.7#25.37
-95.5132,38.9728#46.93#27.69#25.38
-95.4563,38.973#46.93#27.69#25.38
-95.3993,38.9731#46.93#27.69#25.38
-95.3424,38.9732#46.93#27.69#25.38
-95.2855,38.9733#46.93#27.69#25.38
-95.2285,38.9734#46.93#27.69#25.38
-95.1716,38.9735#46.93#27.69#25.38
-95.1147,38.9735#46.93#27.69#25.38
-95.0577,38.9736#46.93#27.69#25.38
-95.0008,38.9736#46.93#27.69#25.38
-94.9439,38.9736#46.93#27.69#25.38
-94.8869,38.9735#46.93#27.69#25.38
-94.83,38.9735#46.93#27.69#25.38
-94.773,38.9734#46.93#27.69#25.38
-94.7161,38.9733#46.93#27.69#25.38
-94.6592,38.9732#46.93#27.69#25.38
-94.6022,38.9731#46.93#27.69#25.38
-94.5453,38.973#46.93#27.69#25.38
-94.4884,38.9728#46.93#27.69#25.38
-94.4314,38.9726#46.93#27.69#25.38
-94.3745,38.9725#46.93#27.69#25.38
-94.3176,38.9722#46.93#27.7#25.37
-94.2606,38.972#46.93#27.7#25.37
-94.2037,38.9718#46.93#27.7#25.37
-94.1468,38.9715#46.93#27.7#25.37
-94.0898,38.9712#46.93#27.7#25.37
-94.0329,38.9709#46.93#27.7#25.37
-93.976,38.9706#46.93#27.7#25.37
-93.919,38.9702#46.93#27.7#25.37
-93.8621,38.9699#46.93#27.7#25.37
-93.8052,38.9695#46.93#27.7#25.37
-93.7482,38.9691#46.93#27.7#25.37
-93.6913,38.9687#46.93#27.7#25.37
-93.6344,38.9682#46.93#27.71#25.36
-93.5775,38.9678#46.93#27.71#25.36
-93.5205,38.9673#46.93#27.71#25.36
-93.4636,38.9668#46.93#27.71#25.36
-93.4067,38.9663#46.93#27.71#25.36
-93.3497,38.9658#46.93#27.71#25.36
-93.2928,38.9652#46.93#27.71#25.36
-93.2359,38.9647#46.93#27.71#25.36
-93.179,38.9641#46.93#27.71#25.36
-93.122,38.9635#46.93#27.71#25.36
-93.0651,38.9628#46.93#27.72#25.35
-93.0082,38.9622#46.93#27.72#25.35
-92.9513,38.9615#46.93#27.72#25.35
-92.8944,38.9609#46.92#27.72#25.36
-92.8374,38.9602#46.92#27.72#25.36
-92.7805,38.9595#46.92#27.72#25.36
-92.7236,38.9587#46.91#27.72#25.37
-92.6667,38.958#46.91#27.72#25.37
-92.6098,38.9572#46.91#27.72#25.37
-92.5528,38.9564#46.9#27.73#25.37
-92.4959,38.9556#46.9#27.73#25.37
-92.439,38.9548#46.86#27.73#25.41
-92.3821,38.9539#46.83#27.73#25.44
-92.3252,38.9531#46.8#27.73#25.47
-92.2683,38.9522#46.76#27.73#25.51
-92.2114,38.9513#46.73#27.73#25.54
-92.1544,38.9504#46.7#27.73#25.57
-92.0975,38.9494#46.66#27.74#25.6
-92.0406,38.9485#46.63#27.74#25.63
-91.9837,38.9475#46.57#27.74#25.69
-91.9268,38.9465#46.45#27.74#25.81
-91.8699,38.9455#46.33#27.74#25.93
-91.813,38.9444#46.21#27.74#26.05
-91.7561,38.9434#46.1#27.74#26.16
-91.6992,38.9423#45.98#27.74#26.28
-91.6423,38.9412#45.86#27.75#26.39
-91.5854,38.9401#45.74#27.75#26.51
-91.5285,38.939#45.62#27.75#26.63
-91.4716,38.9379#45.46#27.75#26.79
-91.4147,38.9367#45.27#27.75#26.98
-91.3578,38.9355#45.07#27.75#27.18
-91.3009,38.9343#44.88#27.75#27.37
-91.244,38.9331#44.68#27.75#27.57
-91.1871,38.9319#44.48#27.76#27.76
-91.1302,38.9306#44.29#27.76#27.95
-91.0733,38.9293#44.09#27.76#28.15
-91.0165,38.9281#43.9#27.76#28.34
-90.9596,38.9267#43.69#27.76#28.55
-90.9027,38.9254#43.49#27.76#28.75
-90.8458,38.9241#43.28#27.76#28.96
-90.7889,38.9227#43.07#27.77#29.16
-90.7321,38.9213#42.87#27.77#29.36
-90.6752,38.9199#42.66#27.77#29.57
-90.6183,38.9185#42.45#27.77#29.78
-90.5614,38.9171#42.25#27.77#29.98
-90.5045,38.9156#42.04#27.77#30.19
-90.4477,38.9141#41.76#27.77#30.47
-90.3908,38.9126#41.46#27.78#30.76
-90.3339,38.9111#41.17#27.78#31.05
-90.2771,38.9096#40.88#27.78#31.34
-90.2202,38.908#40.58#27.78#31.64
-90.1633,38.9065#40.29#27.78#31.93
-90.1065,38.9049#40#27.78#32.22
-90.0496,38.9033#39.7#27.78#32.52
-89.9928,38.9016#39.42#27.79#32.79
-89.9359,38.9#39.16#27.79#33.05
-101.376,38.9012#46.93#27.53#25.54
-101.319,38.9033#46.93#27.53#25.54
-101.262,38.9054#46.93#27.54#25.53
-101.205,38.9074#46.93#27.54#25.53
-101.148,38.9094#46.93#27.55#25.52
-101.091,38.9114#46.93#27.55#25.52
-101.034,38.9134#46.93#27.56#25.51
-100.978,38.9154#46.93#27.57#25.5
-100.921,38.9173#46.93#27.6#25.47
-100.864,38.9192#46.93#27.63#25.44
-100.807,38.9211#46.93#27.65#25.42
-100.75,38.923#46.93#27.68#25.39
-100.693,38.9249#46.93#27.71#25.36
-100.637,38.9267#46.93#27.74#25.33
-100.58,38.9286#46.93#27.77#25.3
-100.523,38.9304#46.93#27.79#25.28
-100.466,38.9322#46.93#27.84#25.23
-100.409,38.9339#46.93#27.89#25.18
-100.352,38.9357#46.93#27.94#25.13
-100.295,38.9374#46.93#28#25.07
-100.238,38.9392#46.93#28.05#25.02
-100.182,38.9409#46.93#28.1#24.97
-100.125,38.9425#46.93#28.16#24.91
-100.068,38.9442#46.93#28.21#24.86
-100.011,38.9459#46.93#28.26#24.81
-99.954,38.9475#46.93#28.38#24.69
-99.8971,38.9491#46.93#28.51#24.56
-99.8403,38.9507#46.93#28.63#24.44
-99.7834,38.9522#46.93#28.76#24.31
-99.7265,38.9538#46.93#28.89#24.18
-99.6696,38.9553#46.93#29.02#24.05
-99.6127,38.9568#46.93#29.14#23.93
-99.5558,38.9583#46.93#29.27#23.8
-99.4989,38.9598#46.93#29.4#23.67
-99.442,38.9613#46.93#29.5#23.57
-99.3851,38.9627#46.93#29.6#23.47
-99.3282,38.9641#46.93#29.7#23.37
-99.2713,38.9655#46.93#29.8#23.27
-99.2144,38.9669#46.93#29.9#23.17
-99.1575,38.9683#46.93#30.01#23.06
-99.1006,38.9696#46.93#30.11#22.96
-99.0437,38.971#46.93#30.21#22.86
-98.9868,38.9723#46.93#30.3#22.77
-98.9299,38.9736#46.93#30.34#22.73
-98.873,38.9749#46.93#30.38#22.69
-98.816,38.9761#46.93#30.42#22.65
-98.7591,38.9773#46.93#30.47#22.6
-98.7022,38.9786#46.93#30.51#22.56
-98.6453,38.9798#46.93#30.55#22.52
-98.5884,38.9809#46.93#30.59#22.48
-98.5315,38.9821#46.93#30.64#22.43
-98.4745,38.9832#46.93#30.61#22.46
-98.4176,38.9844#46.93#30.49#22.58
-98.3607,38.9855#46.93#30.37#22.7
-98.3038,38.9866#46.93#30.24#22.83
-98.2468,38.9876#46.93#30.12#22.95
-98.1899,38.9887#46.93#30#23.07
-98.133,38.9897#46.93#29.88#23.19
-98.0761,38.9907#46.93#29.76#23.31
-98.0191,38.9917#46.93#29.64#23.43
-97.9622,38.9927#46.93#29.51#23.56
-97.9053,38.9937#46.93#29.37#23.7
-97.8483,38.9946#46.93#29.23#23.84
-97.7914,38.9955#46.93#29.1#23.97
-97.7345,38.9964#46.93#28.96#24.11
-97.6775,38.9973#46.93#28.82#24.25
-97.6206,38.9982#46.93#28.68#24.39
-97.5636,38.999#46.93#28.55#24.52
-97.5067,38.9998#46.93#28.41#24.66
-97.4498,39.0007#46.93#28.35#24.72
-97.3928,39.0014#46.93#28.3#24.77
-97.3359,39.0022#46.93#28.24#24.83
-97.2789,39.003#46.93#28.19#24.88
-97.222,39.0037#46.93#28.14#24.93
-97.1651,39.0044#46.93#28.09#24.98
-97.1081,39.0051#46.93#28.04#25.03
-97.0512,39.0058#46.93#27.99#25.08
-96.9942,39.0065#46.93#27.94#25.13
-96.9373,39.0071#46.93#27.92#25.15
-96.8803,39.0077#46.93#27.9#25.17
-96.8234,39.0083#46.93#27.88#25.19
-96.7664,39.0089#46.93#27.86#25.21
-96.7095,39.0095#46.93#27.84#25.23
-96.6525,39.01#46.93#27.82#25.25
-96.5956,39.0106#46.93#27.8#25.27
-96.5386,39.0111#46.93#27.78#25.29
-96.4817,39.0116#46.93#27.77#25.3
-96.4247,39.012#46.93#27.76#25.31
-96.3678,39.0125#46.93#27.76#25.31
-96.3108,39.0129#46.93#27.75#25.32
-96.2539,39.0133#46.93#27.74#25.33
-96.1969,39.0137#46.93#27.73#25.34
-96.1399,39.0141#46.93#27.73#25.34
-96.083,39.0145#46.93#27.72#25.35
-96.026,39.0148#46.93#27.71#25.36
-95.9691,39.0152#46.93#27.71#25.36
-95.9121,39.0155#46.93#27.71#25.36
-95.8552,39.0158#46.93#27.71#25.36
-95.7982,39.016#46.93#27.7#25.37
-95.7412,39.0163#46.93#27.7#25.37
-95.6843,39.0165#46.93#27.7#25.37
-95.6273,39.0167#46.93#27.7#25.37
-95.5704,39.0169#46.93#27.69#25.38
-95.5134,39.0171#46.93#27.69#25.38
-95.4565,39.0173#46.93#27.69#25.38
-95.3995,39.0174#46.93#27.69#25.38
-95.3425,39.0175#46.93#27.69#25.38
-95.2856,39.0176#46.93#27.69#25.38
-95.2286,39.0177#46.93#27.69#25.38
-95.1717,39.0178#46.93#27.69#25.38
-95.1147,39.0178#46.93#27.69#25.38
-95.0577,39.0178#46.93#27.69#25.38
-95.0008,39.0179#46.93#27.69#25.38
-94.9438,39.0178#46.93#27.69#25.38
-94.8869,39.0178#46.93#27.69#25.38
-94.8299,39.0178#46.93#27.69#25.38
-94.773,39.0177#46.93#27.69#25.38
-94.716,39.0176#46.93#27.69#25.38
-94.659,39.0175#46.93#27.69#25.38
-94.6021,39.0174#46.93#27.69#25.38
-94.5451,39.0173#46.93#27.69#25.38
-94.4882,39.0171#46.93#27.69#25.38
-94.4312,39.0169#46.93#27.69#25.38
-94.3742,39.0167#46.93#27.69#25.38
-94.3173,39.0165#46.93#27.69#25.38
-94.2603,39.0163#46.93#27.7#25.37
-94.2034,39.016#46.93#27.7#25.37
-94.1464,39.0158#46.93#27.7#25.37
-94.0895,39.0155#46.93#27.7#25.37
-94.0325,39.0152#46.93#27.7#25.37
-93.9755,39.0148#46.93#27.7#25.37
-93.9186,39.0145#46.93#27.7#25.37
-93.8616,39.0141#46.93#27.7#25.37
-93.8047,39.0138#46.93#27.7#25.37
-93.7477,39.0134#46.93#27.7#25.37
-93.6908,39.0129#46.93#27.7#25.37
-93.6338,39.0125#46.93#27.7#25.37
-93.5769,39.012#46.93#27.71#25.36
-93.5199,39.0116#46.93#27.71#25.36
-93.463,39.0111#46.93#27.71#25.36
-93.406,39.0106#46.93#27.71#25.36
-93.3491,39.01#46.93#27.71#25.36
-93.2921,39.0095#46.93#27.71#25.36
-93.2352,39.0089#46.93#27.71#25.36
-93.1782,39.0083#46.93#27.71#25.36
-93.1213,39.0077#46.93#27.71#25.36
-93.0643,39.0071#46.93#27.71#25.36
-93.0074,39.0065#46.93#27.72#25.35
-92.9504,39.0058#46.93#27.72#25.35
-92.8935,39.0051#46.92#27.72#25.36
-92.8365,39.0044#46.92#27.72#25.36
-92.7796,39.0037#46.91#27.72#25.37
-92.7226,39.003#46.91#27.72#25.37
-92.6657,39.0022#46.91#27.72#25.37
-92.6087,39.0015#46.9#27.72#25.38
-92.5518,39.0007#46.9#27.73#25.37
-92.4949,38.9999#46.89#27.73#25.38
-92.4379,38.999#46.86#27.73#25.41
-92.381,38.9982#46.82#27.73#25.45
-92.3241,38.9973#46.79#27.73#25.48
-92.2671,38.9964#46.75#27.73#25.52
-92.2102,38.9955#46.71#27.73#25.56
-92.1532,38.9946#46.68#27.73#25.59
-92.0963,38.9937#46.64#27.73#25.63
-92.0394,38.9927#46.61#27.74#25.65
-91.9824,38.9918#46.55#27.74#25.71
-91.9255,38.9908#46.43#27.74#25.83
-91.8686,38.9897#46.31#27.74#25.95
-91.8117,38.9887#46.19#27.74#26.07
-91.7547,38.9877#46.06#27.74#26.2
-91.6978,38.9866#45.94#27.74#26.32
-91.6409,38.9855#45.82#27.74#26.44
-91.584,38.9844#45.7#27.75#26.55
-91.527,38.9833#45.58#27.75#26.67
-91.4701,38.9821#45.42#27.75#26.83
-91.4132,38.981#45.22#27.75#27.03
-91.3563,38.9798#45.03#27.75#27.22
-91.2994,38.9786#44.83#27.75#27.42
-91.2424,38.9774#44.63#27.75#27.62
-91.1855,38.9761#44.44#27.76#27.8
-91.1286,38.9749#44.24#27.76#28
-91.0717,38.9736#44.04#27.76#28.2
-91.0148,38.9723#43.85#27.76#28.39
-90.9579,38.971#43.64#27.76#28.6
-90.901,38.9697#43.44#27.76#28.8
-90.8441,38.9683#43.23#27.76#29.01
-90.7872,38.967#43.02#27.77#29.21
-90.7303,38.9656#42.81#27.77#29.42
-90.6734,38.9642#42.61#27.77#29.62
-90.6165,38.9628#42.4#27.77#29.83
-90.5596,38.9613#42.19#27.77#30.04
-90.5027,38.9599#41.99#27.77#30.24
-90.4458,38.9584#41.7#27.77#30.53
-90.3889,38.9569#41.41#27.77#30.82
-90.332,38.9554#41.12#27.78#31.1
-90.2751,38.9538#40.83#27.78#31.39
-90.2182,38.9523#40.54#27.78#31.68
-90.1613,38.9507#40.25#27.78#31.97
-90.1044,38.9491#39.95#27.78#32.27
-90.0475,38.9475#39.66#27.78#32.56
-89.9907,38.9459#39.38#27.79#32.83
-89.9338,38.9443#39.12#27.79#33.09
-89.8769,38.9426#38.87#27.79#33.34
-89.82,38.9409#38.62#27.79#33.59
-89.7631,38.9392#38.36#27.79#33.85
-89.7063,38.9375#38.11#27.79#34.1
-89.6494,38.9357#37.86#27.79#34.35
-89.5925,38.934#37.6#27.8#34.6
-89.5357,38.9322#37.35#27.8#34.85
-89.4788,38.9304#37.1#27.8#35.1
-89.4219,38.9286#36.85#27.8#35.35
-89.3651,38.9268#36.6#27.8#35.6
-89.3082,38.9249#36.35#27.8#35.85
-89.2514,38.9231#36.1#27.8#36.1
-89.1945,38.9212#35.85#27.81#36.34
-89.1376,38.9193#35.6#27.81#36.59
-89.0808,38.9174#35.35#27.81#36.84
-89.0239,38.9154#35.1#27.81#37.09
-88.9671,38.9135#34.85#27.81#37.34
-88.9102,38.9115#34.6#27.81#37.59
-88.8534,38.9095#34.35#27.81#37.84
-88.7966,38.9075#34.1#27.81#38.09
-88.7397,38.9054#33.86#27.82#38.32
-88.6829,38.9034#33.61#27.82#38.57
-88.6261,38.9013#33.36#27.82#38.82
-102.515,38.9001#46.93#27.44#25.63
-102.458,38.9026#46.93#27.45#25.62
-102.401,38.905#46.93#27.46#25.61
-102.344,38.9074#46.93#27.46#25.61
-102.288,38.9098#46.93#27.47#25.6
-102.231,38.9122#46.93#27.48#25.59
-102.174,38.9145#46.93#27.49#25.58
-102.117,38.9168#46.93#27.5#25.57
-102.06,38.9192#46.93#27.5#25.57
-102.003,38.9215#46.93#27.51#25.56
-101.947,38.9237#46.93#27.51#25.56
-101.89,38.926#46.93#27.52#25.55
-101.833,38.9282#46.93#27.52#25.55
-101.776,38.9305#46.93#27.52#25.55
-101.719,38.9327#46.93#27.52#25.55
-101.662,38.9348#46.93#27.52#25.55
-101.606,38.937#46.93#27.52#25.55
-101.549,38.9392#46.93#27.53#25.54
-101.492,38.9413#46.93#27.53#25.54
-101.435,38.9434#46.93#27.53#25.54
-101.378,38.9455#46.93#27.54#25.53
-101.321,38.9476#46.93#27.55#25.52
-101.264,38.9496#46.93#27.55#25.52
-101.208,38.9516#46.93#27.56#25.51
-101.151,38.9537#46.93#27.56#25.51
-101.094,38.9557#46.93#27.57#25.5
-101.037,38.9576#46.93#27.58#25.49
-100.98,38.9596#46.93#27.59#25.48
-100.923,38.9615#46.93#27.62#25.45
-100.866,38.9635#46.93#27.65#25.42
-100.81,38.9654#46.93#27.68#25.39
-100.753,38.9673#46.93#27.71#25.36
-100.696,38.9691#46.93#27.74#25.33
-100.639,38.971#46.93#27.77#25.3
-100.582,38.9728#46.93#27.8#25.27
-100.525,38.9746#46.93#27.83#25.24
-100.468,38.9764#46.93#27.88#25.19
-100.411,38.9782#46.93#27.93#25.14
-100.354,38.9799#46.93#27.98#25.09
-100.298,38.9817#46.93#28.04#25.03
-100.241,38.9834#46.93#28.09#24.98
-100.184,38.9851#46.93#28.15#24.92
-100.127,38.9868#46.93#28.2#24.87
-100.07,38.9885#46.93#28.26#24.81
-100.013,38.9901#46.93#28.31#24.76
-99.9561,38.9917#46.93#28.42#24.65
-99.8992,38.9933#46.93#28.54#24.53
-99.8423,38.9949#46.93#28.67#24.4
-99.7854,38.9965#46.93#28.79#24.28
-99.7285,38.998#46.93#28.92#24.15
-99.6716,38.9996#46.93#29.04#24.03
-99.6146,39.0011#46.93#29.16#23.91
-99.5577,39.0026#46.93#29.29#23.78
-99.5008,39.0041#46.93#29.41#23.66
-99.4439,39.0055#46.93#29.51#23.56
-99.387,39.007#46.93#29.61#23.46
-99.33,39.0084#46.93#29.71#23.36
-99.2731,39.0098#46.93#29.81#23.26
-99.2162,39.0112#46.93#29.91#23.16
-99.1593,39.0126#46.93#30.01#23.06
-99.1023,39.0139#46.93#30.11#22.96
-99.0454,39.0152#46.93#30.21#22.86
-98.9885,39.0165#46.93#30.3#22.77
-98.9315,39.0178#46.93#30.35#22.72
-98.8746,39.0191#46.93#30.39#22.68
-98.8177,39.0204#46.93#30.43#22.64
-98.7607,39.0216#46.93#30.47#22.6
-98.7038,39.0228#46.93#30.51#22.56
-98.6468,39.024#46.93#30.56#22.51
-98.5899,39.0252#46.93#30.6#22.47
-98.5329,39.0264#46.93#30.64#22.43
-98.476,39.0275#46.93#30.61#22.46
-98.4191,39.0286#46.93#30.49#22.58
-98.3621,39.0297#46.93#30.37#22.7
-98.3052,39.0308#46.93#30.25#22.82
-98.2482,39.0319#46.93#30.13#22.94
-98.1913,39.0329#46.93#30.01#23.06
-98.1343,39.034#46.93#29.89#23.18
-98.0774,39.035#46.93#29.77#23.3
-98.0204,39.036#46.93#29.64#23.43
-97.9634,39.037#46.93#29.51#23.56
-97.9065,39.0379#46.93#29.38#23.69
-97.8495,39.0389#46.93#29.24#23.83
-97.7926,39.0398#46.93#29.1#23.97
-97.7356,39.0407#46.93#28.96#24.11
-97.6786,39.0416#46.93#28.82#24.25
-97.6217,39.0424#46.93#28.69#24.38
-97.5647,39.0433#46.93#28.55#24.52
-97.5078,39.0441#46.93#28.41#24.66
-97.4508,39.0449#46.93#28.35#24.72
-97.3938,39.0457#46.93#28.3#24.77
-97.3369,39.0465#46.93#28.25#24.82
-97.2799,39.0472#46.93#28.19#24.88
-97.2229,39.048#46.93#28.14#24.93
-97.166,39.0487#46.93#28.09#24.98
-97.109,39.0494#46.93#28.04#25.03
-97.052,39.0501#46.93#27.99#25.08
-96.9951,39.0507#46.93#27.94#25.13
-96.9381,39.0514#46.93#27.92#25.15
-96.8811,39.052#46.93#27.9#25.17
-96.8241,39.0526#46.93#27.88#25.19
-96.7672,39.0532#46.93#27.86#25.21
-96.7102,39.0537#46.93#27.84#25.23
-96.6532,39.0543#46.93#27.82#25.25
-96.5962,39.0548#46.93#27.8#25.27
-96.5393,39.0553#46.93#27.78#25.29
-96.4823,39.0558#46.93#27.77#25.3
-96.4253,39.0563#46.93#27.76#25.31
-96.3683,39.0568#46.93#27.75#25.32
-96.3114,39.0572#46.93#27.75#25.32
-96.2544,39.0576#46.93#27.74#25.33
-96.1974,39.058#46.93#27.73#25.34
-96.1404,39.0584#46.93#27.73#25.34
-96.0834,39.0588#46.93#27.72#25.35
-96.0265,39.0591#46.93#27.71#25.36
-95.9695,39.0594#46.93#27.71#25.36
-95.9125,39.0597#46.93#27.71#25.36
-95.8555,39.06#46.93#27.7#25.37
-95.7985,39.0603#46.93#27.7#25.37
-95.7416,39.0605#46.93#27.7#25.37
-95.6846,39.0608#46.93#27.7#25.37
-95.6276,39.061#46.93#27.7#25.37
-95.5706,39.0612#46.93#27.69#25.38
-95.5136,39.0614#46.93#27.69#25.38
-95.4567,39.0615#46.93#27.69#25.38
-95.3997,39.0617#46.93#27.69#25.38
-95.3427,39.0618#46.93#27.69#25.38
-95.2857,39.0619#46.93#27.69#25.38
-95.2287,39.062#46.93#27.69#25.38
-95.1717,39.062#46.93#27.69#25.38
-95.1148,39.0621#46.93#27.69#25.38
-95.0578,39.0621#46.93#27.69#25.38
-95.0008,39.0621#46.93#27.69#25.38
-94.9438,39.0621#46.93#27.69#25.38
-94.8868,39.0621#46.93#27.69#25.38
-94.8298,39.062#46.93#27.69#25.38
-94.7729,39.062#46.93#27.69#25.38
-94.7159,39.0619#46.93#27.69#25.38
-94.6589,39.0618#46.93#27.69#25.38
-94.6019,39.0617#46.93#27.69#25.38
-94.5449,39.0615#46.93#27.69#25.38
-94.4879,39.0614#46.93#27.69#25.38
-94.431,39.0612#46.93#27.69#25.38
-94.374,39.061#46.93#27.69#25.38
-94.317,39.0608#46.93#27.69#25.38
-94.26,39.0606#46.93#27.69#25.38
-94.203,39.0603#46.93#27.7#25.37
-94.1461,39.06#46.93#27.7#25.37
-94.0891,39.0597#46.93#27.7#25.37
-94.0321,39.0594#46.93#27.7#25.37
-93.9751,39.0591#46.93#27.7#25.37
-93.9181,39.0588#46.93#27.7#25.37
-93.8612,39.0584#46.93#27.7#25.37
-93.8042,39.058#46.93#27.7#25.37
-93.7472,39.0576#46.93#27.7#25.37
-93.6902,39.0572#46.93#27.7#25.37
-93.6332,39.0568#46.93#27.7#25.37
-93.5763,39.0563#46.93#27.7#25.37
-93.5193,39.0558#46.93#27.71#25.36
-93.4623,39.0553#46.93#27.71#25.36
-93.4053,39.0548#46.93#27.71#25.36
-93.3484,39.0543#46.93#27.71#25.36
-93.2914,39.0538#46.93#27.71#25.36
-93.2344,39.0532#46.93#27.71#25.36
-93.1774,39.0526#46.93#27.71#25.36
-93.1205,39.052#46.93#27.71#25.36
-93.0635,39.0514#46.93#27.71#25.36
-93.0065,39.0507#46.93#27.72#25.35
-92.9495,39.0501#46.93#27.72#25.35
-92.8926,39.0494#46.92#27.72#25.36
-92.8356,39.0487#46.92#27.72#25.36
-92.7786,39.048#46.91#27.72#25.37
-92.7217,39.0473#46.91#27.72#25.37
-92.6647,39.0465#46.9#27.72#25.38
-92.6077,39.0457#46.9#27.72#25.38
-92.5508,39.0449#46.9#27.72#25.38
-92.4938,39.0441#46.89#27.73#25.38
-92.4369,39.0433#46.85#27.73#25.42
-92.3799,39.0425#46.81#27.73#25.46
-92.3229,39.0416#46.78#27.73#25.49
-92.266,39.0407#46.74#27.73#25.53
-92.209,39.0398#46.7#27.73#25.57
-92.152,39.0389#46.66#27.73#25.61
-92.0951,39.0379#46.63#27.73#25.64
-92.0381,39.037#46.59#27.74#25.67
-91.9812,39.036#46.52#27.74#25.74
-91.9242,39.035#46.4#27.74#25.86
-91.8673,39.034#46.28#27.74#25.98
-91.8103,39.033#46.16#27.74#26.1
-91.7534,39.0319#46.03#27.74#26.23
-91.6964,39.0309#45.91#27.74#26.35
-91.6395,39.0298#45.79#27.74#26.47
-91.5825,39.0287#45.67#27.75#26.58
-91.5256,39.0275#45.54#27.75#26.71
-91.4686,39.0264#45.38#27.75#26.87
-91.4117,39.0252#45.18#27.75#27.07
-91.3547,39.0241#44.98#27.75#27.27
-91.2978,39.0229#44.79#27.75#27.46
-91.2409,39.0216#44.59#27.75#27.66
-91.1839,39.0204#44.39#27.75#27.86
-91.127,39.0191#44.19#27.76#28.05
-91.07,39.0179#43.99#27.76#28.25
-91.0131,39.0166#43.8#27.76#28.44
-90.9562,39.0153#43.59#27.76#28.65
-90.8993,39.0139#43.38#27.76#28.86
-90.8423,39.0126#43.18#27.76#29.06
-90.7854,39.0112#42.97#27.76#29.27
-90.7285,39.0098#42.76#27.77#29.47
-90.6715,39.0084#42.56#27.77#29.67
-90.6146,39.007#42.35#27.77#29.88
-90.5577,39.0056#42.14#27.77#30.09
-90.5008,39.0041#41.93#27.77#30.3
-90.4438,39.0026#41.65#27.77#30.58
-90.3869,39.0011#41.36#27.77#30.87
-90.33,38.9996#41.07#27.78#31.15
-90.2731,38.9981#40.78#27.78#31.44
-90.2162,38.9965#40.49#27.78#31.73
-90.1593,38.995#40.2#27.78#32.02
-90.1024,38.9934#39.91#27.78#32.31
-90.0455,38.9918#39.62#27.78#32.6
-89.9886,38.9901#39.34#27.78#32.88
-89.9316,38.9885#39.08#27.79#33.13
-89.8747,38.9868#38.83#27.79#33.38
-89.8178,38.9852#38.58#27.79#33.63
-89.7609,38.9835#38.32#27.79#33.89
-89.704,38.9817#38.07#27.79#34.14
-89.6472,38.98#37.81#27.79#34.4
-89.5903,38.9782#37.56#27.79#34.65
-89.5334,38.9765#37.31#27.8#34.89
-89.4765,38.9747#37.05#27.8#35.15
-89.4196,38.9729#36.81#27.8#35.39
-89.3627,38.971#36.56#27.8#35.64
-89.3058,38.9692#36.31#27.8#35.89
-89.2489,38.9673#36.06#27.8#36.14
-89.1921,38.9654#35.81#27.8#36.39
-89.1352,38.9635#35.56#27.81#36.63
-89.0783,38.9616#35.31#27.81#36.88
-89.0214,38.9597#35.06#27.81#37.13
-88.9646,38.9577#34.81#27.81#37.38
-88.9077,38.9557#34.56#27.81#37.63
-88.8508,38.9537#34.32#27.81#37.87
-88.794,38.9517#34.07#27.81#38.12
-88.7371,38.9497#33.82#27.81#38.37
-88.6802,38.9476#33.57#27.82#38.61
-88.6234,38.9455#33.32#27.82#38.86
-88.5665,38.9434#33.07#27.82#39.11
-88.5097,38.9413#32.82#27.82#39.36
-88.4528,38.9392#32.59#27.82#39.59
-88.396,38.9371#32.36#27.82#39.82
-88.3391,38.9349#32.13#27.82#40.05
-88.2823,38.9327#31.9#27.82#40.28
-88.2254,38.9305#31.66#27.82#40.52
-88.1686,38.9283#31.43#27.82#40.75
-88.1118,38.9261#31.2#27.83#40.97
-88.0549,38.9238#30.97#27.83#41.2
-87.9981,38.9215#30.74#27.83#41.43
-87.9413,38.9192#30.63#27.83#41.54
-87.8844,38.9169#30.51#27.83#41.66
-87.8276,38.9146#30.4#27.83#41.77
-87.7708,38.9122#30.29#27.83#41.88
-87.714,38.9099#30.18#27.83#41.99
-87.6571,38.9075#30.06#27.84#42.1
-87.6003,38.9051#29.95#27.84#42.21
-87.5435,38.9026#29.85#27.84#42.31
-87.4867,38.9002#29.75#27.84#42.41
-103.484,38.9#46.93#26.88#26.19
-103.427,38.9027#46.93#26.94#26.13
-103.37,38.9055#46.93#26.99#26.08
-103.313,38.9082#46.93#27.04#26.03
-103.257,38.9109#46.93#27.09#25.98
-103.2,38.9136#46.93#27.14#25.93
-103.143,38.9162#46.93#27.19#25.88
-103.086,38.9189#46.93#27.24#25.83
-103.029,38.9215#46.93#27.29#25.78
-102.973,38.9241#46.93#27.32#25.75
-102.916,38.9267#46.93#27.34#25.73
-102.859,38.9293#46.93#27.35#25.72
-102.802,38.9319#46.93#27.37#25.7
-102.745,38.9344#46.93#27.39#25.68
-102.688,38.9369#46.93#27.4#25.67
-102.632,38.9394#46.93#27.42#25.65
-102.575,38.9419#46.93#27.43#25.64
-102.518,38.9444#46.93#27.45#25.62
-102.461,38.9468#46.93#27.46#25.61
-102.404,38.9492#46.93#27.47#25.6
-102.348,38.9516#46.93#27.48#25.59
-102.291,38.954#46.93#27.48#25.59
-102.234,38.9564#46.93#27.49#25.58
-102.177,38.9587#46.93#27.5#25.57
-102.12,38.9611#46.93#27.51#25.56
-102.063,38.9634#46.93#27.51#25.56
-102.006,38.9657#46.93#27.52#25.55
-101.95,38.968#46.93#27.52#25.55
-101.893,38.9702#46.93#27.52#25.55
-101.836,38.9725#46.93#27.53#25.54
-101.779,38.9747#46.93#27.53#25.54
-101.722,38.9769#46.93#27.53#25.54
-101.665,38.9791#46.93#27.53#25.54
-101.608,38.9812#46.93#27.53#25.54
-101.552,38.9834#46.93#27.53#25.54
-101.495,38.9855#46.93#27.54#25.53
-101.438,38.9876#46.93#27.54#25.53
-101.381,38.9897#46.93#27.55#25.52
-101.324,38.9918#46.93#27.56#25.51
-101.267,38.9938#46.93#27.57#25.5
-101.21,38.9959#46.93#27.57#25.5
-101.153,38.9979#46.93#27.58#25.49
-101.096,38.9999#46.93#27.59#25.48
-101.04,39.0019#46.93#27.6#25.47
-100.983,39.0038#46.93#27.61#25.46
-100.926,39.0058#46.93#27.64#25.43
-100.869,39.0077#46.93#27.68#25.39
-100.812,39.0096#46.93#27.71#25.36
-100.755,39.0115#46.93#27.74#25.33
-100.698,39.0134#46.93#27.77#25.3
-100.641,39.0152#46.93#27.81#25.26
-100.584,39.017#46.93#27.84#25.23
-100.527,39.0189#46.93#27.87#25.2
-100.471,39.0207#46.93#27.92#25.15
-100.414,39.0224#46.93#27.97#25.1
-100.357,39.0242#46.93#28.03#25.04
-100.3,39.0259#46.93#28.08#24.99
-100.243,39.0276#46.93#28.14#24.93
-100.186,39.0293#46.93#28.19#24.88
-100.129,39.031#46.93#28.25#24.82
-100.072,39.0327#46.93#28.3#24.77
-100.015,39.0343#46.93#28.36#24.71
-99.9582,39.036#46.93#28.46#24.61
-99.9013,39.0376#46.93#28.58#24.49
-99.8443,39.0392#46.93#28.7#24.37
-99.7874,39.0407#46.93#28.82#24.25
-99.7305,39.0423#46.93#28.94#24.13
-99.6735,39.0438#46.93#29.06#24.01
-99.6166,39.0453#46.93#29.18#23.89
-99.5596,39.0468#46.93#29.3#23.77
-99.5027,39.0483#46.93#29.42#23.65
-99.4458,39.0498#46.93#29.52#23.55
-99.3888,39.0512#46.93#29.62#23.45
-99.3319,39.0526#46.93#29.72#23.35
-99.2749,39.054#46.93#29.82#23.25
-99.218,39.0554#46.93#29.92#23.15
-99.161,39.0568#46.93#30.02#23.05
-99.104,39.0581#46.93#30.12#22.95
-99.0471,39.0595#46.93#30.22#22.85
-98.9901,39.0608#46.93#30.31#22.76
-98.9332,39.0621#46.93#30.35#22.72
-98.8762,39.0634#46.93#30.39#22.68
-98.8193,39.0646#46.93#30.44#22.63
-98.7623,39.0658#46.93#30.48#22.59
-98.7053,39.0671#46.93#30.52#22.55
-98.6484,39.0683#46.93#30.56#22.51
-98.5914,39.0694#46.93#30.6#22.47
-98.5344,39.0706#46.93#30.64#22.43
-98.4775,39.0718#46.93#30.62#22.45
-98.4205,39.0729#46.93#30.5#22.57
-98.3635,39.074#46.93#30.38#22.69
-98.3065,39.0751#46.93#30.26#22.81
-98.2496,39.0761#46.93#30.13#22.94
-98.1926,39.0772#46.93#30.01#23.06
-98.1356,39.0782#46.93#29.89#23.18
-98.0786,39.0792#46.93#29.77#23.3
-98.0217,39.0802#46.93#29.65#23.42
-97.9647,39.0812#46.93#29.52#23.55
-97.9077,39.0822#46.93#29.38#23.69
-97.8507,39.0831#46.93#29.24#23.83
-97.7937,39.084#46.93#29.1#23.97
-97.7368,39.0849#46.93#28.97#24.1
-97.6798,39.0858#46.93#28.83#24.24
-97.6228,39.0867#46.93#28.69#24.38
-97.5658,39.0875#46.93#28.55#24.52
-97.5088,39.0884#46.93#28.41#24.66
-97.4518,39.0892#46.93#28.35#24.72
-97.3948,39.09#46.93#28.3#24.77
-97.3378,39.0907#46.93#28.25#24.82
-97.2809,39.0915#46.93#28.19#24.88
-97.2239,39.0922#46.93#28.14#24.93
-97.1669,39.0929#46.93#28.09#24.98
-97.1099,39.0936#46.93#28.04#25.03
-97.0529,39.0943#46.93#27.99#25.08
-96.9959,39.095#46.93#27.94#25.13
-96.9389,39.0956#46.93#27.92#25.15
-96.8819,39.0962#46.93#27.9#25.17
-96.8249,39.0968#46.93#27.88#25.19
-96.7679,39.0974#46.93#27.86#25.21
-96.7109,39.098#46.93#27.84#25.23
-96.6539,39.0985#46.93#27.82#25.25
-96.5969,39.0991#46.93#27.8#25.27
-96.5399,39.0996#46.93#27.78#25.29
-96.4829,39.1001#46.93#27.77#25.3
-96.4259,39.1006#46.93#27.76#25.31
-96.3689,39.101#46.93#27.75#25.32
-96.3119,39.1014#46.93#27.75#25.32
-96.2549,39.1019#46.93#27.74#25.33
-96.1979,39.1023#46.93#27.73#25.34
-96.1409,39.1027#46.93#27.73#25.34
-96.0839,39.103#46.93#27.72#25.35
-96.0269,39.1034#46.93#27.71#25.36
-95.9699,39.1037#46.93#27.71#25.36
-95.9129,39.104#46.93#27.71#25.36
-95.8559,39.1043#46.93#27.7#25.37
-95.7989,39.1045#46.93#27.7#25.37
-95.7419,39.1048#46.93#27.7#25.37
-95.6849,39.105#46.93#27.7#25.37
-95.6279,39.1052#46.93#27.69#25.38
-95.5709,39.1054#46.93#27.69#25.38
-95.5138,39.1056#46.93#27.69#25.38
-95.4568,39.1058#46.93#27.69#25.38
-95.3998,39.1059#46.93#27.69#25.38
-95.3428,39.106#46.93#27.69#25.38
-95.2858,39.1061#46.93#27.69#25.38
-95.2288,39.1062#46.93#27.69#25.38
-95.1718,39.1063#46.93#27.69#25.38
-95.1148,39.1063#46.93#27.69#25.38
-95.0578,39.1064#46.93#27.69#25.38
-95.0008,39.1064#46.93#27.69#25.38
-94.9438,39.1064#46.93#27.69#25.38
-94.8868,39.1063#46.93#27.69#25.38
-94.8298,39.1063#46.93#27.69#25.38
-94.7728,39.1062#46.93#27.69#25.38
-94.7158,39.1061#46.93#27.69#25.38
-94.6587,39.106#46.93#27.69#25.38
-94.6017,39.1059#46.93#27.69#25.38
-94.5447,39.1058#46.93#27.69#25.38
-94.4877,39.1056#46.93#27.69#25.38
-94.4307,39.1054#46.93#27.69#25.38
-94.3737,39.1053#46.93#27.69#25.38
-94.3167,39.105#46.93#27.69#25.38
-94.2597,39.1048#46.93#27.69#25.38
-94.2027,39.1046#46.93#27.69#25.38
-94.1457,39.1043#46.93#27.7#25.37
-94.0887,39.104#46.93#27.7#25.37
-94.0317,39.1037#46.93#27.7#25.37
-93.9747,39.1034#46.93#27.7#25.37
-93.9177,39.103#46.93#27.7#25.37
-93.8607,39.1027#46.93#27.7#25.37
-93.8037,39.1023#46.93#27.7#25.37
-93.7467,39.1019#46.93#27.7#25.37
-93.6897,39.1015#46.93#27.7#25.37
-93.6327,39.101#46.93#27.7#25.37
-93.5757,39.1006#46.93#27.7#25.37
-93.5187,39.1001#46.93#27.71#25.36
-93.4617,39.0996#46.93#27.71#25.36
-93.4047,39.0991#46.93#27.71#25.36
-93.3477,39.0986#46.93#27.71#25.36
-93.2907,39.098#46.93#27.71#25.36
-93.2337,39.0974#46.93#27.71#25.36
-93.1767,39.0969#46.93#27.71#25.36
-93.1197,39.0963#46.93#27.71#25.36
-93.0627,39.0956#46.93#27.71#25.36
-93.0057,39.095#46.93#27.71#25.36
-92.9487,39.0943#46.93#27.72#25.35
-92.8917,39.0937#46.92#27.72#25.36
-92.8347,39.093#46.92#27.72#25.36
-92.7777,39.0922#46.91#27.72#25.37
-92.7207,39.0915#46.91#27.72#25.37
-92.6637,39.0908#46.9#27.72#25.38
-92.6067,39.09#46.9#27.72#25.38
-92.5497,39.0892#46.89#27.72#25.39
-92.4928,39.0884#46.88#27.72#25.4
-92.4358,39.0876#46.84#27.73#25.43
-92.3788,39.0867#46.8#27.73#25.47
-92.3218,39.0858#46.77#27.73#25.5
-92.2648,39.085#46.73#27.73#25.54
-92.2078,39.0841#46.69#27.73#25.58
-92.1509,39.0831#46.65#27.73#25.62
-92.0939,39.0822#46.61#27.73#25.66
-92.0369,39.0812#46.57#27.73#25.7
-91.9799,39.0803#46.5#27.74#25.76
-91.9229,39.0793#46.38#27.74#25.88
-91.866,39.0783#46.25#27.74#26.01
-91.809,39.0772#46.13#27.74#26.13
-91.752,39.0762#46#27.74#26.26
-91.695,39.0751#45.88#27.74#26.38
-91.6381,39.074#45.75#27.74#26.51
-91.5811,39.0729#45.63#27.74#26.63
-91.5241,39.0718#45.5#27.75#26.75
-91.4671,39.0706#45.34#27.75#26.91
-91.4102,39.0695#45.14#27.75#27.11
-91.3532,39.0683#44.94#27.75#27.31
-91.2962,39.0671#44.74#27.75#27.51
-91.2393,39.0659#44.54#27.75#27.71
-91.1823,39.0646#44.34#27.75#27.91
-91.1254,39.0634#44.15#27.76#28.09
-91.0684,39.0621#43.95#27.76#28.29
-91.0114,39.0608#43.75#27.76#28.49
-90.9545,39.0595#43.54#27.76#28.7
-90.8975,39.0582#43.33#27.76#28.91
-90.8406,39.0568#43.13#27.76#29.11
-90.7836,39.0555#42.92#27.76#29.32
-90.7267,39.0541#42.71#27.76#29.53
-90.6697,39.0527#42.5#27.77#29.73
-90.6128,39.0513#42.3#27.77#29.93
-90.5558,39.0498#42.09#27.77#30.14
-90.4989,39.0484#41.88#27.77#30.35
-90.4419,39.0469#41.59#27.77#30.64
-90.385,39.0454#41.3#27.77#30.93
-90.3281,39.0439#41.02#27.77#31.21
-90.2711,39.0423#40.73#27.78#31.49
-90.2142,39.0408#40.44#27.78#31.78
-90.1572,39.0392#40.15#27.78#32.07
-90.1003,39.0376#39.87#27.78#32.35
-90.0434,39.036#39.58#27.78#32.64
-89.9864,39.0344#39.3#27.78#32.92
-89.9295,39.0327#39.04#27.78#33.18
-89.8726,39.0311#38.79#27.79#33.42
-89.8157,39.0294#38.53#27.79#33.68
-89.7587,39.0277#38.28#27.79#33.93
-89.7018,39.026#38.03#27.79#34.18
-89.6449,39.0242#37.77#27.79#34.44
-89.588,39.0225#37.52#27.79#34.69
-89.5311,39.0207#37.26#27.79#34.95
-89.4742,39.0189#37.01#27.8#35.19
-89.4172,39.0171#36.76#27.8#35.44
-89.3603,39.0153#36.51#27.8#35.69
-89.3034,39.0134#36.27#27.8#35.93
-89.2465,39.0115#36.02#27.8#36.18
-89.1896,39.0097#35.77#27.8#36.43
-89.1327,39.0078#35.52#27.81#36.67
-89.0758,39.0058#35.27#27.81#36.92
-89.0189,39.0039#35.02#27.81#37.17
-88.962,39.0019#34.78#27.81#37.41
-88.9051,38.9999#34.53#27.81#37.66
-88.8482,38.998#34.28#27.81#37.91
-88.7914,38.9959#34.03#27.81#38.16
-88.7345,38.9939#33.78#27.81#38.41
-88.6776,38.9918#33.53#27.81#38.66
-88.6207,38.9898#33.28#27.82#38.9
-88.5638,38.9877#33.04#27.82#39.14
-88.5069,38.9856#32.79#27.82#39.39
-88.4501,38.9834#32.56#27.82#39.62
-88.3932,38.9813#32.33#27.82#39.85
-88.3363,38.9791#32.1#27.82#40.08
-88.2795,38.9769#31.87#27.82#40.31
-88.2226,38.9747#31.64#27.82#40.54
-88.1657,38.9725#31.41#27.82#40.77
-88.1089,38.9703#31.18#27.82#41
-88.052,38.968#30.95#27.82#41.23
-87.9951,38.9657#30.73#27.83#41.44
-87.9383,38.9635#30.61#27.83#41.56
-87.8814,38.9611#30.49#27.83#41.68
-87.8246,38.9588#30.37#27.83#41.8
-87.7677,38.9565#30.25#27.83#41.92
-87.7109,38.9541#30.13#27.83#42.04
-87.6541,38.9517#30.02#27.83#42.15
-87.5972,38.9493#29.9#27.84#42.26
-87.5404,38.9469#29.78#27.84#42.38
-87.4836,38.9444#29.69#27.84#42.47
-87.4267,38.942#29.63#27.85#42.52
-87.3699,38.9395#29.57#27.86#42.57
-87.3131,38.937#29.51#27.87#42.62
-87.2562,38.9345#29.45#27.87#42.68
-87.1994,38.9319#29.39#27.88#42.73
-87.1426,38.9294#29.33#27.89#42.78
-87.0858,38.9268#29.27#27.9#42.83
-87.029,38.9242#29.21#27.91#42.88
-86.9722,38.9216#29.17#27.92#42.91
-86.9154,38.919#29.17#27.93#42.9
-86.8586,38.9163#29.17#27.94#42.89
-86.8018,38.9136#29.16#27.95#42.89
-86.745,38.911#29.16#27.96#42.88
-86.6882,38.9083#29.15#27.97#42.88
-86.6314,38.9055#29.15#27.99#42.86
-86.5746,38.9028#29.14#28#42.86
-86.5178,38.9#29.14#28.01#42.85
-104.339,38.9005#46.93#26.22#26.85
-104.282,38.9036#46.93#26.25#26.82
-104.226,38.9066#46.93#26.28#26.79
-104.169,38.9096#46.93#26.32#26.75
-104.112,38.9126#46.93#26.35#26.72
-104.055,38.9155#46.93#26.38#26.69
-103.998,38.9185#46.93#26.42#26.65
-103.942,38.9214#46.93#26.47#26.6
-103.885,38.9243#46.93#26.53#26.54
-103.828,38.9272#46.93#26.59#26.48
-103.771,38.9301#46.93#26.65#26.42
-103.715,38.9329#46.93#26.7#26.37
-103.658,38.9358#46.93#26.76#26.31
-103.601,38.9386#46.93#26.82#26.25
-103.544,38.9414#46.93#26.88#26.19
-103.487,38.9442#46.93#26.93#26.14
-103.431,38.9469#46.93#26.98#26.09
-103.374,38.9497#46.93#27.03#26.04
-103.317,38.9524#46.93#27.07#26
-103.26,38.9551#46.93#27.12#25.95
-103.203,38.9578#46.93#27.17#25.9
-103.146,38.9604#46.93#27.21#25.86
-103.09,38.9631#46.93#27.26#25.81
-103.033,38.9657#46.93#27.3#25.77
-102.976,38.9683#46.93#27.34#25.73
-102.919,38.9709#46.93#27.35#25.72
-102.862,38.9735#46.93#27.37#25.7
-102.805,38.9761#46.93#27.39#25.68
-102.749,38.9786#46.93#27.4#25.67
-102.692,38.9811#46.93#27.42#25.65
-102.635,38.9836#46.93#27.43#25.64
-102.578,38.9861#46.93#27.45#25.62
-102.521,38.9886#46.93#27.46#25.61
-102.464,38.991#46.93#27.47#25.6
-102.407,38.9934#46.93#27.48#25.59
-102.351,38.9958#46.93#27.49#25.58
-102.294,38.9982#46.93#27.5#25.57
-102.237,39.0006#46.93#27.5#25.57
-102.18,39.003#46.93#27.51#25.56
-102.123,39.0053#46.93#27.52#25.55
-102.066,39.0076#46.93#27.52#25.55
-102.009,39.0099#46.93#27.53#25.54
-101.952,39.0122#46.93#27.53#25.54
-101.896,39.0144#46.93#27.53#25.54
-101.839,39.0167#46.93#27.53#25.54
-101.782,39.0189#46.93#27.54#25.53
-101.725,39.0211#46.93#27.54#25.53
-101.668,39.0233#46.93#27.54#25.53
-101.611,39.0255#46.93#27.54#25.53
-101.554,39.0276#46.93#27.54#25.53
-101.497,39.0297#46.93#27.54#25.53
-101.44,39.0318#46.93#27.55#25.52
-101.384,39.0339#46.93#27.56#25.51
-101.327,39.036#46.93#27.57#25.5
-101.27,39.0381#46.93#27.58#25.49
-101.213,39.0401#46.93#27.59#25.48
-101.156,39.0421#46.93#27.6#25.47
-101.099,39.0441#46.93#27.61#25.46
-101.042,39.0461#46.93#27.62#25.45
-100.985,39.0481#46.93#27.63#25.44
-100.928,39.05#46.93#27.67#25.4
-100.871,39.0519#46.93#27.7#25.37
-100.814,39.0538#46.93#27.74#25.33
-100.757,39.0557#46.93#27.77#25.3
-100.701,39.0576#46.93#27.81#25.26
-100.644,39.0594#46.93#27.84#25.23
-100.587,39.0613#46.93#27.88#25.19
-100.53,39.0631#46.93#27.91#25.16
-100.473,39.0649#46.93#27.96#25.11
-100.416,39.0667#46.93#28.01#25.06
-100.359,39.0684#46.93#28.07#25
-100.302,39.0702#46.93#28.12#24.95
-100.245,39.0719#46.93#28.18#24.89
-100.188,39.0736#46.93#28.24#24.83
-100.131,39.0753#46.93#28.29#24.78
-100.074,39.0769#46.93#28.35#24.72
-100.017,39.0786#46.93#28.4#24.67
-99.9603,39.0802#46.93#28.5#24.57
