-95.0612,44.9#46.93#27.58#25.49
-95.0008,44.9#46.93#27.58#25.49
-94.9404,44.9#46.93#27.58#25.49
-99.0473,44.9#46.93#30.24#22.83
-98.9869,44.9012#46.93#30.32#22.75
-98.9265,44.9025#46.93#30.36#22.71
-98.8662,44.9037#46.93#30.4#22.67
-98.8058,44.9049#46.93#30.43#22.64
-98.7454,44.9061#46.93#30.47#22.6
-98.6851,44.9073#46.93#30.5#22.57
-98.6247,44.9084#46.93#30.54#22.53
-98.5643,44.9096#46.93#30.57#22.5
-98.504,44.9107#46.93#30.61#22.46
-98.4436,44.9118#46.93#30.49#22.58
-98.3832,44.9129#46.93#30.35#22.72
-98.3228,44.9139#46.93#30.22#22.85
-98.2625,44.915#46.93#30.09#22.98
-98.2021,44.916#46.93#29.96#23.11
-98.1417,44.917#46.93#29.82#23.25
-98.0813,44.918#46.93#29.69#23.38
-98.021,44.9189#46.93#29.56#23.51
-97.9606,44.9199#46.93#29.41#23.66
-97.9002,44.9208#46.93#29.27#23.8
-97.8398,44.9217#46.93#29.12#23.95
-97.7794,44.9226#46.93#28.97#24.1
-97.719,44.9235#46.93#28.82#24.25
-97.6586,44.9243#46.93#28.68#24.39
-97.5982,44.9251#46.93#28.53#24.54
-97.5379,44.9259#46.93#28.38#24.69
-97.4775,44.9267#46.93#28.27#24.8
-97.4171,44.9275#46.93#28.21#24.86
-97.3567,44.9283#46.93#28.16#24.91
-97.2963,44.929#46.93#28.1#24.97
-97.2359,44.9297#46.93#28.04#25.03
-97.1755,44.9304#46.93#27.99#25.08
-97.1151,44.9311#46.93#27.93#25.14
-97.0547,44.9317#46.93#27.88#25.19
-96.9943,44.9324#46.93#27.83#25.24
-96.9339,44.933#46.93#27.81#25.26
-96.8735,44.9336#46.93#27.79#25.28
-96.8131,44.9342#46.93#27.77#25.3
-96.7527,44.9347#46.93#27.75#25.32
-96.6923,44.9353#46.93#27.73#25.34
-96.6319,44.9358#46.93#27.7#25.37
-96.5715,44.9363#46.93#27.68#25.39
-96.5111,44.9368#46.93#27.66#25.41
-96.4507,44.9373#46.93#27.65#25.42
-96.3903,44.9377#46.93#27.65#25.42
-96.3299,44.9381#46.93#27.64#25.43
-96.2695,44.9386#46.93#27.63#25.44
-96.2091,44.9389#46.93#27.63#25.44
-96.1486,44.9393#46.93#27.62#25.45
-96.0882,44.9397#46.93#27.61#25.46
-96.0278,44.94#46.93#27.6#25.47
-95.9674,44.9403#46.93#27.6#25.47
-95.907,44.9406#46.93#27.6#25.47
-95.8466,44.9409#46.93#27.6#25.47
-95.7862,44.9411#46.93#27.59#25.48
-95.7258,44.9414#46.93#27.59#25.48
-95.6654,44.9416#46.93#27.59#25.48
-95.605,44.9418#46.93#27.59#25.48
-95.5445,44.942#46.93#27.58#25.49
-95.4841,44.9421#46.93#27.58#25.49
-95.4237,44.9423#46.93#27.58#25.49
-95.3633,44.9424#46.93#27.58#25.49
-95.3029,44.9425#46.93#27.58#25.49
-95.2425,44.9426#46.93#27.58#25.49
-95.1821,44.9427#46.93#27.58#25.49
-95.1217,44.9427#46.93#27.58#25.49
-95.0612,44.9428#46.93#27.58#25.49
-95.0008,44.9428#46.93#27.58#25.49
-94.9404,44.9428#46.93#27.58#25.49
-94.88,44.9427#46.93#27.58#25.49
-94.8196,44.9427#46.93#27.58#25.49
-94.7592,44.9426#46.93#27.58#25.49
-94.6988,44.9425#46.93#27.58#25.49
-94.6384,44.9424#46.93#27.58#25.49
-94.5779,44.9423#46.93#27.58#25.49
-94.5175,44.9422#46.93#27.58#25.49
-94.4571,44.942#46.93#27.58#25.49
-94.3967,44.9418#46.93#27.59#25.48
-94.3363,44.9416#46.93#27.59#25.48
-94.2759,44.9414#46.93#27.59#25.48
-94.2155,44.9412#46.93#27.59#25.48
-94.1551,44.9409#46.93#27.59#25.48
-94.0947,44.9406#46.93#27.59#25.48
-94.0343,44.9403#46.93#27.59#25.48
-93.9738,44.94#46.93#27.59#25.48
-93.9134,44.9397#46.92#27.59#25.49
-93.853,44.9393#46.91#27.59#25.5
-93.7926,44.939#46.9#27.59#25.51
-93.7322,44.9386#46.89#27.59#25.52
-93.6718,44.9382#46.88#27.59#25.53
-93.6114,44.9377#46.87#27.59#25.54
-93.551,44.9373#46.87#27.6#25.53
-93.4906,44.9368#46.85#27.6#25.55
-93.4302,44.9363#46.81#27.6#25.59
-93.3698,44.9358#46.76#27.6#25.64
-93.3094,44.9353#46.72#27.6#25.68
-93.249,44.9348#46.68#27.6#25.72
-93.1886,44.9342#46.64#27.6#25.76
-93.1282,44.9336#46.59#27.6#25.81
-93.0678,44.933#46.55#27.6#25.85
-93.0074,44.9324#46.51#27.6#25.89
-92.947,44.9318#46.4#27.6#26
-92.8866,44.9311#46.27#27.6#26.13
-92.8262,44.9304#46.15#27.6#26.25
-92.7658,44.9297#46.03#27.6#26.37
-92.7054,44.929#45.91#27.61#26.48
-92.645,44.9283#45.79#27.61#26.6
-92.5846,44.9275#45.67#27.61#26.72
-92.5242,44.9268#45.55#27.61#26.84
-92.4638,44.926#45.37#27.61#27.02
-92.4034,44.9252#45.16#27.61#27.23
-92.343,44.9243#44.95#27.61#27.44
-92.2826,44.9235#44.75#27.61#27.64
-92.2223,44.9226#44.54#27.61#27.85
-92.1619,44.9217#44.33#27.61#28.06
-92.1015,44.9208#44.12#27.61#28.27
-92.0411,44.9199#43.91#27.61#28.48
-91.9807,44.919#43.69#27.61#28.7
-91.9203,44.918#43.45#27.61#28.94
-91.86,44.917#43.2#27.61#29.19
-91.7996,44.916#42.96#27.61#29.43
-91.7392,44.915#42.72#27.61#29.67
-91.6788,44.914#42.48#27.61#29.91
-91.6184,44.9129#42.24#27.61#30.15
-91.5581,44.9118#42#27.61#30.39
-91.4977,44.9107#41.75#27.6#30.65
-91.4373,44.9096#41.43#27.6#30.97
-91.377,44.9085#41.11#27.6#31.29
-91.3166,44.9073#40.79#27.6#31.61
-91.2562,44.9062#40.47#27.6#31.93
-91.1959,44.905#40.15#27.6#32.25
-91.1355,44.9038#39.82#27.6#32.58
-91.0751,44.9025#39.5#27.6#32.9
-91.0148,44.9013#39.18#27.6#33.22
-90.9544,44.9#38.91#27.6#33.49
-100.679,44.9013#46.93#28.8#24.27
-100.618,44.9031#46.93#28.81#24.26
-100.558,44.9049#46.93#28.81#24.26
-100.498,44.9066#46.93#28.81#24.26
-100.437,44.9083#46.93#28.81#24.26
-100.377,44.91#46.93#28.81#24.26
-100.317,44.9117#46.93#28.81#24.26
-100.256,44.9134#46.93#28.81#24.26
-100.196,44.915#46.93#28.81#24.26
-100.136,44.9167#46.93#28.81#24.26
-100.075,44.9183#46.93#28.82#24.25
-100.015,44.9199#46.93#28.82#24.25
-99.9547,44.9214#46.93#28.88#24.19
-99.8943,44.923#46.93#28.97#24.1
-99.8339,44.9245#46.93#29.06#24.01
-99.7736,44.926#46.93#29.15#23.92
-99.7132,44.9275#46.93#29.24#23.83
-99.6528,44.929#46.93#29.33#23.74
-99.5925,44.9305#46.93#29.41#23.66
-99.5321,44.9319#46.93#29.5#23.57
-99.4717,44.9333#46.93#29.59#23.48
-99.4113,44.9347#46.93#29.69#23.38
-99.351,44.9361#46.93#29.78#23.29
-99.2906,44.9375#46.93#29.87#23.2
-99.2302,44.9388#46.93#29.96#23.11
-99.1698,44.9402#46.93#30.06#23.01
-99.1094,44.9415#46.93#30.15#22.92
-99.0491,44.9427#46.93#30.24#22.83
-98.9887,44.944#46.93#30.32#22.75
-98.9283,44.9453#46.93#30.36#22.71
-98.8679,44.9465#46.93#30.39#22.68
-98.8075,44.9477#46.93#30.43#22.64
-98.7471,44.9489#46.93#30.47#22.6
-98.6867,44.9501#46.93#30.5#22.57
-98.6263,44.9512#46.93#30.54#22.53
-98.5659,44.9523#46.93#30.57#22.5
-98.5055,44.9535#46.93#30.61#22.46
-98.4451,44.9546#46.93#30.49#22.58
-98.3847,44.9556#46.93#30.36#22.71
-98.3243,44.9567#46.93#30.22#22.85
-98.2639,44.9577#46.93#30.09#22.98
-98.2035,44.9588#46.93#29.96#23.11
-98.1431,44.9598#46.93#29.82#23.25
-98.0827,44.9607#46.93#29.69#23.38
-98.0223,44.9617#46.93#29.56#23.51
-97.9619,44.9626#46.93#29.42#23.65
-97.9015,44.9636#46.93#29.27#23.8
-97.8411,44.9645#46.93#29.12#23.95
-97.7807,44.9654#46.93#28.97#24.1
-97.7202,44.9662#46.93#28.82#24.25
-97.6598,44.9671#46.93#28.68#24.39
-97.5994,44.9679#46.93#28.53#24.54
-97.539,44.9687#46.93#28.38#24.69
-97.4786,44.9695#46.93#28.27#24.8
-97.4182,44.9703#46.93#28.21#24.86
-97.3577,44.971#46.93#28.16#24.91
-97.2973,44.9718#46.93#28.1#24.97
-97.2369,44.9725#46.93#28.05#25.02
-97.1765,44.9732#46.93#27.99#25.08
-97.116,44.9738#46.93#27.93#25.14
-97.0556,44.9745#46.93#27.88#25.19
-96.9952,44.9751#46.93#27.83#25.24
-96.9348,44.9758#46.93#27.81#25.26
-96.8743,44.9764#46.93#27.79#25.28
-96.8139,44.9769#46.93#27.77#25.3
-96.7535,44.9775#46.93#27.74#25.33
-96.693,44.9781#46.93#27.72#25.35
-96.6326,44.9786#46.93#27.7#25.37
-96.5722,44.9791#46.93#27.68#25.39
-96.5118,44.9796#46.93#27.66#25.41
-96.4513,44.98#46.93#27.65#25.42
-96.3909,44.9805#46.93#27.65#25.42
-96.3305,44.9809#46.93#27.64#25.43
-96.27,44.9813#46.93#27.63#25.44
-96.2096,44.9817#46.93#27.63#25.44
-96.1492,44.9821#46.93#27.62#25.45
-96.0887,44.9824#46.93#27.61#25.46
-96.0283,44.9828#46.93#27.6#25.47
-95.9678,44.9831#46.93#27.6#25.47
-95.9074,44.9834#46.93#27.6#25.47
-95.847,44.9837#46.93#27.59#25.48
-95.7865,44.9839#46.93#27.59#25.48
-95.7261,44.9842#46.93#27.59#25.48
-95.6657,44.9844#46.93#27.59#25.48
-95.6052,44.9846#46.93#27.59#25.48
-95.5448,44.9848#46.93#27.58#25.49
-95.4843,44.9849#46.93#27.58#25.49
-95.4239,44.9851#46.93#27.58#25.49
-95.3635,44.9852#46.93#27.58#25.49
-95.303,44.9853#46.93#27.58#25.49
-95.2426,44.9854#46.93#27.58#25.49
-95.1822,44.9854#46.93#27.58#25.49
-95.1217,44.9855#46.93#27.58#25.49
-95.0613,44.9855#46.93#27.58#25.49
-95.0008,44.9855#46.93#27.58#25.49
-94.9404,44.9855#46.93#27.58#25.49
-94.88,44.9855#46.93#27.58#25.49
-94.8195,44.9854#46.93#27.58#25.49
-94.7591,44.9854#46.93#27.58#25.49
-94.6986,44.9853#46.93#27.58#25.49
-94.6382,44.9852#46.93#27.58#25.49
-94.5778,44.9851#46.93#27.58#25.49
-94.5173,44.9849#46.93#27.58#25.49
-94.4569,44.9848#46.93#27.58#25.49
-94.3964,44.9846#46.93#27.58#25.49
-94.336,44.9844#46.93#27.58#25.49
-94.2756,44.9842#46.93#27.59#25.48
-94.2151,44.9839#46.93#27.59#25.48
-94.1547,44.9837#46.93#27.59#25.48
-94.0943,44.9834#46.93#27.59#25.48
-94.0338,44.9831#46.93#27.59#25.48
-93.9734,44.9828#46.93#27.59#25.48
-93.913,44.9824#46.92#27.59#25.49
-93.8525,44.9821#46.91#27.59#25.5
-93.7921,44.9817#46.9#27.59#25.51
-93.7316,44.9813#46.89#27.59#25.52
-93.6712,44.9809#46.88#27.59#25.53
-93.6108,44.9805#46.87#27.59#25.54
-93.5503,44.98#46.87#27.59#25.54
-93.4899,44.9796#46.85#27.6#25.55
-93.4295,44.9791#46.81#27.6#25.59
-93.3691,44.9786#46.77#27.6#25.63
-93.3086,44.9781#46.72#27.6#25.68
-93.2482,44.9775#46.68#27.6#25.72
-93.1878,44.977#46.64#27.6#25.76
-93.1273,44.9764#46.59#27.6#25.81
-93.0669,44.9758#46.55#27.6#25.85
-93.0065,44.9752#46.51#27.6#25.89
-92.9461,44.9745#46.4#27.6#26
-92.8856,44.9739#46.27#27.6#26.13
-92.8252,44.9732#46.15#27.6#26.25
-92.7648,44.9725#46.03#27.6#26.37
-92.7044,44.9718#45.91#27.6#26.49
-92.6439,44.971#45.79#27.6#26.61
-92.5835,44.9703#45.67#27.61#26.72
-92.5231,44.9695#45.55#27.61#26.84
-92.4627,44.9687#45.37#27.61#27.02
-92.4023,44.9679#45.16#27.61#27.23
-92.3418,44.9671#44.95#27.61#27.44
-92.2814,44.9662#44.74#27.61#27.65
-92.221,44.9654#44.53#27.61#27.86
-92.1606,44.9645#44.32#27.61#28.07
-92.1002,44.9636#44.11#27.61#28.28
-92.0398,44.9627#43.9#27.61#28.49
-91.9794,44.9617#43.68#27.61#28.71
-91.919,44.9608#43.44#27.61#28.95
-91.8586,44.9598#43.2#27.61#29.19
-91.7981,44.9588#42.95#27.61#29.44
-91.7377,44.9578#42.71#27.6#29.69
-91.6773,44.9567#42.47#27.6#29.93
-91.6169,44.9557#42.23#27.6#30.17
-91.5565,44.9546#41.99#27.6#30.41
-91.4961,44.9535#41.74#27.6#30.66
-91.4357,44.9524#41.42#27.6#30.98
-91.3753,44.9512#41.09#27.6#31.31
-91.3149,44.9501#40.77#27.6#31.63
-91.2546,44.9489#40.45#27.6#31.95
-91.1942,44.9477#40.13#27.6#32.27
-91.1338,44.9465#39.8#27.6#32.6
-91.0734,44.9453#39.48#27.6#32.92
-91.013,44.944#39.16#27.6#33.24
-90.9526,44.9428#38.89#27.6#33.51
-90.8922,44.9415#38.63#27.6#33.77
-90.8318,44.9402#38.37#27.59#34.04
-90.7715,44.9389#38.11#27.59#34.3
-90.7111,44.9375#37.85#27.59#34.56
-90.6507,44.9362#37.59#27.59#34.82
-90.5903,44.9348#37.34#27.59#35.07
-90.5299,44.9334#37.08#27.59#35.33
-90.4696,44.932#36.82#27.59#35.59
-90.4092,44.9305#36.57#27.59#35.84
-90.3488,44.9291#36.32#27.59#36.09
-90.2885,44.9276#36.06#27.59#36.35
-90.2281,44.9261#35.81#27.59#36.6
-90.1677,44.9246#35.56#27.58#36.86
-90.1074,44.923#35.3#27.58#37.12
-90.047,44.9215#35.05#27.58#37.37
-89.9867,44.9199#34.8#27.58#37.62
-89.9263,44.9183#34.55#27.58#37.87
-89.8659,44.9167#34.3#27.58#38.12
-89.8056,44.9151#34.06#27.58#38.36
-89.7452,44.9134#33.81#27.58#38.61
-89.6849,44.9118#33.56#27.58#38.86
-89.6246,44.9101#33.31#27.58#39.11
-89.5642,44.9084#33.06#27.57#39.37
-89.5039,44.9067#32.81#27.57#39.62
-89.4435,44.9049#32.62#27.57#39.81
-89.3832,44.9032#32.44#27.57#39.99
-89.3229,44.9014#32.26#27.57#40.17
-102.009,44.9#46.93#28.78#24.29
-101.948,44.9023#46.93#28.78#24.29
-101.888,44.9044#46.93#28.78#24.29
-101.828,44.9066#46.93#28.78#24.29
-101.767,44.9087#46.93#28.79#24.28
-101.707,44.9109#46.93#28.79#24.28
-101.647,44.913#46.93#28.79#24.28
-101.586,44.9151#46.93#28.79#24.28
-101.526,44.9171#46.93#28.79#24.28
-101.466,44.9192#46.93#28.79#24.28
-101.405,44.9212#46.93#28.79#24.28
-101.345,44.9232#46.93#28.79#24.28
-101.285,44.9252#46.93#28.79#24.28
-101.224,44.9272#46.93#28.79#24.28
-101.164,44.9291#46.93#28.79#24.28
-101.104,44.9311#46.93#28.8#24.27
-101.043,44.933#46.93#28.8#24.27
-100.983,44.9349#46.93#28.8#24.27
-100.923,44.9368#46.93#28.8#24.27
-100.862,44.9386#46.93#28.8#24.27
-100.802,44.9404#46.93#28.8#24.27
-100.742,44.9423#46.93#28.8#24.27
-100.681,44.9441#46.93#28.8#24.27
-100.621,44.9459#46.93#28.8#24.27
-100.561,44.9476#46.93#28.8#24.27
-100.5,44.9494#46.93#28.81#24.26
-100.44,44.9511#46.93#28.81#24.26
-100.38,44.9528#46.93#28.81#24.26
-100.319,44.9545#46.93#28.81#24.26
-100.259,44.9561#46.93#28.81#24.26
-100.198,44.9578#46.93#28.81#24.26
-100.138,44.9594#46.93#28.81#24.26
-100.078,44.961#46.93#28.81#24.26
-100.017,44.9626#46.93#28.81#24.26
-99.9569,44.9642#46.93#28.88#24.19
-99.8965,44.9657#46.93#28.97#24.1
-99.8361,44.9673#46.93#29.06#24.01
-99.7757,44.9688#46.93#29.14#23.93
-99.7153,44.9703#46.93#29.23#23.84
-99.6549,44.9718#46.93#29.32#23.75
-99.5945,44.9732#46.93#29.41#23.66
-99.5341,44.9747#46.93#29.5#23.57
-99.4737,44.9761#46.93#29.59#23.48
-99.4133,44.9775#46.93#29.68#23.39
-99.3529,44.9789#46.93#29.77#23.3
-99.2925,44.9802#46.93#29.87#23.2
-99.2321,44.9816#46.93#29.96#23.11
-99.1717,44.9829#46.93#30.05#23.02
-99.1113,44.9842#46.93#30.14#22.93
-99.0509,44.9855#46.93#30.24#22.83
-98.9905,44.9868#46.93#30.32#22.75
-98.93,44.988#46.93#30.36#22.71
-98.8696,44.9892#46.93#30.39#22.68
-98.8092,44.9904#46.93#30.43#22.64
-98.7488,44.9916#46.93#30.46#22.61
-98.6884,44.9928#46.93#30.5#22.57
-98.6279,44.994#46.93#30.53#22.54
-98.5675,44.9951#46.93#30.57#22.5
-98.5071,44.9962#46.93#30.61#22.46
-98.4467,44.9973#46.93#30.49#22.58
-98.3862,44.9984#46.93#30.36#22.71
-98.3258,44.9994#46.93#30.23#22.84
-98.2654,45.0005#46.93#30.09#22.98
-98.205,45.0015#46.93#29.96#23.11
-98.1445,45.0025#46.93#29.83#23.24
-98.0841,45.0035#46.93#29.69#23.38
-98.0236,45.0045#46.93#29.56#23.51
-97.9632,45.0054#46.93#29.42#23.65
-97.9028,45.0063#46.93#29.27#23.8
-97.8423,45.0072#46.93#29.12#23.95
-97.7819,45.0081#46.93#28.97#24.1
-97.7215,45.009#46.93#28.83#24.24
-97.661,45.0098#46.93#28.68#24.39
-97.6006,45.0107#46.93#28.53#24.54
-97.5401,45.0115#46.93#28.38#24.69
-97.4797,45.0123#46.93#28.27#24.8
-97.4192,45.013#46.93#28.21#24.86
-97.3588,45.0138#46.93#28.16#24.91
-97.2983,45.0145#46.93#28.1#24.97
-97.2379,45.0152#46.93#28.05#25.02
-97.1774,45.0159#46.93#27.99#25.08
-97.117,45.0166#46.93#27.93#25.14
-97.0565,45.0173#46.93#27.88#25.19
-96.9961,45.0179#46.93#27.83#25.24
-96.9356,45.0185#46.93#27.81#25.26
-96.8752,45.0191#46.93#27.79#25.28
-96.8147,45.0197#46.93#27.76#25.31
-96.7543,45.0203#46.93#27.74#25.33
-96.6938,45.0208#46.93#27.72#25.35
-96.6333,45.0213#46.93#27.7#25.37
-96.5729,45.0218#46.93#27.68#25.39
-96.5124,45.0223#46.93#27.66#25.41
-96.452,45.0228#46.93#27.65#25.42
-96.3915,45.0232#46.93#27.65#25.42
-96.3311,45.0237#46.93#27.64#25.43
-96.2706,45.0241#46.93#27.63#25.44
-96.2101,45.0245#46.93#27.62#25.45
-96.1497,45.0248#46.93#27.62#25.45
-96.0892,45.0252#46.93#27.61#25.46
-96.0287,45.0255#46.93#27.6#25.47
-95.9683,45.0258#46.93#27.6#25.47
-95.9078,45.0261#46.93#27.6#25.47
-95.8474,45.0264#46.93#27.59#25.48
-95.7869,45.0267#46.93#27.59#25.48
-95.7264,45.0269#46.93#27.59#25.48
-95.666,45.0271#46.93#27.59#25.48
-95.6055,45.0273#46.93#27.59#25.48
-95.545,45.0275#46.93#27.58#25.49
-95.4846,45.0277#46.93#27.58#25.49
-95.4241,45.0278#46.93#27.58#25.49
-95.3636,45.0279#46.93#27.58#25.49
-95.3032,45.028#46.93#27.58#25.49
-95.2427,45.0281#46.93#27.58#25.49
-95.1822,45.0282#46.93#27.58#25.49
-95.1218,45.0282#46.93#27.58#25.49
-95.0613,45.0283#46.93#27.58#25.49
-95.0008,45.0283#46.93#27.58#25.49
-94.9404,45.0283#46.93#27.58#25.49
-94.8799,45.0283#46.93#27.58#25.49
-94.8194,45.0282#46.93#27.58#25.49
-94.759,45.0281#46.93#27.58#25.49
-94.6985,45.0281#46.93#27.58#25.49
-94.638,45.0279#46.93#27.58#25.49
-94.5776,45.0278#46.93#27.58#25.49
-94.5171,45.0277#46.93#27.58#25.49
-94.4566,45.0275#46.93#27.58#25.49
-94.3962,45.0273#46.93#27.58#25.49
-94.3357,45.0271#46.93#27.58#25.49
-94.2752,45.0269#46.93#27.58#25.49
-94.2148,45.0267#46.93#27.59#25.48
-94.1543,45.0264#46.93#27.59#25.48
-94.0939,45.0261#46.93#27.59#25.48
-94.0334,45.0259#46.93#27.59#25.48
-93.9729,45.0255#46.93#27.59#25.48
-93.9125,45.0252#46.92#27.59#25.49
-93.852,45.0249#46.91#27.59#25.5
-93.7915,45.0245#46.9#27.59#25.51
-93.7311,45.0241#46.89#27.59#25.52
-93.6706,45.0237#46.88#27.59#25.53
-93.6102,45.0233#46.87#27.59#25.54
-93.5497,45.0228#46.87#27.59#25.54
-93.4892,45.0223#46.85#27.59#25.56
-93.4288,45.0219#46.81#27.6#25.59
-93.3683,45.0213#46.77#27.6#25.63
-93.3079,45.0208#46.72#27.6#25.68
-93.2474,45.0203#46.68#27.6#25.72
-93.187,45.0197#46.64#27.6#25.76
-93.1265,45.0191#46.6#27.6#25.8
-93.066,45.0185#46.55#27.6#25.85
-93.0056,45.0179#46.51#27.6#25.89
-92.9451,45.0173#46.4#27.6#26
-92.8847,45.0166#46.28#27.6#26.12
-92.8242,45.0159#46.15#27.6#26.25
-92.7638,45.0153#46.03#27.6#26.37
-92.7033,45.0145#45.91#27.6#26.49
-92.6429,45.0138#45.79#27.6#26.61
-92.5824,45.0131#45.67#27.6#26.73
-92.522,45.0123#45.55#27.6#26.85
-92.4615,45.0115#45.37#27.6#27.03
-92.4011,45.0107#45.16#27.6#27.24
-92.3407,45.0098#44.95#27.6#27.45
-92.2802,45.009#44.74#27.6#27.66
-92.2198,45.0081#44.53#27.6#27.87
-92.1593,45.0072#44.32#27.6#28.08
-92.0989,45.0063#44.11#27.6#28.29
-92.0385,45.0054#43.9#27.6#28.5
-91.978,45.0045#43.68#27.6#28.72
-91.9176,45.0035#43.43#27.6#28.97
-91.8572,45.0025#43.19#27.6#29.21
-91.7967,45.0015#42.95#27.6#29.45
-91.7363,45.0005#42.7#27.6#29.7
-91.6759,44.9995#42.46#27.6#29.94
-91.6154,44.9984#42.22#27.6#30.18
-91.555,44.9973#41.98#27.6#30.42
-91.4946,44.9962#41.73#27.6#30.67
-91.4341,44.9951#41.4#27.6#31
-91.3737,44.994#41.08#27.6#31.32
-91.3133,44.9928#40.75#27.6#31.65
-91.2529,44.9917#40.43#27.6#31.97
-91.1925,44.9905#40.11#27.6#32.29
-91.132,44.9893#39.78#27.6#32.62
-91.0716,44.988#39.46#27.6#32.94
-91.0112,44.9868#39.14#27.6#33.26
-90.9508,44.9855#38.87#27.59#33.54
-90.8904,44.9842#38.61#27.59#33.8
-90.83,44.9829#38.35#27.59#34.06
-90.7696,44.9816#38.09#27.59#34.32
-90.7092,44.9803#37.83#27.59#34.58
-90.6488,44.9789#37.57#27.59#34.84
-90.5884,44.9775#37.31#27.59#35.1
-90.528,44.9761#37.05#27.59#35.36
-90.4676,44.9747#36.79#27.59#35.62
-90.4072,44.9733#36.53#27.59#35.88
-90.3468,44.9718#36.28#27.59#36.13
-90.2864,44.9703#36.03#27.58#36.39
-90.226,44.9688#35.77#27.58#36.65
-90.1656,44.9673#35.52#27.58#36.9
-90.1052,44.9658#35.26#27.58#37.16
-90.0448,44.9642#35.01#27.58#37.41
-89.9844,44.9627#34.76#27.58#37.66
-89.924,44.9611#34.51#27.58#37.91
-89.8637,44.9595#34.26#27.58#38.16
-89.8033,44.9578#34.01#27.58#38.41
-89.7429,44.9562#33.77#27.58#38.65
-89.6825,44.9545#33.52#27.57#38.91
-89.6222,44.9528#33.27#27.57#39.16
-89.5618,44.9511#33.02#27.57#39.41
-89.5014,44.9494#32.77#27.57#39.66
-89.4411,44.9477#32.59#27.57#39.84
-89.3807,44.9459#32.41#27.57#40.02
-89.3203,44.9441#32.22#27.57#40.21
-89.26,44.9423#32.04#27.57#40.39
-89.1996,44.9405#31.86#27.57#40.57
-89.1393,44.9387#31.67#27.56#40.77
-89.0789,44.9368#31.49#27.56#40.95
-89.0186,44.9349#31.31#27.56#41.13
-88.9582,44.933#31.12#27.56#41.32
-88.8979,44.9311#30.92#27.56#41.52
-88.8375,44.9292#30.73#27.56#41.71
-88.7772,44.9272#30.54#27.56#41.9
-88.7168,44.9253#30.34#27.55#42.11
-88.6565,44.9233#30.15#27.55#42.3
-88.5962,44.9213#29.96#27.55#42.49
-88.5358,44.9192#29.76#27.55#42.69
-88.4755,44.9172#29.59#27.55#42.86
-88.4152,44.9151#29.43#27.56#43.01
-88.3549,44.913#29.28#27.56#43.16
-88.2946,44.9109#29.13#27.57#43.3
-88.2342,44.9088#28.97#27.58#43.45
-88.1739,44.9067#28.82#27.58#43.6
-88.1136,44.9045#28.67#27.59#43.74
-88.0533,44.9023#28.51#27.59#43.9
-87.993,44.9001#28.37#27.6#44.03
-103.037,44.9024#46.93#28.76#24.31
-102.977,44.905#46.93#28.76#24.31
-102.916,44.9075#46.93#28.76#24.31
-102.856,44.91#46.93#28.76#24.31
-102.796,44.9124#46.93#28.77#24.3
-102.736,44.9149#46.93#28.77#24.3
-102.675,44.9173#46.93#28.77#24.3
-102.615,44.9197#46.93#28.77#24.3
-102.555,44.9221#46.93#28.77#24.3
-102.494,44.9245#46.93#28.77#24.3
-102.434,44.9268#46.93#28.77#24.3
-102.374,44.9292#46.93#28.77#24.3
-102.313,44.9315#46.93#28.77#24.3
-102.253,44.9338#46.93#28.78#24.29
-102.193,44.9361#46.93#28.78#24.29
-102.132,44.9383#46.93#28.78#24.29
-102.072,44.9406#46.93#28.78#24.29
-102.012,44.9428#46.93#28.78#24.29
-101.951,44.945#46.93#28.78#24.29
-101.891,44.9472#46.93#28.78#24.29
-101.831,44.9493#46.93#28.78#24.29
-101.77,44.9515#46.93#28.78#24.29
-101.71,44.9536#46.93#28.78#24.29
-101.65,44.9557#46.93#28.79#24.28
-101.589,44.9578#46.93#28.79#24.28
-101.529,44.9599#46.93#28.79#24.28
-101.469,44.9619#46.93#28.79#24.28
-101.408,44.9639#46.93#28.79#24.28
-101.348,44.9659#46.93#28.79#24.28
-101.288,44.9679#46.93#28.79#24.28
-101.227,44.9699#46.93#28.79#24.28
-101.167,44.9719#46.93#28.79#24.28
-101.107,44.9738#46.93#28.79#24.28
-101.046,44.9757#46.93#28.79#24.28
-100.986,44.9776#46.93#28.8#24.27
-100.925,44.9795#46.93#28.8#24.27
-100.865,44.9813#46.93#28.8#24.27
-100.805,44.9832#46.93#28.8#24.27
-100.744,44.985#46.93#28.8#24.27
-100.684,44.9868#46.93#28.8#24.27
-100.623,44.9886#46.93#28.8#24.27
-100.563,44.9903#46.93#28.8#24.27
-100.503,44.9921#46.93#28.8#24.27
-100.442,44.9938#46.93#28.81#24.26
-100.382,44.9955#46.93#28.81#24.26
-100.322,44.9972#46.93#28.81#24.26
-100.261,44.9989#46.93#28.81#24.26
-100.201,45.0005#46.93#28.81#24.26
-100.14,45.0022#46.93#28.81#24.26
-100.08,45.0038#46.93#28.81#24.26
-100.019,45.0054#46.93#28.81#24.26
-99.9591,45.0069#46.93#28.87#24.2
-99.8987,45.0085#46.93#28.96#24.11
-99.8382,45.01#46.93#29.05#24.02
-99.7778,45.0115#46.93#29.14#23.93
-99.7174,45.013#46.93#29.23#23.84
-99.657,45.0145#46.93#29.32#23.75
-99.5966,45.016#46.93#29.41#23.66
-99.5361,45.0174#46.93#29.49#23.58
-99.4757,45.0188#46.93#29.58#23.49
-99.4153,45.0202#46.93#29.68#23.39
-99.3549,45.0216#46.93#29.77#23.3
-99.2944,45.023#46.93#29.86#23.21
-99.234,45.0243#46.93#29.95#23.12
-99.1736,45.0256#46.93#30.05#23.02
-99.1131,45.0269#46.93#30.14#22.93
-99.0527,45.0282#46.93#30.23#22.84
-98.9922,45.0295#46.93#30.32#22.75
-98.9318,45.0307#46.93#30.35#22.72
-98.8714,45.032#46.93#30.39#22.68
-98.8109,45.0332#46.93#30.43#22.64
-98.7505,45.0344#46.93#30.46#22.61
-98.69,45.0356#46.93#30.5#22.57
-98.6296,45.0367#46.93#30.53#22.54
-98.5691,45.0378#46.93#30.57#22.5
-98.5087,45.039#46.93#30.6#22.47
-98.4482,45.0401#46.93#30.49#22.58
-98.3878,45.0411#46.93#30.36#22.71
-98.3273,45.0422#46.93#30.23#22.84
-98.2668,45.0432#46.93#30.1#22.97
-98.2064,45.0442#46.93#29.96#23.11
-98.1459,45.0452#46.93#29.83#23.24
-98.0855,45.0462#46.93#29.7#23.37
-98.025,45.0472#46.93#29.56#23.51
-97.9645,45.0481#46.93#29.42#23.65
-97.9041,45.0491#46.93#29.27#23.8
-97.8436,45.05#46.93#29.12#23.95
-97.7831,45.0509#46.93#28.98#24.09
-97.7227,45.0517#46.93#28.83#24.24
-97.6622,45.0526#46.93#28.68#24.39
-97.6017,45.0534#46.93#28.53#24.54
-97.5413,45.0542#46.93#28.39#24.68
-97.4808,45.055#46.93#28.27#24.8
-97.4203,45.0558#46.93#28.21#24.86
-97.3598,45.0565#46.93#28.16#24.91
-97.2994,45.0573#46.93#28.1#24.97
-97.2389,45.058#46.93#28.05#25.02
-97.1784,45.0587#46.93#27.99#25.08
-97.1179,45.0593#46.93#27.93#25.14
-97.0574,45.06#46.93#27.88#25.19
-96.997,45.0606#46.93#27.83#25.24
-96.9365,45.0613#46.93#27.8#25.27
-96.876,45.0619#46.93#27.78#25.29
-96.8155,45.0624#46.93#27.76#25.31
-96.755,45.063#46.93#27.74#25.33
-96.6946,45.0636#46.93#27.72#25.35
-96.6341,45.0641#46.93#27.7#25.37
-96.5736,45.0646#46.93#27.68#25.39
-96.5131,45.0651#46.93#27.66#25.41
-96.4526,45.0655#46.93#27.65#25.42
-96.3921,45.066#46.93#27.64#25.43
-96.3316,45.0664#46.93#27.64#25.43
-96.2712,45.0668#46.93#27.63#25.44
-96.2107,45.0672#46.93#27.62#25.45
-96.1502,45.0676#46.93#27.62#25.45
-96.0897,45.0679#46.93#27.61#25.46
-96.0292,45.0683#46.93#27.6#25.47
-95.9687,45.0686#46.93#27.6#25.47
-95.9082,45.0689#46.93#27.6#25.47
-95.8477,45.0692#46.93#27.59#25.48
-95.7872,45.0694#46.93#27.59#25.48
-95.7267,45.0697#46.93#27.59#25.48
-95.6663,45.0699#46.93#27.59#25.48
-95.6058,45.0701#46.93#27.58#25.49
-95.5453,45.0703#46.93#27.58#25.49
-95.4848,45.0704#46.93#27.58#25.49
-95.4243,45.0706#46.93#27.58#25.49
-95.3638,45.0707#46.93#27.58#25.49
-95.3033,45.0708#46.93#27.58#25.49
-95.2428,45.0709#46.93#27.58#25.49
-95.1823,45.0709#46.93#27.58#25.49
-95.1218,45.071#46.93#27.58#25.49
-95.0613,45.071#46.93#27.58#25.49
-95.0008,45.071#46.93#27.58#25.49
-94.9403,45.071#46.93#27.58#25.49
-94.8798,45.071#46.93#27.58#25.49
-94.8194,45.0709#46.93#27.58#25.49
-94.7589,45.0709#46.93#27.58#25.49
-94.6984,45.0708#46.93#27.58#25.49
-94.6379,45.0707#46.93#27.58#25.49
-94.5774,45.0706#46.93#27.58#25.49
-94.5169,45.0704#46.93#27.58#25.49
-94.4564,45.0703#46.93#27.58#25.49
-94.3959,45.0701#46.93#27.58#25.49
-94.3354,45.0699#46.93#27.58#25.49
-94.2749,45.0697#46.93#27.58#25.49
-94.2144,45.0694#46.93#27.58#25.49
-94.1539,45.0692#46.93#27.59#25.48
-94.0935,45.0689#46.93#27.59#25.48
-94.033,45.0686#46.93#27.59#25.48
-93.9725,45.0683#46.93#27.59#25.48
-93.912,45.0679#46.92#27.59#25.49
-93.8515,45.0676#46.91#27.59#25.5
-93.791,45.0672#46.9#27.59#25.51
-93.7305,45.0668#46.89#27.59#25.52
-93.67,45.0664#46.88#27.59#25.53
-93.6095,45.066#46.87#27.59#25.54
-93.5491,45.0655#46.87#27.59#25.54
-93.4886,45.0651#46.85#27.59#25.56
-93.4281,45.0646#46.81#27.59#25.6
-93.3676,45.0641#46.77#27.6#25.63
-93.3071,45.0636#46.72#27.6#25.68
-93.2466,45.063#46.68#27.6#25.72
-93.1861,45.0625#46.64#27.6#25.76
-93.1257,45.0619#46.6#27.6#25.8
-93.0652,45.0613#46.55#27.6#25.85
-93.0047,45.0607#46.51#27.6#25.89
-92.9442,45.06#46.4#27.6#26
-92.8837,45.0594#46.28#27.6#26.12
-92.8233,45.0587#46.16#27.6#26.24
-92.7628,45.058#46.03#27.6#26.37
-92.7023,45.0573#45.91#27.6#26.49
-92.6418,45.0565#45.79#27.6#26.61
-92.5814,45.0558#45.67#27.6#26.73
-92.5209,45.055#45.55#27.6#26.85
-92.4604,45.0542#45.37#27.6#27.03
-92.3999,45.0534#45.16#27.6#27.24
-92.3395,45.0526#44.95#27.6#27.45
-92.279,45.0517#44.74#27.6#27.66
-92.2185,45.0509#44.53#27.6#27.87
-92.1581,45.05#44.31#27.6#28.09
-92.0976,45.0491#44.1#27.6#28.3
-92.0371,45.0482#43.89#27.6#28.51
-91.9767,45.0472#43.67#27.6#28.73
-91.9162,45.0463#43.43#27.6#28.97
-91.8557,45.0453#43.18#27.6#29.22
-91.7953,45.0443#42.94#27.6#29.46
-91.7348,45.0433#42.69#27.6#29.71
-91.6744,45.0422#42.45#27.6#29.95
-91.6139,45.0412#42.21#27.6#30.19
-91.5535,45.0401#41.97#27.6#30.43
-91.493,45.039#41.71#27.6#30.69
-91.4326,45.0379#41.39#27.6#31.01
-91.3721,45.0367#41.06#27.6#31.34
-91.3117,45.0356#40.74#27.6#31.66
-91.2512,45.0344#40.41#27.6#31.99
-91.1908,45.0332#40.09#27.6#32.31
-91.1303,45.032#39.76#27.59#32.65
-91.0699,45.0308#39.44#27.59#32.97
-91.0094,45.0295#39.12#27.59#33.29
-90.949,45.0283#38.84#27.59#33.57
-90.8886,45.027#38.58#27.59#33.83
-90.8281,45.0257#38.32#27.59#34.09
-90.7677,45.0244#38.06#27.59#34.35
-90.7072,45.023#37.8#27.59#34.61
-90.6468,45.0216#37.54#27.59#34.87
-90.5864,45.0203#37.28#27.59#35.13
-90.526,45.0189#37.01#27.59#35.4
-90.4655,45.0174#36.76#27.59#35.65
-90.4051,45.016#36.5#27.58#35.92
-90.3447,45.0145#36.25#27.58#36.17
-90.2843,45.0131#35.99#27.58#36.43
-90.2238,45.0116#35.73#27.58#36.69
-90.1634,45.0101#35.48#27.58#36.94
-90.103,45.0085#35.22#27.58#37.2
-90.0426,45.007#34.97#27.58#37.45
-89.9822,45.0054#34.72#27.58#37.7
-89.9218,45.0038#34.47#27.58#37.95
-89.8614,45.0022#34.22#27.58#38.2
-89.801,45.0006#33.97#27.57#38.46
-89.7406,44.9989#33.73#27.57#38.7
-89.6802,44.9973#33.48#27.57#38.95
-89.6198,44.9956#33.23#27.57#39.2
-89.5594,44.9939#32.98#27.57#39.45
-89.499,44.9921#32.74#27.57#39.69
-89.4386,44.9904#32.55#27.57#39.88
-89.3782,44.9886#32.37#27.57#40.06
-89.3178,44.9868#32.18#27.57#40.25
-89.2574,44.985#32#27.56#40.44
-89.197,44.9832#31.82#27.56#40.62
-89.1366,44.9814#31.63#27.56#40.81
-89.0763,44.9795#31.45#27.56#40.99
-89.0159,44.9777#31.27#27.56#41.17
-88.9555,44.9758#31.08#27.56#41.36
-88.8951,44.9738#30.88#27.56#41.56
-88.8348,44.9719#30.69#27.56#41.75
-88.7744,44.97#30.5#27.55#41.95
-88.714,44.968#30.31#27.55#42.14
-88.6537,44.966#30.11#27.55#42.34
-88.5933,44.964#29.92#27.55#42.53
-88.533,44.962#29.73#27.55#42.72
-88.4726,44.9599#29.55#27.55#42.9
-88.4123,44.9578#29.4#27.56#43.04
-88.3519,44.9558#29.24#27.57#43.19
-88.2916,44.9536#29.09#27.58#43.33
-88.2312,44.9515#28.94#27.59#43.47
-88.1709,44.9494#28.78#27.59#43.63
-88.1105,44.9472#28.63#27.6#43.77
-88.0502,44.945#28.48#27.61#43.91
-87.9899,44.9428#28.33#27.62#44.05
-87.9295,44.9406#28.23#27.66#44.11
-87.8692,44.9384#28.13#27.7#44.17
-87.8089,44.9361#28.02#27.74#44.24
-87.7486,44.9338#27.92#27.77#44.31
-87.6882,44.9315#27.82#27.81#44.37
-87.6279,44.9292#27.72#27.85#44.43
-87.5676,44.9269#27.62#27.88#44.5
-87.5073,44.9245#27.52#27.92#44.56
-87.447,44.9222#27.44#27.98#44.58
-87.3867,44.9198#27.38#28.04#44.58
-87.3264,44.9174#27.31#28.1#44.59
-87.2661,44.9149#27.24#28.16#44.6
-87.2058,44.9125#27.17#28.22#44.61
-87.1455,44.91#27.1#28.28#44.62
-87.0852,44.9075#27.03#28.34#44.63
-87.0249,44.905#26.96#28.4#44.64
-86.9647,44.9025#26.92#28.45#44.63
-86.9044,44.9#26.9#28.51#44.59
-104.005,44.9022#46.93#28.74#24.33
-103.945,44.905#46.93#28.74#24.33
-103.885,44.9078#46.93#28.74#24.33
-103.824,44.9106#46.93#28.74#24.33
-103.764,44.9134#46.93#28.74#24.33
-103.704,44.9161#46.93#28.74#24.33
-103.644,44.9189#46.93#28.75#24.32
-103.583,44.9216#46.93#28.75#24.32
-103.523,44.9243#46.93#28.75#24.32
-103.463,44.9269#46.93#28.75#24.32
-103.402,44.9296#46.93#28.75#24.32
-103.342,44.9322#46.93#28.75#24.32
-103.282,44.9349#46.93#28.75#24.32
-103.222,44.9375#46.93#28.76#24.31
-103.161,44.94#46.93#28.76#24.31
-103.101,44.9426#46.93#28.76#24.31
-103.041,44.9452#46.93#28.76#24.31
-102.98,44.9477#46.93#28.76#24.31
-102.92,44.9502#46.93#28.76#24.31
-102.86,44.9527#46.93#28.76#24.31
-102.799,44.9551#46.93#28.76#24.31
-102.739,44.9576#46.93#28.76#24.31
-102.679,44.96#46.93#28.77#24.3
-102.618,44.9624#46.93#28.77#24.3
-102.558,44.9648#46.93#28.77#24.3
-102.498,44.9672#46.93#28.77#24.3
-102.437,44.9695#46.93#28.77#24.3
-102.377,44.9719#46.93#28.77#24.3
-102.317,44.9742#46.93#28.77#24.3
-102.256,44.9765#46.93#28.77#24.3
-102.196,44.9788#46.93#28.77#24.3
-102.136,44.981#46.93#28.78#24.29
-102.075,44.9833#46.93#28.78#24.29
-102.015,44.9855#46.93#28.78#24.29
-101.955,44.9877#46.93#28.78#24.29
-101.894,44.9899#46.93#28.78#24.29
-101.834,44.992#46.93#28.78#24.29
-101.773,44.9942#46.93#28.78#24.29
-101.713,44.9963#46.93#28.78#24.29
-101.653,44.9984#46.93#28.78#24.29
-101.592,45.0005#46.93#28.78#24.29
-101.532,45.0026#46.93#28.79#24.28
-101.472,45.0046#46.93#28.79#24.28
-101.411,45.0066#46.93#28.79#24.28
-101.351,45.0087#46.93#28.79#24.28
-101.29,45.0106#46.93#28.79#24.28
-101.23,45.0126#46.93#28.79#24.28
-101.17,45.0146#46.93#28.79#24.28
-101.109,45.0165#46.93#28.79#24.28
-101.049,45.0184#46.93#28.79#24.28
-100.988,45.0203#46.93#28.79#24.28
-100.928,45.0222#46.93#28.79#24.28
-100.868,45.0241#46.93#28.8#24.27
-100.807,45.0259#46.93#28.8#24.27
-100.747,45.0277#46.93#28.8#24.27
-100.686,45.0295#46.93#28.8#24.27
-100.626,45.0313#46.93#28.8#24.27
-100.566,45.0331#46.93#28.8#24.27
-100.505,45.0348#46.93#28.8#24.27
-100.445,45.0365#46.93#28.8#24.27
-100.384,45.0382#46.93#28.8#24.27
-100.324,45.0399#46.93#28.81#24.26
-100.263,45.0416#46.93#28.81#24.26
-100.203,45.0432#46.93#28.81#24.26
-100.143,45.0449#46.93#28.81#24.26
-100.082,45.0465#46.93#28.81#24.26
-100.022,45.0481#46.93#28.81#24.26
-99.9613,45.0497#46.93#28.87#24.2
-99.9008,45.0512#46.93#28.96#24.11
-99.8404,45.0527#46.93#29.05#24.02
-99.78,45.0543#46.93#29.13#23.94
-99.7195,45.0558#46.93#29.22#23.85
-99.6591,45.0572#46.93#29.31#23.76
-99.5986,45.0587#46.93#29.4#23.67
-99.5382,45.0601#46.93#29.49#23.58
-99.4777,45.0615#46.93#29.58#23.49
-99.4173,45.0629#46.93#29.67#23.4
-99.3568,45.0643#46.93#29.77#23.3
-99.2963,45.0657#46.93#29.86#23.21
-99.2359,45.067#46.93#29.95#23.12
-99.1754,45.0684#46.93#30.04#23.03
-99.115,45.0697#46.93#30.14#22.93
-99.0545,45.071#46.93#30.23#22.84
-98.994,45.0722#46.93#30.32#22.75
-98.9336,45.0735#46.93#30.35#22.72
-98.8731,45.0747#46.93#30.39#22.68
-98.8126,45.0759#46.93#30.42#22.65
-98.7521,45.0771#46.93#30.46#22.61
-98.6917,45.0783#46.93#30.49#22.58
-98.6312,45.0794#46.93#30.53#22.54
-98.5707,45.0806#46.93#30.57#22.5
-98.5102,45.0817#46.93#30.6#22.47
-98.4497,45.0828#46.93#30.5#22.57
-98.3893,45.0839#46.93#30.36#22.71
-98.3288,45.0849#46.93#30.23#22.84
-98.2683,45.086#46.93#30.1#22.97
-98.2078,45.087#46.93#29.96#23.11
-98.1473,45.088#46.93#29.83#23.24
-98.0868,45.089#46.93#29.7#23.37
-98.0263,45.0899#46.93#29.56#23.51
-97.9659,45.0909#46.93#29.42#23.65
-97.9054,45.0918#46.93#29.27#23.8
-97.8449,45.0927#46.93#29.13#23.94
-97.7844,45.0936#46.93#28.98#24.09
-97.7239,45.0944#46.93#28.83#24.24
-97.6634,45.0953#46.93#28.68#24.39
-97.6029,45.0961#46.93#28.53#24.54
-97.5424,45.0969#46.93#28.39#24.68
-97.4819,45.0977#46.93#28.27#24.8
-97.4214,45.0985#46.93#28.21#24.86
-97.3609,45.0993#46.93#28.16#24.91
-97.3004,45.1#46.93#28.1#24.97
-97.2399,45.1007#46.93#28.05#25.02
-97.1794,45.1014#46.93#27.99#25.08
-97.1189,45.1021#46.93#27.93#25.14
-97.0584,45.1027#46.93#27.88#25.19
-96.9979,45.1034#46.93#27.82#25.25
-96.9374,45.104#46.93#27.8#25.27
-96.8768,45.1046#46.93#27.78#25.29
-96.8163,45.1052#46.93#27.76#25.31
-96.7558,45.1057#46.93#27.74#25.33
-96.6953,45.1063#46.93#27.72#25.35
-96.6348,45.1068#46.93#27.7#25.37
-96.5743,45.1073#46.93#27.68#25.39
-96.5138,45.1078#46.93#27.66#25.41
-96.4533,45.1083#46.93#27.65#25.42
-96.3928,45.1087#46.93#27.64#25.43
-96.3322,45.1091#46.93#27.64#25.43
-96.2717,45.1096#46.93#27.63#25.44
-96.2112,45.1099#46.93#27.62#25.45
-96.1507,45.1103#46.93#27.62#25.45
-96.0902,45.1107#46.93#27.61#25.46
-96.0297,45.111#46.93#27.6#25.47
-95.9691,45.1113#46.93#27.6#25.47
-95.9086,45.1116#46.93#27.59#25.48
-95.8481,45.1119#46.93#27.59#25.48
-95.7876,45.1121#46.93#27.59#25.48
-95.7271,45.1124#46.93#27.59#25.48
-95.6666,45.1126#46.93#27.59#25.48
-95.606,45.1128#46.93#27.58#25.49
-95.5455,45.113#46.93#27.58#25.49
-95.485,45.1132#46.93#27.58#25.49
-95.4245,45.1133#46.93#27.58#25.49
-95.364,45.1134#46.93#27.58#25.49
-95.3034,45.1135#46.93#27.58#25.49
-95.2429,45.1136#46.93#27.58#25.49
-95.1824,45.1137#46.93#27.58#25.49
-95.1219,45.1137#46.93#27.58#25.49
-95.0614,45.1138#46.93#27.58#25.49
-95.0008,45.1138#46.93#27.58#25.49
-94.9403,45.1138#46.93#27.58#25.49
-94.8798,45.1137#46.93#27.58#25.49
-94.8193,45.1137#46.93#27.58#25.49
-94.7588,45.1136#46.93#27.58#25.49
-94.6982,45.1135#46.93#27.58#25.49
-94.6377,45.1134#46.93#27.58#25.49
-94.5772,45.1133#46.93#27.58#25.49
-94.5167,45.1132#46.93#27.58#25.49
-94.4562,45.113#46.93#27.58#25.49
-94.3956,45.1128#46.93#27.58#25.49
-94.3351,45.1126#46.93#27.58#25.49
-94.2746,45.1124#46.93#27.58#25.49
-94.2141,45.1122#46.93#27.58#25.49
-94.1536,45.1119#46.93#27.58#25.49
-94.093,45.1116#46.93#27.58#25.49
-94.0325,45.1113#46.93#27.59#25.48
-93.972,45.111#46.93#27.59#25.48
-93.9115,45.1107#46.92#27.59#25.49
-93.851,45.1103#46.91#27.59#25.5
-93.7905,45.11#46.9#27.59#25.51
-93.7299,45.1096#46.89#27.59#25.52
-93.6694,45.1092#46.88#27.59#25.53
-93.6089,45.1087#46.87#27.59#25.54
-93.5484,45.1083#46.87#27.59#25.54
-93.4879,45.1078#46.85#27.59#25.56
-93.4274,45.1073#46.81#27.59#25.6
-93.3669,45.1068#46.77#27.59#25.64
-93.3064,45.1063#46.72#27.59#25.69
-93.2458,45.1058#46.68#27.6#25.72
-93.1853,45.1052#46.64#27.6#25.76
-93.1248,45.1046#46.6#27.6#25.8
-93.0643,45.104#46.56#27.6#25.84
-93.0038,45.1034#46.51#27.6#25.89
-92.9433,45.1028#46.4#27.6#26
-92.8828,45.1021#46.28#27.6#26.12
-92.8223,45.1014#46.16#27.6#26.24
-92.7618,45.1007#46.04#27.6#26.36
-92.7013,45.1#45.92#27.6#26.48
-92.6408,45.0993#45.79#27.6#26.61
-92.5803,45.0985#45.67#27.6#26.73
-92.5198,45.0978#45.55#27.6#26.85
-92.4593,45.097#45.37#27.6#27.03
-92.3988,45.0961#45.16#27.6#27.24
-92.3383,45.0953#44.95#27.6#27.45
-92.2778,45.0945#44.73#27.6#27.67
-92.2173,45.0936#44.52#27.6#27.88
-92.1568,45.0927#44.31#27.6#28.09
-92.0963,45.0918#44.1#27.6#28.3
-92.0358,45.0909#43.89#27.6#28.51
-91.9753,45.0899#43.66#27.6#28.74
-91.9148,45.089#43.42#27.6#28.98
-91.8543,45.088#43.17#27.6#29.23
-91.7939,45.087#42.93#27.6#29.47
-91.7334,45.086#42.69#27.6#29.71
-91.6729,45.0849#42.44#27.6#29.96
-91.6124,45.0839#42.2#27.6#30.2
-91.5519,45.0828#41.95#27.6#30.45
-91.4914,45.0817#41.7#27.6#30.7
-91.431,45.0806#41.37#27.6#31.03
-91.3705,45.0795#41.05#27.6#31.35
-91.31,45.0783#40.72#27.59#31.69
-91.2495,45.0771#40.4#27.59#32.01
-91.1891,45.0759#40.07#27.59#32.34
-91.1286,45.0747#39.74#27.59#32.67
-91.0681,45.0735#39.42#27.59#32.99
-91.0077,45.0723#39.09#27.59#33.32
-90.9472,45.071#38.82#27.59#33.59
-90.8867,45.0697#38.56#27.59#33.85
-90.8263,45.0684#38.3#27.59#34.11
-90.7658,45.0671#38.03#27.59#34.38
-90.7053,45.0657#37.77#27.59#34.64
-90.6449,45.0644#37.51#27.59#34.9
-90.5844,45.063#37.24#27.58#35.18
-90.524,45.0616#36.98#27.58#35.44
-90.4635,45.0602#36.72#27.58#35.7
-90.4031,45.0587#36.47#27.58#35.95
-90.3426,45.0573#36.21#27.58#36.21
-90.2822,45.0558#35.95#27.58#36.47
-90.2217,45.0543#35.7#27.58#36.72
-90.1613,45.0528#35.44#27.58#36.98
-90.1008,45.0512#35.18#27.58#37.24
-90.0404,45.0497#34.93#27.58#37.49
-89.9799,45.0481#34.68#27.58#37.74
-89.9195,45.0465#34.43#27.57#38
-89.8591,45.0449#34.18#27.57#38.25
-89.7986,45.0433#33.93#27.57#38.5
-89.7382,45.0416#33.69#27.57#38.74
-89.6778,45.04#33.44#27.57#38.99
-89.6174,45.0383#33.19#27.57#39.24
-89.5569,45.0366#32.94#27.57#39.49
-89.4965,45.0349#32.7#27.57#39.73
-89.4361,45.0331#32.52#27.57#39.91
-89.3757,45.0314#32.33#27.57#40.1
-89.3153,45.0296#32.15#27.56#40.29
-89.2549,45.0278#31.96#27.56#40.48
-89.1944,45.0259#31.78#27.56#40.66
-89.134,45.0241#31.59#27.56#40.85
-89.0736,45.0223#31.41#27.56#41.03
-89.0132,45.0204#31.22#27.56#41.22
-88.9528,45.0185#31.03#27.56#41.41
-88.8924,45.0166#30.84#27.55#41.61
-88.832,45.0146#30.65#27.55#41.8
-88.7716,45.0127#30.46#27.55#41.99
-88.7112,45.0107#30.27#27.55#42.18
-88.6509,45.0087#30.08#27.55#42.37
-88.5905,45.0067#29.89#27.55#42.56
-88.5301,45.0047#29.69#27.54#42.77
-88.4697,45.0026#29.52#27.55#42.93
-88.4093,45.0006#29.37#27.56#43.07
-88.3489,44.9985#29.21#27.57#43.22
-88.2886,44.9964#29.06#27.58#43.36
-88.2282,44.9942#28.9#27.59#43.51
-88.1678,44.9921#28.75#27.61#43.64
-88.1075,44.9899#28.59#27.62#43.79
-88.0471,44.9878#28.44#27.63#43.93
-87.9867,44.9855#28.3#27.64#44.06
-87.9264,44.9833#28.19#27.68#44.13
-87.866,44.9811#28.09#27.73#44.18
-87.8057,44.9788#27.99#27.77#44.24
-87.7453,44.9766#27.88#27.81#44.31
-87.685,44.9743#27.78#27.85#44.37
-87.6246,44.9719#27.68#27.88#44.44
-87.5643,44.9696#27.58#27.92#44.5
-87.504,44.9673#27.47#27.96#44.57
-87.4436,44.9649#27.4#28.02#44.58
-87.3833,44.9625#27.34#28.09#44.57
-87.323,44.9601#27.27#28.15#44.58
-87.2627,44.9577#27.2#28.21#44.59
-87.2023,44.9552#27.13#28.27#44.6
-87.142,44.9527#27.06#28.33#44.61
-87.0817,44.9503#27#28.39#44.61
-87.0214,44.9477#26.93#28.45#44.62
-86.9611,44.9452#26.89#28.51#44.6
-86.9008,44.9427#26.88#28.55#44.57
-86.8405,44.9401#26.86#28.6#44.54
-86.7802,44.9375#26.85#28.65#44.5
-86.7199,44.9349#26.83#28.7#44.47
-86.6596,44.9323#26.82#28.75#44.43
-86.5993,44.9297#26.8#28.8#44.4
-86.539,44.927#26.78#28.85#44.37
-86.4787,44.9243#26.79#28.88#44.33
-86.4184,44.9216#26.83#28.9#44.27
-86.3582,44.9189#26.88#28.91#44.21
-86.2979,44.9162#26.93#28.92#44.15
-86.2376,44.9134#26.98#28.94#44.08
-86.1774,44.9107#27.02#28.95#44.03
-86.1171,44.9079#27.07#28.97#43.96
-86.0568,44.9051#27.12#28.98#43.9
-85.9966,44.9022#27.16#28.99#43.85
-104.913,44.9001#46.93#28.7#24.37
-104.853,44.9032#46.93#28.7#24.37
-104.792,44.9063#46.93#28.7#24.37
-104.732,44.9094#46.93#28.71#24.36
-104.672,44.9125#46.93#28.71#24.36
-104.612,44.9155#46.93#28.71#24.36
-104.551,44.9185#46.93#28.72#24.35
-104.491,44.9215#46.93#28.72#24.35
-104.431,44.9245#46.93#28.72#24.35
-104.371,44.9275#46.93#28.72#24.35
-104.31,44.9304#46.93#28.73#24.34
-104.25,44.9333#46.93#28.73#24.34
-104.19,44.9362#46.93#28.73#24.34
-104.13,44.9391#46.93#28.73#24.34
-104.069,44.942#46.93#28.73#24.34
-104.009,44.9449#46.93#28.74#24.33
-103.949,44.9477#46.93#28.74#24.33
-103.889,44.9505#46.93#28.74#24.33
-103.828,44.9533#46.93#28.74#24.33
-103.768,44.9561#46.93#28.74#24.33
-103.708,44.9588#46.93#28.74#24.33
-103.647,44.9615#46.93#28.74#24.33
-103.587,44.9643#46.93#28.75#24.32
-103.527,44.967#46.93#28.75#24.32
-103.466,44.9696#46.93#28.75#24.32
-103.406,44.9723#46.93#28.75#24.32
-103.346,44.9749#46.93#28.75#24.32
-103.285,44.9776#46.93#28.75#24.32
-103.225,44.9802#46.93#28.75#24.32
-103.165,44.9827#46.93#28.76#24.31
-103.105,44.9853#46.93#28.76#24.31
-103.044,44.9878#46.93#28.76#24.31
-102.984,44.9904#46.93#28.76#24.31
-102.924,44.9929#46.93#28.76#24.31
-102.863,44.9954#46.93#28.76#24.31
-102.803,44.9978#46.93#28.76#24.31
