-96.6917,37.9#46.93#27.85#25.22
-96.6353,37.9005#46.93#27.84#25.23
-96.579,37.9011#46.93#27.82#25.25
-96.5226,37.9016#46.93#27.8#25.27
-96.4663,37.9021#46.93#27.79#25.28
-96.4099,37.9025#46.93#27.79#25.28
-96.3535,37.903#46.93#27.78#25.29
-96.2972,37.9034#46.93#27.78#25.29
-96.2408,37.9038#46.93#27.77#25.3
-96.1845,37.9042#46.93#27.76#25.31
-96.1281,37.9046#46.93#27.76#25.31
-96.0717,37.905#46.93#27.75#25.32
-96.0154,37.9053#46.93#27.75#25.32
-95.959,37.9056#46.93#27.74#25.33
-95.9026,37.9059#46.93#27.74#25.33
-95.8463,37.9062#46.93#27.74#25.33
-95.7899,37.9065#46.93#27.74#25.33
-95.7335,37.9067#46.93#27.74#25.33
-95.6772,37.907#46.93#27.73#25.34
-95.6208,37.9072#46.93#27.73#25.34
-95.5644,37.9074#46.93#27.73#25.34
-95.5081,37.9076#46.93#27.73#25.34
-95.4517,37.9077#46.93#27.73#25.34
-95.3953,37.9079#46.93#27.73#25.34
-95.339,37.908#46.93#27.73#25.34
-95.2826,37.9081#46.93#27.73#25.34
-95.2262,37.9082#46.93#27.73#25.34
-95.1699,37.9082#46.93#27.73#25.34
-95.1135,37.9083#46.93#27.73#25.34
-95.0571,37.9083#46.93#27.73#25.34
-95.0008,37.9083#46.93#27.73#25.34
-94.9444,37.9083#46.93#27.73#25.34
-94.888,37.9083#46.93#27.73#25.34
-94.8317,37.9082#46.93#27.73#25.34
-94.7753,37.9082#46.93#27.73#25.34
-94.7189,37.9081#46.93#27.73#25.34
-94.6626,37.908#46.93#27.73#25.34
-94.6062,37.9079#46.93#27.73#25.34
-94.5498,37.9077#46.93#27.73#25.34
-94.4935,37.9076#46.93#27.73#25.34
-94.4371,37.9074#46.93#27.73#25.34
-94.3807,37.9072#46.93#27.73#25.34
-94.3244,37.907#46.93#27.73#25.34
-94.268,37.9067#46.93#27.73#25.34
-94.2117,37.9065#46.93#27.73#25.34
-94.1553,37.9062#46.93#27.73#25.34
-94.0989,37.9059#46.93#27.73#25.34
-94.0426,37.9056#46.93#27.73#25.34
-93.9862,37.9053#46.93#27.73#25.34
-93.9298,37.905#46.93#27.73#25.34
-93.8735,37.9046#46.93#27.74#25.33
-93.8171,37.9042#46.93#27.74#25.33
-93.7607,37.9038#46.93#27.74#25.33
-93.7044,37.9034#46.93#27.74#25.33
-93.648,37.903#46.93#27.74#25.33
-93.5917,37.9025#46.93#27.74#25.33
-93.5353,37.9021#46.93#27.74#25.33
-93.4789,37.9016#46.93#27.74#25.33
-93.4226,37.9011#46.92#27.74#25.34
-93.3662,37.9005#46.92#27.74#25.34
-93.3099,37.9#46.92#27.74#25.34
-99.2287,37.9008#46.93#29.16#23.91
-99.1724,37.9021#46.93#29.3#23.77
-99.116,37.9035#46.93#29.44#23.63
-99.0597,37.9048#46.93#29.59#23.48
-99.0033,37.9062#46.93#29.73#23.34
-98.947,37.9075#46.93#29.81#23.26
-98.8906,37.9088#46.93#29.89#23.18
-98.8343,37.91#46.93#29.97#23.1
-98.778,37.9113#46.93#30.05#23.02
-98.7216,37.9125#46.93#30.13#22.94
-98.6653,37.9137#46.93#30.21#22.86
-98.6089,37.9149#46.93#30.29#22.78
-98.5526,37.9161#46.93#30.37#22.7
-98.4962,37.9172#46.93#30.44#22.63
-98.4399,37.9184#46.93#30.33#22.74
-98.3835,37.9195#46.93#30.23#22.84
-98.3271,37.9206#46.93#30.12#22.95
-98.2708,37.9217#46.93#30.01#23.06
-98.2144,37.9227#46.93#29.91#23.16
-98.1581,37.9238#46.93#29.8#23.27
-98.1017,37.9248#46.93#29.7#23.37
-98.0453,37.9258#46.93#29.59#23.48
-97.989,37.9268#46.93#29.48#23.59
-97.9326,37.9278#46.93#29.35#23.72
-97.8763,37.9287#46.93#29.22#23.85
-97.8199,37.9297#46.93#29.1#23.97
-97.7635,37.9306#46.93#28.97#24.1
-97.7072,37.9315#46.93#28.84#24.23
-97.6508,37.9324#46.93#28.71#24.36
-97.5944,37.9332#46.93#28.58#24.49
-97.5381,37.9341#46.93#28.46#24.61
-97.4817,37.9349#46.93#28.35#24.72
-97.4253,37.9357#46.93#28.31#24.76
-97.3689,37.9365#46.93#28.26#24.81
-97.3126,37.9372#46.93#28.21#24.86
-97.2562,37.938#46.93#28.16#24.91
-97.1998,37.9387#46.93#28.12#24.95
-97.1434,37.9394#46.93#28.07#25
-97.0871,37.9401#46.93#28.02#25.05
-97.0307,37.9408#46.93#27.97#25.1
-96.9743,37.9415#46.93#27.94#25.13
-96.9179,37.9421#46.93#27.92#25.15
-96.8615,37.9427#46.93#27.91#25.16
-96.8052,37.9433#46.93#27.89#25.18
-96.7488,37.9439#46.93#27.87#25.2
-96.6924,37.9445#46.93#27.85#25.22
-96.636,37.945#46.93#27.84#25.23
-96.5796,37.9455#46.93#27.82#25.25
-96.5233,37.946#46.93#27.8#25.27
-96.4669,37.9465#46.93#27.79#25.28
-96.4105,37.947#46.93#27.79#25.28
-96.3541,37.9475#46.93#27.78#25.29
-96.2977,37.9479#46.93#27.77#25.3
-96.2413,37.9483#46.93#27.77#25.3
-96.1849,37.9487#46.93#27.76#25.31
-96.1286,37.9491#46.93#27.76#25.31
-96.0722,37.9495#46.93#27.75#25.32
-96.0158,37.9498#46.93#27.74#25.33
-95.9594,37.9501#46.93#27.74#25.33
-95.903,37.9504#46.93#27.74#25.33
-95.8466,37.9507#46.93#27.74#25.33
-95.7902,37.951#46.93#27.74#25.33
-95.7338,37.9512#46.93#27.73#25.34
-95.6775,37.9515#46.93#27.73#25.34
-95.6211,37.9517#46.93#27.73#25.34
-95.5647,37.9519#46.93#27.73#25.34
-95.5083,37.952#46.93#27.73#25.34
-95.4519,37.9522#46.93#27.73#25.34
-95.3955,37.9523#46.93#27.73#25.34
-95.3391,37.9525#46.93#27.73#25.34
-95.2827,37.9526#46.93#27.73#25.34
-95.2263,37.9526#46.93#27.73#25.34
-95.17,37.9527#46.93#27.73#25.34
-95.1136,37.9528#46.93#27.72#25.35
-95.0572,37.9528#46.93#27.72#25.35
-95.0008,37.9528#46.93#27.72#25.35
-94.9444,37.9528#46.93#27.72#25.35
-94.888,37.9528#46.93#27.72#25.35
-94.8316,37.9527#46.93#27.73#25.34
-94.7752,37.9526#46.93#27.73#25.34
-94.7188,37.9526#46.93#27.73#25.34
-94.6624,37.9525#46.93#27.73#25.34
-94.606,37.9523#46.93#27.73#25.34
-94.5497,37.9522#46.93#27.73#25.34
-94.4933,37.952#46.93#27.73#25.34
-94.4369,37.9519#46.93#27.73#25.34
-94.3805,37.9517#46.93#27.73#25.34
-94.3241,37.9515#46.93#27.73#25.34
-94.2677,37.9512#46.93#27.73#25.34
-94.2113,37.951#46.93#27.73#25.34
-94.1549,37.9507#46.93#27.73#25.34
-94.0985,37.9504#46.93#27.73#25.34
-94.0422,37.9501#46.93#27.73#25.34
-93.9858,37.9498#46.93#27.73#25.34
-93.9294,37.9495#46.93#27.73#25.34
-93.873,37.9491#46.93#27.73#25.34
-93.8166,37.9487#46.93#27.73#25.34
-93.7602,37.9483#46.93#27.73#25.34
-93.7038,37.9479#46.93#27.74#25.33
-93.6475,37.9475#46.93#27.74#25.33
-93.5911,37.947#46.93#27.74#25.33
-93.5347,37.9465#46.93#27.74#25.33
-93.4783,37.9461#46.93#27.74#25.33
-93.4219,37.9456#46.93#27.74#25.33
-93.3655,37.945#46.92#27.74#25.34
-93.3092,37.9445#46.92#27.74#25.34
-93.2528,37.9439#46.92#27.74#25.34
-93.1964,37.9433#46.92#27.74#25.34
-93.14,37.9427#46.92#27.74#25.34
-93.0836,37.9421#46.92#27.75#25.33
-93.0273,37.9415#46.92#27.75#25.33
-92.9709,37.9408#46.91#27.75#25.34
-92.9145,37.9401#46.91#27.75#25.34
-92.8581,37.9395#46.91#27.75#25.34
-92.8017,37.9387#46.9#27.75#25.35
-92.7454,37.938#46.9#27.75#25.35
-92.689,37.9373#46.89#27.75#25.36
-92.6326,37.9365#46.89#27.75#25.36
-92.5762,37.9357#46.88#27.76#25.36
-92.5199,37.9349#46.88#27.76#25.36
-92.4635,37.9341#46.86#27.76#25.38
-92.4071,37.9332#46.85#27.76#25.39
-92.3508,37.9324#46.83#27.76#25.41
-92.2944,37.9315#46.81#27.76#25.43
-92.238,37.9306#46.8#27.76#25.44
-92.1817,37.9297#46.78#27.76#25.46
-92.1253,37.9288#46.76#27.77#25.47
-92.0689,37.9278#46.75#27.77#25.48
-92.0126,37.9268#46.73#27.77#25.5
-91.9562,37.9258#46.66#27.77#25.57
-91.8998,37.9248#46.57#27.77#25.66
-91.8435,37.9238#46.49#27.77#25.74
-91.7871,37.9228#46.4#27.77#25.83
-91.7308,37.9217#46.31#27.77#25.92
-91.6744,37.9206#46.23#27.78#25.99
-91.6181,37.9195#46.14#27.78#26.08
-91.5617,37.9184#46.06#27.78#26.16
-91.5053,37.9173#45.97#27.78#26.25
-91.449,37.9161#45.81#27.78#26.41
-91.3926,37.9149#45.63#27.78#26.59
-91.3363,37.9137#45.46#27.78#26.76
-91.2799,37.9125#45.29#27.79#26.92
-91.2236,37.9113#45.12#27.79#27.09
-91.1673,37.9101#44.95#27.79#27.26
-91.1109,37.9088#44.77#27.79#27.44
-91.0546,37.9075#44.6#27.79#27.61
-90.9982,37.9062#44.43#27.79#27.78
-90.9419,37.9049#44.25#27.79#27.96
-90.8855,37.9035#44.07#27.8#28.13
-90.8292,37.9022#43.89#27.8#28.31
-90.7729,37.9008#43.71#27.8#28.49
-100.752,37.901#46.93#27.38#25.69
-100.695,37.9029#46.93#27.38#25.69
-100.639,37.9048#46.93#27.38#25.69
-100.583,37.9066#46.93#27.38#25.69
-100.526,37.9084#46.93#27.38#25.69
-100.47,37.9102#46.93#27.38#25.69
-100.414,37.912#46.93#27.39#25.68
-100.357,37.9138#46.93#27.39#25.68
-100.301,37.9155#46.93#27.4#25.67
-100.245,37.9173#46.93#27.4#25.67
-100.188,37.919#46.93#27.41#25.66
-100.132,37.9207#46.93#27.41#25.66
-100.076,37.9223#46.93#27.42#25.65
-100.019,37.924#46.93#27.42#25.65
-99.963,37.9256#46.93#27.5#25.57
-99.9066,37.9273#46.93#27.63#25.44
-99.8503,37.9289#46.93#27.75#25.32
-99.794,37.9304#46.93#27.87#25.2
-99.7376,37.932#46.93#27.99#25.08
-99.6813,37.9335#46.93#28.11#24.96
-99.6249,37.9351#46.93#28.24#24.83
-99.5686,37.9366#46.93#28.36#24.71
-99.5122,37.9381#46.93#28.48#24.59
-99.4559,37.9395#46.93#28.62#24.45
-99.3995,37.941#46.93#28.76#24.31
-99.3432,37.9424#46.93#28.91#24.16
-99.2868,37.9438#46.93#29.05#24.02
-99.2304,37.9452#46.93#29.19#23.88
-99.1741,37.9466#46.93#29.34#23.73
-99.1177,37.948#46.93#29.48#23.59
-99.0614,37.9493#46.93#29.62#23.45
-99.005,37.9506#46.93#29.76#23.31
-98.9486,37.9519#46.93#29.85#23.22
-98.8923,37.9532#46.93#29.93#23.14
-98.8359,37.9545#46.93#30#23.07
-98.7795,37.9557#46.93#30.08#22.99
-98.7232,37.957#46.93#30.16#22.91
-98.6668,37.9582#46.93#30.23#22.84
-98.6104,37.9594#46.93#30.31#22.76
-98.554,37.9605#46.93#30.39#22.68
-98.4977,37.9617#46.93#30.45#22.62
-98.4413,37.9628#46.93#30.35#22.72
-98.3849,37.964#46.93#30.24#22.83
-98.3285,37.9651#46.93#30.13#22.94
-98.2721,37.9661#46.93#30.03#23.04
-98.2158,37.9672#46.93#29.92#23.15
-98.1594,37.9683#46.93#29.81#23.26
-98.103,37.9693#46.93#29.71#23.36
-98.0466,37.9703#46.93#29.6#23.47
-97.9902,37.9713#46.93#29.49#23.58
-97.9338,37.9722#46.93#29.36#23.71
-97.8775,37.9732#46.93#29.23#23.84
-97.8211,37.9741#46.93#29.1#23.97
-97.7647,37.9751#46.93#28.97#24.1
-97.7083,37.9759#46.93#28.85#24.22
-97.6519,37.9768#46.93#28.72#24.35
-97.5955,37.9777#46.93#28.59#24.48
-97.5391,37.9785#46.93#28.46#24.61
-97.4827,37.9794#46.93#28.36#24.71
-97.4263,37.9802#46.93#28.31#24.76
-97.3699,37.9809#46.93#28.26#24.81
-97.3135,37.9817#46.93#28.21#24.86
-97.2571,37.9825#46.93#28.17#24.9
-97.2007,37.9832#46.93#28.12#24.95
-97.1443,37.9839#46.93#28.07#25
-97.0879,37.9846#46.93#28.02#25.05
-97.0315,37.9853#46.93#27.97#25.1
-96.9751,37.9859#46.93#27.94#25.13
-96.9187,37.9866#46.93#27.92#25.15
-96.8623,37.9872#46.93#27.9#25.17
-96.8059,37.9878#46.93#27.89#25.18
-96.7495,37.9884#46.93#27.87#25.2
-96.6931,37.9889#46.93#27.85#25.22
-96.6367,37.9895#46.93#27.84#25.23
-96.5803,37.99#46.93#27.82#25.25
-96.5239,37.9905#46.93#27.8#25.27
-96.4675,37.991#46.93#27.79#25.28
-96.4111,37.9915#46.93#27.78#25.29
-96.3547,37.9919#46.93#27.78#25.29
-96.2983,37.9924#46.93#27.77#25.3
-96.2419,37.9928#46.93#27.77#25.3
-96.1854,37.9932#46.93#27.76#25.31
-96.129,37.9936#46.93#27.75#25.32
-96.0726,37.9939#46.93#27.75#25.32
-96.0162,37.9943#46.93#27.74#25.33
-95.9598,37.9946#46.93#27.74#25.33
-95.9034,37.9949#46.93#27.74#25.33
-95.847,37.9952#46.93#27.74#25.33
-95.7906,37.9955#46.93#27.73#25.34
-95.7342,37.9957#46.93#27.73#25.34
-95.6777,37.9959#46.93#27.73#25.34
-95.6213,37.9961#46.93#27.73#25.34
-95.5649,37.9963#46.93#27.73#25.34
-95.5085,37.9965#46.93#27.72#25.35
-95.4521,37.9967#46.93#27.72#25.35
-95.3957,37.9968#46.93#27.72#25.35
-95.3393,37.9969#46.93#27.72#25.35
-95.2828,37.997#46.93#27.72#25.35
-95.2264,37.9971#46.93#27.72#25.35
-95.17,37.9972#46.93#27.72#25.35
-95.1136,37.9972#46.93#27.72#25.35
-95.0572,37.9973#46.93#27.72#25.35
-95.0008,37.9973#46.93#27.72#25.35
-94.9444,37.9973#46.93#27.72#25.35
-94.888,37.9972#46.93#27.72#25.35
-94.8315,37.9972#46.93#27.72#25.35
-94.7751,37.9971#46.93#27.72#25.35
-94.7187,37.997#46.93#27.72#25.35
-94.6623,37.9969#46.93#27.72#25.35
-94.6059,37.9968#46.93#27.72#25.35
-94.5495,37.9967#46.93#27.72#25.35
-94.4931,37.9965#46.93#27.72#25.35
-94.4366,37.9963#46.93#27.72#25.35
-94.3802,37.9962#46.93#27.73#25.34
-94.3238,37.9959#46.93#27.73#25.34
-94.2674,37.9957#46.93#27.73#25.34
-94.211,37.9955#46.93#27.73#25.34
-94.1546,37.9952#46.93#27.73#25.34
-94.0982,37.9949#46.93#27.73#25.34
-94.0418,37.9946#46.93#27.73#25.34
-93.9853,37.9943#46.93#27.73#25.34
-93.9289,37.9939#46.93#27.73#25.34
-93.8725,37.9936#46.93#27.73#25.34
-93.8161,37.9932#46.93#27.73#25.34
-93.7597,37.9928#46.93#27.73#25.34
-93.7033,37.9924#46.93#27.73#25.34
-93.6469,37.9919#46.93#27.73#25.34
-93.5905,37.9915#46.93#27.73#25.34
-93.5341,37.991#46.93#27.74#25.33
-93.4777,37.9905#46.93#27.74#25.33
-93.4213,37.99#46.93#27.74#25.33
-93.3649,37.9895#46.92#27.74#25.34
-93.3085,37.989#46.92#27.74#25.34
-93.252,37.9884#46.92#27.74#25.34
-93.1956,37.9878#46.92#27.74#25.34
-93.1392,37.9872#46.92#27.74#25.34
-93.0828,37.9866#46.92#27.74#25.34
-93.0264,37.986#46.92#27.74#25.34
-92.97,37.9853#46.92#27.75#25.33
-92.9136,37.9846#46.91#27.75#25.34
-92.8572,37.9839#46.91#27.75#25.34
-92.8008,37.9832#46.9#27.75#25.35
-92.7444,37.9825#46.9#27.75#25.35
-92.688,37.9817#46.9#27.75#25.35
-92.6316,37.981#46.89#27.75#25.36
-92.5752,37.9802#46.89#27.75#25.36
-92.5188,37.9794#46.88#27.75#25.37
-92.4625,37.9786#46.87#27.76#25.37
-92.4061,37.9777#46.85#27.76#25.39
-92.3497,37.9769#46.84#27.76#25.4
-92.2933,37.976#46.82#27.76#25.42
-92.2369,37.9751#46.8#27.76#25.44
-92.1805,37.9742#46.79#27.76#25.45
-92.1241,37.9732#46.77#27.76#25.47
-92.0677,37.9723#46.75#27.76#25.49
-92.0113,37.9713#46.74#27.77#25.49
-91.9549,37.9703#46.66#27.77#25.57
-91.8986,37.9693#46.58#27.77#25.65
-91.8422,37.9683#46.49#27.77#25.74
-91.7858,37.9672#46.4#27.77#25.83
-91.7294,37.9662#46.31#27.77#25.92
-91.673,37.9651#46.23#27.77#26
-91.6166,37.964#46.14#27.78#26.08
-91.5603,37.9629#46.05#27.78#26.17
-91.5039,37.9617#45.97#27.78#26.25
-91.4475,37.9606#45.8#27.78#26.42
-91.3911,37.9594#45.63#27.78#26.59
-91.3348,37.9582#45.45#27.78#26.77
-91.2784,37.957#45.28#27.78#26.94
-91.222,37.9558#45.11#27.79#27.1
-91.1657,37.9545#44.93#27.79#27.28
-91.1093,37.9533#44.76#27.79#27.45
-91.0529,37.952#44.59#27.79#27.62
-90.9966,37.9507#44.41#27.79#27.8
-90.9402,37.9493#44.23#27.79#27.98
-90.8838,37.948#44.05#27.79#28.16
-90.8275,37.9466#43.87#27.8#28.33
-90.7711,37.9453#43.68#27.8#28.52
-90.7148,37.9439#43.5#27.8#28.7
-90.6584,37.9425#43.32#27.8#28.88
-90.602,37.941#43.14#27.8#29.06
-90.5457,37.9396#42.96#27.8#29.24
-90.4893,37.9381#42.76#27.8#29.44
-90.433,37.9366#42.46#27.81#29.73
-90.3766,37.9351#42.16#27.81#30.03
-90.3203,37.9336#41.87#27.81#30.32
-90.2639,37.932#41.57#27.81#30.62
-90.2076,37.9305#41.28#27.81#30.91
-90.1513,37.9289#40.98#27.81#31.21
-90.0949,37.9273#40.69#27.82#31.49
-90.0386,37.9257#40.39#27.82#31.79
-89.9822,37.924#40.11#27.82#32.07
-89.9259,37.9224#39.84#27.82#32.34
-89.8696,37.9207#39.58#27.82#32.6
-89.8132,37.919#39.32#27.83#32.85
-89.7569,37.9173#39.06#27.83#33.11
-89.7006,37.9156#38.8#27.83#33.37
-89.6442,37.9138#38.54#27.83#33.63
-89.5879,37.9121#38.28#27.83#33.89
-89.5316,37.9103#38.02#27.83#34.15
-89.4753,37.9085#37.76#27.84#34.4
-89.419,37.9067#37.5#27.84#34.66
-89.3626,37.9048#37.25#27.84#34.91
-89.3063,37.903#36.99#27.84#35.17
-89.25,37.9011#36.74#27.84#35.42
-101.937,37.9018#46.93#27.21#25.86
-101.88,37.9041#46.93#27.22#25.85
-101.824,37.9063#46.93#27.24#25.83
-101.768,37.9085#46.93#27.25#25.82
-101.711,37.9107#46.93#27.27#25.8
-101.655,37.9129#46.93#27.28#25.79
-101.599,37.9151#46.93#27.3#25.77
-101.542,37.9173#46.93#27.31#25.76
-101.486,37.9194#46.93#27.32#25.75
-101.43,37.9215#46.93#27.33#25.74
-101.374,37.9236#46.93#27.34#25.73
-101.317,37.9257#46.93#27.34#25.73
-101.261,37.9278#46.93#27.35#25.72
-101.205,37.9298#46.93#27.35#25.72
-101.148,37.9318#46.93#27.36#25.71
-101.092,37.9338#46.93#27.37#25.7
-101.036,37.9358#46.93#27.37#25.7
-100.979,37.9378#46.93#27.38#25.69
-100.923,37.9397#46.93#27.38#25.69
-100.867,37.9417#46.93#27.38#25.69
-100.81,37.9436#46.93#27.38#25.69
-100.754,37.9455#46.93#27.38#25.69
-100.698,37.9474#46.93#27.38#25.69
-100.641,37.9492#46.93#27.38#25.69
-100.585,37.9511#46.93#27.38#25.69
-100.529,37.9529#46.93#27.38#25.69
-100.472,37.9547#46.93#27.39#25.68
-100.416,37.9565#46.93#27.39#25.68
-100.36,37.9582#46.93#27.4#25.67
-100.303,37.96#46.93#27.41#25.66
-100.247,37.9617#46.93#27.41#25.66
-100.19,37.9634#46.93#27.42#25.65
-100.134,37.9651#46.93#27.43#25.64
-100.078,37.9668#46.93#27.44#25.63
-100.021,37.9684#46.93#27.44#25.63
-99.965,37.9701#46.93#27.52#25.55
-99.9087,37.9717#46.93#27.65#25.42
-99.8523,37.9733#46.93#27.77#25.3
-99.796,37.9749#46.93#27.89#25.18
-99.7396,37.9765#46.93#28.02#25.05
-99.6832,37.978#46.93#28.14#24.93
-99.6268,37.9795#46.93#28.27#24.8
-99.5705,37.981#46.93#28.39#24.68
-99.5141,37.9825#46.93#28.51#24.56
-99.4577,37.984#46.93#28.65#24.42
-99.4013,37.9854#46.93#28.8#24.27
-99.345,37.9869#46.93#28.94#24.13
-99.2886,37.9883#46.93#29.08#23.99
-99.2322,37.9897#46.93#29.23#23.84
-99.1758,37.9911#46.93#29.37#23.7
-99.1194,37.9924#46.93#29.51#23.56
-99.0631,37.9938#46.93#29.66#23.41
-99.0067,37.9951#46.93#29.8#23.27
-98.9503,37.9964#46.93#29.88#23.19
-98.8939,37.9977#46.93#29.96#23.11
-98.8375,37.9989#46.93#30.03#23.04
-98.7811,38.0002#46.93#30.11#22.96
-98.7247,38.0014#46.93#30.18#22.89
-98.6683,38.0026#46.93#30.25#22.82
-98.6119,38.0038#46.93#30.33#22.74
-98.5555,38.005#46.93#30.4#22.67
-98.4991,38.0062#46.93#30.47#22.6
-98.4427,38.0073#46.93#30.36#22.71
-98.3863,38.0084#46.93#30.26#22.81
-98.3299,38.0095#46.93#30.15#22.92
-98.2735,38.0106#46.93#30.04#23.03
-98.2171,38.0117#46.93#29.93#23.14
-98.1607,38.0127#46.93#29.83#23.24
-98.1043,38.0137#46.93#29.72#23.35
-98.0479,38.0148#46.93#29.61#23.46
-97.9915,38.0157#46.93#29.5#23.57
-97.9351,38.0167#46.93#29.37#23.7
-97.8787,38.0177#46.93#29.24#23.83
-97.8222,38.0186#46.93#29.11#23.96
-97.7658,38.0195#46.93#28.98#24.09
-97.7094,38.0204#46.93#28.85#24.22
-97.653,38.0213#46.93#28.72#24.35
-97.5966,38.0222#46.93#28.59#24.48
-97.5402,38.023#46.93#28.46#24.61
-97.4837,38.0238#46.93#28.36#24.71
-97.4273,38.0246#46.93#28.31#24.76
-97.3709,38.0254#46.93#28.26#24.81
-97.3145,38.0262#46.93#28.21#24.86
-97.2581,38.0269#46.93#28.17#24.9
-97.2016,38.0277#46.93#28.12#24.95
-97.1452,38.0284#46.93#28.07#25
-97.0888,38.0291#46.93#28.02#25.05
-97.0324,38.0297#46.93#27.97#25.1
-96.9759,38.0304#46.93#27.94#25.13
-96.9195,38.031#46.93#27.92#25.15
-96.8631,38.0317#46.93#27.9#25.17
-96.8067,38.0323#46.93#27.89#25.18
-96.7502,38.0328#46.93#27.87#25.2
-96.6938,38.0334#46.93#27.85#25.22
-96.6374,38.034#46.93#27.83#25.24
-96.581,38.0345#46.93#27.82#25.25
-96.5245,38.035#46.93#27.8#25.27
-96.4681,38.0355#46.93#27.79#25.28
-96.4117,38.036#46.93#27.78#25.29
-96.3552,38.0364#46.93#27.78#25.29
-96.2988,38.0368#46.93#27.77#25.3
-96.2424,38.0373#46.93#27.76#25.31
-96.1859,38.0377#46.93#27.76#25.31
-96.1295,38.038#46.93#27.75#25.32
-96.0731,38.0384#46.93#27.75#25.32
-96.0166,38.0387#46.93#27.74#25.33
-95.9602,38.0391#46.93#27.74#25.33
-95.9038,38.0394#46.93#27.74#25.33
-95.8473,38.0397#46.93#27.73#25.34
-95.7909,38.0399#46.93#27.73#25.34
-95.7345,38.0402#46.93#27.73#25.34
-95.678,38.0404#46.93#27.73#25.34
-95.6216,38.0406#46.93#27.73#25.34
-95.5652,38.0408#46.93#27.72#25.35
-95.5087,38.041#46.93#27.72#25.35
-95.4523,38.0411#46.93#27.72#25.35
-95.3958,38.0413#46.93#27.72#25.35
-95.3394,38.0414#46.93#27.72#25.35
-95.283,38.0415#46.93#27.72#25.35
-95.2265,38.0416#46.93#27.72#25.35
-95.1701,38.0417#46.93#27.72#25.35
-95.1137,38.0417#46.93#27.72#25.35
-95.0572,38.0417#46.93#27.72#25.35
-95.0008,38.0417#46.93#27.72#25.35
-94.9443,38.0417#46.93#27.72#25.35
-94.8879,38.0417#46.93#27.72#25.35
-94.8315,38.0417#46.93#27.72#25.35
-94.775,38.0416#46.93#27.72#25.35
-94.7186,38.0415#46.93#27.72#25.35
-94.6622,38.0414#46.93#27.72#25.35
-94.6057,38.0413#46.93#27.72#25.35
-94.5493,38.0411#46.93#27.72#25.35
-94.4928,38.041#46.93#27.72#25.35
-94.4364,38.0408#46.93#27.72#25.35
-94.38,38.0406#46.93#27.72#25.35
-94.3235,38.0404#46.93#27.72#25.35
-94.2671,38.0402#46.93#27.72#25.35
-94.2107,38.0399#46.93#27.72#25.35
-94.1542,38.0397#46.93#27.73#25.34
-94.0978,38.0394#46.93#27.73#25.34
-94.0414,38.0391#46.93#27.73#25.34
-93.9849,38.0387#46.93#27.73#25.34
-93.9285,38.0384#46.93#27.73#25.34
-93.8721,38.038#46.93#27.73#25.34
-93.8156,38.0377#46.93#27.73#25.34
-93.7592,38.0373#46.93#27.73#25.34
-93.7028,38.0369#46.93#27.73#25.34
-93.6463,38.0364#46.93#27.73#25.34
-93.5899,38.036#46.93#27.73#25.34
-93.5335,38.0355#46.93#27.73#25.34
-93.477,38.035#46.93#27.73#25.34
-93.4206,38.0345#46.93#27.74#25.33
-93.3642,38.034#46.93#27.74#25.33
-93.3077,38.0334#46.92#27.74#25.34
-93.2513,38.0329#46.92#27.74#25.34
-93.1949,38.0323#46.92#27.74#25.34
-93.1385,38.0317#46.92#27.74#25.34
-93.082,38.0311#46.92#27.74#25.34
-93.0256,38.0304#46.92#27.74#25.34
-92.9692,38.0298#46.92#27.74#25.34
-92.9128,38.0291#46.91#27.74#25.35
-92.8563,38.0284#46.91#27.75#25.34
-92.7999,38.0277#46.91#27.75#25.34
-92.7435,38.0269#46.9#27.75#25.35
-92.6871,38.0262#46.9#27.75#25.35
-92.6307,38.0254#46.9#27.75#25.35
-92.5742,38.0246#46.89#27.75#25.36
-92.5178,38.0238#46.89#27.75#25.36
-92.4614,38.023#46.88#27.75#25.37
-92.405,38.0222#46.86#27.76#25.38
-92.3486,38.0213#46.84#27.76#25.4
-92.2921,38.0204#46.83#27.76#25.41
-92.2357,38.0195#46.81#27.76#25.43
-92.1793,38.0186#46.79#27.76#25.45
-92.1229,38.0177#46.78#27.76#25.46
-92.0665,38.0167#46.76#27.76#25.48
-92.0101,38.0158#46.74#27.76#25.5
-91.9537,38.0148#46.67#27.77#25.56
-91.8973,38.0138#46.58#27.77#25.65
-91.8409,38.0127#46.49#27.77#25.74
-91.7845,38.0117#46.4#27.77#25.83
-91.728,38.0106#46.32#27.77#25.91
-91.6716,38.0096#46.23#27.77#26
-91.6152,38.0085#46.14#27.77#26.09
-91.5588,38.0073#46.05#27.77#26.18
-91.5024,38.0062#45.96#27.78#26.26
-91.446,38.005#45.79#27.78#26.43
-91.3896,38.0039#45.62#27.78#26.6
-91.3332,38.0027#45.44#27.78#26.78
-91.2768,38.0015#45.27#27.78#26.95
-91.2205,38.0002#45.09#27.78#27.13
-91.1641,37.999#44.92#27.78#27.3
-91.1077,37.9977#44.75#27.79#27.46
-91.0513,37.9964#44.57#27.79#27.64
-90.9949,37.9951#44.4#27.79#27.81
-90.9385,37.9938#44.21#27.79#28
-90.8821,37.9925#44.03#27.79#28.18
-90.8257,37.9911#43.84#27.79#28.37
-90.7694,37.9897#43.66#27.8#28.54
-90.713,37.9883#43.47#27.8#28.73
-90.6566,37.9869#43.29#27.8#28.91
-90.6002,37.9855#43.1#27.8#29.1
-90.5438,37.984#42.92#27.8#29.28
-90.4875,37.9826#42.71#27.8#29.49
-90.4311,37.9811#42.42#27.8#29.78
-90.3747,37.9796#42.12#27.81#30.07
-90.3183,37.978#41.82#27.81#30.37
-90.262,37.9765#41.53#27.81#30.66
-90.2056,37.9749#41.23#27.81#30.96
-90.1492,37.9733#40.93#27.81#31.26
-90.0929,37.9717#40.64#27.81#31.55
-90.0365,37.9701#40.34#27.82#31.84
-89.9801,37.9685#40.06#27.82#32.12
-89.9238,37.9668#39.8#27.82#32.38
-89.8674,37.9652#39.54#27.82#32.64
-89.8111,37.9635#39.28#27.82#32.9
-89.7547,37.9618#39.02#27.82#33.16
-89.6984,37.96#38.76#27.83#33.41
-89.642,37.9583#38.5#27.83#33.67
-89.5857,37.9565#38.24#27.83#33.93
-89.5293,37.9547#37.97#27.83#34.2
-89.473,37.9529#37.72#27.83#34.45
-89.4166,37.9511#37.46#27.84#34.7
-89.3603,37.9493#37.21#27.84#34.95
-89.304,37.9474#36.95#27.84#35.21
-89.2476,37.9455#36.7#27.84#35.46
-89.1913,37.9436#36.44#27.84#35.72
-89.135,37.9417#36.19#27.84#35.97
-89.0786,37.9398#35.94#27.85#36.21
-89.0223,37.9378#35.68#27.85#36.47
-88.966,37.9359#35.43#27.85#36.72
-88.9096,37.9339#35.17#27.85#36.98
-88.8533,37.9319#34.92#27.86#37.22
-88.797,37.9299#34.66#27.86#37.48
-88.7407,37.9278#34.41#27.86#37.73
-88.6844,37.9258#34.15#27.86#37.99
-88.6281,37.9237#33.9#27.86#38.24
-88.5717,37.9216#33.65#27.87#38.48
-88.5154,37.9195#33.39#27.87#38.74
-88.4591,37.9173#33.2#27.88#38.92
-88.4028,37.9152#33.02#27.89#39.09
-88.3465,37.913#32.85#27.89#39.26
-88.2902,37.9108#32.67#27.9#39.43
-88.2339,37.9086#32.5#27.91#39.59
-88.1776,37.9064#32.32#27.92#39.76
-88.1213,37.9041#32.15#27.93#39.92
-88.065,37.9019#31.97#27.94#40.09
-102.953,37.9023#46.93#26.43#26.64
-102.896,37.9049#46.93#26.48#26.59
-102.84,37.9075#46.93#26.53#26.54
-102.784,37.91#46.93#26.58#26.49
-102.728,37.9126#46.93#26.63#26.44
-102.671,37.9151#46.93#26.68#26.39
-102.615,37.9176#46.93#26.73#26.34
-102.559,37.9201#46.93#26.78#26.29
-102.502,37.9225#46.93#26.83#26.24
-102.446,37.925#46.93#26.87#26.2
-102.39,37.9274#46.93#26.92#26.15
-102.334,37.9298#46.93#26.96#26.11
-102.277,37.9322#46.93#27#26.07
-102.221,37.9346#46.93#27.05#26.02
-102.165,37.937#46.93#27.09#25.98
-102.108,37.9393#46.93#27.13#25.94
-102.052,37.9416#46.93#27.17#25.9
-101.996,37.9439#46.93#27.21#25.86
-101.939,37.9462#46.93#27.22#25.85
-101.883,37.9485#46.93#27.24#25.83
-101.827,37.9507#46.93#27.25#25.82
-101.77,37.953#46.93#27.27#25.8
-101.714,37.9552#46.93#27.28#25.79
-101.658,37.9574#46.93#27.29#25.78
-101.601,37.9595#46.93#27.31#25.76
-101.545,37.9617#46.93#27.32#25.75
-101.489,37.9638#46.93#27.33#25.74
-101.432,37.9659#46.93#27.34#25.73
-101.376,37.968#46.93#27.34#25.73
-101.32,37.9701#46.93#27.35#25.72
-101.263,37.9722#46.93#27.36#25.71
-101.207,37.9742#46.93#27.36#25.71
-101.151,37.9763#46.93#27.37#25.7
-101.094,37.9783#46.93#27.37#25.7
-101.038,37.9803#46.93#27.38#25.69
-100.982,37.9822#46.93#27.38#25.69
-100.925,37.9842#46.93#27.38#25.69
-100.869,37.9861#46.93#27.38#25.69
-100.813,37.988#46.93#27.39#25.68
-100.756,37.9899#46.93#27.39#25.68
-100.7,37.9918#46.93#27.39#25.68
-100.644,37.9937#46.93#27.39#25.68
-100.587,37.9955#46.93#27.39#25.68
-100.531,37.9973#46.93#27.39#25.68
-100.475,37.9991#46.93#27.39#25.68
-100.418,38.0009#46.93#27.4#25.67
-100.362,38.0027#46.93#27.41#25.66
-100.305,38.0044#46.93#27.42#25.65
-100.249,38.0062#46.93#27.43#25.64
-100.193,38.0079#46.93#27.44#25.63
-100.136,38.0096#46.93#27.45#25.62
-100.08,38.0112#46.93#27.45#25.62
-100.023,38.0129#46.93#27.46#25.61
-99.9671,38.0145#46.93#27.54#25.53
-99.9107,38.0161#46.93#27.67#25.4
-99.8543,38.0178#46.93#27.79#25.28
-99.798,38.0193#46.93#27.92#25.15
-99.7416,38.0209#46.93#28.04#25.03
-99.6852,38.0224#46.93#28.17#24.9
-99.6288,38.024#46.93#28.3#24.77
-99.5724,38.0255#46.93#28.42#24.65
-99.516,38.027#46.93#28.55#24.52
-99.4596,38.0284#46.93#28.69#24.38
-99.4032,38.0299#46.93#28.83#24.24
-99.3468,38.0313#46.93#28.97#24.1
-99.2904,38.0327#46.93#29.12#23.95
-99.234,38.0341#46.93#29.26#23.81
-99.1776,38.0355#46.93#29.4#23.67
-99.1212,38.0369#46.93#29.55#23.52
-99.0647,38.0382#46.93#29.69#23.38
-99.0083,38.0395#46.93#29.83#23.24
-98.9519,38.0408#46.93#29.92#23.15
-98.8955,38.0421#46.93#29.99#23.08
-98.8391,38.0434#46.93#30.06#23.01
-98.7827,38.0446#46.93#30.13#22.94
-98.7263,38.0459#46.93#30.2#22.87
-98.6698,38.0471#46.93#30.27#22.8
-98.6134,38.0483#46.93#30.34#22.73
-98.557,38.0495#46.93#30.41#22.66
-98.5006,38.0506#46.93#30.48#22.59
-98.4442,38.0518#46.93#30.38#22.69
-98.3877,38.0529#46.93#30.27#22.8
-98.3313,38.054#46.93#30.16#22.91
-98.2749,38.0551#46.93#30.05#23.02
-98.2184,38.0561#46.93#29.94#23.13
-98.162,38.0572#46.93#29.84#23.23
-98.1056,38.0582#46.93#29.73#23.34
-98.0492,38.0592#46.93#29.62#23.45
-97.9927,38.0602#46.93#29.51#23.56
-97.9363,38.0612#46.93#29.38#23.69
-97.8799,38.0621#46.93#29.25#23.82
-97.8234,38.0631#46.93#29.12#23.95
-97.767,38.064#46.93#28.99#24.08
-97.7105,38.0649#46.93#28.86#24.21
-97.6541,38.0657#46.93#28.73#24.34
-97.5977,38.0666#46.93#28.6#24.47
-97.5412,38.0675#46.93#28.47#24.6
-97.4848,38.0683#46.93#28.36#24.71
-97.4283,38.0691#46.93#28.31#24.76
-97.3719,38.0699#46.93#28.27#24.8
-97.3155,38.0706#46.93#28.22#24.85
-97.259,38.0714#46.93#28.17#24.9
-97.2026,38.0721#46.93#28.12#24.95
-97.1461,38.0728#46.93#28.07#25
-97.0897,38.0735#46.93#28.02#25.05
-97.0332,38.0742#46.93#27.98#25.09
-96.9768,38.0749#46.93#27.94#25.13
-96.9203,38.0755#46.93#27.92#25.15
-96.8639,38.0761#46.93#27.9#25.17
-96.8074,38.0767#46.93#27.89#25.18
-96.751,38.0773#46.93#27.87#25.2
-96.6945,38.0779#46.93#27.85#25.22
-96.6381,38.0784#46.93#27.83#25.24
-96.5816,38.0789#46.93#27.82#25.25
-96.5252,38.0794#46.93#27.8#25.27
-96.4687,38.0799#46.93#27.79#25.28
-96.4123,38.0804#46.93#27.78#25.29
-96.3558,38.0809#46.93#27.78#25.29
-96.2993,38.0813#46.93#27.77#25.3
-96.2429,38.0817#46.93#27.76#25.31
-96.1864,38.0821#46.93#27.76#25.31
-96.13,38.0825#46.93#27.75#25.32
-96.0735,38.0829#46.93#27.74#25.33
-96.0171,38.0832#46.93#27.74#25.33
-95.9606,38.0835#46.93#27.74#25.33
-95.9041,38.0838#46.93#27.73#25.34
-95.8477,38.0841#46.93#27.73#25.34
-95.7912,38.0844#46.93#27.73#25.34
-95.7348,38.0846#46.93#27.73#25.34
-95.6783,38.0849#46.93#27.73#25.34
-95.6218,38.0851#46.93#27.72#25.35
-95.5654,38.0853#46.93#27.72#25.35
-95.5089,38.0854#46.93#27.72#25.35
-95.4525,38.0856#46.93#27.72#25.35
-95.396,38.0857#46.93#27.72#25.35
-95.3395,38.0859#46.93#27.72#25.35
-95.2831,38.086#46.93#27.72#25.35
-95.2266,38.0861#46.93#27.72#25.35
-95.1702,38.0861#46.93#27.72#25.35
-95.1137,38.0862#46.93#27.72#25.35
-95.0572,38.0862#46.93#27.72#25.35
-95.0008,38.0862#46.93#27.72#25.35
-94.9443,38.0862#46.93#27.72#25.35
-94.8879,38.0862#46.93#27.72#25.35
-94.8314,38.0861#46.93#27.72#25.35
-94.7749,38.0861#46.93#27.72#25.35
-94.7185,38.086#46.93#27.72#25.35
-94.662,38.0859#46.93#27.72#25.35
-94.6056,38.0857#46.93#27.72#25.35
-94.5491,38.0856#46.93#27.72#25.35
-94.4926,38.0855#46.93#27.72#25.35
-94.4362,38.0853#46.93#27.72#25.35
-94.3797,38.0851#46.93#27.72#25.35
-94.3233,38.0849#46.93#27.72#25.35
-94.2668,38.0846#46.93#27.72#25.35
-94.2103,38.0844#46.93#27.72#25.35
-94.1539,38.0841#46.93#27.72#25.35
-94.0974,38.0838#46.93#27.72#25.35
-94.041,38.0835#46.93#27.72#25.35
-93.9845,38.0832#46.93#27.72#25.35
-93.928,38.0829#46.93#27.73#25.34
-93.8716,38.0825#46.93#27.73#25.34
-93.8151,38.0821#46.93#27.73#25.34
-93.7587,38.0817#46.93#27.73#25.34
-93.7022,38.0813#46.93#27.73#25.34
-93.6458,38.0809#46.93#27.73#25.34
-93.5893,38.0804#46.93#27.73#25.34
-93.5329,38.08#46.93#27.73#25.34
-93.4764,38.0795#46.93#27.73#25.34
-93.4199,38.079#46.93#27.73#25.34
-93.3635,38.0784#46.93#27.73#25.34
-93.307,38.0779#46.93#27.74#25.33
-93.2506,38.0773#46.92#27.74#25.34
-93.1941,38.0767#46.92#27.74#25.34
-93.1377,38.0761#46.92#27.74#25.34
-93.0812,38.0755#46.92#27.74#25.34
-93.0248,38.0749#46.92#27.74#25.34
-92.9683,38.0742#46.92#27.74#25.34
-92.9119,38.0735#46.92#27.74#25.34
-92.8554,38.0728#46.91#27.74#25.35
-92.799,38.0721#46.91#27.74#25.35
-92.7426,38.0714#46.91#27.75#25.34
-92.6861,38.0707#46.9#27.75#25.35
-92.6297,38.0699#46.9#27.75#25.35
-92.5732,38.0691#46.9#27.75#25.35
-92.5168,38.0683#46.89#27.75#25.36
-92.4603,38.0675#46.88#27.75#25.37
-92.4039,38.0666#46.86#27.75#25.39
-92.3475,38.0658#46.85#27.75#25.4
-92.291,38.0649#46.83#27.76#25.41
-92.2346,38.064#46.82#27.76#25.42
-92.1781,38.0631#46.8#27.76#25.44
-92.1217,38.0621#46.78#27.76#25.46
-92.0653,38.0612#46.77#27.76#25.47
-92.0088,38.0602#46.75#27.76#25.49
-91.9524,38.0592#46.67#27.76#25.57
-91.896,38.0582#46.58#27.76#25.66
-91.8395,38.0572#46.49#27.77#25.74
-91.7831,38.0562#46.41#27.77#25.82
-91.7267,38.0551#46.32#27.77#25.91
-91.6703,38.054#46.23#27.77#26
-91.6138,38.0529#46.14#27.77#26.09
-91.5574,38.0518#46.05#27.77#26.18
-91.501,38.0506#45.96#27.77#26.27
-91.4446,38.0495#45.79#27.78#26.43
-91.3881,38.0483#45.61#27.78#26.61
-91.3317,38.0471#45.43#27.78#26.79
-91.2753,38.0459#45.26#27.78#26.96
-91.2189,38.0447#45.08#27.78#27.14
-91.1625,38.0434#44.91#27.78#27.31
-91.106,38.0422#44.73#27.78#27.49
-91.0496,38.0409#44.55#27.79#27.66
-90.9932,38.0396#44.38#27.79#27.83
-90.9368,38.0383#44.19#27.79#28.02
-90.8804,38.0369#44#27.79#28.21
-90.824,38.0356#43.82#27.79#28.39
-90.7676,38.0342#43.63#27.79#28.58
-90.7112,38.0328#43.44#27.79#28.77
-90.6548,38.0314#43.26#27.8#28.94
-90.5984,38.0299#43.07#27.8#29.13
-90.542,38.0285#42.88#27.8#29.32
-90.4856,38.027#42.67#27.8#29.53
-90.4292,38.0255#42.37#27.8#29.83
-90.3728,38.024#42.07#27.8#30.13
-90.3164,38.0225#41.78#27.81#30.41
-90.26,38.0209#41.48#27.81#30.71
-90.2036,38.0194#41.18#27.81#31.01
-90.1472,38.0178#40.89#27.81#31.3
-90.0908,38.0162#40.59#27.81#31.6
-90.0344,38.0146#40.29#27.81#31.9
-89.9781,38.0129#40.01#27.82#32.17
-89.9217,38.0113#39.75#27.82#32.43
-89.8653,38.0096#39.49#27.82#32.69
-89.8089,38.0079#39.23#27.82#32.95
-89.7525,38.0062#38.97#27.82#33.21
-89.6962,38.0045#38.71#27.82#33.47
-89.6398,38.0027#38.45#27.83#33.72
-89.5834,38.001#38.19#27.83#33.98
-89.527,37.9992#37.93#27.83#34.24
-89.4707,37.9974#37.68#27.83#34.49
-89.4143,37.9956#37.42#27.83#34.75
-89.358,37.9937#37.17#27.83#35
-89.3016,37.9919#36.92#27.84#35.24
-89.2452,37.99#36.66#27.84#35.5
-89.1889,37.9881#36.41#27.84#35.75
-89.1325,37.9862#36.15#27.84#36.01
-89.0762,37.9842#35.9#27.84#36.26
-89.0198,37.9823#35.64#27.85#36.51
-88.9635,37.9803#35.39#27.85#36.76
-88.9071,37.9783#35.13#27.85#37.02
-88.8508,37.9763#34.88#27.85#37.27
-88.7944,37.9743#34.63#27.85#37.52
-88.7381,37.9722#34.37#27.86#37.77
-88.6817,37.9702#34.12#27.86#38.02
-88.6254,37.9681#33.86#27.86#38.28
-88.5691,37.966#33.61#27.86#38.53
-88.5127,37.9639#33.35#27.87#38.78
-88.4564,37.9618#33.16#27.87#38.97
-88.4001,37.9596#32.99#27.88#39.13
-88.3437,37.9574#32.82#27.89#39.29
-88.2874,37.9552#32.64#27.9#39.46
-88.2311,37.953#32.47#27.91#39.62
-88.1748,37.9508#32.3#27.92#39.78
-88.1185,37.9485#32.12#27.92#39.96
-88.0622,37.9463#31.95#27.93#40.12
-88.0058,37.944#31.77#27.94#40.29
-87.9495,37.9417#31.63#27.95#40.42
-87.8932,37.9394#31.48#27.97#40.55
-87.8369,37.937#31.34#27.98#40.68
-87.7806,37.9347#31.19#27.99#40.82
-87.7243,37.9323#31.05#28#40.95
-87.668,37.9299#30.9#28.01#41.09
-87.6117,37.9275#30.76#28.03#41.21
-87.5554,37.9251#30.62#28.04#41.34
-87.4991,37.9226#30.47#28.05#41.48
-87.4429,37.9201#30.35#28.06#41.59
-87.3866,37.9177#30.23#28.07#41.7
-87.3303,37.9152#30.11#28.08#41.81
-87.274,37.9126#29.99#28.09#41.92
-87.2177,37.9101#29.87#28.1#42.03
-87.1615,37.9075#29.75#28.11#42.14
-87.1052,37.9049#29.63#28.12#42.25
-87.0489,37.9024#29.51#28.13#42.36
-103.856,37.9026#46.93#26.13#26.94
-103.8,37.9055#46.93#26.13#26.94
-103.744,37.9084#46.93#26.13#26.94
-103.687,37.9112#46.93#26.14#26.93
-103.631,37.9141#46.93#26.15#26.92
-103.575,37.9169#46.93#26.15#26.92
-103.519,37.9197#46.93#26.16#26.91
-103.462,37.9225#46.93#26.18#26.89
-103.406,37.9252#46.93#26.21#26.86
-103.35,37.928#46.93#26.24#26.83
-103.294,37.9307#46.93#26.27#26.8
-103.237,37.9334#46.93#26.3#26.77
-103.181,37.9361#46.93#26.33#26.74
-103.125,37.9388#46.93#26.36#26.71
-103.069,37.9414#46.93#26.39#26.68
-103.012,37.9441#46.93#26.42#26.65
-102.956,37.9467#46.93#26.47#26.6
-102.9,37.9493#46.93#26.52#26.55
-102.843,37.9519#46.93#26.57#26.5
-102.787,37.9544#46.93#26.62#26.45
-102.731,37.957#46.93#26.67#26.4
-102.674,37.9595#46.93#26.72#26.35
-102.618,37.962#46.93#26.77#26.3
-102.562,37.9645#46.93#26.82#26.25
-102.506,37.967#46.93#26.87#26.2
-102.449,37.9694#46.93#26.91#26.16
-102.393,37.9718#46.93#26.95#26.12
-102.337,37.9743#46.93#26.99#26.08
-102.28,37.9767#46.93#27.03#26.04
-102.224,37.979#46.93#27.07#26
-102.168,37.9814#46.93#27.11#25.96
-102.111,37.9837#46.93#27.15#25.92
-102.055,37.9861#46.93#27.19#25.88
-101.999,37.9884#46.93#27.23#25.84
-101.942,37.9906#46.93#27.24#25.83
-101.886,37.9929#46.93#27.25#25.82
-101.83,37.9952#46.93#27.27#25.8
-101.773,37.9974#46.93#27.28#25.79
-101.717,37.9996#46.93#27.29#25.78
-101.661,38.0018#46.93#27.31#25.76
-101.604,38.004#46.93#27.32#25.75
-101.548,38.0061#46.93#27.33#25.74
-101.492,38.0083#46.93#27.34#25.73
-101.435,38.0104#46.93#27.35#25.72
-101.379,38.0125#46.93#27.35#25.72
-101.322,38.0146#46.93#27.36#25.71
-101.266,38.0166#46.93#27.36#25.71
-101.21,38.0187#46.93#27.37#25.7
-101.153,38.0207#46.93#27.38#25.69
-101.097,38.0227#46.93#27.38#25.69
-101.041,38.0247#46.93#27.39#25.68
-100.984,38.0267#46.93#27.39#25.68
-100.928,38.0286#46.93#27.39#25.68
-100.871,38.0305#46.93#27.39#25.68
-100.815,38.0325#46.93#27.39#25.68
-100.759,38.0344#46.93#27.39#25.68
-100.702,38.0362#46.93#27.39#25.68
-100.646,38.0381#46.93#27.39#25.68
-100.59,38.0399#46.93#27.39#25.68
-100.533,38.0418#46.93#27.39#25.68
-100.477,38.0436#46.93#27.4#25.67
-100.42,38.0453#46.93#27.41#25.66
-100.364,38.0471#46.93#27.42#25.65
-100.308,38.0489#46.93#27.43#25.64
-100.251,38.0506#46.93#27.44#25.63
-100.195,38.0523#46.93#27.45#25.62
-100.138,38.054#46.93#27.46#25.61
-100.082,38.0557#46.93#27.47#25.6
-100.026,38.0573#46.93#27.48#25.59
-99.9692,38.059#46.93#27.56#25.51
-99.9128,38.0606#46.93#27.69#25.38
-99.8564,38.0622#46.93#27.81#25.26
-99.8,38.0638#46.93#27.94#25.13
-99.7435,38.0653#46.93#28.07#25
-99.6871,38.0669#46.93#28.2#24.87
-99.6307,38.0684#46.93#28.33#24.74
-99.5743,38.0699#46.93#28.45#24.62
-99.5179,38.0714#46.93#28.58#24.49
-99.4614,38.0729#46.93#28.72#24.35
-99.405,38.0743#46.93#28.87#24.2
-99.3486,38.0758#46.93#29.01#24.06
-99.2922,38.0772#46.93#29.15#23.92
-99.2357,38.0786#46.93#29.3#23.77
-99.1793,38.08#46.93#29.44#23.63
-99.1229,38.0813#46.93#29.58#23.49
-99.0664,38.0827#46.93#29.73#23.34
-99.01,38.084#46.93#29.87#23.2
-98.9536,38.0853#46.93#29.95#23.12
-98.8971,38.0866#46.93#30.02#23.05
-98.8407,38.0878#46.93#30.09#22.98
-98.7843,38.0891#46.93#30.16#22.91
-98.7278,38.0903#46.93#30.23#22.84
-98.6714,38.0915#46.93#30.29#22.78
-98.6149,38.0927#46.93#30.36#22.71
-98.5585,38.0939#46.93#30.43#22.64
-98.502,38.0951#46.93#30.5#22.57
-98.4456,38.0962#46.93#30.39#22.68
-98.3891,38.0973#46.93#30.28#22.79
-98.3327,38.0984#46.93#30.17#22.9
-98.2762,38.0995#46.93#30.07#23
-98.2198,38.1006#46.93#29.96#23.11
-98.1633,38.1016#46.93#29.85#23.22
-98.1069,38.1026#46.93#29.74#23.33
-98.0504,38.1037#46.93#29.63#23.44
-97.994,38.1046#46.93#29.52#23.55
-97.9375,38.1056#46.93#29.39#23.68
-97.8811,38.1066#46.93#29.26#23.81
-97.8246,38.1075#46.93#29.13#23.94
-97.7681,38.1084#46.93#29#24.07
-97.7117,38.1093#46.93#28.87#24.2
-97.6552,38.1102#46.93#28.74#24.33
-97.5987,38.1111#46.93#28.6#24.47
-97.5423,38.1119#46.93#28.47#24.6
-97.4858,38.1127#46.93#28.36#24.71
-97.4294,38.1135#46.93#28.32#24.75
-97.3729,38.1143#46.93#28.27#24.8
-97.3164,38.1151#46.93#28.22#24.85
-97.2599,38.1158#46.93#28.17#24.9
-97.2035,38.1166#46.93#28.12#24.95
-97.147,38.1173#46.93#28.07#25
-97.0905,38.118#46.93#28.02#25.05
-97.0341,38.1186#46.93#27.98#25.09
-96.9776,38.1193#46.93#27.94#25.13
-96.9211,38.1199#46.93#27.92#25.15
-96.8646,38.1206#46.93#27.9#25.17
-96.8082,38.1212#46.93#27.89#25.18
-96.7517,38.1217#46.93#27.87#25.2
-96.6952,38.1223#46.93#27.85#25.22
-96.6387,38.1229#46.93#27.83#25.24
-96.5823,38.1234#46.93#27.82#25.25
-96.5258,38.1239#46.93#27.8#25.27
-96.4693,38.1244#46.93#27.79#25.28
-96.4128,38.1249#46.93#27.78#25.29
-96.3564,38.1253#46.93#27.77#25.3
-96.2999,38.1257#46.93#27.77#25.3
-96.2434,38.1262#46.93#27.76#25.31
-96.1869,38.1266#46.93#27.76#25.31
-96.1304,38.1269#46.93#27.75#25.32
-96.074,38.1273#46.93#27.74#25.33
-96.0175,38.1276#46.93#27.74#25.33
-95.961,38.128#46.93#27.73#25.34
-95.9045,38.1283#46.93#27.73#25.34
-95.848,38.1286#46.93#27.73#25.34
-95.7916,38.1288#46.93#27.73#25.34
-95.7351,38.1291#46.93#27.73#25.34
-95.6786,38.1293#46.93#27.72#25.35
-95.6221,38.1295#46.93#27.72#25.35
-95.5656,38.1297#46.93#27.72#25.35
-95.5091,38.1299#46.93#27.72#25.35
-95.4527,38.1301#46.93#27.72#25.35
-95.3962,38.1302#46.93#27.72#25.35
-95.3397,38.1303#46.93#27.72#25.35
-95.2832,38.1304#46.93#27.72#25.35
-95.2267,38.1305#46.93#27.72#25.35
-95.1702,38.1306#46.93#27.72#25.35
-95.1137,38.1306#46.93#27.72#25.35
-95.0573,38.1306#46.93#27.72#25.35
-95.0008,38.1307#46.93#27.72#25.35
-94.9443,38.1306#46.93#27.72#25.35
-94.8878,38.1306#46.93#27.72#25.35
-94.8313,38.1306#46.93#27.72#25.35
-94.7748,38.1305#46.93#27.72#25.35
-94.7184,38.1304#46.93#27.72#25.35
-94.6619,38.1303#46.93#27.72#25.35
-94.6054,38.1302#46.93#27.72#25.35
-94.5489,38.1301#46.93#27.72#25.35
-94.4924,38.1299#46.93#27.72#25.35
-94.4359,38.1297#46.93#27.72#25.35
-94.3795,38.1295#46.93#27.72#25.35
-94.323,38.1293#46.93#27.72#25.35
-94.2665,38.1291#46.93#27.72#25.35
-94.21,38.1288#46.93#27.72#25.35
-94.1535,38.1286#46.93#27.72#25.35
-94.097,38.1283#46.93#27.72#25.35
-94.0406,38.128#46.93#27.72#25.35
-93.9841,38.1277#46.93#27.72#25.35
-93.9276,38.1273#46.93#27.72#25.35
-93.8711,38.127#46.93#27.72#25.35
-93.8146,38.1266#46.93#27.73#25.34
-93.7582,38.1262#46.93#27.73#25.34
-93.7017,38.1258#46.93#27.73#25.34
-93.6452,38.1253#46.93#27.73#25.34
-93.5887,38.1249#46.93#27.73#25.34
-93.5322,38.1244#46.93#27.73#25.34
-93.4758,38.1239#46.93#27.73#25.34
-93.4193,38.1234#46.93#27.73#25.34
-93.3628,38.1229#46.93#27.73#25.34
-93.3063,38.1223#46.93#27.73#25.34
-93.2499,38.1218#46.93#27.73#25.34
-93.1934,38.1212#46.92#27.74#25.34
-93.1369,38.1206#46.92#27.74#25.34
-93.0804,38.12#46.92#27.74#25.34
-93.024,38.1193#46.92#27.74#25.34
-92.9675,38.1187#46.92#27.74#25.34
-92.911,38.118#46.92#27.74#25.34
-92.8546,38.1173#46.92#27.74#25.34
-92.7981,38.1166#46.91#27.74#25.35
-92.7416,38.1159#46.91#27.74#25.35
-92.6851,38.1151#46.91#27.75#25.34
-92.6287,38.1143#46.9#27.75#25.35
-92.5722,38.1135#46.9#27.75#25.35
-92.5157,38.1127#46.9#27.75#25.35
-92.4593,38.1119#46.89#27.75#25.36
-92.4028,38.1111#46.87#27.75#25.38
-92.3464,38.1102#46.85#27.75#25.4
-92.2899,38.1093#46.84#27.75#25.41
-92.2334,38.1084#46.82#27.75#25.43
-92.177,38.1075#46.81#27.76#25.43
-92.1205,38.1066#46.79#27.76#25.45
-92.064,38.1056#46.77#27.76#25.47
