-97.4065,26.9004#28.6#37.47#33.93
-97.3553,26.9012#28.57#37.67#33.76
-97.3042,26.902#28.55#37.88#33.57
-97.253,26.9027#28.53#38.08#33.39
-97.2018,26.9035#28.5#38.28#33.22
-97.1506,26.9042#28.48#38.49#33.03
-97.0995,26.9049#28.46#38.69#32.85
-97.0483,26.9056#28.43#38.89#32.68
-96.9971,26.9063#28.41#39.1#32.49
-96.9459,26.907#28.39#39.33#32.28
-96.8947,26.9076#28.36#39.56#32.08
-96.8435,26.9082#28.34#39.8#31.86
-96.7924,26.9089#28.32#40.03#31.65
-96.7412,26.9094#28.29#40.26#31.45
-96.69,26.91#28.27#40.5#31.23
-96.6388,26.9106#28.25#40.73#31.02
-96.5876,26.9111#28.22#40.96#30.82
-96.5364,26.9117#28.2#41.2#30.6
-96.4852,26.9122#28.18#41.42#30.4
-96.4341,26.9127#28.17#41.62#30.21
-96.3829,26.9131#28.15#41.82#30.03
-96.3317,26.9136#28.14#42.02#29.84
-96.2805,26.914#28.13#42.22#29.65
-96.2293,26.9145#28.11#42.42#29.47
-96.1781,26.9149#28.1#42.62#29.28
-96.1269,26.9152#28.09#42.82#29.09
-96.0757,26.9156#28.07#43.02#28.91
-96.0245,26.916#28.06#43.22#28.72
-95.9734,26.9163#28.05#43.36#28.59
-95.9222,26.9166#28.05#43.46#28.49
-95.871,26.9169#28.04#43.55#28.41
-95.8198,26.9172#28.03#43.65#28.32
-95.7686,26.9175#28.03#43.74#28.23
-95.7174,26.9177#28.02#43.84#28.14
-95.6662,26.918#28.02#43.93#28.05
-95.615,26.9182#28.01#44.03#27.96
-95.5638,26.9184#28#44.12#27.88
-95.5126,26.9186#28#44.22#27.78
-95.4614,26.9187#28#44.33#27.67
-95.4102,26.9189#27.99#44.44#27.57
-95.3591,26.919#27.99#44.55#27.46
-95.3079,26.9191#27.99#44.66#27.35
-95.2567,26.9192#27.98#44.77#27.25
-95.2055,26.9193#27.98#44.89#27.13
-95.1543,26.9193#27.98#45#27.02
-95.1031,26.9194#27.97#45.11#26.92
-95.0519,26.9194#27.97#45.22#26.81
-95.0007,26.9194#27.97#45.33#26.7
-94.9495,26.9194#27.97#45.41#26.62
-94.8983,26.9194#27.96#45.48#26.56
-94.8471,26.9193#27.96#45.56#26.48
-94.7959,26.9193#27.96#45.63#26.41
-94.7447,26.9192#27.96#45.71#26.33
-94.6936,26.9191#27.96#45.78#26.26
-94.6424,26.919#27.96#45.86#26.18
-94.5912,26.9189#27.95#45.93#26.12
-94.54,26.9187#27.95#46.01#26.04
-94.4888,26.9186#27.95#46.07#25.98
-94.4376,26.9184#27.95#46.11#25.94
-94.3864,26.9182#27.95#46.15#25.9
-94.3352,26.918#27.95#46.2#25.85
-94.284,26.9177#27.95#46.24#25.81
-94.2328,26.9175#27.94#46.28#25.78
-94.1816,26.9172#27.94#46.32#25.74
-94.1304,26.9169#27.94#46.36#25.7
-94.0792,26.9166#27.94#46.4#25.66
-94.0281,26.9163#27.94#46.44#25.62
-93.9769,26.916#27.94#46.47#25.59
-93.9257,26.9156#27.94#46.49#25.57
-93.8745,26.9153#27.94#46.51#25.55
-93.8233,26.9149#27.94#46.53#25.53
-93.7721,26.9145#27.93#46.56#25.51
-93.7209,26.914#27.93#46.58#25.49
-93.6697,26.9136#27.93#46.6#25.47
-93.6185,26.9131#27.93#46.62#25.45
-93.5674,26.9127#27.93#46.64#25.43
-93.5162,26.9122#27.93#46.66#25.41
-93.465,26.9117#27.93#46.67#25.4
-93.4138,26.9111#27.93#46.69#25.38
-93.3626,26.9106#27.93#46.7#25.37
-93.3114,26.91#27.92#46.71#25.37
-93.2602,26.9095#27.92#46.72#25.36
-93.2091,26.9089#27.92#46.73#25.35
-93.1579,26.9083#27.92#46.74#25.34
-93.1067,26.9076#27.92#46.75#25.33
-93.0555,26.907#27.92#46.77#25.31
-93.0043,26.9063#27.92#46.78#25.3
-92.9531,26.9056#27.92#46.78#25.3
-92.902,26.9049#27.92#46.79#25.29
-92.8508,26.9042#27.92#46.8#25.28
-92.7996,26.9035#27.91#46.8#25.29
-92.7484,26.9027#27.91#46.81#25.28
-92.6972,26.902#27.91#46.82#25.27
-92.6461,26.9012#27.91#46.82#25.27
-92.5949,26.9004#27.91#46.83#25.26
-99.4034,26.9013#28.71#31.18#40.11
-99.3523,26.9028#28.72#31.26#40.02
-99.3011,26.9042#28.74#31.35#39.91
-99.2499,26.9057#28.75#31.44#39.81
-99.1988,26.9071#28.77#31.52#39.71
-99.1476,26.9085#28.78#31.61#39.61
-99.0964,26.9099#28.8#31.7#39.5
-99.0453,26.9113#28.81#31.78#39.41
-98.9941,26.9126#28.83#31.87#39.3
-98.9429,26.914#28.83#31.93#39.24
-98.8918,26.9153#28.84#32#39.16
-98.8406,26.9166#28.84#32.07#39.09
-98.7894,26.9179#28.84#32.13#39.03
-98.7383,26.9191#28.85#32.2#38.95
-98.6871,26.9204#28.85#32.27#38.88
-98.6359,26.9216#28.86#32.33#38.81
-98.5847,26.9228#28.86#32.4#38.74
-98.5336,26.924#28.87#32.47#38.66
-98.4824,26.9252#28.87#32.59#38.54
-98.4312,26.9264#28.86#32.81#38.33
-98.38,26.9275#28.86#33.03#38.11
-98.3288,26.9286#28.85#33.25#37.9
-98.2777,26.9298#28.85#33.48#37.67
-98.2265,26.9309#28.84#33.7#37.46
-98.1753,26.9319#28.84#33.92#37.24
-98.1241,26.933#28.83#34.14#37.03
-98.0729,26.934#28.83#34.36#36.81
-98.0217,26.9351#28.82#34.58#36.6
-97.9705,26.9361#28.81#34.8#36.39
-97.9194,26.9371#28.79#35.02#36.19
-97.8682,26.938#28.78#35.25#35.97
-97.817,26.939#28.76#35.47#35.77
-97.7658,26.9399#28.75#35.69#35.56
-97.7146,26.9409#28.73#35.91#35.36
-97.6634,26.9418#28.72#36.14#35.14
-97.6122,26.9426#28.7#36.36#34.94
-97.561,26.9435#28.69#36.58#34.73
-97.5098,26.9444#28.67#36.81#34.52
-97.4586,26.9452#28.65#37.01#34.34
-97.4074,26.946#28.63#37.22#34.15
-97.3562,26.9468#28.61#37.42#33.97
-97.305,26.9476#28.59#37.62#33.79
-97.2538,26.9484#28.56#37.83#33.61
-97.2026,26.9491#28.54#38.03#33.43
-97.1514,26.9499#28.52#38.24#33.24
-97.1002,26.9506#28.5#38.44#33.06
-97.049,26.9513#28.47#38.64#32.89
-96.9978,26.952#28.45#38.85#32.7
-96.9466,26.9526#28.43#39.08#32.49
-96.8954,26.9533#28.41#39.3#32.29
-96.8442,26.9539#28.38#39.53#32.09
-96.793,26.9545#28.36#39.76#31.88
-96.7418,26.9551#28.34#39.99#31.67
-96.6906,26.9557#28.31#40.22#31.47
-96.6394,26.9562#28.29#40.45#31.26
-96.5882,26.9568#28.27#40.67#31.06
-96.537,26.9573#28.24#40.9#30.86
-96.4858,26.9578#28.22#41.12#30.66
-96.4346,26.9583#28.21#41.32#30.47
-96.3834,26.9588#28.19#41.52#30.29
-96.3322,26.9592#28.18#41.71#30.11
-96.281,26.9597#28.17#41.91#29.92
-96.2298,26.9601#28.15#42.11#29.74
-96.1786,26.9605#28.14#42.31#29.55
-96.1274,26.9609#28.12#42.51#29.37
-96.0761,26.9613#28.11#42.7#29.19
-96.0249,26.9616#28.1#42.9#29
-95.9737,26.962#28.09#43.05#28.86
-95.9225,26.9623#28.08#43.16#28.76
-95.8713,26.9626#28.07#43.27#28.66
-95.8201,26.9629#28.07#43.38#28.55
-95.7689,26.9631#28.06#43.49#28.45
-95.7177,26.9634#28.05#43.59#28.36
-95.6665,26.9636#28.05#43.7#28.25
-95.6153,26.9638#28.04#43.81#28.15
-95.564,26.964#28.03#43.92#28.05
-95.5128,26.9642#28.03#44.03#27.94
-95.4616,26.9644#28.02#44.15#27.83
-95.4104,26.9645#28.02#44.26#27.72
-95.3592,26.9647#28.02#44.38#27.6
-95.308,26.9648#28.01#44.5#27.49
-95.2568,26.9649#28.01#44.62#27.37
-95.2056,26.9649#28.01#44.74#27.25
-95.1543,26.965#28#44.86#27.14
-95.1031,26.965#28#44.98#27.02
-95.0519,26.9651#28#45.1#26.9
-95.0007,26.9651#27.99#45.22#26.79
-94.9495,26.9651#27.99#45.29#26.72
-94.8983,26.965#27.99#45.37#26.64
-94.8471,26.965#27.99#45.44#26.57
-94.7959,26.9649#27.99#45.52#26.49
-94.7446,26.9649#27.98#45.59#26.43
-94.6934,26.9648#27.98#45.67#26.35
-94.6422,26.9647#27.98#45.74#26.28
-94.591,26.9645#27.98#45.82#26.2
-94.5398,26.9644#27.98#45.89#26.13
-94.4886,26.9642#27.98#45.96#26.06
-94.4374,26.964#27.97#46#26.03
-94.3862,26.9638#27.97#46.05#25.98
-94.335,26.9636#27.97#46.1#25.93
-94.2837,26.9634#27.97#46.14#25.89
-94.2325,26.9631#27.97#46.19#25.84
-94.1813,26.9629#27.97#46.23#25.8
-94.1301,26.9626#27.97#46.28#25.75
-94.0789,26.9623#27.96#46.32#25.72
-94.0277,26.962#27.96#46.37#25.67
-93.9765,26.9616#27.96#46.41#25.63
-93.9253,26.9613#27.96#46.43#25.61
-93.8741,26.9609#27.96#46.45#25.59
-93.8229,26.9605#27.96#46.48#25.56
-93.7716,26.9601#27.96#46.5#25.54
-93.7204,26.9597#27.96#46.52#25.52
-93.6692,26.9593#27.96#46.55#25.49
-93.618,26.9588#27.95#46.57#25.48
-93.5668,26.9583#27.95#46.6#25.45
-93.5156,26.9578#27.95#46.62#25.43
-93.4644,26.9573#27.95#46.64#25.41
-93.4132,26.9568#27.95#46.65#25.4
-93.362,26.9563#27.95#46.66#25.39
-93.3108,26.9557#27.95#46.68#25.37
-93.2596,26.9551#27.95#46.69#25.36
-93.2084,26.9545#27.95#46.7#25.35
-93.1572,26.9539#27.95#46.72#25.33
-93.106,26.9533#27.94#46.73#25.33
-93.0548,26.9526#27.94#46.74#25.32
-93.0036,26.952#27.94#46.76#25.3
-92.9524,26.9513#27.94#46.76#25.3
-92.9012,26.9506#27.94#46.77#25.29
-92.85,26.9499#27.94#46.78#25.28
-92.7988,26.9492#27.94#46.79#25.27
-92.7476,26.9484#27.94#46.79#25.27
-92.6964,26.9476#27.94#46.8#25.26
-92.6452,26.9469#27.94#46.81#25.25
-92.594,26.9461#27.93#46.82#25.25
-92.5428,26.9452#27.93#46.82#25.25
-92.4916,26.9444#27.93#46.83#25.24
-92.4404,26.9435#27.93#46.83#25.24
-92.3892,26.9427#27.93#46.84#25.23
-92.338,26.9418#27.93#46.84#25.23
-92.2868,26.9409#27.93#46.84#25.23
-92.2356,26.94#27.93#46.85#25.22
-92.1844,26.939#27.93#46.85#25.22
-92.1332,26.9381#27.93#46.86#25.21
-92.0821,26.9371#27.92#46.86#25.22
-92.0309,26.9361#27.92#46.86#25.22
-91.9797,26.9351#27.92#46.87#25.21
-91.9285,26.9341#27.92#46.87#25.21
-91.8773,26.933#27.92#46.87#25.21
-91.8261,26.932#27.92#46.87#25.21
-91.7749,26.9309#27.92#46.87#25.21
-91.7238,26.9298#27.92#46.88#25.2
-91.6726,26.9287#27.92#46.88#25.2
-91.6214,26.9275#27.92#46.88#25.2
-91.5702,26.9264#27.91#46.88#25.21
-91.519,26.9252#27.91#46.88#25.21
-91.4679,26.9241#27.91#46.89#25.2
-91.4167,26.9229#27.91#46.89#25.2
-91.3655,26.9216#27.91#46.89#25.2
-91.3143,26.9204#27.91#46.89#25.2
-91.2632,26.9192#27.91#46.89#25.2
-91.212,26.9179#27.91#46.89#25.2
-91.1608,26.9166#27.91#46.89#25.2
-91.1096,26.9153#27.9#46.89#25.21
-91.0585,26.914#27.9#46.89#25.21
-91.0073,26.9127#27.9#46.89#25.21
-90.9561,26.9113#27.9#46.89#25.21
-90.905,26.9099#27.9#46.89#25.21
-90.8538,26.9086#27.9#46.89#25.21
-90.8026,26.9071#27.9#46.89#25.21
-90.7515,26.9057#27.9#46.89#25.21
-90.7003,26.9043#27.89#46.89#25.22
-90.6492,26.9028#27.89#46.89#25.22
-90.598,26.9014#27.89#46.89#25.22
-100.786,26.9006#28.23#29.85#41.92
-100.735,26.9026#28.25#29.93#41.82
-100.684,26.9045#28.26#30.01#41.73
-100.633,26.9064#28.27#30.08#41.65
-100.582,26.9083#28.28#30.16#41.56
-100.531,26.9102#28.29#30.23#41.48
-100.48,26.912#28.31#30.3#41.39
-100.428,26.9139#28.32#30.35#41.33
-100.377,26.9157#28.34#30.4#41.26
-100.326,26.9175#28.35#30.45#41.2
-100.275,26.9193#28.37#30.5#41.13
-100.224,26.921#28.38#30.55#41.07
-100.173,26.9228#28.4#30.59#41.01
-100.121,26.9245#28.41#30.64#40.95
-100.07,26.9262#28.43#30.68#40.89
-100.019,26.9279#28.45#30.73#40.82
-99.968,26.9296#28.47#30.75#40.78
-99.9168,26.9313#28.49#30.77#40.74
-99.8656,26.9329#28.51#30.79#40.7
-99.8145,26.9345#28.54#30.8#40.66
-99.7633,26.9362#28.56#30.82#40.62
-99.7121,26.9377#28.58#30.83#40.59
-99.661,26.9393#28.61#30.85#40.54
-99.6098,26.9409#28.63#30.86#40.51
-99.5586,26.9424#28.65#30.88#40.47
-99.5074,26.944#28.68#30.89#40.43
-99.4563,26.9455#28.69#30.96#40.35
-99.4051,26.947#28.71#31.05#40.24
-99.3539,26.9484#28.72#31.14#40.14
-99.3027,26.9499#28.74#31.22#40.04
-99.2515,26.9513#28.75#31.31#39.94
-99.2004,26.9527#28.77#31.39#39.84
-99.1492,26.9542#28.79#31.48#39.73
-99.098,26.9555#28.8#31.56#39.64
-99.0468,26.9569#28.82#31.64#39.54
-98.9956,26.9583#28.83#31.73#39.44
-98.9444,26.9596#28.84#31.79#39.37
-98.8932,26.9609#28.84#31.86#39.3
-98.8421,26.9622#28.85#31.93#39.22
-98.7909,26.9635#28.85#32#39.15
-98.7397,26.9648#28.86#32.06#39.08
-98.6885,26.966#28.87#32.13#39
-98.6373,26.9673#28.87#32.2#38.93
-98.5861,26.9685#28.88#32.26#38.86
-98.5349,26.9697#28.88#32.33#38.79
-98.4837,26.9709#28.88#32.44#38.68
-98.4325,26.972#28.88#32.66#38.46
-98.3813,26.9732#28.88#32.87#38.25
-98.3301,26.9743#28.87#33.08#38.05
-98.2789,26.9754#28.87#33.3#37.83
-98.2277,26.9765#28.86#33.51#37.63
-98.1765,26.9776#28.86#33.72#37.42
-98.1253,26.9786#28.85#33.93#37.22
-98.0741,26.9797#28.85#34.14#37.01
-98.0229,26.9807#28.84#34.35#36.81
-97.9717,26.9817#28.83#34.57#36.6
-97.9205,26.9827#28.82#34.79#36.39
-97.8693,26.9837#28.81#35.01#36.18
-97.818,26.9846#28.79#35.23#35.98
-97.7668,26.9856#28.78#35.45#35.77
-97.7156,26.9865#28.76#35.67#35.57
-97.6644,26.9874#28.75#35.89#35.36
-97.6132,26.9883#28.74#36.11#35.15
-97.562,26.9892#28.72#36.33#34.95
-97.5108,26.99#28.71#36.55#34.74
-97.4596,26.9909#28.69#36.76#34.55
-97.4083,26.9917#28.67#36.96#34.37
-97.3571,26.9925#28.64#37.17#34.19
-97.3059,26.9933#28.62#37.37#34.01
-97.2547,26.994#28.6#37.58#33.82
-97.2035,26.9948#28.58#37.78#33.64
-97.1523,26.9955#28.56#37.98#33.46
-97.101,26.9962#28.54#38.19#33.27
-97.0498,26.9969#28.51#38.39#33.1
-96.9986,26.9976#28.49#38.6#32.91
-96.9474,26.9983#28.47#38.82#32.71
-96.8962,26.9989#28.45#39.04#32.51
-96.8449,26.9996#28.42#39.27#32.31
-96.7937,27.0002#28.4#39.49#32.11
-96.7425,27.0008#28.38#39.71#31.91
-96.6913,27.0013#28.35#39.94#31.71
-96.64,27.0019#28.33#40.16#31.51
-96.5888,27.0024#28.31#40.38#31.31
-96.5376,27.003#28.29#40.61#31.1
-96.4864,27.0035#28.26#40.82#30.92
-96.4351,27.004#28.25#41.02#30.73
-96.3839,27.0044#28.24#41.22#30.54
-96.3327,27.0049#28.22#41.41#30.37
-96.2815,27.0053#28.21#41.61#30.18
-96.2302,27.0058#28.19#41.8#30.01
-96.179,27.0062#28.17#42#29.83
-96.1278,27.0066#28.16#42.19#29.65
-96.0766,27.0069#28.14#42.39#29.47
-96.0253,27.0073#28.13#42.59#29.28
-95.9741,27.0076#28.12#42.75#29.13
-95.9229,27.0079#28.11#42.87#29.02
-95.8716,27.0082#28.1#42.99#28.91
-95.8204,27.0085#28.1#43.11#28.79
-95.7692,27.0088#28.09#43.23#28.68
-95.7179,27.009#28.08#43.35#28.57
-95.6667,27.0093#28.08#43.47#28.45
-95.6155,27.0095#28.07#43.6#28.33
-95.5643,27.0097#28.06#43.72#28.22
-95.513,27.0099#28.05#43.84#28.11
-95.4618,27.01#28.05#43.97#27.98
-95.4106,27.0102#28.05#44.09#27.86
-95.3593,27.0103#28.04#44.22#27.74
-95.3081,27.0104#28.04#44.34#27.62
-95.2569,27.0105#28.04#44.47#27.49
-95.2056,27.0106#28.03#44.59#27.38
-95.1544,27.0107#28.03#44.72#27.25
-95.1032,27.0107#28.03#44.85#27.12
-95.0519,27.0107#28.02#44.97#27.01
-95.0007,27.0107#28.02#45.1#26.88
-94.9495,27.0107#28.02#45.18#26.8
-94.8982,27.0107#28.02#45.25#26.73
-94.847,27.0107#28.01#45.32#26.67
-94.7958,27.0106#28.01#45.4#26.59
-94.7445,27.0105#28.01#45.47#26.52
-94.6933,27.0104#28.01#45.55#26.44
-94.6421,27.0103#28.01#45.62#26.37
-94.5909,27.0102#28#45.7#26.3
-94.5396,27.01#28#45.78#26.22
-94.4884,27.0099#28#45.84#26.16
-94.4372,27.0097#28#45.9#26.1
-94.3859,27.0095#28#45.95#26.05
-94.3347,27.0093#28#46#26
-94.2835,27.0091#27.99#46.05#25.96
-94.2322,27.0088#27.99#46.1#25.91
-94.181,27.0085#27.99#46.15#25.86
-94.1298,27.0083#27.99#46.2#25.81
-94.0786,27.008#27.99#46.25#25.76
-94.0273,27.0076#27.99#46.3#25.71
-93.9761,27.0073#27.99#46.34#25.67
-93.9249,27.0069#27.98#46.37#25.65
-93.8736,27.0066#27.98#46.39#25.63
-93.8224,27.0062#27.98#46.42#25.6
-93.7712,27.0058#27.98#46.45#25.57
-93.72,27.0054#27.98#46.47#25.55
-93.6687,27.0049#27.98#46.5#25.52
-93.6175,27.0045#27.98#46.53#25.49
-93.5663,27.004#27.98#46.55#25.47
-93.515,27.0035#27.98#46.58#25.44
-93.4638,27.003#27.98#46.6#25.42
-93.4126,27.0025#27.97#46.61#25.42
-93.3614,27.0019#27.97#46.63#25.4
-93.3102,27.0014#27.97#46.64#25.39
-93.2589,27.0008#27.97#46.66#25.37
-93.2077,27.0002#27.97#46.67#25.36
-93.1565,26.9996#27.97#46.69#25.34
-93.1053,26.9989#27.97#46.7#25.33
-93.054,26.9983#27.97#46.72#25.31
-93.0028,26.9976#27.97#46.73#25.3
-92.9516,26.997#27.96#46.74#25.3
-92.9004,26.9963#27.96#46.75#25.29
-92.8492,26.9955#27.96#46.76#25.28
-92.7979,26.9948#27.96#46.77#25.27
-92.7467,26.9941#27.96#46.78#25.26
-92.6955,26.9933#27.96#46.78#25.26
-92.6443,26.9925#27.96#46.79#25.25
-92.5931,26.9917#27.96#46.8#25.24
-92.5419,26.9909#27.96#46.81#25.23
-92.4906,26.99#27.96#46.82#25.22
-92.4394,26.9892#27.95#46.82#25.23
-92.3882,26.9883#27.95#46.83#25.22
-92.337,26.9874#27.95#46.83#25.22
-92.2858,26.9865#27.95#46.83#25.22
-92.2346,26.9856#27.95#46.84#25.21
-92.1834,26.9847#27.95#46.84#25.21
-92.1322,26.9837#27.95#46.85#25.2
-92.081,26.9827#27.95#46.85#25.2
-92.0297,26.9817#27.95#46.86#25.19
-91.9785,26.9807#27.95#46.86#25.19
-91.9273,26.9797#27.94#46.86#25.2
-91.8761,26.9787#27.94#46.87#25.19
-91.8249,26.9776#27.94#46.87#25.19
-91.7737,26.9765#27.94#46.87#25.19
-91.7225,26.9754#27.94#46.87#25.19
-91.6713,26.9743#27.94#46.88#25.18
-91.6201,26.9732#27.94#46.88#25.18
-91.5689,26.9721#27.94#46.88#25.18
-91.5177,26.9709#27.94#46.88#25.18
-91.4665,26.9697#27.94#46.88#25.18
-91.4153,26.9685#27.93#46.88#25.19
-91.3641,26.9673#27.93#46.89#25.18
-91.3129,26.9661#27.93#46.89#25.18
-91.2617,26.9648#27.93#46.89#25.18
-91.2106,26.9635#27.93#46.89#25.18
-91.1594,26.9623#27.93#46.89#25.18
-91.1082,26.961#27.93#46.89#25.18
-91.057,26.9596#27.93#46.89#25.18
-91.0058,26.9583#27.93#46.89#25.18
-90.9546,26.9569#27.92#46.89#25.19
-90.9034,26.9556#27.92#46.89#25.19
-90.8522,26.9542#27.92#46.89#25.19
-90.8011,26.9528#27.92#46.89#25.19
-90.7499,26.9514#27.92#46.89#25.19
-90.6987,26.9499#27.92#46.89#25.19
-90.6475,26.9485#27.92#46.89#25.19
-90.5963,26.947#27.91#46.89#25.2
-90.5452,26.9455#27.91#46.89#25.2
-90.494,26.944#27.92#46.89#25.19
-90.4428,26.9425#27.98#46.89#25.13
-90.3916,26.9409#28.04#46.89#25.07
-90.3405,26.9394#28.1#46.89#25.01
-90.2893,26.9378#28.16#46.89#24.95
-90.2381,26.9362#28.22#46.89#24.89
-90.187,26.9346#28.28#46.89#24.83
-90.1358,26.933#28.35#46.89#24.76
-90.0846,26.9313#28.41#46.89#24.7
-90.0335,26.9296#28.47#46.89#24.64
-89.9823,26.928#28.53#46.89#24.58
-89.9311,26.9263#28.59#46.89#24.52
-89.88,26.9246#28.65#46.89#24.46
-89.8288,26.9228#28.71#46.88#24.41
-89.7777,26.9211#28.77#46.88#24.35
-89.7265,26.9193#28.83#46.88#24.29
-89.6754,26.9175#28.89#46.88#24.23
-89.6242,26.9157#28.96#46.88#24.16
-89.5731,26.9139#29.02#46.88#24.1
-89.5219,26.9121#29.08#46.88#24.04
-89.4708,26.9102#29.11#46.87#24.02
-89.4196,26.9083#29.13#46.87#24
-89.3685,26.9065#29.15#46.87#23.98
-89.3173,26.9046#29.17#46.86#23.97
-89.2662,26.9026#29.19#46.86#23.95
-89.215,26.9007#29.21#46.85#23.94
-101.862,26.9016#28.17#29.1#42.73
-101.811,26.9039#28.18#29.11#42.71
-101.76,26.9061#28.18#29.12#42.7
-101.709,26.9084#28.18#29.13#42.69
-101.658,26.9107#28.18#29.14#42.68
-101.607,26.9129#28.18#29.15#42.67
-101.556,26.9151#28.18#29.16#42.66
-101.505,26.9173#28.18#29.17#42.65
-101.453,26.9195#28.18#29.21#42.61
-101.402,26.9216#28.19#29.25#42.56
-101.351,26.9238#28.19#29.29#42.52
-101.3,26.9259#28.19#29.33#42.48
-101.249,26.928#28.19#29.37#42.44
-101.198,26.9301#28.2#29.42#42.38
-101.147,26.9322#28.2#29.46#42.34
-101.095,26.9343#28.2#29.5#42.3
-101.044,26.9363#28.2#29.54#42.26
-100.993,26.9383#28.21#29.59#42.2
-100.942,26.9403#28.22#29.66#42.12
-100.891,26.9423#28.23#29.74#42.03
-100.84,26.9443#28.24#29.81#41.95
-100.789,26.9463#28.25#29.88#41.87
-100.737,26.9482#28.26#29.96#41.78
-100.686,26.9501#28.27#30.03#41.7
-100.635,26.952#28.28#30.1#41.62
-100.584,26.9539#28.3#30.17#41.53
-100.533,26.9558#28.31#30.25#41.44
-100.482,26.9576#28.32#30.31#41.37
-100.43,26.9595#28.33#30.35#41.32
-100.379,26.9613#28.35#30.39#41.26
-100.328,26.9631#28.36#30.42#41.22
-100.277,26.9649#28.38#30.46#41.16
-100.226,26.9667#28.39#30.5#41.11
-100.175,26.9684#28.41#30.54#41.05
-100.123,26.9701#28.43#30.57#41
-100.072,26.9719#28.44#30.61#40.95
-100.021,26.9736#28.46#30.64#40.9
-99.9698,26.9752#28.47#30.66#40.87
-99.9186,26.9769#28.5#30.67#40.83
-99.8675,26.9785#28.52#30.69#40.79
-99.8163,26.9802#28.54#30.7#40.76
-99.7651,26.9818#28.56#30.71#40.73
-99.7139,26.9834#28.59#30.72#40.69
-99.6627,26.985#28.61#30.73#40.66
-99.6115,26.9865#28.63#30.75#40.62
-99.5603,26.9881#28.65#30.76#40.59
-99.5091,26.9896#28.67#30.77#40.56
-99.4579,26.9911#28.69#30.84#40.47
-99.4067,26.9926#28.71#30.92#40.37
-99.3555,26.9941#28.72#31.01#40.27
-99.3043,26.9955#28.74#31.09#40.17
-99.2531,26.997#28.76#31.17#40.07
-99.2019,26.9984#28.77#31.26#39.97
-99.1507,26.9998#28.79#31.34#39.87
-99.0995,27.0012#28.81#31.42#39.77
-99.0483,27.0026#28.82#31.51#39.67
-98.9971,27.0039#28.84#31.59#39.57
-98.9459,27.0052#28.85#31.66#39.49
-98.8947,27.0066#28.85#31.72#39.43
-98.8435,27.0079#28.86#31.79#39.35
-98.7923,27.0092#28.87#31.86#39.27
-98.7411,27.0104#28.87#31.92#39.21
-98.6899,27.0117#28.88#31.99#39.13
-98.6387,27.0129#28.88#32.06#39.06
-98.5874,27.0141#28.89#32.13#38.98
-98.5362,27.0153#28.9#32.19#38.91
-98.485,27.0165#28.9#32.3#38.8
-98.4338,27.0177#28.9#32.51#38.59
-98.3826,27.0188#28.89#32.71#38.4
-98.3314,27.0199#28.89#32.91#38.2
-98.2801,27.0211#28.89#33.12#37.99
-98.2289,27.0222#28.88#33.32#37.8
-98.1777,27.0232#28.88#33.52#37.6
-98.1265,27.0243#28.88#33.73#37.39
-98.0752,27.0253#28.87#33.93#37.2
-98.024,27.0264#28.87#34.13#37
-97.9728,27.0274#28.86#34.34#36.8
-97.9216,27.0284#28.85#34.56#36.59
-97.8703,27.0293#28.83#34.77#36.4
-97.8191,27.0303#28.82#34.99#36.19
-97.7679,27.0312#28.81#35.21#35.98
-97.7166,27.0322#28.79#35.43#35.78
-97.6654,27.0331#28.78#35.65#35.57
-97.6142,27.034#28.77#35.86#35.37
-97.563,27.0348#28.75#36.08#35.17
-97.5117,27.0357#28.74#36.3#34.96
-97.4605,27.0365#28.72#36.51#34.77
-97.4093,27.0373#28.7#36.71#34.59
-97.358,27.0381#28.68#36.92#34.4
-97.3068,27.0389#28.66#37.12#34.22
-97.2555,27.0397#28.64#37.32#34.04
-97.2043,27.0404#28.62#37.53#33.85
-97.1531,27.0412#28.6#37.73#33.67
-97.1018,27.0419#28.57#37.94#33.49
-97.0506,27.0426#28.55#38.14#33.31
-96.9994,27.0433#28.53#38.35#33.12
-96.9481,27.0439#28.51#38.57#32.92
-96.8969,27.0446#28.49#38.79#32.72
-96.8456,27.0452#28.46#39#32.54
-96.7944,27.0458#28.44#39.22#32.34
-96.7431,27.0464#28.42#39.44#32.14
-96.6919,27.047#28.4#39.66#31.94
-96.6407,27.0476#28.37#39.88#31.75
-96.5894,27.0481#28.35#40.1#31.55
-96.5382,27.0486#28.33#40.31#31.36
-96.4869,27.0491#28.31#40.53#31.16
-96.4357,27.0496#28.29#40.72#30.99
-96.3844,27.0501#28.28#40.91#30.81
-96.3332,27.0506#28.26#41.11#30.63
-96.2819,27.051#28.24#41.3#30.46
-96.2307,27.0514#28.23#41.5#30.27
-96.1795,27.0518#28.21#41.69#30.1
-96.1282,27.0522#28.2#41.88#29.92
-96.077,27.0526#28.18#42.08#29.74
-96.0257,27.0529#28.16#42.27#29.57
-95.9745,27.0533#28.15#42.44#29.41
-95.9232,27.0536#28.14#42.57#29.29
-95.872,27.0539#28.14#42.7#29.16
-95.8207,27.0542#28.13#42.84#29.03
-95.7695,27.0545#28.12#42.97#28.91
-95.7182,27.0547#28.11#43.11#28.78
-95.667,27.0549#28.11#43.24#28.65
-95.6157,27.0552#28.1#43.38#28.52
-95.5645,27.0554#28.09#43.52#28.39
-95.5132,27.0555#28.08#43.65#28.27
-95.462,27.0557#28.08#43.78#28.14
-95.4107,27.0558#28.07#43.92#28.01
-95.3595,27.056#28.07#44.05#27.88
-95.3082,27.0561#28.07#44.18#27.75
-95.257,27.0562#28.06#44.32#27.62
-95.2057,27.0563#28.06#44.45#27.49
-95.1545,27.0563#28.06#44.58#27.36
-95.1032,27.0564#28.05#44.72#27.23
-95.052,27.0564#28.05#44.85#27.1
-95.0007,27.0564#28.04#44.98#26.98
-94.9495,27.0564#28.04#45.06#26.9
-94.8982,27.0564#28.04#45.13#26.83
-94.847,27.0563#28.04#45.21#26.75
-94.7957,27.0563#28.04#45.28#26.68
-94.7445,27.0562#28.03#45.36#26.61
-94.6932,27.0561#28.03#45.43#26.54
-94.642,27.056#28.03#45.51#26.46
-94.5907,27.0559#28.03#45.58#26.39
-94.5395,27.0557#28.03#45.66#26.31
-94.4882,27.0555#28.02#45.73#26.25
-94.437,27.0554#28.02#45.79#26.19
-94.3857,27.0552#28.02#45.84#26.14
-94.3345,27.0549#28.02#45.9#26.08
-94.2832,27.0547#28.02#45.95#26.03
-94.232,27.0545#28.02#46.01#25.97
-94.1807,27.0542#28.02#46.06#25.92
-94.1295,27.0539#28.01#46.12#25.87
-94.0782,27.0536#28.01#46.17#25.82
-94.027,27.0533#28.01#46.23#25.76
-93.9757,27.053#28.01#46.27#25.72
-93.9245,27.0526#28.01#46.3#25.69
-93.8732,27.0522#28.01#46.33#25.66
-93.822,27.0518#28.01#46.36#25.63
-93.7707,27.0514#28.01#46.39#25.6
-93.7195,27.051#28#46.42#25.58
-93.6682,27.0506#28#46.45#25.55
-93.617,27.0501#28#46.48#25.52
-93.5657,27.0496#28#46.51#25.49
-93.5145,27.0492#28#46.54#25.46
-93.4632,27.0486#28#46.56#25.44
-93.412,27.0481#28#46.58#25.42
-93.3608,27.0476#28#46.6#25.4
-93.3095,27.047#28#46.61#25.39
-93.2583,27.0464#27.99#46.63#25.38
-93.207,27.0458#27.99#46.65#25.36
-93.1558,27.0452#27.99#46.66#25.35
-93.1045,27.0446#27.99#46.68#25.33
-93.0533,27.044#27.99#46.7#25.31
-93.0021,27.0433#27.99#46.71#25.3
-92.9508,27.0426#27.99#46.72#25.29
-92.8996,27.0419#27.99#46.73#25.28
-92.8483,27.0412#27.99#46.74#25.27
-92.7971,27.0405#27.99#46.75#25.26
-92.7459,27.0397#27.98#46.76#25.26
-92.6946,27.0389#27.98#46.77#25.25
-92.6434,27.0382#27.98#46.78#25.24
-92.5922,27.0374#27.98#46.79#25.23
-92.5409,27.0365#27.98#46.8#25.22
-92.4897,27.0357#27.98#46.8#25.22
-92.4385,27.0348#27.98#46.81#25.21
-92.3872,27.034#27.98#46.81#25.21
-92.336,27.0331#27.98#46.82#25.2
-92.2848,27.0322#27.98#46.83#25.19
-92.2335,27.0313#27.97#46.83#25.2
-92.1823,27.0303#27.97#46.84#25.19
-92.1311,27.0294#27.97#46.84#25.19
-92.0799,27.0284#27.97#46.85#25.18
-92.0286,27.0274#27.97#46.85#25.18
-91.9774,27.0264#27.97#46.85#25.18
-91.9262,27.0254#27.97#46.86#25.17
-91.8749,27.0243#27.97#46.86#25.17
-91.8237,27.0233#27.97#46.86#25.17
-91.7725,27.0222#27.97#46.87#25.16
-91.7213,27.0211#27.96#46.87#25.17
-91.6701,27.02#27.96#46.87#25.17
-91.6188,27.0188#27.96#46.87#25.17
-91.5676,27.0177#27.96#46.88#25.16
-91.5164,27.0165#27.96#46.88#25.16
-91.4652,27.0154#27.96#46.88#25.16
-91.414,27.0142#27.96#46.88#25.16
-91.3628,27.0129#27.96#46.88#25.16
-91.3115,27.0117#27.96#46.88#25.16
-91.2603,27.0105#27.96#46.89#25.15
-91.2091,27.0092#27.95#46.89#25.16
-91.1579,27.0079#27.95#46.89#25.16
-91.1067,27.0066#27.95#46.89#25.16
-91.0555,27.0053#27.95#46.89#25.16
-91.0043,27.0039#27.95#46.89#25.16
-90.9531,27.0026#27.95#46.89#25.16
-90.9019,27.0012#27.95#46.89#25.16
-90.8507,26.9998#27.95#46.89#25.16
-90.7995,26.9984#27.94#46.89#25.17
-90.7483,26.997#27.94#46.89#25.17
-90.6971,26.9956#27.94#46.89#25.17
-90.6459,26.9941#27.94#46.89#25.17
-90.5947,26.9926#27.94#46.89#25.17
-90.5435,26.9911#27.94#46.89#25.17
-90.4923,26.9896#27.94#46.89#25.17
-90.4411,26.9881#28#46.89#25.11
-90.3899,26.9866#28.07#46.89#25.04
-90.3387,26.985#28.13#46.89#24.98
-90.2875,26.9834#28.19#46.89#24.92
-90.2363,26.9818#28.25#46.89#24.86
-90.1851,26.9802#28.31#46.89#24.8
-90.134,26.9786#28.37#46.89#24.74
-90.0828,26.9769#28.43#46.89#24.68
-90.0316,26.9753#28.49#46.89#24.62
-89.9804,26.9736#28.55#46.89#24.56
-89.9292,26.9719#28.61#46.89#24.5
-89.878,26.9702#28.67#46.89#24.44
-89.8269,26.9685#28.73#46.89#24.38
-89.7757,26.9667#28.79#46.89#24.32
-89.7245,26.9649#28.85#46.89#24.26
-89.6733,26.9632#28.92#46.88#24.2
-89.6222,26.9613#28.98#46.88#24.14
-89.571,26.9595#29.04#46.88#24.08
-89.5198,26.9577#29.1#46.88#24.02
-89.4687,26.9558#29.13#46.88#23.99
-89.4175,26.954#29.15#46.87#23.98
-89.3663,26.9521#29.17#46.87#23.96
-89.3152,26.9502#29.19#46.87#23.94
-89.264,26.9483#29.21#46.86#23.93
-89.2129,26.9463#29.23#46.86#23.91
-89.1617,26.9444#29.25#46.86#23.89
-89.1105,26.9424#29.27#46.85#23.88
-89.0594,26.9404#29.29#46.85#23.86
-89.0082,26.9384#29.31#46.84#23.85
-88.9571,26.9364#29.25#46.84#23.91
-88.9059,26.9343#29.17#46.83#24
-88.8548,26.9323#29.09#46.83#24.08
-88.8037,26.9302#29.02#46.83#24.15
-88.7525,26.9281#28.94#46.82#24.24
-88.7014,26.926#28.86#46.82#24.32
-88.6502,26.9238#28.79#46.81#24.4
-88.5991,26.9217#28.71#46.81#24.48
-88.548,26.9195#28.63#46.8#24.57
-88.4968,26.9174#28.56#46.8#24.64
-88.4457,26.9152#28.48#46.8#24.72
-88.3946,26.9129#28.39#46.79#24.82
-88.3434,26.9107#28.31#46.79#24.9
-88.2923,26.9085#28.23#46.79#24.98
-88.2412,26.9062#28.15#46.78#25.07
-88.1901,26.9039#28.07#46.78#25.15
-88.1389,26.9016#27.99#46.78#25.23
-102.836,26.9002#28.19#28.98#42.83
-102.785,26.9028#28.19#28.99#42.82
-102.734,26.9054#28.19#28.99#42.82
-102.683,26.908#28.19#29#42.81
-102.632,26.9106#28.19#29.01#42.8
-102.581,26.9131#28.19#29.01#42.8
-102.53,26.9157#28.19#29.02#42.79
-102.479,26.9182#28.19#29.02#42.79
-102.427,26.9207#28.19#29.03#42.78
-102.376,26.9232#28.19#29.03#42.78
-102.325,26.9257#28.19#29.04#42.77
-102.274,26.9281#28.19#29.04#42.77
-102.223,26.9306#28.19#29.05#42.76
-102.172,26.933#28.19#29.06#42.75
-102.121,26.9354#28.19#29.06#42.75
-102.07,26.9378#28.19#29.07#42.74
-102.018,26.9402#28.2#29.07#42.73
-101.967,26.9425#28.2#29.08#42.72
-101.916,26.9448#28.2#29.09#42.71
-101.865,26.9472#28.2#29.1#42.7
-101.814,26.9495#28.2#29.12#42.68
-101.763,26.9517#28.2#29.13#42.67
-101.712,26.954#28.2#29.14#42.66
-101.66,26.9563#28.2#29.15#42.65
-101.609,26.9585#28.2#29.17#42.63
-101.558,26.9607#28.21#29.18#42.61
-101.507,26.9629#28.21#29.19#42.6
-101.456,26.9651#28.21#29.23#42.56
-101.405,26.9673#28.21#29.27#42.52
-101.354,26.9694#28.21#29.32#42.47
-101.302,26.9715#28.21#29.36#42.43
-101.251,26.9736#28.22#29.41#42.37
-101.2,26.9757#28.22#29.45#42.33
-101.149,26.9778#28.22#29.5#42.28
-101.098,26.9799#28.22#29.54#42.24
-101.047,26.9819#28.23#29.59#42.18
-100.995,26.9839#28.23#29.64#42.13
-100.944,26.986#28.24#29.71#42.05
-100.893,26.988#28.25#29.78#41.97
-100.842,26.9899#28.26#29.85#41.89
-100.791,26.9919#28.27#29.92#41.81
-100.74,26.9938#28.28#29.99#41.73
-100.688,26.9957#28.29#30.06#41.65
-100.637,26.9977#28.3#30.12#41.58
-100.586,26.9995#28.31#30.19#41.5
-100.535,27.0014#28.32#30.26#41.42
-100.484,27.0033#28.33#30.31#41.36
-100.432,27.0051#28.35#30.34#41.31
-100.381,27.0069#28.36#30.37#41.27
-100.33,27.0087#28.38#30.4#41.22
-100.279,27.0105#28.39#30.43#41.18
-100.228,27.0123#28.41#30.45#41.14
-100.177,27.014#28.42#30.48#41.1
-100.125,27.0158#28.44#30.5#41.06
-100.074,27.0175#28.45#30.53#41.02
-100.023,27.0192#28.46#30.55#40.99
-99.9717,27.0209#28.48#30.57#40.95
-99.9205,27.0225#28.5#30.58#40.92
-99.8693,27.0242#28.53#30.59#40.88
-99.8181,27.0258#28.55#30.6#40.85
-99.7669,27.0274#28.57#30.61#40.82
-99.7157,27.029#28.59#30.61#40.8
-99.6645,27.0306#28.61#30.62#40.77
-99.6133,27.0322#28.63#30.63#40.74
-99.5621,27.0337#28.65#30.64#40.71
-99.5108,27.0352#28.67#30.65#40.68
-99.4596,27.0367#28.69#30.72#40.59
-99.4084,27.0382#28.71#30.8#40.49
-99.3572,27.0397#28.73#30.88#40.39
-99.306,27.0412#28.74#30.96#40.3
-99.2548,27.0426#28.76#31.04#40.2
-99.2035,27.044#28.78#31.12#40.1
-99.1523,27.0454#28.8#31.2#40
-99.1011,27.0468#28.81#31.29#39.9
-99.0499,27.0482#28.83#31.37#39.8
-98.9986,27.0495#28.85#31.45#39.7
-98.9474,27.0509#28.85#31.52#39.63
-98.8962,27.0522#28.86#31.58#39.56
-98.845,27.0535#28.87#31.65#39.48
-98.7937,27.0548#28.88#31.72#39.4
-98.7425,27.0561#28.88#31.79#39.33
-98.6913,27.0573#28.89#31.85#39.26
-98.64,27.0585#28.9#31.92#39.18
-98.5888,27.0598#28.9#31.99#39.11
-98.5376,27.061#28.91#32.06#39.03
-98.4863,27.0621#28.92#32.16#38.92
-98.4351,27.0633#28.91#32.36#38.73
-98.3839,27.0645#28.91#32.55#38.54
-98.3326,27.0656#28.91#32.75#38.34
-98.2814,27.0667#28.91#32.94#38.15
-98.2301,27.0678#28.9#33.13#37.97
-98.1789,27.0689#28.9#33.33#37.77
-98.1276,27.0699#28.9#33.52#37.58
-98.0764,27.071#28.9#33.71#37.39
-98.0252,27.072#28.89#33.9#37.21
-97.9739,27.073#28.88#34.11#37.01
-97.9227,27.074#28.87#34.32#36.81
-97.8714,27.075#28.86#34.54#36.6
-97.8202,27.0759#28.85#34.75#36.4
-97.7689,27.0769#28.83#34.97#36.2
-97.7177,27.0778#28.82#35.19#35.99
-97.6664,27.0787#28.81#35.4#35.79
-97.6152,27.0796#28.8#35.62#35.58
-97.5639,27.0805#28.79#35.83#35.38
-97.5127,27.0813#28.77#36.05#35.18
-97.4614,27.0822#28.75#36.25#35
-97.4102,27.083#28.73#36.46#34.81
-97.3589,27.0838#28.71#36.66#34.63
-97.3077,27.0846#28.69#36.87#34.44
-97.2564,27.0853#28.67#37.07#34.26
-97.2051,27.0861#28.65#37.28#34.07
-97.1539,27.0868#28.63#37.48#33.89
-97.1026,27.0875#28.61#37.69#33.7
-97.0514,27.0882#28.59#37.89#33.52
-97.0001,27.0889#28.57#38.1#33.33
-96.9489,27.0896#28.55#38.31#33.14
-96.8976,27.0902#28.53#38.53#32.94
-96.8463,27.0909#28.51#38.74#32.75
-96.7951,27.0915#28.48#38.95#32.57
-96.7438,27.0921#28.46#39.17#32.37
-96.6925,27.0927#28.44#39.38#32.18
-96.6413,27.0932#28.42#39.59#31.99
-96.59,27.0938#28.39#39.81#31.8
-96.5388,27.0943#28.37#40.02#31.61
-96.4875,27.0948#28.35#40.23#31.42
-96.4362,27.0953#28.33#40.42#31.25
-96.385,27.0958#28.32#40.61#31.07
-96.3337,27.0962#28.3#40.81#30.89
-96.2824,27.0967#28.28#41#30.72
-96.2312,27.0971#28.27#41.19#30.54
-96.1799,27.0975#28.25#41.38#30.37
-96.1286,27.0979#28.23#41.57#30.2
-96.0774,27.0982#28.21#41.77#30.02
-96.0261,27.0986#28.2#41.96#29.84
-95.9748,27.0989#28.18#42.13#29.69
-95.9236,27.0993#28.18#42.28#29.54
-95.8723,27.0996#28.17#42.42#29.41
-95.821,27.0998#28.16#42.57#29.27
-95.7698,27.1001#28.15#42.72#29.13
-95.7185,27.1004#28.14#42.87#28.99
-95.6672,27.1006#28.14#43.02#28.84
-95.6159,27.1008#28.13#43.16#28.71
-95.5647,27.101#28.12#43.31#28.57
-95.5134,27.1012#28.11#43.46#28.43
-95.4621,27.1014#28.1#43.6#28.3
-95.4109,27.1015#28.1#43.74#28.16
-95.3596,27.1016#28.1#43.88#28.02
-95.3083,27.1017#28.09#44.02#27.89
-95.2571,27.1018#28.09#44.16#27.75
-95.2058,27.1019#28.09#44.3#27.61
-95.1545,27.102#28.08#44.44#27.48
-95.1032,27.102#28.08#44.58#27.34
-95.052,27.1021#28.07#44.72#27.21
-95.0007,27.1021#28.07#44.86#27.07
-94.9494,27.1021#28.07#44.94#26.99
-94.8982,27.102#28.07#45.02#26.91
-94.8469,27.102#28.06#45.09#26.85
-94.7956,27.1019#28.06#45.17#26.77
-94.7444,27.1018#28.06#45.24#26.7
-94.6931,27.1018#28.06#45.32#26.62
-94.6418,27.1016#28.05#45.39#26.56
-94.5905,27.1015#28.05#45.47#26.48
-94.5393,27.1014#28.05#45.55#26.4
-94.488,27.1012#28.05#45.62#26.33
-94.4367,27.101#28.05#45.68#26.27
-94.3855,27.1008#28.05#45.74#26.21
-94.3342,27.1006#28.04#45.8#26.16
-94.2829,27.1004#28.04#45.86#26.1
-94.2317,27.1001#28.04#45.92#26.04
-94.1804,27.0999#28.04#45.98#25.98
-94.1291,27.0996#28.04#46.04#25.92
-94.0779,27.0993#28.04#46.1#25.86
-94.0266,27.0989#28.03#46.16#25.81
-93.9753,27.0986#28.03#46.21#25.76
-93.9241,27.0983#28.03#46.24#25.73
-93.8728,27.0979#28.03#46.27#25.7
-93.8215,27.0975#28.03#46.3#25.67
-93.7703,27.0971#28.03#46.34#25.63
-93.719,27.0967#28.03#46.37#25.6
-93.6677,27.0962#28.03#46.4#25.57
-93.6165,27.0958#28.03#46.44#25.53
-93.5652,27.0953#28.02#46.47#25.51
-93.5139,27.0948#28.02#46.5#25.48
-93.4627,27.0943#28.02#46.52#25.46
-93.4114,27.0938#28.02#46.54#25.44
-93.3601,27.0932#28.02#46.56#25.42
-93.3089,27.0927#28.02#46.58#25.4
-93.2576,27.0921#28.02#46.6#25.38
-93.2063,27.0915#28.02#46.62#25.36
-93.1551,27.0909#28.02#46.64#25.34
-93.1038,27.0903#28.01#46.66#25.33
-93.0526,27.0896#28.01#46.67#25.32
-93.0013,27.0889#28.01#46.69#25.3
-92.95,27.0883#28.01#46.7#25.29
-92.8988,27.0876#28.01#46.71#25.28
-92.8475,27.0868#28.01#46.72#25.27
-92.7963,27.0861#28.01#46.73#25.26
-92.745,27.0854#28.01#46.74#25.25
-92.6938,27.0846#28.01#46.75#25.24
-92.6425,27.0838#28.01#46.76#25.23
-92.5913,27.083#28#46.77#25.23
-92.54,27.0822#28#46.78#25.22
-92.4887,27.0814#28#46.79#25.21
-92.4375,27.0805#28#46.8#25.2
-92.3862,27.0796#28#46.8#25.2
-92.335,27.0787#28#46.81#25.19
-92.2837,27.0778#28#46.82#25.18
-92.2325,27.0769#28#46.82#25.18
-92.1812,27.076#28#46.83#25.17
-92.13,27.075#28#46.83#25.17
-92.0787,27.074#28#46.84#25.16
-92.0275,27.073#27.99#46.84#25.17
-91.9763,27.072#27.99#46.85#25.16
-91.925,27.071#27.99#46.85#25.16
-91.8738,27.07#27.99#46.85#25.16
-91.8225,27.0689#27.99#46.86#25.15
-91.7713,27.0678#27.99#46.86#25.15
-91.72,27.0667#27.99#46.86#25.15
-91.6688,27.0656#27.99#46.87#25.14
-91.6176,27.0645#27.99#46.87#25.14
-91.5663,27.0633#27.98#46.87#25.15
-91.5151,27.0622#27.98#46.88#25.14
-91.4639,27.061#27.98#46.88#25.14
-91.4126,27.0598#27.98#46.88#25.14
-91.3614,27.0586#27.98#46.88#25.14
-91.3101,27.0573#27.98#46.88#25.14
-91.2589,27.0561#27.98#46.88#25.14
-91.2077,27.0548#27.98#46.89#25.13
-91.1565,27.0535#27.98#46.89#25.13
-91.1052,27.0522#27.98#46.89#25.13
-91.054,27.0509#27.97#46.89#25.14
-91.0028,27.0496#27.97#46.89#25.14
-90.9515,27.0482#27.97#46.89#25.14
-90.9003,27.0469#27.97#46.89#25.14
-90.8491,27.0455#27.97#46.89#25.14
-90.7979,27.0441#27.97#46.89#25.14
-90.7467,27.0426#27.97#46.89#25.14
-90.6954,27.0412#27.96#46.89#25.15
-90.6442,27.0397#27.96#46.89#25.15
-90.593,27.0383#27.96#46.89#25.15
-90.5418,27.0368#27.96#46.9#25.14
-90.4906,27.0353#27.97#46.9#25.13
-90.4394,27.0337#28.03#46.9#25.07
-90.3882,27.0322#28.09#46.9#25.01
-90.3369,27.0306#28.15#46.89#24.96
-90.2857,27.0291#28.21#46.89#24.9
-90.2345,27.0275#28.27#46.89#24.84
-90.1833,27.0258#28.33#46.89#24.78
-90.1321,27.0242#28.39#46.89#24.72
-90.0809,27.0226#28.45#46.89#24.66
-90.0297,27.0209#28.51#46.89#24.6
-89.9785,27.0192#28.57#46.89#24.54
-89.9273,27.0175#28.63#46.89#24.48
-89.8761,27.0158#28.69#46.89#24.42
-89.8249,27.0141#28.75#46.89#24.36
-89.7737,27.0123#28.82#46.89#24.29
-89.7225,27.0106#28.88#46.89#24.23
-89.6713,27.0088#28.94#46.89#24.17
-89.6201,27.007#29#46.89#24.11
-89.569,27.0052#29.06#46.89#24.05
-89.5178,27.0033#29.12#46.88#24
-89.4666,27.0015#29.15#46.88#23.97
-89.4154,26.9996#29.17#46.88#23.95
-89.3642,26.9977#29.19#46.88#23.93
-89.313,26.9958#29.21#46.87#23.92
-89.2619,26.9939#29.23#46.87#23.9
-89.2107,26.9919#29.25#46.86#23.89
-89.1595,26.99#29.27#46.86#23.87
-89.1083,26.988#29.29#46.86#23.85
-89.0571,26.986#29.3#46.85#23.85
-89.006,26.984#29.32#46.85#23.83
-88.9548,26.982#29.26#46.85#23.89
-88.9036,26.9799#29.18#46.84#23.98
-88.8525,26.9779#29.11#46.84#24.05
-88.8013,26.9758#29.03#46.83#24.14
-88.7501,26.9737#28.96#46.83#24.21
-88.699,26.9716#28.88#46.83#24.29
-88.6478,26.9695#28.81#46.82#24.37
-88.5967,26.9673#28.73#46.82#24.45
-88.5455,26.9652#28.65#46.81#24.54
-88.4944,26.963#28.58#46.81#24.61
-88.4432,26.9608#28.5#46.81#24.69
-88.3921,26.9586#28.42#46.8#24.78
-88.3409,26.9563#28.34#46.8#24.86
-88.2898,26.9541#28.26#46.8#24.94
-88.2386,26.9518#28.18#46.8#25.02
-88.1875,26.9495#28.1#46.79#25.11
-88.1363,26.9472#28.01#46.79#25.2
-88.0852,26.9449#27.93#46.79#25.28
-88.0341,26.9426#27.85#46.79#25.36
-87.9829,26.9402#27.79#46.78#25.43
-87.9318,26.9378#27.76#46.78#25.46
-87.8807,26.9355#27.73#46.78#25.49
-87.8295,26.9331#27.7#46.78#25.52
-87.7784,26.9306#27.66#46.77#25.57
-87.7273,26.9282#27.63#46.77#25.6
-87.6762,26.9257#27.6#46.77#25.63
-87.6251,26.9233#27.57#46.77#25.66
-87.5739,26.9208#27.54#46.77#25.69
-87.5228,26.9183#27.51#46.76#25.73
-87.4717,26.9157#27.49#46.76#25.75
-87.4206,26.9132#27.47#46.76#25.77
-87.3695,26.9106#27.46#46.76#25.78
-87.3184,26.9081#27.45#46.75#25.8
-87.2673,26.9055#27.44#46.75#25.81
-87.2162,26.9029#27.43#46.75#25.82
-87.1651,26.9002#27.41#46.75#25.84
-103.657,26.9013#28.21#28.9#42.89
-103.606,26.9042#28.21#28.9#42.89
-103.555,26.9071#28.21#28.91#42.88
-103.504,26.91#28.21#28.91#42.88
-103.453,26.9129#28.21#28.92#42.87
-103.401,26.9157#28.21#28.92#42.87
-103.35,26.9185#28.21#28.93#42.86
-103.299,26.9213#28.21#28.93#42.86
-103.248,26.9241#28.21#28.94#42.85
-103.197,26.9269#28.21#28.94#42.85
-103.146,26.9296#28.21#28.95#42.84
-103.095,26.9323#28.21#28.95#42.84
-103.044,26.9351#28.21#28.96#42.83
-102.993,26.9378#28.21#28.96#42.83
-102.942,26.9404#28.21#28.97#42.82
-102.89,26.9431#28.21#28.97#42.82
-102.839,26.9457#28.21#28.98#42.81
-102.788,26.9484#28.21#28.98#42.81
-102.737,26.951#28.21#28.99#42.8
-102.686,26.9536#28.21#28.99#42.8
-102.635,26.9562#28.21#29#42.79
-102.584,26.9587#28.21#29.01#42.78
-102.533,26.9613#28.21#29.01#42.78
-102.481,26.9638#28.21#29.02#42.77
-102.43,26.9663#28.22#29.02#42.76
-102.379,26.9688#28.22#29.03#42.75
-102.328,26.9713#28.22#29.03#42.75
-102.277,26.9737#28.22#29.04#42.74
-102.226,26.9762#28.22#29.04#42.74
-102.175,26.9786#28.22#29.05#42.73
-102.123,26.981#28.22#29.05#42.73
-102.072,26.9834#28.22#29.06#42.72
-102.021,26.9858#28.22#29.07#42.71
-101.97,26.9881#28.22#29.08#42.7
-101.919,26.9904#28.22#29.09#42.69
-101.868,26.9928#28.22#29.1#42.68
-101.817,26.9951#28.22#29.12#42.66
-101.765,26.9973#28.23#29.13#42.64
-101.714,26.9996#28.23#29.15#42.62
-101.663,27.0019#28.23#29.16#42.61
-101.612,27.0041#28.23#29.18#42.59
-101.561,27.0063#28.23#29.19#42.58
-101.51,27.0085#28.23#29.21#42.56
-101.458,27.0107#28.23#29.25#42.52
-101.407,27.0129#28.23#29.3#42.47
-101.356,27.015#28.24#29.35#42.41
-101.305,27.0171#28.24#29.39#42.37
-101.254,27.0193#28.24#29.44#42.32
-101.202,27.0214#28.24#29.49#42.27
-101.151,27.0234#28.24#29.54#42.22
-101.1,27.0255#28.25#29.59#42.16
-101.049,27.0275#28.25#29.64#42.11
-100.998,27.0296#28.25#29.69#42.06
-100.947,27.0316#28.26#29.75#41.99
-100.895,27.0336#28.27#29.82#41.91
-100.844,27.0355#28.28#29.89#41.83
-100.793,27.0375#28.29#29.95#41.76
-100.742,27.0394#28.3#30.02#41.68
-100.691,27.0414#28.31#30.08#41.61
-100.639,27.0433#28.32#30.14#41.54
-100.588,27.0452#28.32#30.21#41.47
-100.537,27.047#28.33#30.27#41.4
-100.486,27.0489#28.34#30.32#41.34
-100.435,27.0507#28.36#30.34#41.3
-100.383,27.0525#28.37#30.36#41.27
-100.332,27.0544#28.39#30.38#41.23
-100.281,27.0561#28.4#30.39#41.21
-100.23,27.0579#28.42#30.41#41.17
-100.178,27.0597#28.43#30.42#41.15
-100.127,27.0614#28.45#30.44#41.11
-100.076,27.0631#28.46#30.45#41.09
-100.025,27.0648#28.47#30.46#41.07
-99.9736,27.0665#28.49#30.47#41.04
-99.9224,27.0682#28.51#30.48#41.01
-99.8711,27.0698#28.53#30.49#40.98
-99.8199,27.0714#28.55#30.49#40.96
-99.7687,27.073#28.57#30.5#40.93
-99.7175,27.0746#28.59#30.51#40.9
-99.6662,27.0762#28.61#30.51#40.88
-99.615,27.0778#28.63#30.52#40.85
-99.5638,27.0793#28.65#30.52#40.83
-99.5125,27.0809#28.67#30.53#40.8
-99.4613,27.0824#28.69#30.59#40.72
-99.4101,27.0839#28.71#30.67#40.62
-99.3588,27.0853#28.73#30.75#40.52
-99.3076,27.0868#28.75#30.83#40.42
-99.2564,27.0882#28.76#30.91#40.33
-99.2051,27.0897#28.78#30.99#40.23
-99.1539,27.0911#28.8#31.07#40.13
-99.1026,27.0925#28.82#31.15#40.03
-99.0514,27.0938#28.84#31.23#39.93
-99.0002,27.0952#28.85#31.31#39.84
