-97.8635,28.9005#28.41#29.05#42.54
-97.8115,28.9015#28.43#29.06#42.51
-97.7594,28.9024#28.45#29.07#42.48
-97.7074,28.9033#28.46#29.08#42.46
-97.6553,28.9042#28.48#29.08#42.44
-97.6033,28.9051#28.5#29.09#42.41
-97.5513,28.906#28.51#29.1#42.39
-97.4992,28.9068#28.53#29.11#42.36
-97.4472,28.9076#28.54#29.19#42.27
-97.3951,28.9085#28.55#29.28#42.17
-97.3431,28.9092#28.56#29.36#42.08
-97.2911,28.91#28.57#29.45#41.98
-97.239,28.9108#28.58#29.54#41.88
-97.187,28.9115#28.59#29.62#41.79
-97.1349,28.9123#28.6#29.71#41.69
-97.0829,28.913#28.61#29.79#41.6
-97.0308,28.9137#28.62#29.88#41.5
-96.9788,28.9143#28.62#29.98#41.4
-96.9267,28.915#28.62#30.13#41.25
-96.8747,28.9156#28.62#30.27#41.11
-96.8226,28.9162#28.62#30.41#40.97
-96.7706,28.9169#28.63#30.55#40.82
-96.7185,28.9174#28.63#30.7#40.67
-96.6665,28.918#28.63#30.84#40.53
-96.6144,28.9186#28.63#30.98#40.39
-96.5624,28.9191#28.63#31.12#40.25
-96.5103,28.9196#28.63#31.26#40.11
-96.4583,28.9201#28.63#31.39#39.98
-96.4062,28.9206#28.62#31.52#39.86
-96.3542,28.9211#28.61#31.64#39.75
-96.3021,28.9215#28.61#31.76#39.63
-96.2501,28.9219#28.6#31.89#39.51
-96.198,28.9223#28.59#32.01#39.4
-96.146,28.9227#28.58#32.14#39.28
-96.0939,28.9231#28.58#32.26#39.16
-96.0419,28.9235#28.57#32.39#39.04
-95.9898,28.9238#28.56#32.51#38.93
-95.9378,28.9241#28.55#32.66#38.79
-95.8857,28.9244#28.53#32.81#38.66
-95.8336,28.9247#28.51#32.96#38.53
-95.7816,28.925#28.5#33.11#38.39
-95.7295,28.9253#28.48#33.25#38.27
-95.6775,28.9255#28.47#33.4#38.13
-95.6254,28.9257#28.45#33.55#38
-95.5734,28.9259#28.44#33.7#37.86
-95.5213,28.9261#28.42#33.85#37.73
-95.4692,28.9263#28.4#34#37.6
-95.4172,28.9264#28.38#34.15#37.47
-95.3651,28.9265#28.35#34.31#37.34
-95.3131,28.9267#28.33#34.46#37.21
-95.261,28.9268#28.31#34.62#37.07
-95.209,28.9268#28.28#34.77#36.95
-95.1569,28.9269#28.26#34.93#36.81
-95.1048,28.9269#28.24#35.08#36.68
-95.0528,28.927#28.21#35.23#36.56
-95.0007,28.927#28.19#35.39#36.42
-94.9487,28.927#28.17#35.55#36.28
-94.8966,28.9269#28.14#35.72#36.14
-94.8445,28.9269#28.12#35.88#36
-94.7925,28.9268#28.1#36.05#35.85
-94.7404,28.9268#28.07#36.21#35.72
-94.6884,28.9267#28.05#36.38#35.57
-94.6363,28.9265#28.03#36.54#35.43
-94.5843,28.9264#28#36.71#35.29
-94.5322,28.9263#27.98#36.87#35.15
-94.4801,28.9261#27.96#37.03#35.01
-94.4281,28.9259#27.95#37.18#34.87
-94.376,28.9257#27.94#37.32#34.74
-94.324,28.9255#27.92#37.47#34.61
-94.2719,28.9253#27.91#37.62#34.47
-94.2199,28.925#27.9#37.76#34.34
-94.1678,28.9247#27.89#37.91#34.2
-94.1157,28.9244#27.87#38.05#34.08
-94.0637,28.9241#27.86#38.2#33.94
-94.0116,28.9238#27.85#38.35#33.8
-93.9596,28.9235#27.84#38.5#33.66
-93.9075,28.9231#27.84#38.65#33.51
-93.8555,28.9227#27.83#38.81#33.36
-93.8034,28.9223#27.82#38.96#33.22
-93.7514,28.9219#27.82#39.12#33.06
-93.6993,28.9215#27.81#39.27#32.92
-93.6473,28.9211#27.81#39.43#32.76
-93.5952,28.9206#27.8#39.58#32.62
-93.5431,28.9201#27.8#39.73#32.47
-93.4911,28.9196#27.79#39.89#32.32
-93.439,28.9191#27.79#40.06#32.15
-93.387,28.9186#27.79#40.22#31.99
-93.3349,28.918#27.79#40.39#31.82
-93.2829,28.9175#27.78#40.56#31.66
-93.2308,28.9169#27.78#40.72#31.5
-93.1788,28.9163#27.78#40.89#31.33
-93.1267,28.9156#27.78#41.06#31.16
-93.0747,28.915#27.77#41.23#31
-93.0226,28.9143#27.77#41.39#30.84
-92.9706,28.9137#27.77#41.55#30.68
-92.9186,28.913#27.77#41.71#30.52
-92.8665,28.9123#27.77#41.86#30.37
-92.8145,28.9116#27.77#42.01#30.22
-92.7624,28.9108#27.77#42.16#30.07
-92.7104,28.91#27.77#42.32#29.91
-92.6583,28.9093#27.77#42.47#29.76
-92.6063,28.9085#27.76#42.62#29.62
-92.5542,28.9077#27.76#42.77#29.47
-92.5022,28.9068#27.76#42.93#29.31
-92.4502,28.906#27.76#43.02#29.22
-92.3981,28.9051#27.76#43.11#29.13
-92.3461,28.9042#27.76#43.2#29.04
-92.2941,28.9033#27.76#43.29#28.95
-92.242,28.9024#27.76#43.38#28.86
-92.19,28.9015#27.76#43.47#28.77
-92.1379,28.9005#27.76#43.56#28.68
-99.7379,28.9001#28.27#27.96#43.77
-99.6859,28.9017#28.27#28.02#43.71
-99.6339,28.9032#28.26#28.08#43.66
-99.5819,28.9048#28.26#28.14#43.6
-99.5298,28.9063#28.25#28.21#43.54
-99.4778,28.9078#28.25#28.27#43.48
-99.4258,28.9093#28.24#28.34#43.42
-99.3738,28.9108#28.24#28.4#43.36
-99.3217,28.9123#28.23#28.47#43.3
-99.2697,28.9137#28.23#28.54#43.23
-99.2177,28.9151#28.23#28.61#43.16
-99.1657,28.9165#28.22#28.67#43.11
-99.1136,28.9179#28.22#28.74#43.04
-99.0616,28.9193#28.21#28.81#42.98
-99.0096,28.9207#28.21#28.88#42.91
-98.9575,28.922#28.21#28.92#42.87
-98.9055,28.9233#28.22#28.96#42.82
-98.8535,28.9246#28.22#28.99#42.79
-98.8014,28.9259#28.23#29.03#42.74
-98.7494,28.9272#28.23#29.07#42.7
-98.6974,28.9284#28.24#29.1#42.66
-98.6453,28.9297#28.24#29.14#42.62
-98.5933,28.9309#28.25#29.18#42.57
-98.5412,28.9321#28.25#29.21#42.54
-98.4892,28.9333#28.26#29.24#42.5
-98.4371,28.9344#28.27#29.21#42.52
-98.3851,28.9356#28.28#29.18#42.54
-98.3331,28.9367#28.29#29.15#42.56
-98.281,28.9378#28.3#29.13#42.57
-98.229,28.9389#28.31#29.1#42.59
-98.1769,28.94#28.32#29.07#42.61
-98.1249,28.941#28.33#29.04#42.63
-98.0728,28.9421#28.34#29.01#42.65
-98.0208,28.9431#28.35#28.98#42.67
-97.9687,28.9441#28.36#28.98#42.66
-97.9166,28.9451#28.38#28.98#42.64
-97.8646,28.9461#28.4#28.98#42.62
-97.8125,28.947#28.41#28.99#42.6
-97.7605,28.948#28.43#28.99#42.58
-97.7084,28.9489#28.45#28.99#42.56
-97.6564,28.9498#28.46#29#42.54
-97.6043,28.9507#28.48#29#42.52
-97.5522,28.9515#28.49#29#42.51
-97.5002,28.9524#28.51#29.01#42.48
-97.4481,28.9532#28.52#29.09#42.39
-97.3961,28.954#28.53#29.17#42.3
-97.344,28.9548#28.54#29.25#42.21
-97.2919,28.9556#28.55#29.33#42.12
-97.2399,28.9564#28.56#29.41#42.03
-97.1878,28.9571#28.57#29.5#41.93
-97.1357,28.9578#28.58#29.58#41.84
-97.0837,28.9585#28.59#29.66#41.75
-97.0316,28.9592#28.6#29.74#41.66
-96.9796,28.9599#28.61#29.84#41.55
-96.9275,28.9606#28.61#29.98#41.41
-96.8754,28.9612#28.61#30.12#41.27
-96.8233,28.9618#28.61#30.25#41.14
-96.7713,28.9624#28.61#30.39#41
-96.7192,28.963#28.61#30.53#40.86
-96.6671,28.9636#28.61#30.66#40.73
-96.6151,28.9641#28.62#30.8#40.58
-96.563,28.9647#28.62#30.94#40.44
-96.5109,28.9652#28.62#31.07#40.31
-96.4589,28.9657#28.61#31.2#40.19
-96.4068,28.9662#28.61#31.32#40.07
-96.3547,28.9666#28.6#31.44#39.96
-96.3026,28.9671#28.6#31.56#39.84
-96.2506,28.9675#28.59#31.68#39.73
-96.1985,28.9679#28.58#31.81#39.61
-96.1464,28.9683#28.58#31.93#39.49
-96.0943,28.9687#28.57#32.05#39.38
-96.0423,28.969#28.56#32.17#39.27
-95.9902,28.9694#28.56#32.3#39.14
-95.9381,28.9697#28.54#32.45#39.01
-95.886,28.97#28.53#32.59#38.88
-95.834,28.9703#28.51#32.74#38.75
-95.7819,28.9706#28.49#32.89#38.62
-95.7298,28.9708#28.48#33.04#38.48
-95.6777,28.9711#28.46#33.18#38.36
-95.6257,28.9713#28.45#33.33#38.22
-95.5736,28.9715#28.43#33.48#38.09
-95.5215,28.9717#28.42#33.63#37.95
-95.4694,28.9718#28.4#33.78#37.82
-95.4173,28.972#28.38#33.93#37.69
-95.3653,28.9721#28.35#34.08#37.57
-95.3132,28.9722#28.33#34.23#37.44
-95.2611,28.9723#28.31#34.38#37.31
-95.209,28.9724#28.29#34.53#37.18
-95.157,28.9725#28.26#34.68#37.06
-95.1049,28.9725#28.24#34.84#36.92
-95.0528,28.9725#28.22#34.99#36.79
-95.0007,28.9726#28.19#35.14#36.67
-94.9486,28.9725#28.17#35.3#36.53
-94.8966,28.9725#28.15#35.47#36.38
-94.8445,28.9725#28.12#35.63#36.25
-94.7924,28.9724#28.1#35.79#36.11
-94.7403,28.9723#28.08#35.96#35.96
-94.6883,28.9722#28.05#36.12#35.83
-94.6362,28.9721#28.03#36.29#35.68
-94.5841,28.972#28.01#36.45#35.54
-94.532,28.9718#27.98#36.61#35.41
-94.4799,28.9717#27.96#36.77#35.27
-94.4279,28.9715#27.95#36.92#35.13
-94.3758,28.9713#27.94#37.07#34.99
-94.3237,28.9711#27.92#37.21#34.87
-94.2716,28.9708#27.91#37.36#34.73
-94.2196,28.9706#27.9#37.51#34.59
-94.1675,28.9703#27.88#37.65#34.47
-94.1154,28.97#27.87#37.8#34.33
-94.0633,28.9697#27.85#37.95#34.2
-94.0113,28.9694#27.84#38.1#34.06
-93.9592,28.9691#27.83#38.25#33.92
-93.9071,28.9687#27.83#38.4#33.77
-93.855,28.9683#27.82#38.56#33.62
-93.803,28.9679#27.82#38.71#33.47
-93.7509,28.9675#27.81#38.86#33.33
-93.6988,28.9671#27.8#39.02#33.18
-93.6467,28.9666#27.8#39.17#33.03
-93.5947,28.9662#27.79#39.33#32.88
-93.5426,28.9657#27.79#39.48#32.73
-93.4905,28.9652#27.78#39.64#32.58
-93.4384,28.9647#27.78#39.8#32.42
-93.3864,28.9641#27.77#39.97#32.26
-93.3343,28.9636#27.77#40.13#32.1
-93.2822,28.963#27.77#40.29#31.94
-93.2302,28.9624#27.77#40.46#31.77
-93.1781,28.9618#27.76#40.62#31.62
-93.126,28.9612#27.76#40.79#31.45
-93.074,28.9606#27.76#40.96#31.28
-93.0219,28.9599#27.76#41.12#31.12
-92.9698,28.9593#27.76#41.28#30.96
-92.9178,28.9586#27.76#41.43#30.81
-92.8657,28.9579#27.75#41.58#30.67
-92.8136,28.9571#27.75#41.74#30.51
-92.7616,28.9564#27.75#41.89#30.36
-92.7095,28.9556#27.75#42.04#30.21
-92.6574,28.9548#27.75#42.19#30.06
-92.6054,28.954#27.75#42.35#29.9
-92.5533,28.9532#27.75#42.5#29.75
-92.5012,28.9524#27.75#42.65#29.6
-92.4492,28.9516#27.75#42.75#29.5
-92.3971,28.9507#27.75#42.85#29.4
-92.3451,28.9498#27.75#42.95#29.3
-92.293,28.9489#27.75#43.05#29.2
-92.241,28.948#27.75#43.15#29.1
-92.1889,28.947#27.75#43.24#29.01
-92.1368,28.9461#27.75#43.34#28.91
-92.0848,28.9451#27.74#43.44#28.82
-92.0327,28.9441#27.74#43.53#28.73
-91.9807,28.9431#27.74#43.64#28.62
-91.9286,28.9421#27.74#43.74#28.52
-91.8766,28.9411#27.74#43.85#28.41
-91.8245,28.94#27.74#43.96#28.3
-91.7725,28.9389#27.74#44.06#28.2
-91.7204,28.9378#27.74#44.17#28.09
-91.6684,28.9367#27.74#44.28#27.98
-91.6163,28.9356#27.74#44.38#27.88
-91.5643,28.9345#27.74#44.49#27.77
-91.5122,28.9333#27.74#44.6#27.66
-91.4602,28.9321#27.74#44.68#27.58
-91.4082,28.9309#27.74#44.76#27.5
-91.3561,28.9297#27.74#44.84#27.42
-91.3041,28.9285#27.74#44.92#27.34
-91.252,28.9272#27.74#45.01#27.25
-91.2,28.9259#27.75#45.09#27.16
-91.148,28.9247#27.75#45.17#27.08
-91.0959,28.9234#27.75#45.25#27
-91.0439,28.922#27.75#45.33#26.92
-90.9919,28.9207#27.75#45.41#26.84
-90.9398,28.9193#27.75#45.47#26.78
-90.8878,28.918#27.74#45.53#26.73
-90.8358,28.9166#27.74#45.6#26.66
-90.7837,28.9152#27.74#45.66#26.6
-90.7317,28.9137#27.74#45.72#26.54
-90.6797,28.9123#27.74#45.79#26.47
-90.6277,28.9108#27.74#45.85#26.41
-90.5756,28.9094#27.74#45.91#26.35
-90.5236,28.9079#27.74#45.97#26.29
-90.4716,28.9064#27.77#46.03#26.2
-90.4196,28.9048#27.83#46.07#26.1
-90.3676,28.9033#27.88#46.12#26
-90.3155,28.9017#27.94#46.16#25.9
-90.2635,28.9001#27.99#46.21#25.8
-101.04,28.9004#28.53#28.17#43.3
-100.988,28.9024#28.52#28.08#43.4
-100.936,28.9044#28.51#28.04#43.45
-100.884,28.9064#28.5#28.01#43.49
-100.832,28.9083#28.49#27.98#43.53
-100.78,28.9103#28.47#27.94#43.59
-100.728,28.9122#28.46#27.91#43.63
-100.676,28.9141#28.45#27.88#43.67
-100.624,28.916#28.44#27.85#43.71
-100.572,28.9179#28.43#27.81#43.76
-100.52,28.9198#28.42#27.78#43.8
-100.468,28.9216#28.41#27.76#43.83
-100.416,28.9235#28.4#27.75#43.85
-100.364,28.9253#28.39#27.73#43.88
-100.312,28.9271#28.39#27.72#43.89
-100.26,28.9288#28.38#27.71#43.91
-100.208,28.9306#28.37#27.7#43.93
-100.156,28.9323#28.36#27.68#43.96
-100.104,28.9341#28.35#27.67#43.98
-100.052,28.9358#28.34#27.66#44
-99.9999,28.9375#28.33#27.64#44.03
-99.9479,28.9391#28.33#27.71#43.96
-99.8958,28.9408#28.32#27.77#43.91
-99.8438,28.9424#28.31#27.83#43.86
-99.7918,28.944#28.31#27.89#43.8
-99.7397,28.9456#28.3#27.95#43.75
-99.6877,28.9472#28.29#28.01#43.7
-99.6357,28.9488#28.29#28.08#43.63
-99.5836,28.9503#28.28#28.14#43.58
-99.5316,28.9519#28.27#28.2#43.53
-99.4795,28.9534#28.27#28.26#43.47
-99.4275,28.9549#28.26#28.33#43.41
-99.3755,28.9564#28.26#28.4#43.34
-99.3234,28.9578#28.25#28.46#43.29
-99.2714,28.9593#28.25#28.53#43.22
-99.2193,28.9607#28.24#28.6#43.16
-99.1673,28.9621#28.24#28.67#43.09
-99.1152,28.9635#28.23#28.73#43.04
-99.0632,28.9649#28.22#28.8#42.98
-99.0111,28.9662#28.22#28.87#42.91
-98.9591,28.9676#28.22#28.91#42.87
-98.907,28.9689#28.22#28.94#42.84
-98.8549,28.9702#28.23#28.98#42.79
-98.8029,28.9715#28.23#29.02#42.75
-98.7508,28.9727#28.23#29.05#42.72
-98.6988,28.974#28.24#29.09#42.67
-98.6467,28.9752#28.24#29.12#42.64
-98.5947,28.9764#28.24#29.16#42.6
-98.5426,28.9776#28.25#29.19#42.56
-98.4905,28.9788#28.25#29.21#42.54
-98.4385,28.98#28.26#29.18#42.56
-98.3864,28.9811#28.27#29.15#42.58
-98.3343,28.9823#28.28#29.12#42.6
-98.2823,28.9834#28.29#29.09#42.62
-98.2302,28.9845#28.3#29.06#42.64
-98.1781,28.9855#28.31#29.03#42.66
-98.1261,28.9866#28.32#28.99#42.69
-98.074,28.9876#28.33#28.96#42.71
-98.0219,28.9887#28.34#28.93#42.73
-97.9698,28.9897#28.35#28.92#42.73
-97.9178,28.9907#28.37#28.92#42.71
-97.8657,28.9916#28.38#28.92#42.7
-97.8136,28.9926#28.4#28.91#42.69
-97.7615,28.9935#28.41#28.91#42.68
-97.7095,28.9944#28.43#28.91#42.66
-97.6574,28.9953#28.44#28.91#42.65
-97.6053,28.9962#28.46#28.91#42.63
-97.5532,28.9971#28.47#28.91#42.62
-97.5012,28.9979#28.49#28.91#42.6
-97.4491,28.9988#28.5#28.98#42.52
-97.397,28.9996#28.51#29.06#42.43
-97.3449,29.0004#28.52#29.14#42.34
-97.2928,29.0012#28.53#29.22#42.25
-97.2407,29.0019#28.54#29.29#42.17
-97.1887,29.0027#28.55#29.37#42.08
-97.1366,29.0034#28.56#29.45#41.99
-97.0845,29.0041#28.57#29.52#41.91
-97.0324,29.0048#28.58#29.6#41.82
-96.9803,29.0055#28.59#29.7#41.71
-96.9282,29.0061#28.59#29.83#41.58
-96.8761,29.0068#28.59#29.96#41.45
-96.824,29.0074#28.6#30.1#41.3
-96.772,29.008#28.6#30.23#41.17
-96.7199,29.0086#28.6#30.36#41.04
-96.6678,29.0092#28.6#30.49#40.91
-96.6157,29.0097#28.6#30.62#40.78
-96.5636,29.0102#28.61#30.75#40.64
-96.5115,29.0108#28.61#30.88#40.51
-96.4594,29.0113#28.6#31.01#40.39
-96.4073,29.0117#28.6#31.13#40.27
-96.3552,29.0122#28.59#31.24#40.17
-96.3031,29.0127#28.59#31.36#40.05
-96.251,29.0131#28.58#31.48#39.94
-96.1989,29.0135#28.57#31.6#39.83
-96.1469,29.0139#28.57#31.72#39.71
-96.0948,29.0143#28.56#31.84#39.6
-96.0427,29.0146#28.56#31.96#39.48
-95.9906,29.015#28.55#32.08#39.37
-95.9385,29.0153#28.53#32.23#39.24
-95.8864,29.0156#28.52#32.38#39.1
-95.8343,29.0159#28.51#32.52#38.97
-95.7822,29.0162#28.49#32.67#38.84
-95.7301,29.0164#28.48#32.82#38.7
-95.678,29.0166#28.46#32.97#38.57
-95.6259,29.0169#28.45#33.11#38.44
-95.5738,29.0171#28.43#33.26#38.31
-95.5217,29.0172#28.42#33.41#38.17
-95.4696,29.0174#28.4#33.56#38.04
-95.4175,29.0176#28.38#33.7#37.92
-95.3654,29.0177#28.35#33.85#37.8
-95.3133,29.0178#28.33#34#37.67
-95.2612,29.0179#28.31#34.15#37.54
-95.2091,29.018#28.29#34.3#37.41
-95.157,29.018#28.27#34.44#37.29
-95.1049,29.0181#28.24#34.59#37.17
-95.0528,29.0181#28.22#34.74#37.04
-95.0007,29.0181#28.2#34.89#36.91
-94.9486,29.0181#28.18#35.05#36.77
-94.8965,29.0181#28.15#35.21#36.64
-94.8444,29.018#28.13#35.38#36.49
-94.7923,29.018#28.1#35.54#36.36
-94.7402,29.0179#28.08#35.7#36.22
-94.6881,29.0178#28.06#35.87#36.07
-94.636,29.0177#28.03#36.03#35.94
-94.5839,29.0176#28.01#36.19#35.8
-94.5318,29.0174#27.99#36.36#35.65
-94.4797,29.0173#27.97#36.51#35.52
-94.4276,29.0171#27.95#36.66#35.39
-94.3755,29.0169#27.94#36.81#35.25
-94.3234,29.0167#27.92#36.96#35.12
-94.2714,29.0164#27.91#37.1#34.99
-94.2193,29.0162#27.89#37.25#34.86
-94.1672,29.0159#27.88#37.4#34.72
-94.1151,29.0156#27.86#37.55#34.59
-94.063,29.0153#27.85#37.7#34.45
-94.0109,29.015#27.83#37.84#34.33
-93.9588,29.0146#27.83#38#34.17
-93.9067,29.0143#27.82#38.15#34.03
-93.8546,29.0139#27.81#38.3#33.89
-93.8025,29.0135#27.81#38.46#33.73
-93.7504,29.0131#27.8#38.61#33.59
-93.6983,29.0127#27.79#38.76#33.45
-93.6462,29.0122#27.79#38.92#33.29
-93.5941,29.0118#27.78#39.07#33.15
-93.542,29.0113#27.77#39.23#33
-93.4899,29.0108#27.77#39.38#32.85
-93.4378,29.0103#27.76#39.54#32.7
-93.3858,29.0097#27.76#39.71#32.53
-93.3337,29.0092#27.76#39.87#32.37
-93.2816,29.0086#27.76#40.03#32.21
-93.2295,29.008#27.75#40.19#32.06
-93.1774,29.0074#27.75#40.36#31.89
-93.1253,29.0068#27.75#40.52#31.73
-93.0732,29.0062#27.75#40.68#31.57
-93.0211,29.0055#27.74#40.85#31.41
-92.969,29.0048#27.74#41#31.26
-92.917,29.0041#27.74#41.16#31.1
-92.8649,29.0034#27.74#41.31#30.95
-92.8128,29.0027#27.74#41.46#30.8
-92.7607,29.002#27.74#41.61#30.65
-92.7086,29.0012#27.74#41.77#30.49
-92.6565,29.0004#27.73#41.92#30.35
-92.6045,28.9996#27.73#42.07#30.2
-92.5524,28.9988#27.73#42.23#30.04
-92.5003,28.998#27.73#42.38#29.89
-92.4482,28.9971#27.73#42.49#29.78
-92.3961,28.9963#27.73#42.59#29.68
-92.3441,28.9954#27.73#42.7#29.57
-92.292,28.9945#27.73#42.8#29.47
-92.2399,28.9936#27.73#42.91#29.36
-92.1878,28.9926#27.73#43.02#29.25
-92.1357,28.9917#27.73#43.12#29.15
-92.0837,28.9907#27.73#43.23#29.04
-92.0316,28.9897#27.73#43.33#28.94
-91.9795,28.9887#27.73#43.44#28.83
-91.9275,28.9877#27.73#43.55#28.72
-91.8754,28.9866#27.73#43.66#28.61
-91.8233,28.9856#27.73#43.77#28.5
-91.7712,28.9845#27.73#43.88#28.39
-91.7192,28.9834#27.73#43.99#28.28
-91.6671,28.9823#27.73#44.11#28.16
-91.615,28.9812#27.73#44.22#28.05
-91.563,28.98#27.73#44.33#27.94
-91.5109,28.9789#27.73#44.44#27.83
-91.4588,28.9777#27.73#44.52#27.75
-91.4068,28.9765#27.73#44.61#27.66
-91.3547,28.9753#27.73#44.69#27.58
-91.3027,28.974#27.73#44.77#27.5
-91.2506,28.9728#27.73#44.85#27.42
-91.1985,28.9715#27.73#44.93#27.34
-91.1465,28.9702#27.73#45.01#27.26
-91.0944,28.9689#27.73#45.09#27.18
-91.0424,28.9676#27.73#45.18#27.09
-90.9903,28.9663#27.73#45.25#27.02
-90.9383,28.9649#27.73#45.32#26.95
-90.8862,28.9635#27.73#45.39#26.88
-90.8342,28.9621#27.73#45.46#26.81
-90.7821,28.9607#27.73#45.52#26.75
-90.7301,28.9593#27.73#45.59#26.68
-90.678,28.9579#27.73#45.66#26.61
-90.626,28.9564#27.73#45.72#26.55
-90.5739,28.9549#27.73#45.79#26.48
-90.5219,28.9534#27.73#45.86#26.41
-90.4699,28.9519#27.76#45.91#26.33
-90.4178,28.9504#27.81#45.96#26.23
-90.3658,28.9488#27.87#46.01#26.12
-90.3137,28.9473#27.92#46.06#26.02
-90.2617,28.9457#27.98#46.11#25.91
-90.2097,28.9441#28.03#46.16#25.81
-90.1576,28.9425#28.09#46.21#25.7
-90.1056,28.9408#28.14#46.26#25.6
-90.0536,28.9392#28.2#46.31#25.49
-90.0016,28.9375#28.25#46.36#25.39
-89.9495,28.9358#28.31#46.39#25.3
-89.8975,28.9341#28.36#46.42#25.22
-89.8455,28.9324#28.42#46.45#25.13
-89.7935,28.9306#28.47#46.48#25.05
-89.7414,28.9289#28.53#46.5#24.97
-89.6894,28.9271#28.58#46.53#24.89
-89.6374,28.9253#28.64#46.56#24.8
-89.5854,28.9235#28.69#46.59#24.72
-89.5334,28.9217#28.75#46.62#24.63
-89.4814,28.9198#28.79#46.64#24.57
-89.4293,28.918#28.81#46.66#24.53
-89.3773,28.9161#28.83#46.67#24.5
-89.3253,28.9142#28.84#46.69#24.47
-89.2733,28.9123#28.86#46.7#24.44
-89.2213,28.9103#28.88#46.72#24.4
-89.1693,28.9084#28.89#46.73#24.38
-89.1173,28.9064#28.91#46.75#24.34
-89.0653,28.9044#28.93#46.76#24.31
-89.0133,28.9024#28.95#46.78#24.27
-88.9613,28.9004#28.9#46.79#24.31
-102.082,28.9018#29.1#29.95#40.95
-102.03,28.9042#29.06#29.96#40.98
-101.978,28.9065#29.02#29.94#41.04
-101.926,28.9089#29#29.84#41.16
-101.874,28.9112#28.97#29.75#41.28
-101.822,28.9135#28.94#29.65#41.41
-101.77,28.9158#28.92#29.56#41.52
-101.718,28.918#28.89#29.47#41.64
-101.666,28.9203#28.86#29.37#41.77
-101.614,28.9225#28.83#29.28#41.89
-101.562,28.9247#28.81#29.18#42.01
-101.51,28.9269#28.78#29.09#42.13
-101.458,28.9291#28.76#28.98#42.26
-101.406,28.9313#28.74#28.87#42.39
-101.354,28.9334#28.72#28.76#42.52
-101.302,28.9355#28.7#28.66#42.64
-101.25,28.9376#28.68#28.55#42.77
-101.198,28.9397#28.66#28.44#42.9
-101.146,28.9418#28.64#28.34#43.02
-101.094,28.9439#28.62#28.23#43.15
-101.042,28.9459#28.6#28.13#43.27
-100.99,28.9479#28.58#28.04#43.38
-100.938,28.9499#28.57#28.01#43.42
-100.886,28.9519#28.56#27.98#43.46
-100.834,28.9539#28.55#27.95#43.5
-100.782,28.9558#28.53#27.92#43.55
-100.73,28.9578#28.52#27.89#43.59
-100.678,28.9597#28.51#27.86#43.63
-100.626,28.9616#28.5#27.83#43.67
-100.574,28.9635#28.48#27.8#43.72
-100.522,28.9653#28.47#27.77#43.76
-100.47,28.9672#28.46#27.75#43.79
-100.418,28.969#28.45#27.73#43.82
-100.366,28.9708#28.44#27.72#43.84
-100.314,28.9726#28.43#27.71#43.86
-100.262,28.9744#28.42#27.7#43.88
-100.21,28.9761#28.41#27.69#43.9
-100.158,28.9779#28.4#27.67#43.93
-100.106,28.9796#28.39#27.66#43.95
-100.054,28.9813#28.38#27.65#43.97
-100.002,28.983#28.37#27.64#43.99
-99.9498,28.9847#28.36#27.7#43.94
-99.8977,28.9863#28.35#27.76#43.89
-99.8457,28.988#28.34#27.82#43.84
-99.7936,28.9896#28.33#27.88#43.79
-99.7415,28.9912#28.33#27.94#43.73
-99.6895,28.9928#28.32#28.01#43.67
-99.6374,28.9943#28.31#28.07#43.62
-99.5854,28.9959#28.3#28.13#43.57
-99.5333,28.9974#28.3#28.19#43.51
-99.4813,28.9989#28.29#28.25#43.46
-99.4292,29.0004#28.28#28.32#43.4
-99.3771,29.0019#28.28#28.39#43.33
-99.3251,29.0034#28.27#28.46#43.27
-99.273,29.0048#28.26#28.52#43.22
-99.2209,29.0062#28.26#28.59#43.15
-99.1689,29.0077#28.25#28.66#43.09
-99.1168,29.009#28.24#28.72#43.04
-99.0647,29.0104#28.24#28.79#42.97
-99.0127,29.0118#28.23#28.86#42.91
-98.9606,29.0131#28.23#28.9#42.87
-98.9085,29.0144#28.23#28.93#42.84
-98.8564,29.0157#28.23#28.97#42.8
-98.8044,29.017#28.24#29#42.76
-98.7523,29.0183#28.24#29.03#42.73
-98.7002,29.0195#28.24#29.07#42.69
-98.6481,29.0208#28.24#29.1#42.66
-98.596,29.022#28.24#29.13#42.63
-98.544,29.0232#28.24#29.17#42.59
-98.4919,29.0244#28.25#29.19#42.56
-98.4398,29.0255#28.26#29.16#42.58
-98.3877,29.0267#28.27#29.12#42.61
-98.3356,29.0278#28.27#29.09#42.64
-98.2835,29.0289#28.28#29.05#42.67
-98.2314,29.03#28.29#29.02#42.69
-98.1794,29.0311#28.3#28.98#42.72
-98.1273,29.0322#28.31#28.95#42.74
-98.0752,29.0332#28.32#28.91#42.77
-98.0231,29.0342#28.33#28.88#42.79
-97.971,29.0352#28.34#28.86#42.8
-97.9189,29.0362#28.35#28.85#42.8
-97.8668,29.0372#28.37#28.85#42.78
-97.8147,29.0382#28.38#28.84#42.78
-97.7626,29.0391#28.4#28.84#42.76
-97.7105,29.04#28.41#28.83#42.76
-97.6584,29.0409#28.42#28.83#42.75
-97.6063,29.0418#28.44#28.82#42.74
-97.5542,29.0427#28.45#28.81#42.74
-97.5021,29.0435#28.47#28.81#42.72
-97.45,29.0443#28.48#28.88#42.64
-97.3979,29.0452#28.49#28.95#42.56
-97.3458,29.046#28.5#29.03#42.47
-97.2937,29.0467#28.51#29.1#42.39
-97.2416,29.0475#28.52#29.17#42.31
-97.1895,29.0482#28.53#29.25#42.22
-97.1374,29.049#28.54#29.32#42.14
-97.0853,29.0497#28.55#29.39#42.06
-97.0332,29.0504#28.57#29.47#41.96
-96.9811,29.051#28.57#29.56#41.87
-96.929,29.0517#28.58#29.68#41.74
-96.8769,29.0523#28.58#29.81#41.61
-96.8247,29.053#28.58#29.94#41.48
-96.7726,29.0536#28.58#30.06#41.36
-96.7205,29.0542#28.59#30.19#41.22
-96.6684,29.0547#28.59#30.32#41.09
-96.6163,29.0553#28.59#30.44#40.97
-96.5642,29.0558#28.59#30.57#40.84
-96.5121,29.0563#28.6#30.7#40.7
-96.46,29.0568#28.59#30.81#40.6
-96.4079,29.0573#28.59#30.93#40.48
-96.3557,29.0578#28.58#31.05#40.37
-96.3036,29.0582#28.58#31.16#40.26
-96.2515,29.0587#28.57#31.28#40.15
-96.1994,29.0591#28.57#31.4#40.03
-96.1473,29.0595#28.56#31.51#39.93
-96.0952,29.0598#28.55#31.63#39.82
-96.0431,29.0602#28.55#31.74#39.71
-95.9909,29.0605#28.54#31.87#39.59
-95.9388,29.0609#28.53#32.01#39.46
-95.8867,29.0612#28.51#32.16#39.33
-95.8346,29.0615#28.5#32.31#39.19
-95.7825,29.0617#28.49#32.45#39.06
-95.7304,29.062#28.47#32.6#38.93
-95.6783,29.0622#28.46#32.75#38.79
-95.6261,29.0624#28.44#32.89#38.67
-95.574,29.0626#28.43#33.04#38.53
-95.5219,29.0628#28.42#33.19#38.39
-95.4698,29.063#28.4#33.33#38.27
-95.4177,29.0631#28.38#33.48#38.14
-95.3655,29.0633#28.35#33.62#38.03
-95.3134,29.0634#28.33#33.77#37.9
-95.2613,29.0635#28.31#33.91#37.78
-95.2092,29.0636#28.29#34.06#37.65
-95.1571,29.0636#28.27#34.2#37.53
-95.105,29.0637#28.25#34.35#37.4
-95.0528,29.0637#28.23#34.49#37.28
-95.0007,29.0637#28.2#34.64#37.16
-94.9486,29.0637#28.18#34.8#37.02
-94.8965,29.0637#28.16#34.96#36.88
-94.8444,29.0636#28.13#35.12#36.75
-94.7922,29.0636#28.11#35.29#36.6
-94.7401,29.0635#28.09#35.45#36.46
-94.688,29.0634#28.06#35.61#36.33
-94.6359,29.0633#28.04#35.77#36.19
-94.5838,29.0631#28.01#35.93#36.06
-94.5317,29.063#27.99#36.1#35.91
-94.4795,29.0628#27.97#36.25#35.78
-94.4274,29.0626#27.95#36.4#35.65
-94.3753,29.0624#27.94#36.55#35.51
-94.3232,29.0622#27.92#36.7#35.38
-94.2711,29.062#27.91#36.85#35.24
-94.219,29.0617#27.89#37#35.11
-94.1668,29.0615#27.87#37.15#34.98
-94.1147,29.0612#27.86#37.3#34.84
-94.0626,29.0609#27.84#37.44#34.72
-94.0105,29.0605#27.83#37.59#34.58
-93.9584,29.0602#27.82#37.75#34.43
-93.9063,29.0598#27.81#37.9#34.29
-93.8541,29.0595#27.8#38.05#34.15
-93.802,29.0591#27.8#38.2#34
-93.7499,29.0587#27.79#38.36#33.85
-93.6978,29.0582#27.78#38.51#33.71
-93.6457,29.0578#27.77#38.66#33.57
-93.5936,29.0573#27.77#38.82#33.41
-93.5415,29.0568#27.76#38.97#33.27
-93.4894,29.0563#27.75#39.13#33.12
-93.4372,29.0558#27.75#39.29#32.96
-93.3851,29.0553#27.75#39.45#32.8
-93.333,29.0547#27.75#39.61#32.64
-93.2809,29.0542#27.74#39.77#32.49
-93.2288,29.0536#27.74#39.93#32.33
-93.1767,29.053#27.74#40.09#32.17
-93.1246,29.0524#27.73#40.25#32.02
-93.0725,29.0517#27.73#40.41#31.86
-93.0204,29.0511#27.73#40.58#31.69
-92.9683,29.0504#27.73#40.73#31.54
-92.9162,29.0497#27.73#40.88#31.39
-92.864,29.049#27.72#41.04#31.24
-92.8119,29.0483#27.72#41.19#31.09
-92.7598,29.0475#27.72#41.34#30.94
-92.7077,29.0468#27.72#41.49#30.79
-92.6556,29.046#27.72#41.65#30.63
-92.6035,29.0452#27.72#41.8#30.48
-92.5514,29.0444#27.72#41.95#30.33
-92.4993,29.0435#27.72#42.1#30.18
-92.4472,29.0427#27.72#42.22#30.06
-92.3951,29.0418#27.72#42.33#29.95
-92.343,29.0409#27.71#42.45#29.84
-92.2909,29.04#27.71#42.56#29.73
-92.2388,29.0391#27.71#42.68#29.61
-92.1867,29.0382#27.71#42.79#29.5
-92.1346,29.0372#27.71#42.9#29.39
-92.0825,29.0363#27.71#43.01#29.28
-92.0305,29.0353#27.71#43.13#29.16
-91.9784,29.0343#27.71#43.24#29.05
-91.9263,29.0332#27.71#43.36#28.93
-91.8742,29.0322#27.71#43.47#28.82
-91.8221,29.0311#27.71#43.59#28.7
-91.77,29.0301#27.71#43.7#28.59
-91.7179,29.029#27.71#43.82#28.47
-91.6658,29.0279#27.71#43.94#28.35
-91.6137,29.0267#27.71#44.05#28.24
-91.5617,29.0256#27.71#44.17#28.12
-91.5096,29.0244#27.71#44.28#28.01
-91.4575,29.0232#27.71#44.37#27.92
-91.4054,29.022#27.71#44.45#27.84
-91.3533,29.0208#27.71#44.53#27.76
-91.3012,29.0196#27.71#44.61#27.68
-91.2492,29.0183#27.71#44.69#27.6
-91.1971,29.0171#27.71#44.78#27.51
-91.145,29.0158#27.71#44.86#27.43
-91.0929,29.0145#27.71#44.94#27.35
-91.0409,29.0132#27.71#45.02#27.27
-90.9888,29.0118#27.71#45.1#27.19
-90.9367,29.0105#27.71#45.17#27.12
-90.8846,29.0091#27.71#45.25#27.04
-90.8326,29.0077#27.71#45.32#26.97
-90.7805,29.0063#27.71#45.39#26.9
-90.7284,29.0049#27.71#45.46#26.83
-90.6764,29.0034#27.71#45.53#26.76
-90.6243,29.0019#27.71#45.6#26.69
-90.5722,29.0005#27.71#45.67#26.62
-90.5202,28.999#27.71#45.74#26.55
-90.4681,28.9975#27.74#45.8#26.46
-90.4161,28.9959#27.8#45.85#26.35
-90.364,28.9944#27.85#45.91#26.24
-90.3119,28.9928#27.91#45.96#26.13
-90.2599,28.9912#27.96#46.01#26.03
-90.2078,28.9896#28.02#46.07#25.91
-90.1558,28.988#28.07#46.12#25.81
-90.1037,28.9864#28.13#46.17#25.7
-90.0517,28.9847#28.18#46.23#25.59
-89.9996,28.983#28.24#46.28#25.48
-89.9476,28.9814#28.29#46.31#25.4
-89.8955,28.9797#28.35#46.35#25.3
-89.8435,28.9779#28.4#46.38#25.22
-89.7915,28.9762#28.46#46.41#25.13
-89.7394,28.9744#28.51#46.44#25.05
-89.6874,28.9727#28.57#46.47#24.96
-89.6353,28.9709#28.62#46.51#24.87
-89.5833,28.969#28.68#46.54#24.78
-89.5313,28.9672#28.73#46.57#24.7
-89.4792,28.9654#28.77#46.59#24.64
-89.4272,28.9635#28.79#46.61#24.6
-89.3752,28.9616#28.81#46.63#24.56
-89.3232,28.9597#28.83#46.65#24.52
-89.2711,28.9578#28.84#46.67#24.49
-89.2191,28.9559#28.86#46.68#24.46
-89.1671,28.9539#28.88#46.7#24.42
-89.1151,28.952#28.89#46.72#24.39
-89.063,28.95#28.91#46.74#24.35
-89.011,28.948#28.93#46.75#24.32
-88.959,28.946#28.87#46.76#24.37
-88.907,28.9439#28.8#46.77#24.43
-88.855,28.9419#28.73#46.78#24.49
-88.803,28.9398#28.66#46.79#24.55
-88.751,28.9377#28.59#46.8#24.61
-88.699,28.9356#28.52#46.81#24.67
-88.6469,28.9335#28.44#46.82#24.74
-88.5949,28.9313#28.37#46.83#24.8
-88.5429,28.9292#28.3#46.84#24.86
-88.4909,28.927#28.23#46.84#24.93
-88.4389,28.9248#28.15#46.85#25
-88.387,28.9226#28.07#46.85#25.08
-88.335,28.9203#27.99#46.86#25.15
-88.283,28.9181#27.91#46.86#25.23
-88.231,28.9158#27.83#46.87#25.3
-88.179,28.9135#27.75#46.87#25.38
-88.127,28.9112#27.67#46.88#25.45
-88.075,28.9089#27.59#46.88#25.53
-88.023,28.9066#27.51#46.88#25.61
-87.9711,28.9042#27.46#46.89#25.65
-87.9191,28.9019#27.43#46.89#25.68
-103.021,28.9017#30.08#29.07#40.85
-102.969,28.9043#30.04#29.14#40.82
-102.917,28.907#29.98#29.21#40.81
-102.865,28.9097#29.93#29.29#40.78
-102.813,28.9123#29.87#29.36#40.77
-102.761,28.9149#29.81#29.43#40.76
-102.709,28.9175#29.76#29.51#40.73
-102.657,28.9201#29.7#29.58#40.72
-102.605,28.9226#29.64#29.65#40.71
-102.553,28.9252#29.58#29.72#40.7
-102.501,28.9277#29.52#29.79#40.69
-102.449,28.9302#29.48#29.81#40.71
-102.397,28.9327#29.44#29.83#40.73
-102.345,28.9352#29.4#29.84#40.76
-102.293,28.9377#29.36#29.85#40.79
-102.241,28.9401#29.33#29.86#40.81
-102.189,28.9425#29.29#29.87#40.84
-102.137,28.9449#29.25#29.88#40.87
-102.085,28.9473#29.21#29.88#40.91
-102.033,28.9497#29.17#29.89#40.94
-101.981,28.952#29.13#29.86#41.01
-101.929,28.9544#29.1#29.76#41.14
-101.877,28.9567#29.08#29.67#41.25
-101.825,28.959#29.05#29.57#41.38
-101.773,28.9613#29.02#29.47#41.51
-101.721,28.9636#28.99#29.37#41.64
-101.669,28.9658#28.96#29.28#41.76
-101.617,28.968#28.93#29.18#41.89
-101.565,28.9702#28.9#29.08#42.02
-101.513,28.9724#28.87#28.98#42.15
-101.461,28.9746#28.84#28.88#42.28
-101.409,28.9768#28.82#28.78#42.4
-101.357,28.9789#28.8#28.68#42.52
-101.305,28.9811#28.78#28.58#42.64
-101.253,28.9832#28.76#28.48#42.76
-101.201,28.9853#28.74#28.38#42.88
-101.149,28.9873#28.72#28.28#43
-101.097,28.9894#28.69#28.19#43.12
-101.045,28.9914#28.67#28.09#43.24
-100.993,28.9935#28.65#28.01#43.34
-100.941,28.9955#28.64#27.98#43.38
-100.889,28.9974#28.62#27.95#43.43
-100.837,28.9994#28.61#27.92#43.47
-100.785,29.0014#28.59#27.89#43.52
-100.733,29.0033#28.58#27.86#43.56
-100.68,29.0052#28.56#27.83#43.61
-100.628,29.0071#28.55#27.8#43.65
-100.576,29.009#28.53#27.78#43.69
-100.524,29.0109#28.52#27.75#43.73
-100.472,29.0127#28.5#27.73#43.77
-100.42,29.0145#28.49#27.72#43.79
-100.368,29.0164#28.48#27.71#43.81
-100.316,29.0181#28.47#27.7#43.83
-100.264,29.0199#28.46#27.69#43.85
-100.212,29.0217#28.45#27.68#43.87
-100.16,29.0234#28.43#27.66#43.91
-100.108,29.0251#28.42#27.65#43.93
-100.056,29.0269#28.41#27.64#43.95
-100.004,29.0285#28.4#27.63#43.97
-99.9517,29.0302#28.39#27.69#43.92
-99.8996,29.0319#28.38#27.75#43.87
-99.8475,29.0335#28.37#27.81#43.82
-99.7954,29.0351#28.36#27.88#43.76
-99.7434,29.0367#28.35#27.94#43.71
-99.6913,29.0383#28.34#28#43.66
-99.6392,29.0399#28.34#28.06#43.6
-99.5871,29.0414#28.33#28.12#43.55
-99.5351,29.043#28.32#28.18#43.5
-99.483,29.0445#28.31#28.25#43.44
-99.4309,29.046#28.3#28.31#43.39
-99.3788,29.0475#28.29#28.38#43.33
-99.3267,29.0489#28.29#28.45#43.26
-99.2746,29.0504#28.28#28.51#43.21
-99.2226,29.0518#28.27#28.58#43.15
-99.1705,29.0532#28.26#28.65#43.09
-99.1184,29.0546#28.26#28.71#43.03
-99.0663,29.056#28.25#28.78#42.97
-99.0142,29.0573#28.24#28.85#42.91
-98.9621,29.0587#28.24#28.89#42.87
-98.91,29.06#28.24#28.92#42.84
-98.8579,29.0613#28.24#28.95#42.81
-98.8058,29.0626#28.24#28.99#42.77
-98.7537,29.0639#28.24#29.02#42.74
-98.7016,29.0651#28.24#29.05#42.71
-98.6495,29.0663#28.24#29.08#42.68
-98.5974,29.0676#28.24#29.11#42.65
-98.5453,29.0688#28.24#29.15#42.61
-98.4932,29.0699#28.24#29.17#42.59
-98.4411,29.0711#28.25#29.13#42.62
-98.389,29.0723#28.26#29.09#42.65
-98.3369,29.0734#28.27#29.05#42.68
-98.2848,29.0745#28.27#29.02#42.71
-98.2327,29.0756#28.28#28.98#42.74
-98.1806,29.0767#28.29#28.94#42.77
-98.1285,29.0777#28.3#28.9#42.8
-98.0764,29.0788#28.31#28.86#42.83
-98.0242,29.0798#28.31#28.82#42.87
-97.9721,29.0808#28.32#28.8#42.88
-97.92,29.0818#28.34#28.79#42.87
-97.8679,29.0828#28.35#28.78#42.87
-97.8158,29.0837#28.37#28.77#42.86
-97.7637,29.0847#28.38#28.76#42.86
-97.7116,29.0856#28.39#28.75#42.86
-97.6594,29.0865#28.41#28.74#42.85
-97.6073,29.0874#28.42#28.73#42.85
-97.5552,29.0882#28.43#28.72#42.85
-97.5031,29.0891#28.45#28.71#42.84
-97.451,29.0899#28.46#28.77#42.77
-97.3988,29.0907#28.47#28.84#42.69
-97.3467,29.0915#28.48#28.91#42.61
-97.2946,29.0923#28.49#28.98#42.53
-97.2425,29.0931#28.5#29.05#42.45
-97.1903,29.0938#28.51#29.12#42.37
-97.1382,29.0945#28.53#29.19#42.28
-97.0861,29.0952#28.54#29.26#42.2
-97.034,29.0959#28.55#29.33#42.12
-96.9818,29.0966#28.56#29.42#42.02
-96.9297,29.0973#28.56#29.54#41.9
-96.8776,29.0979#28.56#29.66#41.78
-96.8255,29.0985#28.57#29.78#41.65
-96.7733,29.0991#28.57#29.9#41.53
-96.7212,29.0997#28.57#30.02#41.41
-96.6691,29.1003#28.57#30.14#41.29
-96.6169,29.1008#28.58#30.27#41.15
-96.5648,29.1014#28.58#30.39#41.03
-96.5127,29.1019#28.58#30.51#40.91
-96.4605,29.1024#28.58#30.62#40.8
-96.4084,29.1029#28.58#30.74#40.68
-96.3563,29.1033#28.57#30.85#40.58
-96.3041,29.1038#28.57#30.96#40.47
-96.252,29.1042#28.56#31.08#40.36
-96.1999,29.1046#28.56#31.19#40.25
-96.1477,29.105#28.55#31.3#40.15
-96.0956,29.1054#28.55#31.42#40.03
-96.0435,29.1058#28.54#31.53#39.93
-95.9913,29.1061#28.54#31.65#39.81
-95.9392,29.1064#28.52#31.8#39.68
-95.8871,29.1067#28.51#31.94#39.55
-95.8349,29.107#28.5#32.09#39.41
-95.7828,29.1073#28.48#32.24#39.28
-95.7306,29.1076#28.47#32.38#39.15
-95.6785,29.1078#28.46#32.53#39.01
-95.6264,29.108#28.44#32.67#38.89
-95.5742,29.1082#28.43#32.82#38.75
-95.5221,29.1084#28.41#32.97#38.62
-95.47,29.1086#28.4#33.11#38.49
-95.4178,29.1087#28.38#33.25#38.37
-95.3657,29.1088#28.36#33.4#38.24
-95.3135,29.109#28.33#33.54#38.13
-95.2614,29.1091#28.31#33.68#38.01
-95.2093,29.1091#28.29#33.82#37.89
-95.1571,29.1092#28.27#33.96#37.77
-95.105,29.1092#28.25#34.1#37.65
-95.0529,29.1093#28.23#34.25#37.52
-95.0007,29.1093#28.21#34.39#37.4
-94.9486,29.1093#28.19#34.55#37.26
-94.8964,29.1092#28.16#34.71#37.13
-94.8443,29.1092#28.14#34.87#36.99
-94.7922,29.1091#28.11#35.03#36.86
-94.74,29.1091#28.09#35.19#36.72
-94.6879,29.109#28.07#35.35#36.58
-94.6358,29.1088#28.04#35.52#36.44
-94.5836,29.1087#28.02#35.68#36.3
-94.5315,29.1086#27.99#35.84#36.17
-94.4793,29.1084#27.97#36#36.03
-94.4272,29.1082#27.95#36.14#35.91
-94.3751,29.108#27.94#36.29#35.77
-94.3229,29.1078#27.92#36.44#35.64
-94.2708,29.1076#27.9#36.59#35.51
-94.2187,29.1073#27.89#36.74#35.37
-94.1665,29.107#27.87#36.89#35.24
-94.1144,29.1067#27.85#37.04#35.11
-94.0622,29.1064#27.84#37.19#34.97
-94.0101,29.1061#27.82#37.34#34.84
-93.958,29.1058#27.81#37.49#34.7
-93.9058,29.1054#27.8#37.65#34.55
-93.8537,29.105#27.79#37.8#34.41
-93.8016,29.1046#27.79#37.95#34.26
-93.7494,29.1042#27.78#38.1#34.12
-93.6973,29.1038#27.77#38.26#33.97
-93.6452,29.1034#27.76#38.41#33.83
-93.593,29.1029#27.76#38.56#33.68
-93.5409,29.1024#27.75#38.72#33.53
-93.4888,29.1019#27.74#38.87#33.39
-93.4366,29.1014#27.74#39.03#33.23
-93.3845,29.1009#27.74#39.19#33.07
-93.3324,29.1003#27.73#39.35#32.92
-93.2802,29.0997#27.73#39.51#32.76
-93.2281,29.0992#27.73#39.66#32.61
-93.176,29.0986#27.72#39.82#32.46
-93.1239,29.0979#27.72#39.98#32.3
-93.0717,29.0973#27.72#40.14#32.14
-93.0196,29.0966#27.71#40.3#31.99
-92.9675,29.096#27.71#40.46#31.83
-92.9154,29.0953#27.71#40.61#31.68
-92.8632,29.0946#27.71#40.76#31.53
-92.8111,29.0938#27.71#40.91#31.38
-92.759,29.0931#27.71#41.07#31.22
-92.7069,29.0923#27.71#41.22#31.07
-92.6547,29.0915#27.7#41.37#30.93
-92.6026,29.0907#27.7#41.53#30.77
-92.5505,29.0899#27.7#41.68#30.62
-92.4984,29.0891#27.7#41.83#30.47
-92.4462,29.0883#27.7#41.95#30.35
-92.3941,29.0874#27.7#42.08#30.22
-92.342,29.0865#27.7#42.2#30.1
-92.2899,29.0856#27.7#42.32#29.98
-92.2378,29.0847#27.7#42.44#29.86
-92.1857,29.0837#27.7#42.56#29.74
-92.1335,29.0828#27.7#42.68#29.62
-92.0814,29.0818#27.7#42.8#29.5
-92.0293,29.0808#27.7#42.92#29.38
-91.9772,29.0798#27.7#43.05#29.25
-91.9251,29.0788#27.7#43.17#29.13
-91.873,29.0778#27.7#43.29#29.01
-91.8209,29.0767#27.7#43.41#28.89
-91.7688,29.0756#27.7#43.53#28.77
-91.7166,29.0745#27.7#43.65#28.65
-91.6645,29.0734#27.7#43.76#28.54
-91.6124,29.0723#27.7#43.88#28.42
-91.5603,29.0711#27.7#44#28.3
-91.5082,29.07#27.7#44.12#28.18
-91.4561,29.0688#27.7#44.21#28.09
-91.404,29.0676#27.7#44.29#28.01
-91.3519,29.0664#27.7#44.38#27.92
-91.2998,29.0651#27.7#44.46#27.84
-91.2477,29.0639#27.7#44.54#27.76
-91.1956,29.0626#27.7#44.62#27.68
-91.1435,29.0613#27.7#44.7#27.6
-91.0914,29.06#27.7#44.79#27.51
-91.0393,29.0587#27.7#44.87#27.43
-90.9872,29.0574#27.7#44.95#27.35
-90.9352,29.056#27.7#45.03#27.27
-90.8831,29.0546#27.7#45.1#27.2
-90.831,29.0532#27.7#45.18#27.12
-90.7789,29.0518#27.7#45.25#27.05
-90.7268,29.0504#27.7#45.33#26.97
-90.6747,29.049#27.7#45.4#26.9
-90.6226,29.0475#27.69#45.47#26.84
-90.5705,29.046#27.69#45.55#26.76
-90.5185,29.0445#27.69#45.62#26.69
-90.4664,29.043#27.73#45.69#26.58
-90.4143,29.0415#27.78#45.74#26.48
-90.3622,29.0399#27.84#45.8#26.36
-90.3101,29.0384#27.89#45.86#26.25
-90.2581,29.0368#27.95#45.92#26.13
-90.206,29.0352#28#45.97#26.03
-90.1539,29.0336#28.06#46.03#25.91
-90.1019,29.0319#28.11#46.09#25.8
-90.0498,29.0303#28.17#46.14#25.69
-89.9977,29.0286#28.22#46.2#25.58
-89.9456,29.0269#28.28#46.24#25.48
-89.8936,29.0252#28.33#46.27#25.4
-89.8415,29.0235#28.39#46.31#25.3
-89.7895,29.0217#28.44#46.34#25.22
-89.7374,29.02#28.5#46.38#25.12
-89.6853,29.0182#28.55#46.41#25.04
-89.6333,29.0164#28.61#46.45#24.94
-89.5812,29.0146#28.66#46.48#24.86
-89.5292,29.0128#28.72#46.52#24.76
-89.4771,29.0109#28.76#46.55#24.69
-89.4251,29.009#28.77#46.57#24.66
-89.373,29.0072#28.79#46.59#24.62
-89.321,29.0053#28.81#46.61#24.58
-89.2689,29.0034#28.82#46.63#24.55
-89.2169,29.0014#28.84#46.65#24.51
-89.1648,28.9995#28.86#46.67#24.47
-89.1128,28.9975#28.88#46.69#24.43
-89.0608,28.9955#28.89#46.71#24.4
-89.0087,28.9935#28.91#46.73#24.36
-88.9567,28.9915#28.85#46.74#24.41
-88.9046,28.9894#28.78#46.75#24.47
-88.8526,28.9874#28.71#46.76#24.53
-88.8006,28.9853#28.63#46.77#24.6
-88.7486,28.9832#28.56#46.78#24.66
-88.6965,28.9811#28.49#46.79#24.72
-88.6445,28.979#28.42#46.8#24.78
-88.5925,28.9768#28.35#46.81#24.84
-88.5405,28.9747#28.27#46.82#24.91
-88.4884,28.9725#28.2#46.83#24.97
-88.4364,28.9703#28.12#46.84#25.04
-88.3844,28.9681#28.04#46.84#25.12
-88.3324,28.9659#27.96#46.85#25.19
-88.2804,28.9636#27.88#46.85#25.27
-88.2284,28.9613#27.8#46.86#25.34
-88.1764,28.9591#27.72#46.86#25.42
-88.1244,28.9568#27.64#46.87#25.49
-88.0724,28.9544#27.56#46.87#25.57
-88.0204,28.9521#27.48#46.88#25.64
-87.9684,28.9498#27.43#46.88#25.69
-87.9164,28.9474#27.4#46.88#25.72
-87.8644,28.945#27.38#46.89#25.73
-87.8124,28.9426#27.35#46.89#25.76
-87.7604,28.9402#27.32#46.89#25.79
-87.7084,28.9377#27.3#46.89#25.81
-87.6564,28.9353#27.27#46.9#25.83
-87.6044,28.9328#27.24#46.9#25.86
-87.5524,28.9303#27.22#46.9#25.88
-87.5005,28.9278#27.19#46.9#25.91
-87.4485,28.9253#27.18#46.91#25.91
-87.3965,28.9227#27.17#46.91#25.92
-87.3445,28.9202#27.16#46.91#25.93
-87.2926,28.9176#27.16#46.91#25.93
-87.2406,28.915#27.15#46.91#25.94
-87.1886,28.9124#27.14#46.91#25.95
-87.1367,28.9097#27.13#46.91#25.96
-87.0847,28.9071#27.12#46.92#25.96
-87.0327,28.9044#27.12#46.92#25.96
-86.9808,28.9017#27.11#46.92#25.97
-103.855,28.9018#31.08#28.62#40.3
-103.803,28.9048#30.99#28.63#40.38
-103.751,28.9077#30.9#28.64#40.46
-103.699,28.9106#30.82#28.65#40.53
-103.647,28.9136#30.73#28.66#40.61
-103.595,28.9165#30.64#28.67#40.69
-103.543,28.9193#30.55#28.68#40.77
-103.491,28.9222#30.47#28.7#40.83
-103.439,28.925#30.45#28.74#40.81
-103.388,28.9279#30.42#28.79#40.79
-103.336,28.9307#30.4#28.84#40.76
-103.284,28.9335#30.37#28.88#40.75
-103.232,28.9362#30.34#28.93#40.73
-103.18,28.939#30.32#28.98#40.7
-103.128,28.9417#30.29#29.03#40.68
-103.076,28.9445#30.26#29.08#40.66
-103.024,28.9472#30.23#29.13#40.64
-102.972,28.9498#30.18#29.19#40.63
-102.92,28.9525#30.12#29.26#40.62
-102.868,28.9552#30.06#29.33#40.61
-102.816,28.9578#30#29.4#40.6
-102.764,28.9604#29.94#29.47#40.59
-102.712,28.963#29.88#29.54#40.58
-102.66,28.9656#29.82#29.61#40.57
-102.608,28.9682#29.76#29.68#40.56
-102.556,28.9707#29.69#29.75#40.56
-102.504,28.9732#29.63#29.82#40.55
-102.452,28.9757#29.59#29.82#40.59
-102.4,28.9782#29.55#29.83#40.62
-102.348,28.9807#29.51#29.83#40.66
-102.296,28.9832#29.47#29.83#40.7
-102.244,28.9856#29.43#29.83#40.74
-102.192,28.988#29.4#29.83#40.77
-102.14,28.9904#29.36#29.83#40.81
-102.088,28.9928#29.32#29.82#40.86
-102.036,28.9952#29.28#29.82#40.9
-101.984,28.9976#29.24#29.78#40.98
-101.932,28.9999#29.21#29.68#41.11
-101.88,29.0022#29.18#29.58#41.24
-101.828,29.0045#29.15#29.48#41.37
-101.776,29.0068#29.12#29.38#41.5
-101.724,29.0091#29.09#29.28#41.63
-101.672,29.0113#29.05#29.18#41.77
-101.62,29.0136#29.02#29.08#41.9
-101.568,29.0158#28.99#28.98#42.03
-101.515,29.018#28.96#28.87#42.17
-101.463,29.0201#28.93#28.78#42.29
-101.411,29.0223#28.91#28.68#42.41
-101.359,29.0245#28.88#28.59#42.53
-101.307,29.0266#28.86#28.5#42.64
-101.255,29.0287#28.84#28.41#42.75
-101.203,29.0308#28.81#28.32#42.87
-101.151,29.0329#28.79#28.23#42.98
