-97.4465,33.9006#45.51#27.46#27.03
-97.3921,33.9014#45.45#27.43#27.12
-97.3378,33.9021#45.39#27.39#27.22
-97.2834,33.9029#45.34#27.36#27.3
-97.2291,33.9037#45.28#27.32#27.4
-97.1748,33.9044#45.23#27.28#27.49
-97.1204,33.9051#45.17#27.25#27.58
-97.0661,33.9058#45.11#27.21#27.68
-97.0117,33.9065#45.06#27.18#27.76
-96.9574,33.9072#44.99#27.16#27.85
-96.903,33.9078#44.92#27.15#27.93
-96.8487,33.9084#44.85#27.13#28.02
-96.7944,33.909#44.78#27.12#28.1
-96.74,33.9096#44.71#27.1#28.19
-96.6857,33.9102#44.64#27.09#28.27
-96.6313,33.9107#44.57#27.08#28.35
-96.577,33.9113#44.49#27.06#28.45
-96.5226,33.9118#44.42#27.05#28.53
-96.4683,33.9123#44.36#27.04#28.6
-96.4139,33.9128#44.3#27.04#28.66
-96.3596,33.9132#44.23#27.04#28.73
-96.3052,33.9137#44.17#27.03#28.8
-96.2509,33.9141#44.11#27.03#28.86
-96.1965,33.9145#44.05#27.03#28.92
-96.1422,33.9149#43.99#27.03#28.98
-96.0878,33.9153#43.92#27.02#29.06
-96.0335,33.9156#43.86#27.02#29.12
-95.9791,33.9159#43.79#27.03#29.18
-95.9248,33.9163#43.7#27.04#29.26
-95.8704,33.9166#43.61#27.06#29.33
-95.8161,33.9168#43.52#27.07#29.41
-95.7617,33.9171#43.43#27.09#29.48
-95.7074,33.9173#43.34#27.11#29.55
-95.653,33.9176#43.25#27.12#29.63
-95.5987,33.9178#43.16#27.14#29.7
-95.5443,33.918#43.07#27.16#29.77
-95.4899,33.9181#42.98#27.18#29.84
-95.4356,33.9183#42.88#27.21#29.91
-95.3812,33.9184#42.79#27.25#29.96
-95.3269,33.9186#42.69#27.28#30.03
-95.2725,33.9187#42.6#27.32#30.08
-95.2182,33.9187#42.5#27.35#30.15
-95.1638,33.9188#42.41#27.39#30.2
-95.1095,33.9188#42.31#27.42#30.27
-95.0551,33.9189#42.21#27.46#30.33
-95.0008,33.9189#42.12#27.49#30.39
-94.9464,33.9189#42.02#27.53#30.45
-94.892,33.9188#41.93#27.57#30.5
-94.8377,33.9188#41.84#27.61#30.55
-94.7833,33.9187#41.74#27.64#30.62
-94.729,33.9187#41.65#27.68#30.67
-94.6746,33.9186#41.55#27.72#30.73
-94.6203,33.9184#41.46#27.75#30.79
-94.5659,33.9183#41.36#27.79#30.85
-94.5116,33.9181#41.27#27.83#30.9
-94.4572,33.918#41.17#27.85#30.98
-94.4029,33.9178#41.07#27.86#31.07
-94.3485,33.9176#40.96#27.88#31.16
-94.2941,33.9174#40.86#27.89#31.25
-94.2398,33.9171#40.76#27.9#31.34
-94.1854,33.9168#40.66#27.92#31.42
-94.1311,33.9166#40.56#27.93#31.51
-94.0767,33.9163#40.45#27.95#31.6
-94.0224,33.916#40.35#27.96#31.69
-93.968,33.9156#40.25#27.97#31.78
-93.9137,33.9153#40.16#27.98#31.86
-93.8593,33.9149#40.06#27.99#31.95
-93.805,33.9145#39.97#28#32.03
-93.7506,33.9141#39.87#28.01#32.12
-93.6963,33.9137#39.77#28.02#32.21
-93.6419,33.9132#39.68#28.03#32.29
-93.5876,33.9128#39.58#28.04#32.38
-93.5332,33.9123#39.49#28.05#32.46
-93.4789,33.9118#39.38#28.05#32.57
-93.4245,33.9113#39.27#28.06#32.67
-93.3702,33.9107#39.15#28.06#32.79
-93.3158,33.9102#39.04#28.07#32.89
-93.2615,33.9096#38.92#28.07#33.01
-93.2071,33.909#38.8#28.08#33.12
-93.1528,33.9084#38.69#28.08#33.23
-93.0985,33.9078#38.57#28.09#33.34
-93.0441,33.9072#38.46#28.09#33.45
-92.9898,33.9065#38.34#28.1#33.56
-92.9354,33.9058#38.2#28.1#33.7
-92.8811,33.9051#38.07#28.11#33.82
-92.8267,33.9044#37.94#28.11#33.95
-92.7724,33.9037#37.8#28.11#34.09
-92.7181,33.9029#37.67#28.12#34.21
-92.6637,33.9022#37.54#28.12#34.34
-92.6094,33.9014#37.4#28.13#34.47
-92.555,33.9006#37.27#28.13#34.6
-99.5667,33.9002#46.77#27.66#25.57
-99.5124,33.9017#46.76#27.74#25.5
-99.458,33.9032#46.75#27.83#25.42
-99.4037,33.9046#46.73#27.93#25.34
-99.3494,33.9061#46.71#28.02#25.27
-99.2951,33.9075#46.69#28.11#25.2
-99.2408,33.909#46.68#28.2#25.12
-99.1864,33.9104#46.66#28.3#25.04
-99.1321,33.9117#46.64#28.39#24.97
-99.0778,33.9131#46.63#28.48#24.89
-99.0234,33.9145#46.61#28.57#24.82
-98.9691,33.9158#46.59#28.64#24.77
-98.9148,33.9171#46.56#28.69#24.75
-98.8605,33.9184#46.54#28.73#24.73
-98.8061,33.9197#46.52#28.78#24.7
-98.7518,33.9209#46.49#28.82#24.69
-98.6975,33.9222#46.47#28.87#24.66
-98.6431,33.9234#46.45#28.91#24.64
-98.5888,33.9246#46.42#28.96#24.62
-98.5344,33.9258#46.4#29#24.6
-98.4801,33.9269#46.37#29.01#24.62
-98.4258,33.9281#46.34#28.93#24.73
-98.3714,33.9292#46.3#28.86#24.84
-98.3171,33.9303#46.26#28.79#24.95
-98.2627,33.9314#46.23#28.71#25.06
-98.2084,33.9325#46.19#28.64#25.17
-98.154,33.9336#46.16#28.57#25.27
-98.0997,33.9346#46.12#28.49#25.39
-98.0453,33.9356#46.09#28.42#25.49
-97.991,33.9366#46.05#28.34#25.61
-97.9366,33.9376#46.01#28.25#25.74
-97.8823,33.9386#45.96#28.15#25.89
-97.8279,33.9395#45.92#28.06#26.02
-97.7736,33.9405#45.88#27.97#26.15
-97.7192,33.9414#45.83#27.88#26.29
-97.6649,33.9423#45.79#27.78#26.43
-97.6105,33.9431#45.75#27.69#26.56
-97.5562,33.944#45.7#27.6#26.7
-97.5018,33.9448#45.66#27.5#26.84
-97.4474,33.9457#45.61#27.47#26.92
-97.3931,33.9465#45.55#27.43#27.02
-97.3387,33.9473#45.5#27.39#27.11
-97.2844,33.948#45.44#27.36#27.2
-97.23,33.9488#45.39#27.32#27.29
-97.1756,33.9495#45.34#27.29#27.37
-97.1213,33.9502#45.28#27.25#27.47
-97.0669,33.9509#45.23#27.22#27.55
-97.0125,33.9516#45.18#27.18#27.64
-96.9582,33.9523#45.11#27.16#27.73
-96.9038,33.9529#45.05#27.15#27.8
-96.8494,33.9535#44.98#27.14#27.88
-96.7951,33.9541#44.91#27.12#27.97
-96.7407,33.9547#44.84#27.11#28.05
-96.6863,33.9553#44.78#27.09#28.13
-96.632,33.9558#44.71#27.08#28.21
-96.5776,33.9564#44.64#27.07#28.29
-96.5232,33.9569#44.57#27.05#28.38
-96.4689,33.9574#44.51#27.05#28.44
-96.4145,33.9579#44.45#27.04#28.51
-96.3601,33.9583#44.39#27.04#28.57
-96.3058,33.9588#44.33#27.04#28.63
-96.2514,33.9592#44.27#27.04#28.69
-96.197,33.9596#44.21#27.04#28.75
-96.1426,33.96#44.15#27.04#28.81
-96.0883,33.9604#44.09#27.04#28.87
-96.0339,33.9607#44.02#27.03#28.95
-95.9795,33.9611#43.95#27.04#29.01
-95.9251,33.9614#43.87#27.06#29.07
-95.8708,33.9617#43.78#27.08#29.14
-95.8164,33.962#43.69#27.1#29.21
-95.762,33.9622#43.61#27.11#29.28
-95.7076,33.9625#43.52#27.13#29.35
-95.6533,33.9627#43.43#27.15#29.42
-95.5989,33.9629#43.34#27.17#29.49
-95.5445,33.9631#43.26#27.19#29.55
-95.4901,33.9633#43.17#27.21#29.62
-95.4358,33.9634#43.07#27.24#29.69
-95.3814,33.9636#42.98#27.28#29.74
-95.327,33.9637#42.89#27.32#29.79
-95.2726,33.9638#42.79#27.35#29.86
-95.2183,33.9639#42.7#27.39#29.91
-95.1639,33.9639#42.6#27.42#29.98
-95.1095,33.964#42.51#27.46#30.03
-95.0551,33.964#42.42#27.49#30.09
-95.0008,33.964#42.32#27.53#30.15
-94.9464,33.964#42.23#27.57#30.2
-94.892,33.964#42.14#27.6#30.26
-94.8376,33.9639#42.05#27.63#30.32
-94.7832,33.9639#41.96#27.67#30.37
-94.7289,33.9638#41.87#27.7#30.43
-94.6745,33.9637#41.78#27.74#30.48
-94.6201,33.9636#41.68#27.77#30.55
-94.5657,33.9634#41.59#27.81#30.6
-94.5114,33.9633#41.5#27.84#30.66
-94.457,33.9631#41.4#27.86#30.74
-94.4026,33.9629#41.3#27.87#30.83
-94.3482,33.9627#41.2#27.89#30.91
-94.2939,33.9625#41.1#27.9#31
-94.2395,33.9622#41#27.91#31.09
-94.1851,33.962#40.89#27.93#31.18
-94.1307,33.9617#40.79#27.94#31.27
-94.0764,33.9614#40.69#27.96#31.35
-94.022,33.9611#40.59#27.97#31.44
-93.9676,33.9607#40.49#27.98#31.53
-93.9132,33.9604#40.39#27.99#31.62
-93.8589,33.96#40.3#28#31.7
-93.8045,33.9596#40.2#28.01#31.79
-93.7501,33.9592#40.1#28.02#31.88
-93.6958,33.9588#40.01#28.02#31.97
-93.6414,33.9584#39.91#28.03#32.06
-93.587,33.9579#39.81#28.04#32.15
-93.5326,33.9574#39.72#28.05#32.23
-93.4783,33.9569#39.61#28.06#32.33
-93.4239,33.9564#39.49#28.06#32.45
-93.3695,33.9559#39.37#28.07#32.56
-93.3152,33.9553#39.24#28.07#32.69
-93.2608,33.9547#39.12#28.08#32.8
-93.2064,33.9542#39#28.08#32.92
-93.1521,33.9536#38.88#28.09#33.03
-93.0977,33.9529#38.76#28.09#33.15
-93.0433,33.9523#38.64#28.09#33.27
-92.989,33.9516#38.51#28.1#33.39
-92.9346,33.9509#38.38#28.1#33.52
-92.8802,33.9503#38.24#28.11#33.65
-92.8259,33.9495#38.11#28.11#33.78
-92.7715,33.9488#37.98#28.12#33.9
-92.7171,33.9481#37.84#28.12#34.04
-92.6628,33.9473#37.71#28.12#34.17
-92.6084,33.9465#37.57#28.13#34.3
-92.5541,33.9457#37.44#28.13#34.43
-92.4997,33.9449#37.3#28.13#34.57
-92.4453,33.944#37.19#28.14#34.67
-92.391,33.9432#37.07#28.15#34.78
-92.3366,33.9423#36.95#28.16#34.89
-92.2823,33.9414#36.84#28.17#34.99
-92.2279,33.9405#36.72#28.18#35.1
-92.1736,33.9396#36.6#28.19#35.21
-92.1192,33.9386#36.49#28.2#35.31
-92.0649,33.9376#36.37#28.21#35.42
-92.0105,33.9367#36.25#28.22#35.53
-91.9562,33.9356#36.15#28.23#35.62
-91.9018,33.9346#36.05#28.24#35.71
-91.8475,33.9336#35.95#28.25#35.8
-91.7931,33.9325#35.85#28.26#35.89
-91.7388,33.9315#35.75#28.28#35.97
-91.6844,33.9304#35.64#28.29#36.07
-91.6301,33.9292#35.54#28.3#36.16
-91.5757,33.9281#35.44#28.31#36.25
-91.5214,33.927#35.34#28.32#36.34
-91.4671,33.9258#35.24#28.34#36.42
-91.4127,33.9246#35.15#28.35#36.5
-91.3584,33.9234#35.06#28.36#36.58
-91.3041,33.9222#34.97#28.37#36.66
-91.2497,33.921#34.87#28.38#36.75
-91.1954,33.9197#34.78#28.39#36.83
-91.141,33.9184#34.69#28.4#36.91
-91.0867,33.9171#34.59#28.42#36.99
-91.0324,33.9158#34.5#28.43#37.07
-90.9781,33.9145#34.41#28.44#37.15
-90.9237,33.9131#34.33#28.45#37.22
-90.8694,33.9118#34.25#28.46#37.29
-90.8151,33.9104#34.17#28.47#37.36
-90.7607,33.909#34.09#28.49#37.42
-90.7064,33.9076#34.01#28.5#37.49
-90.6521,33.9061#33.93#28.51#37.56
-90.5978,33.9047#33.85#28.52#37.63
-90.5435,33.9032#33.77#28.54#37.69
-90.4891,33.9017#33.68#28.55#37.77
-90.4348,33.9002#33.59#28.55#37.86
-100.926,33.9016#46.91#27.01#26.08
-100.872,33.9036#46.91#27.01#26.08
-100.818,33.9055#46.9#27.01#26.09
-100.764,33.9075#46.9#27#26.1
-100.709,33.9094#46.9#27#26.1
-100.655,33.9113#46.9#27#26.1
-100.601,33.9131#46.9#27#26.1
-100.546,33.915#46.89#27#26.11
-100.492,33.9168#46.89#27#26.11
-100.438,33.9186#46.89#27#26.11
-100.383,33.9204#46.88#27#26.12
-100.329,33.9222#46.88#27#26.12
-100.275,33.924#46.88#27#26.12
-100.22,33.9257#46.87#27#26.13
-100.166,33.9275#46.87#27#26.13
-100.112,33.9292#46.87#27#26.13
-100.057,33.9309#46.86#27.01#26.13
-100.003,33.9325#46.86#27.01#26.13
-99.9488,33.9342#46.85#27.08#26.07
-99.8945,33.9358#46.84#27.17#25.99
-99.8402,33.9374#46.83#27.25#25.92
-99.7858,33.939#46.82#27.33#25.85
-99.7315,33.9406#46.81#27.41#25.78
-99.6772,33.9422#46.8#27.5#25.7
-99.6228,33.9437#46.8#27.58#25.62
-99.5685,33.9453#46.79#27.66#25.55
-99.5142,33.9468#46.78#27.75#25.47
-99.4598,33.9483#46.76#27.84#25.4
-99.4055,33.9497#46.75#27.93#25.32
-99.3511,33.9512#46.73#28.02#25.25
-99.2968,33.9526#46.72#28.12#25.16
-99.2425,33.9541#46.7#28.21#25.09
-99.1881,33.9555#46.68#28.3#25.02
-99.1338,33.9568#46.67#28.39#24.94
-99.0794,33.9582#46.65#28.49#24.86
-99.0251,33.9596#46.64#28.58#24.78
-98.9707,33.9609#46.62#28.65#24.73
-98.9164,33.9622#46.6#28.69#24.71
-98.862,33.9635#46.58#28.74#24.68
-98.8076,33.9648#46.55#28.79#24.66
-98.7533,33.966#46.53#28.83#24.64
-98.6989,33.9673#46.51#28.88#24.61
-98.6446,33.9685#46.49#28.92#24.59
-98.5902,33.9697#46.47#28.97#24.56
-98.5359,33.9709#46.45#29.02#24.53
-98.4815,33.972#46.42#29.02#24.56
-98.4271,33.9732#46.39#28.95#24.66
-98.3728,33.9743#46.35#28.87#24.78
-98.3184,33.9754#46.32#28.8#24.88
-98.264,33.9765#46.29#28.72#24.99
-98.2097,33.9776#46.25#28.65#25.1
-98.1553,33.9787#46.22#28.57#25.21
-98.1009,33.9797#46.19#28.5#25.31
-98.0466,33.9807#46.15#28.43#25.42
-97.9922,33.9817#46.12#28.35#25.53
-97.9378,33.9827#46.08#28.26#25.66
-97.8834,33.9837#46.04#28.16#25.8
-97.8291,33.9846#46#28.07#25.93
-97.7747,33.9856#45.96#27.98#26.06
-97.7203,33.9865#45.92#27.88#26.2
-97.6659,33.9874#45.88#27.79#26.33
-97.6116,33.9883#45.83#27.7#26.47
-97.5572,33.9891#45.79#27.6#26.61
-97.5028,33.99#45.75#27.51#26.74
-97.4484,33.9908#45.7#27.47#26.83
-97.394,33.9916#45.65#27.44#26.91
-97.3397,33.9924#45.6#27.4#27
-97.2853,33.9931#45.55#27.36#27.09
-97.2309,33.9939#45.5#27.33#27.17
-97.1765,33.9946#45.45#27.29#27.26
-97.1221,33.9953#45.4#27.26#27.34
-97.0677,33.996#45.35#27.22#27.43
-97.0133,33.9967#45.3#27.19#27.51
-96.959,33.9974#45.24#27.17#27.59
-96.9046,33.998#45.17#27.15#27.68
-96.8502,33.9986#45.11#27.14#27.75
-96.7958,33.9992#45.05#27.12#27.83
-96.7414,33.9998#44.98#27.11#27.91
-96.687,34.0004#44.92#27.1#27.98
-96.6326,34.001#44.85#27.08#28.07
-96.5782,34.0015#44.79#27.07#28.14
-96.5238,34.002#44.72#27.06#28.22
-96.4695,34.0025#44.66#27.05#28.29
-96.4151,34.003#44.6#27.05#28.35
-96.3607,34.0034#44.54#27.05#28.41
-96.3063,34.0039#44.49#27.05#28.46
-96.2519,34.0043#44.43#27.05#28.52
-96.1975,34.0047#44.37#27.05#28.58
-96.1431,34.0051#44.31#27.05#28.64
-96.0887,34.0055#44.25#27.05#28.7
-96.0343,34.0058#44.19#27.05#28.76
-95.9799,34.0062#44.12#27.06#28.82
-95.9255,34.0065#44.03#27.08#28.89
-95.8711,34.0068#43.95#27.1#28.95
-95.8167,34.0071#43.87#27.12#29.01
-95.7623,34.0073#43.78#27.14#29.08
-95.7079,34.0076#43.7#27.16#29.14
-95.6535,34.0078#43.61#27.18#29.21
-95.5991,34.008#43.53#27.2#29.27
-95.5447,34.0082#43.44#27.22#29.34
-95.4903,34.0084#43.36#27.24#29.4
-95.4359,34.0085#43.26#27.27#29.47
-95.3815,34.0087#43.17#27.31#29.52
-95.3271,34.0088#43.08#27.35#29.57
-95.2727,34.0089#42.99#27.38#29.63
-95.2183,34.009#42.89#27.42#29.69
-95.1639,34.009#42.8#27.46#29.74
-95.1095,34.0091#42.71#27.49#29.8
-95.0552,34.0091#42.62#27.53#29.85
-95.0008,34.0091#42.52#27.57#29.91
-94.9464,34.0091#42.44#27.6#29.96
-94.892,34.0091#42.35#27.63#30.02
-94.8376,34.009#42.26#27.66#30.08
-94.7832,34.009#42.17#27.69#30.14
-94.7288,34.0089#42.09#27.73#30.18
-94.6744,34.0088#42#27.76#30.24
-94.62,34.0087#41.91#27.79#30.3
-94.5656,34.0085#41.82#27.82#30.36
-94.5112,34.0084#41.74#27.85#30.41
-94.4568,34.0082#41.64#27.87#30.49
-94.4024,34.008#41.54#27.88#30.58
-94.348,34.0078#41.44#27.9#30.66
-94.2936,34.0076#41.33#27.91#30.76
-94.2392,34.0073#41.23#27.92#30.85
-94.1848,34.0071#41.13#27.94#30.93
-94.1304,34.0068#41.03#27.95#31.02
-94.076,34.0065#40.93#27.96#31.11
-94.0216,34.0062#40.83#27.98#31.19
-93.9672,34.0058#40.73#27.99#31.28
-93.9128,34.0055#40.63#28#31.37
-93.8584,34.0051#40.53#28#31.47
-93.804,34.0047#40.43#28.01#31.56
-93.7496,34.0043#40.34#28.02#31.64
-93.6952,34.0039#40.24#28.03#31.73
-93.6408,34.0035#40.14#28.04#31.82
-93.5864,34.003#40.04#28.05#31.91
-93.532,34.0025#39.94#28.05#32.01
-93.4777,34.002#39.83#28.06#32.11
-93.4233,34.0015#39.71#28.06#32.23
-93.3689,34.001#39.58#28.07#32.35
-93.3145,34.0004#39.45#28.07#32.48
-93.2601,33.9999#39.33#28.08#32.59
-93.2057,33.9993#39.2#28.08#32.72
-93.1513,33.9987#39.07#28.09#32.84
-93.0969,33.998#38.94#28.09#32.97
-93.0425,33.9974#38.82#28.1#33.08
-92.9882,33.9967#38.69#28.1#33.21
-92.9338,33.9961#38.55#28.1#33.35
-92.8794,33.9954#38.42#28.11#33.47
-92.825,33.9946#38.28#28.11#33.61
-92.7706,33.9939#38.15#28.12#33.73
-92.7162,33.9932#38.01#28.12#33.87
-92.6618,33.9924#37.88#28.12#34
-92.6075,33.9916#37.74#28.13#34.13
-92.5531,33.9908#37.61#28.13#34.26
-92.4987,33.99#37.47#28.13#34.4
-92.4443,33.9891#37.35#28.14#34.51
-92.3899,33.9883#37.24#28.15#34.61
-92.3356,33.9874#37.12#28.16#34.72
-92.2812,33.9865#37#28.17#34.83
-92.2268,33.9856#36.88#28.18#34.94
-92.1724,33.9847#36.77#28.18#35.05
-92.1181,33.9837#36.65#28.19#35.16
-92.0637,33.9827#36.53#28.2#35.27
-92.0093,33.9818#36.42#28.21#35.37
-91.9549,33.9808#36.31#28.22#35.47
-91.9006,33.9797#36.21#28.23#35.56
-91.8462,33.9787#36.1#28.24#35.66
-91.7918,33.9776#36#28.26#35.74
-91.7375,33.9766#35.9#28.27#35.83
-91.6831,33.9755#35.8#28.28#35.92
-91.6287,33.9744#35.69#28.29#36.02
-91.5744,33.9732#35.59#28.3#36.11
-91.52,33.9721#35.49#28.31#36.2
-91.4656,33.9709#35.39#28.33#36.28
-91.4113,33.9697#35.3#28.34#36.36
-91.3569,33.9685#35.2#28.35#36.45
-91.3026,33.9673#35.11#28.36#36.53
-91.2482,33.9661#35.02#28.37#36.61
-91.1939,33.9648#34.92#28.38#36.7
-91.1395,33.9635#34.83#28.39#36.78
-91.0851,33.9622#34.74#28.41#36.85
-91.0308,33.9609#34.64#28.42#36.94
-90.9764,33.9596#34.55#28.43#37.02
-90.9221,33.9582#34.47#28.44#37.09
-90.8677,33.9569#34.39#28.45#37.16
-90.8134,33.9555#34.31#28.46#37.23
-90.759,33.9541#34.23#28.48#37.29
-90.7047,33.9527#34.14#28.49#37.37
-90.6504,33.9512#34.06#28.5#37.44
-90.596,33.9498#33.98#28.51#37.51
-90.5417,33.9483#33.9#28.52#37.58
-90.4873,33.9468#33.81#28.53#37.66
-90.433,33.9453#33.72#28.54#37.74
-90.3787,33.9438#33.62#28.54#37.84
-90.3243,33.9422#33.52#28.54#37.94
-90.27,33.9407#33.43#28.55#38.02
-90.2157,33.9391#33.33#28.55#38.12
-90.1613,33.9375#33.24#28.55#38.21
-90.107,33.9359#33.14#28.56#38.3
-90.0527,33.9342#33.05#28.56#38.39
-89.9984,33.9326#32.95#28.57#38.48
-89.944,33.9309#32.86#28.59#38.55
-89.8897,33.9292#32.77#28.61#38.62
-89.8354,33.9275#32.69#28.63#38.68
-89.7811,33.9258#32.6#28.65#38.75
-89.7268,33.924#32.51#28.68#38.81
-89.6724,33.9223#32.42#28.7#38.88
-89.6181,33.9205#32.34#28.72#38.94
-89.5638,33.9187#32.25#28.75#39
-89.5095,33.9169#32.16#28.77#39.07
-89.4552,33.915#32.07#28.82#39.11
-89.4009,33.9132#31.98#28.87#39.15
-89.3466,33.9113#31.88#28.92#39.2
-89.2923,33.9094#31.79#28.98#39.23
-89.238,33.9075#31.7#29.03#39.27
-89.1837,33.9056#31.6#29.09#39.31
-89.1294,33.9036#31.51#29.14#39.35
-89.0751,33.9017#31.42#29.2#39.38
-102.069,33.9013#46.92#27.09#25.99
-102.015,33.9037#46.92#27.08#26
-101.96,33.906#46.92#27.07#26.01
-101.906,33.9083#46.92#27.06#26.02
-101.852,33.9106#46.92#27.06#26.02
-101.798,33.9129#46.92#27.05#26.03
-101.743,33.9151#46.92#27.05#26.03
-101.689,33.9173#46.92#27.04#26.04
-101.635,33.9196#46.92#27.04#26.04
-101.58,33.9217#46.92#27.03#26.05
-101.526,33.9239#46.92#27.03#26.05
-101.472,33.9261#46.92#27.02#26.06
-101.418,33.9282#46.92#27.02#26.06
-101.363,33.9304#46.92#27.02#26.06
-101.309,33.9325#46.92#27.02#26.06
-101.255,33.9346#46.92#27.01#26.07
-101.2,33.9366#46.92#27.01#26.07
-101.146,33.9387#46.91#27.01#26.08
-101.092,33.9407#46.91#27.01#26.08
-101.037,33.9427#46.91#27.01#26.08
-100.983,33.9447#46.91#27.01#26.08
-100.929,33.9467#46.91#27.01#26.08
-100.874,33.9487#46.91#27#26.09
-100.82,33.9506#46.91#27#26.09
-100.766,33.9525#46.9#27#26.1
-100.712,33.9545#46.9#27#26.1
-100.657,33.9563#46.9#27#26.1
-100.603,33.9582#46.9#27#26.1
-100.549,33.9601#46.9#27#26.1
-100.494,33.9619#46.9#27#26.1
-100.44,33.9637#46.89#27#26.11
-100.386,33.9655#46.89#27#26.11
-100.331,33.9673#46.89#27#26.11
-100.277,33.9691#46.88#27#26.12
-100.223,33.9708#46.88#27#26.12
-100.168,33.9725#46.88#27#26.12
-100.114,33.9743#46.87#27#26.13
-100.059,33.9759#46.87#27#26.13
-100.005,33.9776#46.87#27.01#26.12
-99.9508,33.9793#46.86#27.08#26.06
-99.8965,33.9809#46.85#27.16#25.99
-99.8421,33.9825#46.84#27.25#25.91
-99.7878,33.9841#46.83#27.33#25.84
-99.7334,33.9857#46.82#27.41#25.77
-99.679,33.9873#46.82#27.5#25.68
-99.6247,33.9888#46.81#27.58#25.61
-99.5703,33.9904#46.8#27.66#25.54
-99.516,33.9919#46.79#27.75#25.46
-99.4616,33.9934#46.78#27.84#25.38
-99.4073,33.9948#46.77#27.93#25.3
-99.3529,33.9963#46.75#28.03#25.22
-99.2985,33.9977#46.74#28.12#25.14
-99.2442,33.9992#46.72#28.21#25.07
-99.1898,34.0006#46.71#28.31#24.98
-99.1354,34.0019#46.69#28.4#24.91
-99.081,34.0033#46.68#28.49#24.83
-99.0267,34.0047#46.67#28.59#24.74
-98.9723,34.006#46.65#28.66#24.69
-98.9179,34.0073#46.63#28.7#24.67
-98.8636,34.0086#46.61#28.75#24.64
-98.8092,34.0099#46.59#28.8#24.61
-98.7548,34.0111#46.57#28.84#24.59
-98.7004,34.0124#46.55#28.89#24.56
-98.646,34.0136#46.53#28.93#24.54
-98.5917,34.0148#46.51#28.98#24.51
-98.5373,34.016#46.49#29.03#24.48
-98.4829,34.0171#46.47#29.03#24.5
-98.4285,34.0183#46.44#28.96#24.6
-98.3741,34.0194#46.41#28.88#24.71
-98.3197,34.0205#46.38#28.81#24.81
-98.2653,34.0216#46.35#28.73#24.92
-98.211,34.0227#46.31#28.66#25.03
-98.1566,34.0238#46.28#28.58#25.14
-98.1022,34.0248#46.25#28.51#25.24
-98.0478,34.0258#46.22#28.43#25.35
-97.9934,34.0268#46.19#28.36#25.45
-97.939,34.0278#46.15#28.26#25.59
-97.8846,34.0288#46.11#28.17#25.72
-97.8302,34.0297#46.08#28.08#25.84
-97.7758,34.0307#46.04#27.98#25.98
-97.7214,34.0316#46#27.89#26.11
-97.667,34.0325#45.96#27.8#26.24
-97.6126,34.0334#45.92#27.7#26.38
-97.5582,34.0342#45.89#27.61#26.5
-97.5038,34.0351#45.85#27.52#26.63
-97.4494,34.0359#45.8#27.48#26.72
-97.395,34.0367#45.75#27.44#26.81
-97.3406,34.0375#45.71#27.4#26.89
-97.2862,34.0382#45.66#27.37#26.97
-97.2318,34.039#45.61#27.33#27.06
-97.1774,34.0397#45.56#27.3#27.14
-97.123,34.0404#45.52#27.26#27.22
-97.0686,34.0411#45.47#27.23#27.3
-97.0142,34.0418#45.42#27.19#27.39
-96.9597,34.0425#45.36#27.17#27.47
-96.9053,34.0431#45.3#27.16#27.54
-96.8509,34.0437#45.24#27.14#27.62
-96.7965,34.0444#45.18#27.13#27.69
-96.7421,34.0449#45.12#27.11#27.77
-96.6877,34.0455#45.06#27.1#27.84
-96.6333,34.0461#45#27.09#27.91
-96.5789,34.0466#44.94#27.07#27.99
-96.5245,34.0471#44.88#27.06#28.06
-96.47,34.0476#44.82#27.05#28.13
-96.4156,34.0481#44.76#27.05#28.19
-96.3612,34.0486#44.7#27.06#28.24
-96.3068,34.049#44.64#27.06#28.3
-96.2524,34.0494#44.58#27.06#28.36
-96.198,34.0498#44.52#27.06#28.42
-96.1436,34.0502#44.47#27.06#28.47
-96.0891,34.0506#44.41#27.06#28.53
-96.0347,34.0509#44.35#27.06#28.59
-95.9803,34.0513#44.28#27.07#28.65
-95.9259,34.0516#44.2#27.09#28.71
-95.8715,34.0519#44.12#27.11#28.77
-95.817,34.0522#44.04#27.14#28.82
-95.7626,34.0524#43.96#27.16#28.88
-95.7082,34.0527#43.87#27.18#28.95
-95.6538,34.0529#43.79#27.2#29.01
-95.5994,34.0531#43.71#27.22#29.07
-95.545,34.0533#43.63#27.24#29.13
-95.4905,34.0535#43.55#27.27#29.18
-95.4361,34.0536#43.46#27.31#29.23
-95.3817,34.0538#43.36#27.34#29.3
-95.3273,34.0539#43.27#27.38#29.35
-95.2729,34.054#43.18#27.42#29.4
-95.2184,34.0541#43.09#27.45#29.46
-95.164,34.0541#43#27.49#29.51
-95.1096,34.0542#42.91#27.53#29.56
-95.0552,34.0542#42.82#27.57#29.61
-95.0008,34.0542#42.73#27.6#29.67
-94.9463,34.0542#42.64#27.63#29.73
-94.8919,34.0542#42.56#27.66#29.78
-94.8375,34.0541#42.48#27.69#29.83
-94.7831,34.0541#42.39#27.72#29.89
-94.7287,34.054#42.31#27.75#29.94
-94.6742,34.0539#42.22#27.78#30
-94.6198,34.0538#42.14#27.81#30.05
-94.5654,34.0536#42.06#27.84#30.1
-94.511,34.0535#41.97#27.87#30.16
-94.4566,34.0533#41.87#27.88#30.25
-94.4021,34.0531#41.77#27.9#30.33
-94.3477,34.0529#41.67#27.91#30.42
-94.2933,34.0527#41.57#27.92#30.51
-94.2389,34.0524#41.47#27.93#30.6
-94.1845,34.0522#41.37#27.95#30.68
-94.13,34.0519#41.27#27.96#30.77
-94.0756,34.0516#41.16#27.97#30.87
-94.0212,34.0513#41.06#27.99#30.95
-93.9668,34.051#40.96#28#31.04
-93.9124,34.0506#40.86#28#31.14
-93.858,34.0502#40.77#28.01#31.22
-93.8035,34.0498#40.67#28.02#31.31
-93.7491,34.0494#40.57#28.03#31.4
-93.6947,34.049#40.47#28.03#31.5
-93.6403,34.0486#40.37#28.04#31.59
-93.5859,34.0481#40.27#28.05#31.68
-93.5315,34.0476#40.17#28.06#31.77
-93.477,34.0471#40.06#28.06#31.88
-93.4226,34.0466#39.93#28.07#32
-93.3682,34.0461#39.79#28.07#32.14
-93.3138,34.0455#39.66#28.08#32.26
-93.2594,34.045#39.53#28.08#32.39
-93.205,34.0444#39.4#28.09#32.51
-93.1506,34.0438#39.26#28.09#32.65
-93.0962,34.0431#39.13#28.09#32.78
-93.0418,34.0425#39#28.1#32.9
-92.9873,34.0418#38.86#28.1#33.04
-92.9329,34.0412#38.73#28.11#33.16
-92.8785,34.0405#38.59#28.11#33.3
-92.8241,34.0397#38.46#28.11#33.43
-92.7697,34.039#38.32#28.12#33.56
-92.7153,34.0383#38.18#28.12#33.7
-92.6609,34.0375#38.05#28.12#33.83
-92.6065,34.0367#37.91#28.13#33.96
-92.5521,34.0359#37.77#28.13#34.1
-92.4977,34.0351#37.64#28.13#34.23
-92.4433,34.0342#37.52#28.14#34.34
-92.3889,34.0334#37.4#28.15#34.45
-92.3345,34.0325#37.28#28.16#34.56
-92.2801,34.0316#37.17#28.16#34.67
-92.2257,34.0307#37.05#28.17#34.78
-92.1713,34.0298#36.93#28.18#34.89
-92.1169,34.0288#36.81#28.19#35
-92.0625,34.0278#36.69#28.19#35.12
-92.0081,34.0269#36.58#28.2#35.22
-91.9537,34.0259#36.47#28.21#35.32
-91.8993,34.0248#36.37#28.22#35.41
-91.8449,34.0238#36.26#28.24#35.5
-91.7905,34.0227#36.16#28.25#35.59
-91.7362,34.0217#36.05#28.26#35.69
-91.6818,34.0206#35.95#28.27#35.78
-91.6274,34.0195#35.85#28.28#35.87
-91.573,34.0183#35.74#28.29#35.97
-91.5186,34.0172#35.64#28.31#36.05
-91.4642,34.016#35.54#28.32#36.14
-91.4098,34.0148#35.45#28.33#36.22
-91.3555,34.0136#35.35#28.34#36.31
-91.3011,34.0124#35.26#28.35#36.39
-91.2467,34.0112#35.16#28.36#36.48
-91.1923,34.0099#35.07#28.37#36.56
-91.1379,34.0086#34.97#28.38#36.65
-91.0836,34.0073#34.88#28.4#36.72
-91.0292,34.006#34.78#28.41#36.81
-90.9748,34.0047#34.69#28.42#36.89
-90.9205,34.0033#34.61#28.43#36.96
-90.8661,34.002#34.53#28.44#37.03
-90.8117,34.0006#34.44#28.45#37.11
-90.7573,33.9992#34.36#28.47#37.17
-90.703,33.9978#34.28#28.48#37.24
-90.6486,33.9963#34.2#28.49#37.31
-90.5943,33.9949#34.11#28.5#37.39
-90.5399,33.9934#34.03#28.51#37.46
-90.4855,33.9919#33.94#28.52#37.54
-90.4312,33.9904#33.84#28.52#37.64
-90.3768,33.9889#33.74#28.53#37.73
-90.3225,33.9873#33.64#28.53#37.83
-90.2681,33.9858#33.54#28.53#37.93
-90.2137,33.9842#33.44#28.54#38.02
-90.1594,33.9826#33.35#28.54#38.11
-90.105,33.981#33.25#28.55#38.2
-90.0507,33.9793#33.15#28.55#38.3
-89.9963,33.9777#33.05#28.55#38.4
-89.942,33.976#32.96#28.57#38.47
-89.8877,33.9743#32.87#28.59#38.54
-89.8333,33.9726#32.78#28.61#38.61
-89.779,33.9709#32.68#28.63#38.69
-89.7246,33.9691#32.59#28.65#38.76
-89.6703,33.9674#32.5#28.67#38.83
-89.616,33.9656#32.41#28.69#38.9
-89.5616,33.9638#32.32#28.71#38.97
-89.5073,33.962#32.23#28.73#39.04
-89.453,33.9601#32.14#28.78#39.08
-89.3986,33.9583#32.05#28.83#39.12
-89.3443,33.9564#31.95#28.88#39.17
-89.29,33.9545#31.86#28.93#39.21
-89.2357,33.9526#31.77#28.98#39.25
-89.1813,33.9507#31.67#29.03#39.3
-89.127,33.9487#31.58#29.09#39.33
-89.0727,33.9468#31.48#29.14#39.38
-89.0184,33.9448#31.39#29.19#39.42
-88.9641,33.9428#31.27#29.26#39.47
-88.9098,33.9408#31.13#29.34#39.53
-88.8555,33.9387#30.99#29.43#39.58
-88.8012,33.9367#30.85#29.51#39.64
-88.7468,33.9346#30.71#29.59#39.7
-88.6925,33.9325#30.57#29.68#39.75
-88.6382,33.9304#30.43#29.76#39.81
-88.5839,33.9283#30.29#29.84#39.87
-88.5296,33.9261#30.15#29.93#39.92
-88.4753,33.924#30.01#30.02#39.97
-88.4211,33.9218#29.87#30.12#40.01
-88.3668,33.9196#29.73#30.22#40.05
-88.3125,33.9174#29.59#30.32#40.09
-88.2582,33.9152#29.45#30.41#40.14
-88.2039,33.9129#29.31#30.51#40.18
-88.1496,33.9106#29.17#30.61#40.22
-88.0953,33.9084#29.03#30.71#40.26
-88.0411,33.9061#28.89#30.81#40.3
-87.9868,33.9037#28.75#30.92#40.33
-87.9325,33.9014#28.66#31.03#40.31
-103.049,33.9011#46.93#27.48#25.59
-102.994,33.9038#46.93#27.44#25.63
-102.94,33.9064#46.93#27.41#25.66
-102.886,33.9091#46.93#27.38#25.69
-102.832,33.9117#46.93#27.35#25.72
-102.777,33.9143#46.93#27.32#25.75
-102.723,33.9169#46.93#27.29#25.78
-102.669,33.9194#46.93#27.26#25.81
-102.615,33.922#46.93#27.23#25.84
-102.56,33.9245#46.93#27.2#25.87
-102.506,33.927#46.93#27.17#25.9
-102.452,33.9295#46.93#27.16#25.91
-102.398,33.9319#46.93#27.15#25.92
-102.343,33.9344#46.93#27.14#25.93
-102.289,33.9368#46.93#27.12#25.95
-102.235,33.9392#46.93#27.11#25.96
-102.18,33.9416#46.93#27.1#25.97
-102.126,33.944#46.93#27.09#25.98
-102.072,33.9464#46.92#27.08#26
-102.018,33.9487#46.92#27.07#26.01
-101.963,33.951#46.92#27.06#26.02
-101.909,33.9534#46.92#27.06#26.02
-101.855,33.9556#46.92#27.05#26.03
-101.8,33.9579#46.92#27.05#26.03
-101.746,33.9602#46.92#27.04#26.04
-101.692,33.9624#46.92#27.04#26.04
-101.637,33.9646#46.92#27.03#26.05
-101.583,33.9668#46.92#27.03#26.05
-101.529,33.969#46.92#27.02#26.06
-101.474,33.9712#46.92#27.02#26.06
-101.42,33.9733#46.92#27.02#26.06
-101.366,33.9754#46.92#27.02#26.06
-101.311,33.9775#46.92#27.01#26.07
-101.257,33.9796#46.92#27.01#26.07
-101.203,33.9817#46.92#27.01#26.07
-101.149,33.9837#46.92#27.01#26.07
-101.094,33.9858#46.92#27.01#26.07
-101.04,33.9878#46.91#27.01#26.08
-100.986,33.9898#46.91#27#26.09
-100.931,33.9918#46.91#27#26.09
-100.877,33.9937#46.91#27#26.09
-100.822,33.9957#46.91#27#26.09
-100.768,33.9976#46.91#27#26.09
-100.714,33.9995#46.91#27#26.09
-100.659,34.0014#46.9#27#26.1
-100.605,34.0033#46.9#27#26.1
-100.551,34.0051#46.9#27#26.1
-100.496,34.007#46.9#27#26.1
-100.442,34.0088#46.9#27#26.1
-100.388,34.0106#46.89#27#26.11
-100.333,34.0124#46.89#27#26.11
-100.279,34.0141#46.89#27#26.11
-100.225,34.0159#46.88#27#26.12
-100.17,34.0176#46.88#27#26.12
-100.116,34.0193#46.88#27#26.12
-100.062,34.021#46.88#27#26.12
-100.007,34.0227#46.87#27.01#26.12
-99.9528,34.0244#46.87#27.08#26.05
-99.8984,34.026#46.86#27.16#25.98
-99.8441,34.0276#46.85#27.25#25.9
-99.7897,34.0292#46.84#27.33#25.83
-99.7353,34.0308#46.84#27.41#25.75
-99.6809,34.0324#46.83#27.5#25.67
-99.6265,34.0339#46.82#27.58#25.6
-99.5722,34.0354#46.81#27.67#25.52
-99.5178,34.037#46.81#27.75#25.44
-99.4634,34.0384#46.8#27.84#25.36
-99.409,34.0399#46.78#27.94#25.28
-99.3546,34.0414#46.77#28.03#25.2
-99.3002,34.0428#46.76#28.12#25.12
-99.2459,34.0442#46.75#28.22#25.03
-99.1915,34.0456#46.73#28.31#24.96
-99.1371,34.047#46.72#28.41#24.87
-99.0827,34.0484#46.71#28.5#24.79
-99.0283,34.0497#46.7#28.6#24.7
-98.9739,34.0511#46.68#28.67#24.65
-98.9195,34.0524#46.66#28.71#24.63
-98.8651,34.0537#46.65#28.76#24.59
-98.8107,34.055#46.63#28.81#24.56
-98.7563,34.0562#46.61#28.85#24.54
-98.7019,34.0575#46.59#28.9#24.51
-98.6475,34.0587#46.57#28.94#24.49
-98.5931,34.0599#46.56#28.99#24.45
-98.5387,34.0611#46.54#29.04#24.42
-98.4843,34.0622#46.52#29.05#24.43
-98.4299,34.0634#46.49#28.97#24.54
-98.3755,34.0645#46.46#28.9#24.64
-98.3211,34.0656#46.43#28.82#24.75
-98.2667,34.0667#46.4#28.74#24.86
-98.2122,34.0678#46.37#28.67#24.96
-98.1578,34.0689#46.35#28.59#25.06
-98.1034,34.0699#46.32#28.52#25.16
-98.049,34.0709#46.29#28.44#25.27
-97.9946,34.0719#46.26#28.36#25.38
-97.9402,34.0729#46.22#28.27#25.51
-97.8858,34.0739#46.19#28.18#25.63
-97.8313,34.0748#46.15#28.08#25.77
-97.7769,34.0758#46.12#27.99#25.89
-97.7225,34.0767#46.08#27.9#26.02
-97.6681,34.0776#46.05#27.8#26.15
-97.6137,34.0785#46.01#27.71#26.28
-97.5592,34.0793#45.98#27.61#26.41
-97.5048,34.0802#45.94#27.52#26.54
-97.4504,34.081#45.9#27.48#26.62
-97.396,34.0818#45.85#27.44#26.71
-97.3415,34.0826#45.81#27.41#26.78
-97.2871,34.0833#45.76#27.37#26.87
-97.2327,34.0841#45.72#27.34#26.94
-97.1783,34.0848#45.68#27.3#27.02
-97.1238,34.0855#45.63#27.27#27.1
-97.0694,34.0862#45.59#27.23#27.18
-97.015,34.0869#45.54#27.19#27.27
-96.9605,34.0876#45.49#27.17#27.34
-96.9061,34.0882#45.43#27.16#27.41
-96.8517,34.0888#45.37#27.15#27.48
-96.7972,34.0895#45.31#27.13#27.56
-96.7428,34.09#45.26#27.12#27.62
-96.6884,34.0906#45.2#27.1#27.7
-96.6339,34.0912#45.14#27.09#27.77
-96.5795,34.0917#45.08#27.08#27.84
-96.5251,34.0922#45.03#27.06#27.91
-96.4706,34.0927#44.97#27.06#27.97
-96.4162,34.0932#44.91#27.06#28.03
-96.3618,34.0937#44.85#27.06#28.09
-96.3073,34.0941#44.8#27.06#28.14
-96.2529,34.0945#44.74#27.07#28.19
-96.1985,34.0949#44.68#27.07#28.25
-96.144,34.0953#44.63#27.07#28.3
-96.0896,34.0957#44.57#27.07#28.36
-96.0351,34.096#44.51#27.08#28.41
-95.9807,34.0964#44.45#27.09#28.46
-95.9263,34.0967#44.37#27.11#28.52
-95.8718,34.097#44.29#27.13#28.58
-95.8174,34.0973#44.21#27.16#28.63
-95.7629,34.0975#44.13#27.18#28.69
-95.7085,34.0978#44.05#27.2#28.75
-95.6541,34.098#43.97#27.23#28.8
-95.5996,34.0982#43.89#27.25#28.86
-95.5452,34.0984#43.82#27.27#28.91
-95.4907,34.0986#43.74#27.3#28.96
-95.4363,34.0987#43.65#27.34#29.01
-95.3818,34.0989#43.56#27.37#29.07
-95.3274,34.099#43.47#27.41#29.12
-95.273,34.0991#43.38#27.45#29.17
-95.2185,34.0992#43.29#27.49#29.22
-95.1641,34.0992#43.2#27.53#29.27
-95.1096,34.0993#43.11#27.56#29.33
-95.0552,34.0993#43.02#27.6#29.38
-95.0008,34.0993#42.93#27.64#29.43
-94.9463,34.0993#42.85#27.67#29.48
-94.8919,34.0993#42.77#27.69#29.54
-94.8374,34.0992#42.69#27.72#29.59
-94.783,34.0992#42.61#27.75#29.64
-94.7285,34.0991#42.53#27.77#29.7
-94.6741,34.099#42.45#27.8#29.75
-94.6197,34.0989#42.37#27.83#29.8
-94.5652,34.0987#42.29#27.85#29.86
-94.5108,34.0986#42.21#27.88#29.91
-94.4563,34.0984#42.11#27.9#29.99
-94.4019,34.0982#42.01#27.91#30.08
-94.3475,34.098#41.91#27.92#30.17
-94.293,34.0978#41.81#27.93#30.26
-94.2386,34.0975#41.71#27.94#30.35
-94.1841,34.0973#41.6#27.96#30.44
-94.1297,34.097#41.5#27.97#30.53
-94.0752,34.0967#41.4#27.98#30.62
-94.0208,34.0964#41.3#27.99#30.71
-93.9664,34.0961#41.2#28#30.8
-93.9119,34.0957#41.1#28.01#30.89
-93.8575,34.0953#41#28.02#30.98
-93.8031,34.0949#40.9#28.02#31.08
-93.7486,34.0945#40.8#28.03#31.17
-93.6942,34.0941#40.7#28.04#31.26
-93.6397,34.0937#40.6#28.05#31.35
-93.5853,34.0932#40.5#28.05#31.45
-93.5309,34.0927#40.4#28.06#31.54
-93.4764,34.0922#40.29#28.07#31.64
-93.422,34.0917#40.15#28.07#31.78
-93.3676,34.0912#40.01#28.08#31.91
-93.3131,34.0906#39.87#28.08#32.05
-93.2587,34.0901#39.73#28.08#32.19
-93.2043,34.0895#39.59#28.09#32.32
-93.1498,34.0889#39.45#28.09#32.46
-93.0954,34.0882#39.32#28.1#32.58
-93.041,34.0876#39.18#28.1#32.72
-92.9865,34.0869#39.04#28.1#32.86
-92.9321,34.0863#38.9#28.11#32.99
-92.8777,34.0856#38.77#28.11#33.12
-92.8232,34.0848#38.63#28.11#33.26
-92.7688,34.0841#38.49#28.12#33.39
-92.7144,34.0834#38.35#28.12#33.53
-92.66,34.0826#38.22#28.12#33.66
-92.6055,34.0818#38.08#28.13#33.79
-92.5511,34.081#37.94#28.13#33.93
-92.4967,34.0802#37.81#28.13#34.06
-92.4423,34.0793#37.69#28.14#34.17
-92.3878,34.0785#37.57#28.15#34.28
-92.3334,34.0776#37.45#28.15#34.4
-92.279,34.0767#37.33#28.16#34.51
-92.2246,34.0758#37.21#28.17#34.62
-92.1702,34.0749#37.09#28.17#34.74
-92.1157,34.0739#36.97#28.18#34.85
-92.0613,34.0729#36.85#28.19#34.96
-92.0069,34.072#36.74#28.19#35.07
-91.9525,34.0709#36.63#28.21#35.16
-91.8981,34.0699#36.52#28.22#35.26
-91.8437,34.0689#36.42#28.23#35.35
-91.7893,34.0678#36.31#28.24#35.45
-91.7348,34.0668#36.21#28.25#35.54
-91.6804,34.0657#36.1#28.26#35.64
-91.626,34.0645#36#28.27#35.73
-91.5716,34.0634#35.89#28.28#35.83
-91.5172,34.0623#35.79#28.3#35.91
-91.4628,34.0611#35.69#28.31#36
-91.4084,34.0599#35.59#28.32#36.09
-91.354,34.0587#35.5#28.33#36.17
-91.2996,34.0575#35.4#28.34#36.26
-91.2452,34.0562#35.3#28.35#36.35
-91.1908,34.055#35.21#28.36#36.43
-91.1364,34.0537#35.11#28.38#36.51
-91.082,34.0524#35.02#28.39#36.59
-91.0276,34.0511#34.92#28.4#36.68
-90.9732,34.0498#34.83#28.41#36.76
-90.9188,34.0484#34.75#28.42#36.83
-90.8644,34.0471#34.66#28.43#36.91
-90.81,34.0457#34.58#28.44#36.98
-90.7556,34.0443#34.5#28.45#37.05
-90.7013,34.0429#34.41#28.47#37.12
-90.6469,34.0414#34.33#28.48#37.19
-90.5925,34.04#34.24#28.49#37.27
-90.5381,34.0385#34.16#28.5#37.34
-90.4837,34.037#34.07#28.51#37.42
-90.4293,34.0355#33.97#28.51#37.52
-90.375,34.034#33.87#28.52#37.61
-90.3206,34.0324#33.76#28.52#37.72
-90.2662,34.0308#33.66#28.52#37.82
-90.2118,34.0293#33.56#28.53#37.91
-90.1575,34.0277#33.45#28.53#38.02
-90.1031,34.026#33.35#28.53#38.12
-90.0487,34.0244#33.25#28.54#38.21
-89.9943,34.0227#33.15#28.54#38.31
-89.94,34.0211#33.05#28.56#38.39
-89.8856,34.0194#32.96#28.57#38.47
-89.8312,34.0177#32.87#28.59#38.54
-89.7769,34.0159#32.77#28.61#38.62
-89.7225,34.0142#32.68#28.63#38.69
-89.6682,34.0124#32.58#28.64#38.78
-89.6138,34.0107#32.49#28.66#38.85
-89.5594,34.0089#32.4#28.68#38.92
-89.5051,34.007#32.3#28.7#39
-89.4507,34.0052#32.21#28.74#39.05
-89.3964,34.0033#32.12#28.79#39.09
-89.342,34.0015#32.02#28.83#39.15
-89.2877,33.9996#31.93#28.88#39.19
-89.2334,33.9977#31.84#28.93#39.23
-89.179,33.9957#31.74#28.98#39.28
-89.1247,33.9938#31.65#29.03#39.32
-89.0703,33.9918#31.55#29.07#39.38
-89.016,33.9899#31.46#29.12#39.42
-88.9617,33.9879#31.34#29.19#39.47
-88.9073,33.9858#31.2#29.27#39.53
-88.853,33.9838#31.06#29.35#39.59
-88.7987,33.9818#30.92#29.43#39.65
-88.7443,33.9797#30.78#29.51#39.71
-88.69,33.9776#30.65#29.59#39.76
-88.6357,33.9755#30.51#29.67#39.82
-88.5814,33.9734#30.37#29.75#39.88
-88.527,33.9712#30.23#29.83#39.94
-88.4727,33.9691#30.09#29.92#39.99
-88.4184,33.9669#29.95#30.02#40.03
-88.3641,33.9647#29.81#30.12#40.07
-88.3098,33.9625#29.67#30.22#40.11
-88.2555,33.9602#29.53#30.31#40.16
-88.2012,33.958#29.39#30.41#40.2
-88.1469,33.9557#29.25#30.51#40.24
-88.0926,33.9534#29.11#30.61#40.28
-88.0383,33.9511#28.97#30.71#40.32
-87.984,33.9488#28.84#30.81#40.35
-87.9297,33.9464#28.74#30.92#40.34
-87.8754,33.9441#28.64#31.04#40.32
-87.8211,33.9417#28.54#31.16#40.3
-87.7668,33.9393#28.44#31.27#40.29
-87.7125,33.9369#28.34#31.39#40.27
-87.6582,33.9345#28.24#31.51#40.25
-87.604,33.932#28.14#31.62#40.24
-87.5497,33.9295#28.04#31.74#40.22
-87.4954,33.9271#27.95#31.86#40.19
-87.4411,33.9246#27.87#31.99#40.14
-87.3868,33.922#27.8#32.12#40.08
-87.3326,33.9195#27.73#32.25#40.02
-87.2783,33.9169#27.66#32.38#39.96
-87.224,33.9144#27.59#32.51#39.9
-87.1698,33.9118#27.52#32.64#39.84
-87.1155,33.9092#27.45#32.77#39.78
-87.0613,33.9065#27.38#32.9#39.72
-87.007,33.9039#27.31#33.03#39.66
-86.9528,33.9012#27.26#33.18#39.56
-103.92,33.901#46.93#27.88#25.19
-103.866,33.904#46.93#27.87#25.2
-103.812,33.9069#46.93#27.85#25.22
-103.757,33.9098#46.93#27.83#25.24
-103.703,33.9127#46.93#27.81#25.26
-103.649,33.9156#46.93#27.79#25.28
-103.595,33.9185#46.93#27.77#25.3
-103.54,33.9213#46.93#27.75#25.32
-103.486,33.9242#46.93#27.73#25.34
-103.432,33.927#46.93#27.7#25.37
-103.378,33.9298#46.93#27.66#25.41
-103.323,33.9326#46.93#27.63#25.44
-103.269,33.9353#46.93#27.59#25.48
-103.215,33.9381#46.93#27.56#25.51
-103.161,33.9408#46.93#27.52#25.55
-103.106,33.9435#46.93#27.49#25.58
-103.052,33.9462#46.93#27.45#25.62
-102.998,33.9488#46.93#27.42#25.65
-102.943,33.9515#46.93#27.39#25.68
-102.889,33.9541#46.93#27.36#25.71
-102.835,33.9567#46.93#27.33#25.74
-102.781,33.9593#46.93#27.3#25.77
-102.726,33.9619#46.93#27.27#25.8
-102.672,33.9645#46.93#27.25#25.82
-102.618,33.967#46.93#27.22#25.85
-102.563,33.9695#46.93#27.19#25.88
-102.509,33.972#46.93#27.16#25.91
-102.455,33.9745#46.93#27.15#25.92
-102.401,33.977#46.93#27.14#25.93
-102.346,33.9794#46.93#27.13#25.94
-102.292,33.9819#46.93#27.12#25.95
-102.238,33.9843#46.93#27.11#25.96
-102.183,33.9867#46.93#27.1#25.97
-102.129,33.9891#46.93#27.09#25.98
-102.075,33.9914#46.93#27.08#25.99
-102.02,33.9938#46.93#27.07#26
-101.966,33.9961#46.92#27.06#26.02
-101.912,33.9984#46.92#27.05#26.03
-101.857,34.0007#46.92#27.05#26.03
-101.803,34.003#46.92#27.04#26.04
-101.749,34.0052#46.92#27.04#26.04
-101.694,34.0075#46.92#27.04#26.04
-101.64,34.0097#46.92#27.03#26.05
-101.586,34.0119#46.92#27.03#26.05
-101.531,34.0141#46.92#27.02#26.06
-101.477,34.0162#46.92#27.02#26.06
-101.423,34.0184#46.92#27.02#26.06
-101.368,34.0205#46.92#27.01#26.07
-101.314,34.0226#46.92#27.01#26.07
-101.26,34.0247#46.92#27.01#26.07
-101.205,34.0268#46.92#27.01#26.07
-101.151,34.0288#46.92#27.01#26.07
-101.097,34.0308#46.92#27.01#26.07
-101.042,34.0329#46.92#27#26.08
-100.988,34.0349#46.92#27#26.08
-100.934,34.0368#46.91#27#26.09
-100.879,34.0388#46.91#27#26.09
-100.825,34.0408#46.91#27#26.09
-100.77,34.0427#46.91#27#26.09
-100.716,34.0446#46.91#27#26.09
-100.662,34.0465#46.91#27#26.09
-100.607,34.0484#46.91#27#26.09
-100.553,34.0502#46.9#27#26.1
-100.499,34.0521#46.9#27#26.1
-100.444,34.0539#46.9#27#26.1
-100.39,34.0557#46.9#27#26.1
-100.335,34.0575#46.89#27#26.11
-100.281,34.0592#46.89#27#26.11
-100.227,34.061#46.89#27#26.11
-100.172,34.0627#46.89#27#26.11
-100.118,34.0644#46.88#27#26.12
-100.064,34.0661#46.88#27#26.12
-100.009,34.0678#46.88#27#26.12
-99.9548,34.0694#46.87#27.07#26.06
-99.9004,34.0711#46.87#27.16#25.97
-99.846,34.0727#46.86#27.24#25.9
-99.7916,34.0743#46.85#27.33#25.82
-99.7372,34.0759#46.85#27.41#25.74
-99.6828,34.0774#46.84#27.5#25.66
-99.6284,34.079#46.83#27.58#25.59
-99.574,34.0805#46.83#27.67#25.5
-99.5196,34.082#46.82#27.75#25.43
-99.4652,34.0835#46.81#27.84#25.35
-99.4108,34.085#46.8#27.94#25.26
-99.3564,34.0865#46.79#28.03#25.18
-99.302,34.0879#46.78#28.13#25.09
-99.2476,34.0893#46.77#28.22#25.01
-99.1932,34.0907#46.76#28.32#24.92
-99.1387,34.0921#46.75#28.41#24.84
-99.0843,34.0935#46.74#28.51#24.75
-99.0299,34.0948#46.73#28.6#24.67
-98.9755,34.0962#46.71#28.68#24.61
-98.9211,34.0975#46.7#28.72#24.58
-98.8667,34.0988#46.68#28.77#24.55
-98.8122,34.1#46.66#28.81#24.53
-98.7578,34.1013#46.65#28.86#24.49
-98.7034,34.1025#46.63#28.91#24.46
-98.649,34.1038#46.62#28.95#24.43
-98.5945,34.105#46.6#29#24.4
-98.5401,34.1061#46.59#29.05#24.36
-98.4857,34.1073#46.57#29.06#24.37
-98.4313,34.1085#46.54#28.98#24.48
-98.3768,34.1096#46.51#28.91#24.58
-98.3224,34.1107#46.49#28.83#24.68
-98.268,34.1118#46.46#28.75#24.79
-98.2135,34.1129#46.43#28.68#24.89
-98.1591,34.1139#46.41#28.6#24.99
-98.1047,34.115#46.38#28.52#25.1
-98.0502,34.116#46.36#28.45#25.19
-97.9958,34.117#46.33#28.37#25.3
-97.9414,34.118#46.3#28.28#25.42
-97.8869,34.119#46.26#28.18#25.56
-97.8325,34.1199#46.23#28.09#25.68
-97.778,34.1209#46.2#28#25.8
-97.7236,34.1218#46.17#27.9#25.93
-97.6692,34.1227#46.13#27.81#26.06
-97.6147,34.1235#46.1#27.71#26.19
-97.5603,34.1244#46.07#27.62#26.31
-97.5058,34.1252#46.04#27.53#26.43
-97.4514,34.1261#46#27.48#26.52
-97.3969,34.1269#45.95#27.45#26.6
-97.3425,34.1277#45.91#27.41#26.68
-97.288,34.1284#45.87#27.38#26.75
-97.2336,34.1292#45.83#27.34#26.83
-97.1791,34.1299#45.79#27.31#26.9
-97.1247,34.1306#45.75#27.27#26.98
-97.0702,34.1313#45.7#27.23#27.07
-97.0158,34.132#45.66#27.2#27.14
-96.9613,34.1327#45.61#27.18#27.21
-96.9069,34.1333#45.56#27.16#27.28
-96.8524,34.1339#45.5#27.15#27.35
