-97.9928,29.9004#28.93#28.2#42.87
-97.9404,29.9014#28.92#28.13#42.95
-97.8879,29.9024#28.91#28.06#43.03
-97.8354,29.9034#28.9#27.98#43.12
-97.7829,29.9043#28.89#27.91#43.2
-97.7305,29.9052#28.88#27.84#43.28
-97.678,29.9061#28.87#27.77#43.36
-97.6255,29.907#28.86#27.69#43.45
-97.573,29.9079#28.85#27.62#43.53
-97.5205,29.9088#28.84#27.55#43.61
-97.468,29.9096#28.83#27.52#43.65
-97.4156,29.9104#28.83#27.52#43.65
-97.3631,29.9112#28.82#27.52#43.66
-97.3106,29.912#28.82#27.52#43.66
-97.2581,29.9128#28.81#27.52#43.67
-97.2056,29.9135#28.81#27.52#43.67
-97.1531,29.9142#28.8#27.52#43.68
-97.1006,29.915#28.8#27.52#43.68
-97.0481,29.9157#28.79#27.52#43.69
-96.9957,29.9163#28.78#27.52#43.7
-96.9432,29.917#28.78#27.56#43.66
-96.8907,29.9176#28.78#27.6#43.62
-96.8382,29.9183#28.77#27.64#43.59
-96.7857,29.9189#28.77#27.68#43.55
-96.7332,29.9195#28.76#27.71#43.53
-96.6807,29.92#28.76#27.75#43.49
-96.6282,29.9206#28.75#27.79#43.46
-96.5757,29.9211#28.75#27.83#43.42
-96.5232,29.9217#28.75#27.87#43.38
-96.4707,29.9222#28.74#27.92#43.34
-96.4182,29.9226#28.73#27.99#43.28
-96.3657,29.9231#28.73#28.06#43.21
-96.3132,29.9236#28.72#28.12#43.16
-96.2607,29.924#28.71#28.19#43.1
-96.2082,29.9244#28.7#28.26#43.04
-96.1557,29.9248#28.7#28.33#42.97
-96.1032,29.9252#28.69#28.4#42.91
-96.0507,29.9255#28.68#28.46#42.86
-95.9982,29.9259#28.68#28.53#42.79
-95.9457,29.9262#28.67#28.6#42.73
-95.8932,29.9265#28.66#28.67#42.67
-95.8407,29.9268#28.65#28.73#42.62
-95.7882,29.9271#28.64#28.8#42.56
-95.7357,29.9273#28.64#28.87#42.49
-95.6832,29.9276#28.63#28.94#42.43
-95.6307,29.9278#28.62#29.01#42.37
-95.5782,29.928#28.61#29.07#42.32
-95.5257,29.9282#28.6#29.14#42.26
-95.4732,29.9284#28.59#29.25#42.16
-95.4207,29.9285#28.58#29.4#42.02
-95.3682,29.9286#28.56#29.54#41.9
-95.3157,29.9287#28.55#29.69#41.76
-95.2632,29.9288#28.53#29.84#41.63
-95.2107,29.9289#28.52#29.98#41.5
-95.1582,29.929#28.51#30.13#41.36
-95.1057,29.929#28.49#30.28#41.23
-95.0532,29.9291#28.48#30.43#41.09
-95.0007,29.9291#28.46#30.57#40.97
-94.9482,29.9291#28.44#30.69#40.87
-94.8957,29.929#28.42#30.82#40.76
-94.8432,29.929#28.4#30.94#40.66
-94.7907,29.9289#28.38#31.06#40.56
-94.7382,29.9288#28.36#31.18#40.46
-94.6857,29.9288#28.34#31.3#40.36
-94.6332,29.9286#28.32#31.42#40.26
-94.5807,29.9285#28.3#31.55#40.15
-94.5282,29.9284#28.28#31.67#40.05
-94.4757,29.9282#28.26#31.79#39.95
-94.4232,29.928#28.23#31.93#39.84
-94.3707,29.9278#28.21#32.06#39.73
-94.3182,29.9276#28.18#32.19#39.63
-94.2657,29.9273#28.15#32.33#39.52
-94.2132,29.9271#28.13#32.46#39.41
-94.1607,29.9268#28.1#32.59#39.31
-94.1082,29.9265#28.07#32.73#39.2
-94.0557,29.9262#28.05#32.86#39.09
-94.0032,29.9259#28.02#32.99#38.99
-93.9507,29.9255#28#33.14#38.86
-93.8982,29.9252#27.97#33.29#38.74
-93.8457,29.9248#27.95#33.43#38.62
-93.7932,29.9244#27.92#33.58#38.5
-93.7407,29.924#27.9#33.73#38.37
-93.6882,29.9236#27.88#33.87#38.25
-93.6357,29.9231#27.85#34.02#38.13
-93.5832,29.9227#27.83#34.17#38
-93.5307,29.9222#27.8#34.31#37.89
-93.4782,29.9217#27.78#34.46#37.76
-93.4257,29.9211#27.77#34.61#37.62
-93.3732,29.9206#27.76#34.76#37.48
-93.3208,29.9201#27.75#34.91#37.34
-93.2683,29.9195#27.73#35.06#37.21
-93.2158,29.9189#27.72#35.21#37.07
-93.1633,29.9183#27.71#35.36#36.93
-93.1108,29.9177#27.69#35.51#36.8
-93.0583,29.917#27.68#35.66#36.66
-93.0058,29.9164#27.67#35.81#36.52
-92.9533,29.9157#27.66#35.95#36.39
-92.9008,29.915#27.65#36.1#36.25
-92.8483,29.9143#27.65#36.24#36.11
-92.7958,29.9135#27.64#36.39#35.97
-92.7434,29.9128#27.64#36.53#35.83
-92.6909,29.912#27.63#36.68#35.69
-92.6384,29.9112#27.62#36.82#35.56
-92.5859,29.9104#27.62#36.97#35.41
-92.5334,29.9096#27.61#37.11#35.28
-92.4809,29.9088#27.61#37.26#35.13
-92.4284,29.9079#27.61#37.41#34.98
-92.376,29.9071#27.6#37.55#34.85
-92.3235,29.9062#27.6#37.7#34.7
-92.271,29.9053#27.6#37.85#34.55
-92.2185,29.9043#27.59#38#34.41
-92.166,29.9034#27.59#38.14#34.27
-92.1136,29.9024#27.59#38.29#34.12
-92.0611,29.9015#27.59#38.44#33.97
-92.0086,29.9005#27.58#38.59#33.83
-99.8307,29.9#30.01#27.75#42.24
-99.7783,29.9016#29.97#27.81#42.22
-99.7258,29.9032#29.94#27.87#42.19
-99.6734,29.9048#29.9#27.93#42.17
-99.6209,29.9063#29.87#27.99#42.14
-99.5684,29.9079#29.83#28.05#42.12
-99.516,29.9094#29.8#28.11#42.09
-99.4635,29.9109#29.77#28.17#42.06
-99.411,29.9124#29.73#28.23#42.04
-99.3586,29.9139#29.7#28.3#42
-99.3061,29.9153#29.67#28.36#41.97
-99.2536,29.9168#29.63#28.42#41.95
-99.2012,29.9182#29.6#28.48#41.92
-99.1487,29.9196#29.57#28.55#41.88
-99.0962,29.921#29.53#28.61#41.86
-99.0437,29.9223#29.5#28.67#41.83
-98.9913,29.9237#29.47#28.73#41.8
-98.9388,29.925#29.44#28.75#41.81
-98.8863,29.9263#29.42#28.77#41.81
-98.8338,29.9276#29.39#28.8#41.81
-98.7813,29.9289#29.37#28.82#41.81
-98.7289,29.9301#29.35#28.84#41.81
-98.6764,29.9314#29.32#28.86#41.82
-98.6239,29.9326#29.3#28.89#41.81
-98.5714,29.9338#29.27#28.91#41.82
-98.5189,29.935#29.25#28.93#41.82
-98.4664,29.9362#29.23#28.89#41.88
-98.4139,29.9373#29.21#28.81#41.98
-98.3615,29.9385#29.19#28.74#42.07
-98.309,29.9396#29.17#28.66#42.17
-98.2565,29.9407#29.15#28.58#42.27
-98.204,29.9418#29.13#28.51#42.36
-98.1515,29.9428#29.11#28.43#42.46
-98.099,29.9439#29.09#28.35#42.56
-98.0465,29.9449#29.07#28.27#42.66
-97.994,29.9459#29.05#28.2#42.75
-97.9415,29.9469#29.04#28.12#42.84
-97.889,29.9479#29.02#28.05#42.93
-97.8365,29.9489#29.01#27.98#43.01
-97.784,29.9498#29#27.9#43.1
-97.7315,29.9507#28.99#27.83#43.18
-97.679,29.9517#28.98#27.75#43.27
-97.6265,29.9525#28.96#27.68#43.36
-97.574,29.9534#28.95#27.6#43.45
-97.5215,29.9543#28.94#27.53#43.53
-97.469,29.9551#28.93#27.5#43.57
-97.4165,29.9559#28.92#27.5#43.58
-97.364,29.9567#28.92#27.49#43.59
-97.3115,29.9575#28.91#27.49#43.6
-97.259,29.9583#28.9#27.49#43.61
-97.2065,29.959#28.89#27.49#43.62
-97.154,29.9598#28.89#27.48#43.63
-97.1014,29.9605#28.88#27.48#43.64
-97.0489,29.9612#28.87#27.48#43.65
-96.9964,29.9618#28.86#27.48#43.66
-96.9439,29.9625#28.86#27.51#43.63
-96.8914,29.9632#28.85#27.55#43.6
-96.8389,29.9638#28.84#27.58#43.58
-96.7864,29.9644#28.84#27.62#43.54
-96.7339,29.965#28.83#27.65#43.52
-96.6814,29.9656#28.82#27.69#43.49
-96.6288,29.9661#28.82#27.72#43.46
-96.5763,29.9666#28.81#27.76#43.43
-96.5238,29.9672#28.8#27.79#43.41
-96.4713,29.9677#28.79#27.84#43.37
-96.4188,29.9682#28.79#27.91#43.3
-96.3663,29.9686#28.78#27.97#43.25
-96.3137,29.9691#28.77#28.04#43.19
-96.2612,29.9695#28.76#28.1#43.14
-96.2087,29.9699#28.75#28.16#43.09
-96.1562,29.9703#28.75#28.23#43.02
-96.1037,29.9707#28.74#28.29#42.97
-96.0511,29.9711#28.73#28.35#42.92
-95.9986,29.9714#28.72#28.42#42.86
-95.9461,29.9717#28.71#28.48#42.81
-95.8936,29.972#28.7#28.55#42.75
-95.8411,29.9723#28.69#28.62#42.69
-95.7886,29.9726#28.68#28.68#42.64
-95.736,29.9729#28.67#28.75#42.58
-95.6835,29.9731#28.66#28.82#42.52
-95.631,29.9733#28.66#28.89#42.45
-95.5785,29.9735#28.65#28.95#42.4
-95.5259,29.9737#28.64#29.02#42.34
-95.4734,29.9739#28.62#29.12#42.26
-95.4209,29.974#28.61#29.26#42.13
-95.3684,29.9742#28.6#29.4#42
-95.3159,29.9743#28.58#29.54#41.88
-95.2633,29.9744#28.57#29.68#41.75
-95.2108,29.9744#28.55#29.83#41.62
-95.1583,29.9745#28.54#29.97#41.49
-95.1058,29.9745#28.52#30.11#41.37
-95.0532,29.9746#28.51#30.25#41.24
-95.0007,29.9746#28.49#30.39#41.12
-94.9482,29.9746#28.47#30.51#41.02
-94.8957,29.9745#28.45#30.63#40.92
-94.8432,29.9745#28.43#30.75#40.82
-94.7906,29.9744#28.41#30.87#40.72
-94.7381,29.9744#28.39#30.99#40.62
-94.6856,29.9743#28.37#31.11#40.52
-94.6331,29.9742#28.35#31.23#40.42
-94.5805,29.974#28.33#31.35#40.32
-94.528,29.9739#28.31#31.48#40.21
-94.4755,29.9737#28.29#31.6#40.11
-94.423,29.9735#28.26#31.73#40.01
-94.3705,29.9733#28.23#31.87#39.9
-94.3179,29.9731#28.21#32#39.79
-94.2654,29.9729#28.18#32.13#39.69
-94.2129,29.9726#28.15#32.26#39.59
-94.1604,29.9723#28.13#32.4#39.47
-94.1079,29.972#28.1#32.53#39.37
-94.0553,29.9717#28.08#32.66#39.26
-94.0028,29.9714#28.05#32.79#39.16
-93.9503,29.9711#28.02#32.94#39.04
-93.8978,29.9707#28#33.08#38.92
-93.8453,29.9703#27.98#33.22#38.8
-93.7927,29.9699#27.95#33.37#38.68
-93.7402,29.9695#27.93#33.51#38.56
-93.6877,29.9691#27.9#33.65#38.45
-93.6352,29.9686#27.88#33.8#38.32
-93.5827,29.9682#27.85#33.94#38.21
-93.5302,29.9677#27.83#34.09#38.08
-93.4776,29.9672#27.81#34.23#37.96
-93.4251,29.9667#27.79#34.38#37.83
-93.3726,29.9661#27.78#34.53#37.69
-93.3201,29.9656#27.76#34.68#37.56
-93.2676,29.965#27.75#34.83#37.42
-93.2151,29.9644#27.73#34.98#37.29
-93.1626,29.9638#27.72#35.12#37.16
-93.11,29.9632#27.71#35.27#37.02
-93.0575,29.9625#27.69#35.42#36.89
-93.005,29.9619#27.68#35.57#36.75
-92.9525,29.9612#27.67#35.72#36.61
-92.9,29.9605#27.66#35.86#36.48
-92.8475,29.9598#27.66#36.01#36.33
-92.795,29.959#27.65#36.15#36.2
-92.7425,29.9583#27.64#36.3#36.06
-92.69,29.9575#27.64#36.44#35.92
-92.6375,29.9567#27.63#36.59#35.78
-92.585,29.9559#27.62#36.73#35.65
-92.5325,29.9551#27.62#36.88#35.5
-92.4799,29.9543#27.61#37.03#35.36
-92.4274,29.9534#27.61#37.17#35.22
-92.3749,29.9526#27.61#37.32#35.07
-92.3224,29.9517#27.6#37.47#34.93
-92.2699,29.9508#27.6#37.62#34.78
-92.2174,29.9498#27.6#37.76#34.64
-92.1649,29.9489#27.6#37.91#34.49
-92.1124,29.9479#27.59#38.06#34.35
-92.0599,29.947#27.59#38.21#34.2
-92.0074,29.946#27.59#38.36#34.05
-91.9549,29.945#27.58#38.5#33.92
-91.9025,29.9439#27.58#38.65#33.77
-91.85,29.9429#27.58#38.8#33.62
-91.7975,29.9418#27.58#38.95#33.47
-91.745,29.9407#27.58#39.09#33.33
-91.6925,29.9396#27.58#39.24#33.18
-91.64,29.9385#27.58#39.39#33.03
-91.5875,29.9374#27.58#39.54#32.88
-91.535,29.9362#27.57#39.69#32.74
-91.4825,29.935#27.57#39.84#32.59
-91.43,29.9339#27.57#40#32.43
-91.3776,29.9326#27.57#40.16#32.27
-91.3251,29.9314#27.57#40.32#32.11
-91.2726,29.9302#27.57#40.47#31.96
-91.2201,29.9289#27.57#40.63#31.8
-91.1676,29.9276#27.57#40.79#31.64
-91.1151,29.9264#27.57#40.95#31.48
-91.0627,29.925#27.57#41.11#31.32
-91.0102,29.9237#27.57#41.27#31.16
-90.9577,29.9224#27.57#41.42#31.01
-90.9052,29.921#27.56#41.57#30.87
-90.8528,29.9196#27.56#41.72#30.72
-90.8003,29.9182#27.56#41.86#30.58
-90.7478,29.9168#27.56#42.01#30.43
-90.6954,29.9154#27.56#42.16#30.28
-90.6429,29.9139#27.56#42.31#30.13
-90.5904,29.9124#27.56#42.45#29.99
-90.5379,29.9109#27.56#42.6#29.84
-90.4855,29.9094#27.57#42.74#29.69
-90.433,29.9079#27.62#42.84#29.54
-90.3806,29.9064#27.68#42.95#29.37
-90.3281,29.9048#27.73#43.05#29.22
-90.2756,29.9032#27.78#43.16#29.06
-90.2232,29.9016#27.84#43.26#28.9
-90.1707,29.9#27.89#43.37#28.74
-101.092,29.9015#30.99#27.61#41.4
-101.039,29.9035#30.93#27.6#41.47
-100.987,29.9055#30.87#27.59#41.54
-100.934,29.9075#30.82#27.59#41.59
-100.882,29.9095#30.77#27.59#41.64
-100.829,29.9115#30.71#27.59#41.7
-100.777,29.9134#30.66#27.6#41.74
-100.724,29.9154#30.61#27.6#41.79
-100.672,29.9173#30.55#27.6#41.85
-100.62,29.9192#30.5#27.6#41.9
-100.567,29.9211#30.45#27.6#41.95
-100.515,29.9229#30.39#27.6#42.01
-100.462,29.9248#30.37#27.6#42.03
-100.41,29.9266#30.36#27.59#42.05
-100.357,29.9284#30.36#27.59#42.05
-100.305,29.9302#30.35#27.58#42.07
-100.252,29.9319#30.34#27.58#42.08
-100.2,29.9337#30.33#27.57#42.1
-100.147,29.9354#30.32#27.56#42.12
-100.095,29.9371#30.31#27.56#42.13
-100.042,29.9388#30.3#27.55#42.15
-99.99,29.9405#30.28#27.56#42.16
-99.9375,29.9422#30.25#27.62#42.13
-99.8851,29.9438#30.21#27.68#42.11
-99.8326,29.9455#30.18#27.74#42.08
-99.7801,29.9471#30.14#27.8#42.06
-99.7276,29.9487#30.1#27.86#42.04
-99.6752,29.9503#30.07#27.92#42.01
-99.6227,29.9518#30.03#27.98#41.99
-99.5702,29.9534#29.99#28.04#41.97
-99.5177,29.9549#29.95#28.1#41.95
-99.4652,29.9564#29.92#28.16#41.92
-99.4127,29.9579#29.88#28.22#41.9
-99.3603,29.9594#29.85#28.29#41.86
-99.3078,29.9608#29.81#28.35#41.84
-99.2553,29.9622#29.78#28.41#41.81
-99.2028,29.9637#29.74#28.47#41.79
-99.1503,29.9651#29.71#28.54#41.75
-99.0978,29.9665#29.67#28.6#41.73
-99.0453,29.9678#29.64#28.66#41.7
-98.9928,29.9692#29.6#28.72#41.68
-98.9403,29.9705#29.58#28.74#41.68
-98.8878,29.9718#29.55#28.77#41.68
-98.8353,29.9731#29.53#28.79#41.68
-98.7828,29.9744#29.51#28.81#41.68
-98.7303,29.9756#29.48#28.84#41.68
-98.6778,29.9769#29.46#28.86#41.68
-98.6253,29.9781#29.43#28.88#41.69
-98.5728,29.9793#29.41#28.91#41.68
-98.5203,29.9805#29.39#28.93#41.68
-98.4678,29.9817#29.36#28.89#41.75
-98.4153,29.9828#29.34#28.81#41.85
-98.3628,29.984#29.32#28.74#41.94
-98.3103,29.9851#29.3#28.66#42.04
-98.2577,29.9862#29.28#28.58#42.14
-98.2052,29.9873#29.25#28.5#42.25
-98.1527,29.9883#29.23#28.43#42.34
-98.1002,29.9894#29.21#28.35#42.44
-98.0477,29.9904#29.19#28.27#42.54
-97.9952,29.9914#29.17#28.19#42.64
-97.9426,29.9924#29.15#28.12#42.73
-97.8901,29.9934#29.14#28.04#42.82
-97.8376,29.9944#29.12#27.97#42.91
-97.7851,29.9953#29.11#27.89#43
-97.7326,29.9962#29.1#27.82#43.08
-97.68,29.9972#29.08#27.74#43.18
-97.6275,29.998#29.07#27.66#43.27
-97.575,29.9989#29.05#27.59#43.36
-97.5225,29.9998#29.04#27.51#43.45
-97.47,30.0006#29.03#27.48#43.49
-97.4174,30.0014#29.02#27.47#43.51
-97.3649,30.0022#29.01#27.47#43.52
-97.3124,30.003#29#27.46#43.54
-97.2598,30.0038#28.99#27.45#43.56
-97.2073,30.0045#28.98#27.45#43.57
-97.1548,30.0053#28.97#27.44#43.59
-97.1023,30.006#28.96#27.44#43.6
-97.0497,30.0067#28.95#27.43#43.62
-96.9972,30.0074#28.94#27.43#43.63
-96.9447,30.008#28.93#27.46#43.61
-96.8921,30.0087#28.92#27.49#43.59
-96.8396,30.0093#28.91#27.53#43.56
-96.7871,30.0099#28.9#27.56#43.54
-96.7345,30.0105#28.9#27.59#43.51
-96.682,30.0111#28.89#27.62#43.49
-96.6295,30.0116#28.88#27.66#43.46
-96.5769,30.0122#28.87#27.69#43.44
-96.5244,30.0127#28.86#27.72#43.42
-96.4719,30.0132#28.85#27.77#43.38
-96.4193,30.0137#28.84#27.83#43.33
-96.3668,30.0141#28.83#27.89#43.28
-96.3142,30.0146#28.82#27.95#43.23
-96.2617,30.015#28.81#28.01#43.18
-96.2092,30.0154#28.8#28.07#43.13
-96.1566,30.0158#28.79#28.12#43.09
-96.1041,30.0162#28.78#28.18#43.04
-96.0516,30.0166#28.77#28.24#42.99
-95.999,30.0169#28.76#28.3#42.94
-95.9465,30.0172#28.75#28.37#42.88
-95.8939,30.0175#28.74#28.44#42.82
-95.8414,30.0178#28.73#28.5#42.77
-95.7889,30.0181#28.72#28.57#42.71
-95.7363,30.0184#28.71#28.63#42.66
-95.6838,30.0186#28.7#28.7#42.6
-95.6312,30.0188#28.69#28.76#42.55
-95.5787,30.019#28.68#28.83#42.49
-95.5261,30.0192#28.67#28.9#42.43
-95.4736,30.0194#28.66#29#42.34
-95.4211,30.0195#28.64#29.13#42.23
-95.3685,30.0197#28.63#29.26#42.11
-95.316,30.0198#28.61#29.4#41.99
-95.2634,30.0199#28.6#29.53#41.87
-95.2109,30.02#28.58#29.67#41.75
-95.1584,30.02#28.57#29.8#41.63
-95.1058,30.0201#28.55#29.93#41.52
-95.0533,30.0201#28.54#30.07#41.39
-95.0007,30.0201#28.52#30.2#41.28
-94.9482,30.0201#28.5#30.32#41.18
-94.8956,30.0201#28.48#30.44#41.08
-94.8431,30.02#28.46#30.56#40.98
-94.7906,30.02#28.44#30.68#40.88
-94.738,30.0199#28.42#30.8#40.78
-94.6855,30.0198#28.4#30.92#40.68
-94.6329,30.0197#28.38#31.04#40.58
-94.5804,30.0195#28.35#31.16#40.49
-94.5278,30.0194#28.33#31.28#40.39
-94.4753,30.0192#28.31#31.41#40.28
-94.4228,30.019#28.28#31.54#40.18
-94.3702,30.0188#28.26#31.67#40.07
-94.3177,30.0186#28.23#31.8#39.97
-94.2651,30.0184#28.21#31.93#39.86
-94.2126,30.0181#28.18#32.07#39.75
-94.1601,30.0178#28.16#32.2#39.64
-94.1075,30.0176#28.13#32.33#39.54
-94.055,30.0172#28.1#32.46#39.44
-94.0024,30.0169#28.08#32.59#39.33
-93.9499,30.0166#28.05#32.73#39.22
-93.8974,30.0162#28.03#32.87#39.1
-93.8448,30.0158#28#33.01#38.99
-93.7923,30.0154#27.98#33.15#38.87
-93.7397,30.015#27.95#33.29#38.76
-93.6872,30.0146#27.93#33.44#38.63
-93.6347,30.0141#27.9#33.58#38.52
-93.5821,30.0137#27.87#33.72#38.41
-93.5296,30.0132#27.85#33.86#38.29
-93.4771,30.0127#27.83#34#38.17
-93.4245,30.0122#27.81#34.15#38.04
-93.372,30.0116#27.8#34.3#37.9
-93.3194,30.0111#27.78#34.45#37.77
-93.2669,30.0105#27.77#34.6#37.63
-93.2144,30.0099#27.75#34.74#37.51
-93.1618,30.0093#27.73#34.89#37.38
-93.1093,30.0087#27.72#35.04#37.24
-93.0568,30.008#27.7#35.19#37.11
-93.0043,30.0074#27.69#35.34#36.97
-92.9517,30.0067#27.68#35.48#36.84
-92.8992,30.006#27.67#35.63#36.7
-92.8467,30.0053#27.67#35.77#36.56
-92.7941,30.0046#27.66#35.92#36.42
-92.7416,30.0038#27.65#36.06#36.29
-92.6891,30.003#27.64#36.21#36.15
-92.6365,30.0023#27.64#36.35#36.01
-92.584,30.0015#27.63#36.5#35.87
-92.5315,30.0006#27.62#36.65#35.73
-92.479,29.9998#27.62#36.79#35.59
-92.4264,29.9989#27.61#36.94#35.45
-92.3739,29.9981#27.61#37.09#35.3
-92.3214,29.9972#27.61#37.24#35.15
-92.2689,29.9963#27.6#37.38#35.02
-92.2164,29.9953#27.6#37.53#34.87
-92.1638,29.9944#27.6#37.68#34.72
-92.1113,29.9934#27.6#37.83#34.57
-92.0588,29.9925#27.59#37.98#34.43
-92.0063,29.9915#27.59#38.12#34.29
-91.9538,29.9905#27.59#38.27#34.14
-91.9013,29.9894#27.59#38.42#33.99
-91.8487,29.9884#27.58#38.57#33.85
-91.7962,29.9873#27.58#38.71#33.71
-91.7437,29.9862#27.58#38.86#33.56
-91.6912,29.9851#27.58#39.01#33.41
-91.6387,29.984#27.58#39.16#33.26
-91.5862,29.9829#27.58#39.31#33.11
-91.5337,29.9817#27.57#39.45#32.98
-91.4812,29.9805#27.57#39.6#32.83
-91.4287,29.9794#27.57#39.76#32.67
-91.3762,29.9781#27.57#39.92#32.51
-91.3236,29.9769#27.57#40.07#32.36
-91.2711,29.9757#27.57#40.23#32.2
-91.2186,29.9744#27.57#40.39#32.04
-91.1661,29.9731#27.57#40.55#31.88
-91.1136,29.9718#27.57#40.7#31.73
-91.0611,29.9705#27.57#40.86#31.57
-91.0086,29.9692#27.57#41.02#31.41
-90.9561,29.9679#27.57#41.17#31.26
-90.9037,29.9665#27.57#41.32#31.11
-90.8512,29.9651#27.56#41.46#30.98
-90.7987,29.9637#27.56#41.61#30.83
-90.7462,29.9623#27.56#41.76#30.68
-90.6937,29.9609#27.56#41.91#30.53
-90.6412,29.9594#27.56#42.06#30.38
-90.5887,29.9579#27.56#42.2#30.24
-90.5362,29.9564#27.56#42.35#30.09
-90.4837,29.9549#27.57#42.49#29.94
-90.4313,29.9534#27.63#42.6#29.77
-90.3788,29.9519#27.68#42.71#29.61
-90.3263,29.9503#27.73#42.82#29.45
-90.2738,29.9487#27.79#42.93#29.28
-90.2213,29.9471#27.84#43.04#29.12
-90.1689,29.9455#27.89#43.15#28.96
-90.1164,29.9439#27.95#43.26#28.79
-90.0639,29.9422#28#43.37#28.63
-90.0114,29.9406#28.05#43.48#28.47
-89.959,29.9389#28.1#43.59#28.31
-89.9065,29.9372#28.16#43.7#28.14
-89.854,29.9355#28.21#43.82#27.97
-89.8016,29.9337#28.26#43.93#27.81
-89.7491,29.932#28.32#44.04#27.64
-89.6966,29.9302#28.37#44.15#27.48
-89.6442,29.9284#28.42#44.27#27.31
-89.5917,29.9266#28.47#44.38#27.15
-89.5393,29.9248#28.53#44.49#26.98
-89.4868,29.923#28.57#44.6#26.83
-89.4343,29.9211#28.58#44.69#26.73
-89.3819,29.9192#28.6#44.78#26.62
-89.3294,29.9173#28.61#44.87#26.52
-89.277,29.9154#28.63#44.96#26.41
-89.2245,29.9135#28.64#45.05#26.31
-89.1721,29.9115#28.66#45.14#26.2
-89.1196,29.9096#28.67#45.23#26.1
-89.0672,29.9076#28.69#45.32#25.99
-89.0148,29.9056#28.7#45.41#25.89
-88.9623,29.9036#28.65#45.48#25.87
-88.9099,29.9015#28.57#45.55#25.88
-102.195,29.9002#32.7#28.36#38.94
-102.143,29.9026#32.61#28.25#39.14
-102.09,29.9049#32.52#28.14#39.34
-102.038,29.9073#32.42#28.03#39.55
-101.985,29.9097#32.34#27.94#39.72
-101.933,29.912#32.27#27.91#39.82
-101.881,29.9143#32.2#27.88#39.92
-101.828,29.9166#32.14#27.85#40.01
-101.776,29.9189#32.07#27.82#40.11
-101.723,29.9212#32#27.79#40.21
-101.671,29.9234#31.94#27.76#40.3
-101.618,29.9256#31.87#27.73#40.4
-101.566,29.9279#31.8#27.7#40.5
-101.514,29.93#31.73#27.67#40.6
-101.461,29.9322#31.67#27.66#40.67
-101.409,29.9344#31.61#27.65#40.74
-101.356,29.9365#31.55#27.64#40.81
-101.304,29.9386#31.49#27.64#40.87
-101.251,29.9408#31.42#27.63#40.95
-101.199,29.9428#31.36#27.62#41.02
-101.146,29.9449#31.3#27.61#41.09
-101.094,29.947#31.23#27.61#41.16
-101.041,29.949#31.17#27.6#41.23
-100.989,29.951#31.11#27.59#41.3
-100.937,29.953#31.05#27.6#41.35
-100.884,29.955#31#27.6#41.4
-100.832,29.957#30.95#27.6#41.45
-100.779,29.9589#30.89#27.6#41.51
-100.727,29.9608#30.84#27.6#41.56
-100.674,29.9628#30.78#27.6#41.62
-100.622,29.9647#30.73#27.6#41.67
-100.569,29.9665#30.68#27.6#41.72
-100.517,29.9684#30.62#27.6#41.78
-100.464,29.9702#30.59#27.6#41.81
-100.412,29.9721#30.58#27.59#41.83
-100.359,29.9739#30.57#27.58#41.85
-100.307,29.9757#30.56#27.58#41.86
-100.254,29.9774#30.54#27.57#41.89
-100.202,29.9792#30.53#27.57#41.9
-100.149,29.9809#30.51#27.56#41.93
-100.097,29.9826#30.5#27.55#41.95
-100.044,29.9843#30.48#27.55#41.97
-99.992,29.986#30.46#27.55#41.99
-99.9395,29.9877#30.42#27.61#41.97
-99.887,29.9893#30.38#27.67#41.95
-99.8345,29.991#30.34#27.73#41.93
-99.782,29.9926#30.31#27.79#41.9
-99.7295,29.9942#30.27#27.85#41.88
-99.677,29.9957#30.23#27.91#41.86
-99.6245,29.9973#30.19#27.97#41.84
-99.572,29.9989#30.15#28.03#41.82
-99.5195,30.0004#30.11#28.09#41.8
-99.467,30.0019#30.07#28.15#41.78
-99.4145,30.0034#30.03#28.21#41.76
-99.3619,30.0048#30#28.27#41.73
-99.3094,30.0063#29.96#28.34#41.7
-99.2569,30.0077#29.92#28.4#41.68
-99.2044,30.0092#29.88#28.46#41.66
-99.1519,30.0106#29.85#28.53#41.62
-99.0994,30.0119#29.81#28.59#41.6
-99.0469,30.0133#29.77#28.65#41.58
-98.9944,30.0147#29.73#28.71#41.56
-98.9418,30.016#29.71#28.74#41.55
-98.8893,30.0173#29.69#28.76#41.55
-98.8368,30.0186#29.66#28.78#41.56
-98.7843,30.0199#29.64#28.81#41.55
-98.7318,30.0211#29.62#28.83#41.55
-98.6792,30.0224#29.59#28.85#41.56
-98.6267,30.0236#29.57#28.88#41.55
-98.5742,30.0248#29.55#28.9#41.55
-98.5217,30.026#29.52#28.92#41.56
-98.4691,30.0272#29.5#28.89#41.61
-98.4166,30.0283#29.48#28.81#41.71
-98.3641,30.0295#29.45#28.73#41.82
-98.3115,30.0306#29.43#28.66#41.91
-98.259,30.0317#29.41#28.58#42.01
-98.2065,30.0328#29.38#28.5#42.12
-98.1539,30.0338#29.36#28.42#42.22
-98.1014,30.0349#29.33#28.35#42.32
-98.0489,30.0359#29.31#28.27#42.42
-97.9963,30.0369#29.29#28.19#42.52
-97.9438,30.0379#29.27#28.11#42.62
-97.8913,30.0389#29.25#28.04#42.71
-97.8387,30.0399#29.24#27.96#42.8
-97.7862,30.0408#29.22#27.88#42.9
-97.7336,30.0417#29.2#27.8#43
-97.6811,30.0427#29.19#27.73#43.08
-97.6285,30.0435#29.17#27.65#43.18
-97.576,30.0444#29.15#27.57#43.28
-97.5235,30.0453#29.14#27.49#43.37
-97.4709,30.0461#29.12#27.45#43.43
-97.4184,30.0469#29.11#27.45#43.44
-97.3658,30.0477#29.1#27.44#43.46
-97.3133,30.0485#29.09#27.43#43.48
-97.2607,30.0493#29.08#27.42#43.5
-97.2082,30.05#29.07#27.41#43.52
-97.1556,30.0508#29.05#27.41#43.54
-97.1031,30.0515#29.04#27.4#43.56
-97.0505,30.0522#29.03#27.39#43.58
-96.998,30.0529#29.02#27.38#43.6
-96.9454,30.0535#29.01#27.41#43.58
-96.8929,30.0542#29#27.44#43.56
-96.8403,30.0548#28.98#27.47#43.55
-96.7878,30.0554#28.97#27.5#43.53
-96.7352,30.056#28.96#27.53#43.51
-96.6827,30.0566#28.95#27.56#43.49
-96.6301,30.0571#28.94#27.59#43.47
-96.5775,30.0577#28.93#27.62#43.45
-96.525,30.0582#28.92#27.65#43.43
-96.4724,30.0587#28.91#27.69#43.4
-96.4199,30.0592#28.9#27.74#43.36
-96.3673,30.0596#28.88#27.8#43.32
-96.3148,30.0601#28.87#27.86#43.27
-96.2622,30.0605#28.86#27.91#43.23
-96.2096,30.0609#28.85#27.97#43.18
-96.1571,30.0613#28.84#28.02#43.14
-96.1045,30.0617#28.83#28.08#43.09
-96.052,30.0621#28.82#28.13#43.05
-95.9994,30.0624#28.81#28.19#43
-95.9468,30.0627#28.8#28.26#42.94
-95.8943,30.0631#28.79#28.32#42.89
-95.8417,30.0633#28.77#28.38#42.85
-95.7892,30.0636#28.76#28.45#42.79
-95.7366,30.0639#28.75#28.51#42.74
-95.684,30.0641#28.74#28.58#42.68
-95.6315,30.0643#28.73#28.64#42.63
-95.5789,30.0645#28.72#28.71#42.57
-95.5264,30.0647#28.71#28.77#42.52
-95.4738,30.0649#28.69#28.87#42.44
-95.4212,30.065#28.68#29#42.32
-95.3687,30.0652#28.66#29.12#42.22
-95.3161,30.0653#28.64#29.25#42.11
-95.2635,30.0654#28.63#29.38#41.99
-95.211,30.0655#28.61#29.51#41.88
-95.1584,30.0655#28.6#29.63#41.77
-95.1059,30.0656#28.58#29.76#41.66
-95.0533,30.0656#28.56#29.89#41.55
-95.0007,30.0656#28.55#30.02#41.43
-94.9482,30.0656#28.53#30.14#41.33
-94.8956,30.0656#28.51#30.25#41.24
-94.843,30.0655#28.49#30.37#41.14
-94.7905,30.0655#28.46#30.49#41.05
-94.7379,30.0654#28.44#30.61#40.95
-94.6853,30.0653#28.42#30.73#40.85
-94.6328,30.0652#28.4#30.85#40.75
-94.5802,30.065#28.38#30.97#40.65
-94.5277,30.0649#28.36#31.09#40.55
-94.4751,30.0647#28.34#31.22#40.44
-94.4225,30.0645#28.31#31.35#40.34
-94.37,30.0643#28.28#31.48#40.24
-94.3174,30.0641#28.26#31.61#40.13
-94.2649,30.0639#28.23#31.74#40.03
-94.2123,30.0636#28.21#31.87#39.92
-94.1597,30.0634#28.18#32#39.82
-94.1072,30.0631#28.16#32.13#39.71
-94.0546,30.0628#28.13#32.26#39.61
-94.002,30.0624#28.11#32.39#39.5
-93.9495,30.0621#28.08#32.53#39.39
-93.8969,30.0617#28.05#32.67#39.28
-93.8444,30.0613#28.03#32.8#39.17
-93.7918,30.0609#28#32.94#39.06
-93.7393,30.0605#27.98#33.08#38.94
-93.6867,30.0601#27.95#33.22#38.83
-93.6341,30.0597#27.92#33.36#38.72
-93.5816,30.0592#27.9#33.49#38.61
-93.529,30.0587#27.87#33.63#38.5
-93.4765,30.0582#27.85#33.77#38.38
-93.4239,30.0577#27.83#33.92#38.25
-93.3714,30.0571#27.82#34.07#38.11
-93.3188,30.0566#27.8#34.22#37.98
-93.2662,30.056#27.78#34.36#37.86
-93.2137,30.0554#27.77#34.51#37.72
-93.1611,30.0548#27.75#34.66#37.59
-93.1086,30.0542#27.73#34.81#37.46
-93.056,30.0535#27.72#34.95#37.33
-93.0035,30.0529#27.7#35.1#37.2
-92.9509,30.0522#27.69#35.25#37.06
-92.8984,30.0515#27.68#35.39#36.93
-92.8458,30.0508#27.67#35.54#36.79
-92.7933,30.0501#27.67#35.68#36.65
-92.7407,30.0493#27.66#35.83#36.51
-92.6882,30.0485#27.65#35.98#36.37
-92.6356,30.0478#27.64#36.12#36.24
-92.5831,30.047#27.64#36.27#36.09
-92.5305,30.0461#27.63#36.41#35.96
-92.478,30.0453#27.62#36.56#35.82
-92.4255,30.0444#27.62#36.71#35.67
-92.3729,30.0436#27.62#36.86#35.52
-92.3204,30.0427#27.61#37#35.39
-92.2678,30.0418#27.61#37.15#35.24
-92.2153,30.0408#27.61#37.3#35.09
-92.1627,30.0399#27.6#37.45#34.95
-92.1102,30.0389#27.6#37.6#34.8
-92.0577,30.038#27.59#37.74#34.67
-92.0051,30.037#27.59#37.89#34.52
-91.9526,30.036#27.59#38.04#34.37
-91.9001,30.0349#27.59#38.19#34.22
-91.8475,30.0339#27.59#38.33#34.08
-91.795,30.0328#27.58#38.48#33.94
-91.7424,30.0317#27.58#38.63#33.79
-91.6899,30.0306#27.58#38.78#33.64
-91.6374,30.0295#27.58#38.92#33.5
-91.5849,30.0284#27.58#39.07#33.35
-91.5323,30.0272#27.58#39.22#33.2
-91.4798,30.026#27.57#39.37#33.06
-91.4273,30.0249#27.57#39.52#32.91
-91.3747,30.0236#27.57#39.68#32.75
-91.3222,30.0224#27.57#39.83#32.6
-91.2697,30.0212#27.57#39.99#32.44
-91.2172,30.0199#27.57#40.15#32.28
-91.1647,30.0186#27.57#40.3#32.13
-91.1121,30.0173#27.57#40.46#31.97
-91.0596,30.016#27.57#40.61#31.82
-91.0071,30.0147#27.57#40.77#31.66
-90.9546,30.0133#27.57#40.92#31.51
-90.9021,30.012#27.57#41.07#31.36
-90.8495,30.0106#27.56#41.21#31.23
-90.797,30.0092#27.56#41.36#31.08
-90.7445,30.0078#27.56#41.51#30.93
-90.692,30.0063#27.56#41.66#30.78
-90.6395,30.0049#27.56#41.81#30.63
-90.587,30.0034#27.56#41.96#30.48
-90.5345,30.0019#27.56#42.1#30.34
-90.482,30.0004#27.58#42.24#30.18
-90.4295,29.9989#27.63#42.36#30.01
-90.377,29.9974#27.68#42.48#29.84
-90.3245,29.9958#27.73#42.59#29.68
-90.272,29.9942#27.79#42.71#29.5
-90.2195,29.9926#27.84#42.82#29.34
-90.167,29.991#27.89#42.94#29.17
-90.1145,29.9894#27.95#43.05#29
-90.062,29.9877#28#43.17#28.83
-90.0095,29.9861#28.05#43.28#28.67
-89.957,29.9844#28.11#43.4#28.49
-89.9045,29.9827#28.16#43.52#28.32
-89.852,29.981#28.21#43.63#28.16
-89.7995,29.9792#28.26#43.75#27.99
-89.7471,29.9775#28.32#43.87#27.81
-89.6946,29.9757#28.37#43.98#27.65
-89.6421,29.9739#28.42#44.1#27.48
-89.5896,29.9721#28.47#44.21#27.32
-89.5371,29.9703#28.53#44.33#27.14
-89.4847,29.9684#28.57#44.44#26.99
-89.4322,29.9666#28.58#44.53#26.89
-89.3797,29.9647#28.6#44.62#26.78
-89.3272,29.9628#28.61#44.71#26.68
-89.2748,29.9609#28.63#44.8#26.57
-89.2223,29.959#28.64#44.89#26.47
-89.1698,29.957#28.66#44.98#26.36
-89.1174,29.9551#28.67#45.07#26.26
-89.0649,29.9531#28.69#45.17#26.14
-89.0124,29.9511#28.7#45.26#26.04
-88.96,29.9491#28.64#45.33#26.03
-88.9075,29.947#28.56#45.41#26.03
-88.8551,29.945#28.48#45.48#26.04
-88.8026,29.9429#28.4#45.55#26.05
-88.7502,29.9408#28.33#45.62#26.05
-88.6977,29.9387#28.25#45.69#26.06
-88.6453,29.9366#28.17#45.76#26.07
-88.5928,29.9344#28.09#45.84#26.07
-88.5404,29.9323#28.01#45.91#26.08
-88.4879,29.9301#27.93#45.97#26.1
-88.4355,29.9279#27.84#46.02#26.14
-88.3831,29.9257#27.76#46.07#26.17
-88.3306,29.9235#27.67#46.12#26.21
-88.2782,29.9212#27.59#46.17#26.24
-88.2257,29.919#27.5#46.22#26.28
-88.1733,29.9167#27.42#46.27#26.31
-88.1209,29.9144#27.33#46.32#26.35
-88.0685,29.9121#27.25#46.37#26.38
-88.016,29.9097#27.17#46.41#26.42
-87.9636,29.9074#27.12#46.45#26.43
-87.9112,29.905#27.09#46.48#26.43
-87.8588,29.9026#27.06#46.5#26.44
-87.8064,29.9002#27.03#46.53#26.44
-103.089,29.902#34.86#29.77#35.37
-103.037,29.9047#34.75#29.79#35.46
-102.984,29.9074#34.63#29.78#35.59
-102.932,29.9101#34.51#29.69#35.8
-102.879,29.9127#34.4#29.59#36.01
-102.827,29.9154#34.28#29.5#36.22
-102.775,29.918#34.16#29.41#36.43
-102.722,29.9206#34.05#29.31#36.64
-102.67,29.9232#33.93#29.22#36.85
-102.617,29.9257#33.81#29.12#37.07
-102.565,29.9283#33.69#29.03#37.28
-102.512,29.9308#33.58#28.93#37.49
-102.46,29.9333#33.48#28.83#37.69
-102.408,29.9358#33.38#28.72#37.9
-102.355,29.9383#33.29#28.62#38.09
-102.303,29.9407#33.19#28.51#38.3
-102.25,29.9432#33.1#28.41#38.49
-102.198,29.9456#33#28.3#38.7
-102.145,29.948#32.91#28.2#38.89
-102.093,29.9504#32.81#28.1#39.09
-102.041,29.9528#32.71#28#39.29
-101.988,29.9551#32.62#27.91#39.47
-101.936,29.9575#32.55#27.88#39.57
-101.883,29.9598#32.49#27.85#39.66
-101.831,29.9621#32.42#27.83#39.75
-101.778,29.9644#32.35#27.8#39.85
-101.726,29.9666#32.28#27.77#39.95
-101.673,29.9689#32.21#27.74#40.05
-101.621,29.9711#32.14#27.72#40.14
-101.569,29.9733#32.07#27.69#40.24
-101.516,29.9755#32#27.66#40.34
-101.464,29.9777#31.93#27.65#40.42
-101.411,29.9798#31.87#27.64#40.49
-101.359,29.982#31.81#27.64#40.55
-101.306,29.9841#31.74#27.63#40.63
-101.254,29.9862#31.67#27.63#40.7
-101.201,29.9883#31.61#27.62#40.77
-101.149,29.9904#31.54#27.61#40.85
-101.096,29.9924#31.48#27.61#40.91
-101.044,29.9945#31.41#27.6#40.99
-100.991,29.9965#31.34#27.6#41.06
-100.939,29.9985#31.29#27.6#41.11
-100.886,30.0005#31.23#27.6#41.17
-100.834,30.0024#31.18#27.6#41.22
-100.781,30.0044#31.12#27.6#41.28
-100.729,30.0063#31.07#27.6#41.33
-100.676,30.0082#31.02#27.6#41.38
-100.624,30.0101#30.96#27.6#41.44
-100.571,30.012#30.9#27.6#41.5
-100.519,30.0139#30.85#27.6#41.55
-100.466,30.0157#30.82#27.59#41.59
-100.414,30.0175#30.8#27.59#41.61
-100.361,30.0193#30.78#27.58#41.64
-100.309,30.0211#30.76#27.58#41.66
-100.256,30.0229#30.74#27.57#41.69
-100.204,30.0247#30.72#27.56#41.72
-100.151,30.0264#30.7#27.56#41.74
-100.099,30.0281#30.68#27.55#41.77
-100.046,30.0298#30.66#27.54#41.8
-99.9939,30.0315#30.63#27.54#41.83
-99.9414,30.0332#30.59#27.6#41.81
-99.8889,30.0348#30.55#27.66#41.79
-99.8363,30.0364#30.51#27.72#41.77
-99.7838,30.0381#30.47#27.78#41.75
-99.7313,30.0397#30.43#27.84#41.73
-99.6788,30.0412#30.39#27.9#41.71
-99.6263,30.0428#30.35#27.96#41.69
-99.5737,30.0443#30.3#28.02#41.68
-99.5212,30.0459#30.26#28.08#41.66
-99.4687,30.0474#30.22#28.14#41.64
-99.4162,30.0489#30.18#28.2#41.62
-99.3636,30.0503#30.14#28.26#41.6
-99.3111,30.0518#30.1#28.33#41.57
-99.2586,30.0532#30.07#28.39#41.54
-99.206,30.0546#30.03#28.45#41.52
-99.1535,30.056#29.99#28.52#41.49
-99.101,30.0574#29.95#28.58#41.47
-99.0484,30.0588#29.91#28.64#41.45
-98.9959,30.0602#29.87#28.7#41.43
-98.9434,30.0615#29.84#28.73#41.43
-98.8908,30.0628#29.82#28.75#41.43
-98.8383,30.0641#29.8#28.78#41.42
-98.7857,30.0654#29.78#28.8#41.42
-98.7332,30.0666#29.75#28.82#41.43
-98.6807,30.0679#29.73#28.85#41.42
-98.6281,30.0691#29.71#28.87#41.42
-98.5756,30.0703#29.68#28.9#41.42
-98.523,30.0715#29.66#28.92#41.42
-98.4705,30.0727#29.64#28.89#41.47
-98.4179,30.0738#29.61#28.81#41.58
-98.3654,30.075#29.59#28.73#41.68
-98.3128,30.0761#29.56#28.66#41.78
-98.2603,30.0772#29.53#28.58#41.89
-98.2077,30.0783#29.51#28.5#41.99
-98.1552,30.0793#29.48#28.42#42.1
-98.1026,30.0804#29.46#28.34#42.2
-98.05,30.0814#29.43#28.27#42.3
-97.9975,30.0824#29.41#28.19#42.4
-97.9449,30.0834#29.39#28.11#42.5
-97.8924,30.0844#29.37#28.03#42.6
-97.8398,30.0854#29.35#27.95#42.7
-97.7873,30.0863#29.33#27.87#42.8
-97.7347,30.0872#29.31#27.79#42.9
-97.6821,30.0882#29.29#27.71#43
-97.6296,30.089#29.27#27.63#43.1
-97.577,30.0899#29.26#27.55#43.19
-97.5244,30.0908#29.24#27.47#43.29
-97.4719,30.0916#29.22#27.43#43.35
-97.4193,30.0924#29.21#27.42#43.37
-97.3667,30.0932#29.19#27.41#43.4
-97.3142,30.094#29.18#27.4#43.42
-97.2616,30.0948#29.17#27.39#43.44
-97.209,30.0955#29.15#27.38#43.47
-97.1565,30.0963#29.14#27.37#43.49
-97.1039,30.097#29.12#27.36#43.52
-97.0513,30.0977#29.11#27.35#43.54
-96.9987,30.0984#29.1#27.34#43.56
-96.9462,30.099#29.08#27.36#43.56
-96.8936,30.0997#29.07#27.39#43.54
-96.841,30.1003#29.06#27.41#43.53
-96.7885,30.1009#29.04#27.44#43.52
-96.7359,30.1015#29.03#27.47#43.5
-96.6833,30.1021#29.02#27.49#43.49
-96.6307,30.1026#29#27.52#43.48
-96.5782,30.1032#28.99#27.55#43.46
-96.5256,30.1037#28.97#27.57#43.46
-96.473,30.1042#28.96#27.61#43.43
-96.4204,30.1047#28.95#27.66#43.39
-96.3678,30.1051#28.94#27.72#43.34
-96.3153,30.1056#28.93#27.77#43.3
-96.2627,30.106#28.91#27.82#43.27
-96.2101,30.1064#28.9#27.87#43.23
-96.1575,30.1068#28.89#27.92#43.19
-96.105,30.1072#28.88#27.97#43.15
-96.0524,30.1076#28.87#28.03#43.1
-95.9998,30.1079#28.85#28.08#43.07
-95.9472,30.1082#28.84#28.14#43.02
-95.8946,30.1086#28.83#28.2#42.97
-95.842,30.1088#28.82#28.27#42.91
-95.7895,30.1091#28.8#28.33#42.87
-95.7369,30.1094#28.79#28.4#42.81
-95.6843,30.1096#28.78#28.46#42.76
-95.6317,30.1098#28.77#28.52#42.71
-95.5791,30.11#28.75#28.59#42.66
-95.5266,30.1102#28.74#28.65#42.61
-95.474,30.1104#28.73#28.74#42.53
-95.4214,30.1105#28.71#28.86#42.43
-95.3688,30.1107#28.69#28.98#42.33
-95.3162,30.1108#28.68#29.1#42.22
-95.2636,30.1109#28.66#29.23#42.11
-95.2111,30.111#28.64#29.35#42.01
-95.1585,30.111#28.63#29.47#41.9
-95.1059,30.1111#28.61#29.59#41.8
-95.0533,30.1111#28.59#29.71#41.7
-95.0007,30.1111#28.58#29.83#41.59
-94.9481,30.1111#28.56#29.95#41.49
-94.8956,30.1111#28.53#30.07#41.4
-94.843,30.111#28.51#30.19#41.3
-94.7904,30.111#28.49#30.31#41.2
-94.7378,30.1109#28.47#30.42#41.11
-94.6852,30.1108#28.45#30.54#41.01
-94.6326,30.1107#28.43#30.66#40.91
-94.5801,30.1105#28.4#30.78#40.82
-94.5275,30.1104#28.38#30.9#40.72
-94.4749,30.1102#28.36#31.02#40.62
-94.4223,30.11#28.34#31.15#40.51
-94.3697,30.1098#28.31#31.28#40.41
-94.3171,30.1096#28.29#31.41#40.3
-94.2646,30.1094#28.26#31.54#40.2
-94.212,30.1091#28.23#31.67#40.1
-94.1594,30.1089#28.21#31.8#39.99
-94.1068,30.1086#28.18#31.93#39.89
-94.0542,30.1083#28.16#32.06#39.78
-94.0017,30.1079#28.13#32.19#39.68
-93.9491,30.1076#28.11#32.33#39.56
-93.8965,30.1072#28.08#32.46#39.46
-93.8439,30.1068#28.05#32.59#39.36
-93.7913,30.1065#28.03#32.73#39.24
-93.7388,30.106#28#32.86#39.14
-93.6862,30.1056#27.97#33#39.03
-93.6336,30.1052#27.95#33.13#38.92
-93.581,30.1047#27.92#33.27#38.81
-93.5285,30.1042#27.89#33.4#38.71
-93.4759,30.1037#27.87#33.54#38.59
-93.4233,30.1032#27.85#33.69#38.46
-93.3707,30.1026#27.84#33.84#38.32
-93.3181,30.1021#27.82#33.98#38.2
-93.2656,30.1015#27.8#34.13#38.07
-93.213,30.1009#27.78#34.28#37.94
-93.1604,30.1003#27.76#34.43#37.81
-93.1078,30.0997#27.75#34.57#37.68
-93.0553,30.099#27.73#34.72#37.55
-93.0027,30.0984#27.71#34.87#37.42
-92.9501,30.0977#27.7#35.01#37.29
-92.8976,30.097#27.69#35.16#37.15
-92.845,30.0963#27.68#35.3#37.02
-92.7924,30.0956#27.68#35.45#36.87
-92.7399,30.0948#27.67#35.6#36.73
-92.6873,30.094#27.66#35.74#36.6
-92.6347,30.0933#27.65#35.89#36.46
-92.5821,30.0925#27.64#36.03#36.33
-92.5296,30.0916#27.63#36.18#36.19
-92.477,30.0908#27.63#36.33#36.04
-92.4245,30.0899#27.62#36.47#35.91
-92.3719,30.0891#27.62#36.62#35.76
-92.3193,30.0882#27.62#36.77#35.61
-92.2668,30.0873#27.61#36.92#35.47
-92.2142,30.0863#27.61#37.07#35.32
-92.1616,30.0854#27.6#37.22#35.18
-92.1091,30.0844#27.6#37.36#35.04
-92.0565,30.0835#27.6#37.51#34.89
-92.004,30.0825#27.59#37.66#34.75
-91.9514,30.0815#27.59#37.81#34.6
-91.8988,30.0804#27.59#37.95#34.46
-91.8463,30.0794#27.59#38.1#34.31
-91.7937,30.0783#27.59#38.25#34.16
-91.7412,30.0772#27.58#38.39#34.03
-91.6886,30.0761#27.58#38.54#33.88
-91.6361,30.075#27.58#38.69#33.73
-91.5835,30.0739#27.58#38.84#33.58
-91.531,30.0727#27.58#38.98#33.44
-91.4784,30.0715#27.58#39.13#33.29
-91.4259,30.0703#27.58#39.29#33.13
-91.3733,30.0691#27.57#39.44#32.99
-91.3208,30.0679#27.57#39.59#32.84
-91.2683,30.0667#27.57#39.75#32.68
-91.2157,30.0654#27.57#39.9#32.53
-91.1632,30.0641#27.57#40.06#32.37
-91.1106,30.0628#27.57#40.21#32.22
-91.0581,30.0615#27.57#40.36#32.07
-91.0055,30.0602#27.57#40.52#31.91
-90.953,30.0588#27.57#40.67#31.76
-90.9005,30.0575#27.57#40.82#31.61
-90.8479,30.0561#27.57#40.96#31.47
-90.7954,30.0547#27.56#41.11#31.33
-90.7429,30.0533#27.56#41.26#31.18
-90.6903,30.0518#27.56#41.41#31.03
-90.6378,30.0504#27.56#41.56#30.88
-90.5853,30.0489#27.56#41.71#30.73
-90.5328,30.0474#27.56#41.86#30.58
-90.4802,30.0459#27.58#41.99#30.43
-90.4277,30.0444#27.63#42.12#30.25
-90.3752,30.0428#27.68#42.24#30.08
-90.3227,30.0413#27.74#42.36#29.9
-90.2701,30.0397#27.79#42.48#29.73
-90.2176,30.0381#27.84#42.61#29.55
-90.1651,30.0365#27.9#42.73#29.37
-90.1126,30.0349#27.95#42.85#29.2
-90.0601,30.0332#28#42.97#29.03
-90.0076,30.0315#28.05#43.09#28.86
-89.9551,30.0299#28.11#43.21#28.68
-89.9025,30.0282#28.16#43.33#28.51
-89.85,30.0264#28.21#43.45#28.34
-89.7975,30.0247#28.26#43.57#28.17
-89.745,30.0229#28.32#43.69#27.99
-89.6925,30.0212#28.37#43.81#27.82
-89.64,30.0194#28.42#43.93#27.65
-89.5875,30.0176#28.47#44.05#27.48
-89.535,30.0158#28.53#44.17#27.3
-89.4825,30.0139#28.57#44.28#27.15
-89.43,30.0121#28.58#44.37#27.05
-89.3775,30.0102#28.6#44.46#26.94
-89.325,30.0083#28.61#44.55#26.84
-89.2725,30.0064#28.63#44.65#26.72
-89.2201,30.0044#28.64#44.74#26.62
-89.1676,30.0025#28.66#44.83#26.51
-89.1151,30.0005#28.67#44.92#26.41
-89.0626,29.9985#28.68#45.01#26.31
-89.0101,29.9965#28.7#45.11#26.19
-88.9576,29.9945#28.64#45.19#26.17
-88.9052,29.9925#28.56#45.26#26.18
-88.8527,29.9904#28.48#45.34#26.18
-88.8002,29.9884#28.4#45.41#26.19
-88.7477,29.9863#28.32#45.49#26.19
-88.6953,29.9842#28.24#45.57#26.19
-88.6428,29.982#28.16#45.64#26.2
-88.5903,29.9799#28.08#45.72#26.2
-88.5379,29.9777#28#45.79#26.21
-88.4854,29.9756#27.92#45.86#26.22
-88.4329,29.9734#27.83#45.91#26.26
-88.3805,29.9712#27.75#45.97#26.28
-88.328,29.9689#27.66#46.02#26.32
-88.2756,29.9667#27.58#46.08#26.34
-88.2231,29.9644#27.5#46.13#26.37
-88.1707,29.9621#27.41#46.18#26.41
-88.1182,29.9598#27.33#46.23#26.44
-88.0658,29.9575#27.24#46.29#26.47
-88.0133,29.9552#27.16#46.34#26.5
-87.9609,29.9528#27.11#46.37#26.52
-87.9084,29.9505#27.08#46.41#26.51
-87.856,29.9481#27.05#46.44#26.51
-87.8036,29.9457#27.02#46.47#26.51
-87.7511,29.9432#26.99#46.5#26.51
-87.6987,29.9408#26.96#46.53#26.51
-87.6463,29.9384#26.93#46.56#26.51
-87.5938,29.9359#26.9#46.58#26.52
-87.5414,29.9334#26.87#46.61#26.52
-87.489,29.9309#26.85#46.64#26.51
-87.4366,29.9283#26.84#46.66#26.5
-87.3842,29.9258#26.83#46.67#26.5
-87.3317,29.9232#26.82#46.69#26.49
-87.2793,29.9207#26.81#46.7#26.49
-87.2269,29.9181#26.8#46.72#26.48
-87.1745,29.9154#26.79#46.73#26.48
-87.1221,29.9128#26.78#46.75#26.47
-87.0697,29.9102#26.77#46.76#26.47
-87.0173,29.9075#26.76#46.78#26.46
-86.9649,29.9048#26.76#46.79#26.45
-86.9125,29.9021#26.75#46.8#26.45
-103.93,29.9018#36.87#28.95#34.18
-103.878,29.9048#36.77#29.03#34.2
-103.826,29.9077#36.67#29.11#34.22
-103.773,29.9107#36.57#29.19#34.24
-103.721,29.9136#36.47#29.27#34.26
-103.669,29.9165#36.37#29.34#34.29
-103.616,29.9194#36.28#29.42#34.3
-103.564,29.9223#36.18#29.5#34.32
-103.511,29.9252#36.08#29.57#34.35
-103.459,29.928#35.97#29.61#34.42
-103.407,29.9309#35.86#29.63#34.51
-103.354,29.9337#35.74#29.64#34.62
-103.302,29.9365#35.63#29.66#34.71
-103.249,29.9392#35.52#29.67#34.81
-103.197,29.942#35.4#29.69#34.91
-103.144,29.9447#35.29#29.7#35.01
-103.092,29.9475#35.18#29.71#35.11
-103.04,29.9502#35.06#29.72#35.22
-102.987,29.9528#34.95#29.7#35.35
-102.935,29.9555#34.83#29.61#35.56
-102.882,29.9582#34.71#29.51#35.78
-102.83,29.9608#34.6#29.42#35.98
-102.778,29.9634#34.48#29.32#36.2
-102.725,29.966#34.37#29.22#36.41
-102.673,29.9686#34.25#29.12#36.63
-102.62,29.9712#34.13#29.03#36.84
-102.568,29.9737#34.02#28.93#37.05
-102.515,29.9762#33.9#28.83#37.27
-102.463,29.9788#33.8#28.73#37.47
-102.41,29.9813#33.7#28.63#37.67
-102.358,29.9837#33.6#28.53#37.87
-102.306,29.9862#33.5#28.44#38.06
-102.253,29.9886#33.4#28.34#38.26
-102.201,29.9911#33.31#28.24#38.45
-102.148,29.9935#33.21#28.15#38.64
-102.096,29.9959#33.11#28.05#38.84
-102.043,29.9982#33#27.96#39.04
-101.991,30.0006#32.91#27.88#39.21
-101.938,30.0029#32.84#27.85#39.31
-101.886,30.0052#32.77#27.83#39.4
-101.833,30.0075#32.7#27.8#39.5
-101.781,30.0098#32.63#27.78#39.59
-101.728,30.0121#32.56#27.75#39.69
-101.676,30.0143#32.48#27.73#39.79
-101.624,30.0166#32.41#27.7#39.89
-101.571,30.0188#32.34#27.68#39.98
