-98.8872,46.9006#46.88#30.33#22.79
-98.8256,46.9018#46.88#30.36#22.76
-98.7639,46.903#46.88#30.4#22.72
-98.7022,46.9041#46.88#30.44#22.68
-98.6406,46.9053#46.88#30.48#22.64
-98.5789,46.9064#46.88#30.51#22.61
-98.5173,46.9075#46.88#30.55#22.57
-98.4556,46.9086#46.88#30.46#22.66
-98.3939,46.9097#46.88#30.33#22.79
-98.3323,46.9107#46.88#30.19#22.93
-98.2706,46.9117#46.88#30.06#23.06
-98.2089,46.9127#46.88#29.92#23.2
-98.1473,46.9137#46.88#29.79#23.33
-98.0856,46.9147#46.88#29.65#23.47
-98.0239,46.9156#46.88#29.52#23.6
-97.9622,46.9166#46.88#29.37#23.75
-97.9006,46.9175#46.88#29.22#23.9
-97.8389,46.9184#46.88#29.07#24.05
-97.7772,46.9192#46.88#28.92#24.2
-97.7155,46.9201#46.88#28.77#24.35
-97.6538,46.9209#46.88#28.62#24.5
-97.5922,46.9217#46.88#28.47#24.65
-97.5305,46.9225#46.88#28.32#24.8
-97.4688,46.9233#46.88#28.21#24.91
-97.4071,46.9241#46.88#28.16#24.96
-97.3454,46.9248#46.88#28.1#25.02
-97.2837,46.9255#46.88#28.05#25.07
-97.222,46.9262#46.88#27.99#25.13
-97.1604,46.9269#46.88#27.93#25.19
-97.0987,46.9276#46.88#27.88#25.24
-97.037,46.9282#46.88#27.82#25.3
-96.9753,46.9288#46.88#27.78#25.34
-96.9136,46.9294#46.88#27.76#25.36
-96.8519,46.93#46.88#27.74#25.38
-96.7902,46.9306#46.88#27.72#25.4
-96.7285,46.9311#46.88#27.69#25.43
-96.6668,46.9317#46.88#27.67#25.45
-96.6051,46.9322#46.88#27.65#25.47
-96.5434,46.9327#46.88#27.63#25.49
-96.4817,46.9331#46.88#27.62#25.5
-96.42,46.9336#46.87#27.61#25.52
-96.3583,46.934#46.87#27.6#25.53
-96.2966,46.9344#46.87#27.59#25.54
-96.2349,46.9348#46.87#27.59#25.54
-96.1732,46.9352#46.87#27.58#25.55
-96.1115,46.9356#46.87#27.57#25.56
-96.0498,46.9359#46.86#27.56#25.58
-95.9881,46.9362#46.86#27.56#25.58
-95.9264,46.9365#46.86#27.56#25.58
-95.8647,46.9368#46.86#27.55#25.59
-95.803,46.937#46.85#27.55#25.6
-95.7413,46.9373#46.85#27.55#25.6
-95.6796,46.9375#46.85#27.55#25.6
-95.6179,46.9377#46.84#27.54#25.62
-95.5562,46.9379#46.84#27.54#25.62
-95.4945,46.9381#46.83#27.54#25.63
-95.4328,46.9382#46.82#27.54#25.64
-95.3711,46.9383#46.81#27.54#25.65
-95.3094,46.9384#46.8#27.54#25.66
-95.2477,46.9385#46.79#27.54#25.67
-95.186,46.9386#46.78#27.54#25.68
-95.1243,46.9386#46.77#27.54#25.69
-95.0626,46.9387#46.76#27.54#25.7
-95.0009,46.9387#46.75#27.54#25.71
-94.9391,46.9387#46.72#27.54#25.74
-94.8774,46.9386#46.7#27.54#25.76
-94.8157,46.9386#46.67#27.54#25.79
-94.754,46.9385#46.64#27.54#25.82
-94.6923,46.9384#46.61#27.54#25.85
-94.6306,46.9383#46.59#27.54#25.87
-94.5689,46.9382#46.56#27.54#25.9
-94.5072,46.9381#46.53#27.54#25.93
-94.4455,46.9379#46.48#27.54#25.98
-94.3838,46.9377#46.43#27.54#26.03
-94.3221,46.9375#46.38#27.54#26.08
-94.2604,46.9373#46.32#27.54#26.14
-94.1987,46.9371#46.27#27.54#26.19
-94.137,46.9368#46.22#27.54#26.24
-94.0753,46.9365#46.17#27.54#26.29
-94.0136,46.9362#46.12#27.54#26.34
-93.9519,46.9359#46.04#27.54#26.42
-93.8902,46.9356#45.96#27.54#26.5
-93.8285,46.9352#45.88#27.54#26.58
-93.7668,46.9348#45.8#27.53#26.67
-93.7051,46.9344#45.72#27.53#26.75
-93.6434,46.934#45.63#27.53#26.84
-93.5817,46.9336#45.55#27.53#26.92
-93.52,46.9332#45.47#27.53#27
-93.4583,46.9327#45.39#27.53#27.08
-93.3966,46.9322#45.31#27.53#27.16
-93.3349,46.9317#45.23#27.53#27.24
-93.2732,46.9312#45.15#27.53#27.32
-93.2115,46.9306#45.07#27.53#27.4
-93.1498,46.93#44.98#27.53#27.49
-93.0881,46.9295#44.9#27.53#27.57
-93.0264,46.9289#44.82#27.53#27.65
-92.9647,46.9282#44.69#27.53#27.78
-92.903,46.9276#44.53#27.53#27.94
-92.8414,46.9269#44.37#27.53#28.1
-92.7797,46.9263#44.21#27.53#28.26
-92.718,46.9256#44.05#27.53#28.42
-92.6563,46.9248#43.89#27.52#28.59
-92.5946,46.9241#43.74#27.52#28.74
-92.5329,46.9233#43.58#27.52#28.9
-92.4712,46.9226#43.43#27.52#29.05
-92.4096,46.9218#43.29#27.52#29.19
-92.3479,46.921#43.16#27.52#29.32
-92.2862,46.9201#43.03#27.52#29.45
-92.2245,46.9193#42.89#27.52#29.59
-92.1628,46.9184#42.76#27.52#29.72
-92.1012,46.9175#42.63#27.52#29.85
-92.0395,46.9166#42.5#27.52#29.98
-91.9778,46.9157#42.33#27.52#30.15
-91.9161,46.9147#42.11#27.52#30.37
-91.8545,46.9137#41.89#27.52#30.59
-91.7928,46.9128#41.67#27.51#30.82
-91.7311,46.9118#41.45#27.51#31.04
-91.6694,46.9107#41.23#27.51#31.26
-91.6078,46.9097#41.01#27.51#31.48
-91.5461,46.9086#40.79#27.51#31.7
-91.4844,46.9075#40.55#27.51#31.94
-91.4228,46.9064#40.24#27.51#32.25
-91.3611,46.9053#39.94#27.51#32.55
-91.2995,46.9042#39.64#27.51#32.85
-91.2378,46.903#39.33#27.51#33.16
-91.1761,46.9018#39.03#27.51#33.46
-91.1145,46.9006#38.72#27.5#33.78
-100.615,46.9014#46.89#28.72#24.39
-100.554,46.9031#46.89#28.72#24.39
-100.492,46.9048#46.89#28.72#24.39
-100.43,46.9065#46.89#28.72#24.39
-100.369,46.9082#46.89#28.73#24.38
-100.307,46.9099#46.89#28.73#24.38
-100.246,46.9115#46.89#28.73#24.38
-100.184,46.9131#46.89#28.73#24.38
-100.122,46.9147#46.89#28.73#24.38
-100.061,46.9163#46.89#28.73#24.38
-99.999,46.9179#46.89#28.73#24.38
-99.9373,46.9194#46.89#28.83#24.28
-99.8757,46.9209#46.89#28.92#24.19
-99.814,46.9225#46.89#29.01#24.1
-99.7524,46.9239#46.89#29.1#24.01
-99.6907,46.9254#46.89#29.19#23.92
-99.629,46.9269#46.89#29.29#23.82
-99.5674,46.9283#46.89#29.38#23.73
-99.5057,46.9297#46.89#29.47#23.64
-99.4441,46.9311#46.88#29.57#23.55
-99.3824,46.9325#46.88#29.66#23.46
-99.3207,46.9338#46.88#29.76#23.36
-99.259,46.9351#46.88#29.86#23.26
-99.1974,46.9365#46.88#29.95#23.17
-99.1357,46.9378#46.88#30.05#23.07
-99.074,46.939#46.88#30.14#22.98
-99.0123,46.9403#46.88#30.24#22.88
-98.9507,46.9415#46.88#30.29#22.83
-98.889,46.9427#46.87#30.33#22.8
-98.8273,46.9439#46.87#30.36#22.77
-98.7656,46.9451#46.87#30.4#22.73
-98.7039,46.9463#46.87#30.44#22.69
-98.6422,46.9474#46.87#30.47#22.66
-98.5806,46.9485#46.87#30.51#22.62
-98.5189,46.9496#46.87#30.55#22.58
-98.4572,46.9507#46.87#30.46#22.67
-98.3955,46.9518#46.87#30.33#22.8
-98.3338,46.9528#46.87#30.19#22.94
-98.2721,46.9539#46.87#30.06#23.07
-98.2104,46.9549#46.87#29.92#23.21
-98.1487,46.9559#46.87#29.79#23.34
-98.087,46.9568#46.87#29.65#23.48
-98.0253,46.9578#46.87#29.52#23.61
-97.9636,46.9587#46.87#29.37#23.76
-97.9019,46.9596#46.87#29.22#23.91
-97.8402,46.9605#46.87#29.07#24.06
-97.7785,46.9614#46.87#28.92#24.21
-97.7168,46.9622#46.87#28.77#24.36
-97.655,46.9631#46.87#28.62#24.51
-97.5933,46.9639#46.87#28.47#24.66
-97.5316,46.9647#46.87#28.32#24.81
-97.4699,46.9655#46.87#28.21#24.92
-97.4082,46.9662#46.87#28.16#24.97
-97.3465,46.967#46.87#28.1#25.03
-97.2848,46.9677#46.87#28.05#25.08
-97.2231,46.9684#46.87#27.99#25.14
-97.1613,46.9691#46.87#27.93#25.2
-97.0996,46.9697#46.87#27.88#25.25
-97.0379,46.9704#46.87#27.82#25.31
-96.9762,46.971#46.87#27.78#25.35
-96.9145,46.9716#46.87#27.76#25.37
-96.8527,46.9722#46.87#27.74#25.39
-96.791,46.9727#46.87#27.71#25.42
-96.7293,46.9733#46.87#27.69#25.44
-96.6676,46.9738#46.87#27.67#25.46
-96.6058,46.9743#46.87#27.65#25.48
-96.5441,46.9748#46.87#27.63#25.5
-96.4824,46.9753#46.87#27.61#25.52
-96.4207,46.9757#46.86#27.61#25.53
-96.3589,46.9762#46.86#27.6#25.54
-96.2972,46.9766#46.86#27.59#25.55
-96.2355,46.977#46.86#27.58#25.56
-96.1738,46.9773#46.86#27.58#25.56
-96.112,46.9777#46.85#27.57#25.58
-96.0503,46.978#46.85#27.56#25.59
-95.9886,46.9784#46.85#27.56#25.59
-95.9268,46.9786#46.85#27.55#25.6
-95.8651,46.9789#46.84#27.55#25.61
-95.8034,46.9792#46.84#27.55#25.61
-95.7416,46.9794#46.84#27.55#25.61
-95.6799,46.9796#46.83#27.55#25.62
-95.6182,46.9798#46.83#27.54#25.63
-95.5564,46.98#46.82#27.54#25.64
-95.4947,46.9802#46.82#27.54#25.64
-95.433,46.9803#46.81#27.54#25.65
-95.3713,46.9805#46.8#27.54#25.66
-95.3095,46.9806#46.78#27.54#25.68
-95.2478,46.9807#46.77#27.54#25.69
-95.1861,46.9807#46.76#27.54#25.7
-95.1243,46.9808#46.75#27.54#25.71
-95.0626,46.9808#46.74#27.54#25.72
-95.0009,46.9808#46.72#27.54#25.74
-94.9391,46.9808#46.69#27.54#25.77
-94.8774,46.9808#46.66#27.54#25.8
-94.8157,46.9807#46.63#27.54#25.83
-94.7539,46.9807#46.6#27.54#25.86
-94.6922,46.9806#46.57#27.54#25.89
-94.6305,46.9805#46.54#27.54#25.92
-94.5687,46.9803#46.51#27.54#25.95
-94.507,46.9802#46.48#27.54#25.98
-94.4453,46.98#46.43#27.54#26.03
-94.3835,46.9799#46.37#27.54#26.09
-94.3218,46.9797#46.31#27.54#26.15
-94.2601,46.9794#46.26#27.54#26.2
-94.1983,46.9792#46.2#27.54#26.26
-94.1366,46.9789#46.15#27.53#26.32
-94.0749,46.9787#46.09#27.53#26.38
-94.0131,46.9784#46.03#27.53#26.44
-93.9514,46.978#45.96#27.53#26.51
-93.8897,46.9777#45.87#27.53#26.6
-93.828,46.9774#45.79#27.53#26.68
-93.7662,46.977#45.7#27.53#26.77
-93.7045,46.9766#45.62#27.53#26.85
-93.6428,46.9762#45.53#27.53#26.94
-93.581,46.9757#45.45#27.53#27.02
-93.5193,46.9753#45.36#27.53#27.11
-93.4576,46.9748#45.28#27.53#27.19
-93.3959,46.9743#45.2#27.53#27.27
-93.3341,46.9738#45.13#27.53#27.34
-93.2724,46.9733#45.05#27.53#27.42
-93.2107,46.9728#44.97#27.53#27.5
-93.149,46.9722#44.9#27.53#27.57
-93.0872,46.9716#44.82#27.53#27.65
-93.0255,46.971#44.74#27.53#27.73
-92.9638,46.9704#44.61#27.53#27.86
-92.9021,46.9697#44.45#27.53#28.02
-92.8404,46.9691#44.28#27.52#28.2
-92.7787,46.9684#44.12#27.52#28.36
-92.7169,46.9677#43.95#27.52#28.53
-92.6552,46.967#43.79#27.52#28.69
-92.5935,46.9662#43.62#27.52#28.86
-92.5318,46.9655#43.46#27.52#29.02
-92.4701,46.9647#43.31#27.52#29.17
-92.4084,46.9639#43.16#27.52#29.32
-92.3467,46.9631#43.02#27.52#29.46
-92.285,46.9623#42.88#27.52#29.6
-92.2232,46.9614#42.74#27.52#29.74
-92.1615,46.9605#42.6#27.52#29.88
-92.0998,46.9596#42.45#27.52#30.03
-92.0381,46.9587#42.31#27.52#30.17
-91.9764,46.9578#42.15#27.51#30.34
-91.9147,46.9569#41.93#27.51#30.56
-91.853,46.9559#41.71#27.51#30.78
-91.7913,46.9549#41.5#27.51#30.99
-91.7296,46.9539#41.28#27.51#31.21
-91.6679,46.9529#41.07#27.51#31.42
-91.6062,46.9518#40.85#27.51#31.64
-91.5445,46.9508#40.64#27.51#31.85
-91.4828,46.9497#40.4#27.51#32.09
-91.4212,46.9486#40.11#27.51#32.38
-91.3595,46.9474#39.82#27.51#32.67
-91.2978,46.9463#39.53#27.51#32.96
-91.2361,46.9451#39.23#27.5#33.27
-91.1744,46.944#38.94#27.5#33.56
-91.1127,46.9428#38.65#27.5#33.85
-91.051,46.9416#38.35#27.5#34.15
-90.9894,46.9403#38.05#27.5#34.45
-90.9277,46.9391#37.72#27.5#34.78
-90.866,46.9378#37.39#27.5#35.11
-90.8043,46.9365#37.06#27.5#35.44
-90.7427,46.9352#36.73#27.5#35.77
-90.681,46.9338#36.4#27.5#36.1
-90.6193,46.9325#36.07#27.49#36.44
-90.5576,46.9311#35.74#27.49#36.77
-90.496,46.9297#35.41#27.49#37.1
-90.4343,46.9283#35.08#27.5#37.42
-90.3727,46.9269#34.76#27.51#37.73
-90.311,46.9254#34.43#27.52#38.05
-90.2493,46.924#34.11#27.53#38.36
-90.1877,46.9225#33.79#27.54#38.67
-90.126,46.921#33.46#27.55#38.99
-90.0644,46.9195#33.14#27.56#39.3
-90.0027,46.9179#32.81#27.57#39.62
-89.9411,46.9164#32.59#27.61#39.8
-89.8794,46.9148#32.37#27.65#39.98
-89.8178,46.9132#32.15#27.69#40.16
-89.7561,46.9116#31.92#27.73#40.35
-89.6945,46.9099#31.7#27.77#40.53
-89.6329,46.9083#31.48#27.81#40.71
-89.5712,46.9066#31.26#27.85#40.89
-89.5096,46.9049#31.04#27.89#41.07
-89.448,46.9032#30.82#27.96#41.22
-89.3863,46.9014#30.59#28.03#41.38
-101.974,46.9005#46.86#28.7#24.44
-101.912,46.9026#46.86#28.7#24.44
-101.851,46.9048#46.86#28.7#24.44
-101.789,46.9069#46.86#28.7#24.44
-101.727,46.909#46.86#28.7#24.44
-101.666,46.9111#46.86#28.7#24.44
-101.604,46.9131#46.87#28.7#24.43
-101.542,46.9152#46.87#28.7#24.43
-101.481,46.9172#46.87#28.7#24.43
-101.419,46.9192#46.87#28.71#24.42
-101.358,46.9212#46.87#28.71#24.42
-101.296,46.9231#46.87#28.71#24.42
-101.234,46.9251#46.87#28.71#24.42
-101.173,46.927#46.87#28.71#24.42
-101.111,46.9289#46.88#28.71#24.41
-101.049,46.9308#46.88#28.71#24.41
-100.988,46.9327#46.88#28.71#24.41
-100.926,46.9345#46.88#28.71#24.41
-100.865,46.9364#46.88#28.72#24.4
-100.803,46.9382#46.88#28.72#24.4
-100.741,46.94#46.88#28.72#24.4
-100.68,46.9418#46.88#28.72#24.4
-100.618,46.9435#46.88#28.72#24.4
-100.556,46.9452#46.88#28.72#24.4
-100.495,46.947#46.88#28.72#24.4
-100.433,46.9487#46.88#28.72#24.4
-100.371,46.9503#46.88#28.72#24.4
-100.31,46.952#46.88#28.73#24.39
-100.248,46.9536#46.88#28.73#24.39
-100.186,46.9553#46.88#28.73#24.39
-100.125,46.9569#46.88#28.73#24.39
-100.063,46.9584#46.88#28.73#24.39
-100.001,46.96#46.88#28.73#24.39
-99.9396,46.9615#46.88#28.82#24.3
-99.8779,46.9631#46.88#28.91#24.21
-99.8162,46.9646#46.88#29.01#24.11
-99.7545,46.9661#46.88#29.1#24.02
-99.6928,46.9675#46.88#29.19#23.93
-99.6312,46.969#46.88#29.28#23.84
-99.5695,46.9704#46.88#29.37#23.75
-99.5078,46.9718#46.88#29.47#23.65
-99.4461,46.9732#46.88#29.56#23.56
-99.3844,46.9746#46.88#29.66#23.46
-99.3227,46.9759#46.87#29.75#23.38
-99.261,46.9773#46.87#29.85#23.28
-99.1993,46.9786#46.87#29.95#23.18
-99.1376,46.9799#46.87#30.04#23.09
-99.0759,46.9811#46.87#30.14#22.99
-99.0142,46.9824#46.87#30.24#22.89
-98.9525,46.9836#46.87#30.29#22.84
-98.8908,46.9849#46.87#30.32#22.81
-98.829,46.9861#46.87#30.36#22.77
-98.7673,46.9872#46.86#30.4#22.74
-98.7056,46.9884#46.86#30.43#22.71
-98.6439,46.9895#46.86#30.47#22.67
-98.5822,46.9907#46.86#30.51#22.63
-98.5205,46.9918#46.86#30.55#22.59
-98.4587,46.9928#46.86#30.47#22.67
-98.397,46.9939#46.86#30.33#22.81
-98.3353,46.995#46.86#30.2#22.94
-98.2736,46.996#46.86#30.06#23.08
-98.2118,46.997#46.86#29.93#23.21
-98.1501,46.998#46.86#29.79#23.35
-98.0884,46.9989#46.86#29.65#23.49
-98.0267,46.9999#46.86#29.52#23.62
-97.9649,47.0008#46.86#29.38#23.76
-97.9032,47.0017#46.87#29.22#23.91
-97.8415,47.0026#46.87#29.07#24.06
-97.7797,47.0035#46.87#28.92#24.21
-97.718,47.0044#46.87#28.77#24.36
-97.6563,47.0052#46.87#28.62#24.51
-97.5945,47.006#46.87#28.47#24.66
-97.5328,47.0068#46.87#28.32#24.81
-97.471,47.0076#46.87#28.21#24.92
-97.4093,47.0083#46.87#28.16#24.97
-97.3476,47.0091#46.87#28.1#25.03
-97.2858,47.0098#46.87#28.05#25.08
-97.2241,47.0105#46.87#27.99#25.14
-97.1623,47.0112#46.87#27.93#25.2
-97.1006,47.0118#46.87#27.88#25.25
-97.0388,47.0125#46.87#27.82#25.31
-96.9771,47.0131#46.86#27.78#25.36
-96.9153,47.0137#46.86#27.76#25.38
-96.8536,47.0143#46.86#27.73#25.41
-96.7918,47.0149#46.86#27.71#25.43
-96.7301,47.0154#46.86#27.69#25.45
-96.6683,47.0159#46.86#27.67#25.47
-96.6066,47.0164#46.86#27.65#25.49
-96.5448,47.0169#46.86#27.63#25.51
-96.4831,47.0174#46.86#27.61#25.53
-96.4213,47.0179#46.86#27.61#25.53
-96.3596,47.0183#46.85#27.6#25.55
-96.2978,47.0187#46.85#27.59#25.56
-96.236,47.0191#46.85#27.58#25.57
-96.1743,47.0195#46.85#27.58#25.57
-96.1125,47.0198#46.84#27.57#25.59
-96.0508,47.0202#46.84#27.56#25.6
-95.989,47.0205#46.84#27.56#25.6
-95.9273,47.0208#46.84#27.55#25.61
-95.8655,47.0211#46.83#27.55#25.62
-95.8037,47.0213#46.83#27.55#25.62
-95.742,47.0216#46.82#27.55#25.63
-95.6802,47.0218#46.82#27.54#25.64
-95.6185,47.022#46.81#27.54#25.65
-95.5567,47.0222#46.81#27.54#25.65
-95.4949,47.0223#46.8#27.54#25.66
-95.4332,47.0225#46.79#27.54#25.67
-95.3714,47.0226#46.78#27.54#25.68
-95.3097,47.0227#46.76#27.54#25.7
-95.2479,47.0228#46.75#27.54#25.71
-95.1861,47.0228#46.74#27.54#25.72
-95.1244,47.0229#46.72#27.54#25.74
-95.0626,47.0229#46.71#27.53#25.76
-95.0009,47.0229#46.7#27.53#25.77
-94.9391,47.0229#46.66#27.53#25.81
-94.8773,47.0229#46.63#27.53#25.84
-94.8156,47.0229#46.6#27.53#25.87
-94.7538,47.0228#46.56#27.53#25.91
-94.692,47.0227#46.53#27.53#25.94
-94.6303,47.0226#46.49#27.53#25.98
-94.5685,47.0225#46.46#27.53#26.01
-94.5068,47.0223#46.43#27.53#26.04
-94.445,47.0222#46.37#27.53#26.1
-94.3832,47.022#46.31#27.53#26.16
-94.3215,47.0218#46.25#27.53#26.22
-94.2597,47.0216#46.19#27.53#26.28
-94.198,47.0213#46.13#27.53#26.34
-94.1362,47.0211#46.07#27.53#26.4
-94.0744,47.0208#46.01#27.53#26.46
-94.0127,47.0205#45.95#27.53#26.52
-93.9509,47.0202#45.87#27.53#26.6
-93.8892,47.0198#45.78#27.53#26.69
-93.8274,47.0195#45.69#27.53#26.78
-93.7657,47.0191#45.6#27.53#26.87
-93.7039,47.0187#45.51#27.53#26.96
-93.6421,47.0183#45.43#27.53#27.04
-93.5804,47.0179#45.34#27.53#27.13
-93.5186,47.0174#45.25#27.53#27.22
-93.4569,47.0169#45.17#27.53#27.3
-93.3951,47.0165#45.1#27.53#27.37
-93.3334,47.016#45.03#27.53#27.44
-93.2716,47.0154#44.95#27.53#27.52
-93.2099,47.0149#44.88#27.53#27.59
-93.1481,47.0143#44.81#27.53#27.66
-93.0864,47.0137#44.74#27.53#27.73
-93.0246,47.0131#44.66#27.52#27.82
-92.9629,47.0125#44.53#27.52#27.95
-92.9011,47.0119#44.36#27.52#28.12
-92.8394,47.0112#44.19#27.52#28.29
-92.7776,47.0105#44.02#27.52#28.46
-92.7159,47.0098#43.85#27.52#28.63
-92.6542,47.0091#43.68#27.52#28.8
-92.5924,47.0084#43.51#27.52#28.97
-92.5307,47.0076#43.34#27.52#29.14
-92.4689,47.0068#43.18#27.52#29.3
-92.4072,47.006#43.03#27.52#29.45
-92.3455,47.0052#42.88#27.52#29.6
-92.2837,47.0044#42.73#27.52#29.75
-92.222,47.0035#42.58#27.52#29.9
-92.1602,47.0027#42.43#27.51#30.06
-92.0985,47.0018#42.28#27.51#30.21
-92.0368,47.0009#42.13#27.51#30.36
-91.975,46.9999#41.96#27.51#30.53
-91.9133,46.999#41.75#27.51#30.74
-91.8516,46.998#41.54#27.51#30.95
-91.7899,46.997#41.33#27.51#31.16
-91.7281,46.996#41.12#27.51#31.37
-91.6664,46.995#40.91#27.51#31.58
-91.6047,46.9939#40.7#27.51#31.79
-91.543,46.9929#40.48#27.51#32.01
-91.4812,46.9918#40.25#27.51#32.24
-91.4195,46.9907#39.97#27.51#32.52
-91.3578,46.9896#39.7#27.5#32.8
-91.2961,46.9884#39.42#27.5#33.08
-91.2344,46.9873#39.14#27.5#33.36
-91.1727,46.9861#38.86#27.5#33.64
-91.111,46.9849#38.57#27.5#33.93
-91.0492,46.9837#38.29#27.5#34.21
-90.9875,46.9824#38#27.5#34.5
-90.9258,46.9812#37.67#27.5#34.83
-90.8641,46.9799#37.34#27.5#35.16
-90.8024,46.9786#37.01#27.5#35.49
-90.7407,46.9773#36.67#27.49#35.84
-90.679,46.976#36.34#27.49#36.17
-90.6173,46.9746#36.01#27.49#36.5
-90.5556,46.9732#35.68#27.49#36.83
-90.4939,46.9719#35.35#27.49#37.16
-90.4322,46.9704#35.03#27.5#37.47
-90.3705,46.969#34.7#27.52#37.78
-90.3089,46.9676#34.38#27.53#38.09
-90.2472,46.9661#34.06#27.54#38.4
-90.1855,46.9646#33.73#27.55#38.72
-90.1238,46.9631#33.41#27.56#39.03
-90.0621,46.9616#33.08#27.58#39.34
-90.0004,46.96#32.76#27.59#39.65
-89.9388,46.9585#32.54#27.63#39.83
-89.8771,46.9569#32.32#27.68#40
-89.8154,46.9553#32.1#27.72#40.18
-89.7538,46.9537#31.88#27.77#40.35
-89.6921,46.952#31.66#27.81#40.53
-89.6304,46.9504#31.44#27.85#40.71
-89.5688,46.9487#31.22#27.9#40.88
-89.5071,46.947#31#27.94#41.06
-89.4454,46.9453#30.77#28.01#41.22
-89.3838,46.9436#30.55#28.08#41.37
-89.3221,46.9418#30.32#28.15#41.53
-89.2605,46.94#30.1#28.22#41.68
-89.1988,46.9382#29.87#28.29#41.84
-89.1372,46.9364#29.65#28.36#41.99
-89.0755,46.9346#29.42#28.43#42.15
-89.0139,46.9327#29.2#28.5#42.3
-88.9523,46.9309#29.01#28.55#42.44
-88.8906,46.929#28.84#28.61#42.55
-88.829,46.9271#28.66#28.66#42.68
-88.7673,46.9251#28.48#28.72#42.8
-88.7057,46.9232#28.3#28.78#42.92
-88.6441,46.9212#28.13#28.83#43.04
-88.5825,46.9193#27.95#28.89#43.16
-88.5208,46.9172#27.77#28.95#43.28
-88.4592,46.9152#27.67#28.98#43.35
-88.3976,46.9132#27.6#29#43.4
-88.336,46.9111#27.54#29.01#43.45
-88.2744,46.909#27.47#29.03#43.5
-88.2128,46.9069#27.4#29.05#43.55
-88.1512,46.9048#27.34#29.07#43.59
-88.0896,46.9027#27.27#29.09#43.64
-88.028,46.9005#27.2#29.1#43.7
-103.086,46.9005#46.8#28.68#24.52
-103.024,46.903#46.81#28.68#24.51
-102.963,46.9054#46.81#28.68#24.51
-102.901,46.9079#46.81#28.68#24.51
-102.839,46.9104#46.82#28.68#24.5
-102.778,46.9128#46.82#28.68#24.5
-102.716,46.9152#46.82#28.68#24.5
-102.655,46.9176#46.83#28.68#24.49
-102.593,46.9199#46.83#28.68#24.49
-102.531,46.9223#46.83#28.69#24.48
-102.47,46.9246#46.83#28.69#24.48
-102.408,46.9269#46.84#28.69#24.47
-102.347,46.9292#46.84#28.69#24.47
-102.285,46.9315#46.84#28.69#24.47
-102.223,46.9337#46.84#28.69#24.47
-102.162,46.936#46.84#28.69#24.47
-102.1,46.9382#46.84#28.69#24.47
-102.039,46.9404#46.85#28.69#24.46
-101.977,46.9426#46.85#28.69#24.46
-101.915,46.9447#46.85#28.7#24.45
-101.854,46.9469#46.85#28.7#24.45
-101.792,46.949#46.85#28.7#24.45
-101.73,46.9511#46.85#28.7#24.45
-101.669,46.9532#46.85#28.7#24.45
-101.607,46.9552#46.86#28.7#24.44
-101.545,46.9573#46.86#28.7#24.44
-101.484,46.9593#46.86#28.7#24.44
-101.422,46.9613#46.86#28.7#24.44
-101.361,46.9633#46.86#28.71#24.43
-101.299,46.9652#46.86#28.71#24.43
-101.237,46.9672#46.86#28.71#24.43
-101.176,46.9691#46.87#28.71#24.42
-101.114,46.971#46.87#28.71#24.42
-101.052,46.9729#46.87#28.71#24.42
-100.991,46.9748#46.87#28.71#24.42
-100.929,46.9766#46.87#28.71#24.42
-100.867,46.9785#46.87#28.71#24.42
-100.806,46.9803#46.87#28.71#24.42
-100.744,46.9821#46.87#28.72#24.41
-100.682,46.9839#46.87#28.72#24.41
-100.62,46.9856#46.88#28.72#24.4
-100.559,46.9873#46.88#28.72#24.4
-100.497,46.9891#46.88#28.72#24.4
-100.435,46.9908#46.88#28.72#24.4
-100.374,46.9924#46.88#28.72#24.4
-100.312,46.9941#46.88#28.72#24.4
-100.25,46.9957#46.88#28.72#24.4
-100.189,46.9974#46.88#28.73#24.39
-100.127,46.999#46.88#28.73#24.39
-100.065,47.0005#46.88#28.73#24.39
-100.004,47.0021#46.88#28.73#24.39
-99.9418,47.0036#46.88#28.82#24.3
-99.8801,47.0052#46.88#28.91#24.21
-99.8184,47.0067#46.87#29#24.13
-99.7567,47.0082#46.87#29.09#24.04
-99.695,47.0096#46.87#29.18#23.95
-99.6333,47.0111#46.87#29.28#23.85
-99.5715,47.0125#46.87#29.37#23.76
-99.5098,47.0139#46.87#29.46#23.67
-99.4481,47.0153#46.87#29.56#23.57
-99.3864,47.0167#46.87#29.65#23.48
-99.3247,47.018#46.87#29.75#23.38
-99.2629,47.0194#46.86#29.85#23.29
-99.2012,47.0207#46.86#29.94#23.2
-99.1395,47.022#46.86#30.04#23.1
-99.0777,47.0233#46.86#30.14#23
-99.016,47.0245#46.86#30.23#22.91
-98.9543,47.0257#46.86#30.28#22.86
-98.8925,47.027#46.86#30.32#22.82
-98.8308,47.0282#46.86#30.36#22.78
-98.769,47.0293#46.86#30.4#22.74
-98.7073,47.0305#46.86#30.43#22.71
-98.6456,47.0316#46.85#30.47#22.68
-98.5838,47.0328#46.85#30.51#22.64
-98.5221,47.0339#46.85#30.54#22.61
-98.4603,47.035#46.85#30.47#22.68
-98.3986,47.036#46.85#30.33#22.82
-98.3368,47.0371#46.85#30.2#22.95
-98.2751,47.0381#46.85#30.06#23.09
-98.2133,47.0391#46.86#29.93#23.21
-98.1516,47.0401#46.86#29.79#23.35
-98.0898,47.0411#46.86#29.66#23.48
-98.028,47.042#46.86#29.52#23.62
-97.9663,47.0429#46.86#29.38#23.76
-97.9045,47.0438#46.86#29.23#23.91
-97.8428,47.0447#46.86#29.08#24.06
-97.781,47.0456#46.86#28.93#24.21
-97.7192,47.0465#46.86#28.77#24.37
-97.6575,47.0473#46.86#28.62#24.52
-97.5957,47.0481#46.86#28.47#24.67
-97.5339,47.0489#46.86#28.32#24.82
-97.4722,47.0497#46.86#28.21#24.93
-97.4104,47.0504#46.86#28.16#24.98
-97.3486,47.0512#46.86#28.1#25.04
-97.2869,47.0519#46.86#28.05#25.09
-97.2251,47.0526#46.86#27.99#25.15
-97.1633,47.0533#46.86#27.93#25.21
-97.1015,47.054#46.86#27.88#25.26
-97.0398,47.0546#46.86#27.82#25.32
-96.978,47.0552#46.86#27.78#25.36
-96.9162,47.0558#46.86#27.75#25.39
-96.8544,47.0564#46.85#27.73#25.42
-96.7926,47.057#46.85#27.71#25.44
-96.7309,47.0575#46.85#27.69#25.46
-96.6691,47.058#46.85#27.67#25.48
-96.6073,47.0586#46.85#27.65#25.5
-96.5455,47.059#46.85#27.63#25.52
-96.4837,47.0595#46.85#27.61#25.54
-96.422,47.06#46.85#27.61#25.54
-96.3602,47.0604#46.84#27.6#25.56
-96.2984,47.0608#46.84#27.59#25.57
-96.2366,47.0612#46.84#27.58#25.58
-96.1748,47.0616#46.84#27.58#25.58
-96.113,47.0619#46.83#27.57#25.6
-96.0513,47.0623#46.83#27.56#25.61
-95.9895,47.0626#46.83#27.55#25.62
-95.9277,47.0629#46.82#27.55#25.63
-95.8659,47.0632#46.82#27.55#25.63
-95.8041,47.0634#46.81#27.55#25.64
-95.7423,47.0637#46.81#27.55#25.64
-95.6805,47.0639#46.8#27.54#25.66
-95.6187,47.0641#46.8#27.54#25.66
-95.557,47.0643#46.79#27.54#25.67
-95.4952,47.0644#46.79#27.54#25.67
-95.4334,47.0646#46.77#27.54#25.69
-95.3716,47.0647#46.76#27.54#25.7
-95.3098,47.0648#46.74#27.54#25.72
-95.248,47.0649#46.73#27.53#25.74
-95.1862,47.065#46.71#27.53#25.76
-95.1244,47.065#46.7#27.53#25.77
-95.0626,47.065#46.68#27.53#25.79
-95.0009,47.065#46.67#27.53#25.8
-94.9391,47.065#46.63#27.53#25.84
-94.8773,47.065#46.6#27.53#25.87
-94.8155,47.065#46.56#27.53#25.91
-94.7537,47.0649#46.52#27.53#25.95
-94.6919,47.0648#46.49#27.53#25.98
-94.6301,47.0647#46.45#27.53#26.02
-94.5683,47.0646#46.41#27.53#26.06
-94.5065,47.0644#46.38#27.53#26.09
-94.4448,47.0643#46.32#27.53#26.15
-94.383,47.0641#46.25#27.53#26.22
-94.3212,47.0639#46.19#27.53#26.28
-94.2594,47.0637#46.12#27.53#26.35
-94.1976,47.0634#46.06#27.53#26.41
-94.1358,47.0632#46#27.53#26.47
-94.074,47.0629#45.93#27.53#26.54
-94.0122,47.0626#45.87#27.53#26.6
-93.9505,47.0623#45.78#27.53#26.69
-93.8887,47.0619#45.69#27.53#26.78
-93.8269,47.0616#45.6#27.53#26.87
-93.7651,47.0612#45.51#27.53#26.96
-93.7033,47.0608#45.41#27.53#27.06
-93.6415,47.0604#45.32#27.53#27.15
-93.5797,47.06#45.23#27.53#27.24
-93.518,47.0595#45.14#27.53#27.33
-93.4562,47.0591#45.06#27.53#27.41
-93.3944,47.0586#45#27.53#27.47
-93.3326,47.0581#44.93#27.53#27.54
-93.2708,47.0575#44.86#27.53#27.61
-93.2091,47.057#44.79#27.52#27.69
-93.1473,47.0564#44.72#27.52#27.76
-93.0855,47.0558#44.65#27.52#27.83
-93.0237,47.0552#44.59#27.52#27.89
-92.962,47.0546#44.45#27.52#28.03
-92.9002,47.054#44.28#27.52#28.2
-92.8384,47.0533#44.1#27.52#28.38
-92.7766,47.0526#43.93#27.52#28.55
-92.7149,47.0519#43.75#27.52#28.73
-92.6531,47.0512#43.58#27.52#28.9
-92.5913,47.0505#43.4#27.52#29.08
-92.5295,47.0497#43.23#27.52#29.25
-92.4678,47.0489#43.06#27.52#29.42
-92.406,47.0481#42.9#27.52#29.58
-92.3442,47.0473#42.74#27.52#29.74
-92.2825,47.0465#42.58#27.51#29.91
-92.2207,47.0456#42.42#27.51#30.07
-92.1589,47.0448#42.27#27.51#30.22
-92.0972,47.0439#42.11#27.51#30.38
-92.0354,47.043#41.95#27.51#30.54
-91.9737,47.042#41.77#27.51#30.72
-91.9119,47.0411#41.57#27.51#30.92
-91.8502,47.0401#41.36#27.51#31.13
-91.7884,47.0391#41.16#27.51#31.33
-91.7266,47.0381#40.95#27.51#31.54
-91.6649,47.0371#40.75#27.51#31.74
-91.6031,47.036#40.54#27.51#31.95
-91.5414,47.035#40.33#27.51#32.16
-91.4796,47.0339#40.11#27.5#32.39
-91.4179,47.0328#39.84#27.5#32.66
-91.3561,47.0317#39.57#27.5#32.93
-91.2944,47.0305#39.31#27.5#33.19
-91.2327,47.0294#39.04#27.5#33.46
-91.1709,47.0282#38.77#27.5#33.73
-91.1092,47.027#38.5#27.5#34
-91.0474,47.0258#38.23#27.5#34.27
-90.9857,47.0245#37.95#27.5#34.55
-90.924,47.0233#37.61#27.5#34.89
-90.8622,47.022#37.28#27.49#35.23
-90.8005,47.0207#36.95#27.49#35.56
-90.7388,47.0194#36.62#27.49#35.89
-90.677,47.0181#36.29#27.49#36.22
-90.6153,47.0167#35.96#27.49#36.55
-90.5536,47.0153#35.63#27.49#36.88
-90.4919,47.014#35.29#27.49#37.22
-90.4302,47.0125#34.97#27.5#37.53
-90.3684,47.0111#34.65#27.52#37.83
-90.3067,47.0097#34.32#27.53#38.15
-90.245,47.0082#34#27.55#38.45
-90.1833,47.0067#33.68#27.56#38.76
-90.1216,47.0052#33.35#27.58#39.07
-90.0599,47.0037#33.03#27.59#39.38
-89.9982,47.0021#32.71#27.61#39.68
-89.9365,47.0006#32.49#27.66#39.85
-89.8748,46.999#32.27#27.7#40.03
-89.8131,46.9974#32.05#27.75#40.2
-89.7514,46.9958#31.83#27.8#40.37
-89.6897,46.9941#31.61#27.85#40.54
-89.628,46.9925#31.39#27.89#40.72
-89.5663,46.9908#31.17#27.94#40.89
-89.5046,46.9891#30.95#27.99#41.06
-89.4429,46.9874#30.72#28.06#41.22
-89.3812,46.9857#30.5#28.13#41.37
-89.3195,46.9839#30.28#28.2#41.52
-89.2579,46.9821#30.05#28.27#41.68
-89.1962,46.9803#29.83#28.34#41.83
-89.1345,46.9785#29.6#28.41#41.99
-89.0728,46.9767#29.38#28.48#42.14
-89.0112,46.9748#29.16#28.55#42.29
-88.9495,46.973#28.97#28.61#42.42
-88.8878,46.9711#28.8#28.66#42.54
-88.8262,46.9692#28.63#28.71#42.66
-88.7645,46.9672#28.46#28.76#42.78
-88.7029,46.9653#28.28#28.81#42.91
-88.6412,46.9633#28.11#28.86#43.03
-88.5795,46.9614#27.94#28.92#43.14
-88.5179,46.9593#27.76#28.97#43.27
-88.4562,46.9573#27.67#29#43.33
-88.3946,46.9553#27.6#29.01#43.39
-88.333,46.9532#27.54#29.03#43.43
-88.2713,46.9511#27.47#29.05#43.48
-88.2097,46.949#27.41#29.06#43.53
-88.1481,46.9469#27.35#29.08#43.57
-88.0864,46.9448#27.28#29.1#43.62
-88.0248,46.9426#27.22#29.11#43.67
-87.9632,46.9405#27.19#29.11#43.7
-87.9015,46.9383#27.19#29.1#43.71
-87.8399,46.936#27.18#29.09#43.73
-87.7783,46.9338#27.18#29.08#43.74
-87.7167,46.9316#27.18#29.06#43.76
-87.6551,46.9293#27.18#29.05#43.77
-87.5935,46.927#27.17#29.04#43.79
-87.5319,46.9247#27.17#29.03#43.8
-87.4703,46.9224#27.17#28.99#43.84
-87.4087,46.92#27.17#28.93#43.9
-87.3471,46.9176#27.17#28.86#43.97
-87.2855,46.9152#27.17#28.79#44.04
-87.2239,46.9128#27.17#28.73#44.1
-87.1623,46.9104#27.16#28.66#44.18
-87.1007,46.908#27.16#28.6#44.24
-87.0392,46.9055#27.16#28.53#44.31
-86.9776,46.903#27.16#28.45#44.39
-86.916,46.9005#27.15#28.34#44.51
-104.013,46.9027#46.71#28.66#24.63
-103.951,46.9055#46.71#28.66#24.63
-103.89,46.9083#46.72#28.66#24.62
-103.828,46.911#46.72#28.66#24.62
-103.767,46.9137#46.73#28.67#24.6
-103.705,46.9165#46.73#28.67#24.6
-103.644,46.9191#46.74#28.67#24.59
-103.582,46.9218#46.75#28.67#24.58
-103.52,46.9245#46.75#28.67#24.58
-103.459,46.9271#46.76#28.67#24.57
-103.397,46.9297#46.76#28.67#24.57
-103.336,46.9323#46.77#28.67#24.56
-103.274,46.9349#46.77#28.67#24.56
-103.213,46.9375#46.77#28.67#24.56
-103.151,46.94#46.78#28.67#24.55
-103.089,46.9425#46.78#28.67#24.55
-103.028,46.945#46.79#28.68#24.53
-102.966,46.9475#46.79#28.68#24.53
-102.905,46.95#46.8#28.68#24.52
-102.843,46.9524#46.8#28.68#24.52
-102.781,46.9549#46.8#28.68#24.52
-102.72,46.9573#46.81#28.68#24.51
-102.658,46.9596#46.81#28.68#24.51
-102.596,46.962#46.81#28.68#24.51
-102.535,46.9644#46.82#28.68#24.5
-102.473,46.9667#46.82#28.68#24.5
-102.412,46.969#46.82#28.69#24.49
-102.35,46.9713#46.82#28.69#24.49
-102.288,46.9736#46.83#28.69#24.48
-102.227,46.9758#46.83#28.69#24.48
-102.165,46.9781#46.83#28.69#24.48
-102.103,46.9803#46.83#28.69#24.48
-102.042,46.9825#46.83#28.69#24.48
-101.98,46.9847#46.84#28.69#24.47
-101.918,46.9868#46.84#28.69#24.47
-101.857,46.9889#46.84#28.69#24.47
-101.795,46.9911#46.84#28.7#24.46
-101.733,46.9932#46.84#28.7#24.46
-101.672,46.9952#46.84#28.7#24.46
-101.61,46.9973#46.85#28.7#24.45
-101.548,46.9994#46.85#28.7#24.45
-101.487,47.0014#46.85#28.7#24.45
-101.425,47.0034#46.85#28.7#24.45
-101.363,47.0054#46.85#28.7#24.45
-101.302,47.0073#46.85#28.7#24.45
-101.24,47.0093#46.86#28.71#24.43
-101.178,47.0112#46.86#28.71#24.43
-101.117,47.0131#46.86#28.71#24.43
-101.055,47.015#46.86#28.71#24.43
-100.993,47.0169#46.86#28.71#24.43
-100.932,47.0187#46.86#28.71#24.43
-100.87,47.0206#46.86#28.71#24.43
-100.808,47.0224#46.87#28.71#24.42
-100.746,47.0242#46.87#28.71#24.42
-100.685,47.0259#46.87#28.72#24.41
-100.623,47.0277#46.87#28.72#24.41
-100.561,47.0294#46.87#28.72#24.41
-100.5,47.0311#46.87#28.72#24.41
-100.438,47.0328#46.87#28.72#24.41
-100.376,47.0345#46.87#28.72#24.41
-100.314,47.0362#46.87#28.72#24.41
-100.253,47.0378#46.87#28.72#24.41
-100.191,47.0394#46.87#28.72#24.41
-100.129,47.041#46.87#28.72#24.41
-100.068,47.0426#46.87#28.73#24.4
-100.006,47.0442#46.87#28.73#24.4
-99.9441,47.0457#46.87#28.81#24.32
-99.8823,47.0473#46.87#28.9#24.23
-99.8206,47.0488#46.87#29#24.13
-99.7589,47.0503#46.87#29.09#24.04
-99.6971,47.0517#46.87#29.18#23.95
-99.6354,47.0532#46.87#29.27#23.86
-99.5736,47.0546#46.86#29.36#23.78
-99.5119,47.056#46.86#29.46#23.68
-99.4501,47.0574#46.86#29.55#23.59
-99.3884,47.0588#46.86#29.65#23.49
-99.3266,47.0601#46.86#29.75#23.39
-99.2649,47.0615#46.86#29.84#23.3
-99.2031,47.0628#46.85#29.94#23.21
-99.1414,47.0641#46.85#30.03#23.12
-99.0796,47.0653#46.85#30.13#23.02
-99.0178,47.0666#46.85#30.23#22.92
-98.9561,47.0678#46.85#30.28#22.87
-98.8943,47.0691#46.85#30.32#22.83
-98.8325,47.0703#46.85#30.36#22.79
-98.7708,47.0714#46.85#30.39#22.76
-98.709,47.0726#46.85#30.43#22.72
-98.6472,47.0737#46.85#30.47#22.68
-98.5854,47.0749#46.85#30.5#22.65
-98.5237,47.076#46.84#30.54#22.62
-98.4619,47.077#46.84#30.47#22.69
-98.4001,47.0781#46.85#30.34#22.81
-98.3383,47.0792#46.85#30.2#22.95
-98.2766,47.0802#46.85#30.07#23.08
-98.2148,47.0812#46.85#29.93#23.22
-98.153,47.0822#46.85#29.79#23.36
-98.0912,47.0832#46.85#29.66#23.49
-98.0294,47.0841#46.85#29.52#23.63
-97.9676,47.085#46.85#29.38#23.77
-97.9058,47.0859#46.85#29.23#23.92
-97.8441,47.0868#46.85#29.08#24.07
-97.7823,47.0877#46.85#28.93#24.22
-97.7205,47.0886#46.85#28.78#24.37
-97.6587,47.0894#46.85#28.63#24.52
-97.5969,47.0902#46.85#28.48#24.67
-97.5351,47.091#46.85#28.32#24.83
-97.4733,47.0918#46.85#28.21#24.94
-97.4115,47.0925#46.85#28.16#24.99
-97.3497,47.0933#46.85#28.1#25.05
-97.2879,47.094#46.85#28.05#25.1
-97.2261,47.0947#46.85#27.99#25.16
-97.1643,47.0954#46.85#27.93#25.22
-97.1025,47.096#46.85#27.88#25.27
-97.0407,47.0967#46.85#27.82#25.33
-96.9789,47.0973#46.85#27.78#25.37
-96.9171,47.0979#46.85#27.75#25.4
-96.8553,47.0985#46.85#27.73#25.42
-96.7935,47.0991#46.85#27.71#25.44
-96.7317,47.0996#46.84#27.69#25.47
-96.6698,47.1001#46.84#27.67#25.49
-96.608,47.1007#46.84#27.65#25.51
-96.5462,47.1011#46.84#27.63#25.53
-96.4844,47.1016#46.84#27.61#25.55
-96.4226,47.1021#46.84#27.6#25.56
-96.3608,47.1025#46.83#27.6#25.57
-96.299,47.1029#46.83#27.59#25.58
-96.2372,47.1033#46.83#27.58#25.59
-96.1754,47.1037#46.83#27.57#25.6
-96.1135,47.104#46.82#27.57#25.61
-96.0517,47.1044#46.82#27.56#25.62
-95.9899,47.1047#46.82#27.55#25.63
-95.9281,47.105#46.81#27.55#25.64
-95.8663,47.1053#46.81#27.55#25.64
-95.8045,47.1055#46.8#27.55#25.65
-95.7427,47.1058#46.79#27.54#25.67
-95.6808,47.106#46.79#27.54#25.67
-95.619,47.1062#46.78#27.54#25.68
-95.5572,47.1064#46.78#27.54#25.68
-95.4954,47.1065#46.77#27.54#25.69
-95.4336,47.1067#46.75#27.54#25.71
-95.3718,47.1068#46.74#27.53#25.73
-95.3099,47.1069#46.72#27.53#25.75
-95.2481,47.107#46.71#27.53#25.76
-95.1863,47.1071#46.69#27.53#25.78
-95.1245,47.1071#46.67#27.53#25.8
-95.0627,47.1071#46.66#27.53#25.81
-95.0009,47.1071#46.64#27.53#25.83
-94.939,47.1071#46.6#27.53#25.87
-94.8772,47.1071#46.56#27.53#25.91
-94.8154,47.1071#46.52#27.53#25.95
-94.7536,47.107#46.48#27.53#25.99
-94.6918,47.1069#46.44#27.53#26.03
-94.6299,47.1068#46.4#27.53#26.07
-94.5681,47.1067#46.36#27.53#26.11
-94.5063,47.1065#46.33#27.53#26.14
-94.4445,47.1064#46.26#27.53#26.21
-94.3827,47.1062#46.19#27.53#26.28
-94.3209,47.106#46.13#27.53#26.34
-94.259,47.1058#46.06#27.53#26.41
-94.1972,47.1055#45.99#27.53#26.48
-94.1354,47.1053#45.92#27.53#26.55
-94.0736,47.105#45.86#27.53#26.61
-94.0118,47.1047#45.79#27.53#26.68
-93.95,47.1044#45.7#27.53#26.77
-93.8882,47.104#45.6#27.53#26.87
-93.8263,47.1037#45.51#27.53#26.96
-93.7645,47.1033#45.41#27.53#27.06
-93.7027,47.1029#45.31#27.53#27.16
-93.6409,47.1025#45.22#27.53#27.25
-93.5791,47.1021#45.12#27.53#27.35
-93.5173,47.1016#45.03#27.53#27.44
-93.4555,47.1012#44.95#27.53#27.52
-93.3937,47.1007#44.89#27.52#27.59
-93.3319,47.1002#44.83#27.52#27.65
-93.2701,47.0996#44.76#27.52#27.72
-93.2082,47.0991#44.7#27.52#27.78
-93.1464,47.0985#44.64#27.52#27.84
-93.0846,47.0979#44.57#27.52#27.91
-93.0228,47.0973#44.51#27.52#27.97
-92.961,47.0967#44.37#27.52#28.11
-92.8992,47.0961#44.19#27.52#28.29
-92.8374,47.0954#44.01#27.52#28.47
-92.7756,47.0947#43.83#27.52#28.65
-92.7138,47.094#43.65#27.52#28.83
-92.652,47.0933#43.47#27.52#29.01
-92.5902,47.0926#43.29#27.52#29.19
-92.5284,47.0918#43.11#27.52#29.37
-92.4666,47.091#42.94#27.51#29.55
-92.4048,47.0902#42.77#27.51#29.72
-92.343,47.0894#42.6#27.51#29.89
-92.2812,47.0886#42.43#27.51#30.06
-92.2194,47.0877#42.27#27.51#30.22
-92.1577,47.0869#42.1#27.51#30.39
-92.0959,47.086#41.93#27.51#30.56
-92.0341,47.0851#41.77#27.51#30.72
-91.9723,47.0841#41.59#27.51#30.9
-91.9105,47.0832#41.39#27.51#31.1
-91.8487,47.0822#41.19#27.51#31.3
-91.7869,47.0812#40.99#27.51#31.5
-91.7252,47.0802#40.79#27.51#31.7
-91.6634,47.0792#40.58#27.5#31.92
-91.6016,47.0781#40.38#27.5#32.12
-91.5398,47.0771#40.18#27.5#32.32
-91.478,47.076#39.96#27.5#32.54
-91.4163,47.0749#39.71#27.5#32.79
-91.3545,47.0738#39.45#27.5#33.05
-91.2927,47.0726#39.2#27.5#33.3
-91.2309,47.0715#38.94#27.5#33.56
-91.1692,47.0703#38.69#27.5#33.81
-91.1074,47.0691#38.43#27.5#34.07
-91.0456,47.0679#38.17#27.5#34.33
-90.9839,47.0666#37.89#27.49#34.62
-90.9221,47.0654#37.56#27.49#34.95
-90.8604,47.0641#37.23#27.49#35.28
-90.7986,47.0628#36.9#27.49#35.61
-90.7368,47.0615#36.56#27.49#35.95
-90.6751,47.0602#36.23#27.49#36.28
-90.6133,47.0588#35.9#27.49#36.61
-90.5516,47.0574#35.57#27.49#36.94
-90.4898,47.056#35.24#27.49#37.27
-90.4281,47.0546#34.92#27.51#37.57
-90.3663,47.0532#34.59#27.52#37.89
-90.3046,47.0518#34.27#27.54#38.19
-90.2428,47.0503#33.95#27.56#38.49
-90.1811,47.0488#33.62#27.58#38.8
-90.1194,47.0473#33.3#27.59#39.11
-90.0576,47.0458#32.98#27.61#39.41
-89.9959,47.0442#32.66#27.63#39.71
-89.9342,47.0427#32.44#27.68#39.88
-89.8724,47.0411#32.22#27.73#40.05
-89.8107,47.0395#32#27.78#40.22
-89.749,47.0379#31.78#27.83#40.39
-89.6872,47.0362#31.56#27.89#40.55
-89.6255,47.0346#31.34#27.94#40.72
-89.5638,47.0329#31.12#27.99#40.89
-89.5021,47.0312#30.9#28.04#41.06
-89.4404,47.0295#30.68#28.11#41.21
-89.3787,47.0277#30.45#28.18#41.37
-89.317,47.026#30.23#28.25#41.52
-89.2552,47.0242#30.01#28.32#41.67
-89.1935,47.0224#29.78#28.4#41.82
-89.1318,47.0206#29.56#28.47#41.97
-89.0701,47.0188#29.34#28.54#42.12
-89.0084,47.0169#29.11#28.61#42.28
-88.9467,47.0151#28.94#28.66#42.4
-88.885,47.0132#28.77#28.71#42.52
-88.8234,47.0113#28.6#28.75#42.65
-88.7617,47.0093#28.43#28.8#42.77
-88.7,47.0074#28.26#28.85#42.89
-88.6383,47.0054#28.09#28.89#43.02
-88.5766,47.0034#27.92#28.94#43.14
-88.5149,47.0014#27.75#28.99#43.26
-88.4533,46.9994#27.66#29.01#43.33
-88.3916,46.9974#27.6#29.03#43.37
-88.3299,46.9953#27.54#29.04#43.42
-88.2683,46.9932#27.48#29.06#43.46
-88.2066,46.9911#27.42#29.08#43.5
-88.1449,46.989#27.35#29.09#43.56
-88.0833,46.9869#27.29#29.11#43.6
-88.0216,46.9847#27.23#29.12#43.65
-87.96,46.9825#27.2#29.12#43.68
-87.8983,46.9803#27.2#29.1#43.7
-87.8367,46.9781#27.19#29.08#43.73
-87.775,46.9759#27.19#29.07#43.74
-87.7134,46.9736#27.18#29.05#43.77
-87.6517,46.9714#27.18#29.03#43.79
-87.5901,46.9691#27.18#29.02#43.8
-87.5285,46.9668#27.17#29#43.83
-87.4669,46.9644#27.17#28.96#43.87
-87.4052,46.9621#27.17#28.88#43.95
-87.3436,46.9597#27.16#28.81#44.03
-87.282,46.9573#27.16#28.74#44.1
-87.2204,46.9549#27.16#28.67#44.17
-87.1588,46.9525#27.15#28.6#44.25
-87.0971,46.9501#27.15#28.53#44.32
-87.0355,46.9476#27.15#28.46#44.39
-86.9739,46.9451#27.14#28.37#44.49
-86.9123,46.9426#27.13#28.26#44.61
-86.8507,46.9401#27.12#28.15#44.73
-86.7891,46.9375#27.11#28.04#44.85
-86.7276,46.935#27.1#27.92#44.98
-86.666,46.9324#27.09#27.81#45.1
-86.6044,46.9298#27.08#27.7#45.22
-86.5428,46.9272#27.07#27.59#45.34
-86.4812,46.9246#27.06#27.48#45.46
-86.4197,46.9219#27.05#27.39#45.56
-86.3581,46.9192#27.04#27.3#45.66
-86.2965,46.9165#27.03#27.21#45.76
-86.235,46.9138#27.02#27.11#45.87
-86.1734,46.9111#27.01#27.02#45.97
-86.1119,46.9083#27#26.92#46.08
-86.0503,46.9056#26.99#26.82#46.19
-85.9888,46.9028#26.98#26.73#46.29
-85.9272,46.9#26.98#26.7#46.32
-104.94,46.9006#46.56#28.65#24.79
-104.879,46.9037#46.56#28.65#24.79
-104.817,46.9067#46.57#28.65#24.78
-104.756,46.9098#46.58#28.65#24.77
-104.694,46.9128#46.59#28.65#24.76
-104.633,46.9158#46.6#28.65#24.75
-104.571,46.9188#46.61#28.65#24.74
-104.51,46.9217#46.62#28.65#24.73
-104.448,46.9247#46.62#28.65#24.73
-104.386,46.9276#46.63#28.65#24.72
-104.325,46.9305#46.64#28.66#24.7
-104.263,46.9334#46.64#28.66#24.7
-104.202,46.9363#46.65#28.66#24.69
-104.14,46.9391#46.66#28.66#24.68
-104.079,46.9419#46.67#28.66#24.67
-104.017,46.9448#46.67#28.66#24.67
-103.955,46.9475#46.68#28.66#24.66
-103.894,46.9503#46.69#28.66#24.65
-103.832,46.9531#46.69#28.66#24.65
-103.771,46.9558#46.7#28.66#24.64
-103.709,46.9585#46.7#28.66#24.64
-103.648,46.9612#46.71#28.66#24.63
-103.586,46.9639#46.72#28.67#24.61
-103.524,46.9665#46.73#28.67#24.6
-103.463,46.9692#46.73#28.67#24.6
-103.401,46.9718#46.74#28.67#24.59
-103.34,46.9744#46.74#28.67#24.59
-103.278,46.977#46.75#28.67#24.58
-103.216,46.9795#46.75#28.67#24.58
-103.155,46.9821#46.76#28.67#24.57
-103.093,46.9846#46.76#28.67#24.57
-103.031,46.9871#46.77#28.67#24.56
-102.97,46.9896#46.78#28.67#24.55
-102.908,46.992#46.78#28.68#24.54
-102.847,46.9945#46.78#28.68#24.54
-102.785,46.9969#46.79#28.68#24.53
-102.723,46.9993#46.79#28.68#24.53
-102.662,47.0017#46.79#28.68#24.53
-102.6,47.0041#46.8#28.68#24.52
-102.538,47.0064#46.8#28.68#24.52
-102.477,47.0088#46.81#28.68#24.51
-102.415,47.0111#46.81#28.68#24.51
-102.353,47.0134#46.81#28.68#24.51
-102.292,47.0156#46.81#28.69#24.5
-102.23,47.0179#46.81#28.69#24.5
-102.168,47.0201#46.82#28.69#24.49
-102.107,47.0223#46.82#28.69#24.49
-102.045,47.0245#46.82#28.69#24.49
-101.983,47.0267#46.82#28.69#24.49
-101.922,47.0289#46.83#28.69#24.48
-101.86,47.031#46.83#28.69#24.48
-101.798,47.0331#46.83#28.69#24.48
-101.737,47.0352#46.83#28.69#24.48
-101.675,47.0373#46.83#28.7#24.47
-101.613,47.0394#46.84#28.7#24.46
-101.551,47.0414#46.84#28.7#24.46
-101.49,47.0434#46.84#28.7#24.46
-101.428,47.0455#46.84#28.7#24.46
-101.366,47.0474#46.84#28.7#24.46
-101.305,47.0494#46.85#28.7#24.45
-101.243,47.0514#46.85#28.7#24.45
-101.181,47.0533#46.85#28.7#24.45
-101.119,47.0552#46.85#28.71#24.44
-101.058,47.0571#46.85#28.71#24.44
-100.996,47.0589#46.85#28.71#24.44
-100.934,47.0608#46.86#28.71#24.43
