-97.9912,45.9002#46.93#29.47#23.6
-97.9302,45.9011#46.93#29.32#23.75
-97.8692,45.9021#46.93#29.17#23.9
-97.8082,45.9029#46.93#29.02#24.05
-97.7472,45.9038#46.93#28.87#24.2
-97.6862,45.9047#46.93#28.72#24.35
-97.6252,45.9055#46.93#28.57#24.5
-97.5641,45.9063#46.93#28.42#24.65
-97.5031,45.9071#46.93#28.27#24.8
-97.4421,45.9079#46.93#28.21#24.86
-97.3811,45.9086#46.93#28.16#24.91
-97.3201,45.9094#46.93#28.1#24.97
-97.259,45.9101#46.93#28.05#25.02
-97.198,45.9108#46.93#27.99#25.08
-97.137,45.9115#46.93#27.93#25.14
-97.076,45.9121#46.93#27.88#25.19
-97.015,45.9128#46.93#27.82#25.25
-96.9539,45.9134#46.93#27.79#25.28
-96.8929,45.914#46.93#27.77#25.3
-96.8319,45.9146#46.93#27.75#25.32
-96.7708,45.9151#46.93#27.73#25.34
-96.7098,45.9157#46.93#27.71#25.36
-96.6488,45.9162#46.93#27.69#25.38
-96.5878,45.9167#46.93#27.67#25.4
-96.5267,45.9172#46.93#27.65#25.42
-96.4657,45.9177#46.93#27.64#25.43
-96.4047,45.9181#46.93#27.63#25.44
-96.3436,45.9185#46.93#27.62#25.45
-96.2826,45.919#46.93#27.61#25.46
-96.2216,45.9194#46.93#27.61#25.46
-96.1605,45.9197#46.93#27.6#25.47
-96.0995,45.9201#46.93#27.59#25.48
-96.0385,45.9204#46.93#27.58#25.49
-95.9774,45.9207#46.93#27.58#25.49
-95.9164,45.921#46.93#27.58#25.49
-95.8554,45.9213#46.93#27.58#25.49
-95.7943,45.9216#46.93#27.57#25.5
-95.7333,45.9218#46.93#27.57#25.5
-95.6723,45.922#46.93#27.57#25.5
-95.6112,45.9222#46.93#27.57#25.5
-95.5502,45.9224#46.93#27.56#25.51
-95.4891,45.9226#46.93#27.56#25.51
-95.4281,45.9227#46.93#27.56#25.51
-95.3671,45.9228#46.93#27.56#25.51
-95.306,45.9229#46.93#27.56#25.51
-95.245,45.923#46.93#27.56#25.51
-95.184,45.9231#46.93#27.56#25.51
-95.1229,45.9231#46.93#27.56#25.51
-95.0619,45.9232#46.93#27.56#25.51
-95.0008,45.9232#46.93#27.56#25.51
-94.9398,45.9232#46.93#27.56#25.51
-94.8788,45.9231#46.93#27.56#25.51
-94.8177,45.9231#46.93#27.56#25.51
-94.7567,45.923#46.93#27.56#25.51
-94.6957,45.9229#46.93#27.56#25.51
-94.6346,45.9228#46.93#27.56#25.51
-94.5736,45.9227#46.93#27.56#25.51
-94.5125,45.9226#46.93#27.56#25.51
-94.4515,45.9224#46.92#27.56#25.52
-94.3905,45.9222#46.92#27.56#25.52
-94.3294,45.922#46.92#27.56#25.52
-94.2684,45.9218#46.91#27.56#25.53
-94.2074,45.9216#46.91#27.57#25.52
-94.1463,45.9213#46.91#27.57#25.52
-94.0853,45.921#46.9#27.57#25.53
-94.0242,45.9207#46.9#27.57#25.53
-93.9632,45.9204#46.89#27.57#25.54
-93.9022,45.9201#46.87#27.57#25.56
-93.8411,45.9197#46.85#27.57#25.58
-93.7801,45.9194#46.83#27.57#25.6
-93.7191,45.919#46.82#27.57#25.61
-93.658,45.9186#46.8#27.57#25.63
-93.597,45.9181#46.78#27.57#25.65
-93.536,45.9177#46.76#27.57#25.67
-93.475,45.9172#46.73#27.57#25.7
-93.4139,45.9167#46.68#27.57#25.75
-93.3529,45.9162#46.62#27.57#25.81
-93.2919,45.9157#46.57#27.57#25.86
-93.2308,45.9151#46.51#27.57#25.92
-93.1698,45.9146#46.46#27.57#25.97
-93.1088,45.914#46.41#27.57#26.02
-93.0478,45.9134#46.35#27.57#26.08
-92.9867,45.9128#46.29#27.57#26.14
-92.9257,45.9121#46.16#27.57#26.27
-92.8647,45.9115#46.04#27.57#26.39
-92.8037,45.9108#45.91#27.57#26.52
-92.7426,45.9101#45.79#27.57#26.64
-92.6816,45.9094#45.66#27.57#26.77
-92.6206,45.9087#45.54#27.57#26.89
-92.5596,45.9079#45.42#27.57#27.01
-92.4986,45.9071#45.29#27.57#27.14
-92.4375,45.9063#45.08#27.57#27.35
-92.3765,45.9055#44.86#27.57#27.57
-92.3155,45.9047#44.65#27.57#27.78
-92.2545,45.9038#44.43#27.57#28
-92.1935,45.903#44.22#27.57#28.21
-92.1325,45.9021#44.01#27.57#28.42
-92.0715,45.9012#43.79#27.56#28.65
-92.0105,45.9002#43.58#27.56#28.86
-100.006,45.9014#46.93#28.78#24.29
-99.945,45.9029#46.93#28.86#24.21
-99.884,45.9045#46.93#28.95#24.12
-99.823,45.906#46.93#29.04#24.03
-99.762,45.9075#46.93#29.13#23.94
-99.701,45.909#46.93#29.22#23.85
-99.64,45.9104#46.93#29.31#23.76
-99.579,45.9119#46.93#29.4#23.67
-99.518,45.9133#46.93#29.49#23.58
-99.457,45.9147#46.93#29.58#23.49
-99.396,45.9161#46.93#29.68#23.39
-99.335,45.9174#46.93#29.77#23.3
-99.274,45.9188#46.93#29.86#23.21
-99.213,45.9201#46.93#29.96#23.11
-99.152,45.9214#46.93#30.05#23.02
-99.091,45.9227#46.93#30.15#22.92
-99.03,45.924#46.93#30.24#22.83
-98.969,45.9252#46.93#30.31#22.76
-98.908,45.9265#46.93#30.34#22.73
-98.8469,45.9277#46.93#30.38#22.69
-98.7859,45.9289#46.93#30.42#22.65
-98.7249,45.9301#46.93#30.45#22.62
-98.6639,45.9312#46.93#30.49#22.58
-98.6029,45.9324#46.93#30.52#22.55
-98.5418,45.9335#46.93#30.56#22.51
-98.4808,45.9346#46.93#30.54#22.53
-98.4198,45.9357#46.93#30.41#22.66
-98.3588,45.9367#46.93#30.27#22.8
-98.2977,45.9378#46.93#30.14#22.93
-98.2367,45.9388#46.93#30.01#23.06
-98.1757,45.9398#46.93#29.87#23.2
-98.1146,45.9408#46.93#29.74#23.33
-98.0536,45.9417#46.93#29.6#23.47
-97.9926,45.9427#46.93#29.47#23.6
-97.9315,45.9436#46.93#29.32#23.75
-97.8705,45.9445#46.93#29.17#23.9
-97.8095,45.9454#46.93#29.02#24.05
-97.7484,45.9463#46.93#28.87#24.2
-97.6874,45.9471#46.93#28.72#24.35
-97.6263,45.948#46.93#28.57#24.5
-97.5653,45.9488#46.93#28.42#24.65
-97.5043,45.9496#46.93#28.28#24.79
-97.4432,45.9503#46.93#28.21#24.86
-97.3822,45.9511#46.93#28.16#24.91
-97.3211,45.9518#46.93#28.1#24.97
-97.2601,45.9526#46.93#28.05#25.02
-97.199,45.9533#46.93#27.99#25.08
-97.138,45.9539#46.93#27.93#25.14
-97.0769,45.9546#46.93#27.88#25.19
-97.0159,45.9552#46.93#27.82#25.25
-96.9548,45.9559#46.93#27.79#25.28
-96.8938,45.9565#46.93#27.77#25.3
-96.8327,45.957#46.93#27.75#25.32
-96.7716,45.9576#46.93#27.73#25.34
-96.7106,45.9581#46.93#27.71#25.36
-96.6495,45.9587#46.93#27.69#25.38
-96.5885,45.9592#46.93#27.67#25.4
-96.5274,45.9597#46.93#27.65#25.42
-96.4664,45.9601#46.93#27.63#25.44
-96.4053,45.9606#46.93#27.63#25.44
-96.3442,45.961#46.93#27.62#25.45
-96.2832,45.9614#46.93#27.61#25.46
-96.2221,45.9618#46.93#27.61#25.46
-96.1611,45.9622#46.93#27.6#25.47
-96.1,45.9625#46.93#27.59#25.48
-96.0389,45.9629#46.93#27.58#25.49
-95.9779,45.9632#46.93#27.58#25.49
-95.9168,45.9635#46.93#27.58#25.49
-95.8558,45.9638#46.93#27.57#25.5
-95.7947,45.964#46.93#27.57#25.5
-95.7336,45.9643#46.93#27.57#25.5
-95.6726,45.9645#46.93#27.57#25.5
-95.6115,45.9647#46.93#27.57#25.5
-95.5504,45.9649#46.93#27.56#25.51
-95.4894,45.965#46.93#27.56#25.51
-95.4283,45.9652#46.93#27.56#25.51
-95.3672,45.9653#46.93#27.56#25.51
-95.3062,45.9654#46.93#27.56#25.51
-95.2451,45.9655#46.93#27.56#25.51
-95.184,45.9656#46.93#27.56#25.51
-95.123,45.9656#46.93#27.56#25.51
-95.0619,45.9656#46.93#27.56#25.51
-95.0008,45.9656#46.93#27.56#25.51
-94.9398,45.9656#46.93#27.56#25.51
-94.8787,45.9656#46.93#27.56#25.51
-94.8176,45.9656#46.93#27.56#25.51
-94.7566,45.9655#46.93#27.56#25.51
-94.6955,45.9654#46.93#27.56#25.51
-94.6345,45.9653#46.93#27.56#25.51
-94.5734,45.9652#46.92#27.56#25.52
-94.5123,45.965#46.92#27.56#25.52
-94.4513,45.9649#46.92#27.56#25.52
-94.3902,45.9647#46.92#27.56#25.52
-94.3291,45.9645#46.91#27.56#25.53
-94.2681,45.9643#46.91#27.56#25.53
-94.207,45.964#46.91#27.56#25.53
-94.1459,45.9638#46.9#27.57#25.53
-94.0849,45.9635#46.9#27.57#25.53
-94.0238,45.9632#46.89#27.57#25.54
-93.9627,45.9629#46.88#27.57#25.55
-93.9017,45.9626#46.86#27.57#25.57
-93.8406,45.9622#46.84#27.57#25.59
-93.7796,45.9618#46.82#27.57#25.61
-93.7185,45.9614#46.8#27.57#25.63
-93.6574,45.961#46.78#27.57#25.65
-93.5964,45.9606#46.76#27.57#25.67
-93.5353,45.9601#46.74#27.57#25.69
-93.4743,45.9597#46.71#27.57#25.72
-93.4132,45.9592#46.65#27.57#25.78
-93.3522,45.9587#46.6#27.57#25.83
-93.2911,45.9582#46.54#27.57#25.89
-93.23,45.9576#46.49#27.57#25.94
-93.169,45.9571#46.43#27.57#26
-93.1079,45.9565#46.38#27.57#26.05
-93.0469,45.9559#46.32#27.57#26.11
-92.9858,45.9552#46.25#27.57#26.18
-92.9248,45.9546#46.13#27.57#26.3
-92.8637,45.9539#46#27.57#26.43
-92.8027,45.9533#45.88#27.57#26.55
-92.7416,45.9526#45.75#27.57#26.68
-92.6806,45.9519#45.63#27.57#26.8
-92.6195,45.9511#45.5#27.57#26.93
-92.5585,45.9504#45.38#27.57#27.05
-92.4974,45.9496#45.25#27.57#27.18
-92.4364,45.9488#45.04#27.57#27.39
-92.3753,45.948#44.82#27.57#27.61
-92.3143,45.9472#44.61#27.57#27.82
-92.2533,45.9463#44.4#27.56#28.04
-92.1922,45.9454#44.18#27.56#28.26
-92.1312,45.9445#43.97#27.56#28.47
-92.0701,45.9436#43.76#27.56#28.68
-92.0091,45.9427#43.54#27.56#28.9
-91.9481,45.9418#43.31#27.56#29.13
-91.887,45.9408#43.07#27.56#29.37
-91.826,45.9398#42.83#27.56#29.61
-91.765,45.9388#42.6#27.56#29.84
-91.7039,45.9378#42.36#27.56#30.08
-91.6429,45.9367#42.12#27.56#30.32
-91.5819,45.9357#41.88#27.56#30.56
-91.5209,45.9346#41.64#27.56#30.8
-91.4598,45.9335#41.33#27.56#31.11
-91.3988,45.9324#40.99#27.55#31.46
-91.3378,45.9313#40.64#27.55#31.81
-91.2768,45.9301#40.29#27.55#32.16
-91.2158,45.9289#39.94#27.55#32.51
-91.1547,45.9277#39.6#27.55#32.85
-91.0937,45.9265#39.25#27.55#33.2
-91.0327,45.9253#38.9#27.55#33.55
-90.9717,45.924#38.58#27.55#33.87
-90.9107,45.9228#38.29#27.55#34.16
-90.8497,45.9215#38#27.55#34.45
-90.7887,45.9202#37.7#27.55#34.75
-90.7277,45.9188#37.41#27.55#35.04
-90.6667,45.9175#37.12#27.54#35.34
-90.6057,45.9161#36.82#27.54#35.64
-90.5447,45.9147#36.53#27.54#35.93
-90.4837,45.9133#36.24#27.54#36.22
-90.4227,45.9119#35.95#27.54#36.51
-90.3617,45.9105#35.66#27.54#36.8
-90.3007,45.909#35.37#27.54#37.09
-90.2397,45.9075#35.09#27.54#37.37
-90.1787,45.906#34.8#27.54#37.66
-90.1177,45.9045#34.51#27.54#37.95
-90.0567,45.903#34.22#27.53#38.25
-89.9957,45.9014#33.94#27.53#38.53
-101.472,45.9007#46.93#28.75#24.32
-101.411,45.9027#46.93#28.75#24.32
-101.35,45.9047#46.93#28.75#24.32
-101.289,45.9067#46.93#28.75#24.32
-101.228,45.9086#46.93#28.75#24.32
-101.167,45.9106#46.93#28.75#24.32
-101.106,45.9125#46.93#28.75#24.32
-101.045,45.9144#46.93#28.76#24.31
-100.984,45.9163#46.93#28.76#24.31
-100.923,45.9181#46.93#28.76#24.31
-100.862,45.92#46.93#28.76#24.31
-100.801,45.9218#46.93#28.76#24.31
-100.74,45.9236#46.93#28.76#24.31
-100.679,45.9254#46.93#28.76#24.31
-100.618,45.9272#46.93#28.76#24.31
-100.557,45.9289#46.93#28.76#24.31
-100.496,45.9306#46.93#28.76#24.31
-100.435,45.9324#46.93#28.77#24.3
-100.374,45.9341#46.93#28.77#24.3
-100.313,45.9357#46.93#28.77#24.3
-100.252,45.9374#46.93#28.77#24.3
-100.191,45.939#46.93#28.77#24.3
-100.13,45.9406#46.93#28.77#24.3
-100.069,45.9422#46.93#28.77#24.3
-100.008,45.9438#46.93#28.77#24.3
-99.9472,45.9454#46.93#28.85#24.22
-99.8862,45.9469#46.93#28.94#24.13
-99.8252,45.9484#46.93#29.03#24.04
-99.7642,45.9499#46.93#29.12#23.95
-99.7031,45.9514#46.93#29.21#23.86
-99.6421,45.9529#46.93#29.3#23.77
-99.5811,45.9543#46.93#29.39#23.68
-99.5201,45.9557#46.93#29.48#23.59
-99.459,45.9571#46.93#29.58#23.49
-99.398,45.9585#46.93#29.67#23.4
-99.337,45.9599#46.93#29.77#23.3
-99.276,45.9612#46.93#29.86#23.21
-99.2149,45.9626#46.93#29.95#23.12
-99.1539,45.9639#46.93#30.05#23.02
-99.0928,45.9652#46.93#30.14#22.93
-99.0318,45.9664#46.93#30.24#22.83
-98.9708,45.9677#46.93#30.3#22.77
-98.9097,45.9689#46.93#30.34#22.73
-98.8487,45.9701#46.93#30.38#22.69
-98.7876,45.9713#46.93#30.41#22.66
-98.7266,45.9725#46.93#30.45#22.62
-98.6655,45.9737#46.93#30.49#22.58
-98.6045,45.9748#46.93#30.52#22.55
-98.5434,45.9759#46.93#30.56#22.51
-98.4824,45.977#46.93#30.55#22.52
-98.4213,45.9781#46.93#30.41#22.66
-98.3603,45.9792#46.93#30.28#22.79
-98.2992,45.9802#46.93#30.14#22.93
-98.2382,45.9812#46.93#30.01#23.06
-98.1771,45.9822#46.93#29.87#23.2
-98.116,45.9832#46.93#29.74#23.33
-98.055,45.9842#46.93#29.61#23.46
-97.9939,45.9851#46.93#29.47#23.6
-97.9329,45.9861#46.93#29.32#23.75
-97.8718,45.987#46.93#29.17#23.9
-97.8107,45.9879#46.93#29.02#24.05
-97.7497,45.9887#46.93#28.87#24.2
-97.6886,45.9896#46.93#28.72#24.35
-97.6275,45.9904#46.93#28.58#24.49
-97.5665,45.9912#46.93#28.43#24.64
-97.5054,45.992#46.93#28.28#24.79
-97.4443,45.9928#46.93#28.21#24.86
-97.3832,45.9936#46.93#28.16#24.91
-97.3222,45.9943#46.93#28.1#24.97
-97.2611,45.995#46.93#28.05#25.02
-97.2,45.9957#46.93#27.99#25.08
-97.1389,45.9964#46.93#27.93#25.14
-97.0779,45.997#46.93#27.88#25.19
-97.0168,45.9977#46.93#27.82#25.25
-96.9557,45.9983#46.93#27.79#25.28
-96.8946,45.9989#46.93#27.77#25.3
-96.8335,45.9995#46.93#27.75#25.32
-96.7724,46.0001#46.93#27.73#25.34
-96.7114,46.0006#46.93#27.71#25.36
-96.6503,46.0011#46.93#27.69#25.38
-96.5892,46.0016#46.93#27.67#25.4
-96.5281,46.0021#46.93#27.65#25.42
-96.467,46.0026#46.93#27.63#25.44
-96.4059,46.003#46.93#27.63#25.44
-96.3449,46.0035#46.93#27.62#25.45
-96.2838,46.0039#46.93#27.61#25.46
-96.2227,46.0043#46.93#27.6#25.47
-96.1616,46.0046#46.93#27.6#25.47
-96.1005,46.005#46.93#27.59#25.48
-96.0394,46.0053#46.93#27.58#25.49
-95.9783,46.0057#46.93#27.58#25.49
-95.9172,46.0059#46.93#27.58#25.49
-95.8561,46.0062#46.93#27.57#25.5
-95.795,46.0065#46.93#27.57#25.5
-95.734,46.0067#46.93#27.57#25.5
-95.6729,46.0069#46.93#27.57#25.5
-95.6118,46.0071#46.93#27.56#25.51
-95.5507,46.0073#46.93#27.56#25.51
-95.4896,46.0075#46.93#27.56#25.51
-95.4285,46.0076#46.93#27.56#25.51
-95.3674,46.0078#46.93#27.56#25.51
-95.3063,46.0079#46.93#27.56#25.51
-95.2452,46.0079#46.93#27.56#25.51
-95.1841,46.008#46.93#27.56#25.51
-95.123,46.0081#46.93#27.56#25.51
-95.0619,46.0081#46.93#27.56#25.51
-95.0008,46.0081#46.93#27.56#25.51
-94.9398,46.0081#46.93#27.56#25.51
-94.8787,46.0081#46.93#27.56#25.51
-94.8176,46.008#46.93#27.56#25.51
-94.7565,46.008#46.93#27.56#25.51
-94.6954,46.0079#46.93#27.56#25.51
-94.6343,46.0078#46.92#27.56#25.52
-94.5732,46.0076#46.92#27.56#25.52
-94.5121,46.0075#46.92#27.56#25.52
-94.451,46.0073#46.92#27.56#25.52
-94.3899,46.0072#46.91#27.56#25.53
-94.3288,46.0069#46.91#27.56#25.53
-94.2677,46.0067#46.91#27.56#25.53
-94.2066,46.0065#46.9#27.56#25.54
-94.1456,46.0062#46.9#27.56#25.54
-94.0845,46.006#46.89#27.56#25.55
-94.0234,46.0057#46.89#27.57#25.54
-93.9623,46.0053#46.87#27.57#25.56
-93.9012,46.005#46.85#27.57#25.58
-93.8401,46.0047#46.83#27.57#25.6
-93.779,46.0043#46.81#27.57#25.62
-93.7179,46.0039#46.79#27.57#25.64
-93.6568,46.0035#46.77#27.57#25.66
-93.5958,46.0031#46.75#27.57#25.68
-93.5347,46.0026#46.72#27.57#25.71
-93.4736,46.0021#46.69#27.57#25.74
-93.4125,46.0016#46.63#27.57#25.8
-93.3514,46.0011#46.57#27.57#25.86
-93.2903,46.0006#46.52#27.57#25.91
-93.2292,46.0001#46.46#27.57#25.97
-93.1682,45.9995#46.4#27.57#26.03
-93.1071,45.9989#46.35#27.57#26.08
-93.046,45.9983#46.29#27.57#26.14
-92.9849,45.9977#46.21#27.57#26.22
-92.9238,45.9971#46.09#27.57#26.34
-92.8628,45.9964#45.96#27.57#26.47
-92.8017,45.9957#45.84#27.57#26.59
-92.7406,45.995#45.71#27.57#26.72
-92.6795,45.9943#45.59#27.57#26.84
-92.6185,45.9936#45.46#27.57#26.97
-92.5574,45.9928#45.34#27.57#27.09
-92.4963,45.992#45.21#27.57#27.22
-92.4352,45.9913#44.99#27.56#27.45
-92.3742,45.9904#44.78#27.56#27.66
-92.3131,45.9896#44.57#27.56#27.87
-92.252,45.9888#44.36#27.56#28.08
-92.191,45.9879#44.14#27.56#28.3
-92.1299,45.987#43.93#27.56#28.51
-92.0688,45.9861#43.72#27.56#28.72
-92.0078,45.9852#43.51#27.56#28.93
-91.9467,45.9842#43.28#27.56#29.16
-91.8856,45.9833#43.04#27.56#29.4
-91.8246,45.9823#42.8#27.56#29.64
-91.7635,45.9813#42.57#27.56#29.87
-91.7025,45.9802#42.33#27.56#30.11
-91.6414,45.9792#42.1#27.56#30.34
-91.5804,45.9781#41.86#27.55#30.59
-91.5193,45.9771#41.63#27.55#30.82
-91.4582,45.976#41.31#27.55#31.14
-91.3972,45.9748#40.96#27.55#31.49
-91.3361,45.9737#40.62#27.55#31.83
-91.2751,45.9725#40.27#27.55#32.18
-91.214,45.9714#39.92#27.55#32.53
-91.153,45.9702#39.57#27.55#32.88
-91.092,45.969#39.22#27.55#33.23
-91.0309,45.9677#38.87#27.55#33.58
-90.9699,45.9665#38.55#27.55#33.9
-90.9088,45.9652#38.26#27.55#34.19
-90.8478,45.9639#37.96#27.54#34.5
-90.7868,45.9626#37.67#27.54#34.79
-90.7257,45.9613#37.37#27.54#35.09
-90.6647,45.9599#37.08#27.54#35.38
-90.6037,45.9586#36.79#27.54#35.67
-90.5426,45.9572#36.49#27.54#35.97
-90.4816,45.9558#36.2#27.54#36.26
-90.4206,45.9543#35.91#27.54#36.55
-90.3596,45.9529#35.62#27.54#36.84
-90.2986,45.9514#35.33#27.54#37.13
-90.2375,45.95#35.04#27.54#37.42
-90.1765,45.9485#34.75#27.53#37.72
-90.1155,45.9469#34.46#27.53#38.01
-90.0545,45.9454#34.17#27.53#38.3
-89.9935,45.9438#33.88#27.53#38.59
-89.9325,45.9423#33.65#27.53#38.82
-89.8715,45.9407#33.41#27.53#39.06
-89.8105,45.9391#33.17#27.53#39.3
-89.7495,45.9374#32.94#27.53#39.53
-89.6885,45.9358#32.7#27.52#39.78
-89.6275,45.9341#32.47#27.52#40.01
-89.5665,45.9324#32.23#27.52#40.25
-89.5055,45.9307#31.99#27.52#40.49
-89.4445,45.929#31.79#27.53#40.68
-89.3835,45.9272#31.59#27.54#40.87
-89.3225,45.9254#31.39#27.55#41.06
-89.2615,45.9237#31.2#27.56#41.24
-89.2005,45.9219#31#27.56#41.44
-89.1395,45.92#30.8#27.57#41.63
-89.0786,45.9182#30.6#27.58#41.82
-89.0176,45.9163#30.41#27.59#42
-88.9566,45.9144#30.21#27.62#42.17
-88.8957,45.9125#30.01#27.66#42.33
-88.8347,45.9106#29.81#27.7#42.49
-88.7737,45.9087#29.61#27.73#42.66
-88.7128,45.9067#29.41#27.77#42.82
-88.6518,45.9047#29.21#27.81#42.98
-88.5908,45.9027#29.01#27.85#43.14
-88.5299,45.9007#28.81#27.88#43.31
-102.633,45.9011#46.93#28.73#24.34
-102.572,45.9035#46.93#28.73#24.34
-102.511,45.9059#46.93#28.73#24.34
-102.45,45.9082#46.93#28.73#24.34
-102.389,45.9105#46.93#28.73#24.34
-102.328,45.9129#46.93#28.73#24.34
-102.267,45.9151#46.93#28.73#24.34
-102.206,45.9174#46.93#28.73#24.34
-102.145,45.9196#46.93#28.74#24.33
-102.084,45.9219#46.93#28.74#24.33
-102.023,45.9241#46.93#28.74#24.33
-101.962,45.9263#46.93#28.74#24.33
-101.902,45.9284#46.93#28.74#24.33
-101.841,45.9306#46.93#28.74#24.33
-101.78,45.9327#46.93#28.74#24.33
-101.719,45.9348#46.93#28.74#24.33
-101.658,45.9369#46.93#28.74#24.33
-101.597,45.939#46.93#28.74#24.33
-101.536,45.9411#46.93#28.75#24.32
-101.475,45.9431#46.93#28.75#24.32
-101.414,45.9451#46.93#28.75#24.32
-101.353,45.9471#46.93#28.75#24.32
-101.292,45.9491#46.93#28.75#24.32
-101.231,45.9511#46.93#28.75#24.32
-101.17,45.953#46.93#28.75#24.32
-101.109,45.9549#46.93#28.75#24.32
-101.048,45.9568#46.93#28.75#24.32
-100.987,45.9587#46.93#28.75#24.32
-100.926,45.9606#46.93#28.76#24.31
-100.865,45.9624#46.93#28.76#24.31
-100.804,45.9642#46.93#28.76#24.31
-100.743,45.966#46.93#28.76#24.31
-100.682,45.9678#46.93#28.76#24.31
-100.621,45.9696#46.93#28.76#24.31
-100.56,45.9713#46.93#28.76#24.31
-100.499,45.9731#46.93#28.76#24.31
-100.438,45.9748#46.93#28.76#24.31
-100.377,45.9765#46.93#28.77#24.3
-100.316,45.9782#46.93#28.77#24.3
-100.255,45.9798#46.93#28.77#24.3
-100.194,45.9814#46.93#28.77#24.3
-100.133,45.9831#46.93#28.77#24.3
-100.072,45.9847#46.93#28.77#24.3
-100.01,45.9862#46.93#28.77#24.3
-99.9494,45.9878#46.93#28.85#24.22
-99.8884,45.9893#46.93#28.94#24.13
-99.8273,45.9909#46.93#29.03#24.04
-99.7663,45.9924#46.93#29.12#23.95
-99.7053,45.9938#46.93#29.21#23.86
-99.6442,45.9953#46.93#29.3#23.77
-99.5832,45.9967#46.93#29.39#23.68
-99.5221,45.9982#46.93#29.48#23.59
-99.461,45.9996#46.93#29.57#23.5
-99.4,46.001#46.93#29.67#23.4
-99.3389,46.0023#46.93#29.76#23.31
-99.2779,46.0037#46.93#29.86#23.21
-99.2168,46.005#46.93#29.95#23.12
-99.1558,46.0063#46.93#30.04#23.03
-99.0947,46.0076#46.93#30.14#22.93
-99.0336,46.0089#46.93#30.23#22.84
-98.9726,46.0101#46.93#30.3#22.77
-98.9115,46.0114#46.93#30.34#22.73
-98.8504,46.0126#46.93#30.37#22.7
-98.7893,46.0138#46.93#30.41#22.66
-98.7283,46.015#46.93#30.45#22.62
-98.6672,46.0161#46.93#30.48#22.59
-98.6061,46.0172#46.93#30.52#22.55
-98.545,46.0184#46.93#30.56#22.51
-98.484,46.0195#46.93#30.55#22.52
-98.4229,46.0205#46.93#30.41#22.66
-98.3618,46.0216#46.93#30.28#22.79
-98.3007,46.0226#46.93#30.14#22.93
-98.2396,46.0237#46.93#30.01#23.06
-98.1785,46.0247#46.93#29.88#23.19
-98.1175,46.0257#46.93#29.74#23.33
-98.0564,46.0266#46.93#29.61#23.46
-97.9953,46.0276#46.93#29.47#23.6
-97.9342,46.0285#46.93#29.32#23.75
-97.8731,46.0294#46.93#29.17#23.9
-97.812,46.0303#46.93#29.02#24.05
-97.7509,46.0312#46.93#28.88#24.19
-97.6898,46.032#46.93#28.73#24.34
-97.6287,46.0329#46.93#28.58#24.49
-97.5676,46.0337#46.93#28.43#24.64
-97.5065,46.0345#46.93#28.28#24.79
-97.4454,46.0352#46.93#28.21#24.86
-97.3843,46.036#46.93#28.16#24.91
-97.3232,46.0367#46.93#28.1#24.97
-97.2621,46.0374#46.93#28.05#25.02
-97.201,46.0381#46.93#27.99#25.08
-97.1399,46.0388#46.93#27.93#25.14
-97.0788,46.0395#46.93#27.88#25.19
-97.0177,46.0401#46.93#27.82#25.25
-96.9566,46.0407#46.93#27.79#25.28
-96.8955,46.0413#46.93#27.77#25.3
-96.8344,46.0419#46.93#27.75#25.32
-96.7732,46.0425#46.93#27.73#25.34
-96.7121,46.043#46.93#27.71#25.36
-96.651,46.0436#46.93#27.69#25.38
-96.5899,46.0441#46.93#27.67#25.4
-96.5288,46.0446#46.93#27.65#25.42
-96.4677,46.045#46.93#27.63#25.44
-96.4066,46.0455#46.93#27.63#25.44
-96.3455,46.0459#46.93#27.62#25.45
-96.2843,46.0463#46.93#27.61#25.46
-96.2232,46.0467#46.93#27.6#25.47
-96.1621,46.0471#46.93#27.6#25.47
-96.101,46.0474#46.93#27.59#25.48
-96.0399,46.0478#46.93#27.58#25.49
-95.9788,46.0481#46.93#27.58#25.49
-95.9176,46.0484#46.93#27.57#25.5
-95.8565,46.0487#46.93#27.57#25.5
-95.7954,46.0489#46.93#27.57#25.5
-95.7343,46.0492#46.93#27.57#25.5
-95.6732,46.0494#46.93#27.57#25.5
-95.612,46.0496#46.93#27.56#25.51
-95.5509,46.0498#46.93#27.56#25.51
-95.4898,46.0499#46.93#27.56#25.51
-95.4287,46.0501#46.93#27.56#25.51
-95.3676,46.0502#46.93#27.56#25.51
-95.3064,46.0503#46.93#27.56#25.51
-95.2453,46.0504#46.93#27.56#25.51
-95.1842,46.0505#46.93#27.56#25.51
-95.1231,46.0505#46.93#27.56#25.51
-95.062,46.0505#46.93#27.56#25.51
-95.0008,46.0505#46.93#27.56#25.51
-94.9397,46.0505#46.93#27.56#25.51
-94.8786,46.0505#46.93#27.56#25.51
-94.8175,46.0505#46.93#27.56#25.51
-94.7564,46.0504#46.93#27.56#25.51
-94.6952,46.0503#46.92#27.56#25.52
-94.6341,46.0502#46.92#27.56#25.52
-94.573,46.0501#46.92#27.56#25.52
-94.5119,46.0499#46.92#27.56#25.52
-94.4508,46.0498#46.92#27.56#25.52
-94.3896,46.0496#46.91#27.56#25.53
-94.3285,46.0494#46.91#27.56#25.53
-94.2674,46.0492#46.9#27.56#25.54
-94.2063,46.0489#46.9#27.56#25.54
-94.1452,46.0487#46.89#27.56#25.55
-94.084,46.0484#46.89#27.56#25.55
-94.0229,46.0481#46.88#27.56#25.56
-93.9618,46.0478#46.86#27.56#25.58
-93.9007,46.0475#46.84#27.57#25.59
-93.8396,46.0471#46.82#27.57#25.61
-93.7785,46.0467#46.8#27.57#25.63
-93.7173,46.0463#46.77#27.57#25.66
-93.6562,46.0459#46.75#27.57#25.68
-93.5951,46.0455#46.73#27.57#25.7
-93.534,46.045#46.71#27.57#25.72
-93.4729,46.0446#46.67#27.57#25.76
-93.4118,46.0441#46.61#27.57#25.82
-93.3507,46.0436#46.55#27.57#25.88
-93.2896,46.0431#46.49#27.57#25.94
-93.2284,46.0425#46.43#27.57#26
-93.1673,46.0419#46.37#27.57#26.06
-93.1062,46.0414#46.31#27.57#26.12
-93.0451,46.0408#46.26#27.57#26.17
-92.984,46.0401#46.18#27.57#26.25
-92.9229,46.0395#46.05#27.57#26.38
-92.8618,46.0388#45.93#27.57#26.5
-92.8007,46.0382#45.8#27.57#26.63
-92.7396,46.0375#45.67#27.57#26.76
-92.6785,46.0367#45.55#27.56#26.89
-92.6174,46.036#45.42#27.56#27.02
-92.5563,46.0353#45.3#27.56#27.14
-92.4952,46.0345#45.16#27.56#27.28
-92.4341,46.0337#44.95#27.56#27.49
-92.373,46.0329#44.74#27.56#27.7
-92.3119,46.032#44.53#27.56#27.91
-92.2508,46.0312#44.32#27.56#28.12
-92.1897,46.0303#44.11#27.56#28.33
-92.1286,46.0294#43.89#27.56#28.55
-92.0675,46.0285#43.68#27.56#28.76
-92.0064,46.0276#43.47#27.56#28.97
-91.9453,46.0267#43.24#27.56#29.2
-91.8842,46.0257#43.01#27.56#29.43
-91.8231,46.0247#42.78#27.56#29.66
-91.7621,46.0237#42.54#27.56#29.9
-91.701,46.0227#42.31#27.55#30.14
-91.6399,46.0216#42.08#27.55#30.37
-91.5788,46.0206#41.84#27.55#30.61
-91.5177,46.0195#41.61#27.55#30.84
-91.4566,46.0184#41.29#27.55#31.16
-91.3956,46.0173#40.94#27.55#31.51
-91.3345,46.0161#40.59#27.55#31.86
-91.2734,46.015#40.24#27.55#32.21
-91.2123,46.0138#39.89#27.55#32.56
-91.1513,46.0126#39.54#27.55#32.91
-91.0902,46.0114#39.19#27.55#33.26
-91.0291,46.0102#38.85#27.55#33.6
-90.9681,46.0089#38.52#27.54#33.94
-90.907,46.0076#38.23#27.54#34.23
-90.8459,46.0064#37.93#27.54#34.53
-90.7849,46.005#37.64#27.54#34.82
-90.7238,46.0037#37.34#27.54#35.12
-90.6628,46.0024#37.04#27.54#35.42
-90.6017,46.001#36.75#27.54#35.71
-90.5406,45.9996#36.45#27.54#36.01
-90.4796,45.9982#36.16#27.54#36.3
-90.4185,45.9968#35.87#27.54#36.59
-90.3575,45.9953#35.57#27.54#36.89
-90.2964,45.9939#35.28#27.53#37.19
-90.2354,45.9924#34.99#27.53#37.48
-90.1743,45.9909#34.69#27.53#37.78
-90.1133,45.9894#34.4#27.53#38.07
-90.0523,45.9878#34.11#27.53#38.36
-89.9912,45.9863#33.83#27.53#38.64
-89.9302,45.9847#33.59#27.53#38.88
-89.8692,45.9831#33.36#27.53#39.11
-89.8081,45.9815#33.12#27.53#39.35
-89.7471,45.9799#32.89#27.52#39.59
-89.6861,45.9782#32.65#27.52#39.83
-89.625,45.9765#32.41#27.52#40.07
-89.564,45.9748#32.18#27.52#40.3
-89.503,45.9731#31.94#27.52#40.54
-89.442,45.9714#31.74#27.53#40.73
-89.381,45.9696#31.54#27.54#40.92
-89.3199,45.9679#31.34#27.55#41.11
-89.2589,45.9661#31.14#27.56#41.3
-89.1979,45.9643#30.94#27.57#41.49
-89.1369,45.9625#30.74#27.59#41.67
-89.0759,45.9606#30.54#27.6#41.86
-89.0149,45.9588#30.35#27.61#42.04
-88.9539,45.9569#30.15#27.64#42.21
-88.8929,45.955#29.94#27.68#42.38
-88.8319,45.953#29.74#27.72#42.54
-88.7709,45.9511#29.54#27.77#42.69
-88.7099,45.9491#29.34#27.81#42.85
-88.6489,45.9472#29.14#27.85#43.01
-88.588,45.9452#28.94#27.89#43.17
-88.527,45.9432#28.74#27.93#43.33
-88.466,45.9411#28.57#27.98#43.45
-88.405,45.9391#28.42#28.05#43.53
-88.344,45.937#28.27#28.11#43.62
-88.2831,45.9349#28.12#28.18#43.7
-88.2221,45.9328#27.96#28.24#43.8
-88.1611,45.9307#27.81#28.31#43.88
-88.1002,45.9285#27.66#28.38#43.96
-88.0392,45.9263#27.51#28.44#44.05
-87.9782,45.9241#27.39#28.5#44.11
-87.9173,45.9219#27.32#28.55#44.13
-87.8563,45.9197#27.26#28.61#44.13
-87.7954,45.9175#27.2#28.66#44.14
-87.7344,45.9152#27.13#28.71#44.16
-87.6735,45.9129#27.07#28.77#44.16
-87.6126,45.9106#27#28.82#44.18
-87.5516,45.9083#26.93#28.88#44.19
-87.4907,45.9059#26.88#28.93#44.19
-87.4297,45.9036#26.9#28.94#44.16
-87.3688,45.9012#26.91#28.96#44.13
-103.672,45.9002#46.92#28.71#24.37
-103.611,45.9029#46.92#28.71#24.37
-103.55,45.9056#46.92#28.71#24.37
-103.489,45.9082#46.92#28.71#24.37
-103.428,45.9109#46.92#28.71#24.37
-103.368,45.9135#46.92#28.71#24.37
-103.307,45.9161#46.92#28.72#24.36
-103.246,45.9187#46.92#28.72#24.36
-103.185,45.9213#46.93#28.72#24.35
-103.124,45.9238#46.93#28.72#24.35
-103.063,45.9264#46.93#28.72#24.35
-103.002,45.9289#46.93#28.72#24.35
-102.941,45.9314#46.93#28.72#24.35
-102.88,45.9338#46.93#28.72#24.35
-102.819,45.9363#46.93#28.72#24.35
-102.758,45.9387#46.93#28.72#24.35
-102.697,45.9412#46.93#28.72#24.35
-102.636,45.9435#46.93#28.73#24.34
-102.575,45.9459#46.93#28.73#24.34
-102.514,45.9483#46.93#28.73#24.34
-102.453,45.9506#46.93#28.73#24.34
-102.392,45.953#46.93#28.73#24.34
-102.331,45.9553#46.93#28.73#24.34
-102.271,45.9575#46.93#28.73#24.34
-102.21,45.9598#46.93#28.73#24.34
-102.149,45.9621#46.93#28.73#24.34
-102.088,45.9643#46.93#28.73#24.34
-102.027,45.9665#46.93#28.74#24.33
-101.966,45.9687#46.93#28.74#24.33
-101.905,45.9709#46.93#28.74#24.33
-101.844,45.973#46.93#28.74#24.33
-101.783,45.9751#46.93#28.74#24.33
-101.722,45.9773#46.93#28.74#24.33
-101.661,45.9793#46.93#28.74#24.33
-101.6,45.9814#46.93#28.74#24.33
-101.539,45.9835#46.93#28.74#24.33
-101.478,45.9855#46.93#28.74#24.33
-101.417,45.9875#46.93#28.75#24.32
-101.356,45.9895#46.93#28.75#24.32
-101.295,45.9915#46.93#28.75#24.32
-101.234,45.9935#46.93#28.75#24.32
-101.173,45.9954#46.93#28.75#24.32
-101.112,45.9973#46.93#28.75#24.32
-101.051,45.9992#46.93#28.75#24.32
-100.989,46.0011#46.93#28.75#24.32
-100.928,46.003#46.93#28.75#24.32
-100.867,46.0048#46.93#28.75#24.32
-100.806,46.0067#46.93#28.76#24.31
-100.745,46.0085#46.93#28.76#24.31
-100.684,46.0102#46.93#28.76#24.31
-100.623,46.012#46.93#28.76#24.31
-100.562,46.0138#46.93#28.76#24.31
-100.501,46.0155#46.93#28.76#24.31
-100.44,46.0172#46.93#28.76#24.31
-100.379,46.0189#46.93#28.76#24.31
-100.318,46.0206#46.93#28.76#24.31
-100.257,46.0222#46.93#28.77#24.3
-100.196,46.0239#46.93#28.77#24.3
-100.135,46.0255#46.93#28.77#24.3
-100.074,46.0271#46.93#28.77#24.3
-100.013,46.0287#46.93#28.77#24.3
-99.9517,46.0302#46.93#28.84#24.23
-99.8906,46.0318#46.93#28.93#24.14
-99.8295,46.0333#46.93#29.02#24.05
-99.7684,46.0348#46.93#29.11#23.96
-99.7074,46.0363#46.93#29.2#23.87
-99.6463,46.0377#46.93#29.29#23.78
-99.5852,46.0392#46.93#29.38#23.69
-99.5241,46.0406#46.93#29.48#23.59
-99.4631,46.042#46.93#29.57#23.5
-99.402,46.0434#46.93#29.66#23.41
-99.3409,46.0448#46.93#29.76#23.31
-99.2798,46.0461#46.93#29.85#23.22
-99.2187,46.0474#46.93#29.95#23.12
-99.1576,46.0487#46.93#30.04#23.03
-99.0965,46.05#46.93#30.14#22.93
-99.0354,46.0513#46.93#30.23#22.84
-98.9743,46.0526#46.93#30.3#22.77
-98.9133,46.0538#46.93#30.34#22.73
-98.8522,46.055#46.93#30.37#22.7
-98.7911,46.0562#46.93#30.41#22.66
-98.73,46.0574#46.93#30.45#22.62
-98.6688,46.0585#46.93#30.48#22.59
-98.6077,46.0597#46.93#30.52#22.55
-98.5466,46.0608#46.93#30.55#22.52
-98.4855,46.0619#46.93#30.55#22.52
-98.4244,46.063#46.93#30.42#22.65
-98.3633,46.064#46.93#30.28#22.79
-98.3022,46.0651#46.93#30.15#22.92
-98.2411,46.0661#46.93#30.01#23.06
-98.18,46.0671#46.93#29.88#23.19
-98.1189,46.0681#46.93#29.74#23.33
-98.0577,46.0691#46.93#29.61#23.46
-97.9966,46.07#46.93#29.47#23.6
-97.9355,46.0709#46.93#29.33#23.74
-97.8744,46.0718#46.93#29.18#23.89
-97.8133,46.0727#46.93#29.03#24.04
-97.7521,46.0736#46.93#28.88#24.19
-97.691,46.0744#46.93#28.73#24.34
-97.6299,46.0753#46.93#28.58#24.49
-97.5688,46.0761#46.93#28.43#24.64
-97.5076,46.0769#46.93#28.28#24.79
-97.4465,46.0777#46.93#28.21#24.86
-97.3854,46.0784#46.93#28.16#24.91
-97.3243,46.0792#46.93#28.1#24.97
-97.2631,46.0799#46.93#28.05#25.02
-97.202,46.0806#46.93#27.99#25.08
-97.1409,46.0812#46.93#27.93#25.14
-97.0797,46.0819#46.93#27.88#25.19
-97.0186,46.0826#46.93#27.82#25.25
-96.9575,46.0832#46.93#27.79#25.28
-96.8963,46.0838#46.93#27.77#25.3
-96.8352,46.0844#46.93#27.75#25.32
-96.774,46.0849#46.93#27.73#25.34
-96.7129,46.0855#46.93#27.71#25.36
-96.6518,46.086#46.93#27.69#25.38
-96.5906,46.0865#46.93#27.67#25.4
-96.5295,46.087#46.93#27.65#25.42
-96.4683,46.0875#46.93#27.63#25.44
-96.4072,46.0879#46.93#27.62#25.45
-96.3461,46.0883#46.93#27.62#25.45
-96.2849,46.0888#46.93#27.61#25.46
-96.2238,46.0891#46.93#27.6#25.47
-96.1626,46.0895#46.93#27.6#25.47
-96.1015,46.0899#46.93#27.59#25.48
-96.0403,46.0902#46.93#27.58#25.49
-95.9792,46.0905#46.93#27.58#25.49
-95.9181,46.0908#46.93#27.57#25.5
-95.8569,46.0911#46.93#27.57#25.5
-95.7958,46.0914#46.93#27.57#25.5
-95.7346,46.0916#46.93#27.57#25.5
-95.6735,46.0918#46.93#27.56#25.51
-95.6123,46.092#46.93#27.56#25.51
-95.5512,46.0922#46.93#27.56#25.51
-95.49,46.0924#46.93#27.56#25.51
-95.4289,46.0925#46.93#27.56#25.51
-95.3677,46.0926#46.93#27.56#25.51
-95.3066,46.0927#46.93#27.56#25.51
-95.2454,46.0928#46.93#27.56#25.51
-95.1843,46.0929#46.93#27.56#25.51
-95.1231,46.0929#46.93#27.56#25.51
-95.062,46.093#46.93#27.56#25.51
-95.0008,46.093#46.93#27.56#25.51
-94.9397,46.093#46.93#27.56#25.51
-94.8785,46.0929#46.93#27.56#25.51
-94.8174,46.0929#46.93#27.56#25.51
-94.7563,46.0928#46.92#27.56#25.52
-94.6951,46.0927#46.92#27.56#25.52
-94.634,46.0926#46.92#27.56#25.52
-94.5728,46.0925#46.92#27.56#25.52
-94.5117,46.0924#46.92#27.56#25.52
-94.4505,46.0922#46.92#27.56#25.52
-94.3894,46.092#46.91#27.56#25.53
-94.3282,46.0918#46.9#27.56#25.54
-94.2671,46.0916#46.9#27.56#25.54
-94.2059,46.0914#46.89#27.56#25.55
-94.1448,46.0911#46.89#27.56#25.55
-94.0836,46.0908#46.88#27.56#25.56
-94.0225,46.0905#46.87#27.56#25.57
-93.9613,46.0902#46.86#27.56#25.58
-93.9002,46.0899#46.83#27.56#25.61
-93.8391,46.0895#46.81#27.56#25.63
-93.7779,46.0892#46.78#27.56#25.66
-93.7168,46.0888#46.76#27.56#25.68
-93.6556,46.0884#46.73#27.57#25.7
-93.5945,46.0879#46.71#27.57#25.72
-93.5333,46.0875#46.69#27.57#25.74
-93.4722,46.087#46.65#27.57#25.78
-93.4111,46.0865#46.58#27.57#25.85
-93.3499,46.086#46.52#27.57#25.91
-93.2888,46.0855#46.46#27.57#25.97
-93.2276,46.0849#46.4#27.57#26.03
-93.1665,46.0844#46.34#27.57#26.09
-93.1054,46.0838#46.28#27.57#26.15
-93.0442,46.0832#46.22#27.57#26.21
-92.9831,46.0826#46.14#27.57#26.29
-92.922,46.0819#46.02#27.56#26.42
-92.8608,46.0813#45.89#27.56#26.55
-92.7997,46.0806#45.76#27.56#26.68
-92.7386,46.0799#45.64#27.56#26.8
-92.6774,46.0792#45.51#27.56#26.93
-92.6163,46.0784#45.38#27.56#27.06
-92.5552,46.0777#45.26#27.56#27.18
-92.494,46.0769#45.12#27.56#27.32
-92.4329,46.0761#44.91#27.56#27.53
-92.3718,46.0753#44.7#27.56#27.74
-92.3107,46.0745#44.49#27.56#27.95
-92.2495,46.0736#44.28#27.56#28.16
-92.1884,46.0728#44.07#27.56#28.37
-92.1273,46.0719#43.86#27.56#28.58
-92.0662,46.071#43.65#27.56#28.79
-92.0051,46.07#43.44#27.56#29
-91.9439,46.0691#43.21#27.56#29.23
-91.8828,46.0681#42.98#27.55#29.47
-91.8217,46.0671#42.75#27.55#29.7
-91.7606,46.0661#42.52#27.55#29.93
-91.6995,46.0651#42.28#27.55#30.17
-91.6384,46.0641#42.05#27.55#30.4
-91.5773,46.063#41.82#27.55#30.63
-91.5162,46.0619#41.59#27.55#30.86
-91.455,46.0608#41.27#27.55#31.18
-91.3939,46.0597#40.92#27.55#31.53
-91.3328,46.0586#40.57#27.55#31.88
-91.2717,46.0574#40.22#27.55#32.23
-91.2106,46.0562#39.87#27.55#32.58
-91.1495,46.055#39.52#27.55#32.93
-91.0884,46.0538#39.17#27.54#33.29
-91.0273,46.0526#38.82#27.54#33.64
-90.9662,46.0513#38.5#27.54#33.96
-90.9052,46.0501#38.2#27.54#34.26
-90.8441,46.0488#37.9#27.54#34.56
-90.783,46.0475#37.6#27.54#34.86
-90.7219,46.0461#37.3#27.54#35.16
-90.6608,46.0448#37.01#27.54#35.45
-90.5997,46.0434#36.71#27.54#35.75
-90.5386,46.042#36.41#27.54#36.05
-90.4775,46.0406#36.12#27.54#36.34
-90.4165,46.0392#35.82#27.53#36.65
-90.3554,46.0378#35.53#27.53#36.94
-90.2943,46.0363#35.23#27.53#37.24
-90.2332,46.0348#34.94#27.53#37.53
-90.1722,46.0333#34.64#27.53#37.83
-90.1111,46.0318#34.35#27.53#38.12
-90.05,46.0303#34.05#27.53#38.42
-89.989,46.0287#33.77#27.53#38.7
-89.9279,46.0271#33.54#27.53#38.93
-89.8668,46.0255#33.3#27.52#39.18
-89.8058,46.0239#33.07#27.52#39.41
-89.7447,46.0223#32.83#27.52#39.65
-89.6837,46.0206#32.6#27.52#39.88
-89.6226,46.0189#32.36#27.52#40.12
-89.5616,46.0173#32.13#27.52#40.35
-89.5005,46.0155#31.89#27.52#40.59
-89.4395,46.0138#31.69#27.53#40.78
-89.3784,46.0121#31.49#27.54#40.97
-89.3174,46.0103#31.29#27.56#41.15
-89.2563,46.0085#31.09#27.57#41.34
-89.1953,46.0067#30.89#27.59#41.52
-89.1343,46.0049#30.69#27.6#41.71
-89.0732,46.003#30.49#27.61#41.9
-89.0122,46.0012#30.29#27.62#42.09
-88.9512,45.9993#30.08#27.66#42.26
-88.8902,45.9974#29.88#27.71#42.41
-88.8291,45.9955#29.68#27.75#42.57
-88.7681,45.9935#29.48#27.8#42.72
-88.7071,45.9916#29.28#27.84#42.88
-88.6461,45.9896#29.08#27.89#43.03
-88.5851,45.9876#28.88#27.93#43.19
-88.5241,45.9856#28.68#27.97#43.35
-88.463,45.9835#28.51#28.03#43.46
-88.402,45.9815#28.36#28.1#43.54
-88.341,45.9794#28.21#28.16#43.63
-88.28,45.9773#28.06#28.23#43.71
-88.219,45.9752#27.91#28.3#43.79
-88.158,45.9731#27.76#28.36#43.88
-88.0971,45.9709#27.61#28.43#43.96
-88.0361,45.9687#27.46#28.5#44.04
-87.9751,45.9666#27.35#28.55#44.1
-87.9141,45.9643#27.29#28.6#44.11
-87.8531,45.9621#27.23#28.65#44.12
-87.7921,45.9599#27.17#28.7#44.13
-87.7312,45.9576#27.11#28.75#44.14
-87.6702,45.9553#27.05#28.8#44.15
-87.6092,45.953#26.99#28.85#44.16
-87.5483,45.9507#26.93#28.9#44.17
-87.4873,45.9484#26.89#28.94#44.17
-87.4263,45.946#26.91#28.96#44.13
-87.3654,45.9436#26.93#28.97#44.1
-87.3044,45.9412#26.94#28.99#44.07
-87.2435,45.9388#26.96#29#44.04
-87.1825,45.9364#26.98#29.02#44
-87.1216,45.9339#27#29.03#43.97
-87.0606,45.9314#27.01#29.05#43.94
-86.9997,45.9289#27.03#29.07#43.9
-86.9388,45.9264#27.07#29.05#43.88
-86.8778,45.9239#27.1#29.04#43.86
-86.8169,45.9213#27.14#29.03#43.83
-86.756,45.9188#27.18#29.02#43.8
-86.6951,45.9162#27.22#29.01#43.77
-86.6342,45.9136#27.26#29#43.74
-86.5732,45.9109#27.3#28.99#43.71
-86.5123,45.9083#27.34#28.99#43.67
-86.4514,45.9056#27.35#28.93#43.72
-86.3905,45.9029#27.37#28.87#43.76
-86.3296,45.9002#27.38#28.81#43.81
-104.529,45.9027#46.92#28.69#24.39
-104.468,45.9056#46.92#28.7#24.38
-104.407,45.9086#46.92#28.7#24.38
-104.346,45.9115#46.92#28.7#24.38
-104.285,45.9144#46.92#28.7#24.38
-104.224,45.9173#46.92#28.7#24.38
-104.163,45.9202#46.92#28.7#24.38
-104.102,45.9231#46.92#28.7#24.38
-104.041,45.9259#46.92#28.7#24.38
-103.981,45.9287#46.92#28.7#24.38
-103.92,45.9315#46.92#28.7#24.38
-103.859,45.9343#46.92#28.71#24.37
-103.798,45.9371#46.92#28.71#24.37
-103.737,45.9398#46.92#28.71#24.37
-103.676,45.9426#46.92#28.71#24.37
-103.615,45.9453#46.92#28.71#24.37
-103.554,45.9479#46.92#28.71#24.37
-103.493,45.9506#46.92#28.71#24.37
-103.432,45.9533#46.92#28.71#24.37
-103.371,45.9559#46.92#28.71#24.37
-103.31,45.9585#46.92#28.71#24.37
-103.249,45.9611#46.92#28.71#24.37
-103.188,45.9637#46.92#28.72#24.36
-103.127,45.9662#46.92#28.72#24.36
-103.067,45.9687#46.92#28.72#24.36
-103.006,45.9713#46.92#28.72#24.36
-102.945,45.9738#46.92#28.72#24.36
-102.884,45.9762#46.93#28.72#24.35
-102.823,45.9787#46.93#28.72#24.35
-102.762,45.9811#46.93#28.72#24.35
-102.701,45.9835#46.93#28.72#24.35
-102.64,45.9859#46.93#28.72#24.35
-102.579,45.9883#46.93#28.72#24.35
-102.518,45.9907#46.93#28.73#24.34
-102.457,45.993#46.93#28.73#24.34
-102.396,45.9954#46.93#28.73#24.34
-102.335,45.9977#46.93#28.73#24.34
-102.274,45.9999#46.93#28.73#24.34
-102.213,46.0022#46.93#28.73#24.34
-102.152,46.0045#46.93#28.73#24.34
-102.091,46.0067#46.93#28.73#24.34
-102.03,46.0089#46.93#28.73#24.34
-101.969,46.0111#46.93#28.73#24.34
-101.908,46.0133#46.93#28.74#24.33
-101.847,46.0154#46.93#28.74#24.33
-101.786,46.0175#46.93#28.74#24.33
-101.725,46.0196#46.93#28.74#24.33
-101.664,46.0217#46.93#28.74#24.33
-101.603,46.0238#46.93#28.74#24.33
-101.542,46.0259#46.93#28.74#24.33
-101.481,46.0279#46.93#28.74#24.33
-101.42,46.0299#46.93#28.74#24.33
-101.358,46.0319#46.93#28.74#24.33
-101.297,46.0339#46.93#28.75#24.32
-101.236,46.0359#46.93#28.75#24.32
-101.175,46.0378#46.93#28.75#24.32
-101.114,46.0397#46.93#28.75#24.32
-101.053,46.0416#46.93#28.75#24.32
-100.992,46.0435#46.93#28.75#24.32
-100.931,46.0454#46.93#28.75#24.32
-100.87,46.0472#46.93#28.75#24.32
-100.809,46.0491#46.93#28.75#24.32
-100.748,46.0509#46.93#28.76#24.31
-100.687,46.0527#46.93#28.76#24.31
-100.626,46.0544#46.93#28.76#24.31
-100.565,46.0562#46.93#28.76#24.31
-100.504,46.0579#46.93#28.76#24.31
-100.443,46.0596#46.93#28.76#24.31
-100.382,46.0613#46.93#28.76#24.31
-100.32,46.063#46.93#28.76#24.31
-100.259,46.0646#46.93#28.76#24.31
-100.198,46.0663#46.93#28.76#24.31
-100.137,46.0679#46.93#28.77#24.3
-100.076,46.0695#46.93#28.77#24.3
-100.015,46.0711#46.93#28.77#24.3
-99.9539,46.0726#46.93#28.84#24.23
-99.8928,46.0742#46.93#28.93#24.14
-99.8317,46.0757#46.93#29.02#24.05
-99.7706,46.0772#46.93#29.11#23.96
-99.7095,46.0787#46.93#29.2#23.87
-99.6484,46.0801#46.93#29.29#23.78
-99.5873,46.0816#46.93#29.38#23.69
-99.5262,46.083#46.93#29.47#23.6
-99.4651,46.0844#46.93#29.56#23.51
-99.404,46.0858#46.93#29.66#23.41
-99.3429,46.0872#46.93#29.75#23.32
-99.2817,46.0885#46.93#29.85#23.22
-99.2206,46.0898#46.93#29.94#23.13
-99.1595,46.0911#46.93#30.04#23.03
-99.0984,46.0924#46.93#30.13#22.94
-99.0373,46.0937#46.93#30.23#22.84
-98.9761,46.095#46.93#30.3#22.77
-98.915,46.0962#46.93#30.33#22.74
-98.8539,46.0974#46.93#30.37#22.7
-98.7928,46.0986#46.93#30.41#22.66
-98.7316,46.0998#46.93#30.44#22.63
-98.6705,46.1009#46.93#30.48#22.59
-98.6094,46.1021#46.93#30.52#22.55
-98.5482,46.1032#46.93#30.55#22.52
-98.4871,46.1043#46.93#30.55#22.52
-98.426,46.1054#46.93#30.42#22.65
-98.3648,46.1064#46.93#30.28#22.79
-98.3037,46.1075#46.93#30.15#22.92
-98.2426,46.1085#46.93#30.01#23.06
-98.1814,46.1095#46.93#29.88#23.19
-98.1203,46.1105#46.93#29.75#23.32
-98.0591,46.1115#46.93#29.61#23.46
-97.998,46.1124#46.93#29.48#23.59
-97.9368,46.1133#46.93#29.33#23.74
-97.8757,46.1142#46.93#29.18#23.89
-97.8145,46.1151#46.93#29.03#24.04
-97.7534,46.116#46.93#28.88#24.19
-97.6922,46.1169#46.93#28.73#24.34
-97.6311,46.1177#46.93#28.58#24.49
-97.5699,46.1185#46.93#28.43#24.64
-97.5088,46.1193#46.93#28.28#24.79
-97.4476,46.1201#46.93#28.21#24.86
-97.3865,46.1208#46.93#28.16#24.91
-97.3253,46.1216#46.93#28.1#24.97
-97.2641,46.1223#46.93#28.05#25.02
-97.203,46.123#46.93#27.99#25.08
-97.1418,46.1237#46.93#27.93#25.14
-97.0807,46.1243#46.93#27.88#25.19
-97.0195,46.125#46.93#27.82#25.25
-96.9583,46.1256#46.93#27.79#25.28
-96.8972,46.1262#46.93#27.77#25.3
-96.836,46.1268#46.93#27.75#25.32
-96.7748,46.1273#46.93#27.73#25.34
-96.7137,46.1279#46.93#27.71#25.36
-96.6525,46.1284#46.93#27.69#25.38
-96.5913,46.1289#46.93#27.67#25.4
-96.5302,46.1294#46.93#27.65#25.42
-96.469,46.1299#46.93#27.63#25.44
-96.4078,46.1303#46.93#27.62#25.45
-96.3467,46.1308#46.93#27.62#25.45
-96.2855,46.1312#46.93#27.61#25.46
-96.2243,46.1316#46.93#27.6#25.47
-96.1632,46.1319#46.93#27.6#25.47
-96.102,46.1323#46.93#27.59#25.48
-96.0408,46.1326#46.93#27.58#25.49
-95.9796,46.1329#46.93#27.58#25.49
-95.9185,46.1332#46.93#27.57#25.5
-95.8573,46.1335#46.93#27.57#25.5
-95.7961,46.1338#46.93#27.57#25.5
