-96.3103,47.9001#45.6#27.57#26.83
-96.248,47.9004#45.58#27.57#26.85
-96.1856,47.9008#45.57#27.56#26.87
-96.1233,47.9012#45.55#27.55#26.9
-96.0609,47.9015#45.54#27.54#26.92
-95.9986,47.9018#45.52#27.54#26.94
-95.9362,47.9021#45.5#27.53#26.97
-95.8739,47.9024#45.48#27.53#26.99
-95.8115,47.9027#45.45#27.53#27.02
-95.7492,47.9029#45.43#27.53#27.04
-95.6868,47.9031#45.4#27.52#27.08
-95.6244,47.9033#45.38#27.52#27.1
-95.5621,47.9035#45.36#27.52#27.12
-95.4997,47.9037#45.33#27.52#27.15
-95.4374,47.9038#45.28#27.51#27.21
-95.375,47.9039#45.23#27.51#27.26
-95.3127,47.9041#45.18#27.51#27.31
-95.2503,47.9041#45.13#27.51#27.36
-95.1879,47.9042#45.08#27.51#27.41
-95.1256,47.9043#45.03#27.51#27.46
-95.0632,47.9043#44.98#27.51#27.51
-95.0009,47.9043#44.93#27.51#27.56
-94.9385,47.9043#44.86#27.51#27.63
-94.8761,47.9043#44.78#27.51#27.71
-94.8138,47.9042#44.71#27.5#27.79
-94.7514,47.9041#44.64#27.5#27.86
-94.6891,47.9041#44.56#27.5#27.94
-94.6267,47.904#44.49#27.5#28.01
-94.5644,47.9038#44.42#27.5#28.08
-94.502,47.9037#44.35#27.5#28.15
-94.4396,47.9035#44.22#27.5#28.28
-94.3773,47.9033#44.08#27.5#28.42
-94.3149,47.9031#43.95#27.5#28.55
-94.2526,47.9029#43.82#27.5#28.68
-94.1902,47.9027#43.69#27.5#28.81
-94.1279,47.9024#43.56#27.5#28.94
-94.0655,47.9021#43.43#27.5#29.07
-94.0031,47.9018#43.3#27.5#29.2
-93.9408,47.9015#43.17#27.5#29.33
-93.8784,47.9012#43.04#27.49#29.47
-93.8161,47.9008#42.91#27.49#29.6
-93.7537,47.9005#42.78#27.49#29.73
-93.6914,47.9001#42.65#27.49#29.86
-99.3041,47.9003#45.81#29.75#24.44
-99.2418,47.9016#45.81#29.85#24.34
-99.1795,47.9029#45.8#29.95#24.25
-99.1171,47.9042#45.79#30.05#24.16
-99.0548,47.9055#45.79#30.15#24.06
-98.9925,47.9067#45.78#30.24#23.98
-98.9301,47.9079#45.78#30.27#23.95
-98.8678,47.9091#45.77#30.31#23.92
-98.8055,47.9103#45.77#30.35#23.88
-98.7431,47.9115#45.76#30.39#23.85
-98.6808,47.9126#45.76#30.42#23.82
-98.6184,47.9137#45.75#30.46#23.79
-98.5561,47.9149#45.75#30.5#23.75
-98.4938,47.9159#45.75#30.52#23.73
-98.4314,47.917#45.74#30.38#23.88
-98.3691,47.9181#45.74#30.25#24.01
-98.3067,47.9191#45.74#30.11#24.15
-98.2444,47.9201#45.73#29.97#24.3
-98.182,47.9211#45.73#29.84#24.43
-98.1197,47.9221#45.73#29.7#24.57
-98.0573,47.923#45.73#29.56#24.71
-97.9949,47.9239#45.72#29.43#24.85
-97.9326,47.9249#45.72#29.27#25.01
-97.8702,47.9257#45.71#29.12#25.17
-97.8079,47.9266#45.7#28.97#25.33
-97.7455,47.9275#45.7#28.82#25.48
-97.6831,47.9283#45.69#28.67#25.64
-97.6208,47.9291#45.69#28.51#25.8
-97.5584,47.9299#45.68#28.36#25.96
-97.4961,47.9307#45.68#28.22#26.1
-97.4337,47.9315#45.67#28.16#26.17
-97.3713,47.9322#45.66#28.1#26.24
-97.309,47.9329#45.65#28.04#26.31
-97.2466,47.9336#45.64#27.99#26.37
-97.1842,47.9343#45.63#27.93#26.44
-97.1218,47.935#45.62#27.87#26.51
-97.0595,47.9356#45.61#27.82#26.57
-96.9971,47.9363#45.61#27.76#26.63
-96.9347,47.9369#45.59#27.74#26.67
-96.8724,47.9374#45.58#27.72#26.7
-96.81,47.938#45.57#27.7#26.73
-96.7476,47.9386#45.56#27.68#26.76
-96.6852,47.9391#45.55#27.66#26.79
-96.6228,47.9396#45.54#27.64#26.82
-96.5605,47.9401#45.53#27.61#26.86
-96.4981,47.9406#45.52#27.59#26.89
-96.4357,47.941#45.5#27.59#26.91
-96.3733,47.9414#45.48#27.58#26.94
-96.3109,47.9419#45.47#27.57#26.96
-96.2486,47.9423#45.45#27.56#26.99
-96.1862,47.9426#45.44#27.56#27
-96.1238,47.943#45.42#27.55#27.03
-96.0614,47.9433#45.41#27.54#27.05
-95.999,47.9436#45.39#27.53#27.08
-95.9367,47.9439#45.37#27.53#27.1
-95.8743,47.9442#45.34#27.53#27.13
-95.8119,47.9445#45.32#27.53#27.15
-95.7495,47.9447#45.29#27.52#27.19
-95.6871,47.9449#45.27#27.52#27.21
-95.6247,47.9451#45.24#27.52#27.24
-95.5623,47.9453#45.22#27.52#27.26
-95.5,47.9455#45.19#27.51#27.3
-95.4376,47.9456#45.14#27.51#27.35
-95.3752,47.9458#45.09#27.51#27.4
-95.3128,47.9459#45.04#27.51#27.45
-95.2504,47.946#44.99#27.51#27.5
-95.188,47.946#44.94#27.51#27.55
-95.1256,47.9461#44.89#27.51#27.6
-95.0632,47.9461#44.83#27.51#27.66
-95.0009,47.9461#44.78#27.51#27.71
-94.9385,47.9461#44.71#27.5#27.79
-94.8761,47.9461#44.64#27.5#27.86
-94.8137,47.946#44.57#27.5#27.93
-94.7513,47.946#44.5#27.5#28
-94.6889,47.9459#44.43#27.5#28.07
-94.6265,47.9458#44.36#27.5#28.14
-94.5642,47.9456#44.29#27.5#28.21
-94.5018,47.9455#44.22#27.5#28.28
-94.4394,47.9453#44.09#27.5#28.41
-94.377,47.9451#43.95#27.5#28.55
-94.3146,47.9449#43.82#27.5#28.68
-94.2522,47.9447#43.68#27.5#28.82
-94.1898,47.9445#43.55#27.5#28.95
-94.1275,47.9442#43.41#27.5#29.09
-94.0651,47.9439#43.27#27.49#29.24
-94.0027,47.9436#43.14#27.49#29.37
-93.9403,47.9433#43#27.49#29.51
-93.8779,47.943#42.86#27.49#29.65
-93.8155,47.9426#42.72#27.49#29.79
-93.7532,47.9423#42.59#27.49#29.92
-93.6908,47.9419#42.45#27.49#30.06
-93.6284,47.9415#42.31#27.49#30.2
-93.566,47.941#42.17#27.49#30.34
-93.5036,47.9406#42.04#27.49#30.47
-93.4413,47.9401#41.86#27.49#30.65
-93.3789,47.9396#41.69#27.49#30.82
-93.3165,47.9391#41.51#27.49#31
-93.2541,47.9386#41.33#27.49#31.18
-93.1917,47.938#41.16#27.49#31.35
-93.1294,47.9375#40.98#27.48#31.54
-93.067,47.9369#40.8#27.48#31.72
-93.0046,47.9363#40.62#27.48#31.9
-92.9423,47.9356#40.46#27.48#32.06
-92.8799,47.935#40.29#27.48#32.23
-92.8175,47.9343#40.12#27.48#32.4
-92.7551,47.9337#39.95#27.48#32.57
-92.6928,47.933#39.78#27.48#32.74
-92.6304,47.9322#39.61#27.48#32.91
-92.568,47.9315#39.44#27.48#33.08
-92.5057,47.9307#39.27#27.48#33.25
-92.4433,47.93#39.14#27.48#33.38
-92.3809,47.9292#39.02#27.48#33.5
-92.3186,47.9283#38.9#27.48#33.62
-92.2562,47.9275#38.78#27.47#33.75
-92.1939,47.9266#38.65#27.47#33.88
-92.1315,47.9258#38.53#27.47#34
-92.0691,47.9249#38.41#27.47#34.12
-92.0068,47.924#38.28#27.47#34.25
-91.9444,47.923#38.16#27.47#34.37
-91.8821,47.9221#38.03#27.47#34.5
-91.8197,47.9211#37.9#27.47#34.63
-91.7574,47.9201#37.77#27.47#34.76
-91.695,47.9191#37.64#27.47#34.89
-91.6327,47.9181#37.51#27.46#35.03
-91.5703,47.917#37.39#27.46#35.15
-91.508,47.916#37.26#27.46#35.28
-91.4456,47.9149#37.1#27.47#35.43
-91.3833,47.9138#36.93#27.48#35.59
-91.3209,47.9127#36.76#27.49#35.75
-91.2586,47.9115#36.6#27.5#35.9
-91.1963,47.9103#36.43#27.51#36.06
-91.1339,47.9092#36.26#27.52#36.22
-91.0716,47.908#36.09#27.53#36.38
-91.0093,47.9067#35.93#27.54#36.53
-90.9469,47.9055#35.7#27.58#36.72
-90.8846,47.9042#35.47#27.62#36.91
-90.8223,47.903#35.23#27.66#37.11
-90.7599,47.9017#35#27.7#37.3
-90.6976,47.9004#34.76#27.75#37.49
-100.927,47.9011#45.81#28.67#25.52
-100.864,47.9029#45.81#28.67#25.52
-100.802,47.9047#45.81#28.68#25.51
-100.74,47.9065#45.8#28.68#25.52
-100.677,47.9083#45.8#28.68#25.52
-100.615,47.91#45.8#28.68#25.52
-100.553,47.9117#45.8#28.68#25.52
-100.49,47.9134#45.8#28.68#25.52
-100.428,47.9151#45.8#28.68#25.52
-100.366,47.9168#45.79#28.68#25.53
-100.303,47.9184#45.79#28.68#25.53
-100.241,47.92#45.78#28.68#25.54
-100.179,47.9216#45.78#28.69#25.53
-100.117,47.9232#45.78#28.69#25.53
-100.054,47.9248#45.77#28.69#25.54
-99.9919,47.9263#45.77#28.7#25.53
-99.9295,47.9279#45.76#28.8#25.44
-99.8672,47.9294#45.76#28.89#25.35
-99.8049,47.9309#45.75#28.98#25.27
-99.7425,47.9323#45.75#29.08#25.17
-99.6802,47.9338#45.74#29.17#25.09
-99.6178,47.9352#45.74#29.27#24.99
-99.5555,47.9366#45.73#29.36#24.91
-99.4931,47.938#45.72#29.45#24.83
-99.4308,47.9394#45.72#29.55#24.73
-99.3684,47.9408#45.71#29.65#24.64
-99.3061,47.9421#45.7#29.75#24.55
-99.2437,47.9434#45.7#29.85#24.45
-99.1814,47.9447#45.69#29.94#24.37
-99.119,47.946#45.68#30.04#24.28
-99.0567,47.9473#45.68#30.14#24.18
-98.9943,47.9485#45.67#30.23#24.1
-98.9319,47.9497#45.66#30.27#24.07
-98.8696,47.9509#45.66#30.31#24.03
-98.8072,47.9521#45.66#30.35#23.99
-98.7448,47.9533#45.65#30.38#23.97
-98.6825,47.9544#45.65#30.42#23.93
-98.6201,47.9555#45.64#30.46#23.9
-98.5577,47.9566#45.64#30.5#23.86
-98.4954,47.9577#45.64#30.52#23.84
-98.433,47.9588#45.63#30.39#23.98
-98.3706,47.9598#45.63#30.25#24.12
-98.3082,47.9609#45.63#30.11#24.26
-98.2459,47.9619#45.62#29.98#24.4
-98.1835,47.9629#45.62#29.84#24.54
-98.1211,47.9639#45.62#29.7#24.68
-98.0587,47.9648#45.61#29.57#24.82
-97.9963,47.9657#45.61#29.43#24.96
-97.9339,47.9666#45.6#29.28#25.12
-97.8716,47.9675#45.6#29.12#25.28
-97.8092,47.9684#45.59#28.97#25.44
-97.7468,47.9693#45.58#28.82#25.6
-97.6844,47.9701#45.58#28.67#25.75
-97.622,47.9709#45.57#28.52#25.91
-97.5596,47.9717#45.57#28.36#26.07
-97.4972,47.9725#45.56#28.22#26.22
-97.4348,47.9733#45.55#28.16#26.29
-97.3724,47.974#45.54#28.1#26.36
-97.31,47.9747#45.53#28.04#26.43
-97.2476,47.9754#45.52#27.99#26.49
-97.1852,47.9761#45.51#27.93#26.56
-97.1228,47.9768#45.5#27.87#26.63
-97.0604,47.9774#45.49#27.82#26.69
-96.998,47.978#45.48#27.76#26.76
-96.9356,47.9787#45.47#27.74#26.79
-96.8732,47.9792#45.46#27.72#26.82
-96.8108,47.9798#45.45#27.7#26.85
-96.7484,47.9804#45.44#27.68#26.88
-96.686,47.9809#45.42#27.66#26.92
-96.6236,47.9814#45.41#27.64#26.95
-96.5612,47.9819#45.4#27.61#26.99
-96.4988,47.9824#45.39#27.59#27.02
-96.4364,47.9828#45.37#27.59#27.04
-96.374,47.9832#45.36#27.58#27.06
-96.3115,47.9837#45.34#27.57#27.09
-96.2491,47.9841#45.32#27.56#27.12
-96.1867,47.9844#45.31#27.56#27.13
-96.1243,47.9848#45.29#27.55#27.16
-96.0619,47.9851#45.28#27.54#27.18
-95.9995,47.9854#45.26#27.53#27.21
-95.9371,47.9857#45.23#27.53#27.24
-95.8747,47.986#45.21#27.53#27.26
-95.8123,47.9863#45.18#27.53#27.29
-95.7498,47.9865#45.16#27.52#27.32
-95.6874,47.9867#45.13#27.52#27.35
-95.625,47.9869#45.11#27.52#27.37
-95.5626,47.9871#45.08#27.52#27.4
-95.5002,47.9873#45.06#27.51#27.43
-95.4378,47.9874#45#27.51#27.49
-95.3754,47.9876#44.95#27.51#27.54
-95.3129,47.9877#44.9#27.51#27.59
-95.2505,47.9877#44.84#27.51#27.65
-95.1881,47.9878#44.79#27.51#27.7
-95.1257,47.9879#44.74#27.51#27.75
-95.0633,47.9879#44.69#27.5#27.81
-95.0009,47.9879#44.64#27.5#27.86
-94.9384,47.9879#44.57#27.5#27.93
-94.876,47.9879#44.5#27.5#28
-94.8136,47.9878#44.43#27.5#28.07
-94.7512,47.9878#44.37#27.5#28.13
-94.6888,47.9877#44.3#27.5#28.2
-94.6264,47.9876#44.23#27.5#28.27
-94.564,47.9874#44.17#27.5#28.33
-94.5015,47.9873#44.1#27.5#28.4
-94.4391,47.9871#43.96#27.5#28.54
-94.3767,47.9869#43.82#27.5#28.68
-94.3143,47.9867#43.68#27.5#28.82
-94.2519,47.9865#43.54#27.5#28.96
-94.1895,47.9863#43.4#27.49#29.11
-94.1271,47.986#43.26#27.49#29.25
-94.0646,47.9857#43.12#27.49#29.39
-94.0022,47.9854#42.98#27.49#29.53
-93.9398,47.9851#42.84#27.49#29.67
-93.8774,47.9848#42.69#27.49#29.82
-93.815,47.9844#42.54#27.49#29.97
-93.7526,47.9841#42.4#27.49#30.11
-93.6902,47.9837#42.25#27.49#30.26
-93.6278,47.9833#42.1#27.49#30.41
-93.5654,47.9828#41.96#27.49#30.55
-93.5029,47.9824#41.81#27.49#30.7
-93.4405,47.9819#41.64#27.49#30.87
-93.3781,47.9814#41.47#27.49#31.04
-93.3157,47.9809#41.29#27.48#31.23
-93.2533,47.9804#41.12#27.48#31.4
-93.1909,47.9798#40.95#27.48#31.57
-93.1285,47.9793#40.77#27.48#31.75
-93.0661,47.9787#40.6#27.48#31.92
-93.0037,47.9781#40.43#27.48#32.09
-92.9413,47.9774#40.26#27.48#32.26
-92.8789,47.9768#40.1#27.48#32.42
-92.8165,47.9761#39.94#27.48#32.58
-92.7541,47.9755#39.77#27.48#32.75
-92.6917,47.9747#39.61#27.48#32.91
-92.6293,47.974#39.45#27.48#33.07
-92.5669,47.9733#39.28#27.48#33.24
-92.5045,47.9725#39.12#27.48#33.4
-92.4421,47.9718#38.99#27.47#33.54
-92.3797,47.971#38.87#27.47#33.66
-92.3173,47.9701#38.75#27.47#33.78
-92.2549,47.9693#38.62#27.47#33.91
-92.1926,47.9684#38.5#27.47#34.03
-92.1302,47.9676#38.38#27.47#34.15
-92.0678,47.9667#38.26#27.47#34.27
-92.0054,47.9658#38.13#27.47#34.4
-91.943,47.9648#38#27.47#34.53
-91.8806,47.9639#37.88#27.47#34.65
-91.8182,47.9629#37.75#27.47#34.78
-91.7559,47.9619#37.62#27.46#34.92
-91.6935,47.9609#37.49#27.46#35.05
-91.6311,47.9599#37.37#27.46#35.17
-91.5687,47.9588#37.24#27.46#35.3
-91.5064,47.9578#37.11#27.46#35.43
-91.444,47.9567#36.96#27.47#35.57
-91.3816,47.9556#36.8#27.48#35.72
-91.3192,47.9544#36.64#27.5#35.86
-91.2569,47.9533#36.48#27.51#36.01
-91.1945,47.9521#36.32#27.52#36.16
-91.1321,47.951#36.16#27.53#36.31
-91.0698,47.9498#36#27.55#36.45
-91.0074,47.9485#35.84#27.56#36.6
-90.9451,47.9473#35.62#27.6#36.78
-90.8827,47.946#35.39#27.65#36.96
-90.8203,47.9448#35.15#27.69#37.16
-90.758,47.9435#34.92#27.74#37.34
-90.6956,47.9421#34.69#27.78#37.53
-90.6333,47.9408#34.46#27.83#37.71
-90.5709,47.9395#34.22#27.88#37.9
-90.5086,47.9381#33.99#27.92#38.09
-90.4462,47.9367#33.74#27.99#38.27
-90.3839,47.9353#33.48#28.06#38.46
-90.3215,47.9338#33.22#28.14#38.64
-90.2592,47.9324#32.96#28.21#38.83
-90.1969,47.9309#32.7#28.28#39.02
-90.1345,47.9294#32.45#28.35#39.2
-90.0722,47.9279#32.19#28.43#39.38
-90.0099,47.9264#31.93#28.5#39.57
-89.9475,47.9248#31.72#28.56#39.72
-89.8852,47.9233#31.52#28.62#39.86
-89.8229,47.9217#31.32#28.68#40
-89.7606,47.9201#31.12#28.74#40.14
-89.6982,47.9185#30.91#28.8#40.29
-89.6359,47.9168#30.71#28.85#40.44
-89.5736,47.9151#30.51#28.92#40.57
-89.5113,47.9135#30.3#28.98#40.72
-89.449,47.9118#30.14#29#40.86
-89.3867,47.91#29.98#29.02#41
-89.3244,47.9083#29.82#29.04#41.14
-89.2621,47.9065#29.66#29.06#41.28
-89.1998,47.9048#29.51#29.08#41.41
-89.1375,47.903#29.35#29.1#41.55
-89.0752,47.9012#29.19#29.12#41.69
-102.238,47.9003#45.5#28.65#25.85
-102.175,47.9025#45.52#28.65#25.83
-102.113,47.9047#45.54#28.65#25.81
-102.051,47.9069#45.55#28.65#25.8
-101.988,47.909#45.57#28.65#25.78
-101.926,47.9112#45.58#28.65#25.77
-101.864,47.9133#45.59#28.66#25.75
-101.802,47.9154#45.6#28.66#25.74
-101.739,47.9175#45.61#28.66#25.73
-101.677,47.9196#45.62#28.66#25.72
-101.615,47.9216#45.63#28.66#25.71
-101.552,47.9236#45.64#28.66#25.7
-101.49,47.9257#45.65#28.66#25.69
-101.428,47.9276#45.66#28.66#25.68
-101.366,47.9296#45.66#28.66#25.68
-101.303,47.9316#45.67#28.66#25.67
-101.241,47.9335#45.68#28.67#25.65
-101.179,47.9354#45.68#28.67#25.65
-101.116,47.9373#45.69#28.67#25.64
-101.054,47.9392#45.69#28.67#25.64
-100.992,47.941#45.7#28.67#25.63
-100.929,47.9429#45.7#28.67#25.63
-100.867,47.9447#45.69#28.67#25.64
-100.805,47.9465#45.69#28.67#25.64
-100.742,47.9483#45.69#28.67#25.64
-100.68,47.95#45.69#28.68#25.63
-100.618,47.9518#45.69#28.68#25.63
-100.555,47.9535#45.69#28.68#25.63
-100.493,47.9552#45.69#28.68#25.63
-100.431,47.9569#45.68#28.68#25.64
-100.368,47.9585#45.68#28.68#25.64
-100.306,47.9602#45.68#28.68#25.64
-100.244,47.9618#45.67#28.68#25.65
-100.181,47.9634#45.67#28.68#25.65
-100.119,47.965#45.66#28.69#25.65
-100.057,47.9666#45.66#28.69#25.65
-99.9942,47.9681#45.66#28.7#25.64
-99.9318,47.9696#45.65#28.79#25.56
-99.8694,47.9712#45.65#28.88#25.47
-99.8071,47.9726#45.64#28.98#25.38
-99.7447,47.9741#45.63#29.07#25.3
-99.6823,47.9756#45.63#29.17#25.2
-99.62,47.977#45.62#29.26#25.12
-99.5576,47.9784#45.62#29.35#25.03
-99.4952,47.9798#45.61#29.45#24.94
-99.4328,47.9812#45.61#29.55#24.84
-99.3705,47.9825#45.6#29.65#24.75
-99.3081,47.9839#45.59#29.74#24.67
-99.2457,47.9852#45.58#29.84#24.58
-99.1833,47.9865#45.58#29.94#24.48
-99.1209,47.9878#45.57#30.04#24.39
-99.0585,47.989#45.56#30.14#24.3
-98.9961,47.9903#45.56#30.23#24.21
-98.9338,47.9915#45.55#30.27#24.18
-98.8714,47.9927#45.55#30.31#24.14
-98.809,47.9939#45.54#30.34#24.12
-98.7466,47.995#45.54#30.38#24.08
-98.6842,47.9962#45.54#30.42#24.04
-98.6218,47.9973#45.53#30.46#24.01
-98.5594,47.9984#45.53#30.5#23.97
-98.497,47.9995#45.52#30.52#23.96
-98.4346,48.0006#45.52#30.39#24.09
-98.3722,48.0016#45.52#30.25#24.23
-98.3098,48.0027#45.51#30.11#24.38
-98.2473,48.0037#45.51#29.98#24.51
-98.1849,48.0047#45.51#29.84#24.65
-98.1225,48.0056#45.5#29.7#24.8
-98.0601,48.0066#45.5#29.57#24.93
-97.9977,48.0075#45.5#29.43#25.07
-97.9353,48.0084#45.49#29.28#25.23
-97.8729,48.0093#45.48#29.13#25.39
-97.8105,48.0102#45.48#28.97#25.55
-97.748,48.0111#45.47#28.82#25.71
-97.6856,48.0119#45.46#28.67#25.87
-97.6232,48.0127#45.46#28.52#26.02
-97.5608,48.0135#45.45#28.37#26.18
-97.4984,48.0143#45.44#28.22#26.34
-97.4359,48.015#45.43#28.16#26.41
-97.3735,48.0158#45.42#28.1#26.48
-97.3111,48.0165#45.41#28.04#26.55
-97.2487,48.0172#45.4#27.99#26.61
-97.1862,48.0179#45.39#27.93#26.68
-97.1238,48.0186#45.38#27.87#26.75
-97.0614,48.0192#45.37#27.82#26.81
-96.9989,48.0198#45.36#27.76#26.88
-96.9365,48.0204#45.35#27.74#26.91
-96.8741,48.021#45.34#27.72#26.94
-96.8116,48.0216#45.33#27.7#26.97
-96.7492,48.0221#45.31#27.68#27.01
-96.6868,48.0227#45.3#27.66#27.04
-96.6243,48.0232#45.29#27.63#27.08
-96.5619,48.0237#45.28#27.61#27.11
-96.4995,48.0241#45.26#27.59#27.15
-96.437,48.0246#45.25#27.58#27.17
-96.3746,48.025#45.23#27.58#27.19
-96.3122,48.0254#45.21#27.57#27.22
-96.2497,48.0258#45.2#27.56#27.24
-96.1873,48.0262#45.18#27.55#27.27
-96.1248,48.0266#45.16#27.55#27.29
-96.0624,48.0269#45.15#27.54#27.31
-96,48.0272#45.13#27.53#27.34
-95.9375,48.0275#45.1#27.53#27.37
-95.8751,48.0278#45.08#27.53#27.39
-95.8126,48.0281#45.05#27.52#27.43
-95.7502,48.0283#45.02#27.52#27.46
-95.6877,48.0285#45#27.52#27.48
-95.6253,48.0287#44.97#27.52#27.51
-95.5629,48.0289#44.94#27.51#27.55
-95.5004,48.0291#44.92#27.51#27.57
-95.438,48.0292#44.86#27.51#27.63
-95.3755,48.0293#44.81#27.51#27.68
-95.3131,48.0294#44.76#27.51#27.73
-95.2506,48.0295#44.7#27.51#27.79
-95.1882,48.0296#44.65#27.51#27.84
-95.1258,48.0296#44.6#27.5#27.9
-95.0633,48.0297#44.54#27.5#27.96
-95.0009,48.0297#44.49#27.5#28.01
-94.9384,48.0297#44.42#27.5#28.08
-94.876,48.0296#44.36#27.5#28.14
-94.8135,48.0296#44.3#27.5#28.2
-94.7511,48.0295#44.23#27.5#28.27
-94.6886,48.0294#44.17#27.5#28.33
-94.6262,48.0293#44.1#27.5#28.4
-94.5638,48.0292#44.04#27.5#28.46
-94.5013,48.0291#43.97#27.5#28.53
-94.4389,48.0289#43.83#27.5#28.67
-94.3764,48.0287#43.69#27.49#28.82
-94.314,48.0285#43.54#27.49#28.97
-94.2515,48.0283#43.4#27.49#29.11
-94.1891,48.0281#43.26#27.49#29.25
-94.1267,48.0278#43.11#27.49#29.4
-94.0642,48.0275#42.97#27.49#29.54
-94.0018,48.0272#42.82#27.49#29.69
-93.9393,48.0269#42.67#27.49#29.84
-93.8769,48.0266#42.52#27.49#29.99
-93.8144,48.0262#42.36#27.49#30.15
-93.752,48.0258#42.21#27.49#30.3
-93.6896,48.0254#42.05#27.49#30.46
-93.6271,48.025#41.9#27.49#30.61
-93.5647,48.0246#41.74#27.49#30.77
-93.5023,48.0242#41.59#27.48#30.93
-93.4398,48.0237#41.42#27.48#31.1
-93.3774,48.0232#41.25#27.48#31.27
-93.315,48.0227#41.08#27.48#31.44
-93.2525,48.0222#40.91#27.48#31.61
-93.1901,48.0216#40.74#27.48#31.78
-93.1277,48.021#40.57#27.48#31.95
-93.0652,48.0205#40.4#27.48#32.12
-93.0028,48.0198#40.23#27.48#32.29
-92.9404,48.0192#40.07#27.48#32.45
-92.8779,48.0186#39.91#27.48#32.61
-92.8155,48.0179#39.76#27.48#32.76
-92.7531,48.0172#39.6#27.48#32.92
-92.6906,48.0165#39.44#27.48#33.08
-92.6282,48.0158#39.28#27.48#33.24
-92.5658,48.0151#39.13#27.47#33.4
-92.5034,48.0143#38.97#27.47#33.56
-92.4409,48.0135#38.84#27.47#33.69
-92.3785,48.0127#38.72#27.47#33.81
-92.3161,48.0119#38.6#27.47#33.93
-92.2537,48.0111#38.47#27.47#34.06
-92.1913,48.0102#38.35#27.47#34.18
-92.1289,48.0093#38.23#27.47#34.3
-92.0664,48.0085#38.1#27.47#34.43
-92.004,48.0075#37.98#27.47#34.55
-91.9416,48.0066#37.85#27.47#34.68
-91.8792,48.0057#37.73#27.46#34.81
-91.8168,48.0047#37.6#27.46#34.94
-91.7544,48.0037#37.47#27.46#35.07
-91.692,48.0027#37.34#27.46#35.2
-91.6296,48.0017#37.22#27.46#35.32
-91.5672,48.0006#37.09#27.46#35.45
-91.5048,47.9995#36.96#27.46#35.58
-91.4423,47.9985#36.82#27.47#35.71
-91.3799,47.9974#36.67#27.49#35.84
-91.3175,47.9962#36.52#27.5#35.98
-91.2552,47.9951#36.37#27.52#36.11
-91.1928,47.9939#36.22#27.53#36.25
-91.1304,47.9927#36.07#27.55#36.38
-91.068,47.9915#35.91#27.56#36.53
-91.0056,47.9903#35.76#27.58#36.66
-90.9432,47.9891#35.54#27.62#36.84
-90.8808,47.9878#35.31#27.67#37.02
-90.8184,47.9865#35.08#27.72#37.2
-90.756,47.9852#34.85#27.77#37.38
-90.6936,47.9839#34.61#27.82#37.57
-90.6313,47.9826#34.38#27.87#37.75
-90.5689,47.9812#34.15#27.92#37.93
-90.5065,47.9799#33.92#27.97#38.11
-90.4441,47.9785#33.67#28.04#38.29
-90.3818,47.977#33.41#28.11#38.48
-90.3194,47.9756#33.15#28.19#38.66
-90.257,47.9742#32.89#28.26#38.85
-90.1947,47.9727#32.64#28.34#39.02
-90.1323,47.9712#32.38#28.41#39.21
-90.0699,47.9697#32.12#28.48#39.4
-90.0076,47.9682#31.87#28.56#39.57
-89.9452,47.9666#31.66#28.61#39.73
-89.8829,47.965#31.47#28.67#39.86
-89.8205,47.9635#31.27#28.72#40.01
-89.7581,47.9619#31.07#28.78#40.15
-89.6958,47.9602#30.88#28.83#40.29
-89.6335,47.9586#30.68#28.89#40.43
-89.5711,47.9569#30.48#28.94#40.58
-89.5088,47.9552#30.28#29#40.72
-89.4464,47.9535#30.12#29.02#40.86
-89.3841,47.9518#29.97#29.04#40.99
-89.3217,47.9501#29.81#29.06#41.13
-89.2594,47.9483#29.66#29.08#41.26
-89.1971,47.9465#29.5#29.1#41.4
-89.1348,47.9447#29.35#29.12#41.53
-89.0724,47.9429#29.19#29.13#41.68
-89.0101,47.9411#29.04#29.15#41.81
-88.9478,47.9392#28.92#29.15#41.93
-88.8855,47.9374#28.81#29.13#42.06
-88.8231,47.9355#28.69#29.12#42.19
-88.7608,47.9336#28.58#29.11#42.31
-88.6985,47.9316#28.47#29.1#42.43
-88.6362,47.9297#28.36#29.09#42.55
-88.5739,47.9277#28.25#29.08#42.67
-88.5116,47.9257#28.13#29.07#42.8
-88.4493,47.9237#28.05#29.01#42.94
-88.387,47.9217#27.97#28.94#43.09
-88.3247,47.9196#27.89#28.87#43.24
-88.2624,47.9176#27.81#28.8#43.39
-88.2001,47.9155#27.73#28.73#43.54
-88.1378,47.9134#27.65#28.67#43.68
-88.0756,47.9112#27.57#28.6#43.83
-88.0133,47.9091#27.49#28.53#43.98
-87.951,47.9069#27.44#28.43#44.13
-87.8887,47.9048#27.39#28.31#44.3
-87.8265,47.9026#27.35#28.2#44.45
-87.7642,47.9003#27.3#28.08#44.62
-103.299,47.9013#44.98#28.63#26.39
-103.237,47.9039#45#28.63#26.37
-103.175,47.9064#45.03#28.63#26.34
-103.113,47.9089#45.06#28.63#26.31
-103.05,47.9114#45.09#28.63#26.28
-102.988,47.9139#45.12#28.63#26.25
-102.926,47.9163#45.14#28.64#26.22
-102.864,47.9188#45.16#28.64#26.2
-102.801,47.9212#45.19#28.64#26.17
-102.739,47.9236#45.21#28.64#26.15
-102.677,47.9259#45.23#28.64#26.13
-102.615,47.9283#45.26#28.64#26.1
-102.552,47.9306#45.28#28.64#26.08
-102.49,47.9329#45.3#28.64#26.06
-102.428,47.9352#45.32#28.64#26.04
-102.365,47.9375#45.34#28.64#26.02
-102.303,47.9398#45.36#28.65#25.99
-102.241,47.942#45.37#28.65#25.98
-102.179,47.9442#45.39#28.65#25.96
-102.116,47.9464#45.41#28.65#25.94
-102.054,47.9486#45.43#28.65#25.92
-101.992,47.9508#45.44#28.65#25.91
-101.929,47.9529#45.46#28.65#25.89
-101.867,47.9551#45.47#28.65#25.88
-101.805,47.9572#45.48#28.65#25.87
-101.742,47.9593#45.49#28.66#25.85
-101.68,47.9613#45.5#28.66#25.84
-101.618,47.9634#45.52#28.66#25.82
-101.555,47.9654#45.53#28.66#25.81
-101.493,47.9674#45.54#28.66#25.8
-101.431,47.9694#45.54#28.66#25.8
-101.368,47.9714#45.55#28.66#25.79
-101.306,47.9733#45.56#28.66#25.78
-101.244,47.9753#45.56#28.66#25.78
-101.181,47.9772#45.57#28.67#25.76
-101.119,47.9791#45.57#28.67#25.76
-101.057,47.9809#45.58#28.67#25.75
-100.994,47.9828#45.59#28.67#25.74
-100.932,47.9846#45.58#28.67#25.75
-100.87,47.9865#45.58#28.67#25.75
-100.807,47.9883#45.58#28.67#25.75
-100.745,47.99#45.58#28.67#25.75
-100.683,47.9918#45.58#28.67#25.75
-100.62,47.9935#45.58#28.67#25.75
-100.558,47.9953#45.58#28.68#25.74
-100.495,47.997#45.58#28.68#25.74
-100.433,47.9986#45.57#28.68#25.75
-100.371,48.0003#45.57#28.68#25.75
-100.308,48.0019#45.56#28.68#25.76
-100.246,48.0036#45.56#28.68#25.76
-100.184,48.0052#45.56#28.68#25.76
-100.121,48.0068#45.55#28.68#25.77
-100.059,48.0083#45.55#28.68#25.77
-99.9965,48.0099#45.54#28.69#25.77
-99.9341,48.0114#45.54#28.79#25.67
-99.8717,48.0129#45.53#28.88#25.59
-99.8093,48.0144#45.53#28.97#25.5
-99.7469,48.0159#45.52#29.07#25.41
-99.6845,48.0173#45.52#29.16#25.32
-99.6221,48.0188#45.51#29.26#25.23
-99.5597,48.0202#45.51#29.35#25.14
-99.4973,48.0216#45.5#29.44#25.06
-99.4349,48.023#45.49#29.54#24.97
-99.3725,48.0243#45.49#29.64#24.87
-99.3101,48.0256#45.48#29.74#24.78
-99.2476,48.027#45.47#29.84#24.69
-99.1852,48.0283#45.47#29.94#24.59
-99.1228,48.0295#45.46#30.03#24.51
-99.0604,48.0308#45.45#30.13#24.42
-98.998,48.032#45.45#30.23#24.32
-98.9356,48.0333#45.44#30.27#24.29
-98.8731,48.0345#45.44#30.3#24.26
-98.8107,48.0356#45.43#30.34#24.23
-98.7483,48.0368#45.43#30.38#24.19
-98.6859,48.038#45.43#30.42#24.15
-98.6234,48.0391#45.42#30.46#24.12
-98.561,48.0402#45.42#30.49#24.09
-98.4986,48.0413#45.41#30.53#24.06
-98.4362,48.0423#45.41#30.39#24.2
-98.3737,48.0434#45.41#30.25#24.34
-98.3113,48.0444#45.4#30.12#24.48
-98.2488,48.0454#45.4#29.98#24.62
-98.1864,48.0464#45.4#29.84#24.76
-98.124,48.0474#45.39#29.71#24.9
-98.0615,48.0483#45.39#29.57#25.04
-97.9991,48.0493#45.39#29.43#25.18
-97.9366,48.0502#45.38#29.28#25.34
-97.8742,48.0511#45.37#29.13#25.5
-97.8118,48.052#45.36#28.98#25.66
-97.7493,48.0528#45.36#28.82#25.82
-97.6869,48.0537#45.35#28.67#25.98
-97.6244,48.0545#45.34#28.52#26.14
-97.562,48.0553#45.33#28.37#26.3
-97.4995,48.0561#45.33#28.22#26.45
-97.4371,48.0568#45.32#28.16#26.52
-97.3746,48.0576#45.31#28.1#26.59
-97.3121,48.0583#45.29#28.04#26.67
-97.2497,48.059#45.28#27.99#26.73
-97.1872,48.0597#45.27#27.93#26.8
-97.1248,48.0603#45.26#27.87#26.87
-97.0623,48.061#45.25#27.82#26.93
-96.9999,48.0616#45.24#27.76#27
-96.9374,48.0622#45.23#27.74#27.03
-96.8749,48.0628#45.21#27.72#27.07
-96.8125,48.0634#45.2#27.7#27.1
-96.75,48.0639#45.19#27.68#27.13
-96.6876,48.0644#45.18#27.65#27.17
-96.6251,48.0649#45.16#27.63#27.21
-96.5626,48.0654#45.15#27.61#27.24
-96.5002,48.0659#45.14#27.59#27.27
-96.4377,48.0664#45.12#27.58#27.3
-96.3752,48.0668#45.1#27.58#27.32
-96.3128,48.0672#45.09#27.57#27.34
-96.2503,48.0676#45.07#27.56#27.37
-96.1878,48.068#45.05#27.55#27.4
-96.1254,48.0683#45.03#27.55#27.42
-96.0629,48.0687#45.01#27.54#27.45
-96.0004,48.069#45#27.53#27.47
-95.9379,48.0693#44.97#27.53#27.5
-95.8755,48.0696#44.94#27.53#27.53
-95.813,48.0698#44.91#27.52#27.57
-95.7505,48.0701#44.89#27.52#27.59
-95.6881,48.0703#44.86#27.52#27.62
-95.6256,48.0705#44.83#27.52#27.65
-95.5631,48.0707#44.81#27.51#27.68
-95.5006,48.0708#44.78#27.51#27.71
-95.4382,48.071#44.72#27.51#27.77
-95.3757,48.0711#44.67#27.51#27.82
-95.3132,48.0712#44.61#27.51#27.88
-95.2508,48.0713#44.56#27.51#27.93
-95.1883,48.0714#44.51#27.5#27.99
-95.1258,48.0714#44.45#27.5#28.05
-95.0633,48.0714#44.4#27.5#28.1
-95.0009,48.0715#44.34#27.5#28.16
-94.9384,48.0714#44.28#27.5#28.22
-94.8759,48.0714#44.22#27.5#28.28
-94.8134,48.0714#44.16#27.5#28.34
-94.751,48.0713#44.1#27.5#28.4
-94.6885,48.0712#44.03#27.5#28.47
-94.626,48.0711#43.97#27.5#28.53
-94.5636,48.071#43.91#27.5#28.59
-94.5011,48.0708#43.85#27.49#28.66
-94.4386,48.0707#43.7#27.49#28.81
-94.3761,48.0705#43.56#27.49#28.95
-94.3137,48.0703#43.41#27.49#29.1
-94.2512,48.0701#43.26#27.49#29.25
-94.1887,48.0698#43.11#27.49#29.4
-94.1263,48.0696#42.96#27.49#29.55
-94.0638,48.0693#42.82#27.49#29.69
-94.0013,48.069#42.67#27.49#29.84
-93.9388,48.0687#42.5#27.49#30.01
-93.8764,48.0683#42.34#27.49#30.17
-93.8139,48.068#42.18#27.49#30.33
-93.7514,48.0676#42.02#27.49#30.49
-93.689,48.0672#41.85#27.49#30.66
-93.6265,48.0668#41.69#27.48#30.83
-93.564,48.0664#41.53#27.48#30.99
-93.5016,48.0659#41.37#27.48#31.15
-93.4391,48.0654#41.2#27.48#31.32
-93.3766,48.065#41.03#27.48#31.49
-93.3142,48.0644#40.87#27.48#31.65
-93.2517,48.0639#40.7#27.48#31.82
-93.1892,48.0634#40.53#27.48#31.99
-93.1268,48.0628#40.36#27.48#32.16
-93.0643,48.0622#40.2#27.48#32.32
-93.0019,48.0616#40.03#27.48#32.49
-92.9394,48.061#39.88#27.48#32.64
-92.8769,48.0603#39.73#27.48#32.79
-92.8145,48.0597#39.58#27.48#32.94
-92.752,48.059#39.42#27.47#33.11
-92.6896,48.0583#39.27#27.47#33.26
-92.6271,48.0576#39.12#27.47#33.41
-92.5647,48.0568#38.97#27.47#33.56
-92.5022,48.0561#38.82#27.47#33.71
-92.4398,48.0553#38.69#27.47#33.84
-92.3773,48.0545#38.57#27.47#33.96
-92.3149,48.0537#38.45#27.47#34.08
-92.2524,48.0528#38.32#27.47#34.21
-92.19,48.052#38.2#27.47#34.33
-92.1275,48.0511#38.08#27.47#34.45
-92.0651,48.0502#37.95#27.47#34.58
-92.0026,48.0493#37.83#27.47#34.7
-91.9402,48.0484#37.7#27.46#34.84
-91.8778,48.0474#37.58#27.46#34.96
-91.8153,48.0465#37.45#27.46#35.09
-91.7529,48.0455#37.32#27.46#35.22
-91.6904,48.0445#37.2#27.46#35.34
-91.628,48.0434#37.07#27.46#35.47
-91.5656,48.0424#36.94#27.46#35.6
-91.5031,48.0413#36.82#27.46#35.72
-91.4407,48.0402#36.68#27.47#35.85
-91.3783,48.0391#36.54#27.49#35.97
-91.3159,48.038#36.39#27.51#36.1
-91.2534,48.0368#36.25#27.53#36.22
-91.191,48.0357#36.11#27.54#36.35
-91.1286,48.0345#35.97#27.56#36.47
-91.0662,48.0333#35.83#27.58#36.59
-91.0037,48.0321#35.68#27.6#36.72
-90.9413,48.0308#35.46#27.65#36.89
-90.8789,48.0296#35.23#27.7#37.07
-90.8165,48.0283#35#27.75#37.25
-90.7541,48.027#34.77#27.81#37.42
-90.6917,48.0257#34.54#27.86#37.6
-90.6293,48.0243#34.31#27.91#37.78
-90.5668,48.023#34.08#27.96#37.96
-90.5044,48.0216#33.85#28.02#38.13
-90.442,48.0202#33.59#28.09#38.32
-90.3796,48.0188#33.34#28.17#38.49
-90.3172,48.0174#33.08#28.24#38.68
-90.2548,48.0159#32.83#28.32#38.85
-90.1924,48.0145#32.57#28.39#39.04
-90.1301,48.013#32.31#28.47#39.22
-90.0677,48.0115#32.06#28.54#39.4
-90.0053,48.0099#31.8#28.62#39.58
-89.9429,48.0084#31.6#28.67#39.73
-89.8805,48.0068#31.41#28.72#39.87
-89.8181,48.0052#31.22#28.76#40.02
-89.7557,48.0036#31.03#28.81#40.16
-89.6934,48.002#30.84#28.86#40.3
-89.631,48.0003#30.64#28.91#40.45
-89.5686,47.9987#30.45#28.97#40.58
-89.5062,47.997#30.26#29.02#40.72
-89.4439,47.9953#30.1#29.04#40.86
-89.3815,47.9936#29.95#29.06#40.99
-89.3191,47.9918#29.8#29.07#41.13
-89.2568,47.9901#29.65#29.09#41.26
-89.1944,47.9883#29.5#29.11#41.39
-89.1321,47.9865#29.35#29.13#41.52
-89.0697,47.9847#29.2#29.15#41.65
-89.0073,47.9828#29.05#29.16#41.79
-88.945,47.981#28.93#29.15#41.92
-88.8826,47.9791#28.82#29.13#42.05
-88.8203,47.9772#28.71#29.12#42.17
-88.758,47.9753#28.6#29.1#42.3
-88.6956,47.9734#28.48#29.08#42.44
-88.6333,47.9714#28.37#29.07#42.56
-88.5709,47.9695#28.26#29.05#42.69
-88.5086,47.9675#28.15#29.04#42.81
-88.4463,47.9655#28.06#28.97#42.97
-88.384,47.9634#27.98#28.9#43.12
-88.3216,47.9614#27.9#28.82#43.28
-88.2593,47.9593#27.82#28.75#43.43
-88.197,47.9572#27.74#28.67#43.59
-88.1347,47.9551#27.66#28.6#43.74
-88.0724,47.953#27.58#28.53#43.89
-88.0101,47.9509#27.5#28.46#44.04
-87.9478,47.9487#27.45#28.35#44.2
-87.8855,47.9465#27.41#28.23#44.36
-87.8232,47.9443#27.36#28.11#44.53
-87.7609,47.9421#27.31#28#44.69
-87.6986,47.9398#27.27#27.88#44.85
-87.6363,47.9376#27.22#27.77#45.01
-87.574,47.9353#27.18#27.65#45.17
-87.5117,47.933#27.13#27.54#45.33
-87.4494,47.9307#27.1#27.44#45.46
-87.3871,47.9284#27.08#27.34#45.58
-87.3249,47.926#27.06#27.25#45.69
-87.2626,47.9236#27.04#27.15#45.81
-87.2003,47.9212#27.02#27.06#45.92
-87.1381,47.9188#26.99#26.96#46.05
-87.0758,47.9164#26.97#26.86#46.17
-87.0135,47.9139#26.95#26.76#46.29
-86.9513,47.9115#26.94#26.71#46.35
-86.889,47.909#26.94#26.67#46.39
-86.8268,47.9065#26.94#26.64#46.42
-86.7645,47.9039#26.94#26.6#46.46
-86.7023,47.9014#26.94#26.56#46.5
-104.237,47.9025#44.4#28.61#26.99
-104.175,47.9054#44.42#28.61#26.97
-104.112,47.9082#44.45#28.62#26.93
-104.05,47.911#44.47#28.62#26.91
-103.988,47.9138#44.5#28.62#26.88
-103.926,47.9165#44.52#28.62#26.86
-103.863,47.9193#44.55#28.62#26.83
-103.801,47.922#44.58#28.62#26.8
-103.739,47.9247#44.61#28.62#26.77
-103.677,47.9274#44.64#28.62#26.74
-103.615,47.93#44.67#28.62#26.71
-103.552,47.9327#44.7#28.62#26.68
-103.49,47.9353#44.73#28.62#26.65
-103.428,47.9379#44.76#28.63#26.61
-103.365,47.9405#44.79#28.63#26.58
-103.303,47.9431#44.82#28.63#26.55
-103.241,47.9456#44.85#28.63#26.52
-103.179,47.9481#44.88#28.63#26.49
-103.116,47.9506#44.91#28.63#26.46
-103.054,47.9531#44.94#28.63#26.43
-102.992,47.9556#44.97#28.63#26.4
-102.93,47.9581#44.99#28.63#26.38
-102.867,47.9605#45.01#28.63#26.36
-102.805,47.9629#45.04#28.64#26.32
-102.743,47.9653#45.06#28.64#26.3
-102.68,47.9677#45.09#28.64#26.27
-102.618,47.97#45.12#28.64#26.24
-102.556,47.9724#45.14#28.64#26.22
-102.493,47.9747#45.17#28.64#26.19
-102.431,47.977#45.18#28.64#26.18
-102.369,47.9793#45.2#28.64#26.16
-102.307,47.9815#45.22#28.64#26.14
-102.244,47.9838#45.24#28.65#26.11
-102.182,47.986#45.26#28.65#26.09
-102.12,47.9882#45.28#28.65#26.07
-102.057,47.9904#45.3#28.65#26.05
-101.995,47.9925#45.32#28.65#26.03
-101.933,47.9947#45.33#28.65#26.02
-101.87,47.9968#45.34#28.65#26.01
-101.808,47.9989#45.36#28.65#25.99
-101.746,48.001#45.37#28.65#25.98
-101.683,48.0031#45.38#28.65#25.97
-101.621,48.0051#45.4#28.66#25.94
-101.558,48.0071#45.41#28.66#25.93
-101.496,48.0092#45.42#28.66#25.92
-101.434,48.0111#45.43#28.66#25.91
-101.371,48.0131#45.44#28.66#25.9
-101.309,48.0151#45.44#28.66#25.9
-101.247,48.017#45.45#28.66#25.89
-101.184,48.0189#45.46#28.66#25.88
-101.122,48.0208#45.46#28.66#25.88
-101.06,48.0227#45.47#28.67#25.86
-100.997,48.0245#45.47#28.67#25.86
-100.935,48.0264#45.47#28.67#25.86
-100.872,48.0282#45.47#28.67#25.86
-100.81,48.03#45.47#28.67#25.86
-100.748,48.0318#45.47#28.67#25.86
-100.685,48.0335#45.47#28.67#25.86
-100.623,48.0353#45.47#28.67#25.86
-100.56,48.037#45.47#28.67#25.86
-100.498,48.0387#45.46#28.68#25.86
-100.436,48.0404#45.46#28.68#25.86
-100.373,48.042#45.46#28.68#25.86
-100.311,48.0437#45.45#28.68#25.87
-100.248,48.0453#45.45#28.68#25.87
-100.186,48.0469#45.44#28.68#25.88
-100.124,48.0485#45.44#28.68#25.88
-100.061,48.0501#45.44#28.68#25.88
-99.9988,48.0516#45.43#28.69#25.88
-99.9363,48.0532#45.43#28.78#25.79
-99.8739,48.0547#45.42#28.87#25.71
-99.8115,48.0562#45.42#28.97#25.61
-99.7491,48.0576#45.41#29.06#25.53
-99.6866,48.0591#45.4#29.16#25.44
-99.6242,48.0605#45.4#29.25#25.35
-99.5618,48.0619#45.39#29.35#25.26
-99.4994,48.0633#45.39#29.44#25.17
-99.4369,48.0647#45.38#29.54#25.08
-99.3745,48.0661#45.38#29.64#24.98
-99.312,48.0674#45.37#29.73#24.9
-99.2496,48.0687#45.36#29.83#24.81
-99.1872,48.07#45.36#29.93#24.71
-99.1247,48.0713#45.35#30.03#24.62
-99.0623,48.0725#45.34#30.13#24.53
-98.9998,48.0738#45.34#30.23#24.43
-98.9374,48.075#45.33#30.26#24.41
-98.8749,48.0762#45.33#30.3#24.37
-98.8125,48.0774#45.32#30.34#24.34
-98.75,48.0786#45.32#30.38#24.3
-98.6876,48.0797#45.32#30.42#24.26
-98.6251,48.0808#45.31#30.45#24.24
-98.5627,48.0819#45.31#30.49#24.2
-98.5002,48.083#45.3#30.53#24.17
-98.4377,48.0841#45.3#30.39#24.31
-98.3753,48.0851#45.3#30.26#24.44
-98.3128,48.0862#45.29#30.12#24.59
-98.2503,48.0872#45.29#29.98#24.73
-98.1879,48.0882#45.29#29.85#24.86
-98.1254,48.0891#45.28#29.71#25.01
-98.0629,48.0901#45.28#29.57#25.15
-98.0005,48.091#45.27#29.44#25.29
-97.938,48.0919#45.27#29.28#25.45
-97.8755,48.0928#45.26#29.13#25.61
-97.813,48.0937#45.25#28.98#25.77
-97.7506,48.0946#45.24#28.83#25.93
-97.6881,48.0954#45.23#28.67#26.1
-97.6256,48.0962#45.23#28.52#26.25
-97.5631,48.097#45.22#28.37#26.41
-97.5007,48.0978#45.21#28.22#26.57
-97.4382,48.0986#45.2#28.16#26.64
-97.3757,48.0993#45.19#28.1#26.71
-97.3132,48.1#45.18#28.04#26.78
-97.2507,48.1007#45.17#27.99#26.84
-97.1882,48.1014#45.15#27.93#26.92
-97.1258,48.1021#45.14#27.87#26.99
-97.0633,48.1027#45.13#27.82#27.05
-97.0008,48.1033#45.12#27.76#27.12
-96.9383,48.104#45.11#27.74#27.15
-96.8758,48.1045#45.09#27.72#27.19
-96.8133,48.1051#45.08#27.7#27.22
-96.7508,48.1057#45.07#27.68#27.25
-96.6883,48.1062#45.05#27.65#27.3
-96.6258,48.1067#45.04#27.63#27.33
-96.5633,48.1072#45.03#27.61#27.36
-96.5009,48.1077#45.01#27.59#27.4
-96.4384,48.1081#44.99#27.58#27.43
-96.3759,48.1085#44.98#27.58#27.44
-96.3134,48.109#44.96#27.57#27.47
-96.2509,48.1094#44.94#27.56#27.5
-96.1884,48.1097#44.92#27.55#27.53
-96.1259,48.1101#44.9#27.55#27.55
-96.0634,48.1104#44.88#27.54#27.58
-96.0009,48.1107#44.87#27.53#27.6
-95.9384,48.111#44.84#27.53#27.63
-95.8759,48.1113#44.81#27.53#27.66
-95.8134,48.1116#44.78#27.52#27.7
-95.7509,48.1118#44.75#27.52#27.73
-95.6884,48.112#44.72#27.52#27.76
-95.6259,48.1122#44.7#27.51#27.79
-95.5634,48.1124#44.67#27.51#27.82
-95.5009,48.1126#44.64#27.51#27.85
-95.4384,48.1127#44.59#27.51#27.9
-95.3759,48.1129#44.53#27.51#27.96
-95.3134,48.113#44.47#27.51#28.02
-95.2509,48.1131#44.42#27.5#28.08
-95.1884,48.1131#44.36#27.5#28.14
-95.1259,48.1132#44.31#27.5#28.19
-95.0634,48.1132#44.25#27.5#28.25
-95.0009,48.1132#44.19#27.5#28.31
-94.9384,48.1132#44.14#27.5#28.36
-94.8759,48.1132#44.08#27.5#28.42
-94.8134,48.1131#44.02#27.5#28.48
-94.7509,48.1131#43.96#27.5#28.54
-94.6884,48.113#43.9#27.49#28.61
-94.6259,48.1129#43.84#27.49#28.67
-94.5634,48.1127#43.79#27.49#28.72
-94.5009,48.1126#43.73#27.49#28.78
-94.4383,48.1124#43.58#27.49#28.93
-94.3758,48.1122#43.42#27.49#29.09
-94.3133,48.112#43.27#27.49#29.24
-94.2508,48.1118#43.12#27.49#29.39
-94.1883,48.1116#42.97#27.49#29.54
-94.1258,48.1113#42.81#27.49#29.7
-94.0633,48.111#42.66#27.49#29.85
-94.0009,48.1107#42.51#27.49#30
-93.9384,48.1104#42.34#27.49#30.17
-93.8759,48.1101#42.17#27.49#30.34
-93.8134,48.1097#42#27.48#30.52
-93.7509,48.1094#41.82#27.48#30.7
-93.6884,48.109#41.65#27.48#30.87
-93.6259,48.1086#41.48#27.48#31.04
-93.5634,48.1081#41.31#27.48#31.21
-93.5009,48.1077#41.14#27.48#31.38
-93.4384,48.1072#40.98#27.48#31.54
-93.3759,48.1067#40.81#27.48#31.71
-93.3134,48.1062#40.65#27.48#31.87
-93.2509,48.1057#40.49#27.48#32.03
-93.1884,48.1051#40.32#27.48#32.2
-93.1259,48.1046#40.16#27.48#32.36
-93.0634,48.104#40#27.48#32.52
-93.0009,48.1034#39.83#27.48#32.69
-92.9385,48.1027#39.69#27.47#32.84
-92.876,48.1021#39.54#27.47#32.99
-92.8135,48.1014#39.4#27.47#33.13
-92.751,48.1007#39.25#27.47#33.28
-92.6885,48.1#39.1#27.47#33.43
-92.626,48.0993#38.96#27.47#33.57
-92.5635,48.0986#38.81#27.47#33.72
-92.5011,48.0978#38.67#27.47#33.86
-92.4386,48.097#38.54#27.47#33.99
-92.3761,48.0962#38.42#27.47#34.11
-92.3136,48.0954#38.29#27.47#34.24
-92.2512,48.0946#38.17#27.47#34.36
-92.1887,48.0937#38.05#27.47#34.48
-92.1262,48.0929#37.92#27.46#34.62
-92.0637,48.092#37.8#27.46#34.74
-92.0013,48.0911#37.68#27.46#34.86
-91.9388,48.0901#37.55#27.46#34.99
-91.8763,48.0892#37.42#27.46#35.12
-91.8138,48.0882#37.3#27.46#35.24
-91.7514,48.0872#37.17#27.46#35.37
-91.6889,48.0862#37.05#27.46#35.49
-91.6265,48.0852#36.92#27.46#35.62
-91.564,48.0841#36.79#27.45#35.76
-91.5015,48.0831#36.67#27.45#35.88
-91.4391,48.082#36.54#27.47#35.99
-91.3766,48.0809#36.4#27.49#36.11
-91.3142,48.0797#36.27#27.52#36.21
-91.2517,48.0786#36.14#27.54#36.32
-91.1892,48.0774#36.01#27.56#36.43
-91.1268,48.0762#35.87#27.58#36.55
-91.0643,48.075#35.74#27.6#36.66
-91.0019,48.0738#35.6#27.62#36.78
-90.9394,48.0726#35.38#27.67#36.95
-90.877,48.0713#35.15#27.73#37.12
-90.8146,48.07#34.92#27.79#37.29
-90.7521,48.0687#34.69#27.84#37.47
-90.6897,48.0674#34.46#27.9#37.64
-90.6272,48.0661#34.24#27.95#37.81
-90.5648,48.0647#34.01#28.01#37.98
-90.5024,48.0634#33.78#28.06#38.16
-90.4399,48.062#33.52#28.14#38.34
-90.3775,48.0606#33.27#28.22#38.51
-90.3151,48.0591#33.01#28.29#38.7
-90.2527,48.0577#32.76#28.37#38.87
-90.1902,48.0562#32.5#28.45#39.05
-90.1278,48.0547#32.25#28.52#39.23
-90.0654,48.0532#31.99#28.6#39.41
-90.003,48.0517#31.74#28.67#39.59
-89.9406,48.0501#31.55#28.72#39.73
-89.8781,48.0486#31.36#28.76#39.88
-89.8157,48.047#31.18#28.81#40.01
-89.7533,48.0454#30.99#28.85#40.16
-89.6909,48.0437#30.8#28.9#40.3
-89.6285,48.0421#30.61#28.94#40.45
-89.5661,48.0404#30.42#28.99#40.59
-89.5037,48.0387#30.24#29.04#40.72
-89.4413,48.037#30.09#29.06#40.85
-89.3789,48.0353#29.94#29.07#40.99
-89.3165,48.0336#29.79#29.09#41.12
-89.2541,48.0318#29.65#29.11#41.24
-89.1917,48.03#29.5#29.12#41.38
-89.1293,48.0282#29.35#29.14#41.51
-89.067,48.0264#29.2#29.16#41.64
-89.0046,48.0246#29.06#29.17#41.77
-88.9422,48.0227#28.94#29.16#41.9
-88.8798,48.0209#28.83#29.13#42.04
-88.8175,48.019#28.72#29.11#42.17
-88.7551,48.0171#28.61#29.09#42.3
-88.6927,48.0151#28.5#29.07#42.43
-88.6304,48.0132#28.39#29.05#42.56
-88.568,48.0112#28.28#29.03#42.69
-88.5056,48.0092#28.17#29.01#42.82
-88.4433,48.0072#28.08#28.93#42.99
-88.3809,48.0052#28#28.85#43.15
-88.3186,48.0031#27.92#28.77#43.31
-88.2562,48.0011#27.84#28.69#43.47
-88.1939,47.999#27.76#28.61#43.63
-88.1315,47.9969#27.68#28.53#43.79
-88.0692,47.9947#27.6#28.46#43.94
-88.0069,47.9926#27.52#28.38#44.1
-87.9445,47.9904#27.47#28.27#44.26
-87.8822,47.9882#27.42#28.15#44.43
-87.8199,47.986#27.37#28.03#44.6
-87.7575,47.9838#27.32#27.91#44.77
-87.6952,47.9816#27.28#27.79#44.93
-87.6329,47.9793#27.23#27.68#45.09
-87.5706,47.977#27.18#27.56#45.26
-87.5083,47.9747#27.14#27.44#45.42
-87.446,47.9724#27.11#27.35#45.54
-87.3836,47.9701#27.09#27.26#45.65
-87.3213,47.9677#27.07#27.18#45.75
-87.259,47.9654#27.05#27.09#45.86
-87.1967,47.963#27.03#27#45.97
-87.1345,47.9606#27.01#26.91#46.08
-87.0722,47.9581#26.99#26.82#46.19
-87.0099,47.9557#26.97#26.73#46.3
-86.9476,47.9532#26.96#26.68#46.36
-86.8853,47.9507#26.96#26.64#46.4
-86.823,47.9482#26.96#26.61#46.43
-86.7608,47.9457#26.96#26.57#46.47
-86.6985,47.9431#26.96#26.53#46.51
-86.6362,47.9406#26.95#26.49#46.56
-86.574,47.938#26.95#26.46#46.59
-86.5117,47.9354#26.95#26.42#46.63
-86.4494,47.9327#26.95#26.4#46.65
-86.3872,47.9301#26.96#26.37#46.67
-86.3249,47.9274#26.96#26.35#46.69
-86.2627,47.9248#26.97#26.33#46.7
