-97.5782,41.9003#46.93#28.54#24.53
-97.5196,41.9011#46.93#28.4#24.67
-97.4611,41.9019#46.93#28.31#24.76
-97.4025,41.9027#46.93#28.26#24.81
-97.3439,41.9035#46.93#28.2#24.87
-97.2854,41.9042#46.93#28.15#24.92
-97.2268,41.9049#46.93#28.1#24.97
-97.1682,41.9056#46.93#28.04#25.03
-97.1097,41.9063#46.93#27.99#25.08
-97.0511,41.907#46.93#27.93#25.14
-96.9925,41.9076#46.93#27.88#25.19
-96.934,41.9083#46.93#27.86#25.21
-96.8754,41.9089#46.93#27.84#25.23
-96.8168,41.9095#46.93#27.82#25.25
-96.7582,41.91#46.93#27.8#25.27
-96.6997,41.9106#46.93#27.78#25.29
-96.6411,41.9111#46.93#27.76#25.31
-96.5825,41.9117#46.93#27.74#25.33
-96.5239,41.9122#46.93#27.72#25.35
-96.4654,41.9126#46.93#27.71#25.36
-96.4068,41.9131#46.93#27.71#25.36
-96.3482,41.9135#46.93#27.7#25.37
-96.2896,41.914#46.93#27.69#25.38
-96.231,41.9144#46.93#27.69#25.38
-96.1725,41.9148#46.93#27.68#25.39
-96.1139,41.9151#46.93#27.67#25.4
-96.0553,41.9155#46.93#27.66#25.41
-95.9967,41.9158#46.93#27.66#25.41
-95.9381,41.9161#46.93#27.66#25.41
-95.8796,41.9164#46.93#27.65#25.42
-95.821,41.9167#46.93#27.65#25.42
-95.7624,41.9169#46.93#27.65#25.42
-95.7038,41.9172#46.93#27.65#25.42
-95.6452,41.9174#46.93#27.65#25.42
-95.5866,41.9176#46.93#27.64#25.43
-95.5281,41.9178#46.93#27.64#25.43
-95.4695,41.9179#46.93#27.64#25.43
-95.4109,41.9181#46.93#27.64#25.43
-95.3523,41.9182#46.93#27.64#25.43
-95.2937,41.9183#46.93#27.64#25.43
-95.2351,41.9184#46.93#27.64#25.43
-95.1766,41.9184#46.93#27.64#25.43
-95.118,41.9185#46.93#27.64#25.43
-95.0594,41.9185#46.93#27.64#25.43
-95.0008,41.9185#46.93#27.64#25.43
-94.9422,41.9185#46.93#27.64#25.43
-94.8836,41.9185#46.93#27.64#25.43
-94.8251,41.9184#46.93#27.64#25.43
-94.7665,41.9184#46.93#27.64#25.43
-94.7079,41.9183#46.93#27.64#25.43
-94.6493,41.9182#46.93#27.64#25.43
-94.5907,41.9181#46.93#27.64#25.43
-94.5321,41.9179#46.93#27.64#25.43
-94.4736,41.9178#46.93#27.64#25.43
-94.415,41.9176#46.93#27.64#25.43
-94.3564,41.9174#46.93#27.65#25.42
-94.2978,41.9172#46.93#27.65#25.42
-94.2392,41.9169#46.93#27.65#25.42
-94.1806,41.9167#46.93#27.65#25.42
-94.1221,41.9164#46.93#27.65#25.42
-94.0635,41.9161#46.93#27.65#25.42
-94.0049,41.9158#46.93#27.65#25.42
-93.9463,41.9155#46.93#27.65#25.42
-93.8877,41.9151#46.93#27.65#25.42
-93.8292,41.9148#46.93#27.65#25.42
-93.7706,41.9144#46.93#27.65#25.42
-93.712,41.914#46.93#27.66#25.41
-93.6534,41.9136#46.93#27.66#25.41
-93.5948,41.9131#46.93#27.66#25.41
-93.5363,41.9127#46.93#27.66#25.41
-93.4777,41.9122#46.92#27.66#25.42
-93.4191,41.9117#46.89#27.66#25.45
-93.3605,41.9112#46.86#27.66#25.48
-93.302,41.9106#46.83#27.66#25.51
-93.2434,41.9101#46.81#27.66#25.53
-93.1848,41.9095#46.78#27.66#25.56
-93.1262,41.9089#46.75#27.66#25.59
-93.0677,41.9083#46.72#27.67#25.61
-93.0091,41.9077#46.7#27.67#25.63
-92.9505,41.907#46.61#27.67#25.72
-92.8919,41.9063#46.5#27.67#25.83
-92.8334,41.9056#46.4#27.67#25.93
-92.7748,41.9049#46.3#27.67#26.03
-92.7162,41.9042#46.2#27.67#26.13
-92.6577,41.9035#46.1#27.67#26.23
-92.5991,41.9027#46#27.67#26.33
-92.5405,41.9019#45.9#27.67#26.43
-92.482,41.9011#45.77#27.68#26.55
-92.4234,41.9003#45.6#27.68#26.72
-99.7463,41.9003#46.93#29.3#23.77
-99.6877,41.9018#46.93#29.38#23.69
-99.6292,41.9033#46.93#29.47#23.6
-99.5706,41.9048#46.93#29.55#23.52
-99.5121,41.9063#46.93#29.63#23.44
-99.4535,41.9077#46.93#29.72#23.35
-99.395,41.9091#46.93#29.81#23.26
-99.3364,41.9105#46.93#29.89#23.18
-99.2779,41.9119#46.93#29.98#23.09
-99.2193,41.9133#46.93#30.07#23
-99.1608,41.9146#46.93#30.16#22.91
-99.1022,41.916#46.93#30.24#22.83
-99.0437,41.9173#46.93#30.33#22.74
-98.9851,41.9186#46.93#30.4#22.67
-98.9266,41.9198#46.93#30.44#22.63
-98.868,41.9211#46.93#30.47#22.6
-98.8094,41.9223#46.93#30.51#22.56
-98.7509,41.9235#46.93#30.54#22.53
-98.6923,41.9247#46.93#30.57#22.5
-98.6337,41.9259#46.93#30.61#22.46
-98.5752,41.9271#46.93#30.64#22.43
-98.5166,41.9282#46.93#30.67#22.4
-98.458,41.9293#46.93#30.59#22.48
-98.3995,41.9304#46.93#30.46#22.61
-98.3409,41.9315#46.93#30.33#22.74
-98.2823,41.9326#46.93#30.2#22.87
-98.2237,41.9336#46.93#30.07#23
-98.1652,41.9347#46.93#29.94#23.13
-98.1066,41.9357#46.93#29.81#23.26
-98.048,41.9367#46.93#29.68#23.39
-97.9894,41.9376#46.93#29.55#23.52
-97.9308,41.9386#46.93#29.41#23.66
-97.8723,41.9395#46.93#29.26#23.81
-97.8137,41.9404#46.93#29.12#23.95
-97.7551,41.9413#46.93#28.97#24.1
-97.6965,41.9422#46.93#28.83#24.24
-97.6379,41.943#46.93#28.69#24.38
-97.5793,41.9439#46.93#28.54#24.53
-97.5207,41.9447#46.93#28.4#24.67
-97.4621,41.9455#46.93#28.31#24.76
-97.4036,41.9463#46.93#28.26#24.81
-97.345,41.9471#46.93#28.2#24.87
-97.2864,41.9478#46.93#28.15#24.92
-97.2278,41.9485#46.93#28.1#24.97
-97.1692,41.9492#46.93#28.04#25.03
-97.1106,41.9499#46.93#27.99#25.08
-97.052,41.9506#46.93#27.93#25.14
-96.9934,41.9512#46.93#27.88#25.19
-96.9348,41.9519#46.93#27.86#25.21
-96.8762,41.9525#46.93#27.84#25.23
-96.8176,41.9531#46.93#27.82#25.25
-96.759,41.9537#46.93#27.8#25.27
-96.7004,41.9542#46.93#27.78#25.29
-96.6418,41.9547#46.93#27.76#25.31
-96.5832,41.9553#46.93#27.74#25.33
-96.5246,41.9558#46.93#27.72#25.35
-96.466,41.9562#46.93#27.71#25.36
-96.4074,41.9567#46.93#27.71#25.36
-96.3488,41.9571#46.93#27.7#25.37
-96.2902,41.9576#46.93#27.69#25.38
-96.2316,41.958#46.93#27.68#25.39
-96.173,41.9584#46.93#27.68#25.39
-96.1144,41.9587#46.93#27.67#25.4
-96.0558,41.9591#46.93#27.66#25.41
-95.9972,41.9594#46.93#27.66#25.41
-95.9385,41.9597#46.93#27.65#25.42
-95.8799,41.96#46.93#27.65#25.42
-95.8213,41.9603#46.93#27.65#25.42
-95.7627,41.9605#46.93#27.65#25.42
-95.7041,41.9608#46.93#27.65#25.42
-95.6455,41.961#46.93#27.64#25.43
-95.5869,41.9612#46.93#27.64#25.43
-95.5283,41.9614#46.93#27.64#25.43
-95.4697,41.9615#46.93#27.64#25.43
-95.4111,41.9617#46.93#27.64#25.43
-95.3525,41.9618#46.93#27.64#25.43
-95.2939,41.9619#46.93#27.64#25.43
-95.2352,41.962#46.93#27.64#25.43
-95.1766,41.9621#46.93#27.64#25.43
-95.118,41.9621#46.93#27.64#25.43
-95.0594,41.9621#46.93#27.64#25.43
-95.0008,41.9621#46.93#27.64#25.43
-94.9422,41.9621#46.93#27.64#25.43
-94.8836,41.9621#46.93#27.64#25.43
-94.825,41.9621#46.93#27.64#25.43
-94.7664,41.962#46.93#27.64#25.43
-94.7078,41.9619#46.93#27.64#25.43
-94.6492,41.9618#46.93#27.64#25.43
-94.5905,41.9617#46.93#27.64#25.43
-94.5319,41.9615#46.93#27.64#25.43
-94.4733,41.9614#46.93#27.64#25.43
-94.4147,41.9612#46.93#27.64#25.43
-94.3561,41.961#46.93#27.64#25.43
-94.2975,41.9608#46.93#27.65#25.42
-94.2389,41.9605#46.93#27.65#25.42
-94.1803,41.9603#46.93#27.65#25.42
-94.1217,41.96#46.93#27.65#25.42
-94.0631,41.9597#46.93#27.65#25.42
-94.0045,41.9594#46.93#27.65#25.42
-93.9459,41.9591#46.93#27.65#25.42
-93.8873,41.9587#46.93#27.65#25.42
-93.8286,41.9584#46.93#27.65#25.42
-93.77,41.958#46.93#27.65#25.42
-93.7114,41.9576#46.93#27.65#25.42
-93.6528,41.9572#46.93#27.66#25.41
-93.5942,41.9567#46.93#27.66#25.41
-93.5356,41.9563#46.93#27.66#25.41
-93.477,41.9558#46.92#27.66#25.42
-93.4184,41.9553#46.89#27.66#25.45
-93.3598,41.9548#46.86#27.66#25.48
-93.3012,41.9542#46.83#27.66#25.51
-93.2426,41.9537#46.8#27.66#25.54
-93.184,41.9531#46.77#27.66#25.57
-93.1254,41.9525#46.75#27.66#25.59
-93.0668,41.9519#46.72#27.66#25.62
-93.0082,41.9513#46.69#27.67#25.64
-92.9496,41.9506#46.6#27.67#25.73
-92.891,41.9499#46.49#27.67#25.84
-92.8324,41.9492#46.39#27.67#25.94
-92.7738,41.9485#46.29#27.67#26.04
-92.7153,41.9478#46.19#27.67#26.14
-92.6567,41.9471#46.08#27.67#26.25
-92.5981,41.9463#45.98#27.67#26.35
-92.5395,41.9455#45.88#27.67#26.45
-92.4809,41.9447#45.75#27.68#26.57
-92.4223,41.9439#45.57#27.68#26.75
-92.3637,41.9431#45.4#27.68#26.92
-92.3051,41.9422#45.22#27.68#27.1
-92.2465,41.9413#45.04#27.68#27.28
-92.188,41.9404#44.86#27.68#27.46
-92.1294,41.9395#44.69#27.68#27.63
-92.0708,41.9386#44.51#27.68#27.81
-92.0122,41.9376#44.33#27.68#27.99
-91.9536,41.9367#44.13#27.68#28.19
-91.895,41.9357#43.91#27.69#28.4
-91.8365,41.9347#43.7#27.69#28.61
-91.7779,41.9337#43.49#27.69#28.82
-91.7193,41.9326#43.28#27.69#29.03
-91.6607,41.9315#43.07#27.69#29.24
-91.6022,41.9305#42.85#27.69#29.46
-91.5436,41.9294#42.64#27.69#29.67
-91.485,41.9282#42.41#27.69#29.9
-91.4264,41.9271#42.14#27.69#30.17
-91.3679,41.9259#41.86#27.69#30.45
-91.3093,41.9248#41.58#27.7#30.72
-91.2507,41.9236#41.31#27.7#30.99
-91.1922,41.9224#41.03#27.7#31.27
-91.1336,41.9211#40.75#27.7#31.55
-91.0751,41.9199#40.47#27.7#31.83
-91.0165,41.9186#40.2#27.7#32.1
-90.9579,41.9173#39.97#27.7#32.33
-90.8994,41.916#39.75#27.7#32.55
-90.8408,41.9147#39.54#27.7#32.76
-90.7823,41.9133#39.32#27.71#32.97
-90.7237,41.912#39.11#27.71#33.18
-90.6652,41.9106#38.9#27.71#33.39
-90.6066,41.9092#38.68#27.71#33.61
-90.5481,41.9078#38.47#27.71#33.82
-90.4895,41.9063#38.26#27.71#34.03
-90.431,41.9048#38.05#27.71#34.24
-90.3724,41.9034#37.85#27.71#34.44
-90.3139,41.9019#37.65#27.71#34.64
-90.2554,41.9004#37.44#27.71#34.85
-101.153,41.9018#46.93#28.88#24.19
-101.095,41.9038#46.93#28.89#24.18
-101.036,41.9058#46.93#28.89#24.18
-100.978,41.9077#46.93#28.9#24.17
-100.919,41.9096#46.93#28.9#24.17
-100.861,41.9115#46.93#28.9#24.17
-100.802,41.9134#46.93#28.9#24.17
-100.744,41.9152#46.93#28.91#24.16
-100.685,41.9171#46.93#28.91#24.16
-100.627,41.9189#46.93#28.91#24.16
-100.568,41.9207#46.93#28.92#24.15
-100.509,41.9225#46.93#28.92#24.15
-100.451,41.9242#46.93#28.92#24.15
-100.392,41.926#46.93#28.92#24.15
-100.334,41.9277#46.93#28.92#24.15
-100.275,41.9294#46.93#28.93#24.14
-100.217,41.9311#46.93#28.93#24.14
-100.158,41.9328#46.93#28.93#24.14
-100.1,41.9344#46.93#28.93#24.14
-100.041,41.936#46.93#28.93#24.14
-99.9825,41.9376#46.93#28.96#24.11
-99.924,41.9392#46.93#29.04#24.03
-99.8654,41.9408#46.93#29.13#23.94
-99.8069,41.9424#46.93#29.21#23.86
-99.7483,41.9439#46.93#29.29#23.78
-99.6897,41.9454#46.93#29.38#23.69
-99.6312,41.9469#46.93#29.46#23.61
-99.5726,41.9484#46.93#29.55#23.52
-99.514,41.9499#46.93#29.63#23.44
-99.4555,41.9513#46.93#29.72#23.35
-99.3969,41.9527#46.93#29.8#23.27
-99.3383,41.9541#46.93#29.89#23.18
-99.2797,41.9555#46.93#29.98#23.09
-99.2212,41.9569#46.93#30.06#23.01
-99.1626,41.9582#46.93#30.15#22.92
-99.104,41.9595#46.93#30.24#22.83
-99.0454,41.9609#46.93#30.33#22.74
-98.9868,41.9621#46.93#30.4#22.67
-98.9283,41.9634#46.93#30.44#22.63
-98.8697,41.9647#46.93#30.47#22.6
-98.8111,41.9659#46.93#30.5#22.57
-98.7525,41.9671#46.93#30.54#22.53
-98.6939,41.9683#46.93#30.57#22.5
-98.6353,41.9695#46.93#30.61#22.46
-98.5767,41.9707#46.93#30.64#22.43
-98.5181,41.9718#46.93#30.67#22.4
-98.4595,41.9729#46.93#30.59#22.48
-98.4009,41.974#46.93#30.46#22.61
-98.3423,41.9751#46.93#30.33#22.74
-98.2837,41.9762#46.93#30.2#22.87
-98.2251,41.9772#46.93#30.07#23
-98.1665,41.9782#46.93#29.94#23.13
-98.1079,41.9792#46.93#29.81#23.26
-98.0493,41.9802#46.93#29.69#23.38
-97.9907,41.9812#46.93#29.55#23.52
-97.9321,41.9822#46.93#29.41#23.66
-97.8735,41.9831#46.93#29.26#23.81
-97.8149,41.984#46.93#29.12#23.95
-97.7563,41.9849#46.93#28.98#24.09
-97.6977,41.9858#46.93#28.83#24.24
-97.6391,41.9866#46.93#28.69#24.38
-97.5804,41.9875#46.93#28.54#24.53
-97.5218,41.9883#46.93#28.4#24.67
-97.4632,41.9891#46.93#28.31#24.76
-97.4046,41.9899#46.93#28.26#24.81
-97.346,41.9906#46.93#28.2#24.87
-97.2874,41.9914#46.93#28.15#24.92
-97.2287,41.9921#46.93#28.1#24.97
-97.1701,41.9928#46.93#28.04#25.03
-97.1115,41.9935#46.93#27.99#25.08
-97.0529,41.9942#46.93#27.93#25.14
-96.9943,41.9948#46.93#27.88#25.19
-96.9356,41.9955#46.93#27.86#25.21
-96.877,41.9961#46.93#27.84#25.23
-96.8184,41.9967#46.93#27.82#25.25
-96.7598,41.9972#46.93#27.8#25.27
-96.7011,41.9978#46.93#27.78#25.29
-96.6425,41.9983#46.93#27.76#25.31
-96.5839,41.9989#46.93#27.74#25.33
-96.5253,41.9994#46.93#27.72#25.35
-96.4666,41.9998#46.93#27.71#25.36
-96.408,42.0003#46.93#27.7#25.37
-96.3494,42.0007#46.93#27.7#25.37
-96.2907,42.0012#46.93#27.69#25.38
-96.2321,42.0016#46.93#27.68#25.39
-96.1735,42.002#46.93#27.68#25.39
-96.1149,42.0023#46.93#27.67#25.4
-96.0562,42.0027#46.93#27.66#25.41
-95.9976,42.003#46.93#27.66#25.41
-95.939,42.0033#46.93#27.65#25.42
-95.8803,42.0036#46.93#27.65#25.42
-95.8217,42.0039#46.93#27.65#25.42
-95.7631,42.0041#46.93#27.65#25.42
-95.7044,42.0044#46.93#27.65#25.42
-95.6458,42.0046#46.93#27.64#25.43
-95.5872,42.0048#46.93#27.64#25.43
-95.5285,42.005#46.93#27.64#25.43
-95.4699,42.0051#46.93#27.64#25.43
-95.4113,42.0053#46.93#27.64#25.43
-95.3526,42.0054#46.93#27.64#25.43
-95.294,42.0055#46.93#27.64#25.43
-95.2354,42.0056#46.93#27.64#25.43
-95.1767,42.0056#46.93#27.64#25.43
-95.1181,42.0057#46.93#27.64#25.43
-95.0594,42.0057#46.93#27.64#25.43
-95.0008,42.0057#46.93#27.64#25.43
-94.9422,42.0057#46.93#27.64#25.43
-94.8835,42.0057#46.93#27.64#25.43
-94.8249,42.0056#46.93#27.64#25.43
-94.7663,42.0056#46.93#27.64#25.43
-94.7076,42.0055#46.93#27.64#25.43
-94.649,42.0054#46.93#27.64#25.43
-94.5904,42.0053#46.93#27.64#25.43
-94.5317,42.0051#46.93#27.64#25.43
-94.4731,42.005#46.93#27.64#25.43
-94.4145,42.0048#46.93#27.64#25.43
-94.3558,42.0046#46.93#27.64#25.43
-94.2972,42.0044#46.93#27.64#25.43
-94.2386,42.0041#46.93#27.65#25.42
-94.1799,42.0039#46.93#27.65#25.42
-94.1213,42.0036#46.93#27.65#25.42
-94.0627,42.0033#46.93#27.65#25.42
-94.004,42.003#46.93#27.65#25.42
-93.9454,42.0027#46.93#27.65#25.42
-93.8868,42.0023#46.93#27.65#25.42
-93.8281,42.002#46.93#27.65#25.42
-93.7695,42.0016#46.93#27.65#25.42
-93.7109,42.0012#46.93#27.65#25.42
-93.6522,42.0007#46.93#27.65#25.42
-93.5936,42.0003#46.93#27.66#25.41
-93.535,41.9998#46.93#27.66#25.41
-93.4764,41.9994#46.92#27.66#25.42
-93.4177,41.9989#46.89#27.66#25.45
-93.3591,41.9983#46.86#27.66#25.48
-93.3005,41.9978#46.83#27.66#25.51
-93.2419,41.9973#46.8#27.66#25.54
-93.1832,41.9967#46.77#27.66#25.57
-93.1246,41.9961#46.74#27.66#25.6
-93.066,41.9955#46.71#27.66#25.63
-93.0074,41.9948#46.68#27.67#25.65
-92.9487,41.9942#46.59#27.67#25.74
-92.8901,41.9935#46.48#27.67#25.85
-92.8315,41.9928#46.38#27.67#25.95
-92.7729,41.9921#46.28#27.67#26.05
-92.7143,41.9914#46.17#27.67#26.16
-92.6556,41.9907#46.07#27.67#26.26
-92.597,41.9899#45.96#27.67#26.37
-92.5384,41.9891#45.86#27.67#26.47
-92.4798,41.9883#45.73#27.67#26.6
-92.4212,41.9875#45.55#27.68#26.77
-92.3626,41.9867#45.37#27.68#26.95
-92.304,41.9858#45.19#27.68#27.13
-92.2453,41.9849#45.01#27.68#27.31
-92.1867,41.984#44.84#27.68#27.48
-92.1281,41.9831#44.66#27.68#27.66
-92.0695,41.9822#44.48#27.68#27.84
-92.0109,41.9812#44.3#27.68#28.02
-91.9523,41.9803#44.09#27.68#28.23
-91.8937,41.9793#43.88#27.68#28.44
-91.8351,41.9783#43.67#27.69#28.64
-91.7765,41.9772#43.45#27.69#28.86
-91.7179,41.9762#43.24#27.69#29.07
-91.6593,41.9751#43.03#27.69#29.28
-91.6007,41.974#42.81#27.69#29.5
-91.5421,41.9729#42.6#27.69#29.71
-91.4835,41.9718#42.37#27.69#29.94
-91.4249,41.9707#42.09#27.69#30.22
-91.3663,41.9695#41.81#27.69#30.5
-91.3077,41.9684#41.54#27.69#30.77
-91.2491,41.9672#41.26#27.7#31.04
-91.1905,41.9659#40.98#27.7#31.32
-91.132,41.9647#40.7#27.7#31.6
-91.0734,41.9635#40.43#27.7#31.87
-91.0148,41.9622#40.15#27.7#32.15
-90.9562,41.9609#39.92#27.7#32.38
-90.8976,41.9596#39.71#27.7#32.59
-90.839,41.9583#39.49#27.7#32.81
-90.7805,41.9569#39.28#27.7#33.02
-90.7219,41.9555#39.07#27.71#33.22
-90.6633,41.9542#38.85#27.71#33.44
-90.6047,41.9528#38.64#27.71#33.65
-90.5462,41.9513#38.43#27.71#33.86
-90.4876,41.9499#38.22#27.71#34.07
-90.429,41.9484#38.01#27.71#34.28
-90.3704,41.947#37.81#27.71#34.48
-90.3119,41.9455#37.61#27.71#34.68
-90.2533,41.9439#37.4#27.71#34.89
-90.1948,41.9424#37.2#27.71#35.09
-90.1362,41.9409#37#27.72#35.28
-90.0776,41.9393#36.79#27.72#35.49
-90.0191,41.9377#36.59#27.72#35.69
-89.9605,41.9361#36.38#27.72#35.9
-89.902,41.9344#36.17#27.72#36.11
-89.8434,41.9328#35.96#27.72#36.32
-89.7849,41.9311#35.74#27.72#36.54
-89.7263,41.9294#35.53#27.72#36.75
-89.6678,41.9277#35.32#27.72#36.96
-89.6092,41.926#35.11#27.72#37.17
-89.5507,41.9243#34.9#27.72#37.38
-89.4922,41.9225#34.68#27.72#37.6
-89.4336,41.9207#34.48#27.72#37.8
-89.3751,41.9189#34.27#27.72#38.01
-89.3165,41.9171#34.06#27.72#38.22
-89.258,41.9153#33.85#27.72#38.43
-89.1995,41.9134#33.64#27.72#38.64
-89.141,41.9116#33.43#27.73#38.84
-89.0824,41.9097#33.22#27.73#39.05
-89.0239,41.9077#33.01#27.73#39.26
-88.9654,41.9058#32.79#27.72#39.49
-88.9069,41.9039#32.55#27.72#39.73
-88.8484,41.9019#32.32#27.72#39.96
-102.326,41.9021#46.93#28.72#24.35
-102.268,41.9044#46.93#28.73#24.34
-102.209,41.9067#46.93#28.74#24.33
-102.151,41.9091#46.93#28.76#24.31
-102.092,41.9113#46.93#28.77#24.3
-102.034,41.9136#46.93#28.78#24.29
-101.975,41.9159#46.93#28.79#24.28
-101.917,41.9181#46.93#28.8#24.27
-101.858,41.9203#46.93#28.81#24.26
-101.8,41.9225#46.93#28.82#24.25
-101.741,41.9247#46.93#28.82#24.25
-101.683,41.9268#46.93#28.83#24.24
-101.624,41.929#46.93#28.84#24.23
-101.566,41.9311#46.93#28.85#24.22
-101.507,41.9332#46.93#28.86#24.21
-101.449,41.9353#46.93#28.86#24.21
-101.39,41.9373#46.93#28.87#24.2
-101.332,41.9394#46.93#28.87#24.2
-101.273,41.9414#46.93#28.87#24.2
-101.214,41.9434#46.93#28.88#24.19
-101.156,41.9454#46.93#28.88#24.19
-101.097,41.9474#46.93#28.89#24.18
-101.039,41.9493#46.93#28.89#24.18
-100.98,41.9513#46.93#28.9#24.17
-100.922,41.9532#46.93#28.9#24.17
-100.863,41.9551#46.93#28.9#24.17
-100.805,41.9569#46.93#28.9#24.17
-100.746,41.9588#46.93#28.91#24.16
-100.688,41.9606#46.93#28.91#24.16
-100.629,41.9625#46.93#28.91#24.16
-100.57,41.9643#46.93#28.91#24.16
-100.512,41.966#46.93#28.92#24.15
-100.453,41.9678#46.93#28.92#24.15
-100.395,41.9695#46.93#28.92#24.15
-100.336,41.9713#46.93#28.92#24.15
-100.278,41.973#46.93#28.92#24.15
-100.219,41.9747#46.93#28.93#24.14
-100.16,41.9763#46.93#28.93#24.14
-100.102,41.978#46.93#28.93#24.14
-100.043,41.9796#46.93#28.93#24.14
-99.9847,41.9812#46.93#28.96#24.11
-99.9261,41.9828#46.93#29.04#24.03
-99.8675,41.9844#46.93#29.12#23.95
-99.8089,41.9859#46.93#29.21#23.86
-99.7504,41.9875#46.93#29.29#23.78
-99.6918,41.989#46.93#29.37#23.7
-99.6332,41.9905#46.93#29.46#23.61
-99.5746,41.992#46.93#29.54#23.53
-99.516,41.9934#46.93#29.62#23.45
-99.4574,41.9949#46.93#29.71#23.36
-99.3988,41.9963#46.93#29.8#23.27
-99.3402,41.9977#46.93#29.89#23.18
-99.2816,41.9991#46.93#29.97#23.1
-99.223,42.0004#46.93#30.06#23.01
-99.1644,42.0018#46.93#30.15#22.92
-99.1058,42.0031#46.93#30.24#22.83
-99.0472,42.0044#46.93#30.32#22.75
-98.9886,42.0057#46.93#30.4#22.67
-98.93,42.007#46.93#30.43#22.64
-98.8713,42.0082#46.93#30.47#22.6
-98.8127,42.0095#46.93#30.5#22.57
-98.7541,42.0107#46.93#30.54#22.53
-98.6955,42.0119#46.93#30.57#22.5
-98.6369,42.0131#46.93#30.6#22.47
-98.5783,42.0142#46.93#30.64#22.43
-98.5196,42.0154#46.93#30.67#22.4
-98.461,42.0165#46.93#30.6#22.47
-98.4024,42.0176#46.93#30.47#22.6
-98.3438,42.0187#46.93#30.34#22.73
-98.2851,42.0197#46.93#30.21#22.86
-98.2265,42.0208#46.93#30.08#22.99
-98.1679,42.0218#46.93#29.95#23.12
-98.1093,42.0228#46.93#29.82#23.25
-98.0506,42.0238#46.93#29.69#23.38
-97.992,42.0248#46.93#29.56#23.51
-97.9334,42.0257#46.93#29.41#23.66
-97.8747,42.0267#46.93#29.27#23.8
-97.8161,42.0276#46.93#29.12#23.95
-97.7575,42.0285#46.93#28.98#24.09
-97.6988,42.0294#46.93#28.83#24.24
-97.6402,42.0302#46.93#28.69#24.38
-97.5816,42.0311#46.93#28.55#24.52
-97.5229,42.0319#46.93#28.4#24.67
-97.4643,42.0327#46.93#28.31#24.76
-97.4056,42.0335#46.93#28.26#24.81
-97.347,42.0342#46.93#28.2#24.87
-97.2883,42.035#46.93#28.15#24.92
-97.2297,42.0357#46.93#28.1#24.97
-97.1711,42.0364#46.93#28.04#25.03
-97.1124,42.0371#46.93#27.99#25.08
-97.0538,42.0378#46.93#27.93#25.14
-96.9951,42.0384#46.93#27.88#25.19
-96.9365,42.039#46.93#27.86#25.21
-96.8778,42.0397#46.93#27.84#25.23
-96.8192,42.0402#46.93#27.82#25.25
-96.7605,42.0408#46.93#27.8#25.27
-96.7019,42.0414#46.93#27.78#25.29
-96.6432,42.0419#46.93#27.76#25.31
-96.5846,42.0424#46.93#27.74#25.33
-96.5259,42.0429#46.93#27.72#25.35
-96.4673,42.0434#46.93#27.71#25.36
-96.4086,42.0439#46.93#27.7#25.37
-96.35,42.0443#46.93#27.7#25.37
-96.2913,42.0447#46.93#27.69#25.38
-96.2326,42.0451#46.93#27.68#25.39
-96.174,42.0455#46.93#27.68#25.39
-96.1153,42.0459#46.93#27.67#25.4
-96.0567,42.0463#46.93#27.66#25.41
-95.998,42.0466#46.93#27.66#25.41
-95.9394,42.0469#46.93#27.65#25.42
-95.8807,42.0472#46.93#27.65#25.42
-95.822,42.0475#46.93#27.65#25.42
-95.7634,42.0477#46.93#27.65#25.42
-95.7047,42.0479#46.93#27.65#25.42
-95.6461,42.0482#46.93#27.64#25.43
-95.5874,42.0484#46.93#27.64#25.43
-95.5288,42.0485#46.93#27.64#25.43
-95.4701,42.0487#46.93#27.64#25.43
-95.4114,42.0488#46.93#27.64#25.43
-95.3528,42.049#46.93#27.64#25.43
-95.2941,42.0491#46.93#27.64#25.43
-95.2355,42.0492#46.93#27.64#25.43
-95.1768,42.0492#46.93#27.64#25.43
-95.1181,42.0493#46.93#27.64#25.43
-95.0595,42.0493#46.93#27.64#25.43
-95.0008,42.0493#46.93#27.64#25.43
-94.9422,42.0493#46.93#27.64#25.43
-94.8835,42.0493#46.93#27.64#25.43
-94.8248,42.0492#46.93#27.64#25.43
-94.7662,42.0492#46.93#27.64#25.43
-94.7075,42.0491#46.93#27.64#25.43
-94.6488,42.049#46.93#27.64#25.43
-94.5902,42.0488#46.93#27.64#25.43
-94.5315,42.0487#46.93#27.64#25.43
-94.4729,42.0485#46.93#27.64#25.43
-94.4142,42.0484#46.93#27.64#25.43
-94.3556,42.0482#46.93#27.64#25.43
-94.2969,42.048#46.93#27.64#25.43
-94.2382,42.0477#46.93#27.64#25.43
-94.1796,42.0475#46.93#27.65#25.42
-94.1209,42.0472#46.93#27.65#25.42
-94.0623,42.0469#46.93#27.65#25.42
-94.0036,42.0466#46.93#27.65#25.42
-93.9449,42.0463#46.93#27.65#25.42
-93.8863,42.0459#46.93#27.65#25.42
-93.8276,42.0455#46.93#27.65#25.42
-93.769,42.0452#46.93#27.65#25.42
-93.7103,42.0448#46.93#27.65#25.42
-93.6517,42.0443#46.93#27.65#25.42
-93.593,42.0439#46.93#27.65#25.42
-93.5344,42.0434#46.93#27.66#25.41
-93.4757,42.0429#46.92#27.66#25.42
-93.4171,42.0424#46.89#27.66#25.45
-93.3584,42.0419#46.86#27.66#25.48
-93.2997,42.0414#46.83#27.66#25.51
-93.2411,42.0408#46.8#27.66#25.54
-93.1824,42.0403#46.77#27.66#25.57
-93.1238,42.0397#46.74#27.66#25.6
-93.0651,42.0391#46.71#27.66#25.63
-93.0065,42.0384#46.68#27.66#25.66
-92.9479,42.0378#46.58#27.67#25.75
-92.8892,42.0371#46.47#27.67#25.86
-92.8306,42.0364#46.37#27.67#25.96
-92.7719,42.0357#46.26#27.67#26.07
-92.7133,42.035#46.16#27.67#26.17
-92.6546,42.0342#46.05#27.67#26.28
-92.596,42.0335#45.95#27.67#26.38
-92.5373,42.0327#45.84#27.67#26.49
-92.4787,42.0319#45.71#27.67#26.62
-92.4201,42.0311#45.53#27.67#26.8
-92.3614,42.0302#45.35#27.68#26.97
-92.3028,42.0294#45.17#27.68#27.15
-92.2442,42.0285#44.99#27.68#27.33
-92.1855,42.0276#44.81#27.68#27.51
-92.1269,42.0267#44.63#27.68#27.69
-92.0682,42.0258#44.45#27.68#27.87
-92.0096,42.0248#44.27#27.68#28.05
-91.951,42.0238#44.06#27.68#28.26
-91.8924,42.0229#43.84#27.68#28.48
-91.8337,42.0218#43.63#27.68#28.69
-91.7751,42.0208#43.41#27.69#28.9
-91.7165,42.0198#43.2#27.69#29.11
-91.6578,42.0187#42.99#27.69#29.32
-91.5992,42.0176#42.77#27.69#29.54
-91.5406,42.0165#42.56#27.69#29.75
-91.482,42.0154#42.32#27.69#29.99
-91.4234,42.0143#42.04#27.69#30.27
-91.3647,42.0131#41.77#27.69#30.54
-91.3061,42.0119#41.49#27.69#30.82
-91.2475,42.0107#41.21#27.69#31.1
-91.1889,42.0095#40.93#27.7#31.37
-91.1303,42.0083#40.66#27.7#31.64
-91.0717,42.007#40.38#27.7#31.92
-91.0131,42.0058#40.1#27.7#32.2
-90.9544,42.0045#39.87#27.7#32.43
-90.8958,42.0032#39.66#27.7#32.64
-90.8372,42.0018#39.45#27.7#32.85
-90.7786,42.0005#39.24#27.7#33.06
-90.72,41.9991#39.02#27.7#33.28
-90.6614,41.9977#38.81#27.71#33.48
-90.6028,41.9963#38.6#27.71#33.69
-90.5442,41.9949#38.39#27.71#33.9
-90.4856,41.9935#38.18#27.71#34.11
-90.427,41.992#37.97#27.71#34.32
-90.3684,41.9905#37.77#27.71#34.52
-90.3099,41.989#37.57#27.71#34.72
-90.2513,41.9875#37.37#27.71#34.92
-90.1927,41.986#37.16#27.71#35.13
-90.1341,41.9844#36.96#27.71#35.33
-90.0755,41.9828#36.76#27.72#35.52
-90.0169,41.9813#36.55#27.72#35.73
-89.9583,41.9796#36.34#27.72#35.94
-89.8998,41.978#36.13#27.72#36.15
-89.8412,41.9764#35.92#27.72#36.36
-89.7826,41.9747#35.71#27.72#36.57
-89.724,41.973#35.5#27.72#36.78
-89.6655,41.9713#35.28#27.72#37
-89.6069,41.9696#35.07#27.72#37.21
-89.5483,41.9678#34.86#27.72#37.42
-89.4898,41.9661#34.65#27.72#37.63
-89.4312,41.9643#34.44#27.72#37.84
-89.3726,41.9625#34.23#27.72#38.05
-89.3141,41.9607#34.02#27.72#38.26
-89.2555,41.9588#33.81#27.72#38.47
-89.197,41.957#33.6#27.72#38.68
-89.1384,41.9551#33.39#27.72#38.89
-89.0799,41.9532#33.18#27.72#39.1
-89.0213,41.9513#32.97#27.72#39.31
-88.9628,41.9494#32.75#27.72#39.53
-88.9042,41.9474#32.52#27.72#39.76
-88.8457,41.9455#32.28#27.72#40
-88.7872,41.9435#32.05#27.72#40.23
-88.7286,41.9415#31.82#27.72#40.46
-88.6701,41.9394#31.59#27.72#40.69
-88.6116,41.9374#31.36#27.72#40.92
-88.553,41.9353#31.12#27.72#41.16
-88.4945,41.9333#30.89#27.71#41.4
-88.436,41.9312#30.64#27.71#41.65
-88.3775,41.929#30.4#27.71#41.89
-88.3189,41.9269#30.15#27.71#42.14
-88.2604,41.9247#29.9#27.71#42.39
-88.2019,41.9226#29.66#27.71#42.63
-88.1434,41.9204#29.41#27.7#42.89
-88.0849,41.9182#29.16#27.7#43.14
-88.0264,41.9159#28.92#27.7#43.38
-87.9679,41.9137#28.71#27.7#43.59
-87.9094,41.9114#28.53#27.7#43.77
-87.8509,41.9091#28.36#27.69#43.95
-87.7924,41.9068#28.19#27.69#44.12
-87.7339,41.9045#28.01#27.69#44.3
-87.6754,41.9021#27.84#27.69#44.47
-103.382,41.9002#46.93#28.23#24.84
-103.324,41.9029#46.93#28.26#24.81
-103.265,41.9055#46.93#28.29#24.78
-103.207,41.9082#46.93#28.32#24.75
-103.148,41.9108#46.93#28.35#24.72
-103.09,41.9134#46.93#28.38#24.69
-103.031,41.916#46.93#28.41#24.66
-102.973,41.9186#46.93#28.44#24.63
-102.914,41.9211#46.93#28.47#24.6
-102.856,41.9237#46.93#28.5#24.57
-102.797,41.9262#46.93#28.53#24.54
-102.739,41.9287#46.93#28.56#24.51
-102.68,41.9311#46.93#28.6#24.47
-102.622,41.9336#46.93#28.62#24.45
-102.563,41.936#46.93#28.65#24.42
-102.505,41.9385#46.93#28.68#24.39
-102.446,41.9409#46.93#28.7#24.37
-102.388,41.9433#46.93#28.71#24.36
-102.329,41.9456#46.93#28.72#24.35
-102.271,41.948#46.93#28.74#24.33
-102.212,41.9503#46.93#28.75#24.32
-102.154,41.9526#46.93#28.76#24.31
-102.095,41.9549#46.93#28.77#24.3
-102.037,41.9572#46.93#28.79#24.28
-101.978,41.9594#46.93#28.8#24.27
-101.92,41.9616#46.93#28.8#24.27
-101.861,41.9639#46.93#28.81#24.26
-101.803,41.9661#46.93#28.82#24.25
-101.744,41.9682#46.93#28.83#24.24
-101.686,41.9704#46.93#28.83#24.24
-101.627,41.9725#46.93#28.84#24.23
-101.568,41.9746#46.93#28.85#24.22
-101.51,41.9767#46.93#28.86#24.21
-101.451,41.9788#46.93#28.86#24.21
-101.393,41.9809#46.93#28.87#24.2
-101.334,41.9829#46.93#28.87#24.2
-101.276,41.985#46.93#28.87#24.2
-101.217,41.987#46.93#28.88#24.19
-101.159,41.989#46.93#28.88#24.19
-101.1,41.9909#46.93#28.89#24.18
-101.041,41.9929#46.93#28.89#24.18
-100.983,41.9948#46.93#28.89#24.18
-100.924,41.9967#46.93#28.9#24.17
-100.866,41.9986#46.93#28.9#24.17
-100.807,42.0005#46.93#28.9#24.17
-100.749,42.0023#46.93#28.91#24.16
-100.69,42.0042#46.93#28.91#24.16
-100.631,42.006#46.93#28.91#24.16
-100.573,42.0078#46.93#28.91#24.16
-100.514,42.0096#46.93#28.92#24.15
-100.456,42.0113#46.93#28.92#24.15
-100.397,42.0131#46.93#28.92#24.15
-100.338,42.0148#46.93#28.92#24.15
-100.28,42.0165#46.93#28.92#24.15
-100.221,42.0182#46.93#28.93#24.14
-100.163,42.0199#46.93#28.93#24.14
-100.104,42.0215#46.93#28.93#24.14
-100.045,42.0232#46.93#28.93#24.14
-99.9869,42.0248#46.93#28.95#24.12
-99.9282,42.0264#46.93#29.03#24.04
-99.8696,42.0279#46.93#29.12#23.95
-99.811,42.0295#46.93#29.2#23.87
-99.7524,42.031#46.93#29.29#23.78
-99.6938,42.0325#46.93#29.37#23.7
-99.6352,42.034#46.93#29.45#23.62
-99.5766,42.0355#46.93#29.54#23.53
-99.5179,42.037#46.93#29.62#23.45
-99.4593,42.0384#46.93#29.71#23.36
-99.4007,42.0398#46.93#29.79#23.28
-99.3421,42.0413#46.93#29.88#23.19
-99.2834,42.0426#46.93#29.97#23.1
-99.2248,42.044#46.93#30.06#23.01
-99.1662,42.0454#46.93#30.14#22.93
-99.1076,42.0467#46.93#30.23#22.84
-99.0489,42.048#46.93#30.32#22.75
-98.9903,42.0493#46.93#30.4#22.67
-98.9317,42.0506#46.93#30.43#22.64
-98.873,42.0518#46.93#30.47#22.6
-98.8144,42.053#46.93#30.5#22.57
-98.7557,42.0543#46.93#30.53#22.54
-98.6971,42.0555#46.93#30.57#22.5
-98.6385,42.0566#46.93#30.6#22.47
-98.5798,42.0578#46.93#30.64#22.43
-98.5212,42.0589#46.93#30.67#22.4
-98.4625,42.0601#46.93#30.6#22.47
-98.4039,42.0612#46.93#30.47#22.6
-98.3452,42.0622#46.93#30.34#22.73
-98.2866,42.0633#46.93#30.21#22.86
-98.2279,42.0644#46.93#30.08#22.99
-98.1693,42.0654#46.93#29.95#23.12
-98.1106,42.0664#46.93#29.82#23.25
-98.052,42.0674#46.93#29.69#23.38
-97.9933,42.0684#46.93#29.56#23.51
-97.9346,42.0693#46.93#29.41#23.66
-97.876,42.0702#46.93#29.27#23.8
-97.8173,42.0712#46.93#29.12#23.95
-97.7587,42.072#46.93#28.98#24.09
-97.7,42.0729#46.93#28.84#24.23
-97.6413,42.0738#46.93#28.69#24.38
-97.5827,42.0746#46.93#28.55#24.52
-97.524,42.0754#46.93#28.4#24.67
-97.4653,42.0762#46.93#28.31#24.76
-97.4067,42.077#46.93#28.26#24.81
-97.348,42.0778#46.93#28.2#24.87
-97.2893,42.0785#46.93#28.15#24.92
-97.2307,42.0793#46.93#28.1#24.97
-97.172,42.08#46.93#28.04#25.03
-97.1133,42.0807#46.93#27.99#25.08
-97.0547,42.0813#46.93#27.93#25.14
-96.996,42.082#46.93#27.88#25.19
-96.9373,42.0826#46.93#27.86#25.21
-96.8786,42.0832#46.93#27.84#25.23
-96.82,42.0838#46.93#27.82#25.25
-96.7613,42.0844#46.93#27.8#25.27
-96.7026,42.0849#46.93#27.78#25.29
-96.6439,42.0855#46.93#27.76#25.31
-96.5853,42.086#46.93#27.74#25.33
-96.5266,42.0865#46.93#27.72#25.35
-96.4679,42.087#46.93#27.71#25.36
-96.4092,42.0874#46.93#27.7#25.37
-96.3505,42.0879#46.93#27.7#25.37
-96.2919,42.0883#46.93#27.69#25.38
-96.2332,42.0887#46.93#27.68#25.39
-96.1745,42.0891#46.93#27.68#25.39
-96.1158,42.0895#46.93#27.67#25.4
-96.0571,42.0898#46.93#27.66#25.41
-95.9985,42.0902#46.93#27.65#25.42
-95.9398,42.0905#46.93#27.65#25.42
-95.8811,42.0908#46.93#27.65#25.42
-95.8224,42.091#46.93#27.65#25.42
-95.7637,42.0913#46.93#27.65#25.42
-95.705,42.0915#46.93#27.64#25.43
-95.6463,42.0917#46.93#27.64#25.43
-95.5877,42.0919#46.93#27.64#25.43
-95.529,42.0921#46.93#27.64#25.43
-95.4703,42.0923#46.93#27.64#25.43
-95.4116,42.0924#46.93#27.64#25.43
-95.3529,42.0925#46.93#27.64#25.43
-95.2942,42.0926#46.93#27.64#25.43
-95.2356,42.0927#46.93#27.64#25.43
-95.1769,42.0928#46.93#27.64#25.43
-95.1182,42.0928#46.93#27.64#25.43
-95.0595,42.0929#46.93#27.64#25.43
-95.0008,42.0929#46.93#27.64#25.43
-94.9421,42.0929#46.93#27.64#25.43
-94.8834,42.0928#46.93#27.64#25.43
-94.8248,42.0928#46.93#27.64#25.43
-94.7661,42.0927#46.93#27.64#25.43
-94.7074,42.0926#46.93#27.64#25.43
-94.6487,42.0925#46.93#27.64#25.43
-94.59,42.0924#46.93#27.64#25.43
-94.5313,42.0923#46.93#27.64#25.43
-94.4726,42.0921#46.93#27.64#25.43
-94.414,42.0919#46.93#27.64#25.43
-94.3553,42.0917#46.93#27.64#25.43
-94.2966,42.0915#46.93#27.64#25.43
-94.2379,42.0913#46.93#27.64#25.43
-94.1792,42.091#46.93#27.64#25.43
-94.1205,42.0908#46.93#27.65#25.42
-94.0619,42.0905#46.93#27.65#25.42
-94.0032,42.0902#46.93#27.65#25.42
-93.9445,42.0898#46.93#27.65#25.42
-93.8858,42.0895#46.93#27.65#25.42
-93.8271,42.0891#46.93#27.65#25.42
-93.7684,42.0887#46.93#27.65#25.42
-93.7098,42.0883#46.93#27.65#25.42
-93.6511,42.0879#46.93#27.65#25.42
-93.5924,42.0875#46.93#27.65#25.42
-93.5337,42.087#46.93#27.65#25.42
-93.475,42.0865#46.91#27.66#25.43
-93.4164,42.086#46.88#27.66#25.46
-93.3577,42.0855#46.85#27.66#25.49
-93.299,42.085#46.82#27.66#25.52
-93.2403,42.0844#46.79#27.66#25.55
-93.1817,42.0838#46.76#27.66#25.58
-93.123,42.0832#46.73#27.66#25.61
-93.0643,42.0826#46.7#27.66#25.64
-93.0056,42.082#46.67#27.66#25.67
-92.947,42.0813#46.57#27.66#25.77
-92.8883,42.0807#46.46#27.67#25.87
-92.8296,42.08#46.36#27.67#25.97
-92.771,42.0793#46.25#27.67#26.08
-92.7123,42.0786#46.14#27.67#26.19
-92.6536,42.0778#46.04#27.67#26.29
-92.5949,42.077#45.93#27.67#26.4
-92.5363,42.0763#45.82#27.67#26.51
-92.4776,42.0755#45.69#27.67#26.64
-92.4189,42.0746#45.51#27.67#26.82
-92.3603,42.0738#45.32#27.67#27.01
-92.3016,42.0729#45.14#27.68#27.18
-92.243,42.0721#44.96#27.68#27.36
-92.1843,42.0712#44.78#27.68#27.54
-92.1256,42.0703#44.6#27.68#27.72
-92.067,42.0693#44.42#27.68#27.9
-92.0083,42.0684#44.24#27.68#28.08
-91.9497,42.0674#44.03#27.68#28.29
-91.891,42.0664#43.81#27.68#28.51
-91.8324,42.0654#43.59#27.68#28.73
-91.7737,42.0644#43.38#27.68#28.94
-91.7151,42.0633#43.16#27.69#29.15
-91.6564,42.0623#42.95#27.69#29.36
-91.5978,42.0612#42.73#27.69#29.58
-91.5391,42.0601#42.51#27.69#29.8
-91.4805,42.059#42.28#27.69#30.03
-91.4218,42.0578#42#27.69#30.31
-91.3632,42.0567#41.72#27.69#30.59
-91.3045,42.0555#41.44#27.69#30.87
-91.2459,42.0543#41.16#27.69#31.15
-91.1872,42.0531#40.89#27.69#31.42
-91.1286,42.0518#40.61#27.7#31.69
-91.07,42.0506#40.33#27.7#31.97
-91.0113,42.0493#40.05#27.7#32.25
-90.9527,42.048#39.83#27.7#32.47
-90.8941,42.0467#39.62#27.7#32.68
-90.8354,42.0454#39.4#27.7#32.9
-90.7768,42.044#39.19#27.7#33.11
-90.7182,42.0427#38.98#27.7#33.32
-90.6595,42.0413#38.77#27.7#33.53
-90.6009,42.0399#38.56#27.71#33.73
-90.5423,42.0385#38.35#27.71#33.94
-90.4837,42.037#38.14#27.71#34.15
-90.4251,42.0356#37.94#27.71#34.35
-90.3664,42.0341#37.73#27.71#34.56
-90.3078,42.0326#37.53#27.71#34.76
-90.2492,42.0311#37.33#27.71#34.96
-90.1906,42.0295#37.12#27.71#35.17
-90.132,42.028#36.92#27.71#35.37
-90.0734,42.0264#36.72#27.71#35.57
-90.0148,42.0248#36.52#27.72#35.76
-89.9562,42.0232#36.31#27.72#35.97
-89.8976,42.0216#36.09#27.72#36.19
-89.839,42.0199#35.88#27.72#36.4
-89.7804,42.0183#35.67#27.72#36.61
-89.7218,42.0166#35.46#27.72#36.82
-89.6632,42.0149#35.25#27.72#37.03
-89.6046,42.0131#35.03#27.72#37.25
-89.546,42.0114#34.82#27.72#37.46
-89.4874,42.0096#34.61#27.72#37.67
-89.4288,42.0079#34.4#27.72#37.88
-89.3702,42.0061#34.19#27.72#38.09
-89.3116,42.0042#33.98#27.72#38.3
-89.253,42.0024#33.77#27.72#38.51
-89.1945,42.0005#33.56#27.72#38.72
-89.1359,41.9987#33.35#27.72#38.93
-89.0773,41.9968#33.14#27.72#39.14
-89.0187,41.9949#32.93#27.72#39.35
-88.9602,41.9929#32.71#27.72#39.57
-88.9016,41.991#32.48#27.72#39.8
-88.843,41.989#32.24#27.72#40.04
-88.7845,41.987#32.01#27.72#40.27
-88.7259,41.985#31.78#27.72#40.5
-88.6674,41.983#31.55#27.71#40.74
-88.6088,41.9809#31.32#27.71#40.97
-88.5502,41.9789#31.09#27.71#41.2
-88.4917,41.9768#30.85#27.71#41.44
-88.4331,41.9747#30.6#27.71#41.69
-88.3746,41.9726#30.36#27.71#41.93
-88.3161,41.9704#30.11#27.71#42.18
-88.2575,41.9683#29.86#27.7#42.44
-88.199,41.9661#29.62#27.7#42.68
-88.1404,41.9639#29.37#27.7#42.93
-88.0819,41.9617#29.12#27.7#43.18
-88.0234,41.9595#28.88#27.7#43.42
-87.9648,41.9572#28.68#27.7#43.62
-87.9063,41.955#28.5#27.69#43.81
-87.8478,41.9527#28.33#27.69#43.98
-87.7893,41.9504#28.16#27.69#44.15
-87.7307,41.948#27.99#27.69#44.32
-87.6722,41.9457#27.82#27.69#44.49
-87.6137,41.9433#27.65#27.68#44.67
-87.5552,41.9409#27.47#27.68#44.85
-87.4967,41.9385#27.31#27.68#45.01
-87.4382,41.9361#27.25#27.68#45.07
-87.3797,41.9337#27.19#27.67#45.14
-87.3212,41.9312#27.13#27.67#45.2
-87.2627,41.9287#27.07#27.67#45.26
-87.2042,41.9262#27.01#27.67#45.32
-87.1457,41.9237#26.95#27.66#45.39
-87.0872,41.9212#26.89#27.66#45.45
-87.0287,41.9186#26.83#27.66#45.51
-86.9703,41.9161#26.81#27.66#45.53
-86.9118,41.9135#26.81#27.65#45.54
-86.8533,41.9109#26.82#27.65#45.53
-86.7948,41.9082#26.83#27.65#45.52
-86.7364,41.9056#26.84#27.65#45.51
-86.6779,41.9029#26.84#27.64#45.52
-86.6194,41.9003#26.85#27.64#45.51
-104.263,41.9012#46.93#28.04#25.03
-104.204,41.9041#46.93#28.05#25.02
-104.146,41.9071#46.93#28.05#25.02
-104.087,41.91#46.93#28.05#25.02
-104.029,41.9129#46.93#28.06#25.01
-103.971,41.9158#46.93#28.07#25
-103.912,41.9187#46.93#28.08#24.99
-103.854,41.9215#46.93#28.1#24.97
-103.795,41.9244#46.93#28.11#24.96
-103.737,41.9272#46.93#28.13#24.94
-103.678,41.93#46.93#28.14#24.93
-103.62,41.9328#46.93#28.16#24.91
-103.561,41.9355#46.93#28.18#24.89
-103.503,41.9383#46.93#28.19#24.88
-103.444,41.941#46.93#28.22#24.85
-103.386,41.9437#46.93#28.25#24.82
-103.327,41.9464#46.93#28.28#24.79
-103.269,41.9491#46.93#28.31#24.76
-103.21,41.9517#46.93#28.34#24.73
-103.152,41.9543#46.93#28.38#24.69
-103.093,41.9569#46.93#28.41#24.66
-103.035,41.9595#46.93#28.44#24.63
-102.976,41.9621#46.93#28.47#24.6
-102.918,41.9647#46.93#28.5#24.57
-102.859,41.9672#46.93#28.52#24.55
-102.801,41.9697#46.93#28.55#24.52
-102.742,41.9722#46.93#28.58#24.49
-102.684,41.9747#46.93#28.61#24.46
-102.625,41.9771#46.93#28.64#24.43
-102.567,41.9796#46.93#28.66#24.41
-102.508,41.982#46.93#28.69#24.38
-102.45,41.9844#46.93#28.71#24.36
-102.391,41.9868#46.93#28.72#24.35
-102.333,41.9892#46.93#28.73#24.34
-102.274,41.9915#46.93#28.74#24.33
-102.215,41.9938#46.93#28.75#24.32
-102.157,41.9961#46.93#28.77#24.3
-102.098,41.9984#46.93#28.78#24.29
-102.04,42.0007#46.93#28.79#24.28
-101.981,42.0029#46.93#28.8#24.27
-101.923,42.0052#46.93#28.81#24.26
-101.864,42.0074#46.93#28.82#24.25
-101.806,42.0096#46.93#28.82#24.25
-101.747,42.0118#46.93#28.83#24.24
-101.688,42.0139#46.93#28.84#24.23
-101.63,42.0161#46.93#28.84#24.23
-101.571,42.0182#46.93#28.85#24.22
-101.513,42.0203#46.93#28.86#24.21
-101.454,42.0224#46.93#28.86#24.21
-101.396,42.0244#46.93#28.87#24.2
-101.337,42.0265#46.93#28.87#24.2
-101.278,42.0285#46.93#28.88#24.19
-101.22,42.0305#46.93#28.88#24.19
-101.161,42.0325#46.93#28.88#24.19
-101.103,42.0345#46.93#28.89#24.18
-101.044,42.0364#46.93#28.89#24.18
-100.985,42.0384#46.93#28.89#24.18
-100.927,42.0403#46.93#28.9#24.17
-100.868,42.0422#46.93#28.9#24.17
-100.81,42.044#46.93#28.9#24.17
-100.751,42.0459#46.93#28.91#24.16
-100.692,42.0477#46.93#28.91#24.16
-100.634,42.0495#46.93#28.91#24.16
-100.575,42.0513#46.93#28.91#24.16
-100.517,42.0531#46.93#28.92#24.15
-100.458,42.0549#46.93#28.92#24.15
-100.399,42.0566#46.93#28.92#24.15
-100.341,42.0584#46.93#28.92#24.15
-100.282,42.0601#46.93#28.92#24.15
-100.224,42.0618#46.93#28.92#24.15
-100.165,42.0634#46.93#28.93#24.14
-100.106,42.0651#46.93#28.93#24.14
-100.048,42.0667#46.93#28.93#24.14
-99.989,42.0683#46.93#28.95#24.12
-99.9304,42.0699#46.93#29.03#24.04
-99.8717,42.0715#46.93#29.11#23.96
-99.8131,42.073#46.93#29.2#23.87
-99.7545,42.0746#46.93#29.28#23.79
-99.6958,42.0761#46.93#29.37#23.7
-99.6372,42.0776#46.93#29.45#23.62
-99.5785,42.0791#46.93#29.53#23.54
-99.5199,42.0805#46.93#29.62#23.45
-99.4613,42.082#46.93#29.7#23.37
-99.4026,42.0834#46.93#29.79#23.28
-99.344,42.0848#46.93#29.88#23.19
-99.2853,42.0862#46.93#29.97#23.1
-99.2266,42.0876#46.93#30.05#23.02
-99.168,42.0889#46.93#30.14#22.93
-99.1093,42.0902#46.93#30.23#22.84
-99.0507,42.0915#46.93#30.32#22.75
-98.992,42.0928#46.93#30.4#22.67
-98.9334,42.0941#46.93#30.43#22.64
-98.8747,42.0954#46.93#30.46#22.61
-98.816,42.0966#46.93#30.5#22.57
-98.7574,42.0978#46.93#30.53#22.54
-98.6987,42.099#46.93#30.57#22.5
-98.64,42.1002#46.93#30.6#22.47
-98.5814,42.1013#46.93#30.63#22.44
-98.5227,42.1025#46.93#30.67#22.4
-98.464,42.1036#46.93#30.6#22.47
-98.4053,42.1047#46.93#30.47#22.6
-98.3467,42.1058#46.93#30.34#22.73
-98.288,42.1069#46.93#30.21#22.86
-98.2293,42.1079#46.93#30.08#22.99
-98.1706,42.1089#46.93#29.95#23.12
-98.112,42.1099#46.93#29.82#23.25
-98.0533,42.1109#46.93#29.69#23.38
-97.9946,42.1119#46.93#29.56#23.51
-97.9359,42.1129#46.93#29.42#23.65
-97.8772,42.1138#46.93#29.27#23.8
-97.8185,42.1147#46.93#29.13#23.94
-97.7599,42.1156#46.93#28.98#24.09
-97.7012,42.1165#46.93#28.84#24.23
-97.6425,42.1173#46.93#28.69#24.38
-97.5838,42.1182#46.93#28.55#24.52
-97.5251,42.119#46.93#28.41#24.66
-97.4664,42.1198#46.93#28.31#24.76
-97.4077,42.1206#46.93#28.26#24.81
-97.349,42.1213#46.93#28.2#24.87
-97.2903,42.1221#46.93#28.15#24.92
-97.2316,42.1228#46.93#28.1#24.97
-97.1729,42.1235#46.93#28.04#25.03
-97.1142,42.1242#46.93#27.99#25.08
-97.0555,42.1249#46.93#27.93#25.14
-96.9968,42.1255#46.93#27.88#25.19
-96.9381,42.1262#46.93#27.86#25.21
-96.8794,42.1268#46.93#27.84#25.23
-96.8207,42.1274#46.93#27.82#25.25
-96.762,42.1279#46.93#27.8#25.27
-96.7033,42.1285#46.93#27.78#25.29
-96.6446,42.129#46.93#27.76#25.31
-96.5859,42.1296#46.93#27.74#25.33
-96.5272,42.1301#46.93#27.72#25.35
-96.4685,42.1305#46.93#27.71#25.36
-96.4098,42.131#46.93#27.7#25.37
-96.3511,42.1314#46.93#27.7#25.37
-96.2924,42.1319#46.93#27.69#25.38
-96.2337,42.1323#46.93#27.68#25.39
-96.175,42.1327#46.93#27.67#25.4
-96.1163,42.133#46.93#27.67#25.4
-96.0576,42.1334#46.93#27.66#25.41
-95.9989,42.1337#46.93#27.65#25.42
-95.9402,42.134#46.93#27.65#25.42
-95.8815,42.1343#46.93#27.65#25.42
-95.8228,42.1346#46.93#27.65#25.42
-95.764,42.1348#46.93#27.65#25.42
-95.7053,42.1351#46.93#27.64#25.43
-95.6466,42.1353#46.93#27.64#25.43
-95.5879,42.1355#46.93#27.64#25.43
-95.5292,42.1357#46.93#27.64#25.43
-95.4705,42.1358#46.93#27.64#25.43
-95.4118,42.136#46.93#27.64#25.43
-95.3531,42.1361#46.93#27.64#25.43
-95.2944,42.1362#46.93#27.64#25.43
-95.2357,42.1363#46.93#27.64#25.43
-95.1769,42.1364#46.93#27.64#25.43
