-97.0889,40.9005#46.93#27.99#25.08
-97.0309,40.9012#46.93#27.93#25.14
-96.9729,40.9018#46.93#27.9#25.17
-96.9149,40.9025#46.93#27.88#25.19
-96.8569,40.9031#46.93#27.86#25.21
-96.7989,40.9037#46.93#27.84#25.23
-96.7409,40.9043#46.93#27.82#25.25
-96.6829,40.9048#46.93#27.8#25.27
-96.6249,40.9053#46.93#27.78#25.29
-96.5669,40.9059#46.93#27.76#25.31
-96.5089,40.9064#46.93#27.74#25.33
-96.4509,40.9068#46.93#27.73#25.34
-96.3929,40.9073#46.93#27.72#25.35
-96.3349,40.9077#46.93#27.71#25.36
-96.2769,40.9082#46.93#27.71#25.36
-96.2189,40.9086#46.93#27.7#25.37
-96.1609,40.9089#46.93#27.69#25.38
-96.1029,40.9093#46.93#27.69#25.38
-96.0449,40.9097#46.93#27.68#25.39
-95.9869,40.91#46.93#27.67#25.4
-95.9289,40.9103#46.93#27.67#25.4
-95.8709,40.9106#46.93#27.67#25.4
-95.8129,40.9109#46.93#27.67#25.4
-95.7549,40.9111#46.93#27.67#25.4
-95.6969,40.9113#46.93#27.66#25.41
-95.6389,40.9116#46.93#27.66#25.41
-95.5809,40.9118#46.93#27.66#25.41
-95.5229,40.9119#46.93#27.66#25.41
-95.4649,40.9121#46.93#27.66#25.41
-95.4069,40.9122#46.93#27.66#25.41
-95.3488,40.9124#46.93#27.66#25.41
-95.2908,40.9125#46.93#27.66#25.41
-95.2328,40.9125#46.93#27.66#25.41
-95.1748,40.9126#46.93#27.66#25.41
-95.1168,40.9127#46.93#27.66#25.41
-95.0588,40.9127#46.93#27.66#25.41
-95.0008,40.9127#46.93#27.66#25.41
-94.9428,40.9127#46.93#27.66#25.41
-94.8848,40.9127#46.93#27.66#25.41
-94.8268,40.9126#46.93#27.66#25.41
-94.7688,40.9126#46.93#27.66#25.41
-94.7108,40.9125#46.93#27.66#25.41
-94.6528,40.9124#46.93#27.66#25.41
-94.5947,40.9122#46.93#27.66#25.41
-94.5367,40.9121#46.93#27.66#25.41
-94.4787,40.9119#46.93#27.66#25.41
-94.4207,40.9118#46.93#27.66#25.41
-94.3627,40.9116#46.93#27.66#25.41
-94.3047,40.9114#46.93#27.66#25.41
-94.2467,40.9111#46.93#27.66#25.41
-94.1887,40.9109#46.93#27.67#25.4
-94.1307,40.9106#46.93#27.67#25.4
-94.0727,40.9103#46.93#27.67#25.4
-94.0147,40.91#46.93#27.67#25.4
-93.9567,40.9097#46.93#27.67#25.4
-93.8987,40.9093#46.93#27.67#25.4
-93.8407,40.909#46.93#27.67#25.4
-93.7827,40.9086#46.93#27.67#25.4
-93.7247,40.9082#46.93#27.67#25.4
-93.6667,40.9077#46.93#27.67#25.4
-93.6087,40.9073#46.93#27.67#25.4
-93.5507,40.9068#46.93#27.68#25.39
-93.4927,40.9064#46.93#27.68#25.39
-93.4347,40.9059#46.92#27.68#25.4
-93.3767,40.9054#46.9#27.68#25.42
-93.3187,40.9048#46.89#27.68#25.43
-93.2607,40.9043#46.88#27.68#25.44
-93.2027,40.9037#46.87#27.68#25.45
-93.1447,40.9031#46.86#27.68#25.46
-93.0867,40.9025#46.84#27.68#25.48
-93.0287,40.9019#46.83#27.68#25.49
-92.9707,40.9012#46.79#27.69#25.52
-92.9127,40.9006#46.73#27.69#25.58
-99.4677,40.9009#46.93#29.72#23.35
-99.4097,40.9024#46.93#29.8#23.27
-99.3517,40.9038#46.93#29.89#23.18
-99.2938,40.9052#46.93#29.97#23.1
-99.2358,40.9065#46.93#30.06#23.01
-99.1778,40.9079#46.93#30.15#22.92
-99.1198,40.9092#46.93#30.23#22.84
-99.0619,40.9106#46.93#30.32#22.75
-99.0039,40.9119#46.93#30.41#22.66
-98.9459,40.9132#46.93#30.44#22.63
-98.8879,40.9144#46.93#30.48#22.59
-98.8299,40.9157#46.93#30.51#22.56
-98.7719,40.9169#46.93#30.54#22.53
-98.7139,40.9181#46.93#30.58#22.49
-98.656,40.9193#46.93#30.61#22.46
-98.598,40.9205#46.93#30.64#22.43
-98.54,40.9216#46.93#30.68#22.39
-98.482,40.9228#46.93#30.66#22.41
-98.424,40.9239#46.93#30.53#22.54
-98.366,40.925#46.93#30.41#22.66
-98.308,40.9261#46.93#30.28#22.79
-98.25,40.9271#46.93#30.15#22.92
-98.192,40.9282#46.93#30.02#23.05
-98.134,40.9292#46.93#29.89#23.18
-98.076,40.9302#46.93#29.76#23.31
-98.018,40.9312#46.93#29.64#23.43
-97.96,40.9321#46.93#29.5#23.57
-97.902,40.9331#46.93#29.36#23.71
-97.844,40.934#46.93#29.21#23.86
-97.786,40.9349#46.93#29.07#24
-97.728,40.9358#46.93#28.93#24.14
-97.6699,40.9367#46.93#28.79#24.28
-97.6119,40.9375#46.93#28.64#24.43
-97.5539,40.9384#46.93#28.5#24.57
-97.4959,40.9392#46.93#28.36#24.71
-97.4379,40.94#46.93#28.31#24.76
-97.3799,40.9408#46.93#28.26#24.81
-97.3219,40.9415#46.93#28.2#24.87
-97.2639,40.9423#46.93#28.15#24.92
-97.2058,40.943#46.93#28.1#24.97
-97.1478,40.9437#46.93#28.04#25.03
-97.0898,40.9444#46.93#27.99#25.08
-97.0318,40.945#46.93#27.93#25.14
-96.9738,40.9457#46.93#27.9#25.17
-96.9157,40.9463#46.93#27.88#25.19
-96.8577,40.9469#46.93#27.86#25.21
-96.7997,40.9475#46.93#27.84#25.23
-96.7417,40.9481#46.93#27.82#25.25
-96.6837,40.9487#46.93#27.8#25.27
-96.6256,40.9492#46.93#27.78#25.29
-96.5676,40.9497#46.93#27.76#25.31
-96.5096,40.9502#46.93#27.74#25.33
-96.4516,40.9507#46.93#27.73#25.34
-96.3935,40.9511#46.93#27.72#25.35
-96.3355,40.9516#46.93#27.71#25.36
-96.2775,40.952#46.93#27.71#25.36
-96.2194,40.9524#46.93#27.7#25.37
-96.1614,40.9528#46.93#27.69#25.38
-96.1034,40.9532#46.93#27.69#25.38
-96.0454,40.9535#46.93#27.68#25.39
-95.9873,40.9538#46.93#27.67#25.4
-95.9293,40.9541#46.93#27.67#25.4
-95.8713,40.9544#46.93#27.67#25.4
-95.8132,40.9547#46.93#27.67#25.4
-95.7552,40.955#46.93#27.67#25.4
-95.6972,40.9552#46.93#27.66#25.41
-95.6392,40.9554#46.93#27.66#25.41
-95.5811,40.9556#46.93#27.66#25.41
-95.5231,40.9558#46.93#27.66#25.41
-95.4651,40.9559#46.93#27.66#25.41
-95.407,40.9561#46.93#27.66#25.41
-95.349,40.9562#46.93#27.66#25.41
-95.291,40.9563#46.93#27.66#25.41
-95.2329,40.9564#46.93#27.66#25.41
-95.1749,40.9565#46.93#27.66#25.41
-95.1169,40.9565#46.93#27.66#25.41
-95.0588,40.9565#46.93#27.66#25.41
-95.0008,40.9565#46.93#27.66#25.41
-94.9428,40.9565#46.93#27.66#25.41
-94.8847,40.9565#46.93#27.66#25.41
-94.8267,40.9565#46.93#27.66#25.41
-94.7687,40.9564#46.93#27.66#25.41
-94.7106,40.9563#46.93#27.66#25.41
-94.6526,40.9562#46.93#27.66#25.41
-94.5946,40.9561#46.93#27.66#25.41
-94.5365,40.9559#46.93#27.66#25.41
-94.4785,40.9558#46.93#27.66#25.41
-94.4205,40.9556#46.93#27.66#25.41
-94.3625,40.9554#46.93#27.66#25.41
-94.3044,40.9552#46.93#27.66#25.41
-94.2464,40.955#46.93#27.66#25.41
-94.1884,40.9547#46.93#27.66#25.41
-94.1303,40.9544#46.93#27.67#25.4
-94.0723,40.9541#46.93#27.67#25.4
-94.0143,40.9538#46.93#27.67#25.4
-93.9562,40.9535#46.93#27.67#25.4
-93.8982,40.9532#46.93#27.67#25.4
-93.8402,40.9528#46.93#27.67#25.4
-93.7822,40.9524#46.93#27.67#25.4
-93.7241,40.952#46.93#27.67#25.4
-93.6661,40.9516#46.93#27.67#25.4
-93.6081,40.9512#46.93#27.67#25.4
-93.55,40.9507#46.93#27.67#25.4
-93.492,40.9502#46.93#27.68#25.39
-93.434,40.9497#46.92#27.68#25.4
-93.376,40.9492#46.9#27.68#25.42
-93.3179,40.9487#46.89#27.68#25.43
-93.2599,40.9481#46.88#27.68#25.44
-93.2019,40.9475#46.86#27.68#25.46
-93.1439,40.947#46.85#27.68#25.47
-93.0859,40.9463#46.84#27.68#25.48
-93.0278,40.9457#46.83#27.68#25.49
-92.9698,40.9451#46.79#27.68#25.53
-92.9118,40.9444#46.73#27.69#25.58
-92.8538,40.9437#46.66#27.69#25.65
-92.7958,40.943#46.6#27.69#25.71
-92.7377,40.9423#46.54#27.69#25.77
-92.6797,40.9415#46.48#27.69#25.83
-92.6217,40.9408#46.42#27.69#25.89
-92.5637,40.94#46.36#27.69#25.95
-92.5057,40.9392#46.29#27.69#26.02
-92.4477,40.9384#46.17#27.69#26.14
-92.3897,40.9376#46.04#27.7#26.26
-92.3317,40.9367#45.9#27.7#26.4
-92.2736,40.9358#45.77#27.7#26.53
-92.2156,40.9349#45.64#27.7#26.66
-92.1576,40.934#45.51#27.7#26.79
-92.0996,40.9331#45.37#27.7#26.93
-92.0416,40.9322#45.24#27.7#27.06
-91.9836,40.9312#45.09#27.7#27.21
-91.9256,40.9302#44.89#27.7#27.41
-91.8676,40.9292#44.69#27.71#27.6
-91.8096,40.9282#44.49#27.71#27.8
-91.7516,40.9271#44.29#27.71#28
-91.6936,40.9261#44.09#27.71#28.2
-91.6356,40.925#43.89#27.71#28.4
-91.5776,40.9239#43.69#27.71#28.6
-91.5196,40.9228#43.49#27.71#28.8
-91.4616,40.9217#43.28#27.71#29.01
-91.4036,40.9205#43.05#27.71#29.24
-91.3456,40.9193#42.83#27.72#29.45
-91.2877,40.9181#42.6#27.72#29.68
-91.2297,40.9169#42.38#27.72#29.9
-91.1717,40.9157#42.15#27.72#30.13
-91.1137,40.9145#41.93#27.72#30.35
-91.0557,40.9132#41.7#27.72#30.58
-90.9977,40.9119#41.48#27.72#30.8
-90.9397,40.9106#41.23#27.72#31.05
-90.8818,40.9093#40.98#27.72#31.3
-90.8238,40.9079#40.73#27.73#31.54
-90.7658,40.9066#40.48#27.73#31.79
-90.7078,40.9052#40.23#27.73#32.04
-90.6499,40.9038#39.98#27.73#32.29
-90.5919,40.9024#39.73#27.73#32.54
-90.5339,40.901#39.48#27.73#32.79
-100.977,40.9008#46.93#28.82#24.25
-100.919,40.9028#46.93#28.83#24.24
-100.861,40.9047#46.93#28.84#24.23
-100.803,40.9066#46.93#28.85#24.22
-100.745,40.9084#46.93#28.86#24.21
-100.687,40.9103#46.93#28.87#24.2
-100.629,40.9121#46.93#28.88#24.19
-100.571,40.9139#46.93#28.89#24.18
-100.513,40.9157#46.93#28.9#24.17
-100.455,40.9175#46.93#28.91#24.16
-100.397,40.9192#46.93#28.91#24.16
-100.339,40.921#46.93#28.92#24.15
-100.281,40.9227#46.93#28.92#24.15
-100.223,40.9244#46.93#28.93#24.14
-100.165,40.9261#46.93#28.93#24.14
-100.107,40.9277#46.93#28.94#24.13
-100.049,40.9294#46.93#28.94#24.13
-99.9915,40.931#46.93#28.96#24.11
-99.9335,40.9326#46.93#29.04#24.03
-99.8755,40.9342#46.93#29.13#23.94
-99.8175,40.9357#46.93#29.21#23.86
-99.7595,40.9373#46.93#29.29#23.78
-99.7016,40.9388#46.93#29.38#23.69
-99.6436,40.9403#46.93#29.46#23.61
-99.5856,40.9418#46.93#29.54#23.53
-99.5276,40.9433#46.93#29.63#23.44
-99.4696,40.9447#46.93#29.71#23.36
-99.4116,40.9462#46.93#29.8#23.27
-99.3536,40.9476#46.93#29.88#23.19
-99.2956,40.949#46.93#29.97#23.1
-99.2376,40.9504#46.93#30.06#23.01
-99.1796,40.9517#46.93#30.14#22.93
-99.1216,40.9531#46.93#30.23#22.84
-99.0636,40.9544#46.93#30.32#22.75
-99.0056,40.9557#46.93#30.4#22.67
-98.9476,40.957#46.93#30.44#22.63
-98.8896,40.9583#46.93#30.47#22.6
-98.8316,40.9595#46.93#30.51#22.56
-98.7735,40.9607#46.93#30.54#22.53
-98.7155,40.9619#46.93#30.58#22.49
-98.6575,40.9631#46.93#30.61#22.46
-98.5995,40.9643#46.93#30.64#22.43
-98.5415,40.9655#46.93#30.68#22.39
-98.4835,40.9666#46.93#30.66#22.41
-98.4255,40.9677#46.93#30.54#22.53
-98.3674,40.9688#46.93#30.41#22.66
-98.3094,40.9699#46.93#30.28#22.79
-98.2514,40.971#46.93#30.15#22.92
-98.1934,40.972#46.93#30.02#23.05
-98.1353,40.973#46.93#29.89#23.18
-98.0773,40.974#46.93#29.77#23.3
-98.0193,40.975#46.93#29.64#23.43
-97.9613,40.976#46.93#29.5#23.57
-97.9032,40.9769#46.93#29.36#23.71
-97.8452,40.9778#46.93#29.21#23.86
-97.7872,40.9788#46.93#29.07#24
-97.7291,40.9796#46.93#28.93#24.14
-97.6711,40.9805#46.93#28.79#24.28
-97.6131,40.9814#46.93#28.64#24.43
-97.555,40.9822#46.93#28.5#24.57
-97.497,40.983#46.93#28.36#24.71
-97.4389,40.9838#46.93#28.31#24.76
-97.3809,40.9846#46.93#28.26#24.81
-97.3229,40.9854#46.93#28.2#24.87
-97.2648,40.9861#46.93#28.15#24.92
-97.2068,40.9868#46.93#28.1#24.97
-97.1487,40.9875#46.93#28.04#25.03
-97.0907,40.9882#46.93#27.99#25.08
-97.0327,40.9889#46.93#27.93#25.14
-96.9746,40.9895#46.93#27.89#25.18
-96.9166,40.9902#46.93#27.88#25.19
-96.8585,40.9908#46.93#27.86#25.21
-96.8005,40.9914#46.93#27.84#25.23
-96.7424,40.9919#46.93#27.82#25.25
-96.6844,40.9925#46.93#27.8#25.27
-96.6263,40.993#46.93#27.78#25.29
-96.5683,40.9935#46.93#27.76#25.31
-96.5102,40.994#46.93#27.74#25.33
-96.4522,40.9945#46.93#27.73#25.34
-96.3941,40.995#46.93#27.72#25.35
-96.3361,40.9954#46.93#27.71#25.36
-96.278,40.9958#46.93#27.71#25.36
-96.22,40.9962#46.93#27.7#25.37
-96.1619,40.9966#46.93#27.69#25.38
-96.1039,40.997#46.93#27.69#25.38
-96.0458,40.9973#46.93#27.68#25.39
-95.9878,40.9977#46.93#27.67#25.4
-95.9297,40.998#46.93#27.67#25.4
-95.8716,40.9983#46.93#27.67#25.4
-95.8136,40.9985#46.93#27.67#25.4
-95.7555,40.9988#46.93#27.66#25.41
-95.6975,40.999#46.93#27.66#25.41
-95.6394,40.9992#46.93#27.66#25.41
-95.5814,40.9994#46.93#27.66#25.41
-95.5233,40.9996#46.93#27.66#25.41
-95.4653,40.9998#46.93#27.66#25.41
-95.4072,40.9999#46.93#27.66#25.41
-95.3491,41#46.93#27.66#25.41
-95.2911,41.0001#46.93#27.66#25.41
-95.233,41.0002#46.93#27.66#25.41
-95.175,41.0003#46.93#27.66#25.41
-95.1169,41.0003#46.93#27.65#25.42
-95.0589,41.0004#46.93#27.65#25.42
-95.0008,41.0004#46.93#27.65#25.42
-94.9427,41.0004#46.93#27.66#25.41
-94.8847,41.0003#46.93#27.66#25.41
-94.8266,41.0003#46.93#27.66#25.41
-94.7686,41.0002#46.93#27.66#25.41
-94.7105,41.0002#46.93#27.66#25.41
-94.6525,41#46.93#27.66#25.41
-94.5944,40.9999#46.93#27.66#25.41
-94.5363,40.9998#46.93#27.66#25.41
-94.4783,40.9996#46.93#27.66#25.41
-94.4202,40.9994#46.93#27.66#25.41
-94.3622,40.9993#46.93#27.66#25.41
-94.3041,40.999#46.93#27.66#25.41
-94.2461,40.9988#46.93#27.66#25.41
-94.188,40.9985#46.93#27.66#25.41
-94.13,40.9983#46.93#27.66#25.41
-94.0719,40.998#46.93#27.67#25.4
-94.0138,40.9977#46.93#27.67#25.4
-93.9558,40.9973#46.93#27.67#25.4
-93.8977,40.997#46.93#27.67#25.4
-93.8397,40.9966#46.93#27.67#25.4
-93.7816,40.9963#46.93#27.67#25.4
-93.7236,40.9958#46.93#27.67#25.4
-93.6655,40.9954#46.93#27.67#25.4
-93.6075,40.995#46.93#27.67#25.4
-93.5494,40.9945#46.93#27.67#25.4
-93.4914,40.994#46.93#27.67#25.4
-93.4333,40.9936#46.91#27.68#25.41
-93.3753,40.993#46.9#27.68#25.42
-93.3172,40.9925#46.89#27.68#25.43
-93.2592,40.9919#46.87#27.68#25.45
-93.2011,40.9914#46.86#27.68#25.46
-93.1431,40.9908#46.85#27.68#25.47
-93.085,40.9902#46.83#27.68#25.49
-93.027,40.9895#46.82#27.68#25.5
-92.9689,40.9889#46.78#27.68#25.54
-92.9109,40.9882#46.72#27.69#25.59
-92.8529,40.9876#46.65#27.69#25.66
-92.7948,40.9868#46.59#27.69#25.72
-92.7368,40.9861#46.52#27.69#25.79
-92.6787,40.9854#46.46#27.69#25.85
-92.6207,40.9846#46.4#27.69#25.91
-92.5627,40.9838#46.33#27.69#25.98
-92.5046,40.983#46.27#27.69#26.04
-92.4466,40.9822#46.14#27.69#26.17
-92.3885,40.9814#46.01#27.7#26.29
-92.3305,40.9805#45.87#27.7#26.43
-92.2725,40.9797#45.74#27.7#26.56
-92.2144,40.9788#45.6#27.7#26.7
-92.1564,40.9779#45.47#27.7#26.83
-92.0984,40.9769#45.33#27.7#26.97
-92.0404,40.976#45.2#27.7#27.1
-91.9823,40.975#45.05#27.7#27.25
-91.9243,40.974#44.84#27.7#27.46
-91.8663,40.973#44.64#27.71#27.65
-91.8082,40.972#44.44#27.71#27.85
-91.7502,40.971#44.24#27.71#28.05
-91.6922,40.9699#44.04#27.71#28.25
-91.6342,40.9688#43.84#27.71#28.45
-91.5762,40.9677#43.64#27.71#28.65
-91.5181,40.9666#43.43#27.71#28.86
-91.4601,40.9655#43.22#27.71#29.07
-91.4021,40.9643#42.99#27.71#29.3
-91.3441,40.9632#42.76#27.71#29.53
-91.2861,40.962#42.54#27.72#29.74
-91.2281,40.9608#42.31#27.72#29.97
-91.17,40.9595#42.09#27.72#30.19
-91.112,40.9583#41.86#27.72#30.42
-91.054,40.957#41.63#27.72#30.65
-90.996,40.9557#41.41#27.72#30.87
-90.938,40.9544#41.16#27.72#31.12
-90.88,40.9531#40.91#27.72#31.37
-90.822,40.9518#40.66#27.73#31.61
-90.764,40.9504#40.42#27.73#31.85
-90.706,40.949#40.17#27.73#32.1
-90.648,40.9476#39.92#27.73#32.35
-90.59,40.9462#39.67#27.73#32.6
-90.532,40.9448#39.42#27.73#32.85
-90.474,40.9433#39.19#27.73#33.08
-90.416,40.9419#38.97#27.73#33.3
-90.358,40.9404#38.74#27.73#33.53
-90.3,40.9389#38.52#27.74#33.74
-90.2421,40.9373#38.3#27.74#33.96
-90.1841,40.9358#38.08#27.74#34.18
-90.1261,40.9342#37.86#27.74#34.4
-90.0681,40.9326#37.64#27.74#34.62
-90.0101,40.931#37.42#27.74#34.84
-89.9522,40.9294#37.2#27.74#35.06
-89.8942,40.9278#36.98#27.74#35.28
-89.8362,40.9261#36.76#27.74#35.5
-89.7782,40.9244#36.54#27.75#35.71
-89.7203,40.9227#36.32#27.75#35.93
-89.6623,40.921#36.1#27.75#36.15
-89.6043,40.9193#35.88#27.75#36.37
-89.5464,40.9175#35.66#27.75#36.59
-89.4884,40.9158#35.44#27.75#36.81
-89.4304,40.914#35.21#27.75#37.04
-89.3725,40.9122#34.99#27.75#37.26
-89.3145,40.9103#34.77#27.76#37.47
-89.2566,40.9085#34.54#27.76#37.7
-89.1986,40.9066#34.32#27.76#37.92
-89.1407,40.9047#34.09#27.76#38.15
-89.0827,40.9028#33.87#27.76#38.37
-89.0248,40.9009#33.65#27.76#38.59
-102.138,40.9023#46.93#28.27#24.8
-102.08,40.9046#46.93#28.31#24.76
-102.022,40.9068#46.93#28.34#24.73
-101.965,40.9091#46.93#28.38#24.69
-101.907,40.9113#46.93#28.42#24.65
-101.849,40.9136#46.93#28.46#24.61
-101.791,40.9158#46.93#28.5#24.57
-101.733,40.918#46.93#28.54#24.53
-101.675,40.9201#46.93#28.58#24.49
-101.617,40.9223#46.93#28.61#24.46
-101.559,40.9244#46.93#28.65#24.42
-101.501,40.9265#46.93#28.69#24.38
-101.443,40.9286#46.93#28.71#24.36
-101.385,40.9307#46.93#28.72#24.35
-101.327,40.9327#46.93#28.74#24.33
-101.269,40.9348#46.93#28.75#24.32
-101.211,40.9368#46.93#28.77#24.3
-101.153,40.9388#46.93#28.78#24.29
-101.095,40.9408#46.93#28.8#24.27
-101.037,40.9427#46.93#28.81#24.26
-100.979,40.9447#46.93#28.83#24.24
-100.921,40.9466#46.93#28.84#24.23
-100.863,40.9485#46.93#28.85#24.22
-100.805,40.9504#46.93#28.86#24.21
-100.747,40.9522#46.93#28.86#24.21
-100.69,40.9541#46.93#28.87#24.2
-100.632,40.9559#46.93#28.88#24.19
-100.574,40.9577#46.93#28.89#24.18
-100.516,40.9595#46.93#28.9#24.17
-100.458,40.9613#46.93#28.91#24.16
-100.4,40.963#46.93#28.91#24.16
-100.342,40.9648#46.93#28.92#24.15
-100.284,40.9665#46.93#28.92#24.15
-100.226,40.9682#46.93#28.93#24.14
-100.168,40.9699#46.93#28.93#24.14
-100.11,40.9715#46.93#28.94#24.13
-100.052,40.9732#46.93#28.94#24.13
-99.9936,40.9748#46.93#28.96#24.11
-99.9356,40.9764#46.93#29.04#24.03
-99.8776,40.978#46.93#29.12#23.95
-99.8196,40.9796#46.93#29.21#23.86
-99.7616,40.9811#46.93#29.29#23.78
-99.7036,40.9826#46.93#29.37#23.7
-99.6456,40.9841#46.93#29.46#23.61
-99.5875,40.9856#46.93#29.54#23.53
-99.5295,40.9871#46.93#29.62#23.45
-99.4715,40.9886#46.93#29.71#23.36
-99.4135,40.99#46.93#29.8#23.27
-99.3555,40.9914#46.93#29.88#23.19
-99.2974,40.9928#46.93#29.97#23.1
-99.2394,40.9942#46.93#30.05#23.02
-99.1814,40.9956#46.93#30.14#22.93
-99.1234,40.9969#46.93#30.23#22.84
-99.0653,40.9982#46.93#30.31#22.76
-99.0073,40.9995#46.93#30.4#22.67
-98.9493,41.0008#46.93#30.44#22.63
-98.8912,41.0021#46.93#30.47#22.6
-98.8332,41.0033#46.93#30.51#22.56
-98.7752,41.0046#46.93#30.54#22.53
-98.7171,41.0058#46.93#30.57#22.5
-98.6591,41.007#46.93#30.61#22.46
-98.601,41.0081#46.93#30.64#22.43
-98.543,41.0093#46.93#30.68#22.39
-98.485,41.0104#46.93#30.67#22.4
-98.4269,41.0115#46.93#30.54#22.53
-98.3689,41.0126#46.93#30.41#22.66
-98.3108,41.0137#46.93#30.28#22.79
-98.2528,41.0148#46.93#30.15#22.92
-98.1947,41.0158#46.93#30.03#23.04
-98.1367,41.0168#46.93#29.9#23.17
-98.0786,41.0178#46.93#29.77#23.3
-98.0206,41.0188#46.93#29.64#23.43
-97.9625,41.0198#46.93#29.5#23.57
-97.9045,41.0207#46.93#29.36#23.71
-97.8464,41.0217#46.93#29.22#23.85
-97.7884,41.0226#46.93#29.07#24
-97.7303,41.0235#46.93#28.93#24.14
-97.6722,41.0243#46.93#28.79#24.28
-97.6142,41.0252#46.93#28.65#24.42
-97.5561,41.026#46.93#28.5#24.57
-97.4981,41.0269#46.93#28.36#24.71
-97.44,41.0276#46.93#28.31#24.76
-97.3819,41.0284#46.93#28.26#24.81
-97.3239,41.0292#46.93#28.2#24.87
-97.2658,41.0299#46.93#28.15#24.92
-97.2077,41.0307#46.93#28.1#24.97
-97.1497,41.0314#46.93#28.04#25.03
-97.0916,41.032#46.93#27.99#25.08
-97.0335,41.0327#46.93#27.93#25.14
-96.9755,41.0334#46.93#27.89#25.18
-96.9174,41.034#46.93#27.87#25.2
-96.8593,41.0346#46.93#27.85#25.22
-96.8012,41.0352#46.93#27.83#25.24
-96.7432,41.0358#46.93#27.81#25.26
-96.6851,41.0363#46.93#27.8#25.27
-96.627,41.0368#46.93#27.78#25.29
-96.569,41.0374#46.93#27.76#25.31
-96.5109,41.0379#46.93#27.74#25.33
-96.4528,41.0383#46.93#27.73#25.34
-96.3947,41.0388#46.93#27.72#25.35
-96.3366,41.0392#46.93#27.71#25.36
-96.2786,41.0397#46.93#27.71#25.36
-96.2205,41.0401#46.93#27.7#25.37
-96.1624,41.0405#46.93#27.69#25.38
-96.1043,41.0408#46.93#27.69#25.38
-96.0463,41.0412#46.93#27.68#25.39
-95.9882,41.0415#46.93#27.67#25.4
-95.9301,41.0418#46.93#27.67#25.4
-95.872,41.0421#46.93#27.67#25.4
-95.8139,41.0424#46.93#27.67#25.4
-95.7559,41.0426#46.93#27.66#25.41
-95.6978,41.0429#46.93#27.66#25.41
-95.6397,41.0431#46.93#27.66#25.41
-95.5816,41.0433#46.93#27.66#25.41
-95.5235,41.0434#46.93#27.66#25.41
-95.4655,41.0436#46.93#27.66#25.41
-95.4074,41.0437#46.93#27.66#25.41
-95.3493,41.0439#46.93#27.65#25.42
-95.2912,41.044#46.93#27.65#25.42
-95.2331,41.0441#46.93#27.65#25.42
-95.175,41.0441#46.93#27.65#25.42
-95.117,41.0442#46.93#27.65#25.42
-95.0589,41.0442#46.93#27.65#25.42
-95.0008,41.0442#46.93#27.65#25.42
-94.9427,41.0442#46.93#27.65#25.42
-94.8846,41.0442#46.93#27.65#25.42
-94.8266,41.0441#46.93#27.66#25.41
-94.7685,41.0441#46.93#27.66#25.41
-94.7104,41.044#46.93#27.66#25.41
-94.6523,41.0439#46.93#27.66#25.41
-94.5942,41.0438#46.93#27.66#25.41
-94.5361,41.0436#46.93#27.66#25.41
-94.4781,41.0435#46.93#27.66#25.41
-94.42,41.0433#46.93#27.66#25.41
-94.3619,41.0431#46.93#27.66#25.41
-94.3038,41.0429#46.93#27.66#25.41
-94.2457,41.0426#46.93#27.66#25.41
-94.1877,41.0424#46.93#27.66#25.41
-94.1296,41.0421#46.93#27.66#25.41
-94.0715,41.0418#46.93#27.66#25.41
-94.0134,41.0415#46.93#27.67#25.4
-93.9553,41.0412#46.93#27.67#25.4
-93.8973,41.0408#46.93#27.67#25.4
-93.8392,41.0405#46.93#27.67#25.4
-93.7811,41.0401#46.93#27.67#25.4
-93.723,41.0397#46.93#27.67#25.4
-93.665,41.0393#46.93#27.67#25.4
-93.6069,41.0388#46.93#27.67#25.4
-93.5488,41.0384#46.93#27.67#25.4
-93.4907,41.0379#46.93#27.67#25.4
-93.4327,41.0374#46.91#27.68#25.41
-93.3746,41.0369#46.9#27.68#25.42
-93.3165,41.0363#46.89#27.68#25.43
-93.2584,41.0358#46.87#27.68#25.45
-93.2004,41.0352#46.86#27.68#25.46
-93.1423,41.0346#46.84#27.68#25.48
-93.0842,41.034#46.83#27.68#25.49
-93.0261,41.0334#46.81#27.68#25.51
-92.9681,41.0327#46.77#27.68#25.55
-92.91,41.0321#46.71#27.68#25.61
-92.8519,41.0314#46.64#27.69#25.67
-92.7939,41.0307#46.57#27.69#25.74
-92.7358,41.0299#46.51#27.69#25.8
-92.6777,41.0292#46.44#27.69#25.87
-92.6197,41.0284#46.38#27.69#25.93
-92.5616,41.0277#46.31#27.69#26
-92.5036,41.0269#46.25#27.69#26.06
-92.4455,41.0261#46.12#27.69#26.19
-92.3874,41.0252#45.98#27.69#26.33
-92.3294,41.0244#45.84#27.7#26.46
-92.2713,41.0235#45.7#27.7#26.6
-92.2133,41.0226#45.57#27.7#26.73
-92.1552,41.0217#45.43#27.7#26.87
-92.0971,41.0208#45.29#27.7#27.01
-92.0391,41.0198#45.16#27.7#27.14
-91.981,41.0189#45#27.7#27.3
-91.923,41.0179#44.8#27.7#27.5
-91.8649,41.0169#44.59#27.7#27.71
-91.8069,41.0158#44.39#27.71#27.9
-91.7488,41.0148#44.19#27.71#28.1
-91.6908,41.0137#43.98#27.71#28.31
-91.6327,41.0127#43.78#27.71#28.51
-91.5747,41.0116#43.58#27.71#28.71
-91.5166,41.0104#43.38#27.71#28.91
-91.4586,41.0093#43.16#27.71#29.13
-91.4006,41.0082#42.93#27.71#29.36
-91.3425,41.007#42.7#27.71#29.59
-91.2845,41.0058#42.47#27.72#29.81
-91.2264,41.0046#42.25#27.72#30.03
-91.1684,41.0034#42.02#27.72#30.26
-91.1104,41.0021#41.79#27.72#30.49
-91.0523,41.0008#41.56#27.72#30.72
-90.9943,40.9996#41.34#27.72#30.94
-90.9363,40.9983#41.09#27.72#31.19
-90.8782,40.9969#40.84#27.72#31.44
-90.8202,40.9956#40.6#27.72#31.68
-90.7622,40.9942#40.35#27.73#31.92
-90.7042,40.9929#40.1#27.73#32.17
-90.6461,40.9915#39.86#27.73#32.41
-90.5881,40.99#39.61#27.73#32.66
-90.5301,40.9886#39.36#27.73#32.91
-90.4721,40.9871#39.13#27.73#33.14
-90.4141,40.9857#38.91#27.73#33.36
-90.356,40.9842#38.69#27.73#33.58
-90.298,40.9827#38.47#27.73#33.8
-90.24,40.9811#38.25#27.74#34.01
-90.182,40.9796#38.03#27.74#34.23
-90.124,40.978#37.81#27.74#34.45
-90.066,40.9764#37.59#27.74#34.67
-90.008,40.9748#37.37#27.74#34.89
-89.95,40.9732#37.15#27.74#35.11
-89.892,40.9716#36.93#27.74#35.33
-89.834,40.9699#36.71#27.74#35.55
-89.776,40.9682#36.49#27.75#35.76
-89.718,40.9665#36.27#27.75#35.98
-89.66,40.9648#36.05#27.75#36.2
-89.602,40.9631#35.83#27.75#36.42
-89.544,40.9613#35.61#27.75#36.64
-89.486,40.9596#35.39#27.75#36.86
-89.4281,40.9578#35.17#27.75#37.08
-89.3701,40.956#34.95#27.75#37.3
-89.3121,40.9541#34.72#27.75#37.53
-89.2541,40.9523#34.5#27.76#37.74
-89.1961,40.9504#34.28#27.76#37.96
-89.1382,40.9485#34.05#27.76#38.19
-89.0802,40.9466#33.83#27.76#38.41
-89.0222,40.9447#33.61#27.76#38.63
-88.9643,40.9428#33.38#27.76#38.86
-88.9063,40.9408#33.15#27.76#39.09
-88.8483,40.9388#32.91#27.76#39.33
-88.7904,40.9368#32.68#27.76#39.56
-88.7324,40.9348#32.45#27.76#39.79
-88.6744,40.9328#32.22#27.76#40.02
-88.6165,40.9307#31.98#27.76#40.26
-88.5585,40.9287#31.75#27.76#40.49
-88.5006,40.9266#31.52#27.77#40.71
-88.4426,40.9245#31.27#27.76#40.97
-88.3847,40.9223#31.03#27.76#41.21
-88.3268,40.9202#30.78#27.76#41.46
-88.2688,40.918#30.54#27.76#41.7
-88.2109,40.9158#30.3#27.76#41.94
-88.1529,40.9136#30.05#27.76#42.19
-88.095,40.9114#29.81#27.76#42.43
-88.0371,40.9092#29.56#27.76#42.68
-87.9791,40.9069#29.33#27.76#42.91
-87.9212,40.9046#29.13#27.76#43.11
-87.8633,40.9023#28.92#27.76#43.32
-87.8054,40.9#28.72#27.75#43.53
-103.184,40.9015#46.93#27.88#25.19
-103.126,40.9041#46.93#27.88#25.19
-103.068,40.9067#46.93#27.89#25.18
-103.01,40.9093#46.93#27.89#25.18
-102.952,40.9119#46.93#27.91#25.16
-102.894,40.9145#46.93#27.93#25.14
-102.837,40.917#46.93#27.95#25.12
-102.779,40.9195#46.93#27.97#25.1
-102.721,40.922#46.93#27.99#25.08
-102.663,40.9245#46.93#28.01#25.06
-102.605,40.927#46.93#28.03#25.04
-102.547,40.9294#46.93#28.05#25.02
-102.489,40.9319#46.93#28.07#25
-102.431,40.9343#46.93#28.11#24.96
-102.373,40.9367#46.93#28.15#24.92
-102.315,40.939#46.93#28.18#24.89
-102.257,40.9414#46.93#28.22#24.85
-102.199,40.9437#46.93#28.26#24.81
-102.141,40.946#46.93#28.3#24.77
-102.083,40.9483#46.93#28.34#24.73
-102.025,40.9506#46.93#28.38#24.69
-101.968,40.9529#46.93#28.41#24.66
-101.91,40.9551#46.93#28.45#24.62
-101.852,40.9574#46.93#28.49#24.58
-101.794,40.9596#46.93#28.52#24.55
-101.736,40.9617#46.93#28.56#24.51
-101.678,40.9639#46.93#28.59#24.48
-101.62,40.9661#46.93#28.63#24.44
-101.562,40.9682#46.93#28.66#24.41
-101.504,40.9703#46.93#28.7#24.37
-101.446,40.9724#46.93#28.72#24.35
-101.388,40.9745#46.93#28.73#24.34
-101.33,40.9765#46.93#28.75#24.32
-101.272,40.9786#46.93#28.76#24.31
-101.214,40.9806#46.93#28.78#24.29
-101.156,40.9826#46.93#28.79#24.28
-101.098,40.9846#46.93#28.81#24.26
-101.04,40.9865#46.93#28.82#24.25
-100.982,40.9885#46.93#28.83#24.24
-100.924,40.9904#46.93#28.84#24.23
-100.866,40.9923#46.93#28.85#24.22
-100.808,40.9942#46.93#28.86#24.21
-100.75,40.996#46.93#28.87#24.2
-100.692,40.9979#46.93#28.88#24.19
-100.634,40.9997#46.93#28.89#24.18
-100.576,41.0015#46.93#28.9#24.17
-100.518,41.0033#46.93#28.9#24.17
-100.46,41.0051#46.93#28.91#24.16
-100.402,41.0068#46.93#28.91#24.16
-100.344,41.0086#46.93#28.92#24.15
-100.286,41.0103#46.93#28.92#24.15
-100.228,41.012#46.93#28.93#24.14
-100.17,41.0137#46.93#28.93#24.14
-100.112,41.0153#46.93#28.94#24.13
-100.054,41.017#46.93#28.94#24.13
-99.9957,41.0186#46.93#28.95#24.12
-99.9377,41.0202#46.93#29.04#24.03
-99.8797,41.0218#46.93#29.12#23.95
-99.8217,41.0234#46.93#29.2#23.87
-99.7636,41.0249#46.93#29.29#23.78
-99.7056,41.0264#46.93#29.37#23.7
-99.6475,41.0279#46.93#29.45#23.62
-99.5895,41.0294#46.93#29.54#23.53
-99.5315,41.0309#46.93#29.62#23.45
-99.4734,41.0324#46.93#29.71#23.36
-99.4154,41.0338#46.93#29.79#23.28
-99.3573,41.0352#46.93#29.88#23.19
-99.2993,41.0366#46.93#29.96#23.11
-99.2412,41.038#46.93#30.05#23.02
-99.1832,41.0394#46.93#30.14#22.93
-99.1251,41.0407#46.93#30.22#22.85
-99.0671,41.042#46.93#30.31#22.76
-99.009,41.0433#46.93#30.4#22.67
-98.951,41.0446#46.93#30.44#22.63
-98.8929,41.0459#46.93#30.47#22.6
-98.8348,41.0471#46.93#30.51#22.56
-98.7768,41.0484#46.93#30.54#22.53
-98.7187,41.0496#46.93#30.57#22.5
-98.6607,41.0508#46.93#30.61#22.46
-98.6026,41.0519#46.93#30.64#22.43
-98.5445,41.0531#46.93#30.67#22.4
-98.4865,41.0542#46.93#30.67#22.4
-98.4284,41.0553#46.93#30.54#22.53
-98.3703,41.0564#46.93#30.41#22.66
-98.3122,41.0575#46.93#30.28#22.79
-98.2542,41.0586#46.93#30.16#22.91
-98.1961,41.0596#46.93#30.03#23.04
-98.138,41.0606#46.93#29.9#23.17
-98.0799,41.0617#46.93#29.77#23.3
-98.0219,41.0626#46.93#29.64#23.43
-97.9638,41.0636#46.93#29.5#23.57
-97.9057,41.0646#46.93#29.36#23.71
-97.8476,41.0655#46.93#29.22#23.85
-97.7895,41.0664#46.93#29.08#23.99
-97.7315,41.0673#46.93#28.93#24.14
-97.6734,41.0682#46.93#28.79#24.28
-97.6153,41.069#46.93#28.65#24.42
-97.5572,41.0698#46.93#28.51#24.56
-97.4991,41.0707#46.93#28.36#24.71
-97.441,41.0715#46.93#28.31#24.76
-97.3829,41.0722#46.93#28.26#24.81
-97.3249,41.073#46.93#28.2#24.87
-97.2668,41.0737#46.93#28.15#24.92
-97.2087,41.0745#46.93#28.1#24.97
-97.1506,41.0752#46.93#28.04#25.03
-97.0925,41.0759#46.93#27.99#25.08
-97.0344,41.0765#46.93#27.93#25.14
-96.9763,41.0772#46.93#27.89#25.18
-96.9182,41.0778#46.93#27.87#25.2
-96.8601,41.0784#46.93#27.85#25.22
-96.802,41.079#46.93#27.83#25.24
-96.7439,41.0796#46.93#27.81#25.26
-96.6858,41.0801#46.93#27.79#25.28
-96.6277,41.0807#46.93#27.77#25.3
-96.5696,41.0812#46.93#27.75#25.32
-96.5115,41.0817#46.93#27.73#25.34
-96.4534,41.0822#46.93#27.73#25.34
-96.3953,41.0826#46.93#27.72#25.35
-96.3372,41.0831#46.93#27.71#25.36
-96.2791,41.0835#46.93#27.7#25.37
-96.221,41.0839#46.93#27.7#25.37
-96.1629,41.0843#46.93#27.69#25.38
-96.1048,41.0846#46.93#27.68#25.39
-96.0467,41.085#46.93#27.68#25.39
-95.9886,41.0853#46.93#27.67#25.4
-95.9305,41.0856#46.93#27.67#25.4
-95.8724,41.0859#46.93#27.67#25.4
-95.8143,41.0862#46.93#27.67#25.4
-95.7562,41.0864#46.93#27.66#25.41
-95.6981,41.0867#46.93#27.66#25.41
-95.64,41.0869#46.93#27.66#25.41
-95.5819,41.0871#46.93#27.66#25.41
-95.5238,41.0873#46.93#27.66#25.41
-95.4657,41.0874#46.93#27.65#25.42
-95.4076,41.0876#46.93#27.65#25.42
-95.3494,41.0877#46.93#27.65#25.42
-95.2913,41.0878#46.93#27.65#25.42
-95.2332,41.0879#46.93#27.65#25.42
-95.1751,41.0879#46.93#27.65#25.42
-95.117,41.088#46.93#27.65#25.42
-95.0589,41.088#46.93#27.65#25.42
-95.0008,41.088#46.93#27.65#25.42
-94.9427,41.088#46.93#27.65#25.42
-94.8846,41.088#46.93#27.65#25.42
-94.8265,41.0879#46.93#27.65#25.42
-94.7684,41.0879#46.93#27.66#25.41
-94.7103,41.0878#46.93#27.66#25.41
-94.6522,41.0877#46.93#27.66#25.41
-94.5941,41.0876#46.93#27.66#25.41
-94.5359,41.0874#46.93#27.66#25.41
-94.4778,41.0873#46.93#27.66#25.41
-94.4197,41.0871#46.93#27.66#25.41
-94.3616,41.0869#46.93#27.66#25.41
-94.3035,41.0867#46.93#27.66#25.41
-94.2454,41.0864#46.93#27.66#25.41
-94.1873,41.0862#46.93#27.66#25.41
-94.1292,41.0859#46.93#27.66#25.41
-94.0711,41.0856#46.93#27.66#25.41
-94.013,41.0853#46.93#27.66#25.41
-93.9549,41.085#46.93#27.67#25.4
-93.8968,41.0846#46.93#27.67#25.4
-93.8387,41.0843#46.93#27.67#25.4
-93.7806,41.0839#46.93#27.67#25.4
-93.7225,41.0835#46.93#27.67#25.4
-93.6644,41.0831#46.93#27.67#25.4
-93.6063,41.0826#46.93#27.67#25.4
-93.5482,41.0822#46.93#27.67#25.4
-93.4901,41.0817#46.93#27.67#25.4
-93.432,41.0812#46.91#27.67#25.42
-93.3739,41.0807#46.9#27.68#25.42
-93.3158,41.0801#46.88#27.68#25.44
-93.2577,41.0796#46.87#27.68#25.45
-93.1996,41.079#46.85#27.68#25.47
-93.1415,41.0784#46.84#27.68#25.48
-93.0834,41.0778#46.82#27.68#25.5
-93.0253,41.0772#46.81#27.68#25.51
-92.9672,41.0765#46.76#27.68#25.56
-92.9091,41.0759#46.7#27.68#25.62
-92.851,41.0752#46.63#27.68#25.69
-92.7929,41.0745#46.56#27.69#25.75
-92.7348,41.0738#46.49#27.69#25.82
-92.6767,41.073#46.43#27.69#25.88
-92.6187,41.0723#46.36#27.69#25.95
-92.5606,41.0715#46.29#27.69#26.02
-92.5025,41.0707#46.22#27.69#26.09
-92.4444,41.0699#46.09#27.69#26.22
-92.3863,41.069#45.95#27.69#26.36
-92.3282,41.0682#45.81#27.69#26.5
-92.2701,41.0673#45.67#27.7#26.63
-92.2121,41.0664#45.53#27.7#26.77
-92.154,41.0655#45.39#27.7#26.91
-92.0959,41.0646#45.25#27.7#27.05
-92.0378,41.0636#45.12#27.7#27.18
-91.9797,41.0627#44.95#27.7#27.35
-91.9217,41.0617#44.75#27.7#27.55
-91.8636,41.0607#44.54#27.7#27.76
-91.8055,41.0597#44.34#27.7#27.96
-91.7474,41.0586#44.13#27.71#28.16
-91.6894,41.0576#43.93#27.71#28.36
-91.6313,41.0565#43.73#27.71#28.56
-91.5732,41.0554#43.52#27.71#28.77
-91.5151,41.0543#43.32#27.71#28.97
-91.4571,41.0531#43.09#27.71#29.2
-91.399,41.052#42.87#27.71#29.42
-91.3409,41.0508#42.64#27.71#29.65
-91.2829,41.0496#42.41#27.71#29.88
-91.2248,41.0484#42.18#27.72#30.1
-91.1668,41.0472#41.95#27.72#30.33
-91.1087,41.0459#41.72#27.72#30.56
-91.0506,41.0447#41.49#27.72#30.79
-90.9926,41.0434#41.26#27.72#31.02
-90.9345,41.0421#41.02#27.72#31.26
-90.8765,41.0407#40.78#27.72#31.5
-90.8184,41.0394#40.53#27.72#31.75
-90.7604,41.038#40.29#27.72#31.99
-90.7023,41.0367#40.04#27.73#32.23
-90.6443,41.0353#39.8#27.73#32.47
-90.5862,41.0338#39.55#27.73#32.72
-90.5282,41.0324#39.31#27.73#32.96
-90.4701,41.031#39.07#27.73#33.2
-90.4121,41.0295#38.86#27.73#33.41
-90.3541,41.028#38.64#27.73#33.63
-90.296,41.0265#38.42#27.73#33.85
-90.238,41.025#38.2#27.73#34.07
-90.1799,41.0234#37.98#27.74#34.28
-90.1219,41.0218#37.76#27.74#34.5
-90.0639,41.0203#37.54#27.74#34.72
-90.0059,41.0186#37.32#27.74#34.94
-89.9478,41.017#37.1#27.74#35.16
-89.8898,41.0154#36.88#27.74#35.38
-89.8318,41.0137#36.66#27.74#35.6
-89.7738,41.012#36.44#27.74#35.82
-89.7157,41.0103#36.22#27.75#36.03
-89.6577,41.0086#36.01#27.75#36.24
-89.5997,41.0069#35.79#27.75#36.46
-89.5417,41.0051#35.57#27.75#36.68
-89.4837,41.0034#35.35#27.75#36.9
-89.4257,41.0016#35.13#27.75#37.12
-89.3677,40.9998#34.9#27.75#37.35
-89.3097,40.9979#34.68#27.75#37.57
-89.2517,40.9961#34.46#27.75#37.79
-89.1937,40.9942#34.24#27.76#38
-89.1357,40.9923#34.01#27.76#38.23
-89.0777,40.9904#33.79#27.76#38.45
-89.0197,40.9885#33.57#27.76#38.67
-88.9617,40.9866#33.34#27.76#38.9
-88.9037,40.9846#33.11#27.76#39.13
-88.8457,40.9826#32.88#27.76#39.36
-88.7877,40.9806#32.64#27.76#39.6
-88.7297,40.9786#32.41#27.76#39.83
-88.6717,40.9766#32.18#27.76#40.06
-88.6138,40.9745#31.95#27.76#40.29
-88.5558,40.9724#31.71#27.76#40.53
-88.4978,40.9704#31.48#27.76#40.76
-88.4398,40.9682#31.24#27.76#41
-88.3819,40.9661#30.99#27.76#41.25
-88.3239,40.964#30.75#27.76#41.49
-88.2659,40.9618#30.5#27.76#41.74
-88.208,40.9596#30.26#27.76#41.98
-88.15,40.9574#30.01#27.76#42.23
-88.092,40.9552#29.77#27.76#42.47
-88.0341,40.9529#29.52#27.76#42.72
-87.9761,40.9507#29.29#27.76#42.95
-87.9182,40.9484#29.09#27.76#43.15
-87.8602,40.9461#28.89#27.75#43.36
-87.8023,40.9438#28.69#27.75#43.56
-87.7444,40.9415#28.48#27.75#43.77
-87.6864,40.9391#28.28#27.75#43.97
-87.6285,40.9367#28.08#27.75#44.17
-87.5705,40.9343#27.88#27.74#44.38
-87.5126,40.9319#27.67#27.74#44.59
-87.4547,40.9295#27.55#27.74#44.71
-87.3968,40.9271#27.44#27.74#44.82
-87.3388,40.9246#27.34#27.74#44.92
-87.2809,40.9221#27.23#27.73#45.04
-87.223,40.9196#27.13#27.73#45.14
-87.1651,40.9171#27.02#27.73#45.25
-87.1072,40.9145#26.92#27.73#45.35
-87.0493,40.912#26.81#27.72#45.47
-86.9914,40.9094#26.72#27.72#45.56
-86.9335,40.9068#26.71#27.72#45.57
-86.8756,40.9042#26.7#27.72#45.58
-86.8177,40.9015#26.69#27.71#45.6
-104.114,40.9005#46.93#27.82#25.25
-104.056,40.9035#46.93#27.83#25.24
-103.998,40.9064#46.93#27.84#25.23
-103.94,40.9093#46.93#27.84#25.23
-103.882,40.9122#46.93#27.85#25.22
-103.824,40.915#46.93#27.85#25.22
-103.766,40.9179#46.93#27.85#25.22
-103.709,40.9207#46.93#27.86#25.21
-103.651,40.9235#46.93#27.86#25.21
-103.593,40.9263#46.93#27.86#25.21
-103.535,40.929#46.93#27.86#25.21
-103.477,40.9318#46.93#27.87#25.2
-103.419,40.9345#46.93#27.87#25.2
-103.361,40.9372#46.93#27.88#25.19
-103.303,40.9399#46.93#27.88#25.19
-103.245,40.9426#46.93#27.89#25.18
-103.187,40.9452#46.93#27.89#25.18
-103.13,40.9479#46.93#27.9#25.17
-103.072,40.9505#46.93#27.9#25.17
-103.014,40.9531#46.93#27.91#25.16
-102.956,40.9557#46.93#27.92#25.15
-102.898,40.9582#46.93#27.94#25.13
-102.84,40.9608#46.93#27.97#25.1
-102.782,40.9633#46.93#27.99#25.08
-102.724,40.9658#46.93#28.01#25.06
-102.666,40.9683#46.93#28.03#25.04
-102.608,40.9708#46.93#28.05#25.02
-102.55,40.9732#46.93#28.07#25
-102.492,40.9756#46.93#28.1#24.97
-102.434,40.9781#46.93#28.14#24.93
-102.376,40.9804#46.93#28.18#24.89
-102.318,40.9828#46.93#28.21#24.86
-102.26,40.9852#46.93#28.25#24.82
-102.202,40.9875#46.93#28.29#24.78
-102.144,40.9898#46.93#28.33#24.74
-102.086,40.9921#46.93#28.37#24.7
-102.028,40.9944#46.93#28.41#24.66
-101.97,40.9967#46.93#28.45#24.62
-101.913,40.9989#46.93#28.48#24.59
-101.855,41.0011#46.93#28.51#24.56
-101.797,41.0033#46.93#28.55#24.52
-101.739,41.0055#46.93#28.58#24.49
-101.681,41.0077#46.93#28.61#24.46
-101.623,41.0098#46.93#28.65#24.42
-101.565,41.012#46.93#28.68#24.39
-101.507,41.0141#46.93#28.71#24.36
-101.449,41.0162#46.93#28.73#24.34
-101.391,41.0182#46.93#28.74#24.33
-101.333,41.0203#46.93#28.76#24.31
-101.275,41.0223#46.93#28.77#24.3
-101.217,41.0244#46.93#28.78#24.29
-101.159,41.0264#46.93#28.8#24.27
-101.101,41.0283#46.93#28.81#24.26
-101.043,41.0303#46.93#28.83#24.24
-100.985,41.0322#46.93#28.84#24.23
-100.926,41.0342#46.93#28.85#24.22
-100.868,41.0361#46.93#28.86#24.21
-100.81,41.038#46.93#28.86#24.21
-100.752,41.0398#46.93#28.87#24.2
-100.694,41.0417#46.93#28.88#24.19
-100.636,41.0435#46.93#28.89#24.18
-100.578,41.0453#46.93#28.9#24.17
-100.52,41.0471#46.93#28.91#24.16
-100.462,41.0489#46.93#28.91#24.16
-100.404,41.0506#46.93#28.92#24.15
-100.346,41.0524#46.93#28.92#24.15
-100.288,41.0541#46.93#28.93#24.14
-100.23,41.0558#46.93#28.93#24.14
-100.172,41.0575#46.93#28.93#24.14
-100.114,41.0591#46.93#28.94#24.13
-100.056,41.0608#46.93#28.94#24.13
-99.9979,41.0624#46.93#28.95#24.12
-99.9398,41.064#46.93#29.03#24.04
-99.8818,41.0656#46.93#29.12#23.95
-99.8237,41.0672#46.93#29.2#23.87
-99.7657,41.0687#46.93#29.28#23.79
-99.7076,41.0702#46.93#29.37#23.7
-99.6495,41.0717#46.93#29.45#23.62
-99.5915,41.0732#46.93#29.53#23.54
-99.5334,41.0747#46.93#29.62#23.45
-99.4753,41.0762#46.93#29.7#23.37
-99.4173,41.0776#46.93#29.79#23.28
-99.3592,41.079#46.93#29.88#23.19
-99.3011,41.0804#46.93#29.96#23.11
-99.2431,41.0818#46.93#30.05#23.02
-99.185,41.0832#46.93#30.13#22.94
-99.1269,41.0845#46.93#30.22#22.85
-99.0688,41.0858#46.93#30.31#22.76
-99.0107,41.0871#46.93#30.39#22.68
-98.9527,41.0884#46.93#30.44#22.63
-98.8946,41.0897#46.93#30.47#22.6
-98.8365,41.0909#46.93#30.5#22.57
-98.7784,41.0922#46.93#30.54#22.53
-98.7203,41.0934#46.93#30.57#22.5
-98.6622,41.0946#46.93#30.6#22.47
-98.6041,41.0957#46.93#30.64#22.43
-98.546,41.0969#46.93#30.67#22.4
-98.488,41.098#46.93#30.67#22.4
-98.4299,41.0991#46.93#30.54#22.53
-98.3718,41.1002#46.93#30.42#22.65
-98.3137,41.1013#46.93#30.29#22.78
-98.2556,41.1024#46.93#30.16#22.91
-98.1975,41.1034#46.93#30.03#23.04
-98.1394,41.1044#46.93#29.9#23.17
-98.0813,41.1055#46.93#29.77#23.3
-98.0232,41.1064#46.93#29.64#23.43
-97.9651,41.1074#46.93#29.51#23.56
-97.907,41.1084#46.93#29.36#23.71
-97.8489,41.1093#46.93#29.22#23.85
-97.7907,41.1102#46.93#29.08#23.99
-97.7326,41.1111#46.93#28.94#24.13
-97.6745,41.112#46.93#28.79#24.28
-97.6164,41.1128#46.93#28.65#24.42
-97.5583,41.1137#46.93#28.51#24.56
-97.5002,41.1145#46.93#28.36#24.71
-97.4421,41.1153#46.93#28.31#24.76
-97.384,41.116#46.93#28.26#24.81
-97.3259,41.1168#46.93#28.2#24.87
-97.2677,41.1175#46.93#28.15#24.92
-97.2096,41.1183#46.93#28.1#24.97
-97.1515,41.119#46.93#28.04#25.03
-97.0934,41.1197#46.93#27.99#25.08
-97.0353,41.1203#46.93#27.93#25.14
-96.9772,41.121#46.93#27.89#25.18
-96.919,41.1216#46.93#27.87#25.2
-96.8609,41.1222#46.93#27.85#25.22
-96.8028,41.1228#46.93#27.83#25.24
-96.7447,41.1234#46.93#27.81#25.26
-96.6865,41.1239#46.93#27.79#25.28
-96.6284,41.1245#46.93#27.77#25.3
-96.5703,41.125#46.93#27.75#25.32
-96.5122,41.1255#46.93#27.73#25.34
-96.454,41.126#46.93#27.72#25.35
-96.3959,41.1264#46.93#27.72#25.35
-96.3378,41.1269#46.93#27.71#25.36
-96.2797,41.1273#46.93#27.7#25.37
-96.2215,41.1277#46.93#27.7#25.37
-96.1634,41.1281#46.93#27.69#25.38
-96.1053,41.1284#46.93#27.68#25.39
-96.0472,41.1288#46.93#27.68#25.39
-95.989,41.1291#46.93#27.67#25.4
-95.9309,41.1294#46.93#27.67#25.4
-95.8728,41.1297#46.93#27.67#25.4
-95.8146,41.13#46.93#27.66#25.41
-95.7565,41.1302#46.93#27.66#25.41
-95.6984,41.1305#46.93#27.66#25.41
-95.6403,41.1307#46.93#27.66#25.41
-95.5821,41.1309#46.93#27.66#25.41
-95.524,41.1311#46.93#27.65#25.42
-95.4659,41.1312#46.93#27.65#25.42
-95.4077,41.1314#46.93#27.65#25.42
-95.3496,41.1315#46.93#27.65#25.42
-95.2915,41.1316#46.93#27.65#25.42
-95.2333,41.1317#46.93#27.65#25.42
-95.1752,41.1317#46.93#27.65#25.42
-95.1171,41.1318#46.93#27.65#25.42
-95.0589,41.1318#46.93#27.65#25.42
-95.0008,41.1318#46.93#27.65#25.42
-94.9427,41.1318#46.93#27.65#25.42
-94.8845,41.1318#46.93#27.65#25.42
-94.8264,41.1318#46.93#27.65#25.42
-94.7683,41.1317#46.93#27.65#25.42
-94.7101,41.1316#46.93#27.66#25.41
-94.652,41.1315#46.93#27.66#25.41
-94.5939,41.1314#46.93#27.66#25.41
-94.5357,41.1312#46.93#27.66#25.41
-94.4776,41.1311#46.93#27.66#25.41
-94.4195,41.1309#46.93#27.66#25.41
-94.3614,41.1307#46.93#27.66#25.41
-94.3032,41.1305#46.93#27.66#25.41
-94.2451,41.1303#46.93#27.66#25.41
-94.187,41.13#46.93#27.66#25.41
-94.1288,41.1297#46.93#27.66#25.41
-94.0707,41.1294#46.93#27.66#25.41
-94.0126,41.1291#46.93#27.66#25.41
-93.9544,41.1288#46.93#27.66#25.41
-93.8963,41.1285#46.93#27.67#25.4
-93.8382,41.1281#46.93#27.67#25.4
-93.7801,41.1277#46.93#27.67#25.4
-93.7219,41.1273#46.93#27.67#25.4
-93.6638,41.1269#46.93#27.67#25.4
-93.6057,41.1264#46.93#27.67#25.4
-93.5476,41.126#46.93#27.67#25.4
-93.4894,41.1255#46.93#27.67#25.4
-93.4313,41.125#46.91#27.67#25.42
-93.3732,41.1245#46.9#27.67#25.43
-93.3151,41.1239#46.88#27.68#25.44
-93.2569,41.1234#46.87#27.68#25.45
-93.1988,41.1228#46.85#27.68#25.47
-93.1407,41.1222#46.83#27.68#25.49
-93.0826,41.1216#46.82#27.68#25.5
-93.0245,41.121#46.8#27.68#25.52
-92.9663,41.1203#46.76#27.68#25.56
-92.9082,41.1197#46.69#27.68#25.63
