-96.8103,34.9002#46.71#27.34#25.95
-96.7555,34.9008#46.7#27.35#25.95
-96.7007,34.9014#46.68#27.35#25.97
-96.6458,34.9019#46.67#27.35#25.98
-96.591,34.9024#46.65#27.36#25.99
-96.5362,34.903#46.64#27.36#26
-96.4813,34.9035#46.62#27.37#26.01
-96.4265,34.9039#46.6#27.4#26
-96.3717,34.9044#46.58#27.43#25.99
-96.3168,34.9049#46.56#27.46#25.98
-96.262,34.9053#46.54#27.48#25.98
-96.2072,34.9057#46.52#27.51#25.97
-96.1523,34.9061#46.5#27.54#25.96
-96.0975,34.9065#46.48#27.57#25.95
-96.0427,34.9068#46.46#27.6#25.94
-95.9878,34.9072#46.43#27.63#25.94
-95.933,34.9075#46.4#27.66#25.94
-95.8782,34.9078#46.37#27.69#25.94
-95.8233,34.9081#46.34#27.72#25.94
-95.7685,34.9083#46.31#27.76#25.93
-95.7137,34.9086#46.28#27.79#25.93
-95.6588,34.9088#46.25#27.82#25.93
-95.604,34.909#46.22#27.86#25.92
-95.5491,34.9092#46.19#27.89#25.92
-95.4943,34.9094#46.16#27.92#25.92
-95.4395,34.9095#46.12#27.93#25.95
-95.3846,34.9097#46.07#27.95#25.98
-95.3298,34.9098#46.02#27.96#26.02
-95.275,34.9099#45.98#27.97#26.05
-95.2201,34.91#45.93#27.98#26.09
-95.1653,34.91#45.89#28#26.11
-95.1104,34.9101#45.84#28.01#26.15
-95.0556,34.9101#45.8#28.02#26.18
-95.0008,34.9101#45.75#28.04#26.21
-94.9459,34.9101#45.69#28.04#26.27
-94.8911,34.9101#45.64#28.05#26.31
-94.8362,34.91#45.58#28.06#26.36
-94.7814,34.91#45.52#28.07#26.41
-94.7266,34.9099#45.46#28.08#26.46
-94.6717,34.9098#45.41#28.09#26.5
-94.6169,34.9097#45.35#28.09#26.56
-94.562,34.9095#45.29#28.1#26.61
-94.5072,34.9094#45.23#28.11#26.66
-94.4524,34.9092#45.16#28.11#26.73
-94.3975,34.909#45.08#28.12#26.8
-94.3427,34.9088#45#28.12#26.88
-94.2879,34.9086#44.92#28.13#26.95
-94.233,34.9083#44.84#28.13#27.03
-94.1782,34.9081#44.76#28.14#27.1
-94.1233,34.9078#44.68#28.14#27.18
-94.0685,34.9075#44.61#28.14#27.25
-94.0137,34.9072#44.53#28.15#27.32
-93.9588,34.9068#44.44#28.15#27.41
-93.904,34.9065#44.36#28.15#27.49
-93.8492,34.9061#44.28#28.16#27.56
-93.7943,34.9057#44.2#28.16#27.64
-93.7395,34.9053#44.11#28.16#27.73
-93.6847,34.9049#44.03#28.16#27.81
-93.6298,34.9044#43.95#28.17#27.88
-93.575,34.904#43.86#28.17#27.97
-93.5202,34.9035#43.78#28.17#28.05
-93.4653,34.903#43.65#28.17#28.18
-93.4105,34.9025#43.51#28.18#28.31
-93.3557,34.9019#43.36#28.18#28.46
-93.3008,34.9014#43.21#28.18#28.61
-93.246,34.9008#43.06#28.18#28.76
-93.1912,34.9002#42.91#28.18#28.91
-99.2237,34.9011#46.92#28.57#24.51
-99.1689,34.9025#46.92#28.67#24.41
-99.1141,34.9039#46.92#28.76#24.32
-99.0593,34.9053#46.92#28.86#24.22
-99.0044,34.9066#46.92#28.95#24.13
-98.9496,34.9079#46.92#28.99#24.09
-98.8948,34.9092#46.92#29.03#24.05
-98.84,34.9105#46.92#29.07#24.01
-98.7852,34.9118#46.92#29.1#23.98
-98.7304,34.913#46.91#29.14#23.95
-98.6755,34.9142#46.91#29.17#23.92
-98.6207,34.9154#46.91#29.21#23.88
-98.5659,34.9166#46.91#29.25#23.84
-98.5111,34.9178#46.91#29.28#23.81
-98.4563,34.919#46.91#29.23#23.86
-98.4014,34.9201#46.9#29.14#23.96
-98.3466,34.9212#46.9#29.06#24.04
-98.2918,34.9223#46.9#28.98#24.12
-98.2369,34.9234#46.9#28.9#24.2
-98.1821,34.9245#46.9#28.82#24.28
-98.1273,34.9255#46.89#28.73#24.38
-98.0724,34.9265#46.89#28.65#24.46
-98.0176,34.9276#46.89#28.57#24.54
-97.9628,34.9285#46.88#28.48#24.64
-97.9079,34.9295#46.88#28.38#24.74
-97.8531,34.9305#46.88#28.29#24.83
-97.7983,34.9314#46.87#28.19#24.94
-97.7434,34.9323#46.87#28.09#25.04
-97.6886,34.9332#46.87#28#25.13
-97.6338,34.9341#46.86#27.9#25.24
-97.5789,34.935#46.86#27.81#25.33
-97.5241,34.9358#46.85#27.71#25.44
-97.4692,34.9367#46.85#27.65#25.5
-97.4144,34.9375#46.84#27.62#25.54
-97.3595,34.9383#46.83#27.58#25.59
-97.3047,34.939#46.82#27.55#25.63
-97.2499,34.9398#46.81#27.52#25.67
-97.195,34.9405#46.81#27.48#25.71
-97.1402,34.9412#46.8#27.45#25.75
-97.0853,34.9419#46.79#27.42#25.79
-97.0305,34.9426#46.78#27.39#25.83
-96.9756,34.9433#46.77#27.37#25.86
-96.9208,34.9439#46.76#27.37#25.87
-96.8659,34.9446#46.74#27.38#25.88
-96.8111,34.9452#46.73#27.38#25.89
-96.7562,34.9458#46.72#27.39#25.89
-96.7014,34.9463#46.7#27.39#25.91
-96.6465,34.9469#46.69#27.4#25.91
-96.5917,34.9474#46.68#27.4#25.92
-96.5368,34.9479#46.66#27.41#25.93
-96.4819,34.9484#46.65#27.42#25.93
-96.4271,34.9489#46.63#27.45#25.92
-96.3722,34.9494#46.61#27.48#25.91
-96.3174,34.9498#46.59#27.51#25.9
-96.2625,34.9503#46.57#27.54#25.89
-96.2077,34.9507#46.55#27.56#25.89
-96.1528,34.9511#46.54#27.59#25.87
-96.098,34.9514#46.52#27.62#25.86
-96.0431,34.9518#46.5#27.65#25.85
-95.9882,34.9521#46.48#27.68#25.84
-95.9334,34.9525#46.45#27.71#25.84
-95.8785,34.9528#46.42#27.74#25.84
-95.8237,34.953#46.39#27.77#25.84
-95.7688,34.9533#46.36#27.8#25.84
-95.7139,34.9535#46.34#27.83#25.83
-95.6591,34.9538#46.31#27.86#25.83
-95.6042,34.954#46.28#27.89#25.83
-95.5494,34.9542#46.25#27.92#25.83
-95.4945,34.9543#46.22#27.95#25.83
-95.4396,34.9545#46.18#27.97#25.85
-95.3848,34.9546#46.13#27.98#25.89
-95.3299,34.9548#46.09#27.99#25.92
-95.2751,34.9549#46.05#28#25.95
-95.2202,34.9549#46.01#28.02#25.97
-95.1653,34.955#45.96#28.03#26.01
-95.1105,34.9551#45.92#28.04#26.04
-95.0556,34.9551#45.88#28.05#26.07
-95.0008,34.9551#45.83#28.07#26.1
-94.9459,34.9551#45.78#28.07#26.15
-94.891,34.9551#45.72#28.08#26.2
-94.8362,34.955#45.67#28.09#26.24
-94.7813,34.9549#45.61#28.1#26.29
-94.7265,34.9549#45.56#28.1#26.34
-94.6716,34.9548#45.5#28.11#26.39
-94.6167,34.9546#45.45#28.12#26.43
-94.5619,34.9545#45.39#28.13#26.48
-94.507,34.9544#45.34#28.14#26.52
-94.4522,34.9542#45.27#28.14#26.59
-94.3973,34.954#45.19#28.14#26.67
-94.3424,34.9538#45.11#28.15#26.74
-94.2876,34.9536#45.04#28.15#26.81
-94.2327,34.9533#44.96#28.16#26.88
-94.1779,34.953#44.88#28.16#26.96
-94.123,34.9528#44.8#28.16#27.04
-94.0681,34.9525#44.73#28.17#27.1
-94.0133,34.9521#44.65#28.17#27.18
-93.9584,34.9518#44.57#28.17#27.26
-93.9036,34.9515#44.48#28.18#27.34
-93.8487,34.9511#44.4#28.18#27.42
-93.7938,34.9507#44.32#28.18#27.5
-93.739,34.9503#44.23#28.18#27.59
-93.6841,34.9499#44.15#28.19#27.66
-93.6293,34.9494#44.06#28.19#27.75
-93.5744,34.9489#43.98#28.19#27.83
-93.5196,34.9485#43.89#28.19#27.92
-93.4647,34.948#43.77#28.2#28.03
-93.4099,34.9474#43.62#28.2#28.18
-93.355,34.9469#43.48#28.2#28.32
-93.3002,34.9464#43.33#28.2#28.47
-93.2453,34.9458#43.18#28.2#28.62
-93.1905,34.9452#43.04#28.2#28.76
-93.1356,34.9446#42.89#28.21#28.9
-93.0808,34.944#42.74#28.21#29.05
-93.0259,34.9433#42.6#28.21#29.19
-92.9711,34.9426#42.44#28.21#29.35
-92.9162,34.942#42.27#28.21#29.52
-92.8614,34.9413#42.1#28.21#29.69
-92.8065,34.9405#41.92#28.21#29.87
-92.7517,34.9398#41.75#28.21#30.04
-92.6968,34.9391#41.58#28.22#30.2
-92.642,34.9383#41.41#28.22#30.37
-92.5871,34.9375#41.24#28.22#30.54
-92.5323,34.9367#41.07#28.22#30.71
-92.4774,34.9359#40.9#28.22#30.88
-92.4226,34.935#40.75#28.22#31.03
-92.3678,34.9341#40.6#28.22#31.18
-92.3129,34.9333#40.44#28.22#31.34
-92.2581,34.9324#40.29#28.22#31.49
-92.2032,34.9314#40.14#28.23#31.63
-92.1484,34.9305#39.98#28.23#31.79
-92.0936,34.9295#39.83#28.23#31.94
-92.0387,34.9286#39.68#28.23#32.09
-91.9839,34.9276#39.53#28.23#32.24
-91.9291,34.9266#39.41#28.23#32.36
-91.8742,34.9255#39.29#28.23#32.48
-91.8194,34.9245#39.16#28.23#32.61
-91.7646,34.9234#39.04#28.24#32.72
-91.7097,34.9224#38.91#28.24#32.85
-91.6549,34.9213#38.79#28.24#32.97
-91.6001,34.9201#38.67#28.24#33.09
-91.5453,34.919#38.54#28.24#33.22
-91.4904,34.9178#38.42#28.24#33.34
-91.4356,34.9167#38.31#28.25#33.44
-91.3808,34.9155#38.19#28.26#33.55
-91.326,34.9143#38.08#28.27#33.65
-91.2712,34.913#37.96#28.28#33.76
-91.2163,34.9118#37.85#28.28#33.87
-91.1615,34.9105#37.73#28.29#33.98
-91.1067,34.9093#37.62#28.3#34.08
-91.0519,34.908#37.5#28.31#34.19
-90.9971,34.9066#37.39#28.31#34.3
-90.9423,34.9053#37.27#28.32#34.41
-90.8874,34.9039#37.15#28.33#34.52
-90.8326,34.9026#37.04#28.34#34.62
-90.7778,34.9012#36.92#28.35#34.73
-100.705,34.9016#46.93#27.11#25.96
-100.65,34.9035#46.93#27.11#25.96
-100.596,34.9054#46.93#27.12#25.95
-100.541,34.9072#46.93#27.12#25.95
-100.486,34.9091#46.93#27.13#25.94
-100.431,34.9109#46.93#27.14#25.93
-100.376,34.9127#46.93#27.16#25.91
-100.322,34.9144#46.93#27.17#25.9
-100.267,34.9162#46.93#27.19#25.88
-100.212,34.9179#46.93#27.2#25.87
-100.157,34.9197#46.93#27.22#25.85
-100.102,34.9214#46.93#27.23#25.84
-100.048,34.923#46.93#27.25#25.82
-99.9929,34.9247#46.93#27.27#25.8
-99.9381,34.9263#46.93#27.37#25.7
-99.8833,34.928#46.93#27.46#25.61
-99.8284,34.9296#46.93#27.56#25.51
-99.7736,34.9312#46.93#27.66#25.41
-99.7188,34.9328#46.93#27.76#25.31
-99.664,34.9343#46.93#27.85#25.22
-99.6092,34.9358#46.93#27.95#25.12
-99.5544,34.9374#46.93#28.05#25.02
-99.4995,34.9389#46.93#28.14#24.93
-99.4447,34.9404#46.92#28.24#24.84
-99.3899,34.9418#46.92#28.33#24.75
-99.3351,34.9433#46.92#28.42#24.66
-99.2802,34.9447#46.92#28.52#24.56
-99.2254,34.9461#46.92#28.61#24.47
-99.1706,34.9475#46.92#28.7#24.38
-99.1157,34.9489#46.92#28.79#24.29
-99.0609,34.9502#46.92#28.89#24.19
-99.0061,34.9516#46.92#28.98#24.1
-98.9512,34.9529#46.92#29.02#24.06
-98.8964,34.9542#46.92#29.06#24.02
-98.8416,34.9555#46.92#29.09#23.99
-98.7867,34.9567#46.92#29.13#23.95
-98.7319,34.958#46.92#29.17#23.91
-98.677,34.9592#46.91#29.2#23.89
-98.6222,34.9604#46.91#29.24#23.85
-98.5673,34.9616#46.91#29.27#23.82
-98.5125,34.9628#46.91#29.31#23.78
-98.4577,34.9639#46.91#29.25#23.84
-98.4028,34.9651#46.91#29.17#23.92
-98.348,34.9662#46.9#29.09#24.01
-98.2931,34.9673#46.9#29.01#24.09
-98.2383,34.9684#46.9#28.93#24.17
-98.1834,34.9694#46.9#28.84#24.26
-98.1285,34.9705#46.9#28.76#24.34
-98.0737,34.9715#46.89#28.68#24.43
-98.0188,34.9725#46.89#28.6#24.51
-97.964,34.9735#46.89#28.5#24.61
-97.9091,34.9745#46.89#28.41#24.7
-97.8543,34.9754#46.88#28.31#24.81
-97.7994,34.9764#46.88#28.22#24.9
-97.7445,34.9773#46.88#28.12#25
-97.6897,34.9782#46.87#28.02#25.11
-97.6348,34.9791#46.87#27.93#25.2
-97.58,34.98#46.86#27.83#25.31
-97.5251,34.9808#46.86#27.74#25.4
-97.4702,34.9816#46.86#27.68#25.46
-97.4154,34.9824#46.85#27.64#25.51
-97.3605,34.9832#46.84#27.61#25.55
-97.3056,34.984#46.83#27.58#25.59
-97.2508,34.9848#46.83#27.55#25.62
-97.1959,34.9855#46.82#27.52#25.66
-97.141,34.9862#46.81#27.48#25.71
-97.0862,34.9869#46.8#27.45#25.75
-97.0313,34.9876#46.8#27.42#25.78
-96.9764,34.9883#46.79#27.41#25.8
-96.9215,34.9889#46.77#27.41#25.82
-96.8667,34.9895#46.76#27.42#25.82
-96.8118,34.9901#46.75#27.42#25.83
-96.7569,34.9907#46.74#27.43#25.83
-96.702,34.9913#46.72#27.44#25.84
-96.6472,34.9919#46.71#27.44#25.85
-96.5923,34.9924#46.7#27.45#25.85
-96.5374,34.9929#46.69#27.46#25.85
-96.4825,34.9934#46.67#27.47#25.86
-96.4277,34.9939#46.66#27.5#25.84
-96.3728,34.9944#46.64#27.53#25.83
-96.3179,34.9948#46.62#27.56#25.82
-96.263,34.9952#46.61#27.59#25.8
-96.2082,34.9957#46.59#27.62#25.79
-96.1533,34.996#46.57#27.65#25.78
-96.0984,34.9964#46.56#27.68#25.76
-96.0435,34.9968#46.54#27.71#25.75
-95.9886,34.9971#46.52#27.73#25.75
-95.9338,34.9974#46.49#27.76#25.75
-95.8789,34.9977#46.47#27.79#25.74
-95.824,34.998#46.44#27.82#25.74
-95.7691,34.9983#46.41#27.85#25.74
-95.7142,34.9985#46.39#27.88#25.73
-95.6594,34.9988#46.36#27.9#25.74
-95.6045,34.999#46.33#27.93#25.74
-95.5496,34.9992#46.31#27.96#25.73
-95.4947,34.9993#46.28#27.99#25.73
-95.4398,34.9995#46.24#28#25.76
-95.3849,34.9996#46.2#28.01#25.79
-95.3301,34.9997#46.16#28.02#25.82
-95.2752,34.9998#46.12#28.03#25.85
-95.2203,34.9999#46.08#28.05#25.87
-95.1654,35#46.04#28.06#25.9
-95.1105,35#46#28.07#25.93
-95.0556,35.0001#45.96#28.08#25.96
-95.0008,35.0001#45.92#28.09#25.99
-94.9459,35.0001#45.86#28.1#26.04
-94.891,35#45.81#28.11#26.08
-94.8361,35#45.76#28.12#26.12
-94.7812,34.9999#45.71#28.12#26.17
-94.7263,34.9998#45.66#28.13#26.21
-94.6715,34.9997#45.6#28.14#26.26
-94.6166,34.9996#45.55#28.15#26.3
-94.5617,34.9995#45.5#28.15#26.35
-94.5068,34.9993#45.45#28.16#26.39
-94.4519,34.9992#45.37#28.16#26.47
-94.397,34.999#45.3#28.17#26.53
-94.3422,34.9988#45.22#28.17#26.61
-94.2873,34.9985#45.15#28.18#26.67
-94.2324,34.9983#45.07#28.18#26.75
-94.1775,34.998#45#28.18#26.82
-94.1226,34.9977#44.92#28.19#26.89
-94.0678,34.9974#44.85#28.19#26.96
-94.0129,34.9971#44.77#28.2#27.03
-93.958,34.9968#44.69#28.2#27.11
-93.9031,34.9964#44.61#28.2#27.19
-93.8482,34.9961#44.52#28.2#27.28
-93.7934,34.9957#44.44#28.21#27.35
-93.7385,34.9953#44.35#28.21#27.44
-93.6836,34.9948#44.27#28.21#27.52
-93.6287,34.9944#44.18#28.21#27.61
-93.5738,34.9939#44.09#28.21#27.7
-93.519,34.9934#44.01#28.22#27.77
-93.4641,34.9929#43.89#28.22#27.89
-93.4092,34.9924#43.74#28.22#28.04
-93.3543,34.9919#43.6#28.22#28.18
-93.2995,34.9913#43.45#28.22#28.33
-93.2446,34.9908#43.31#28.22#28.47
-93.1897,34.9902#43.17#28.23#28.6
-93.1348,34.9896#43.02#28.23#28.75
-93.08,34.9889#42.88#28.23#28.89
-93.0251,34.9883#42.73#28.23#29.04
-92.9702,34.9876#42.58#28.23#29.19
-92.9154,34.9869#42.41#28.23#29.36
-92.8605,34.9862#42.25#28.23#29.52
-92.8056,34.9855#42.08#28.24#29.68
-92.7508,34.9848#41.91#28.24#29.85
-92.6959,34.984#41.75#28.24#30.01
-92.641,34.9833#41.58#28.24#30.18
-92.5862,34.9825#41.41#28.24#30.35
-92.5313,34.9817#41.25#28.24#30.51
-92.4764,34.9808#41.08#28.24#30.68
-92.4216,34.98#40.93#28.24#30.83
-92.3667,34.9791#40.77#28.24#30.99
-92.3118,34.9782#40.61#28.24#31.15
-92.257,34.9773#40.46#28.25#31.29
-92.2021,34.9764#40.3#28.25#31.45
-92.1473,34.9755#40.15#28.25#31.6
-92.0924,34.9745#39.99#28.25#31.76
-92.0375,34.9735#39.83#28.25#31.92
-91.9827,34.9726#39.69#28.25#32.06
-91.9278,34.9715#39.56#28.25#32.19
-91.873,34.9705#39.43#28.25#32.32
-91.8181,34.9695#39.3#28.26#32.44
-91.7633,34.9684#39.18#28.26#32.56
-91.7084,34.9673#39.05#28.26#32.69
-91.6536,34.9662#38.92#28.26#32.82
-91.5987,34.9651#38.79#28.26#32.95
-91.5439,34.964#38.67#28.26#33.07
-91.489,34.9628#38.54#28.27#33.19
-91.4342,34.9616#38.43#28.27#33.3
-91.3793,34.9604#38.31#28.28#33.41
-91.3245,34.9592#38.2#28.29#33.51
-91.2696,34.958#38.08#28.29#33.63
-91.2148,34.9568#37.97#28.3#33.73
-91.16,34.9555#37.85#28.31#33.84
-91.1051,34.9542#37.74#28.32#33.94
-91.0503,34.9529#37.62#28.32#34.06
-90.9954,34.9516#37.5#28.33#34.17
-90.9406,34.9503#37.39#28.34#34.27
-90.8858,34.9489#37.27#28.35#34.38
-90.8309,34.9475#37.15#28.36#34.49
-90.7761,34.9461#37.04#28.37#34.59
-90.7213,34.9447#36.92#28.38#34.7
-90.6665,34.9433#36.8#28.39#34.81
-90.6116,34.9419#36.69#28.4#34.91
-90.5568,34.9404#36.57#28.41#35.02
-90.502,34.9389#36.45#28.42#35.13
-90.4472,34.9374#36.33#28.43#35.24
-90.3923,34.9359#36.21#28.44#35.35
-90.3375,34.9344#36.09#28.44#35.47
-90.2827,34.9328#35.97#28.45#35.58
-90.2279,34.9312#35.85#28.46#35.69
-90.1731,34.9296#35.73#28.47#35.8
-90.1183,34.928#35.61#28.48#35.91
-90.0635,34.9264#35.49#28.49#36.02
-90.0086,34.9247#35.37#28.49#36.14
-89.9538,34.9231#35.24#28.5#36.26
-89.899,34.9214#35.11#28.5#36.39
-89.8442,34.9197#34.98#28.5#36.52
-89.7894,34.918#34.86#28.51#36.63
-89.7346,34.9162#34.73#28.51#36.76
-89.6798,34.9145#34.6#28.51#36.89
-89.625,34.9127#34.47#28.51#37.02
-89.5702,34.9109#34.34#28.51#37.15
-89.5154,34.9091#34.22#28.52#37.26
-89.4606,34.9073#34.09#28.51#37.4
-89.4058,34.9054#33.97#28.51#37.52
-89.3511,34.9036#33.84#28.5#37.66
-89.2963,34.9017#33.72#28.5#37.78
-101.913,34.9006#46.93#27.1#25.97
-101.858,34.9028#46.93#27.1#25.97
-101.803,34.9051#46.93#27.1#25.97
-101.749,34.9074#46.93#27.1#25.97
-101.694,34.9096#46.93#27.1#25.97
-101.639,34.9118#46.93#27.1#25.97
-101.584,34.914#46.93#27.1#25.97
-101.529,34.9162#46.93#27.11#25.96
-101.475,34.9183#46.93#27.11#25.96
-101.42,34.9205#46.93#27.11#25.96
-101.365,34.9226#46.93#27.11#25.96
-101.31,34.9247#46.93#27.11#25.96
-101.256,34.9268#46.93#27.11#25.96
-101.201,34.9288#46.93#27.12#25.95
-101.146,34.9309#46.93#27.12#25.95
-101.091,34.9329#46.93#27.12#25.95
-101.036,34.9349#46.93#27.12#25.95
-100.982,34.9369#46.93#27.12#25.95
-100.927,34.9389#46.93#27.13#25.94
-100.872,34.9408#46.93#27.13#25.94
-100.817,34.9428#46.93#27.14#25.93
-100.762,34.9447#46.93#27.14#25.93
-100.708,34.9466#46.93#27.15#25.92
-100.653,34.9485#46.93#27.15#25.92
-100.598,34.9503#46.93#27.16#25.91
-100.543,34.9522#46.93#27.16#25.91
-100.488,34.954#46.93#27.17#25.9
-100.433,34.9558#46.93#27.19#25.88
-100.379,34.9576#46.93#27.2#25.87
-100.324,34.9594#46.93#27.22#25.85
-100.269,34.9611#46.93#27.23#25.84
-100.214,34.9629#46.93#27.25#25.82
-100.159,34.9646#46.93#27.26#25.81
-100.105,34.9663#46.93#27.28#25.79
-100.05,34.968#46.93#27.29#25.78
-99.9949,34.9697#46.93#27.32#25.75
-99.9401,34.9713#46.93#27.41#25.66
-99.8852,34.9729#46.93#27.51#25.56
-99.8304,34.9745#46.93#27.61#25.46
-99.7756,34.9761#46.93#27.7#25.37
-99.7207,34.9777#46.93#27.8#25.27
-99.6659,34.9793#46.93#27.9#25.17
-99.611,34.9808#46.93#27.99#25.08
-99.5562,34.9823#46.93#28.09#24.98
-99.5013,34.9838#46.93#28.19#24.88
-99.4465,34.9853#46.93#28.28#24.79
-99.3917,34.9868#46.92#28.37#24.71
-99.3368,34.9882#46.92#28.46#24.62
-99.282,34.9896#46.92#28.55#24.53
-99.2271,34.9911#46.92#28.64#24.44
-99.1723,34.9925#46.92#28.73#24.35
-99.1174,34.9938#46.92#28.83#24.25
-99.0625,34.9952#46.92#28.92#24.16
-99.0077,34.9965#46.92#29.01#24.07
-98.9528,34.9978#46.92#29.05#24.03
-98.898,34.9991#46.92#29.09#23.99
-98.8431,35.0004#46.92#29.12#23.96
-98.7882,35.0017#46.92#29.16#23.92
-98.7334,35.0029#46.92#29.19#23.89
-98.6785,35.0042#46.92#29.23#23.85
-98.6237,35.0054#46.92#29.27#23.81
-98.5688,35.0066#46.91#29.3#23.79
-98.5139,35.0077#46.91#29.34#23.75
-98.4591,35.0089#46.91#29.28#23.81
-98.4042,35.01#46.91#29.2#23.89
-98.3493,35.0112#46.91#29.12#23.97
-98.2944,35.0123#46.91#29.04#24.05
-98.2396,35.0133#46.9#28.95#24.15
-98.1847,35.0144#46.9#28.87#24.23
-98.1298,35.0155#46.9#28.79#24.31
-98.0749,35.0165#46.9#28.71#24.39
-98.0201,35.0175#46.9#28.62#24.48
-97.9652,35.0185#46.89#28.53#24.58
-97.9103,35.0195#46.89#28.44#24.67
-97.8554,35.0204#46.89#28.34#24.77
-97.8005,35.0214#46.88#28.24#24.88
-97.7457,35.0223#46.88#28.15#24.97
-97.6908,35.0232#46.88#28.05#25.07
-97.6359,35.0241#46.87#27.96#25.17
-97.581,35.0249#46.87#27.86#25.27
-97.5261,35.0258#46.87#27.76#25.37
-97.4712,35.0266#46.86#27.7#25.44
-97.4163,35.0274#46.86#27.67#25.47
-97.3615,35.0282#46.85#27.64#25.51
-97.3066,35.029#46.84#27.61#25.55
-97.2517,35.0297#46.84#27.58#25.58
-97.1968,35.0305#46.83#27.55#25.62
-97.1419,35.0312#46.82#27.52#25.66
-97.087,35.0319#46.82#27.49#25.69
-97.0321,35.0326#46.81#27.46#25.73
-96.9772,35.0332#46.8#27.44#25.76
-96.9223,35.0339#46.79#27.45#25.76
-96.8674,35.0345#46.78#27.46#25.76
-96.8125,35.0351#46.77#27.47#25.76
-96.7576,35.0357#46.76#27.47#25.77
-96.7027,35.0363#46.75#27.48#25.77
-96.6478,35.0368#46.74#27.49#25.77
-96.5929,35.0374#46.72#27.5#25.78
-96.538,35.0379#46.71#27.51#25.78
-96.4831,35.0384#46.7#27.52#25.78
-96.4282,35.0389#46.69#27.55#25.76
-96.3733,35.0393#46.67#27.58#25.75
-96.3184,35.0398#46.66#27.61#25.73
-96.2635,35.0402#46.64#27.64#25.72
-96.2086,35.0406#46.63#27.67#25.7
-96.1537,35.041#46.61#27.7#25.69
-96.0988,35.0414#46.59#27.73#25.68
-96.0439,35.0417#46.58#27.76#25.66
-95.989,35.0421#46.56#27.79#25.65
-95.9341,35.0424#46.54#27.82#25.64
-95.8792,35.0427#46.51#27.84#25.65
-95.8243,35.043#46.49#27.87#25.64
-95.7694,35.0432#46.46#27.89#25.65
-95.7145,35.0435#46.44#27.92#25.64
-95.6596,35.0437#46.41#27.94#25.65
-95.6047,35.0439#46.39#27.97#25.64
-95.5498,35.0441#46.37#28#25.63
-95.4949,35.0443#46.34#28.02#25.64
-95.44,35.0445#46.3#28.03#25.67
-95.3851,35.0446#46.26#28.04#25.7
-95.3302,35.0447#46.23#28.06#25.71
-95.2753,35.0448#46.19#28.07#25.74
-95.2204,35.0449#46.15#28.08#25.77
-95.1655,35.045#46.11#28.09#25.8
-95.1106,35.045#46.07#28.1#25.83
-95.0557,35.045#46.04#28.11#25.85
-95.0008,35.045#46#28.12#25.88
-94.9459,35.045#45.95#28.13#25.92
-94.8909,35.045#45.9#28.14#25.96
-94.836,35.045#45.85#28.14#26.01
-94.7811,35.0449#45.8#28.15#26.05
-94.7262,35.0448#45.75#28.16#26.09
-94.6713,35.0447#45.7#28.16#26.14
-94.6164,35.0446#45.65#28.17#26.18
-94.5615,35.0445#45.6#28.18#26.22
-94.5066,35.0443#45.55#28.19#26.26
-94.4517,35.0441#45.48#28.19#26.33
-94.3968,35.0439#45.41#28.19#26.4
-94.3419,35.0437#45.34#28.2#26.46
-94.287,35.0435#45.26#28.2#26.54
-94.2321,35.0433#45.19#28.2#26.61
-94.1772,35.043#45.12#28.21#26.67
-94.1223,35.0427#45.04#28.21#26.75
-94.0674,35.0424#44.97#28.22#26.81
-94.0125,35.0421#44.9#28.22#26.88
-93.9576,35.0418#44.81#28.22#26.97
-93.9027,35.0414#44.73#28.22#27.05
-93.8478,35.041#44.64#28.23#27.13
-93.7929,35.0406#44.56#28.23#27.21
-93.738,35.0402#44.47#28.23#27.3
-93.6831,35.0398#44.38#28.23#27.39
-93.6282,35.0394#44.3#28.24#27.46
-93.5733,35.0389#44.21#28.24#27.55
-93.5184,35.0384#44.12#28.24#27.64
-93.4635,35.0379#44#28.24#27.76
-93.4086,35.0374#43.86#28.24#27.9
-93.3537,35.0369#43.72#28.24#28.04
-93.2988,35.0363#43.58#28.25#28.17
-93.2439,35.0357#43.44#28.25#28.31
-93.189,35.0351#43.29#28.25#28.46
-93.1341,35.0345#43.15#28.25#28.6
-93.0792,35.0339#43.01#28.25#28.74
-93.0243,35.0332#42.87#28.25#28.88
-92.9694,35.0326#42.72#28.25#29.03
-92.9145,35.0319#42.56#28.26#29.18
-92.8596,35.0312#42.4#28.26#29.34
-92.8047,35.0305#42.23#28.26#29.51
-92.7498,35.0297#42.07#28.26#29.67
-92.695,35.029#41.91#28.26#29.83
-92.6401,35.0282#41.75#28.26#29.99
-92.5852,35.0274#41.59#28.26#30.15
-92.5303,35.0266#41.43#28.26#30.31
-92.4754,35.0258#41.26#28.26#30.48
-92.4205,35.0249#41.1#28.26#30.64
-92.3656,35.0241#40.95#28.27#30.78
-92.3107,35.0232#40.79#28.27#30.94
-92.2559,35.0223#40.63#28.27#31.1
-92.201,35.0214#40.47#28.27#31.26
-92.1461,35.0204#40.31#28.27#31.42
-92.0912,35.0195#40.15#28.27#31.58
-92.0363,35.0185#39.99#28.27#31.74
-91.9815,35.0175#39.84#28.27#31.89
-91.9266,35.0165#39.71#28.27#32.02
-91.8717,35.0155#39.58#28.28#32.14
-91.8168,35.0144#39.45#28.28#32.27
-91.762,35.0134#39.32#28.28#32.4
-91.7071,35.0123#39.18#28.28#32.54
-91.6522,35.0112#39.05#28.28#32.67
-91.5973,35.0101#38.92#28.28#32.8
-91.5425,35.0089#38.79#28.28#32.93
-91.4876,35.0078#38.66#28.29#33.05
-91.4327,35.0066#38.55#28.29#33.16
-91.3779,35.0054#38.43#28.3#33.27
-91.323,35.0042#38.32#28.31#33.37
-91.2681,35.003#38.2#28.31#33.49
-91.2133,35.0017#38.09#28.32#33.59
-91.1584,35.0005#37.97#28.32#33.71
-91.1035,34.9992#37.86#28.33#33.81
-91.0487,34.9979#37.74#28.34#33.92
-90.9938,34.9966#37.62#28.34#34.04
-90.939,34.9952#37.51#28.35#34.14
-90.8841,34.9939#37.39#28.36#34.25
-90.8293,34.9925#37.27#28.37#34.36
-90.7744,34.9911#37.15#28.38#34.47
-90.7196,34.9897#37.04#28.39#34.57
-90.6647,34.9883#36.92#28.4#34.68
-90.6099,34.9868#36.8#28.41#34.79
-90.555,34.9853#36.68#28.42#34.9
-90.5002,34.9839#36.57#28.43#35
-90.4453,34.9824#36.44#28.44#35.12
-90.3905,34.9808#36.32#28.45#35.23
-90.3356,34.9793#36.2#28.46#35.34
-90.2808,34.9778#36.08#28.47#35.45
-90.226,34.9762#35.96#28.48#35.56
-90.1711,34.9746#35.84#28.49#35.67
-90.1163,34.973#35.72#28.49#35.79
-90.0615,34.9713#35.6#28.5#35.9
-90.0066,34.9697#35.48#28.51#36.01
-89.9518,34.968#35.35#28.51#36.14
-89.897,34.9664#35.22#28.52#36.26
-89.8421,34.9647#35.09#28.52#36.39
-89.7873,34.9629#34.97#28.52#36.51
-89.7325,34.9612#34.84#28.53#36.63
-89.6777,34.9594#34.71#28.53#36.76
-89.6228,34.9577#34.58#28.53#36.89
-89.568,34.9559#34.46#28.54#37
-89.5132,34.9541#34.33#28.54#37.13
-89.4584,34.9522#34.2#28.53#37.27
-89.4036,34.9504#34.08#28.53#37.39
-89.3488,34.9485#33.95#28.52#37.53
-89.294,34.9466#33.82#28.52#37.66
-89.2392,34.9447#33.7#28.51#37.79
-89.1844,34.9428#33.57#28.51#37.92
-89.1295,34.9409#33.45#28.5#38.05
-89.0747,34.9389#33.32#28.5#38.18
-89.0199,34.937#33.2#28.49#38.31
-88.9651,34.935#33.08#28.5#38.42
-88.9104,34.933#32.98#28.51#38.51
-88.8556,34.9309#32.87#28.52#38.61
-88.8008,34.9289#32.76#28.53#38.71
-88.746,34.9268#32.66#28.54#38.8
-88.6912,34.9247#32.55#28.55#38.9
-88.6364,34.9226#32.45#28.56#38.99
-88.5816,34.9205#32.34#28.57#39.09
-88.5268,34.9184#32.24#28.58#39.18
-88.4721,34.9162#32.11#28.61#39.28
-88.4173,34.914#31.96#28.65#39.39
-88.3625,34.9119#31.81#28.69#39.5
-88.3077,34.9096#31.66#28.72#39.62
-88.253,34.9074#31.5#28.76#39.74
-88.1982,34.9052#31.35#28.8#39.85
-88.1434,34.9029#31.2#28.84#39.96
-88.0887,34.9006#31.05#28.88#40.07
-102.901,34.9013#46.93#27.17#25.9
-102.847,34.9039#46.93#27.17#25.9
-102.792,34.9065#46.93#27.16#25.91
-102.737,34.9091#46.93#27.16#25.91
-102.682,34.9116#46.93#27.15#25.92
-102.628,34.9141#46.93#27.15#25.92
-102.573,34.9167#46.93#27.14#25.93
-102.518,34.9192#46.93#27.14#25.93
-102.463,34.9216#46.93#27.13#25.94
-102.409,34.9241#46.93#27.13#25.94
-102.354,34.9266#46.93#27.13#25.94
-102.299,34.929#46.93#27.13#25.94
-102.244,34.9314#46.93#27.13#25.94
-102.19,34.9338#46.93#27.13#25.94
-102.135,34.9362#46.93#27.13#25.94
-102.08,34.9385#46.93#27.13#25.94
-102.025,34.9409#46.93#27.13#25.94
-101.97,34.9432#46.93#27.13#25.94
-101.916,34.9455#46.93#27.13#25.94
-101.861,34.9478#46.93#27.13#25.94
-101.806,34.95#46.93#27.13#25.94
-101.751,34.9523#46.93#27.13#25.94
-101.696,34.9545#46.93#27.13#25.94
-101.642,34.9567#46.93#27.14#25.93
-101.587,34.9589#46.93#27.14#25.93
-101.532,34.9611#46.93#27.14#25.93
-101.477,34.9632#46.93#27.14#25.93
-101.422,34.9654#46.93#27.14#25.93
-101.368,34.9675#46.93#27.14#25.93
-101.313,34.9696#46.93#27.14#25.93
-101.258,34.9717#46.93#27.15#25.92
-101.203,34.9738#46.93#27.15#25.92
-101.148,34.9758#46.93#27.15#25.92
-101.094,34.9778#46.93#27.15#25.92
-101.039,34.9798#46.93#27.15#25.92
-100.984,34.9818#46.93#27.16#25.91
-100.929,34.9838#46.93#27.16#25.91
-100.874,34.9858#46.93#27.17#25.9
-100.82,34.9877#46.93#27.17#25.9
-100.765,34.9896#46.93#27.18#25.89
-100.71,34.9915#46.93#27.18#25.89
-100.655,34.9934#46.93#27.19#25.88
-100.6,34.9953#46.93#27.2#25.87
-100.545,34.9971#46.93#27.2#25.87
-100.491,34.999#46.93#27.21#25.86
-100.436,35.0008#46.93#27.23#25.84
-100.381,35.0026#46.93#27.24#25.83
-100.326,35.0043#46.93#27.26#25.81
-100.271,35.0061#46.93#27.28#25.79
-100.216,35.0078#46.93#27.29#25.78
-100.161,35.0095#46.93#27.31#25.76
-100.107,35.0112#46.93#27.33#25.74
-100.052,35.0129#46.93#27.34#25.73
-99.9969,35.0146#46.93#27.37#25.7
-99.9421,35.0162#46.93#27.46#25.61
-99.8872,35.0179#46.93#27.56#25.51
-99.8323,35.0195#46.93#27.65#25.42
-99.7775,35.0211#46.93#27.75#25.32
-99.7226,35.0227#46.93#27.85#25.22
-99.6678,35.0242#46.93#27.94#25.13
-99.6129,35.0257#46.93#28.04#25.03
-99.558,35.0273#46.93#28.13#24.94
-99.5032,35.0288#46.93#28.23#24.84
-99.4483,35.0303#46.93#28.32#24.75
-99.3934,35.0317#46.93#28.41#24.66
-99.3386,35.0332#46.92#28.5#24.58
-99.2837,35.0346#46.92#28.59#24.49
-99.2288,35.036#46.92#28.68#24.4
-99.1739,35.0374#46.92#28.77#24.31
-99.1191,35.0388#46.92#28.86#24.22
-99.0642,35.0401#46.92#28.95#24.13
-99.0093,35.0415#46.92#29.04#24.04
-98.9544,35.0428#46.92#29.08#24
-98.8995,35.0441#46.92#29.12#23.96
-98.8447,35.0454#46.92#29.15#23.93
-98.7898,35.0466#46.92#29.19#23.89
-98.7349,35.0479#46.92#29.22#23.86
-98.68,35.0491#46.92#29.26#23.82
-98.6251,35.0503#46.92#29.29#23.79
-98.5702,35.0515#46.92#29.33#23.75
-98.5153,35.0527#46.92#29.36#23.72
-98.4605,35.0539#46.91#29.31#23.78
-98.4056,35.055#46.91#29.23#23.86
-98.3507,35.0561#46.91#29.15#23.94
-98.2958,35.0572#46.91#29.06#24.03
-98.2409,35.0583#46.91#28.98#24.11
-98.186,35.0594#46.9#28.9#24.2
-98.1311,35.0604#46.9#28.82#24.28
-98.0762,35.0614#46.9#28.73#24.37
-98.0213,35.0624#46.9#28.65#24.45
-97.9664,35.0634#46.9#28.56#24.54
-97.9115,35.0644#46.89#28.46#24.65
-97.8566,35.0654#46.89#28.37#24.74
-97.8017,35.0663#46.89#28.27#24.84
-97.7468,35.0672#46.89#28.17#24.94
-97.6919,35.0681#46.88#28.08#25.04
-97.637,35.069#46.88#27.98#25.14
-97.582,35.0699#46.88#27.89#25.23
-97.5271,35.0707#46.88#27.79#25.33
-97.4722,35.0716#46.87#27.73#25.4
-97.4173,35.0724#46.87#27.7#25.43
-97.3624,35.0732#46.86#27.67#25.47
-97.3075,35.0739#46.85#27.64#25.51
-97.2526,35.0747#46.85#27.61#25.54
-97.1977,35.0754#46.84#27.58#25.58
-97.1428,35.0761#46.84#27.55#25.61
-97.0878,35.0768#46.83#27.52#25.65
-97.0329,35.0775#46.82#27.49#25.69
-96.978,35.0782#46.82#27.48#25.7
-96.9231,35.0788#46.81#27.49#25.7
-96.8682,35.0795#46.8#27.5#25.7
-96.8133,35.0801#46.79#27.51#25.7
-96.7583,35.0807#46.78#27.52#25.7
-96.7034,35.0812#46.77#27.53#25.7
-96.6485,35.0818#46.76#27.54#25.7
-96.5936,35.0823#46.75#27.54#25.71
-96.5387,35.0829#46.74#27.55#25.71
-96.4837,35.0834#46.73#27.57#25.7
-96.4288,35.0838#46.72#27.6#25.68
-96.3739,35.0843#46.7#27.63#25.67
-96.319,35.0848#46.69#27.66#25.65
-96.2641,35.0852#46.67#27.69#25.64
-96.2091,35.0856#46.66#27.72#25.62
-96.1542,35.086#46.65#27.75#25.6
-96.0993,35.0864#46.63#27.78#25.59
-96.0444,35.0867#46.62#27.81#25.57
-95.9894,35.087#46.61#27.84#25.55
-95.9345,35.0874#46.58#27.87#25.55
-95.8796,35.0877#46.56#27.89#25.55
-95.8247,35.0879#46.54#27.91#25.55
-95.7697,35.0882#46.51#27.94#25.55
-95.7148,35.0885#46.49#27.96#25.55
-95.6599,35.0887#46.47#27.99#25.54
-95.605,35.0889#46.45#28.01#25.54
-95.55,35.0891#46.42#28.03#25.55
-95.4951,35.0893#46.4#28.05#25.55
-95.4402,35.0894#46.36#28.07#25.57
-95.3853,35.0896#46.33#28.08#25.59
-95.3303,35.0897#46.29#28.09#25.62
-95.2754,35.0898#46.26#28.1#25.64
-95.2205,35.0899#46.22#28.11#25.67
-95.1655,35.0899#46.19#28.12#25.69
-95.1106,35.09#46.15#28.13#25.72
-95.0557,35.09#46.12#28.14#25.74
-95.0008,35.09#46.08#28.15#25.77
-94.9458,35.09#46.03#28.16#25.81
-94.8909,35.09#45.99#28.17#25.84
-94.836,35.0899#45.94#28.17#25.89
-94.781,35.0899#45.89#28.18#25.93
-94.7261,35.0898#45.85#28.19#25.96
-94.6712,35.0897#45.8#28.19#26.01
-94.6163,35.0896#45.75#28.2#26.05
-94.5613,35.0894#45.71#28.2#26.09
-94.5064,35.0893#45.66#28.21#26.13
-94.4515,35.0891#45.59#28.21#26.2
-94.3966,35.0889#45.52#28.22#26.26
-94.3416,35.0887#45.45#28.22#26.33
-94.2867,35.0885#45.38#28.23#26.39
-94.2318,35.0882#45.31#28.23#26.46
-94.1769,35.088#45.24#28.23#26.53
-94.1219,35.0877#45.16#28.24#26.6
-94.067,35.0874#45.09#28.24#26.67
-94.0121,35.0871#45.02#28.24#26.74
-93.9572,35.0867#44.94#28.25#26.81
-93.9022,35.0864#44.85#28.25#26.9
-93.8473,35.086#44.76#28.25#26.99
-93.7924,35.0856#44.68#28.25#27.07
-93.7375,35.0852#44.59#28.25#27.16
-93.6825,35.0848#44.5#28.26#27.24
-93.6276,35.0843#44.41#28.26#27.33
-93.5727,35.0839#44.33#28.26#27.41
-93.5178,35.0834#44.24#28.26#27.5
-93.4628,35.0829#44.12#28.26#27.62
-93.4079,35.0824#43.98#28.27#27.75
-93.353,35.0818#43.84#28.27#27.89
-93.2981,35.0813#43.7#28.27#28.03
-93.2432,35.0807#43.56#28.27#28.17
-93.1883,35.0801#43.42#28.27#28.31
-93.1333,35.0795#43.28#28.27#28.45
-93.0784,35.0789#43.15#28.27#28.58
-93.0235,35.0782#43.01#28.28#28.71
-92.9686,35.0775#42.86#28.28#28.86
-92.9137,35.0769#42.7#28.28#29.02
-92.8588,35.0762#42.55#28.28#29.17
-92.8038,35.0754#42.39#28.28#29.33
-92.7489,35.0747#42.23#28.28#29.49
-92.694,35.074#42.08#28.28#29.64
-92.6391,35.0732#41.92#28.28#29.8
-92.5842,35.0724#41.76#28.28#29.96
-92.5293,35.0716#41.6#28.28#30.12
-92.4744,35.0707#41.44#28.29#30.27
-92.4195,35.0699#41.28#28.29#30.43
-92.3646,35.069#41.12#28.29#30.59
-92.3097,35.0682#40.96#28.29#30.75
-92.2547,35.0673#40.8#28.29#30.91
-92.1998,35.0663#40.63#28.29#31.08
-92.1449,35.0654#40.47#28.29#31.24
-92.09,35.0644#40.31#28.29#31.4
-92.0351,35.0635#40.15#28.29#31.56
-91.9802,35.0625#40#28.29#31.71
-91.9253,35.0615#39.86#28.3#31.84
-91.8704,35.0604#39.72#28.3#31.98
-91.8155,35.0594#39.59#28.3#32.11
-91.7606,35.0583#39.45#28.3#32.25
-91.7057,35.0572#39.32#28.3#32.38
-91.6509,35.0561#39.18#28.3#32.52
-91.596,35.055#39.05#28.3#32.65
-91.5411,35.0539#38.92#28.31#32.77
-91.4862,35.0527#38.79#28.31#32.9
-91.4313,35.0516#38.67#28.31#33.02
-91.3764,35.0504#38.55#28.32#33.13
-91.3215,35.0492#38.44#28.32#33.24
-91.2666,35.0479#38.32#28.33#33.35
-91.2117,35.0467#38.21#28.34#33.45
-91.1569,35.0454#38.09#28.34#33.57
-91.102,35.0441#37.98#28.35#33.67
-91.0471,35.0428#37.86#28.35#33.79
-90.9922,35.0415#37.74#28.36#33.9
-90.9373,35.0402#37.63#28.37#34
-90.8824,35.0388#37.51#28.38#34.11
-90.8276,35.0374#37.39#28.39#34.22
-90.7727,35.036#37.27#28.4#34.33
-90.7178,35.0346#37.15#28.41#34.44
-90.663,35.0332#37.03#28.42#34.55
-90.6081,35.0318#36.92#28.43#34.65
-90.5532,35.0303#36.8#28.44#34.76
-90.4983,35.0288#36.68#28.45#34.87
-90.4435,35.0273#36.56#28.46#34.98
-90.3886,35.0258#36.44#28.47#35.09
-90.3337,35.0243#36.32#28.48#35.2
-90.2789,35.0227#36.19#28.48#35.33
-90.224,35.0211#36.07#28.49#35.44
-90.1692,35.0195#35.95#28.5#35.55
-90.1143,35.0179#35.83#28.51#35.66
-90.0595,35.0163#35.71#28.52#35.77
-90.0046,35.0146#35.59#28.53#35.88
-89.9497,35.013#35.46#28.53#36.01
-89.8949,35.0113#35.33#28.54#36.13
-89.84,35.0096#35.21#28.54#36.25
-89.7852,35.0079#35.08#28.54#36.38
-89.7304,35.0061#34.95#28.55#36.5
-89.6755,35.0044#34.82#28.55#36.63
-89.6207,35.0026#34.69#28.55#36.76
-89.5658,35.0008#34.57#28.56#36.87
-89.511,34.999#34.44#28.56#37
-89.4562,34.9972#34.31#28.56#37.13
-89.4013,34.9953#34.18#28.55#37.27
-89.3465,34.9935#34.06#28.55#37.39
-89.2917,34.9916#33.93#28.54#37.53
-89.2368,34.9897#33.8#28.54#37.66
-89.182,34.9878#33.68#28.53#37.79
-89.1272,34.9858#33.55#28.53#37.92
-89.0723,34.9839#33.43#28.52#38.05
-89.0175,34.9819#33.3#28.52#38.18
-88.9627,34.9799#33.18#28.52#38.3
-88.9079,34.9779#33.08#28.53#38.39
-88.8531,34.9759#32.97#28.54#38.49
-88.7983,34.9738#32.86#28.55#38.59
-88.7434,34.9717#32.75#28.55#38.7
-88.6886,34.9697#32.64#28.56#38.8
-88.6338,34.9676#32.53#28.57#38.9
-88.579,34.9654#32.42#28.58#39
-88.5242,34.9633#32.32#28.59#39.09
-88.4694,34.9611#32.19#28.61#39.2
-88.4146,34.959#32.04#28.65#39.31
-88.3598,34.9568#31.89#28.68#39.43
-88.305,34.9546#31.74#28.72#39.54
-88.2502,34.9523#31.59#28.75#39.66
-88.1954,34.9501#31.44#28.79#39.77
-88.1407,34.9478#31.29#28.83#39.88
-88.0859,34.9455#31.14#28.86#40
-88.0311,34.9432#30.98#28.9#40.12
-87.9763,34.9409#30.84#28.95#40.21
-87.9215,34.9386#30.7#29.01#40.29
-87.8667,34.9362#30.56#29.08#40.36
-87.812,34.9339#30.42#29.14#40.44
-87.7572,34.9315#30.28#29.2#40.52
-87.7024,34.9291#30.14#29.27#40.59
-87.6477,34.9266#30#29.33#40.67
-87.5929,34.9242#29.86#29.4#40.74
-87.5381,34.9217#29.73#29.47#40.8
-87.4834,34.9192#29.59#29.54#40.87
-87.4286,34.9167#29.45#29.63#40.92
-87.3739,34.9142#29.32#29.71#40.97
-87.3191,34.9117#29.18#29.8#41.02
-87.2644,34.9091#29.04#29.89#41.07
-87.2096,34.9065#28.91#29.98#41.11
-87.1549,34.904#28.77#30.07#41.16
-87.1001,34.9013#28.63#30.16#41.21
-103.78,34.9019#46.93#27.48#25.59
-103.726,34.9048#46.93#27.44#25.63
-103.671,34.9077#46.93#27.41#25.66
-103.616,34.9106#46.93#27.38#25.69
-103.562,34.9134#46.93#27.34#25.73
-103.507,34.9163#46.93#27.31#25.76
-103.452,34.9191#46.93#27.3#25.77
-103.397,34.9219#46.93#27.28#25.79
-103.343,34.9246#46.93#27.27#25.8
-103.288,34.9274#46.93#27.26#25.81
-103.233,34.9301#46.93#27.25#25.82
-103.178,34.9329#46.93#27.24#25.83
-103.124,34.9356#46.93#27.23#25.84
-103.069,34.9382#46.93#27.22#25.85
-103.014,34.9409#46.93#27.21#25.86
-102.959,34.9436#46.93#27.2#25.87
-102.905,34.9462#46.93#27.2#25.87
-102.85,34.9488#46.93#27.19#25.88
-102.795,34.9514#46.93#27.19#25.88
-102.74,34.954#46.93#27.18#25.89
-102.686,34.9565#46.93#27.18#25.89
-102.631,34.9591#46.93#27.18#25.89
-102.576,34.9616#46.93#27.17#25.9
-102.521,34.9641#46.93#27.17#25.9
-102.466,34.9666#46.93#27.16#25.91
-102.412,34.969#46.93#27.16#25.91
-102.357,34.9715#46.93#27.16#25.91
-102.302,34.9739#46.93#27.16#25.91
-102.247,34.9763#46.93#27.16#25.91
-102.192,34.9787#46.93#27.16#25.91
-102.138,34.9811#46.93#27.16#25.91
-102.083,34.9834#46.93#27.16#25.91
-102.028,34.9858#46.93#27.16#25.91
-101.973,34.9881#46.93#27.16#25.91
-101.918,34.9904#46.93#27.16#25.91
-101.864,34.9927#46.93#27.16#25.91
-101.809,34.995#46.93#27.16#25.91
-101.754,34.9972#46.93#27.16#25.91
-101.699,34.9994#46.93#27.17#25.9
-101.644,35.0016#46.93#27.17#25.9
-101.59,35.0038#46.93#27.17#25.9
-101.535,35.006#46.93#27.17#25.9
-101.48,35.0082#46.93#27.17#25.9
-101.425,35.0103#46.93#27.17#25.9
-101.37,35.0124#46.93#27.17#25.9
-101.315,35.0145#46.93#27.18#25.89
-101.261,35.0166#46.93#27.18#25.89
-101.206,35.0187#46.93#27.18#25.89
-101.151,35.0207#46.93#27.18#25.89
-101.096,35.0228#46.93#27.18#25.89
-101.041,35.0248#46.93#27.18#25.89
-100.986,35.0268#46.93#27.19#25.88
-100.932,35.0287#46.93#27.19#25.88
-100.877,35.0307#46.93#27.2#25.87
-100.822,35.0326#46.93#27.21#25.86
-100.767,35.0346#46.93#27.21#25.86
-100.712,35.0365#46.93#27.22#25.85
-100.657,35.0383#46.93#27.23#25.84
-100.602,35.0402#46.93#27.23#25.84
-100.548,35.0421#46.93#27.24#25.83
-100.493,35.0439#46.93#27.25#25.82
-100.438,35.0457#46.93#27.27#25.8
-100.383,35.0475#46.93#27.29#25.78
-100.328,35.0493#46.93#27.3#25.77
-100.273,35.051#46.93#27.32#25.75
-100.218,35.0528#46.93#27.34#25.73
-100.164,35.0545#46.93#27.36#25.71
-100.109,35.0562#46.93#27.37#25.7
-100.054,35.0579#46.93#27.39#25.68
-99.9989,35.0595#46.93#27.41#25.66
-99.9441,35.0612#46.93#27.51#25.56
-99.8892,35.0628#46.93#27.6#25.47
-99.8343,35.0644#46.93#27.7#25.37
-99.7794,35.066#46.93#27.8#25.27
-99.7245,35.0676#46.93#27.89#25.18
-99.6697,35.0692#46.93#27.99#25.08
-99.6148,35.0707#46.93#28.08#24.99
-99.5599,35.0722#46.93#28.18#24.89
-99.505,35.0737#46.93#28.27#24.8
-99.4501,35.0752#46.93#28.36#24.71
-99.3952,35.0767#46.93#28.45#24.62
-99.3403,35.0781#46.93#28.54#24.53
-99.2854,35.0795#46.93#28.63#24.44
-99.2305,35.081#46.92#28.71#24.37
-99.1756,35.0823#46.92#28.8#24.28
-99.1207,35.0837#46.92#28.89#24.19
-99.0658,35.0851#46.92#28.98#24.1
-99.0109,35.0864#46.92#29.06#24.02
-98.956,35.0877#46.92#29.11#23.97
-98.9011,35.089#46.92#29.14#23.94
-98.8462,35.0903#46.92#29.18#23.9
-98.7913,35.0916#46.92#29.21#23.87
-98.7364,35.0928#46.92#29.25#23.83
-98.6815,35.0941#46.92#29.28#23.8
-98.6266,35.0953#46.92#29.32#23.76
-98.5717,35.0965#46.92#29.35#23.73
-98.5168,35.0976#46.92#29.39#23.69
-98.4619,35.0988#46.92#29.34#23.74
-98.4069,35.0999#46.91#29.26#23.83
-98.352,35.1011#46.91#29.18#23.91
-98.2971,35.1022#46.91#29.09#24
-98.2422,35.1032#46.91#29.01#24.08
-98.1873,35.1043#46.91#28.93#24.16
-98.1323,35.1054#46.91#28.84#24.25
-98.0774,35.1064#46.91#28.76#24.33
-98.0225,35.1074#46.9#28.68#24.42
-97.9676,35.1084#46.9#28.59#24.51
-97.9127,35.1094#46.9#28.49#24.61
-97.8577,35.1103#46.9#28.39#24.71
-97.8028,35.1113#46.89#28.3#24.81
-97.7479,35.1122#46.89#28.2#24.91
-97.693,35.1131#46.89#28.11#25
-97.638,35.114#46.89#28.01#25.1
-97.5831,35.1148#46.89#27.91#25.2
-97.5282,35.1157#46.88#27.82#25.3
-97.4732,35.1165#46.88#27.75#25.37
-97.4183,35.1173#46.87#27.72#25.41
-97.3634,35.1181#46.87#27.7#25.43
-97.3084,35.1189#46.86#27.67#25.47
-97.2535,35.1196#46.86#27.64#25.5
-97.1986,35.1204#46.85#27.61#25.54
-97.1436,35.1211#46.85#27.58#25.57
-97.0887,35.1218#46.84#27.56#25.6
-97.0338,35.1225#46.84#27.53#25.63
-96.9788,35.1231#46.83#27.51#25.66
-96.9239,35.1238#46.82#27.53#25.65
-96.8689,35.1244#46.82#27.54#25.64
-96.814,35.125#46.81#27.55#25.64
-96.7591,35.1256#46.8#27.56#25.64
-96.7041,35.1262#46.79#27.57#25.64
-96.6492,35.1268#46.78#27.58#25.64
-96.5942,35.1273#46.77#27.59#25.64
-96.5393,35.1278#46.77#27.6#25.63
-96.4843,35.1283#46.76#27.62#25.62
-96.4294,35.1288#46.74#27.65#25.61
-96.3745,35.1293#46.73#27.68#25.59
-96.3195,35.1297#46.72#27.71#25.57
-96.2646,35.1301#46.71#27.74#25.55
-96.2096,35.1305#46.7#27.78#25.52
-96.1547,35.1309#46.68#27.81#25.51
-96.0997,35.1313#46.67#27.84#25.49
-96.0448,35.1317#46.66#27.87#25.47
-95.9898,35.132#46.65#27.9#25.45
-95.9349,35.1323#46.63#27.92#25.45
-95.8799,35.1326#46.61#27.94#25.45
-95.825,35.1329#46.58#27.96#25.46
-95.7701,35.1332#46.56#27.98#25.46
-95.7151,35.1334#46.54#28#25.46
-95.6602,35.1336#46.52#28.03#25.45
-95.6052,35.1339#46.5#28.05#25.45
-95.5503,35.134#46.48#28.07#25.45
-95.4953,35.1342#46.46#28.09#25.45
-95.4404,35.1344#46.43#28.1#25.47
-95.3854,35.1345#46.39#28.11#25.5
-95.3305,35.1346#46.36#28.12#25.52
-95.2755,35.1347#46.33#28.13#25.54
-95.2206,35.1348#46.29#28.14#25.57
-95.1656,35.1349#46.26#28.15#25.59
-95.1107,35.1349#46.23#28.16#25.61
-95.0557,35.1349#46.19#28.17#25.64
-95.0008,35.135#46.16#28.18#25.66
-94.9458,35.135#46.12#28.19#25.69
-94.8909,35.1349#46.07#28.19#25.74
-94.8359,35.1349#46.03#28.2#25.77
-94.781,35.1348#45.99#28.21#25.8
-94.726,35.1347#45.94#28.21#25.85
-94.6711,35.1346#45.9#28.22#25.88
-94.6161,35.1345#45.85#28.22#25.93
-94.5612,35.1344#45.81#28.23#25.96
-94.5062,35.1342#45.76#28.24#26
-94.4513,35.1341#45.7#28.24#26.06
-94.3963,35.1339#45.63#28.24#26.13
-94.3414,35.1337#45.56#28.25#26.19
-94.2864,35.1334#45.49#28.25#26.26
-94.2315,35.1332#45.42#28.25#26.33
-94.1765,35.1329#45.35#28.26#26.39
-94.1216,35.1326#45.28#28.26#26.46
-94.0666,35.1323#45.22#28.26#26.52
-94.0117,35.132#45.15#28.27#26.58
-93.9567,35.1317#45.06#28.27#26.67
-93.9018,35.1313#44.97#28.27#26.76
-93.8468,35.1309#44.88#28.27#26.85
-93.7919,35.1306#44.8#28.27#26.93
-93.7369,35.1301#44.71#28.28#27.01
-93.682,35.1297#44.62#28.28#27.1
-93.6271,35.1293#44.53#28.28#27.19
-93.5721,35.1288#44.44#28.28#27.28
-93.5172,35.1283#44.35#28.29#27.36
