-96.6624,24.9002#27.62#40.68#31.7
-96.612,24.9008#27.62#40.87#31.51
-96.5617,24.9013#27.62#41.06#31.32
-96.5113,24.9018#27.62#41.24#31.14
-96.461,24.9023#27.61#41.39#31
-96.4106,24.9028#27.61#41.54#30.85
-96.3603,24.9033#27.61#41.68#30.71
-96.3099,24.9037#27.61#41.82#30.57
-96.2596,24.9042#27.61#41.96#30.43
-96.2092,24.9046#27.61#42.1#30.29
-96.1589,24.905#27.61#42.24#30.15
-96.1085,24.9054#27.61#42.38#30.01
-96.0582,24.9057#27.61#42.52#29.87
-96.0078,24.9061#27.61#42.66#29.73
-95.9574,24.9064#27.61#42.8#29.59
-95.9071,24.9067#27.61#42.93#29.46
-95.8567,24.907#27.6#43.07#29.33
-95.8064,24.9073#27.6#43.2#29.2
-95.756,24.9076#27.6#43.34#29.06
-95.7057,24.9078#27.6#43.47#28.93
-95.6553,24.908#27.6#43.61#28.79
-95.605,24.9083#27.6#43.74#28.66
-95.5546,24.9085#27.6#43.88#28.52
-95.5043,24.9086#27.6#44.01#28.39
-95.4539,24.9088#27.6#44.1#28.3
-95.4035,24.9089#27.6#44.18#28.22
-95.3532,24.9091#27.6#44.27#28.13
-95.3028,24.9092#27.6#44.35#28.05
-95.2525,24.9093#27.6#44.44#27.96
-95.2021,24.9093#27.6#44.52#27.88
-95.1518,24.9094#27.6#44.61#27.79
-95.1014,24.9095#27.59#44.69#27.72
-95.0511,24.9095#27.59#44.77#27.64
-95.0007,24.9095#27.59#44.86#27.55
-94.9503,24.9095#27.59#44.83#27.58
-94.9,24.9095#27.59#44.81#27.6
-94.8496,24.9094#27.59#44.78#27.63
-94.7993,24.9094#27.59#44.76#27.65
-94.7489,24.9093#27.59#44.73#27.68
-94.6986,24.9092#27.59#44.7#27.71
-94.6482,24.9091#27.59#44.68#27.73
-94.5978,24.9089#27.59#44.65#27.76
-94.5475,24.9088#27.59#44.62#27.79
-94.4971,24.9086#27.59#44.6#27.81
-94.4468,24.9085#27.59#44.59#27.82
-94.3964,24.9083#27.59#44.59#27.82
-94.3461,24.9081#27.59#44.59#27.82
-94.2957,24.9078#27.58#44.59#27.83
-94.2454,24.9076#27.58#44.58#27.84
-94.195,24.9073#27.58#44.58#27.84
-94.1447,24.907#27.58#44.58#27.84
-94.0943,24.9067#27.58#44.57#27.85
-94.0439,24.9064#27.58#44.57#27.85
-93.9936,24.9061#27.58#44.56#27.86
-93.9432,24.9058#27.58#44.54#27.88
-93.8929,24.9054#27.58#44.52#27.9
-93.8425,24.905#27.58#44.5#27.92
-93.7922,24.9046#27.58#44.47#27.95
-93.7418,24.9042#27.58#44.45#27.97
-93.6915,24.9038#27.58#44.43#27.99
-93.6411,24.9033#27.58#44.41#28.01
-93.5908,24.9028#27.58#44.38#28.04
-93.5404,24.9024#27.57#44.36#28.07
-93.4901,24.9019#27.57#44.34#28.09
-93.4397,24.9013#27.57#44.31#28.12
-93.3894,24.9008#27.57#44.28#28.15
-93.339,24.9003#27.57#44.25#28.18
-99.0295,24.9009#28.13#31.2#40.67
-98.9792,24.9022#28.11#31.24#40.65
-98.9288,24.9035#28.08#31.33#40.59
-98.8785,24.9049#28.06#31.41#40.53
-98.8282,24.9062#28.03#31.5#40.47
-98.7778,24.9074#28.01#31.58#40.41
-98.7275,24.9087#27.98#31.66#40.36
-98.6771,24.9099#27.95#31.75#40.3
-98.6268,24.9112#27.93#31.83#40.24
-98.5765,24.9124#27.9#31.91#40.19
-98.5261,24.9136#27.88#32#40.12
-98.4758,24.9148#27.86#32.1#40.04
-98.4254,24.9159#27.84#32.21#39.95
-98.3751,24.9171#27.83#32.33#39.84
-98.3248,24.9182#27.81#32.45#39.74
-98.2744,24.9193#27.8#32.57#39.63
-98.2241,24.9204#27.79#32.69#39.52
-98.1737,24.9215#27.77#32.81#39.42
-98.1234,24.9225#27.76#32.93#39.31
-98.073,24.9236#27.74#33.06#39.2
-98.0227,24.9246#27.73#33.18#39.09
-97.9723,24.9256#27.72#33.42#38.86
-97.922,24.9266#27.71#33.76#38.53
-97.8716,24.9276#27.71#34.09#38.2
-97.8213,24.9286#27.7#34.43#37.87
-97.7709,24.9295#27.69#34.77#37.54
-97.7206,24.9304#27.69#35.11#37.2
-97.6702,24.9313#27.68#35.44#36.88
-97.6199,24.9322#27.68#35.78#36.54
-97.5695,24.9331#27.67#36.12#36.21
-97.5191,24.934#27.66#36.46#35.88
-97.4688,24.9348#27.66#36.79#35.55
-97.4184,24.9356#27.66#37.11#35.23
-97.3681,24.9364#27.65#37.44#34.91
-97.3177,24.9372#27.65#37.77#34.58
-97.2673,24.938#27.65#38.1#34.25
-97.217,24.9387#27.65#38.43#33.92
-97.1666,24.9395#27.64#38.76#33.6
-97.1163,24.9402#27.64#39.09#33.27
-97.0659,24.9409#27.64#39.42#32.94
-97.0155,24.9416#27.63#39.75#32.62
-96.9652,24.9423#27.63#39.98#32.39
-96.9148,24.9429#27.63#40.17#32.2
-96.8644,24.9435#27.63#40.35#32.02
-96.8141,24.9442#27.63#40.54#31.83
-96.7637,24.9448#27.63#40.72#31.65
-96.7133,24.9454#27.62#40.91#31.47
-96.663,24.9459#27.62#41.1#31.28
-96.6126,24.9465#27.62#41.28#31.1
-96.5622,24.947#27.62#41.47#30.91
-96.5119,24.9475#27.62#41.65#30.73
-96.4615,24.948#27.62#41.79#30.59
-96.4111,24.9485#27.62#41.91#30.47
-96.3608,24.949#27.62#42.04#30.34
-96.3104,24.9494#27.62#42.16#30.22
-96.26,24.9499#27.61#42.28#30.11
-96.2097,24.9503#27.61#42.41#29.98
-96.1593,24.9507#27.61#42.53#29.86
-96.1089,24.9511#27.61#42.65#29.74
-96.0585,24.9514#27.61#42.77#29.62
-96.0082,24.9518#27.61#42.89#29.5
-95.9578,24.9521#27.61#43.02#29.37
-95.9074,24.9524#27.61#43.14#29.25
-95.8571,24.9527#27.61#43.27#29.12
-95.8067,24.953#27.61#43.4#28.99
-95.7563,24.9533#27.61#43.52#28.87
-95.7059,24.9535#27.61#43.65#28.74
-95.6556,24.9537#27.6#43.78#28.62
-95.6052,24.9539#27.6#43.9#28.5
-95.5548,24.9541#27.6#44.03#28.37
-95.5044,24.9543#27.6#44.16#28.24
-95.4541,24.9545#27.6#44.24#28.16
-95.4037,24.9546#27.6#44.32#28.08
-95.3533,24.9548#27.6#44.4#28
-95.3029,24.9549#27.6#44.48#27.92
-95.2526,24.955#27.6#44.56#27.84
-95.2022,24.955#27.6#44.65#27.75
-95.1518,24.9551#27.6#44.73#27.67
-95.1014,24.9551#27.6#44.81#27.59
-95.0511,24.9552#27.6#44.89#27.51
-95.0007,24.9552#27.6#44.97#27.43
-94.9503,24.9552#27.59#44.95#27.46
-94.8999,24.9551#27.59#44.92#27.49
-94.8496,24.9551#27.59#44.9#27.51
-94.7992,24.955#27.59#44.88#27.53
-94.7488,24.955#27.59#44.86#27.55
-94.6984,24.9549#27.59#44.83#27.58
-94.6481,24.9548#27.59#44.81#27.6
-94.5977,24.9546#27.59#44.79#27.62
-94.5473,24.9545#27.59#44.77#27.64
-94.497,24.9543#27.59#44.75#27.66
-94.4466,24.9541#27.59#44.74#27.67
-94.3962,24.954#27.59#44.74#27.67
-94.3458,24.9537#27.59#44.74#27.67
-94.2955,24.9535#27.59#44.73#27.68
-94.2451,24.9533#27.59#44.73#27.68
-94.1947,24.953#27.59#44.73#27.68
-94.1443,24.9527#27.58#44.72#27.7
-94.094,24.9524#27.58#44.72#27.7
-94.0436,24.9521#27.58#44.72#27.7
-93.9932,24.9518#27.58#44.71#27.71
-93.9428,24.9514#27.58#44.69#27.73
-93.8925,24.9511#27.58#44.67#27.75
-93.8421,24.9507#27.58#44.65#27.77
-93.7917,24.9503#27.58#44.63#27.79
-93.7414,24.9499#27.58#44.6#27.82
-93.691,24.9494#27.58#44.58#27.84
-93.6406,24.949#27.58#44.56#27.86
-93.5903,24.9485#27.58#44.54#27.88
-93.5399,24.948#27.58#44.52#27.9
-93.4895,24.9475#27.58#44.5#27.92
-93.4391,24.947#27.58#44.47#27.95
-93.3888,24.9465#27.58#44.44#27.98
-93.3384,24.9459#27.57#44.41#28.02
-93.288,24.9454#27.57#44.38#28.05
-93.2377,24.9448#27.57#44.36#28.07
-93.1873,24.9442#27.57#44.33#28.1
-93.1369,24.9436#27.57#44.3#28.13
-93.0866,24.9429#27.57#44.27#28.16
-93.0362,24.9423#27.57#44.24#28.19
-92.9859,24.9416#27.57#44.22#28.21
-92.9355,24.9409#27.57#44.23#28.2
-92.8851,24.9402#27.57#44.24#28.19
-92.8348,24.9395#27.57#44.25#28.18
-92.7844,24.9388#27.57#44.26#28.17
-92.734,24.938#27.57#44.27#28.16
-92.6837,24.9372#27.57#44.28#28.15
-92.6333,24.9364#27.57#44.29#28.14
-92.583,24.9356#27.57#44.3#28.13
-92.5326,24.9348#27.56#44.31#28.13
-92.4822,24.934#27.56#44.3#28.14
-92.4319,24.9331#27.56#44.26#28.18
-92.3815,24.9322#27.56#44.22#28.22
-92.3312,24.9314#27.56#44.17#28.27
-92.2808,24.9304#27.56#44.13#28.31
-92.2305,24.9295#27.56#44.09#28.35
-92.1801,24.9286#27.56#44.05#28.39
-92.1298,24.9276#27.56#44.01#28.43
-92.0794,24.9266#27.56#43.97#28.47
-92.0291,24.9257#27.56#43.92#28.52
-91.9787,24.9246#27.56#43.88#28.56
-91.9284,24.9236#27.56#43.84#28.6
-91.878,24.9226#27.56#43.8#28.64
-91.8277,24.9215#27.56#43.76#28.68
-91.7773,24.9204#27.56#43.72#28.72
-91.727,24.9193#27.55#43.68#28.77
-91.6766,24.9182#27.55#43.64#28.81
-91.6263,24.9171#27.55#43.6#28.85
-91.5759,24.916#27.55#43.56#28.89
-91.5256,24.9148#27.55#43.51#28.94
-91.4753,24.9136#27.55#43.47#28.98
-91.4249,24.9124#27.55#43.43#29.02
-91.3746,24.9112#27.55#43.38#29.07
-91.3242,24.91#27.55#43.34#29.11
-91.2739,24.9087#27.55#43.29#29.16
-91.2236,24.9075#27.55#43.24#29.21
-91.1732,24.9062#27.55#43.2#29.25
-91.1229,24.9049#27.55#43.15#29.3
-91.0726,24.9036#27.55#43.11#29.34
-91.0222,24.9022#27.55#43.06#29.39
-90.9719,24.9009#27.55#43.01#29.44
-100.491,24.9#28.55#30.09#41.36
-100.44,24.9019#28.54#30.14#41.32
-100.39,24.9037#28.54#30.18#41.28
-100.34,24.9055#28.53#30.23#41.24
-100.289,24.9073#28.53#30.28#41.19
-100.239,24.9091#28.52#30.33#41.15
-100.189,24.9108#28.52#30.37#41.11
-100.138,24.9126#28.52#30.42#41.06
-100.088,24.9143#28.51#30.47#41.02
-100.038,24.916#28.51#30.52#40.97
-99.9874,24.9177#28.5#30.57#40.93
-99.9371,24.9193#28.49#30.63#40.88
-99.8867,24.921#28.47#30.7#40.83
-99.8364,24.9226#28.46#30.77#40.77
-99.7861,24.9243#28.44#30.84#40.72
-99.7358,24.9259#28.43#30.9#40.67
-99.6854,24.9274#28.42#30.97#40.61
-99.6351,24.929#28.4#31.04#40.56
-99.5848,24.9306#28.39#31.11#40.5
-99.5344,24.9321#28.37#31.18#40.45
-99.4841,24.9336#28.36#31.23#40.41
-99.4337,24.9351#28.33#31.24#40.43
-99.3834,24.9366#28.31#31.25#40.44
-99.3331,24.9381#28.29#31.26#40.45
-99.2827,24.9395#28.27#31.27#40.46
-99.2324,24.941#28.24#31.28#40.48
-99.182,24.9424#28.22#31.3#40.48
-99.1317,24.9438#28.2#31.31#40.49
-99.0813,24.9452#28.18#31.32#40.5
-99.031,24.9465#28.16#31.34#40.5
-98.9806,24.9479#28.13#31.38#40.49
-98.9303,24.9492#28.11#31.46#40.43
-98.8799,24.9505#28.08#31.54#40.38
-98.8296,24.9518#28.06#31.62#40.32
-98.7792,24.9531#28.03#31.7#40.27
-98.7289,24.9544#28.01#31.78#40.21
-98.6785,24.9556#27.98#31.86#40.16
-98.6282,24.9569#27.96#31.94#40.1
-98.5778,24.9581#27.93#32.03#40.04
-98.5274,24.9593#27.91#32.11#39.98
-98.4771,24.9604#27.88#32.21#39.91
-98.4267,24.9616#27.87#32.34#39.79
-98.3764,24.9627#27.85#32.48#39.67
-98.326,24.9639#27.84#32.61#39.55
-98.2756,24.965#27.82#32.74#39.44
-98.2253,24.9661#27.81#32.88#39.31
-98.1749,24.9672#27.79#33.02#39.19
-98.1245,24.9682#27.77#33.15#39.08
-98.0742,24.9693#27.76#33.29#38.95
-98.0238,24.9703#27.74#33.43#38.83
-97.9734,24.9713#27.73#33.67#38.6
-97.9231,24.9723#27.73#34.01#38.26
-97.8727,24.9733#27.72#34.35#37.93
-97.8223,24.9742#27.71#34.69#37.6
-97.7719,24.9752#27.71#35.03#37.26
-97.7216,24.9761#27.7#35.36#36.94
-97.6712,24.977#27.69#35.7#36.61
-97.6208,24.9779#27.68#36.04#36.28
-97.5705,24.9788#27.68#36.38#35.94
-97.5201,24.9796#27.67#36.72#35.61
-97.4697,24.9805#27.67#37.06#35.27
-97.4193,24.9813#27.66#37.4#34.94
-97.3689,24.9821#27.66#37.75#34.59
-97.3186,24.9829#27.66#38.09#34.25
-97.2682,24.9837#27.65#38.44#33.91
-97.2178,24.9844#27.65#38.78#33.57
-97.1674,24.9852#27.65#39.13#33.22
-97.117,24.9859#27.64#39.47#32.89
-97.0667,24.9866#27.64#39.82#32.54
-97.0163,24.9873#27.64#40.16#32.2
-96.9659,24.9879#27.64#40.4#31.96
-96.9155,24.9886#27.64#40.59#31.77
-96.8651,24.9892#27.63#40.77#31.6
-96.8148,24.9899#27.63#40.96#31.41
-96.7644,24.9905#27.63#41.14#31.23
-96.714,24.991#27.63#41.33#31.04
-96.6636,24.9916#27.63#41.51#30.86
-96.6132,24.9922#27.63#41.69#30.68
-96.5628,24.9927#27.62#41.88#30.5
-96.5124,24.9932#27.62#42.06#30.32
-96.462,24.9937#27.62#42.19#30.19
-96.4117,24.9942#27.62#42.29#30.09
-96.3613,24.9947#27.62#42.4#29.98
-96.3109,24.9951#27.62#42.5#29.88
-96.2605,24.9956#27.62#42.6#29.78
-96.2101,24.996#27.62#42.71#29.67
-96.1597,24.9964#27.62#42.81#29.57
-96.1093,24.9967#27.61#42.91#29.48
-96.0589,24.9971#27.61#43.02#29.37
-96.0085,24.9975#27.61#43.12#29.27
-95.9582,24.9978#27.61#43.23#29.16
-95.9078,24.9981#27.61#43.35#29.04
-95.8574,24.9984#27.61#43.47#28.92
-95.807,24.9987#27.61#43.59#28.8
-95.7566,24.9989#27.61#43.71#28.68
-95.7062,24.9992#27.61#43.83#28.56
-95.6558,24.9994#27.61#43.95#28.44
-95.6054,24.9996#27.61#44.07#28.32
-95.555,24.9998#27.61#44.19#28.2
-95.5046,25#27.6#44.3#28.1
-95.4542,25.0002#27.6#44.39#28.01
-95.4038,25.0003#27.6#44.46#27.94
-95.3534,25.0004#27.6#44.54#27.86
-95.3031,25.0006#27.6#44.62#27.78
-95.2527,25.0006#27.6#44.69#27.71
-95.2023,25.0007#27.6#44.77#27.63
-95.1519,25.0008#27.6#44.85#27.55
-95.1015,25.0008#27.6#44.92#27.48
-95.0511,25.0009#27.6#45#27.4
-95.0007,25.0009#27.6#45.08#27.32
-94.9503,25.0009#27.6#45.06#27.34
-94.8999,25.0008#27.6#45.04#27.36
-94.8495,25.0008#27.6#45.02#27.38
-94.7991,25.0007#27.6#45#27.4
-94.7487,25.0007#27.59#44.99#27.42
-94.6983,25.0006#27.59#44.97#27.44
-94.6479,25.0004#27.59#44.95#27.46
-94.5975,25.0003#27.59#44.93#27.48
-94.5472,25.0002#27.59#44.91#27.5
-94.4968,25#27.59#44.89#27.52
-94.4464,24.9998#27.59#44.89#27.52
-94.396,24.9996#27.59#44.89#27.52
-94.3456,24.9994#27.59#44.88#27.53
-94.2952,24.9992#27.59#44.88#27.53
-94.2448,24.999#27.59#44.88#27.53
-94.1944,24.9987#27.59#44.87#27.54
-94.144,24.9984#27.59#44.87#27.54
-94.0936,24.9981#27.59#44.87#27.54
-94.0432,24.9978#27.59#44.86#27.55
-93.9928,24.9975#27.59#44.86#27.55
-93.9425,24.9971#27.58#44.84#27.58
-93.8921,24.9968#27.58#44.82#27.6
-93.8417,24.9964#27.58#44.8#27.62
-93.7913,24.996#27.58#44.78#27.64
-93.7409,24.9956#27.58#44.76#27.66
-93.6905,24.9951#27.58#44.74#27.68
-93.6401,24.9947#27.58#44.72#27.7
-93.5897,24.9942#27.58#44.7#27.72
-93.5393,24.9937#27.58#44.68#27.74
-93.489,24.9932#27.58#44.66#27.76
-93.4386,24.9927#27.58#44.63#27.79
-93.3882,24.9922#27.58#44.6#27.82
-93.3378,24.9916#27.58#44.58#27.84
-93.2874,24.9911#27.58#44.55#27.87
-93.237,24.9905#27.58#44.52#27.9
-93.1866,24.9899#27.58#44.5#27.92
-93.1363,24.9893#27.57#44.47#27.96
-93.0859,24.9886#27.57#44.44#27.99
-93.0355,24.988#27.57#44.42#28.01
-92.9851,24.9873#27.57#44.4#28.03
-92.9347,24.9866#27.57#44.41#28.02
-92.8843,24.9859#27.57#44.41#28.02
-92.834,24.9852#27.57#44.42#28.01
-92.7836,24.9844#27.57#44.43#28
-92.7332,24.9837#27.57#44.43#28
-92.6828,24.9829#27.57#44.44#27.99
-92.6324,24.9821#27.57#44.45#27.98
-92.5821,24.9813#27.57#44.45#27.98
-92.5317,24.9805#27.57#44.46#27.97
-92.4813,24.9797#27.57#44.45#27.98
-92.4309,24.9788#27.57#44.41#28.02
-92.3806,24.9779#27.56#44.38#28.06
-92.3302,24.977#27.56#44.34#28.1
-92.2798,24.9761#27.56#44.3#28.14
-92.2294,24.9752#27.56#44.26#28.18
-92.1791,24.9743#27.56#44.22#28.22
-92.1287,24.9733#27.56#44.18#28.26
-92.0783,24.9723#27.56#44.14#28.3
-92.028,24.9713#27.56#44.1#28.34
-91.9776,24.9703#27.56#44.06#28.38
-91.9272,24.9693#27.56#44.02#28.42
-91.8769,24.9683#27.56#43.98#28.46
-91.8265,24.9672#27.56#43.95#28.49
-91.7761,24.9661#27.56#43.91#28.53
-91.7258,24.965#27.56#43.87#28.57
-91.6754,24.9639#27.56#43.83#28.61
-91.625,24.9628#27.56#43.79#28.65
-91.5747,24.9616#27.55#43.75#28.7
-91.5243,24.9605#27.55#43.71#28.74
-91.474,24.9593#27.55#43.67#28.78
-91.4236,24.9581#27.55#43.62#28.83
-91.3732,24.9569#27.55#43.58#28.87
-91.3229,24.9557#27.55#43.54#28.91
-91.2725,24.9544#27.55#43.49#28.96
-91.2222,24.9531#27.55#43.45#29
-91.1718,24.9519#27.55#43.4#29.05
-91.1215,24.9506#27.55#43.36#29.09
-91.0711,24.9492#27.55#43.31#29.14
-91.0208,24.9479#27.55#43.27#29.18
-90.9704,24.9466#27.55#43.22#29.23
-90.9201,24.9452#27.55#43.17#29.28
-90.8697,24.9438#27.55#43.12#29.33
-90.8194,24.9424#27.55#43.07#29.38
-90.769,24.941#27.55#43.02#29.43
-90.7187,24.9396#27.54#42.97#29.49
-90.6683,24.9381#27.54#42.92#29.54
-90.618,24.9367#27.54#42.87#29.59
-90.5677,24.9352#27.54#42.82#29.64
-90.5173,24.9337#27.54#42.77#29.69
-90.467,24.9321#27.58#42.72#29.7
-90.4166,24.9306#27.65#42.67#29.68
-90.3663,24.9291#27.72#42.62#29.66
-90.316,24.9275#27.78#42.57#29.65
-90.2656,24.9259#27.85#42.51#29.64
-90.2153,24.9243#27.91#42.46#29.63
-90.165,24.9227#27.98#42.41#29.61
-90.1146,24.921#28.05#42.36#29.59
-90.0643,24.9194#28.11#42.31#29.58
-90.014,24.9177#28.18#42.25#29.57
-89.9637,24.916#28.24#42.2#29.56
-89.9133,24.9143#28.31#42.14#29.55
-89.863,24.9126#28.38#42.09#29.53
-89.8127,24.9109#28.44#42.03#29.53
-89.7624,24.9091#28.51#41.97#29.52
-89.7121,24.9073#28.58#41.92#29.5
-89.6618,24.9056#28.65#41.86#29.49
-89.6114,24.9037#28.71#41.8#29.49
-89.5611,24.9019#28.78#41.75#29.47
-89.5108,24.9001#28.85#41.69#29.46
-101.599,24.9009#28.27#29.33#42.4
-101.549,24.9031#28.3#29.34#42.36
-101.499,24.9053#28.32#29.34#42.34
-101.449,24.9075#28.34#29.38#42.28
-101.398,24.9096#28.35#29.41#42.24
-101.348,24.9118#28.37#29.44#42.19
-101.298,24.9139#28.39#29.47#42.14
-101.247,24.916#28.4#29.5#42.1
-101.197,24.9181#28.42#29.53#42.05
-101.147,24.9202#28.44#29.56#42
-101.096,24.9223#28.45#29.6#41.95
-101.046,24.9243#28.47#29.63#41.9
-100.996,24.9263#28.49#29.66#41.85
-100.946,24.9283#28.49#29.7#41.81
-100.895,24.9303#28.5#29.74#41.76
-100.845,24.9323#28.5#29.78#41.72
-100.795,24.9343#28.51#29.82#41.67
-100.744,24.9362#28.52#29.86#41.62
-100.694,24.9381#28.52#29.9#41.58
-100.644,24.9401#28.53#29.94#41.53
-100.593,24.9419#28.53#29.98#41.49
-100.543,24.9438#28.54#30.02#41.44
-100.493,24.9457#28.54#30.07#41.39
-100.442,24.9475#28.54#30.12#41.34
-100.392,24.9493#28.54#30.17#41.29
-100.342,24.9512#28.53#30.21#41.26
-100.291,24.9529#28.53#30.26#41.21
-100.241,24.9547#28.53#30.31#41.16
-100.191,24.9565#28.52#30.36#41.12
-100.14,24.9582#28.52#30.41#41.07
-100.09,24.9599#28.52#30.46#41.02
-100.04,24.9616#28.52#30.52#40.96
-99.9893,24.9633#28.51#30.57#40.92
-99.9389,24.965#28.5#30.64#40.86
-99.8886,24.9667#28.48#30.71#40.81
-99.8382,24.9683#28.47#30.79#40.74
-99.7879,24.9699#28.46#30.86#40.68
-99.7375,24.9715#28.44#30.93#40.63
-99.6872,24.9731#28.43#31.01#40.56
-99.6368,24.9747#28.42#31.08#40.5
-99.5865,24.9762#28.4#31.15#40.45
-99.5361,24.9778#28.39#31.23#40.38
-99.4857,24.9793#28.37#31.29#40.34
-99.4354,24.9808#28.35#31.3#40.35
-99.385,24.9823#28.33#31.32#40.35
-99.3347,24.9837#28.31#31.34#40.35
-99.2843,24.9852#28.29#31.36#40.35
-99.2339,24.9866#28.27#31.38#40.35
-99.1836,24.988#28.24#31.4#40.36
-99.1332,24.9894#28.22#31.42#40.36
-99.0828,24.9908#28.2#31.44#40.36
-99.0325,24.9922#28.18#31.47#40.35
-98.9821,24.9935#28.16#31.51#40.33
-98.9317,24.9949#28.13#31.59#40.28
-98.8814,24.9962#28.11#31.67#40.22
-98.831,24.9975#28.08#31.75#40.17
-98.7806,24.9988#28.06#31.82#40.12
-98.7303,25#28.03#31.9#40.07
-98.6799,25.0013#28.01#31.98#40.01
-98.6295,25.0025#27.98#32.06#39.96
-98.5791,25.0037#27.96#32.14#39.9
-98.5288,25.0049#27.93#32.21#39.86
-98.4784,25.0061#27.91#32.32#39.77
-98.428,25.0073#27.89#32.47#39.64
-98.3776,25.0084#27.88#32.62#39.5
-98.3272,25.0096#27.86#32.77#39.37
-98.2769,25.0107#27.84#32.92#39.24
-98.2265,25.0118#27.83#33.07#39.1
-98.1761,25.0128#27.81#33.22#38.97
-98.1257,25.0139#27.79#33.37#38.84
-98.0753,25.0149#27.78#33.52#38.7
-98.0249,25.016#27.76#33.67#38.57
-97.9745,25.017#27.75#33.92#38.33
-97.9242,25.018#27.74#34.26#38
-97.8738,25.019#27.73#34.6#37.67
-97.8234,25.0199#27.72#34.94#37.34
-97.773,25.0209#27.72#35.28#37
-97.7226,25.0218#27.71#35.62#36.67
-97.6722,25.0227#27.7#35.96#36.34
-97.6218,25.0236#27.69#36.3#36.01
-97.5714,25.0245#27.69#36.64#35.67
-97.521,25.0253#27.68#36.98#35.34
-97.4706,25.0262#27.67#37.33#35
-97.4202,25.027#27.67#37.69#34.64
-97.3698,25.0278#27.67#38.05#34.28
-97.3194,25.0286#27.66#38.41#33.93
-97.269,25.0293#27.66#38.77#33.57
-97.2186,25.0301#27.66#39.13#33.21
-97.1682,25.0308#27.65#39.49#32.86
-97.1178,25.0316#27.65#39.86#32.49
-97.0674,25.0323#27.65#40.22#32.13
-97.017,25.033#27.64#40.58#31.78
-96.9666,25.0336#27.64#40.82#31.54
-96.9162,25.0343#27.64#41.01#31.35
-96.8658,25.0349#27.64#41.19#31.17
-96.8154,25.0355#27.64#41.38#30.98
-96.765,25.0361#27.63#41.56#30.81
-96.7146,25.0367#27.63#41.74#30.63
-96.6642,25.0373#27.63#41.92#30.45
-96.6138,25.0378#27.63#42.11#30.26
-96.5634,25.0384#27.63#42.29#30.08
-96.513,25.0389#27.63#42.47#29.9
-96.4626,25.0394#27.62#42.58#29.8
-96.4122,25.0399#27.62#42.67#29.71
-96.3618,25.0404#27.62#42.76#29.62
-96.3114,25.0408#27.62#42.84#29.54
-96.261,25.0412#27.62#42.93#29.45
-96.2106,25.0417#27.62#43.01#29.37
-96.1601,25.0421#27.62#43.1#29.28
-96.1097,25.0424#27.62#43.18#29.2
-96.0593,25.0428#27.62#43.26#29.12
-96.0089,25.0431#27.61#43.35#29.04
-95.9585,25.0435#27.61#43.45#28.94
-95.9081,25.0438#27.61#43.56#28.83
-95.8577,25.0441#27.61#43.68#28.71
-95.8073,25.0444#27.61#43.79#28.6
-95.7569,25.0446#27.61#43.9#28.49
-95.7065,25.0449#27.61#44.01#28.38
-95.6561,25.0451#27.61#44.12#28.27
-95.6056,25.0453#27.61#44.23#28.16
-95.5552,25.0455#27.61#44.34#28.05
-95.5048,25.0457#27.61#44.45#27.94
-95.4544,25.0459#27.61#44.53#27.86
-95.404,25.046#27.61#44.6#27.79
-95.3536,25.0461#27.6#44.68#27.72
-95.3032,25.0462#27.6#44.75#27.65
-95.2528,25.0463#27.6#44.82#27.58
-95.2023,25.0464#27.6#44.89#27.51
-95.1519,25.0465#27.6#44.97#27.43
-95.1015,25.0465#27.6#45.04#27.36
-95.0511,25.0465#27.6#45.11#27.29
-95.0007,25.0466#27.6#45.18#27.22
-94.9503,25.0465#27.6#45.17#27.23
-94.8999,25.0465#27.6#45.16#27.24
-94.8495,25.0465#27.6#45.14#27.26
-94.799,25.0464#27.6#45.13#27.27
-94.7486,25.0463#27.6#45.11#27.29
-94.6982,25.0462#27.6#45.1#27.3
-94.6478,25.0461#27.6#45.09#27.31
-94.5974,25.046#27.6#45.07#27.33
-94.547,25.0459#27.59#45.06#27.35
-94.4966,25.0457#27.59#45.04#27.37
-94.4462,25.0455#27.59#45.04#27.37
-94.3958,25.0453#27.59#45.03#27.38
-94.3453,25.0451#27.59#45.03#27.38
-94.2949,25.0449#27.59#45.03#27.38
-94.2445,25.0446#27.59#45.02#27.39
-94.1941,25.0444#27.59#45.02#27.39
-94.1437,25.0441#27.59#45.02#27.39
-94.0933,25.0438#27.59#45.01#27.4
-94.0429,25.0435#27.59#45.01#27.4
-93.9925,25.0432#27.59#45#27.41
-93.9421,25.0428#27.59#44.98#27.43
-93.8917,25.0424#27.59#44.97#27.44
-93.8412,25.0421#27.59#44.95#27.46
-93.7908,25.0417#27.58#44.93#27.49
-93.7404,25.0412#27.58#44.91#27.51
-93.69,25.0408#27.58#44.89#27.53
-93.6396,25.0404#27.58#44.87#27.55
-93.5892,25.0399#27.58#44.86#27.56
-93.5388,25.0394#27.58#44.84#27.58
-93.4884,25.0389#27.58#44.82#27.6
-93.438,25.0384#27.58#44.79#27.63
-93.3876,25.0379#27.58#44.77#27.65
-93.3372,25.0373#27.58#44.74#27.68
-93.2868,25.0367#27.58#44.72#27.7
-93.2364,25.0362#27.58#44.69#27.73
-93.186,25.0356#27.58#44.67#27.75
-93.1356,25.0349#27.58#44.64#27.78
-93.0852,25.0343#27.58#44.62#27.8
-93.0348,25.0336#27.58#44.59#27.83
-92.9844,25.033#27.57#44.58#27.85
-92.934,25.0323#27.57#44.58#27.85
-92.8836,25.0316#27.57#44.59#27.84
-92.8332,25.0309#27.57#44.59#27.84
-92.7828,25.0301#27.57#44.59#27.84
-92.7324,25.0294#27.57#44.6#27.83
-92.682,25.0286#27.57#44.6#27.83
-92.6316,25.0278#27.57#44.61#27.82
-92.5812,25.027#27.57#44.61#27.82
-92.5308,25.0262#27.57#44.62#27.81
-92.4804,25.0253#27.57#44.61#27.82
-92.43,25.0245#27.57#44.57#27.86
-92.3796,25.0236#27.57#44.54#27.89
-92.3292,25.0227#27.57#44.5#27.93
-92.2788,25.0218#27.57#44.46#27.97
-92.2284,25.0209#27.57#44.43#28
-92.178,25.0199#27.56#44.39#28.05
-92.1276,25.019#27.56#44.35#28.09
-92.0772,25.018#27.56#44.32#28.12
-92.0269,25.017#27.56#44.28#28.16
-91.9765,25.016#27.56#44.24#28.2
-91.9261,25.015#27.56#44.21#28.23
-91.8757,25.0139#27.56#44.17#28.27
-91.8253,25.0129#27.56#44.13#28.31
-91.7749,25.0118#27.56#44.09#28.35
-91.7245,25.0107#27.56#44.06#28.38
-91.6742,25.0096#27.56#44.02#28.42
-91.6238,25.0085#27.56#43.98#28.46
-91.5734,25.0073#27.56#43.94#28.5
-91.523,25.0061#27.56#43.9#28.54
-91.4726,25.005#27.56#43.86#28.58
-91.4223,25.0038#27.56#43.82#28.62
-91.3719,25.0026#27.55#43.78#28.67
-91.3215,25.0013#27.55#43.74#28.71
-91.2711,25.0001#27.55#43.69#28.76
-91.2208,24.9988#27.55#43.65#28.8
-91.1704,24.9975#27.55#43.61#28.84
-91.12,24.9962#27.55#43.57#28.88
-91.0696,24.9949#27.55#43.52#28.93
-91.0193,24.9936#27.55#43.48#28.97
-90.9689,24.9922#27.55#43.43#29.02
-90.9185,24.9909#27.55#43.39#29.06
-90.8682,24.9895#27.55#43.34#29.11
-90.8178,24.9881#27.55#43.29#29.16
-90.7674,24.9867#27.55#43.24#29.21
-90.7171,24.9852#27.55#43.19#29.26
-90.6667,24.9838#27.55#43.14#29.31
-90.6164,24.9823#27.55#43.1#29.35
-90.566,24.9808#27.54#43.05#29.41
-90.5156,24.9793#27.54#43#29.46
-90.4653,24.9778#27.59#42.95#29.46
-90.4149,24.9763#27.65#42.9#29.45
-90.3646,24.9747#27.72#42.85#29.43
-90.3142,24.9732#27.79#42.8#29.41
-90.2639,24.9716#27.85#42.75#29.4
-90.2135,24.97#27.92#42.7#29.38
-90.1632,24.9683#27.98#42.65#29.37
-90.1128,24.9667#28.05#42.6#29.35
-90.0625,24.965#28.12#42.55#29.33
-90.0121,24.9634#28.18#42.5#29.32
-89.9618,24.9617#28.25#42.44#29.31
-89.9115,24.96#28.31#42.39#29.3
-89.8611,24.9583#28.38#42.33#29.29
-89.8108,24.9565#28.45#42.28#29.27
-89.7604,24.9548#28.52#42.22#29.26
-89.7101,24.953#28.58#42.16#29.26
-89.6598,24.9512#28.65#42.11#29.24
-89.6094,24.9494#28.72#42.05#29.23
-89.5591,24.9476#28.78#42#29.22
-89.5088,24.9457#28.85#41.94#29.21
-89.4584,24.9439#28.88#41.88#29.24
-89.4081,24.942#28.9#41.82#29.28
-89.3578,24.9401#28.93#41.76#29.31
-89.3075,24.9382#28.95#41.7#29.35
-89.2571,24.9363#28.97#41.64#29.39
-89.2068,24.9343#28.99#41.58#29.43
-89.1565,24.9324#29.01#41.52#29.47
-89.1062,24.9304#29.04#41.46#29.5
-89.0559,24.9284#29.06#41.4#29.54
-89.0056,24.9264#29.08#41.34#29.58
-88.9552,24.9244#29.01#41.28#29.71
-88.9049,24.9223#28.93#41.23#29.84
-88.8546,24.9203#28.85#41.17#29.98
-88.8043,24.9182#28.76#41.11#30.13
-88.754,24.9161#28.68#41.06#30.26
-88.7037,24.914#28.6#41#30.4
-88.6534,24.9118#28.52#40.94#30.54
-88.6031,24.9097#28.44#40.88#30.68
-88.5528,24.9075#28.35#40.82#30.83
-88.5025,24.9054#28.27#40.76#30.97
-88.4522,24.9032#28.18#40.7#31.12
-88.4019,24.9009#28.09#40.63#31.28
-102.558,24.9012#27.91#29.21#42.88
-102.507,24.9038#27.92#29.21#42.87
-102.457,24.9063#27.93#29.22#42.85
-102.407,24.9088#27.95#29.22#42.83
-102.356,24.9113#27.96#29.23#42.81
-102.306,24.9137#27.98#29.24#42.78
-102.256,24.9162#27.99#29.24#42.77
-102.206,24.9186#28#29.25#42.75
-102.155,24.921#28.02#29.25#42.73
-102.105,24.9234#28.03#29.26#42.71
-102.055,24.9258#28.05#29.26#42.69
-102.004,24.9282#28.06#29.27#42.67
-101.954,24.9305#28.08#29.27#42.65
-101.904,24.9329#28.11#29.28#42.61
-101.853,24.9352#28.13#29.29#42.58
-101.803,24.9375#28.16#29.29#42.55
-101.753,24.9398#28.18#29.3#42.52
-101.703,24.942#28.2#29.31#42.49
-101.652,24.9443#28.23#29.31#42.46
-101.602,24.9465#28.25#29.32#42.43
-101.552,24.9487#28.28#29.33#42.39
-101.501,24.9509#28.3#29.33#42.37
-101.451,24.9531#28.32#29.36#42.32
-101.401,24.9553#28.33#29.39#42.28
-101.35,24.9574#28.35#29.42#42.23
-101.3,24.9596#28.37#29.45#42.18
-101.25,24.9617#28.39#29.48#42.13
-101.199,24.9638#28.4#29.51#42.09
-101.149,24.9658#28.42#29.54#42.04
-101.099,24.9679#28.44#29.56#42
-101.048,24.97#28.46#29.59#41.95
-100.998,24.972#28.47#29.62#41.91
-100.948,24.974#28.48#29.66#41.86
-100.897,24.976#28.49#29.7#41.81
-100.847,24.978#28.49#29.75#41.76
-100.797,24.9799#28.5#29.79#41.71
-100.746,24.9819#28.51#29.83#41.66
-100.696,24.9838#28.52#29.87#41.61
-100.646,24.9857#28.52#29.91#41.57
-100.595,24.9876#28.53#29.96#41.51
-100.545,24.9895#28.54#30#41.46
-100.495,24.9913#28.54#30.04#41.42
-100.444,24.9932#28.54#30.09#41.37
-100.394,24.995#28.54#30.15#41.31
-100.344,24.9968#28.54#30.2#41.26
-100.293,24.9986#28.53#30.25#41.22
-100.243,25.0004#28.53#30.3#41.17
-100.193,25.0021#28.53#30.36#41.11
-100.142,25.0039#28.53#30.41#41.06
-100.092,25.0056#28.52#30.46#41.02
-100.041,25.0073#28.52#30.52#40.96
-99.9911,25.009#28.52#30.57#40.91
-99.9407,25.0107#28.51#30.65#40.84
-99.8904,25.0123#28.49#30.73#40.78
-99.84,25.014#28.48#30.8#40.72
-99.7896,25.0156#28.47#30.88#40.65
-99.7393,25.0172#28.46#30.96#40.58
-99.6889,25.0188#28.44#31.04#40.52
-99.6385,25.0203#28.43#31.12#40.45
-99.5882,25.0219#28.42#31.2#40.38
-99.5378,25.0234#28.41#31.28#40.31
-99.4874,25.025#28.39#31.34#40.27
-99.437,25.0265#28.37#31.37#40.26
-99.3867,25.0279#28.35#31.4#40.25
-99.3363,25.0294#28.33#31.42#40.25
-99.2859,25.0309#28.31#31.45#40.24
-99.2355,25.0323#28.29#31.48#40.23
-99.1851,25.0337#28.27#31.51#40.22
-99.1348,25.0351#28.25#31.54#40.21
-99.0844,25.0365#28.23#31.57#40.2
-99.034,25.0379#28.21#31.6#40.19
-98.9836,25.0392#28.18#31.64#40.18
-98.9332,25.0406#28.16#31.72#40.12
-98.8828,25.0419#28.13#31.79#40.08
-98.8324,25.0432#28.11#31.87#40.02
-98.782,25.0444#28.08#31.95#39.97
-98.7316,25.0457#28.06#32.02#39.92
-98.6813,25.047#28.03#32.1#39.87
-98.6309,25.0482#28.01#32.17#39.82
-98.5805,25.0494#27.98#32.25#39.77
-98.5301,25.0506#27.96#32.32#39.72
-98.4797,25.0518#27.94#32.43#39.63
-98.4293,25.053#27.92#32.6#39.48
-98.3789,25.0541#27.9#32.76#39.34
-98.3285,25.0552#27.88#32.92#39.2
-98.2781,25.0563#27.87#33.09#39.04
-98.2277,25.0574#27.85#33.25#38.9
-98.1773,25.0585#27.83#33.42#38.75
-98.1269,25.0596#27.81#33.59#38.6
-98.0765,25.0606#27.79#33.75#38.46
-98.0261,25.0616#27.77#33.92#38.31
-97.9756,25.0627#27.76#34.17#38.07
-97.9252,25.0637#27.75#34.52#37.73
-97.8748,25.0646#27.75#34.86#37.39
-97.8244,25.0656#27.74#35.2#37.06
-97.774,25.0665#27.73#35.54#36.73
-97.7236,25.0675#27.72#35.88#36.4
-97.6732,25.0684#27.71#36.22#36.07
-97.6228,25.0693#27.7#36.56#35.74
-97.5724,25.0701#27.69#36.9#35.41
-97.522,25.071#27.69#37.24#35.07
-97.4715,25.0718#27.68#37.6#34.72
-97.4211,25.0727#27.68#37.98#34.34
-97.3707,25.0735#27.67#38.36#33.97
-97.3203,25.0743#27.67#38.73#33.6
-97.2699,25.075#27.67#39.11#33.22
-97.2195,25.0758#27.66#39.48#32.86
-97.169,25.0765#27.66#39.86#32.48
-97.1186,25.0772#27.66#40.24#32.1
-97.0682,25.078#27.65#40.62#31.73
-97.0178,25.0786#27.65#41#31.35
-96.9674,25.0793#27.65#41.25#31.1
-96.9169,25.08#27.64#41.43#30.93
-96.8665,25.0806#27.64#41.61#30.75
-96.8161,25.0812#27.64#41.79#30.57
-96.7657,25.0818#27.64#41.98#30.38
-96.7153,25.0824#27.64#42.16#30.2
-96.6648,25.083#27.63#42.34#30.03
-96.6144,25.0835#27.63#42.52#29.85
-96.564,25.0841#27.63#42.7#29.67
-96.5136,25.0846#27.63#42.88#29.49
-96.4631,25.0851#27.63#42.98#29.39
-96.4127,25.0856#27.63#43.05#29.32
-96.3623,25.086#27.63#43.12#29.25
-96.3119,25.0865#27.62#43.18#29.2
-96.2614,25.0869#27.62#43.25#29.13
-96.211,25.0873#27.62#43.31#29.07
-96.1606,25.0877#27.62#43.38#29
-96.1102,25.0881#27.62#43.45#28.93
-96.0597,25.0885#27.62#43.51#28.87
-96.0093,25.0888#27.62#43.58#28.8
-95.9589,25.0892#27.62#43.67#28.71
-95.9084,25.0895#27.62#43.78#28.6
-95.858,25.0898#27.61#43.88#28.51
-95.8076,25.0901#27.61#43.98#28.41
-95.7572,25.0903#27.61#44.09#28.3
-95.7067,25.0906#27.61#44.19#28.2
-95.6563,25.0908#27.61#44.29#28.1
-95.6059,25.091#27.61#44.39#28
-95.5554,25.0912#27.61#44.5#27.89
-95.505,25.0914#27.61#44.6#27.79
-95.4546,25.0915#27.61#44.67#27.72
-95.4041,25.0917#27.61#44.74#27.65
-95.3537,25.0918#27.61#44.81#27.58
-95.3033,25.0919#27.61#44.88#27.51
-95.2529,25.092#27.61#44.95#27.44
-95.2024,25.0921#27.61#45.02#27.37
-95.152,25.0922#27.6#45.09#27.31
-95.1016,25.0922#27.6#45.16#27.24
-95.0511,25.0922#27.6#45.22#27.18
-95.0007,25.0922#27.6#45.29#27.11
-94.9503,25.0922#27.6#45.28#27.12
-94.8998,25.0922#27.6#45.27#27.13
-94.8494,25.0922#27.6#45.26#27.14
-94.799,25.0921#27.6#45.25#27.15
-94.7485,25.092#27.6#45.24#27.16
-94.6981,25.0919#27.6#45.23#27.17
-94.6477,25.0918#27.6#45.22#27.18
-94.5973,25.0917#27.6#45.21#27.19
-94.5468,25.0916#27.6#45.2#27.2
-94.4964,25.0914#27.6#45.19#27.21
-94.446,25.0912#27.6#45.19#27.21
-94.3955,25.091#27.59#45.18#27.23
-94.3451,25.0908#27.59#45.18#27.23
-94.2947,25.0906#27.59#45.17#27.24
-94.2442,25.0903#27.59#45.17#27.24
-94.1938,25.0901#27.59#45.17#27.24
-94.1434,25.0898#27.59#45.16#27.25
-94.093,25.0895#27.59#45.16#27.25
-94.0425,25.0892#27.59#45.16#27.25
-93.9921,25.0888#27.59#45.15#27.26
-93.9417,25.0885#27.59#45.13#27.28
-93.8912,25.0881#27.59#45.12#27.29
-93.8408,25.0878#27.59#45.1#27.31
-93.7904,25.0874#27.59#45.08#27.33
-93.74,25.0869#27.59#45.06#27.35
-93.6895,25.0865#27.59#45.05#27.36
-93.6391,25.0861#27.59#45.03#27.38
-93.5887,25.0856#27.58#45.01#27.41
-93.5383,25.0851#27.58#45#27.42
-93.4878,25.0846#27.58#44.98#27.44
-93.4374,25.0841#27.58#44.95#27.47
-93.387,25.0835#27.58#44.93#27.49
-93.3366,25.083#27.58#44.91#27.51
-93.2861,25.0824#27.58#44.88#27.54
-93.2357,25.0818#27.58#44.86#27.56
-93.1853,25.0812#27.58#44.84#27.58
-93.1349,25.0806#27.58#44.81#27.61
-93.0844,25.08#27.58#44.79#27.63
-93.034,25.0793#27.58#44.77#27.65
-92.9836,25.0787#27.58#44.75#27.67
-92.9332,25.078#27.58#44.75#27.67
-92.8828,25.0773#27.58#44.76#27.66
-92.8324,25.0765#27.58#44.76#27.66
-92.7819,25.0758#27.57#44.76#27.67
-92.7315,25.075#27.57#44.76#27.67
-92.6811,25.0743#27.57#44.77#27.66
-92.6307,25.0735#27.57#44.77#27.66
-92.5803,25.0727#27.57#44.77#27.66
-92.5299,25.0719#27.57#44.77#27.66
-92.4794,25.071#27.57#44.76#27.67
-92.429,25.0702#27.57#44.73#27.7
-92.3786,25.0693#27.57#44.7#27.73
-92.3282,25.0684#27.57#44.66#27.77
-92.2778,25.0675#27.57#44.63#27.8
-92.2274,25.0666#27.57#44.6#27.83
-92.177,25.0656#27.57#44.56#27.87
-92.1266,25.0647#27.57#44.53#27.9
-92.0762,25.0637#27.57#44.49#27.94
-92.0257,25.0627#27.56#44.46#27.98
-91.9753,25.0617#27.56#44.43#28.01
-91.9249,25.0606#27.56#44.39#28.05
-91.8745,25.0596#27.56#44.35#28.09
-91.8241,25.0585#27.56#44.32#28.12
-91.7737,25.0575#27.56#44.28#28.16
-91.7233,25.0564#27.56#44.25#28.19
-91.6729,25.0553#27.56#44.21#28.23
-91.6225,25.0541#27.56#44.17#28.27
-91.5721,25.053#27.56#44.14#28.3
-91.5217,25.0518#27.56#44.1#28.34
-91.4713,25.0506#27.56#44.06#28.38
-91.4209,25.0494#27.56#44.02#28.42
-91.3705,25.0482#27.56#43.98#28.46
-91.3201,25.047#27.56#43.94#28.5
-91.2697,25.0457#27.56#43.9#28.54
-91.2194,25.0445#27.56#43.86#28.58
-91.169,25.0432#27.55#43.81#28.64
-91.1186,25.0419#27.55#43.77#28.68
-91.0682,25.0406#27.55#43.73#28.72
-91.0178,25.0393#27.55#43.69#28.76
-90.9674,25.0379#27.55#43.64#28.81
-90.917,25.0365#27.55#43.6#28.85
-90.8666,25.0352#27.55#43.55#28.9
-90.8163,25.0338#27.55#43.51#28.94
-90.7659,25.0323#27.55#43.46#28.99
-90.7155,25.0309#27.55#43.41#29.04
-90.6651,25.0295#27.55#43.37#29.08
-90.6147,25.028#27.55#43.32#29.13
-90.5644,25.0265#27.55#43.27#29.18
-90.514,25.025#27.55#43.22#29.23
-90.4636,25.0235#27.59#43.18#29.23
-90.4132,25.0219#27.66#43.13#29.21
-90.3629,25.0204#27.72#43.08#29.2
-90.3125,25.0188#27.79#43.03#29.18
-90.2621,25.0172#27.86#42.98#29.16
-90.2117,25.0156#27.92#42.93#29.15
-90.1614,25.014#27.99#42.88#29.13
-90.111,25.0124#28.05#42.84#29.11
-90.0606,25.0107#28.12#42.79#29.09
-90.0103,25.009#28.18#42.74#29.08
-89.9599,25.0073#28.25#42.68#29.07
-89.9096,25.0056#28.32#42.63#29.05
-89.8592,25.0039#28.39#42.58#29.03
-89.8088,25.0022#28.45#42.52#29.03
-89.7585,25.0004#28.52#42.47#29.01
-89.7081,24.9986#28.59#42.41#29
-89.6578,24.9969#28.65#42.36#28.99
-89.6074,24.995#28.72#42.3#28.98
-89.5571,24.9932#28.79#42.25#28.96
-89.5067,24.9914#28.85#42.19#28.96
-89.4564,24.9895#28.88#42.13#28.99
-89.406,24.9876#28.9#42.07#29.03
-89.3557,24.9858#28.93#42.02#29.05
-89.3054,24.9838#28.95#41.96#29.09
-89.255,24.9819#28.97#41.9#29.13
-89.2047,24.98#28.99#41.84#29.17
-89.1543,24.978#29.02#41.78#29.2
-89.104,24.976#29.04#41.72#29.24
-89.0537,24.974#29.06#41.66#29.28
-89.0033,24.972#29.08#41.6#29.32
-88.953,24.97#29.01#41.55#29.44
-88.9027,24.968#28.93#41.5#29.57
-88.8523,24.9659#28.84#41.45#29.71
-88.802,24.9638#28.76#41.4#29.84
-88.7517,24.9617#28.68#41.35#29.97
-88.7014,24.9596#28.6#41.29#30.11
-88.651,24.9575#28.51#41.24#30.25
-88.6007,24.9553#28.43#41.19#30.38
-88.5504,24.9532#28.35#41.13#30.52
-88.5001,24.951#28.27#41.08#30.65
-88.4498,24.9488#28.18#41.01#30.81
-88.3995,24.9466#28.09#40.95#30.96
-88.3492,24.9444#28#40.89#31.11
-88.2988,24.9421#27.91#40.82#31.27
-88.2485,24.9398#27.82#40.76#31.42
-88.1982,24.9376#27.73#40.69#31.58
-88.1479,24.9353#27.64#40.63#31.73
-88.0976,24.9329#27.55#40.56#31.89
-88.0473,24.9306#27.46#40.5#32.04
-87.997,24.9283#27.37#40.43#32.2
-87.9467,24.9259#27.34#40.38#32.28
-87.8964,24.9235#27.3#40.32#32.38
-87.8461,24.9211#27.27#40.27#32.46
-87.7959,24.9187#27.24#40.21#32.55
-87.7456,24.9163#27.21#40.16#32.63
-87.6953,24.9138#27.17#40.1#32.73
-87.645,24.9113#27.14#40.05#32.81
-87.5947,24.9089#27.11#40#32.89
-87.5444,24.9064#27.07#39.94#32.99
-87.4942,24.9038#27.04#39.89#33.07
-87.4439,24.9013#27.03#39.84#33.13
-103.415,24.9011#27.83#29.11#43.06
-103.365,24.9039#27.82#29.12#43.06
-103.314,24.9068#27.82#29.12#43.06
-103.264,24.9095#27.82#29.13#43.05
-103.214,24.9123#27.82#29.13#43.05
-103.164,24.9151#27.82#29.14#43.04
-103.113,24.9178#27.82#29.14#43.04
-103.063,24.9205#27.82#29.15#43.03
-103.013,24.9232#27.82#29.15#43.03
-102.963,24.9259#27.83#29.16#43.01
-102.912,24.9286#27.84#29.16#43
-102.862,24.9313#27.85#29.17#42.98
-102.812,24.9339#27.86#29.17#42.97
-102.761,24.9365#27.87#29.18#42.95
-102.711,24.9391#27.87#29.18#42.95
-102.661,24.9417#27.88#29.19#42.93
-102.611,24.9443#27.89#29.19#42.92
-102.56,24.9468#27.9#29.2#42.9
-102.51,24.9494#27.91#29.2#42.89
-102.46,24.9519#27.92#29.21#42.87
-102.409,24.9544#27.94#29.21#42.85
-102.359,24.9569#27.95#29.22#42.83
-102.309,24.9594#27.97#29.22#42.81
-102.259,24.9618#27.98#29.23#42.79
-102.208,24.9642#27.99#29.24#42.77
-102.158,24.9667#28.01#29.24#42.75
-102.108,24.9691#28.02#29.25#42.73
-102.057,24.9715#28.03#29.25#42.72
-102.007,24.9738#28.05#29.26#42.69
-101.957,24.9762#28.07#29.26#42.67
-101.906,24.9785#28.09#29.27#42.64
-101.856,24.9808#28.12#29.28#42.6
-101.806,24.9831#28.14#29.28#42.58
-101.755,24.9854#28.16#29.29#42.55
-101.705,24.9877#28.19#29.3#42.51
-101.655,24.9899#28.21#29.3#42.49
-101.604,24.9922#28.23#29.31#42.46
-101.554,24.9944#28.25#29.31#42.44
-101.504,24.9966#28.28#29.32#42.4
-101.453,24.9988#28.3#29.35#42.35
-101.403,25.0009#28.31#29.37#42.32
-101.353,25.0031#28.33#29.4#42.27
-101.302,25.0052#28.35#29.43#42.22
-101.252,25.0073#28.37#29.45#42.18
-101.202,25.0094#28.39#29.48#42.13
-101.151,25.0115#28.41#29.51#42.08
-101.101,25.0135#28.42#29.53#42.05
-101.051,25.0156#28.44#29.56#42
-101,25.0176#28.46#29.58#41.96
-100.95,25.0196#28.47#29.63#41.9
-100.9,25.0216#28.48#29.67#41.85
-100.849,25.0236#28.49#29.71#41.8
-100.799,25.0256#28.49#29.76#41.75
-100.749,25.0275#28.5#29.8#41.7
-100.698,25.0294#28.51#29.84#41.65
-100.648,25.0314#28.52#29.88#41.6
-100.597,25.0332#28.53#29.93#41.54
-100.547,25.0351#28.53#29.97#41.5
-100.497,25.037#28.54#30.02#41.44
-100.446,25.0388#28.54#30.07#41.39
-100.396,25.0407#28.54#30.13#41.33
-100.346,25.0425#28.54#30.18#41.28
-100.295,25.0443#28.54#30.24#41.22
-100.245,25.046#28.53#30.29#41.18
-100.194,25.0478#28.53#30.35#41.12
-100.144,25.0495#28.53#30.4#41.07
-100.094,25.0512#28.53#30.46#41.01
-100.043,25.053#28.53#30.52#40.95
-99.993,25.0546#28.53#30.58#40.89
-99.9426,25.0563#28.51#30.66#40.83
-99.8922,25.058#28.5#30.74#40.76
-99.8418,25.0596#28.49#30.82#40.69
-99.7914,25.0612#28.48#30.91#40.61
-99.741,25.0628#28.47#30.99#40.54
-99.6906,25.0644#28.46#31.07#40.47
-99.6403,25.066#28.45#31.16#40.39
-99.5899,25.0676#28.44#31.24#40.32
-99.5395,25.0691#28.42#31.32#40.26
-99.4891,25.0706#28.41#31.4#40.19
-99.4387,25.0721#28.39#31.43#40.18
-99.3883,25.0736#28.37#31.47#40.16
-99.3379,25.0751#28.35#31.5#40.15
-99.2875,25.0765#28.33#31.54#40.13
-99.2371,25.078#28.31#31.58#40.11
-99.1867,25.0794#28.29#31.61#40.1
-99.1363,25.0808#28.27#31.65#40.08
-99.0859,25.0822#28.25#31.69#40.06
-99.0355,25.0835#28.23#31.73#40.04
-98.9851,25.0849#28.21#31.78#40.01
-98.9347,25.0862#28.18#31.85#39.97
-98.8843,25.0875#28.16#31.92#39.92
-98.8339,25.0888#28.13#32#39.87
-98.7834,25.0901#28.11#32.07#39.82
-98.733,25.0914#28.08#32.14#39.78
-98.6826,25.0926#28.06#32.21#39.73
-98.6322,25.0939#28.04#32.29#39.67
-98.5818,25.0951#28.01#32.36#39.63
-98.5314,25.0963#27.99#32.43#39.58
-98.481,25.0975#27.96#32.54#39.5
-98.4305,25.0986#27.94#32.72#39.34
-98.3801,25.0998#27.93#32.9#39.17
-98.3297,25.1009#27.91#33.08#39.01
-98.2793,25.102#27.89#33.26#38.85
-98.2289,25.1031#27.87#33.44#38.69
-98.1784,25.1042#27.85#33.62#38.53
-98.128,25.1053#27.83#33.8#38.37
-98.0776,25.1063#27.81#33.99#38.2
-98.0272,25.1073#27.79#34.17#38.04
-97.9768,25.1083#27.78#34.43#37.79
-97.9263,25.1093#27.77#34.77#37.46
-97.8759,25.1103#27.76#35.11#37.13
-97.8255,25.1113#27.75#35.45#36.8
-97.775,25.1122#27.74#35.8#36.46
-97.7246,25.1131#27.73#36.14#36.13
-97.6742,25.114#27.72#36.48#35.8
-97.6238,25.1149#27.71#36.82#35.47
-97.5733,25.1158#27.7#37.17#35.13
-97.5229,25.1167#27.69#37.51#34.8
-97.4725,25.1175#27.69#37.88#34.43
-97.422,25.1183#27.68#38.27#34.05
-97.3716,25.1191#27.68#38.66#33.66
-97.3212,25.1199#27.68#39.05#33.27
-97.2707,25.1207#27.67#39.44#32.89
-97.2203,25.1215#27.67#39.84#32.49
-97.1699,25.1222#27.66#40.23#32.11
-97.1194,25.1229#27.66#40.62#31.72
-97.069,25.1236#27.66#41.02#31.32
-97.0185,25.1243#27.65#41.41#30.94
-96.9681,25.125#27.65#41.67#30.68
-96.9177,25.1256#27.65#41.85#30.5
-96.8672,25.1263#27.65#42.03#30.32
-96.8168,25.1269#27.64#42.21#30.15
-96.7663,25.1275#27.64#42.39#29.97
-96.7159,25.1281#27.64#42.57#29.79
-96.6655,25.1287#27.64#42.75#29.61
-96.615,25.1292#27.64#42.93#29.43
-96.5646,25.1298#27.63#43.11#29.26
-96.5141,25.1303#27.63#43.29#29.08
-96.4637,25.1308#27.63#43.38#28.99
-96.4132,25.1313#27.63#43.43#28.94
-96.3628,25.1317#27.63#43.48#28.89
-96.3123,25.1322#27.63#43.52#28.85
-96.2619,25.1326#27.63#43.57#28.8
-96.2115,25.133#27.62#43.62#28.76
-96.161,25.1334#27.62#43.67#28.71
-96.1106,25.1338#27.62#43.71#28.67
-96.0601,25.1342#27.62#43.76#28.62
-96.0097,25.1345#27.62#43.8#28.58
-95.9592,25.1349#27.62#43.89#28.49
-95.9088,25.1352#27.62#43.99#28.39
-95.8583,25.1355#27.62#44.08#28.3
-95.8079,25.1357#27.62#44.18#28.2
