-97.1053,24.3007#27.59#34.2#38.21
-97.0552,24.3014#27.58#34.42#38
-97.0051,24.302#27.58#34.64#37.78
-96.955,24.3027#27.58#34.85#37.57
-96.9049,24.3034#27.58#35.05#37.37
-96.8548,24.304#27.58#35.25#37.17
-96.8047,24.3046#27.58#35.45#36.97
-96.7546,24.3052#27.58#35.66#36.76
-96.7045,24.3058#27.58#35.86#36.56
-96.6544,24.3064#27.58#36.06#36.36
-96.6043,24.3069#27.58#36.26#36.16
-96.5542,24.3074#27.58#36.47#35.95
-96.504,24.3079#27.58#36.67#35.75
-96.4539,24.3084#27.58#36.83#35.59
-96.4038,24.3089#27.58#36.99#35.43
-96.3537,24.3094#27.58#37.14#35.28
-96.3036,24.3098#27.58#37.3#35.12
-96.2535,24.3103#27.58#37.46#34.96
-96.2034,24.3107#27.58#37.61#34.81
-96.1533,24.3111#27.58#37.77#34.65
-96.1032,24.3115#27.57#37.93#34.5
-96.0531,24.3118#27.57#38.08#34.35
-96.003,24.3122#27.57#38.24#34.19
-95.9528,24.3125#27.57#38.36#34.07
-95.9027,24.3128#27.57#38.47#33.96
-95.8526,24.3131#27.57#38.59#33.84
-95.8025,24.3134#27.57#38.7#33.73
-95.7524,24.3136#27.57#38.82#33.61
-95.7023,24.3139#27.57#38.94#33.49
-95.6522,24.3141#27.57#39.05#33.38
-95.6021,24.3143#27.57#39.17#33.26
-95.5519,24.3145#27.57#39.28#33.15
-95.5018,24.3147#27.57#39.4#33.03
-95.4517,24.3149#27.57#39.52#32.91
-95.4016,24.315#27.57#39.65#32.78
-95.3515,24.3151#27.57#39.78#32.65
-95.3014,24.3152#27.57#39.91#32.52
-95.2513,24.3153#27.57#40.03#32.4
-95.2011,24.3154#27.56#40.16#32.28
-95.151,24.3155#27.56#40.29#32.15
-95.1009,24.3155#27.56#40.42#32.02
-95.0508,24.3155#27.56#40.54#31.9
-95.0007,24.3156#27.56#40.67#31.77
-94.9506,24.3155#27.56#40.77#31.67
-94.9005,24.3155#27.56#40.88#31.56
-94.8504,24.3155#27.56#40.98#31.46
-94.8002,24.3154#27.56#41.08#31.36
-94.7501,24.3153#27.56#41.19#31.25
-94.7,24.3152#27.56#41.29#31.15
-94.6499,24.3151#27.56#41.39#31.05
-94.5998,24.315#27.56#41.5#30.94
-94.5497,24.3149#27.56#41.6#30.84
-94.4996,24.3147#27.56#41.7#30.74
-94.4494,24.3145#27.56#41.68#30.76
-94.3993,24.3143#27.56#41.65#30.79
-94.3492,24.3141#27.55#41.63#30.82
-94.2991,24.3139#27.55#41.6#30.85
-94.249,24.3137#27.55#41.58#30.87
-94.1989,24.3134#27.55#41.55#30.9
-94.1488,24.3131#27.55#41.53#30.92
-94.0987,24.3128#27.55#41.5#30.95
-94.0485,24.3125#27.55#41.48#30.97
-93.9984,24.3122#27.55#41.45#31
-93.9483,24.3118#27.55#41.4#31.05
-93.8982,24.3115#27.55#41.35#31.1
-93.8481,24.3111#27.55#41.3#31.15
-93.798,24.3107#27.55#41.25#31.2
-93.7479,24.3103#27.55#41.2#31.25
-93.6978,24.3099#27.55#41.15#31.3
-93.6477,24.3094#27.55#41.1#31.35
-93.5976,24.3089#27.55#41.05#31.4
-93.5474,24.3085#27.55#41#31.45
-93.4973,24.308#27.54#40.95#31.51
-93.4472,24.3074#27.54#40.9#31.56
-93.3971,24.3069#27.54#40.84#31.62
-93.347,24.3064#27.54#40.79#31.67
-93.2969,24.3058#27.54#40.73#31.73
-93.2468,24.3052#27.54#40.68#31.78
-93.1967,24.3046#27.54#40.63#31.83
-93.1466,24.304#27.54#40.57#31.89
-93.0965,24.3034#27.54#40.52#31.94
-93.0464,24.3027#27.54#40.46#32
-92.9963,24.3021#27.54#40.41#32.05
-92.9462,24.3014#27.54#40.36#32.1
-92.8961,24.3007#27.54#40.31#32.15
-92.846,24.3#27.54#40.26#32.2
-99.2605,24.3002#27.91#30.89#41.2
-99.2105,24.3017#27.89#30.92#41.19
-99.1604,24.3031#27.87#30.96#41.17
-99.1103,24.3045#27.84#30.99#41.17
-99.0602,24.3058#27.82#31.02#41.16
-99.0101,24.3072#27.79#31.06#41.15
-98.96,24.3085#27.78#31.1#41.12
-98.9099,24.3099#27.77#31.13#41.1
-98.8598,24.3112#27.75#31.17#41.08
-98.8098,24.3125#27.74#31.21#41.05
-98.7597,24.3137#27.73#31.25#41.02
-98.7096,24.315#27.71#31.29#41
-98.6595,24.3162#27.7#31.33#40.97
-98.6094,24.3175#27.69#31.37#40.94
-98.5593,24.3187#27.68#31.42#40.9
-98.5092,24.3199#27.66#31.46#40.88
-98.4591,24.321#27.66#31.48#40.86
-98.409,24.3222#27.65#31.5#40.85
-98.3589,24.3233#27.65#31.52#40.83
-98.3088,24.3244#27.64#31.55#40.81
-98.2587,24.3256#27.64#31.57#40.79
-98.2086,24.3266#27.63#31.59#40.78
-98.1585,24.3277#27.63#31.61#40.76
-98.1084,24.3288#27.62#31.63#40.75
-98.0583,24.3298#27.62#31.66#40.72
-98.0081,24.3308#27.62#31.68#40.7
-97.958,24.3318#27.61#31.75#40.64
-97.9079,24.3328#27.61#31.84#40.55
-97.8578,24.3338#27.61#31.93#40.46
-97.8077,24.3347#27.61#32.01#40.38
-97.7576,24.3357#27.61#32.1#40.29
-97.7075,24.3366#27.6#32.19#40.21
-97.6574,24.3375#27.6#32.28#40.12
-97.6073,24.3384#27.6#32.36#40.04
-97.5571,24.3393#27.6#32.45#39.95
-97.507,24.3401#27.59#32.54#39.87
-97.4569,24.341#27.59#32.75#39.66
-97.4068,24.3418#27.59#32.99#39.42
-97.3567,24.3426#27.59#33.22#39.19
-97.3066,24.3434#27.59#33.45#38.96
-97.2564,24.3441#27.59#33.69#38.72
-97.2063,24.3449#27.59#33.92#38.49
-97.1562,24.3456#27.59#34.16#38.25
-97.1061,24.3463#27.59#34.39#38.02
-97.056,24.347#27.59#34.63#37.78
-97.0058,24.3477#27.59#34.86#37.55
-96.9557,24.3484#27.59#35.07#37.34
-96.9056,24.349#27.59#35.28#37.13
-96.8555,24.3497#27.59#35.48#36.93
-96.8054,24.3503#27.58#35.69#36.73
-96.7552,24.3509#27.58#35.9#36.52
-96.7051,24.3515#27.58#36.1#36.32
-96.655,24.352#27.58#36.31#36.11
-96.6049,24.3526#27.58#36.52#35.9
-96.5547,24.3531#27.58#36.72#35.7
-96.5046,24.3536#27.58#36.93#35.49
-96.4545,24.3541#27.58#37.09#35.33
-96.4044,24.3546#27.58#37.25#35.17
-96.3542,24.3551#27.58#37.4#35.02
-96.3041,24.3555#27.58#37.56#34.86
-96.254,24.356#27.58#37.71#34.71
-96.2038,24.3564#27.58#37.87#34.55
-96.1537,24.3568#27.58#38.02#34.4
-96.1036,24.3571#27.58#38.17#34.25
-96.0535,24.3575#27.58#38.33#34.09
-96.0033,24.3579#27.58#38.48#33.94
-95.9532,24.3582#27.58#38.6#33.82
-95.9031,24.3585#27.58#38.72#33.7
-95.8529,24.3588#27.57#38.83#33.6
-95.8028,24.3591#27.57#38.95#33.48
-95.7527,24.3593#27.57#39.06#33.37
-95.7025,24.3596#27.57#39.18#33.25
-95.6524,24.3598#27.57#39.3#33.13
-95.6023,24.36#27.57#39.41#33.02
-95.5521,24.3602#27.57#39.53#32.9
-95.502,24.3604#27.57#39.64#32.79
-95.4519,24.3606#27.57#39.78#32.65
-95.4018,24.3607#27.57#39.91#32.52
-95.3516,24.3608#27.57#40.05#32.38
-95.3015,24.3609#27.57#40.18#32.25
-95.2514,24.361#27.57#40.31#32.12
-95.2012,24.3611#27.57#40.45#31.98
-95.1511,24.3612#27.57#40.58#31.85
-95.101,24.3612#27.57#40.72#31.71
-95.0508,24.3612#27.57#40.85#31.58
-95.0007,24.3612#27.56#40.99#31.45
-94.9506,24.3612#27.56#41.09#31.35
-94.9004,24.3612#27.56#41.2#31.24
-94.8503,24.3612#27.56#41.31#31.13
-94.8002,24.3611#27.56#41.42#31.02
-94.75,24.361#27.56#41.53#30.91
-94.6999,24.3609#27.56#41.63#30.81
-94.6498,24.3608#27.56#41.74#30.7
-94.5996,24.3607#27.56#41.85#30.59
-94.5495,24.3606#27.56#41.96#30.48
-94.4994,24.3604#27.56#42.06#30.38
-94.4492,24.3602#27.56#42.04#30.4
-94.3991,24.36#27.56#42.01#30.43
-94.349,24.3598#27.56#41.99#30.45
-94.2988,24.3596#27.56#41.97#30.47
-94.2487,24.3593#27.56#41.94#30.5
-94.1986,24.3591#27.56#41.92#30.52
-94.1485,24.3588#27.55#41.9#30.55
-94.0983,24.3585#27.55#41.87#30.58
-94.0482,24.3582#27.55#41.85#30.6
-93.9981,24.3579#27.55#41.82#30.63
-93.9479,24.3575#27.55#41.77#30.68
-93.8978,24.3572#27.55#41.72#30.73
-93.8477,24.3568#27.55#41.67#30.78
-93.7975,24.3564#27.55#41.62#30.83
-93.7474,24.356#27.55#41.57#30.88
-93.6973,24.3555#27.55#41.51#30.94
-93.6472,24.3551#27.55#41.46#30.99
-93.597,24.3546#27.55#41.41#31.04
-93.5469,24.3541#27.55#41.36#31.09
-93.4968,24.3536#27.55#41.31#31.14
-93.4467,24.3531#27.55#41.25#31.2
-93.3965,24.3526#27.55#41.19#31.26
-93.3464,24.352#27.55#41.14#31.31
-93.2963,24.3515#27.54#41.08#31.38
-93.2462,24.3509#27.54#41.03#31.43
-93.196,24.3503#27.54#40.97#31.49
-93.1459,24.3497#27.54#40.91#31.55
-93.0958,24.3491#27.54#40.86#31.6
-93.0457,24.3484#27.54#40.8#31.66
-92.9955,24.3477#27.54#40.75#31.71
-92.9454,24.3471#27.54#40.69#31.77
-92.8953,24.3464#27.54#40.64#31.82
-92.8452,24.3456#27.54#40.59#31.87
-92.7951,24.3449#27.54#40.53#31.93
-92.7449,24.3441#27.54#40.48#31.98
-92.6948,24.3434#27.54#40.43#32.03
-92.6447,24.3426#27.54#40.37#32.09
-92.5946,24.3418#27.54#40.32#32.14
-92.5445,24.341#27.54#40.27#32.19
-92.4944,24.3401#27.54#40.21#32.25
-92.4442,24.3393#27.53#40.16#32.31
-92.3941,24.3384#27.53#40.11#32.36
-92.344,24.3375#27.53#40.06#32.41
-92.2939,24.3366#27.53#40.01#32.46
-92.2438,24.3357#27.53#39.96#32.51
-92.1937,24.3348#27.53#39.91#32.56
-92.1436,24.3338#27.53#39.86#32.61
-92.0935,24.3328#27.53#39.81#32.66
-92.0433,24.3319#27.53#39.75#32.72
-91.9932,24.3309#27.53#39.7#32.77
-91.9431,24.3298#27.53#39.66#32.81
-91.893,24.3288#27.53#39.61#32.86
-91.8429,24.3277#27.53#39.57#32.9
-91.7928,24.3267#27.53#39.53#32.94
-91.7427,24.3256#27.53#39.48#32.99
-91.6926,24.3245#27.53#39.44#33.03
-91.6425,24.3234#27.53#39.39#33.08
-91.5924,24.3222#27.52#39.34#33.14
-91.5423,24.3211#27.52#39.3#33.18
-91.4922,24.3199#27.52#39.25#33.23
-91.4421,24.3187#27.52#39.21#33.27
-91.392,24.3175#27.52#39.16#33.32
-91.3419,24.3163#27.52#39.12#33.36
-91.2918,24.315#27.52#39.07#33.41
-91.2417,24.3138#27.52#39.03#33.45
-91.1916,24.3125#27.52#38.98#33.5
-91.1415,24.3112#27.52#38.94#33.54
-91.0914,24.3099#27.52#38.89#33.59
-91.0414,24.3086#27.52#38.85#33.63
-90.9913,24.3072#27.52#38.8#33.68
-90.9412,24.3059#27.52#38.74#33.74
-90.8911,24.3045#27.52#38.69#33.79
-90.841,24.3031#27.52#38.63#33.85
-90.7909,24.3017#27.52#38.57#33.91
-90.7408,24.3003#27.51#38.52#33.97
-100.614,24.301#28.46#30.72#40.82
-100.564,24.3029#28.46#30.75#40.79
-100.514,24.3047#28.45#30.78#40.77
-100.464,24.3066#28.44#30.78#40.78
-100.414,24.3084#28.42#30.78#40.8
-100.364,24.3102#28.41#30.78#40.81
-100.314,24.312#28.39#30.78#40.83
-100.264,24.3138#28.37#30.77#40.86
-100.214,24.3156#28.36#30.77#40.87
-100.164,24.3173#28.34#30.77#40.89
-100.114,24.319#28.33#30.77#40.9
-100.064,24.3208#28.31#30.77#40.92
-100.014,24.3225#28.29#30.77#40.94
-99.9634,24.3241#28.27#30.77#40.96
-99.9133,24.3258#28.25#30.77#40.98
-99.8633,24.3274#28.23#30.77#41
-99.8132,24.3291#28.2#30.76#41.04
-99.7631,24.3307#28.18#30.76#41.06
-99.713,24.3323#28.16#30.75#41.09
-99.6629,24.3339#28.13#30.75#41.12
-99.6128,24.3354#28.11#30.75#41.14
-99.5627,24.337#28.09#30.74#41.17
-99.5126,24.3385#28.06#30.74#41.2
-99.4625,24.34#28.04#30.76#41.2
-99.4124,24.3415#28.01#30.8#41.19
-99.3623,24.343#27.99#30.83#41.18
-99.3122,24.3444#27.96#30.86#41.18
-99.2621,24.3459#27.94#30.9#41.16
-99.212,24.3473#27.91#30.93#41.16
-99.1619,24.3487#27.89#30.96#41.15
-99.1118,24.3501#27.86#31#41.14
-99.0617,24.3515#27.83#31.03#41.14
-99.0116,24.3529#27.81#31.06#41.13
-98.9615,24.3542#27.79#31.1#41.11
-98.9114,24.3555#27.78#31.14#41.08
-98.8613,24.3568#27.77#31.18#41.05
-98.8112,24.3581#27.75#31.23#41.02
-98.7611,24.3594#27.74#31.27#40.99
-98.7109,24.3607#27.73#31.31#40.96
-98.6608,24.3619#27.71#31.35#40.94
-98.6107,24.3631#27.7#31.39#40.91
-98.5606,24.3643#27.69#31.43#40.88
-98.5105,24.3655#27.67#31.48#40.85
-98.4604,24.3667#27.67#31.5#40.83
-98.4102,24.3679#27.66#31.53#40.81
-98.3601,24.369#27.66#31.55#40.79
-98.31,24.3701#27.65#31.58#40.77
-98.2599,24.3712#27.65#31.6#40.75
-98.2098,24.3723#27.64#31.62#40.74
-98.1596,24.3734#27.64#31.65#40.71
-98.1095,24.3744#27.63#31.68#40.69
-98.0594,24.3755#27.63#31.7#40.67
-98.0093,24.3765#27.62#31.73#40.65
-97.9591,24.3775#27.62#31.81#40.57
-97.909,24.3785#27.62#31.91#40.47
-97.8589,24.3795#27.61#32.01#40.38
-97.8087,24.3804#27.61#32.12#40.27
-97.7586,24.3814#27.61#32.22#40.17
-97.7085,24.3823#27.61#32.32#40.07
-97.6584,24.3832#27.61#32.43#39.96
-97.6082,24.3841#27.6#32.53#39.87
-97.5581,24.3849#27.6#32.64#39.76
-97.508,24.3858#27.6#32.74#39.66
-97.4578,24.3866#27.6#32.97#39.43
-97.4077,24.3875#27.6#33.21#39.19
-97.3576,24.3883#27.6#33.46#38.94
-97.3074,24.389#27.6#33.7#38.7
-97.2573,24.3898#27.59#33.95#38.46
-97.2071,24.3906#27.59#34.2#38.21
-97.157,24.3913#27.59#34.44#37.97
-97.1069,24.392#27.59#34.69#37.72
-97.0567,24.3927#27.59#34.93#37.48
-97.0066,24.3934#27.59#35.18#37.23
-96.9564,24.3941#27.59#35.39#37.02
-96.9063,24.3947#27.59#35.6#36.81
-96.8562,24.3954#27.59#35.81#36.6
-96.806,24.396#27.59#36.02#36.39
-96.7559,24.3966#27.59#36.23#36.18
-96.7057,24.3972#27.59#36.43#35.98
-96.6556,24.3977#27.59#36.64#35.77
-96.6055,24.3983#27.59#36.85#35.56
-96.5553,24.3988#27.58#37.06#35.36
-96.5052,24.3993#27.58#37.27#35.15
-96.455,24.3998#27.58#37.43#34.99
-96.4049,24.4003#27.58#37.58#34.84
-96.3547,24.4008#27.58#37.74#34.68
-96.3046,24.4012#27.58#37.89#34.53
-96.2544,24.4016#27.58#38.05#34.37
-96.2043,24.4021#27.58#38.21#34.21
-96.1541,24.4024#27.58#38.36#34.06
-96.104,24.4028#27.58#38.52#33.9
-96.0538,24.4032#27.58#38.67#33.75
-96.0037,24.4035#27.58#38.83#33.59
-95.9535,24.4039#27.58#38.95#33.47
-95.9034,24.4042#27.58#39.07#33.35
-95.8532,24.4045#27.58#39.19#33.23
-95.8031,24.4048#27.58#39.3#33.12
-95.753,24.405#27.58#39.42#33
-95.7028,24.4053#27.58#39.54#32.88
-95.6527,24.4055#27.57#39.66#32.77
-95.6025,24.4057#27.57#39.78#32.65
-95.5524,24.4059#27.57#39.9#32.53
-95.5022,24.4061#27.57#40.01#32.42
-95.4521,24.4062#27.57#40.15#32.28
-95.4019,24.4064#27.57#40.28#32.15
-95.3517,24.4065#27.57#40.41#32.02
-95.3016,24.4066#27.57#40.54#31.89
-95.2514,24.4067#27.57#40.67#31.76
-95.2013,24.4068#27.57#40.8#31.63
-95.1511,24.4068#27.57#40.93#31.5
-95.101,24.4069#27.57#41.07#31.36
-95.0508,24.4069#27.57#41.2#31.23
-95.0007,24.4069#27.57#41.33#31.1
-94.9505,24.4069#27.57#41.42#31.01
-94.9004,24.4069#27.57#41.52#30.91
-94.8502,24.4068#27.57#41.62#30.81
-94.8001,24.4068#27.56#41.71#30.73
-94.7499,24.4067#27.56#41.81#30.63
-94.6998,24.4066#27.56#41.91#30.53
-94.6496,24.4065#27.56#42#30.44
-94.5995,24.4064#27.56#42.1#30.34
-94.5493,24.4062#27.56#42.2#30.24
-94.4992,24.4061#27.56#42.29#30.15
-94.449,24.4059#27.56#42.27#30.17
-94.3989,24.4057#27.56#42.25#30.19
-94.3487,24.4055#27.56#42.23#30.21
-94.2986,24.4053#27.56#42.21#30.23
-94.2484,24.405#27.56#42.18#30.26
-94.1983,24.4048#27.56#42.16#30.28
-94.1481,24.4045#27.56#42.14#30.3
-94.098,24.4042#27.56#42.12#30.32
-94.0478,24.4039#27.56#42.1#30.34
-93.9977,24.4035#27.56#42.08#30.36
-93.9475,24.4032#27.55#42.03#30.42
-93.8974,24.4028#27.55#41.98#30.47
-93.8472,24.4025#27.55#41.93#30.52
-93.7971,24.4021#27.55#41.88#30.57
-93.747,24.4016#27.55#41.83#30.62
-93.6968,24.4012#27.55#41.78#30.67
-93.6467,24.4008#27.55#41.74#30.71
-93.5965,24.4003#27.55#41.69#30.76
-93.5464,24.3998#27.55#41.64#30.81
-93.4962,24.3993#27.55#41.59#30.86
-93.4461,24.3988#27.55#41.53#30.92
-93.3959,24.3983#27.55#41.48#30.97
-93.3458,24.3977#27.55#41.43#31.02
-93.2956,24.3972#27.55#41.37#31.08
-93.2455,24.3966#27.55#41.32#31.13
-93.1954,24.396#27.55#41.26#31.19
-93.1452,24.3954#27.55#41.21#31.24
-93.0951,24.3947#27.54#41.16#31.3
-93.0449,24.3941#27.54#41.1#31.36
-92.9948,24.3934#27.54#41.05#31.41
-92.9447,24.3927#27.54#41#31.46
-92.8945,24.392#27.54#40.95#31.51
-92.8444,24.3913#27.54#40.9#31.56
-92.7942,24.3906#27.54#40.85#31.61
-92.7441,24.3898#27.54#40.8#31.66
-92.694,24.3891#27.54#40.75#31.71
-92.6438,24.3883#27.54#40.7#31.76
-92.5937,24.3875#27.54#40.65#31.81
-92.5436,24.3867#27.54#40.59#31.87
-92.4934,24.3858#27.54#40.54#31.92
-92.4433,24.385#27.54#40.49#31.97
-92.3932,24.3841#27.54#40.44#32.02
-92.343,24.3832#27.54#40.39#32.07
-92.2929,24.3823#27.54#40.33#32.13
-92.2428,24.3814#27.53#40.28#32.19
-92.1926,24.3804#27.53#40.23#32.24
-92.1425,24.3795#27.53#40.17#32.3
-92.0924,24.3785#27.53#40.12#32.35
-92.0423,24.3775#27.53#40.07#32.4
-91.9921,24.3765#27.53#40.02#32.45
-91.942,24.3755#27.53#39.97#32.5
-91.8919,24.3745#27.53#39.93#32.54
-91.8417,24.3734#27.53#39.88#32.59
-91.7916,24.3723#27.53#39.84#32.63
-91.7415,24.3713#27.53#39.79#32.68
-91.6914,24.3701#27.53#39.75#32.72
-91.6413,24.369#27.53#39.7#32.77
-91.5911,24.3679#27.53#39.65#32.82
-91.541,24.3667#27.53#39.61#32.86
-91.4909,24.3656#27.53#39.56#32.91
-91.4408,24.3644#27.53#39.52#32.95
-91.3907,24.3632#27.52#39.47#33.01
-91.3406,24.3619#27.52#39.43#33.05
-91.2904,24.3607#27.52#39.38#33.1
-91.2403,24.3594#27.52#39.34#33.14
-91.1902,24.3582#27.52#39.29#33.19
-91.1401,24.3569#27.52#39.25#33.23
-91.09,24.3556#27.52#39.2#33.28
-91.0399,24.3542#27.52#39.16#33.32
-90.9898,24.3529#27.52#39.11#33.37
-90.9397,24.3515#27.52#39.05#33.43
-90.8896,24.3502#27.52#39#33.48
-90.8395,24.3488#27.52#38.94#33.54
-90.7894,24.3474#27.52#38.89#33.59
-90.7393,24.3459#27.52#38.83#33.65
-90.6892,24.3445#27.52#38.77#33.71
-90.6391,24.343#27.51#38.72#33.77
-90.589,24.3415#27.51#38.66#33.83
-90.5389,24.3401#27.51#38.6#33.89
-90.4888,24.3385#27.53#38.55#33.92
-90.4387,24.337#27.59#38.49#33.92
-90.3886,24.3355#27.66#38.44#33.9
-90.3385,24.3339#27.73#38.39#33.88
-90.2884,24.3323#27.79#38.33#33.88
-90.2383,24.3307#27.86#38.28#33.86
-90.1882,24.3291#27.92#38.23#33.85
-90.1381,24.3275#27.99#38.17#33.84
-90.088,24.3258#28.06#38.12#33.82
-90.038,24.3242#28.12#38.06#33.82
-89.9879,24.3225#28.19#38.01#33.8
-89.9378,24.3208#28.26#37.95#33.79
-89.8877,24.3191#28.32#37.89#33.79
-89.8376,24.3174#28.39#37.83#33.78
-89.7876,24.3156#28.46#37.77#33.77
-89.7375,24.3139#28.53#37.72#33.75
-89.6874,24.3121#28.59#37.66#33.75
-89.6373,24.3103#28.66#37.6#33.74
-89.5873,24.3085#28.73#37.54#33.73
-89.5372,24.3066#28.8#37.48#33.72
-89.4871,24.3048#28.85#37.42#33.73
-89.4371,24.3029#28.88#37.36#33.76
-89.387,24.301#28.9#37.31#33.79
-101.718,24.3009#28.42#30.12#41.46
-101.668,24.3032#28.43#30.13#41.44
-101.618,24.3054#28.45#30.14#41.41
-101.568,24.3077#28.46#30.15#41.39
-101.518,24.3099#28.48#30.16#41.36
-101.468,24.312#28.48#30.18#41.34
-101.418,24.3142#28.49#30.2#41.31
-101.368,24.3164#28.49#30.23#41.28
-101.317,24.3185#28.49#30.26#41.25
-101.267,24.3206#28.5#30.28#41.22
-101.217,24.3227#28.5#30.31#41.19
-101.167,24.3248#28.5#30.33#41.17
-101.117,24.3269#28.51#30.36#41.13
-101.067,24.3289#28.51#30.39#41.1
-101.017,24.331#28.52#30.42#41.06
-100.967,24.333#28.51#30.45#41.04
-100.917,24.335#28.51#30.48#41.01
-100.867,24.337#28.5#30.51#40.99
-100.817,24.3389#28.5#30.54#40.96
-100.767,24.3409#28.49#30.57#40.94
-100.717,24.3428#28.49#30.6#40.91
-100.667,24.3447#28.48#30.64#40.88
-100.616,24.3466#28.48#30.67#40.85
-100.566,24.3485#28.47#30.7#40.83
-100.516,24.3504#28.47#30.74#40.79
-100.466,24.3522#28.46#30.75#40.79
-100.416,24.3541#28.44#30.75#40.81
-100.366,24.3559#28.43#30.75#40.82
-100.316,24.3577#28.41#30.76#40.83
-100.266,24.3595#28.39#30.76#40.85
-100.216,24.3612#28.38#30.77#40.85
-100.166,24.363#28.36#30.77#40.87
-100.116,24.3647#28.35#30.78#40.87
-100.065,24.3664#28.33#30.78#40.89
-100.015,24.3681#28.32#30.79#40.89
-99.9653,24.3698#28.3#30.78#40.92
-99.9152,24.3715#28.27#30.78#40.95
-99.8651,24.3731#28.25#30.78#40.97
-99.8149,24.3747#28.23#30.77#41
-99.7648,24.3763#28.2#30.77#41.03
-99.7147,24.3779#28.18#30.77#41.05
-99.6646,24.3795#28.16#30.76#41.08
-99.6145,24.3811#28.13#30.76#41.11
-99.5644,24.3826#28.11#30.76#41.13
-99.5143,24.3842#28.09#30.76#41.15
-99.4642,24.3857#28.06#30.78#41.16
-99.4141,24.3872#28.04#30.81#41.15
-99.3639,24.3886#28.01#30.85#41.14
-99.3138,24.3901#27.99#30.88#41.13
-99.2637,24.3916#27.96#30.91#41.13
-99.2136,24.393#27.94#30.94#41.12
-99.1635,24.3944#27.91#30.97#41.12
-99.1133,24.3958#27.88#31#41.12
-99.0632,24.3972#27.86#31.03#41.11
-99.0131,24.3985#27.83#31.07#41.1
-98.963,24.3999#27.82#31.11#41.07
-98.9128,24.4012#27.8#31.15#41.05
-98.8627,24.4025#27.79#31.2#41.01
-98.8126,24.4038#27.77#31.24#40.99
-98.7624,24.4051#27.76#31.29#40.95
-98.7123,24.4063#27.75#31.33#40.92
-98.6622,24.4076#27.73#31.38#40.89
-98.612,24.4088#27.72#31.42#40.86
-98.5619,24.41#27.7#31.47#40.83
-98.5118,24.4112#27.69#31.51#40.8
-98.4616,24.4124#27.68#31.55#40.77
-98.4115,24.4135#27.67#31.58#40.75
-98.3614,24.4147#27.67#31.61#40.72
-98.3112,24.4158#27.66#31.64#40.7
-98.2611,24.4169#27.66#31.67#40.67
-98.2109,24.418#27.65#31.7#40.65
-98.1608,24.4191#27.65#31.73#40.62
-98.1107,24.4201#27.64#31.77#40.59
-98.0605,24.4212#27.63#31.8#40.57
-98.0104,24.4222#27.63#31.83#40.54
-97.9602,24.4232#27.63#31.94#40.43
-97.9101,24.4242#27.62#32.06#40.32
-97.8599,24.4251#27.62#32.18#40.2
-97.8098,24.4261#27.62#32.3#40.08
-97.7596,24.427#27.62#32.43#39.95
-97.7095,24.428#27.61#32.56#39.83
-97.6593,24.4289#27.61#32.68#39.71
-97.6092,24.4297#27.61#32.81#39.58
-97.559,24.4306#27.61#32.94#39.45
-97.5089,24.4315#27.6#33.06#39.34
-97.4587,24.4323#27.6#33.29#39.11
-97.4086,24.4331#27.6#33.55#38.85
-97.3584,24.4339#27.6#33.8#38.6
-97.3083,24.4347#27.6#34.05#38.35
-97.2581,24.4355#27.6#34.3#38.1
-97.208,24.4362#27.6#34.55#37.85
-97.1578,24.437#27.6#34.8#37.6
-97.1076,24.4377#27.6#35.05#37.35
-97.0575,24.4384#27.59#35.3#37.11
-97.0073,24.4391#27.59#35.55#36.86
-96.9572,24.4397#27.59#35.77#36.64
-96.907,24.4404#27.59#35.97#36.44
-96.8569,24.441#27.59#36.18#36.23
-96.8067,24.4416#27.59#36.39#36.02
-96.7565,24.4422#27.59#36.59#35.82
-96.7064,24.4428#27.59#36.8#35.61
-96.6562,24.4434#27.59#37.01#35.4
-96.606,24.4439#27.59#37.21#35.2
-96.5559,24.4445#27.59#37.42#34.99
-96.5057,24.445#27.59#37.62#34.79
-96.4556,24.4455#27.59#37.78#34.63
-96.4054,24.446#27.59#37.94#34.47
-96.3552,24.4464#27.59#38.1#34.31
-96.3051,24.4469#27.58#38.25#34.17
-96.2549,24.4473#27.58#38.41#34.01
-96.2047,24.4477#27.58#38.56#33.86
-96.1546,24.4481#27.58#38.72#33.7
-96.1044,24.4485#27.58#38.88#33.54
-96.0542,24.4489#27.58#39.03#33.39
-96.0041,24.4492#27.58#39.19#33.23
-95.9539,24.4496#27.58#39.31#33.11
-95.9037,24.4499#27.58#39.43#32.99
-95.8536,24.4502#27.58#39.55#32.87
-95.8034,24.4504#27.58#39.67#32.75
-95.7532,24.4507#27.58#39.8#32.62
-95.7031,24.4509#27.58#39.92#32.5
-95.6529,24.4512#27.58#40.04#32.38
-95.6027,24.4514#27.58#40.16#32.26
-95.5526,24.4516#27.58#40.28#32.14
-95.5024,24.4518#27.58#40.4#32.02
-95.4522,24.4519#27.58#40.53#31.89
-95.402,24.4521#27.57#40.65#31.78
-95.3519,24.4522#27.57#40.78#31.65
-95.3017,24.4523#27.57#40.91#31.52
-95.2515,24.4524#27.57#41.04#31.39
-95.2014,24.4525#27.57#41.16#31.27
-95.1512,24.4525#27.57#41.29#31.14
-95.101,24.4526#27.57#41.42#31.01
-95.0509,24.4526#27.57#41.54#30.89
-95.0007,24.4526#27.57#41.67#30.76
-94.9505,24.4526#27.57#41.76#30.67
-94.9004,24.4526#27.57#41.84#30.59
-94.8502,24.4525#27.57#41.92#30.51
-94.8,24.4525#27.57#42.01#30.42
-94.7498,24.4524#27.57#42.09#30.34
-94.6997,24.4523#27.57#42.17#30.26
-94.6495,24.4522#27.57#42.26#30.17
-94.5993,24.4521#27.56#42.34#30.1
-94.5492,24.4519#27.56#42.42#30.02
-94.499,24.4518#27.56#42.51#29.93
-94.4488,24.4516#27.56#42.49#29.95
-94.3987,24.4514#27.56#42.47#29.97
-94.3485,24.4512#27.56#42.45#29.99
-94.2983,24.451#27.56#42.43#30.01
-94.2482,24.4507#27.56#42.41#30.03
-94.198,24.4504#27.56#42.39#30.05
-94.1478,24.4502#27.56#42.37#30.07
-94.0977,24.4499#27.56#42.35#30.09
-94.0475,24.4496#27.56#42.33#30.11
-93.9973,24.4492#27.56#42.31#30.13
-93.9472,24.4489#27.56#42.26#30.18
-93.897,24.4485#27.56#42.22#30.22
-93.8468,24.4481#27.56#42.17#30.27
-93.7967,24.4477#27.56#42.13#30.31
-93.7465,24.4473#27.55#42.08#30.37
-93.6963,24.4469#27.55#42.03#30.42
-93.6462,24.4465#27.55#41.99#30.46
-93.596,24.446#27.55#41.94#30.51
-93.5458,24.4455#27.55#41.89#30.56
-93.4957,24.445#27.55#41.84#30.61
-93.4455,24.4445#27.55#41.79#30.66
-93.3953,24.444#27.55#41.74#30.71
-93.3452,24.4434#27.55#41.69#30.76
-93.295,24.4428#27.55#41.64#30.81
-93.2449,24.4423#27.55#41.59#30.86
-93.1947,24.4417#27.55#41.53#30.92
-93.1445,24.441#27.55#41.48#30.97
-93.0944,24.4404#27.55#41.43#31.02
-93.0442,24.4398#27.55#41.38#31.07
-92.9941,24.4391#27.55#41.33#31.12
-92.9439,24.4384#27.55#41.28#31.17
-92.8937,24.4377#27.54#41.24#31.22
-92.8436,24.437#27.54#41.2#31.26
-92.7934,24.4363#27.54#41.15#31.31
-92.7433,24.4355#27.54#41.11#31.35
-92.6931,24.4347#27.54#41.06#31.4
-92.643,24.434#27.54#41.02#31.44
-92.5928,24.4332#27.54#40.97#31.49
-92.5427,24.4323#27.54#40.93#31.53
-92.4925,24.4315#27.54#40.88#31.58
-92.4423,24.4306#27.54#40.83#31.63
-92.3922,24.4298#27.54#40.78#31.68
-92.342,24.4289#27.54#40.72#31.74
-92.2919,24.428#27.54#40.67#31.79
-92.2417,24.4271#27.54#40.62#31.84
-92.1916,24.4261#27.54#40.57#31.89
-92.1415,24.4252#27.54#40.51#31.95
-92.0913,24.4242#27.53#40.46#32.01
-92.0412,24.4232#27.53#40.41#32.06
-91.991,24.4222#27.53#40.36#32.11
-91.9409,24.4212#27.53#40.31#32.16
-91.8907,24.4201#27.53#40.27#32.2
-91.8406,24.4191#27.53#40.22#32.25
-91.7904,24.418#27.53#40.18#32.29
-91.7403,24.4169#27.53#40.13#32.34
-91.6902,24.4158#27.53#40.09#32.38
-91.64,24.4147#27.53#40.04#32.43
-91.5899,24.4136#27.53#39.99#32.48
-91.5397,24.4124#27.53#39.95#32.52
-91.4896,24.4112#27.53#39.9#32.57
-91.4395,24.41#27.53#39.86#32.61
-91.3893,24.4088#27.53#39.81#32.66
-91.3392,24.4076#27.53#39.76#32.71
-91.2891,24.4064#27.53#39.72#32.75
-91.2389,24.4051#27.53#39.67#32.8
-91.1888,24.4038#27.52#39.63#32.85
-91.1387,24.4025#27.52#39.58#32.9
-91.0886,24.4012#27.52#39.53#32.95
-91.0384,24.3999#27.52#39.49#32.99
-90.9883,24.3986#27.52#39.44#33.04
-90.9382,24.3972#27.52#39.38#33.1
-90.888,24.3958#27.52#39.32#33.16
-90.8379,24.3944#27.52#39.27#33.21
-90.7878,24.393#27.52#39.21#33.27
-90.7377,24.3916#27.52#39.15#33.33
-90.6876,24.3901#27.52#39.1#33.38
-90.6374,24.3887#27.52#39.04#33.44
-90.5873,24.3872#27.52#38.98#33.5
-90.5372,24.3857#27.52#38.93#33.55
-90.4871,24.3842#27.53#38.87#33.6
-90.437,24.3827#27.6#38.82#33.58
-90.3869,24.3811#27.66#38.76#33.58
-90.3368,24.3796#27.73#38.71#33.56
-90.2867,24.378#27.8#38.65#33.55
-90.2365,24.3764#27.86#38.6#33.54
-90.1864,24.3748#27.93#38.54#33.53
-90.1363,24.3732#28#38.49#33.51
-90.0862,24.3715#28.06#38.43#33.51
-90.0361,24.3698#28.13#38.38#33.49
-89.986,24.3682#28.19#38.32#33.49
-89.9359,24.3665#28.26#38.26#33.48
-89.8858,24.3647#28.33#38.21#33.46
-89.8357,24.363#28.4#38.15#33.45
-89.7856,24.3613#28.46#38.09#33.45
-89.7355,24.3595#28.53#38.03#33.44
-89.6854,24.3577#28.6#37.97#33.43
-89.6353,24.3559#28.67#37.92#33.41
-89.5853,24.3541#28.73#37.86#33.41
-89.5352,24.3523#28.8#37.8#33.4
-89.4851,24.3504#28.86#37.74#33.4
-89.435,24.3486#28.88#37.68#33.44
-89.3849,24.3467#28.9#37.62#33.48
-89.3348,24.3448#28.92#37.56#33.52
-89.2847,24.3429#28.95#37.51#33.54
-89.2347,24.3409#28.97#37.45#33.58
-89.1846,24.339#28.99#37.39#33.62
-89.1345,24.337#29.01#37.33#33.66
-89.0844,24.335#29.04#37.27#33.69
-89.0344,24.333#29.06#37.21#33.73
-88.9843,24.331#29.05#37.15#33.8
-88.9342,24.329#28.97#37.09#33.94
-88.8842,24.3269#28.89#37.03#34.08
-88.8341,24.3249#28.8#36.97#34.23
-88.784,24.3228#28.72#36.91#34.37
-88.734,24.3207#28.64#36.85#34.51
-88.6839,24.3186#28.56#36.78#34.66
-88.6338,24.3164#28.48#36.72#34.8
-88.5838,24.3143#28.4#36.66#34.94
-88.5337,24.3121#28.31#36.6#35.09
-88.4837,24.3099#28.23#36.54#35.23
-88.4336,24.3077#28.14#36.5#35.36
-88.3836,24.3055#28.05#36.45#35.5
-88.3335,24.3033#27.96#36.41#35.63
-88.2835,24.301#27.87#36.36#35.77
-102.671,24.3005#28.04#29.9#42.06
-102.621,24.3031#28.05#29.9#42.05
-102.571,24.3057#28.07#29.91#42.02
-102.521,24.3082#28.08#29.91#42.01
-102.471,24.3107#28.1#29.92#41.98
-102.421,24.3132#28.13#29.92#41.95
-102.371,24.3157#28.15#29.93#41.92
-102.321,24.3182#28.17#29.94#41.89
-102.271,24.3207#28.2#29.94#41.86
-102.221,24.3231#28.22#29.95#41.83
-102.171,24.3255#28.24#29.95#41.81
-102.121,24.3279#28.27#29.96#41.77
-102.071,24.3303#28.29#29.97#41.74
-102.021,24.3327#28.32#29.97#41.71
-101.971,24.335#28.34#29.98#41.68
-101.921,24.3374#28.35#29.99#41.66
-101.871,24.3397#28.37#30#41.63
-101.821,24.342#28.38#30.01#41.61
-101.77,24.3443#28.4#30.01#41.59
-101.72,24.3466#28.41#30.02#41.57
-101.67,24.3488#28.43#30.03#41.54
-101.62,24.3511#28.44#30.04#41.52
-101.57,24.3533#28.46#30.05#41.49
-101.52,24.3555#28.47#30.06#41.47
-101.47,24.3577#28.48#30.08#41.44
-101.42,24.3598#28.49#30.11#41.4
-101.37,24.362#28.49#30.14#41.37
-101.32,24.3641#28.49#30.16#41.35
-101.27,24.3663#28.5#30.19#41.31
-101.22,24.3684#28.5#30.22#41.28
-101.17,24.3704#28.51#30.25#41.24
-101.119,24.3725#28.51#30.28#41.21
-101.069,24.3746#28.51#30.31#41.18
-101.019,24.3766#28.52#30.34#41.14
-100.969,24.3786#28.52#30.38#41.1
-100.919,24.3806#28.51#30.41#41.08
-100.869,24.3826#28.51#30.44#41.05
-100.819,24.3846#28.5#30.48#41.02
-100.769,24.3865#28.5#30.51#40.99
-100.719,24.3885#28.5#30.55#40.95
-100.669,24.3904#28.49#30.58#40.93
-100.619,24.3923#28.49#30.61#40.9
-100.568,24.3942#28.48#30.65#40.87
-100.518,24.396#28.48#30.68#40.84
-100.468,24.3979#28.47#30.7#40.83
-100.418,24.3997#28.45#30.7#40.85
-100.368,24.4015#28.44#30.71#40.85
-100.318,24.4033#28.42#30.72#40.86
-100.268,24.4051#28.41#30.72#40.87
-100.218,24.4069#28.39#30.73#40.88
-100.168,24.4086#28.38#30.74#40.88
-100.117,24.4104#28.36#30.75#40.89
-100.067,24.4121#28.35#30.75#40.9
-100.017,24.4138#28.33#30.76#40.91
-99.9671,24.4154#28.31#30.77#40.92
-99.917,24.4171#28.29#30.77#40.94
-99.8669,24.4188#28.27#30.77#40.96
-99.8167,24.4204#28.25#30.77#40.98
-99.7666,24.422#28.22#30.77#41.01
-99.7165,24.4236#28.2#30.78#41.02
-99.6663,24.4252#28.18#30.78#41.04
-99.6162,24.4267#28.16#30.78#41.06
-99.5661,24.4283#28.14#30.79#41.07
-99.516,24.4298#28.11#30.79#41.1
-99.4658,24.4313#28.09#30.82#41.09
-99.4157,24.4328#28.06#30.84#41.1
-99.3656,24.4343#28.04#30.87#41.09
-99.3154,24.4358#28.01#30.9#41.09
-99.2653,24.4372#27.99#30.93#41.08
-99.2151,24.4386#27.96#30.96#41.08
-99.165,24.4401#27.94#30.99#41.07
-99.1149,24.4414#27.91#31.01#41.08
-99.0647,24.4428#27.89#31.04#41.07
-99.0146,24.4442#27.86#31.07#41.07
-98.9644,24.4455#27.84#31.11#41.05
-98.9143,24.4469#27.83#31.16#41.01
-98.8641,24.4482#27.81#31.21#40.98
-98.814,24.4495#27.8#31.25#40.95
-98.7638,24.4507#27.78#31.3#40.92
-98.7137,24.452#27.77#31.35#40.88
-98.6635,24.4532#27.75#31.4#40.85
-98.6134,24.4545#27.73#31.45#40.82
-98.5632,24.4557#27.72#31.5#40.78
-98.5131,24.4569#27.7#31.55#40.75
-98.4629,24.458#27.69#31.59#40.72
-98.4128,24.4592#27.69#31.63#40.68
-98.3626,24.4603#27.68#31.67#40.65
-98.3125,24.4615#27.68#31.7#40.62
-98.2623,24.4626#27.67#31.74#40.59
-98.2121,24.4637#27.66#31.78#40.56
-98.162,24.4647#27.66#31.82#40.52
-98.1118,24.4658#27.65#31.86#40.49
-98.0617,24.4668#27.64#31.9#40.46
-98.0115,24.4679#27.64#31.94#40.42
-97.9613,24.4689#27.63#32.06#40.31
-97.9112,24.4698#27.63#32.2#40.17
-97.861,24.4708#27.63#32.35#40.02
-97.8108,24.4718#27.63#32.49#39.88
-97.7607,24.4727#27.62#32.64#39.74
-97.7105,24.4736#27.62#32.79#39.59
-97.6603,24.4745#27.62#32.93#39.45
-97.6102,24.4754#27.61#33.08#39.31
-97.56,24.4763#27.61#33.23#39.16
-97.5098,24.4772#27.61#33.38#39.01
-97.4596,24.478#27.61#33.62#38.77
-97.4095,24.4788#27.61#33.88#38.51
-97.3593,24.4796#27.61#34.13#38.26
-97.3091,24.4804#27.6#34.39#38.01
-97.259,24.4812#27.6#34.65#37.75
-97.2088,24.4819#27.6#34.9#37.5
-97.1586,24.4827#27.6#35.16#37.24
-97.1084,24.4834#27.6#35.42#36.98
-97.0583,24.4841#27.6#35.67#36.73
-97.0081,24.4848#27.6#35.93#36.47
-96.9579,24.4854#27.6#36.14#36.26
-96.9077,24.4861#27.6#36.35#36.05
-96.8575,24.4867#27.6#36.55#35.85
-96.8074,24.4873#27.59#36.76#35.65
-96.7572,24.4879#27.59#36.96#35.45
-96.707,24.4885#27.59#37.16#35.25
-96.6568,24.4891#27.59#37.37#35.04
-96.6066,24.4896#27.59#37.57#34.84
-96.5565,24.4902#27.59#37.78#34.63
-96.5063,24.4907#27.59#37.98#34.43
-96.4561,24.4912#27.59#38.14#34.27
-96.4059,24.4917#27.59#38.3#34.11
-96.3557,24.4921#27.59#38.45#33.96
-96.3055,24.4926#27.59#38.61#33.8
-96.2554,24.493#27.59#38.77#33.64
-96.2052,24.4934#27.59#38.92#33.49
-96.155,24.4938#27.59#39.08#33.33
-96.1048,24.4942#27.59#39.24#33.17
-96.0546,24.4946#27.58#39.39#33.03
-96.0044,24.4949#27.58#39.55#32.87
-95.9543,24.4952#27.58#39.67#32.75
-95.9041,24.4956#27.58#39.8#32.62
-95.8539,24.4958#27.58#39.92#32.5
-95.8037,24.4961#27.58#40.04#32.38
-95.7535,24.4964#27.58#40.17#32.25
-95.7033,24.4966#27.58#40.29#32.13
-95.6531,24.4969#27.58#40.42#32
-95.6029,24.4971#27.58#40.54#31.88
-95.5528,24.4973#27.58#40.66#31.76
-95.5026,24.4974#27.58#40.78#31.64
-95.4524,24.4976#27.58#40.91#31.51
-95.4022,24.4978#27.58#41.03#31.39
-95.352,24.4979#27.58#41.16#31.26
-95.3018,24.498#27.58#41.28#31.14
-95.2516,24.4981#27.58#41.4#31.02
-95.2014,24.4982#27.57#41.52#30.91
-95.1513,24.4982#27.57#41.65#30.78
-95.1011,24.4983#27.57#41.77#30.66
-95.0509,24.4983#27.57#41.89#30.54
-95.0007,24.4983#27.57#42.01#30.42
-94.9505,24.4983#27.57#42.09#30.34
-94.9003,24.4983#27.57#42.16#30.27
-94.8501,24.4982#27.57#42.23#30.2
-94.7999,24.4982#27.57#42.3#30.13
-94.7498,24.4981#27.57#42.37#30.06
-94.6996,24.498#27.57#42.44#29.99
-94.6494,24.4979#27.57#42.51#29.92
-94.5992,24.4978#27.57#42.58#29.85
-94.549,24.4976#27.57#42.65#29.78
-94.4988,24.4975#27.57#42.72#29.71
-94.4486,24.4973#27.57#42.7#29.73
-94.3984,24.4971#27.56#42.69#29.75
-94.3483,24.4969#27.56#42.67#29.77
-94.2981,24.4966#27.56#42.65#29.79
-94.2479,24.4964#27.56#42.63#29.81
-94.1977,24.4961#27.56#42.62#29.82
-94.1475,24.4959#27.56#42.6#29.84
-94.0973,24.4956#27.56#42.58#29.86
-94.0471,24.4952#27.56#42.56#29.88
-93.9969,24.4949#27.56#42.54#29.9
-93.9468,24.4946#27.56#42.5#29.94
-93.8966,24.4942#27.56#42.46#29.98
-93.8464,24.4938#27.56#42.41#30.03
-93.7962,24.4934#27.56#42.37#30.07
-93.746,24.493#27.56#42.32#30.12
-93.6958,24.4926#27.56#42.28#30.16
-93.6457,24.4921#27.56#42.24#30.2
-93.5955,24.4917#27.56#42.19#30.25
-93.5453,24.4912#27.55#42.15#30.3
-93.4951,24.4907#27.55#42.1#30.35
-93.4449,24.4902#27.55#42.05#30.4
-93.3947,24.4896#27.55#42#30.45
-93.3446,24.4891#27.55#41.95#30.5
-93.2944,24.4885#27.55#41.9#30.55
-93.2442,24.4879#27.55#41.85#30.6
-93.194,24.4873#27.55#41.8#30.65
-93.1438,24.4867#27.55#41.75#30.7
-93.0937,24.4861#27.55#41.7#30.75
-93.0435,24.4854#27.55#41.65#30.8
-92.9933,24.4848#27.55#41.6#30.85
-92.9431,24.4841#27.55#41.57#30.88
-92.893,24.4834#27.55#41.53#30.92
-92.8428,24.4827#27.55#41.49#30.96
-92.7926,24.4819#27.55#41.45#31
-92.7424,24.4812#27.55#41.42#31.03
-92.6923,24.4804#27.54#41.38#31.08
-92.6421,24.4796#27.54#41.34#31.12
-92.5919,24.4788#27.54#41.3#31.16
-92.5417,24.478#27.54#41.26#31.2
-92.4916,24.4772#27.54#41.22#31.24
-92.4414,24.4763#27.54#41.16#31.3
-92.3912,24.4755#27.54#41.11#31.35
-92.3411,24.4746#27.54#41.06#31.4
-92.2909,24.4737#27.54#41.01#31.45
-92.2407,24.4727#27.54#40.96#31.5
-92.1906,24.4718#27.54#40.91#31.55
-92.1404,24.4708#27.54#40.85#31.61
-92.0902,24.4699#27.54#40.8#31.66
-92.0401,24.4689#27.54#40.75#31.71
-91.9899,24.4679#27.54#40.7#31.76
-91.9397,24.4669#27.54#40.65#31.81
-91.8896,24.4658#27.53#40.61#31.86
-91.8394,24.4648#27.53#40.56#31.91
-91.7893,24.4637#27.53#40.52#31.95
-91.7391,24.4626#27.53#40.47#32
-91.6889,24.4615#27.53#40.43#32.04
-91.6388,24.4604#27.53#40.38#32.09
-91.5886,24.4592#27.53#40.33#32.14
-91.5385,24.4581#27.53#40.29#32.18
-91.4883,24.4569#27.53#40.24#32.23
-91.4382,24.4557#27.53#40.19#32.28
-91.388,24.4545#27.53#40.15#32.32
-91.3378,24.4533#27.53#40.1#32.37
-91.2877,24.452#27.53#40.06#32.41
-91.2375,24.4508#27.53#40.01#32.46
-91.1874,24.4495#27.53#39.96#32.51
-91.1373,24.4482#27.53#39.92#32.55
-91.0871,24.4469#27.53#39.87#32.6
-91.037,24.4456#27.53#39.82#32.65
-90.9868,24.4442#27.52#39.77#32.71
-90.9367,24.4429#27.52#39.72#32.76
-90.8865,24.4415#27.52#39.66#32.82
-90.8364,24.4401#27.52#39.6#32.88
-90.7862,24.4387#27.52#39.55#32.93
-90.7361,24.4373#27.52#39.49#32.99
-90.686,24.4358#27.52#39.43#33.05
-90.6358,24.4343#27.52#39.37#33.11
-90.5857,24.4329#27.52#39.32#33.16
-90.5356,24.4314#27.52#39.26#33.22
-90.4854,24.4299#27.54#39.2#33.26
-90.4353,24.4283#27.6#39.15#33.25
-90.3852,24.4268#27.67#39.1#33.23
-90.335,24.4252#27.73#39.04#33.23
-90.2849,24.4236#27.8#38.99#33.21
-90.2348,24.4221#27.87#38.93#33.2
-90.1847,24.4204#27.93#38.88#33.19
-90.1345,24.4188#28#38.82#33.18
-90.0844,24.4172#28.07#38.77#33.16
-90.0343,24.4155#28.13#38.71#33.16
-89.9842,24.4138#28.2#38.66#33.14
-89.934,24.4121#28.27#38.6#33.13
-89.8839,24.4104#28.33#38.54#33.13
-89.8338,24.4087#28.4#38.48#33.12
-89.7837,24.4069#28.47#38.42#33.11
-89.7336,24.4052#28.54#38.36#33.1
-89.6835,24.4034#28.6#38.3#33.1
-89.6334,24.4016#28.67#38.24#33.09
-89.5833,24.3998#28.74#38.18#33.08
-89.5331,24.3979#28.8#38.12#33.08
-89.483,24.3961#28.86#38.06#33.08
-89.4329,24.3942#28.88#38.01#33.11
-89.3828,24.3923#28.9#37.95#33.15
-89.3327,24.3904#28.93#37.89#33.18
-89.2826,24.3885#28.95#37.83#33.22
-89.2325,24.3866#28.97#37.77#33.26
-89.1824,24.3846#28.99#37.71#33.3
-89.1323,24.3827#29.02#37.65#33.33
-89.0823,24.3807#29.04#37.59#33.37
-89.0322,24.3787#29.06#37.53#33.41
-88.9821,24.3767#29.05#37.47#33.48
-88.932,24.3746#28.96#37.41#33.63
-88.8819,24.3726#28.88#37.35#33.77
-88.8318,24.3705#28.8#37.29#33.91
-88.7817,24.3684#28.72#37.22#34.06
-88.7316,24.3663#28.64#37.16#34.2
-88.6816,24.3642#28.56#37.1#34.34
-88.6315,24.3621#28.47#37.04#34.49
-88.5814,24.3599#28.39#36.98#34.63
-88.5313,24.3577#28.31#36.92#34.77
-88.4813,24.3555#28.23#36.86#34.91
-88.4312,24.3533#28.14#36.81#35.05
-88.3811,24.3511#28.05#36.77#35.18
-88.3311,24.3489#27.96#36.72#35.32
-88.281,24.3466#27.87#36.67#35.46
-88.2309,24.3444#27.78#36.63#35.59
-88.1809,24.3421#27.69#36.58#35.73
-88.1308,24.3398#27.6#36.54#35.86
-88.0807,24.3374#27.51#36.49#36
-88.0307,24.3351#27.42#36.44#36.14
-87.9806,24.3328#27.35#36.41#36.24
-87.9306,24.3304#27.32#36.41#36.27
-87.8805,24.328#27.29#36.4#36.31
-87.8305,24.3256#27.25#36.4#36.35
-87.7804,24.3232#27.22#36.39#36.39
-87.7304,24.3207#27.19#36.39#36.42
-87.6803,24.3183#27.15#36.38#36.47
-87.6303,24.3158#27.12#36.38#36.5
-87.5803,24.3133#27.09#36.38#36.53
-87.5302,24.3108#27.06#36.37#36.57
-87.4802,24.3083#27.03#36.37#36.6
-87.4302,24.3057#27.02#36.37#36.61
-87.3801,24.3032#27.01#36.37#36.62
-87.3301,24.3006#27#36.37#36.63
-103.475,24.3027#27.85#29.79#42.36
-103.425,24.3055#27.86#29.79#42.35
-103.375,24.3083#27.87#29.79#42.34
-103.325,24.3111#27.88#29.79#42.33
-103.275,24.3139#27.89#29.79#42.32
-103.224,24.3167#27.89#29.79#42.32
-103.174,24.3195#27.9#29.79#42.31
-103.124,24.3222#27.91#29.8#42.29
-103.074,24.3249#27.92#29.8#42.28
-103.024,24.3277#27.93#29.8#42.27
-102.974,24.3303#27.94#29.8#42.26
-102.924,24.333#27.95#29.8#42.25
-102.874,24.3357#27.97#29.81#42.22
-102.824,24.3383#27.98#29.81#42.21
-102.774,24.3409#27.99#29.81#42.2
-102.724,24.3436#28.01#29.82#42.17
-102.674,24.3461#28.02#29.82#42.16
-102.624,24.3487#28.03#29.82#42.15
-102.574,24.3513#28.05#29.83#42.12
-102.524,24.3538#28.06#29.83#42.11
-102.474,24.3564#28.08#29.83#42.09
-102.424,24.3589#28.1#29.84#42.06
-102.374,24.3613#28.13#29.84#42.03
-102.324,24.3638#28.15#29.85#42
-102.274,24.3663#28.18#29.85#41.97
-102.224,24.3687#28.2#29.86#41.94
-102.174,24.3711#28.23#29.87#41.9
-102.123,24.3736#28.25#29.87#41.88
-102.073,24.3759#28.28#29.88#41.84
-102.023,24.3783#28.3#29.89#41.81
-101.973,24.3807#28.32#29.9#41.78
-101.923,24.383#28.33#29.91#41.76
-101.873,24.3853#28.35#29.92#41.73
-101.823,24.3876#28.37#29.93#41.7
-101.773,24.3899#28.38#29.94#41.68
-101.723,24.3922#28.4#29.95#41.65
-101.673,24.3945#28.41#29.96#41.63
-101.623,24.3967#28.43#29.97#41.6
-101.573,24.3989#28.44#29.98#41.58
-101.523,24.4011#28.46#29.99#41.55
-101.472,24.4033#28.47#30.01#41.52
-101.422,24.4055#28.48#30.04#41.48
-101.372,24.4076#28.48#30.07#41.45
-101.322,24.4098#28.48#30.1#41.42
-101.272,24.4119#28.49#30.13#41.38
-101.222,24.414#28.5#30.16#41.34
-101.172,24.4161#28.5#30.19#41.31
-101.122,24.4182#28.51#30.22#41.27
-101.072,24.4202#28.51#30.25#41.24
-101.022,24.4222#28.52#30.28#41.2
-100.971,24.4243#28.52#30.31#41.17
-100.921,24.4263#28.51#30.35#41.14
-100.871,24.4282#28.51#30.38#41.11
-100.821,24.4302#28.51#30.42#41.07
-100.771,24.4322#28.5#30.45#41.05
-100.721,24.4341#28.5#30.48#41.02
-100.671,24.436#28.49#30.52#40.99
-100.621,24.4379#28.49#30.55#40.96
-100.571,24.4398#28.49#30.59#40.92
-100.52,24.4417#28.48#30.62#40.9
-100.47,24.4435#28.48#30.64#40.88
-100.42,24.4454#28.46#30.65#40.89
-100.37,24.4472#28.45#30.66#40.89
-100.32,24.449#28.43#30.67#40.9
-100.27,24.4508#28.42#30.68#40.9
-100.22,24.4525#28.41#30.69#40.9
-100.169,24.4543#28.39#30.7#40.91
-100.119,24.456#28.38#30.71#40.91
-100.069,24.4577#28.37#30.73#40.9
-100.019,24.4594#28.35#30.74#40.91
-99.9689,24.4611#28.33#30.75#40.92
-99.9188,24.4628#28.31#30.75#40.94
-99.8687,24.4644#28.29#30.76#40.95
-99.8185,24.466#28.27#30.77#40.96
-99.7684,24.4677#28.25#30.78#40.97
-99.7182,24.4693#28.22#30.79#40.99
-99.6681,24.4708#28.2#30.8#41
-99.6179,24.4724#28.18#30.81#41.01
-99.5678,24.474#28.16#30.82#41.02
-99.5176,24.4755#28.14#30.83#41.03
-99.4675,24.477#28.11#30.85#41.04
-99.4173,24.4785#28.09#30.87#41.04
-99.3672,24.48#28.06#30.9#41.04
-99.317,24.4814#28.04#30.92#41.04
-99.2669,24.4829#28.01#30.95#41.04
-99.2167,24.4843#27.99#30.97#41.04
-99.1665,24.4857#27.96#31#41.04
-99.1164,24.4871#27.94#31.02#41.04
-99.0662,24.4885#27.91#31.05#41.04
-99.0161,24.4899#27.89#31.07#41.04
-98.9659,24.4912#27.87#31.11#41.02
-98.9157,24.4925#27.85#31.16#40.99
-98.8656,24.4938#27.84#31.22#40.94
-98.8154,24.4951#27.82#31.27#40.91
-98.7652,24.4964#27.8#31.32#40.88
-98.7151,24.4977#27.79#31.37#40.84
-98.6649,24.4989#27.77#31.43#40.8
-98.6147,24.5001#27.75#31.48#40.77
-98.5646,24.5013#27.74#31.53#40.73
-98.5144,24.5025#27.72#31.59#40.69
-98.4642,24.5037#27.71#31.64#40.65
-98.414,24.5049#27.7#31.68#40.62
