-98.7639,35.9007#46.93#29.67#23.4
-98.7086,35.902#46.93#29.7#23.37
-98.6532,35.9032#46.93#29.73#23.34
-98.5979,35.9044#46.93#29.76#23.31
-98.5426,35.9056#46.93#29.79#23.28
-98.4873,35.9067#46.93#29.79#23.28
-98.432,35.9079#46.93#29.71#23.36
-98.3767,35.909#46.93#29.63#23.44
-98.3213,35.9101#46.93#29.54#23.53
-98.266,35.9112#46.93#29.46#23.61
-98.2107,35.9123#46.93#29.37#23.7
-98.1554,35.9133#46.93#29.29#23.78
-98.1,35.9143#46.93#29.21#23.86
-98.0447,35.9154#46.93#29.12#23.95
-97.9894,35.9164#46.93#29.04#24.03
-97.9341,35.9173#46.93#28.95#24.12
-97.8787,35.9183#46.93#28.87#24.2
-97.8234,35.9192#46.93#28.79#24.28
-97.7681,35.9202#46.93#28.71#24.36
-97.7127,35.9211#46.93#28.62#24.45
-97.6574,35.922#46.93#28.54#24.53
-97.6021,35.9228#46.93#28.46#24.61
-97.5467,35.9237#46.93#28.37#24.7
-97.4914,35.9245#46.93#28.3#24.77
-97.4361,35.9253#46.93#28.3#24.77
-97.3807,35.9261#46.93#28.29#24.78
-97.3254,35.9269#46.93#28.28#24.79
-97.2701,35.9277#46.93#28.28#24.79
-97.2147,35.9284#46.93#28.27#24.8
-97.1594,35.9291#46.93#28.26#24.81
-97.104,35.9298#46.93#28.26#24.81
-97.0487,35.9305#46.93#28.25#24.82
-96.9934,35.9312#46.92#28.25#24.83
-96.938,35.9318#46.92#28.26#24.82
-96.8827,35.9325#46.92#28.28#24.8
-96.8273,35.9331#46.92#28.29#24.79
-96.772,35.9337#46.92#28.31#24.77
-96.7166,35.9342#46.92#28.33#24.75
-96.6613,35.9348#46.92#28.34#24.74
-96.606,35.9353#46.92#28.36#24.72
-96.5506,35.9359#46.92#28.37#24.71
-96.4953,35.9364#46.92#28.39#24.69
-96.4399,35.9369#46.92#28.4#24.68
-96.3846,35.9373#46.92#28.4#24.68
-96.3292,35.9378#46.92#28.41#24.67
-96.2739,35.9382#46.92#28.42#24.66
-96.2185,35.9386#46.92#28.42#24.66
-96.1632,35.939#46.92#28.43#24.65
-96.1078,35.9394#46.91#28.44#24.65
-96.0525,35.9397#46.91#28.44#24.65
-95.9971,35.9401#46.91#28.45#24.64
-95.9418,35.9404#46.91#28.45#24.64
-95.8864,35.9407#46.91#28.46#24.63
-95.8311,35.941#46.91#28.46#24.63
-95.7757,35.9412#46.91#28.47#24.62
-95.7204,35.9415#46.9#28.47#24.63
-95.665,35.9417#46.9#28.48#24.62
-95.6097,35.9419#46.9#28.49#24.61
-95.5543,35.9421#46.9#28.49#24.61
-95.4989,35.9423#46.9#28.5#24.6
-95.4436,35.9425#46.89#28.5#24.61
-95.3882,35.9426#46.89#28.5#24.61
-95.3329,35.9427#46.88#28.5#24.62
-95.2775,35.9428#46.88#28.51#24.61
-95.2222,35.9429#46.87#28.51#24.62
-95.1668,35.943#46.87#28.51#24.62
-95.1115,35.943#46.86#28.52#24.62
-95.0561,35.943#46.86#28.52#24.62
-95.0008,35.943#46.85#28.52#24.63
-94.9454,35.943#46.84#28.53#24.63
-94.8901,35.943#46.83#28.53#24.64
-94.8347,35.943#46.82#28.53#24.65
-94.7793,35.9429#46.81#28.53#24.66
-94.724,35.9428#46.8#28.53#24.67
-94.6686,35.9427#46.8#28.54#24.66
-94.6133,35.9426#46.79#28.54#24.67
-94.5579,35.9425#46.78#28.54#24.68
-94.5026,35.9423#46.77#28.54#24.69
-94.4472,35.9421#46.74#28.54#24.72
-94.3919,35.9419#46.71#28.55#24.74
-94.3365,35.9417#46.68#28.55#24.77
-94.2812,35.9415#46.65#28.55#24.8
-94.2258,35.9413#46.63#28.55#24.82
-94.1705,35.941#46.6#28.55#24.85
-94.1151,35.9407#46.57#28.55#24.88
-94.0598,35.9404#46.54#28.56#24.9
-94.0044,35.9401#46.51#28.56#24.93
-93.9491,35.9397#46.46#28.56#24.98
-93.8937,35.9394#46.41#28.56#25.03
-93.8384,35.939#46.36#28.56#25.08
-93.783,35.9386#46.3#28.56#25.14
-93.7277,35.9382#46.25#28.56#25.19
-93.6723,35.9378#46.2#28.56#25.24
-93.617,35.9373#46.14#28.57#25.29
-93.5616,35.9369#46.09#28.57#25.34
-93.5063,35.9364#46.04#28.57#25.39
-93.4509,35.9359#45.96#28.57#25.47
-93.3956,35.9354#45.88#28.57#25.55
-93.3402,35.9348#45.79#28.57#25.64
-93.2849,35.9343#45.71#28.57#25.72
-93.2295,35.9337#45.63#28.57#25.8
-93.1742,35.9331#45.55#28.58#25.87
-93.1189,35.9325#45.46#28.58#25.96
-93.0635,35.9318#45.38#28.58#26.04
-93.0082,35.9312#45.3#28.58#26.12
-92.9528,35.9305#45.19#28.58#26.23
-92.8975,35.9298#45.08#28.58#26.34
-92.8421,35.9291#44.97#28.58#26.45
-92.7868,35.9284#44.86#28.58#26.56
-92.7315,35.9277#44.75#28.59#26.66
-92.6761,35.9269#44.64#28.59#26.77
-92.6208,35.9261#44.53#28.59#26.88
-92.5655,35.9253#44.41#28.59#27
-92.5101,35.9245#44.3#28.59#27.11
-92.4548,35.9237#44.18#28.59#27.23
-92.3994,35.9228#44.07#28.59#27.34
-92.3441,35.922#43.95#28.59#27.46
-92.2888,35.9211#43.83#28.6#27.57
-92.2335,35.9202#43.71#28.6#27.69
-92.1781,35.9193#43.59#28.6#27.81
-92.1228,35.9183#43.47#28.6#27.93
-92.0675,35.9174#43.35#28.6#28.05
-92.0121,35.9164#43.23#28.6#28.17
-91.9568,35.9154#43.09#28.61#28.3
-91.9015,35.9144#42.94#28.61#28.45
-91.8462,35.9133#42.78#28.61#28.61
-91.7908,35.9123#42.63#28.61#28.76
-91.7355,35.9112#42.48#28.61#28.91
-91.6802,35.9101#42.33#28.61#29.06
-91.6249,35.909#42.17#28.62#29.21
-91.5696,35.9079#42.02#28.62#29.36
-91.5142,35.9068#41.86#28.62#29.52
-91.4589,35.9056#41.69#28.62#29.69
-91.4036,35.9044#41.51#28.62#29.87
-91.3483,35.9032#41.33#28.62#30.05
-91.293,35.902#41.15#28.63#30.22
-91.2377,35.9008#40.97#28.63#30.4
-100.425,35.9#46.93#28.09#24.98
-100.369,35.9018#46.93#28.11#24.96
-100.314,35.9035#46.93#28.14#24.93
-100.259,35.9053#46.93#28.16#24.91
-100.204,35.907#46.93#28.18#24.89
-100.148,35.9087#46.93#28.2#24.87
-100.093,35.9104#46.93#28.23#24.84
-100.038,35.9121#46.93#28.25#24.82
-99.9824,35.9137#46.93#28.29#24.78
-99.9271,35.9154#46.93#28.36#24.71
-99.8718,35.917#46.93#28.43#24.64
-99.8165,35.9186#46.93#28.5#24.57
-99.7612,35.9202#46.93#28.57#24.5
-99.7059,35.9217#46.93#28.64#24.43
-99.6506,35.9233#46.93#28.71#24.36
-99.5953,35.9248#46.93#28.78#24.29
-99.5399,35.9263#46.93#28.85#24.22
-99.4846,35.9278#46.93#28.92#24.15
-99.4293,35.9293#46.93#28.99#24.08
-99.374,35.9307#46.93#29.07#24
-99.3187,35.9322#46.93#29.14#23.93
-99.2634,35.9336#46.93#29.21#23.86
-99.208,35.935#46.93#29.28#23.79
-99.1527,35.9364#46.93#29.35#23.72
-99.0974,35.9377#46.93#29.42#23.65
-99.0421,35.9391#46.93#29.49#23.58
-98.9867,35.9404#46.93#29.55#23.52
-98.9314,35.9417#46.93#29.58#23.49
-98.8761,35.943#46.93#29.61#23.46
-98.8207,35.9443#46.93#29.64#23.43
-98.7654,35.9455#46.93#29.67#23.4
-98.7101,35.9468#46.93#29.7#23.37
-98.6547,35.948#46.93#29.73#23.34
-98.5994,35.9492#46.93#29.76#23.31
-98.5441,35.9504#46.93#29.79#23.28
-98.4887,35.9515#46.93#29.8#23.27
-98.4334,35.9527#46.93#29.71#23.36
-98.378,35.9538#46.93#29.63#23.44
-98.3227,35.9549#46.93#29.55#23.52
-98.2674,35.956#46.93#29.46#23.61
-98.212,35.9571#46.93#29.38#23.69
-98.1567,35.9581#46.93#29.29#23.78
-98.1013,35.9592#46.93#29.21#23.86
-98.046,35.9602#46.93#29.13#23.94
-97.9906,35.9612#46.93#29.04#24.03
-97.9353,35.9622#46.93#28.96#24.11
-97.8799,35.9631#46.93#28.88#24.19
-97.8246,35.9641#46.93#28.8#24.27
-97.7692,35.965#46.93#28.72#24.35
-97.7139,35.9659#46.93#28.63#24.44
-97.6585,35.9668#46.93#28.55#24.52
-97.6031,35.9676#46.93#28.47#24.6
-97.5478,35.9685#46.93#28.39#24.68
-97.4924,35.9693#46.93#28.32#24.75
-97.4371,35.9701#46.93#28.31#24.76
-97.3817,35.9709#46.93#28.3#24.77
-97.3264,35.9717#46.93#28.3#24.77
-97.271,35.9725#46.93#28.29#24.78
-97.2156,35.9732#46.93#28.29#24.78
-97.1603,35.9739#46.93#28.28#24.79
-97.1049,35.9746#46.93#28.27#24.8
-97.0495,35.9753#46.93#28.27#24.8
-96.9942,35.976#46.93#28.26#24.81
-96.9388,35.9767#46.92#28.28#24.8
-96.8834,35.9773#46.92#28.29#24.79
-96.8281,35.9779#46.92#28.3#24.78
-96.7727,35.9785#46.92#28.32#24.76
-96.7173,35.9791#46.92#28.33#24.75
-96.662,35.9796#46.92#28.34#24.74
-96.6066,35.9802#46.92#28.36#24.72
-96.5512,35.9807#46.92#28.37#24.71
-96.4959,35.9812#46.92#28.39#24.69
-96.4405,35.9817#46.92#28.39#24.69
-96.3851,35.9821#46.92#28.4#24.68
-96.3298,35.9826#46.92#28.4#24.68
-96.2744,35.983#46.92#28.41#24.67
-96.219,35.9834#46.92#28.42#24.66
-96.1636,35.9838#46.92#28.42#24.66
-96.1083,35.9842#46.92#28.43#24.65
-96.0529,35.9846#46.92#28.43#24.65
-95.9975,35.9849#46.91#28.44#24.65
-95.9422,35.9852#46.91#28.44#24.65
-95.8868,35.9855#46.91#28.45#24.64
-95.8314,35.9858#46.91#28.45#24.64
-95.776,35.9861#46.91#28.46#24.63
-95.7207,35.9863#46.91#28.46#24.63
-95.6653,35.9866#46.9#28.47#24.63
-95.6099,35.9868#46.9#28.47#24.63
-95.5545,35.987#46.9#28.48#24.62
-95.4992,35.9871#46.9#28.48#24.62
-95.4438,35.9873#46.9#28.49#24.61
-95.3884,35.9874#46.89#28.49#24.62
-95.333,35.9875#46.89#28.49#24.62
-95.2776,35.9876#46.88#28.49#24.63
-95.2223,35.9877#46.88#28.5#24.62
-95.1669,35.9878#46.87#28.5#24.63
-95.1115,35.9878#46.87#28.5#24.63
-95.0561,35.9879#46.87#28.51#24.62
-95.0008,35.9879#46.86#28.51#24.63
-94.9454,35.9879#46.85#28.51#24.64
-94.89,35.9878#46.84#28.51#24.65
-94.8346,35.9878#46.83#28.52#24.65
-94.7793,35.9877#46.83#28.52#24.65
-94.7239,35.9876#46.82#28.52#24.66
-94.6685,35.9875#46.81#28.52#24.67
-94.6131,35.9874#46.8#28.52#24.68
-94.5578,35.9873#46.79#28.53#24.68
-94.5024,35.9871#46.78#28.53#24.69
-94.447,35.987#46.76#28.53#24.71
-94.3916,35.9868#46.73#28.53#24.74
-94.3363,35.9866#46.7#28.53#24.77
-94.2809,35.9863#46.68#28.53#24.79
-94.2255,35.9861#46.65#28.53#24.82
-94.1701,35.9858#46.63#28.54#24.83
-94.1148,35.9855#46.6#28.54#24.86
-94.0594,35.9852#46.57#28.54#24.89
-94.004,35.9849#46.55#28.54#24.91
-93.9486,35.9846#46.5#28.54#24.96
-93.8933,35.9842#46.45#28.54#25.01
-93.8379,35.9838#46.4#28.54#25.06
-93.7825,35.9834#46.35#28.55#25.1
-93.7271,35.983#46.3#28.55#25.15
-93.6718,35.9826#46.25#28.55#25.2
-93.6164,35.9822#46.2#28.55#25.25
-93.561,35.9817#46.14#28.55#25.31
-93.5057,35.9812#46.09#28.55#25.36
-93.4503,35.9807#46.02#28.55#25.43
-93.3949,35.9802#45.94#28.55#25.51
-93.3396,35.9796#45.86#28.56#25.58
-93.2842,35.9791#45.78#28.56#25.66
-93.2288,35.9785#45.7#28.56#25.74
-93.1734,35.9779#45.62#28.56#25.82
-93.1181,35.9773#45.54#28.56#25.9
-93.0627,35.9767#45.46#28.56#25.98
-93.0074,35.976#45.38#28.56#26.06
-92.952,35.9754#45.28#28.56#26.16
-92.8966,35.9747#45.17#28.57#26.26
-92.8413,35.974#45.06#28.57#26.37
-92.7859,35.9732#44.96#28.57#26.47
-92.7305,35.9725#44.85#28.57#26.58
-92.6752,35.9717#44.74#28.57#26.69
-92.6198,35.971#44.63#28.57#26.8
-92.5645,35.9702#44.53#28.57#26.9
-92.5091,35.9694#44.42#28.57#27.01
-92.4537,35.9685#44.3#28.58#27.12
-92.3984,35.9677#44.19#28.58#27.23
-92.343,35.9668#44.07#28.58#27.35
-92.2877,35.9659#43.95#28.58#27.47
-92.2323,35.965#43.83#28.58#27.59
-92.177,35.9641#43.72#28.58#27.7
-92.1216,35.9631#43.6#28.58#27.82
-92.0663,35.9622#43.48#28.59#27.93
-92.0109,35.9612#43.36#28.59#28.05
-91.9556,35.9602#43.22#28.59#28.19
-91.9002,35.9592#43.08#28.59#28.33
-91.8449,35.9582#42.93#28.59#28.48
-91.7895,35.9571#42.78#28.59#28.63
-91.7342,35.956#42.64#28.6#28.76
-91.6788,35.9549#42.49#28.6#28.91
-91.6235,35.9538#42.34#28.6#29.06
-91.5682,35.9527#42.19#28.6#29.21
-91.5128,35.9516#42.04#28.6#29.36
-91.4575,35.9504#41.87#28.6#29.53
-91.4021,35.9492#41.69#28.61#29.7
-91.3468,35.948#41.51#28.61#29.88
-91.2915,35.9468#41.33#28.61#30.06
-91.2361,35.9456#41.15#28.61#30.24
-91.1808,35.9443#40.97#28.61#30.42
-91.1255,35.9431#40.8#28.62#30.58
-91.0701,35.9418#40.62#28.62#30.76
-91.0148,35.9405#40.44#28.62#30.94
-90.9595,35.9391#40.28#28.62#31.1
-90.9041,35.9378#40.13#28.63#31.24
-90.8488,35.9364#39.99#28.63#31.38
-90.7935,35.935#39.84#28.63#31.53
-90.7382,35.9336#39.7#28.63#31.67
-90.6829,35.9322#39.55#28.64#31.81
-90.6275,35.9308#39.41#28.64#31.95
-90.5722,35.9293#39.26#28.64#32.1
-90.5169,35.9279#39.12#28.65#32.23
-90.4616,35.9264#38.99#28.65#32.36
-90.4063,35.9249#38.86#28.66#32.48
-90.351,35.9233#38.74#28.67#32.59
-90.2956,35.9218#38.61#28.68#32.71
-90.2403,35.9202#38.48#28.69#32.83
-90.185,35.9186#38.36#28.7#32.94
-90.1297,35.917#38.23#28.71#33.06
-90.0744,35.9154#38.11#28.72#33.17
-90.0191,35.9138#37.98#28.72#33.3
-89.9638,35.9121#37.85#28.73#33.42
-89.9085,35.9105#37.71#28.75#33.54
-89.8532,35.9088#37.57#28.76#33.67
-89.7979,35.9071#37.43#28.77#33.8
-89.7426,35.9053#37.29#28.78#33.93
-89.6873,35.9036#37.15#28.79#34.06
-89.632,35.9018#37.02#28.8#34.18
-89.5768,35.9#36.88#28.81#34.31
-101.643,35.9009#46.93#27.67#25.4
-101.588,35.9031#46.93#27.67#25.4
-101.533,35.9053#46.93#27.67#25.4
-101.478,35.9074#46.93#27.68#25.39
-101.422,35.9095#46.93#27.7#25.37
-101.367,35.9117#46.93#27.71#25.36
-101.312,35.9137#46.93#27.73#25.34
-101.256,35.9158#46.93#27.74#25.33
-101.201,35.9179#46.93#27.76#25.31
-101.146,35.9199#46.93#27.78#25.29
-101.091,35.9219#46.93#27.79#25.28
-101.035,35.9239#46.93#27.81#25.26
-100.98,35.9259#46.93#27.83#25.24
-100.925,35.9279#46.93#27.86#25.21
-100.869,35.9298#46.93#27.88#25.19
-100.814,35.9318#46.93#27.91#25.16
-100.759,35.9337#46.93#27.94#25.13
-100.704,35.9356#46.93#27.96#25.11
-100.648,35.9375#46.93#27.99#25.08
-100.593,35.9393#46.93#28.02#25.05
-100.538,35.9412#46.93#28.04#25.03
-100.482,35.943#46.93#28.07#25
-100.427,35.9448#46.93#28.09#24.98
-100.372,35.9466#46.93#28.11#24.96
-100.316,35.9483#46.93#28.13#24.94
-100.261,35.9501#46.93#28.15#24.92
-100.206,35.9518#46.93#28.17#24.9
-100.15,35.9535#46.93#28.19#24.88
-100.095,35.9552#46.93#28.21#24.86
-100.04,35.9569#46.93#28.23#24.84
-99.9844,35.9585#46.93#28.27#24.8
-99.9291,35.9602#46.93#28.34#24.73
-99.8738,35.9618#46.93#28.41#24.66
-99.8185,35.9634#46.93#28.48#24.59
-99.7631,35.965#46.93#28.55#24.52
-99.7078,35.9666#46.93#28.63#24.44
-99.6525,35.9681#46.93#28.7#24.37
-99.5971,35.9696#46.93#28.77#24.3
-99.5418,35.9711#46.93#28.84#24.23
-99.4865,35.9726#46.93#28.91#24.16
-99.4311,35.9741#46.93#28.98#24.09
-99.3758,35.9756#46.93#29.05#24.02
-99.3204,35.977#46.93#29.13#23.94
-99.2651,35.9784#46.93#29.2#23.87
-99.2098,35.9798#46.93#29.27#23.8
-99.1544,35.9812#46.93#29.34#23.73
-99.0991,35.9826#46.93#29.41#23.66
-99.0437,35.9839#46.93#29.48#23.59
-98.9884,35.9852#46.93#29.55#23.52
-98.933,35.9865#46.93#29.58#23.49
-98.8777,35.9878#46.93#29.61#23.46
-98.8223,35.9891#46.93#29.64#23.43
-98.7669,35.9904#46.93#29.67#23.4
-98.7116,35.9916#46.93#29.7#23.37
-98.6562,35.9928#46.93#29.73#23.34
-98.6009,35.994#46.93#29.76#23.31
-98.5455,35.9952#46.93#29.79#23.28
-98.4901,35.9964#46.93#29.8#23.27
-98.4348,35.9975#46.93#29.71#23.36
-98.3794,35.9986#46.93#29.63#23.44
-98.3241,35.9997#46.93#29.55#23.52
-98.2687,36.0008#46.93#29.47#23.6
-98.2133,36.0019#46.93#29.38#23.69
-98.1579,36.0029#46.93#29.3#23.77
-98.1026,36.004#46.93#29.22#23.85
-98.0472,36.005#46.93#29.13#23.94
-97.9918,36.006#46.93#29.05#24.02
-97.9365,36.007#46.93#28.97#24.1
-97.8811,36.0079#46.93#28.89#24.18
-97.8257,36.0089#46.93#28.81#24.26
-97.7703,36.0098#46.93#28.73#24.34
-97.715,36.0107#46.93#28.65#24.42
-97.6596,36.0116#46.93#28.56#24.51
-97.6042,36.0125#46.93#28.48#24.59
-97.5488,36.0133#46.93#28.4#24.67
-97.4934,36.0141#46.93#28.33#24.74
-97.4381,36.015#46.93#28.32#24.75
-97.3827,36.0158#46.93#28.32#24.75
-97.3273,36.0165#46.93#28.31#24.76
-97.2719,36.0173#46.93#28.31#24.76
-97.2165,36.018#46.93#28.3#24.77
-97.1612,36.0188#46.93#28.29#24.78
-97.1058,36.0195#46.93#28.29#24.78
-97.0504,36.0202#46.93#28.28#24.79
-96.995,36.0208#46.93#28.28#24.79
-96.9396,36.0215#46.93#28.29#24.78
-96.8842,36.0221#46.93#28.3#24.77
-96.8288,36.0227#46.92#28.31#24.77
-96.7734,36.0233#46.92#28.32#24.76
-96.718,36.0239#46.92#28.34#24.74
-96.6627,36.0244#46.92#28.35#24.73
-96.6073,36.025#46.92#28.36#24.72
-96.5519,36.0255#46.92#28.37#24.71
-96.4965,36.026#46.92#28.38#24.7
-96.4411,36.0265#46.92#28.39#24.69
-96.3857,36.027#46.92#28.39#24.69
-96.3303,36.0274#46.92#28.4#24.68
-96.2749,36.0278#46.92#28.4#24.68
-96.2195,36.0283#46.92#28.41#24.67
-96.1641,36.0287#46.92#28.41#24.67
-96.1087,36.029#46.92#28.42#24.66
-96.0533,36.0294#46.92#28.43#24.65
-95.9979,36.0297#46.92#28.43#24.65
-95.9425,36.03#46.91#28.44#24.65
-95.8871,36.0303#46.91#28.44#24.65
-95.8317,36.0306#46.91#28.44#24.65
-95.7763,36.0309#46.91#28.45#24.64
-95.7209,36.0311#46.91#28.45#24.64
-95.6656,36.0314#46.91#28.46#24.63
-95.6102,36.0316#46.91#28.46#24.63
-95.5548,36.0318#46.9#28.47#24.63
-95.4994,36.0319#46.9#28.47#24.63
-95.444,36.0321#46.9#28.47#24.63
-95.3886,36.0322#46.9#28.48#24.62
-95.3332,36.0324#46.89#28.48#24.63
-95.2778,36.0325#46.89#28.48#24.63
-95.2224,36.0325#46.88#28.48#24.64
-95.167,36.0326#46.88#28.49#24.63
-95.1116,36.0327#46.88#28.49#24.63
-95.0562,36.0327#46.87#28.49#24.64
-95.0008,36.0327#46.87#28.5#24.63
-94.9454,36.0327#46.86#28.5#24.64
-94.89,36.0327#46.85#28.5#24.65
-94.8346,36.0326#46.85#28.5#24.65
-94.7792,36.0325#46.84#28.5#24.66
-94.7238,36.0325#46.83#28.5#24.67
-94.6684,36.0324#46.82#28.51#24.67
-94.613,36.0322#46.81#28.51#24.68
-94.5576,36.0321#46.81#28.51#24.68
-94.5022,36.032#46.8#28.51#24.69
-94.4468,36.0318#46.77#28.51#24.72
-94.3914,36.0316#46.75#28.52#24.73
-94.336,36.0314#46.73#28.52#24.75
-94.2806,36.0311#46.7#28.52#24.78
-94.2252,36.0309#46.68#28.52#24.8
-94.1698,36.0306#46.65#28.52#24.83
-94.1144,36.0304#46.63#28.52#24.85
-94.059,36.0301#46.6#28.52#24.88
-94.0036,36.0297#46.58#28.53#24.89
-93.9482,36.0294#46.53#28.53#24.94
-93.8928,36.029#46.48#28.53#24.99
-93.8374,36.0287#46.44#28.53#25.03
-93.782,36.0283#46.39#28.53#25.08
-93.7266,36.0279#46.34#28.53#25.13
-93.6712,36.0274#46.29#28.53#25.18
-93.6158,36.027#46.25#28.53#25.22
-93.5604,36.0265#46.2#28.54#25.26
-93.505,36.026#46.15#28.54#25.31
-93.4497,36.0255#46.08#28.54#25.38
-93.3943,36.025#46#28.54#25.46
-93.3389,36.0245#45.93#28.54#25.53
-93.2835,36.0239#45.85#28.54#25.61
-93.2281,36.0233#45.77#28.54#25.69
-93.1727,36.0227#45.7#28.54#25.76
-93.1173,36.0221#45.62#28.54#25.84
-93.0619,36.0215#45.54#28.55#25.91
-93.0065,36.0208#45.47#28.55#25.98
-92.9512,36.0202#45.37#28.55#26.08
-92.8958,36.0195#45.26#28.55#26.19
-92.8404,36.0188#45.16#28.55#26.29
-92.785,36.0181#45.06#28.55#26.39
-92.7296,36.0173#44.95#28.55#26.5
-92.6742,36.0166#44.85#28.55#26.6
-92.6188,36.0158#44.74#28.56#26.7
-92.5635,36.015#44.64#28.56#26.8
-92.5081,36.0142#44.53#28.56#26.91
-92.4527,36.0133#44.42#28.56#27.02
-92.3973,36.0125#44.3#28.56#27.14
-92.3419,36.0116#44.19#28.56#27.25
-92.2866,36.0107#44.07#28.56#27.37
-92.2312,36.0098#43.96#28.57#27.47
-92.1758,36.0089#43.84#28.57#27.59
-92.1204,36.008#43.72#28.57#27.71
-92.0651,36.007#43.61#28.57#27.82
-92.0097,36.006#43.49#28.57#27.94
-91.9543,36.005#43.36#28.57#28.07
-91.899,36.004#43.22#28.57#28.21
-91.8436,36.003#43.07#28.58#28.35
-91.7882,36.0019#42.93#28.58#28.49
-91.7328,36.0008#42.79#28.58#28.63
-91.6775,35.9998#42.65#28.58#28.77
-91.6221,35.9987#42.51#28.58#28.91
-91.5667,35.9975#42.37#28.58#29.05
-91.5114,35.9964#42.22#28.59#29.19
-91.456,35.9952#42.05#28.59#29.36
-91.4007,35.994#41.87#28.59#29.54
-91.3453,35.9928#41.7#28.59#29.71
-91.2899,35.9916#41.52#28.59#29.89
-91.2346,35.9904#41.34#28.6#30.06
-91.1792,35.9891#41.16#28.6#30.24
-91.1239,35.9879#40.98#28.6#30.42
-91.0685,35.9866#40.8#28.6#30.6
-91.0132,35.9853#40.63#28.6#30.77
-90.9578,35.9839#40.47#28.61#30.92
-90.9025,35.9826#40.31#28.61#31.08
-90.8471,35.9812#40.16#28.61#31.23
-90.7918,35.9799#40#28.61#31.39
-90.7364,35.9785#39.85#28.62#31.53
-90.6811,35.977#39.7#28.62#31.68
-90.6257,35.9756#39.55#28.62#31.83
-90.5704,35.9741#39.4#28.63#31.97
-90.5151,35.9727#39.24#28.63#32.13
-90.4597,35.9712#39.11#28.64#32.25
-90.4044,35.9697#38.98#28.64#32.38
-90.3491,35.9681#38.86#28.65#32.49
-90.2937,35.9666#38.73#28.66#32.61
-90.2384,35.965#38.6#28.67#32.73
-90.1831,35.9634#38.48#28.68#32.84
-90.1277,35.9618#38.35#28.69#32.96
-90.0724,35.9602#38.22#28.69#33.09
-90.0171,35.9586#38.1#28.7#33.2
-89.9618,35.9569#37.96#28.71#33.33
-89.9064,35.9553#37.82#28.72#33.46
-89.8511,35.9536#37.68#28.73#33.59
-89.7958,35.9519#37.55#28.74#33.71
-89.7405,35.9501#37.41#28.75#33.84
-89.6852,35.9484#37.27#28.77#33.96
-89.6299,35.9466#37.13#28.78#34.09
-89.5745,35.9448#36.99#28.79#34.22
-89.5192,35.943#36.85#28.8#34.35
-89.4639,35.9412#36.71#28.81#34.48
-89.4086,35.9394#36.56#28.82#34.62
-89.3533,35.9375#36.41#28.82#34.77
-89.298,35.9356#36.27#28.83#34.9
-89.2427,35.9337#36.12#28.84#35.04
-89.1874,35.9318#35.97#28.85#35.18
-89.1321,35.9299#35.83#28.86#35.31
-89.0768,35.928#35.69#28.86#35.45
-89.0215,35.926#35.54#28.87#35.59
-88.9662,35.924#35.39#28.88#35.73
-88.911,35.922#35.24#28.88#35.88
-88.8557,35.92#35.09#28.88#36.03
-88.8004,35.9179#34.94#28.88#36.18
-88.7451,35.9159#34.79#28.88#36.33
-88.6898,35.9138#34.64#28.89#36.47
-88.6345,35.9117#34.49#28.89#36.62
-88.5793,35.9096#34.34#28.89#36.77
-88.524,35.9075#34.2#28.89#36.91
-88.4687,35.9053#34.03#28.88#37.09
-88.4134,35.9031#33.84#28.87#37.29
-88.3582,35.901#33.65#28.86#37.49
-102.696,35.9007#46.93#27.65#25.42
-102.641,35.9032#46.93#27.64#25.43
-102.586,35.9057#46.93#27.64#25.43
-102.53,35.9082#46.93#27.64#25.43
-102.475,35.9107#46.93#27.63#25.44
-102.42,35.9131#46.93#27.63#25.44
-102.365,35.9156#46.93#27.63#25.44
-102.309,35.918#46.93#27.63#25.44
-102.254,35.9204#46.93#27.63#25.44
-102.199,35.9228#46.93#27.63#25.44
-102.144,35.9252#46.93#27.62#25.45
-102.088,35.9275#46.93#27.62#25.45
-102.033,35.9299#46.93#27.62#25.45
-101.978,35.9322#46.93#27.62#25.45
-101.922,35.9345#46.93#27.62#25.45
-101.867,35.9368#46.93#27.63#25.44
-101.812,35.939#46.93#27.63#25.44
-101.757,35.9413#46.93#27.63#25.44
-101.701,35.9435#46.93#27.64#25.43
-101.646,35.9457#46.93#27.64#25.43
-101.591,35.9479#46.93#27.65#25.42
-101.535,35.95#46.93#27.65#25.42
-101.48,35.9522#46.93#27.66#25.41
-101.425,35.9543#46.93#27.68#25.39
-101.37,35.9564#46.93#27.7#25.37
-101.314,35.9585#46.93#27.71#25.36
-101.259,35.9606#46.93#27.73#25.34
-101.204,35.9627#46.93#27.75#25.32
-101.148,35.9647#46.93#27.77#25.3
-101.093,35.9667#46.93#27.79#25.28
-101.038,35.9687#46.93#27.81#25.26
-100.982,35.9707#46.93#27.83#25.24
-100.927,35.9727#46.93#27.85#25.22
-100.872,35.9746#46.93#27.88#25.19
-100.816,35.9766#46.93#27.91#25.16
-100.761,35.9785#46.93#27.93#25.14
-100.706,35.9804#46.93#27.96#25.11
-100.651,35.9823#46.93#27.99#25.08
-100.595,35.9841#46.93#28.01#25.06
-100.54,35.9859#46.93#28.04#25.03
-100.485,35.9878#46.93#28.07#25
-100.429,35.9896#46.93#28.09#24.98
-100.374,35.9914#46.93#28.11#24.96
-100.319,35.9931#46.93#28.12#24.95
-100.263,35.9949#46.93#28.14#24.93
-100.208,35.9966#46.93#28.16#24.91
-100.153,35.9983#46.93#28.18#24.89
-100.097,36#46.93#28.2#24.87
-100.042,36.0017#46.93#28.22#24.85
-99.9865,36.0033#46.93#28.25#24.82
-99.9311,36.005#46.93#28.32#24.75
-99.8758,36.0066#46.93#28.4#24.67
-99.8204,36.0082#46.93#28.47#24.6
-99.7651,36.0098#46.93#28.54#24.53
-99.7097,36.0113#46.93#28.61#24.46
-99.6544,36.0129#46.93#28.68#24.39
-99.599,36.0144#46.93#28.75#24.32
-99.5437,36.0159#46.93#28.83#24.24
-99.4883,36.0174#46.93#28.9#24.17
-99.4329,36.0189#46.93#28.97#24.1
-99.3776,36.0204#46.93#29.04#24.03
-99.3222,36.0218#46.93#29.11#23.96
-99.2668,36.0232#46.93#29.19#23.88
-99.2115,36.0246#46.93#29.26#23.81
-99.1561,36.026#46.93#29.33#23.74
-99.1007,36.0274#46.93#29.41#23.66
-99.0454,36.0287#46.93#29.48#23.59
-98.99,36.03#46.93#29.54#23.53
-98.9346,36.0313#46.93#29.57#23.5
-98.8792,36.0326#46.93#29.6#23.47
-98.8239,36.0339#46.93#29.63#23.44
-98.7685,36.0352#46.93#29.66#23.41
-98.7131,36.0364#46.93#29.69#23.38
-98.6577,36.0376#46.93#29.72#23.35
-98.6023,36.0388#46.93#29.75#23.32
-98.547,36.04#46.93#29.78#23.29
-98.4916,36.0412#46.93#29.8#23.27
-98.4362,36.0423#46.93#29.72#23.35
-98.3808,36.0434#46.93#29.63#23.44
-98.3254,36.0445#46.93#29.55#23.52
-98.27,36.0456#46.93#29.47#23.6
-98.2146,36.0467#46.93#29.39#23.68
-98.1592,36.0477#46.93#29.3#23.77
-98.1038,36.0488#46.93#29.22#23.85
-98.0485,36.0498#46.93#29.14#23.93
-97.9931,36.0508#46.93#29.06#24.01
-97.9377,36.0518#46.93#28.98#24.09
-97.8823,36.0527#46.93#28.9#24.17
-97.8269,36.0537#46.93#28.82#24.25
-97.7715,36.0546#46.93#28.74#24.33
-97.7161,36.0555#46.93#28.66#24.41
-97.6607,36.0564#46.93#28.58#24.49
-97.6053,36.0573#46.93#28.5#24.57
-97.5499,36.0581#46.93#28.42#24.65
-97.4945,36.059#46.93#28.34#24.73
-97.4391,36.0598#46.93#28.34#24.73
-97.3837,36.0606#46.93#28.33#24.74
-97.3283,36.0613#46.93#28.33#24.74
-97.2728,36.0621#46.93#28.32#24.75
-97.2174,36.0628#46.93#28.32#24.75
-97.162,36.0636#46.93#28.31#24.76
-97.1066,36.0643#46.93#28.3#24.77
-97.0512,36.065#46.93#28.3#24.77
-96.9958,36.0656#46.93#28.29#24.78
-96.9404,36.0663#46.93#28.3#24.77
-96.885,36.0669#46.93#28.31#24.76
-96.8296,36.0675#46.93#28.32#24.75
-96.7742,36.0681#46.92#28.33#24.75
-96.7188,36.0687#46.92#28.34#24.74
-96.6633,36.0693#46.92#28.35#24.73
-96.6079,36.0698#46.92#28.36#24.72
-96.5525,36.0703#46.92#28.37#24.71
-96.4971,36.0708#46.92#28.38#24.7
-96.4417,36.0713#46.92#28.38#24.7
-96.3863,36.0718#46.92#28.39#24.69
-96.3308,36.0722#46.92#28.39#24.69
-96.2754,36.0727#46.92#28.4#24.68
-96.22,36.0731#46.92#28.4#24.68
-96.1646,36.0735#46.92#28.41#24.67
-96.1092,36.0738#46.92#28.41#24.67
-96.0538,36.0742#46.92#28.42#24.66
-95.9983,36.0745#46.92#28.42#24.66
-95.9429,36.0749#46.92#28.43#24.65
-95.8875,36.0752#46.92#28.43#24.65
-95.8321,36.0754#46.91#28.43#24.66
-95.7767,36.0757#46.91#28.44#24.65
-95.7212,36.076#46.91#28.44#24.65
-95.6658,36.0762#46.91#28.45#24.64
-95.6104,36.0764#46.91#28.45#24.64
-95.555,36.0766#46.91#28.45#24.64
-95.4996,36.0768#46.91#28.46#24.63
-95.4441,36.0769#46.9#28.46#24.64
-95.3887,36.0771#46.9#28.46#24.64
-95.3333,36.0772#46.9#28.47#24.63
-95.2779,36.0773#46.89#28.47#24.64
-95.2225,36.0774#46.89#28.47#24.64
-95.167,36.0774#46.89#28.47#24.64
-95.1116,36.0775#46.88#28.48#24.64
-95.0562,36.0775#46.88#28.48#24.64
-95.0008,36.0775#46.88#28.48#24.64
-94.9453,36.0775#46.87#28.48#24.65
-94.8899,36.0775#46.86#28.48#24.66
-94.8345,36.0774#46.86#28.49#24.65
-94.7791,36.0774#46.85#28.49#24.66
-94.7237,36.0773#46.84#28.49#24.67
-94.6682,36.0772#46.83#28.49#24.68
-94.6128,36.0771#46.83#28.49#24.68
-94.5574,36.0769#46.82#28.5#24.68
-94.502,36.0768#46.81#28.5#24.69
-94.4466,36.0766#46.79#28.5#24.71
-94.3911,36.0764#46.77#28.5#24.73
-94.3357,36.0762#46.75#28.5#24.75
-94.2803,36.076#46.72#28.5#24.78
-94.2249,36.0757#46.7#28.5#24.8
-94.1694,36.0755#46.68#28.51#24.81
-94.114,36.0752#46.66#28.51#24.83
-94.0586,36.0749#46.63#28.51#24.86
-94.0032,36.0745#46.61#28.51#24.88
-93.9478,36.0742#46.57#28.51#24.92
-93.8924,36.0738#46.52#28.51#24.97
-93.8369,36.0735#46.48#28.51#25.01
-93.7815,36.0731#46.43#28.51#25.06
-93.7261,36.0727#46.39#28.52#25.09
-93.6707,36.0722#46.34#28.52#25.14
-93.6153,36.0718#46.3#28.52#25.18
-93.5599,36.0713#46.25#28.52#25.23
-93.5044,36.0708#46.21#28.52#25.27
-93.449,36.0703#46.14#28.52#25.34
-93.3936,36.0698#46.07#28.52#25.41
-93.3382,36.0693#45.99#28.52#25.49
-93.2828,36.0687#45.92#28.52#25.56
-93.2274,36.0681#45.85#28.53#25.62
-93.172,36.0675#45.77#28.53#25.7
-93.1165,36.0669#45.7#28.53#25.77
-93.0611,36.0663#45.63#28.53#25.84
-93.0057,36.0657#45.55#28.53#25.92
-92.9503,36.065#45.46#28.53#26.01
-92.8949,36.0643#45.36#28.53#26.11
-92.8395,36.0636#45.25#28.53#26.22
-92.7841,36.0629#45.15#28.54#26.31
-92.7287,36.0621#45.05#28.54#26.41
-92.6733,36.0614#44.95#28.54#26.51
-92.6179,36.0606#44.85#28.54#26.61
-92.5625,36.0598#44.75#28.54#26.71
-92.5071,36.059#44.65#28.54#26.81
-92.4517,36.0581#44.54#28.54#26.92
-92.3963,36.0573#44.42#28.54#27.04
-92.3409,36.0564#44.31#28.55#27.14
-92.2855,36.0555#44.19#28.55#27.26
-92.2301,36.0546#44.08#28.55#27.37
-92.1747,36.0537#43.97#28.55#27.48
-92.1193,36.0528#43.85#28.55#27.6
-92.0639,36.0518#43.74#28.55#27.71
-92.0085,36.0508#43.62#28.55#27.83
-91.9531,36.0498#43.49#28.56#27.95
-91.8977,36.0488#43.36#28.56#28.08
-91.8423,36.0478#43.22#28.56#28.22
-91.7869,36.0467#43.08#28.56#28.36
-91.7315,36.0457#42.95#28.56#28.49
-91.6761,36.0446#42.81#28.56#28.63
-91.6207,36.0435#42.68#28.57#28.75
-91.5653,36.0423#42.54#28.57#28.89
-91.51,36.0412#42.4#28.57#29.03
-91.4546,36.04#42.23#28.57#29.2
-91.3992,36.0388#42.06#28.57#29.37
-91.3438,36.0376#41.88#28.58#29.54
-91.2884,36.0364#41.7#28.58#29.72
-91.233,36.0352#41.53#28.58#29.89
-91.1777,36.0339#41.35#28.58#30.07
-91.1223,36.0327#41.17#28.58#30.25
-91.0669,36.0314#40.99#28.59#30.42
-91.0115,36.0301#40.82#28.59#30.59
-90.9562,36.0287#40.65#28.59#30.76
-90.9008,36.0274#40.49#28.59#30.92
-90.8454,36.026#40.33#28.6#31.07
-90.7901,36.0247#40.17#28.6#31.23
-90.7347,36.0233#40.01#28.6#31.39
-90.6793,36.0218#39.85#28.6#31.55
-90.624,36.0204#39.69#28.61#31.7
-90.5686,36.0189#39.53#28.61#31.86
-90.5132,36.0175#39.37#28.61#32.02
-90.4579,36.016#39.23#28.62#32.15
-90.4025,36.0145#39.1#28.63#32.27
-90.3472,36.0129#38.98#28.63#32.39
-90.2918,36.0114#38.85#28.64#32.51
-90.2364,36.0098#38.72#28.65#32.63
-90.1811,36.0082#38.6#28.66#32.74
-90.1257,36.0066#38.47#28.66#32.87
-90.0704,36.005#38.34#28.67#32.99
-90.015,36.0034#38.21#28.68#33.11
-89.9597,36.0017#38.08#28.69#33.23
-89.9044,36.0001#37.94#28.7#33.36
-89.849,35.9984#37.8#28.71#33.49
-89.7937,35.9966#37.66#28.72#33.62
-89.7383,35.9949#37.52#28.73#33.75
-89.683,35.9932#37.38#28.74#33.88
-89.6277,35.9914#37.24#28.75#34.01
-89.5723,35.9896#37.1#28.76#34.14
-89.517,35.9878#36.97#28.77#34.26
-89.4617,35.986#36.81#28.78#34.41
-89.4063,35.9842#36.66#28.79#34.55
-89.351,35.9823#36.5#28.8#34.7
-89.2957,35.9804#36.35#28.81#34.84
-89.2404,35.9785#36.19#28.82#34.99
-89.185,35.9766#36.04#28.83#35.13
-89.1297,35.9747#35.89#28.83#35.28
-89.0744,35.9727#35.74#28.84#35.42
-89.0191,35.9708#35.58#28.85#35.57
-88.9638,35.9688#35.43#28.86#35.71
-88.9085,35.9668#35.27#28.86#35.87
-88.8532,35.9648#35.12#28.86#36.02
-88.7978,35.9627#34.96#28.86#36.18
-88.7425,35.9607#34.81#28.87#36.32
-88.6872,35.9586#34.65#28.87#36.48
-88.6319,35.9565#34.5#28.87#36.63
-88.5766,35.9544#34.34#28.87#36.79
-88.5213,35.9522#34.19#28.88#36.93
-88.466,35.9501#34.02#28.87#37.11
-88.4108,35.9479#33.83#28.86#37.31
-88.3555,35.9457#33.64#28.85#37.51
-88.3002,35.9435#33.46#28.84#37.7
-88.2449,35.9413#33.27#28.83#37.9
-88.1896,35.9391#33.08#28.82#38.1
-88.1343,35.9368#32.9#28.81#38.29
-88.0791,35.9345#32.71#28.8#38.49
-88.0238,35.9322#32.52#28.79#38.69
-87.9685,35.9299#32.32#28.78#38.9
-87.9132,35.9276#32.11#28.78#39.11
-87.858,35.9252#31.9#28.78#39.32
-87.8027,35.9229#31.69#28.78#39.53
-87.7474,35.9205#31.47#28.78#39.75
-87.6922,35.9181#31.26#28.77#39.97
-87.6369,35.9157#31.05#28.77#40.18
-87.5816,35.9132#30.84#28.77#40.39
-87.5264,35.9108#30.63#28.77#40.6
-87.4711,35.9083#30.43#28.78#40.79
-87.4159,35.9058#30.26#28.8#40.94
-87.3606,35.9033#30.09#28.82#41.09
-87.3054,35.9007#29.91#28.84#41.25
-103.583,35.9024#46.93#27.69#25.38
-103.528,35.9052#46.93#27.68#25.39
-103.473,35.908#46.93#27.67#25.4
-103.418,35.9108#46.93#27.67#25.4
-103.362,35.9136#46.93#27.66#25.41
-103.307,35.9163#46.93#27.66#25.41
-103.252,35.9191#46.93#27.65#25.42
-103.197,35.9218#46.93#27.65#25.42
-103.141,35.9245#46.93#27.64#25.43
-103.086,35.9272#46.93#27.64#25.43
-103.031,35.9298#46.93#27.63#25.44
-102.976,35.9325#46.93#27.63#25.44
-102.92,35.9351#46.93#27.62#25.45
-102.865,35.9377#46.93#27.62#25.45
-102.81,35.9403#46.93#27.62#25.45
-102.755,35.9429#46.93#27.62#25.45
-102.699,35.9454#46.93#27.61#25.46
-102.644,35.948#46.93#27.61#25.46
-102.589,35.9505#46.93#27.61#25.46
-102.533,35.953#46.93#27.6#25.47
-102.478,35.9555#46.93#27.6#25.47
-102.423,35.9579#46.93#27.6#25.47
-102.368,35.9604#46.93#27.6#25.47
-102.312,35.9628#46.93#27.6#25.47
-102.257,35.9652#46.93#27.59#25.48
-102.202,35.9676#46.93#27.59#25.48
-102.146,35.9699#46.93#27.59#25.48
-102.091,35.9723#46.93#27.59#25.48
-102.036,35.9746#46.93#27.59#25.48
-101.981,35.9769#46.93#27.59#25.48
-101.925,35.9792#46.93#27.59#25.48
-101.87,35.9815#46.93#27.6#25.47
-101.815,35.9838#46.93#27.6#25.47
-101.759,35.986#46.93#27.61#25.46
-101.704,35.9883#46.93#27.61#25.46
-101.649,35.9905#46.93#27.62#25.45
-101.593,35.9926#46.93#27.62#25.45
-101.538,35.9948#46.93#27.63#25.44
-101.483,35.997#46.93#27.64#25.43
-101.428,35.9991#46.93#27.66#25.41
-101.372,36.0012#46.93#27.68#25.39
-101.317,36.0033#46.93#27.7#25.37
-101.262,36.0054#46.93#27.72#25.35
-101.206,36.0074#46.93#27.74#25.33
-101.151,36.0095#46.93#27.76#25.31
-101.096,36.0115#46.93#27.78#25.29
-101.04,36.0135#46.93#27.8#25.27
-100.985,36.0155#46.93#27.82#25.25
-100.93,36.0175#46.93#27.85#25.22
-100.874,36.0194#46.93#27.88#25.19
-100.819,36.0213#46.93#27.9#25.17
-100.764,36.0233#46.93#27.93#25.14
-100.708,36.0252#46.93#27.96#25.11
-100.653,36.027#46.93#27.98#25.09
-100.597,36.0289#46.93#28.01#25.06
-100.542,36.0307#46.93#28.04#25.03
-100.487,36.0326#46.93#28.06#25.01
-100.431,36.0344#46.93#28.08#24.99
-100.376,36.0361#46.93#28.1#24.97
-100.321,36.0379#46.93#28.12#24.95
-100.265,36.0397#46.93#28.14#24.93
-100.21,36.0414#46.93#28.16#24.91
-100.155,36.0431#46.93#28.17#24.9
-100.099,36.0448#46.93#28.19#24.88
-100.044,36.0465#46.93#28.21#24.86
-99.9885,36.0481#46.93#28.24#24.83
-99.9332,36.0498#46.93#28.31#24.76
-99.8778,36.0514#46.93#28.38#24.69
-99.8224,36.053#46.93#28.45#24.62
-99.767,36.0546#46.93#28.52#24.55
-99.7117,36.0561#46.93#28.6#24.47
-99.6563,36.0577#46.93#28.67#24.4
-99.6009,36.0592#46.93#28.74#24.33
-99.5455,36.0607#46.93#28.81#24.26
-99.4901,36.0622#46.93#28.88#24.19
-99.4347,36.0637#46.93#28.96#24.11
-99.3794,36.0651#46.93#29.03#24.04
-99.324,36.0666#46.93#29.1#23.97
-99.2686,36.068#46.93#29.18#23.89
-99.2132,36.0694#46.93#29.25#23.82
-99.1578,36.0708#46.93#29.33#23.74
-99.1024,36.0722#46.93#29.4#23.67
-99.047,36.0735#46.93#29.47#23.6
-98.9916,36.0748#46.93#29.54#23.53
-98.9362,36.0761#46.93#29.57#23.5
-98.8808,36.0774#46.93#29.6#23.47
-98.8254,36.0787#46.93#29.63#23.44
-98.77,36.08#46.93#29.66#23.41
-98.7146,36.0812#46.93#29.69#23.38
-98.6592,36.0824#46.93#29.72#23.35
-98.6038,36.0836#46.93#29.75#23.32
-98.5484,36.0848#46.93#29.78#23.29
-98.493,36.086#46.93#29.8#23.27
-98.4376,36.0871#46.93#29.72#23.35
-98.3822,36.0882#46.93#29.64#23.43
-98.3268,36.0893#46.93#29.55#23.52
-98.2714,36.0904#46.93#29.47#23.6
-98.2159,36.0915#46.93#29.39#23.68
-98.1605,36.0925#46.93#29.31#23.76
-98.1051,36.0936#46.93#29.23#23.84
-98.0497,36.0946#46.93#29.15#23.92
-97.9943,36.0956#46.93#29.07#24
-97.9389,36.0966#46.93#28.99#24.08
-97.8834,36.0975#46.93#28.91#24.16
-97.828,36.0985#46.93#28.83#24.24
-97.7726,36.0994#46.93#28.75#24.32
-97.7172,36.1003#46.93#28.67#24.4
-97.6618,36.1012#46.93#28.59#24.48
-97.6063,36.1021#46.93#28.51#24.56
-97.5509,36.1029#46.93#28.43#24.64
-97.4955,36.1038#46.93#28.36#24.71
-97.4401,36.1046#46.93#28.35#24.72
-97.3846,36.1054#46.93#28.35#24.72
-97.3292,36.1061#46.93#28.34#24.73
-97.2738,36.1069#46.93#28.34#24.73
-97.2183,36.1077#46.93#28.33#24.74
-97.1629,36.1084#46.93#28.32#24.75
-97.1075,36.1091#46.93#28.32#24.75
-97.0521,36.1098#46.93#28.31#24.76
-96.9966,36.1104#46.93#28.31#24.76
-96.9412,36.1111#46.93#28.32#24.75
-96.8858,36.1117#46.93#28.32#24.75
-96.8303,36.1123#46.93#28.33#24.74
-96.7749,36.1129#46.93#28.34#24.73
-96.7195,36.1135#46.93#28.34#24.73
-96.664,36.1141#46.93#28.35#24.72
-96.6086,36.1146#46.92#28.36#24.72
-96.5531,36.1151#46.92#28.37#24.71
-96.4977,36.1156#46.92#28.37#24.71
-96.4423,36.1161#46.92#28.38#24.7
-96.3868,36.1166#46.92#28.38#24.7
-96.3314,36.117#46.92#28.39#24.69
-96.276,36.1175#46.92#28.39#24.69
-96.2205,36.1179#46.92#28.39#24.69
-96.1651,36.1183#46.92#28.4#24.68
-96.1096,36.1186#46.92#28.4#24.68
-96.0542,36.119#46.92#28.41#24.67
-95.9987,36.1193#46.92#28.41#24.67
-95.9433,36.1197#46.92#28.42#24.66
-95.8879,36.12#46.92#28.42#24.66
-95.8324,36.1202#46.92#28.42#24.66
-95.777,36.1205#46.91#28.43#24.66
-95.7215,36.1208#46.91#28.43#24.66
-95.6661,36.121#46.91#28.43#24.66
-95.6107,36.1212#46.91#28.44#24.65
-95.5552,36.1214#46.91#28.44#24.65
-95.4998,36.1216#46.91#28.45#24.64
-95.4443,36.1217#46.91#28.45#24.64
-95.3889,36.1219#46.9#28.45#24.65
-95.3334,36.122#46.9#28.45#24.65
-95.278,36.1221#46.9#28.45#24.65
-95.2225,36.1222#46.9#28.46#24.64
-95.1671,36.1222#46.89#28.46#24.65
-95.1117,36.1223#46.89#28.46#24.65
-95.0562,36.1223#46.89#28.46#24.65
-95.0008,36.1223#46.88#28.47#24.65
-94.9453,36.1223#46.88#28.47#24.65
-94.8899,36.1223#46.87#28.47#24.66
-94.8344,36.1222#46.87#28.47#24.66
-94.779,36.1222#46.86#28.47#24.67
-94.7235,36.1221#46.85#28.48#24.67
-94.6681,36.122#46.85#28.48#24.67
-94.6127,36.1219#46.84#28.48#24.68
-94.5572,36.1217#46.84#28.48#24.68
-94.5018,36.1216#46.83#28.48#24.69
-94.4463,36.1214#46.81#28.48#24.71
-94.3909,36.1212#46.79#28.48#24.73
-94.3354,36.121#46.77#28.49#24.74
-94.28,36.1208#46.75#28.49#24.76
-94.2246,36.1205#46.73#28.49#24.78
-94.1691,36.1203#46.7#28.49#24.81
-94.1137,36.12#46.68#28.49#24.83
-94.0582,36.1197#46.66#28.49#24.85
-94.0028,36.1193#46.64#28.49#24.87
-93.9473,36.119#46.6#28.5#24.9
-93.8919,36.1187#46.56#28.5#24.94
-93.8365,36.1183#46.52#28.5#24.98
-93.781,36.1179#46.48#28.5#25.02
-93.7256,36.1175#46.43#28.5#25.07
-93.6701,36.117#46.39#28.5#25.11
-93.6147,36.1166#46.35#28.5#25.15
-93.5593,36.1161#46.31#28.5#25.19
-93.5038,36.1156#46.27#28.5#25.23
-93.4484,36.1151#46.2#28.51#25.29
-93.3929,36.1146#46.13#28.51#25.36
-93.3375,36.1141#46.06#28.51#25.43
-93.2821,36.1135#45.99#28.51#25.5
-93.2266,36.1129#45.92#28.51#25.57
-93.1712,36.1123#45.85#28.51#25.64
-93.1158,36.1117#45.78#28.51#25.71
-93.0603,36.1111#45.71#28.51#25.78
-93.0049,36.1105#45.64#28.51#25.85
-92.9495,36.1098#45.54#28.52#25.94
-92.894,36.1091#45.45#28.52#26.03
-92.8386,36.1084#45.35#28.52#26.13
-92.7832,36.1077#45.25#28.52#26.23
-92.7278,36.1069#45.16#28.52#26.32
-92.6723,36.1062#45.06#28.52#26.42
-92.6169,36.1054#44.96#28.52#26.52
-92.5615,36.1046#44.86#28.52#26.62
-92.506,36.1038#44.77#28.53#26.7
-92.4506,36.1029#44.65#28.53#26.82
-92.3952,36.1021#44.54#28.53#26.93
-92.3398,36.1012#44.43#28.53#27.04
-92.2843,36.1003#44.32#28.53#27.15
-92.2289,36.0994#44.2#28.53#27.27
-92.1735,36.0985#44.09#28.53#27.38
-92.1181,36.0976#43.98#28.54#27.48
-92.0627,36.0966#43.86#28.54#27.6
-92.0072,36.0956#43.75#28.54#27.71
-91.9518,36.0946#43.62#28.54#27.84
-91.8964,36.0936#43.49#28.54#27.97
-91.841,36.0926#43.37#28.54#28.09
-91.7856,36.0915#43.24#28.54#28.22
-91.7302,36.0905#43.11#28.55#28.34
-91.6748,36.0894#42.98#28.55#28.47
-91.6194,36.0883#42.85#28.55#28.6
-91.5639,36.0871#42.72#28.55#28.73
-91.5085,36.086#42.58#28.55#28.87
-91.4531,36.0848#42.42#28.56#29.02
-91.3977,36.0836#42.24#28.56#29.2
-91.3423,36.0824#42.06#28.56#29.38
-91.2869,36.0812#41.89#28.56#29.55
-91.2315,36.08#41.71#28.56#29.73
-91.1761,36.0787#41.54#28.56#29.9
-91.1207,36.0775#41.36#28.57#30.07
-91.0653,36.0762#41.18#28.57#30.25
-91.0099,36.0749#41.01#28.57#30.42
-90.9545,36.0735#40.84#28.57#30.59
-90.8991,36.0722#40.67#28.58#30.75
-90.8437,36.0708#40.5#28.58#30.92
-90.7883,36.0694#40.33#28.58#31.09
-90.7329,36.068#40.16#28.58#31.26
-90.6776,36.0666#39.99#28.59#31.42
-90.6222,36.0652#39.82#28.59#31.59
-90.5668,36.0637#39.66#28.59#31.75
-90.5114,36.0623#39.49#28.59#31.92
-90.456,36.0608#39.35#28.6#32.05
-90.4006,36.0593#39.23#28.61#32.16
-90.3453,36.0577#39.1#28.61#32.29
-90.2899,36.0562#38.97#28.62#32.41
-90.2345,36.0546#38.84#28.63#32.53
-90.1791,36.053#38.71#28.64#32.65
-90.1238,36.0514#38.59#28.64#32.77
-90.0684,36.0498#38.46#28.65#32.89
-90.013,36.0482#38.33#28.66#33.01
-89.9576,36.0465#38.19#28.67#33.14
-89.9023,36.0448#38.05#28.68#33.27
-89.8469,36.0431#37.92#28.69#33.39
-89.7915,36.0414#37.78#28.7#33.52
-89.7362,36.0397#37.64#28.71#33.65
-89.6808,36.038#37.5#28.72#33.78
-89.6255,36.0362#37.36#28.73#33.91
-89.5701,36.0344#37.22#28.74#34.04
-89.5148,36.0326#37.08#28.75#34.17
-89.4594,36.0308#36.92#28.76#34.32
-89.404,36.0289#36.76#28.77#34.47
-89.3487,36.0271#36.59#28.78#34.63
-89.2934,36.0252#36.43#28.79#34.78
-89.238,36.0233#36.27#28.79#34.94
-89.1827,36.0214#36.11#28.8#35.09
-89.1273,36.0195#35.94#28.81#35.25
-89.072,36.0175#35.78#28.82#35.4
-89.0166,36.0156#35.62#28.83#35.55
-88.9613,36.0136#35.46#28.83#35.71
-88.906,36.0116#35.3#28.84#35.86
-88.8506,36.0095#35.14#28.84#36.02
-88.7953,36.0075#34.98#28.84#36.18
-88.74,36.0054#34.82#28.85#36.33
-88.6847,36.0034#34.66#28.85#36.49
-88.6293,36.0013#34.5#28.85#36.65
-88.574,35.9992#34.34#28.86#36.8
-88.5187,35.997#34.18#28.86#36.96
-88.4634,35.9949#34#28.86#37.14
-88.4081,35.9927#33.82#28.85#37.33
-88.3528,35.9905#33.63#28.84#37.53
-88.2974,35.9883#33.44#28.83#37.73
-88.2421,35.9861#33.26#28.82#37.92
-88.1868,35.9838#33.07#28.81#38.12
-88.1315,35.9816#32.88#28.8#38.32
-88.0762,35.9793#32.7#28.79#38.51
-88.0209,35.977#32.51#28.78#38.71
-87.9656,35.9747#32.31#28.78#38.91
-87.9103,35.9724#32.1#28.77#39.13
-87.855,35.97#31.88#28.77#39.35
-87.7998,35.9676#31.67#28.77#39.56
-87.7445,35.9653#31.46#28.76#39.78
-87.6892,35.9628#31.25#28.76#39.99
-87.6339,35.9604#31.04#28.76#40.2
-87.5786,35.958#30.83#28.75#40.42
-87.5233,35.9555#30.61#28.75#40.64
-87.4681,35.953#30.42#28.76#40.82
-87.4128,35.9505#30.25#28.78#40.97
-87.3575,35.948#30.07#28.79#41.14
-87.3023,35.9455#29.89#28.81#41.3
-87.247,35.9429#29.72#28.83#41.45
-87.1917,35.9404#29.54#28.85#41.61
-87.1365,35.9378#29.37#28.87#41.76
-87.0812,35.9352#29.2#28.88#41.92
-87.026,35.9326#29.02#28.9#42.08
-86.9707,35.9299#28.88#28.93#42.19
-86.9155,35.9272#28.76#28.97#42.27
-86.8602,35.9246#28.64#29.01#42.35
-86.805,35.9219#28.52#29.05#42.43
-86.7497,35.9191#28.4#29.09#42.51
