-97.0822,25.9002#27.79#44.61#27.6
-97.0314,25.9009#27.78#44.95#27.27
-96.9806,25.9016#27.77#45.17#27.06
-96.9299,25.9022#27.76#45.19#27.05
-96.8791,25.9029#27.75#45.21#27.04
-96.8283,25.9035#27.75#45.23#27.02
-96.7776,25.9041#27.74#45.25#27.01
-96.7268,25.9047#27.73#45.27#27
-96.6761,25.9053#27.73#45.29#26.98
-96.6253,25.9058#27.72#45.31#26.97
-96.5745,25.9064#27.72#45.33#26.95
-96.5238,25.9069#27.71#45.35#26.94
-96.473,25.9074#27.7#45.4#26.9
-96.4222,25.9079#27.7#45.45#26.85
-96.3715,25.9084#27.7#45.51#26.79
-96.3207,25.9088#27.69#45.57#26.74
-96.2699,25.9092#27.69#45.63#26.68
-96.2192,25.9097#27.69#45.68#26.63
-96.1684,25.9101#27.69#45.74#26.57
-96.1176,25.9105#27.68#45.8#26.52
-96.0669,25.9108#27.68#45.86#26.46
-96.0161,25.9112#27.68#45.91#26.41
-95.9653,25.9115#27.67#45.95#26.38
-95.9146,25.9118#27.67#45.98#26.35
-95.8638,25.9121#27.67#46.01#26.32
-95.813,25.9124#27.67#46.04#26.29
-95.7623,25.9127#27.67#46.07#26.26
-95.7115,25.9129#27.67#46.1#26.23
-95.6607,25.9131#27.66#46.13#26.21
-95.6099,25.9134#27.66#46.16#26.18
-95.5592,25.9136#27.66#46.19#26.15
-95.5084,25.9137#27.66#46.22#26.12
-95.4576,25.9139#27.66#46.25#26.09
-95.4069,25.914#27.66#46.27#26.07
-95.3561,25.9142#27.66#46.29#26.05
-95.3053,25.9143#27.66#46.32#26.02
-95.2546,25.9144#27.65#46.34#26.01
-95.2038,25.9145#27.65#46.37#25.98
-95.153,25.9145#27.65#46.39#25.96
-95.1022,25.9146#27.65#46.42#25.93
-95.0515,25.9146#27.65#46.44#25.91
-95.0007,25.9146#27.65#46.46#25.89
-94.9499,25.9146#27.65#46.48#25.87
-94.8992,25.9146#27.65#46.49#25.86
-94.8484,25.9145#27.65#46.51#25.84
-94.7976,25.9145#27.65#46.52#25.83
-94.7468,25.9144#27.65#46.54#25.81
-94.6961,25.9143#27.64#46.55#25.81
-94.6453,25.9142#27.64#46.57#25.79
-94.5945,25.914#27.64#46.58#25.78
-94.5438,25.9139#27.64#46.6#25.76
-94.493,25.9137#27.64#46.61#25.75
-94.4422,25.9136#27.64#46.62#25.74
-94.3915,25.9134#27.64#46.62#25.74
-94.3407,25.9132#27.64#46.63#25.73
-94.2899,25.9129#27.64#46.64#25.72
-94.2391,25.9127#27.64#46.64#25.72
-94.1884,25.9124#27.64#46.65#25.71
-94.1376,25.9121#27.64#46.66#25.7
-94.0868,25.9118#27.64#46.66#25.7
-94.0361,25.9115#27.64#46.67#25.69
-93.9853,25.9112#27.64#46.67#25.69
-93.9345,25.9108#27.63#46.67#25.7
-93.8838,25.9105#27.63#46.67#25.7
-93.833,25.9101#27.63#46.68#25.69
-93.7822,25.9097#27.63#46.68#25.69
-93.7315,25.9093#27.63#46.68#25.69
-93.6807,25.9088#27.63#46.68#25.69
-93.6299,25.9084#27.63#46.68#25.69
-93.5792,25.9079#27.63#46.68#25.69
-93.5284,25.9074#27.63#46.68#25.69
-93.4776,25.9069#27.63#46.68#25.69
-93.4269,25.9064#27.63#46.68#25.69
-93.3761,25.9058#27.63#46.68#25.69
-93.3253,25.9053#27.63#46.68#25.69
-93.2746,25.9047#27.63#46.68#25.69
-93.2238,25.9041#27.62#46.68#25.7
-93.1731,25.9035#27.62#46.68#25.7
-93.1223,25.9029#27.62#46.68#25.7
-93.0715,25.9023#27.62#46.67#25.71
-93.0208,25.9016#27.62#46.67#25.71
-92.97,25.9009#27.62#46.67#25.71
-92.9193,25.9002#27.62#46.67#25.71
-99.2149,25.9013#28.58#32.77#38.65
-99.1642,25.9028#28.58#32.91#38.51
-99.1134,25.9041#28.58#33.04#38.38
-99.0627,25.9055#28.57#33.18#38.25
-99.0119,25.9069#28.57#33.31#38.12
-98.9612,25.9082#28.55#33.51#37.94
-98.9105,25.9096#28.54#33.73#37.73
-98.8597,25.9109#28.53#33.94#37.53
-98.809,25.9122#28.51#34.16#37.33
-98.7582,25.9134#28.5#34.37#37.13
-98.7075,25.9147#28.48#34.59#36.93
-98.6567,25.9159#28.47#34.81#36.72
-98.6059,25.9171#28.45#35.02#36.53
-98.5552,25.9184#28.44#35.24#36.32
-98.5044,25.9195#28.42#35.45#36.13
-98.4537,25.9207#28.4#35.71#35.89
-98.4029,25.9219#28.38#35.97#35.65
-98.3522,25.923#28.35#36.23#35.42
-98.3014,25.9241#28.33#36.49#35.18
-98.2506,25.9252#28.31#36.75#34.94
-98.1999,25.9263#28.28#37.02#34.7
-98.1491,25.9274#28.26#37.28#34.46
-98.0984,25.9284#28.24#37.54#34.22
-98.0476,25.9295#28.21#37.8#33.99
-97.9968,25.9305#28.19#38.07#33.74
-97.9461,25.9315#28.16#38.45#33.39
-97.8953,25.9325#28.14#38.82#33.04
-97.8445,25.9334#28.11#39.19#32.7
-97.7938,25.9344#28.09#39.57#32.34
-97.743,25.9353#28.06#39.94#32
-97.6922,25.9362#28.04#40.31#31.65
-97.6415,25.9371#28.01#40.68#31.31
-97.5907,25.938#27.98#41.05#30.97
-97.5399,25.9389#27.96#41.42#30.62
-97.4891,25.9397#27.94#41.78#30.28
-97.4384,25.9406#27.92#42.12#29.96
-97.3876,25.9414#27.9#42.45#29.65
-97.3368,25.9422#27.89#42.78#29.33
-97.286,25.9429#27.87#43.12#29.01
-97.2353,25.9437#27.86#43.45#28.69
-97.1845,25.9445#27.84#43.78#28.38
-97.1337,25.9452#27.83#44.11#28.06
-97.0829,25.9459#27.81#44.44#27.75
-97.0322,25.9466#27.79#44.78#27.43
-96.9814,25.9473#27.78#45#27.22
-96.9306,25.9479#27.77#45.03#27.2
-96.8798,25.9486#27.77#45.07#27.16
-96.829,25.9492#27.76#45.1#27.14
-96.7783,25.9498#27.75#45.14#27.11
-96.7275,25.9504#27.75#45.17#27.08
-96.6767,25.951#27.74#45.21#27.05
-96.6259,25.9515#27.73#45.24#27.03
-96.5751,25.952#27.73#45.28#26.99
-96.5243,25.9526#27.72#45.32#26.96
-96.4736,25.9531#27.71#45.36#26.93
-96.4228,25.9536#27.71#45.42#26.87
-96.372,25.954#27.71#45.47#26.82
-96.3212,25.9545#27.7#45.53#26.77
-96.2704,25.9549#27.7#45.58#26.72
-96.2196,25.9553#27.7#45.63#26.67
-96.1688,25.9557#27.69#45.69#26.62
-96.1181,25.9561#27.69#45.74#26.57
-96.0673,25.9565#27.69#45.79#26.52
-96.0165,25.9569#27.68#45.85#26.47
-95.9657,25.9572#27.68#45.89#26.43
-95.9149,25.9575#27.68#45.92#26.4
-95.8641,25.9578#27.68#45.95#26.37
-95.8133,25.9581#27.67#45.99#26.34
-95.7625,25.9583#27.67#46.02#26.31
-95.7118,25.9586#27.67#46.06#26.27
-95.661,25.9588#27.67#46.09#26.24
-95.6102,25.959#27.67#46.12#26.21
-95.5594,25.9592#27.67#46.16#26.17
-95.5086,25.9594#27.66#46.19#26.15
-95.4578,25.9596#27.66#46.22#26.12
-95.407,25.9597#27.66#46.25#26.09
-95.3562,25.9599#27.66#46.27#26.07
-95.3054,25.96#27.66#46.3#26.04
-95.2547,25.9601#27.66#46.32#26.02
-95.2039,25.9601#27.66#46.35#25.99
-95.1531,25.9602#27.66#46.38#25.96
-95.1023,25.9602#27.66#46.4#25.94
-95.0515,25.9603#27.66#46.43#25.91
-95.0007,25.9603#27.65#46.45#25.9
-94.9499,25.9603#27.65#46.47#25.88
-94.8991,25.9602#27.65#46.49#25.86
-94.8483,25.9602#27.65#46.5#25.85
-94.7975,25.9601#27.65#46.52#25.83
-94.7468,25.9601#27.65#46.53#25.82
-94.696,25.96#27.65#46.55#25.8
-94.6452,25.9599#27.65#46.57#25.78
-94.5944,25.9597#27.65#46.58#25.77
-94.5436,25.9596#27.65#46.6#25.75
-94.4928,25.9594#27.65#46.61#25.74
-94.442,25.9592#27.65#46.62#25.73
-94.3912,25.959#27.65#46.63#25.72
-94.3404,25.9588#27.64#46.63#25.73
-94.2896,25.9586#27.64#46.64#25.72
-94.2389,25.9584#27.64#46.65#25.71
-94.1881,25.9581#27.64#46.65#25.71
-94.1373,25.9578#27.64#46.66#25.7
-94.0865,25.9575#27.64#46.67#25.69
-94.0357,25.9572#27.64#46.68#25.68
-93.9849,25.9569#27.64#46.68#25.68
-93.9341,25.9565#27.64#46.68#25.68
-93.8833,25.9561#27.64#46.68#25.68
-93.8326,25.9558#27.64#46.69#25.67
-93.7818,25.9554#27.64#46.69#25.67
-93.731,25.9549#27.64#46.69#25.67
-93.6802,25.9545#27.64#46.69#25.67
-93.6294,25.954#27.63#46.69#25.68
-93.5786,25.9536#27.63#46.69#25.68
-93.5278,25.9531#27.63#46.7#25.67
-93.4771,25.9526#27.63#46.7#25.67
-93.4263,25.9521#27.63#46.7#25.67
-93.3755,25.9515#27.63#46.7#25.67
-93.3247,25.951#27.63#46.69#25.68
-93.2739,25.9504#27.63#46.69#25.68
-93.2232,25.9498#27.63#46.69#25.68
-93.1724,25.9492#27.63#46.69#25.68
-93.1216,25.9486#27.63#46.69#25.68
-93.0708,25.9479#27.63#46.69#25.68
-93.02,25.9473#27.63#46.69#25.68
-92.9693,25.9466#27.63#46.69#25.68
-92.9185,25.9459#27.62#46.68#25.7
-92.8677,25.9452#27.62#46.68#25.7
-92.8169,25.9445#27.62#46.68#25.7
-92.7661,25.9437#27.62#46.68#25.7
-92.7154,25.943#27.62#46.67#25.71
-92.6646,25.9422#27.62#46.67#25.71
-92.6138,25.9414#27.62#46.67#25.71
-92.563,25.9406#27.62#46.66#25.72
-92.5123,25.9398#27.62#46.66#25.72
-92.4615,25.9389#27.62#46.66#25.72
-92.4107,25.938#27.62#46.65#25.73
-92.36,25.9372#27.62#46.65#25.73
-92.3092,25.9363#27.62#46.64#25.74
-92.2584,25.9353#27.62#46.64#25.74
-92.2076,25.9344#27.61#46.63#25.76
-92.1569,25.9335#27.61#46.63#25.76
-92.1061,25.9325#27.61#46.62#25.77
-92.0553,25.9315#27.61#46.62#25.77
-92.0046,25.9305#27.61#46.61#25.78
-91.9538,25.9295#27.61#46.6#25.79
-91.903,25.9285#27.61#46.6#25.79
-91.8523,25.9274#27.61#46.59#25.8
-91.8015,25.9263#27.61#46.58#25.81
-91.7508,25.9253#27.61#46.57#25.82
-91.7,25.9242#27.61#46.56#25.83
-91.6492,25.923#27.61#46.56#25.83
-91.5985,25.9219#27.61#46.55#25.84
-91.5477,25.9207#27.61#46.54#25.85
-91.497,25.9196#27.61#46.53#25.86
-91.4462,25.9184#27.61#46.52#25.87
-91.3955,25.9172#27.6#46.51#25.89
-91.3447,25.916#27.6#46.5#25.9
-91.294,25.9147#27.6#46.49#25.91
-91.2432,25.9135#27.6#46.48#25.92
-91.1924,25.9122#27.6#46.47#25.93
-91.1417,25.9109#27.6#46.46#25.94
-91.091,25.9096#27.6#46.45#25.95
-91.0402,25.9083#27.6#46.44#25.96
-90.9895,25.9069#27.6#46.43#25.97
-90.9387,25.9056#27.6#46.42#25.98
-90.888,25.9042#27.6#46.4#26
-90.8372,25.9028#27.6#46.39#26.01
-90.7865,25.9014#27.6#46.38#26.02
-90.7357,25.9#27.6#46.37#26.03
-100.637,25.9005#28.32#29.54#42.14
-100.587,25.9024#28.35#29.58#42.07
-100.536,25.9043#28.37#29.62#42.01
-100.485,25.9062#28.39#29.68#41.93
-100.434,25.908#28.41#29.79#41.8
-100.384,25.9098#28.43#29.91#41.66
-100.333,25.9116#28.44#30.02#41.54
-100.282,25.9134#28.46#30.14#41.4
-100.231,25.9152#28.48#30.25#41.27
-100.181,25.9169#28.49#30.37#41.14
-100.13,25.9187#28.51#30.48#41.01
-100.079,25.9204#28.53#30.6#40.87
-100.028,25.9221#28.54#30.71#40.75
-99.9778,25.9238#28.56#30.83#40.61
-99.927,25.9254#28.56#30.96#40.48
-99.8763,25.9271#28.57#31.08#40.35
-99.8255,25.9287#28.57#31.21#40.22
-99.7748,25.9303#28.58#31.34#40.08
-99.724,25.9319#28.58#31.47#39.95
-99.6733,25.9335#28.59#31.59#39.82
-99.6225,25.9351#28.6#31.72#39.68
-99.5718,25.9366#28.6#31.85#39.55
-99.521,25.9382#28.61#31.98#39.41
-99.4703,25.9397#28.61#32.11#39.28
-99.4195,25.9412#28.61#32.24#39.15
-99.3688,25.9427#28.6#32.37#39.03
-99.318,25.9441#28.6#32.5#38.9
-99.2673,25.9456#28.59#32.63#38.78
-99.2165,25.947#28.59#32.76#38.65
-99.1657,25.9484#28.59#32.89#38.52
-99.115,25.9498#28.58#33.02#38.4
-99.0642,25.9512#28.58#33.15#38.27
-99.0134,25.9525#28.58#33.27#38.15
-98.9627,25.9539#28.57#33.47#37.96
-98.9119,25.9552#28.55#33.68#37.77
-98.8611,25.9565#28.54#33.9#37.56
-98.8104,25.9578#28.52#34.12#37.36
-98.7596,25.9591#28.51#34.34#37.15
-98.7088,25.9603#28.5#34.55#36.95
-98.6581,25.9616#28.48#34.77#36.75
-98.6073,25.9628#28.47#34.99#36.54
-98.5565,25.964#28.46#35.21#36.33
-98.5057,25.9652#28.44#35.42#36.14
-98.455,25.9664#28.42#35.68#35.9
-98.4042,25.9675#28.4#35.95#35.65
-98.3534,25.9687#28.37#36.21#35.42
-98.3026,25.9698#28.35#36.48#35.17
-98.2519,25.9709#28.33#36.75#34.92
-98.2011,25.972#28.31#37.01#34.68
-98.1503,25.9731#28.28#37.28#34.44
-98.0995,25.9741#28.26#37.54#34.2
-98.0487,25.9751#28.24#37.81#33.95
-97.998,25.9762#28.22#38.08#33.7
-97.9472,25.9772#28.19#38.44#33.37
-97.8964,25.9781#28.17#38.8#33.03
-97.8456,25.9791#28.14#39.16#32.7
-97.7948,25.9801#28.11#39.52#32.37
-97.744,25.981#28.09#39.88#32.03
-97.6932,25.9819#28.06#40.24#31.7
-97.6424,25.9828#28.04#40.6#31.36
-97.5917,25.9837#28.01#40.96#31.03
-97.5409,25.9846#27.99#41.32#30.69
-97.4901,25.9854#27.96#41.67#30.37
-97.4393,25.9862#27.95#41.99#30.06
-97.3885,25.987#27.93#42.32#29.75
-97.3377,25.9878#27.91#42.65#29.44
-97.2869,25.9886#27.9#42.97#29.13
-97.2361,25.9894#27.88#43.3#28.82
-97.1853,25.9901#27.86#43.62#28.52
-97.1345,25.9909#27.85#43.95#28.2
-97.0837,25.9916#27.83#44.27#27.9
-97.0329,25.9923#27.81#44.6#27.59
-96.9821,25.9929#27.8#44.83#27.37
-96.9313,25.9936#27.79#44.88#27.33
-96.8805,25.9942#27.78#44.93#27.29
-96.8297,25.9949#27.77#44.97#27.26
-96.7789,25.9955#27.77#45.02#27.21
-96.7281,25.9961#27.76#45.08#27.16
-96.6773,25.9966#27.75#45.13#27.12
-96.6265,25.9972#27.74#45.18#27.08
-96.5757,25.9977#27.74#45.23#27.03
-96.5249,25.9983#27.73#45.28#26.99
-96.4741,25.9988#27.72#45.33#26.95
-96.4233,25.9992#27.72#45.38#26.9
-96.3725,25.9997#27.71#45.43#26.86
-96.3217,26.0002#27.71#45.48#26.81
-96.2709,26.0006#27.71#45.53#26.76
-96.2201,26.001#27.7#45.58#26.72
-96.1693,26.0014#27.7#45.63#26.67
-96.1185,26.0018#27.7#45.68#26.62
-96.0677,26.0022#27.69#45.73#26.58
-96.0169,26.0025#27.69#45.78#26.53
-95.9661,26.0029#27.69#45.82#26.49
-95.9153,26.0032#27.68#45.86#26.46
-95.8644,26.0035#27.68#45.9#26.42
-95.8136,26.0038#27.68#45.93#26.39
-95.7628,26.004#27.68#45.97#26.35
-95.712,26.0043#27.68#46.01#26.31
-95.6612,26.0045#27.68#46.05#26.27
-95.6104,26.0047#27.67#46.09#26.24
-95.5596,26.0049#27.67#46.13#26.2
-95.5088,26.0051#27.67#46.17#26.16
-95.458,26.0053#27.67#46.2#26.13
-95.4072,26.0054#27.67#46.22#26.11
-95.3564,26.0055#27.67#46.25#26.08
-95.3056,26.0056#27.67#46.28#26.05
-95.2547,26.0057#27.66#46.31#26.03
-95.2039,26.0058#27.66#46.33#26.01
-95.1531,26.0059#27.66#46.36#25.98
-95.1023,26.0059#27.66#46.39#25.95
-95.0515,26.0059#27.66#46.42#25.92
-95.0007,26.006#27.66#46.44#25.9
-94.9499,26.0059#27.66#46.46#25.88
-94.8991,26.0059#27.66#46.48#25.86
-94.8483,26.0059#27.66#46.5#25.84
-94.7975,26.0058#27.66#46.51#25.83
-94.7467,26.0057#27.65#46.53#25.82
-94.6958,26.0057#27.65#46.55#25.8
-94.645,26.0055#27.65#46.56#25.79
-94.5942,26.0054#27.65#46.58#25.77
-94.5434,26.0053#27.65#46.6#25.75
-94.4926,26.0051#27.65#46.62#25.73
-94.4418,26.0049#27.65#46.62#25.73
-94.391,26.0047#27.65#46.63#25.72
-94.3402,26.0045#27.65#46.64#25.71
-94.2894,26.0043#27.65#46.65#25.7
-94.2386,26.004#27.65#46.65#25.7
-94.1878,26.0038#27.65#46.66#25.69
-94.137,26.0035#27.65#46.67#25.68
-94.0862,26.0032#27.65#46.68#25.67
-94.0353,26.0029#27.64#46.68#25.68
-93.9845,26.0025#27.64#46.69#25.67
-93.9337,26.0022#27.64#46.69#25.67
-93.8829,26.0018#27.64#46.69#25.67
-93.8321,26.0014#27.64#46.7#25.66
-93.7813,26.001#27.64#46.7#25.66
-93.7305,26.0006#27.64#46.7#25.66
-93.6797,26.0002#27.64#46.7#25.66
-93.6289,25.9997#27.64#46.7#25.66
-93.5781,25.9993#27.64#46.71#25.65
-93.5273,25.9988#27.64#46.71#25.65
-93.4765,25.9983#27.64#46.71#25.65
-93.4257,25.9977#27.64#46.71#25.65
-93.3749,25.9972#27.64#46.71#25.65
-93.3241,25.9966#27.63#46.71#25.66
-93.2733,25.9961#27.63#46.71#25.66
-93.2225,25.9955#27.63#46.71#25.66
-93.1717,25.9949#27.63#46.71#25.66
-93.1209,25.9943#27.63#46.71#25.66
-93.0701,25.9936#27.63#46.71#25.66
-93.0193,25.993#27.63#46.71#25.66
-92.9685,25.9923#27.63#46.7#25.67
-92.9177,25.9916#27.63#46.7#25.67
-92.8669,25.9909#27.63#46.7#25.67
-92.8161,25.9901#27.63#46.7#25.67
-92.7653,25.9894#27.63#46.69#25.68
-92.7145,25.9886#27.63#46.69#25.68
-92.6637,25.9879#27.63#46.69#25.68
-92.6129,25.9871#27.62#46.69#25.69
-92.5621,25.9863#27.62#46.68#25.7
-92.5113,25.9854#27.62#46.68#25.7
-92.4605,25.9846#27.62#46.68#25.7
-92.4098,25.9837#27.62#46.67#25.71
-92.359,25.9828#27.62#46.67#25.71
-92.3082,25.9819#27.62#46.66#25.72
-92.2574,25.981#27.62#46.66#25.72
-92.2066,25.9801#27.62#46.65#25.73
-92.1558,25.9791#27.62#46.65#25.73
-92.105,25.9782#27.62#46.64#25.74
-92.0542,25.9772#27.62#46.64#25.74
-92.0035,25.9762#27.62#46.64#25.74
-91.9527,25.9752#27.62#46.63#25.75
-91.9019,25.9741#27.62#46.62#25.76
-91.8511,25.9731#27.61#46.61#25.78
-91.8003,25.972#27.61#46.61#25.78
-91.7495,25.9709#27.61#46.6#25.79
-91.6988,25.9698#27.61#46.59#25.8
-91.648,25.9687#27.61#46.58#25.81
-91.5972,25.9676#27.61#46.58#25.81
-91.5464,25.9664#27.61#46.57#25.82
-91.4957,25.9652#27.61#46.56#25.83
-91.4449,25.9641#27.61#46.55#25.84
-91.3941,25.9628#27.61#46.54#25.85
-91.3433,25.9616#27.61#46.53#25.86
-91.2926,25.9604#27.61#46.52#25.87
-91.2418,25.9591#27.61#46.51#25.88
-91.191,25.9579#27.61#46.5#25.89
-91.1403,25.9566#27.61#46.49#25.9
-91.0895,25.9553#27.61#46.49#25.9
-91.0387,25.9539#27.61#46.48#25.91
-90.988,25.9526#27.6#46.46#25.94
-90.9372,25.9512#27.6#46.45#25.95
-90.8864,25.9498#27.6#46.44#25.96
-90.8357,25.9485#27.6#46.43#25.97
-90.7849,25.947#27.6#46.42#25.98
-90.7341,25.9456#27.6#46.41#25.99
-90.6834,25.9442#27.6#46.4#26
-90.6326,25.9427#27.6#46.39#26.01
-90.5819,25.9412#27.6#46.38#26.02
-90.5311,25.9397#27.6#46.36#26.04
-90.4804,25.9382#27.62#46.35#26.03
-90.4296,25.9367#27.69#46.34#25.97
-90.3789,25.9351#27.75#46.32#25.93
-90.3281,25.9336#27.82#46.31#25.87
-90.2774,25.932#27.88#46.3#25.82
-90.2266,25.9304#27.95#46.28#25.77
-90.1759,25.9288#28.01#46.27#25.72
-90.1251,25.9271#28.08#46.25#25.67
-90.0744,25.9255#28.14#46.24#25.62
-90.0236,25.9238#28.21#46.22#25.57
-89.9729,25.9221#28.27#46.21#25.52
-89.9222,25.9204#28.34#46.19#25.47
-89.8714,25.9187#28.41#46.16#25.43
-89.8207,25.917#28.47#46.14#25.39
-89.77,25.9152#28.54#46.12#25.34
-89.7192,25.9135#28.6#46.1#25.3
-89.6685,25.9117#28.67#46.08#25.25
-89.6178,25.9099#28.74#46.06#25.2
-89.567,25.9081#28.8#46.04#25.16
-89.5163,25.9062#28.87#46.02#25.11
-89.4656,25.9044#28.9#45.99#25.11
-89.4149,25.9025#28.93#45.97#25.1
-89.3641,25.9006#28.95#45.94#25.11
-101.755,25.9003#27.93#29.18#42.89
-101.705,25.9025#27.94#29.19#42.87
-101.654,25.9048#27.95#29.19#42.86
-101.603,25.907#27.96#29.2#42.84
-101.552,25.9092#27.97#29.21#42.82
-101.502,25.9114#27.99#29.21#42.8
-101.451,25.9136#28#29.22#42.78
-101.4,25.9158#28.01#29.23#42.76
-101.35,25.9179#28.03#29.23#42.74
-101.299,25.9201#28.04#29.24#42.72
-101.248,25.9222#28.06#29.25#42.69
-101.197,25.9243#28.07#29.25#42.68
-101.147,25.9263#28.09#29.26#42.65
-101.096,25.9284#28.1#29.27#42.63
-101.045,25.9305#28.12#29.27#42.61
-100.995,25.9325#28.13#29.28#42.59
-100.944,25.9345#28.16#29.32#42.52
-100.893,25.9365#28.18#29.36#42.46
-100.842,25.9385#28.21#29.4#42.39
-100.792,25.9404#28.23#29.44#42.33
-100.741,25.9424#28.26#29.48#42.26
-100.69,25.9443#28.28#29.52#42.2
-100.639,25.9462#28.3#29.55#42.15
-100.589,25.9481#28.33#29.59#42.08
-100.538,25.95#28.35#29.63#42.02
-100.487,25.9518#28.37#29.69#41.94
-100.436,25.9536#28.39#29.81#41.8
-100.386,25.9555#28.41#29.92#41.67
-100.335,25.9573#28.43#30.04#41.53
-100.284,25.9591#28.44#30.15#41.41
-100.233,25.9608#28.46#30.27#41.27
-100.183,25.9626#28.48#30.38#41.14
-100.132,25.9643#28.5#30.49#41.01
-100.081,25.966#28.52#30.61#40.87
-100.03,25.9677#28.53#30.72#40.75
-99.9796,25.9694#28.55#30.84#40.61
-99.9289,25.9711#28.55#30.97#40.48
-99.8781,25.9728#28.56#31.1#40.34
-99.8273,25.9744#28.57#31.23#40.2
-99.7766,25.976#28.57#31.36#40.07
-99.7258,25.9776#28.58#31.49#39.93
-99.675,25.9792#28.59#31.62#39.79
-99.6243,25.9808#28.6#31.75#39.65
-99.5735,25.9823#28.6#31.88#39.52
-99.5227,25.9838#28.61#32.01#39.38
-99.472,25.9853#28.61#32.14#39.25
-99.4212,25.9868#28.61#32.26#39.13
-99.3704,25.9883#28.61#32.38#39.01
-99.3196,25.9898#28.6#32.51#38.89
-99.2689,25.9912#28.6#32.63#38.77
-99.2181,25.9927#28.6#32.75#38.65
-99.1673,25.9941#28.59#32.87#38.54
-99.1165,25.9955#28.59#32.99#38.42
-99.0657,25.9968#28.59#33.11#38.3
-99.015,25.9982#28.59#33.23#38.18
-98.9642,25.9996#28.58#33.42#38
-98.9134,26.0009#28.56#33.64#37.8
-98.8626,26.0022#28.55#33.86#37.59
-98.8118,26.0035#28.54#34.08#37.38
-98.761,26.0048#28.52#34.3#37.18
-98.7102,26.006#28.51#34.52#36.97
-98.6594,26.0073#28.5#34.73#36.77
-98.6086,26.0085#28.49#34.95#36.56
-98.5579,26.0097#28.47#35.17#36.36
-98.5071,26.0109#28.46#35.39#36.15
-98.4563,26.012#28.44#35.65#35.91
-98.4055,26.0132#28.42#35.92#35.66
-98.3547,26.0143#28.4#36.2#35.4
-98.3039,26.0155#28.37#36.47#35.16
-98.2531,26.0166#28.35#36.74#34.91
-98.2023,26.0177#28.33#37.01#34.66
-98.1515,26.0187#28.31#37.28#34.41
-98.1007,26.0198#28.29#37.55#34.16
-98.0499,26.0208#28.27#37.82#33.91
-97.9991,26.0218#28.24#38.09#33.67
-97.9483,26.0228#28.22#38.44#33.34
-97.8975,26.0238#28.19#38.79#33.02
-97.8467,26.0248#28.17#39.14#32.69
-97.7959,26.0257#28.14#39.48#32.38
-97.745,26.0267#28.12#39.83#32.05
-97.6942,26.0276#28.09#40.18#31.73
-97.6434,26.0285#28.06#40.52#31.42
-97.5926,26.0294#28.04#40.87#31.09
-97.5418,26.0302#28.01#41.21#30.78
-97.491,26.0311#27.99#41.55#30.46
-97.4402,26.0319#27.97#41.87#30.16
-97.3894,26.0327#27.95#42.19#29.86
-97.3386,26.0335#27.94#42.51#29.55
-97.2878,26.0343#27.92#42.83#29.25
-97.2369,26.0351#27.9#43.15#28.95
-97.1861,26.0358#27.88#43.47#28.65
-97.1353,26.0365#27.86#43.79#28.35
-97.0845,26.0372#27.85#44.1#28.05
-97.0337,26.0379#27.83#44.42#27.75
-96.9829,26.0386#27.81#44.66#27.53
-96.932,26.0393#27.8#44.72#27.48
-96.8812,26.0399#27.8#44.78#27.42
-96.8304,26.0405#27.79#44.85#27.36
-96.7796,26.0411#27.78#44.91#27.31
-96.7288,26.0417#27.77#44.98#27.25
-96.6779,26.0423#27.76#45.04#27.2
-96.6271,26.0429#27.75#45.11#27.14
-96.5763,26.0434#27.75#45.18#27.07
-96.5255,26.0439#27.74#45.24#27.02
-96.4747,26.0444#27.73#45.3#26.97
-96.4238,26.0449#27.73#45.35#26.92
-96.373,26.0454#27.72#45.39#26.89
-96.3222,26.0458#27.72#45.44#26.84
-96.2714,26.0463#27.71#45.48#26.81
-96.2205,26.0467#27.71#45.53#26.76
-96.1697,26.0471#27.71#45.57#26.72
-96.1189,26.0475#27.7#45.62#26.68
-96.0681,26.0479#27.7#45.66#26.64
-96.0172,26.0482#27.7#45.71#26.59
-95.9664,26.0485#27.69#45.75#26.56
-95.9156,26.0489#27.69#45.8#26.51
-95.8648,26.0492#27.69#45.84#26.47
-95.8139,26.0494#27.69#45.88#26.43
-95.7631,26.0497#27.68#45.92#26.4
-95.7123,26.05#27.68#45.97#26.35
-95.6615,26.0502#27.68#46.01#26.31
-95.6106,26.0504#27.68#46.05#26.27
-95.5598,26.0506#27.68#46.1#26.22
-95.509,26.0508#27.67#46.14#26.19
-95.4582,26.0509#27.67#46.17#26.16
-95.4073,26.0511#27.67#46.2#26.13
-95.3565,26.0512#27.67#46.23#26.1
-95.3057,26.0513#27.67#46.26#26.07
-95.2548,26.0514#27.67#46.29#26.04
-95.204,26.0515#27.67#46.32#26.01
-95.1532,26.0516#27.67#46.35#25.98
-95.1024,26.0516#27.67#46.38#25.95
-95.0515,26.0516#27.66#46.4#25.94
-95.0007,26.0516#27.66#46.43#25.91
-94.9499,26.0516#27.66#46.45#25.89
-94.899,26.0516#27.66#46.47#25.87
-94.8482,26.0516#27.66#46.49#25.85
-94.7974,26.0515#27.66#46.51#25.83
-94.7466,26.0514#27.66#46.53#25.81
-94.6957,26.0513#27.66#46.54#25.8
-94.6449,26.0512#27.66#46.56#25.78
-94.5941,26.0511#27.66#46.58#25.76
-94.5433,26.0509#27.66#46.6#25.74
-94.4924,26.0508#27.66#46.62#25.72
-94.4416,26.0506#27.65#46.62#25.73
-94.3908,26.0504#27.65#46.63#25.72
-94.3399,26.0502#27.65#46.64#25.71
-94.2891,26.05#27.65#46.65#25.7
-94.2383,26.0497#27.65#46.66#25.69
-94.1875,26.0495#27.65#46.67#25.68
-94.1366,26.0492#27.65#46.67#25.68
-94.0858,26.0489#27.65#46.68#25.67
-94.035,26.0486#27.65#46.69#25.66
-93.9842,26.0482#27.65#46.7#25.65
-93.9333,26.0479#27.65#46.7#25.65
-93.8825,26.0475#27.65#46.7#25.65
-93.8317,26.0471#27.65#46.71#25.64
-93.7809,26.0467#27.65#46.71#25.64
-93.73,26.0463#27.65#46.71#25.64
-93.6792,26.0459#27.64#46.71#25.65
-93.6284,26.0454#27.64#46.72#25.64
-93.5776,26.0449#27.64#46.72#25.64
-93.5267,26.0444#27.64#46.72#25.64
-93.4759,26.0439#27.64#46.72#25.64
-93.4251,26.0434#27.64#46.72#25.64
-93.3743,26.0429#27.64#46.72#25.64
-93.3235,26.0423#27.64#46.72#25.64
-93.2726,26.0418#27.64#46.72#25.64
-93.2218,26.0412#27.64#46.72#25.64
-93.171,26.0406#27.64#46.72#25.64
-93.1202,26.0399#27.64#46.72#25.64
-93.0694,26.0393#27.64#46.72#25.64
-93.0185,26.0386#27.63#46.72#25.65
-92.9677,26.038#27.63#46.72#25.65
-92.9169,26.0373#27.63#46.72#25.65
-92.8661,26.0366#27.63#46.72#25.65
-92.8153,26.0358#27.63#46.71#25.66
-92.7645,26.0351#27.63#46.71#25.66
-92.7137,26.0343#27.63#46.71#25.66
-92.6628,26.0335#27.63#46.71#25.66
-92.612,26.0327#27.63#46.7#25.67
-92.5612,26.0319#27.63#46.7#25.67
-92.5104,26.0311#27.63#46.7#25.67
-92.4596,26.0303#27.63#46.7#25.67
-92.4088,26.0294#27.63#46.69#25.68
-92.358,26.0285#27.63#46.69#25.68
-92.3072,26.0276#27.62#46.68#25.7
-92.2564,26.0267#27.62#46.68#25.7
-92.2055,26.0258#27.62#46.68#25.7
-92.1547,26.0248#27.62#46.67#25.71
-92.1039,26.0238#27.62#46.67#25.71
-92.0531,26.0229#27.62#46.66#25.72
-92.0023,26.0219#27.62#46.66#25.72
-91.9515,26.0208#27.62#46.65#25.73
-91.9007,26.0198#27.62#46.65#25.73
-91.8499,26.0188#27.62#46.64#25.74
-91.7991,26.0177#27.62#46.63#25.75
-91.7483,26.0166#27.62#46.63#25.75
-91.6975,26.0155#27.62#46.62#25.76
-91.6467,26.0144#27.62#46.61#25.77
-91.5959,26.0132#27.62#46.61#25.77
-91.5451,26.0121#27.62#46.6#25.78
-91.4943,26.0109#27.61#46.59#25.8
-91.4435,26.0097#27.61#46.58#25.81
-91.3928,26.0085#27.61#46.58#25.81
-91.342,26.0073#27.61#46.57#25.82
-91.2912,26.006#27.61#46.56#25.83
-91.2404,26.0048#27.61#46.55#25.84
-91.1896,26.0035#27.61#46.54#25.85
-91.1388,26.0022#27.61#46.53#25.86
-91.088,26.0009#27.61#46.52#25.87
-91.0372,25.9996#27.61#46.51#25.88
-90.9865,25.9982#27.61#46.5#25.89
-90.9357,25.9969#27.61#46.49#25.9
-90.8849,25.9955#27.61#46.48#25.91
-90.8341,25.9941#27.61#46.47#25.92
-90.7833,25.9927#27.61#46.46#25.93
-90.7325,25.9913#27.61#46.45#25.94
-90.6818,25.9898#27.6#46.44#25.96
-90.631,25.9884#27.6#46.43#25.97
-90.5802,25.9869#27.6#46.42#25.98
-90.5294,25.9854#27.6#46.41#25.99
-90.4787,25.9839#27.63#46.4#25.97
-90.4279,25.9823#27.69#46.39#25.92
-90.3771,25.9808#27.76#46.37#25.87
-90.3264,25.9792#27.82#46.36#25.82
-90.2756,25.9776#27.89#46.35#25.76
-90.2248,25.976#27.95#46.33#25.72
-90.1741,25.9744#28.02#46.32#25.66
-90.1233,25.9728#28.08#46.31#25.61
-90.0725,25.9711#28.15#46.29#25.56
-90.0218,25.9695#28.21#46.28#25.51
-89.971,25.9678#28.28#46.26#25.46
-89.9203,25.9661#28.35#46.24#25.41
-89.8695,25.9644#28.41#46.22#25.37
-89.8188,25.9626#28.48#46.2#25.32
-89.768,25.9609#28.54#46.18#25.28
-89.7172,25.9591#28.61#46.16#25.23
-89.6665,25.9573#28.68#46.14#25.18
-89.6158,25.9555#28.74#46.12#25.14
-89.565,25.9537#28.81#46.1#25.09
-89.5143,25.9519#28.87#46.08#25.05
-89.4635,25.95#28.91#46.06#25.03
-89.4128,25.9481#28.93#46.03#25.04
-89.362,25.9462#28.95#46.01#25.04
-89.3113,25.9443#28.97#45.98#25.05
-89.2606,25.9424#28.99#45.95#25.06
-89.2098,25.9405#29.02#45.93#25.05
-89.1591,25.9385#29.04#45.9#25.06
-89.1083,25.9365#29.06#45.87#25.07
-89.0576,25.9345#29.08#45.85#25.07
-89.0069,25.9325#29.1#45.82#25.08
-88.9562,25.9305#29.03#45.8#25.17
-88.9054,25.9285#28.95#45.77#25.28
-88.8547,25.9264#28.86#45.75#25.39
-88.804,25.9243#28.78#45.72#25.5
-88.7533,25.9222#28.7#45.69#25.61
-88.7025,25.9201#28.61#45.67#25.72
-88.6518,25.918#28.53#45.64#25.83
-88.6011,25.9158#28.45#45.62#25.93
-88.5504,25.9137#28.36#45.59#26.05
-88.4997,25.9115#28.28#45.56#26.16
-88.449,25.9093#28.19#45.54#26.27
-88.3983,25.9071#28.1#45.51#26.39
-88.3476,25.9049#28.01#45.48#26.51
-88.2969,25.9026#27.92#45.45#26.63
-88.2462,25.9003#27.83#45.42#26.75
-102.67,25.9022#27.87#29.08#43.05
-102.62,25.9048#27.87#29.08#43.05
-102.569,25.9073#27.87#29.09#43.04
-102.518,25.9099#27.87#29.09#43.04
-102.468,25.9124#27.87#29.1#43.03
-102.417,25.9149#27.87#29.11#43.02
-102.366,25.9174#27.87#29.11#43.02
-102.316,25.9198#27.87#29.12#43.01
-102.265,25.9223#27.87#29.12#43.01
-102.214,25.9247#27.87#29.13#43
-102.163,25.9272#27.87#29.13#43
-102.113,25.9296#27.87#29.14#42.99
-102.062,25.9319#27.88#29.15#42.97
-102.011,25.9343#27.88#29.15#42.97
-101.961,25.9367#27.89#29.16#42.95
-101.91,25.939#27.9#29.16#42.94
-101.859,25.9413#27.91#29.17#42.92
-101.809,25.9436#27.92#29.17#42.91
-101.758,25.9459#27.93#29.18#42.89
-101.707,25.9482#27.94#29.19#42.87
-101.656,25.9504#27.95#29.19#42.86
-101.606,25.9527#27.96#29.2#42.84
-101.555,25.9549#27.97#29.2#42.83
-101.504,25.9571#27.98#29.21#42.81
-101.453,25.9593#27.99#29.22#42.79
-101.403,25.9614#28.01#29.22#42.77
-101.352,25.9636#28.02#29.23#42.75
-101.301,25.9657#28.04#29.24#42.72
-101.25,25.9678#28.05#29.24#42.71
-101.2,25.9699#28.07#29.25#42.68
-101.149,25.972#28.08#29.26#42.66
-101.098,25.974#28.1#29.26#42.64
-101.048,25.9761#28.11#29.27#42.62
-100.997,25.9781#28.12#29.28#42.6
-100.946,25.9801#28.15#29.32#42.53
-100.895,25.9821#28.17#29.36#42.47
-100.845,25.9841#28.2#29.4#42.4
-100.794,25.9861#28.22#29.44#42.34
-100.743,25.988#28.24#29.48#42.28
-100.692,25.9899#28.26#29.52#42.22
-100.641,25.9918#28.29#29.57#42.14
-100.591,25.9937#28.31#29.61#42.08
-100.54,25.9956#28.33#29.65#42.02
-100.489,25.9975#28.36#29.71#41.93
-100.438,25.9993#28.37#29.82#41.81
-100.388,26.0011#28.39#29.94#41.67
-100.337,26.0029#28.41#30.05#41.54
-100.286,26.0047#28.43#30.16#41.41
-100.235,26.0065#28.45#30.28#41.27
-100.185,26.0082#28.47#30.39#41.14
-100.134,26.01#28.49#30.51#41
-100.083,26.0117#28.5#30.62#40.88
-100.032,26.0134#28.52#30.74#40.74
-99.9815,26.0151#28.54#30.86#40.6
-99.9307,26.0168#28.55#30.99#40.46
-99.8799,26.0184#28.55#31.12#40.33
-99.8291,26.02#28.56#31.25#40.19
-99.7784,26.0217#28.57#31.38#40.05
-99.7276,26.0233#28.58#31.51#39.91
-99.6768,26.0248#28.59#31.65#39.76
-99.626,26.0264#28.59#31.78#39.63
-99.5752,26.028#28.6#31.91#39.49
-99.5244,26.0295#28.61#32.04#39.35
-99.4736,26.031#28.61#32.17#39.22
-99.4228,26.0325#28.61#32.28#39.11
-99.372,26.034#28.61#32.4#38.99
-99.3213,26.0354#28.61#32.51#38.88
-99.2705,26.0369#28.61#32.63#38.76
-99.2197,26.0383#28.6#32.74#38.66
-99.1689,26.0397#28.6#32.86#38.54
-99.1181,26.0411#28.6#32.97#38.43
-99.0673,26.0425#28.6#33.08#38.32
-99.0165,26.0439#28.6#33.19#38.21
-98.9657,26.0452#28.59#33.38#38.03
-98.9149,26.0465#28.58#33.6#37.82
-98.864,26.0479#28.56#33.82#37.62
-98.8132,26.0491#28.55#34.04#37.41
-98.7624,26.0504#28.54#34.26#37.2
-98.7116,26.0517#28.53#34.48#36.99
-98.6608,26.0529#28.52#34.7#36.78
-98.61,26.0541#28.5#34.92#36.58
-98.5592,26.0554#28.49#35.14#36.37
-98.5084,26.0565#28.48#35.36#36.16
-98.4576,26.0577#28.46#35.63#35.91
-98.4067,26.0589#28.44#35.9#35.66
-98.3559,26.06#28.42#36.18#35.4
-98.3051,26.0611#28.4#36.45#35.15
-98.2543,26.0622#28.38#36.73#34.89
-98.2035,26.0633#28.35#37#34.65
-98.1527,26.0644#28.33#37.28#34.39
-98.1018,26.0654#28.31#37.55#34.14
-98.051,26.0665#28.29#37.83#33.88
-98.0002,26.0675#28.27#38.11#33.62
-97.9494,26.0685#28.25#38.44#33.31
-97.8986,26.0695#28.22#38.78#33
-97.8477,26.0705#28.19#39.11#32.7
-97.7969,26.0714#28.17#39.44#32.39
-97.7461,26.0723#28.14#39.78#32.08
-97.6953,26.0733#28.12#40.11#31.77
-97.6444,26.0742#28.09#40.44#31.47
-97.5936,26.075#28.07#40.77#31.16
-97.5428,26.0759#28.04#41.1#30.86
-97.4919,26.0767#28.02#41.43#30.55
-97.4411,26.0776#28#41.75#30.25
-97.3903,26.0784#27.98#42.06#29.96
-97.3394,26.0792#27.96#42.37#29.67
-97.2886,26.08#27.94#42.69#29.37
-97.2378,26.0807#27.92#43#29.08
-97.1869,26.0815#27.9#43.31#28.79
-97.1361,26.0822#27.88#43.62#28.5
-97.0853,26.0829#27.86#43.94#28.2
-97.0344,26.0836#27.85#44.25#27.9
-96.9836,26.0843#27.83#44.48#27.69
-96.9328,26.0849#27.82#44.56#27.62
-96.8819,26.0856#27.81#44.64#27.55
-96.8311,26.0862#27.8#44.72#27.48
-96.7803,26.0868#27.79#44.8#27.41
-96.7294,26.0874#27.78#44.88#27.34
-96.6786,26.088#27.77#44.96#27.27
-96.6277,26.0885#27.76#45.04#27.2
-96.5769,26.0891#27.75#45.12#27.13
-96.5261,26.0896#27.75#45.21#27.04
-96.4752,26.0901#27.74#45.27#26.99
-96.4244,26.0906#27.73#45.31#26.96
-96.3735,26.0911#27.73#45.35#26.92
-96.3227,26.0915#27.73#45.39#26.88
-96.2718,26.092#27.72#45.44#26.84
-96.221,26.0924#27.72#45.48#26.8
-96.1702,26.0928#27.71#45.52#26.77
-96.1193,26.0932#27.71#45.56#26.73
-96.0685,26.0935#27.71#45.6#26.69
-96.0176,26.0939#27.7#45.64#26.66
-95.9668,26.0942#27.7#45.69#26.61
-95.9159,26.0945#27.7#45.73#26.57
-95.8651,26.0948#27.69#45.78#26.53
-95.8142,26.0951#27.69#45.83#26.48
-95.7634,26.0954#27.69#45.87#26.44
-95.7126,26.0956#27.69#45.92#26.39
-95.6617,26.0959#27.69#45.97#26.34
-95.6109,26.0961#27.68#46.02#26.3
-95.56,26.0963#27.68#46.06#26.26
-95.5092,26.0965#27.68#46.11#26.21
-95.4583,26.0966#27.68#46.15#26.17
-95.4075,26.0968#27.68#46.18#26.14
-95.3566,26.0969#27.68#46.21#26.11
-95.3058,26.097#27.68#46.24#26.08
-95.2549,26.0971#27.67#46.27#26.06
-95.2041,26.0972#27.67#46.3#26.03
-95.1532,26.0972#27.67#46.33#26
-95.1024,26.0973#27.67#46.36#25.97
-95.0515,26.0973#27.67#46.39#25.94
-95.0007,26.0973#27.67#46.42#25.91
-94.9499,26.0973#27.67#46.44#25.89
-94.899,26.0973#27.67#46.46#25.87
-94.8482,26.0972#27.67#46.48#25.85
-94.7973,26.0972#27.66#46.5#25.84
-94.7465,26.0971#27.66#46.52#25.82
-94.6956,26.097#27.66#46.54#25.8
-94.6448,26.0969#27.66#46.56#25.78
-94.5939,26.0968#27.66#46.58#25.76
-94.5431,26.0966#27.66#46.6#25.74
-94.4922,26.0965#27.66#46.62#25.72
-94.4414,26.0963#27.66#46.63#25.71
-94.3905,26.0961#27.66#46.64#25.7
-94.3397,26.0959#27.66#46.65#25.69
-94.2888,26.0956#27.66#46.65#25.69
-94.238,26.0954#27.66#46.66#25.68
-94.1872,26.0951#27.66#46.67#25.67
-94.1363,26.0948#27.66#46.68#25.66
-94.0855,26.0945#27.65#46.69#25.66
-94.0346,26.0942#27.65#46.7#25.65
-93.9838,26.0939#27.65#46.71#25.64
-93.9329,26.0935#27.65#46.71#25.64
-93.8821,26.0932#27.65#46.71#25.64
-93.8312,26.0928#27.65#46.72#25.63
-93.7804,26.0924#27.65#46.72#25.63
-93.7296,26.092#27.65#46.72#25.63
-93.6787,26.0915#27.65#46.73#25.62
-93.6279,26.0911#27.65#46.73#25.62
-93.577,26.0906#27.65#46.73#25.62
-93.5262,26.0901#27.65#46.73#25.62
-93.4754,26.0896#27.65#46.74#25.61
-93.4245,26.0891#27.65#46.74#25.61
-93.3737,26.0886#27.64#46.74#25.62
-93.3228,26.088#27.64#46.74#25.62
-93.272,26.0874#27.64#46.74#25.62
-93.2212,26.0868#27.64#46.74#25.62
-93.1703,26.0862#27.64#46.74#25.62
-93.1195,26.0856#27.64#46.74#25.62
-93.0686,26.085#27.64#46.74#25.62
-93.0178,26.0843#27.64#46.74#25.62
-92.967,26.0836#27.64#46.74#25.62
-92.9161,26.0829#27.64#46.73#25.63
-92.8653,26.0822#27.64#46.73#25.63
-92.8145,26.0815#27.64#46.73#25.63
-92.7636,26.0808#27.64#46.73#25.63
-92.7128,26.08#27.63#46.73#25.64
-92.662,26.0792#27.63#46.73#25.64
-92.6111,26.0784#27.63#46.72#25.65
-92.5603,26.0776#27.63#46.72#25.65
-92.5095,26.0768#27.63#46.72#25.65
-92.4586,26.0759#27.63#46.72#25.65
-92.4078,26.0751#27.63#46.71#25.66
-92.357,26.0742#27.63#46.71#25.66
-92.3062,26.0733#27.63#46.71#25.66
-92.2553,26.0724#27.63#46.7#25.67
-92.2045,26.0714#27.63#46.7#25.67
-92.1537,26.0705#27.63#46.7#25.67
-92.1029,26.0695#27.63#46.69#25.68
-92.052,26.0685#27.63#46.69#25.68
-92.0012,26.0675#27.63#46.68#25.69
-91.9504,26.0665#27.62#46.68#25.7
-91.8996,26.0655#27.62#46.67#25.71
-91.8487,26.0644#27.62#46.67#25.71
-91.7979,26.0634#27.62#46.66#25.72
-91.7471,26.0623#27.62#46.65#25.73
-91.6963,26.0612#27.62#46.65#25.73
-91.6455,26.06#27.62#46.64#25.74
-91.5947,26.0589#27.62#46.64#25.74
-91.5438,26.0577#27.62#46.63#25.75
-91.493,26.0566#27.62#46.62#25.76
-91.4422,26.0554#27.62#46.62#25.76
-91.3914,26.0542#27.62#46.61#25.77
-91.3406,26.053#27.62#46.6#25.78
-91.2898,26.0517#27.62#46.59#25.79
-91.239,26.0505#27.62#46.58#25.8
-91.1882,26.0492#27.62#46.58#25.8
-91.1374,26.0479#27.62#46.57#25.81
-91.0866,26.0466#27.62#46.56#25.82
-91.0357,26.0453#27.61#46.55#25.84
-90.9849,26.0439#27.61#46.54#25.85
-90.9341,26.0425#27.61#46.53#25.86
-90.8833,26.0412#27.61#46.52#25.87
-90.8325,26.0398#27.61#46.51#25.88
-90.7817,26.0384#27.61#46.5#25.89
-90.7309,26.0369#27.61#46.49#25.9
-90.6802,26.0355#27.61#46.49#25.9
-90.6294,26.034#27.61#46.48#25.91
-90.5786,26.0325#27.61#46.47#25.92
-90.5278,26.031#27.61#46.46#25.93
-90.477,26.0295#27.64#46.45#25.91
-90.4262,26.028#27.7#46.43#25.87
-90.3754,26.0265#27.77#46.42#25.81
-90.3246,26.0249#27.83#46.41#25.76
-90.2738,26.0233#27.9#46.4#25.7
-90.223,26.0217#27.96#46.38#25.66
-90.1723,26.0201#28.03#46.37#25.6
-90.1215,26.0184#28.09#46.36#25.55
-90.0707,26.0168#28.16#46.35#25.49
-90.0199,26.0151#28.22#46.33#25.45
-89.9691,26.0134#28.29#46.32#25.39
-89.9184,26.0117#28.35#46.3#25.35
-89.8676,26.01#28.42#46.28#25.3
-89.8168,26.0083#28.48#46.26#25.26
-89.766,26.0065#28.55#46.24#25.21
-89.7153,26.0048#28.62#46.22#25.16
-89.6645,26.003#28.68#46.21#25.11
-89.6137,26.0012#28.75#46.19#25.06
-89.563,25.9993#28.81#46.17#25.02
-89.5122,25.9975#28.88#46.15#24.97
-89.4614,25.9956#28.91#46.13#24.96
-89.4107,25.9938#28.93#46.1#24.97
-89.3599,25.9919#28.95#46.08#24.97
-89.3092,25.99#28.98#46.05#24.97
-89.2584,25.9881#29#46.03#24.97
-89.2076,25.9861#29.02#46#24.98
-89.1569,25.9842#29.04#45.98#24.98
-89.1061,25.9822#29.06#45.95#24.99
-89.0554,25.9802#29.08#45.93#24.99
-89.0046,25.9782#29.1#45.9#25
-88.9539,25.9761#29.03#45.88#25.09
-88.9031,25.9741#28.95#45.85#25.2
-88.8524,25.972#28.86#45.83#25.31
-88.8017,25.97#28.78#45.8#25.42
-88.7509,25.9679#28.7#45.78#25.52
-88.7002,25.9658#28.61#45.75#25.64
-88.6494,25.9636#28.53#45.73#25.74
-88.5987,25.9615#28.45#45.7#25.85
-88.548,25.9593#28.36#45.68#25.96
-88.4972,25.9571#28.28#45.65#26.07
-88.4465,25.9549#28.19#45.62#26.19
-88.3958,25.9527#28.1#45.6#26.3
-88.3451,25.9505#28.01#45.57#26.42
-88.2943,25.9482#27.91#45.54#26.55
-88.2436,25.946#27.82#45.51#26.67
-88.1929,25.9437#27.73#45.49#26.78
-88.1422,25.9414#27.64#45.46#26.9
-88.0915,25.9391#27.55#45.43#27.02
-88.0408,25.9367#27.46#45.4#27.14
-87.99,25.9344#27.38#45.37#27.25
-87.9393,25.932#27.35#45.34#27.31
-87.8886,25.9296#27.31#45.31#27.38
-87.8379,25.9272#27.28#45.28#27.44
-87.7872,25.9248#27.25#45.25#27.5
-87.7365,25.9224#27.21#45.22#27.57
-87.6858,25.9199#27.18#45.19#27.63
-87.6351,25.9174#27.15#45.15#27.7
-87.5844,25.915#27.11#45.12#27.77
-87.5337,25.9125#27.08#45.09#27.83
-87.483,25.9099#27.06#45.06#27.88
-87.4323,25.9074#27.04#45.03#27.93
-87.3816,25.9048#27.03#45.01#27.96
-87.331,25.9023#27.02#44.98#28
-103.535,25.9014#27.89#28.98#43.13
-103.484,25.9043#27.89#28.99#43.12
-103.434,25.9071#27.89#28.99#43.12
-103.383,25.91#27.89#29#43.11
-103.332,25.9128#27.88#29#43.12
-103.282,25.9156#27.88#29.01#43.11
-103.231,25.9184#27.88#29.01#43.11
-103.18,25.9211#27.88#29.02#43.1
-103.13,25.9239#27.88#29.03#43.09
-103.079,25.9266#27.88#29.03#43.09
-103.028,25.9293#27.88#29.04#43.08
-102.977,25.932#27.88#29.04#43.08
-102.927,25.9347#27.88#29.05#43.07
-102.876,25.9373#27.88#29.05#43.07
-102.825,25.94#27.88#29.06#43.06
-102.775,25.9426#27.88#29.06#43.06
-102.724,25.9452#27.88#29.07#43.05
-102.673,25.9478#27.87#29.08#43.05
-102.623,25.9504#27.87#29.08#43.05
-102.572,25.9529#27.87#29.09#43.04
-102.521,25.9555#27.87#29.09#43.04
-102.47,25.958#27.87#29.1#43.03
-102.42,25.9605#27.87#29.1#43.03
-102.369,25.963#27.87#29.11#43.02
-102.318,25.9655#27.88#29.11#43.01
-102.268,25.9679#27.88#29.12#43
-102.217,25.9704#27.88#29.13#42.99
-102.166,25.9728#27.88#29.13#42.99
-102.115,25.9752#27.88#29.14#42.98
-102.065,25.9776#27.88#29.14#42.98
-102.014,25.9799#27.88#29.15#42.97
-101.963,25.9823#27.89#29.15#42.96
-101.913,25.9846#27.9#29.16#42.94
-101.862,25.9869#27.91#29.17#42.92
-101.811,25.9892#27.92#29.17#42.91
-101.76,25.9915#27.93#29.18#42.89
-101.71,25.9938#27.94#29.18#42.88
-101.659,25.996#27.95#29.19#42.86
-101.608,25.9983#27.95#29.2#42.85
-101.557,26.0005#27.96#29.2#42.84
-101.507,26.0027#27.97#29.21#42.82
-101.456,26.0049#27.99#29.21#42.8
-101.405,26.007#28#29.22#42.78
-101.354,26.0092#28.02#29.23#42.75
-101.304,26.0113#28.03#29.23#42.74
-101.253,26.0134#28.04#29.24#42.72
-101.202,26.0155#28.06#29.25#42.69
-101.151,26.0176#28.07#29.25#42.68
-101.101,26.0197#28.09#29.26#42.65
-101.05,26.0217#28.1#29.27#42.63
-100.999,26.0238#28.12#29.28#42.6
-100.948,26.0258#28.14#29.32#42.54
-100.897,26.0278#28.16#29.36#42.48
-100.847,26.0297#28.18#29.4#42.42
-100.796,26.0317#28.21#29.45#42.34
-100.745,26.0336#28.23#29.49#42.28
-100.694,26.0356#28.25#29.53#42.22
-100.644,26.0375#28.27#29.58#42.15
-100.593,26.0394#28.29#29.62#42.09
-100.542,26.0412#28.32#29.67#42.01
-100.491,26.0431#28.34#29.72#41.94
-100.44,26.0449#28.36#29.84#41.8
-100.39,26.0468#28.38#29.95#41.67
-100.339,26.0486#28.39#30.06#41.55
-100.288,26.0504#28.41#30.18#41.41
-100.237,26.0521#28.43#30.29#41.28
-100.187,26.0539#28.45#30.41#41.14
-100.136,26.0556#28.47#30.52#41.01
-100.085,26.0573#28.49#30.63#40.88
-100.034,26.059#28.51#30.75#40.74
-99.9834,26.0607#28.53#30.87#40.6
-99.9326,26.0624#28.54#31#40.46
-99.8818,26.0641#28.55#31.14#40.31
-99.831,26.0657#28.56#31.27#40.17
-99.7802,26.0673#28.56#31.4#40.04
-99.7294,26.0689#28.57#31.54#39.89
-99.6785,26.0705#28.58#31.67#39.75
-99.6277,26.0721#28.59#31.81#39.6
-99.5769,26.0736#28.6#31.94#39.46
-99.5261,26.0751#28.61#32.08#39.31
-99.4753,26.0767#28.62#32.2#39.18
-99.4245,26.0782#28.61#32.31#39.08
-99.3737,26.0796#28.61#32.41#38.98
-99.3229,26.0811#28.61#32.52#38.87
-99.2721,26.0826#28.61#32.63#38.76
-99.2212,26.084#28.61#32.73#38.66
-99.1704,26.0854#28.61#32.84#38.55
-99.1196,26.0868#28.61#32.94#38.45
-99.0688,26.0882#28.61#33.05#38.34
-99.018,26.0895#28.61#33.15#38.24
-98.9671,26.0909#28.6#33.33#38.07
-98.9163,26.0922#28.59#33.55#37.86
-98.8655,26.0935#28.58#33.78#37.64
-98.8147,26.0948#28.57#34#37.43
-98.7638,26.0961#28.55#34.22#37.23
-98.713,26.0973#28.54#34.44#37.02
-98.6622,26.0986#28.53#34.66#36.81
-98.6114,26.0998#28.52#34.89#36.59
-98.5605,26.101#28.51#35.11#36.38
-98.5097,26.1022#28.5#35.33#36.17
-98.4589,26.1034#28.48#35.6#35.92
-98.408,26.1045#28.46#35.88#35.66
-98.3572,26.1057#28.44#36.16#35.4
-98.3064,26.1068#28.42#36.44#35.14
-98.2555,26.1079#28.4#36.72#34.88
-98.2047,26.109#28.38#37#34.62
-98.1538,26.1101#28.36#37.28#34.36
-98.103,26.1111#28.34#37.56#34.1
-98.0522,26.1122#28.32#37.84#33.84
-98.0013,26.1132#28.3#38.12#33.58
-97.9505,26.1142#28.27#38.44#33.29
-97.8996,26.1152#28.25#38.76#32.99
-97.8488,26.1161#28.22#39.08#32.7
-97.798,26.1171#28.2#39.41#32.39
-97.7471,26.118#28.17#39.73#32.1
-97.6963,26.1189#28.15#40.04#31.81
