-98.0186,30.9008#32.2#28.18#39.62
-97.9656,30.9018#32.14#28.09#39.77
-97.9127,30.9028#32.09#28#39.91
-97.8598,30.9037#32.04#27.91#40.05
-97.8068,30.9047#31.98#27.81#40.21
-97.7539,30.9056#31.93#27.72#40.35
-97.701,30.9065#31.88#27.63#40.49
-97.6481,30.9074#31.82#27.54#40.64
-97.5951,30.9083#31.77#27.45#40.78
-97.5422,30.9092#31.72#27.35#40.93
-97.4893,30.91#31.66#27.27#41.07
-97.4363,30.9108#31.61#27.24#41.15
-97.3834,30.9117#31.56#27.21#41.23
-97.3304,30.9124#31.5#27.17#41.33
-97.2775,30.9132#31.45#27.14#41.41
-97.2246,30.914#31.39#27.11#41.5
-97.1716,30.9147#31.34#27.07#41.59
-97.1187,30.9154#31.28#27.04#41.68
-97.0657,30.9161#31.23#27#41.77
-97.0128,30.9168#31.17#26.97#41.86
-96.9599,30.9175#31.14#26.95#41.91
-96.9069,30.9181#31.1#26.95#41.95
-96.854,30.9187#31.07#26.94#41.99
-96.801,30.9194#31.03#26.93#42.04
-96.7481,30.92#31#26.92#42.08
-96.6951,30.9205#30.96#26.91#42.13
-96.6422,30.9211#30.93#26.9#42.17
-96.5893,30.9216#30.89#26.89#42.22
-96.5363,30.9222#30.86#26.88#42.26
-96.4834,30.9227#30.82#26.88#42.3
-96.4304,30.9232#30.78#26.88#42.34
-96.3775,30.9236#30.73#26.89#42.38
-96.3245,30.9241#30.69#26.9#42.41
-96.2716,30.9245#30.65#26.91#42.44
-96.2186,30.9249#30.6#26.91#42.49
-96.1657,30.9253#30.56#26.92#42.52
-96.1127,30.9257#30.51#26.93#42.56
-96.0598,30.9261#30.47#26.93#42.6
-96.0068,30.9264#30.43#26.94#42.63
-95.9539,30.9267#30.38#26.96#42.66
-95.9009,30.9271#30.34#26.99#42.67
-95.848,30.9273#30.3#27.01#42.69
-95.795,30.9276#30.26#27.03#42.71
-95.7421,30.9279#30.22#27.06#42.72
-95.6891,30.9281#30.18#27.08#42.74
-95.6362,30.9283#30.14#27.11#42.75
-95.5832,30.9285#30.1#27.13#42.77
-95.5303,30.9287#30.06#27.15#42.79
-95.4773,30.9289#30.02#27.18#42.8
-95.4244,30.9291#29.99#27.22#42.79
-95.3714,30.9292#29.95#27.26#42.79
-95.3185,30.9293#29.91#27.3#42.79
-95.2655,30.9294#29.88#27.34#42.78
-95.2125,30.9295#29.84#27.38#42.78
-95.1596,30.9295#29.8#27.42#42.78
-95.1066,30.9296#29.77#27.46#42.77
-95.0537,30.9296#29.73#27.5#42.77
-95.0007,30.9296#29.69#27.54#42.77
-94.9478,30.9296#29.66#27.61#42.73
-94.8948,30.9296#29.62#27.67#42.71
-94.8419,30.9295#29.59#27.73#42.68
-94.7889,30.9295#29.55#27.8#42.65
-94.736,30.9294#29.51#27.86#42.63
-94.683,30.9293#29.48#27.93#42.59
-94.6301,30.9292#29.44#27.99#42.57
-94.5771,30.9291#29.41#28.05#42.54
-94.5242,30.9289#29.37#28.12#42.51
-94.4712,30.9287#29.34#28.2#42.46
-94.4183,30.9286#29.3#28.29#42.41
-94.3653,30.9283#29.26#28.39#42.35
-94.3123,30.9281#29.22#28.48#42.3
-94.2594,30.9279#29.18#28.58#42.24
-94.2064,30.9276#29.15#28.67#42.18
-94.1535,30.9274#29.11#28.77#42.12
-94.1005,30.9271#29.07#28.86#42.07
-94.0476,30.9268#29.03#28.96#42.01
-93.9946,30.9264#28.99#29.05#41.96
-93.9417,30.9261#28.95#29.16#41.89
-93.8887,30.9257#28.91#29.26#41.83
-93.8358,30.9253#28.87#29.36#41.77
-93.7828,30.9249#28.83#29.47#41.7
-93.7299,30.9245#28.79#29.57#41.64
-93.6769,30.9241#28.75#29.67#41.58
-93.624,30.9236#28.71#29.78#41.51
-93.571,30.9232#28.67#29.88#41.45
-93.5181,30.9227#28.63#29.99#41.38
-93.4652,30.9222#28.59#30.09#41.32
-93.4122,30.9216#28.55#30.2#41.25
-93.3593,30.9211#28.51#30.3#41.19
-93.3063,30.9205#28.47#30.41#41.12
-93.2534,30.92#28.43#30.52#41.05
-93.2004,30.9194#28.39#30.62#40.99
-93.1475,30.9188#28.35#30.73#40.92
-93.0945,30.9181#28.31#30.84#40.85
-93.0416,30.9175#28.27#30.94#40.79
-92.9887,30.9168#28.23#31.05#40.72
-92.9357,30.9161#28.2#31.18#40.62
-92.8828,30.9154#28.17#31.3#40.53
-92.8298,30.9147#28.14#31.42#40.44
-92.7769,30.914#28.11#31.54#40.35
-92.724,30.9132#28.08#31.67#40.25
-92.671,30.9125#28.05#31.79#40.16
-92.6181,30.9117#28.02#31.91#40.07
-92.5651,30.9109#27.99#32.04#39.97
-92.5122,30.91#27.96#32.16#39.88
-92.4593,30.9092#27.94#32.3#39.76
-92.4063,30.9083#27.92#32.45#39.63
-92.3534,30.9075#27.9#32.59#39.51
-92.3005,30.9066#27.89#32.74#39.37
-92.2475,30.9057#27.87#32.89#39.24
-92.1946,30.9047#27.85#33.03#39.12
-92.1417,30.9038#27.83#33.18#38.99
-92.0888,30.9028#27.82#33.32#38.86
-92.0358,30.9018#27.8#33.47#38.73
-91.9829,30.9008#27.79#33.61#38.6
-99.8722,30.9#34.77#27.49#37.74
-99.8193,30.9016#34.69#27.55#37.76
-99.7664,30.9032#34.6#27.61#37.79
-99.7135,30.9048#34.52#27.67#37.81
-99.6606,30.9063#34.43#27.73#37.84
-99.6077,30.9079#34.35#27.79#37.86
-99.5548,30.9094#34.26#27.85#37.89
-99.5019,30.9109#34.18#27.91#37.91
-99.4489,30.9124#34.1#27.98#37.92
-99.396,30.9139#34.03#28.06#37.91
-99.3431,30.9154#33.95#28.13#37.92
-99.2902,30.9168#33.88#28.21#37.91
-99.2373,30.9183#33.81#28.28#37.91
-99.1843,30.9197#33.73#28.36#37.91
-99.1314,30.9211#33.66#28.43#37.91
-99.0785,30.9224#33.58#28.5#37.92
-99.0256,30.9238#33.51#28.58#37.91
-98.9726,30.9251#33.44#28.63#37.93
-98.9197,30.9265#33.38#28.66#37.96
-98.8668,30.9278#33.32#28.69#37.99
-98.8138,30.9291#33.27#28.72#38.01
-98.7609,30.9303#33.21#28.75#38.04
-98.708,30.9316#33.15#28.78#38.07
-98.655,30.9328#33.09#28.81#38.1
-98.6021,30.934#33.03#28.84#38.13
-98.5492,30.9352#32.97#28.88#38.15
-98.4962,30.9364#32.91#28.9#38.19
-98.4433,30.9376#32.85#28.82#38.33
-98.3904,30.9387#32.8#28.74#38.46
-98.3374,30.9398#32.74#28.66#38.6
-98.2845,30.9409#32.69#28.58#38.73
-98.2315,30.942#32.63#28.5#38.87
-98.1786,30.9431#32.58#28.42#39
-98.1256,30.9442#32.52#28.34#39.14
-98.0727,30.9452#32.46#28.26#39.28
-98.0197,30.9462#32.41#28.18#39.41
-97.9668,30.9472#32.35#28.09#39.56
-97.9138,30.9482#32.3#28#39.7
-97.8609,30.9492#32.24#27.91#39.85
-97.8079,30.9501#32.19#27.82#39.99
-97.755,30.9511#32.13#27.72#40.15
-97.702,30.952#32.08#27.63#40.29
-97.6491,30.9529#32.02#27.54#40.44
-97.5961,30.9537#31.97#27.45#40.58
-97.5432,30.9546#31.91#27.35#40.74
-97.4902,30.9555#31.86#27.27#40.87
-97.4373,30.9563#31.8#27.24#40.96
-97.3843,30.9571#31.75#27.21#41.04
-97.3314,30.9579#31.69#27.17#41.14
-97.2784,30.9586#31.64#27.14#41.22
-97.2254,30.9594#31.58#27.1#41.32
-97.1725,30.9601#31.53#27.07#41.4
-97.1195,30.9609#31.47#27.04#41.49
-97.0666,30.9616#31.42#27#41.58
-97.0136,30.9622#31.36#26.97#41.67
-96.9606,30.9629#31.32#26.95#41.73
-96.9077,30.9636#31.28#26.94#41.78
-96.8547,30.9642#31.24#26.93#41.83
-96.8017,30.9648#31.2#26.92#41.88
-96.7488,30.9654#31.17#26.91#41.92
-96.6958,30.966#31.13#26.91#41.96
-96.6428,30.9665#31.09#26.9#42.01
-96.5899,30.9671#31.05#26.89#42.06
-96.5369,30.9676#31.01#26.88#42.11
-96.4839,30.9681#30.97#26.87#42.16
-96.431,30.9686#30.93#26.88#42.19
-96.378,30.9691#30.88#26.89#42.23
-96.325,30.9695#30.83#26.89#42.28
-96.2721,30.9699#30.79#26.9#42.31
-96.2191,30.9704#30.74#26.91#42.35
-96.1661,30.9708#30.7#26.91#42.39
-96.1132,30.9711#30.65#26.92#42.43
-96.0602,30.9715#30.6#26.92#42.48
-96.0072,30.9719#30.56#26.93#42.51
-95.9542,30.9722#30.51#26.95#42.54
-95.9013,30.9725#30.47#26.97#42.56
-95.8483,30.9728#30.43#26.99#42.58
-95.7953,30.9731#30.39#27.02#42.59
-95.7424,30.9733#30.35#27.04#42.61
-95.6894,30.9736#30.3#27.06#42.64
-95.6364,30.9738#30.26#27.08#42.66
-95.5834,30.974#30.22#27.1#42.68
-95.5305,30.9742#30.18#27.12#42.7
-95.4775,30.9743#30.14#27.15#42.71
-95.4245,30.9745#30.1#27.19#42.71
-95.3715,30.9746#30.06#27.23#42.71
-95.3186,30.9747#30.03#27.26#42.71
-95.2656,30.9748#29.99#27.3#42.71
-95.2126,30.9749#29.95#27.34#42.71
-95.1597,30.975#29.91#27.38#42.71
-95.1067,30.975#29.88#27.41#42.71
-95.0537,30.9751#29.84#27.45#42.71
-95.0007,30.9751#29.8#27.49#42.71
-94.9478,30.9751#29.77#27.55#42.68
-94.8948,30.975#29.73#27.61#42.66
-94.8418,30.975#29.69#27.67#42.64
-94.7888,30.9749#29.66#27.73#42.61
-94.7359,30.9748#29.62#27.79#42.59
-94.6829,30.9747#29.58#27.85#42.57
-94.6299,30.9746#29.55#27.91#42.54
-94.5769,30.9745#29.51#27.97#42.52
-94.524,30.9743#29.47#28.03#42.5
-94.471,30.9742#29.44#28.11#42.45
-94.418,30.974#29.4#28.2#42.4
-94.3651,30.9738#29.36#28.29#42.35
-94.3121,30.9736#29.32#28.38#42.3
-94.2591,30.9733#29.28#28.47#42.25
-94.2061,30.9731#29.24#28.56#42.2
-94.1532,30.9728#29.2#28.65#42.15
-94.1002,30.9725#29.16#28.74#42.1
-94.0472,30.9722#29.13#28.83#42.04
-93.9942,30.9719#29.09#28.92#41.99
-93.9413,30.9715#29.04#29.03#41.93
-93.8883,30.9712#29#29.13#41.87
-93.8353,30.9708#28.96#29.23#41.81
-93.7824,30.9704#28.92#29.33#41.75
-93.7294,30.97#28.88#29.43#41.69
-93.6764,30.9695#28.84#29.53#41.63
-93.6235,30.9691#28.79#29.63#41.58
-93.5705,30.9686#28.75#29.74#41.51
-93.5175,30.9681#28.71#29.84#41.45
-93.4646,30.9676#28.67#29.94#41.39
-93.4116,30.9671#28.63#30.05#41.32
-93.3586,30.9665#28.59#30.16#41.25
-93.3057,30.966#28.55#30.26#41.19
-93.2527,30.9654#28.51#30.37#41.12
-93.1997,30.9648#28.46#30.48#41.06
-93.1468,30.9642#28.42#30.59#40.99
-93.0938,30.9636#28.38#30.69#40.93
-93.0408,30.9629#28.34#30.8#40.86
-92.9879,30.9623#28.3#30.91#40.79
-92.9349,30.9616#28.27#31.03#40.7
-92.8819,30.9609#28.24#31.14#40.62
-92.829,30.9602#28.21#31.26#40.53
-92.776,30.9594#28.17#31.37#40.46
-92.7231,30.9587#28.14#31.49#40.37
-92.6701,30.9579#28.11#31.61#40.28
-92.6172,30.9571#28.08#31.73#40.19
-92.5642,30.9563#28.05#31.84#40.11
-92.5112,30.9555#28.01#31.96#40.03
-92.4583,30.9546#27.99#32.1#39.91
-92.4053,30.9538#27.97#32.25#39.78
-92.3524,30.9529#27.95#32.4#39.65
-92.2994,30.952#27.93#32.54#39.53
-92.2465,30.9511#27.91#32.69#39.4
-92.1935,30.9502#27.89#32.84#39.27
-92.1406,30.9492#27.88#32.99#39.13
-92.0876,30.9482#27.86#33.13#39.01
-92.0347,30.9473#27.84#33.28#38.88
-91.9817,30.9462#27.82#33.43#38.75
-91.9288,30.9452#27.81#33.57#38.62
-91.8758,30.9442#27.8#33.71#38.49
-91.8229,30.9431#27.79#33.85#38.36
-91.7699,30.9421#27.78#34#38.22
-91.717,30.941#27.77#34.14#38.09
-91.6641,30.9399#27.76#34.28#37.96
-91.6111,30.9387#27.75#34.43#37.82
-91.5582,30.9376#27.74#34.57#37.69
-91.5052,30.9364#27.73#34.71#37.56
-91.4523,30.9353#27.72#34.85#37.43
-91.3994,30.9341#27.72#34.99#37.29
-91.3464,30.9328#27.71#35.13#37.16
-91.2935,30.9316#27.71#35.27#37.02
-91.2405,30.9304#27.7#35.41#36.89
-91.1876,30.9291#27.7#35.55#36.75
-91.1347,30.9278#27.69#35.68#36.63
-91.0818,30.9265#27.69#35.82#36.49
-91.0288,30.9252#27.68#35.96#36.36
-90.9759,30.9238#27.68#36.1#36.22
-90.923,30.9225#27.67#36.25#36.08
-90.87,30.9211#27.67#36.39#35.94
-90.8171,30.9197#27.66#36.54#35.8
-90.7642,30.9183#27.66#36.68#35.66
-90.7113,30.9169#27.65#36.83#35.52
-90.6584,30.9154#27.65#36.97#35.38
-90.6054,30.914#27.64#37.12#35.24
-90.5525,30.9125#27.64#37.26#35.1
-90.4996,30.911#27.63#37.41#34.96
-90.4467,30.9095#27.68#37.55#34.77
-90.3938,30.9079#27.73#37.69#34.58
-90.3409,30.9064#27.77#37.84#34.39
-90.288,30.9048#27.82#37.98#34.2
-90.235,30.9032#27.87#38.12#34.01
-90.1821,30.9016#27.92#38.27#33.81
-90.1292,30.9#27.97#38.41#33.62
-101.144,30.9011#37.29#27.63#35.08
-101.091,30.9031#37.19#27.62#35.19
-101.038,30.9052#37.09#27.62#35.29
-100.985,30.9072#37#27.61#35.39
-100.932,30.9092#36.91#27.6#35.49
-100.879,30.9111#36.83#27.59#35.58
-100.827,30.9131#36.74#27.58#35.68
-100.774,30.915#36.66#27.57#35.77
-100.721,30.917#36.57#27.55#35.88
-100.668,30.9189#36.48#27.54#35.98
-100.615,30.9208#36.4#27.53#36.07
-100.562,30.9226#36.31#27.52#36.17
-100.509,30.9245#36.22#27.5#36.28
-100.456,30.9263#36.13#27.49#36.38
-100.403,30.9282#36.03#27.47#36.5
-100.35,30.93#35.93#27.45#36.62
-100.297,30.9317#35.83#27.43#36.74
-100.245,30.9335#35.73#27.41#36.86
-100.192,30.9352#35.63#27.4#36.97
-100.139,30.937#35.53#27.38#37.09
-100.086,30.9387#35.42#27.36#37.22
-100.033,30.9404#35.32#27.34#37.34
-99.98,30.9421#35.23#27.35#37.42
-99.9271,30.9437#35.14#27.41#37.45
-99.8741,30.9454#35.06#27.47#37.47
-99.8212,30.947#34.97#27.53#37.5
-99.7683,30.9486#34.88#27.6#37.52
-99.7153,30.9502#34.8#27.66#37.54
-99.6624,30.9518#34.71#27.72#37.57
-99.6095,30.9533#34.62#27.78#37.6
-99.5566,30.9548#34.54#27.84#37.62
-99.5036,30.9564#34.45#27.9#37.65
-99.4507,30.9579#34.37#27.97#37.66
-99.3977,30.9593#34.3#28.05#37.65
-99.3448,30.9608#34.22#28.12#37.66
-99.2919,30.9623#34.15#28.2#37.65
-99.2389,30.9637#34.07#28.27#37.66
-99.186,30.9651#34#28.35#37.65
-99.133,30.9665#33.92#28.42#37.66
-99.0801,30.9679#33.84#28.5#37.66
-99.0271,30.9692#33.77#28.57#37.66
-98.9742,30.9706#33.7#28.63#37.67
-98.9212,30.9719#33.64#28.66#37.7
-98.8683,30.9732#33.58#28.69#37.73
-98.8153,30.9745#33.51#28.72#37.77
-98.7624,30.9757#33.45#28.75#37.8
-98.7094,30.977#33.39#28.78#37.83
-98.6565,30.9782#33.33#28.81#37.86
-98.6035,30.9794#33.27#28.84#37.89
-98.5506,30.9806#33.2#28.87#37.93
-98.4976,30.9818#33.14#28.9#37.96
-98.4446,30.983#33.08#28.82#38.1
-98.3917,30.9841#33.03#28.74#38.23
-98.3387,30.9853#32.97#28.66#38.37
-98.2858,30.9864#32.91#28.58#38.51
-98.2328,30.9875#32.85#28.5#38.65
-98.1798,30.9885#32.79#28.42#38.79
-98.1269,30.9896#32.74#28.34#38.92
-98.0739,30.9906#32.68#28.26#39.06
-98.0209,30.9916#32.62#28.18#39.2
-97.968,30.9926#32.56#28.09#39.35
-97.915,30.9936#32.51#28#39.49
-97.862,30.9946#32.45#27.91#39.64
-97.809,30.9956#32.39#27.82#39.79
-97.7561,30.9965#32.33#27.72#39.95
-97.7031,30.9974#32.28#27.63#40.09
-97.6501,30.9983#32.22#27.54#40.24
-97.5972,30.9992#32.16#27.45#40.39
-97.5442,31#32.1#27.35#40.55
-97.4912,31.0009#32.05#27.27#40.68
-97.4382,31.0017#31.99#27.24#40.77
-97.3852,31.0025#31.94#27.2#40.86
-97.3323,31.0033#31.88#27.17#40.95
-97.2793,31.0041#31.82#27.14#41.04
-97.2263,31.0048#31.77#27.1#41.13
-97.1733,31.0056#31.71#27.07#41.22
-97.1203,31.0063#31.66#27.03#41.31
-97.0674,31.007#31.6#27#41.4
-97.0144,31.0077#31.54#26.97#41.49
-96.9614,31.0083#31.5#26.95#41.55
-96.9084,31.009#31.46#26.94#41.6
-96.8554,31.0096#31.42#26.93#41.65
-96.8024,31.0102#31.38#26.92#41.7
-96.7495,31.0108#31.33#26.91#41.76
-96.6965,31.0114#31.29#26.9#41.81
-96.6435,31.012#31.25#26.89#41.86
-96.5905,31.0125#31.21#26.88#41.91
-96.5375,31.013#31.17#26.87#41.96
-96.4845,31.0135#31.12#26.87#42.01
-96.4315,31.014#31.08#26.87#42.05
-96.3785,31.0145#31.03#26.88#42.09
-96.3256,31.0149#30.98#26.89#42.13
-96.2726,31.0154#30.93#26.89#42.18
-96.2196,31.0158#30.88#26.9#42.22
-96.1666,31.0162#30.83#26.9#42.27
-96.1136,31.0166#30.78#26.91#42.31
-96.0606,31.0169#30.74#26.92#42.34
-96.0076,31.0173#30.69#26.92#42.39
-95.9546,31.0176#30.64#26.94#42.42
-95.9016,31.0179#30.6#26.96#42.44
-95.8486,31.0182#30.55#26.98#42.47
-95.7956,31.0185#30.51#27#42.49
-95.7426,31.0188#30.47#27.02#42.51
-95.6897,31.019#30.42#27.04#42.54
-95.6367,31.0192#30.38#27.06#42.56
-95.5837,31.0194#30.33#27.08#42.59
-95.5307,31.0196#30.29#27.1#42.61
-95.4777,31.0198#30.25#27.12#42.63
-95.4247,31.0199#30.21#27.16#42.63
-95.3717,31.0201#30.17#27.19#42.64
-95.3187,31.0202#30.14#27.22#42.64
-95.2657,31.0203#30.1#27.26#42.64
-95.2127,31.0204#30.06#27.29#42.65
-95.1597,31.0204#30.03#27.33#42.64
-95.1067,31.0205#29.99#27.36#42.65
-95.0537,31.0205#29.95#27.4#42.65
-95.0007,31.0205#29.92#27.43#42.65
-94.9477,31.0205#29.88#27.49#42.63
-94.8947,31.0205#29.84#27.54#42.62
-94.8417,31.0204#29.8#27.6#42.6
-94.7888,31.0204#29.76#27.66#42.58
-94.7358,31.0203#29.73#27.72#42.55
-94.6828,31.0202#29.69#27.77#42.54
-94.6298,31.0201#29.65#27.83#42.52
-94.5768,31.0199#29.61#27.89#42.5
-94.5238,31.0198#29.57#27.95#42.48
-94.4708,31.0196#29.54#28.02#42.44
-94.4178,31.0194#29.5#28.1#42.4
-94.3648,31.0192#29.46#28.19#42.35
-94.3118,31.019#29.42#28.28#42.3
-94.2588,31.0188#29.38#28.36#42.26
-94.2058,31.0185#29.34#28.45#42.21
-94.1528,31.0182#29.3#28.53#42.17
-94.0998,31.0179#29.26#28.62#42.12
-94.0468,31.0176#29.22#28.71#42.07
-93.9939,31.0173#29.18#28.8#42.02
-93.9409,31.017#29.14#28.89#41.97
-93.8879,31.0166#29.09#28.99#41.92
-93.8349,31.0162#29.05#29.09#41.86
-93.7819,31.0158#29.01#29.19#41.8
-93.7289,31.0154#28.96#29.29#41.75
-93.6759,31.015#28.92#29.39#41.69
-93.6229,31.0145#28.88#29.49#41.63
-93.5699,31.014#28.83#29.59#41.58
-93.5169,31.0135#28.79#29.69#41.52
-93.464,31.013#28.75#29.79#41.46
-93.411,31.0125#28.71#29.9#41.39
-93.358,31.012#28.67#30.01#41.32
-93.305,31.0114#28.62#30.12#41.26
-93.252,31.0108#28.58#30.23#41.19
-93.199,31.0102#28.54#30.33#41.13
-93.146,31.0096#28.5#30.44#41.06
-93.0931,31.009#28.46#30.55#40.99
-93.0401,31.0084#28.41#30.66#40.93
-92.9871,31.0077#28.37#30.77#40.86
-92.9341,31.007#28.34#30.87#40.79
-92.8811,31.0063#28.31#30.98#40.71
-92.8281,31.0056#28.27#31.09#40.64
-92.7752,31.0048#28.24#31.2#40.56
-92.7222,31.0041#28.21#31.31#40.48
-92.6692,31.0033#28.17#31.42#40.41
-92.6162,31.0025#28.14#31.54#40.32
-92.5632,31.0017#28.1#31.65#40.25
-92.5103,31.0009#28.07#31.76#40.17
-92.4573,31.0001#28.05#31.9#40.05
-92.4043,30.9992#28.02#32.05#39.93
-92.3513,30.9983#28#32.2#39.8
-92.2984,30.9974#27.98#32.35#39.67
-92.2454,30.9965#27.96#32.5#39.54
-92.1924,30.9956#27.94#32.65#39.41
-92.1394,30.9946#27.92#32.8#39.28
-92.0865,30.9937#27.9#32.95#39.15
-92.0335,30.9927#27.87#33.1#39.03
-91.9805,30.9917#27.86#33.24#38.9
-91.9276,30.9907#27.85#33.38#38.77
-91.8746,30.9896#27.83#33.52#38.65
-91.8216,30.9886#27.82#33.66#38.52
-91.7687,30.9875#27.81#33.8#38.39
-91.7157,30.9864#27.8#33.93#38.27
-91.6627,30.9853#27.79#34.07#38.14
-91.6098,30.9842#27.78#34.21#38.01
-91.5568,30.983#27.77#34.35#37.88
-91.5039,30.9819#27.75#34.49#37.76
-91.4509,30.9807#27.75#34.63#37.62
-91.3979,30.9795#27.74#34.77#37.49
-91.345,30.9783#27.74#34.91#37.35
-91.292,30.977#27.73#35.05#37.22
-91.2391,30.9758#27.72#35.18#37.1
-91.1861,30.9745#27.72#35.32#36.96
-91.1332,30.9732#27.71#35.46#36.83
-91.0802,30.9719#27.71#35.6#36.69
-91.0273,30.9706#27.7#35.74#36.56
-90.9743,30.9693#27.7#35.88#36.42
-90.9214,30.9679#27.69#36.03#36.28
-90.8684,30.9665#27.69#36.17#36.14
-90.8155,30.9651#27.68#36.32#36
-90.7625,30.9637#27.67#36.46#35.87
-90.7096,30.9623#27.67#36.6#35.73
-90.6567,30.9608#27.66#36.75#35.59
-90.6037,30.9594#27.66#36.89#35.45
-90.5508,30.9579#27.65#37.04#35.31
-90.4978,30.9564#27.65#37.19#35.16
-90.4449,30.9549#27.7#37.33#34.97
-90.392,30.9533#27.74#37.47#34.79
-90.339,30.9518#27.79#37.62#34.59
-90.2861,30.9502#27.84#37.76#34.4
-90.2332,30.9486#27.88#37.9#34.22
-90.1803,30.947#27.93#38.05#34.02
-90.1273,30.9454#27.98#38.19#33.83
-90.0744,30.9438#28.02#38.34#33.64
-90.0215,30.9421#28.07#38.48#33.45
-89.9686,30.9404#28.12#38.63#33.25
-89.9156,30.9387#28.17#38.77#33.06
-89.8627,30.937#28.21#38.92#32.87
-89.8098,30.9353#28.26#39.07#32.67
-89.7569,30.9335#28.31#39.22#32.47
-89.704,30.9318#28.35#39.37#32.28
-89.6511,30.93#28.4#39.52#32.08
-89.5981,30.9282#28.45#39.67#31.88
-89.5452,30.9264#28.5#39.82#31.68
-89.4923,30.9245#28.54#39.97#31.49
-89.4394,30.9227#28.55#40.12#31.33
-89.3865,30.9208#28.56#40.27#31.17
-89.3336,30.9189#28.57#40.43#31
-89.2807,30.917#28.59#40.58#30.83
-89.2278,30.9151#28.6#40.74#30.66
-89.1749,30.9132#28.61#40.9#30.49
-89.122,30.9112#28.62#41.05#30.33
-89.0691,30.9092#28.63#41.21#30.16
-89.0162,30.9072#28.64#41.36#30
-88.9633,30.9052#28.59#41.52#29.89
-88.9105,30.9032#28.51#41.67#29.82
-88.8576,30.9011#28.43#41.82#29.75
-102.204,30.9018#39.63#27.59#32.78
-102.151,30.9042#39.52#27.59#32.89
-102.098,30.9065#39.42#27.59#32.99
-102.045,30.9089#39.31#27.58#33.11
-101.993,30.9113#39.2#27.58#33.22
-101.94,30.9136#39.1#27.59#33.31
-101.887,30.9159#39.01#27.6#33.39
-101.834,30.9182#38.91#27.61#33.48
-101.781,30.9205#38.81#27.61#33.58
-101.728,30.9228#38.71#27.62#33.67
-101.675,30.925#38.61#27.63#33.76
-101.622,30.9272#38.51#27.63#33.86
-101.569,30.9294#38.41#27.64#33.95
-101.517,30.9316#38.31#27.65#34.04
-101.464,30.9338#38.21#27.65#34.14
-101.411,30.936#38.11#27.64#34.25
-101.358,30.9381#38.01#27.64#34.35
-101.305,30.9402#37.91#27.64#34.45
-101.252,30.9423#37.81#27.63#34.56
-101.199,30.9444#37.71#27.63#34.66
-101.146,30.9465#37.61#27.62#34.77
-101.093,30.9485#37.51#27.62#34.87
-101.04,30.9506#37.41#27.61#34.98
-100.988,30.9526#37.31#27.61#35.08
-100.935,30.9546#37.22#27.6#35.18
-100.882,30.9565#37.14#27.58#35.28
-100.829,30.9585#37.05#27.57#35.38
-100.776,30.9604#36.96#27.56#35.48
-100.723,30.9624#36.87#27.54#35.59
-100.67,30.9643#36.78#27.53#35.69
-100.617,30.9662#36.7#27.52#35.78
-100.564,30.968#36.61#27.5#35.89
-100.511,30.9699#36.52#27.49#35.99
-100.458,30.9717#36.42#27.47#36.11
-100.405,30.9736#36.32#27.46#36.22
-100.352,30.9754#36.22#27.44#36.34
-100.3,30.9771#36.12#27.42#36.46
-100.247,30.9789#36.02#27.4#36.58
-100.194,30.9807#35.92#27.38#36.7
-100.141,30.9824#35.81#27.36#36.83
-100.088,30.9841#35.71#27.34#36.95
-100.035,30.9858#35.61#27.33#37.06
-99.9819,30.9875#35.52#27.33#37.15
-99.929,30.9891#35.43#27.4#37.17
-99.876,30.9908#35.34#27.46#37.2
-99.8231,30.9924#35.25#27.52#37.23
-99.7701,30.994#35.17#27.58#37.25
-99.7172,30.9956#35.08#27.64#37.28
-99.6642,30.9972#34.99#27.71#37.3
-99.6113,30.9987#34.9#27.77#37.33
-99.5583,31.0003#34.81#27.83#37.36
-99.5054,31.0018#34.72#27.89#37.39
-99.4524,31.0033#34.65#27.97#37.38
-99.3995,31.0048#34.57#28.04#37.39
-99.3465,31.0062#34.49#28.12#37.39
-99.2935,31.0077#34.42#28.19#37.39
-99.2406,31.0091#34.34#28.27#37.39
-99.1876,31.0105#34.26#28.34#37.4
-99.1346,31.0119#34.18#28.42#37.4
-99.0817,31.0133#34.1#28.49#37.41
-99.0287,31.0146#34.03#28.57#37.4
-98.9757,31.016#33.96#28.62#37.42
-98.9228,31.0173#33.89#28.66#37.45
-98.8698,31.0186#33.83#28.69#37.48
-98.8168,31.0199#33.76#28.72#37.52
-98.7639,31.0212#33.7#28.75#37.55
-98.7109,31.0224#33.63#28.78#37.59
-98.6579,31.0236#33.57#28.81#37.62
-98.6049,31.0249#33.5#28.84#37.66
-98.5519,31.0261#33.44#28.87#37.69
-98.499,31.0272#33.37#28.9#37.73
-98.446,31.0284#33.31#28.82#37.87
-98.393,31.0295#33.25#28.74#38.01
-98.34,31.0307#33.19#28.66#38.15
-98.287,31.0318#33.13#28.58#38.29
-98.2341,31.0329#33.07#28.5#38.43
-98.1811,31.034#33.01#28.42#38.57
-98.1281,31.035#32.95#28.34#38.71
-98.0751,31.036#32.89#28.26#38.85
-98.0221,31.0371#32.83#28.18#38.99
-97.9691,31.0381#32.77#28.09#39.14
-97.9161,31.0391#32.71#28#39.29
-97.8631,31.04#32.65#27.91#39.44
-97.8101,31.041#32.6#27.82#39.58
-97.7571,31.0419#32.54#27.72#39.74
-97.7042,31.0428#32.48#27.63#39.89
-97.6512,31.0437#32.42#27.54#40.04
-97.5982,31.0446#32.36#27.45#40.19
-97.5452,31.0455#32.3#27.36#40.34
-97.4922,31.0463#32.24#27.27#40.49
-97.4392,31.0471#32.18#27.24#40.58
-97.3862,31.0479#32.13#27.2#40.67
-97.3332,31.0487#32.07#27.17#40.76
-97.2802,31.0495#32.01#27.13#40.86
-97.2272,31.0503#31.96#27.1#40.94
-97.1742,31.051#31.9#27.07#41.03
-97.1212,31.0517#31.84#27.03#41.13
-97.0682,31.0524#31.79#27#41.21
-97.0152,31.0531#31.73#26.96#41.31
-96.9622,31.0538#31.68#26.95#41.37
-96.9092,31.0544#31.64#26.94#41.42
-96.8562,31.055#31.59#26.93#41.48
-96.8031,31.0557#31.55#26.92#41.53
-96.7501,31.0562#31.5#26.91#41.59
-96.6971,31.0568#31.46#26.9#41.64
-96.6441,31.0574#31.41#26.89#41.7
-96.5911,31.0579#31.37#26.88#41.75
-96.5381,31.0585#31.32#26.87#41.81
-96.4851,31.059#31.28#26.86#41.86
-96.4321,31.0594#31.23#26.87#41.9
-96.3791,31.0599#31.17#26.87#41.96
-96.3261,31.0604#31.12#26.88#42
-96.2731,31.0608#31.07#26.89#42.04
-96.2201,31.0612#31.02#26.89#42.09
-96.167,31.0616#30.97#26.9#42.13
-96.114,31.062#30.92#26.9#42.18
-96.061,31.0624#30.87#26.91#42.22
-96.008,31.0627#30.82#26.91#42.27
-95.955,31.063#30.77#26.93#42.3
-95.902,31.0634#30.73#26.94#42.33
-95.849,31.0636#30.68#26.96#42.36
-95.796,31.0639#30.63#26.98#42.39
-95.7429,31.0642#30.59#27#42.41
-95.6899,31.0644#30.54#27.01#42.45
-95.6369,31.0646#30.49#27.03#42.48
-95.5839,31.0648#30.45#27.05#42.5
-95.5309,31.065#30.4#27.07#42.53
-95.4779,31.0652#30.36#27.09#42.55
-95.4249,31.0654#30.32#27.12#42.56
-95.3718,31.0655#30.29#27.15#42.56
-95.3188,31.0656#30.25#27.18#42.57
-95.2658,31.0657#30.21#27.22#42.57
-95.2128,31.0658#30.17#27.25#42.58
-95.1598,31.0658#30.14#27.28#42.58
-95.1068,31.0659#30.1#27.31#42.59
-95.0537,31.0659#30.06#27.34#42.6
-95.0007,31.0659#30.03#27.37#42.6
-94.9477,31.0659#29.99#27.43#42.58
-94.8947,31.0659#29.95#27.48#42.57
-94.8417,31.0658#29.91#27.53#42.56
-94.7887,31.0658#29.87#27.59#42.54
-94.7357,31.0657#29.83#27.64#42.53
-94.6826,31.0656#29.79#27.7#42.51
-94.6296,31.0655#29.75#27.75#42.5
-94.5766,31.0654#29.72#27.81#42.47
-94.5236,31.0652#29.68#27.86#42.46
-94.4706,31.065#29.64#27.93#42.43
-94.4176,31.0649#29.6#28.01#42.39
-94.3646,31.0647#29.56#28.09#42.35
-94.3115,31.0644#29.51#28.17#42.32
-94.2585,31.0642#29.47#28.26#42.27
-94.2055,31.0639#29.43#28.34#42.23
-94.1525,31.0637#29.39#28.42#42.19
-94.0995,31.0634#29.35#28.5#42.15
-94.0465,31.0631#29.31#28.58#42.11
-93.9935,31.0627#29.27#28.67#42.06
-93.9404,31.0624#29.23#28.76#42.01
-93.8874,31.062#29.18#28.86#41.96
-93.8344,31.0616#29.14#28.96#41.9
-93.7814,31.0612#29.09#29.05#41.86
-93.7284,31.0608#29.05#29.15#41.8
-93.6754,31.0604#29#29.25#41.75
-93.6224,31.0599#28.96#29.35#41.69
-93.5694,31.0595#28.92#29.44#41.64
-93.5164,31.059#28.87#29.54#41.59
-93.4634,31.0585#28.83#29.65#41.52
-93.4103,31.0579#28.79#29.75#41.46
-93.3573,31.0574#28.74#29.86#41.4
-93.3043,31.0568#28.7#29.97#41.33
-93.2513,31.0563#28.66#30.08#41.26
-93.1983,31.0557#28.62#30.19#41.19
-93.1453,31.0551#28.57#30.3#41.13
-93.0923,31.0544#28.53#30.41#41.06
-93.0393,31.0538#28.49#30.51#41
-92.9863,31.0531#28.45#30.62#40.93
-92.9333,31.0524#28.41#30.72#40.87
-92.8803,31.0517#28.38#30.83#40.79
-92.8273,31.051#28.34#30.93#40.73
-92.7743,31.0503#28.3#31.03#40.67
-92.7213,31.0495#28.27#31.14#40.59
-92.6683,31.0487#28.23#31.24#40.53
-92.6153,31.048#28.2#31.35#40.45
-92.5623,31.0472#28.16#31.45#40.39
-92.5093,31.0463#28.13#31.56#40.31
-92.4563,31.0455#28.1#31.7#40.2
-92.4033,31.0446#28.08#31.85#40.07
-92.3503,31.0437#28.05#32#39.95
-92.2973,31.0428#28.03#32.15#39.82
-92.2443,31.0419#28.01#32.31#39.68
-92.1913,31.041#27.98#32.46#39.56
-92.1383,31.0401#27.96#32.61#39.43
-92.0853,31.0391#27.94#32.76#39.3
-92.0323,31.0381#27.91#32.91#39.18
-91.9794,31.0371#27.89#33.06#39.05
-91.9264,31.0361#27.88#33.19#38.93
-91.8734,31.035#27.87#33.32#38.81
-91.8204,31.034#27.85#33.46#38.69
-91.7674,31.0329#27.84#33.59#38.57
-91.7144,31.0318#27.83#33.73#38.44
-91.6614,31.0307#27.82#33.86#38.32
-91.6085,31.0296#27.8#34#38.2
-91.5555,31.0284#27.79#34.13#38.08
-91.5025,31.0273#27.78#34.27#37.95
-91.4495,31.0261#27.77#34.41#37.82
-91.3965,31.0249#27.77#34.55#37.68
-91.3436,31.0237#27.76#34.69#37.55
-91.2906,31.0224#27.75#34.82#37.43
-91.2376,31.0212#27.75#34.96#37.29
-91.1846,31.0199#27.74#35.1#37.16
-91.1317,31.0186#27.73#35.24#37.03
-91.0787,31.0173#27.73#35.38#36.89
-91.0257,31.016#27.72#35.52#36.76
-90.9728,31.0147#27.72#35.66#36.62
-90.9198,31.0133#27.71#35.8#36.49
-90.8668,31.0119#27.7#35.95#36.35
-90.8139,31.0105#27.7#36.09#36.21
-90.7609,31.0091#27.69#36.24#36.07
-90.7079,31.0077#27.69#36.38#35.93
-90.655,31.0063#27.68#36.53#35.79
-90.602,31.0048#27.67#36.67#35.66
-90.549,31.0033#27.67#36.82#35.51
-90.4961,31.0018#27.67#36.96#35.37
-90.4431,31.0003#27.71#37.11#35.18
-90.3902,30.9988#27.76#37.25#34.99
-90.3372,30.9972#27.8#37.4#34.8
-90.2843,30.9956#27.85#37.54#34.61
-90.2313,30.994#27.9#37.68#34.42
-90.1784,30.9924#27.94#37.83#34.23
-90.1254,30.9908#27.99#37.97#34.04
-90.0725,30.9892#28.04#38.12#33.84
-90.0195,30.9875#28.08#38.26#33.66
-89.9666,30.9858#28.13#38.41#33.46
-89.9136,30.9841#28.17#38.56#33.27
-89.8607,30.9824#28.22#38.7#33.08
-89.8078,30.9807#28.27#38.85#32.88
-89.7548,30.979#28.31#39#32.69
-89.7019,30.9772#28.36#39.15#32.49
-89.649,30.9754#28.41#39.3#32.29
-89.596,30.9736#28.45#39.44#32.11
-89.5431,30.9718#28.5#39.59#31.91
-89.4902,30.9699#28.54#39.74#31.72
-89.4372,30.9681#28.55#39.89#31.56
-89.3843,30.9662#28.56#40.05#31.39
-89.3314,30.9643#28.57#40.2#31.23
-89.2785,30.9624#28.59#40.36#31.05
-89.2256,30.9605#28.6#40.51#30.89
-89.1726,30.9586#28.61#40.66#30.73
-89.1197,30.9566#28.62#40.82#30.56
-89.0668,30.9546#28.63#40.97#30.4
-89.0139,30.9526#28.64#41.13#30.23
-88.961,30.9506#28.58#41.28#30.14
-88.9081,30.9486#28.5#41.43#30.07
-88.8552,30.9465#28.42#41.58#30
-88.8023,30.9445#28.34#41.74#29.92
-88.7494,30.9424#28.26#41.89#29.85
-88.6965,30.9403#28.18#42.04#29.78
-88.6436,30.9382#28.1#42.19#29.71
-88.5907,30.936#28.02#42.35#29.63
-88.5378,30.9339#27.93#42.5#29.57
-88.4849,30.9317#27.85#42.64#29.51
-88.432,30.9295#27.77#42.76#29.47
-88.3791,30.9273#27.68#42.88#29.44
-88.3262,30.9251#27.6#42.99#29.41
-88.2733,30.9228#27.51#43.11#29.38
-88.2204,30.9206#27.43#43.23#29.34
-88.1675,30.9183#27.34#43.34#29.32
-88.1147,30.916#27.26#43.46#29.28
-88.0618,30.9137#27.17#43.58#29.25
-88.0089,30.9113#27.09#43.69#29.22
-87.956,30.909#27.05#43.81#29.14
-87.9032,30.9066#27.02#43.92#29.06
-87.8503,30.9042#26.99#44.04#28.97
-87.7974,30.9018#26.96#44.15#28.89
-103.158,30.9008#41.79#28.16#30.05
-103.106,30.9035#41.7#28.05#30.25
-103.053,30.9063#41.62#27.95#30.43
-103,30.9089#41.53#27.84#30.63
-102.947,30.9116#41.43#27.81#30.76
-102.894,30.9143#41.32#27.79#30.89
-102.841,30.9169#41.22#27.76#31.02
-102.788,30.9195#41.12#27.74#31.14
-102.736,30.9221#41.01#27.71#31.28
-102.683,30.9247#40.91#27.69#31.4
-102.63,30.9273#40.81#27.66#31.53
-102.577,30.9298#40.71#27.64#31.65
-102.524,30.9323#40.6#27.61#31.79
-102.471,30.9348#40.5#27.6#31.9
-102.418,30.9373#40.39#27.6#32.01
-102.365,30.9398#40.28#27.6#32.12
-102.313,30.9423#40.18#27.6#32.22
-102.26,30.9447#40.07#27.59#32.34
-102.207,30.9471#39.97#27.59#32.44
-102.154,30.9495#39.86#27.59#32.55
-102.101,30.9519#39.75#27.59#32.66
-102.048,30.9543#39.65#27.59#32.76
-101.995,30.9566#39.54#27.59#32.87
-101.942,30.959#39.44#27.6#32.96
-101.889,30.9613#39.34#27.61#33.05
-101.837,30.9636#39.24#27.61#33.15
-101.784,30.9659#39.14#27.62#33.24
-101.731,30.9681#39.04#27.63#33.33
-101.678,30.9704#38.94#27.63#33.43
-101.625,30.9726#38.84#27.64#33.52
-101.572,30.9748#38.74#27.64#33.62
-101.519,30.977#38.64#27.65#33.71
-101.466,30.9792#38.54#27.65#33.81
-101.413,30.9813#38.44#27.64#33.92
-101.36,30.9835#38.34#27.64#34.02
-101.307,30.9856#38.23#27.63#34.14
-101.255,30.9877#38.13#27.63#34.24
-101.202,30.9898#38.03#27.62#34.35
-101.149,30.9919#37.93#27.62#34.45
-101.096,30.9939#37.83#27.61#34.56
-101.043,30.9959#37.73#27.61#34.66
-100.99,30.998#37.63#27.6#34.77
-100.937,31#37.54#27.59#34.87
-100.884,31.0019#37.45#27.58#34.97
-100.831,31.0039#37.36#27.56#35.08
-100.778,31.0058#37.27#27.55#35.18
-100.725,31.0078#37.18#27.53#35.29
-100.672,31.0097#37.09#27.52#35.39
-100.619,31.0116#36.99#27.51#35.5
-100.566,31.0134#36.9#27.49#35.61
-100.513,31.0153#36.81#27.48#35.71
-100.46,31.0171#36.71#27.46#35.83
-100.408,31.019#36.61#27.44#35.95
-100.355,31.0208#36.51#27.42#36.07
-100.302,31.0225#36.41#27.41#36.18
-100.249,31.0243#36.31#27.39#36.3
-100.196,31.0261#36.21#27.37#36.42
-100.143,31.0278#36.1#27.35#36.55
-100.09,31.0295#36#27.33#36.67
-100.037,31.0312#35.9#27.31#36.79
-99.9839,31.0329#35.8#27.32#36.88
-99.9309,31.0345#35.71#27.38#36.91
-99.8779,31.0362#35.63#27.44#36.93
-99.825,31.0378#35.54#27.51#36.95
-99.772,31.0394#35.45#27.57#36.98
-99.719,31.041#35.36#27.63#37.01
-99.6661,31.0426#35.27#27.7#37.03
-99.6131,31.0441#35.18#27.76#37.06
-99.5601,31.0457#35.09#27.82#37.09
-99.5071,31.0472#35#27.88#37.12
-99.4542,31.0487#34.92#27.96#37.12
-99.4012,31.0502#34.84#28.03#37.13
-99.3482,31.0516#34.76#28.11#37.13
-99.2952,31.0531#34.68#28.19#37.13
-99.2422,31.0545#34.6#28.26#37.14
-99.1892,31.0559#34.53#28.34#37.13
-99.1363,31.0573#34.45#28.41#37.14
-99.0833,31.0587#34.37#28.49#37.14
-99.0303,31.06#34.29#28.57#37.14
-98.9773,31.0614#34.21#28.62#37.17
-98.9243,31.0627#34.15#28.65#37.2
-98.8713,31.064#34.08#28.68#37.24
-98.8183,31.0653#34.01#28.72#37.27
-98.7653,31.0666#33.94#28.75#37.31
-98.7123,31.0678#33.88#28.78#37.34
-98.6593,31.0691#33.81#28.81#37.38
-98.6063,31.0703#33.74#28.84#37.42
-98.5533,31.0715#33.67#28.87#37.46
-98.5003,31.0727#33.61#28.9#37.49
-98.4473,31.0738#33.54#28.82#37.64
-98.3943,31.075#33.48#28.74#37.78
-98.3413,31.0761#33.42#28.66#37.92
-98.2883,31.0772#33.36#28.58#38.06
-98.2353,31.0783#33.29#28.5#38.21
-98.1823,31.0794#33.23#28.42#38.35
-98.1293,31.0804#33.17#28.34#38.49
-98.0763,31.0815#33.11#28.26#38.63
-98.0233,31.0825#33.04#28.18#38.78
-97.9703,31.0835#32.98#28.1#38.92
-97.9173,31.0845#32.92#28#39.08
-97.8643,31.0854#32.86#27.91#39.23
-97.8112,31.0864#32.8#27.82#39.38
-97.7582,31.0873#32.74#27.73#39.53
-97.7052,31.0882#32.68#27.63#39.69
-97.6522,31.0891#32.62#27.54#39.84
-97.5992,31.09#32.55#27.45#40
-97.5462,31.0909#32.49#27.36#40.15
-97.4931,31.0917#32.43#27.27#40.3
-97.4401,31.0925#32.37#27.24#40.39
-97.3871,31.0934#32.32#27.2#40.48
-97.3341,31.0941#32.26#27.17#40.57
-97.2811,31.0949#32.2#27.13#40.67
-97.228,31.0957#32.15#27.1#40.75
-97.175,31.0964#32.09#27.06#40.85
-97.122,31.0971#32.03#27.03#40.94
-97.069,31.0978#31.97#27#41.03
-97.016,31.0985#31.91#26.96#41.13
-96.9629,31.0992#31.86#26.94#41.2
-96.9099,31.0998#31.82#26.93#41.25
-96.8569,31.1005#31.77#26.93#41.3
-96.8039,31.1011#31.72#26.92#41.36
-96.7508,31.1017#31.67#26.91#41.42
-96.6978,31.1023#31.62#26.9#41.48
-96.6448,31.1028#31.58#26.89#41.53
-96.5917,31.1034#31.53#26.88#41.59
-96.5387,31.1039#31.48#26.87#41.65
-96.4857,31.1044#31.43#26.86#41.71
-96.4327,31.1049#31.37#26.86#41.77
-96.3796,31.1053#31.32#26.87#41.81
-96.3266,31.1058#31.27#26.87#41.86
-96.2736,31.1062#31.22#26.88#41.9
-96.2205,31.1066#31.16#26.88#41.96
-96.1675,31.107#31.11#26.89#42
-96.1145,31.1074#31.06#26.89#42.05
-96.0614,31.1078#31#26.9#42.1
-96.0084,31.1081#30.95#26.9#42.15
-95.9554,31.1085#30.9#26.91#42.19
-95.9023,31.1088#30.85#26.93#42.22
-95.8493,31.1091#30.8#26.95#42.25
-95.7963,31.1094#30.76#26.96#42.28
-95.7432,31.1096#30.71#26.98#42.31
-95.6902,31.1098#30.66#26.99#42.35
-95.6372,31.1101#30.61#27.01#42.38
-95.5841,31.1103#30.56#27.02#42.42
-95.5311,31.1105#30.51#27.04#42.45
-95.4781,31.1106#30.47#27.06#42.47
-95.425,31.1108#30.43#27.09#42.48
-95.372,31.1109#30.4#27.12#42.48
-95.3189,31.111#30.36#27.14#42.5
-95.2659,31.1111#30.32#27.17#42.51
-95.2129,31.1112#30.29#27.2#42.51
-95.1598,31.1113#30.25#27.23#42.52
-95.1068,31.1113#30.21#27.26#42.53
-95.0538,31.1113#30.18#27.29#42.53
-95.0007,31.1114#30.14#27.32#42.54
-94.9477,31.1113#30.1#27.37#42.53
-94.8947,31.1113#30.06#27.42#42.52
-94.8416,31.1113#30.02#27.47#42.51
-94.7886,31.1112#29.98#27.52#42.5
-94.7356,31.1111#29.94#27.57#42.49
-94.6825,31.111#29.9#27.62#42.48
-94.6295,31.1109#29.86#27.67#42.47
-94.5764,31.1108#29.82#27.72#42.46
-94.5234,31.1106#29.78#27.77#42.45
-94.4704,31.1105#29.74#27.84#42.42
-94.4173,31.1103#29.69#27.92#42.39
-94.3643,31.1101#29.65#27.99#42.36
-94.3113,31.1099#29.61#28.07#42.32
-94.2582,31.1096#29.57#28.15#42.28
-94.2052,31.1094#29.53#28.23#42.24
-94.1522,31.1091#29.49#28.3#42.21
-94.0991,31.1088#29.45#28.38#42.17
-94.0461,31.1085#29.4#28.46#42.14
-93.9931,31.1082#29.36#28.54#42.1
-93.94,31.1078#29.32#28.63#42.05
-93.887,31.1074#29.27#28.73#42
-93.834,31.1071#29.23#28.82#41.95
-93.7809,31.1067#29.18#28.92#41.9
-93.7279,31.1062#29.13#29.01#41.86
-93.6749,31.1058#29.09#29.11#41.8
-93.6218,31.1054#29.04#29.2#41.76
-93.5688,31.1049#29#29.3#41.7
-93.5158,31.1044#28.95#29.39#41.66
-93.4628,31.1039#28.91#29.5#41.59
-93.4097,31.1034#28.86#29.61#41.53
-93.3567,31.1028#28.82#29.72#41.46
-93.3037,31.1023#28.78#29.82#41.4
-93.2506,31.1017#28.73#29.93#41.34
-93.1976,31.1011#28.69#30.04#41.27
-93.1446,31.1005#28.65#30.15#41.2
-93.0916,31.0999#28.6#30.26#41.14
-93.0385,31.0992#28.56#30.37#41.07
-92.9855,31.0985#28.52#30.48#41
-92.9325,31.0979#28.48#30.57#40.95
-92.8795,31.0972#28.44#30.67#40.89
-92.8264,31.0964#28.41#30.77#40.82
-92.7734,31.0957#28.37#30.86#40.77
-92.7204,31.0949#28.33#30.96#40.71
-92.6674,31.0942#28.3#31.06#40.64
-92.6144,31.0934#28.26#31.16#40.58
-92.5613,31.0926#28.22#31.25#40.53
-92.5083,31.0917#28.18#31.35#40.47
-92.4553,31.0909#28.16#31.5#40.34
-92.4023,31.09#28.13#31.65#40.22
-92.3493,31.0892#28.1#31.81#40.09
-92.2963,31.0883#28.08#31.96#39.96
-92.2432,31.0874#28.05#32.11#39.84
-92.1902,31.0864#28.03#32.27#39.7
-92.1372,31.0855#28#32.42#39.58
-92.0842,31.0845#27.97#32.57#39.46
-92.0312,31.0835#27.95#32.73#39.32
-91.9782,31.0825#27.93#32.87#39.2
-91.9252,31.0815#27.91#33#39.09
-91.8722,31.0805#27.9#33.13#38.97
-91.8192,31.0794#27.89#33.26#38.85
-91.7661,31.0783#27.87#33.39#38.74
-91.7131,31.0772#27.86#33.52#38.62
-91.6601,31.0761#27.84#33.65#38.51
-91.6071,31.075#27.83#33.79#38.38
-91.5541,31.0738#27.82#33.92#38.26
-91.5011,31.0727#27.8#34.05#38.15
-91.4481,31.0715#27.8#34.19#38.01
-91.3951,31.0703#27.79#34.33#37.88
-91.3421,31.0691#27.78#34.46#37.76
-91.2891,31.0679#27.78#34.6#37.62
-91.2361,31.0666#27.77#34.74#37.49
-91.1831,31.0653#27.76#34.88#37.36
-91.1302,31.064#27.76#35.02#37.22
-91.0772,31.0627#27.75#35.16#37.09
-91.0242,31.0614#27.74#35.3#36.96
-90.9712,31.0601#27.74#35.44#36.82
-90.9182,31.0587#27.73#35.58#36.69
-90.8652,31.0573#27.72#35.73#36.55
-90.8122,31.056#27.72#35.87#36.41
-90.7592,31.0545#27.71#36.02#36.27
-90.7062,31.0531#27.7#36.16#36.14
-90.6533,31.0517#27.7#36.31#35.99
-90.6003,31.0502#27.69#36.45#35.86
-90.5473,31.0487#27.68#36.6#35.72
-90.4943,31.0472#27.68#36.74#35.58
-90.4413,31.0457#27.73#36.89#35.38
-90.3884,31.0442#27.77#37.03#35.2
-90.3354,31.0426#27.82#37.18#35
-90.2824,31.041#27.86#37.32#34.82
-90.2295,31.0395#27.91#37.46#34.63
-90.1765,31.0378#27.96#37.61#34.43
-90.1235,31.0362#28#37.75#34.25
-90.0706,31.0346#28.05#37.9#34.05
-90.0176,31.0329#28.09#38.04#33.87
-89.9646,31.0312#28.14#38.19#33.67
-89.9117,31.0295#28.18#38.34#33.48
-89.8587,31.0278#28.23#38.48#33.29
-89.8057,31.0261#28.28#38.63#33.09
-89.7528,31.0244#28.32#38.78#32.9
-89.6998,31.0226#28.37#38.92#32.71
-89.6469,31.0208#28.41#39.07#32.52
-89.5939,31.019#28.46#39.22#32.32
-89.541,31.0172#28.5#39.37#32.13
-89.488,31.0153#28.54#39.52#31.94
-89.4351,31.0135#28.55#39.67#31.78
-89.3821,31.0116#28.56#39.82#31.62
-89.3292,31.0097#28.58#39.97#31.45
-89.2762,31.0078#28.59#40.13#31.28
-89.2233,31.0059#28.6#40.28#31.12
-89.1704,31.004#28.61#40.43#30.96
-89.1174,31.002#28.62#40.59#30.79
-89.0645,31#28.63#40.74#30.63
-89.0116,30.998#28.64#40.89#30.47
-88.9586,30.996#28.58#41.05#30.37
-88.9057,30.994#28.5#41.2#30.3
-88.8528,30.9919#28.42#41.35#30.23
-88.7998,30.9898#28.33#41.5#30.17
-88.7469,30.9878#28.25#41.65#30.1
-88.694,30.9857#28.17#41.81#30.02
-88.6411,30.9835#28.09#41.96#29.95
-88.5882,30.9814#28.01#42.11#29.88
-88.5352,30.9792#27.93#42.26#29.81
-88.4823,30.9771#27.85#42.41#29.74
-88.4294,30.9749#27.76#42.53#29.71
-88.3765,30.9727#27.68#42.65#29.67
-88.3236,30.9704#27.59#42.78#29.63
-88.2707,30.9682#27.51#42.9#29.59
-88.2178,30.9659#27.42#43.02#29.56
-88.1649,30.9637#27.34#43.14#29.52
-88.112,30.9614#27.25#43.26#29.49
-88.0591,30.959#27.17#43.38#29.45
-88.0062,30.9567#27.08#43.5#29.42
-87.9533,30.9544#27.05#43.62#29.33
-87.9004,30.952#27.02#43.74#29.24
-87.8475,30.9496#26.99#43.86#29.15
-87.7946,30.9472#26.96#43.98#29.06
-87.7417,30.9448#26.93#44.1#28.97
-87.6888,30.9423#26.9#44.22#28.88
-87.636,30.9399#26.87#44.34#28.79
-87.5831,30.9374#26.84#44.45#28.71
-87.5302,30.9349#26.81#44.57#28.62
-87.4773,30.9324#26.79#44.68#28.53
-87.4245,30.9299#26.78#44.77#28.45
-87.3716,30.9273#26.77#44.86#28.37
-87.3187,30.9248#26.76#44.95#28.29
-87.2659,30.9222#26.75#45.04#28.21
-87.213,30.9196#26.74#45.12#28.14
-87.1601,30.917#26.73#45.21#28.06
-87.1073,30.9143#26.72#45.3#27.98
-87.0544,30.9117#26.71#45.39#27.9
-87.0016,30.909#26.71#45.48#27.81
-86.9487,30.9063#26.7#45.55#27.75
-86.8959,30.9036#26.7#45.62#27.68
-86.843,30.9009#26.7#45.68#27.62
-104.007,30.9002#43.4#29.64#26.96
-103.954,30.9032#43.32#29.56#27.12
-103.901,30.9062#43.23#29.47#27.3
-103.849,30.9092#43.14#29.38#27.48
-103.796,30.9121#43.06#29.29#27.65
-103.743,30.9151#42.97#29.2#27.83
-103.69,30.918#42.89#29.11#28
-103.637,30.9209#42.8#29.02#28.18
-103.584,30.9238#42.72#28.92#28.36
-103.532,30.9266#42.64#28.83#28.53
-103.479,30.9295#42.55#28.73#28.72
-103.426,30.9323#42.47#28.63#28.9
-103.373,30.9351#42.39#28.52#29.09
-103.32,30.9379#42.31#28.42#29.27
-103.267,30.9407#42.23#28.31#29.46
-103.214,30.9434#42.15#28.21#29.64
-103.162,30.9462#42.07#28.11#29.82
-103.109,30.9489#41.99#28.01#30
-103.056,30.9516#41.92#27.92#30.16
-103.003,30.9543#41.84#27.82#30.34
-102.95,30.957#41.74#27.79#30.47
-102.897,30.9596#41.64#27.77#30.59
-102.844,30.9623#41.54#27.74#30.72
-102.791,30.9649#41.44#27.72#30.84
-102.739,30.9675#41.33#27.7#30.97
-102.686,30.9701#41.23#27.67#31.1
-102.633,30.9726#41.13#27.65#31.22
-102.58,30.9752#41.03#27.63#31.34
-102.527,30.9777#40.93#27.61#31.46
-102.474,30.9802#40.83#27.6#31.57
-102.421,30.9827#40.72#27.6#31.68
-102.368,30.9852#40.61#27.6#31.79
-102.315,30.9876#40.51#27.6#31.89
-102.263,30.9901#40.4#27.6#32
-102.21,30.9925#40.3#27.6#32.1
-102.157,30.9949#40.19#27.6#32.21
-102.104,30.9973#40.09#27.6#32.31
-102.051,30.9997#39.98#27.6#32.42
-101.998,31.002#39.88#27.6#32.52
-101.945,31.0044#39.78#27.61#32.61
-101.892,31.0067#39.68#27.61#32.71
-101.839,31.009#39.57#27.62#32.81
-101.786,31.0113#39.47#27.63#32.9
-101.733,31.0135#39.37#27.63#33
-101.68,31.0158#39.27#27.64#33.09
-101.628,31.018#39.17#27.64#33.19
-101.575,31.0202#39.07#27.65#33.28
-101.522,31.0224#38.97#27.65#33.38
