-97.6847,27.9002#61.91#29.28#8.81
-97.6331,27.9011#61.94#29.21#8.84999999999999
-97.5815,27.9019#61.98#29.14#8.88
-97.5299,27.9028#62.01#29.06#8.93000000000001
-97.4783,27.9036#62.02#29.01#8.97
-97.4267,27.9045#62#28.98#9.02
-97.3751,27.9053#61.99#28.96#9.05
-97.3235,27.9061#61.97#28.93#9.09999999999999
-97.2719,27.9068#61.95#28.9#9.15000000000001
-97.2203,27.9076#61.93#28.88#9.19
-97.1687,27.9083#61.92#28.85#9.22999999999999
-97.117,27.909#61.9#28.83#9.27000000000001
-97.0654,27.9097#61.88#28.8#9.31999999999999
-97.0138,27.9104#61.86#28.77#9.37
-96.9622,27.9111#61.63#28.76#9.61
-96.9106,27.9118#61.33#28.75#9.92
-96.859,27.9124#61.02#28.74#10.24
-96.8074,27.913#60.71#28.73#10.56
-96.7558,27.9136#60.4#28.73#10.87
-96.7041,27.9142#60.09#28.72#11.19
-96.6525,27.9148#59.79#28.71#11.5
-96.6009,27.9153#59.48#28.7#11.82
-96.5493,27.9158#59.17#28.69#12.14
-96.4977,27.9163#58.86#28.68#12.46
-96.4461,27.9168#58.59#28.68#12.73
-96.3945,27.9173#58.32#28.68#13
-96.3428,27.9178#58.04#28.68#13.28
-96.2912,27.9182#57.77#28.67#13.56
-96.2396,27.9186#57.5#28.67#13.83
-96.188,27.9191#57.23#28.67#14.1
-96.1364,27.9194#56.95#28.67#14.38
-96.0848,27.9198#56.68#28.67#14.65
-96.0331,27.9202#56.41#28.66#14.93
-95.9815,27.9205#56.15#28.66#15.19
-95.9299,27.9208#55.9#28.66#15.44
-95.8783,27.9211#55.65#28.66#15.69
-95.8267,27.9214#55.41#28.66#15.93
-95.775,27.9217#55.16#28.67#16.17
-95.7234,27.9219#54.91#28.67#16.42
-95.6718,27.9222#54.66#28.67#16.67
-95.6202,27.9224#54.42#28.67#16.91
-95.5686,27.9226#54.17#28.67#17.16
-95.5169,27.9228#53.92#28.67#17.41
-95.4653,27.9229#53.7#28.67#17.63
-95.4137,27.9231#53.48#28.67#17.85
-95.3621,27.9232#53.26#28.67#18.07
-95.3104,27.9233#53.04#28.67#18.29
-95.2588,27.9234#52.82#28.68#18.5
-95.2072,27.9235#52.6#28.68#18.72
-95.1556,27.9236#52.38#28.68#18.94
-95.104,27.9236#52.16#28.68#19.16
-95.0523,27.9236#51.94#28.68#19.38
-95.0007,27.9237#51.72#28.68#19.6
-94.9491,27.9236#51.49#28.68#19.83
-94.8975,27.9236#51.26#28.69#20.05
-94.8458,27.9236#51.03#28.69#20.28
-94.7942,27.9235#50.8#28.69#20.51
-94.7426,27.9234#50.56#28.69#20.75
-94.691,27.9233#50.33#28.69#20.98
-94.6394,27.9232#50.1#28.7#21.2
-94.5877,27.9231#49.87#28.7#21.43
-94.5361,27.9229#49.63#28.7#21.67
-94.4845,27.9228#49.42#28.7#21.88
-94.4329,27.9226#49.25#28.7#22.05
-94.3813,27.9224#49.09#28.71#22.2
-94.3296,27.9222#48.92#28.71#22.37
-94.278,27.922#48.76#28.71#22.53
-94.2264,27.9217#48.59#28.71#22.7
-94.1748,27.9214#48.42#28.71#22.87
-94.1232,27.9211#48.26#28.71#23.03
-94.0715,27.9208#48.09#28.72#23.19
-94.0199,27.9205#47.92#28.72#23.36
-93.9683,27.9202#47.76#28.72#23.52
-93.9167,27.9198#47.61#28.72#23.67
-93.8651,27.9195#47.45#28.72#23.83
-93.8134,27.9191#47.29#28.73#23.98
-93.7618,27.9187#47.14#28.73#24.13
-93.7102,27.9182#46.98#28.73#24.29
-93.6586,27.9178#46.82#28.73#24.45
-93.607,27.9173#46.66#28.73#24.61
-93.5554,27.9168#46.51#28.74#24.75
-93.5037,27.9164#46.35#28.74#24.91
-93.4521,27.9158#46.2#28.74#25.06
-93.4005,27.9153#46.06#28.74#25.2
-93.3489,27.9148#45.91#28.74#25.35
-93.2973,27.9142#45.76#28.75#25.49
-93.2457,27.9136#45.61#28.75#25.64
-93.1941,27.913#45.46#28.75#25.79
-93.1424,27.9124#45.32#28.75#25.93
-93.0908,27.9118#45.17#28.76#26.07
-93.0392,27.9111#45.02#28.76#26.22
-92.9876,27.9105#44.88#28.76#26.36
-92.936,27.9098#44.74#28.76#26.5
-92.8844,27.9091#44.6#28.76#26.64
-92.8328,27.9083#44.46#28.77#26.77
-92.7812,27.9076#44.32#28.77#26.91
-92.7296,27.9069#44.18#28.77#27.05
-92.678,27.9061#44.04#28.77#27.19
-92.6263,27.9053#43.9#28.77#27.33
-92.5747,27.9045#43.76#28.78#27.46
-92.5231,27.9037#43.62#28.78#27.6
-92.4715,27.9028#43.49#28.78#27.73
-92.4199,27.902#43.35#28.78#27.87
-92.3683,27.9011#43.22#28.78#28
-92.3167,27.9002#43.08#28.79#28.13
-99.5951,27.9005#60.29#29.2#10.51
-99.5435,27.902#60.35#29.27#10.38
-99.4919,27.9035#60.41#29.33#10.26
-99.4403,27.905#60.48#29.41#10.11
-99.3887,27.9065#60.54#29.48#9.98
-99.3371,27.908#60.61#29.55#9.84
-99.2855,27.9094#60.67#29.63#9.7
-99.2339,27.9109#60.74#29.7#9.56
-99.1824,27.9123#60.8#29.77#9.43000000000001
-99.1308,27.9137#60.87#29.84#9.29000000000001
-99.0792,27.9151#60.93#29.92#9.15000000000001
-99.0276,27.9164#60.99#29.99#9.02
-98.976,27.9178#61.05#30.04#8.91
-98.9244,27.9191#61.11#30.08#8.81
-98.8728,27.9204#61.16#30.11#8.73
-98.8212,27.9217#61.21#30.14#8.65000000000001
-98.7696,27.923#61.26#30.17#8.56999999999999
-98.718,27.9242#61.31#30.2#8.48999999999999
-98.6664,27.9255#61.36#30.24#8.40000000000001
-98.6148,27.9267#61.4#30.27#8.33
-98.5632,27.9279#61.45#30.3#8.25
-98.5116,27.9291#61.5#30.33#8.17
-98.46,27.9303#61.54#30.29#8.17
-98.4083,27.9314#61.59#30.23#8.17999999999999
-98.3567,27.9326#61.64#30.17#8.19
-98.3051,27.9337#61.68#30.1#8.22
-98.2535,27.9348#61.73#30.04#8.23
-98.2019,27.9359#61.77#29.98#8.25
-98.1503,27.9369#61.81#29.91#8.28
-98.0987,27.938#61.86#29.85#8.28999999999999
-98.0471,27.939#61.9#29.79#8.31
-97.9954,27.94#61.94#29.72#8.34
-97.9438,27.941#61.96#29.65#8.39
-97.8922,27.942#61.98#29.58#8.44
-97.8406,27.943#62#29.5#8.5
-97.789,27.9439#62.02#29.43#8.55
-97.7373,27.9449#62.04#29.36#8.59999999999999
-97.6857,27.9458#62.05#29.29#8.66
-97.6341,27.9467#62.07#29.21#8.72
-97.5825,27.9476#62.09#29.14#8.77
-97.5309,27.9484#62.1#29.07#8.83
-97.4792,27.9493#62.1#29.01#8.89
-97.4276,27.9501#62.08#28.99#8.93000000000001
-97.376,27.9509#62.05#28.96#8.99000000000001
-97.3244,27.9517#62.02#28.93#9.05
-97.2727,27.9525#62#28.91#9.09
-97.2211,27.9532#61.97#28.88#9.15000000000001
-97.1695,27.9539#61.94#28.85#9.21000000000001
-97.1178,27.9547#61.92#28.83#9.25
-97.0662,27.9554#61.89#28.8#9.31
-97.0146,27.9561#61.86#28.78#9.36
-96.963,27.9567#61.63#28.76#9.61
-96.9113,27.9574#61.32#28.75#9.93000000000001
-96.8597,27.958#61.01#28.75#10.24
-96.8081,27.9586#60.7#28.74#10.56
-96.7564,27.9592#60.39#28.73#10.88
-96.7048,27.9598#60.08#28.72#11.2
-96.6532,27.9604#59.77#28.71#11.52
-96.6015,27.9609#59.46#28.7#11.84
-96.5499,27.9615#59.15#28.69#12.16
-96.4983,27.962#58.84#28.69#12.47
-96.4466,27.9625#58.57#28.68#12.75
-96.395,27.9629#58.3#28.68#13.02
-96.3434,27.9634#58.03#28.68#13.29
-96.2917,27.9638#57.77#28.68#13.55
-96.2401,27.9643#57.5#28.68#13.82
-96.1884,27.9647#57.23#28.67#14.1
-96.1368,27.9651#56.96#28.67#14.37
-96.0852,27.9654#56.69#28.67#14.64
-96.0335,27.9658#56.42#28.67#14.91
-95.9819,27.9661#56.16#28.67#15.17
-95.9302,27.9665#55.92#28.67#15.41
-95.8786,27.9668#55.67#28.67#15.66
-95.827,27.9671#55.43#28.67#15.9
-95.7753,27.9673#55.18#28.67#16.15
-95.7237,27.9676#54.94#28.67#16.39
-95.672,27.9678#54.69#28.67#16.64
-95.6204,27.968#54.45#28.67#16.88
-95.5688,27.9682#54.2#28.67#17.13
-95.5171,27.9684#53.96#28.67#17.37
-95.4655,27.9686#53.73#28.67#17.6
-95.4138,27.9687#53.51#28.67#17.82
-95.3622,27.9689#53.29#28.68#18.03
-95.3106,27.969#53.07#28.68#18.25
-95.2589,27.9691#52.85#28.68#18.47
-95.2073,27.9691#52.64#28.68#18.68
-95.1556,27.9692#52.42#28.68#18.9
-95.104,27.9692#52.2#28.68#19.12
-95.0524,27.9693#51.98#28.68#19.34
-95.0007,27.9693#51.76#28.69#19.55
-94.9491,27.9693#51.53#28.69#19.78
-94.8974,27.9692#51.3#28.69#20.01
-94.8458,27.9692#51.07#28.69#20.24
-94.7941,27.9691#50.83#28.69#20.48
-94.7425,27.9691#50.6#28.7#20.7
-94.6909,27.969#50.37#28.7#20.93
-94.6392,27.9689#50.14#28.7#21.16
-94.5876,27.9687#49.91#28.7#21.39
-94.5359,27.9686#49.68#28.7#21.62
-94.4843,27.9684#49.46#28.7#21.84
-94.4327,27.9682#49.3#28.71#21.99
-94.381,27.968#49.13#28.71#22.16
-94.3294,27.9678#48.97#28.71#22.32
-94.2777,27.9676#48.8#28.71#22.49
-94.2261,27.9673#48.63#28.71#22.66
-94.1745,27.9671#48.47#28.72#22.81
-94.1228,27.9668#48.3#28.72#22.98
-94.0712,27.9665#48.14#28.72#23.14
-94.0195,27.9661#47.97#28.72#23.31
-93.9679,27.9658#47.81#28.72#23.47
-93.9163,27.9655#47.65#28.73#23.62
-93.8646,27.9651#47.5#28.73#23.77
-93.813,27.9647#47.34#28.73#23.93
-93.7613,27.9643#47.19#28.73#24.08
-93.7097,27.9639#47.03#28.73#24.24
-93.6581,27.9634#46.87#28.74#24.39
-93.6064,27.963#46.72#28.74#24.54
-93.5548,27.9625#46.56#28.74#24.7
-93.5032,27.962#46.41#28.74#24.85
-93.4515,27.9615#46.26#28.74#25
-93.3999,27.9609#46.11#28.75#25.14
-93.3483,27.9604#45.96#28.75#25.29
-93.2966,27.9598#45.82#28.75#25.43
-93.245,27.9592#45.67#28.75#25.58
-93.1934,27.9586#45.52#28.75#25.73
-93.1417,27.958#45.37#28.76#25.87
-93.0901,27.9574#45.23#28.76#26.01
-93.0385,27.9567#45.08#28.76#26.16
-92.9868,27.9561#44.93#28.76#26.31
-92.9352,27.9554#44.79#28.77#26.44
-92.8836,27.9547#44.65#28.77#26.58
-92.832,27.954#44.52#28.77#26.71
-92.7803,27.9532#44.38#28.77#26.85
-92.7287,27.9525#44.24#28.77#26.99
-92.6771,27.9517#44.1#28.78#27.12
-92.6254,27.9509#43.96#28.78#27.26
-92.5738,27.9501#43.82#28.78#27.4
-92.5222,27.9493#43.68#28.78#27.54
-92.4706,27.9484#43.54#28.78#27.68
-92.4189,27.9476#43.41#28.79#27.8
-92.3673,27.9467#43.27#28.79#27.94
-92.3157,27.9458#43.14#28.79#28.07
-92.2641,27.9449#43.01#28.79#28.2
-92.2125,27.944#42.87#28.79#28.34
-92.1608,27.943#42.74#28.8#28.46
-92.1092,27.9421#42.6#28.8#28.6
-92.0576,27.9411#42.47#28.8#28.73
-92.006,27.9401#42.34#28.8#28.86
-91.9544,27.9391#42.22#28.8#28.98
-91.9028,27.938#42.1#28.81#29.09
-91.8511,27.937#41.98#28.81#29.21
-91.7995,27.9359#41.86#28.81#29.33
-91.7479,27.9348#41.74#28.81#29.45
-91.6963,27.9337#41.62#28.81#29.57
-91.6447,27.9326#41.5#28.82#29.68
-91.5931,27.9315#41.38#28.82#29.8
-91.5415,27.9303#41.26#28.82#29.92
-91.4899,27.9291#41.14#28.82#30.04
-91.4383,27.9279#41.01#28.82#30.17
-91.3867,27.9267#40.89#28.83#30.28
-91.3351,27.9255#40.76#28.83#30.41
-91.2834,27.9243#40.64#28.83#30.53
-91.2318,27.923#40.51#28.83#30.66
-91.1802,27.9217#40.39#28.84#30.77
-91.1286,27.9204#40.26#28.84#30.9
-91.077,27.9191#40.14#28.84#31.02
-91.0254,27.9178#40.02#28.84#31.14
-90.9739,27.9165#39.83#28.85#31.32
-90.9223,27.9151#39.57#28.85#31.58
-90.8707,27.9137#39.31#28.86#31.83
-90.8191,27.9123#39.06#28.86#32.08
-90.7675,27.9109#38.8#28.87#32.33
-90.7159,27.9095#38.54#28.88#32.58
-90.6643,27.908#38.28#28.88#32.84
-90.6127,27.9066#38.03#28.89#33.08
-90.5611,27.9051#37.77#28.89#33.34
-90.5095,27.9036#37.51#28.9#33.59
-90.458,27.902#37.23#28.92#33.85
-90.4064,27.9005#36.94#28.96#34.1
-100.938,27.9#55.87#28.67#15.46
-100.886,27.902#56.26#28.67#15.07
-100.835,27.904#56.65#28.67#14.68
-100.783,27.9059#57.04#28.67#14.29
-100.732,27.9079#57.42#28.67#13.91
-100.68,27.9098#57.81#28.68#13.51
-100.629,27.9117#58.2#28.68#13.12
-100.577,27.9136#58.59#28.68#12.73
-100.525,27.9154#58.98#28.68#12.34
-100.474,27.9173#59.23#28.68#12.09
-100.422,27.9191#59.34#28.68#11.98
-100.371,27.9209#59.45#28.69#11.86
-100.319,27.9227#59.56#28.69#11.75
-100.268,27.9245#59.68#28.69#11.63
-100.216,27.9263#59.79#28.69#11.52
-100.164,27.928#59.9#28.69#11.41
-100.113,27.9297#60.02#28.7#11.28
-100.061,27.9315#60.14#28.7#11.16
-100.01,27.9331#60.25#28.7#11.05
-99.958,27.9348#60.33#28.75#10.92
-99.9064,27.9365#60.39#28.82#10.79
-99.8548,27.9381#60.46#28.88#10.66
-99.8032,27.9397#60.52#28.95#10.53
-99.7516,27.9414#60.59#29.01#10.4
-99.7,27.9429#60.65#29.07#10.28
-99.6484,27.9445#60.72#29.14#10.14
-99.5968,27.9461#60.78#29.2#10.02
-99.5452,27.9476#60.84#29.27#9.89
-99.4936,27.9491#60.91#29.33#9.76000000000001
-99.442,27.9506#60.97#29.41#9.62
-99.3904,27.9521#61.03#29.48#9.48999999999999
-99.3388,27.9536#61.1#29.55#9.34999999999999
-99.2872,27.955#61.16#29.63#9.21000000000001
-99.2356,27.9565#61.22#29.7#9.08
-99.184,27.9579#61.29#29.77#8.94
-99.1323,27.9593#61.35#29.84#8.81
-99.0807,27.9607#61.41#29.92#8.67
-99.0291,27.962#61.47#29.99#8.54000000000001
-98.9775,27.9634#61.53#30.04#8.43000000000001
-98.9259,27.9647#61.56#30.08#8.36
-98.8743,27.966#61.6#30.11#8.28999999999999
-98.8226,27.9673#61.64#30.14#8.22
-98.771,27.9686#61.67#30.17#8.16
-98.7194,27.9698#61.7#30.21#8.09
-98.6678,27.9711#61.74#30.24#8.02
-98.6161,27.9723#61.77#30.27#7.95999999999999
-98.5645,27.9735#61.8#30.3#7.90000000000001
-98.5129,27.9747#61.83#30.33#7.84
-98.4613,27.9759#61.86#30.3#7.84
-98.4096,27.977#61.9#30.23#7.87
-98.358,27.9782#61.94#30.17#7.89
-98.3064,27.9793#61.97#30.11#7.92
-98.2548,27.9804#62.01#30.04#7.95
-98.2031,27.9815#62.04#29.98#7.98
-98.1515,27.9826#62.08#29.92#8
-98.0999,27.9836#62.11#29.85#8.03999999999999
-98.0482,27.9846#62.14#29.79#8.06999999999999
-97.9966,27.9857#62.17#29.73#8.09999999999999
-97.9449,27.9867#62.18#29.65#8.17
-97.8933,27.9876#62.18#29.58#8.24000000000001
-97.8417,27.9886#62.19#29.51#8.3
-97.79,27.9896#62.19#29.44#8.37
-97.7384,27.9905#62.19#29.36#8.45
-97.6868,27.9914#62.2#29.29#8.50999999999999
-97.6351,27.9923#62.2#29.22#8.58
-97.5835,27.9932#62.2#29.14#8.66
-97.5318,27.994#62.2#29.07#8.72999999999999
-97.4802,27.9949#62.19#29.02#8.79000000000001
-97.4285,27.9957#62.15#28.99#8.86
-97.3769,27.9965#62.12#28.96#8.92
-97.3252,27.9973#62.08#28.94#8.98
-97.2736,27.9981#62.04#28.91#9.05
-97.222,27.9988#62.01#28.88#9.11
-97.1703,27.9996#61.97#28.86#9.17
-97.1187,28.0003#61.94#28.83#9.23
-97.067,28.001#61.9#28.81#9.29000000000001
-97.0154,28.0017#61.86#28.78#9.36
-96.9637,28.0023#61.63#28.77#9.59999999999999
-96.9121,28.003#61.32#28.76#9.92
-96.8604,28.0036#61.01#28.75#10.24
-96.8088,28.0043#60.69#28.74#10.57
-96.7571,28.0049#60.38#28.73#10.89
-96.7054,28.0054#60.07#28.72#11.21
-96.6538,28.006#59.75#28.71#11.54
-96.6021,28.0065#59.44#28.71#11.85
-96.5505,28.0071#59.13#28.7#12.17
-96.4988,28.0076#58.82#28.69#12.49
-96.4472,28.0081#58.55#28.69#12.76
-96.3955,28.0086#58.29#28.69#13.02
-96.3439,28.009#58.02#28.68#13.3
-96.2922,28.0095#57.76#28.68#13.56
-96.2406,28.0099#57.5#28.68#13.82
-96.1889,28.0103#57.23#28.68#14.09
-96.1372,28.0107#56.97#28.68#14.35
-96.0856,28.0111#56.7#28.67#14.63
-96.0339,28.0114#56.44#28.67#14.89
-95.9823,28.0118#56.18#28.67#15.15
-95.9306,28.0121#55.94#28.67#15.39
-95.8789,28.0124#55.7#28.67#15.63
-95.8273,28.0127#55.45#28.67#15.88
-95.7756,28.0129#55.21#28.67#16.12
-95.724,28.0132#54.96#28.67#16.37
-95.6723,28.0134#54.72#28.67#16.61
-95.6206,28.0136#54.48#28.67#16.85
-95.569,28.0138#54.23#28.67#17.1
-95.5173,28.014#53.99#28.68#17.33
-95.4657,28.0142#53.76#28.68#17.56
-95.414,28.0143#53.54#28.68#17.78
-95.3623,28.0145#53.33#28.68#17.99
-95.3107,28.0146#53.11#28.68#18.21
-95.259,28.0147#52.89#28.68#18.43
-95.2074,28.0148#52.67#28.68#18.65
-95.1557,28.0148#52.45#28.69#18.86
-95.104,28.0149#52.23#28.69#19.08
-95.0524,28.0149#52.01#28.69#19.3
-95.0007,28.0149#51.8#28.69#19.51
-94.9491,28.0149#51.56#28.69#19.75
-94.8974,28.0149#51.33#28.69#19.98
-94.8457,28.0148#51.1#28.7#20.2
-94.7941,28.0148#50.87#28.7#20.43
-94.7424,28.0147#50.64#28.7#20.66
-94.6907,28.0146#50.41#28.7#20.89
-94.6391,28.0145#50.18#28.7#21.12
-94.5874,28.0143#49.95#28.7#21.35
-94.5358,28.0142#49.72#28.71#21.57
-94.4841,28.014#49.51#28.71#21.78
-94.4324,28.0139#49.34#28.71#21.95
-94.3808,28.0137#49.18#28.71#22.11
-94.3291,28.0134#49.01#28.71#22.28
-94.2775,28.0132#48.84#28.72#22.44
-94.2258,28.013#48.68#28.72#22.6
-94.1741,28.0127#48.51#28.72#22.77
-94.1225,28.0124#48.35#28.72#22.93
-94.0708,28.0121#48.18#28.72#23.1
-94.0192,28.0118#48.02#28.73#23.25
-93.9675,28.0114#47.86#28.73#23.41
-93.9158,28.0111#47.7#28.73#23.57
-93.8642,28.0107#47.55#28.73#23.72
-93.8125,28.0103#47.39#28.73#23.88
-93.7609,28.0099#47.24#28.74#24.02
-93.7092,28.0095#47.08#28.74#24.18
-93.6576,28.009#46.93#28.74#24.33
-93.6059,28.0086#46.77#28.74#24.49
-93.5543,28.0081#46.61#28.74#24.65
-93.5026,28.0076#46.46#28.75#24.79
-93.4509,28.0071#46.31#28.75#24.94
-93.3993,28.0066#46.16#28.75#25.09
-93.3476,28.006#46.02#28.75#25.23
-93.296,28.0054#45.87#28.75#25.38
-93.2443,28.0049#45.72#28.76#25.52
-93.1927,28.0043#45.58#28.76#25.66
-93.141,28.0037#45.43#28.76#25.81
-93.0894,28.003#45.28#28.76#25.96
-93.0377,28.0024#45.14#28.76#26.1
-92.9861,28.0017#44.99#28.77#26.24
-92.9344,28.001#44.85#28.77#26.38
-92.8828,28.0003#44.71#28.77#26.52
-92.8311,27.9996#44.57#28.77#26.66
-92.7795,27.9988#44.43#28.77#26.8
-92.7278,27.9981#44.29#28.78#26.93
-92.6762,27.9973#44.15#28.78#27.07
-92.6245,27.9965#44.01#28.78#27.21
-92.5729,27.9957#43.87#28.78#27.35
-92.5212,27.9949#43.73#28.79#27.48
-92.4696,27.9941#43.6#28.79#27.61
-92.418,27.9932#43.46#28.79#27.75
-92.3663,27.9923#43.33#28.79#27.88
-92.3147,27.9914#43.2#28.79#28.01
-92.263,27.9905#43.06#28.8#28.14
-92.2114,27.9896#42.93#28.8#28.27
-92.1598,27.9886#42.79#28.8#28.41
-92.1081,27.9877#42.66#28.8#28.54
-92.0565,27.9867#42.52#28.8#28.68
-92.0048,27.9857#42.39#28.81#28.8
-91.9532,27.9847#42.27#28.81#28.92
-91.9016,27.9836#42.15#28.81#29.04
-91.8499,27.9826#42.03#28.81#29.16
-91.7983,27.9815#41.91#28.81#29.28
-91.7467,27.9804#41.79#28.82#29.39
-91.695,27.9793#41.67#28.82#29.51
-91.6434,27.9782#41.55#28.82#29.63
-91.5918,27.9771#41.43#28.82#29.75
-91.5402,27.9759#41.31#28.82#29.87
-91.4885,27.9747#41.19#28.83#29.98
-91.4369,27.9736#41.06#28.83#30.11
-91.3853,27.9723#40.94#28.83#30.23
-91.3337,27.9711#40.81#28.83#30.36
-91.282,27.9699#40.68#28.83#30.49
-91.2304,27.9686#40.56#28.84#30.6
-91.1788,27.9673#40.43#28.84#30.73
-91.1272,27.9661#40.3#28.84#30.86
-91.0756,27.9647#40.18#28.84#30.98
-91.0239,27.9634#40.05#28.85#31.1
-90.9723,27.9621#39.86#28.85#31.29
-90.9207,27.9607#39.6#28.86#31.54
-90.8691,27.9593#39.35#28.86#31.79
-90.8175,27.9579#39.09#28.87#32.04
-90.7659,27.9565#38.84#28.87#32.29
-90.7143,27.9551#38.58#28.88#32.54
-90.6626,27.9536#38.33#28.88#32.79
-90.611,27.9522#38.07#28.89#33.04
-90.5594,27.9507#37.82#28.89#33.29
-90.5078,27.9492#37.56#28.9#33.54
-90.4562,27.9476#37.28#28.92#33.8
-90.4046,27.9461#37#28.95#34.05
-90.353,27.9446#36.72#28.98#34.3
-90.3014,27.943#36.43#29.01#34.56
-90.2498,27.9414#36.15#29.04#34.81
-90.1982,27.9398#35.87#29.07#35.06
-90.1466,27.9382#35.58#29.1#35.32
-90.095,27.9365#35.3#29.13#35.57
-90.0434,27.9349#35.01#29.16#35.83
-89.9918,27.9332#34.73#29.19#36.08
-89.9403,27.9315#34.49#29.22#36.29
-89.8887,27.9298#34.25#29.26#36.49
-89.8371,27.9281#34#29.3#36.7
-89.7855,27.9263#33.76#29.34#36.9
-89.7339,27.9246#33.52#29.37#37.11
-89.6823,27.9228#33.27#29.41#37.32
-89.6307,27.921#33.03#29.45#37.52
-89.5792,27.9192#32.79#29.49#37.72
-89.5276,27.9173#32.54#29.52#37.94
-89.476,27.9155#32.34#29.56#38.1
-89.4244,27.9136#32.19#29.6#38.21
-89.3729,27.9117#32.03#29.63#38.34
-89.3213,27.9098#31.88#29.67#38.45
-89.2697,27.9079#31.72#29.7#38.58
-89.2182,27.906#31.57#29.74#38.69
-89.1666,27.904#31.42#29.77#38.81
-89.115,27.902#31.26#29.81#38.93
-89.0635,27.9001#31.11#29.85#39.04
-101.971,27.9022#50.32#28.63#21.05
-101.92,27.9045#50.57#28.64#20.79
-101.868,27.9068#50.83#28.64#20.53
-101.817,27.9091#51.08#28.64#20.28
-101.765,27.9114#51.34#28.64#20.02
-101.714,27.9137#51.59#28.64#19.77
-101.662,27.9159#51.84#28.65#19.51
-101.611,27.9182#52.1#28.65#19.25
-101.559,27.9204#52.35#28.65#19
-101.508,27.9226#52.61#28.65#18.74
-101.456,27.9247#52.91#28.65#18.44
-101.404,27.9269#53.23#28.65#18.12
-101.353,27.9291#53.55#28.66#17.79
-101.301,27.9312#53.86#28.66#17.48
-101.25,27.9333#54.18#28.66#17.16
-101.198,27.9354#54.5#28.66#16.84
-101.147,27.9375#54.81#28.66#16.53
-101.095,27.9395#55.13#28.66#16.21
-101.043,27.9416#55.44#28.67#15.89
-100.992,27.9436#55.77#28.67#15.56
-100.94,27.9456#56.17#28.67#15.16
-100.889,27.9476#56.56#28.67#14.77
-100.837,27.9496#56.96#28.67#14.37
-100.785,27.9515#57.35#28.68#13.97
-100.734,27.9534#57.75#28.68#13.57
-100.682,27.9554#58.15#28.68#13.17
-100.631,27.9573#58.54#28.68#12.78
-100.579,27.9591#58.94#28.68#12.38
-100.528,27.961#59.34#28.68#11.98
-100.476,27.9629#59.61#28.69#11.7
-100.424,27.9647#59.73#28.69#11.58
-100.373,27.9665#59.86#28.69#11.45
-100.321,27.9683#59.98#28.69#11.33
-100.27,27.9701#60.11#28.69#11.2
-100.218,27.9719#60.24#28.69#11.07
-100.166,27.9736#60.36#28.7#10.94
-100.115,27.9753#60.49#28.7#10.81
-100.063,27.977#60.62#28.7#10.68
-100.011,27.9787#60.75#28.7#10.55
-99.9599,27.9804#60.83#28.75#10.42
-99.9083,27.9821#60.9#28.82#10.28
-99.8567,27.9837#60.96#28.88#10.16
-99.805,27.9853#61.02#28.95#10.03
-99.7534,27.987#61.09#29.01#9.89999999999999
-99.7018,27.9885#61.15#29.08#9.77000000000001
-99.6502,27.9901#61.21#29.14#9.65000000000001
-99.5986,27.9917#61.27#29.2#9.53
-99.5469,27.9932#61.34#29.27#9.39
-99.4953,27.9947#61.4#29.33#9.27000000000001
-99.4437,27.9962#61.46#29.41#9.13
-99.3921,27.9977#61.52#29.48#9
-99.3404,27.9992#61.59#29.55#8.86
-99.2888,28.0006#61.65#29.62#8.73
-99.2372,28.0021#61.71#29.7#8.59
-99.1855,28.0035#61.77#29.77#8.45999999999999
-99.1339,28.0049#61.83#29.84#8.33
-99.0823,28.0063#61.9#29.92#8.18000000000001
-99.0306,28.0076#61.96#29.99#8.05
-98.979,28.009#62#30.04#7.96000000000001
-98.9274,28.0103#62.02#30.08#7.90000000000001
-98.8757,28.0116#62.04#30.11#7.84999999999999
-98.8241,28.0129#62.06#30.14#7.8
-98.7725,28.0142#62.08#30.17#7.75
-98.7208,28.0155#62.1#30.21#7.69
-98.6692,28.0167#62.12#30.24#7.64
-98.6175,28.0179#62.13#30.27#7.59999999999999
-98.5659,28.0191#62.14#30.3#7.56
-98.5142,28.0203#62.16#30.34#7.5
-98.4626,28.0215#62.18#30.3#7.52
-98.4109,28.0227#62.21#30.24#7.55
-98.3593,28.0238#62.24#30.17#7.59
-98.3076,28.0249#62.26#30.11#7.63
-98.256,28.026#62.29#30.05#7.66
-98.2043,28.0271#62.31#29.98#7.70999999999999
-98.1527,28.0282#62.34#29.92#7.73999999999999
-98.101,28.0292#62.36#29.86#7.78
-98.0494,28.0303#62.39#29.8#7.81
-97.9977,28.0313#62.41#29.73#7.86
-97.9461,28.0323#62.4#29.66#7.94
-97.8944,28.0333#62.39#29.59#8.02
-97.8428,28.0342#62.38#29.51#8.11
-97.7911,28.0352#62.36#29.44#8.2
-97.7394,28.0361#62.35#29.37#8.28
-97.6878,28.037#62.34#29.29#8.37
-97.6361,28.0379#62.33#29.22#8.45
-97.5845,28.0388#62.31#29.15#8.53999999999999
-97.5328,28.0396#62.3#29.07#8.63
-97.4811,28.0405#62.27#29.02#8.70999999999999
-97.4295,28.0413#62.23#28.99#8.78
-97.3778,28.0421#62.18#28.97#8.84999999999999
-97.3261,28.0429#62.14#28.94#8.92
-97.2745,28.0437#62.09#28.91#9
-97.2228,28.0444#62.05#28.89#9.06
-97.1711,28.0452#62#28.86#9.14
-97.1195,28.0459#61.95#28.84#9.20999999999999
-97.0678,28.0466#61.91#28.81#9.28
-97.0161,28.0473#61.86#28.78#9.36
-96.9645,28.048#61.63#28.77#9.59999999999999
-96.9128,28.0486#61.31#28.76#9.92999999999999
-96.8611,28.0493#61#28.75#10.25
-96.8094,28.0499#60.68#28.74#10.58
-96.7578,28.0505#60.37#28.74#10.89
-96.7061,28.0511#60.05#28.73#11.22
-96.6544,28.0516#59.74#28.72#11.54
-96.6028,28.0522#59.42#28.71#11.87
-96.5511,28.0527#59.11#28.7#12.19
-96.4994,28.0532#58.79#28.69#12.52
-96.4477,28.0537#58.53#28.69#12.78
-96.3961,28.0542#58.27#28.69#13.04
-96.3444,28.0546#58.01#28.69#13.3
-96.2927,28.0551#57.75#28.68#13.57
-96.241,28.0555#57.49#28.68#13.83
-96.1893,28.0559#57.23#28.68#14.09
-96.1377,28.0563#56.97#28.68#14.35
-96.086,28.0567#56.71#28.68#14.61
-96.0343,28.057#56.46#28.67#14.87
-95.9826,28.0574#56.2#28.67#15.13
-95.931,28.0577#55.96#28.67#15.37
-95.8793,28.058#55.72#28.67#15.61
-95.8276,28.0583#55.47#28.68#15.85
-95.7759,28.0586#55.23#28.68#16.09
-95.7242,28.0588#54.99#28.68#16.33
-95.6726,28.0591#54.75#28.68#16.57
-95.6209,28.0593#54.51#28.68#16.81
-95.5692,28.0595#54.26#28.68#17.06
-95.5175,28.0597#54.02#28.68#17.3
-95.4658,28.0598#53.8#28.68#17.52
-95.4142,28.06#53.58#28.68#17.74
-95.3625,28.0601#53.36#28.68#17.96
-95.3108,28.0602#53.14#28.68#18.18
-95.2591,28.0603#52.92#28.69#18.39
-95.2074,28.0604#52.7#28.69#18.61
-95.1558,28.0604#52.49#28.69#18.82
-95.1041,28.0605#52.27#28.69#19.04
-95.0524,28.0605#52.05#28.69#19.26
-95.0007,28.0605#51.83#28.69#19.48
-94.949,28.0605#51.6#28.7#19.7
-94.8974,28.0605#51.37#28.7#19.93
-94.8457,28.0605#51.14#28.7#20.16
-94.794,28.0604#50.91#28.7#20.39
-94.7423,28.0603#50.68#28.7#20.62
-94.6906,28.0602#50.45#28.7#20.85
-94.6389,28.0601#50.22#28.71#21.07
-94.5873,28.06#49.99#28.71#21.3
-94.5356,28.0598#49.76#28.71#21.53
-94.4839,28.0597#49.55#28.71#21.74
-94.4322,28.0595#49.38#28.71#21.91
-94.3805,28.0593#49.22#28.72#22.06
-94.3289,28.0591#49.05#28.72#22.23
-94.2772,28.0588#48.89#28.72#22.39
-94.2255,28.0586#48.72#28.72#22.56
-94.1738,28.0583#48.56#28.72#22.72
-94.1221,28.058#48.39#28.73#22.88
-94.0705,28.0577#48.23#28.73#23.04
-94.0188,28.0574#48.06#28.73#23.21
-93.9671,28.0571#47.91#28.73#23.36
-93.9154,28.0567#47.75#28.73#23.52
-93.8638,28.0563#47.6#28.74#23.66
-93.8121,28.0559#47.44#28.74#23.82
-93.7604,28.0555#47.29#28.74#23.97
-93.7087,28.0551#47.13#28.74#24.13
-93.6571,28.0547#46.98#28.74#24.28
-93.6054,28.0542#46.82#28.75#24.43
-93.5537,28.0537#46.67#28.75#24.58
-93.502,28.0532#46.51#28.75#24.74
-93.4504,28.0527#46.37#28.75#24.88
-93.3987,28.0522#46.22#28.75#25.03
-93.347,28.0516#46.07#28.76#25.17
-93.2953,28.0511#45.93#28.76#25.31
-93.2437,28.0505#45.78#28.76#25.46
-93.192,28.0499#45.63#28.76#25.61
-93.1403,28.0493#45.49#28.76#25.75
-93.0886,28.0486#45.34#28.77#25.89
-93.037,28.048#45.19#28.77#26.04
-92.9853,28.0473#45.05#28.77#26.18
-92.9336,28.0466#44.91#28.77#26.32
-92.882,28.0459#44.77#28.77#26.46
-92.8303,28.0452#44.63#28.78#26.59
-92.7786,28.0445#44.49#28.78#26.73
-92.727,28.0437#44.35#28.78#26.87
-92.6753,28.0429#44.21#28.78#27.01
-92.6236,28.0421#44.07#28.78#27.15
-92.572,28.0413#43.93#28.79#27.28
-92.5203,28.0405#43.79#28.79#27.42
-92.4686,28.0397#43.65#28.79#27.56
-92.417,28.0388#43.52#28.79#27.69
-92.3653,28.0379#43.39#28.79#27.82
-92.3137,28.037#43.25#28.8#27.95
-92.262,28.0361#43.12#28.8#28.08
-92.2103,28.0352#42.98#28.8#28.22
-92.1587,28.0342#42.85#28.8#28.35
-92.107,28.0333#42.71#28.8#28.49
-92.0554,28.0323#42.58#28.81#28.61
-92.0037,28.0313#42.44#28.81#28.75
-91.952,28.0303#42.32#28.81#28.87
-91.9004,28.0293#42.2#28.81#28.99
-91.8487,28.0282#42.08#28.81#29.11
-91.7971,28.0271#41.96#28.82#29.22
-91.7454,28.026#41.84#28.82#29.34
-91.6938,28.0249#41.72#28.82#29.46
-91.6421,28.0238#41.61#28.82#29.57
-91.5905,28.0227#41.49#28.83#29.68
-91.5388,28.0215#41.37#28.83#29.8
-91.4872,28.0204#41.24#28.83#29.93
-91.4355,28.0192#41.12#28.83#30.05
-91.3839,28.018#40.99#28.83#30.18
-91.3323,28.0167#40.86#28.84#30.3
-91.2806,28.0155#40.73#28.84#30.43
-91.229,28.0142#40.6#28.84#30.56
-91.1773,28.013#40.47#28.84#30.69
-91.1257,28.0117#40.34#28.85#30.81
-91.0741,28.0103#40.22#28.85#30.93
-91.0224,28.009#40.09#28.85#31.06
-90.9708,28.0077#39.89#28.85#31.26
-90.9191,28.0063#39.64#28.86#31.5
-90.8675,28.0049#39.38#28.86#31.76
-90.8159,28.0035#39.13#28.87#32
-90.7643,28.0021#38.88#28.87#32.25
-90.7126,28.0007#38.62#28.88#32.5
-90.661,27.9992#38.37#28.88#32.75
-90.6094,27.9978#38.12#28.89#32.99
-90.5577,27.9963#37.86#28.89#33.25
-90.5061,27.9948#37.61#28.9#33.49
-90.4545,27.9933#37.33#28.92#33.75
-90.4029,27.9917#37.05#28.95#34
-90.3512,27.9902#36.77#28.97#34.26
-90.2996,27.9886#36.49#29#34.51
-90.248,27.987#36.21#29.03#34.76
-90.1964,27.9854#35.93#29.05#35.02
-90.1448,27.9838#35.65#29.08#35.27
-90.0932,27.9821#35.37#29.11#35.52
-90.0415,27.9805#35.09#29.13#35.78
-89.9899,27.9788#34.81#29.16#36.03
-89.9383,27.9771#34.57#29.2#36.23
-89.8867,27.9754#34.32#29.24#36.44
-89.8351,27.9737#34.08#29.27#36.65
-89.7835,27.9719#33.83#29.31#36.86
-89.7319,27.9701#33.59#29.35#37.06
-89.6803,27.9684#33.35#29.39#37.26
-89.6287,27.9666#33.1#29.42#37.48
-89.5771,27.9648#32.86#29.46#37.68
-89.5255,27.9629#32.61#29.5#37.89
-89.4739,27.9611#32.41#29.53#38.06
-89.4223,27.9592#32.26#29.57#38.17
-89.3707,27.9573#32.1#29.61#38.29
-89.3191,27.9554#31.95#29.64#38.41
-89.2675,27.9535#31.79#29.68#38.53
-89.216,27.9516#31.64#29.71#38.65
-89.1644,27.9496#31.48#29.75#38.77
-89.1128,27.9476#31.33#29.78#38.89
-89.0612,27.9456#31.17#29.82#39.01
-89.0096,27.9436#31.02#29.86#39.12
-88.958,27.9416#30.86#29.87#39.27
-88.9065,27.9396#30.71#29.88#39.41
-88.8549,27.9375#30.56#29.89#39.55
-88.8033,27.9354#30.41#29.9#39.69
-88.7517,27.9333#30.26#29.9#39.84
-88.7002,27.9312#30.11#29.91#39.98
-88.6486,27.9291#29.95#29.92#40.13
-88.597,27.927#29.8#29.92#40.28
-88.5455,27.9248#29.65#29.93#40.42
-88.4939,27.9226#29.51#29.93#40.56
-88.4423,27.9204#29.47#29.89#40.64
-88.3908,27.9182#29.42#29.84#40.74
-88.3392,27.916#29.38#29.79#40.83
-88.2877,27.9137#29.34#29.75#40.91
-88.2361,27.9115#29.3#29.7#41
-88.1846,27.9092#29.26#29.65#41.09
-88.133,27.9069#29.22#29.6#41.18
-88.0815,27.9046#29.18#29.55#41.27
-88.0299,27.9022#29.14#29.5#41.36
-102.953,27.9#46.63#28.6#24.77
-102.902,27.9027#46.84#28.61#24.55
-102.85,27.9054#47.04#28.61#24.35
-102.799,27.908#47.25#28.61#24.14
-102.747,27.9106#47.45#28.61#23.94
-102.696,27.9132#47.66#28.61#23.73
-102.644,27.9158#47.87#28.61#23.52
-102.593,27.9183#48.07#28.62#23.31
-102.541,27.9209#48.28#28.62#23.1
-102.49,27.9234#48.48#28.62#22.9
-102.438,27.9259#48.69#28.62#22.69
-102.387,27.9284#48.9#28.62#22.48
-102.335,27.9309#49.11#28.63#22.26
-102.284,27.9334#49.32#28.63#22.05
-102.232,27.9358#49.53#28.63#21.84
-102.18,27.9382#49.73#28.63#21.64
-102.129,27.9406#49.94#28.63#21.43
-102.077,27.943#50.15#28.63#21.22
-102.026,27.9454#50.36#28.64#21
-101.974,27.9477#50.59#28.64#20.77
-101.923,27.9501#50.85#28.64#20.51
-101.871,27.9524#51.1#28.64#20.26
-101.819,27.9547#51.36#28.64#20
-101.768,27.957#51.61#28.64#19.75
-101.716,27.9592#51.87#28.65#19.48
-101.665,27.9615#52.12#28.65#19.23
-101.613,27.9637#52.38#28.65#18.97
-101.562,27.9659#52.63#28.65#18.72
-101.51,27.9681#52.89#28.65#18.46
-101.458,27.9703#53.19#28.65#18.16
-101.407,27.9725#53.51#28.66#17.83
-101.355,27.9746#53.83#28.66#17.51
-101.304,27.9768#54.15#28.66#17.19
-101.252,27.9789#54.46#28.66#16.88
-101.2,27.981#54.78#28.66#16.56
-101.149,27.983#55.1#28.67#16.23
-101.097,27.9851#55.41#28.67#15.92
-101.046,27.9871#55.73#28.67#15.6
-100.994,27.9892#56.06#28.67#15.27
-100.942,27.9912#56.46#28.67#14.87
-100.891,27.9932#56.86#28.67#14.47
-100.839,27.9951#57.26#28.68#14.06
-100.788,27.9971#57.67#28.68#13.65
-100.736,27.999#58.07#28.68#13.25
-100.684,28.0009#58.48#28.68#12.84
-100.633,28.0029#58.88#28.68#12.44
-100.581,28.0047#59.29#28.68#12.03
-100.53,28.0066#59.7#28.69#11.61
-100.478,28.0085#59.99#28.69#11.32
-100.426,28.0103#60.13#28.69#11.18
-100.375,28.0121#60.26#28.69#11.05
-100.323,28.0139#60.4#28.69#10.91
-100.272,28.0157#60.54#28.7#10.76
-100.22,28.0175#60.68#28.7#10.62
-100.168,28.0192#60.82#28.7#10.48
-100.117,28.0209#60.97#28.7#10.33
-100.065,28.0226#61.11#28.7#10.19
-100.013,28.0243#61.25#28.7#10.05
-99.9618,28.026#61.34#28.75#9.91
-99.9101,28.0277#61.4#28.82#9.78
-99.8585,28.0293#61.46#28.88#9.66
-99.8069,28.0309#61.52#28.95#9.53
-99.7552,28.0325#61.58#29.01#9.41
-99.7036,28.0341#61.65#29.08#9.27000000000001
-99.652,28.0357#61.71#29.14#9.15000000000001
-99.6003,28.0373#61.77#29.2#9.03
-99.5487,28.0388#61.83#29.27#8.90000000000001
-99.497,28.0403#61.89#29.33#8.78
-99.4454,28.0418#61.95#29.41#8.64
-99.3937,28.0433#62.01#29.48#8.51000000000001
-99.3421,28.0448#62.07#29.55#8.38
-99.2904,28.0462#62.13#29.62#8.25
-99.2388,28.0477#62.2#29.7#8.09999999999999
-99.1871,28.0491#62.26#29.77#7.97
-99.1355,28.0505#62.32#29.84#7.84
-99.0838,28.0519#62.38#29.91#7.70999999999999
-99.0322,28.0532#62.44#29.99#7.57000000000001
-98.9805,28.0546#62.48#30.04#7.48
-98.9289,28.0559#62.48#30.08#7.44
-98.8772,28.0572#62.49#30.11#7.40000000000001
-98.8256,28.0585#62.49#30.14#7.37
-98.7739,28.0598#62.49#30.17#7.34
-98.7222,28.0611#62.5#30.21#7.28999999999999
-98.6706,28.0623#62.5#30.24#7.26000000000001
-98.6189,28.0635#62.49#30.27#7.23999999999999
-98.5672,28.0647#62.49#30.3#7.20999999999999
-98.5156,28.0659#62.49#30.34#7.17
-98.4639,28.0671#62.5#30.3#7.2
-98.4122,28.0683#62.52#30.24#7.23999999999999
-98.3606,28.0694#62.54#30.18#7.28
-98.3089,28.0705#62.55#30.11#7.34
-98.2572,28.0716#62.57#30.05#7.38
-98.2056,28.0727#62.59#29.99#7.42
-98.1539,28.0738#62.6#29.92#7.47999999999999
-98.1022,28.0748#62.62#29.86#7.52000000000001
-98.0505,28.0759#62.63#29.8#7.56999999999999
-97.9989,28.0769#62.64#29.74#7.62
-97.9472,28.0779#62.62#29.66#7.72
-97.8955,28.0789#62.59#29.59#7.81999999999999
-97.8438,28.0798#62.57#29.52#7.91
-97.7922,28.0808#62.54#29.44#8.02
-97.7405,28.0817#62.51#29.37#8.12
-97.6888,28.0826#62.48#29.3#8.22
-97.6371,28.0835#62.45#29.22#8.33
-97.5854,28.0844#62.42#29.15#8.43000000000001
-97.5338,28.0853#62.39#29.08#8.53
-97.4821,28.0861#62.36#29.02#8.62
-97.4304,28.0869#62.3#29#8.7
-97.3787,28.0877#62.25#28.97#8.78
-97.327,28.0885#62.19#28.94#8.87
-97.2753,28.0893#62.14#28.92#8.94
-97.2236,28.0901#62.08#28.89#9.03
-97.172,28.0908#62.03#28.87#9.09999999999999
-97.1203,28.0915#61.97#28.84#9.19
-97.0686,28.0922#61.92#28.81#9.27
-97.0169,28.0929#61.86#28.79#9.34999999999999
-96.9652,28.0936#61.63#28.77#9.59999999999999
-96.9135,28.0942#61.31#28.76#9.92999999999999
-96.8618,28.0949#60.99#28.76#10.25
-96.8101,28.0955#60.68#28.75#10.57
-96.7584,28.0961#60.36#28.74#10.9
-96.7067,28.0967#60.04#28.73#11.23
-96.6551,28.0972#59.72#28.72#11.56
-96.6034,28.0978#59.41#28.71#11.88
-96.5517,28.0983#59.09#28.7#12.21
-96.5,28.0988#58.77#28.7#12.53
-96.4483,28.0993#58.52#28.69#12.79
-96.3966,28.0998#58.26#28.69#13.05
-96.3449,28.1003#58#28.69#13.31
-96.2932,28.1007#57.75#28.69#13.56
-96.2415,28.1011#57.49#28.69#13.82
-96.1898,28.1015#57.24#28.68#14.08
-96.1381,28.1019#56.98#28.68#14.34
-96.0864,28.1023#56.73#28.68#14.59
-96.0347,28.1027#56.47#28.68#14.85
-95.983,28.103#56.22#28.68#15.1
-95.9313,28.1033#55.98#28.68#15.34
-95.8796,28.1036#55.74#28.68#15.58
-95.8279,28.1039#55.5#28.68#15.82
-95.7762,28.1042#55.26#28.68#16.06
-95.7245,28.1044#55.02#28.68#16.3
-95.6728,28.1047#54.78#28.68#16.54
-95.6211,28.1049#54.54#28.68#16.78
-95.5694,28.1051#54.29#28.68#17.03
-95.5177,28.1053#54.05#28.68#17.27
-95.466,28.1054#53.83#28.68#17.49
-95.4143,28.1056#53.61#28.68#17.71
-95.3626,28.1057#53.39#28.69#17.92
-95.3109,28.1058#53.17#28.69#18.14
-95.2592,28.1059#52.96#28.69#18.35
-95.2075,28.106#52.74#28.69#18.57
-95.1558,28.1061#52.52#28.69#18.79
-95.1041,28.1061#52.3#28.69#19.01
-95.0524,28.1061#52.09#28.7#19.21
-95.0007,28.1061#51.87#28.7#19.43
-94.949,28.1061#51.64#28.7#19.66
-94.8973,28.1061#51.41#28.7#19.89
-94.8456,28.1061#51.18#28.7#20.12
-94.7939,28.106#50.95#28.7#20.35
-94.7422,28.1059#50.72#28.71#20.57
-94.6905,28.1058#50.49#28.71#20.8
-94.6388,28.1057#50.26#28.71#21.03
-94.5871,28.1056#50.03#28.71#21.26
-94.5354,28.1054#49.8#28.71#21.49
-94.4837,28.1053#49.59#28.72#21.69
-94.432,28.1051#49.43#28.72#21.85
-94.3803,28.1049#49.26#28.72#22.02
-94.3286,28.1047#49.1#28.72#22.18
-94.2769,28.1044#48.93#28.72#22.35
-94.2252,28.1042#48.77#28.73#22.5
-94.1735,28.1039#48.61#28.73#22.66
-94.1218,28.1036#48.44#28.73#22.83
-94.0701,28.1033#48.28#28.73#22.99
-94.0184,28.103#48.11#28.73#23.16
-93.9667,28.1027#47.95#28.74#23.31
-93.915,28.1023#47.8#28.74#23.46
-93.8633,28.1019#47.65#28.74#23.61
-93.8116,28.1016#47.49#28.74#23.77
-93.7599,28.1011#47.34#28.74#23.92
-93.7082,28.1007#47.18#28.75#24.07
-93.6565,28.1003#47.03#28.75#24.22
-93.6048,28.0998#46.88#28.75#24.37
-93.5531,28.0993#46.72#28.75#24.53
-93.5015,28.0988#46.57#28.75#24.68
-93.4498,28.0983#46.42#28.76#24.82
-93.3981,28.0978#46.27#28.76#24.97
-93.3464,28.0973#46.13#28.76#25.11
-93.2947,28.0967#45.98#28.76#25.26
-93.243,28.0961#45.84#28.76#25.4
-93.1913,28.0955#45.69#28.77#25.54
-93.1396,28.0949#45.54#28.77#25.69
-93.0879,28.0943#45.4#28.77#25.83
-93.0362,28.0936#45.25#28.77#25.98
-92.9845,28.0929#45.1#28.77#26.13
-92.9328,28.0922#44.97#28.78#26.25
-92.8812,28.0915#44.83#28.78#26.39
-92.8295,28.0908#44.69#28.78#26.53
-92.7778,28.0901#44.55#28.78#26.67
-92.7261,28.0893#44.41#28.78#26.81
-92.6744,28.0886#44.27#28.79#26.94
-92.6227,28.0878#44.13#28.79#27.08
-92.571,28.087#43.99#28.79#27.22
-92.5194,28.0861#43.85#28.79#27.36
-92.4677,28.0853#43.71#28.79#27.5
-92.416,28.0844#43.58#28.8#27.62
-92.3643,28.0835#43.44#28.8#27.76
-92.3126,28.0827#43.31#28.8#27.89
-92.2609,28.0817#43.17#28.8#28.03
-92.2093,28.0808#43.04#28.8#28.16
-92.1576,28.0799#42.9#28.81#28.29
-92.1059,28.0789#42.77#28.81#28.42
-92.0542,28.0779#42.63#28.81#28.56
-92.0026,28.0769#42.5#28.81#28.69
-91.9509,28.0759#42.38#28.81#28.81
-91.8992,28.0749#42.26#28.82#28.92
-91.8475,28.0738#42.14#28.82#29.04
-91.7959,28.0727#42.02#28.82#29.16
-91.7442,28.0717#41.9#28.82#29.28
-91.6925,28.0706#41.78#28.82#29.4
-91.6409,28.0694#41.66#28.83#29.51
-91.5892,28.0683#41.54#28.83#29.63
-91.5375,28.0671#41.42#28.83#29.75
-91.4859,28.066#41.3#28.83#29.87
-91.4342,28.0648#41.17#28.84#29.99
-91.3825,28.0636#41.04#28.84#30.12
-91.3309,28.0623#40.9#28.84#30.26
-91.2792,28.0611#40.77#28.84#30.39
-91.2275,28.0598#40.64#28.84#30.52
-91.1759,28.0586#40.51#28.85#30.64
-91.1242,28.0573#40.38#28.85#30.77
-91.0726,28.056#40.25#28.85#30.9
-91.0209,28.0546#40.12#28.85#31.03
-90.9692,28.0533#39.92#28.86#31.22
-90.9176,28.0519#39.67#28.86#31.47
-90.8659,28.0505#39.42#28.87#31.71
-90.8143,28.0491#39.17#28.87#31.96
-90.7626,28.0477#38.92#28.88#32.2
-90.711,28.0463#38.67#28.88#32.45
-90.6593,28.0448#38.42#28.89#32.69
-90.6077,28.0434#38.16#28.89#32.95
-90.556,28.0419#37.91#28.89#33.2
-90.5044,28.0404#37.66#28.9#33.44
-90.4528,28.0388#37.39#28.92#33.69
-90.4011,28.0373#37.11#28.94#33.95
-90.3495,28.0358#36.83#28.97#34.2
-90.2978,28.0342#36.55#28.99#34.46
-90.2462,28.0326#36.28#29.02#34.7
-90.1946,28.031#36#29.04#34.96
-90.1429,28.0294#35.72#29.06#35.22
-90.0913,28.0277#35.44#29.09#35.47
-90.0397,28.0261#35.16#29.11#35.73
-89.988,28.0244#34.89#29.14#35.97
-89.9364,28.0227#34.64#29.18#36.18
-89.8848,28.021#34.4#29.21#36.39
-89.8331,28.0192#34.15#29.25#36.6
-89.7815,28.0175#33.91#29.29#36.8
-89.7299,28.0157#33.66#29.32#37.02
-89.6783,28.014#33.42#29.36#37.22
-89.6267,28.0122#33.17#29.4#37.43
-89.575,28.0103#32.93#29.43#37.64
-89.5234,28.0085#32.68#29.47#37.85
-89.4718,28.0067#32.49#29.51#38
-89.4202,28.0048#32.33#29.54#38.13
-89.3686,28.0029#32.17#29.58#38.25
-89.317,28.001#32.02#29.62#38.36
-89.2654,27.9991#31.86#29.65#38.49
-89.2137,27.9971#31.7#29.69#38.61
-89.1621,27.9952#31.55#29.72#38.73
-89.1105,27.9932#31.39#29.76#38.85
-89.0589,27.9912#31.23#29.8#38.97
-89.0073,27.9892#31.08#29.83#39.09
-88.9557,27.9872#30.93#29.85#39.22
-88.9041,27.9852#30.78#29.86#39.36
-88.8525,27.9831#30.63#29.87#39.5
-88.801,27.981#30.48#29.88#39.64
-88.7494,27.9789#30.33#29.89#39.78
-88.6978,27.9768#30.18#29.9#39.92
-88.6462,27.9747#30.03#29.91#40.06
-88.5946,27.9725#29.87#29.92#40.21
-88.543,27.9704#29.72#29.93#40.35
-88.4914,27.9682#29.59#29.93#40.48
-88.4398,27.966#29.54#29.89#40.57
-88.3883,27.9638#29.5#29.85#40.65
-88.3367,27.9616#29.45#29.81#40.74
-88.2851,27.9593#29.41#29.77#40.82
-88.2335,27.957#29.36#29.73#40.91
-88.182,27.9548#29.32#29.68#41
-88.1304,27.9525#29.27#29.64#41.09
-88.0788,27.9501#29.23#29.6#41.17
-88.0273,27.9478#29.18#29.55#41.27
-87.9757,27.9454#29.17#29.51#41.32
-87.9241,27.9431#29.18#29.47#41.35
-87.8726,27.9407#29.2#29.43#41.37
-87.821,27.9383#29.22#29.39#41.39
-87.7695,27.9359#29.23#29.35#41.42
-87.7179,27.9334#29.25#29.31#41.44
-87.6664,27.931#29.27#29.27#41.46
-87.6148,27.9285#29.29#29.23#41.48
-87.5633,27.926#29.31#29.19#41.5
-87.5117,27.9235#29.33#29.16#41.51
-87.4602,27.921#29.33#29.13#41.54
-87.4087,27.9184#29.34#29.12#41.54
-87.3571,27.9159#29.34#29.1#41.56
-87.3056,27.9133#29.35#29.09#41.56
-87.254,27.9107#29.35#29.08#41.57
-87.2025,27.9081#29.36#29.06#41.58
-87.151,27.9054#29.36#29.05#41.59
-87.0995,27.9028#29.37#29.03#41.6
-87.0479,27.9001#29.38#29.02#41.6
-103.781,27.9006#43.6#28.58#27.82
-103.729,27.9035#43.8#28.58#27.62
-103.678,27.9064#44.01#28.58#27.41
-103.626,27.9094#44.21#28.58#27.21
-103.575,27.9122#44.42#28.58#27
-103.523,27.9151#44.62#28.59#26.79
-103.472,27.918#44.82#28.59#26.59
-103.42,27.9208#45.03#28.59#26.38
-103.369,27.9236#45.24#28.59#26.17
-103.317,27.9264#45.45#28.59#25.96
-103.266,27.9292#45.65#28.6#25.75
-103.214,27.932#45.86#28.6#25.54
-103.163,27.9348#46.07#28.6#25.33
-103.111,27.9375#46.28#28.6#25.12
-103.06,27.9402#46.48#28.6#24.92
-103.008,27.9429#46.69#28.6#24.71
-102.957,27.9456#46.9#28.61#24.49
-102.905,27.9483#47.1#28.61#24.29
-102.853,27.9509#47.31#28.61#24.08
-102.802,27.9535#47.51#28.61#23.88
-102.75,27.9562#47.72#28.61#23.67
-102.699,27.9588#47.92#28.62#23.46
-102.647,27.9613#48.13#28.62#23.25
-102.596,27.9639#48.33#28.62#23.05
-102.544,27.9664#48.54#28.62#22.84
-102.493,27.969#48.74#28.62#22.64
-102.441,27.9715#48.95#28.62#22.43
-102.389,27.974#49.16#28.63#22.21
-102.338,27.9765#49.37#28.63#22
-102.286,27.9789#49.58#28.63#21.79
-102.235,27.9814#49.79#28.63#21.58
-102.183,27.9838#50.01#28.63#21.36
-102.132,27.9862#50.22#28.63#21.15
-102.08,27.9886#50.43#28.64#20.93
-102.028,27.9909#50.64#28.64#20.72
-101.977,27.9933#50.87#28.64#20.49
-101.925,27.9956#51.12#28.64#20.24
-101.874,27.998#51.38#28.64#19.98
-101.822,28.0003#51.64#28.65#19.71
-101.77,28.0025#51.89#28.65#19.46
-101.719,28.0048#52.15#28.65#19.2
-101.667,28.0071#52.41#28.65#18.94
-101.616,28.0093#52.66#28.65#18.69
-101.564,28.0115#52.92#28.65#18.43
-101.512,28.0137#53.17#28.66#18.17
