-98.8872,46.9006#26.7#33.47#39.83
-98.8256,46.9018#26.7#33.74#39.56
-98.7639,46.903#26.7#34.01#39.29
-98.7022,46.9041#26.7#34.28#39.02
-98.6406,46.9053#26.7#34.56#38.74
-98.5789,46.9064#26.7#34.83#38.47
-98.5173,46.9075#26.7#35.1#38.2
-98.4556,46.9086#26.69#35.33#37.98
-98.3939,46.9097#26.67#35.55#37.78
-98.3323,46.9107#26.66#35.78#37.56
-98.2706,46.9117#26.65#36#37.35
-98.2089,46.9127#26.63#36.22#37.15
-98.1473,46.9137#26.62#36.44#36.94
-98.0856,46.9147#26.61#36.65#36.74
-98.0239,46.9156#26.59#36.87#36.54
-97.9622,46.9166#26.57#37.08#36.35
-97.9006,46.9175#26.55#37.28#36.17
-97.8389,46.9184#26.52#37.48#36
-97.7772,46.9192#26.5#37.68#35.82
-97.7155,46.9201#26.47#37.88#35.65
-97.6538,46.9209#26.45#38.08#35.47
-97.5922,46.9217#26.42#38.27#35.31
-97.5305,46.9225#26.4#38.47#35.13
-97.4688,46.9233#26.38#38.69#34.93
-97.4071,46.9241#26.36#38.93#34.71
-97.3454,46.9248#26.33#39.16#34.51
-97.2837,46.9255#26.31#39.4#34.29
-97.222,46.9262#26.29#39.64#34.07
-97.1604,46.9269#26.27#39.87#33.86
-97.0987,46.9276#26.25#40.11#33.64
-97.037,46.9282#26.23#40.34#33.43
-96.9753,46.9288#26.21#40.55#33.24
-96.9136,46.9294#26.2#40.7#33.1
-96.8519,46.93#26.2#40.85#32.95
-96.7902,46.9306#26.19#41.01#32.8
-96.7285,46.9311#26.18#41.16#32.66
-96.6668,46.9317#26.17#41.32#32.51
-96.6051,46.9322#26.16#41.47#32.37
-96.5434,46.9327#26.15#41.62#32.23
-96.4817,46.9331#26.15#41.74#32.11
-96.42,46.9336#26.14#41.76#32.1
-96.3583,46.934#26.14#41.78#32.08
-96.2966,46.9344#26.13#41.8#32.07
-96.2349,46.9348#26.13#41.81#32.06
-96.1732,46.9352#26.12#41.83#32.05
-96.1115,46.9356#26.12#41.85#32.03
-96.0498,46.9359#26.11#41.87#32.02
-95.9881,46.9362#26.11#41.89#32
-95.9264,46.9365#26.11#41.87#32.02
-95.8647,46.9368#26.11#41.86#32.03
-95.803,46.937#26.11#41.85#32.04
-95.7413,46.9373#26.11#41.83#32.06
-95.6796,46.9375#26.11#41.82#32.07
-95.6179,46.9377#26.11#41.81#32.08
-95.5562,46.9379#26.11#41.79#32.1
-95.4945,46.9381#26.11#41.78#32.11
-95.4328,46.9382#26.13#41.75#32.12
-95.3711,46.9383#26.14#41.72#32.14
-95.3094,46.9384#26.16#41.7#32.14
-95.2477,46.9385#26.18#41.67#32.15
-95.186,46.9386#26.19#41.64#32.17
-95.1243,46.9386#26.21#41.62#32.17
-95.0626,46.9387#26.22#41.59#32.19
-95.0009,46.9387#26.24#41.56#32.2
-94.9391,46.9387#26.27#41.47#32.26
-94.8774,46.9386#26.29#41.38#32.33
-94.8157,46.9386#26.32#41.29#32.39
-94.754,46.9385#26.35#41.19#32.46
-94.6923,46.9384#26.37#41.1#32.53
-94.6306,46.9383#26.4#41.01#32.59
-94.5689,46.9382#26.43#40.92#32.65
-94.5072,46.9381#26.46#40.83#32.71
-94.4455,46.9379#26.5#40.61#32.89
-94.3838,46.9377#26.54#40.37#33.09
-94.3221,46.9375#26.58#40.14#33.28
-94.2604,46.9373#26.62#39.9#33.48
-94.1987,46.9371#26.66#39.67#33.67
-94.137,46.9368#26.7#39.44#33.86
-94.0753,46.9365#26.75#39.2#34.05
-94.0136,46.9362#26.79#38.97#34.24
-93.9519,46.9359#26.83#38.76#34.41
-93.8902,46.9356#26.86#38.56#34.58
-93.8285,46.9352#26.9#38.35#34.75
-93.7668,46.9348#26.94#38.15#34.91
-93.7051,46.9344#26.97#37.95#35.08
-93.6434,46.934#27.01#37.75#35.24
-93.5817,46.9336#27.05#37.55#35.4
-93.52,46.9332#27.09#37.35#35.56
-93.4583,46.9327#27.11#37.14#35.75
-93.3966,46.9322#27.12#36.93#35.95
-93.3349,46.9317#27.14#36.73#36.13
-93.2732,46.9312#27.15#36.52#36.33
-93.2115,46.9306#27.17#36.32#36.51
-93.1498,46.93#27.18#36.11#36.71
-93.0881,46.9295#27.2#35.91#36.89
-93.0264,46.9289#27.21#35.7#37.09
-92.9647,46.9282#27.21#35.5#37.29
-92.903,46.9276#27.2#35.3#37.5
-92.8414,46.9269#27.18#35.09#37.73
-92.7797,46.9263#27.17#34.89#37.94
-92.718,46.9256#27.16#34.69#38.15
-92.6563,46.9248#27.15#34.49#38.36
-92.5946,46.9241#27.13#34.29#38.58
-92.5329,46.9233#27.12#34.09#38.79
-92.4712,46.9226#27.1#33.89#39.01
-92.4096,46.9218#27.08#33.7#39.22
-92.3479,46.921#27.05#33.51#39.44
-92.2862,46.9201#27.02#33.31#39.67
-92.2245,46.9193#27#33.12#39.88
-92.1628,46.9184#26.97#32.93#40.1
-92.1012,46.9175#26.94#32.73#40.33
-92.0395,46.9166#26.92#32.54#40.54
-91.9778,46.9157#26.88#32.35#40.77
-91.9161,46.9147#26.84#32.16#41
-91.8545,46.9137#26.8#31.97#41.23
-91.7928,46.9128#26.76#31.79#41.45
-91.7311,46.9118#26.72#31.6#41.68
-91.6694,46.9107#26.68#31.41#41.91
-91.6078,46.9097#26.64#31.22#42.14
-91.5461,46.9086#26.6#31.04#42.36
-91.4844,46.9075#26.57#30.85#42.58
-91.4228,46.9064#26.59#30.66#42.75
-91.3611,46.9053#26.6#30.47#42.93
-91.2995,46.9042#26.62#30.28#43.1
-91.2378,46.903#26.63#30.09#43.28
-91.1761,46.9018#26.65#29.89#43.46
-91.1145,46.9006#26.67#29.7#43.63
-100.615,46.9014#26.82#31#42.18
-100.554,46.9031#26.81#31.09#42.1
-100.492,46.9048#26.79#31.18#42.03
-100.43,46.9065#26.78#31.27#41.95
-100.369,46.9082#26.77#31.37#41.86
-100.307,46.9099#26.76#31.46#41.78
-100.246,46.9115#26.74#31.55#41.71
-100.184,46.9131#26.73#31.64#41.63
-100.122,46.9147#26.72#31.74#41.54
-100.061,46.9163#26.71#31.83#41.46
-99.999,46.9179#26.7#31.92#41.38
-99.9373,46.9194#26.69#32#41.31
-99.8757,46.9209#26.69#32.08#41.23
-99.814,46.9225#26.69#32.16#41.15
-99.7524,46.9239#26.69#32.24#41.07
-99.6907,46.9254#26.68#32.33#40.99
-99.629,46.9269#26.68#32.41#40.91
-99.5674,46.9283#26.68#32.49#40.83
-99.5057,46.9297#26.68#32.57#40.75
-99.4441,46.9311#26.68#32.62#40.7
-99.3824,46.9325#26.68#32.67#40.65
-99.3207,46.9338#26.69#32.72#40.59
-99.259,46.9351#26.69#32.77#40.54
-99.1974,46.9365#26.7#32.82#40.48
-99.1357,46.9378#26.7#32.87#40.43
-99.074,46.939#26.71#32.92#40.37
-99.0123,46.9403#26.71#32.96#40.33
-98.9507,46.9415#26.71#33.19#40.1
-98.889,46.9427#26.71#33.46#39.83
-98.8273,46.9439#26.71#33.72#39.57
-98.7656,46.9451#26.7#33.99#39.31
-98.7039,46.9463#26.7#34.26#39.04
-98.6422,46.9474#26.7#34.53#38.77
-98.5806,46.9485#26.7#34.8#38.5
-98.5189,46.9496#26.69#35.06#38.25
-98.4572,46.9507#26.68#35.29#38.03
-98.3955,46.9518#26.67#35.5#37.83
-98.3338,46.9528#26.65#35.72#37.63
-98.2721,46.9539#26.64#35.93#37.43
-98.2104,46.9549#26.62#36.14#37.24
-98.1487,46.9559#26.61#36.35#37.04
-98.087,46.9568#26.59#36.56#36.85
-98.0253,46.9578#26.58#36.77#36.65
-97.9636,46.9587#26.56#36.97#36.47
-97.9019,46.9596#26.53#37.17#36.3
-97.8402,46.9605#26.51#37.36#36.13
-97.7785,46.9614#26.48#37.56#35.96
-97.7168,46.9622#26.46#37.75#35.79
-97.655,46.9631#26.43#37.95#35.62
-97.5933,46.9639#26.41#38.15#35.44
-97.5316,46.9647#26.38#38.34#35.28
-97.4699,46.9655#26.36#38.55#35.09
-97.4082,46.9662#26.34#38.78#34.88
-97.3465,46.967#26.32#39.01#34.67
-97.2848,46.9677#26.3#39.24#34.46
-97.2231,46.9684#26.28#39.47#34.25
-97.1613,46.9691#26.26#39.7#34.04
-97.0996,46.9697#26.24#39.92#33.84
-97.0379,46.9704#26.22#40.15#33.63
-96.9762,46.971#26.21#40.35#33.44
-96.9145,46.9716#26.2#40.49#33.31
-96.8527,46.9722#26.19#40.63#33.18
-96.791,46.9727#26.18#40.78#33.04
-96.7293,46.9733#26.17#40.92#32.91
-96.6676,46.9738#26.17#41.06#32.77
-96.6058,46.9743#26.16#41.2#32.64
-96.5441,46.9748#26.15#41.34#32.51
-96.4824,46.9753#26.14#41.45#32.41
-96.4207,46.9757#26.14#41.47#32.39
-96.3589,46.9762#26.13#41.48#32.39
-96.2972,46.9766#26.13#41.5#32.37
-96.2355,46.977#26.13#41.51#32.36
-96.1738,46.9773#26.12#41.53#32.35
-96.112,46.9777#26.12#41.54#32.34
-96.0503,46.978#26.11#41.56#32.33
-95.9886,46.9784#26.11#41.57#32.32
-95.9268,46.9786#26.11#41.56#32.33
-95.8651,46.9789#26.11#41.54#32.35
-95.8034,46.9792#26.11#41.53#32.36
-95.7416,46.9794#26.11#41.52#32.37
-95.6799,46.9796#26.11#41.51#32.38
-95.6182,46.9798#26.11#41.49#32.4
-95.5564,46.98#26.11#41.48#32.41
-95.4947,46.9802#26.11#41.47#32.42
-95.433,46.9803#26.12#41.44#32.44
-95.3713,46.9805#26.14#41.42#32.44
-95.3095,46.9806#26.15#41.39#32.46
-95.2478,46.9807#26.16#41.37#32.47
-95.1861,46.9807#26.18#41.34#32.48
-95.1243,46.9808#26.19#41.32#32.49
-95.0626,46.9808#26.21#41.29#32.5
-95.0009,46.9808#26.22#41.27#32.51
-94.9391,46.9808#26.25#41.18#32.57
-94.8774,46.9808#26.27#41.09#32.64
-94.8157,46.9807#26.3#41.01#32.69
-94.7539,46.9807#26.33#40.92#32.75
-94.6922,46.9806#26.35#40.84#32.81
-94.6305,46.9805#26.38#40.75#32.87
-94.5687,46.9803#26.41#40.66#32.93
-94.507,46.9802#26.43#40.58#32.99
-94.4453,46.98#26.47#40.36#33.17
-94.3835,46.9799#26.51#40.13#33.36
-94.3218,46.9797#26.55#39.9#33.55
-94.2601,46.9794#26.59#39.67#33.74
-94.1983,46.9792#26.63#39.44#33.93
-94.1366,46.9789#26.67#39.21#34.12
-94.0749,46.9787#26.71#38.99#34.3
-94.0131,46.9784#26.75#38.76#34.49
-93.9514,46.978#26.79#38.55#34.66
-93.8897,46.9777#26.83#38.35#34.82
-93.828,46.9774#26.87#38.14#34.99
-93.7662,46.977#26.91#37.94#35.15
-93.7045,46.9766#26.95#37.74#35.31
-93.6428,46.9762#26.98#37.54#35.48
-93.581,46.9757#27.02#37.34#35.64
-93.5193,46.9753#27.06#37.13#35.81
-93.4576,46.9748#27.09#36.93#35.98
-93.3959,46.9743#27.1#36.72#36.18
-93.3341,46.9738#27.12#36.52#36.36
-93.2724,46.9733#27.13#36.31#36.56
-93.2107,46.9728#27.15#36.1#36.75
-93.149,46.9722#27.17#35.9#36.93
-93.0872,46.9716#27.18#35.69#37.13
-93.0255,46.971#27.2#35.49#37.31
-92.9638,46.9704#27.2#35.28#37.52
-92.9021,46.9697#27.19#35.09#37.72
-92.8404,46.9691#27.18#34.89#37.93
-92.7787,46.9684#27.17#34.69#38.14
-92.7169,46.9677#27.16#34.49#38.35
-92.6552,46.967#27.15#34.29#38.56
-92.5935,46.9662#27.14#34.09#38.77
-92.5318,46.9655#27.13#33.89#38.98
-92.4701,46.9647#27.11#33.69#39.2
-92.4084,46.9639#27.09#33.51#39.4
-92.3467,46.9631#27.06#33.32#39.62
-92.285,46.9623#27.04#33.13#39.83
-92.2232,46.9614#27.01#32.94#40.05
-92.1615,46.9605#26.98#32.76#40.26
-92.0998,46.9596#26.96#32.57#40.47
-92.0381,46.9587#26.93#32.38#40.69
-91.9764,46.9578#26.9#32.19#40.91
-91.9147,46.9569#26.86#32.01#41.13
-91.853,46.9559#26.82#31.83#41.35
-91.7913,46.9549#26.78#31.64#41.58
-91.7296,46.9539#26.74#31.46#41.8
-91.6679,46.9529#26.7#31.27#42.03
-91.6062,46.9518#26.66#31.09#42.25
-91.5445,46.9508#26.62#30.9#42.48
-91.4828,46.9497#26.6#30.72#42.68
-91.4212,46.9486#26.62#30.54#42.84
-91.3595,46.9474#26.63#30.35#43.02
-91.2978,46.9463#26.65#30.17#43.18
-91.2361,46.9451#26.66#29.99#43.35
-91.1744,46.944#26.68#29.8#43.52
-91.1127,46.9428#26.69#29.62#43.69
-91.051,46.9416#26.71#29.43#43.86
-90.9894,46.9403#26.73#29.26#44.01
-90.9277,46.9391#26.8#29.15#44.05
-90.866,46.9378#26.87#29.05#44.08
-90.8043,46.9365#26.93#28.94#44.13
-90.7427,46.9352#27#28.84#44.16
-90.681,46.9338#27.07#28.73#44.2
-90.6193,46.9325#27.14#28.62#44.24
-90.5576,46.9311#27.21#28.52#44.27
-90.496,46.9297#27.28#28.41#44.31
-90.4343,46.9283#27.36#28.33#44.31
-90.3727,46.9269#27.44#28.24#44.32
-90.311,46.9254#27.53#28.15#44.32
-90.2493,46.924#27.61#28.06#44.33
-90.1877,46.9225#27.7#27.98#44.32
-90.126,46.921#27.78#27.89#44.33
-90.0644,46.9195#27.86#27.8#44.34
-90.0027,46.9179#27.95#27.71#44.34
-89.9411,46.9164#28.06#27.66#44.28
-89.8794,46.9148#28.18#27.62#44.2
-89.8178,46.9132#28.29#27.57#44.14
-89.7561,46.9116#28.4#27.52#44.08
-89.6945,46.9099#28.52#27.48#44
-89.6329,46.9083#28.63#27.43#43.94
-89.5712,46.9066#28.74#27.38#43.88
-89.5096,46.9049#28.86#27.34#43.8
-89.448,46.9032#29.02#27.31#43.67
-89.3863,46.9014#29.19#27.28#43.53
-101.974,46.9005#26.96#29.43#43.61
-101.912,46.9026#26.96#29.47#43.57
-101.851,46.9048#26.96#29.51#43.53
-101.789,46.9069#26.96#29.55#43.49
-101.727,46.909#26.96#29.59#43.45
-101.666,46.9111#26.96#29.62#43.42
-101.604,46.9131#26.96#29.66#43.38
-101.542,46.9152#26.96#29.7#43.34
-101.481,46.9172#26.96#29.76#43.28
-101.419,46.9192#26.95#29.84#43.21
-101.358,46.9212#26.94#29.92#43.14
-101.296,46.9231#26.93#30.01#43.06
-101.234,46.9251#26.93#30.09#42.98
-101.173,46.927#26.92#30.18#42.9
-101.111,46.9289#26.91#30.26#42.83
-101.049,46.9308#26.9#30.34#42.76
-100.988,46.9327#26.9#30.43#42.67
-100.926,46.9345#26.88#30.52#42.6
-100.865,46.9364#26.87#30.62#42.51
-100.803,46.9382#26.86#30.71#42.43
-100.741,46.94#26.85#30.8#42.35
-100.68,46.9418#26.84#30.9#42.26
-100.618,46.9435#26.83#30.99#42.18
-100.556,46.9452#26.82#31.09#42.09
-100.495,46.947#26.81#31.18#42.01
-100.433,46.9487#26.8#31.27#41.93
-100.371,46.9503#26.79#31.36#41.85
-100.31,46.952#26.77#31.46#41.77
-100.248,46.9536#26.76#31.55#41.69
-100.186,46.9553#26.75#31.64#41.61
-100.125,46.9569#26.74#31.74#41.52
-100.063,46.9584#26.73#31.83#41.44
-100.001,46.96#26.72#31.92#41.36
-99.9396,46.9615#26.72#32#41.28
-99.8779,46.9631#26.72#32.09#41.19
-99.8162,46.9646#26.71#32.17#41.12
-99.7545,46.9661#26.71#32.26#41.03
-99.6928,46.9675#26.71#32.34#40.95
-99.6312,46.969#26.7#32.42#40.88
-99.5695,46.9704#26.7#32.51#40.79
-99.5078,46.9718#26.7#32.59#40.71
-99.4461,46.9732#26.7#32.64#40.66
-99.3844,46.9746#26.7#32.69#40.61
-99.3227,46.9759#26.71#32.74#40.55
-99.261,46.9773#26.71#32.78#40.51
-99.1993,46.9786#26.71#32.83#40.46
-99.1376,46.9799#26.72#32.87#40.41
-99.0759,46.9811#26.72#32.92#40.36
-99.0142,46.9824#26.72#32.97#40.31
-98.9525,46.9836#26.72#33.18#40.1
-98.8908,46.9849#26.71#33.45#39.84
-98.829,46.9861#26.71#33.71#39.58
-98.7673,46.9872#26.71#33.97#39.32
-98.7056,46.9884#26.7#34.24#39.06
-98.6439,46.9895#26.7#34.5#38.8
-98.5822,46.9907#26.69#34.76#38.55
-98.5205,46.9918#26.69#35.03#38.28
-98.4587,46.9928#26.68#35.25#38.07
-98.397,46.9939#26.66#35.45#37.89
-98.3353,46.995#26.65#35.66#37.69
-98.2736,46.996#26.63#35.86#37.51
-98.2118,46.997#26.61#36.06#37.33
-98.1501,46.998#26.6#36.26#37.14
-98.0884,46.9989#26.58#36.47#36.95
-98.0267,46.9999#26.56#36.67#36.77
-97.9649,47.0008#26.54#36.86#36.6
-97.9032,47.0017#26.52#37.06#36.42
-97.8415,47.0026#26.49#37.25#36.26
-97.7797,47.0035#26.47#37.44#36.09
-97.718,47.0044#26.44#37.63#35.93
-97.6563,47.0052#26.41#37.83#35.76
-97.5945,47.006#26.39#38.02#35.59
-97.5328,47.0068#26.36#38.21#35.43
-97.471,47.0076#26.34#38.42#35.24
-97.4093,47.0083#26.32#38.64#35.04
-97.3476,47.0091#26.3#38.86#34.84
-97.2858,47.0098#26.29#39.08#34.63
-97.2241,47.0105#26.27#39.3#34.43
-97.1623,47.0112#26.25#39.52#34.23
-97.1006,47.0118#26.23#39.74#34.03
-97.0388,47.0125#26.21#39.96#33.83
-96.9771,47.0131#26.2#40.15#33.65
-96.9153,47.0137#26.19#40.28#33.53
-96.8536,47.0143#26.18#40.41#33.41
-96.7918,47.0149#26.18#40.54#33.28
-96.7301,47.0154#26.17#40.67#33.16
-96.6683,47.0159#26.16#40.8#33.04
-96.6066,47.0164#26.15#40.93#32.92
-96.5448,47.0169#26.15#41.06#32.79
-96.4831,47.0174#26.14#41.16#32.7
-96.4213,47.0179#26.13#41.17#32.7
-96.3596,47.0183#26.13#41.19#32.68
-96.2978,47.0187#26.13#41.2#32.67
-96.236,47.0191#26.12#41.21#32.67
-96.1743,47.0195#26.12#41.22#32.66
-96.1125,47.0198#26.11#41.23#32.66
-96.0508,47.0202#26.11#41.25#32.64
-95.989,47.0205#26.11#41.25#32.64
-95.9273,47.0208#26.11#41.24#32.65
-95.8655,47.0211#26.11#41.23#32.66
-95.8037,47.0213#26.11#41.22#32.67
-95.742,47.0216#26.11#41.21#32.68
-95.6802,47.0218#26.11#41.2#32.69
-95.6185,47.022#26.1#41.18#32.72
-95.5567,47.0222#26.1#41.17#32.73
-95.4949,47.0223#26.11#41.16#32.73
-95.4332,47.0225#26.12#41.14#32.74
-95.3714,47.0226#26.13#41.11#32.76
-95.3097,47.0227#26.14#41.09#32.77
-95.2479,47.0228#26.15#41.07#32.78
-95.1861,47.0228#26.17#41.04#32.79
-95.1244,47.0229#26.18#41.02#32.8
-95.0626,47.0229#26.19#41#32.81
-95.0009,47.0229#26.2#40.97#32.83
-94.9391,47.0229#26.23#40.89#32.88
-94.8773,47.0229#26.25#40.81#32.94
-94.8156,47.0229#26.28#40.73#32.99
-94.7538,47.0228#26.31#40.65#33.04
-94.692,47.0227#26.33#40.57#33.1
-94.6303,47.0226#26.36#40.49#33.15
-94.5685,47.0225#26.38#40.41#33.21
-94.5068,47.0223#26.41#40.33#33.26
-94.445,47.0222#26.45#40.12#33.43
-94.3832,47.022#26.49#39.89#33.62
-94.3215,47.0218#26.52#39.67#33.81
-94.2597,47.0216#26.56#39.44#34
-94.198,47.0213#26.6#39.22#34.18
-94.1362,47.0211#26.64#38.99#34.37
-94.0744,47.0208#26.68#38.77#34.55
-94.0127,47.0205#26.71#38.55#34.74
-93.9509,47.0202#26.75#38.34#34.91
-93.8892,47.0198#26.79#38.14#35.07
-93.8274,47.0195#26.84#37.93#35.23
-93.7657,47.0191#26.88#37.73#35.39
-93.7039,47.0187#26.92#37.53#35.55
-93.6421,47.0183#26.96#37.33#35.71
-93.5804,47.0179#27#37.12#35.88
-93.5186,47.0174#27.04#36.92#36.04
-93.4569,47.0169#27.06#36.72#36.22
-93.3951,47.0165#27.08#36.51#36.41
-93.3334,47.016#27.1#36.3#36.6
-93.2716,47.0154#27.12#36.1#36.78
-93.2099,47.0149#27.14#35.89#36.97
-93.1481,47.0143#27.15#35.69#37.16
-93.0864,47.0137#27.17#35.48#37.35
-93.0246,47.0131#27.19#35.27#37.54
-92.9629,47.0125#27.19#35.07#37.74
-92.9011,47.0119#27.19#34.88#37.93
-92.8394,47.0112#27.18#34.68#38.14
-92.7776,47.0105#27.17#34.48#38.35
-92.7159,47.0098#27.16#34.28#38.56
-92.6542,47.0091#27.16#34.08#38.76
-92.5924,47.0084#27.15#33.89#38.96
-92.5307,47.0076#27.14#33.69#39.17
-92.4689,47.0068#27.12#33.5#39.38
-92.4072,47.006#27.1#33.32#39.58
-92.3455,47.0052#27.07#33.14#39.79
-92.2837,47.0044#27.05#32.95#40
-92.222,47.0035#27.02#32.77#40.21
-92.1602,47.0027#27#32.59#40.41
-92.0985,47.0018#26.97#32.4#40.63
-92.0368,47.0009#26.95#32.22#40.83
-91.975,46.9999#26.92#32.04#41.04
-91.9133,46.999#26.88#31.86#41.26
-91.8516,46.998#26.84#31.68#41.48
-91.7899,46.997#26.8#31.5#41.7
-91.7281,46.996#26.77#31.31#41.92
-91.6664,46.995#26.73#31.13#42.14
-91.6047,46.9939#26.69#30.95#42.36
-91.543,46.9929#26.65#30.77#42.58
-91.4812,46.9918#26.63#30.59#42.78
-91.4195,46.9907#26.64#30.41#42.95
-91.3578,46.9896#26.66#30.24#43.1
-91.2961,46.9884#26.67#30.06#43.27
-91.2344,46.9873#26.69#29.89#43.42
-91.1727,46.9861#26.7#29.71#43.59
-91.111,46.9849#26.72#29.53#43.75
-91.0492,46.9837#26.73#29.35#43.92
-90.9875,46.9824#26.76#29.19#44.05
-90.9258,46.9812#26.82#29.09#44.09
-90.8641,46.9799#26.89#28.98#44.13
-90.8024,46.9786#26.96#28.88#44.16
-90.7407,46.9773#27.02#28.78#44.2
-90.679,46.976#27.09#28.67#44.24
-90.6173,46.9746#27.16#28.57#44.27
-90.5556,46.9732#27.23#28.46#44.31
-90.4939,46.9719#27.3#28.36#44.34
-90.4322,46.9704#27.38#28.28#44.34
-90.3705,46.969#27.46#28.2#44.34
-90.3089,46.9676#27.55#28.12#44.33
-90.2472,46.9661#27.63#28.04#44.33
-90.1855,46.9646#27.71#27.96#44.33
-90.1238,46.9631#27.8#27.88#44.32
-90.0621,46.9616#27.88#27.8#44.32
-90.0004,46.96#27.96#27.71#44.33
-89.9388,46.9585#28.08#27.67#44.25
-89.8771,46.9569#28.19#27.63#44.18
-89.8154,46.9553#28.31#27.58#44.11
-89.7538,46.9537#28.42#27.54#44.04
-89.6921,46.952#28.54#27.5#43.96
-89.6304,46.9504#28.65#27.45#43.9
-89.5688,46.9487#28.77#27.41#43.82
-89.5071,46.947#28.88#27.36#43.76
-89.4454,46.9453#29.05#27.34#43.61
-89.3838,46.9436#29.22#27.31#43.47
-89.3221,46.9418#29.39#27.29#43.32
-89.2605,46.94#29.56#27.26#43.18
-89.1988,46.9382#29.72#27.24#43.04
-89.1372,46.9364#29.89#27.21#42.9
-89.0755,46.9346#30.06#27.18#42.76
-89.0139,46.9327#30.23#27.16#42.61
-88.9523,46.9309#30.41#27.14#42.45
-88.8906,46.929#30.59#27.13#42.28
-88.829,46.9271#30.77#27.11#42.12
-88.7673,46.9251#30.95#27.1#41.95
-88.7057,46.9232#31.12#27.09#41.79
-88.6441,46.9212#31.3#27.07#41.63
-88.5825,46.9193#31.48#27.06#41.46
-88.5208,46.9172#31.65#27.04#41.31
-88.4592,46.9152#31.82#27.03#41.15
-88.3976,46.9132#31.98#27.02#41
-88.336,46.9111#32.14#27.01#40.85
-88.2744,46.909#32.3#27.01#40.69
-88.2128,46.9069#32.46#27#40.54
-88.1512,46.9048#32.63#26.99#40.38
-88.0896,46.9027#32.79#26.98#40.23
-88.028,46.9005#32.95#26.97#40.08
-103.086,46.9005#27.62#29.34#43.04
-103.024,46.903#27.57#29.34#43.09
-102.963,46.9054#27.51#29.34#43.15
-102.901,46.9079#27.46#29.34#43.2
-102.839,46.9104#27.41#29.35#43.24
-102.778,46.9128#27.36#29.35#43.29
-102.716,46.9152#27.31#29.35#43.34
-102.655,46.9176#27.25#29.35#43.4
-102.593,46.9199#27.2#29.36#43.44
-102.531,46.9223#27.15#29.36#43.49
-102.47,46.9246#27.11#29.36#43.53
-102.408,46.9269#27.09#29.37#43.54
-102.347,46.9292#27.06#29.38#43.56
-102.285,46.9315#27.04#29.38#43.58
-102.223,46.9337#27.01#29.39#43.6
-102.162,46.936#26.99#29.4#43.61
-102.1,46.9382#26.96#29.4#43.64
-102.039,46.9404#26.94#29.41#43.65
-101.977,46.9426#26.92#29.43#43.65
-101.915,46.9447#26.93#29.47#43.6
-101.854,46.9469#26.93#29.51#43.56
-101.792,46.949#26.93#29.55#43.52
-101.73,46.9511#26.93#29.58#43.49
-101.669,46.9532#26.94#29.62#43.44
-101.607,46.9552#26.94#29.66#43.4
-101.545,46.9573#26.94#29.7#43.36
-101.484,46.9593#26.94#29.76#43.3
-101.422,46.9613#26.94#29.84#43.22
-101.361,46.9633#26.93#29.92#43.15
-101.299,46.9652#26.92#30#43.08
-101.237,46.9672#26.92#30.08#43
-101.176,46.9691#26.91#30.17#42.92
-101.114,46.971#26.91#30.25#42.84
-101.052,46.9729#26.9#30.33#42.77
-100.991,46.9748#26.9#30.41#42.69
-100.929,46.9766#26.89#30.51#42.6
-100.867,46.9785#26.88#30.6#42.52
-100.806,46.9803#26.87#30.7#42.43
-100.744,46.9821#26.86#30.79#42.35
-100.682,46.9839#26.85#30.89#42.26
-100.62,46.9856#26.84#30.99#42.17
-100.559,46.9873#26.83#31.08#42.09
-100.497,46.9891#26.82#31.18#42
-100.435,46.9908#26.81#31.27#41.92
-100.374,46.9924#26.8#31.36#41.84
-100.312,46.9941#26.79#31.46#41.75
-100.25,46.9957#26.78#31.55#41.67
-100.189,46.9974#26.77#31.64#41.59
-100.127,46.999#26.77#31.74#41.49
-100.065,47.0005#26.76#31.83#41.41
-100.004,47.0021#26.75#31.92#41.33
-99.9418,47.0036#26.75#32.01#41.24
-99.8801,47.0052#26.74#32.09#41.17
-99.8184,47.0067#26.74#32.18#41.08
-99.7567,47.0082#26.73#32.27#41
-99.695,47.0096#26.73#32.35#40.92
-99.6333,47.0111#26.73#32.44#40.83
-99.5715,47.0125#26.72#32.52#40.76
-99.5098,47.0139#26.72#32.61#40.67
-99.4481,47.0153#26.72#32.66#40.62
-99.3864,47.0167#26.72#32.71#40.57
-99.3247,47.018#26.72#32.75#40.53
-99.2629,47.0194#26.72#32.79#40.49
-99.2012,47.0207#26.73#32.84#40.43
-99.1395,47.022#26.73#32.88#40.39
-99.0777,47.0233#26.73#32.93#40.34
-99.016,47.0245#26.73#32.97#40.3
-98.9543,47.0257#26.72#33.17#40.11
-98.8925,47.027#26.72#33.43#39.85
-98.8308,47.0282#26.71#33.69#39.6
-98.769,47.0293#26.71#33.95#39.34
-98.7073,47.0305#26.7#34.21#39.09
-98.6456,47.0316#26.7#34.47#38.83
-98.5838,47.0328#26.69#34.73#38.58
-98.5221,47.0339#26.69#34.99#38.32
-98.4603,47.035#26.67#35.21#38.12
-98.3986,47.036#26.66#35.41#37.93
-98.3368,47.0371#26.64#35.6#37.76
-98.2751,47.0381#26.62#35.79#37.59
-98.2133,47.0391#26.6#35.99#37.41
-98.1516,47.0401#26.59#36.18#37.23
-98.0898,47.0411#26.57#36.37#37.06
-98.028,47.042#26.55#36.56#36.89
-97.9663,47.0429#26.53#36.75#36.72
-97.9045,47.0438#26.5#36.94#36.56
-97.8428,47.0447#26.48#37.13#36.39
-97.781,47.0456#26.45#37.32#36.23
-97.7192,47.0465#26.42#37.51#36.07
-97.6575,47.0473#26.4#37.7#35.9
-97.5957,47.0481#26.37#37.89#35.74
-97.5339,47.0489#26.35#38.08#35.57
-97.4722,47.0497#26.32#38.28#35.4
-97.4104,47.0504#26.31#38.49#35.2
-97.3486,47.0512#26.29#38.71#35
-97.2869,47.0519#26.27#38.92#34.81
-97.2251,47.0526#26.26#39.13#34.61
-97.1633,47.0533#26.24#39.35#34.41
-97.1015,47.054#26.22#39.56#34.22
-97.0398,47.0546#26.21#39.77#34.02
-96.978,47.0552#26.19#39.95#33.86
-96.9162,47.0558#26.19#40.07#33.74
-96.8544,47.0564#26.18#40.19#33.63
-96.7926,47.057#26.17#40.31#33.52
-96.7309,47.0575#26.16#40.43#33.41
-96.6691,47.058#26.16#40.55#33.29
-96.6073,47.0586#26.15#40.67#33.18
-96.5455,47.059#26.14#40.79#33.07
-96.4837,47.0595#26.13#40.88#32.99
-96.422,47.06#26.13#40.88#32.99
-96.3602,47.0604#26.13#40.89#32.98
-96.2984,47.0608#26.12#40.9#32.98
-96.2366,47.0612#26.12#40.91#32.97
-96.1748,47.0616#26.12#40.92#32.96
-96.113,47.0619#26.11#40.92#32.97
-96.0513,47.0623#26.11#40.93#32.96
-95.9895,47.0626#26.1#40.94#32.96
-95.9277,47.0629#26.1#40.93#32.97
-95.8659,47.0632#26.1#40.92#32.98
-95.8041,47.0634#26.1#40.91#32.99
-95.7423,47.0637#26.1#40.9#33
-95.6805,47.0639#26.1#40.88#33.02
-95.6187,47.0641#26.1#40.87#33.03
-95.557,47.0643#26.1#40.86#33.04
-95.4952,47.0644#26.1#40.85#33.05
-95.4334,47.0646#26.11#40.83#33.06
-95.3716,47.0647#26.12#40.81#33.07
-95.3098,47.0648#26.13#40.79#33.08
-95.248,47.0649#26.14#40.77#33.09
-95.1862,47.065#26.15#40.74#33.11
-95.1244,47.065#26.16#40.72#33.12
-95.0626,47.065#26.17#40.7#33.13
-95.0009,47.065#26.18#40.68#33.14
-94.9391,47.065#26.21#40.6#33.19
-94.8773,47.065#26.23#40.53#33.24
-94.8155,47.065#26.26#40.45#33.29
-94.7537,47.0649#26.29#40.38#33.33
-94.6919,47.0648#26.31#40.3#33.39
-94.6301,47.0647#26.34#40.23#33.43
-94.5683,47.0646#26.36#40.15#33.49
-94.5065,47.0644#26.39#40.08#33.53
-94.4448,47.0643#26.42#39.87#33.71
-94.383,47.0641#26.46#39.65#33.89
-94.3212,47.0639#26.5#39.43#34.07
-94.2594,47.0637#26.53#39.21#34.26
-94.1976,47.0634#26.57#38.99#34.44
-94.1358,47.0632#26.61#38.77#34.62
-94.074,47.0629#26.64#38.55#34.81
-94.0122,47.0626#26.68#38.33#34.99
-93.9505,47.0623#26.72#38.13#35.15
-93.8887,47.0619#26.76#37.93#35.31
-93.8269,47.0616#26.8#37.72#35.48
-93.7651,47.0612#26.84#37.52#35.64
-93.7033,47.0608#26.89#37.32#35.79
-93.6415,47.0604#26.93#37.12#35.95
-93.5797,47.06#26.97#36.91#36.12
-93.518,47.0595#27.01#36.71#36.28
-93.4562,47.0591#27.04#36.51#36.45
-93.3944,47.0586#27.06#36.3#36.64
-93.3326,47.0581#27.08#36.09#36.83
-93.2708,47.0575#27.1#35.89#37.01
-93.2091,47.057#27.12#35.68#37.2
-93.1473,47.0564#27.14#35.47#37.39
-93.0855,47.0558#27.16#35.27#37.57
-93.0237,47.0552#27.18#35.06#37.76
-92.962,47.0546#27.19#34.86#37.95
-92.9002,47.054#27.18#34.67#38.15
-92.8384,47.0533#27.18#34.47#38.35
-92.7766,47.0526#27.17#34.27#38.56
-92.7149,47.0519#27.16#34.08#38.76
-92.6531,47.0512#27.16#33.88#38.96
-92.5913,47.0505#27.15#33.69#39.16
-92.5295,47.0497#27.15#33.49#39.36
-92.4678,47.0489#27.13#33.31#39.56
-92.406,47.0481#27.11#33.13#39.76
-92.3442,47.0473#27.08#32.95#39.97
-92.2825,47.0465#27.06#32.77#40.17
-92.2207,47.0456#27.04#32.6#40.36
-92.1589,47.0448#27.01#32.42#40.57
-92.0972,47.0439#26.99#32.24#40.77
-92.0354,47.043#26.96#32.06#40.98
-91.9737,47.042#26.93#31.88#41.19
-91.9119,47.0411#26.9#31.71#41.39
-91.8502,47.0401#26.86#31.53#41.61
-91.7884,47.0391#26.83#31.35#41.82
-91.7266,47.0381#26.79#31.17#42.04
-91.6649,47.0371#26.75#30.99#42.26
-91.6031,47.036#26.72#30.81#42.47
-91.5414,47.035#26.68#30.64#42.68
-91.4796,47.0339#26.66#30.46#42.88
-91.4179,47.0328#26.67#30.29#43.04
-91.3561,47.0317#26.69#30.12#43.19
-91.2944,47.0305#26.7#29.96#43.34
-91.2327,47.0294#26.71#29.79#43.5
-91.1709,47.0282#26.73#29.62#43.65
-91.1092,47.027#26.74#29.45#43.81
-91.0474,47.0258#26.75#29.28#43.97
-90.9857,47.0245#26.78#29.12#44.1
-90.924,47.0233#26.85#29.02#44.13
-90.8622,47.022#26.91#28.92#44.17
-90.8005,47.0207#26.98#28.82#44.2
-90.7388,47.0194#27.05#28.72#44.23
-90.677,47.0181#27.11#28.62#44.27
-90.6153,47.0167#27.18#28.51#44.31
-90.5536,47.0153#27.25#28.41#44.34
-90.4919,47.014#27.32#28.31#44.37
-90.4302,47.0125#27.4#28.24#44.36
-90.3684,47.0111#27.48#28.17#44.35
-90.3067,47.0097#27.56#28.09#44.35
-90.245,47.0082#27.65#28.02#44.33
-90.1833,47.0067#27.73#27.94#44.33
-90.1216,47.0052#27.81#27.87#44.32
-90.0599,47.0037#27.89#27.79#44.32
-89.9982,47.0021#27.98#27.72#44.3
-89.9365,47.0006#28.09#27.68#44.23
-89.8748,46.999#28.21#27.64#44.15
-89.8131,46.9974#28.33#27.6#44.07
-89.7514,46.9958#28.44#27.55#44.01
-89.6897,46.9941#28.56#27.51#43.93
-89.628,46.9925#28.68#27.47#43.85
-89.5663,46.9908#28.79#27.43#43.78
-89.5046,46.9891#28.91#27.39#43.7
-89.4429,46.9874#29.07#27.36#43.57
-89.3812,46.9857#29.24#27.34#43.42
-89.3195,46.9839#29.41#27.32#43.27
-89.2579,46.9821#29.58#27.29#43.13
-89.1962,46.9803#29.75#27.27#42.98
-89.1345,46.9785#29.92#27.25#42.83
-89.0728,46.9767#30.09#27.22#42.69
-89.0112,46.9748#30.26#27.2#42.54
-88.9495,46.973#30.43#27.18#42.39
-88.8878,46.9711#30.61#27.17#42.22
-88.8262,46.9692#30.79#27.16#42.05
-88.7645,46.9672#30.97#27.14#41.89
-88.7029,46.9653#31.15#27.13#41.72
-88.6412,46.9633#31.33#27.12#41.55
-88.5795,46.9614#31.51#27.1#41.39
-88.5179,46.9593#31.69#27.09#41.22
-88.4562,46.9573#31.85#27.08#41.07
-88.3946,46.9553#32#27.07#40.93
-88.333,46.9532#32.15#27.06#40.79
-88.2713,46.9511#32.3#27.05#40.65
-88.2097,46.949#32.46#27.05#40.49
-88.1481,46.9469#32.61#27.04#40.35
-88.0864,46.9448#32.77#27.03#40.2
-88.0248,46.9426#32.92#27.02#40.06
-87.9632,46.9405#33.06#27.01#39.93
-87.9015,46.9383#33.17#27.01#39.82
-87.8399,46.936#33.29#27#39.71
-87.7783,46.9338#33.41#27#39.59
-87.7167,46.9316#33.53#26.99#39.48
-87.6551,46.9293#33.65#26.99#39.36
-87.5935,46.927#33.77#26.98#39.25
-87.5319,46.9247#33.9#26.97#39.13
-87.4703,46.9224#34.02#26.97#39.01
-87.4087,46.92#34.13#26.97#38.9
-87.3471,46.9176#34.25#26.96#38.79
-87.2855,46.9152#34.37#26.96#38.67
-87.2239,46.9128#34.48#26.95#38.57
-87.1623,46.9104#34.6#26.95#38.45
-87.1007,46.908#34.71#26.94#38.35
-87.0392,46.9055#34.82#26.94#38.24
-86.9776,46.903#34.95#26.94#38.11
-86.916,46.9005#35.11#26.93#37.96
-104.013,46.9027#28.46#29.3#42.24
-103.951,46.9055#28.39#29.3#42.31
-103.89,46.9083#28.33#29.3#42.37
-103.828,46.911#28.27#29.3#42.43
-103.767,46.9137#28.21#29.31#42.48
-103.705,46.9165#28.15#29.31#42.54
-103.644,46.9191#28.09#29.31#42.6
-103.582,46.9218#28.03#29.31#42.66
-103.52,46.9245#27.96#29.32#42.72
-103.459,46.9271#27.91#29.32#42.77
-103.397,46.9297#27.86#29.32#42.82
-103.336,46.9323#27.8#29.32#42.88
-103.274,46.9349#27.75#29.33#42.92
-103.213,46.9375#27.69#29.33#42.98
-103.151,46.94#27.64#29.33#43.03
-103.089,46.9425#27.58#29.33#43.09
-103.028,46.945#27.53#29.34#43.13
-102.966,46.9475#27.48#29.34#43.18
-102.905,46.95#27.42#29.34#43.24
-102.843,46.9524#27.37#29.34#43.29
-102.781,46.9549#27.32#29.35#43.33
-102.72,46.9573#27.26#29.35#43.39
-102.658,46.9596#27.21#29.35#43.44
-102.596,46.962#27.16#29.35#43.49
-102.535,46.9644#27.1#29.36#43.54
-102.473,46.9667#27.06#29.36#43.58
-102.412,46.969#27.04#29.37#43.59
-102.35,46.9713#27.02#29.37#43.61
-102.288,46.9736#27#29.38#43.62
-102.227,46.9758#26.97#29.39#43.64
-102.165,46.9781#26.95#29.39#43.66
-102.103,46.9803#26.93#29.4#43.67
-102.042,46.9825#26.91#29.41#43.68
-101.98,46.9847#26.89#29.42#43.69
-101.918,46.9868#26.9#29.46#43.64
-101.857,46.9889#26.9#29.5#43.6
-101.795,46.9911#26.91#29.54#43.55
-101.733,46.9932#26.91#29.58#43.51
-101.672,46.9952#26.91#29.62#43.47
-101.61,46.9973#26.92#29.66#43.42
-101.548,46.9994#26.92#29.71#43.37
-101.487,47.0014#26.93#29.75#43.32
-101.425,47.0034#26.92#29.83#43.25
-101.363,47.0054#26.92#29.92#43.16
-101.302,47.0073#26.92#30#43.08
-101.24,47.0093#26.91#30.08#43.01
-101.178,47.0112#26.91#30.16#42.93
-101.117,47.0131#26.91#30.23#42.86
-101.055,47.015#26.9#30.31#42.79
-100.993,47.0169#26.9#30.4#42.7
-100.932,47.0187#26.89#30.49#42.62
-100.87,47.0206#26.88#30.59#42.53
-100.808,47.0224#26.87#30.69#42.44
-100.746,47.0242#26.87#30.79#42.34
-100.685,47.0259#26.86#30.88#42.26
-100.623,47.0277#26.85#30.98#42.17
-100.561,47.0294#26.84#31.08#42.08
-100.5,47.0311#26.83#31.18#41.99
-100.438,47.0328#26.82#31.27#41.91
-100.376,47.0345#26.82#31.36#41.82
-100.314,47.0362#26.81#31.46#41.73
-100.253,47.0378#26.8#31.55#41.65
-100.191,47.0394#26.8#31.64#41.56
-100.129,47.041#26.79#31.74#41.47
-100.068,47.0426#26.78#31.83#41.39
-100.006,47.0442#26.78#31.92#41.3
-99.9441,47.0457#26.77#32.01#41.22
-99.8823,47.0473#26.77#32.1#41.13
-99.8206,47.0488#26.76#32.19#41.05
-99.7589,47.0503#26.76#32.28#40.96
-99.6971,47.0517#26.76#32.36#40.88
-99.6354,47.0532#26.75#32.45#40.8
-99.5736,47.0546#26.75#32.54#40.71
-99.5119,47.056#26.74#32.63#40.63
-99.4501,47.0574#26.74#32.68#40.58
-99.3884,47.0588#26.74#32.72#40.54
-99.3266,47.0601#26.74#32.77#40.49
-99.2649,47.0615#26.74#32.81#40.45
-99.2031,47.0628#26.74#32.85#40.41
-99.1414,47.0641#26.74#32.89#40.37
-99.0796,47.0653#26.74#32.93#40.33
-99.0178,47.0666#26.74#32.97#40.29
-98.9561,47.0678#26.73#33.17#40.1
-98.8943,47.0691#26.72#33.42#39.86
-98.8325,47.0703#26.72#33.68#39.6
-98.7708,47.0714#26.71#33.94#39.35
-98.709,47.0726#26.71#34.19#39.1
-98.6472,47.0737#26.7#34.45#38.85
-98.5854,47.0749#26.69#34.7#38.61
-98.5237,47.076#26.68#34.96#38.36
-98.4619,47.077#26.67#35.17#38.16
-98.4001,47.0781#26.65#35.36#37.99
-98.3383,47.0792#26.63#35.54#37.83
-98.2766,47.0802#26.61#35.73#37.66
-98.2148,47.0812#26.59#35.91#37.5
-98.153,47.0822#26.58#36.09#37.33
-98.0912,47.0832#26.56#36.28#37.16
-98.0294,47.0841#26.54#36.46#37
-97.9676,47.085#26.51#36.65#36.84
-97.9058,47.0859#26.49#36.83#36.68
-97.8441,47.0868#26.46#37.02#36.52
-97.7823,47.0877#26.43#37.2#36.37
-97.7205,47.0886#26.41#37.39#36.2
-97.6587,47.0894#26.38#37.58#36.04
-97.5969,47.0902#26.35#37.76#35.89
-97.5351,47.091#26.33#37.95#35.72
-97.4733,47.0918#26.31#38.14#35.55
-97.4115,47.0925#26.29#38.35#35.36
-97.3497,47.0933#26.28#38.56#35.16
-97.2879,47.094#26.26#38.76#34.98
-97.2261,47.0947#26.24#38.97#34.79
-97.1643,47.0954#26.23#39.17#34.6
-97.1025,47.096#26.21#39.38#34.41
-97.0407,47.0967#26.2#39.58#34.22
-96.9789,47.0973#26.19#39.75#34.06
-96.9171,47.0979#26.18#39.86#33.96
-96.8553,47.0985#26.17#39.97#33.86
-96.7935,47.0991#26.17#40.08#33.75
-96.7317,47.0996#26.16#40.18#33.66
-96.6698,47.1001#26.15#40.29#33.56
-96.608,47.1007#26.14#40.4#33.46
-96.5462,47.1011#26.14#40.51#33.35
-96.4844,47.1016#26.13#40.59#33.28
-96.4226,47.1021#26.13#40.59#33.28
-96.3608,47.1025#26.12#40.6#33.28
-96.299,47.1029#26.12#40.6#33.28
-96.2372,47.1033#26.12#40.61#33.27
-96.1754,47.1037#26.11#40.61#33.28
-96.1135,47.104#26.11#40.61#33.28
-96.0517,47.1044#26.11#40.62#33.27
-95.9899,47.1047#26.1#40.62#33.28
-95.9281,47.105#26.1#40.61#33.29
-95.8663,47.1053#26.1#40.6#33.3
-95.8045,47.1055#26.1#40.59#33.31
-95.7427,47.1058#26.1#40.58#33.32
-95.6808,47.106#26.1#40.57#33.33
-95.619,47.1062#26.1#40.56#33.34
-95.5572,47.1064#26.1#40.56#33.34
-95.4954,47.1065#26.1#40.55#33.35
-95.4336,47.1067#26.11#40.53#33.36
-95.3718,47.1068#26.12#40.51#33.37
-95.3099,47.1069#26.12#40.49#33.39
-95.2481,47.107#26.13#40.47#33.4
-95.1863,47.1071#26.14#40.45#33.41
-95.1245,47.1071#26.15#40.43#33.42
-95.0627,47.1071#26.16#40.41#33.43
-95.0009,47.1071#26.17#40.39#33.44
-94.939,47.1071#26.19#40.32#33.49
-94.8772,47.1071#26.22#40.25#33.53
-94.8154,47.1071#26.24#40.18#33.58
-94.7536,47.107#26.27#40.11#33.62
-94.6918,47.1069#26.29#40.04#33.67
-94.6299,47.1068#26.32#39.97#33.71
-94.5681,47.1067#26.34#39.9#33.76
-94.5063,47.1065#26.37#39.83#33.8
-94.4445,47.1064#26.4#39.63#33.97
-94.3827,47.1062#26.43#39.41#34.16
-94.3209,47.106#26.47#39.2#34.33
-94.259,47.1058#26.5#38.98#34.52
-94.1972,47.1055#26.54#38.77#34.69
-94.1354,47.1053#26.57#38.55#34.88
-94.0736,47.105#26.61#38.34#35.05
-94.0118,47.1047#26.64#38.12#35.24
-93.95,47.1044#26.68#37.92#35.4
-93.8882,47.104#26.73#37.72#35.55
-93.8263,47.1037#26.77#37.51#35.72
-93.7645,47.1033#26.81#37.31#35.88
-93.7027,47.1029#26.86#37.11#36.03
-93.6409,47.1025#26.9#36.91#36.19
-93.5791,47.1021#26.94#36.7#36.36
-93.5173,47.1016#26.99#36.5#36.51
-93.4555,47.1012#27.02#36.3#36.68
-93.3937,47.1007#27.04#36.09#36.87
-93.3319,47.1002#27.06#35.88#37.06
-93.2701,47.0996#27.08#35.67#37.25
-93.2082,47.0991#27.11#35.47#37.42
-93.1464,47.0985#27.13#35.26#37.61
-93.0846,47.0979#27.15#35.06#37.79
-93.0228,47.0973#27.17#34.85#37.98
-92.961,47.0967#27.18#34.65#38.17
-92.8992,47.0961#27.18#34.46#38.36
-92.8374,47.0954#27.17#34.26#38.57
-92.7756,47.0947#27.17#34.07#38.76
-92.7138,47.094#27.17#33.87#38.96
-92.652,47.0933#27.16#33.68#39.16
-92.5902,47.0926#27.16#33.49#39.35
-92.5284,47.0918#27.16#33.29#39.55
-92.4666,47.091#27.14#33.11#39.75
-92.4048,47.0902#27.12#32.94#39.94
-92.343,47.0894#27.1#32.77#40.13
-92.2812,47.0886#27.07#32.59#40.34
-92.2194,47.0877#27.05#32.42#40.53
-92.1577,47.0869#27.03#32.25#40.72
-92.0959,47.086#27#32.08#40.92
-92.0341,47.0851#26.98#31.9#41.12
-91.9723,47.0841#26.95#31.73#41.32
-91.9105,47.0832#26.92#31.56#41.52
-91.8487,47.0822#26.88#31.38#41.74
-91.7869,47.0812#26.85#31.2#41.95
-91.7252,47.0802#26.81#31.03#42.16
-91.6634,47.0792#26.78#30.85#42.37
-91.6016,47.0781#26.74#30.68#42.58
-91.5398,47.0771#26.71#30.5#42.79
-91.478,47.076#26.69#30.33#42.98
-91.4163,47.0749#26.7#30.17#43.13
-91.3545,47.0738#26.72#30.01#43.27
-91.2927,47.0726#26.73#29.85#43.42
-91.2309,47.0715#26.74#29.69#43.57
-91.1692,47.0703#26.75#29.53#43.72
-91.1074,47.0691#26.77#29.36#43.87
-91.0456,47.0679#26.78#29.2#44.02
-90.9839,47.0666#26.8#29.06#44.14
-90.9221,47.0654#26.87#28.96#44.17
-90.8604,47.0641#26.94#28.86#44.2
-90.7986,47.0628#27#28.76#44.24
-90.7368,47.0615#27.07#28.66#44.27
-90.6751,47.0602#27.13#28.56#44.31
-90.6133,47.0588#27.2#28.46#44.34
-90.5516,47.0574#27.27#28.36#44.37
-90.4898,47.056#27.34#28.27#44.39
-90.4281,47.0546#27.42#28.2#44.38
-90.3663,47.0532#27.5#28.13#44.37
-90.3046,47.0518#27.58#28.06#44.36
-90.2428,47.0503#27.66#28#44.34
-90.1811,47.0488#27.74#27.93#44.33
-90.1194,47.0473#27.83#27.86#44.31
-90.0576,47.0458#27.91#27.79#44.3
-89.9959,47.0442#27.99#27.72#44.29
-89.9342,47.0427#28.11#27.68#44.21
-89.8724,47.0411#28.23#27.65#44.12
-89.8107,47.0395#28.35#27.61#44.04
-89.749,47.0379#28.46#27.57#43.97
-89.6872,47.0362#28.58#27.53#43.89
-89.6255,47.0346#28.7#27.49#43.81
-89.5638,47.0329#28.81#27.45#43.74
-89.5021,47.0312#28.93#27.42#43.65
-89.4404,47.0295#29.1#27.39#43.51
-89.3787,47.0277#29.27#27.37#43.36
-89.317,47.026#29.44#27.35#43.21
-89.2552,47.0242#29.6#27.33#43.07
-89.1935,47.0224#29.77#27.31#42.92
-89.1318,47.0206#29.94#27.28#42.78
-89.0701,47.0188#30.11#27.26#42.63
-89.0084,47.0169#30.28#27.24#42.48
-88.9467,47.0151#30.46#27.22#42.32
-88.885,47.0132#30.64#27.21#42.15
-88.8234,47.0113#30.82#27.2#41.98
-88.7617,47.0093#31#27.19#41.81
-88.7,47.0074#31.18#27.17#41.65
-88.6383,47.0054#31.36#27.16#41.48
-88.5766,47.0034#31.54#27.15#41.31
-88.5149,47.0014#31.72#27.13#41.15
-88.4533,46.9994#31.87#27.13#41
-88.3916,46.9974#32.02#27.12#40.86
-88.3299,46.9953#32.16#27.11#40.73
-88.2683,46.9932#32.3#27.1#40.6
-88.2066,46.9911#32.45#27.09#40.46
-88.1449,46.989#32.59#27.09#40.32
-88.0833,46.9869#32.74#27.08#40.18
-88.0216,46.9847#32.89#27.07#40.04
-87.96,46.9825#33.01#27.06#39.93
-87.8983,46.9803#33.13#27.06#39.81
-87.8367,46.9781#33.24#27.05#39.71
-87.775,46.9759#33.36#27.05#39.59
-87.7134,46.9736#33.47#27.04#39.49
-87.6517,46.9714#33.59#27.04#39.37
-87.5901,46.9691#33.71#27.03#39.26
-87.5285,46.9668#33.83#27.03#39.14
-87.4669,46.9644#33.95#27.02#39.03
-87.4052,46.9621#34.07#27.02#38.91
-87.3436,46.9597#34.19#27.01#38.8
-87.282,46.9573#34.32#27.01#38.67
-87.2204,46.9549#34.44#27.01#38.55
-87.1588,46.9525#34.56#27#38.44
-87.0971,46.9501#34.68#27#38.32
-87.0355,46.9476#34.8#26.99#38.21
-86.9739,46.9451#34.93#26.99#38.08
-86.9123,46.9426#35.09#26.98#37.93
-86.8507,46.9401#35.24#26.98#37.78
-86.7891,46.9375#35.39#26.98#37.63
-86.7276,46.935#35.55#26.97#37.48
-86.666,46.9324#35.7#26.97#37.33
-86.6044,46.9298#35.85#26.97#37.18
-86.5428,46.9272#36.01#26.96#37.03
-86.4812,46.9246#36.19#26.96#36.85
-86.4197,46.9219#36.43#26.96#36.61
-86.3581,46.9192#36.68#26.95#36.37
-86.2965,46.9165#36.92#26.95#36.13
-86.235,46.9138#37.16#26.94#35.9
-86.1734,46.9111#37.41#26.94#35.65
-86.1119,46.9083#37.66#26.94#35.4
-86.0503,46.9056#37.9#26.93#35.17
-85.9888,46.9028#38.14#26.93#34.93
-85.9272,46.9#38.31#26.93#34.76
-104.94,46.9006#30.39#29.26#40.35
-104.879,46.9037#30.24#29.26#40.5
-104.817,46.9067#30.08#29.26#40.66
-104.756,46.9098#29.93#29.26#40.81
-104.694,46.9128#29.78#29.27#40.95
-104.633,46.9158#29.63#29.27#41.1
-104.571,46.9188#29.48#29.27#41.25
-104.51,46.9217#29.33#29.27#41.4
-104.448,46.9247#29.22#29.28#41.5
-104.386,46.9276#29.11#29.28#41.61
-104.325,46.9305#29#29.28#41.72
-104.263,46.9334#28.89#29.28#41.83
-104.202,46.9363#28.79#29.29#41.92
-104.14,46.9391#28.68#29.29#42.03
-104.079,46.9419#28.57#29.29#42.14
-104.017,46.9448#28.46#29.29#42.25
-103.955,46.9475#28.39#29.3#42.31
-103.894,46.9503#28.33#29.3#42.37
-103.832,46.9531#28.27#29.3#42.43
-103.771,46.9558#28.2#29.3#42.5
-103.709,46.9585#28.14#29.31#42.55
-103.648,46.9612#28.08#29.31#42.61
-103.586,46.9639#28.01#29.31#42.68
-103.524,46.9665#27.95#29.31#42.74
-103.463,46.9692#27.89#29.32#42.79
-103.401,46.9718#27.84#29.32#42.84
-103.34,46.9744#27.78#29.32#42.9
-103.278,46.977#27.72#29.32#42.96
-103.216,46.9795#27.67#29.33#43
-103.155,46.9821#27.61#29.33#43.06
-103.093,46.9846#27.55#29.33#43.12
-103.031,46.9871#27.49#29.33#43.18
-102.97,46.9896#27.44#29.34#43.22
-102.908,46.992#27.38#29.34#43.28
-102.847,46.9945#27.33#29.34#43.33
-102.785,46.9969#27.28#29.34#43.38
-102.723,46.9993#27.22#29.35#43.43
-102.662,47.0017#27.17#29.35#43.48
-102.6,47.0041#27.11#29.35#43.54
-102.538,47.0064#27.06#29.35#43.59
-102.477,47.0088#27.02#29.36#43.62
-102.415,47.0111#27#29.36#43.64
-102.353,47.0134#26.98#29.37#43.65
-102.292,47.0156#26.96#29.38#43.66
-102.23,47.0179#26.94#29.38#43.68
-102.168,47.0201#26.92#29.39#43.69
-102.107,47.0223#26.9#29.4#43.7
-102.045,47.0245#26.88#29.4#43.72
-101.983,47.0267#26.86#29.42#43.72
-101.922,47.0289#26.87#29.46#43.67
-101.86,47.031#26.87#29.5#43.63
-101.798,47.0331#26.88#29.54#43.58
-101.737,47.0352#26.89#29.58#43.53
-101.675,47.0373#26.89#29.62#43.49
-101.613,47.0394#26.9#29.66#43.44
-101.551,47.0414#26.9#29.71#43.39
-101.49,47.0434#26.91#29.75#43.34
-101.428,47.0455#26.91#29.83#43.26
-101.366,47.0474#26.91#29.91#43.18
-101.305,47.0494#26.91#29.99#43.1
-101.243,47.0514#26.91#30.07#43.02
-101.181,47.0533#26.9#30.14#42.96
-101.119,47.0552#26.9#30.22#42.88
-101.058,47.0571#26.9#30.3#42.8
-100.996,47.0589#26.9#30.38#42.72
-100.934,47.0608#26.9#30.48#42.62
-100.873,47.0626#26.89#30.58#42.53
-100.811,47.0644#26.88#30.68#42.44
-100.749,47.0662#26.87#30.78#42.35
