-97.0822,25.9002#47.45#28.66#23.89
-97.0314,25.9009#47.46#28.64#23.9
-96.9806,25.9016#47.46#28.62#23.92
-96.9299,25.9022#47.46#28.61#23.93
-96.8791,25.9029#47.46#28.6#23.94
-96.8283,25.9035#47.46#28.59#23.95
-96.7776,25.9041#47.45#28.58#23.97
-96.7268,25.9047#47.45#28.57#23.98
-96.6761,25.9053#47.45#28.56#23.99
-96.6253,25.9058#47.44#28.55#24.01
-96.5745,25.9064#47.44#28.54#24.02
-96.5238,25.9069#47.44#28.54#24.02
-96.473,25.9074#47.43#28.53#24.04
-96.4222,25.9079#47.42#28.53#24.05
-96.3715,25.9084#47.41#28.53#24.06
-96.3207,25.9088#47.4#28.52#24.08
-96.2699,25.9092#47.39#28.52#24.09
-96.2192,25.9097#47.38#28.52#24.1
-96.1684,25.9101#47.37#28.52#24.11
-96.1176,25.9105#47.36#28.51#24.13
-96.0669,25.9108#47.35#28.51#24.14
-96.0161,25.9112#47.34#28.51#24.15
-95.9653,25.9115#47.32#28.51#24.17
-95.9146,25.9118#47.31#28.51#24.18
-95.8638,25.9121#47.29#28.51#24.2
-95.813,25.9124#47.28#28.51#24.21
-95.7623,25.9127#47.26#28.51#24.23
-95.7115,25.9129#47.24#28.51#24.25
-95.6607,25.9131#47.23#28.51#24.26
-95.6099,25.9134#47.21#28.51#24.28
-95.5592,25.9136#47.19#28.51#24.3
-95.5084,25.9137#47.18#28.51#24.31
-95.4576,25.9139#47.13#28.51#24.36
-95.4069,25.914#47.08#28.51#24.41
-95.3561,25.9142#47.03#28.51#24.46
-95.3053,25.9143#46.98#28.52#24.5
-95.2546,25.9144#46.92#28.52#24.56
-95.2038,25.9145#46.87#28.52#24.61
-95.153,25.9145#46.82#28.52#24.66
-95.1022,25.9146#46.77#28.52#24.71
-95.0515,25.9146#46.71#28.52#24.77
-95.0007,25.9146#46.66#28.52#24.82
-94.9499,25.9146#46.55#28.52#24.93
-94.8992,25.9146#46.44#28.53#25.03
-94.8484,25.9145#46.33#28.53#25.14
-94.7976,25.9145#46.22#28.53#25.25
-94.7468,25.9144#46.11#28.53#25.36
-94.6961,25.9143#46#28.53#25.47
-94.6453,25.9142#45.89#28.53#25.58
-94.5945,25.914#45.78#28.54#25.68
-94.5438,25.9139#45.67#28.54#25.79
-94.493,25.9137#45.56#28.54#25.9
-94.4422,25.9136#45.42#28.54#26.04
-94.3915,25.9134#45.29#28.54#26.17
-94.3407,25.9132#45.15#28.54#26.31
-94.2899,25.9129#45.02#28.55#26.43
-94.2391,25.9127#44.88#28.55#26.57
-94.1884,25.9124#44.75#28.55#26.7
-94.1376,25.9121#44.61#28.55#26.84
-94.0868,25.9118#44.48#28.55#26.97
-94.0361,25.9115#44.34#28.55#27.11
-93.9853,25.9112#44.21#28.56#27.23
-93.9345,25.9108#44.09#28.56#27.35
-93.8838,25.9105#43.97#28.56#27.47
-93.833,25.9101#43.85#28.56#27.59
-93.7822,25.9097#43.73#28.56#27.71
-93.7315,25.9093#43.61#28.57#27.82
-93.6807,25.9088#43.48#28.57#27.95
-93.6299,25.9084#43.36#28.57#28.07
-93.5792,25.9079#43.24#28.57#28.19
-93.5284,25.9074#43.12#28.57#28.31
-93.4776,25.9069#42.98#28.58#28.44
-93.4269,25.9064#42.8#28.58#28.62
-93.3761,25.9058#42.63#28.58#28.79
-93.3253,25.9053#42.46#28.58#28.96
-93.2746,25.9047#42.29#28.59#29.12
-93.2238,25.9041#42.11#28.59#29.3
-93.1731,25.9035#41.94#28.59#29.47
-93.1223,25.9029#41.77#28.59#29.64
-93.0715,25.9023#41.59#28.59#29.82
-93.0208,25.9016#41.42#28.6#29.98
-92.97,25.9009#41.25#28.6#30.15
-92.9193,25.9002#41.07#28.61#30.32
-99.2149,25.9013#46.72#29.64#23.64
-99.1642,25.9028#46.76#29.72#23.52
-99.1134,25.9041#46.8#29.79#23.41
-99.0627,25.9055#46.84#29.87#23.29
-99.0119,25.9069#46.88#29.94#23.18
-98.9612,25.9082#46.91#29.98#23.11
-98.9105,25.9096#46.94#30.02#23.04
-98.8597,25.9109#46.97#30.05#22.98
-98.809,25.9122#47#30.08#22.92
-98.7582,25.9134#47.04#30.11#22.85
-98.7075,25.9147#47.07#30.15#22.78
-98.6567,25.9159#47.1#30.18#22.72
-98.6059,25.9171#47.13#30.21#22.66
-98.5552,25.9184#47.16#30.25#22.59
-98.5044,25.9195#47.19#30.28#22.53
-98.4537,25.9207#47.21#30.22#22.57
-98.4029,25.9219#47.24#30.16#22.6
-98.3522,25.923#47.26#30.09#22.65
-98.3014,25.9241#47.28#30.03#22.69
-98.2506,25.9252#47.31#29.96#22.73
-98.1999,25.9263#47.33#29.89#22.78
-98.1491,25.9274#47.35#29.83#22.82
-98.0984,25.9284#47.38#29.76#22.86
-98.0476,25.9295#47.4#29.7#22.9
-97.9968,25.9305#47.42#29.63#22.95
-97.9461,25.9315#47.44#29.56#23
-97.8953,25.9325#47.46#29.48#23.06
-97.8445,25.9334#47.48#29.41#23.11
-97.7938,25.9344#47.5#29.33#23.17
-97.743,25.9353#47.52#29.25#23.23
-97.6922,25.9362#47.54#29.18#23.28
-97.6415,25.9371#47.56#29.1#23.34
-97.5907,25.938#47.58#29.03#23.39
-97.5399,25.9389#47.6#28.95#23.45
-97.4891,25.9397#47.62#28.89#23.49
-97.4384,25.9406#47.63#28.86#23.51
-97.3876,25.9414#47.64#28.83#23.53
-97.3368,25.9422#47.65#28.8#23.55
-97.286,25.9429#47.66#28.78#23.56
-97.2353,25.9437#47.67#28.75#23.58
-97.1845,25.9445#47.67#28.72#23.61
-97.1337,25.9452#47.68#28.7#23.62
-97.0829,25.9459#47.69#28.67#23.64
-97.0322,25.9466#47.7#28.64#23.66
-96.9814,25.9473#47.7#28.62#23.68
-96.9306,25.9479#47.7#28.61#23.69
-96.8798,25.9486#47.7#28.6#23.7
-96.829,25.9492#47.7#28.59#23.71
-96.7783,25.9498#47.69#28.58#23.73
-96.7275,25.9504#47.69#28.57#23.74
-96.6767,25.951#47.69#28.57#23.74
-96.6259,25.9515#47.69#28.56#23.75
-96.5751,25.952#47.68#28.55#23.77
-96.5243,25.9526#47.68#28.54#23.78
-96.4736,25.9531#47.67#28.53#23.8
-96.4228,25.9536#47.66#28.53#23.81
-96.372,25.954#47.65#28.53#23.82
-96.3212,25.9545#47.64#28.53#23.83
-96.2704,25.9549#47.64#28.52#23.84
-96.2196,25.9553#47.63#28.52#23.85
-96.1688,25.9557#47.62#28.52#23.86
-96.1181,25.9561#47.61#28.52#23.87
-96.0673,25.9565#47.6#28.51#23.89
-96.0165,25.9569#47.58#28.51#23.91
-95.9657,25.9572#47.57#28.51#23.92
-95.9149,25.9575#47.56#28.51#23.93
-95.8641,25.9578#47.54#28.51#23.95
-95.8133,25.9581#47.53#28.51#23.96
-95.7625,25.9583#47.51#28.51#23.98
-95.7118,25.9586#47.5#28.51#23.99
-95.661,25.9588#47.48#28.51#24.01
-95.6102,25.959#47.47#28.51#24.02
-95.5594,25.9592#47.45#28.51#24.04
-95.5086,25.9594#47.44#28.51#24.05
-95.4578,25.9596#47.39#28.52#24.09
-95.407,25.9597#47.34#28.52#24.14
-95.3562,25.9599#47.3#28.52#24.18
-95.3054,25.96#47.25#28.52#24.23
-95.2547,25.9601#47.2#28.52#24.28
-95.2039,25.9601#47.15#28.52#24.33
-95.1531,25.9602#47.1#28.52#24.38
-95.1023,25.9602#47.05#28.52#24.43
-95.0515,25.9603#47#28.53#24.47
-95.0007,25.9603#46.95#28.53#24.52
-94.9499,25.9603#46.83#28.53#24.64
-94.8991,25.9602#46.71#28.53#24.76
-94.8483,25.9602#46.59#28.53#24.88
-94.7975,25.9601#46.47#28.53#25
-94.7468,25.9601#46.35#28.53#25.12
-94.696,25.96#46.23#28.54#25.23
-94.6452,25.9599#46.11#28.54#25.35
-94.5944,25.9597#45.98#28.54#25.48
-94.5436,25.9596#45.86#28.54#25.6
-94.4928,25.9594#45.74#28.54#25.72
-94.442,25.9592#45.6#28.54#25.86
-94.3912,25.959#45.46#28.55#25.99
-94.3404,25.9588#45.32#28.55#26.13
-94.2896,25.9586#45.17#28.55#26.28
-94.2389,25.9584#45.03#28.55#26.42
-94.1881,25.9581#44.89#28.55#26.56
-94.1373,25.9578#44.75#28.55#26.7
-94.0865,25.9575#44.61#28.56#26.83
-94.0357,25.9572#44.47#28.56#26.97
-93.9849,25.9569#44.33#28.56#27.11
-93.9341,25.9565#44.21#28.56#27.23
-93.8833,25.9561#44.08#28.56#27.36
-93.8326,25.9558#43.96#28.57#27.47
-93.7818,25.9554#43.83#28.57#27.6
-93.731,25.9549#43.7#28.57#27.73
-93.6802,25.9545#43.58#28.57#27.85
-93.6294,25.954#43.45#28.57#27.98
-93.5786,25.9536#43.33#28.58#28.09
-93.5278,25.9531#43.2#28.58#28.22
-93.4771,25.9526#43.06#28.58#28.36
-93.4263,25.9521#42.88#28.58#28.54
-93.3755,25.9515#42.71#28.58#28.71
-93.3247,25.951#42.54#28.59#28.87
-93.2739,25.9504#42.37#28.59#29.04
-93.2232,25.9498#42.2#28.59#29.21
-93.1724,25.9492#42.03#28.59#29.38
-93.1216,25.9486#41.86#28.6#29.54
-93.0708,25.9479#41.68#28.6#29.72
-93.02,25.9473#41.51#28.6#29.89
-92.9693,25.9466#41.34#28.6#30.06
-92.9185,25.9459#41.17#28.61#30.22
-92.8677,25.9452#41#28.62#30.38
-92.8169,25.9445#40.83#28.62#30.55
-92.7661,25.9437#40.66#28.63#30.71
-92.7154,25.943#40.48#28.63#30.89
-92.6646,25.9422#40.31#28.64#31.05
-92.6138,25.9414#40.14#28.64#31.22
-92.563,25.9406#39.97#28.65#31.38
-92.5123,25.9398#39.8#28.65#31.55
-92.4615,25.9389#39.6#28.68#31.72
-92.4107,25.938#39.4#28.71#31.89
-92.36,25.9372#39.2#28.74#32.06
-92.3092,25.9363#39#28.77#32.23
-92.2584,25.9353#38.8#28.8#32.4
-92.2076,25.9344#38.6#28.83#32.57
-92.1569,25.9335#38.4#28.87#32.73
-92.1061,25.9325#38.2#28.9#32.9
-92.0553,25.9315#38#28.93#33.07
-92.0046,25.9305#37.8#28.96#33.24
-91.9538,25.9295#37.59#29#33.41
-91.903,25.9285#37.39#29.04#33.57
-91.8523,25.9274#37.19#29.08#33.73
-91.8015,25.9263#36.99#29.12#33.89
-91.7508,25.9253#36.79#29.15#34.06
-91.7,25.9242#36.59#29.19#34.22
-91.6492,25.923#36.38#29.23#34.39
-91.5985,25.9219#36.18#29.27#34.55
-91.5477,25.9207#35.98#29.31#34.71
-91.497,25.9196#35.78#29.35#34.87
-91.4462,25.9184#35.58#29.39#35.03
-91.3955,25.9172#35.38#29.42#35.2
-91.3447,25.916#35.19#29.46#35.35
-91.294,25.9147#34.99#29.5#35.51
-91.2432,25.9135#34.79#29.53#35.68
-91.1924,25.9122#34.6#29.57#35.83
-91.1417,25.9109#34.4#29.6#36
-91.091,25.9096#34.2#29.64#36.16
-91.0402,25.9083#34#29.68#36.32
-90.9895,25.9069#33.81#29.71#36.48
-90.9387,25.9056#33.63#29.71#36.66
-90.888,25.9042#33.45#29.72#36.83
-90.8372,25.9028#33.28#29.72#37
-90.7865,25.9014#33.1#29.73#37.17
-90.7357,25.9#32.92#29.73#37.35
-100.637,25.9005#43.03#28.55#28.42
-100.587,25.9024#43.23#28.55#28.22
-100.536,25.9043#43.43#28.55#28.02
-100.485,25.9062#43.63#28.55#27.82
-100.434,25.908#43.8#28.56#27.64
-100.384,25.9098#43.97#28.56#27.47
-100.333,25.9116#44.15#28.56#27.29
-100.282,25.9134#44.32#28.56#27.12
-100.231,25.9152#44.5#28.56#26.94
-100.181,25.9169#44.67#28.56#26.77
-100.13,25.9187#44.84#28.56#26.6
-100.079,25.9204#45.02#28.57#26.41
-100.028,25.9221#45.19#28.57#26.24
-99.9778,25.9238#45.36#28.6#26.04
-99.927,25.9254#45.52#28.66#25.82
-99.8763,25.9271#45.67#28.73#25.6
-99.8255,25.9287#45.83#28.8#25.37
-99.7748,25.9303#45.99#28.86#25.15
-99.724,25.9319#46.14#28.93#24.93
-99.6733,25.9335#46.3#29#24.7
-99.6225,25.9351#46.46#29.07#24.47
-99.5718,25.9366#46.61#29.13#24.26
-99.521,25.9382#46.77#29.2#24.03
-99.4703,25.9397#46.86#29.27#23.87
-99.4195,25.9412#46.9#29.34#23.76
-99.3688,25.9427#46.94#29.42#23.64
-99.318,25.9441#46.98#29.49#23.53
-99.2673,25.9456#47.01#29.57#23.42
-99.2165,25.947#47.05#29.64#23.31
-99.1657,25.9484#47.09#29.72#23.19
-99.115,25.9498#47.12#29.79#23.09
-99.0642,25.9512#47.16#29.87#22.97
-99.0134,25.9525#47.2#29.94#22.86
-98.9627,25.9539#47.23#29.98#22.79
-98.9119,25.9552#47.26#30.02#22.72
-98.8611,25.9565#47.29#30.05#22.66
-98.8104,25.9578#47.31#30.08#22.61
-98.7596,25.9591#47.34#30.11#22.55
-98.7088,25.9603#47.37#30.15#22.48
-98.6581,25.9616#47.4#30.18#22.42
-98.6073,25.9628#47.43#30.21#22.36
-98.5565,25.964#47.45#30.25#22.3
-98.5057,25.9652#47.48#30.28#22.24
-98.455,25.9664#47.5#30.22#22.28
-98.4042,25.9675#47.52#30.16#22.32
-98.3534,25.9687#47.54#30.09#22.37
-98.3026,25.9698#47.57#30.03#22.4
-98.2519,25.9709#47.59#29.96#22.45
-98.2011,25.972#47.61#29.9#22.49
-98.1503,25.9731#47.63#29.83#22.54
-98.0995,25.9741#47.65#29.77#22.58
-98.0487,25.9751#47.67#29.7#22.63
-97.998,25.9762#47.69#29.64#22.67
-97.9472,25.9772#47.71#29.56#22.73
-97.8964,25.9781#47.73#29.48#22.79
-97.8456,25.9791#47.75#29.41#22.84
-97.7948,25.9801#47.76#29.33#22.91
-97.744,25.981#47.78#29.26#22.96
-97.6932,25.9819#47.8#29.18#23.02
-97.6424,25.9828#47.82#29.11#23.07
-97.5917,25.9837#47.84#29.03#23.13
-97.5409,25.9846#47.85#28.96#23.19
-97.4901,25.9854#47.87#28.89#23.24
-97.4393,25.9862#47.88#28.86#23.26
-97.3885,25.987#47.89#28.84#23.27
-97.3377,25.9878#47.89#28.81#23.3
-97.2869,25.9886#47.9#28.78#23.32
-97.2361,25.9894#47.91#28.75#23.34
-97.1853,25.9901#47.92#28.73#23.35
-97.1345,25.9909#47.93#28.7#23.37
-97.0837,25.9916#47.93#28.67#23.4
-97.0329,25.9923#47.94#28.64#23.42
-96.9821,25.9929#47.94#28.62#23.44
-96.9313,25.9936#47.94#28.61#23.45
-96.8805,25.9942#47.94#28.61#23.45
-96.8297,25.9949#47.94#28.6#23.46
-96.7789,25.9955#47.94#28.59#23.47
-96.7281,25.9961#47.93#28.58#23.49
-96.6773,25.9966#47.93#28.57#23.5
-96.6265,25.9972#47.93#28.56#23.51
-96.5757,25.9977#47.92#28.55#23.53
-96.5249,25.9983#47.92#28.54#23.54
-96.4741,25.9988#47.92#28.54#23.54
-96.4233,25.9992#47.91#28.53#23.56
-96.3725,25.9997#47.9#28.53#23.57
-96.3217,26.0002#47.89#28.53#23.58
-96.2709,26.0006#47.88#28.53#23.59
-96.2201,26.001#47.87#28.53#23.6
-96.1693,26.0014#47.86#28.52#23.62
-96.1185,26.0018#47.85#28.52#23.63
-96.0677,26.0022#47.84#28.52#23.64
-96.0169,26.0025#47.83#28.52#23.65
-95.9661,26.0029#47.82#28.52#23.66
-95.9153,26.0032#47.81#28.52#23.67
-95.8644,26.0035#47.79#28.52#23.69
-95.8136,26.0038#47.78#28.52#23.7
-95.7628,26.004#47.77#28.52#23.71
-95.712,26.0043#47.75#28.52#23.73
-95.6612,26.0045#47.74#28.52#23.74
-95.6104,26.0047#47.72#28.52#23.76
-95.5596,26.0049#47.71#28.52#23.77
-95.5088,26.0051#47.69#28.52#23.79
-95.458,26.0053#47.66#28.52#23.82
-95.4072,26.0054#47.61#28.52#23.87
-95.3564,26.0055#47.57#28.52#23.91
-95.3056,26.0056#47.52#28.52#23.96
-95.2547,26.0057#47.47#28.52#24.01
-95.2039,26.0058#47.43#28.53#24.04
-95.1531,26.0059#47.38#28.53#24.09
-95.1023,26.0059#47.34#28.53#24.13
-95.0515,26.0059#47.29#28.53#24.18
-95.0007,26.006#47.25#28.53#24.22
-94.9499,26.0059#47.12#28.53#24.35
-94.8991,26.0059#46.98#28.53#24.49
-94.8483,26.0059#46.85#28.54#24.61
-94.7975,26.0058#46.72#28.54#24.74
-94.7467,26.0057#46.59#28.54#24.87
-94.6958,26.0057#46.45#28.54#25.01
-94.645,26.0055#46.32#28.54#25.14
-94.5942,26.0054#46.19#28.54#25.27
-94.5434,26.0053#46.05#28.54#25.41
-94.4926,26.0051#45.92#28.55#25.53
-94.4418,26.0049#45.77#28.55#25.68
-94.391,26.0047#45.63#28.55#25.82
-94.3402,26.0045#45.48#28.55#25.97
-94.2894,26.0043#45.33#28.55#26.12
-94.2386,26.004#45.18#28.56#26.26
-94.1878,26.0038#45.04#28.56#26.4
-94.137,26.0035#44.89#28.56#26.55
-94.0862,26.0032#44.74#28.56#26.7
-94.0353,26.0029#44.59#28.56#26.85
-93.9845,26.0025#44.45#28.56#26.99
-93.9337,26.0022#44.32#28.57#27.11
-93.8829,26.0018#44.19#28.57#27.24
-93.8321,26.0014#44.06#28.57#27.37
-93.7813,26.001#43.93#28.57#27.5
-93.7305,26.0006#43.8#28.57#27.63
-93.6797,26.0002#43.67#28.58#27.75
-93.6289,25.9997#43.54#28.58#27.88
-93.5781,25.9993#43.41#28.58#28.01
-93.5273,25.9988#43.28#28.58#28.14
-93.4765,25.9983#43.13#28.58#28.29
-93.4257,25.9977#42.96#28.59#28.45
-93.3749,25.9972#42.79#28.59#28.62
-93.3241,25.9966#42.62#28.59#28.79
-93.2733,25.9961#42.46#28.59#28.95
-93.2225,25.9955#42.29#28.59#29.12
-93.1717,25.9949#42.12#28.6#29.28
-93.1209,25.9943#41.95#28.6#29.45
-93.0701,25.9936#41.78#28.6#29.62
-93.0193,25.993#41.61#28.6#29.79
-92.9685,25.9923#41.44#28.61#29.95
-92.9177,25.9916#41.27#28.61#30.12
-92.8669,25.9909#41.1#28.62#30.28
-92.8161,25.9901#40.93#28.62#30.45
-92.7653,25.9894#40.76#28.63#30.61
-92.7145,25.9886#40.59#28.63#30.78
-92.6637,25.9879#40.42#28.64#30.94
-92.6129,25.9871#40.25#28.64#31.11
-92.5621,25.9863#40.08#28.65#31.27
-92.5113,25.9854#39.91#28.65#31.44
-92.4605,25.9846#39.72#28.68#31.6
-92.4098,25.9837#39.52#28.71#31.77
-92.359,25.9828#39.32#28.73#31.95
-92.3082,25.9819#39.13#28.76#32.11
-92.2574,25.981#38.93#28.79#32.28
-92.2066,25.9801#38.73#28.82#32.45
-92.1558,25.9791#38.53#28.85#32.62
-92.105,25.9782#38.34#28.88#32.78
-92.0542,25.9772#38.14#28.91#32.95
-92.0035,25.9762#37.94#28.94#33.12
-91.9527,25.9752#37.74#28.97#33.29
-91.9019,25.9741#37.54#29.01#33.45
-91.8511,25.9731#37.33#29.05#33.62
-91.8003,25.972#37.13#29.09#33.78
-91.7495,25.9709#36.93#29.13#33.94
-91.6988,25.9698#36.73#29.17#34.1
-91.648,25.9687#36.53#29.2#34.27
-91.5972,25.9676#36.33#29.24#34.43
-91.5464,25.9664#36.12#29.28#34.6
-91.4957,25.9652#35.92#29.32#34.76
-91.4449,25.9641#35.72#29.36#34.92
-91.3941,25.9628#35.53#29.39#35.08
-91.3433,25.9616#35.33#29.43#35.24
-91.2926,25.9604#35.13#29.47#35.4
-91.2418,25.9591#34.94#29.5#35.56
-91.191,25.9579#34.74#29.54#35.72
-91.1403,25.9566#34.54#29.58#35.88
-91.0895,25.9553#34.34#29.61#36.05
-91.0387,25.9539#34.15#29.65#36.2
-90.988,25.9526#33.95#29.68#36.37
-90.9372,25.9512#33.77#29.69#36.54
-90.8864,25.9498#33.59#29.7#36.71
-90.8357,25.9485#33.41#29.7#36.89
-90.7849,25.947#33.23#29.71#37.06
-90.7341,25.9456#33.05#29.72#37.23
-90.6834,25.9442#32.88#29.73#37.39
-90.6326,25.9427#32.7#29.73#37.57
-90.5819,25.9412#32.52#29.74#37.74
-90.5311,25.9397#32.34#29.75#37.91
-90.4804,25.9382#32.16#29.73#38.11
-90.4296,25.9367#31.97#29.68#38.35
-90.3789,25.9351#31.78#29.63#38.59
-90.3281,25.9336#31.59#29.58#38.83
-90.2774,25.932#31.4#29.54#39.06
-90.2266,25.9304#31.21#29.49#39.3
-90.1759,25.9288#31.03#29.44#39.53
-90.1251,25.9271#30.84#29.38#39.78
-90.0744,25.9255#30.65#29.33#40.02
-90.0236,25.9238#30.46#29.28#40.26
-89.9729,25.9221#30.29#29.24#40.47
-89.9222,25.9204#30.14#29.2#40.66
-89.8714,25.9187#29.98#29.15#40.87
-89.8207,25.917#29.83#29.11#41.06
-89.77,25.9152#29.67#29.07#41.26
-89.7192,25.9135#29.52#29.03#41.45
-89.6685,25.9117#29.36#28.99#41.65
-89.6178,25.9099#29.21#28.95#41.84
-89.567,25.9081#29.06#28.91#42.03
-89.5163,25.9062#28.9#28.87#42.23
-89.4656,25.9044#28.76#28.85#42.39
-89.4149,25.9025#28.62#28.84#42.54
-89.3641,25.9006#28.49#28.82#42.69
-101.755,25.9003#39.28#28.52#32.2
-101.705,25.9025#39.42#28.52#32.06
-101.654,25.9048#39.57#28.52#31.91
-101.603,25.907#39.71#28.52#31.77
-101.552,25.9092#39.86#28.52#31.62
-101.502,25.9114#40#28.52#31.48
-101.451,25.9136#40.19#28.53#31.28
-101.4,25.9158#40.38#28.53#31.09
-101.35,25.9179#40.57#28.53#30.9
-101.299,25.9201#40.76#28.53#30.71
-101.248,25.9222#40.95#28.53#30.52
-101.197,25.9243#41.14#28.53#30.33
-101.147,25.9263#41.33#28.54#30.13
-101.096,25.9284#41.52#28.54#29.94
-101.045,25.9305#41.71#28.54#29.75
-100.995,25.9325#41.9#28.54#29.56
-100.944,25.9345#42.1#28.54#29.36
-100.893,25.9365#42.3#28.54#29.16
-100.842,25.9385#42.5#28.55#28.95
-100.792,25.9404#42.7#28.55#28.75
-100.741,25.9424#42.9#28.55#28.55
-100.69,25.9443#43.11#28.55#28.34
-100.639,25.9462#43.31#28.55#28.14
-100.589,25.9481#43.51#28.55#27.94
-100.538,25.95#43.71#28.56#27.73
-100.487,25.9518#43.9#28.56#27.54
-100.436,25.9536#44.08#28.56#27.36
-100.386,25.9555#44.25#28.56#27.19
-100.335,25.9573#44.43#28.56#27.01
-100.284,25.9591#44.6#28.56#26.84
-100.233,25.9608#44.78#28.56#26.66
-100.183,25.9626#44.96#28.57#26.47
-100.132,25.9643#45.13#28.57#26.3
-100.081,25.966#45.31#28.57#26.12
-100.03,25.9677#45.49#28.57#25.94
-99.9796,25.9694#45.66#28.6#25.74
-99.9289,25.9711#45.82#28.67#25.51
-99.8781,25.9728#45.98#28.73#25.29
-99.8273,25.9744#46.14#28.8#25.06
-99.7766,25.976#46.3#28.87#24.83
-99.7258,25.9776#46.47#28.93#24.6
-99.675,25.9792#46.63#29#24.37
-99.6243,25.9808#46.79#29.07#24.14
-99.5735,25.9823#46.95#29.13#23.92
-99.5227,25.9838#47.12#29.2#23.68
-99.472,25.9853#47.21#29.27#23.52
-99.4212,25.9868#47.25#29.34#23.41
-99.3704,25.9883#47.28#29.42#23.3
-99.3196,25.9898#47.32#29.49#23.19
-99.2689,25.9912#47.35#29.57#23.08
-99.2181,25.9927#47.39#29.64#22.97
-99.1673,25.9941#47.42#29.72#22.86
-99.1165,25.9955#47.45#29.79#22.76
-99.0657,25.9968#47.49#29.87#22.64
-99.015,25.9982#47.52#29.94#22.54
-98.9642,25.9996#47.55#29.98#22.47
-98.9134,26.0009#47.57#30.02#22.41
-98.8626,26.0022#47.6#30.05#22.35
-98.8118,26.0035#47.62#30.08#22.3
-98.761,26.0048#47.65#30.12#22.23
-98.7102,26.006#47.67#30.15#22.18
-98.6594,26.0073#47.7#30.18#22.12
-98.6086,26.0085#47.72#30.21#22.07
-98.5579,26.0097#47.75#30.25#22
-98.5071,26.0109#47.77#30.28#21.95
-98.4563,26.012#47.79#30.23#21.98
-98.4055,26.0132#47.81#30.16#22.03
-98.3547,26.0143#47.83#30.1#22.07
-98.3039,26.0155#47.85#30.03#22.12
-98.2531,26.0166#47.87#29.97#22.16
-98.2023,26.0177#47.89#29.9#22.21
-98.1515,26.0187#47.9#29.84#22.26
-98.1007,26.0198#47.92#29.77#22.31
-98.0499,26.0208#47.94#29.71#22.35
-97.9991,26.0218#47.96#29.64#22.4
-97.9483,26.0228#47.98#29.56#22.46
-97.8975,26.0238#47.99#29.49#22.52
-97.8467,26.0248#48.01#29.41#22.58
-97.7959,26.0257#48.02#29.34#22.64
-97.745,26.0267#48.04#29.26#22.7
-97.6942,26.0276#48.06#29.19#22.75
-97.6434,26.0285#48.07#29.11#22.82
-97.5926,26.0294#48.09#29.04#22.87
-97.5418,26.0302#48.1#28.96#22.94
-97.491,26.0311#48.12#28.89#22.99
-97.4402,26.0319#48.12#28.87#23.01
-97.3894,26.0327#48.13#28.84#23.03
-97.3386,26.0335#48.14#28.81#23.05
-97.2878,26.0343#48.15#28.78#23.07
-97.2369,26.0351#48.15#28.76#23.09
-97.1861,26.0358#48.16#28.73#23.11
-97.1353,26.0365#48.17#28.7#23.13
-97.0845,26.0372#48.18#28.68#23.14
-97.0337,26.0379#48.18#28.65#23.17
-96.9829,26.0386#48.19#28.63#23.18
-96.932,26.0393#48.18#28.62#23.2
-96.8812,26.0399#48.18#28.61#23.21
-96.8304,26.0405#48.18#28.6#23.22
-96.7796,26.0411#48.18#28.59#23.23
-96.7288,26.0417#48.17#28.58#23.25
-96.6779,26.0423#48.17#28.57#23.26
-96.6271,26.0429#48.17#28.56#23.27
-96.5763,26.0434#48.17#28.55#23.28
-96.5255,26.0439#48.16#28.55#23.29
-96.4747,26.0444#48.16#28.54#23.3
-96.4238,26.0449#48.15#28.54#23.31
-96.373,26.0454#48.14#28.54#23.32
-96.3222,26.0458#48.13#28.53#23.34
-96.2714,26.0463#48.12#28.53#23.35
-96.2205,26.0467#48.12#28.53#23.35
-96.1697,26.0471#48.11#28.53#23.36
-96.1189,26.0475#48.1#28.52#23.38
-96.0681,26.0479#48.09#28.52#23.39
-96.0172,26.0482#48.08#28.52#23.4
-95.9664,26.0485#48.07#28.52#23.41
-95.9156,26.0489#48.06#28.52#23.42
-95.8648,26.0492#48.04#28.52#23.44
-95.8139,26.0494#48.03#28.52#23.45
-95.7631,26.0497#48.02#28.52#23.46
-95.7123,26.05#48.01#28.52#23.47
-95.6615,26.0502#47.99#28.52#23.49
-95.6106,26.0504#47.98#28.52#23.5
-95.5598,26.0506#47.97#28.52#23.51
-95.509,26.0508#47.95#28.52#23.53
-95.4582,26.0509#47.92#28.52#23.56
-95.4073,26.0511#47.88#28.52#23.6
-95.3565,26.0512#47.83#28.53#23.64
-95.3057,26.0513#47.79#28.53#23.68
-95.2548,26.0514#47.75#28.53#23.72
-95.204,26.0515#47.71#28.53#23.76
-95.1532,26.0516#47.67#28.53#23.8
-95.1024,26.0516#47.62#28.53#23.85
-95.0515,26.0516#47.58#28.53#23.89
-95.0007,26.0516#47.54#28.53#23.93
-94.9499,26.0516#47.4#28.54#24.06
-94.899,26.0516#47.25#28.54#24.21
-94.8482,26.0516#47.11#28.54#24.35
-94.7974,26.0515#46.97#28.54#24.49
-94.7466,26.0514#46.82#28.54#24.64
-94.6957,26.0513#46.68#28.54#24.78
-94.6449,26.0512#46.53#28.55#24.92
-94.5941,26.0511#46.39#28.55#25.06
-94.5433,26.0509#46.25#28.55#25.2
-94.4924,26.0508#46.1#28.55#25.35
-94.4416,26.0506#45.95#28.55#25.5
-94.3908,26.0504#45.79#28.55#25.66
-94.3399,26.0502#45.64#28.56#25.8
-94.2891,26.05#45.49#28.56#25.95
-94.2383,26.0497#45.33#28.56#26.11
-94.1875,26.0495#45.18#28.56#26.26
-94.1366,26.0492#45.03#28.56#26.41
-94.0858,26.0489#44.87#28.56#26.57
-94.035,26.0486#44.72#28.57#26.71
-93.9842,26.0482#44.57#28.57#26.86
-93.9333,26.0479#44.44#28.57#26.99
-93.8825,26.0475#44.3#28.57#27.13
-93.8317,26.0471#44.17#28.57#27.26
-93.7809,26.0467#44.03#28.58#27.39
-93.73,26.0463#43.9#28.58#27.52
-93.6792,26.0459#43.76#28.58#27.66
-93.6284,26.0454#43.63#28.58#27.79
-93.5776,26.0449#43.5#28.58#27.92
-93.5267,26.0444#43.36#28.58#28.06
-93.4759,26.0439#43.21#28.59#28.2
-93.4251,26.0434#43.04#28.59#28.37
-93.3743,26.0429#42.88#28.59#28.53
-93.3235,26.0423#42.71#28.59#28.7
-93.2726,26.0418#42.54#28.6#28.86
-93.2218,26.0412#42.37#28.6#29.03
-93.171,26.0406#42.2#28.6#29.2
-93.1202,26.0399#42.04#28.6#29.36
-93.0694,26.0393#41.87#28.61#29.52
-93.0185,26.0386#41.7#28.61#29.69
-92.9677,26.038#41.53#28.61#29.86
-92.9169,26.0373#41.36#28.62#30.02
-92.8661,26.0366#41.2#28.62#30.18
-92.8153,26.0358#41.03#28.63#30.34
-92.7645,26.0351#40.86#28.63#30.51
-92.7137,26.0343#40.69#28.64#30.67
-92.6628,26.0335#40.53#28.64#30.83
-92.612,26.0327#40.36#28.65#30.99
-92.5612,26.0319#40.19#28.65#31.16
-92.5104,26.0311#40.02#28.66#31.32
-92.4596,26.0303#39.83#28.68#31.49
-92.4088,26.0294#39.64#28.7#31.66
-92.358,26.0285#39.45#28.73#31.82
-92.3072,26.0276#39.25#28.75#32
-92.2564,26.0267#39.06#28.78#32.16
-92.2055,26.0258#38.86#28.8#32.34
-92.1547,26.0248#38.67#28.83#32.5
-92.1039,26.0238#38.47#28.86#32.67
-92.0531,26.0229#38.28#28.88#32.84
-92.0023,26.0219#38.08#28.91#33.01
-91.9515,26.0208#37.88#28.95#33.17
-91.9007,26.0198#37.68#28.99#33.33
-91.8499,26.0188#37.48#29.02#33.5
-91.7991,26.0177#37.28#29.06#33.66
-91.7483,26.0166#37.07#29.1#33.83
-91.6975,26.0155#36.87#29.14#33.99
-91.6467,26.0144#36.67#29.18#34.15
-91.5959,26.0132#36.47#29.21#34.32
-91.5451,26.0121#36.27#29.25#34.48
-91.4943,26.0109#36.07#29.29#34.64
-91.4435,26.0097#35.87#29.33#34.8
-91.3928,26.0085#35.67#29.36#34.97
-91.342,26.0073#35.47#29.4#35.13
-91.2912,26.006#35.28#29.44#35.28
-91.2404,26.0048#35.08#29.48#35.44
-91.1896,26.0035#34.88#29.51#35.61
-91.1388,26.0022#34.68#29.55#35.77
-91.088,26.0009#34.49#29.59#35.92
-91.0372,25.9996#34.29#29.62#36.09
-90.9865,25.9982#34.1#29.65#36.25
-90.9357,25.9969#33.91#29.67#36.42
-90.8849,25.9955#33.73#29.68#36.59
-90.8341,25.9941#33.55#29.69#36.76
-90.7833,25.9927#33.37#29.7#36.93
-90.7325,25.9913#33.19#29.71#37.1
-90.6818,25.9898#33#29.72#37.28
-90.631,25.9884#32.82#29.73#37.45
-90.5802,25.9869#32.64#29.74#37.62
-90.5294,25.9854#32.46#29.75#37.79
-90.4787,25.9839#32.27#29.73#38
-90.4279,25.9823#32.08#29.69#38.23
-90.3771,25.9808#31.89#29.65#38.46
-90.3264,25.9792#31.7#29.6#38.7
-90.2756,25.9776#31.51#29.56#38.93
-90.2248,25.976#31.32#29.52#39.16
-90.1741,25.9744#31.13#29.47#39.4
-90.1233,25.9728#30.94#29.43#39.63
-90.0725,25.9711#30.75#29.38#39.87
-90.0218,25.9695#30.55#29.33#40.12
-89.971,25.9678#30.38#29.29#40.33
-89.9203,25.9661#30.22#29.25#40.53
-89.8695,25.9644#30.07#29.2#40.73
-89.8188,25.9626#29.91#29.16#40.93
-89.768,25.9609#29.75#29.12#41.13
-89.7172,25.9591#29.59#29.08#41.33
-89.6665,25.9573#29.43#29.04#41.53
-89.6158,25.9555#29.28#28.99#41.73
-89.565,25.9537#29.12#28.95#41.93
-89.5143,25.9519#28.96#28.91#42.13
-89.4635,25.95#28.82#28.89#42.29
-89.4128,25.9481#28.68#28.87#42.45
-89.362,25.9462#28.54#28.85#42.61
-89.3113,25.9443#28.4#28.84#42.76
-89.2606,25.9424#28.26#28.82#42.92
-89.2098,25.9405#28.12#28.8#43.08
-89.1591,25.9385#27.98#28.79#43.23
-89.1083,25.9365#27.84#28.77#43.39
-89.0576,25.9345#27.7#28.76#43.54
-89.0069,25.9325#27.56#28.74#43.7
-88.9562,25.9305#27.48#28.74#43.78
-88.9054,25.9285#27.41#28.73#43.86
-88.8547,25.9264#27.33#28.72#43.95
-88.804,25.9243#27.26#28.72#44.02
-88.7533,25.9222#27.19#28.71#44.1
-88.7025,25.9201#27.12#28.71#44.17
-88.6518,25.918#27.04#28.7#44.26
-88.6011,25.9158#26.97#28.69#44.34
-88.5504,25.9137#26.9#28.69#44.41
-88.4997,25.9115#26.83#28.68#44.49
-88.449,25.9093#26.83#28.68#44.49
-88.3983,25.9071#26.83#28.68#44.49
-88.3476,25.9049#26.83#28.68#44.49
-88.2969,25.9026#26.83#28.68#44.49
-88.2462,25.9003#26.83#28.68#44.49
-102.67,25.9022#37.09#28.49#34.42
-102.62,25.9048#37.21#28.49#34.3
-102.569,25.9073#37.34#28.49#34.17
-102.518,25.9099#37.46#28.49#34.05
-102.468,25.9124#37.59#28.5#33.91
-102.417,25.9149#37.72#28.5#33.78
-102.366,25.9174#37.85#28.5#33.65
-102.316,25.9198#37.98#28.5#33.52
-102.265,25.9223#38.11#28.5#33.39
-102.214,25.9247#38.24#28.5#33.26
-102.163,25.9272#38.37#28.51#33.12
-102.113,25.9296#38.5#28.51#32.99
-102.062,25.9319#38.64#28.51#32.85
-102.011,25.9343#38.77#28.51#32.72
-101.961,25.9367#38.91#28.51#32.58
-101.91,25.939#39.06#28.51#32.43
-101.859,25.9413#39.21#28.52#32.27
-101.809,25.9436#39.36#28.52#32.12
-101.758,25.9459#39.51#28.52#31.97
-101.707,25.9482#39.66#28.52#31.82
-101.656,25.9504#39.81#28.52#31.67
-101.606,25.9527#39.96#28.52#31.52
-101.555,25.9549#40.11#28.53#31.36
-101.504,25.9571#40.26#28.53#31.21
-101.453,25.9593#40.45#28.53#31.02
-101.403,25.9614#40.64#28.53#30.83
-101.352,25.9636#40.83#28.53#30.64
-101.301,25.9657#41.03#28.53#30.44
-101.25,25.9678#41.22#28.54#30.24
-101.2,25.9699#41.41#28.54#30.05
-101.149,25.972#41.6#28.54#29.86
-101.098,25.974#41.79#28.54#29.67
-101.048,25.9761#41.98#28.54#29.48
-100.997,25.9781#42.17#28.54#29.29
-100.946,25.9801#42.37#28.55#29.08
-100.895,25.9821#42.57#28.55#28.88
-100.845,25.9841#42.77#28.55#28.68
-100.794,25.9861#42.98#28.55#28.47
-100.743,25.988#43.18#28.55#28.27
-100.692,25.9899#43.38#28.55#28.07
-100.641,25.9918#43.58#28.56#27.86
-100.591,25.9937#43.78#28.56#27.66
-100.54,25.9956#43.98#28.56#27.46
-100.489,25.9975#44.17#28.56#27.27
-100.438,25.9993#44.35#28.56#27.09
-100.388,26.0011#44.53#28.56#26.91
-100.337,26.0029#44.71#28.56#26.73
-100.286,26.0047#44.89#28.57#26.54
-100.235,26.0065#45.07#28.57#26.36
-100.185,26.0082#45.25#28.57#26.18
-100.134,26.01#45.42#28.57#26.01
-100.083,26.0117#45.6#28.57#25.83
-100.032,26.0134#45.78#28.57#25.65
-99.9815,26.0151#45.96#28.6#25.44
-99.9307,26.0168#46.12#28.67#25.21
-99.8799,26.0184#46.29#28.73#24.98
-99.8291,26.02#46.46#28.8#24.74
-99.7784,26.0217#46.62#28.87#24.51
-99.7276,26.0233#46.79#28.93#24.28
-99.6768,26.0248#46.96#29#24.04
-99.626,26.0264#47.13#29.07#23.8
-99.5752,26.028#47.29#29.13#23.58
-99.5244,26.0295#47.46#29.2#23.34
-99.4736,26.031#47.56#29.27#23.17
-99.4228,26.0325#47.59#29.34#23.07
-99.372,26.034#47.62#29.42#22.96
-99.3213,26.0354#47.66#29.49#22.85
-99.2705,26.0369#47.69#29.57#22.74
-99.2197,26.0383#47.72#29.64#22.64
-99.1689,26.0397#47.75#29.72#22.53
-99.1181,26.0411#47.78#29.79#22.43
-99.0673,26.0425#47.81#29.86#22.33
-99.0165,26.0439#47.84#29.94#22.22
-98.9657,26.0452#47.87#29.99#22.14
-98.9149,26.0465#47.89#30.02#22.09
-98.864,26.0479#47.91#30.05#22.04
-98.8132,26.0491#47.94#30.08#21.98
-98.7624,26.0504#47.96#30.12#21.92
-98.7116,26.0517#47.98#30.15#21.87
-98.6608,26.0529#48#30.18#21.82
-98.61,26.0541#48.02#30.21#21.77
-98.5592,26.0554#48.04#30.25#21.71
-98.5084,26.0565#48.06#30.28#21.66
-98.4576,26.0577#48.08#30.23#21.69
-98.4067,26.0589#48.1#30.17#21.73
-98.3559,26.06#48.12#30.1#21.78
-98.3051,26.0611#48.13#30.04#21.83
-98.2543,26.0622#48.15#29.97#21.88
-98.2035,26.0633#48.16#29.9#21.94
-98.1527,26.0644#48.18#29.84#21.98
-98.1018,26.0654#48.2#29.77#22.03
-98.051,26.0665#48.21#29.71#22.08
-98.0002,26.0675#48.23#29.64#22.13
-97.9494,26.0685#48.24#29.57#22.19
-97.8986,26.0695#48.26#29.49#22.25
-97.8477,26.0705#48.27#29.42#22.31
-97.7969,26.0714#48.28#29.34#22.38
-97.7461,26.0723#48.3#29.27#22.43
-97.6953,26.0733#48.31#29.19#22.5
-97.6444,26.0742#48.33#29.12#22.55
-97.5936,26.075#48.34#29.04#22.62
-97.5428,26.0759#48.35#28.96#22.69
-97.4919,26.0767#48.36#28.9#22.74
-97.4411,26.0776#48.37#28.87#22.76
-97.3903,26.0784#48.38#28.84#22.78
-97.3394,26.0792#48.39#28.82#22.79
-97.2886,26.08#48.39#28.79#22.82
-97.2378,26.0807#48.4#28.76#22.84
-97.1869,26.0815#48.41#28.73#22.86
-97.1361,26.0822#48.41#28.71#22.88
-97.0853,26.0829#48.42#28.68#22.9
-97.0344,26.0836#48.42#28.65#22.93
-96.9836,26.0843#48.43#28.63#22.94
-96.9328,26.0849#48.42#28.62#22.96
-96.8819,26.0856#48.42#28.61#22.97
-96.8311,26.0862#48.42#28.6#22.98
-96.7803,26.0868#48.42#28.59#22.99
-96.7294,26.0874#48.42#28.59#22.99
-96.6786,26.088#48.41#28.58#23.01
-96.6277,26.0885#48.41#28.57#23.02
-96.5769,26.0891#48.41#28.56#23.03
-96.5261,26.0896#48.4#28.55#23.05
-96.4752,26.0901#48.4#28.54#23.06
-96.4244,26.0906#48.39#28.54#23.07
-96.3735,26.0911#48.38#28.54#23.08
-96.3227,26.0915#48.38#28.54#23.08
-96.2718,26.092#48.37#28.53#23.1
-96.221,26.0924#48.36#28.53#23.11
-96.1702,26.0928#48.35#28.53#23.12
-96.1193,26.0932#48.34#28.53#23.13
-96.0685,26.0935#48.34#28.53#23.13
-96.0176,26.0939#48.33#28.52#23.15
-95.9668,26.0942#48.32#28.52#23.16
-95.9159,26.0945#48.31#28.52#23.17
-95.8651,26.0948#48.29#28.52#23.19
-95.8142,26.0951#48.28#28.52#23.2
-95.7634,26.0954#48.27#28.52#23.21
-95.7126,26.0956#48.26#28.52#23.22
-95.6617,26.0959#48.25#28.52#23.23
-95.6109,26.0961#48.24#28.52#23.24
-95.56,26.0963#48.22#28.52#23.26
-95.5092,26.0965#48.21#28.53#23.26
-95.4583,26.0966#48.18#28.53#23.29
-95.4075,26.0968#48.14#28.53#23.33
-95.3566,26.0969#48.1#28.53#23.37
-95.3058,26.097#48.06#28.53#23.41
-95.2549,26.0971#48.03#28.53#23.44
-95.2041,26.0972#47.99#28.53#23.48
-95.1532,26.0972#47.95#28.53#23.52
-95.1024,26.0973#47.91#28.54#23.55
-95.0515,26.0973#47.87#28.54#23.59
-95.0007,26.0973#47.83#28.54#23.63
-94.9499,26.0973#47.68#28.54#23.78
-94.899,26.0973#47.53#28.54#23.93
-94.8482,26.0972#47.37#28.54#24.09
-94.7973,26.0972#47.22#28.54#24.24
-94.7465,26.0971#47.06#28.55#24.39
-94.6956,26.097#46.91#28.55#24.54
-94.6448,26.0969#46.75#28.55#24.7
-94.5939,26.0968#46.59#28.55#24.86
-94.5431,26.0966#46.44#28.55#25.01
-94.4922,26.0965#46.28#28.55#25.17
-94.4414,26.0963#46.12#28.56#25.32
-94.3905,26.0961#45.96#28.56#25.48
-94.3397,26.0959#45.8#28.56#25.64
-94.2888,26.0956#45.64#28.56#25.8
-94.238,26.0954#45.48#28.56#25.96
-94.1872,26.0951#45.32#28.56#26.12
-94.1363,26.0948#45.16#28.57#26.27
-94.0855,26.0945#45#28.57#26.43
-94.0346,26.0942#44.84#28.57#26.59
-93.9838,26.0939#44.69#28.57#26.74
-93.9329,26.0935#44.55#28.57#26.88
-93.8821,26.0932#44.41#28.58#27.01
-93.8312,26.0928#44.27#28.58#27.15
-93.7804,26.0924#44.14#28.58#27.28
-93.7296,26.092#44#28.58#27.42
-93.6787,26.0915#43.86#28.58#27.56
-93.6279,26.0911#43.72#28.58#27.7
-93.577,26.0906#43.58#28.59#27.83
-93.5262,26.0901#43.44#28.59#27.97
-93.4754,26.0896#43.29#28.59#28.12
-93.4245,26.0891#43.12#28.59#28.29
-93.3737,26.0886#42.96#28.6#28.44
-93.3228,26.088#42.79#28.6#28.61
-93.272,26.0874#42.63#28.6#28.77
-93.2212,26.0868#42.46#28.6#28.94
-93.1703,26.0862#42.29#28.6#29.11
-93.1195,26.0856#42.13#28.61#29.26
-93.0686,26.085#41.96#28.61#29.43
-93.0178,26.0843#41.79#28.61#29.6
-92.967,26.0836#41.63#28.61#29.76
-92.9161,26.0829#41.46#28.62#29.92
-92.8653,26.0822#41.3#28.62#30.08
-92.8145,26.0815#41.13#28.63#30.24
-92.7636,26.0808#40.97#28.63#30.4
-92.7128,26.08#40.8#28.64#30.56
-92.662,26.0792#40.63#28.64#30.73
-92.6111,26.0784#40.47#28.65#30.88
-92.5603,26.0776#40.3#28.65#31.05
-92.5095,26.0768#40.13#28.66#31.21
-92.4586,26.0759#39.95#28.67#31.38
-92.4078,26.0751#39.76#28.7#31.54
-92.357,26.0742#39.57#28.72#31.71
-92.3062,26.0733#39.38#28.74#31.88
-92.2553,26.0724#39.18#28.77#32.05
-92.2045,26.0714#38.99#28.79#32.22
-92.1537,26.0705#38.8#28.81#32.39
-92.1029,26.0695#38.61#28.84#32.55
-92.052,26.0685#38.42#28.86#32.72
-92.0012,26.0675#38.23#28.88#32.89
-91.9504,26.0665#38.02#28.92#33.06
-91.8996,26.0655#37.82#28.96#33.22
-91.8487,26.0644#37.62#29#33.38
-91.7979,26.0634#37.42#29.03#33.55
-91.7471,26.0623#37.22#29.07#33.71
-91.6963,26.0612#37.02#29.11#33.87
-91.6455,26.06#36.81#29.15#34.04
-91.5947,26.0589#36.61#29.19#34.2
-91.5438,26.0577#36.41#29.22#34.37
-91.493,26.0566#36.21#29.26#34.53
-91.4422,26.0554#36.01#29.3#34.69
-91.3914,26.0542#35.81#29.34#34.85
-91.3406,26.053#35.62#29.37#35.01
-91.2898,26.0517#35.42#29.41#35.17
-91.239,26.0505#35.22#29.45#35.33
-91.1882,26.0492#35.02#29.49#35.49
-91.1374,26.0479#34.83#29.52#35.65
-91.0866,26.0466#34.63#29.56#35.81
-91.0357,26.0453#34.43#29.6#35.97
-90.9849,26.0439#34.24#29.63#36.13
-90.9341,26.0425#34.05#29.64#36.31
-90.8833,26.0412#33.87#29.66#36.47
-90.8325,26.0398#33.68#29.67#36.65
-90.7817,26.0384#33.5#29.68#36.82
-90.7309,26.0369#33.32#29.7#36.98
-90.6802,26.0355#33.13#29.71#37.16
-90.6294,26.034#32.95#29.72#37.33
-90.5786,26.0325#32.76#29.74#37.5
-90.5278,26.031#32.58#29.75#37.67
-90.477,26.0295#32.39#29.74#37.87
-90.4262,26.028#32.2#29.7#38.1
-90.3754,26.0265#32#29.66#38.34
-90.3246,26.0249#31.81#29.63#38.56
-90.2738,26.0233#31.61#29.59#38.8
-90.223,26.0217#31.42#29.55#39.03
-90.1723,26.0201#31.23#29.51#39.26
-90.1215,26.0184#31.03#29.47#39.5
-90.0707,26.0168#30.84#29.43#39.73
-90.0199,26.0151#30.64#29.39#39.97
-89.9691,26.0134#30.47#29.34#40.19
-89.9184,26.0117#30.31#29.3#40.39
-89.8676,26.01#30.15#29.25#40.6
-89.8168,26.0083#29.99#29.21#40.8
-89.766,26.0065#29.83#29.17#41
-89.7153,26.0048#29.67#29.12#41.21
-89.6645,26.003#29.5#29.08#41.42
-89.6137,26.0012#29.34#29.03#41.63
-89.563,25.9993#29.18#28.99#41.83
-89.5122,25.9975#29.02#28.95#42.03
-89.4614,25.9956#28.88#28.92#42.2
-89.4107,25.9938#28.73#28.9#42.37
-89.3599,25.9919#28.59#28.88#42.53
-89.3092,25.99#28.44#28.87#42.69
-89.2584,25.9881#28.3#28.85#42.85
-89.2076,25.9861#28.16#28.83#43.01
-89.1569,25.9842#28.02#28.81#43.17
-89.1061,25.9822#27.87#28.79#43.34
-89.0554,25.9802#27.73#28.78#43.49
-89.0046,25.9782#27.59#28.76#43.65
-88.9539,25.9761#27.51#28.75#43.74
-88.9031,25.9741#27.44#28.74#43.82
-88.8524,25.972#27.36#28.74#43.9
-88.8017,25.97#27.29#28.73#43.98
-88.7509,25.9679#27.21#28.72#44.07
-88.7002,25.9658#27.14#28.72#44.14
-88.6494,25.9636#27.07#28.71#44.22
-88.5987,25.9615#27#28.71#44.29
-88.548,25.9593#26.92#28.7#44.38
-88.4972,25.9571#26.85#28.69#44.46
-88.4465,25.9549#26.85#28.69#44.46
-88.3958,25.9527#26.86#28.69#44.45
-88.3451,25.9505#26.86#28.69#44.45
-88.2943,25.9482#26.86#28.69#44.45
-88.2436,25.946#26.86#28.68#44.46
-88.1929,25.9437#26.86#28.68#44.46
-88.1422,25.9414#26.86#28.68#44.46
-88.0915,25.9391#26.86#28.68#44.46
-88.0408,25.9367#26.86#28.68#44.46
-87.99,25.9344#26.87#28.68#44.45
-87.9393,25.932#26.92#28.68#44.4
-87.8886,25.9296#26.97#28.68#44.35
-87.8379,25.9272#27.01#28.68#44.31
-87.7872,25.9248#27.06#28.68#44.26
-87.7365,25.9224#27.11#28.68#44.21
-87.6858,25.9199#27.15#28.68#44.17
-87.6351,25.9174#27.2#28.68#44.12
-87.5844,25.915#27.24#28.68#44.08
-87.5337,25.9125#27.29#28.68#44.03
-87.483,25.9099#27.35#28.68#43.97
-87.4323,25.9074#27.43#28.68#43.89
-87.3816,25.9048#27.51#28.68#43.81
-87.331,25.9023#27.59#28.69#43.72
-103.535,25.9014#35.32#28.46#36.22
-103.484,25.9043#35.44#28.47#36.09
-103.434,25.9071#35.55#28.47#35.98
-103.383,25.91#35.66#28.47#35.87
-103.332,25.9128#35.77#28.47#35.76
-103.282,25.9156#35.88#28.47#35.65
-103.231,25.9184#35.98#28.47#35.55
-103.18,25.9211#36.09#28.48#35.43
-103.13,25.9239#36.2#28.48#35.32
-103.079,25.9266#36.31#28.48#35.21
-103.028,25.9293#36.42#28.48#35.1
-102.977,25.932#36.54#28.48#34.98
-102.927,25.9347#36.66#28.48#34.86
-102.876,25.9373#36.78#28.49#34.73
-102.825,25.94#36.9#28.49#34.61
-102.775,25.9426#37.03#28.49#34.48
-102.724,25.9452#37.15#28.49#34.36
-102.673,25.9478#37.27#28.49#34.24
-102.623,25.9504#37.39#28.49#34.12
-102.572,25.9529#37.52#28.5#33.98
-102.521,25.9555#37.64#28.5#33.86
-102.47,25.958#37.77#28.5#33.73
-102.42,25.9605#37.9#28.5#33.6
-102.369,25.963#38.03#28.5#33.47
-102.318,25.9655#38.17#28.5#33.33
-102.268,25.9679#38.3#28.51#33.19
-102.217,25.9704#38.44#28.51#33.05
-102.166,25.9728#38.57#28.51#32.92
-102.115,25.9752#38.7#28.51#32.79
-102.065,25.9776#38.84#28.51#32.65
-102.014,25.9799#38.97#28.51#32.52
-101.963,25.9823#39.12#28.52#32.36
-101.913,25.9846#39.28#28.52#32.2
-101.862,25.9869#39.43#28.52#32.05
-101.811,25.9892#39.59#28.52#31.89
-101.76,25.9915#39.74#28.52#31.74
-101.71,25.9938#39.9#28.52#31.58
-101.659,25.996#40.05#28.53#31.42
-101.608,25.9983#40.21#28.53#31.26
-101.557,26.0005#40.37#28.53#31.1
-101.507,26.0027#40.52#28.53#30.95
-101.456,26.0049#40.71#28.53#30.76
-101.405,26.007#40.9#28.53#30.57
-101.354,26.0092#41.1#28.54#30.36
-101.304,26.0113#41.29#28.54#30.17
-101.253,26.0134#41.48#28.54#29.98
-101.202,26.0155#41.67#28.54#29.79
-101.151,26.0176#41.87#28.54#29.59
-101.101,26.0197#42.06#28.54#29.4
-101.05,26.0217#42.25#28.55#29.2
-100.999,26.0238#42.44#28.55#29.01
-100.948,26.0258#42.64#28.55#28.81
-100.897,26.0278#42.84#28.55#28.61
-100.847,26.0297#43.05#28.55#28.4
-100.796,26.0317#43.25#28.55#28.2
-100.745,26.0336#43.45#28.55#28
-100.694,26.0356#43.65#28.56#27.79
-100.644,26.0375#43.85#28.56#27.59
-100.593,26.0394#44.05#28.56#27.39
-100.542,26.0412#44.25#28.56#27.19
-100.491,26.0431#44.45#28.56#26.99
-100.44,26.0449#44.63#28.56#26.81
-100.39,26.0468#44.81#28.57#26.62
-100.339,26.0486#44.99#28.57#26.44
-100.288,26.0504#45.17#28.57#26.26
-100.237,26.0521#45.35#28.57#26.08
-100.187,26.0539#45.53#28.57#25.9
-100.136,26.0556#45.71#28.57#25.72
-100.085,26.0573#45.89#28.58#25.53
-100.034,26.059#46.08#28.58#25.34
-99.9834,26.0607#46.25#28.6#25.15
-99.9326,26.0624#46.43#28.67#24.9
-99.8818,26.0641#46.6#28.73#24.67
-99.831,26.0657#46.77#28.8#24.43
-99.7802,26.0673#46.94#28.87#24.19
-99.7294,26.0689#47.11#28.93#23.96
-99.6785,26.0705#47.29#29#23.71
-99.6277,26.0721#47.46#29.07#23.47
-99.5769,26.0736#47.63#29.13#23.24
-99.5261,26.0751#47.8#29.2#23
-99.4753,26.0767#47.91#29.27#22.82
-99.4245,26.0782#47.94#29.34#22.72
-99.3737,26.0796#47.97#29.42#22.61
-99.3229,26.0811#48#29.49#22.51
-99.2721,26.0826#48.03#29.57#22.4
-99.2212,26.084#48.05#29.64#22.31
-99.1704,26.0854#48.08#29.72#22.2
-99.1196,26.0868#48.11#29.79#22.1
-99.0688,26.0882#48.14#29.86#22
-99.018,26.0895#48.16#29.94#21.9
-98.9671,26.0909#48.19#29.99#21.82
-98.9163,26.0922#48.21#30.02#21.77
-98.8655,26.0935#48.23#30.05#21.72
-98.8147,26.0948#48.25#30.08#21.67
-98.7638,26.0961#48.27#30.12#21.61
-98.713,26.0973#48.28#30.15#21.57
-98.6622,26.0986#48.3#30.18#21.52
-98.6114,26.0998#48.32#30.22#21.46
-98.5605,26.101#48.34#30.25#21.41
-98.5097,26.1022#48.36#30.28#21.36
-98.4589,26.1034#48.37#30.23#21.4
-98.408,26.1045#48.39#30.17#21.44
-98.3572,26.1057#48.4#30.1#21.5
-98.3064,26.1068#48.42#30.04#21.54
-98.2555,26.1079#48.43#29.97#21.6
-98.2047,26.109#48.44#29.91#21.65
-98.1538,26.1101#48.46#29.84#21.7
-98.103,26.1111#48.47#29.78#21.75
-98.0522,26.1122#48.48#29.71#21.81
-98.0013,26.1132#48.5#29.65#21.85
-97.9505,26.1142#48.51#29.57#21.92
-97.8996,26.1152#48.52#29.5#21.98
-97.8488,26.1161#48.53#29.42#22.05
-97.798,26.1171#48.54#29.35#22.11
-97.7471,26.118#48.56#29.27#22.17
-97.6963,26.1189#48.57#29.2#22.23
-97.6454,26.1198#48.58#29.12#22.3
