-98.0186,30.9008#59.01#29.89#11.1
-97.9656,30.9018#58.92#29.82#11.26
-97.9127,30.9028#58.83#29.75#11.42
-97.8598,30.9037#58.75#29.68#11.57
-97.8068,30.9047#58.66#29.61#11.73
-97.7539,30.9056#58.57#29.54#11.89
-97.701,30.9065#58.49#29.47#12.04
-97.6481,30.9074#58.4#29.4#12.2
-97.5951,30.9083#58.31#29.33#12.36
-97.5422,30.9092#58.23#29.26#12.51
-97.4893,30.91#58.14#29.2#12.66
-97.4363,30.9108#58.04#29.18#12.78
-97.3834,30.9117#57.95#29.15#12.9
-97.3304,30.9124#57.86#29.13#13.01
-97.2775,30.9132#57.76#29.1#13.14
-97.2246,30.914#57.67#29.08#13.25
-97.1716,30.9147#57.57#29.05#13.38
-97.1187,30.9154#57.48#29.03#13.49
-97.0657,30.9161#57.39#29#13.61
-97.0128,30.9168#57.29#28.98#13.73
-96.9599,30.9175#57.19#28.97#13.84
-96.9069,30.9181#57.07#28.96#13.97
-96.854,30.9187#56.96#28.95#14.09
-96.801,30.9194#56.85#28.94#14.21
-96.7481,30.92#56.74#28.94#14.32
-96.6951,30.9205#56.63#28.93#14.44
-96.6422,30.9211#56.51#28.92#14.57
-96.5893,30.9216#56.4#28.91#14.69
-96.5363,30.9222#56.29#28.91#14.8
-96.4834,30.9227#56.17#28.9#14.93
-96.4304,30.9232#56.05#28.9#15.05
-96.3775,30.9236#55.92#28.9#15.18
-96.3245,30.9241#55.8#28.9#15.3
-96.2716,30.9245#55.67#28.89#15.44
-96.2186,30.9249#55.55#28.89#15.56
-96.1657,30.9253#55.42#28.89#15.69
-96.1127,30.9257#55.29#28.89#15.82
-96.0598,30.9261#55.17#28.89#15.94
-96.0068,30.9264#55.04#28.89#16.07
-95.9539,30.9267#54.92#28.89#16.19
-95.9009,30.9271#54.79#28.89#16.32
-95.848,30.9273#54.66#28.89#16.45
-95.795,30.9276#54.54#28.89#16.57
-95.7421,30.9279#54.41#28.89#16.7
-95.6891,30.9281#54.28#28.89#16.83
-95.6362,30.9283#54.16#28.89#16.95
-95.5832,30.9285#54.03#28.89#17.08
-95.5303,30.9287#53.9#28.9#17.2
-95.4773,30.9289#53.78#28.9#17.32
-95.4244,30.9291#53.65#28.9#17.45
-95.3714,30.9292#53.52#28.9#17.58
-95.3185,30.9293#53.39#28.9#17.71
-95.2655,30.9294#53.26#28.9#17.84
-95.2125,30.9295#53.13#28.91#17.96
-95.1596,30.9295#53#28.91#18.09
-95.1066,30.9296#52.87#28.91#18.22
-95.0537,30.9296#52.74#28.91#18.35
-95.0007,30.9296#52.62#28.91#18.47
-94.9478,30.9296#52.52#28.92#18.56
-94.8948,30.9296#52.42#28.92#18.66
-94.8419,30.9295#52.33#28.92#18.75
-94.7889,30.9295#52.23#28.92#18.85
-94.736,30.9294#52.14#28.92#18.94
-94.683,30.9293#52.04#28.93#19.03
-94.6301,30.9292#51.95#28.93#19.12
-94.5771,30.9291#51.85#28.93#19.22
-94.5242,30.9289#51.75#28.93#19.32
-94.4712,30.9287#51.64#28.94#19.42
-94.4183,30.9286#51.5#28.94#19.56
-94.3653,30.9283#51.36#28.94#19.7
-94.3123,30.9281#51.22#28.94#19.84
-94.2594,30.9279#51.08#28.94#19.98
-94.2064,30.9276#50.94#28.95#20.11
-94.1535,30.9274#50.8#28.95#20.25
-94.1005,30.9271#50.66#28.95#20.39
-94.0476,30.9268#50.52#28.95#20.53
-93.9946,30.9264#50.37#28.96#20.67
-93.9417,30.9261#50.18#28.96#20.86
-93.8887,30.9257#49.98#28.96#21.06
-93.8358,30.9253#49.79#28.96#21.25
-93.7828,30.9249#49.59#28.96#21.45
-93.7299,30.9245#49.39#28.97#21.64
-93.6769,30.9241#49.2#28.97#21.83
-93.624,30.9236#49#28.97#22.03
-93.571,30.9232#48.81#28.97#22.22
-93.5181,30.9227#48.61#28.98#22.41
-93.4652,30.9222#48.41#28.98#22.61
-93.4122,30.9216#48.21#28.98#22.81
-93.3593,30.9211#48.01#28.98#23.01
-93.3063,30.9205#47.81#28.99#23.2
-93.2534,30.92#47.6#28.99#23.41
-93.2004,30.9194#47.4#28.99#23.61
-93.1475,30.9188#47.2#28.99#23.81
-93.0945,30.9181#47#29#24
-93.0416,30.9175#46.8#29#24.2
-92.9887,30.9168#46.61#29#24.39
-92.9357,30.9161#46.43#29#24.57
-92.8828,30.9154#46.24#29#24.76
-92.8298,30.9147#46.06#29.01#24.93
-92.7769,30.914#45.88#29.01#25.11
-92.724,30.9132#45.7#29.01#25.29
-92.671,30.9125#45.52#29.01#25.47
-92.6181,30.9117#45.34#29.02#25.64
-92.5651,30.9109#45.15#29.02#25.83
-92.5122,30.91#44.97#29.02#26.01
-92.4593,30.9092#44.81#29.02#26.17
-92.4063,30.9083#44.65#29.03#26.32
-92.3534,30.9075#44.49#29.03#26.48
-92.3005,30.9066#44.33#29.03#26.64
-92.2475,30.9057#44.17#29.03#26.8
-92.1946,30.9047#44.01#29.04#26.95
-92.1417,30.9038#43.85#29.04#27.11
-92.0888,30.9028#43.7#29.04#27.26
-92.0358,30.9018#43.54#29.04#27.42
-91.9829,30.9008#43.38#29.04#27.58
-99.8722,30.9#63.65#29.03#7.31999999999999
-99.8193,30.9016#63.56#29.09#7.34999999999999
-99.7664,30.9032#63.48#29.15#7.37
-99.7135,30.9048#63.39#29.21#7.40000000000001
-99.6606,30.9063#63.3#29.27#7.43000000000001
-99.6077,30.9079#63.21#29.34#7.45
-99.5548,30.9094#63.12#29.4#7.48
-99.5019,30.9109#63.03#29.46#7.50999999999999
-99.4489,30.9124#62.85#29.53#7.62
-99.396,30.9139#62.67#29.6#7.72999999999999
-99.3431,30.9154#62.49#29.67#7.84
-99.2902,30.9168#62.31#29.74#7.95
-99.2373,30.9183#62.14#29.81#8.05
-99.1843,30.9197#61.96#29.88#8.16
-99.1314,30.9211#61.78#29.95#8.27
-99.0785,30.9224#61.6#30.02#8.38
-99.0256,30.9238#61.43#30.1#8.47
-98.9726,30.9251#61.25#30.15#8.59999999999999
-98.9197,30.9265#61.07#30.18#8.75
-98.8668,30.9278#60.89#30.21#8.90000000000001
-98.8138,30.9291#60.71#30.24#9.05
-98.7609,30.9303#60.53#30.28#9.19
-98.708,30.9316#60.35#30.31#9.34
-98.655,30.9328#60.17#30.34#9.48999999999999
-98.6021,30.934#59.99#30.37#9.64
-98.5492,30.9352#59.81#30.4#9.78999999999999
-98.4962,30.9364#59.64#30.43#9.93000000000001
-98.4433,30.9376#59.56#30.37#10.07
-98.3904,30.9387#59.48#30.31#10.21
-98.3374,30.9398#59.39#30.25#10.36
-98.2845,30.9409#59.31#30.19#10.5
-98.2315,30.942#59.22#30.13#10.65
-98.1786,30.9431#59.14#30.07#10.79
-98.1256,30.9442#59.05#30.01#10.94
-98.0727,30.9452#58.97#29.95#11.08
-98.0197,30.9462#58.88#29.89#11.23
-97.9668,30.9472#58.8#29.82#11.38
-97.9138,30.9482#58.71#29.75#11.54
-97.8609,30.9492#58.62#29.68#11.7
-97.8079,30.9501#58.54#29.61#11.85
-97.755,30.9511#58.45#29.54#12.01
-97.702,30.952#58.36#29.48#12.16
-97.6491,30.9529#58.28#29.41#12.31
-97.5961,30.9537#58.19#29.34#12.47
-97.5432,30.9546#58.1#29.27#12.63
-97.4902,30.9555#58.02#29.2#12.78
-97.4373,30.9563#57.92#29.18#12.9
-97.3843,30.9571#57.83#29.16#13.01
-97.3314,30.9579#57.73#29.13#13.14
-97.2784,30.9586#57.64#29.11#13.25
-97.2254,30.9594#57.55#29.08#13.37
-97.1725,30.9601#57.45#29.06#13.49
-97.1195,30.9609#57.36#29.03#13.61
-97.0666,30.9616#57.27#29.01#13.72
-97.0136,30.9622#57.17#28.98#13.85
-96.9606,30.9629#57.07#28.97#13.96
-96.9077,30.9636#56.96#28.96#14.08
-96.8547,30.9642#56.85#28.96#14.19
-96.8017,30.9648#56.74#28.95#14.31
-96.7488,30.9654#56.63#28.94#14.43
-96.6958,30.966#56.52#28.93#14.55
-96.6428,30.9665#56.41#28.92#14.67
-96.5899,30.9671#56.3#28.92#14.78
-96.5369,30.9676#56.18#28.91#14.91
-96.4839,30.9681#56.07#28.9#15.03
-96.431,30.9686#55.95#28.9#15.15
-96.378,30.9691#55.82#28.9#15.28
-96.325,30.9695#55.7#28.9#15.4
-96.2721,30.9699#55.57#28.9#15.53
-96.2191,30.9704#55.45#28.9#15.65
-96.1661,30.9708#55.33#28.9#15.77
-96.1132,30.9711#55.2#28.89#15.91
-96.0602,30.9715#55.08#28.89#16.03
-96.0072,30.9719#54.96#28.89#16.15
-95.9542,30.9722#54.83#28.89#16.28
-95.9013,30.9725#54.71#28.89#16.4
-95.8483,30.9728#54.58#28.89#16.53
-95.7953,30.9731#54.46#28.89#16.65
-95.7424,30.9733#54.33#28.9#16.77
-95.6894,30.9736#54.21#28.9#16.89
-95.6364,30.9738#54.08#28.9#17.02
-95.5834,30.974#53.96#28.9#17.14
-95.5305,30.9742#53.83#28.9#17.27
-95.4775,30.9743#53.7#28.9#17.4
-95.4245,30.9745#53.58#28.9#17.52
-95.3715,30.9746#53.45#28.9#17.65
-95.3186,30.9747#53.32#28.91#17.77
-95.2656,30.9748#53.19#28.91#17.9
-95.2126,30.9749#53.07#28.91#18.02
-95.1597,30.975#52.94#28.91#18.15
-95.1067,30.975#52.81#28.91#18.28
-95.0537,30.9751#52.68#28.92#18.4
-95.0007,30.9751#52.56#28.92#18.52
-94.9478,30.9751#52.46#28.92#18.62
-94.8948,30.975#52.37#28.92#18.71
-94.8418,30.975#52.28#28.92#18.8
-94.7888,30.9749#52.18#28.93#18.89
-94.7359,30.9748#52.09#28.93#18.98
-94.6829,30.9747#51.99#28.93#19.08
-94.6299,30.9746#51.9#28.93#19.17
-94.5769,30.9745#51.81#28.93#19.26
-94.524,30.9743#51.71#28.94#19.35
-94.471,30.9742#51.6#28.94#19.46
-94.418,30.974#51.46#28.94#19.6
-94.3651,30.9738#51.33#28.94#19.73
-94.3121,30.9736#51.2#28.95#19.85
-94.2591,30.9733#51.06#28.95#19.99
-94.2061,30.9731#50.93#28.95#20.12
-94.1532,30.9728#50.79#28.95#20.26
-94.1002,30.9725#50.66#28.95#20.39
-94.0472,30.9722#50.53#28.96#20.51
-93.9942,30.9719#50.38#28.96#20.66
-93.9413,30.9715#50.19#28.96#20.85
-93.8883,30.9712#50#28.96#21.04
-93.8353,30.9708#49.8#28.97#21.23
-93.7824,30.9704#49.61#28.97#21.42
-93.7294,30.97#49.41#28.97#21.62
-93.6764,30.9695#49.22#28.97#21.81
-93.6235,30.9691#49.03#28.98#21.99
-93.5705,30.9686#48.83#28.98#22.19
-93.5175,30.9681#48.64#28.98#22.38
-93.4646,30.9676#48.43#28.98#22.59
-93.4116,30.9671#48.22#28.98#22.8
-93.3586,30.9665#48.01#28.99#23
-93.3057,30.966#47.8#28.99#23.21
-93.2527,30.9654#47.59#28.99#23.42
-93.1997,30.9648#47.39#28.99#23.62
-93.1468,30.9642#47.18#29#23.82
-93.0938,30.9636#46.97#29#24.03
-93.0408,30.9629#46.76#29#24.24
-92.9879,30.9623#46.56#29#24.44
-92.9349,30.9616#46.37#29.01#24.62
-92.8819,30.9609#46.19#29.01#24.8
-92.829,30.9602#46.01#29.01#24.98
-92.776,30.9594#45.82#29.01#25.17
-92.7231,30.9587#45.64#29.02#25.34
-92.6701,30.9579#45.46#29.02#25.52
-92.6172,30.9571#45.27#29.02#25.71
-92.5642,30.9563#45.09#29.02#25.89
-92.5112,30.9555#44.91#29.03#26.06
-92.4583,30.9546#44.74#29.03#26.23
-92.4053,30.9538#44.58#29.03#26.39
-92.3524,30.9529#44.43#29.03#26.54
-92.2994,30.952#44.27#29.03#26.7
-92.2465,30.9511#44.11#29.04#26.85
-92.1935,30.9502#43.95#29.04#27.01
-92.1406,30.9492#43.79#29.04#27.17
-92.0876,30.9482#43.63#29.04#27.33
-92.0347,30.9473#43.47#29.05#27.48
-91.9817,30.9462#43.32#29.05#27.63
-91.9288,30.9452#43.17#29.05#27.78
-91.8758,30.9442#43.03#29.05#27.92
-91.8229,30.9431#42.88#29.06#28.06
-91.7699,30.9421#42.73#29.06#28.21
-91.717,30.941#42.58#29.06#28.36
-91.6641,30.9399#42.44#29.06#28.5
-91.6111,30.9387#42.29#29.06#28.65
-91.5582,30.9376#42.14#29.07#28.79
-91.5052,30.9364#42#29.07#28.93
-91.4523,30.9353#41.9#29.07#29.03
-91.3994,30.9341#41.8#29.07#29.13
-91.3464,30.9328#41.7#29.08#29.22
-91.2935,30.9316#41.61#29.08#29.31
-91.2405,30.9304#41.51#29.08#29.41
-91.1876,30.9291#41.42#29.08#29.5
-91.1347,30.9278#41.32#29.08#29.6
-91.0818,30.9265#41.23#29.09#29.68
-91.0288,30.9252#41.13#29.09#29.78
-90.9759,30.9238#41.01#29.09#29.9
-90.923,30.9225#40.85#29.09#30.06
-90.87,30.9211#40.68#29.1#30.22
-90.8171,30.9197#40.52#29.1#30.38
-90.7642,30.9183#40.35#29.1#30.55
-90.7113,30.9169#40.19#29.1#30.71
-90.6584,30.9154#40.03#29.11#30.86
-90.6054,30.914#39.86#29.11#31.03
-90.5525,30.9125#39.7#29.11#31.19
-90.4996,30.911#39.54#29.11#31.35
-90.4467,30.9095#39.24#29.11#31.65
-90.3938,30.9079#38.95#29.12#31.93
-90.3409,30.9064#38.65#29.12#32.23
-90.288,30.9048#38.35#29.12#32.53
-90.235,30.9032#38.06#29.12#32.82
-90.1821,30.9016#37.76#29.12#33.12
-90.1292,30.9#37.46#29.13#33.41
-101.144,30.9011#64.1#28.84#7.06
-101.091,30.9031#64.18#28.84#6.97999999999999
-101.038,30.9052#64.26#28.84#6.89999999999999
-100.985,30.9072#64.33#28.84#6.83
-100.932,30.9092#64.34#28.84#6.81999999999999
-100.879,30.9111#64.35#28.85#6.80000000000001
-100.827,30.9131#64.37#28.85#6.78
-100.774,30.915#64.38#28.85#6.77000000000001
-100.721,30.917#64.39#28.85#6.75999999999999
-100.668,30.9189#64.41#28.85#6.74000000000001
-100.615,30.9208#64.42#28.86#6.72
-100.562,30.9226#64.43#28.86#6.70999999999999
-100.509,30.9245#64.45#28.86#6.69
-100.456,30.9263#64.38#28.86#6.76000000000001
-100.403,30.9282#64.3#28.86#6.84
-100.35,30.93#64.22#28.87#6.91
-100.297,30.9317#64.14#28.87#6.98999999999999
-100.245,30.9335#64.06#28.87#7.06999999999999
-100.192,30.9352#63.97#28.87#7.16
-100.139,30.937#63.89#28.87#7.23999999999999
-100.086,30.9387#63.81#28.88#7.31
-100.033,30.9404#63.72#28.88#7.40000000000001
-99.98,30.9421#63.63#28.9#7.47
-99.9271,30.9437#63.54#28.96#7.5
-99.8741,30.9454#63.44#29.03#7.53
-99.8212,30.947#63.34#29.09#7.56999999999999
-99.7683,30.9486#63.24#29.15#7.61
-99.7153,30.9502#63.14#29.21#7.65000000000001
-99.6624,30.9518#63.04#29.27#7.69
-99.6095,30.9533#62.94#29.34#7.72
-99.5566,30.9548#62.83#29.4#7.77000000000001
-99.5036,30.9564#62.73#29.46#7.81
-99.4507,30.9579#62.56#29.53#7.91
-99.3977,30.9593#62.39#29.6#8.00999999999999
-99.3448,30.9608#62.22#29.67#8.11
-99.2919,30.9623#62.05#29.74#8.21000000000001
-99.2389,30.9637#61.88#29.81#8.31
-99.186,30.9651#61.71#29.88#8.41
-99.133,30.9665#61.54#29.95#8.51000000000001
-99.0801,30.9679#61.37#30.02#8.61
-99.0271,30.9692#61.2#30.1#8.69999999999999
-98.9742,30.9706#61.03#30.15#8.81999999999999
-98.9212,30.9719#60.86#30.18#8.96000000000001
-98.8683,30.9732#60.69#30.21#9.09999999999999
-98.8153,30.9745#60.52#30.24#9.23999999999999
-98.7624,30.9757#60.35#30.28#9.37
-98.7094,30.977#60.18#30.31#9.51000000000001
-98.6565,30.9782#60.02#30.34#9.64
-98.6035,30.9794#59.85#30.37#9.78
-98.5506,30.9806#59.68#30.41#9.91
-98.4976,30.9818#59.52#30.43#10.05
-98.4446,30.983#59.44#30.37#10.19
-98.3917,30.9841#59.35#30.31#10.34
-98.3387,30.9853#59.27#30.25#10.48
-98.2858,30.9864#59.18#30.19#10.63
-98.2328,30.9875#59.1#30.13#10.77
-98.1798,30.9885#59.01#30.07#10.92
-98.1269,30.9896#58.93#30.01#11.06
-98.0739,30.9906#58.84#29.95#11.21
-98.0209,30.9916#58.76#29.89#11.35
-97.968,30.9926#58.67#29.83#11.5
-97.915,30.9936#58.59#29.76#11.65
-97.862,30.9946#58.5#29.69#11.81
-97.809,30.9956#58.41#29.62#11.97
-97.7561,30.9965#58.33#29.55#12.12
-97.7031,30.9974#58.24#29.48#12.28
-97.6501,30.9983#58.15#29.41#12.44
-97.5972,30.9992#58.07#29.34#12.59
-97.5442,31#57.98#29.27#12.75
-97.4912,31.0009#57.89#29.21#12.9
-97.4382,31.0017#57.8#29.18#13.02
-97.3852,31.0025#57.71#29.16#13.13
-97.3323,31.0033#57.61#29.13#13.26
-97.2793,31.0041#57.52#29.11#13.37
-97.2263,31.0048#57.43#29.09#13.48
-97.1733,31.0056#57.33#29.06#13.61
-97.1203,31.0063#57.24#29.04#13.72
-97.0674,31.007#57.15#29.01#13.84
-97.0144,31.0077#57.06#28.99#13.95
-96.9614,31.0083#56.95#28.97#14.08
-96.9084,31.009#56.84#28.97#14.19
-96.8554,31.0096#56.73#28.96#14.31
-96.8024,31.0102#56.62#28.95#14.43
-96.7495,31.0108#56.51#28.94#14.55
-96.6965,31.0114#56.41#28.94#14.65
-96.6435,31.012#56.3#28.93#14.77
-96.5905,31.0125#56.19#28.92#14.89
-96.5375,31.013#56.08#28.91#15.01
-96.4845,31.0135#55.97#28.91#15.12
-96.4315,31.014#55.84#28.91#15.25
-96.3785,31.0145#55.72#28.9#15.38
-96.3256,31.0149#55.6#28.9#15.5
-96.2726,31.0154#55.48#28.9#15.62
-96.2196,31.0158#55.36#28.9#15.74
-96.1666,31.0162#55.23#28.9#15.87
-96.1136,31.0166#55.11#28.9#15.99
-96.0606,31.0169#54.99#28.9#16.11
-96.0076,31.0173#54.87#28.89#16.24
-95.9546,31.0176#54.75#28.9#16.35
-95.9016,31.0179#54.62#28.9#16.48
-95.8486,31.0182#54.5#28.9#16.6
-95.7956,31.0185#54.37#28.9#16.73
-95.7426,31.0188#54.25#28.9#16.85
-95.6897,31.019#54.13#28.9#16.97
-95.6367,31.0192#54#28.9#17.1
-95.5837,31.0194#53.88#28.9#17.22
-95.5307,31.0196#53.76#28.9#17.34
-95.4777,31.0198#53.63#28.9#17.47
-95.4247,31.0199#53.51#28.91#17.58
-95.3717,31.0201#53.38#28.91#17.71
-95.3187,31.0202#53.25#28.91#17.84
-95.2657,31.0203#53.13#28.91#17.96
-95.2127,31.0204#53#28.91#18.09
-95.1597,31.0204#52.88#28.92#18.2
-95.1067,31.0205#52.75#28.92#18.33
-95.0537,31.0205#52.62#28.92#18.46
-95.0007,31.0205#52.5#28.92#18.58
-94.9477,31.0205#52.41#28.92#18.67
-94.8947,31.0205#52.31#28.93#18.76
-94.8417,31.0204#52.22#28.93#18.85
-94.7888,31.0204#52.13#28.93#18.94
-94.7358,31.0203#52.04#28.93#19.03
-94.6828,31.0202#51.95#28.93#19.12
-94.6298,31.0201#51.86#28.94#19.2
-94.5768,31.0199#51.77#28.94#19.29
-94.5238,31.0198#51.67#28.94#19.39
-94.4708,31.0196#51.56#28.94#19.5
-94.4178,31.0194#51.43#28.95#19.62
-94.3648,31.0192#51.3#28.95#19.75
-94.3118,31.019#51.18#28.95#19.87
-94.2588,31.0188#51.05#28.95#20
-94.2058,31.0185#50.92#28.95#20.13
-94.1528,31.0182#50.79#28.96#20.25
-94.0998,31.0179#50.66#28.96#20.38
-94.0468,31.0176#50.53#28.96#20.51
-93.9939,31.0173#50.39#28.96#20.65
-93.9409,31.017#50.2#28.97#20.83
-93.8879,31.0166#50.01#28.97#21.02
-93.8349,31.0162#49.82#28.97#21.21
-93.7819,31.0158#49.63#28.97#21.4
-93.7289,31.0154#49.43#28.97#21.6
-93.6759,31.015#49.24#28.98#21.78
-93.6229,31.0145#49.05#28.98#21.97
-93.5699,31.014#48.86#28.98#22.16
-93.5169,31.0135#48.66#28.98#22.36
-93.464,31.013#48.45#28.99#22.56
-93.411,31.0125#48.23#28.99#22.78
-93.358,31.012#48.02#28.99#22.99
-93.305,31.0114#47.8#28.99#23.21
-93.252,31.0108#47.58#29#23.42
-93.199,31.0102#47.37#29#23.63
-93.146,31.0096#47.15#29#23.85
-93.0931,31.009#46.93#29#24.07
-93.0401,31.0084#46.72#29.01#24.27
-92.9871,31.0077#46.51#29.01#24.48
-92.9341,31.007#46.32#29.01#24.67
-92.8811,31.0063#46.14#29.01#24.85
-92.8281,31.0056#45.95#29.02#25.03
-92.7752,31.0048#45.76#29.02#25.22
-92.7222,31.0041#45.58#29.02#25.4
-92.6692,31.0033#45.39#29.02#25.59
-92.6162,31.0025#45.21#29.02#25.77
-92.5632,31.0017#45.02#29.03#25.95
-92.5103,31.0009#44.84#29.03#26.13
-92.4573,31.0001#44.68#29.03#26.29
-92.4043,30.9992#44.52#29.03#26.45
-92.3513,30.9983#44.36#29.04#26.6
-92.2984,30.9974#44.2#29.04#26.76
-92.2454,30.9965#44.04#29.04#26.92
-92.1924,30.9956#43.89#29.04#27.07
-92.1394,30.9946#43.73#29.05#27.22
-92.0865,30.9937#43.57#29.05#27.38
-92.0335,30.9927#43.41#29.05#27.54
-91.9805,30.9917#43.26#29.05#27.69
-91.9276,30.9907#43.11#29.05#27.84
-91.8746,30.9896#42.96#29.06#27.98
-91.8216,30.9886#42.82#29.06#28.12
-91.7687,30.9875#42.67#29.06#28.27
-91.7157,30.9864#42.52#29.06#28.42
-91.6627,30.9853#42.37#29.07#28.56
-91.6098,30.9842#42.22#29.07#28.71
-91.5568,30.983#42.08#29.07#28.85
-91.5039,30.9819#41.93#29.07#29
-91.4509,30.9807#41.82#29.08#29.1
-91.3979,30.9795#41.72#29.08#29.2
-91.345,30.9783#41.62#29.08#29.3
-91.292,30.977#41.52#29.08#29.4
-91.2391,30.9758#41.42#29.08#29.5
-91.1861,30.9745#41.33#29.09#29.58
-91.1332,30.9732#41.23#29.09#29.68
-91.0802,30.9719#41.13#29.09#29.78
-91.0273,30.9706#41.03#29.09#29.88
-90.9743,30.9693#40.9#29.1#30
-90.9214,30.9679#40.73#29.1#30.17
-90.8684,30.9665#40.57#29.1#30.33
-90.8155,30.9651#40.41#29.1#30.49
-90.7625,30.9637#40.24#29.1#30.66
-90.7096,30.9623#40.08#29.11#30.81
-90.6567,30.9608#39.91#29.11#30.98
-90.6037,30.9594#39.75#29.11#31.14
-90.5508,30.9579#39.59#29.11#31.3
-90.4978,30.9564#39.42#29.12#31.46
-90.4449,30.9549#39.13#29.12#31.75
-90.392,30.9533#38.84#29.12#32.04
-90.339,30.9518#38.56#29.12#32.32
-90.2861,30.9502#38.27#29.12#32.61
-90.2332,30.9486#37.98#29.13#32.89
-90.1803,30.947#37.69#29.13#33.18
-90.1273,30.9454#37.4#29.13#33.47
-90.0744,30.9438#37.11#29.13#33.76
-90.0215,30.9421#36.82#29.13#34.05
-89.9686,30.9404#36.54#29.14#34.32
-89.9156,30.9387#36.28#29.14#34.58
-89.8627,30.937#36.01#29.14#34.85
-89.8098,30.9353#35.75#29.14#35.11
-89.7569,30.9335#35.48#29.14#35.38
-89.704,30.9318#35.22#29.15#35.63
-89.6511,30.93#34.95#29.15#35.9
-89.5981,30.9282#34.69#29.15#36.16
-89.5452,30.9264#34.43#29.15#36.42
-89.4923,30.9245#34.17#29.15#36.68
-89.4394,30.9227#33.94#29.16#36.9
-89.3865,30.9208#33.7#29.16#37.14
-89.3336,30.9189#33.47#29.16#37.37
-89.2807,30.917#33.24#29.16#37.6
-89.2278,30.9151#33#29.16#37.84
-89.1749,30.9132#32.77#29.17#38.06
-89.122,30.9112#32.54#29.17#38.29
-89.0691,30.9092#32.3#29.17#38.53
-89.0162,30.9072#32.07#29.17#38.76
-88.9633,30.9052#31.86#29.17#38.97
-88.9105,30.9032#31.66#29.18#39.16
-88.8576,30.9011#31.47#29.18#39.35
-102.204,30.9018#59.98#28.8#11.22
-102.151,30.9042#60.24#28.8#10.96
-102.098,30.9065#60.49#28.8#10.71
-102.045,30.9089#60.74#28.8#10.46
-101.993,30.9113#61#28.81#10.19
-101.94,30.9136#61.25#28.81#9.94
-101.887,30.9159#61.5#28.81#9.69
-101.834,30.9182#61.75#28.81#9.44
-101.781,30.9205#62#28.82#9.18000000000001
-101.728,30.9228#62.25#28.82#8.93000000000001
-101.675,30.925#62.5#28.82#8.68000000000001
-101.622,30.9272#62.75#28.82#8.43000000000001
-101.569,30.9294#63#28.82#8.18000000000001
-101.517,30.9316#63.25#28.83#7.92
-101.464,30.9338#63.39#28.83#7.78
-101.411,30.936#63.47#28.83#7.7
-101.358,30.9381#63.56#28.83#7.61
-101.305,30.9402#63.65#28.83#7.52000000000001
-101.252,30.9423#63.74#28.83#7.43000000000001
-101.199,30.9444#63.84#28.84#7.31999999999999
-101.146,30.9465#63.93#28.84#7.23
-101.093,30.9485#64.03#28.84#7.13
-101.04,30.9506#64.13#28.84#7.03
-100.988,30.9526#64.2#28.84#6.95999999999999
-100.935,30.9546#64.22#28.85#6.93000000000001
-100.882,30.9565#64.23#28.85#6.91999999999999
-100.829,30.9585#64.24#28.85#6.91
-100.776,30.9604#64.25#28.85#6.90000000000001
-100.723,30.9624#64.27#28.85#6.88
-100.67,30.9643#64.28#28.86#6.86
-100.617,30.9662#64.29#28.86#6.84999999999999
-100.564,30.968#64.3#28.86#6.84
-100.511,30.9699#64.32#28.86#6.82000000000001
-100.458,30.9717#64.25#28.86#6.89
-100.405,30.9736#64.16#28.87#6.97
-100.352,30.9754#64.08#28.87#7.05
-100.3,30.9771#63.99#28.87#7.14
-100.247,30.9789#63.9#28.87#7.23
-100.194,30.9807#63.82#28.87#7.31
-100.141,30.9824#63.73#28.88#7.39
-100.088,30.9841#63.64#28.88#7.48
-100.035,30.9858#63.55#28.88#7.57000000000001
-99.9819,30.9875#63.45#28.9#7.65000000000001
-99.929,30.9891#63.34#28.97#7.69
-99.876,30.9908#63.23#29.03#7.74000000000001
-99.8231,30.9924#63.12#29.09#7.79000000000001
-99.7701,30.994#63.01#29.15#7.84
-99.7172,30.9956#62.89#29.21#7.90000000000001
-99.6642,30.9972#62.78#29.27#7.95
-99.6113,30.9987#62.66#29.34#8
-99.5583,31.0003#62.54#29.4#8.06
-99.5054,31.0018#62.43#29.46#8.11
-99.4524,31.0033#62.27#29.53#8.19999999999999
-99.3995,31.0048#62.1#29.6#8.3
-99.3465,31.0062#61.94#29.67#8.39
-99.2935,31.0077#61.78#29.74#8.48
-99.2406,31.0091#61.62#29.81#8.57000000000001
-99.1876,31.0105#61.45#29.88#8.67
-99.1346,31.0119#61.29#29.95#8.76000000000001
-99.0817,31.0133#61.13#30.02#8.84999999999999
-99.0287,31.0146#60.97#30.1#8.93000000000001
-98.9757,31.016#60.81#30.15#9.03999999999999
-98.9228,31.0173#60.65#30.18#9.17
-98.8698,31.0186#60.49#30.21#9.3
-98.8168,31.0199#60.34#30.25#9.41
-98.7639,31.0212#60.18#30.28#9.53999999999999
-98.7109,31.0224#60.02#30.31#9.67
-98.6579,31.0236#59.86#30.34#9.8
-98.6049,31.0249#59.71#30.37#9.92
-98.5519,31.0261#59.55#30.41#10.04
-98.499,31.0272#59.4#30.44#10.16
-98.446,31.0284#59.32#30.38#10.3
-98.393,31.0295#59.23#30.32#10.45
-98.34,31.0307#59.15#30.26#10.59
-98.287,31.0318#59.06#30.2#10.74
-98.2341,31.0329#58.98#30.14#10.88
-98.1811,31.034#58.89#30.08#11.03
-98.1281,31.035#58.81#30.02#11.17
-98.0751,31.036#58.72#29.96#11.32
-98.0221,31.0371#58.64#29.9#11.46
-97.9691,31.0381#58.55#29.83#11.62
-97.9161,31.0391#58.46#29.76#11.78
-97.8631,31.04#58.38#29.69#11.93
-97.8101,31.041#58.29#29.62#12.09
-97.7571,31.0419#58.2#29.55#12.25
-97.7042,31.0428#58.12#29.48#12.4
-97.6512,31.0437#58.03#29.41#12.56
-97.5982,31.0446#57.94#29.34#12.72
-97.5452,31.0455#57.86#29.27#12.87
-97.4922,31.0463#57.77#29.21#13.02
-97.4392,31.0471#57.68#29.19#13.13
-97.3862,31.0479#57.58#29.16#13.26
-97.3332,31.0487#57.49#29.14#13.37
-97.2802,31.0495#57.4#29.11#13.49
-97.2272,31.0503#57.31#29.09#13.6
-97.1742,31.051#57.21#29.06#13.73
-97.1212,31.0517#57.12#29.04#13.84
-97.0682,31.0524#57.03#29.01#13.96
-97.0152,31.0531#56.94#28.99#14.07
-96.9622,31.0538#56.83#28.98#14.19
-96.9092,31.0544#56.73#28.97#14.3
-96.8562,31.055#56.62#28.96#14.42
-96.8031,31.0557#56.51#28.95#14.54
-96.7501,31.0562#56.4#28.95#14.65
-96.6971,31.0568#56.3#28.94#14.76
-96.6441,31.0574#56.19#28.93#14.88
-96.5911,31.0579#56.08#28.92#15
-96.5381,31.0585#55.97#28.92#15.11
-96.4851,31.059#55.86#28.91#15.23
-96.4321,31.0594#55.74#28.91#15.35
-96.3791,31.0599#55.62#28.91#15.47
-96.3261,31.0604#55.5#28.91#15.59
-96.2731,31.0608#55.38#28.91#15.71
-96.2201,31.0612#55.26#28.9#15.84
-96.167,31.0616#55.14#28.9#15.96
-96.114,31.062#55.02#28.9#16.08
-96.061,31.0624#54.9#28.9#16.2
-96.008,31.0627#54.78#28.9#16.32
-95.955,31.063#54.66#28.9#16.44
-95.902,31.0634#54.54#28.9#16.56
-95.849,31.0636#54.42#28.9#16.68
-95.796,31.0639#54.29#28.9#16.81
-95.7429,31.0642#54.17#28.9#16.93
-95.6899,31.0644#54.05#28.9#17.05
-95.6369,31.0646#53.93#28.91#17.16
-95.5839,31.0648#53.8#28.91#17.29
-95.5309,31.065#53.68#28.91#17.41
-95.4779,31.0652#53.56#28.91#17.53
-95.4249,31.0654#53.43#28.91#17.66
-95.3718,31.0655#53.31#28.91#17.78
-95.3188,31.0656#53.19#28.91#17.9
-95.2658,31.0657#53.06#28.92#18.02
-95.2128,31.0658#52.94#28.92#18.14
-95.1598,31.0658#52.81#28.92#18.27
-95.1068,31.0659#52.69#28.92#18.39
-95.0537,31.0659#52.56#28.92#18.52
-95.0007,31.0659#52.44#28.92#18.64
-94.9477,31.0659#52.35#28.93#18.72
-94.8947,31.0659#52.26#28.93#18.81
-94.8417,31.0658#52.17#28.93#18.9
-94.7887,31.0658#52.08#28.93#18.99
-94.7357,31.0657#51.99#28.94#19.07
-94.6826,31.0656#51.9#28.94#19.16
-94.6296,31.0655#51.81#28.94#19.25
-94.5766,31.0654#51.72#28.94#19.34
-94.5236,31.0652#51.63#28.94#19.43
-94.4706,31.065#51.52#28.95#19.53
-94.4176,31.0649#51.4#28.95#19.65
-94.3646,31.0647#51.28#28.95#19.77
-94.3115,31.0644#51.15#28.95#19.9
-94.2585,31.0642#51.03#28.96#20.01
-94.2055,31.0639#50.91#28.96#20.13
-94.1525,31.0637#50.78#28.96#20.26
-94.0995,31.0634#50.66#28.96#20.38
-94.0465,31.0631#50.54#28.96#20.5
-93.9935,31.0627#50.4#28.97#20.63
-93.9404,31.0624#50.21#28.97#20.82
-93.8874,31.062#50.02#28.97#21.01
-93.8344,31.0616#49.83#28.97#21.2
-93.7814,31.0612#49.64#28.98#21.38
-93.7284,31.0608#49.45#28.98#21.57
-93.6754,31.0604#49.26#28.98#21.76
-93.6224,31.0599#49.07#28.98#21.95
-93.5694,31.0595#48.88#28.99#22.13
-93.5164,31.059#48.69#28.99#22.32
-93.4634,31.0585#48.47#28.99#22.54
-93.4103,31.0579#48.25#28.99#22.76
-93.3573,31.0574#48.02#29#22.98
-93.3043,31.0568#47.8#29#23.2
-93.2513,31.0563#47.57#29#23.43
-93.1983,31.0557#47.35#29#23.65
-93.1453,31.0551#47.12#29#23.88
-93.0923,31.0544#46.9#29.01#24.09
-93.0393,31.0538#46.67#29.01#24.32
-92.9863,31.0531#46.46#29.01#24.53
-92.9333,31.0524#46.27#29.01#24.72
-92.8803,31.0517#46.08#29.02#24.9
-92.8273,31.051#45.89#29.02#25.09
-92.7743,31.0503#45.71#29.02#25.27
-92.7213,31.0495#45.52#29.02#25.46
-92.6683,31.0487#45.33#29.03#25.64
-92.6153,31.048#45.15#29.03#25.82
-92.5623,31.0472#44.96#29.03#26.01
-92.5093,31.0463#44.77#29.03#26.2
-92.4563,31.0455#44.61#29.04#26.35
-92.4033,31.0446#44.45#29.04#26.51
-92.3503,31.0437#44.29#29.04#26.67
-92.2973,31.0428#44.14#29.04#26.82
-92.2443,31.0419#43.98#29.04#26.98
-92.1913,31.041#43.82#29.05#27.13
-92.1383,31.0401#43.67#29.05#27.28
-92.0853,31.0391#43.51#29.05#27.44
-92.0323,31.0381#43.35#29.05#27.6
-91.9794,31.0371#43.2#29.06#27.74
-91.9264,31.0361#43.05#29.06#27.89
-91.8734,31.035#42.9#29.06#28.04
-91.8204,31.034#42.75#29.06#28.19
-91.7674,31.0329#42.6#29.07#28.33
-91.7144,31.0318#42.45#29.07#28.48
-91.6614,31.0307#42.31#29.07#28.62
-91.6085,31.0296#42.16#29.07#28.77
-91.5555,31.0284#42.01#29.07#28.92
-91.5025,31.0273#41.86#29.08#29.06
-91.4495,31.0261#41.75#29.08#29.17
-91.3965,31.0249#41.65#29.08#29.27
-91.3436,31.0237#41.54#29.08#29.38
-91.2906,31.0224#41.44#29.09#29.47
-91.2376,31.0212#41.34#29.09#29.57
-91.1846,31.0199#41.23#29.09#29.68
-91.1317,31.0186#41.13#29.09#29.78
-91.0787,31.0173#41.03#29.1#29.87
-91.0257,31.016#40.92#29.1#29.98
-90.9728,31.0147#40.79#29.1#30.11
-90.9198,31.0133#40.62#29.1#30.28
-90.8668,31.0119#40.46#29.1#30.44
-90.8139,31.0105#40.29#29.11#30.6
-90.7609,31.0091#40.13#29.11#30.76
-90.7079,31.0077#39.97#29.11#30.92
-90.655,31.0063#39.8#29.11#31.09
-90.602,31.0048#39.64#29.12#31.24
-90.549,31.0033#39.47#29.12#31.41
-90.4961,31.0018#39.3#29.12#31.58
-90.4431,31.0003#39.02#29.12#31.86
-90.3902,30.9988#38.74#29.12#32.14
-90.3372,30.9972#38.46#29.13#32.41
-90.2843,30.9956#38.18#29.13#32.69
-90.2313,30.994#37.9#29.13#32.97
-90.1784,30.9924#37.62#29.13#33.25
-90.1254,30.9908#37.34#29.13#33.53
-90.0725,30.9892#37.05#29.14#33.81
-90.0195,30.9875#36.77#29.14#34.09
-89.9666,30.9858#36.5#29.14#34.36
-89.9136,30.9841#36.23#29.14#34.63
-89.8607,30.9824#35.96#29.14#34.9
-89.8078,30.9807#35.69#29.15#35.16
-89.7548,30.979#35.42#29.15#35.43
-89.7019,30.9772#35.16#29.15#35.69
-89.649,30.9754#34.89#29.15#35.96
-89.596,30.9736#34.62#29.15#36.23
-89.5431,30.9718#34.36#29.16#36.48
-89.4902,30.9699#34.1#29.16#36.74
-89.4372,30.9681#33.87#29.16#36.97
-89.3843,30.9662#33.64#29.16#37.2
-89.3314,30.9643#33.4#29.16#37.44
-89.2785,30.9624#33.17#29.17#37.66
-89.2256,30.9605#32.94#29.17#37.89
-89.1726,30.9586#32.71#29.17#38.12
-89.1197,30.9566#32.48#29.17#38.35
-89.0668,30.9546#32.25#29.17#38.58
-89.0139,30.9526#32.02#29.18#38.8
-88.961,30.9506#31.81#29.18#39.01
-88.9081,30.9486#31.61#29.18#39.21
-88.8552,30.9465#31.41#29.18#39.41
-88.8023,30.9445#31.22#29.18#39.6
-88.7494,30.9424#31.02#29.19#39.79
-88.6965,30.9403#30.82#29.19#39.99
-88.6436,30.9382#30.62#29.19#40.19
-88.5907,30.936#30.43#29.19#40.38
-88.5378,30.9339#30.23#29.19#40.58
-88.4849,30.9317#30.05#29.2#40.75
-88.432,30.9295#29.91#29.2#40.89
-88.3791,30.9273#29.78#29.2#41.02
-88.3262,30.9251#29.64#29.2#41.16
-88.2733,30.9228#29.5#29.21#41.29
-88.2204,30.9206#29.36#29.21#41.43
-88.1675,30.9183#29.23#29.21#41.56
-88.1147,30.916#29.09#29.21#41.7
-88.0618,30.9137#28.95#29.22#41.83
-88.0089,30.9113#28.81#29.22#41.97
-87.956,30.909#28.75#29.22#42.03
-87.9032,30.9066#28.7#29.23#42.07
-87.8503,30.9042#28.66#29.23#42.11
-87.7974,30.9018#28.61#29.24#42.15
-103.158,30.9008#54.78#28.77#16.45
-103.106,30.9035#55.04#28.77#16.19
-103.053,30.9063#55.3#28.77#15.93
-103,30.9089#55.56#28.77#15.67
-102.947,30.9116#55.86#28.77#15.37
-102.894,30.9143#56.17#28.78#15.05
-102.841,30.9169#56.47#28.78#14.75
-102.788,30.9195#56.78#28.78#14.44
-102.736,30.9221#57.08#28.78#14.14
-102.683,30.9247#57.38#28.78#13.84
-102.63,30.9273#57.68#28.79#13.53
-102.577,30.9298#57.98#28.79#13.23
-102.524,30.9323#58.28#28.79#12.93
-102.471,30.9348#58.55#28.79#12.66
-102.418,30.9373#58.8#28.79#12.41
-102.365,30.9398#59.05#28.8#12.15
-102.313,30.9423#59.3#28.8#11.9
-102.26,30.9447#59.55#28.8#11.65
-102.207,30.9471#59.79#28.8#11.41
-102.154,30.9495#60.04#28.8#11.16
-102.101,30.9519#60.28#28.81#10.91
-102.048,30.9543#60.52#28.81#10.67
-101.995,30.9566#60.77#28.81#10.42
-101.942,30.959#61.01#28.81#10.18
-101.889,30.9613#61.26#28.81#9.93000000000001
-101.837,30.9636#61.51#28.82#9.67
-101.784,30.9659#61.75#28.82#9.43000000000001
-101.731,30.9681#62#28.82#9.18000000000001
-101.678,30.9704#62.25#28.82#8.93000000000001
-101.625,30.9726#62.49#28.82#8.69
-101.572,30.9748#62.74#28.83#8.43000000000001
-101.519,30.977#62.99#28.83#8.18000000000001
-101.466,30.9792#63.14#28.83#8.03
-101.413,30.9813#63.24#28.83#7.93000000000001
-101.36,30.9835#63.34#28.83#7.83
-101.307,30.9856#63.45#28.84#7.70999999999999
-101.255,30.9877#63.55#28.84#7.61
-101.202,30.9898#63.66#28.84#7.5
-101.149,30.9919#63.77#28.84#7.39
-101.096,30.9939#63.88#28.84#7.28
-101.043,30.9959#63.99#28.85#7.16
-100.99,30.998#64.08#28.85#7.06999999999999
-100.937,31#64.09#28.85#7.06
-100.884,31.0019#64.1#28.85#7.05000000000001
-100.831,31.0039#64.12#28.85#7.03
-100.778,31.0058#64.13#28.86#7.01000000000001
-100.725,31.0078#64.14#28.86#7
-100.672,31.0097#64.15#28.86#6.98999999999999
-100.619,31.0116#64.16#28.86#6.98
-100.566,31.0134#64.17#28.86#6.97
-100.513,31.0153#64.18#28.87#6.94999999999999
-100.46,31.0171#64.12#28.87#7.00999999999999
-100.408,31.019#64.03#28.87#7.09999999999999
-100.355,31.0208#63.94#28.87#7.19
-100.302,31.0225#63.84#28.87#7.28999999999999
-100.249,31.0243#63.75#28.88#7.37
-100.196,31.0261#63.66#28.88#7.46000000000001
-100.143,31.0278#63.56#28.88#7.56
-100.09,31.0295#63.47#28.88#7.65000000000001
-100.037,31.0312#63.38#28.88#7.73999999999999
-99.9839,31.0329#63.27#28.9#7.83
-99.9309,31.0345#63.15#28.97#7.88
-99.8779,31.0362#63.02#29.03#7.94999999999999
-99.825,31.0378#62.9#29.09#8.01000000000001
-99.772,31.0394#62.77#29.15#8.08
-99.719,31.041#62.64#29.21#8.15000000000001
-99.6661,31.0426#62.52#29.28#8.19999999999999
-99.6131,31.0441#62.39#29.34#8.27
-99.5601,31.0457#62.26#29.4#8.34
-99.5071,31.0472#62.13#29.46#8.41
-99.4542,31.0487#61.97#29.53#8.5
-99.4012,31.0502#61.82#29.6#8.58
-99.3482,31.0516#61.66#29.67#8.67
-99.2952,31.0531#61.51#29.74#8.75
-99.2422,31.0545#61.35#29.81#8.84
-99.1892,31.0559#61.2#29.88#8.92
-99.1363,31.0573#61.05#29.95#9
-99.0833,31.0587#60.9#30.02#9.08
-99.0303,31.06#60.75#30.1#9.15000000000001
-98.9773,31.0614#60.6#30.15#9.25
-98.9243,31.0627#60.45#30.18#9.37
-98.8713,31.064#60.3#30.21#9.49000000000001
-98.8183,31.0653#60.15#30.25#9.59999999999999
-98.7653,31.0666#60#30.28#9.72
-98.7123,31.0678#59.86#30.31#9.83
-98.6593,31.0691#59.71#30.34#9.95
-98.6063,31.0703#59.57#30.38#10.05
-98.5533,31.0715#59.42#30.41#10.17
-98.5003,31.0727#59.28#30.44#10.28
-98.4473,31.0738#59.19#30.38#10.43
-98.3943,31.075#59.11#30.32#10.57
-98.3413,31.0761#59.02#30.26#10.72
-98.2883,31.0772#58.94#30.2#10.86
-98.2353,31.0783#58.85#30.14#11.01
-98.1823,31.0794#58.77#30.08#11.15
-98.1293,31.0804#58.68#30.02#11.3
-98.0763,31.0815#58.6#29.96#11.44
-98.0233,31.0825#58.51#29.9#11.59
-97.9703,31.0835#58.43#29.84#11.73
-97.9173,31.0845#58.34#29.77#11.89
-97.8643,31.0854#58.25#29.7#12.05
-97.8112,31.0864#58.17#29.63#12.2
-97.7582,31.0873#58.08#29.56#12.36
-97.7052,31.0882#57.99#29.49#12.52
-97.6522,31.0891#57.91#29.42#12.67
-97.5992,31.09#57.82#29.35#12.83
-97.5462,31.0909#57.73#29.28#12.99
-97.4931,31.0917#57.65#29.21#13.14
-97.4401,31.0925#57.55#29.19#13.26
-97.3871,31.0934#57.46#29.17#13.37
-97.3341,31.0941#57.37#29.14#13.49
-97.2811,31.0949#57.28#29.12#13.6
-97.228,31.0957#57.19#29.09#13.72
-97.175,31.0964#57.09#29.07#13.84
-97.122,31.0971#57#29.04#13.96
-97.069,31.0978#56.91#29.02#14.07
-97.016,31.0985#56.82#28.99#14.19
-96.9629,31.0992#56.72#28.98#14.3
-96.9099,31.0998#56.61#28.97#14.42
-96.8569,31.1005#56.5#28.97#14.53
-96.8039,31.1011#56.4#28.96#14.64
-96.7508,31.1017#56.29#28.95#14.76
-96.6978,31.1023#56.19#28.94#14.87
-96.6448,31.1028#56.08#28.94#14.98
-96.5917,31.1034#55.97#28.93#15.1
-96.5387,31.1039#55.87#28.92#15.21
-96.4857,31.1044#55.76#28.91#15.33
-96.4327,31.1049#55.64#28.91#15.45
-96.3796,31.1053#55.52#28.91#15.57
-96.3266,31.1058#55.4#28.91#15.69
-96.2736,31.1062#55.29#28.91#15.8
-96.2205,31.1066#55.17#28.91#15.92
-96.1675,31.107#55.05#28.91#16.04
-96.1145,31.1074#54.93#28.9#16.17
-96.0614,31.1078#54.81#28.9#16.29
-96.0084,31.1081#54.7#28.9#16.4
-95.9554,31.1085#54.58#28.9#16.52
-95.9023,31.1088#54.45#28.9#16.65
-95.8493,31.1091#54.33#28.9#16.77
-95.7963,31.1094#54.21#28.91#16.88
-95.7432,31.1096#54.09#28.91#17
-95.6902,31.1098#53.97#28.91#17.12
-95.6372,31.1101#53.85#28.91#17.24
-95.5841,31.1103#53.73#28.91#17.36
-95.5311,31.1105#53.61#28.91#17.48
-95.4781,31.1106#53.49#28.91#17.6
-95.425,31.1108#53.36#28.91#17.73
-95.372,31.1109#53.24#28.92#17.84
-95.3189,31.111#53.12#28.92#17.96
-95.2659,31.1111#53#28.92#18.08
-95.2129,31.1112#52.87#28.92#18.21
-95.1598,31.1113#52.75#28.92#18.33
-95.1068,31.1113#52.63#28.93#18.44
-95.0538,31.1113#52.5#28.93#18.57
-95.0007,31.1114#52.38#28.93#18.69
-94.9477,31.1113#52.29#28.93#18.78
-94.8947,31.1113#52.21#28.93#18.86
-94.8416,31.1113#52.12#28.94#18.94
-94.7886,31.1112#52.03#28.94#19.03
-94.7356,31.1111#51.94#28.94#19.12
-94.6825,31.111#51.86#28.94#19.2
-94.6295,31.1109#51.77#28.94#19.29
-94.5764,31.1108#51.68#28.95#19.37
-94.5234,31.1106#51.59#28.95#19.46
-94.4704,31.1105#51.49#28.95#19.56
-94.4173,31.1103#51.37#28.95#19.68
-94.3643,31.1101#51.25#28.96#19.79
-94.3113,31.1099#51.13#28.96#19.91
-94.2582,31.1096#51.02#28.96#20.02
-94.2052,31.1094#50.9#28.96#20.14
-94.1522,31.1091#50.78#28.96#20.26
-94.0991,31.1088#50.66#28.97#20.37
-94.0461,31.1085#50.54#28.97#20.49
-93.9931,31.1082#50.41#28.97#20.62
-93.94,31.1078#50.23#28.97#20.8
-93.887,31.1074#50.04#28.98#20.98
-93.834,31.1071#49.85#28.98#21.17
-93.7809,31.1067#49.66#28.98#21.36
-93.7279,31.1062#49.47#28.98#21.55
-93.6749,31.1058#49.28#28.98#21.74
-93.6218,31.1054#49.09#28.99#21.92
-93.5688,31.1049#48.9#28.99#22.11
-93.5158,31.1044#48.72#28.99#22.29
-93.4628,31.1039#48.49#28.99#22.52
-93.4097,31.1034#48.26#29#22.74
-93.3567,31.1028#48.03#29#22.97
-93.3037,31.1023#47.79#29#23.21
-93.2506,31.1017#47.56#29#23.44
-93.1976,31.1011#47.33#29.01#23.66
-93.1446,31.1005#47.09#29.01#23.9
-93.0916,31.0999#46.86#29.01#24.13
-93.0385,31.0992#46.63#29.01#24.36
-92.9855,31.0985#46.41#29.02#24.57
-92.9325,31.0979#46.22#29.02#24.76
-92.8795,31.0972#46.03#29.02#24.95
-92.8264,31.0964#45.84#29.02#25.14
-92.7734,31.0957#45.65#29.03#25.32
-92.7204,31.0949#45.46#29.03#25.51
-92.6674,31.0942#45.27#29.03#25.7
-92.6144,31.0934#45.08#29.03#25.89
-92.5613,31.0926#44.89#29.03#26.08
-92.5083,31.0917#44.7#29.04#26.26
-92.4553,31.0909#44.54#29.04#26.42
-92.4023,31.09#44.39#29.04#26.57
-92.3493,31.0892#44.23#29.04#26.73
-92.2963,31.0883#44.07#29.05#26.88
-92.2432,31.0874#43.92#29.05#27.03
-92.1902,31.0864#43.76#29.05#27.19
-92.1372,31.0855#43.6#29.05#27.35
-92.0842,31.0845#43.45#29.06#27.49
-92.0312,31.0835#43.29#29.06#27.65
-91.9782,31.0825#43.14#29.06#27.8
-91.9252,31.0815#42.99#29.06#27.95
-91.8722,31.0805#42.84#29.07#28.09
-91.8192,31.0794#42.69#29.07#28.24
-91.7661,31.0783#42.54#29.07#28.39
-91.7131,31.0772#42.39#29.07#28.54
-91.6601,31.0761#42.24#29.07#28.69
-91.6071,31.075#42.09#29.08#28.83
-91.5541,31.0738#41.94#29.08#28.98
-91.5011,31.0727#41.79#29.08#29.13
-91.4481,31.0715#41.68#29.08#29.24
-91.3951,31.0703#41.57#29.09#29.34
-91.3421,31.0691#41.46#29.09#29.45
-91.2891,31.0679#41.36#29.09#29.55
-91.2361,31.0666#41.25#29.09#29.66
-91.1831,31.0653#41.14#29.1#29.76
-91.1302,31.064#41.03#29.1#29.87
-91.0772,31.0627#40.92#29.1#29.98
-91.0242,31.0614#40.82#29.1#30.08
-90.9712,31.0601#40.68#29.1#30.22
-90.9182,31.0587#40.51#29.11#30.38
-90.8652,31.0573#40.35#29.11#30.54
-90.8122,31.056#40.18#29.11#30.71
-90.7592,31.0545#40.02#29.11#30.87
-90.7062,31.0531#39.85#29.12#31.03
-90.6533,31.0517#39.69#29.12#31.19
-90.6003,31.0502#39.53#29.12#31.35
-90.5473,31.0487#39.36#29.12#31.52
-90.4943,31.0472#39.19#29.12#31.69
-90.4413,31.0457#38.91#29.13#31.96
-90.3884,31.0442#38.64#29.13#32.23
-90.3354,31.0426#38.37#29.13#32.5
-90.2824,31.041#38.1#29.13#32.77
-90.2295,31.0395#37.82#29.13#33.05
-90.1765,31.0378#37.55#29.14#33.31
-90.1235,31.0362#37.27#29.14#33.59
-90.0706,31.0346#37#29.14#33.86
-90.0176,31.0329#36.72#29.14#34.14
-89.9646,31.0312#36.45#29.14#34.41
-89.9117,31.0295#36.18#29.15#34.67
-89.8587,31.0278#35.91#29.15#34.94
-89.8057,31.0261#35.64#29.15#35.21
-89.7528,31.0244#35.36#29.15#35.49
-89.6998,31.0226#35.09#29.15#35.76
-89.6469,31.0208#34.82#29.16#36.02
-89.5939,31.019#34.55#29.16#36.29
-89.541,31.0172#34.28#29.16#36.56
-89.488,31.0153#34.02#29.16#36.82
-89.4351,31.0135#33.8#29.16#37.04
-89.3821,31.0116#33.57#29.17#37.26
-89.3292,31.0097#33.34#29.17#37.49
-89.2762,31.0078#33.11#29.17#37.72
-89.2233,31.0059#32.88#29.17#37.95
-89.1704,31.004#32.66#29.17#38.17
-89.1174,31.002#32.43#29.18#38.39
-89.0645,31#32.2#29.18#38.62
-89.0116,30.998#31.97#29.18#38.85
-88.9586,30.996#31.76#29.18#39.06
-88.9057,30.994#31.56#29.18#39.26
-88.8528,30.9919#31.36#29.19#39.45
-88.7998,30.9898#31.16#29.19#39.65
-88.7469,30.9878#30.96#29.19#39.85
-88.694,30.9857#30.76#29.19#40.05
-88.6411,30.9835#30.56#29.19#40.25
-88.5882,30.9814#30.36#29.2#40.44
-88.5352,30.9792#30.16#29.2#40.64
-88.4823,30.9771#29.99#29.2#40.81
-88.4294,30.9749#29.85#29.2#40.95
-88.3765,30.9727#29.72#29.21#41.07
-88.3236,30.9704#29.58#29.21#41.21
-88.2707,30.9682#29.44#29.21#41.35
-88.2178,30.9659#29.31#29.21#41.48
-88.1649,30.9637#29.17#29.21#41.62
-88.112,30.9614#29.04#29.22#41.74
-88.0591,30.959#28.9#29.22#41.88
-88.0062,30.9567#28.76#29.22#42.02
-87.9533,30.9544#28.7#29.23#42.07
-87.9004,30.952#28.66#29.23#42.11
-87.8475,30.9496#28.61#29.24#42.15
-87.7946,30.9472#28.56#29.24#42.2
-87.7417,30.9448#28.52#29.25#42.23
-87.6888,30.9423#28.47#29.25#42.28
-87.636,30.9399#28.42#29.26#42.32
-87.5831,30.9374#28.38#29.26#42.36
-87.5302,30.9349#28.33#29.27#42.4
-87.4773,30.9324#28.3#29.28#42.42
-87.4245,30.9299#28.31#29.31#42.38
-87.3716,30.9273#28.31#29.33#42.36
-87.3187,30.9248#28.31#29.36#42.33
-87.2659,30.9222#28.31#29.39#42.3
-87.213,30.9196#28.31#29.42#42.27
-87.1601,30.917#28.32#29.44#42.24
-87.1073,30.9143#28.32#29.47#42.21
-87.0544,30.9117#28.32#29.5#42.18
-87.0016,30.909#28.32#29.53#42.15
-86.9487,30.9063#28.33#29.56#42.11
-86.8959,30.9036#28.34#29.6#42.06
-86.843,30.9009#28.35#29.64#42.01
-104.007,30.9002#49.86#28.74#21.4
-103.954,30.9032#50.19#28.74#21.07
-103.901,30.9062#50.53#28.74#20.73
-103.849,30.9092#50.87#28.74#20.39
-103.796,30.9121#51.21#28.75#20.04
-103.743,30.9151#51.54#28.75#19.71
-103.69,30.918#51.88#28.75#19.37
-103.637,30.9209#52.21#28.75#19.04
-103.584,30.9238#52.55#28.75#18.7
-103.532,30.9266#52.88#28.76#18.36
-103.479,30.9295#53.18#28.76#18.06
-103.426,30.9323#53.44#28.76#17.8
-103.373,30.9351#53.7#28.76#17.54
-103.32,30.9379#53.96#28.76#17.28
-103.267,30.9407#54.22#28.77#17.01
-103.214,30.9434#54.47#28.77#16.76
-103.162,30.9462#54.73#28.77#16.5
-103.109,30.9489#54.98#28.77#16.25
-103.056,30.9516#55.24#28.77#15.99
-103.003,30.9543#55.49#28.78#15.73
-102.95,30.957#55.79#28.78#15.43
-102.897,30.9596#56.08#28.78#15.14
-102.844,30.9623#56.38#28.78#14.84
-102.791,30.9649#56.68#28.78#14.54
