-96.6624,24.9002#42.36#28.48#29.16
-96.612,24.9008#42.34#28.47#29.19
-96.5617,24.9013#42.31#28.46#29.23
-96.5113,24.9018#42.29#28.45#29.26
-96.461,24.9023#42.26#28.45#29.29
-96.4106,24.9028#42.23#28.45#29.32
-96.3603,24.9033#42.19#28.45#29.36
-96.3099,24.9037#42.16#28.44#29.4
-96.2596,24.9042#42.12#28.44#29.44
-96.2092,24.9046#42.09#28.44#29.47
-96.1589,24.905#42.06#28.44#29.5
-96.1085,24.9054#42.02#28.43#29.55
-96.0582,24.9057#41.99#28.43#29.58
-96.0078,24.9061#41.95#28.43#29.62
-95.9574,24.9064#41.91#28.43#29.66
-95.9071,24.9067#41.87#28.43#29.7
-95.8567,24.907#41.83#28.43#29.74
-95.8064,24.9073#41.79#28.43#29.78
-95.756,24.9076#41.75#28.43#29.82
-95.7057,24.9078#41.71#28.43#29.86
-95.6553,24.908#41.67#28.43#29.9
-95.605,24.9083#41.63#28.43#29.94
-95.5546,24.9085#41.59#28.43#29.98
-95.5043,24.9086#41.55#28.43#30.02
-95.4539,24.9088#41.51#28.43#30.06
-95.4035,24.9089#41.46#28.43#30.11
-95.3532,24.9091#41.42#28.43#30.15
-95.3028,24.9092#41.38#28.43#30.19
-95.2525,24.9093#41.33#28.44#30.23
-95.2021,24.9093#41.29#28.44#30.27
-95.1518,24.9094#41.25#28.44#30.31
-95.1014,24.9095#41.2#28.44#30.36
-95.0511,24.9095#41.16#28.44#30.4
-95.0007,24.9095#41.11#28.44#30.45
-94.9503,24.9095#41.06#28.44#30.5
-94.9,24.9095#41.01#28.44#30.55
-94.8496,24.9094#40.96#28.45#30.59
-94.7993,24.9094#40.9#28.45#30.65
-94.7489,24.9093#40.85#28.45#30.7
-94.6986,24.9092#40.8#28.45#30.75
-94.6482,24.9091#40.74#28.45#30.81
-94.5978,24.9089#40.69#28.45#30.86
-94.5475,24.9088#40.64#28.46#30.9
-94.4971,24.9086#40.58#28.46#30.96
-94.4468,24.9085#40.52#28.46#31.02
-94.3964,24.9083#40.47#28.46#31.07
-94.3461,24.9081#40.41#28.46#31.13
-94.2957,24.9078#40.35#28.47#31.18
-94.2454,24.9076#40.29#28.47#31.24
-94.195,24.9073#40.23#28.47#31.3
-94.1447,24.907#40.17#28.47#31.36
-94.0943,24.9067#40.12#28.47#31.41
-94.0439,24.9064#40.06#28.48#31.46
-93.9936,24.9061#40#28.48#31.52
-93.9432,24.9058#39.94#28.49#31.57
-93.8929,24.9054#39.89#28.49#31.62
-93.8425,24.905#39.83#28.5#31.67
-93.7922,24.9046#39.77#28.5#31.73
-93.7418,24.9042#39.72#28.51#31.77
-93.6915,24.9038#39.66#28.51#31.83
-93.6411,24.9033#39.6#28.52#31.88
-93.5908,24.9028#39.55#28.53#31.92
-93.5404,24.9024#39.49#28.53#31.98
-93.4901,24.9019#39.42#28.54#32.04
-93.4397,24.9013#39.31#28.58#32.11
-93.3894,24.9008#39.19#28.61#32.2
-93.339,24.9003#39.08#28.65#32.27
-99.0295,24.9009#39.87#29.88#30.25
-98.9792,24.9022#39.95#29.93#30.12
-98.9288,24.9035#40.03#29.97#30
-98.8785,24.9049#40.12#30#29.88
-98.8282,24.9062#40.2#30.03#29.77
-98.7778,24.9074#40.29#30.07#29.64
-98.7275,24.9087#40.37#30.1#29.53
-98.6771,24.9099#40.45#30.13#29.42
-98.6268,24.9112#40.54#30.16#29.3
-98.5765,24.9124#40.62#30.2#29.18
-98.5261,24.9136#40.71#30.23#29.06
-98.4758,24.9148#40.79#30.22#28.99
-98.4254,24.9159#40.87#30.15#28.98
-98.3751,24.9171#40.95#30.08#28.97
-98.3248,24.9182#41.03#30.02#28.95
-98.2744,24.9193#41.11#29.95#28.94
-98.2241,24.9204#41.18#29.88#28.94
-98.1737,24.9215#41.26#29.82#28.92
-98.1234,24.9225#41.34#29.75#28.91
-98.073,24.9236#41.42#29.68#28.9
-98.0227,24.9246#41.5#29.62#28.88
-97.9723,24.9256#41.57#29.55#28.88
-97.922,24.9266#41.64#29.47#28.89
-97.8716,24.9276#41.7#29.39#28.91
-97.8213,24.9286#41.77#29.32#28.91
-97.7709,24.9295#41.84#29.24#28.92
-97.7206,24.9304#41.9#29.16#28.94
-97.6702,24.9313#41.97#29.08#28.95
-97.6199,24.9322#42.03#29.01#28.96
-97.5695,24.9331#42.1#28.93#28.97
-97.5191,24.934#42.17#28.85#28.98
-97.4688,24.9348#42.22#28.81#28.97
-97.4184,24.9356#42.28#28.78#28.94
-97.3681,24.9364#42.33#28.75#28.92
-97.3177,24.9372#42.39#28.72#28.89
-97.2673,24.938#42.44#28.7#28.86
-97.217,24.9387#42.49#28.67#28.84
-97.1666,24.9395#42.55#28.64#28.81
-97.1163,24.9402#42.6#28.61#28.79
-97.0659,24.9409#42.65#28.59#28.76
-97.0155,24.9416#42.71#28.56#28.73
-96.9652,24.9423#42.71#28.54#28.75
-96.9148,24.9429#42.69#28.53#28.78
-96.8644,24.9435#42.67#28.52#28.81
-96.8141,24.9442#42.65#28.51#28.84
-96.7637,24.9448#42.62#28.51#28.87
-96.7133,24.9454#42.6#28.5#28.9
-96.663,24.9459#42.58#28.49#28.93
-96.6126,24.9465#42.56#28.48#28.96
-96.5622,24.947#42.54#28.47#28.99
-96.5119,24.9475#42.52#28.46#29.02
-96.4615,24.948#42.49#28.45#29.06
-96.4111,24.9485#42.46#28.45#29.09
-96.3608,24.949#42.43#28.45#29.12
-96.3104,24.9494#42.39#28.45#29.16
-96.26,24.9499#42.36#28.44#29.2
-96.2097,24.9503#42.33#28.44#29.23
-96.1593,24.9507#42.29#28.44#29.27
-96.1089,24.9511#42.26#28.44#29.3
-96.0585,24.9514#42.23#28.43#29.34
-96.0082,24.9518#42.2#28.43#29.37
-95.9578,24.9521#42.16#28.43#29.41
-95.9074,24.9524#42.12#28.43#29.45
-95.8571,24.9527#42.08#28.43#29.49
-95.8067,24.953#42.04#28.43#29.53
-95.7563,24.9533#42#28.43#29.57
-95.7059,24.9535#41.96#28.43#29.61
-95.6556,24.9537#41.92#28.43#29.65
-95.6052,24.9539#41.88#28.43#29.69
-95.5548,24.9541#41.85#28.43#29.72
-95.5044,24.9543#41.81#28.43#29.76
-95.4541,24.9545#41.76#28.43#29.81
-95.4037,24.9546#41.72#28.44#29.84
-95.3533,24.9548#41.68#28.44#29.88
-95.3029,24.9549#41.63#28.44#29.93
-95.2526,24.955#41.59#28.44#29.97
-95.2022,24.955#41.55#28.44#30.01
-95.1518,24.9551#41.5#28.44#30.06
-95.1014,24.9551#41.46#28.44#30.1
-95.0511,24.9552#41.41#28.44#30.15
-95.0007,24.9552#41.37#28.44#30.19
-94.9503,24.9552#41.32#28.45#30.23
-94.8999,24.9551#41.26#28.45#30.29
-94.8496,24.9551#41.21#28.45#30.34
-94.7992,24.955#41.16#28.45#30.39
-94.7488,24.955#41.11#28.45#30.44
-94.6984,24.9549#41.05#28.45#30.5
-94.6481,24.9548#41#28.46#30.54
-94.5977,24.9546#40.95#28.46#30.59
-94.5473,24.9545#40.9#28.46#30.64
-94.497,24.9543#40.84#28.46#30.7
-94.4466,24.9541#40.78#28.46#30.76
-94.3962,24.954#40.72#28.46#30.82
-94.3458,24.9537#40.66#28.47#30.87
-94.2955,24.9535#40.6#28.47#30.93
-94.2451,24.9533#40.54#28.47#30.99
-94.1947,24.953#40.48#28.47#31.05
-94.1443,24.9527#40.42#28.48#31.1
-94.094,24.9524#40.36#28.48#31.16
-94.0436,24.9521#40.3#28.48#31.22
-93.9932,24.9518#40.24#28.48#31.28
-93.9428,24.9514#40.18#28.49#31.33
-93.8925,24.9511#40.12#28.49#31.39
-93.8421,24.9507#40.06#28.5#31.44
-93.7917,24.9503#40#28.5#31.5
-93.7414,24.9499#39.95#28.51#31.54
-93.691,24.9494#39.89#28.52#31.59
-93.6406,24.949#39.83#28.52#31.65
-93.5903,24.9485#39.77#28.53#31.7
-93.5399,24.948#39.71#28.53#31.76
-93.4895,24.9475#39.64#28.54#31.82
-93.4391,24.947#39.52#28.57#31.91
-93.3888,24.9465#39.4#28.61#31.99
-93.3384,24.9459#39.28#28.64#32.08
-93.288,24.9454#39.16#28.67#32.17
-93.2377,24.9448#39.04#28.7#32.26
-93.1873,24.9442#38.92#28.73#32.35
-93.1369,24.9436#38.81#28.76#32.43
-93.0866,24.9429#38.69#28.8#32.51
-93.0362,24.9423#38.57#28.83#32.6
-92.9859,24.9416#38.43#28.86#32.71
-92.9355,24.9409#38.22#28.9#32.88
-92.8851,24.9402#38.02#28.94#33.04
-92.8348,24.9395#37.81#28.98#33.21
-92.7844,24.9388#37.61#29.02#33.37
-92.734,24.938#37.41#29.06#33.53
-92.6837,24.9372#37.2#29.1#33.7
-92.6333,24.9364#37#29.14#33.86
-92.583,24.9356#36.79#29.18#34.03
-92.5326,24.9348#36.59#29.22#34.19
-92.4822,24.934#36.38#29.26#34.36
-92.4319,24.9331#36.18#29.29#34.53
-92.3815,24.9322#35.97#29.33#34.7
-92.3312,24.9314#35.77#29.37#34.86
-92.2808,24.9304#35.56#29.4#35.04
-92.2305,24.9295#35.35#29.44#35.21
-92.1801,24.9286#35.15#29.48#35.37
-92.1298,24.9276#34.94#29.52#35.54
-92.0794,24.9266#34.74#29.55#35.71
-92.0291,24.9257#34.53#29.59#35.88
-91.9787,24.9246#34.33#29.61#36.06
-91.9284,24.9236#34.14#29.62#36.24
-91.878,24.9226#33.95#29.62#36.43
-91.8277,24.9215#33.75#29.63#36.62
-91.7773,24.9204#33.56#29.63#36.81
-91.727,24.9193#33.37#29.64#36.99
-91.6766,24.9182#33.18#29.64#37.18
-91.6263,24.9171#32.98#29.65#37.37
-91.5759,24.916#32.79#29.65#37.56
-91.5256,24.9148#32.6#29.66#37.74
-91.4753,24.9136#32.42#29.63#37.95
-91.4249,24.9124#32.25#29.58#38.17
-91.3746,24.9112#32.08#29.52#38.4
-91.3242,24.91#31.91#29.47#38.62
-91.2739,24.9087#31.74#29.41#38.85
-91.2236,24.9075#31.57#29.36#39.07
-91.1732,24.9062#31.4#29.3#39.3
-91.1229,24.9049#31.23#29.25#39.52
-91.0726,24.9036#31.06#29.19#39.75
-91.0222,24.9022#30.89#29.14#39.97
-90.9719,24.9009#30.77#29.09#40.14
-100.491,24.9#37.56#28.48#33.96
-100.44,24.9019#37.66#28.49#33.85
-100.39,24.9037#37.76#28.49#33.75
-100.34,24.9055#37.86#28.49#33.65
-100.289,24.9073#37.96#28.49#33.55
-100.239,24.9091#38.06#28.49#33.45
-100.189,24.9108#38.16#28.49#33.35
-100.138,24.9126#38.26#28.49#33.25
-100.088,24.9143#38.36#28.5#33.14
-100.038,24.916#38.46#28.5#33.04
-99.9874,24.9177#38.55#28.51#32.94
-99.9371,24.9193#38.65#28.58#32.77
-99.8867,24.921#38.74#28.65#32.61
-99.8364,24.9226#38.83#28.72#32.45
-99.7861,24.9243#38.92#28.79#32.29
-99.7358,24.9259#39.01#28.85#32.14
-99.6854,24.9274#39.1#28.92#31.98
-99.6351,24.929#39.2#28.99#31.81
-99.5848,24.9306#39.29#29.06#31.65
-99.5344,24.9321#39.38#29.13#31.49
-99.4841,24.9336#39.47#29.2#31.33
-99.4337,24.9351#39.55#29.27#31.18
-99.3834,24.9366#39.62#29.35#31.03
-99.3331,24.9381#39.7#29.42#30.88
-99.2827,24.9395#39.78#29.5#30.72
-99.2324,24.941#39.86#29.57#30.57
-99.182,24.9424#39.94#29.65#30.41
-99.1317,24.9438#40.02#29.72#30.26
-99.0813,24.9452#40.1#29.8#30.1
-99.031,24.9465#40.17#29.88#29.95
-98.9806,24.9479#40.25#29.93#29.82
-98.9303,24.9492#40.34#29.97#29.69
-98.8799,24.9505#40.42#30#29.58
-98.8296,24.9518#40.5#30.03#29.47
-98.7792,24.9531#40.59#30.07#29.34
-98.7289,24.9544#40.67#30.1#29.23
-98.6785,24.9556#40.75#30.13#29.12
-98.6282,24.9569#40.83#30.17#29
-98.5778,24.9581#40.92#30.2#28.88
-98.5274,24.9593#41#30.23#28.77
-98.4771,24.9604#41.08#30.22#28.7
-98.4267,24.9616#41.15#30.15#28.7
-98.3764,24.9627#41.23#30.09#28.68
-98.326,24.9639#41.31#30.02#28.67
-98.2756,24.965#41.38#29.95#28.67
-98.2253,24.9661#41.46#29.89#28.65
-98.1749,24.9672#41.54#29.82#28.64
-98.1245,24.9682#41.61#29.75#28.64
-98.0742,24.9693#41.69#29.69#28.62
-98.0238,24.9703#41.76#29.62#28.62
-97.9734,24.9713#41.83#29.55#28.62
-97.9231,24.9723#41.9#29.47#28.63
-97.8727,24.9733#41.96#29.4#28.64
-97.8223,24.9742#42.03#29.32#28.65
-97.7719,24.9752#42.09#29.24#28.67
-97.7216,24.9761#42.16#29.17#28.67
-97.6712,24.977#42.22#29.09#28.69
-97.6208,24.9779#42.28#29.01#28.71
-97.5705,24.9788#42.35#28.94#28.71
-97.5201,24.9796#42.41#28.86#28.73
-97.4697,24.9805#42.47#28.81#28.72
-97.4193,24.9813#42.52#28.78#28.7
-97.3689,24.9821#42.57#28.76#28.67
-97.3186,24.9829#42.62#28.73#28.65
-97.2682,24.9837#42.67#28.7#28.63
-97.2178,24.9844#42.72#28.67#28.61
-97.1674,24.9852#42.77#28.64#28.59
-97.117,24.9859#42.82#28.62#28.56
-97.0667,24.9866#42.87#28.59#28.54
-97.0163,24.9873#42.92#28.56#28.52
-96.9659,24.9879#42.92#28.55#28.53
-96.9155,24.9886#42.9#28.54#28.56
-96.8651,24.9892#42.88#28.53#28.59
-96.8148,24.9899#42.86#28.52#28.62
-96.7644,24.9905#42.85#28.51#28.64
-96.714,24.991#42.83#28.5#28.67
-96.6636,24.9916#42.81#28.49#28.7
-96.6132,24.9922#42.79#28.48#28.73
-96.5628,24.9927#42.77#28.47#28.76
-96.5124,24.9932#42.75#28.46#28.79
-96.462,24.9937#42.72#28.46#28.82
-96.4117,24.9942#42.69#28.46#28.85
-96.3613,24.9947#42.66#28.45#28.89
-96.3109,24.9951#42.63#28.45#28.92
-96.2605,24.9956#42.6#28.45#28.95
-96.2101,24.996#42.57#28.45#28.98
-96.1597,24.9964#42.53#28.44#29.03
-96.1093,24.9967#42.5#28.44#29.06
-96.0589,24.9971#42.47#28.44#29.09
-96.0085,24.9975#42.44#28.44#29.12
-95.9582,24.9978#42.4#28.44#29.16
-95.9078,24.9981#42.37#28.44#29.19
-95.8574,24.9984#42.33#28.44#29.23
-95.807,24.9987#42.29#28.44#29.27
-95.7566,24.9989#42.25#28.44#29.31
-95.7062,24.9992#42.21#28.44#29.35
-95.6558,24.9994#42.18#28.44#29.38
-95.6054,24.9996#42.14#28.44#29.42
-95.555,24.9998#42.1#28.44#29.46
-95.5046,25#42.06#28.44#29.5
-95.4542,25.0002#42.02#28.44#29.54
-95.4038,25.0003#41.98#28.44#29.58
-95.3534,25.0004#41.93#28.44#29.63
-95.3031,25.0006#41.89#28.44#29.67
-95.2527,25.0006#41.84#28.44#29.72
-95.2023,25.0007#41.8#28.44#29.76
-95.1519,25.0008#41.76#28.44#29.8
-95.1015,25.0008#41.71#28.45#29.84
-95.0511,25.0009#41.67#28.45#29.88
-95.0007,25.0009#41.62#28.45#29.93
-94.9503,25.0009#41.57#28.45#29.98
-94.8999,25.0008#41.52#28.45#30.03
-94.8495,25.0008#41.47#28.45#30.08
-94.7991,25.0007#41.42#28.45#30.13
-94.7487,25.0007#41.37#28.46#30.17
-94.6983,25.0006#41.31#28.46#30.23
-94.6479,25.0004#41.26#28.46#30.28
-94.5975,25.0003#41.21#28.46#30.33
-94.5472,25.0002#41.16#28.46#30.38
-94.4968,25#41.1#28.46#30.44
-94.4464,24.9998#41.04#28.47#30.49
-94.396,24.9996#40.98#28.47#30.55
-94.3456,24.9994#40.91#28.47#30.62
-94.2952,24.9992#40.85#28.47#30.68
-94.2448,24.999#40.79#28.47#30.74
-94.1944,24.9987#40.73#28.48#30.79
-94.144,24.9984#40.66#28.48#30.86
-94.0936,24.9981#40.6#28.48#30.92
-94.0432,24.9978#40.54#28.48#30.98
-93.9928,24.9975#40.47#28.49#31.04
-93.9425,24.9971#40.41#28.49#31.1
-93.8921,24.9968#40.35#28.5#31.15
-93.8417,24.9964#40.29#28.5#31.21
-93.7913,24.996#40.23#28.51#31.26
-93.7409,24.9956#40.17#28.51#31.32
-93.6905,24.9951#40.12#28.52#31.36
-93.6401,24.9947#40.06#28.52#31.42
-93.5897,24.9942#40#28.53#31.47
-93.5393,24.9937#39.94#28.53#31.53
-93.489,24.9932#39.86#28.54#31.6
-93.4386,24.9927#39.74#28.57#31.69
-93.3882,24.9922#39.61#28.6#31.79
-93.3378,24.9916#39.48#28.63#31.89
-93.2874,24.9911#39.36#28.66#31.98
-93.237,24.9905#39.23#28.69#32.08
-93.1866,24.9899#39.11#28.72#32.17
-93.1363,24.9893#38.98#28.74#32.28
-93.0859,24.9886#38.86#28.77#32.37
-93.0355,24.988#38.73#28.8#32.47
-92.9851,24.9873#38.58#28.83#32.59
-92.9347,24.9866#38.38#28.87#32.75
-92.8843,24.9859#38.17#28.91#32.92
-92.834,24.9852#37.97#28.95#33.08
-92.7836,24.9844#37.76#28.99#33.25
-92.7332,24.9837#37.56#29.03#33.41
-92.6828,24.9829#37.35#29.07#33.58
-92.6324,24.9821#37.15#29.11#33.74
-92.5821,24.9813#36.94#29.15#33.91
-92.5317,24.9805#36.74#29.19#34.07
-92.4813,24.9797#36.53#29.23#34.24
-92.4309,24.9788#36.33#29.26#34.41
-92.3806,24.9779#36.12#29.3#34.58
-92.3302,24.977#35.92#29.34#34.74
-92.2798,24.9761#35.71#29.38#34.91
-92.2294,24.9752#35.51#29.41#35.08
-92.1791,24.9743#35.3#29.45#35.25
-92.1287,24.9733#35.09#29.49#35.42
-92.0783,24.9723#34.89#29.53#35.58
-92.028,24.9713#34.68#29.56#35.76
-91.9776,24.9703#34.48#29.59#35.93
-91.9272,24.9693#34.29#29.6#36.11
-91.8769,24.9683#34.09#29.6#36.31
-91.8265,24.9672#33.9#29.61#36.49
-91.7761,24.9661#33.71#29.62#36.67
-91.7258,24.965#33.51#29.63#36.86
-91.6754,24.9639#33.32#29.64#37.04
-91.625,24.9628#33.13#29.64#37.23
-91.5747,24.9616#32.93#29.65#37.42
-91.5243,24.9605#32.74#29.66#37.6
-91.474,24.9593#32.56#29.64#37.8
-91.4236,24.9581#32.38#29.59#38.03
-91.3732,24.9569#32.21#29.54#38.25
-91.3229,24.9557#32.04#29.49#38.47
-91.2725,24.9544#31.87#29.44#38.69
-91.2222,24.9531#31.7#29.39#38.91
-91.1718,24.9519#31.52#29.34#39.14
-91.1215,24.9506#31.35#29.29#39.36
-91.0711,24.9492#31.18#29.24#39.58
-91.0208,24.9479#31.01#29.19#39.8
-90.9704,24.9466#30.89#29.15#39.96
-90.9201,24.9452#30.81#29.1#40.09
-90.8697,24.9438#30.72#29.06#40.22
-90.8194,24.9424#30.64#29.02#40.34
-90.769,24.941#30.56#28.98#40.46
-90.7187,24.9396#30.48#28.93#40.59
-90.6683,24.9381#30.4#28.89#40.71
-90.618,24.9367#30.32#28.85#40.83
-90.5677,24.9352#30.24#28.81#40.95
-90.5173,24.9337#30.16#28.77#41.07
-90.467,24.9321#30.06#28.74#41.2
-90.4166,24.9306#29.96#28.73#41.31
-90.3663,24.9291#29.85#28.71#41.44
-90.316,24.9275#29.75#28.69#41.56
-90.2656,24.9259#29.64#28.68#41.68
-90.2153,24.9243#29.54#28.66#41.8
-90.165,24.9227#29.43#28.65#41.92
-90.1146,24.921#29.33#28.63#42.04
-90.0643,24.9194#29.23#28.62#42.15
-90.014,24.9177#29.12#28.6#42.28
-89.9637,24.916#29.04#28.59#42.37
-89.9133,24.9143#28.97#28.59#42.44
-89.863,24.9126#28.89#28.58#42.53
-89.8127,24.9109#28.82#28.58#42.6
-89.7624,24.9091#28.74#28.57#42.69
-89.7121,24.9073#28.67#28.56#42.77
-89.6618,24.9056#28.6#28.56#42.84
-89.6114,24.9037#28.53#28.55#42.92
-89.5611,24.9019#28.45#28.55#43
-89.5108,24.9001#28.38#28.54#43.08
-101.599,24.9009#34.88#28.45#36.67
-101.549,24.9031#35.01#28.46#36.53
-101.499,24.9053#35.14#28.46#36.4
-101.449,24.9075#35.27#28.46#36.27
-101.398,24.9096#35.41#28.46#36.13
-101.348,24.9118#35.55#28.46#35.99
-101.298,24.9139#35.69#28.46#35.85
-101.247,24.916#35.83#28.47#35.7
-101.197,24.9181#35.97#28.47#35.56
-101.147,24.9202#36.11#28.47#35.42
-101.096,24.9223#36.24#28.47#35.29
-101.046,24.9243#36.38#28.47#35.15
-100.996,24.9263#36.52#28.47#35.01
-100.946,24.9283#36.65#28.47#34.88
-100.895,24.9303#36.78#28.48#34.74
-100.845,24.9323#36.91#28.48#34.61
-100.795,24.9343#37.04#28.48#34.48
-100.744,24.9362#37.17#28.48#34.35
-100.694,24.9381#37.3#28.48#34.22
-100.644,24.9401#37.43#28.48#34.09
-100.593,24.9419#37.56#28.48#33.96
-100.543,24.9438#37.69#28.49#33.82
-100.493,24.9457#37.82#28.49#33.69
-100.442,24.9475#37.92#28.49#33.59
-100.392,24.9493#38.02#28.49#33.49
-100.342,24.9512#38.12#28.49#33.39
-100.291,24.9529#38.23#28.49#33.28
-100.241,24.9547#38.33#28.49#33.18
-100.191,24.9565#38.43#28.5#33.07
-100.14,24.9582#38.53#28.5#32.97
-100.09,24.9599#38.63#28.5#32.87
-100.04,24.9616#38.73#28.5#32.77
-99.9893,24.9633#38.83#28.52#32.65
-99.9389,24.965#38.93#28.58#32.49
-99.8886,24.9667#39.02#28.65#32.33
-99.8382,24.9683#39.12#28.72#32.16
-99.7879,24.9699#39.21#28.79#32
-99.7375,24.9715#39.3#28.85#31.85
-99.6872,24.9731#39.4#28.92#31.68
-99.6368,24.9747#39.49#28.99#31.52
-99.5865,24.9762#39.59#29.06#31.35
-99.5361,24.9778#39.68#29.13#31.19
-99.4857,24.9793#39.77#29.2#31.03
-99.4354,24.9808#39.85#29.27#30.88
-99.385,24.9823#39.93#29.35#30.72
-99.3347,24.9837#40.01#29.42#30.57
-99.2843,24.9852#40.09#29.5#30.41
-99.2339,24.9866#40.17#29.57#30.26
-99.1836,24.988#40.25#29.65#30.1
-99.1332,24.9894#40.32#29.72#29.96
-99.0828,24.9908#40.4#29.8#29.8
-99.0325,24.9922#40.48#29.88#29.64
-98.9821,24.9935#40.56#29.94#29.5
-98.9317,24.9949#40.64#29.97#29.39
-98.8814,24.9962#40.72#30#29.28
-98.831,24.9975#40.81#30.03#29.16
-98.7806,24.9988#40.89#30.07#29.04
-98.7303,25#40.97#30.1#28.93
-98.6799,25.0013#41.05#30.13#28.82
-98.6295,25.0025#41.13#30.17#28.7
-98.5791,25.0037#41.21#30.2#28.59
-98.5288,25.0049#41.29#30.23#28.48
-98.4784,25.0061#41.37#30.22#28.41
-98.428,25.0073#41.44#30.16#28.4
-98.3776,25.0084#41.52#30.09#28.39
-98.3272,25.0096#41.59#30.02#28.39
-98.2769,25.0107#41.66#29.96#28.38
-98.2265,25.0118#41.74#29.89#28.37
-98.1761,25.0128#41.81#29.82#28.37
-98.1257,25.0139#41.88#29.76#28.36
-98.0753,25.0149#41.96#29.69#28.35
-98.0249,25.016#42.03#29.63#28.34
-97.9745,25.017#42.1#29.55#28.35
-97.9242,25.018#42.16#29.48#28.36
-97.8738,25.019#42.22#29.4#28.38
-97.8234,25.0199#42.28#29.32#28.4
-97.773,25.0209#42.35#29.25#28.4
-97.7226,25.0218#42.41#29.17#28.42
-97.6722,25.0227#42.47#29.09#28.44
-97.6218,25.0236#42.53#29.02#28.45
-97.5714,25.0245#42.59#28.94#28.47
-97.521,25.0253#42.65#28.86#28.49
-97.4706,25.0262#42.71#28.81#28.48
-97.4202,25.027#42.76#28.79#28.45
-97.3698,25.0278#42.8#28.76#28.44
-97.3194,25.0286#42.85#28.73#28.42
-97.269,25.0293#42.9#28.7#28.4
-97.2186,25.0301#42.94#28.68#28.38
-97.1682,25.0308#42.99#28.65#28.36
-97.1178,25.0316#43.04#28.62#28.34
-97.0674,25.0323#43.08#28.59#28.33
-97.017,25.033#43.13#28.57#28.3
-96.9666,25.0336#43.14#28.55#28.31
-96.9162,25.0343#43.12#28.54#28.34
-96.8658,25.0349#43.1#28.53#28.37
-96.8154,25.0355#43.08#28.52#28.4
-96.765,25.0361#43.07#28.51#28.42
-96.7146,25.0367#43.05#28.5#28.45
-96.6642,25.0373#43.03#28.49#28.48
-96.6138,25.0378#43.02#28.48#28.5
-96.5634,25.0384#43#28.48#28.52
-96.513,25.0389#42.98#28.47#28.55
-96.4626,25.0394#42.96#28.46#28.58
-96.4122,25.0399#42.93#28.46#28.61
-96.3618,25.0404#42.9#28.46#28.64
-96.3114,25.0408#42.86#28.45#28.69
-96.261,25.0412#42.83#28.45#28.72
-96.2106,25.0417#42.8#28.45#28.75
-96.1601,25.0421#42.77#28.45#28.78
-96.1097,25.0424#42.74#28.44#28.82
-96.0593,25.0428#42.71#28.44#28.85
-96.0089,25.0431#42.68#28.44#28.88
-95.9585,25.0435#42.65#28.44#28.91
-95.9081,25.0438#42.61#28.44#28.95
-95.8577,25.0441#42.57#28.44#28.99
-95.8073,25.0444#42.54#28.44#29.02
-95.7569,25.0446#42.5#28.44#29.06
-95.7065,25.0449#42.47#28.44#29.09
-95.6561,25.0451#42.43#28.44#29.13
-95.6056,25.0453#42.39#28.44#29.17
-95.5552,25.0455#42.35#28.44#29.21
-95.5048,25.0457#42.32#28.44#29.24
-95.4544,25.0459#42.28#28.44#29.28
-95.404,25.046#42.23#28.44#29.33
-95.3536,25.0461#42.19#28.44#29.37
-95.3032,25.0462#42.14#28.45#29.41
-95.2528,25.0463#42.1#28.45#29.45
-95.2023,25.0464#42.06#28.45#29.49
-95.1519,25.0465#42.01#28.45#29.54
-95.1015,25.0465#41.97#28.45#29.58
-95.0511,25.0465#41.92#28.45#29.63
-95.0007,25.0466#41.88#28.45#29.67
-94.9503,25.0465#41.83#28.45#29.72
-94.8999,25.0465#41.78#28.46#29.76
-94.8495,25.0465#41.73#28.46#29.81
-94.799,25.0464#41.67#28.46#29.87
-94.7486,25.0463#41.62#28.46#29.92
-94.6982,25.0462#41.57#28.46#29.97
-94.6478,25.0461#41.52#28.46#30.02
-94.5974,25.046#41.47#28.46#30.07
-94.547,25.0459#41.42#28.47#30.11
-94.4966,25.0457#41.36#28.47#30.17
-94.4462,25.0455#41.3#28.47#30.23
-94.3958,25.0453#41.23#28.47#30.3
-94.3453,25.0451#41.17#28.47#30.36
-94.2949,25.0449#41.1#28.48#30.42
-94.2445,25.0446#41.04#28.48#30.48
-94.1941,25.0444#40.97#28.48#30.55
-94.1437,25.0441#40.91#28.48#30.61
-94.0933,25.0438#40.84#28.48#30.68
-94.0429,25.0435#40.77#28.49#30.74
-93.9925,25.0432#40.71#28.49#30.8
-93.9421,25.0428#40.65#28.49#30.86
-93.8917,25.0424#40.59#28.5#30.91
-93.8412,25.0421#40.53#28.5#30.97
-93.7908,25.0417#40.47#28.51#31.02
-93.7404,25.0412#40.4#28.51#31.09
-93.69,25.0408#40.34#28.52#31.14
-93.6396,25.0404#40.28#28.52#31.2
-93.5892,25.0399#40.22#28.53#31.25
-93.5388,25.0394#40.16#28.53#31.31
-93.4884,25.0389#40.08#28.54#31.38
-93.438,25.0384#39.95#28.57#31.48
-93.3876,25.0379#39.82#28.59#31.59
-93.3372,25.0373#39.69#28.62#31.69
-93.2868,25.0367#39.55#28.65#31.8
-93.2364,25.0362#39.42#28.67#31.91
-93.186,25.0356#39.29#28.7#32.01
-93.1356,25.0349#39.16#28.72#32.12
-93.0852,25.0343#39.03#28.75#32.22
-93.0348,25.0336#38.9#28.78#32.32
-92.9844,25.033#38.74#28.81#32.45
-92.934,25.0323#38.54#28.85#32.61
-92.8836,25.0316#38.33#28.88#32.79
-92.8332,25.0309#38.13#28.92#32.95
-92.7828,25.0301#37.92#28.96#33.12
-92.7324,25.0294#37.71#29#33.29
-92.682,25.0286#37.51#29.04#33.45
-92.6316,25.0278#37.3#29.08#33.62
-92.5812,25.027#37.1#29.12#33.78
-92.5308,25.0262#36.89#29.16#33.95
-92.4804,25.0253#36.69#29.2#34.11
-92.43,25.0245#36.48#29.23#34.29
-92.3796,25.0236#36.27#29.27#34.46
-92.3292,25.0227#36.07#29.31#34.62
-92.2788,25.0218#35.86#29.35#34.79
-92.2284,25.0209#35.66#29.38#34.96
-92.178,25.0199#35.45#29.42#35.13
-92.1276,25.019#35.25#29.46#35.29
-92.0772,25.018#35.04#29.5#35.46
-92.0269,25.017#34.83#29.53#35.64
-91.9765,25.016#34.63#29.56#35.81
-91.9261,25.015#34.44#29.57#35.99
-91.8757,25.0139#34.24#29.58#36.18
-91.8253,25.0129#34.05#29.59#36.36
-91.7749,25.0118#33.85#29.61#36.54
-91.7245,25.0107#33.66#29.62#36.72
-91.6742,25.0096#33.47#29.63#36.9
-91.6238,25.0085#33.27#29.64#37.09
-91.5734,25.0073#33.08#29.65#37.27
-91.523,25.0061#32.88#29.66#37.46
-91.4726,25.005#32.7#29.64#37.66
-91.4223,25.0038#32.52#29.6#37.88
-91.3719,25.0026#32.35#29.56#38.09
-91.3215,25.0013#32.17#29.51#38.32
-91.2711,25.0001#32#29.47#38.53
-91.2208,24.9988#31.83#29.43#38.74
-91.1704,24.9975#31.65#29.38#38.97
-91.12,24.9962#31.48#29.34#39.18
-91.0696,24.9949#31.3#29.29#39.41
-91.0193,24.9936#31.13#29.25#39.62
-90.9689,24.9922#31.01#29.2#39.79
-90.9185,24.9909#30.92#29.16#39.92
-90.8682,24.9895#30.83#29.11#40.06
-90.8178,24.9881#30.74#29.07#40.19
-90.7674,24.9867#30.65#29.02#40.33
-90.7171,24.9852#30.56#28.98#40.46
-90.6667,24.9838#30.47#28.94#40.59
-90.6164,24.9823#30.39#28.89#40.72
-90.566,24.9808#30.3#28.85#40.85
-90.5156,24.9793#30.21#28.8#40.99
-90.4653,24.9778#30.11#28.78#41.11
-90.4149,24.9763#30#28.76#41.24
-90.3646,24.9747#29.9#28.74#41.36
-90.3142,24.9732#29.79#28.72#41.49
-90.2639,24.9716#29.68#28.71#41.61
-90.2135,24.97#29.58#28.69#41.73
-90.1632,24.9683#29.47#28.67#41.86
-90.1128,24.9667#29.36#28.65#41.99
-90.0625,24.965#29.26#28.64#42.1
-90.0121,24.9634#29.15#28.62#42.23
-89.9618,24.9617#29.06#28.61#42.33
-89.9115,24.96#28.99#28.6#42.41
-89.8611,24.9583#28.91#28.6#42.49
-89.8108,24.9565#28.83#28.59#42.58
-89.7604,24.9548#28.75#28.58#42.67
-89.7101,24.953#28.68#28.58#42.74
-89.6598,24.9512#28.6#28.57#42.83
-89.6094,24.9494#28.52#28.56#42.92
-89.5591,24.9476#28.45#28.56#42.99
-89.5088,24.9457#28.37#28.55#43.08
-89.4584,24.9439#28.3#28.55#43.15
-89.4081,24.942#28.22#28.55#43.23
-89.3578,24.9401#28.15#28.55#43.3
-89.3075,24.9382#28.08#28.55#43.37
-89.2571,24.9363#28#28.54#43.46
-89.2068,24.9343#27.93#28.54#43.53
-89.1565,24.9324#27.86#28.54#43.6
-89.1062,24.9304#27.79#28.54#43.67
-89.0559,24.9284#27.71#28.54#43.75
-89.0056,24.9264#27.64#28.54#43.82
-88.9552,24.9244#27.6#28.54#43.86
-88.9049,24.9223#27.55#28.54#43.91
-88.8546,24.9203#27.51#28.54#43.95
-88.8043,24.9182#27.47#28.54#43.99
-88.754,24.9161#27.43#28.54#44.03
-88.7037,24.914#27.39#28.54#44.07
-88.6534,24.9118#27.34#28.54#44.12
-88.6031,24.9097#27.3#28.54#44.16
-88.5528,24.9075#27.26#28.54#44.2
-88.5025,24.9054#27.22#28.54#44.24
-88.4522,24.9032#27.22#28.54#44.24
-88.4019,24.9009#27.22#28.54#44.24
-102.558,24.9012#33.01#28.43#38.56
-102.507,24.9038#33.06#28.43#38.51
-102.457,24.9063#33.16#28.43#38.41
-102.407,24.9088#33.26#28.43#38.31
-102.356,24.9113#33.36#28.43#38.21
-102.306,24.9137#33.47#28.44#38.09
-102.256,24.9162#33.57#28.44#37.99
-102.206,24.9186#33.67#28.44#37.89
-102.155,24.921#33.78#28.44#37.78
-102.105,24.9234#33.88#28.44#37.68
-102.055,24.9258#33.98#28.44#37.58
-102.004,24.9282#34.09#28.45#37.46
-101.954,24.9305#34.21#28.45#37.34
-101.904,24.9329#34.34#28.45#37.21
-101.853,24.9352#34.47#28.45#37.08
-101.803,24.9375#34.59#28.45#36.96
-101.753,24.9398#34.72#28.45#36.83
-101.703,24.942#34.85#28.45#36.7
-101.652,24.9443#34.98#28.46#36.56
-101.602,24.9465#35.1#28.46#36.44
-101.552,24.9487#35.23#28.46#36.31
-101.501,24.9509#35.36#28.46#36.18
-101.451,24.9531#35.5#28.46#36.04
-101.401,24.9553#35.64#28.46#35.9
-101.35,24.9574#35.78#28.47#35.75
-101.3,24.9596#35.92#28.47#35.61
-101.25,24.9617#36.05#28.47#35.48
-101.199,24.9638#36.19#28.47#35.34
-101.149,24.9658#36.33#28.47#35.2
-101.099,24.9679#36.47#28.47#35.06
-101.048,24.97#36.61#28.47#34.92
-100.998,24.972#36.75#28.48#34.77
-100.948,24.974#36.88#28.48#34.64
-100.897,24.976#37.01#28.48#34.51
-100.847,24.978#37.15#28.48#34.37
-100.797,24.9799#37.28#28.48#34.24
-100.746,24.9819#37.41#28.48#34.11
-100.696,24.9838#37.55#28.48#33.97
-100.646,24.9857#37.68#28.49#33.83
-100.595,24.9876#37.81#28.49#33.7
-100.545,24.9895#37.95#28.49#33.56
-100.495,24.9913#38.08#28.49#33.43
-100.444,24.9932#38.18#28.49#33.33
-100.394,24.995#38.29#28.49#33.22
-100.344,24.9968#38.39#28.49#33.12
-100.293,24.9986#38.49#28.5#33.01
-100.243,25.0004#38.6#28.5#32.9
-100.193,25.0021#38.7#28.5#32.8
-100.142,25.0039#38.8#28.5#32.7
-100.092,25.0056#38.91#28.5#32.59
-100.041,25.0073#39.01#28.5#32.49
-99.9911,25.009#39.11#28.52#32.37
-99.9407,25.0107#39.21#28.58#32.21
-99.8904,25.0123#39.31#28.65#32.04
-99.84,25.014#39.4#28.72#31.88
-99.7896,25.0156#39.5#28.79#31.71
-99.7393,25.0172#39.6#28.86#31.54
-99.6889,25.0188#39.69#28.92#31.39
-99.6385,25.0203#39.79#28.99#31.22
-99.5882,25.0219#39.89#29.06#31.05
-99.5378,25.0234#39.98#29.13#30.89
-99.4874,25.025#40.08#29.2#30.72
-99.437,25.0265#40.16#29.27#30.57
-99.3867,25.0279#40.23#29.35#30.42
-99.3363,25.0294#40.31#29.42#30.27
-99.2859,25.0309#40.39#29.5#30.11
-99.2355,25.0323#40.47#29.57#29.96
-99.1851,25.0337#40.55#29.65#29.8
-99.1348,25.0351#40.63#29.72#29.65
-99.0844,25.0365#40.71#29.8#29.49
-99.034,25.0379#40.79#29.87#29.34
-98.9836,25.0392#40.87#29.94#29.19
-98.9332,25.0406#40.95#29.97#29.08
-98.8828,25.0419#41.03#30#28.97
-98.8324,25.0432#41.11#30.04#28.85
-98.782,25.0444#41.19#30.07#28.74
-98.7316,25.0457#41.27#30.1#28.63
-98.6813,25.047#41.34#30.13#28.53
-98.6309,25.0482#41.42#30.17#28.41
-98.5805,25.0494#41.5#30.2#28.3
-98.5301,25.0506#41.58#30.23#28.19
-98.4797,25.0518#41.66#30.23#28.11
-98.4293,25.053#41.73#30.16#28.11
-98.3789,25.0541#41.8#30.09#28.11
-98.3285,25.0552#41.87#30.03#28.1
-98.2781,25.0563#41.94#29.96#28.1
-98.2277,25.0574#42.01#29.89#28.1
-98.1773,25.0585#42.08#29.83#28.09
-98.1269,25.0596#42.15#29.76#28.09
-98.0765,25.0606#42.22#29.7#28.08
-98.0261,25.0616#42.29#29.63#28.08
-97.9756,25.0627#42.36#29.56#28.08
-97.9252,25.0637#42.42#29.48#28.1
-97.8748,25.0646#42.48#29.4#28.12
-97.8244,25.0656#42.54#29.33#28.13
-97.774,25.0665#42.6#29.25#28.15
-97.7236,25.0675#42.66#29.17#28.17
-97.6732,25.0684#42.72#29.1#28.18
-97.6228,25.0693#42.78#29.02#28.2
-97.5724,25.0701#42.84#28.94#28.22
-97.522,25.071#42.9#28.87#28.23
-97.4715,25.0718#42.95#28.82#28.23
-97.4211,25.0727#43#28.79#28.21
-97.3707,25.0735#43.04#28.76#28.2
-97.3203,25.0743#43.08#28.74#28.18
-97.2699,25.075#43.13#28.71#28.16
-97.2195,25.0758#43.17#28.68#28.15
-97.169,25.0765#43.21#28.65#28.14
-97.1186,25.0772#43.26#28.62#28.12
-97.0682,25.078#43.3#28.6#28.1
-97.0178,25.0786#43.34#28.57#28.09
-96.9674,25.0793#43.35#28.55#28.1
-96.9169,25.08#43.33#28.54#28.13
-96.8665,25.0806#43.32#28.53#28.15
-96.8161,25.0812#43.3#28.53#28.17
-96.7657,25.0818#43.29#28.52#28.19
-96.7153,25.0824#43.27#28.51#28.22
-96.6648,25.083#43.26#28.5#28.24
-96.6144,25.0835#43.24#28.49#28.27
-96.564,25.0841#43.23#28.48#28.29
-96.5136,25.0846#43.21#28.47#28.32
-96.4631,25.0851#43.19#28.47#28.34
-96.4127,25.0856#43.16#28.46#28.38
-96.3623,25.086#43.13#28.46#28.41
-96.3119,25.0865#43.1#28.46#28.44
-96.2614,25.0869#43.07#28.46#28.47
-96.211,25.0873#43.04#28.45#28.51
-96.1606,25.0877#43.01#28.45#28.54
-96.1102,25.0881#42.98#28.45#28.57
-96.0597,25.0885#42.96#28.45#28.59
-96.0093,25.0888#42.93#28.44#28.63
-95.9589,25.0892#42.89#28.44#28.67
-95.9084,25.0895#42.86#28.44#28.7
-95.858,25.0898#42.82#28.44#28.74
-95.8076,25.0901#42.79#28.44#28.77
-95.7572,25.0903#42.75#28.44#28.81
-95.7067,25.0906#42.72#28.44#28.84
-95.6563,25.0908#42.68#28.44#28.88
-95.6059,25.091#42.65#28.44#28.91
-95.5554,25.0912#42.61#28.44#28.95
-95.505,25.0914#42.57#28.44#28.99
-95.4546,25.0915#42.53#28.45#29.02
-95.4041,25.0917#42.49#28.45#29.06
-95.3537,25.0918#42.44#28.45#29.11
-95.3033,25.0919#42.4#28.45#29.15
-95.2529,25.092#42.36#28.45#29.19
-95.2024,25.0921#42.31#28.45#29.24
-95.152,25.0922#42.27#28.45#29.28
-95.1016,25.0922#42.22#28.45#29.33
-95.0511,25.0922#42.18#28.45#29.37
-95.0007,25.0922#42.14#28.46#29.4
-94.9503,25.0922#42.09#28.46#29.45
-94.8998,25.0922#42.03#28.46#29.51
-94.8494,25.0922#41.98#28.46#29.56
-94.799,25.0921#41.93#28.46#29.61
-94.7485,25.092#41.88#28.46#29.66
-94.6981,25.0919#41.83#28.47#29.7
-94.6477,25.0918#41.78#28.47#29.75
-94.5973,25.0917#41.73#28.47#29.8
-94.5468,25.0916#41.68#28.47#29.85
-94.4964,25.0914#41.62#28.47#29.91
-94.446,25.0912#41.56#28.47#29.97
-94.3955,25.091#41.49#28.48#30.03
-94.3451,25.0908#41.42#28.48#30.1
-94.2947,25.0906#41.35#28.48#30.17
-94.2442,25.0903#41.29#28.48#30.23
-94.1938,25.0901#41.22#28.48#30.3
-94.1434,25.0898#41.15#28.49#30.36
-94.093,25.0895#41.08#28.49#30.43
-94.0425,25.0892#41.01#28.49#30.5
-93.9921,25.0888#40.95#28.49#30.56
-93.9417,25.0885#40.88#28.5#30.62
-93.8912,25.0881#40.82#28.5#30.68
-93.8408,25.0878#40.76#28.51#30.73
-93.7904,25.0874#40.7#28.51#30.79
-93.74,25.0869#40.63#28.51#30.86
-93.6895,25.0865#40.57#28.52#30.91
-93.6391,25.0861#40.51#28.52#30.97
-93.5887,25.0856#40.45#28.53#31.02
-93.5383,25.0851#40.38#28.53#31.09
-93.4878,25.0846#40.3#28.54#31.16
-93.4374,25.0841#40.16#28.56#31.28
-93.387,25.0835#40.03#28.59#31.38
-93.3366,25.083#39.89#28.61#31.5
-93.2861,25.0824#39.75#28.63#31.62
-93.2357,25.0818#39.61#28.66#31.73
-93.1853,25.0812#39.47#28.68#31.85
-93.1349,25.0806#39.34#28.7#31.96
-93.0844,25.08#39.2#28.73#32.07
-93.034,25.0793#39.06#28.75#32.19
-92.9836,25.0787#38.9#28.78#32.32
-92.9332,25.078#38.7#28.82#32.48
-92.8828,25.0773#38.49#28.86#32.65
-92.8324,25.0765#38.28#28.9#32.82
-92.7819,25.0758#38.08#28.93#32.99
-92.7315,25.075#37.87#28.97#33.16
-92.6811,25.0743#37.66#29.01#33.33
-92.6307,25.0735#37.46#29.05#33.49
-92.5803,25.0727#37.25#29.09#33.66
-92.5299,25.0719#37.04#29.13#33.83
-92.4794,25.071#36.84#29.16#34
-92.429,25.0702#36.63#29.2#34.17
-92.3786,25.0693#36.43#29.24#34.33
-92.3282,25.0684#36.22#29.28#34.5
-92.2778,25.0675#36.01#29.32#34.67
-92.2274,25.0666#35.81#29.35#34.84
-92.177,25.0656#35.6#29.39#35.01
-92.1266,25.0647#35.4#29.43#35.17
-92.0762,25.0637#35.19#29.47#35.34
-92.0257,25.0627#34.98#29.51#35.51
-91.9753,25.0617#34.78#29.53#35.69
-91.9249,25.0606#34.59#29.55#35.86
-91.8745,25.0596#34.39#29.56#36.05
-91.8241,25.0585#34.2#29.58#36.22
-91.7737,25.0575#34#29.59#36.41
-91.7233,25.0564#33.81#29.61#36.58
-91.6729,25.0553#33.61#29.62#36.77
-91.6225,25.0541#33.42#29.64#36.94
-91.5721,25.053#33.22#29.65#37.13
-91.5217,25.0518#33.03#29.66#37.31
-91.4713,25.0506#32.84#29.65#37.51
-91.4209,25.0494#32.66#29.61#37.73
-91.3705,25.0482#32.49#29.57#37.94
-91.3201,25.047#32.31#29.54#38.15
-91.2697,25.0457#32.13#29.5#38.37
-91.2194,25.0445#31.95#29.46#38.59
-91.169,25.0432#31.78#29.42#38.8
-91.1186,25.0419#31.6#29.38#39.02
-91.0682,25.0406#31.42#29.34#39.24
-91.0178,25.0393#31.25#29.3#39.45
-90.9674,25.0379#31.12#29.26#39.62
-90.917,25.0365#31.02#29.21#39.77
-90.8666,25.0352#30.93#29.16#39.91
-90.8163,25.0338#30.83#29.12#40.05
-90.7659,25.0323#30.74#29.07#40.19
-90.7155,25.0309#30.64#29.03#40.33
-90.6651,25.0295#30.55#28.98#40.47
-90.6147,25.028#30.45#28.93#40.62
-90.5644,25.0265#30.36#28.89#40.75
-90.514,25.025#30.27#28.84#40.89
-90.4636,25.0235#30.16#28.82#41.02
-90.4132,25.0219#30.05#28.8#41.15
-90.3629,25.0204#29.94#28.77#41.29
-90.3125,25.0188#29.83#28.75#41.42
-90.2621,25.0172#29.72#28.73#41.55
-90.2117,25.0156#29.61#28.71#41.68
-90.1614,25.014#29.5#28.69#41.81
-90.111,25.0124#29.39#28.67#41.94
-90.0606,25.0107#29.28#28.65#42.07
-90.0103,25.009#29.18#28.64#42.18
-89.9599,25.0073#29.09#28.63#42.28
-89.9096,25.0056#29.01#28.62#42.37
-89.8592,25.0039#28.92#28.61#42.47
-89.8088,25.0022#28.84#28.6#42.56
-89.7585,25.0004#28.76#28.6#42.64
-89.7081,24.9986#28.68#28.59#42.73
-89.6578,24.9969#28.6#28.58#42.82
-89.6074,24.995#28.52#28.58#42.9
-89.5571,24.9932#28.44#28.57#42.99
-89.5067,24.9914#28.36#28.56#43.08
-89.4564,24.9895#28.28#28.56#43.16
-89.406,24.9876#28.21#28.56#43.23
-89.3557,24.9858#28.13#28.56#43.31
-89.3054,24.9838#28.06#28.55#43.39
-89.255,24.9819#27.98#28.55#43.47
-89.2047,24.98#27.91#28.55#43.54
-89.1543,24.978#27.83#28.55#43.62
-89.104,24.976#27.76#28.55#43.69
-89.0537,24.974#27.68#28.54#43.78
-89.0033,24.972#27.61#28.54#43.85
-88.953,24.97#27.56#28.54#43.9
-88.9027,24.968#27.52#28.54#43.94
-88.8523,24.9659#27.48#28.54#43.98
-88.802,24.9638#27.43#28.54#44.03
-88.7517,24.9617#27.39#28.54#44.07
-88.7014,24.9596#27.35#28.54#44.11
-88.651,24.9575#27.31#28.54#44.15
-88.6007,24.9553#27.26#28.55#44.19
-88.5504,24.9532#27.22#28.55#44.23
-88.5001,24.951#27.18#28.55#44.27
-88.4498,24.9488#27.18#28.55#44.27
-88.3995,24.9466#27.18#28.55#44.27
-88.3492,24.9444#27.18#28.55#44.27
-88.2988,24.9421#27.18#28.55#44.27
-88.2485,24.9398#27.18#28.55#44.27
-88.1982,24.9376#27.18#28.55#44.27
-88.1479,24.9353#27.18#28.55#44.27
-88.0976,24.9329#27.18#28.56#44.26
-88.0473,24.9306#27.18#28.56#44.26
-87.997,24.9283#27.18#28.56#44.26
-87.9467,24.9259#27.2#28.56#44.24
-87.8964,24.9235#27.23#28.56#44.21
-87.8461,24.9211#27.25#28.56#44.19
-87.7959,24.9187#27.27#28.56#44.17
-87.7456,24.9163#27.3#28.57#44.13
-87.6953,24.9138#27.32#28.57#44.11
-87.645,24.9113#27.34#28.57#44.09
-87.5947,24.9089#27.37#28.57#44.06
-87.5444,24.9064#27.39#28.57#44.04
-87.4942,24.9038#27.42#28.57#44.01
-87.4439,24.9013#27.5#28.57#43.93
-103.415,24.9011#32.2#28.4#39.4
-103.365,24.9039#32.26#28.4#39.34
-103.314,24.9068#32.31#28.41#39.28
-103.264,24.9095#32.37#28.41#39.22
-103.214,24.9123#32.42#28.41#39.17
-103.164,24.9151#32.48#28.41#39.11
-103.113,24.9178#32.54#28.41#39.05
-103.063,24.9205#32.6#28.41#38.99
-103.013,24.9232#32.66#28.42#38.92
-102.963,24.9259#32.71#28.42#38.87
-102.912,24.9286#32.77#28.42#38.81
-102.862,24.9313#32.83#28.42#38.75
-102.812,24.9339#32.89#28.42#38.69
-102.761,24.9365#32.95#28.42#38.63
-102.711,24.9391#33.01#28.43#38.56
-102.661,24.9417#33.07#28.43#38.5
-102.611,24.9443#33.14#28.43#38.43
-102.56,24.9468#33.2#28.43#38.37
-102.51,24.9494#33.26#28.43#38.31
-102.46,24.9519#33.36#28.43#38.21
-102.409,24.9544#33.46#28.44#38.1
-102.359,24.9569#33.57#28.44#37.99
-102.309,24.9594#33.67#28.44#37.89
-102.259,24.9618#33.78#28.44#37.78
-102.208,24.9642#33.88#28.44#37.68
-102.158,24.9667#33.99#28.44#37.57
-102.108,24.9691#34.09#28.45#37.46
-102.057,24.9715#34.2#28.45#37.35
-102.007,24.9738#34.3#28.45#37.25
-101.957,24.9762#34.43#28.45#37.12
-101.906,24.9785#34.56#28.45#36.99
-101.856,24.9808#34.69#28.45#36.86
-101.806,24.9831#34.81#28.45#36.74
-101.755,24.9854#34.94#28.46#36.6
-101.705,24.9877#35.07#28.46#36.47
-101.655,24.9899#35.2#28.46#36.34
-101.604,24.9922#35.33#28.46#36.21
-101.554,24.9944#35.45#28.46#36.09
-101.504,24.9966#35.58#28.46#35.96
-101.453,24.9988#35.72#28.47#35.81
-101.403,25.0009#35.86#28.47#35.67
-101.353,25.0031#36#28.47#35.53
-101.302,25.0052#36.14#28.47#35.39
-101.252,25.0073#36.28#28.47#35.25
-101.202,25.0094#36.42#28.47#35.11
-101.151,25.0115#36.56#28.47#34.97
-101.101,25.0135#36.7#28.48#34.82
-101.051,25.0156#36.84#28.48#34.68
-101,25.0176#36.98#28.48#34.54
-100.95,25.0196#37.11#28.48#34.41
-100.9,25.0216#37.25#28.48#34.27
-100.849,25.0236#37.38#28.48#34.14
-100.799,25.0256#37.52#28.48#34
-100.749,25.0275#37.66#28.49#33.85
-100.698,25.0294#37.79#28.49#33.72
-100.648,25.0314#37.93#28.49#33.58
-100.597,25.0332#38.07#28.49#33.44
-100.547,25.0351#38.2#28.49#33.31
-100.497,25.037#38.34#28.49#33.17
-100.446,25.0388#38.44#28.5#33.06
-100.396,25.0407#38.55#28.5#32.95
-100.346,25.0425#38.65#28.5#32.85
-100.295,25.0443#38.76#28.5#32.74
-100.245,25.046#38.86#28.5#32.64
-100.194,25.0478#38.97#28.5#32.53
-100.144,25.0495#39.08#28.5#32.42
-100.094,25.0512#39.18#28.5#32.32
-100.043,25.053#39.29#28.51#32.2
-99.993,25.0546#39.39#28.52#32.09
-99.9426,25.0563#39.49#28.58#31.93
-99.8922,25.058#39.59#28.65#31.76
-99.8418,25.0596#39.69#28.72#31.59
-99.7914,25.0612#39.79#28.79#31.42
-99.741,25.0628#39.89#28.86#31.25
-99.6906,25.0644#39.99#28.92#31.09
-99.6403,25.066#40.09#28.99#30.92
-99.5899,25.0676#40.19#29.06#30.75
-99.5395,25.0691#40.28#29.13#30.59
-99.4891,25.0706#40.38#29.2#30.42
-99.4387,25.0721#40.46#29.27#30.27
-99.3883,25.0736#40.54#29.35#30.11
-99.3379,25.0751#40.62#29.42#29.96
-99.2875,25.0765#40.7#29.5#29.8
-99.2371,25.078#40.78#29.57#29.65
-99.1867,25.0794#40.86#29.65#29.49
-99.1363,25.0808#40.94#29.72#29.34
-99.0859,25.0822#41.02#29.8#29.18
-99.0355,25.0835#41.1#29.87#29.03
-98.9851,25.0849#41.18#29.94#28.88
-98.9347,25.0862#41.25#29.97#28.78
-98.8843,25.0875#41.33#30#28.67
-98.8339,25.0888#41.41#30.04#28.55
-98.7834,25.0901#41.49#30.07#28.44
-98.733,25.0914#41.56#30.1#28.34
-98.6826,25.0926#41.64#30.13#28.23
-98.6322,25.0939#41.72#30.17#28.11
-98.5818,25.0951#41.8#30.2#28
-98.5314,25.0963#41.87#30.23#27.9
-98.481,25.0975#41.95#30.23#27.82
-98.4305,25.0986#42.02#30.16#27.82
-98.3801,25.0998#42.08#30.1#27.82
-98.3297,25.1009#42.15#30.03#27.82
-98.2793,25.102#42.22#29.96#27.82
-98.2289,25.1031#42.29#29.9#27.81
-98.1784,25.1042#42.36#29.83#27.81
-98.128,25.1053#42.43#29.77#27.8
-98.0776,25.1063#42.49#29.7#27.81
-98.0272,25.1073#42.56#29.63#27.81
-97.9768,25.1083#42.62#29.56#27.82
-97.9263,25.1093#42.68#29.49#27.83
-97.8759,25.1103#42.74#29.41#27.85
-97.8255,25.1113#42.8#29.33#27.87
-97.775,25.1122#42.86#29.26#27.88
-97.7246,25.1131#42.91#29.18#27.91
-97.6742,25.114#42.97#29.1#27.93
-97.6238,25.1149#43.03#29.03#27.94
-97.5733,25.1158#43.09#28.95#27.96
-97.5229,25.1167#43.14#28.87#27.99
-97.4725,25.1175#43.19#28.82#27.99
-97.422,25.1183#43.23#28.79#27.98
-97.3716,25.1191#43.28#28.77#27.95
-97.3212,25.1199#43.32#28.74#27.94
-97.2707,25.1207#43.36#28.71#27.93
-97.2203,25.1215#43.4#28.68#27.92
-97.1699,25.1222#43.44#28.66#27.9
-97.1194,25.1229#43.48#28.63#27.89
-97.069,25.1236#43.52#28.6#27.88
-97.0185,25.1243#43.56#28.57#27.87
-96.9681,25.125#43.56#28.56#27.88
-96.9177,25.1256#43.55#28.55#27.9
-96.8672,25.1263#43.54#28.54#27.92
-96.8168,25.1269#43.52#28.53#27.95
-96.7663,25.1275#43.51#28.52#27.97
-96.7159,25.1281#43.5#28.51#27.99
-96.6655,25.1287#43.48#28.5#28.02
-96.615,25.1292#43.47#28.49#28.04
-96.5646,25.1298#43.46#28.48#28.06
-96.5141,25.1303#43.44#28.47#28.09
-96.4637,25.1308#43.42#28.47#28.11
-96.4132,25.1313#43.39#28.47#28.14
-96.3628,25.1317#43.36#28.46#28.18
-96.3123,25.1322#43.34#28.46#28.2
-96.2619,25.1326#43.31#28.46#28.23
-96.2115,25.133#43.28#28.46#28.26
-96.161,25.1334#43.25#28.45#28.3
-96.1106,25.1338#43.23#28.45#28.32
-96.0601,25.1342#43.2#28.45#28.35
-96.0097,25.1345#43.17#28.45#28.38
-95.9592,25.1349#43.14#28.45#28.41
-95.9088,25.1352#43.1#28.45#28.45
-95.8583,25.1355#43.07#28.45#28.48
