-97.4465,33.9006#50.06#29.85#20.09
-97.3921,33.9014#49.94#29.83#20.23
-97.3378,33.9021#49.82#29.82#20.36
-97.2834,33.9029#49.7#29.8#20.5
-97.2291,33.9037#49.58#29.78#20.64
-97.1748,33.9044#49.46#29.76#20.78
-97.1204,33.9051#49.34#29.74#20.92
-97.0661,33.9058#49.22#29.72#21.06
-97.0117,33.9065#49.1#29.7#21.2
-96.9574,33.9072#48.92#29.7#21.38
-96.903,33.9078#48.72#29.69#21.59
-96.8487,33.9084#48.52#29.68#21.8
-96.7944,33.909#48.33#29.68#21.99
-96.74,33.9096#48.13#29.67#22.2
-96.6857,33.9102#47.93#29.67#22.4
-96.6313,33.9107#47.73#29.66#22.61
-96.577,33.9113#47.53#29.65#22.82
-96.5226,33.9118#47.34#29.65#23.01
-96.4683,33.9123#47.14#29.64#23.22
-96.4139,33.9128#46.96#29.64#23.4
-96.3596,33.9132#46.77#29.64#23.59
-96.3052,33.9137#46.58#29.64#23.78
-96.2509,33.9141#46.39#29.64#23.97
-96.1965,33.9145#46.2#29.64#24.16
-96.1422,33.9149#46.01#29.64#24.35
-96.0878,33.9153#45.82#29.63#24.55
-96.0335,33.9156#45.63#29.63#24.74
-95.9791,33.9159#45.45#29.63#24.92
-95.9248,33.9163#45.26#29.63#25.11
-95.8704,33.9166#45.08#29.63#25.29
-95.8161,33.9168#44.89#29.63#25.48
-95.7617,33.9171#44.71#29.63#25.66
-95.7074,33.9173#44.52#29.64#25.84
-95.653,33.9176#44.34#29.64#26.02
-95.5987,33.9178#44.16#29.64#26.2
-95.5443,33.918#43.97#29.64#26.39
-95.4899,33.9181#43.79#29.64#26.57
-95.4356,33.9183#43.61#29.64#26.75
-95.3812,33.9184#43.43#29.64#26.93
-95.3269,33.9186#43.25#29.64#27.11
-95.2725,33.9187#43.07#29.64#27.29
-95.2182,33.9187#42.89#29.64#27.47
-95.1638,33.9188#42.71#29.65#27.64
-95.1095,33.9188#42.53#29.65#27.82
-95.0551,33.9189#42.35#29.65#28
-95.0008,33.9189#42.17#29.65#28.18
-94.9464,33.9189#42#29.65#28.35
-94.892,33.9188#41.84#29.65#28.51
-94.8377,33.9188#41.67#29.65#28.68
-94.7833,33.9187#41.5#29.66#28.84
-94.729,33.9187#41.33#29.66#29.01
-94.6746,33.9186#41.17#29.66#29.17
-94.6203,33.9184#41#29.66#29.34
-94.5659,33.9183#40.83#29.66#29.51
-94.5116,33.9181#40.66#29.66#29.68
-94.4572,33.918#40.51#29.67#29.82
-94.4029,33.9178#40.35#29.67#29.98
-94.3485,33.9176#40.19#29.67#30.14
-94.2941,33.9174#40.04#29.67#30.29
-94.2398,33.9171#39.88#29.67#30.45
-94.1854,33.9168#39.73#29.67#30.6
-94.1311,33.9166#39.57#29.68#30.75
-94.0767,33.9163#39.42#29.68#30.9
-94.0224,33.916#39.26#29.68#31.06
-93.968,33.9156#39.11#29.68#31.21
-93.9137,33.9153#38.97#29.68#31.35
-93.8593,33.9149#38.83#29.68#31.49
-93.805,33.9145#38.69#29.69#31.62
-93.7506,33.9141#38.55#29.69#31.76
-93.6963,33.9137#38.41#29.69#31.9
-93.6419,33.9132#38.27#29.69#32.04
-93.5876,33.9128#38.13#29.69#32.18
-93.5332,33.9123#37.99#29.7#32.31
-93.4789,33.9118#37.85#29.7#32.45
-93.4245,33.9113#37.71#29.7#32.59
-93.3702,33.9107#37.56#29.7#32.74
-93.3158,33.9102#37.42#29.7#32.88
-93.2615,33.9096#37.27#29.71#33.02
-93.2071,33.909#37.13#29.71#33.16
-93.1528,33.9084#36.99#29.71#33.3
-93.0985,33.9078#36.84#29.71#33.45
-93.0441,33.9072#36.7#29.71#33.59
-92.9898,33.9065#36.55#29.72#33.73
-92.9354,33.9058#36.4#29.72#33.88
-92.8811,33.9051#36.25#29.72#34.03
-92.8267,33.9044#36.1#29.72#34.18
-92.7724,33.9037#35.94#29.72#34.34
-92.7181,33.9029#35.79#29.73#34.48
-92.6637,33.9022#35.64#29.73#34.63
-92.6094,33.9014#35.49#29.73#34.78
-92.555,33.9006#35.34#29.73#34.93
-99.5667,33.9002#52.92#30.14#16.94
-99.5124,33.9017#52.87#30.17#16.96
-99.458,33.9032#52.8#30.21#16.99
-99.4037,33.9046#52.73#30.25#17.02
-99.3494,33.9061#52.66#30.28#17.06
-99.2951,33.9075#52.58#30.32#17.1
-99.2408,33.909#52.51#30.36#17.13
-99.1864,33.9104#52.44#30.41#17.15
-99.1321,33.9117#52.37#30.45#17.18
-99.0778,33.9131#52.3#30.49#17.21
-99.0234,33.9145#52.23#30.53#17.24
-98.9691,33.9158#52.16#30.55#17.29
-98.9148,33.9171#52.08#30.57#17.35
-98.8605,33.9184#52.01#30.59#17.4
-98.8061,33.9197#51.94#30.61#17.45
-98.7518,33.9209#51.86#30.63#17.51
-98.6975,33.9222#51.79#30.65#17.56
-98.6431,33.9234#51.72#30.67#17.61
-98.5888,33.9246#51.65#30.69#17.66
-98.5344,33.9258#51.57#30.71#17.72
-98.4801,33.9269#51.5#30.71#17.79
-98.4258,33.9281#51.42#30.66#17.92
-98.3714,33.9292#51.34#30.62#18.04
-98.3171,33.9303#51.26#30.57#18.17
-98.2627,33.9314#51.18#30.53#18.29
-98.2084,33.9325#51.11#30.48#18.41
-98.154,33.9336#51.03#30.44#18.53
-98.0997,33.9346#50.95#30.39#18.66
-98.0453,33.9356#50.87#30.35#18.78
-97.991,33.9366#50.79#30.3#18.91
-97.9366,33.9376#50.7#30.25#19.05
-97.8823,33.9386#50.61#30.2#19.19
-97.8279,33.9395#50.51#30.15#19.34
-97.7736,33.9405#50.42#30.1#19.48
-97.7192,33.9414#50.33#30.05#19.62
-97.6649,33.9423#50.24#30#19.76
-97.6105,33.9431#50.15#29.95#19.9
-97.5562,33.944#50.05#29.9#20.05
-97.5018,33.9448#49.96#29.84#20.2
-97.4474,33.9457#49.84#29.83#20.33
-97.3931,33.9465#49.72#29.81#20.47
-97.3387,33.9473#49.59#29.79#20.62
-97.2844,33.948#49.47#29.77#20.76
-97.23,33.9488#49.35#29.75#20.9
-97.1756,33.9495#49.22#29.73#21.05
-97.1213,33.9502#49.1#29.71#21.19
-97.0669,33.9509#48.98#29.7#21.32
-97.0125,33.9516#48.86#29.68#21.46
-96.9582,33.9523#48.68#29.67#21.65
-96.9038,33.9529#48.48#29.66#21.86
-96.8494,33.9535#48.28#29.66#22.06
-96.7951,33.9541#48.08#29.65#22.27
-96.7407,33.9547#47.88#29.65#22.47
-96.6863,33.9553#47.68#29.64#22.68
-96.632,33.9558#47.49#29.63#22.88
-96.5776,33.9564#47.29#29.63#23.08
-96.5232,33.9569#47.09#29.62#23.29
-96.4689,33.9574#46.9#29.62#23.48
-96.4145,33.9579#46.71#29.62#23.67
-96.3601,33.9583#46.52#29.62#23.86
-96.3058,33.9588#46.34#29.61#24.05
-96.2514,33.9592#46.15#29.61#24.24
-96.197,33.9596#45.97#29.61#24.42
-96.1426,33.96#45.78#29.61#24.61
-96.0883,33.9604#45.59#29.61#24.8
-96.0339,33.9607#45.41#29.61#24.98
-95.9795,33.9611#45.22#29.61#25.17
-95.9251,33.9614#45.04#29.61#25.35
-95.8708,33.9617#44.85#29.61#25.54
-95.8164,33.962#44.67#29.61#25.72
-95.762,33.9622#44.48#29.61#25.91
-95.7076,33.9625#44.3#29.61#26.09
-95.6533,33.9627#44.12#29.61#26.27
-95.5989,33.9629#43.93#29.61#26.46
-95.5445,33.9631#43.75#29.61#26.64
-95.4901,33.9633#43.56#29.61#26.83
-95.4358,33.9634#43.38#29.61#27.01
-95.3814,33.9636#43.2#29.62#27.18
-95.327,33.9637#43.02#29.62#27.36
-95.2726,33.9638#42.84#29.62#27.54
-95.2183,33.9639#42.66#29.62#27.72
-95.1639,33.9639#42.48#29.62#27.9
-95.1095,33.964#42.31#29.62#28.07
-95.0551,33.964#42.13#29.62#28.25
-95.0008,33.964#41.95#29.62#28.43
-94.9464,33.964#41.78#29.63#28.59
-94.892,33.964#41.62#29.63#28.75
-94.8376,33.9639#41.45#29.63#28.92
-94.7832,33.9639#41.29#29.63#29.08
-94.7289,33.9638#41.12#29.63#29.25
-94.6745,33.9637#40.96#29.63#29.41
-94.6201,33.9636#40.8#29.64#29.56
-94.5657,33.9634#40.63#29.64#29.73
-94.5114,33.9633#40.47#29.64#29.89
-94.457,33.9631#40.31#29.64#30.05
-94.4026,33.9629#40.16#29.64#30.2
-94.3482,33.9627#40#29.64#30.36
-94.2939,33.9625#39.85#29.65#30.5
-94.2395,33.9622#39.7#29.65#30.65
-94.1851,33.962#39.54#29.65#30.81
-94.1307,33.9617#39.39#29.65#30.96
-94.0764,33.9614#39.24#29.65#31.11
-94.022,33.9611#39.08#29.66#31.26
-93.9676,33.9607#38.94#29.66#31.4
-93.9132,33.9604#38.8#29.66#31.54
-93.8589,33.96#38.66#29.66#31.68
-93.8045,33.9596#38.52#29.66#31.82
-93.7501,33.9592#38.38#29.67#31.95
-93.6958,33.9588#38.24#29.67#32.09
-93.6414,33.9584#38.1#29.67#32.23
-93.587,33.9579#37.96#29.67#32.37
-93.5326,33.9574#37.82#29.67#32.51
-93.4783,33.9569#37.67#29.67#32.66
-93.4239,33.9564#37.53#29.68#32.79
-93.3695,33.9559#37.38#29.68#32.94
-93.3152,33.9553#37.24#29.68#33.08
-93.2608,33.9547#37.09#29.68#33.23
-93.2064,33.9542#36.95#29.68#33.37
-93.1521,33.9536#36.81#29.69#33.5
-93.0977,33.9529#36.66#29.69#33.65
-93.0433,33.9523#36.52#29.69#33.79
-92.989,33.9516#36.37#29.69#33.94
-92.9346,33.9509#36.22#29.69#34.09
-92.8802,33.9503#36.07#29.7#34.23
-92.8259,33.9495#35.92#29.7#34.38
-92.7715,33.9488#35.76#29.7#34.54
-92.7171,33.9481#35.61#29.7#34.69
-92.6628,33.9473#35.46#29.71#34.83
-92.6084,33.9465#35.31#29.71#34.98
-92.5541,33.9457#35.16#29.71#35.13
-92.4997,33.9449#35.01#29.71#35.28
-92.4453,33.944#34.85#29.71#35.44
-92.391,33.9432#34.69#29.72#35.59
-92.3366,33.9423#34.53#29.72#35.75
-92.2823,33.9414#34.37#29.72#35.91
-92.2279,33.9405#34.21#29.72#36.07
-92.1736,33.9396#34.05#29.72#36.23
-92.1192,33.9386#33.89#29.73#36.38
-92.0649,33.9376#33.73#29.73#36.54
-92.0105,33.9367#33.58#29.73#36.69
-91.9562,33.9356#33.41#29.73#36.86
-91.9018,33.9346#33.24#29.74#37.02
-91.8475,33.9336#33.07#29.74#37.19
-91.7931,33.9325#32.9#29.74#37.36
-91.7388,33.9315#32.73#29.74#37.53
-91.6844,33.9304#32.56#29.74#37.7
-91.6301,33.9292#32.39#29.75#37.86
-91.5757,33.9281#32.22#29.75#38.03
-91.5214,33.927#32.05#29.75#38.2
-91.4671,33.9258#31.89#29.75#38.36
-91.4127,33.9246#31.74#29.76#38.5
-91.3584,33.9234#31.58#29.76#38.66
-91.3041,33.9222#31.43#29.76#38.81
-91.2497,33.921#31.27#29.77#38.96
-91.1954,33.9197#31.11#29.77#39.12
-91.141,33.9184#30.96#29.77#39.27
-91.0867,33.9171#30.8#29.78#39.42
-91.0324,33.9158#30.65#29.78#39.57
-90.9781,33.9145#30.53#29.78#39.69
-90.9237,33.9131#30.48#29.79#39.73
-90.8694,33.9118#30.44#29.8#39.76
-90.8151,33.9104#30.39#29.8#39.81
-90.7607,33.909#30.34#29.81#39.85
-90.7064,33.9076#30.29#29.81#39.9
-90.6521,33.9061#30.24#29.82#39.94
-90.5978,33.9047#30.19#29.83#39.98
-90.5435,33.9032#30.14#29.83#40.03
-90.4891,33.9017#30.09#29.84#40.07
-90.4348,33.9002#30.01#29.85#40.14
-100.926,33.9016#53.21#29.85#16.94
-100.872,33.9036#53.24#29.85#16.91
-100.818,33.9055#53.27#29.85#16.88
-100.764,33.9075#53.31#29.85#16.84
-100.709,33.9094#53.34#29.85#16.81
-100.655,33.9113#53.37#29.85#16.78
-100.601,33.9131#53.4#29.85#16.75
-100.546,33.915#53.44#29.85#16.71
-100.492,33.9168#53.46#29.85#16.69
-100.438,33.9186#53.44#29.85#16.71
-100.383,33.9204#53.41#29.85#16.74
-100.329,33.9222#53.39#29.85#16.76
-100.275,33.924#53.36#29.85#16.79
-100.22,33.9257#53.34#29.84#16.82
-100.166,33.9275#53.32#29.84#16.84
-100.112,33.9292#53.29#29.84#16.87
-100.057,33.9309#53.27#29.84#16.89
-100.003,33.9325#53.25#29.84#16.91
-99.9488,33.9342#53.19#29.87#16.94
-99.8945,33.9358#53.14#29.9#16.96
-99.8402,33.9374#53.08#29.94#16.98
-99.7858,33.939#53.02#29.97#17.01
-99.7315,33.9406#52.97#30#17.03
-99.6772,33.9422#52.91#30.03#17.06
-99.6228,33.9437#52.86#30.06#17.08
-99.5685,33.9453#52.8#30.1#17.1
-99.5142,33.9468#52.75#30.13#17.12
-99.4598,33.9483#52.68#30.17#17.15
-99.4055,33.9497#52.61#30.21#17.18
-99.3511,33.9512#52.53#30.25#17.22
-99.2968,33.9526#52.46#30.29#17.25
-99.2425,33.9541#52.39#30.33#17.28
-99.1881,33.9555#52.32#30.37#17.31
-99.1338,33.9568#52.24#30.41#17.35
-99.0794,33.9582#52.17#30.45#17.38
-99.0251,33.9596#52.1#30.49#17.41
-98.9707,33.9609#52.03#30.52#17.45
-98.9164,33.9622#51.95#30.54#17.51
-98.862,33.9635#51.88#30.56#17.56
-98.8076,33.9648#51.81#30.58#17.61
-98.7533,33.966#51.74#30.6#17.66
-98.6989,33.9673#51.66#30.62#17.72
-98.6446,33.9685#51.59#30.64#17.77
-98.5902,33.9697#51.52#30.66#17.82
-98.5359,33.9709#51.44#30.68#17.88
-98.4815,33.972#51.37#30.68#17.95
-98.4271,33.9732#51.29#30.63#18.08
-98.3728,33.9743#51.21#30.59#18.2
-98.3184,33.9754#51.12#30.54#18.34
-98.264,33.9765#51.04#30.5#18.46
-98.2097,33.9776#50.96#30.45#18.59
-98.1553,33.9787#50.88#30.41#18.71
-98.1009,33.9797#50.8#30.37#18.83
-98.0466,33.9807#50.72#30.32#18.96
-97.9922,33.9817#50.63#30.28#19.09
-97.9378,33.9827#50.53#30.22#19.25
-97.8834,33.9837#50.44#30.17#19.39
-97.8291,33.9846#50.34#30.12#19.54
-97.7747,33.9856#50.24#30.07#19.69
-97.7203,33.9865#50.14#30.02#19.84
-97.6659,33.9874#50.04#29.97#19.99
-97.6116,33.9883#49.94#29.92#20.14
-97.5572,33.9891#49.84#29.87#20.29
-97.5028,33.99#49.74#29.82#20.44
-97.4484,33.9908#49.61#29.8#20.59
-97.394,33.9916#49.49#29.78#20.73
-97.3397,33.9924#49.36#29.76#20.88
-97.2853,33.9931#49.24#29.74#21.02
-97.2309,33.9939#49.11#29.72#21.17
-97.1765,33.9946#48.99#29.71#21.3
-97.1221,33.9953#48.86#29.69#21.45
-97.0677,33.996#48.74#29.67#21.59
-97.0133,33.9967#48.61#29.65#21.74
-96.959,33.9974#48.43#29.64#21.93
-96.9046,33.998#48.23#29.64#22.13
-96.8502,33.9986#48.03#29.63#22.34
-96.7958,33.9992#47.84#29.62#22.54
-96.7414,33.9998#47.64#29.62#22.74
-96.687,34.0004#47.44#29.61#22.95
-96.6326,34.001#47.24#29.61#23.15
-96.5782,34.0015#47.04#29.6#23.36
-96.5238,34.002#46.84#29.6#23.56
-96.4695,34.0025#46.65#29.59#23.76
-96.4151,34.003#46.47#29.59#23.94
-96.3607,34.0034#46.28#29.59#24.13
-96.3063,34.0039#46.1#29.59#24.31
-96.2519,34.0043#45.92#29.59#24.49
-96.1975,34.0047#45.73#29.59#24.68
-96.1431,34.0051#45.55#29.58#24.87
-96.0887,34.0055#45.37#29.58#25.05
-96.0343,34.0058#45.18#29.58#25.24
-95.9799,34.0062#45#29.58#25.42
-95.9255,34.0065#44.81#29.58#25.61
-95.8711,34.0068#44.63#29.58#25.79
-95.8167,34.0071#44.44#29.58#25.98
-95.7623,34.0073#44.26#29.58#26.16
-95.7079,34.0076#44.07#29.58#26.35
-95.6535,34.0078#43.89#29.59#26.52
-95.5991,34.008#43.71#29.59#26.7
-95.5447,34.0082#43.52#29.59#26.89
-95.4903,34.0084#43.34#29.59#27.07
-95.4359,34.0085#43.16#29.59#27.25
-95.3815,34.0087#42.98#29.59#27.43
-95.3271,34.0088#42.8#29.59#27.61
-95.2727,34.0089#42.62#29.59#27.79
-95.2183,34.009#42.44#29.59#27.97
-95.1639,34.009#42.26#29.6#28.14
-95.1095,34.0091#42.08#29.6#28.32
-95.0552,34.0091#41.9#29.6#28.5
-95.0008,34.0091#41.72#29.6#28.68
-94.9464,34.0091#41.56#29.6#28.84
-94.892,34.0091#41.4#29.6#29
-94.8376,34.009#41.24#29.61#29.15
-94.7832,34.009#41.08#29.61#29.31
-94.7288,34.0089#40.91#29.61#29.48
-94.6744,34.0088#40.75#29.61#29.64
-94.62,34.0087#40.59#29.61#29.8
-94.5656,34.0085#40.43#29.61#29.96
-94.5112,34.0084#40.27#29.62#30.11
-94.4568,34.0082#40.12#29.62#30.26
-94.4024,34.008#39.97#29.62#30.41
-94.348,34.0078#39.81#29.62#30.57
-94.2936,34.0076#39.66#29.62#30.72
-94.2392,34.0073#39.51#29.62#30.87
-94.1848,34.0071#39.36#29.63#31.01
-94.1304,34.0068#39.21#29.63#31.16
-94.076,34.0065#39.06#29.63#31.31
-94.0216,34.0062#38.91#29.63#31.46
-93.9672,34.0058#38.76#29.63#31.61
-93.9128,34.0055#38.62#29.64#31.74
-93.8584,34.0051#38.48#29.64#31.88
-93.804,34.0047#38.34#29.64#32.02
-93.7496,34.0043#38.2#29.64#32.16
-93.6952,34.0039#38.06#29.64#32.3
-93.6408,34.0035#37.92#29.65#32.43
-93.5864,34.003#37.78#29.65#32.57
-93.532,34.0025#37.64#29.65#32.71
-93.4777,34.002#37.5#29.65#32.85
-93.4233,34.0015#37.35#29.65#33
-93.3689,34.001#37.21#29.66#33.13
-93.3145,34.0004#37.06#29.66#33.28
-93.2601,33.9999#36.92#29.66#33.42
-93.2057,33.9993#36.77#29.66#33.57
-93.1513,33.9987#36.63#29.66#33.71
-93.0969,33.998#36.48#29.67#33.85
-93.0425,33.9974#36.34#29.67#33.99
-92.9882,33.9967#36.19#29.67#34.14
-92.9338,33.9961#36.04#29.67#34.29
-92.8794,33.9954#35.89#29.67#34.44
-92.825,33.9946#35.74#29.68#34.58
-92.7706,33.9939#35.59#29.68#34.73
-92.7162,33.9932#35.43#29.68#34.89
-92.6618,33.9924#35.28#29.68#35.04
-92.6075,33.9916#35.13#29.69#35.18
-92.5531,33.9908#34.98#29.69#35.33
-92.4987,33.99#34.83#29.69#35.48
-92.4443,33.9891#34.67#29.69#35.64
-92.3899,33.9883#34.51#29.69#35.8
-92.3356,33.9874#34.35#29.7#35.95
-92.2812,33.9865#34.19#29.7#36.11
-92.2268,33.9856#34.03#29.7#36.27
-92.1724,33.9847#33.88#29.7#36.42
-92.1181,33.9837#33.72#29.71#36.57
-92.0637,33.9827#33.56#29.71#36.73
-92.0093,33.9818#33.4#29.71#36.89
-91.9549,33.9808#33.23#29.71#37.06
-91.9006,33.9797#33.06#29.71#37.23
-91.8462,33.9787#32.89#29.72#37.39
-91.7918,33.9776#32.72#29.72#37.56
-91.7375,33.9766#32.55#29.72#37.73
-91.6831,33.9755#32.38#29.72#37.9
-91.6287,33.9744#32.21#29.73#38.06
-91.5744,33.9732#32.04#29.73#38.23
-91.52,33.9721#31.87#29.73#38.4
-91.4656,33.9709#31.71#29.73#38.56
-91.4113,33.9697#31.57#29.74#38.69
-91.3569,33.9685#31.42#29.74#38.84
-91.3026,33.9673#31.27#29.74#38.99
-91.2482,33.9661#31.13#29.75#39.12
-91.1939,33.9648#30.98#29.75#39.27
-91.1395,33.9635#30.83#29.75#39.42
-91.0851,33.9622#30.68#29.76#39.56
-91.0308,33.9609#30.53#29.76#39.71
-90.9764,33.9596#30.43#29.77#39.8
-90.9221,33.9582#30.38#29.77#39.85
-90.8677,33.9569#30.33#29.78#39.89
-90.8134,33.9555#30.28#29.79#39.93
-90.759,33.9541#30.23#29.8#39.97
-90.7047,33.9527#30.19#29.8#40.01
-90.6504,33.9512#30.14#29.81#40.05
-90.596,33.9498#30.09#29.82#40.09
-90.5417,33.9483#30.04#29.82#40.14
-90.4873,33.9468#29.99#29.83#40.18
-90.433,33.9453#29.91#29.84#40.25
-90.3787,33.9438#29.83#29.86#40.31
-90.3243,33.9422#29.75#29.87#40.38
-90.27,33.9407#29.67#29.88#40.45
-90.2157,33.9391#29.59#29.89#40.52
-90.1613,33.9375#29.51#29.9#40.59
-90.107,33.9359#29.43#29.92#40.65
-90.0527,33.9342#29.35#29.93#40.72
-89.9984,33.9326#29.27#29.94#40.79
-89.944,33.9309#29.19#29.96#40.85
-89.8897,33.9292#29.11#29.98#40.91
-89.8354,33.9275#29.03#30#40.97
-89.7811,33.9258#28.95#30.01#41.04
-89.7268,33.924#28.87#30.03#41.1
-89.6724,33.9223#28.79#30.05#41.16
-89.6181,33.9205#28.71#30.07#41.22
-89.5638,33.9187#28.63#30.09#41.28
-89.5095,33.9169#28.54#30.1#41.36
-89.4552,33.915#28.45#30.13#41.42
-89.4009,33.9132#28.35#30.16#41.49
-89.3466,33.9113#28.25#30.19#41.56
-89.2923,33.9094#28.15#30.22#41.63
-89.238,33.9075#28.05#30.25#41.7
-89.1837,33.9056#27.95#30.29#41.76
-89.1294,33.9036#27.85#30.32#41.83
-89.0751,33.9017#27.75#30.34#41.91
-102.069,33.9013#51.36#29.83#18.81
-102.015,33.9037#51.48#29.83#18.69
-101.96,33.906#51.57#29.82#18.61
-101.906,33.9083#51.66#29.82#18.52
-101.852,33.9106#51.75#29.82#18.43
-101.798,33.9129#51.83#29.82#18.35
-101.743,33.9151#51.92#29.82#18.26
-101.689,33.9173#52.01#29.82#18.17
-101.635,33.9196#52.1#29.82#18.08
-101.58,33.9217#52.19#29.82#17.99
-101.526,33.9239#52.27#29.82#17.91
-101.472,33.9261#52.36#29.82#17.82
-101.418,33.9282#52.43#29.82#17.75
-101.363,33.9304#52.51#29.81#17.68
-101.309,33.9325#52.58#29.81#17.61
-101.255,33.9346#52.66#29.81#17.53
-101.2,33.9366#52.74#29.81#17.45
-101.146,33.9387#52.81#29.81#17.38
-101.092,33.9407#52.89#29.81#17.3
-101.037,33.9427#52.97#29.81#17.22
-100.983,33.9447#53.03#29.81#17.16
-100.929,33.9467#53.06#29.81#17.13
-100.874,33.9487#53.1#29.81#17.09
-100.82,33.9506#53.13#29.81#17.06
-100.766,33.9525#53.16#29.81#17.03
-100.712,33.9545#53.19#29.81#17
-100.657,33.9563#53.23#29.81#16.96
-100.603,33.9582#53.26#29.81#16.93
-100.549,33.9601#53.29#29.8#16.91
-100.494,33.9619#53.32#29.8#16.88
-100.44,33.9637#53.3#29.8#16.9
-100.386,33.9655#53.27#29.8#16.93
-100.331,33.9673#53.25#29.8#16.95
-100.277,33.9691#53.23#29.8#16.97
-100.223,33.9708#53.2#29.8#17
-100.168,33.9725#53.18#29.8#17.02
-100.114,33.9743#53.16#29.8#17.04
-100.059,33.9759#53.13#29.8#17.07
-100.005,33.9776#53.11#29.8#17.09
-99.9508,33.9793#53.06#29.83#17.11
-99.8965,33.9809#53.01#29.86#17.13
-99.8421,33.9825#52.95#29.89#17.16
-99.7878,33.9841#52.9#29.93#17.17
-99.7334,33.9857#52.84#29.96#17.2
-99.679,33.9873#52.79#29.99#17.22
-99.6247,33.9888#52.73#30.02#17.25
-99.5703,33.9904#52.68#30.05#17.27
-99.516,33.9919#52.62#30.09#17.29
-99.4616,33.9934#52.56#30.13#17.31
-99.4073,33.9948#52.48#30.17#17.35
-99.3529,33.9963#52.41#30.21#17.38
-99.2985,33.9977#52.34#30.25#17.41
-99.2442,33.9992#52.26#30.29#17.45
-99.1898,34.0006#52.19#30.33#17.48
-99.1354,34.0019#52.12#30.37#17.51
-99.081,34.0033#52.05#30.41#17.54
-99.0267,34.0047#51.97#30.46#17.57
-98.9723,34.006#51.9#30.49#17.61
-98.9179,34.0073#51.83#30.51#17.66
-98.8636,34.0086#51.75#30.53#17.72
-98.8092,34.0099#51.68#30.55#17.77
-98.7548,34.0111#51.61#30.57#17.82
-98.7004,34.0124#51.53#30.59#17.88
-98.646,34.0136#51.46#30.61#17.93
-98.5917,34.0148#51.39#30.63#17.98
-98.5373,34.016#51.31#30.65#18.04
-98.4829,34.0171#51.24#30.65#18.11
-98.4285,34.0183#51.15#30.6#18.25
-98.3741,34.0194#51.07#30.56#18.37
-98.3197,34.0205#50.99#30.51#18.5
-98.2653,34.0216#50.9#30.47#18.63
-98.211,34.0227#50.82#30.43#18.75
-98.1566,34.0238#50.73#30.38#18.89
-98.1022,34.0248#50.65#30.34#19.01
-98.0478,34.0258#50.57#30.29#19.14
-97.9934,34.0268#50.48#30.25#19.27
-97.939,34.0278#50.37#30.2#19.43
-97.8846,34.0288#50.27#30.15#19.58
-97.8302,34.0297#50.16#30.1#19.74
-97.7758,34.0307#50.05#30.04#19.91
-97.7214,34.0316#49.95#29.99#20.06
-97.667,34.0325#49.84#29.94#20.22
-97.6126,34.0334#49.73#29.89#20.38
-97.5582,34.0342#49.62#29.84#20.54
-97.5038,34.0351#49.52#29.79#20.69
-97.4494,34.0359#49.39#29.77#20.84
-97.395,34.0367#49.26#29.75#20.99
-97.3406,34.0375#49.13#29.73#21.14
-97.2862,34.0382#49.01#29.72#21.27
-97.2318,34.039#48.88#29.7#21.42
-97.1774,34.0397#48.75#29.68#21.57
-97.123,34.0404#48.62#29.66#21.72
-97.0686,34.0411#48.5#29.64#21.86
-97.0142,34.0418#48.37#29.63#22
-96.9597,34.0425#48.19#29.62#22.19
-96.9053,34.0431#47.99#29.61#22.4
-96.8509,34.0437#47.79#29.6#22.61
-96.7965,34.0444#47.59#29.6#22.81
-96.7421,34.0449#47.39#29.59#23.02
-96.6877,34.0455#47.19#29.59#23.22
-96.6333,34.0461#46.99#29.58#23.43
-96.5789,34.0466#46.79#29.58#23.63
-96.5245,34.0471#46.59#29.57#23.84
-96.47,34.0476#46.41#29.57#24.02
-96.4156,34.0481#46.22#29.56#24.22
-96.3612,34.0486#46.04#29.56#24.4
-96.3068,34.049#45.86#29.56#24.58
-96.2524,34.0494#45.68#29.56#24.76
-96.198,34.0498#45.5#29.56#24.94
-96.1436,34.0502#45.32#29.56#25.12
-96.0891,34.0506#45.14#29.56#25.3
-96.0347,34.0509#44.96#29.56#25.48
-95.9803,34.0513#44.77#29.56#25.67
-95.9259,34.0516#44.59#29.56#25.85
-95.8715,34.0519#44.4#29.56#26.04
-95.817,34.0522#44.22#29.56#26.22
-95.7626,34.0524#44.03#29.56#26.41
-95.7082,34.0527#43.85#29.56#26.59
-95.6538,34.0529#43.67#29.56#26.77
-95.5994,34.0531#43.48#29.56#26.96
-95.545,34.0533#43.3#29.56#27.14
-95.4905,34.0535#43.11#29.56#27.33
-95.4361,34.0536#42.93#29.56#27.51
-95.3817,34.0538#42.75#29.57#27.68
-95.3273,34.0539#42.57#29.57#27.86
-95.2729,34.054#42.39#29.57#28.04
-95.2184,34.0541#42.21#29.57#28.22
-95.164,34.0541#42.03#29.57#28.4
-95.1096,34.0542#41.85#29.57#28.58
-95.0552,34.0542#41.68#29.57#28.75
-95.0008,34.0542#41.5#29.58#28.92
-94.9463,34.0542#41.34#29.58#29.08
-94.8919,34.0542#41.18#29.58#29.24
-94.8375,34.0541#41.02#29.58#29.4
-94.7831,34.0541#40.86#29.58#29.56
-94.7287,34.054#40.7#29.58#29.72
-94.6742,34.0539#40.55#29.59#29.86
-94.6198,34.0538#40.39#29.59#30.02
-94.5654,34.0536#40.23#29.59#30.18
-94.511,34.0535#40.07#29.59#30.34
-94.4566,34.0533#39.92#29.59#30.49
-94.4021,34.0531#39.77#29.6#30.63
-94.3477,34.0529#39.62#29.6#30.78
-94.2933,34.0527#39.47#29.6#30.93
-94.2389,34.0524#39.32#29.6#31.08
-94.1845,34.0522#39.17#29.6#31.23
-94.13,34.0519#39.03#29.6#31.37
-94.0756,34.0516#38.88#29.61#31.51
-94.0212,34.0513#38.73#29.61#31.66
-93.9668,34.051#38.58#29.61#31.81
-93.9124,34.0506#38.44#29.61#31.95
-93.858,34.0502#38.3#29.61#32.09
-93.8035,34.0498#38.16#29.62#32.22
-93.7491,34.0494#38.02#29.62#32.36
-93.6947,34.049#37.88#29.62#32.5
-93.6403,34.0486#37.74#29.62#32.64
-93.5859,34.0481#37.6#29.62#32.78
-93.5315,34.0476#37.46#29.63#32.91
-93.477,34.0471#37.32#29.63#33.05
-93.4226,34.0466#37.17#29.63#33.2
-93.3682,34.0461#37.03#29.63#33.34
-93.3138,34.0455#36.88#29.64#33.48
-93.2594,34.045#36.74#29.64#33.62
-93.205,34.0444#36.59#29.64#33.77
-93.1506,34.0438#36.45#29.64#33.91
-93.0962,34.0431#36.3#29.64#34.06
-93.0418,34.0425#36.16#29.65#34.19
-92.9873,34.0418#36.01#29.65#34.34
-92.9329,34.0412#35.86#29.65#34.49
-92.8785,34.0405#35.71#29.65#34.64
-92.8241,34.0397#35.56#29.65#34.79
-92.7697,34.039#35.41#29.66#34.93
-92.7153,34.0383#35.25#29.66#35.09
-92.6609,34.0375#35.1#29.66#35.24
-92.6065,34.0367#34.95#29.66#35.39
-92.5521,34.0359#34.8#29.67#35.53
-92.4977,34.0351#34.65#29.67#35.68
-92.4433,34.0342#34.49#29.67#35.84
-92.3889,34.0334#34.33#29.67#36
-92.3345,34.0325#34.17#29.67#36.16
-92.2801,34.0316#34.02#29.68#36.3
-92.2257,34.0307#33.86#29.68#36.46
-92.1713,34.0298#33.7#29.68#36.62
-92.1169,34.0288#33.54#29.68#36.78
-92.0625,34.0278#33.38#29.69#36.93
-92.0081,34.0269#33.22#29.69#37.09
-91.9537,34.0259#33.05#29.69#37.26
-91.8993,34.0248#32.88#29.69#37.43
-91.8449,34.0238#32.71#29.7#37.59
-91.7905,34.0227#32.54#29.7#37.76
-91.7362,34.0217#32.37#29.7#37.93
-91.6818,34.0206#32.2#29.7#38.1
-91.6274,34.0195#32.02#29.7#38.28
-91.573,34.0183#31.85#29.71#38.44
-91.5186,34.0172#31.68#29.71#38.61
-91.4642,34.016#31.53#29.71#38.76
-91.4098,34.0148#31.4#29.72#38.88
-91.3555,34.0136#31.26#29.72#39.02
-91.3011,34.0124#31.12#29.72#39.16
-91.2467,34.0112#30.98#29.73#39.29
-91.1923,34.0099#30.84#29.73#39.43
-91.1379,34.0086#30.7#29.74#39.56
-91.0836,34.0073#30.56#29.74#39.7
-91.0292,34.006#30.42#29.74#39.84
-90.9748,34.0047#30.32#29.75#39.93
-90.9205,34.0033#30.28#29.76#39.96
-90.8661,34.002#30.23#29.77#40
-90.8117,34.0006#30.18#29.78#40.04
-90.7573,33.9992#30.13#29.78#40.09
-90.703,33.9978#30.08#29.79#40.13
-90.6486,33.9963#30.04#29.8#40.16
-90.5943,33.9949#29.99#29.81#40.2
-90.5399,33.9934#29.94#29.82#40.24
-90.4855,33.9919#29.89#29.83#40.28
-90.4312,33.9904#29.81#29.84#40.35
-90.3768,33.9889#29.74#29.86#40.4
-90.3225,33.9873#29.66#29.87#40.47
-90.2681,33.9858#29.59#29.88#40.53
-90.2137,33.9842#29.51#29.9#40.59
-90.1594,33.9826#29.43#29.91#40.66
-90.105,33.981#29.36#29.92#40.72
-90.0507,33.9793#29.28#29.94#40.78
-89.9963,33.9777#29.21#29.95#40.84
-89.942,33.976#29.13#29.97#40.9
-89.8877,33.9743#29.05#29.99#40.96
-89.8333,33.9726#28.97#30.01#41.02
-89.779,33.9709#28.9#30.03#41.07
-89.7246,33.9691#28.82#30.05#41.13
-89.6703,33.9674#28.74#30.07#41.19
-89.616,33.9656#28.66#30.09#41.25
-89.5616,33.9638#28.59#30.11#41.3
-89.5073,33.962#28.51#30.13#41.36
-89.453,33.9601#28.41#30.17#41.42
-89.3986,33.9583#28.31#30.2#41.49
-89.3443,33.9564#28.22#30.23#41.55
-89.29,33.9545#28.12#30.26#41.62
-89.2357,33.9526#28.02#30.3#41.68
-89.1813,33.9507#27.92#30.33#41.75
-89.127,33.9487#27.82#30.36#41.82
-89.0727,33.9468#27.72#30.39#41.89
-89.0184,33.9448#27.63#30.43#41.94
-88.9641,33.9428#27.56#30.46#41.98
-88.9098,33.9408#27.51#30.5#41.99
-88.8555,33.9387#27.46#30.53#42.01
-88.8012,33.9367#27.41#30.57#42.02
-88.7468,33.9346#27.36#30.61#42.03
-88.6925,33.9325#27.31#30.64#42.05
-88.6382,33.9304#27.26#30.68#42.06
-88.5839,33.9283#27.21#30.72#42.07
-88.5296,33.9261#27.16#30.76#42.08
-88.4753,33.924#27.14#30.8#42.06
-88.4211,33.9218#27.14#30.85#42.01
-88.3668,33.9196#27.14#30.91#41.95
-88.3125,33.9174#27.14#30.96#41.9
-88.2582,33.9152#27.14#31.01#41.85
-88.2039,33.9129#27.14#31.07#41.79
-88.1496,33.9106#27.14#31.12#41.74
-88.0953,33.9084#27.14#31.17#41.69
-88.0411,33.9061#27.14#31.22#41.64
-87.9868,33.9037#27.14#31.27#41.59
-87.9325,33.9014#27.15#31.33#41.52
-103.049,33.9011#48.56#29.81#21.63
-102.994,33.9038#48.87#29.8#21.33
-102.94,33.9064#49.02#29.8#21.18
-102.886,33.9091#49.17#29.8#21.03
-102.832,33.9117#49.32#29.8#20.88
-102.777,33.9143#49.48#29.8#20.72
-102.723,33.9169#49.63#29.8#20.57
-102.669,33.9194#49.79#29.8#20.41
-102.615,33.922#49.94#29.79#20.27
-102.56,33.9245#50.1#29.79#20.11
-102.506,33.927#50.26#29.79#19.95
-102.452,33.9295#50.38#29.79#19.83
-102.398,33.9319#50.49#29.79#19.72
-102.343,33.9344#50.6#29.79#19.61
-102.289,33.9368#50.72#29.79#19.49
-102.235,33.9392#50.84#29.79#19.37
-102.18,33.9416#50.95#29.78#19.27
-102.126,33.944#51.07#29.78#19.15
-102.072,33.9464#51.19#29.78#19.03
-102.018,33.9487#51.31#29.78#18.91
-101.963,33.951#51.4#29.78#18.82
-101.909,33.9534#51.49#29.78#18.73
-101.855,33.9556#51.58#29.78#18.64
-101.8,33.9579#51.67#29.78#18.55
-101.746,33.9602#51.76#29.78#18.46
-101.692,33.9624#51.85#29.78#18.37
-101.637,33.9646#51.94#29.77#18.29
-101.583,33.9668#52.03#29.77#18.2
-101.529,33.969#52.12#29.77#18.11
-101.474,33.9712#52.2#29.77#18.03
-101.42,33.9733#52.28#29.77#17.95
-101.366,33.9754#52.35#29.77#17.88
-101.311,33.9775#52.43#29.77#17.8
-101.257,33.9796#52.51#29.77#17.72
-101.203,33.9817#52.59#29.77#17.64
-101.149,33.9837#52.67#29.77#17.56
-101.094,33.9858#52.74#29.77#17.49
-101.04,33.9878#52.82#29.77#17.41
-100.986,33.9898#52.89#29.77#17.34
-100.931,33.9918#52.92#29.77#17.31
-100.877,33.9937#52.95#29.76#17.29
-100.822,33.9957#52.99#29.76#17.25
-100.768,33.9976#53.02#29.76#17.22
-100.714,33.9995#53.05#29.76#17.19
-100.659,34.0014#53.08#29.76#17.16
-100.605,34.0033#53.12#29.76#17.12
-100.551,34.0051#53.15#29.76#17.09
-100.496,34.007#53.18#29.76#17.06
-100.442,34.0088#53.16#29.76#17.08
-100.388,34.0106#53.13#29.76#17.11
-100.333,34.0124#53.11#29.76#17.13
-100.279,34.0141#53.09#29.76#17.15
-100.225,34.0159#53.07#29.76#17.17
-100.17,34.0176#53.04#29.76#17.2
-100.116,34.0193#53.02#29.76#17.22
-100.062,34.021#53#29.76#17.24
-100.007,34.0227#52.98#29.76#17.26
-99.9528,34.0244#52.93#29.79#17.28
-99.8984,34.026#52.87#29.82#17.31
-99.8441,34.0276#52.82#29.85#17.33
-99.7897,34.0292#52.77#29.88#17.35
-99.7353,34.0308#52.71#29.92#17.37
-99.6809,34.0324#52.66#29.95#17.39
-99.6265,34.0339#52.61#29.98#17.41
-99.5722,34.0354#52.56#30.01#17.43
-99.5178,34.037#52.5#30.05#17.45
-99.4634,34.0384#52.44#30.09#17.47
-99.409,34.0399#52.36#30.13#17.51
-99.3546,34.0414#52.29#30.17#17.54
-99.3002,34.0428#52.21#30.21#17.58
-99.2459,34.0442#52.14#30.25#17.61
-99.1915,34.0456#52.07#30.29#17.64
-99.1371,34.047#51.99#30.34#17.67
-99.0827,34.0484#51.92#30.38#17.7
-99.0283,34.0497#51.84#30.42#17.74
-98.9739,34.0511#51.77#30.45#17.78
-98.9195,34.0524#51.7#30.47#17.83
-98.8651,34.0537#51.62#30.49#17.89
-98.8107,34.055#51.55#30.51#17.94
-98.7563,34.0562#51.48#30.53#17.99
-98.7019,34.0575#51.4#30.55#18.05
-98.6475,34.0587#51.33#30.57#18.1
-98.5931,34.0599#51.26#30.6#18.14
-98.5387,34.0611#51.18#30.62#18.2
-98.4843,34.0622#51.1#30.62#18.28
-98.4299,34.0634#51.02#30.57#18.41
-98.3755,34.0645#50.93#30.53#18.54
-98.3211,34.0656#50.85#30.48#18.67
-98.2667,34.0667#50.76#30.44#18.8
-98.2122,34.0678#50.67#30.4#18.93
-98.1578,34.0689#50.59#30.35#19.06
-98.1034,34.0699#50.5#30.31#19.19
-98.049,34.0709#50.41#30.26#19.33
-97.9946,34.0719#50.32#30.22#19.46
-97.9402,34.0729#50.21#30.17#19.62
-97.8858,34.0739#50.1#30.12#19.78
-97.8313,34.0748#49.98#30.07#19.95
-97.7769,34.0758#49.87#30.02#20.11
-97.7225,34.0767#49.75#29.97#20.28
-97.6681,34.0776#49.64#29.92#20.44
-97.6137,34.0785#49.52#29.87#20.61
-97.5592,34.0793#49.41#29.82#20.77
-97.5048,34.0802#49.29#29.76#20.95
-97.4504,34.081#49.17#29.74#21.09
-97.396,34.0818#49.04#29.73#21.23
-97.3415,34.0826#48.91#29.71#21.38
-97.2871,34.0833#48.78#29.69#21.53
-97.2327,34.0841#48.65#29.67#21.68
-97.1783,34.0848#48.52#29.65#21.83
-97.1238,34.0855#48.39#29.64#21.97
-97.0694,34.0862#48.26#29.62#22.12
-97.015,34.0869#48.13#29.6#22.27
-96.9605,34.0876#47.94#29.59#22.47
-96.9061,34.0882#47.74#29.58#22.68
-96.8517,34.0888#47.54#29.58#22.88
-96.7972,34.0895#47.34#29.57#23.09
-96.7428,34.09#47.15#29.57#23.28
-96.6884,34.0906#46.95#29.56#23.49
-96.6339,34.0912#46.75#29.55#23.7
-96.5795,34.0917#46.55#29.55#23.9
-96.5251,34.0922#46.35#29.54#24.11
-96.4706,34.0927#46.16#29.54#24.3
-96.4162,34.0932#45.98#29.54#24.48
-96.3618,34.0937#45.8#29.54#24.66
-96.3073,34.0941#45.62#29.54#24.84
-96.2529,34.0945#45.44#29.54#25.02
-96.1985,34.0949#45.26#29.53#25.21
-96.144,34.0953#45.09#29.53#25.38
-96.0896,34.0957#44.91#29.53#25.56
-96.0351,34.096#44.73#29.53#25.74
-95.9807,34.0964#44.55#29.53#25.92
-95.9263,34.0967#44.36#29.53#26.11
-95.8718,34.097#44.18#29.53#26.29
-95.8174,34.0973#44#29.53#26.47
-95.7629,34.0975#43.81#29.53#26.66
-95.7085,34.0978#43.63#29.53#26.84
-95.6541,34.098#43.44#29.54#27.02
-95.5996,34.0982#43.26#29.54#27.2
-95.5452,34.0984#43.07#29.54#27.39
-95.4907,34.0986#42.89#29.54#27.57
-95.4363,34.0987#42.71#29.54#27.75
-95.3818,34.0989#42.53#29.54#27.93
-95.3274,34.099#42.35#29.54#28.11
-95.273,34.0991#42.17#29.54#28.29
-95.2185,34.0992#41.99#29.54#28.47
-95.1641,34.0992#41.81#29.55#28.64
-95.1096,34.0993#41.63#29.55#28.82
-95.0552,34.0993#41.45#29.55#29
-95.0008,34.0993#41.27#29.55#29.18
-94.9463,34.0993#41.11#29.55#29.34
-94.8919,34.0993#40.96#29.55#29.49
-94.8374,34.0992#40.8#29.56#29.64
-94.783,34.0992#40.65#29.56#29.79
-94.7285,34.0991#40.5#29.56#29.94
-94.6741,34.099#40.34#29.56#30.1
-94.6197,34.0989#40.19#29.56#30.25
-94.5652,34.0987#40.03#29.57#30.4
-94.5108,34.0986#39.88#29.57#30.55
-94.4563,34.0984#39.73#29.57#30.7
-94.4019,34.0982#39.58#29.57#30.85
-94.3475,34.098#39.43#29.57#31
-94.293,34.0978#39.29#29.58#31.13
-94.2386,34.0975#39.14#29.58#31.28
-94.1841,34.0973#38.99#29.58#31.43
-94.1297,34.097#38.84#29.58#31.58
-94.0752,34.0967#38.7#29.58#31.72
-94.0208,34.0964#38.55#29.59#31.86
-93.9664,34.0961#38.41#29.59#32
-93.9119,34.0957#38.27#29.59#32.14
-93.8575,34.0953#38.12#29.59#32.29
-93.8031,34.0949#37.98#29.59#32.43
-93.7486,34.0945#37.84#29.6#32.56
-93.6942,34.0941#37.7#29.6#32.7
-93.6397,34.0937#37.56#29.6#32.84
-93.5853,34.0932#37.42#29.6#32.98
-93.5309,34.0927#37.28#29.6#33.12
-93.4764,34.0922#37.14#29.61#33.25
-93.422,34.0917#36.99#29.61#33.4
-93.3676,34.0912#36.85#29.61#33.54
-93.3131,34.0906#36.7#29.61#33.69
-93.2587,34.0901#36.56#29.61#33.83
-93.2043,34.0895#36.41#29.62#33.97
-93.1498,34.0889#36.27#29.62#34.11
-93.0954,34.0882#36.12#29.62#34.26
-93.041,34.0876#35.98#29.62#34.4
-92.9865,34.0869#35.83#29.63#34.54
-92.9321,34.0863#35.68#29.63#34.69
-92.8777,34.0856#35.53#29.63#34.84
-92.8232,34.0848#35.38#29.63#34.99
-92.7688,34.0841#35.23#29.63#35.14
-92.7144,34.0834#35.08#29.64#35.28
-92.66,34.0826#34.92#29.64#35.44
-92.6055,34.0818#34.77#29.64#35.59
-92.5511,34.081#34.62#29.64#35.74
-92.4967,34.0802#34.47#29.65#35.88
-92.4423,34.0793#34.31#29.65#36.04
-92.3878,34.0785#34.15#29.65#36.2
-92.3334,34.0776#34#29.65#36.35
-92.279,34.0767#33.84#29.66#36.5
-92.2246,34.0758#33.68#29.66#36.66
-92.1702,34.0749#33.52#29.66#36.82
-92.1157,34.0739#33.36#29.66#36.98
-92.0613,34.0729#33.2#29.66#37.14
-92.0069,34.072#33.05#29.67#37.28
-91.9525,34.0709#32.88#29.67#37.45
-91.8981,34.0699#32.7#29.67#37.63
-91.8437,34.0689#32.53#29.67#37.8
-91.7893,34.0678#32.36#29.68#37.96
-91.7348,34.0668#32.19#29.68#38.13
-91.6804,34.0657#32.01#29.68#38.31
-91.626,34.0645#31.84#29.68#38.48
-91.5716,34.0634#31.67#29.69#38.64
-91.5172,34.0623#31.5#29.69#38.81
-91.4628,34.0611#31.36#29.69#38.95
-91.4084,34.0599#31.23#29.7#39.07
-91.354,34.0587#31.1#29.7#39.2
-91.2996,34.0575#30.97#29.71#39.32
-91.2452,34.0562#30.84#29.71#39.45
-91.1908,34.055#30.71#29.71#39.58
-91.1364,34.0537#30.57#29.72#39.71
-91.082,34.0524#30.44#29.72#39.84
-91.0276,34.0511#30.31#29.73#39.96
-90.9732,34.0498#30.22#29.73#40.05
-90.9188,34.0484#30.17#29.74#40.09
-90.8644,34.0471#30.12#29.75#40.13
-90.81,34.0457#30.08#29.76#40.16
-90.7556,34.0443#30.03#29.77#40.2
-90.7013,34.0429#29.98#29.78#40.24
-90.6469,34.0414#29.93#29.79#40.28
-90.5925,34.04#29.89#29.8#40.31
-90.5381,34.0385#29.84#29.81#40.35
-90.4837,34.037#29.78#29.82#40.4
-90.4293,34.0355#29.71#29.84#40.45
-90.375,34.034#29.64#29.85#40.51
-90.3206,34.0324#29.57#29.87#40.56
-90.2662,34.0308#29.5#29.88#40.62
-90.2118,34.0293#29.43#29.9#40.67
-90.1575,34.0277#29.35#29.92#40.73
-90.1031,34.026#29.28#29.93#40.79
-90.0487,34.0244#29.21#29.95#40.84
-89.9943,34.0227#29.14#29.96#40.9
-89.94,34.0211#29.06#29.98#40.96
-89.8856,34.0194#28.99#30.01#41
-89.8312,34.0177#28.92#30.03#41.05
-89.7769,34.0159#28.84#30.05#41.11
-89.7225,34.0142#28.77#30.08#41.15
-89.6682,34.0124#28.7#30.1#41.2
-89.6138,34.0107#28.62#30.12#41.26
-89.5594,34.0089#28.55#30.14#41.31
-89.5051,34.007#28.47#30.16#41.37
-89.4507,34.0052#28.38#30.2#41.42
-89.3964,34.0033#28.28#30.23#41.49
-89.342,34.0015#28.19#30.27#41.54
-89.2877,33.9996#28.09#30.31#41.6
-89.2334,33.9977#27.99#30.34#41.67
-89.179,33.9957#27.9#30.38#41.72
-89.1247,33.9938#27.8#30.41#41.79
-89.0703,33.9918#27.7#30.44#41.86
-89.016,33.9899#27.61#30.48#41.91
-88.9617,33.9879#27.54#30.51#41.95
-88.9073,33.9858#27.5#30.55#41.95
-88.853,33.9838#27.45#30.58#41.97
-88.7987,33.9818#27.4#30.62#41.98
-88.7443,33.9797#27.35#30.66#41.99
-88.69,33.9776#27.3#30.69#42.01
-88.6357,33.9755#27.25#30.73#42.02
-88.5814,33.9734#27.2#30.76#42.04
-88.527,33.9712#27.16#30.8#42.04
-88.4727,33.9691#27.13#30.85#42.02
-88.4184,33.9669#27.13#30.9#41.97
-88.3641,33.9647#27.13#30.96#41.91
-88.3098,33.9625#27.14#31.01#41.85
-88.2555,33.9602#27.14#31.07#41.79
-88.2012,33.958#27.14#31.12#41.74
-88.1469,33.9557#27.14#31.18#41.68
-88.0926,33.9534#27.14#31.23#41.63
-88.0383,33.9511#27.14#31.29#41.57
-87.984,33.9488#27.14#31.34#41.52
-87.9297,33.9464#27.15#31.39#41.46
-87.8754,33.9441#27.16#31.45#41.39
-87.8211,33.9417#27.17#31.5#41.33
-87.7668,33.9393#27.18#31.56#41.26
-87.7125,33.9369#27.19#31.61#41.2
-87.6582,33.9345#27.2#31.67#41.13
-87.604,33.932#27.21#31.72#41.07
-87.5497,33.9295#27.22#31.78#41
-87.4954,33.9271#27.23#31.83#40.94
-87.4411,33.9246#27.25#31.89#40.86
-87.3868,33.922#27.27#31.94#40.79
-87.3326,33.9195#27.29#32#40.71
-87.2783,33.9169#27.31#32.06#40.63
-87.224,33.9144#27.33#32.11#40.56
-87.1698,33.9118#27.35#32.17#40.48
-87.1155,33.9092#27.37#32.22#40.41
-87.0613,33.9065#27.39#32.28#40.33
-87.007,33.9039#27.41#32.33#40.26
-86.9528,33.9012#27.44#32.4#40.16
-103.92,33.901#43.32#29.79#26.89
-103.866,33.904#43.62#29.78#26.6
-103.812,33.9069#43.93#29.78#26.29
-103.757,33.9098#44.23#29.78#25.99
-103.703,33.9127#44.54#29.78#25.68
-103.649,33.9156#44.84#29.78#25.38
-103.595,33.9185#45.15#29.78#25.07
-103.54,33.9213#45.45#29.77#24.78
-103.486,33.9242#45.76#29.77#24.47
-103.432,33.927#46.08#29.77#24.15
-103.378,33.9298#46.4#29.77#23.83
-103.323,33.9326#46.72#29.77#23.51
-103.269,33.9353#47.03#29.77#23.2
-103.215,33.9381#47.35#29.76#22.89
-103.161,33.9408#47.66#29.76#22.58
-103.106,33.9435#47.98#29.76#22.26
-103.052,33.9462#48.29#29.76#21.95
-102.998,33.9488#48.59#29.76#21.65
-102.943,33.9515#48.75#29.76#21.49
-102.889,33.9541#48.91#29.76#21.33
-102.835,33.9567#49.07#29.75#21.18
-102.781,33.9593#49.23#29.75#21.02
-102.726,33.9619#49.39#29.75#20.86
-102.672,33.9645#49.55#29.75#20.7
-102.618,33.967#49.71#29.75#20.54
-102.563,33.9695#49.87#29.75#20.38
-102.509,33.972#50.03#29.75#20.22
-102.455,33.9745#50.16#29.75#20.09
-102.401,33.977#50.28#29.74#19.98
-102.346,33.9794#50.4#29.74#19.86
-102.292,33.9819#50.52#29.74#19.74
-102.238,33.9843#50.64#29.74#19.62
-102.183,33.9867#50.76#29.74#19.5
-102.129,33.9891#50.89#29.74#19.37
-102.075,33.9914#51.01#29.74#19.25
-102.02,33.9938#51.13#29.74#19.13
-101.966,33.9961#51.24#29.74#19.02
-101.912,33.9984#51.33#29.74#18.93
-101.857,34.0007#51.42#29.73#18.85
-101.803,34.003#51.51#29.73#18.76
-101.749,34.0052#51.6#29.73#18.67
-101.694,34.0075#51.69#29.73#18.58
-101.64,34.0097#51.78#29.73#18.49
-101.586,34.0119#51.87#29.73#18.4
-101.531,34.0141#51.96#29.73#18.31
-101.477,34.0162#52.04#29.73#18.23
-101.423,34.0184#52.12#29.73#18.15
-101.368,34.0205#52.2#29.73#18.07
-101.314,34.0226#52.28#29.73#17.99
-101.26,34.0247#52.36#29.73#17.91
-101.205,34.0268#52.44#29.72#17.84
-101.151,34.0288#52.52#29.72#17.76
-101.097,34.0308#52.6#29.72#17.68
-101.042,34.0329#52.67#29.72#17.61
-100.988,34.0349#52.74#29.72#17.54
-100.934,34.0368#52.78#29.72#17.5
-100.879,34.0388#52.81#29.72#17.47
-100.825,34.0408#52.84#29.72#17.44
-100.77,34.0427#52.87#29.72#17.41
-100.716,34.0446#52.91#29.72#17.37
-100.662,34.0465#52.94#29.72#17.34
-100.607,34.0484#52.97#29.72#17.31
-100.553,34.0502#53.01#29.72#17.27
-100.499,34.0521#53.04#29.72#17.24
-100.444,34.0539#53.02#29.72#17.26
-100.39,34.0557#52.99#29.72#17.29
-100.335,34.0575#52.97#29.72#17.31
-100.281,34.0592#52.95#29.72#17.33
-100.227,34.061#52.93#29.72#17.35
-100.172,34.0627#52.91#29.72#17.37
-100.118,34.0644#52.89#29.72#17.39
-100.064,34.0661#52.86#29.71#17.43
-100.009,34.0678#52.84#29.71#17.45
-99.9548,34.0694#52.8#29.74#17.46
-99.9004,34.0711#52.74#29.77#17.49
-99.846,34.0727#52.69#29.81#17.5
-99.7916,34.0743#52.64#29.84#17.52
-99.7372,34.0759#52.59#29.87#17.54
-99.6828,34.0774#52.54#29.91#17.55
-99.6284,34.079#52.48#29.94#17.58
-99.574,34.0805#52.43#29.97#17.6
-99.5196,34.082#52.38#30.01#17.61
-99.4652,34.0835#52.32#30.05#17.63
-99.4108,34.085#52.24#30.09#17.67
-99.3564,34.0865#52.17#30.13#17.7
-99.302,34.0879#52.09#30.17#17.74
-99.2476,34.0893#52.02#30.22#17.76
-99.1932,34.0907#51.94#30.26#17.8
-99.1387,34.0921#51.87#30.3#17.83
-99.0843,34.0935#51.79#30.34#17.87
-99.0299,34.0948#51.72#30.39#17.89
-98.9755,34.0962#51.64#30.42#17.94
-98.9211,34.0975#51.57#30.44#17.99
-98.8667,34.0988#51.49#30.46#18.05
-98.8122,34.1#51.42#30.48#18.1
-98.7578,34.1013#51.35#30.5#18.15
-98.7034,34.1025#51.27#30.52#18.21
-98.649,34.1038#51.2#30.54#18.26
-98.5945,34.105#51.13#30.56#18.31
-98.5401,34.1061#51.05#30.58#18.37
-98.4857,34.1073#50.97#30.59#18.44
-98.4313,34.1085#50.88#30.54#18.58
-98.3768,34.1096#50.8#30.5#18.7
-98.3224,34.1107#50.71#30.46#18.83
-98.268,34.1118#50.62#30.41#18.97
-98.2135,34.1129#50.53#30.37#19.1
-98.1591,34.1139#50.44#30.32#19.24
-98.1047,34.115#50.35#30.28#19.37
-98.0502,34.116#50.26#30.24#19.5
-97.9958,34.117#50.17#30.19#19.64
-97.9414,34.118#50.05#30.14#19.81
-97.8869,34.119#49.93#30.09#19.98
-97.8325,34.1199#49.81#30.04#20.15
-97.778,34.1209#49.68#29.99#20.33
-97.7236,34.1218#49.56#29.94#20.5
-97.6692,34.1227#49.44#29.89#20.67
-97.6147,34.1235#49.32#29.84#20.84
-97.5603,34.1244#49.2#29.79#21.01
-97.5058,34.1252#49.07#29.74#21.19
-97.4514,34.1261#48.94#29.72#21.34
-97.3969,34.1269#48.81#29.7#21.49
-97.3425,34.1277#48.68#29.68#21.64
-97.288,34.1284#48.54#29.66#21.8
