-97.1525,43.9002#27.27#36.89#35.84
-97.0927,43.9009#27.33#37.11#35.56
-97.033,43.9015#27.39#37.34#35.27
-96.9732,43.9022#27.45#37.56#34.99
-96.9134,43.9028#27.51#37.77#34.72
-96.8537,43.9034#27.57#37.99#34.44
-96.7939,43.9039#27.63#38.21#34.16
-96.7341,43.9045#27.69#38.43#33.88
-96.6744,43.905#27.75#38.64#33.61
-96.6146,43.9056#27.81#38.86#33.33
-96.5549,43.9061#27.87#39.08#33.05
-96.4951,43.9066#27.93#39.3#32.77
-96.4353,43.907#27.96#39.55#32.49
-96.3756,43.9075#27.99#39.8#32.21
-96.3158,43.9079#28.03#40.05#31.92
-96.256,43.9083#28.06#40.31#31.63
-96.1963,43.9087#28.09#40.56#31.35
-96.1365,43.9091#28.13#40.81#31.06
-96.0767,43.9094#28.16#41.07#30.77
-96.0169,43.9098#28.19#41.32#30.49
-95.9572,43.9101#28.19#41.57#30.24
-95.8974,43.9104#28.18#41.82#30
-95.8376,43.9106#28.17#42.06#29.77
-95.7779,43.9109#28.16#42.31#29.53
-95.7181,43.9111#28.15#42.56#29.29
-95.6583,43.9113#28.14#42.8#29.06
-95.5986,43.9115#28.13#43.05#28.82
-95.5388,43.9117#28.12#43.29#28.59
-95.479,43.9119#28.1#43.51#28.39
-95.4192,43.912#28.06#43.67#28.27
-95.3595,43.9122#28.02#43.83#28.15
-95.2997,43.9123#27.98#43.99#28.03
-95.2399,43.9123#27.94#44.15#27.91
-95.1801,43.9124#27.9#44.32#27.78
-95.1204,43.9125#27.86#44.48#27.66
-95.0606,43.9125#27.81#44.64#27.55
-95.0008,43.9125#27.77#44.8#27.43
-94.9411,43.9125#27.7#44.92#27.38
-94.8813,43.9125#27.62#45.05#27.33
-94.8215,43.9124#27.54#45.17#27.29
-94.7617,43.9123#27.47#45.29#27.24
-94.702,43.9123#27.39#45.42#27.19
-94.6422,43.9122#27.31#45.54#27.15
-94.5824,43.912#27.23#45.67#27.1
-94.5226,43.9119#27.16#45.79#27.05
-94.4629,43.9117#27.08#45.88#27.04
-94.4031,43.9116#27.01#45.95#27.04
-94.3433,43.9114#26.94#46.01#27.05
-94.2836,43.9111#26.87#46.08#27.05
-94.2238,43.9109#26.8#46.15#27.05
-94.164,43.9106#26.73#46.21#27.06
-94.1042,43.9104#26.66#46.28#27.06
-94.0445,43.9101#26.59#46.35#27.06
-93.9847,43.9098#26.53#46.41#27.06
-93.9249,43.9094#26.5#46.44#27.06
-93.8652,43.9091#26.47#46.47#27.06
-93.8054,43.9087#26.44#46.5#27.06
-93.7456,43.9083#26.41#46.53#27.06
-93.6859,43.9079#26.38#46.56#27.06
-93.6261,43.9075#26.35#46.59#27.06
-93.5663,43.907#26.32#46.62#27.06
-93.5066,43.9066#26.29#46.65#27.06
-93.4468,43.9061#26.27#46.66#27.07
-93.387,43.9056#26.26#46.66#27.08
-93.3273,43.9051#26.24#46.67#27.09
-93.2675,43.9045#26.23#46.67#27.1
-93.2077,43.904#26.22#46.68#27.1
-93.148,43.9034#26.2#46.69#27.11
-93.0882,43.9028#26.19#46.69#27.12
-93.0285,43.9022#26.18#46.7#27.12
-92.9687,43.9015#26.17#46.68#27.15
-92.9089,43.9009#26.17#46.65#27.18
-92.8492,43.9002#26.16#46.62#27.22
-99.5439,43.9007#26.92#31.11#41.97
-99.4841,43.9022#26.88#31.17#41.95
-99.4244,43.9036#26.84#31.25#41.91
-99.3647,43.905#26.81#31.33#41.86
-99.3049,43.9063#26.77#31.41#41.82
-99.2452,43.9077#26.73#31.49#41.78
-99.1854,43.909#26.7#31.57#41.73
-99.1257,43.9104#26.66#31.65#41.69
-99.066,43.9117#26.63#31.73#41.64
-99.0062,43.9129#26.59#31.8#41.61
-98.9465,43.9142#26.58#31.9#41.52
-98.8867,43.9154#26.57#32.01#41.42
-98.827,43.9167#26.56#32.11#41.33
-98.7672,43.9179#26.54#32.21#41.25
-98.7075,43.9191#26.53#32.32#41.15
-98.6477,43.9202#26.52#32.42#41.06
-98.5879,43.9214#26.51#32.52#40.97
-98.5282,43.9225#26.5#32.62#40.88
-98.4684,43.9236#26.5#32.74#40.76
-98.4087,43.9247#26.52#32.88#40.6
-98.3489,43.9258#26.53#33.02#40.45
-98.2891,43.9268#26.54#33.16#40.3
-98.2294,43.9279#26.56#33.3#40.14
-98.1696,43.9289#26.57#33.44#39.99
-98.1098,43.9299#26.58#33.57#39.85
-98.0501,43.9309#26.59#33.71#39.7
-97.9903,43.9318#26.61#33.87#39.52
-97.9305,43.9328#26.64#34.09#39.27
-97.8708,43.9337#26.68#34.31#39.01
-97.811,43.9346#26.71#34.54#38.75
-97.7512,43.9355#26.74#34.76#38.5
-97.6914,43.9363#26.78#34.98#38.24
-97.6317,43.9372#26.81#35.2#37.99
-97.5719,43.938#26.84#35.42#37.74
-97.5121,43.9388#26.88#35.65#37.47
-97.4523,43.9396#26.93#35.87#37.2
-97.3925,43.9404#26.99#36.1#36.91
-97.3328,43.9411#27.05#36.33#36.62
-97.273,43.9418#27.11#36.55#36.34
-97.2132,43.9426#27.17#36.78#36.05
-97.1534,43.9433#27.23#37.01#35.76
-97.0936,43.9439#27.29#37.24#35.47
-97.0338,43.9446#27.35#37.46#35.19
-96.9741,43.9452#27.41#37.69#34.9
-96.9143,43.9458#27.47#37.91#34.62
-96.8545,43.9464#27.54#38.13#34.33
-96.7947,43.947#27.6#38.35#34.05
-96.7349,43.9476#27.66#38.57#33.77
-96.6751,43.9481#27.72#38.79#33.49
-96.6153,43.9486#27.78#39.01#33.21
-96.5555,43.9491#27.84#39.22#32.94
-96.4957,43.9496#27.9#39.45#32.65
-96.436,43.9501#27.94#39.71#32.35
-96.3762,43.9505#27.97#39.96#32.07
-96.3164,43.951#28.01#40.22#31.77
-96.2566,43.9514#28.04#40.48#31.48
-96.1968,43.9518#28.08#40.74#31.18
-96.137,43.9521#28.11#41#30.89
-96.0772,43.9525#28.15#41.26#30.59
-96.0174,43.9528#28.18#41.51#30.31
-95.9576,43.9531#28.18#41.76#30.06
-95.8978,43.9534#28.17#42#29.83
-95.838,43.9537#28.17#42.23#29.6
-95.7782,43.954#28.16#42.47#29.37
-95.7184,43.9542#28.15#42.71#29.14
-95.6586,43.9544#28.14#42.94#28.92
-95.5988,43.9546#28.13#43.18#28.69
-95.539,43.9548#28.12#43.41#28.47
-95.4792,43.955#28.1#43.62#28.28
-95.4194,43.9551#28.06#43.78#28.16
-95.3596,43.9552#28.02#43.94#28.04
-95.2998,43.9553#27.98#44.1#27.92
-95.24,43.9554#27.94#44.26#27.8
-95.1802,43.9555#27.9#44.42#27.68
-95.1204,43.9555#27.86#44.58#27.56
-95.0606,43.9556#27.82#44.74#27.44
-95.0008,43.9556#27.78#44.9#27.32
-94.941,43.9556#27.71#45.02#27.27
-94.8812,43.9555#27.63#45.14#27.23
-94.8214,43.9555#27.56#45.25#27.19
-94.7616,43.9554#27.49#45.37#27.14
-94.7018,43.9553#27.41#45.49#27.1
-94.642,43.9552#27.34#45.61#27.05
-94.5822,43.9551#27.26#45.73#27.01
-94.5224,43.955#27.19#45.85#26.96
-94.4626,43.9548#27.11#45.93#26.96
-94.4028,43.9546#27.04#46#26.96
-94.343,43.9544#26.97#46.06#26.97
-94.2832,43.9542#26.9#46.12#26.98
-94.2234,43.954#26.83#46.19#26.98
-94.1636,43.9537#26.76#46.25#26.99
-94.1039,43.9534#26.69#46.31#27
-94.0441,43.9531#26.62#46.38#27
-93.9843,43.9528#26.55#46.43#27.02
-93.9245,43.9525#26.52#46.46#27.02
-93.8647,43.9521#26.49#46.49#27.02
-93.8049,43.9518#26.46#46.52#27.02
-93.7451,43.9514#26.42#46.54#27.04
-93.6853,43.951#26.39#46.57#27.04
-93.6255,43.9506#26.36#46.6#27.04
-93.5657,43.9501#26.33#46.63#27.04
-93.5059,43.9496#26.29#46.66#27.05
-93.4461,43.9492#26.28#46.66#27.06
-93.3863,43.9487#26.26#46.66#27.08
-93.3265,43.9481#26.25#46.67#27.08
-93.2667,43.9476#26.23#46.67#27.1
-93.207,43.947#26.22#46.67#27.11
-93.1472,43.9465#26.21#46.67#27.12
-93.0874,43.9459#26.19#46.68#27.13
-93.0276,43.9452#26.18#46.68#27.14
-92.9678,43.9446#26.17#46.66#27.17
-92.908,43.9439#26.17#46.63#27.2
-92.8482,43.9433#26.16#46.59#27.25
-92.7884,43.9426#26.16#46.55#27.29
-92.7287,43.9419#26.16#46.52#27.32
-92.6689,43.9411#26.15#46.48#27.37
-92.6091,43.9404#26.15#46.44#27.41
-92.5493,43.9396#26.15#46.41#27.44
-92.4895,43.9388#26.15#46.36#27.49
-92.4298,43.938#26.17#46.27#27.56
-92.37,43.9372#26.2#46.17#27.63
-92.3102,43.9364#26.23#46.08#27.69
-92.2504,43.9355#26.25#45.98#27.77
-92.1907,43.9346#26.28#45.89#27.83
-92.1309,43.9337#26.3#45.8#27.9
-92.0711,43.9328#26.33#45.7#27.97
-92.0113,43.9318#26.36#45.61#28.03
-91.9516,43.9309#26.4#45.49#28.11
-91.8918,43.9299#26.46#45.37#28.17
-91.832,43.9289#26.51#45.24#28.25
-91.7723,43.9279#26.56#45.11#28.33
-91.7125,43.9269#26.62#44.99#28.39
-91.6527,43.9258#26.67#44.86#28.47
-91.593,43.9247#26.72#44.74#28.54
-91.5332,43.9236#26.77#44.61#28.62
-91.4735,43.9225#26.86#44.47#28.67
-91.4137,43.9214#26.99#44.31#28.7
-91.354,43.9203#27.13#44.15#28.72
-91.2942,43.9191#27.26#44#28.74
-91.2344,43.9179#27.39#43.84#28.77
-91.1747,43.9167#27.53#43.69#28.78
-91.1149,43.9155#27.66#43.53#28.81
-91.0552,43.9142#27.79#43.38#28.83
-90.9954,43.913#27.93#43.22#28.85
-90.9357,43.9117#28.05#42.96#28.99
-90.8759,43.9104#28.18#42.7#29.12
-90.8162,43.9091#28.3#42.45#29.25
-90.7565,43.9077#28.43#42.19#29.38
-90.6967,43.9064#28.55#41.93#29.52
-90.637,43.905#28.67#41.68#29.65
-90.5773,43.9036#28.8#41.42#29.78
-90.5175,43.9022#28.92#41.17#29.91
-90.4578,43.9008#28.99#40.9#30.11
-101.039,43.9018#27.82#30.9#41.28
-100.98,43.9037#27.78#30.89#41.33
-100.92,43.9056#27.76#30.87#41.37
-100.86,43.9074#27.73#30.85#41.42
-100.8,43.9093#27.71#30.83#41.46
-100.741,43.9111#27.68#30.81#41.51
-100.681,43.9129#27.65#30.79#41.56
-100.621,43.9147#27.63#30.77#41.6
-100.561,43.9165#27.6#30.75#41.65
-100.502,43.9182#27.57#30.74#41.69
-100.442,43.92#27.54#30.74#41.72
-100.382,43.9217#27.5#30.74#41.76
-100.323,43.9234#27.46#30.74#41.8
-100.263,43.9251#27.42#30.74#41.84
-100.203,43.9267#27.38#30.75#41.87
-100.143,43.9284#27.34#30.75#41.91
-100.084,43.93#27.31#30.75#41.94
-100.024,43.9316#27.27#30.76#41.97
-99.9641,43.9332#27.22#30.79#41.99
-99.9044,43.9348#27.18#30.84#41.98
-99.8446,43.9363#27.13#30.9#41.97
-99.7849,43.9378#27.08#30.95#41.97
-99.7251,43.9394#27.04#31#41.96
-99.6654,43.9408#26.99#31.06#41.95
-99.6056,43.9423#26.94#31.11#41.95
-99.5459,43.9438#26.9#31.17#41.93
-99.4861,43.9452#26.85#31.23#41.92
-99.4264,43.9466#26.82#31.3#41.88
-99.3666,43.948#26.78#31.38#41.84
-99.3068,43.9494#26.75#31.46#41.79
-99.2471,43.9507#26.71#31.54#41.75
-99.1873,43.9521#26.68#31.62#41.7
-99.1275,43.9534#26.65#31.7#41.65
-99.0678,43.9547#26.61#31.78#41.61
-99.008,43.956#26.58#31.85#41.57
-98.9482,43.9572#26.57#31.95#41.48
-98.8884,43.9585#26.56#32.06#41.38
-98.8287,43.9597#26.55#32.16#41.29
-98.7689,43.9609#26.53#32.26#41.21
-98.7091,43.9621#26.52#32.36#41.12
-98.6493,43.9633#26.51#32.46#41.03
-98.5895,43.9644#26.5#32.57#40.93
-98.5297,43.9656#26.49#32.67#40.84
-98.47,43.9667#26.49#32.79#40.72
-98.4102,43.9678#26.5#32.94#40.56
-98.3504,43.9688#26.52#33.08#40.4
-98.2906,43.9699#26.53#33.23#40.24
-98.2308,43.9709#26.54#33.38#40.08
-98.171,43.9719#26.55#33.52#39.93
-98.1112,43.9729#26.56#33.67#39.77
-98.0514,43.9739#26.57#33.82#39.61
-97.9916,43.9749#26.59#33.98#39.43
-97.9318,43.9758#26.62#34.2#39.18
-97.872,43.9767#26.65#34.42#38.93
-97.8122,43.9776#26.69#34.64#38.67
-97.7524,43.9785#26.72#34.86#38.42
-97.6926,43.9794#26.75#35.09#38.16
-97.6328,43.9802#26.79#35.31#37.9
-97.573,43.9811#26.82#35.53#37.65
-97.5132,43.9819#26.85#35.75#37.4
-97.4534,43.9827#26.91#35.98#37.11
-97.3936,43.9834#26.97#36.21#36.82
-97.3338,43.9842#27.02#36.44#36.54
-97.274,43.9849#27.08#36.67#36.25
-97.2142,43.9856#27.14#36.9#35.96
-97.1544,43.9863#27.2#37.13#35.67
-97.0946,43.987#27.26#37.36#35.38
-97.0347,43.9876#27.32#37.59#35.09
-96.9749,43.9883#27.38#37.82#34.8
-96.9151,43.9889#27.44#38.04#34.52
-96.8553,43.9895#27.5#38.26#34.24
-96.7955,43.9901#27.57#38.49#33.94
-96.7357,43.9906#27.63#38.71#33.66
-96.6759,43.9912#27.69#38.93#33.38
-96.616,43.9917#27.76#39.15#33.09
-96.5562,43.9922#27.82#39.37#32.81
-96.4964,43.9927#27.88#39.6#32.52
-96.4366,43.9932#27.92#39.86#32.22
-96.3768,43.9936#27.95#40.13#31.92
-96.3169,43.994#27.99#40.39#31.62
-96.2571,43.9944#28.02#40.65#31.33
-96.1973,43.9948#28.06#40.92#31.02
-96.1375,43.9952#28.1#41.18#30.72
-96.0777,43.9955#28.13#41.44#30.43
-96.0178,43.9959#28.17#41.71#30.12
-95.958,43.9962#28.17#41.95#29.88
-95.8982,43.9965#28.17#42.17#29.66
-95.8384,43.9968#28.16#42.4#29.44
-95.7786,43.997#28.15#42.63#29.22
-95.7187,43.9973#28.15#42.85#29
-95.6589,43.9975#28.14#43.08#28.78
-95.5991,43.9977#28.14#43.31#28.55
-95.5393,43.9979#28.13#43.53#28.34
-95.4794,43.998#28.11#43.74#28.15
-95.4196,43.9982#28.07#43.89#28.04
-95.3598,43.9983#28.03#44.05#27.92
-95.3,43.9984#27.99#44.21#27.8
-95.2401,43.9985#27.95#44.37#27.68
-95.1803,43.9985#27.91#44.52#27.57
-95.1205,43.9986#27.87#44.68#27.45
-95.0607,43.9986#27.83#44.84#27.33
-95.0008,43.9986#27.79#45#27.21
-94.941,43.9986#27.72#45.11#27.17
-94.8812,43.9986#27.65#45.22#27.13
-94.8213,43.9985#27.58#45.34#27.08
-94.7615,43.9985#27.5#45.45#27.05
-94.7017,43.9984#27.43#45.57#27
-94.6419,43.9983#27.36#45.68#26.96
-94.582,43.9982#27.29#45.79#26.92
-94.5222,43.998#27.21#45.91#26.88
-94.4624,43.9979#27.14#45.99#26.87
-94.4026,43.9977#27.07#46.05#26.88
-94.3427,43.9975#27#46.11#26.89
-94.2829,43.9973#26.93#46.17#26.9
-94.2231,43.997#26.85#46.23#26.92
-94.1633,43.9968#26.78#46.29#26.93
-94.1035,43.9965#26.71#46.35#26.94
-94.0436,43.9962#26.64#46.41#26.95
-93.9838,43.9959#26.58#46.46#26.96
-93.924,43.9956#26.54#46.48#26.98
-93.8642,43.9952#26.51#46.51#26.98
-93.8043,43.9948#26.47#46.54#26.99
-93.7445,43.9944#26.44#46.56#27
-93.6847,43.994#26.4#46.59#27.01
-93.6249,43.9936#26.37#46.61#27.02
-93.5651,43.9932#26.33#46.64#27.03
-93.5052,43.9927#26.3#46.67#27.03
-93.4454,43.9922#26.28#46.67#27.05
-93.3856,43.9917#26.27#46.67#27.06
-93.3258,43.9912#26.25#46.67#27.08
-93.266,43.9906#26.24#46.67#27.09
-93.2062,43.9901#26.22#46.66#27.12
-93.1463,43.9895#26.21#46.66#27.13
-93.0865,43.9889#26.2#46.66#27.14
-93.0267,43.9883#26.18#46.66#27.16
-92.9669,43.9877#26.17#46.64#27.19
-92.9071,43.987#26.17#46.6#27.23
-92.8473,43.9863#26.16#46.56#27.28
-92.7875,43.9856#26.16#46.51#27.33
-92.7277,43.9849#26.16#46.47#27.37
-92.6679,43.9842#26.15#46.43#27.42
-92.608,43.9834#26.15#46.39#27.46
-92.5482,43.9827#26.15#46.35#27.5
-92.4884,43.9819#26.15#46.3#27.55
-92.4286,43.9811#26.17#46.19#27.64
-92.3688,43.9803#26.19#46.09#27.72
-92.309,43.9794#26.21#45.99#27.8
-92.2492,43.9785#26.24#45.89#27.87
-92.1894,43.9777#26.26#45.79#27.95
-92.1296,43.9768#26.28#45.69#28.03
-92.0698,43.9758#26.31#45.59#28.1
-92.01,43.9749#26.33#45.49#28.18
-91.9502,43.9739#26.38#45.37#28.25
-91.8904,43.973#26.43#45.24#28.33
-91.8306,43.972#26.48#45.12#28.4
-91.7709,43.971#26.53#44.99#28.48
-91.7111,43.9699#26.58#44.87#28.55
-91.6513,43.9689#26.63#44.74#28.63
-91.5915,43.9678#26.69#44.62#28.69
-91.5317,43.9667#26.74#44.49#28.77
-91.4719,43.9656#26.83#44.34#28.83
-91.4121,43.9645#26.96#44.17#28.87
-91.3523,43.9633#27.08#44#28.92
-91.2926,43.9621#27.21#43.83#28.96
-91.2328,43.961#27.34#43.66#29
-91.173,43.9598#27.47#43.49#29.04
-91.1132,43.9585#27.6#43.32#29.08
-91.0534,43.9573#27.73#43.15#29.12
-90.9937,43.956#27.86#42.97#29.17
-90.9339,43.9547#27.99#42.72#29.29
-90.8741,43.9534#28.12#42.46#29.42
-90.8144,43.9521#28.25#42.2#29.55
-90.7546,43.9508#28.38#41.94#29.68
-90.6948,43.9494#28.5#41.68#29.82
-90.6351,43.948#28.63#41.43#29.94
-90.5753,43.9467#28.76#41.17#30.07
-90.5155,43.9452#28.88#40.91#30.21
-90.4558,43.9438#28.96#40.65#30.39
-90.396,43.9424#29.01#40.39#30.6
-90.3363,43.9409#29.07#40.13#30.8
-90.2765,43.9394#29.12#39.87#31.01
-90.2168,43.9379#29.18#39.61#31.21
-90.157,43.9364#29.23#39.34#31.43
-90.0973,43.9348#29.29#39.08#31.63
-90.0375,43.9332#29.34#38.82#31.84
-89.9778,43.9317#29.37#38.56#32.07
-89.918,43.9301#29.36#38.33#32.31
-89.8583,43.9284#29.35#38.09#32.56
-89.7985,43.9268#29.33#37.86#32.81
-89.7388,43.9251#29.32#37.62#33.06
-89.6791,43.9234#29.31#37.39#33.3
-89.6193,43.9217#29.29#37.15#33.56
-89.5596,43.92#29.28#36.92#33.8
-89.4999,43.9183#29.27#36.68#34.05
-89.4402,43.9165#29.19#36.44#34.37
-89.3804,43.9148#29.12#36.2#34.68
-89.3207,43.913#29.04#35.96#35
-89.261,43.9112#28.97#35.72#35.31
-89.2013,43.9093#28.9#35.48#35.62
-89.1416,43.9075#28.82#35.24#35.94
-89.0818,43.9056#28.75#35#36.25
-89.0221,43.9037#28.67#34.76#36.57
-88.9624,43.9018#28.62#34.52#36.86
-102.296,43.9003#28.49#30.83#40.68
-102.236,43.9026#28.47#30.85#40.68
-102.176,43.9049#28.45#30.87#40.68
-102.117,43.9072#28.43#30.9#40.67
-102.057,43.9094#28.41#30.92#40.67
-101.997,43.9117#28.38#30.94#40.68
-101.938,43.9139#28.35#30.95#40.7
-101.878,43.9161#28.31#30.96#40.73
-101.818,43.9182#28.27#30.97#40.76
-101.759,43.9204#28.24#30.98#40.78
-101.699,43.9225#28.2#30.99#40.81
-101.639,43.9247#28.16#31#40.84
-101.579,43.9268#28.12#31.01#40.87
-101.52,43.9288#28.09#31.02#40.89
-101.46,43.9309#28.05#31.01#40.94
-101.4,43.9329#28.02#31#40.98
-101.341,43.935#27.98#30.98#41.04
-101.281,43.937#27.95#30.97#41.08
-101.221,43.9389#27.91#30.96#41.13
-101.161,43.9409#27.88#30.94#41.18
-101.102,43.9429#27.84#30.93#41.23
-101.042,43.9448#27.81#30.92#41.27
-100.982,43.9467#27.78#30.91#41.31
-100.922,43.9486#27.75#30.89#41.36
-100.863,43.9505#27.72#30.87#41.41
-100.803,43.9523#27.7#30.85#41.45
-100.743,43.9541#27.67#30.84#41.49
-100.683,43.956#27.64#30.82#41.54
-100.624,43.9577#27.61#30.8#41.59
-100.564,43.9595#27.59#30.78#41.63
-100.504,43.9613#27.56#30.77#41.67
-100.444,43.963#27.52#30.77#41.71
-100.385,43.9647#27.48#30.78#41.74
-100.325,43.9664#27.44#30.78#41.78
-100.265,43.9681#27.4#30.79#41.81
-100.205,43.9698#27.36#30.79#41.85
-100.146,43.9714#27.32#30.8#41.88
-100.086,43.973#27.28#30.81#41.91
-100.026,43.9746#27.24#30.81#41.95
-99.9663,43.9762#27.2#30.85#41.95
-99.9066,43.9778#27.15#30.9#41.95
-99.8468,43.9793#27.1#30.95#41.95
-99.787,43.9809#27.05#31.01#41.94
-99.7272,43.9824#27.01#31.06#41.93
-99.6674,43.9839#26.96#31.11#41.93
-99.6077,43.9854#26.91#31.17#41.92
-99.5479,43.9868#26.87#31.22#41.91
-99.4881,43.9882#26.82#31.28#41.9
-99.4283,43.9897#26.79#31.35#41.86
-99.3685,43.991#26.76#31.43#41.81
-99.3087,43.9924#26.73#31.51#41.76
-99.2489,43.9938#26.7#31.59#41.71
-99.1891,43.9951#26.66#31.67#41.67
-99.1293,43.9964#26.63#31.75#41.62
-99.0695,43.9977#26.6#31.83#41.57
-99.0097,43.999#26.57#31.9#41.53
-98.9499,44.0003#26.56#32#41.44
-98.8901,44.0015#26.55#32.1#41.35
-98.8303,44.0028#26.54#32.21#41.25
-98.7705,44.004#26.52#32.31#41.17
-98.7107,44.0052#26.51#32.41#41.08
-98.6509,44.0063#26.5#32.51#40.99
-98.5911,44.0075#26.49#32.61#40.9
-98.5313,44.0086#26.48#32.71#40.81
-98.4715,44.0097#26.48#32.84#40.68
-98.4117,44.0108#26.49#32.99#40.52
-98.3519,44.0119#26.5#33.15#40.35
-98.292,44.0129#26.51#33.3#40.19
-98.2322,44.014#26.52#33.46#40.02
-98.1724,44.015#26.53#33.61#39.86
-98.1126,44.016#26.54#33.77#39.69
-98.0528,44.017#26.55#33.92#39.53
-97.9929,44.0179#26.56#34.08#39.36
-97.9331,44.0189#26.6#34.31#39.09
-97.8733,44.0198#26.63#34.53#38.84
-97.8135,44.0207#26.66#34.75#38.59
-97.7536,44.0216#26.7#34.97#38.33
-97.6938,44.0224#26.73#35.19#38.08
-97.634,44.0233#26.76#35.41#37.83
-97.5742,44.0241#26.8#35.64#37.56
-97.5143,44.0249#26.83#35.86#37.31
-97.4545,44.0257#26.88#36.09#37.03
-97.3947,44.0265#26.94#36.32#36.74
-97.3348,44.0272#27#36.55#36.45
-97.275,44.0279#27.05#36.79#36.16
-97.2152,44.0287#27.11#37.02#35.87
-97.1553,44.0294#27.17#37.25#35.58
-97.0955,44.03#27.22#37.49#35.29
-97.0356,44.0307#27.28#37.72#35
-96.9758,44.0313#27.34#37.95#34.71
-96.916,44.0319#27.41#38.18#34.41
-96.8561,44.0325#27.47#38.4#34.13
-96.7963,44.0331#27.54#38.62#33.84
-96.7364,44.0337#27.6#38.85#33.55
-96.6766,44.0342#27.67#39.07#33.26
-96.6168,44.0347#27.73#39.3#32.97
-96.5569,44.0352#27.8#39.52#32.68
-96.4971,44.0357#27.86#39.75#32.39
-96.4372,44.0362#27.9#40.02#32.08
-96.3774,44.0366#27.93#40.29#31.78
-96.3175,44.0371#27.97#40.56#31.47
-96.2577,44.0375#28.01#40.83#31.16
-96.1978,44.0379#28.04#41.09#30.87
-96.138,44.0382#28.08#41.36#30.56
-96.0781,44.0386#28.12#41.63#30.25
-96.0183,44.0389#28.15#41.9#29.95
-95.9584,44.0392#28.16#42.14#29.7
-95.8986,44.0395#28.16#42.35#29.49
-95.8387,44.0398#28.15#42.57#29.28
-95.7789,44.0401#28.15#42.79#29.06
-95.719,44.0403#28.15#43#28.85
-95.6592,44.0405#28.14#43.22#28.64
-95.5993,44.0407#28.14#43.44#28.42
-95.5395,44.0409#28.13#43.65#28.22
-95.4796,44.0411#28.12#43.85#28.03
-95.4198,44.0412#28.08#44#27.92
-95.3599,44.0413#28.04#44.16#27.8
-95.3001,44.0414#28#44.32#27.68
-95.2402,44.0415#27.96#44.47#27.57
-95.1804,44.0416#27.92#44.63#27.45
-95.1205,44.0416#27.88#44.78#27.34
-95.0607,44.0417#27.84#44.94#27.22
-95.0008,44.0417#27.8#45.09#27.11
-94.941,44.0417#27.73#45.2#27.07
-94.8811,44.0416#27.66#45.31#27.03
-94.8213,44.0416#27.59#45.42#26.99
-94.7614,44.0415#27.52#45.53#26.95
-94.7016,44.0414#27.45#45.64#26.91
-94.6417,44.0413#27.38#45.75#26.87
-94.5819,44.0412#27.31#45.86#26.83
-94.522,44.0411#27.24#45.97#26.79
-94.4622,44.0409#27.17#46.04#26.79
-94.4023,44.0407#27.1#46.1#26.8
-94.3425,44.0405#27.02#46.15#26.83
-94.2826,44.0403#26.95#46.21#26.84
-94.2228,44.0401#26.88#46.27#26.85
-94.1629,44.0398#26.81#46.32#26.87
-94.1031,44.0395#26.73#46.38#26.89
-94.0432,44.0392#26.66#46.44#26.9
-93.9834,44.0389#26.6#46.48#26.92
-93.9235,44.0386#26.56#46.51#26.93
-93.8637,44.0382#26.52#46.53#26.95
-93.8038,44.0379#26.49#46.55#26.96
-93.744,44.0375#26.45#46.58#26.97
-93.6841,44.0371#26.41#46.6#26.99
-93.6243,44.0367#26.38#46.63#26.99
-93.5644,44.0362#26.34#46.65#27.01
-93.5046,44.0357#26.3#46.68#27.02
-93.4447,44.0353#26.29#46.67#27.04
-93.3849,44.0348#26.27#46.67#27.06
-93.3251,44.0342#26.26#46.67#27.07
-93.2652,44.0337#26.24#46.66#27.1
-93.2054,44.0331#26.23#46.66#27.11
-93.1455,44.0326#26.21#46.65#27.14
-93.0857,44.032#26.2#46.65#27.15
-93.0258,44.0313#26.18#46.65#27.17
-92.966,44.0307#26.17#46.62#27.21
-92.9062,44.03#26.17#46.57#27.26
-92.8463,44.0294#26.17#46.52#27.31
-92.7865,44.0287#26.16#46.48#27.36
-92.7267,44.028#26.16#46.43#27.41
-92.6668,44.0272#26.15#46.38#27.47
-92.607,44.0265#26.15#46.34#27.51
-92.5472,44.0257#26.14#46.29#27.57
-92.4873,44.0249#26.14#46.23#27.63
-92.4275,44.0241#26.16#46.12#27.72
-92.3677,44.0233#26.18#46.01#27.81
-92.3078,44.0225#26.2#45.9#27.9
-92.248,44.0216#26.22#45.79#27.99
-92.1882,44.0207#26.24#45.69#28.07
-92.1284,44.0198#26.26#45.58#28.16
-92.0685,44.0189#26.28#45.47#28.25
-92.0087,44.0179#26.3#45.36#28.34
-91.9489,44.017#26.35#45.24#28.41
-91.8891,44.016#26.4#45.12#28.48
-91.8292,44.015#26.45#44.99#28.56
-91.7694,44.014#26.5#44.87#28.63
-91.7096,44.013#26.55#44.75#28.7
-91.6498,44.0119#26.6#44.62#28.78
-91.59,44.0108#26.65#44.5#28.85
-91.5302,44.0097#26.7#44.37#28.93
-91.4704,44.0086#26.79#44.22#28.99
-91.4105,44.0075#26.92#44.03#29.05
-91.3507,44.0064#27.04#43.84#29.12
-91.2909,44.0052#27.17#43.66#29.17
-91.2311,44.004#27.29#43.47#29.24
-91.1713,44.0028#27.42#43.29#29.29
-91.1115,44.0016#27.55#43.1#29.35
-91.0517,44.0003#27.67#42.92#29.41
-90.9919,43.9991#27.8#42.73#29.47
-90.9321,43.9978#27.93#42.47#29.6
-90.8723,43.9965#28.06#42.21#29.73
-90.8125,43.9952#28.2#41.95#29.85
-90.7527,43.9938#28.33#41.69#29.98
-90.6929,43.9925#28.46#41.43#30.11
-90.6331,43.9911#28.59#41.18#30.23
-90.5733,43.9897#28.72#40.92#30.36
-90.5136,43.9883#28.85#40.66#30.49
-90.4538,43.9868#28.92#40.4#30.68
-90.394,43.9854#28.98#40.14#30.88
-90.3342,43.9839#29.04#39.89#31.07
-90.2744,43.9824#29.1#39.63#31.27
-90.2146,43.9809#29.16#39.37#31.47
-90.1549,43.9794#29.21#39.11#31.68
-90.0951,43.9778#29.27#38.85#31.88
-90.0353,43.9763#29.33#38.6#32.07
-89.9756,43.9747#29.36#38.35#32.29
-89.9158,43.9731#29.35#38.11#32.54
-89.856,43.9715#29.35#37.87#32.78
-89.7963,43.9698#29.34#37.64#33.02
-89.7365,43.9682#29.33#37.4#33.27
-89.6767,43.9665#29.32#37.17#33.51
-89.617,43.9648#29.31#36.93#33.76
-89.5572,43.9631#29.31#36.7#33.99
-89.4975,43.9613#29.29#36.46#34.25
-89.4377,43.9596#29.22#36.22#34.56
-89.378,43.9578#29.15#35.98#34.87
-89.3182,43.956#29.08#35.74#35.18
-89.2585,43.9542#29.01#35.5#35.49
-89.1987,43.9524#28.94#35.26#35.8
-89.139,43.9505#28.87#35.02#36.11
-89.0792,43.9486#28.79#34.78#36.43
-89.0195,43.9467#28.72#34.54#36.74
-88.9598,43.9448#28.68#34.3#37.02
-88.9,43.9429#28.65#34.05#37.3
-88.8403,43.941#28.62#33.81#37.57
-88.7806,43.939#28.58#33.57#37.85
-88.7209,43.937#28.55#33.32#38.13
-88.6611,43.935#28.52#33.08#38.4
-88.6014,43.933#28.49#32.84#38.67
-88.5417,43.931#28.46#32.6#38.94
-88.482,43.9289#28.44#32.35#39.21
-88.4223,43.9268#28.45#32.12#39.43
-88.3626,43.9247#28.46#31.88#39.66
-88.3028,43.9226#28.47#31.64#39.89
-88.2431,43.9205#28.49#31.4#40.11
-88.1834,43.9183#28.5#31.16#40.34
-88.1237,43.9161#28.51#30.92#40.57
-88.064,43.9139#28.53#30.68#40.79
-88.0043,43.9117#28.54#30.44#41.02
-87.9447,43.9095#28.58#30.24#41.18
-87.885,43.9073#28.63#30.03#41.34
-87.8253,43.905#28.67#29.83#41.5
-87.7656,43.9027#28.72#29.62#41.66
-87.7059,43.9004#28.76#29.42#41.82
-103.314,43.9012#28.22#30.03#41.75
-103.254,43.9038#28.29#30.09#41.62
-103.194,43.9065#28.35#30.15#41.5
-103.135,43.909#28.41#30.2#41.39
-103.075,43.9116#28.47#30.26#41.27
-103.015,43.9142#28.53#30.31#41.16
-102.956,43.9167#28.55#30.36#41.09
-102.896,43.9192#28.55#30.41#41.04
-102.836,43.9217#28.55#30.46#40.99
-102.776,43.9242#28.55#30.5#40.95
-102.717,43.9267#28.55#30.55#40.9
-102.657,43.9291#28.55#30.6#40.85
-102.597,43.9315#28.55#30.64#40.81
-102.538,43.9339#28.55#30.69#40.76
-102.478,43.9363#28.55#30.73#40.72
-102.418,43.9387#28.53#30.76#40.71
-102.359,43.941#28.5#30.78#40.72
-102.299,43.9433#28.48#30.8#40.72
-102.239,43.9456#28.46#30.83#40.71
-102.18,43.9479#28.44#30.85#40.71
-102.12,43.9502#28.42#30.88#40.7
-102.06,43.9525#28.39#30.9#40.71
-102,43.9547#28.37#30.93#40.7
-101.941,43.9569#28.33#30.94#40.73
-101.881,43.9591#28.3#30.95#40.75
-101.821,43.9613#28.26#30.96#40.78
-101.761,43.9634#28.22#30.97#40.81
-101.702,43.9656#28.18#30.98#40.84
-101.642,43.9677#28.15#30.99#40.86
-101.582,43.9698#28.11#31#40.89
-101.523,43.9718#28.07#31.01#40.92
-101.463,43.9739#28.03#31#40.97
-101.403,43.976#28#30.99#41.01
-101.343,43.978#27.97#30.98#41.05
-101.284,43.98#27.93#30.97#41.1
-101.224,43.982#27.9#30.96#41.14
-101.164,43.9839#27.87#30.95#41.18
-101.104,43.9859#27.83#30.94#41.23
-101.045,43.9878#27.8#30.93#41.27
-100.985,43.9897#27.77#30.92#41.31
-100.925,43.9916#27.74#30.91#41.35
-100.865,43.9935#27.71#30.89#41.4
-100.805,43.9953#27.69#30.88#41.43
-100.746,43.9972#27.66#30.86#41.48
-100.686,43.999#27.63#30.85#41.52
-100.626,44.0008#27.6#30.83#41.57
-100.566,44.0025#27.57#30.82#41.61
-100.507,44.0043#27.54#30.8#41.66
-100.447,44.006#27.5#30.81#41.69
-100.387,44.0078#27.46#30.82#41.72
-100.327,44.0095#27.42#30.82#41.76
-100.267,44.0111#27.38#30.83#41.79
-100.208,44.0128#27.34#30.84#41.82
-100.148,44.0144#27.3#30.85#41.85
-100.088,44.0161#27.26#30.86#41.88
-100.028,44.0177#27.21#30.87#41.92
-99.9685,44.0193#27.17#30.91#41.92
-99.9087,44.0208#27.12#30.96#41.92
-99.8489,44.0224#27.07#31.01#41.92
-99.7891,44.0239#27.03#31.06#41.91
-99.7293,44.0254#26.98#31.12#41.9
-99.6695,44.0269#26.93#31.17#41.9
-99.6097,44.0284#26.88#31.22#41.9
-99.5499,44.0298#26.84#31.27#41.89
-99.4901,44.0313#26.79#31.33#41.88
-99.4303,44.0327#26.76#31.41#41.83
-99.3704,44.0341#26.73#31.48#41.79
-99.3106,44.0355#26.7#31.56#41.74
-99.2508,44.0368#26.67#31.64#41.69
-99.191,44.0381#26.65#31.72#41.63
-99.1312,44.0395#26.62#31.8#41.58
-99.0713,44.0408#26.59#31.88#41.53
-99.0115,44.0421#26.56#31.95#41.49
-98.9517,44.0433#26.55#32.05#41.4
-98.8919,44.0446#26.54#32.15#41.31
-98.832,44.0458#26.52#32.25#41.23
-98.7722,44.047#26.51#32.35#41.14
-98.7124,44.0482#26.5#32.46#41.04
-98.6525,44.0493#26.49#32.56#40.95
-98.5927,44.0505#26.48#32.66#40.86
-98.5329,44.0516#26.47#32.76#40.77
-98.473,44.0527#26.47#32.89#40.64
-98.4132,44.0538#26.48#33.05#40.47
-98.3533,44.0549#26.49#33.21#40.3
-98.2935,44.056#26.5#33.37#40.13
-98.2337,44.057#26.5#33.53#39.97
-98.1738,44.058#26.51#33.7#39.79
-98.114,44.059#26.52#33.86#39.62
-98.0541,44.06#26.53#34.02#39.45
-97.9943,44.0609#26.54#34.19#39.27
-97.9344,44.0619#26.57#34.41#39.02
-97.8746,44.0628#26.6#34.64#38.76
-97.8147,44.0637#26.64#34.86#38.5
-97.7549,44.0646#26.67#35.08#38.25
-97.695,44.0655#26.7#35.3#38
-97.6352,44.0663#26.74#35.52#37.74
-97.5753,44.0671#26.77#35.74#37.49
-97.5154,44.0679#26.81#35.96#37.23
-97.4556,44.0687#26.86#36.2#36.94
-97.3957,44.0695#26.91#36.43#36.66
-97.3359,44.0702#26.97#36.67#36.36
-97.276,44.071#27.02#36.9#36.08
-97.2161,44.0717#27.08#37.14#35.78
-97.1563,44.0724#27.13#37.38#35.49
-97.0964,44.0731#27.19#37.61#35.2
-97.0365,44.0737#27.25#37.85#34.9
-96.9767,44.0744#27.31#38.08#34.61
-96.9168,44.075#27.37#38.31#34.32
-96.8569,44.0756#27.44#38.54#34.02
-96.7971,44.0761#27.51#38.76#33.73
-96.7372,44.0767#27.57#38.99#33.44
-96.6773,44.0773#27.64#39.22#33.14
-96.6175,44.0778#27.71#39.45#32.84
-96.5576,44.0783#27.77#39.67#32.56
-96.4977,44.0788#27.84#39.9#32.26
-96.4379,44.0792#27.88#40.18#31.94
-96.378,44.0797#27.91#40.45#31.64
-96.3181,44.0801#27.95#40.72#31.33
-96.2582,44.0805#27.99#41#31.01
-96.1984,44.0809#28.03#41.27#30.7
-96.1385,44.0813#28.06#41.55#30.39
-96.0786,44.0816#28.1#41.82#30.08
-96.0187,44.082#28.14#42.1#29.76
-95.9589,44.0823#28.15#42.32#29.53
-95.899,44.0826#28.15#42.53#29.32
-95.8391,44.0828#28.15#42.74#29.11
-95.7792,44.0831#28.15#42.95#28.9
-95.7194,44.0833#28.14#43.15#28.71
-95.6595,44.0836#28.14#43.36#28.5
-95.5996,44.0838#28.14#43.57#28.29
-95.5397,44.0839#28.14#43.77#28.09
-95.4799,44.0841#28.13#43.96#27.91
-95.42,44.0842#28.09#44.12#27.79
-95.3601,44.0844#28.05#44.27#27.68
-95.3002,44.0845#28.01#44.42#27.57
-95.2403,44.0846#27.97#44.58#27.45
-95.1805,44.0846#27.93#44.73#27.34
-95.1206,44.0847#27.89#44.89#27.22
-95.0607,44.0847#27.85#45.04#27.11
-95.0008,44.0847#27.81#45.19#27
-94.9409,44.0847#27.74#45.3#26.96
-94.8811,44.0847#27.68#45.4#26.92
-94.8212,44.0846#27.61#45.51#26.88
-94.7613,44.0846#27.54#45.61#26.85
-94.7014,44.0845#27.47#45.71#26.82
-94.6416,44.0844#27.41#45.82#26.77
-94.5817,44.0842#27.34#45.92#26.74
-94.5218,44.0841#27.27#46.02#26.71
-94.4619,44.0839#27.2#46.1#26.7
-94.402,44.0838#27.13#46.15#26.72
-94.3422,44.0836#27.05#46.2#26.75
-94.2823,44.0833#26.98#46.25#26.77
-94.2224,44.0831#26.91#46.31#26.78
-94.1625,44.0828#26.83#46.36#26.81
-94.1027,44.0826#26.76#46.41#26.83
-94.0428,44.0823#26.68#46.46#26.86
-93.9829,44.082#26.62#46.51#26.87
-93.923,44.0816#26.58#46.53#26.89
-93.8632,44.0813#26.54#46.55#26.91
-93.8033,44.0809#26.5#46.57#26.93
-93.7434,44.0805#26.47#46.6#26.93
-93.6835,44.0801#26.43#46.62#26.95
-93.6237,44.0797#26.39#46.64#26.97
-93.5638,44.0792#26.35#46.66#26.99
-93.5039,44.0788#26.31#46.68#27.01
-93.4441,44.0783#26.29#46.68#27.03
-93.3842,44.0778#26.28#46.67#27.05
-93.3243,44.0773#26.26#46.66#27.08
-93.2644,44.0767#26.25#46.66#27.09
-93.2046,44.0762#26.23#46.65#27.12
-93.1447,44.0756#26.22#46.64#27.14
-93.0848,44.075#26.2#46.64#27.16
-93.025,44.0744#26.19#46.63#27.18
-92.9651,44.0737#26.18#46.59#27.23
-92.9052,44.0731#26.17#46.54#27.29
-92.8454,44.0724#26.17#46.49#27.34
-92.7855,44.0717#26.16#46.44#27.4
-92.7257,44.071#26.16#46.38#27.46
-92.6658,44.0703#26.15#46.33#27.52
-92.6059,44.0695#26.15#46.28#27.57
-92.5461,44.0687#26.14#46.23#27.63
-92.4862,44.068#26.14#46.16#27.7
-92.4264,44.0672#26.16#46.05#27.79
-92.3665,44.0663#26.17#45.93#27.9
-92.3066,44.0655#26.19#45.81#28
-92.2468,44.0646#26.21#45.7#28.09
-92.1869,44.0637#26.22#45.58#28.2
-92.1271,44.0628#26.24#45.47#28.29
-92.0672,44.0619#26.26#45.35#28.39
-92.0074,44.061#26.27#45.24#28.49
-91.9475,44.06#26.32#45.12#28.56
-91.8877,44.059#26.37#44.99#28.64
-91.8278,44.058#26.42#44.87#28.71
-91.768,44.057#26.47#44.75#28.78
-91.7082,44.056#26.52#44.62#28.86
-91.6483,44.0549#26.57#44.5#28.93
-91.5885,44.0539#26.62#44.38#29
-91.5286,44.0528#26.67#44.25#29.08
-91.4688,44.0517#26.75#44.09#29.16
-91.409,44.0505#26.88#43.89#29.23
-91.3491,44.0494#27#43.69#29.31
-91.2893,44.0482#27.12#43.48#29.4
-91.2295,44.047#27.24#43.28#29.48
-91.1696,44.0458#27.37#43.09#29.54
-91.1098,44.0446#27.49#42.89#29.62
-91.05,44.0434#27.61#42.69#29.7
-90.9901,44.0421#27.74#42.48#29.78
-90.9303,44.0408#27.87#42.22#29.91
-90.8705,44.0395#28.01#41.96#30.03
-90.8107,44.0382#28.14#41.7#30.16
-90.7508,44.0368#28.28#41.44#30.28
-90.691,44.0355#28.41#41.18#30.41
-90.6312,44.0341#28.54#40.92#30.54
-90.5714,44.0327#28.68#40.66#30.66
-90.5116,44.0313#28.81#40.4#30.79
-90.4518,44.0299#28.89#40.15#30.96
-90.392,44.0284#28.95#39.9#31.15
-90.3321,44.0269#29.01#39.64#31.35
-90.2723,44.0255#29.07#39.39#31.54
-90.2125,44.0239#29.14#39.14#31.72
-90.1527,44.0224#29.2#38.88#31.92
-90.0929,44.0209#29.26#38.63#32.11
-90.0331,44.0193#29.32#38.37#32.31
-89.9733,44.0177#29.35#38.13#32.52
-89.9135,44.0161#29.35#37.89#32.76
-89.8537,44.0145#29.35#37.66#32.99
-89.794,44.0128#29.35#37.42#33.23
-89.7342,44.0112#29.34#37.18#33.48
-89.6744,44.0095#29.34#36.95#33.71
-89.6146,44.0078#29.34#36.71#33.95
-89.5548,44.0061#29.33#36.48#34.19
-89.495,44.0043#29.32#36.24#34.44
-89.4353,44.0026#29.25#36#34.75
-89.3755,44.0008#29.18#35.76#35.06
-89.3157,43.999#29.12#35.52#35.36
-89.2559,43.9972#29.05#35.28#35.67
-89.1962,43.9954#28.98#35.04#35.98
-89.1364,43.9935#28.91#34.8#36.29
-89.0766,43.9917#28.84#34.56#36.6
-89.0169,43.9898#28.77#34.32#36.91
-88.9571,43.9879#28.73#34.08#37.19
-88.8973,43.9859#28.71#33.83#37.46
-88.8376,43.984#28.68#33.59#37.73
-88.7778,43.982#28.66#33.35#37.99
-88.7181,43.98#28.63#33.1#38.27
-88.6583,43.978#28.6#32.86#38.54
-88.5986,43.976#28.57#32.62#38.81
-88.5388,43.974#28.55#32.38#39.07
-88.4791,43.9719#28.53#32.14#39.33
-88.4194,43.9698#28.54#31.9#39.56
-88.3596,43.9677#28.55#31.66#39.79
-88.2999,43.9656#28.56#31.42#40.02
-88.2402,43.9635#28.58#31.18#40.24
-88.1804,43.9613#28.59#30.94#40.47
-88.1207,43.9591#28.6#30.7#40.7
-88.061,43.957#28.61#30.47#40.92
-88.0013,43.9547#28.62#30.23#41.15
-87.9415,43.9525#28.67#30.03#41.3
-87.8818,43.9503#28.71#29.84#41.45
-87.8221,43.948#28.75#29.64#41.61
-87.7624,43.9457#28.8#29.44#41.76
-87.7027,43.9434#28.84#29.25#41.91
-87.643,43.9411#28.89#29.05#42.06
-87.5833,43.9387#28.93#28.85#42.22
-87.5236,43.9364#28.98#28.65#42.37
-87.4639,43.934#29.04#28.49#42.47
-87.4042,43.9316#29.11#28.36#42.53
-87.3445,43.9292#29.18#28.23#42.59
-87.2848,43.9267#29.25#28.11#42.64
-87.2252,43.9243#29.32#27.98#42.7
-87.1655,43.9218#29.4#27.85#42.75
-87.1058,43.9193#29.47#27.72#42.81
-87.0461,43.9168#29.54#27.59#42.87
-86.9865,43.9142#29.61#27.47#42.92
-86.9268,43.9117#29.69#27.39#42.92
-86.8671,43.9091#29.77#27.31#42.92
-86.8075,43.9065#29.85#27.23#42.92
-86.7478,43.9039#29.94#27.14#42.92
-86.6881,43.9013#30.02#27.06#42.92
-104.212,43.9025#27.28#29.43#43.29
-104.152,43.9054#27.33#29.45#43.22
-104.093,43.9083#27.37#29.48#43.15
-104.033,43.9112#27.42#29.5#43.08
-103.973,43.914#27.49#29.53#42.98
-103.914,43.9169#27.56#29.57#42.87
-103.854,43.9197#27.64#29.61#42.75
-103.795,43.9225#27.72#29.64#42.64
-103.735,43.9253#27.8#29.68#42.52
-103.675,43.928#27.88#29.72#42.4
-103.616,43.9308#27.95#29.75#42.3
-103.556,43.9335#28.03#29.79#42.18
-103.496,43.9362#28.11#29.83#42.06
-103.437,43.9389#28.17#29.88#41.95
-103.377,43.9416#28.22#29.94#41.84
-103.317,43.9442#28.28#29.99#41.73
-103.257,43.9468#28.34#30.05#41.61
-103.198,43.9494#28.39#30.1#41.51
-103.138,43.952#28.45#30.16#41.39
-103.078,43.9546#28.5#30.21#41.29
-103.019,43.9572#28.56#30.26#41.18
-102.959,43.9597#28.57#30.31#41.12
-102.899,43.9622#28.57#30.36#41.07
-102.84,43.9647#28.57#30.41#41.02
-102.78,43.9672#28.57#30.46#40.97
-102.72,43.9697#28.57#30.51#40.92
-102.661,43.9721#28.57#30.56#40.87
-102.601,43.9745#28.56#30.61#40.83
-102.541,43.9769#28.56#30.66#40.78
-102.481,43.9793#28.55#30.7#40.75
-102.422,43.9817#28.53#30.72#40.75
-102.362,43.984#28.51#30.75#40.74
-102.302,43.9863#28.48#30.78#40.74
-102.242,43.9886#28.46#30.8#40.74
-102.183,43.9909#28.43#30.83#40.74
-102.123,43.9932#28.41#30.86#40.73
-102.063,43.9955#28.38#30.88#40.74
-102.003,43.9977#28.36#30.91#40.73
-101.944,43.9999#28.32#30.92#40.76
-101.884,44.0021#28.28#30.93#40.79
-101.824,44.0043#28.24#30.94#40.82
-101.764,44.0064#28.21#30.95#40.84
-101.705,44.0086#28.17#30.96#40.87
-101.645,44.0107#28.13#30.98#40.89
-101.585,44.0128#28.09#30.99#40.92
-101.525,44.0149#28.05#31#40.95
-101.466,44.0169#28.02#31#40.98
-101.406,44.019#27.98#30.99#41.03
-101.346,44.021#27.95#30.98#41.07
-101.286,44.023#27.92#30.98#41.1
-101.227,44.025#27.89#30.97#41.14
-101.167,44.0269#27.86#30.96#41.18
-101.107,44.0289#27.83#30.96#41.21
-101.047,44.0308#27.79#30.95#41.26
-100.987,44.0327#27.76#30.94#41.3
-100.928,44.0346#27.73#30.93#41.34
-100.868,44.0365#27.7#30.91#41.39
-100.808,44.0383#27.67#30.9#41.43
-100.748,44.0402#27.65#30.89#41.46
-100.688,44.042#27.62#30.87#41.51
-100.629,44.0438#27.59#30.86#41.55
-100.569,44.0455#27.56#30.85#41.59
-100.509,44.0473#27.53#30.83#41.64
-100.449,44.049#27.49#30.84#41.67
-100.389,44.0508#27.44#30.85#41.71
-100.33,44.0525#27.4#30.87#41.73
-100.27,44.0541#27.36#30.88#41.76
-100.21,44.0558#27.32#30.89#41.79
-100.15,44.0575#27.27#30.91#41.82
-100.09,44.0591#27.23#30.92#41.85
-100.031,44.0607#27.19#30.93#41.88
-99.9707,44.0623#27.14#30.97#41.89
-99.9109,44.0638#27.09#31.02#41.89
-99.8511,44.0654#27.05#31.07#41.88
-99.7912,44.0669#27#31.12#41.88
-99.7314,44.0684#26.95#31.17#41.88
-99.6716,44.0699#26.9#31.22#41.88
-99.6117,44.0714#26.86#31.27#41.87
-99.5519,44.0728#26.81#31.32#41.87
-99.4921,44.0743#26.76#31.38#41.86
-99.4322,44.0757#26.74#31.46#41.8
-99.3724,44.0771#26.71#31.54#41.75
-99.3125,44.0785#26.68#31.61#41.71
-99.2527,44.0798#26.65#31.69#41.66
-99.1928,44.0812#26.63#31.77#41.6
-99.133,44.0825#26.6#31.85#41.55
-99.0731,44.0838#26.57#31.93#41.5
-99.0133,44.0851#26.55#32#41.45
-98.9534,44.0863#26.53#32.1#41.37
-98.8936,44.0876#26.52#32.2#41.28
-98.8337,44.0888#26.51#32.3#41.19
-98.7739,44.09#26.5#32.4#41.1
-98.714,44.0912#26.49#32.5#41.01
-98.6541,44.0924#26.48#32.6#40.92
-98.5943,44.0935#26.47#32.7#40.83
-98.5344,44.0946#26.46#32.8#40.74
-98.4746,44.0958#26.46#32.93#40.61
-98.4147,44.0968#26.47#33.1#40.43
-98.3548,44.0979#26.47#33.27#40.26
-98.295,44.099#26.48#33.44#40.08
-98.2351,44.1#26.49#33.61#39.9
-98.1752,44.101#26.49#33.78#39.73
-98.1153,44.102#26.5#33.95#39.55
-98.0555,44.103#26.5#34.13#39.37
-97.9956,44.104#26.51#34.3#39.19
-97.9357,44.1049#26.55#34.52#38.93
-97.8758,44.1058#26.58#34.74#38.68
-97.816,44.1067#26.61#34.97#38.42
-97.7561,44.1076#26.65#35.19#38.16
-97.6962,44.1085#26.68#35.41#37.91
-97.6363,44.1093#26.71#35.63#37.66
-97.5764,44.1102#26.75#35.85#37.4
-97.5165,44.111#26.78#36.07#37.15
-97.4567,44.1117#26.83#36.3#36.87
-97.3968,44.1125#26.88#36.54#36.58
-97.3369,44.1133#26.94#36.78#36.28
-97.277,44.114#26.99#37.02#35.99
-97.2171,44.1147#27.05#37.26#35.69
-97.1572,44.1154#27.1#37.5#35.4
-97.0973,44.1161#27.16#37.74#35.1
-97.0374,44.1167#27.21#37.98#34.81
-96.9776,44.1174#27.27#38.21#34.52
-96.9177,44.118#27.34#38.44#34.22
-96.8578,44.1186#27.41#38.67#33.92
-96.7979,44.1192#27.48#38.9#33.62
-96.738,44.1197#27.54#39.13#33.33
-96.6781,44.1203#27.61#39.36#33.03
-96.6182,44.1208#27.68#39.59#32.73
-96.5583,44.1213#27.75#39.82#32.43
-96.4984,44.1218#27.82#40.05#32.13
-96.4385,44.1222#27.86#40.33#31.81
-96.3786,44.1227#27.89#40.61#31.5
-96.3187,44.1231#27.93#40.89#31.18
-96.2588,44.1235#27.97#41.17#30.86
-96.1989,44.1239#28.01#41.45#30.54
-96.139,44.1243#28.05#41.73#30.22
-96.0791,44.1246#28.09#42.01#29.9
-96.0192,44.125#28.13#42.29#29.58
-95.9593,44.1253#28.14#42.51#29.35
-95.8994,44.1256#28.14#42.71#29.15
-95.8395,44.1259#28.14#42.91#28.95
-95.7796,44.1261#28.14#43.11#28.75
-95.7197,44.1264#28.14#43.3#28.56
-95.6598,44.1266#28.14#43.5#28.36
-95.5999,44.1268#28.15#43.7#28.15
-95.54,44.127#28.15#43.89#27.96
-95.4801,44.1271#28.13#44.07#27.8
-95.4202,44.1273#28.09#44.23#27.68
-95.3603,44.1274#28.06#44.38#27.56
-95.3004,44.1275#28.02#44.53#27.45
-95.2404,44.1276#27.98#44.68#27.34
-95.1805,44.1276#27.94#44.84#27.22
-95.1206,44.1277#27.9#44.99#27.11
-95.0607,44.1277#27.86#45.14#27
-95.0008,44.1277#27.82#45.29#26.89
-94.9409,44.1277#27.76#45.39#26.85
-94.881,44.1277#27.69#45.49#26.82
-94.8211,44.1276#27.63#45.59#26.78
-94.7612,44.1276#27.56#45.69#26.75
-94.7013,44.1275#27.49#45.79#26.72
-94.6414,44.1274#27.43#45.89#26.68
-94.5815,44.1273#27.36#45.98#26.66
-94.5216,44.1271#27.3#46.08#26.62
-94.4617,44.127#27.23#46.15#26.62
-94.4018,44.1268#27.15#46.2#26.65
-94.3419,44.1266#27.08#46.25#26.67
-94.282,44.1264#27#46.3#26.7
-94.2221,44.1261#26.93#46.35#26.72
-94.1622,44.1259#26.86#46.39#26.75
-94.1023,44.1256#26.78#46.44#26.78
-94.0424,44.1253#26.71#46.49#26.8
-93.9825,44.125#26.64#46.53#26.83
-93.9226,44.1247#26.6#46.55#26.85
-93.8627,44.1243#26.56#46.57#26.87
-93.8028,44.1239#26.52#46.59#26.89
-93.7429,44.1235#26.48#46.61#26.91
-93.683,44.1231#26.44#46.63#26.93
-93.6231,44.1227#26.4#46.65#26.95
-93.5632,44.1223#26.36#46.67#26.97
-93.5033,44.1218#26.32#46.69#26.99
-93.4434,44.1213#26.3#46.68#27.02
-93.3835,44.1208#26.28#46.67#27.05
-93.3236,44.1203#26.27#46.66#27.07
-93.2637,44.1197#26.25#46.65#27.1
-93.2038,44.1192#26.24#46.64#27.12
-93.1439,44.1186#26.22#46.63#27.15
-93.084,44.118#26.2#46.62#27.18
-93.0241,44.1174#26.19#46.61#27.2
-92.9642,44.1168#26.18#46.57#27.25
-92.9043,44.1161#26.17#46.51#27.32
-92.8444,44.1154#26.17#46.46#27.37
-92.7845,44.1147#26.16#46.4#27.44
-92.7247,44.114#26.16#46.34#27.5
-92.6648,44.1133#26.15#46.28#27.57
-92.6049,44.1125#26.14#46.23#27.63
-92.545,44.1118#26.14#46.17#27.69
-92.4851,44.111#26.14#46.09#27.77
-92.4252,44.1102#26.15#45.97#27.88
-92.3653,44.1093#26.16#45.85#27.99
-92.3055,44.1085#26.18#45.72#28.1
-92.2456,44.1076#26.19#45.6#28.21
-92.1857,44.1068#26.2#45.48#28.32
-92.1258,44.1059#26.22#45.36#28.42
-92.0659,44.1049#26.23#45.23#28.54
-92.0061,44.104#26.24#45.11#28.65
-91.9462,44.103#26.29#44.99#28.72
-91.8863,44.1021#26.34#44.87#28.79
-91.8264,44.1011#26.39#44.75#28.86
-91.7666,44.1#26.43#44.62#28.95
-91.7067,44.099#26.48#44.5#29.02
