-97.5782,41.9003#28.28#31.45#40.27
-97.5196,41.9011#28.25#31.5#40.25
-97.4611,41.9019#28.21#31.57#40.22
-97.4025,41.9027#28.16#31.65#40.19
-97.3439,41.9035#28.11#31.73#40.16
-97.2854,41.9042#28.06#31.8#40.14
-97.2268,41.9049#28.01#31.88#40.11
-97.1682,41.9056#27.96#31.95#40.09
-97.1097,41.9063#27.92#32.03#40.05
-97.0511,41.907#27.87#32.11#40.02
-96.9925,41.9076#27.81#32.19#40
-96.934,41.9083#27.74#32.3#39.96
-96.8754,41.9089#27.67#32.41#39.92
-96.8168,41.9095#27.6#32.53#39.87
-96.7582,41.91#27.53#32.64#39.83
-96.6997,41.9106#27.46#32.75#39.79
-96.6411,41.9111#27.38#32.86#39.76
-96.5825,41.9117#27.31#32.98#39.71
-96.5239,41.9122#27.24#33.09#39.67
-96.4654,41.9126#27.18#33.24#39.58
-96.4068,41.9131#27.12#33.41#39.47
-96.3482,41.9135#27.06#33.58#39.36
-96.2896,41.914#27#33.75#39.25
-96.231,41.9144#26.94#33.92#39.14
-96.1725,41.9148#26.88#34.09#39.03
-96.1139,41.9151#26.82#34.26#38.92
-96.0553,41.9155#26.77#34.43#38.8
-95.9967,41.9158#26.71#34.6#38.69
-95.9381,41.9161#26.68#34.8#38.52
-95.8796,41.9164#26.66#34.99#38.35
-95.821,41.9167#26.64#35.18#38.18
-95.7624,41.9169#26.61#35.38#38.01
-95.7038,41.9172#26.59#35.57#37.84
-95.6452,41.9174#26.56#35.77#37.67
-95.5866,41.9176#26.54#35.96#37.5
-95.5281,41.9178#26.51#36.15#37.34
-95.4695,41.9179#26.5#36.35#37.15
-95.4109,41.9181#26.5#36.54#36.96
-95.3523,41.9182#26.5#36.74#36.76
-95.2937,41.9183#26.49#36.94#36.57
-95.2351,41.9184#26.49#37.13#36.38
-95.1766,41.9184#26.49#37.33#36.18
-95.118,41.9185#26.49#37.53#35.98
-95.0594,41.9185#26.48#37.72#35.8
-95.0008,41.9185#26.48#37.92#35.6
-94.9422,41.9185#26.49#38.13#35.38
-94.8836,41.9185#26.51#38.35#35.14
-94.8251,41.9184#26.52#38.56#34.92
-94.7665,41.9184#26.53#38.77#34.7
-94.7079,41.9183#26.54#38.99#34.47
-94.6493,41.9182#26.55#39.2#34.25
-94.5907,41.9181#26.56#39.41#34.03
-94.5321,41.9179#26.58#39.63#33.79
-94.4736,41.9178#26.6#39.86#33.54
-94.415,41.9176#26.62#40.11#33.27
-94.3564,41.9174#26.65#40.36#32.99
-94.2978,41.9172#26.68#40.61#32.71
-94.2392,41.9169#26.71#40.86#32.43
-94.1806,41.9167#26.73#41.11#32.16
-94.1221,41.9164#26.76#41.36#31.88
-94.0635,41.9161#26.79#41.61#31.6
-94.0049,41.9158#26.82#41.86#31.32
-93.9463,41.9155#26.85#42.08#31.07
-93.8877,41.9151#26.88#42.3#30.82
-93.8292,41.9148#26.91#42.52#30.57
-93.7706,41.9144#26.94#42.74#30.32
-93.712,41.914#26.97#42.96#30.07
-93.6534,41.9136#27#43.19#29.81
-93.5948,41.9131#27.03#43.41#29.56
-93.5363,41.9127#27.06#43.63#29.31
-93.4777,41.9122#27.1#43.82#29.08
-93.4191,41.9117#27.15#43.98#28.87
-93.3605,41.9112#27.19#44.13#28.68
-93.302,41.9106#27.24#44.28#28.48
-93.2434,41.9101#27.28#44.44#28.28
-93.1848,41.9095#27.33#44.59#28.08
-93.1262,41.9089#27.37#44.74#27.89
-93.0677,41.9083#27.42#44.89#27.69
-93.0091,41.9077#27.46#45.05#27.49
-92.9505,41.907#27.5#45.16#27.34
-92.8919,41.9063#27.54#45.27#27.19
-92.8334,41.9056#27.58#45.38#27.04
-92.7748,41.9049#27.62#45.49#26.89
-92.7162,41.9042#27.65#45.6#26.75
-92.6577,41.9035#27.69#45.72#26.59
-92.5991,41.9027#27.73#45.83#26.44
-92.5405,41.9019#27.77#45.94#26.29
-92.482,41.9011#27.8#46.03#26.17
-92.4234,41.9003#27.81#46.08#26.11
-99.7463,41.9003#28.16#29.54#42.3
-99.6877,41.9018#28.15#29.57#42.28
-99.6292,41.9033#28.14#29.59#42.27
-99.5706,41.9048#28.13#29.62#42.25
-99.5121,41.9063#28.12#29.65#42.23
-99.4535,41.9077#28.12#29.7#42.18
-99.395,41.9091#28.13#29.76#42.11
-99.3364,41.9105#28.15#29.81#42.04
-99.2779,41.9119#28.16#29.87#41.97
-99.2193,41.9133#28.17#29.92#41.91
-99.1608,41.9146#28.18#29.98#41.84
-99.1022,41.916#28.19#30.04#41.77
-99.0437,41.9173#28.21#30.09#41.7
-98.9851,41.9186#28.22#30.15#41.63
-98.9266,41.9198#28.24#30.21#41.55
-98.868,41.9211#28.27#30.27#41.46
-98.8094,41.9223#28.29#30.33#41.38
-98.7509,41.9235#28.31#30.4#41.29
-98.6923,41.9247#28.34#30.46#41.2
-98.6337,41.9259#28.36#30.52#41.12
-98.5752,41.9271#28.38#30.58#41.04
-98.5166,41.9282#28.41#30.65#40.94
-98.458,41.9293#28.42#30.7#40.88
-98.3995,41.9304#28.42#30.75#40.83
-98.3409,41.9315#28.43#30.8#40.77
-98.2823,41.9326#28.43#30.85#40.72
-98.2237,41.9336#28.44#30.9#40.66
-98.1652,41.9347#28.45#30.95#40.6
-98.1066,41.9357#28.45#31#40.55
-98.048,41.9367#28.46#31.05#40.49
-97.9894,41.9376#28.46#31.1#40.44
-97.9308,41.9386#28.43#31.16#40.41
-97.8723,41.9395#28.41#31.21#40.38
-97.8137,41.9404#28.38#31.27#40.35
-97.7551,41.9413#28.35#31.33#40.32
-97.6965,41.9422#28.33#31.38#40.29
-97.6379,41.943#28.3#31.44#40.26
-97.5793,41.9439#28.28#31.49#40.23
-97.5207,41.9447#28.25#31.55#40.2
-97.4621,41.9455#28.22#31.62#40.16
-97.4036,41.9463#28.17#31.7#40.13
-97.345,41.9471#28.12#31.78#40.1
-97.2864,41.9478#28.07#31.86#40.07
-97.2278,41.9485#28.03#31.94#40.03
-97.1692,41.9492#27.98#32.02#40
-97.1106,41.9499#27.93#32.1#39.97
-97.052,41.9506#27.89#32.17#39.94
-96.9934,41.9512#27.84#32.26#39.9
-96.9348,41.9519#27.77#32.38#39.85
-96.8762,41.9525#27.7#32.49#39.81
-96.8176,41.9531#27.63#32.61#39.76
-96.759,41.9537#27.56#32.73#39.71
-96.7004,41.9542#27.5#32.85#39.65
-96.6418,41.9547#27.43#32.97#39.6
-96.5832,41.9553#27.36#33.09#39.55
-96.5246,41.9558#27.29#33.21#39.5
-96.466,41.9562#27.23#33.36#39.41
-96.4074,41.9567#27.17#33.53#39.3
-96.3488,41.9571#27.11#33.7#39.19
-96.2902,41.9576#27.05#33.88#39.07
-96.2316,41.958#26.99#34.05#38.96
-96.173,41.9584#26.92#34.22#38.86
-96.1144,41.9587#26.86#34.4#38.74
-96.0558,41.9591#26.8#34.57#38.63
-95.9972,41.9594#26.74#34.74#38.52
-95.9385,41.9597#26.72#34.94#38.34
-95.8799,41.96#26.69#35.13#38.18
-95.8213,41.9603#26.66#35.33#38.01
-95.7627,41.9605#26.64#35.52#37.84
-95.7041,41.9608#26.61#35.71#37.68
-95.6455,41.961#26.58#35.91#37.51
-95.5869,41.9612#26.56#36.1#37.34
-95.5283,41.9614#26.53#36.29#37.18
-95.4697,41.9615#26.52#36.49#36.99
-95.4111,41.9617#26.51#36.69#36.8
-95.3525,41.9618#26.51#36.88#36.61
-95.2939,41.9619#26.51#37.08#36.41
-95.2352,41.962#26.51#37.28#36.21
-95.1766,41.9621#26.5#37.47#36.03
-95.118,41.9621#26.5#37.67#35.83
-95.0594,41.9621#26.5#37.86#35.64
-95.0008,41.9621#26.5#38.06#35.44
-94.9422,41.9621#26.51#38.28#35.21
-94.8836,41.9621#26.52#38.5#34.98
-94.825,41.9621#26.53#38.71#34.76
-94.7664,41.962#26.54#38.93#34.53
-94.7078,41.9619#26.55#39.15#34.3
-94.6492,41.9618#26.57#39.37#34.06
-94.5905,41.9617#26.58#39.59#33.83
-94.5319,41.9615#26.59#39.8#33.61
-94.4733,41.9614#26.61#40.03#33.36
-94.4147,41.9612#26.63#40.28#33.09
-94.3561,41.961#26.66#40.53#32.81
-94.2975,41.9608#26.68#40.78#32.54
-94.2389,41.9605#26.71#41.03#32.26
-94.1803,41.9603#26.73#41.28#31.99
-94.1217,41.96#26.76#41.53#31.71
-94.0631,41.9597#26.78#41.78#31.44
-94.0045,41.9594#26.81#42.03#31.16
-93.9459,41.9591#26.83#42.25#30.92
-93.8873,41.9587#26.86#42.46#30.68
-93.8286,41.9584#26.89#42.68#30.43
-93.77,41.958#26.92#42.89#30.19
-93.7114,41.9576#26.95#43.11#29.94
-93.6528,41.9572#26.98#43.32#29.7
-93.5942,41.9567#27.01#43.53#29.46
-93.5356,41.9563#27.04#43.75#29.21
-93.477,41.9558#27.07#43.94#28.99
-93.4184,41.9553#27.12#44.09#28.79
-93.3598,41.9548#27.16#44.24#28.6
-93.3012,41.9542#27.2#44.39#28.41
-93.2426,41.9537#27.24#44.54#28.22
-93.184,41.9531#27.28#44.69#28.03
-93.1254,41.9525#27.33#44.84#27.83
-93.0668,41.9519#27.37#44.99#27.64
-93.0082,41.9513#27.41#45.14#27.45
-92.9496,41.9506#27.45#45.25#27.3
-92.891,41.9499#27.49#45.36#27.15
-92.8324,41.9492#27.53#45.46#27.01
-92.7738,41.9485#27.57#45.57#26.86
-92.7153,41.9478#27.61#45.67#26.72
-92.6567,41.9471#27.65#45.78#26.57
-92.5981,41.9463#27.69#45.88#26.43
-92.5395,41.9455#27.73#45.99#26.28
-92.4809,41.9447#27.76#46.07#26.17
-92.4223,41.9439#27.78#46.13#26.09
-92.3637,41.9431#27.81#46.18#26.01
-92.3051,41.9422#27.83#46.23#25.94
-92.2465,41.9413#27.85#46.28#25.87
-92.188,41.9404#27.87#46.33#25.8
-92.1294,41.9395#27.89#46.39#25.72
-92.0708,41.9386#27.91#46.44#25.65
-92.0122,41.9376#27.93#46.49#25.58
-91.9536,41.9367#27.93#46.52#25.55
-91.895,41.9357#27.92#46.55#25.53
-91.8365,41.9347#27.91#46.57#25.52
-91.7779,41.9337#27.91#46.6#25.49
-91.7193,41.9326#27.9#46.62#25.48
-91.6607,41.9315#27.89#46.65#25.46
-91.6022,41.9305#27.88#46.67#25.45
-91.5436,41.9294#27.88#46.7#25.42
-91.485,41.9282#27.88#46.72#25.4
-91.4264,41.9271#27.9#46.73#25.37
-91.3679,41.9259#27.93#46.74#25.33
-91.3093,41.9248#27.95#46.75#25.3
-91.2507,41.9236#27.98#46.76#25.26
-91.1922,41.9224#28#46.77#25.23
-91.1336,41.9211#28.03#46.78#25.19
-91.0751,41.9199#28.05#46.8#25.15
-91.0165,41.9186#28.08#46.81#25.11
-90.9579,41.9173#28.08#46.81#25.11
-90.8994,41.916#28.06#46.8#25.14
-90.8408,41.9147#28.05#46.8#25.15
-90.7823,41.9133#28.04#46.79#25.17
-90.7237,41.912#28.03#46.79#25.18
-90.6652,41.9106#28.02#46.79#25.19
-90.6066,41.9092#28#46.78#25.22
-90.5481,41.9078#27.99#46.78#25.23
-90.4895,41.9063#27.97#46.77#25.26
-90.431,41.9048#27.92#46.73#25.35
-90.3724,41.9034#27.88#46.69#25.43
-90.3139,41.9019#27.83#46.65#25.52
-90.2554,41.9004#27.78#46.62#25.6
-101.153,41.9018#28.01#29.55#42.44
-101.095,41.9038#28.08#29.53#42.39
-101.036,41.9058#28.15#29.51#42.34
-100.978,41.9077#28.19#29.49#42.32
-100.919,41.9096#28.2#29.49#42.31
-100.861,41.9115#28.21#29.48#42.31
-100.802,41.9134#28.22#29.47#42.31
-100.744,41.9152#28.23#29.47#42.3
-100.685,41.9171#28.24#29.46#42.3
-100.627,41.9189#28.24#29.45#42.31
-100.568,41.9207#28.25#29.44#42.31
-100.509,41.9225#28.26#29.44#42.3
-100.451,41.9242#28.25#29.43#42.32
-100.392,41.926#28.25#29.43#42.32
-100.334,41.9277#28.24#29.43#42.33
-100.275,41.9294#28.23#29.43#42.34
-100.217,41.9311#28.22#29.43#42.35
-100.158,41.9328#28.21#29.42#42.37
-100.1,41.9344#28.2#29.42#42.38
-100.041,41.936#28.19#29.42#42.39
-99.9825,41.9376#28.18#29.43#42.39
-99.924,41.9392#28.17#29.46#42.37
-99.8654,41.9408#28.15#29.48#42.37
-99.8069,41.9424#28.14#29.51#42.35
-99.7483,41.9439#28.13#29.54#42.33
-99.6897,41.9454#28.11#29.57#42.32
-99.6312,41.9469#28.1#29.6#42.3
-99.5726,41.9484#28.09#29.63#42.28
-99.514,41.9499#28.07#29.66#42.27
-99.4555,41.9513#28.08#29.71#42.21
-99.3969,41.9527#28.09#29.76#42.15
-99.3383,41.9541#28.1#29.82#42.08
-99.2797,41.9555#28.11#29.88#42.01
-99.2212,41.9569#28.13#29.93#41.94
-99.1626,41.9582#28.14#29.99#41.87
-99.104,41.9595#28.15#30.05#41.8
-99.0454,41.9609#28.16#30.11#41.73
-98.9868,41.9621#28.18#30.16#41.66
-98.9283,41.9634#28.2#30.23#41.57
-98.8697,41.9647#28.22#30.29#41.49
-98.8111,41.9659#28.25#30.36#41.39
-98.7525,41.9671#28.27#30.42#41.31
-98.6939,41.9683#28.3#30.48#41.22
-98.6353,41.9695#28.32#30.55#41.13
-98.5767,41.9707#28.35#30.61#41.04
-98.5181,41.9718#28.37#30.68#40.95
-98.4595,41.9729#28.38#30.73#40.89
-98.4009,41.974#28.39#30.79#40.82
-98.3423,41.9751#28.4#30.84#40.76
-98.2837,41.9762#28.4#30.89#40.71
-98.2251,41.9772#28.41#30.94#40.65
-98.1665,41.9782#28.42#30.99#40.59
-98.1079,41.9792#28.42#31.04#40.54
-98.0493,41.9802#28.43#31.09#40.48
-97.9907,41.9812#28.43#31.15#40.42
-97.9321,41.9822#28.41#31.2#40.39
-97.8735,41.9831#28.39#31.26#40.35
-97.8149,41.984#28.37#31.32#40.31
-97.7563,41.9849#28.34#31.37#40.29
-97.6977,41.9858#28.32#31.43#40.25
-97.6391,41.9866#28.3#31.48#40.22
-97.5804,41.9875#28.28#31.54#40.18
-97.5218,41.9883#28.26#31.6#40.14
-97.4632,41.9891#28.22#31.67#40.11
-97.4046,41.9899#28.18#31.75#40.07
-97.346,41.9906#28.13#31.83#40.04
-97.2874,41.9914#28.09#31.91#40
-97.2287,41.9921#28.04#32#39.96
-97.1701,41.9928#28#32.08#39.92
-97.1115,41.9935#27.95#32.16#39.89
-97.0529,41.9942#27.91#32.24#39.85
-96.9943,41.9948#27.86#32.33#39.81
-96.9356,41.9955#27.8#32.45#39.75
-96.877,41.9961#27.73#32.58#39.69
-96.8184,41.9967#27.67#32.7#39.63
-96.7598,41.9972#27.6#32.82#39.58
-96.7011,41.9978#27.54#32.95#39.51
-96.6425,41.9983#27.47#33.07#39.46
-96.5839,41.9989#27.41#33.2#39.39
-96.5253,41.9994#27.34#33.32#39.34
-96.4666,41.9998#27.28#33.48#39.24
-96.408,42.0003#27.22#33.65#39.13
-96.3494,42.0007#27.15#33.83#39.02
-96.2907,42.0012#27.09#34#38.91
-96.2321,42.0016#27.03#34.18#38.79
-96.1735,42.002#26.96#34.36#38.68
-96.1149,42.0023#26.9#34.53#38.57
-96.0562,42.0027#26.84#34.71#38.45
-95.9976,42.003#26.78#34.88#38.34
-95.939,42.0033#26.75#35.08#38.17
-95.8803,42.0036#26.72#35.27#38.01
-95.8217,42.0039#26.69#35.47#37.84
-95.7631,42.0041#26.66#35.66#37.68
-95.7044,42.0044#26.63#35.85#37.52
-95.6458,42.0046#26.6#36.05#37.35
-95.5872,42.0048#26.57#36.24#37.19
-95.5285,42.005#26.55#36.43#37.02
-95.4699,42.0051#26.53#36.63#36.84
-95.4113,42.0053#26.53#36.83#36.64
-95.3526,42.0054#26.53#37.02#36.45
-95.294,42.0055#26.52#37.22#36.26
-95.2354,42.0056#26.52#37.42#36.06
-95.1767,42.0056#26.52#37.61#35.87
-95.1181,42.0057#26.52#37.81#35.67
-95.0594,42.0057#26.52#38.01#35.47
-95.0008,42.0057#26.51#38.2#35.29
-94.9422,42.0057#26.52#38.42#35.06
-94.8835,42.0057#26.53#38.65#34.82
-94.8249,42.0056#26.55#38.87#34.58
-94.7663,42.0056#26.56#39.09#34.35
-94.7076,42.0055#26.57#39.31#34.12
-94.649,42.0054#26.58#39.54#33.88
-94.5904,42.0053#26.59#39.76#33.65
-94.5317,42.0051#26.6#39.98#33.42
-94.4731,42.005#26.62#40.21#33.17
-94.4145,42.0048#26.64#40.46#32.9
-94.3558,42.0046#26.66#40.71#32.63
-94.2972,42.0044#26.68#40.96#32.36
-94.2386,42.0041#26.71#41.21#32.08
-94.1799,42.0039#26.73#41.46#31.81
-94.1213,42.0036#26.75#41.71#31.54
-94.0627,42.0033#26.77#41.96#31.27
-94.004,42.003#26.79#42.21#31
-93.9454,42.0027#26.82#42.42#30.76
-93.8868,42.0023#26.85#42.62#30.53
-93.8281,42.002#26.88#42.83#30.29
-93.7695,42.0016#26.9#43.04#30.06
-93.7109,42.0012#26.93#43.25#29.82
-93.6522,42.0007#26.96#43.45#29.59
-93.5936,42.0003#26.99#43.66#29.35
-93.535,41.9998#27.02#43.87#29.11
-93.4764,41.9994#27.05#44.05#28.9
-93.4177,41.9989#27.09#44.2#28.71
-93.3591,41.9983#27.12#44.35#28.53
-93.3005,41.9978#27.16#44.49#28.35
-93.2419,41.9973#27.2#44.64#28.16
-93.1832,41.9967#27.24#44.79#27.97
-93.1246,41.9961#27.28#44.94#27.78
-93.066,41.9955#27.32#45.08#27.6
-93.0074,41.9948#27.36#45.23#27.41
-92.9487,41.9942#27.4#45.34#27.26
-92.8901,41.9935#27.44#45.44#27.12
-92.8315,41.9928#27.48#45.54#26.98
-92.7729,41.9921#27.53#45.64#26.83
-92.7143,41.9914#27.57#45.74#26.69
-92.6556,41.9907#27.61#45.84#26.55
-92.597,41.9899#27.65#45.94#26.41
-92.5384,41.9891#27.69#46.04#26.27
-92.4798,41.9883#27.73#46.12#26.15
-92.4212,41.9875#27.75#46.17#26.08
-92.3626,41.9867#27.78#46.22#26
-92.304,41.9858#27.8#46.27#25.93
-92.2453,41.9849#27.83#46.32#25.85
-92.1867,41.984#27.85#46.37#25.78
-92.1281,41.9831#27.88#46.41#25.71
-92.0695,41.9822#27.9#46.46#25.64
-92.0109,41.9812#27.92#46.51#25.57
-91.9523,41.9803#27.93#46.54#25.53
-91.8937,41.9793#27.92#46.57#25.51
-91.8351,41.9783#27.92#46.59#25.49
-91.7765,41.9772#27.92#46.61#25.47
-91.7179,41.9762#27.91#46.64#25.45
-91.6593,41.9751#27.91#46.66#25.43
-91.6007,41.974#27.9#46.69#25.41
-91.5421,41.9729#27.9#46.71#25.39
-91.4835,41.9718#27.9#46.73#25.37
-91.4249,41.9707#27.93#46.74#25.33
-91.3663,41.9695#27.96#46.75#25.29
-91.3077,41.9684#27.98#46.76#25.26
-91.2491,41.9672#28.01#46.77#25.22
-91.1905,41.9659#28.04#46.78#25.18
-91.132,41.9647#28.06#46.79#25.15
-91.0734,41.9635#28.09#46.8#25.11
-91.0148,41.9622#28.11#46.81#25.08
-90.9562,41.9609#28.11#46.81#25.08
-90.8976,41.9596#28.11#46.8#25.09
-90.839,41.9583#28.1#46.79#25.11
-90.7805,41.9569#28.09#46.78#25.13
-90.7219,41.9555#28.08#46.78#25.14
-90.6633,41.9542#28.07#46.77#25.16
-90.6047,41.9528#28.06#46.76#25.18
-90.5462,41.9513#28.05#46.76#25.19
-90.4876,41.9499#28.03#46.74#25.23
-90.429,41.9484#27.98#46.7#25.32
-90.3704,41.947#27.93#46.65#25.42
-90.3119,41.9455#27.88#46.61#25.51
-90.2533,41.9439#27.83#46.57#25.6
-90.1948,41.9424#27.78#46.52#25.7
-90.1362,41.9409#27.73#46.48#25.79
-90.0776,41.9393#27.68#46.44#25.88
-90.0191,41.9377#27.63#46.4#25.97
-89.9605,41.9361#27.59#46.31#26.1
-89.902,41.9344#27.55#46.21#26.24
-89.8434,41.9328#27.51#46.11#26.38
-89.7849,41.9311#27.48#46#26.52
-89.7263,41.9294#27.44#45.9#26.66
-89.6678,41.9277#27.4#45.8#26.8
-89.6092,41.926#27.37#45.69#26.94
-89.5507,41.9243#27.33#45.59#27.08
-89.4922,41.9225#27.29#45.48#27.23
-89.4336,41.9207#27.23#45.33#27.44
-89.3751,41.9189#27.17#45.17#27.66
-89.3165,41.9171#27.11#45.01#27.88
-89.258,41.9153#27.05#44.85#28.1
-89.1995,41.9134#26.99#44.69#28.32
-89.141,41.9116#26.92#44.53#28.55
-89.0824,41.9097#26.86#44.37#28.77
-89.0239,41.9077#26.8#44.21#28.99
-88.9654,41.9058#26.8#44.03#29.17
-88.9069,41.9039#26.83#43.84#29.33
-88.8484,41.9019#26.86#43.65#29.49
-102.326,41.9021#26.49#30.45#43.06
-102.268,41.9044#26.56#30.39#43.05
-102.209,41.9067#26.62#30.33#43.05
-102.151,41.9091#26.69#30.27#43.04
-102.092,41.9113#26.76#30.21#43.03
-102.034,41.9136#26.83#30.15#43.02
-101.975,41.9159#26.91#30.1#42.99
-101.917,41.9181#27#30.05#42.95
-101.858,41.9203#27.1#30#42.9
-101.8,41.9225#27.19#29.95#42.86
-101.741,41.9247#27.28#29.9#42.82
-101.683,41.9268#27.37#29.85#42.78
-101.624,41.929#27.47#29.81#42.72
-101.566,41.9311#27.56#29.76#42.68
-101.507,41.9332#27.65#29.71#42.64
-101.449,41.9353#27.72#29.68#42.6
-101.39,41.9373#27.79#29.66#42.55
-101.332,41.9394#27.85#29.64#42.51
-101.273,41.9414#27.91#29.62#42.47
-101.214,41.9434#27.98#29.59#42.43
-101.156,41.9454#28.04#29.57#42.39
-101.097,41.9474#28.1#29.55#42.35
-101.039,41.9493#28.16#29.53#42.31
-100.98,41.9513#28.2#29.51#42.29
-100.922,41.9532#28.21#29.5#42.29
-100.863,41.9551#28.22#29.49#42.29
-100.805,41.9569#28.22#29.48#42.3
-100.746,41.9588#28.23#29.48#42.29
-100.688,41.9606#28.24#29.47#42.29
-100.629,41.9625#28.24#29.46#42.3
-100.57,41.9643#28.25#29.45#42.3
-100.512,41.966#28.25#29.44#42.31
-100.453,41.9678#28.25#29.44#42.31
-100.395,41.9695#28.23#29.44#42.33
-100.336,41.9713#28.22#29.44#42.34
-100.278,41.973#28.21#29.43#42.36
-100.219,41.9747#28.2#29.43#42.37
-100.16,41.9763#28.18#29.43#42.39
-100.102,41.978#28.17#29.43#42.4
-100.043,41.9796#28.16#29.42#42.42
-99.9847,41.9812#28.14#29.43#42.43
-99.9261,41.9828#28.13#29.46#42.41
-99.8675,41.9844#28.12#29.49#42.39
-99.8089,41.9859#28.1#29.52#42.38
-99.7504,41.9875#28.09#29.55#42.36
-99.6918,41.989#28.08#29.58#42.34
-99.6332,41.9905#28.06#29.6#42.34
-99.5746,41.992#28.05#29.63#42.32
-99.516,41.9934#28.03#29.66#42.31
-99.4574,41.9949#28.04#29.71#42.25
-99.3988,41.9963#28.05#29.77#42.18
-99.3402,41.9977#28.06#29.83#42.11
-99.2816,41.9991#28.07#29.89#42.04
-99.223,42.0004#28.08#29.94#41.98
-99.1644,42.0018#28.09#30#41.91
-99.1058,42.0031#28.1#30.06#41.84
-99.0472,42.0044#28.12#30.12#41.76
-98.9886,42.0057#28.13#30.18#41.69
-98.93,42.007#28.15#30.25#41.6
-98.8713,42.0082#28.18#30.31#41.51
-98.8127,42.0095#28.2#30.38#41.42
-98.7541,42.0107#28.23#30.44#41.33
-98.6955,42.0119#28.26#30.51#41.23
-98.6369,42.0131#28.28#30.58#41.14
-98.5783,42.0142#28.31#30.64#41.05
-98.5196,42.0154#28.33#30.71#40.96
-98.461,42.0165#28.35#30.77#40.88
-98.4024,42.0176#28.35#30.82#40.83
-98.3438,42.0187#28.36#30.87#40.77
-98.2851,42.0197#28.37#30.93#40.7
-98.2265,42.0208#28.38#30.98#40.64
-98.1679,42.0218#28.39#31.03#40.58
-98.1093,42.0228#28.39#31.09#40.52
-98.0506,42.0238#28.4#31.14#40.46
-97.992,42.0248#28.41#31.19#40.4
-97.9334,42.0257#28.39#31.25#40.36
-97.8747,42.0267#28.37#31.31#40.32
-97.8161,42.0276#28.35#31.36#40.29
-97.7575,42.0285#28.33#31.42#40.25
-97.6988,42.0294#28.31#31.48#40.21
-97.6402,42.0302#28.3#31.53#40.17
-97.5816,42.0311#28.28#31.59#40.13
-97.5229,42.0319#28.26#31.64#40.1
-97.4643,42.0327#28.23#31.72#40.05
-97.4056,42.0335#28.18#31.8#40.02
-97.347,42.0342#28.14#31.89#39.97
-97.2883,42.035#28.1#31.97#39.93
-97.2297,42.0357#28.06#32.06#39.88
-97.1711,42.0364#28.01#32.14#39.85
-97.1124,42.0371#27.97#32.22#39.81
-97.0538,42.0378#27.93#32.31#39.76
-96.9951,42.0384#27.88#32.4#39.72
-96.9365,42.039#27.82#32.53#39.65
-96.8778,42.0397#27.76#32.66#39.58
-96.8192,42.0402#27.7#32.79#39.51
-96.7605,42.0408#27.64#32.92#39.44
-96.7019,42.0414#27.58#33.05#39.37
-96.6432,42.0419#27.52#33.18#39.3
-96.5846,42.0424#27.46#33.31#39.23
-96.5259,42.0429#27.4#33.44#39.16
-96.4673,42.0434#27.33#33.6#39.07
-96.4086,42.0439#27.27#33.77#38.96
-96.35,42.0443#27.2#33.95#38.85
-96.2913,42.0447#27.14#34.13#38.73
-96.2326,42.0451#27.07#34.31#38.62
-96.174,42.0455#27#34.49#38.51
-96.1153,42.0459#26.94#34.67#38.39
-96.0567,42.0463#26.87#34.84#38.29
-95.998,42.0466#26.81#35.02#38.17
-95.9394,42.0469#26.78#35.22#38
-95.8807,42.0472#26.75#35.41#37.84
-95.822,42.0475#26.72#35.61#37.67
-95.7634,42.0477#26.69#35.8#37.51
-95.7047,42.0479#26.66#35.99#37.35
-95.6461,42.0482#26.62#36.19#37.19
-95.5874,42.0484#26.59#36.38#37.03
-95.5288,42.0485#26.56#36.58#36.86
-95.4701,42.0487#26.55#36.77#36.68
-95.4114,42.0488#26.54#36.97#36.49
-95.3528,42.049#26.54#37.16#36.3
-95.2941,42.0491#26.54#37.36#36.1
-95.2355,42.0492#26.54#37.56#35.9
-95.1768,42.0492#26.54#37.75#35.71
-95.1181,42.0493#26.53#37.95#35.52
-95.0595,42.0493#26.53#38.15#35.32
-95.0008,42.0493#26.53#38.34#35.13
-94.9422,42.0493#26.54#38.57#34.89
-94.8835,42.0493#26.55#38.8#34.65
-94.8248,42.0492#26.56#39.02#34.42
-94.7662,42.0492#26.57#39.25#34.18
-94.7075,42.0491#26.58#39.48#33.94
-94.6488,42.049#26.59#39.7#33.71
-94.5902,42.0488#26.6#39.93#33.47
-94.5315,42.0487#26.61#40.16#33.23
-94.4729,42.0485#26.63#40.39#32.98
-94.4142,42.0484#26.65#40.64#32.71
-94.3556,42.0482#26.67#40.89#32.44
-94.2969,42.048#26.69#41.14#32.17
-94.2382,42.0477#26.71#41.39#31.9
-94.1796,42.0475#26.73#41.64#31.63
-94.1209,42.0472#26.74#41.89#31.37
-94.0623,42.0469#26.76#42.13#31.11
-94.0036,42.0466#26.78#42.38#30.84
-93.9449,42.0463#26.81#42.59#30.6
-93.8863,42.0459#26.83#42.79#30.38
-93.8276,42.0455#26.86#42.99#30.15
-93.769,42.0452#26.89#43.19#29.92
-93.7103,42.0448#26.91#43.39#29.7
-93.6517,42.0443#26.94#43.59#29.47
-93.593,42.0439#26.96#43.79#29.25
-93.5344,42.0434#26.99#43.99#29.02
-93.4757,42.0429#27.02#44.16#28.82
-93.4171,42.0424#27.06#44.31#28.63
-93.3584,42.0419#27.09#44.45#28.46
-93.2997,42.0414#27.13#44.6#28.27
-93.2411,42.0408#27.16#44.74#28.1
-93.1824,42.0403#27.2#44.89#27.91
-93.1238,42.0397#27.23#45.03#27.74
-93.0651,42.0391#27.27#45.18#27.55
-93.0065,42.0384#27.31#45.32#27.37
-92.9479,42.0378#27.35#45.42#27.23
-92.8892,42.0371#27.39#45.52#27.09
-92.8306,42.0364#27.44#45.61#26.95
-92.7719,42.0357#27.48#45.71#26.81
-92.7133,42.035#27.53#45.8#26.67
-92.6546,42.0342#27.57#45.9#26.53
-92.596,42.0335#27.61#45.99#26.4
-92.5373,42.0327#27.66#46.09#26.25
-92.4787,42.0319#27.69#46.16#26.15
-92.4201,42.0311#27.72#46.21#26.07
-92.3614,42.0302#27.75#46.26#25.99
-92.3028,42.0294#27.78#46.3#25.92
-92.2442,42.0285#27.81#46.35#25.84
-92.1855,42.0276#27.84#46.4#25.76
-92.1269,42.0267#27.86#46.44#25.7
-92.0682,42.0258#27.89#46.49#25.62
-92.0096,42.0248#27.92#46.54#25.54
-91.951,42.0238#27.92#46.56#25.52
-91.8924,42.0229#27.92#46.59#25.49
-91.8337,42.0218#27.92#46.61#25.47
-91.7751,42.0208#27.92#46.63#25.45
-91.7165,42.0198#27.92#46.65#25.43
-91.6578,42.0187#27.92#46.68#25.4
-91.5992,42.0176#27.92#46.7#25.38
-91.5406,42.0165#27.92#46.72#25.36
-91.482,42.0154#27.93#46.74#25.33
-91.4234,42.0143#27.96#46.75#25.29
-91.3647,42.0131#27.99#46.76#25.25
-91.3061,42.0119#28.01#46.77#25.22
-91.2475,42.0107#28.04#46.78#25.18
-91.1889,42.0095#28.07#46.78#25.15
-91.1303,42.0083#28.1#46.79#25.11
-91.0717,42.007#28.12#46.8#25.08
-91.0131,42.0058#28.15#46.81#25.04
-90.9544,42.0045#28.15#46.8#25.05
-90.8958,42.0032#28.15#46.79#25.06
-90.8372,42.0018#28.14#46.78#25.08
-90.7786,42.0005#28.13#46.77#25.1
-90.72,41.9991#28.13#46.76#25.11
-90.6614,41.9977#28.12#46.75#25.13
-90.6028,41.9963#28.12#46.74#25.14
-90.5442,41.9949#28.11#46.73#25.16
-90.4856,41.9935#28.09#46.72#25.19
-90.427,41.992#28.04#46.67#25.29
-90.3684,41.9905#27.98#46.62#25.4
-90.3099,41.989#27.93#46.57#25.5
-90.2513,41.9875#27.88#46.52#25.6
-90.1927,41.986#27.82#46.47#25.71
-90.1341,41.9844#27.77#46.42#25.81
-90.0755,41.9828#27.72#46.37#25.91
-90.0169,41.9813#27.66#46.33#26.01
-89.9583,41.9796#27.62#46.23#26.15
-89.8998,41.978#27.58#46.12#26.3
-89.8412,41.9764#27.54#46.01#26.45
-89.7826,41.9747#27.5#45.9#26.6
-89.724,41.973#27.46#45.79#26.75
-89.6655,41.9713#27.42#45.68#26.9
-89.6069,41.9696#27.38#45.58#27.04
-89.5483,41.9678#27.34#45.47#27.19
-89.4898,41.9661#27.3#45.35#27.35
-89.4312,41.9643#27.24#45.19#27.57
-89.3726,41.9625#27.17#45.04#27.79
-89.3141,41.9607#27.11#44.88#28.01
-89.2555,41.9588#27.05#44.72#28.23
-89.197,41.957#26.99#44.56#28.45
-89.1384,41.9551#26.93#44.4#28.67
-89.0799,41.9532#26.86#44.24#28.9
-89.0213,41.9513#26.8#44.09#29.11
-88.9628,41.9494#26.8#43.9#29.3
-88.9042,41.9474#26.83#43.69#29.48
-88.8457,41.9455#26.86#43.49#29.65
-88.7872,41.9435#26.89#43.28#29.83
-88.7286,41.9415#26.93#43.08#29.99
-88.6701,41.9394#26.96#42.88#30.16
-88.6116,41.9374#26.99#42.68#30.33
-88.553,41.9353#27.02#42.49#30.49
-88.4945,41.9333#27.06#42.28#30.66
-88.436,41.9312#27.13#42#30.87
-88.3775,41.929#27.2#41.71#31.09
-88.3189,41.9269#27.27#41.42#31.31
-88.2604,41.9247#27.34#41.14#31.52
-88.2019,41.9226#27.41#40.85#31.74
-88.1434,41.9204#27.47#40.57#31.96
-88.0849,41.9182#27.54#40.28#32.18
-88.0264,41.9159#27.61#39.99#32.4
-87.9679,41.9137#27.66#39.73#32.61
-87.9094,41.9114#27.7#39.47#32.83
-87.8509,41.9091#27.73#39.22#33.05
-87.7924,41.9068#27.76#38.97#33.27
-87.7339,41.9045#27.79#38.72#33.49
-87.6754,41.9021#27.83#38.46#33.71
-103.382,41.9002#26.1#31.07#42.83
-103.324,41.9029#26.1#31.05#42.85
-103.265,41.9055#26.1#31.03#42.87
-103.207,41.9082#26.1#31.01#42.89
-103.148,41.9108#26.1#30.99#42.91
-103.09,41.9134#26.1#30.97#42.93
-103.031,41.916#26.1#30.96#42.94
-102.973,41.9186#26.11#30.93#42.96
-102.914,41.9211#26.14#30.9#42.96
-102.856,41.9237#26.16#30.86#42.98
-102.797,41.9262#26.19#30.83#42.98
-102.739,41.9287#26.21#30.8#42.99
-102.68,41.9311#26.24#30.76#43
-102.622,41.9336#26.26#30.73#43.01
-102.563,41.936#26.29#30.69#43.02
-102.505,41.9385#26.32#30.66#43.02
-102.446,41.9409#26.38#30.6#43.02
-102.388,41.9433#26.46#30.55#42.99
-102.329,41.9456#26.53#30.49#42.98
-102.271,41.948#26.6#30.43#42.97
-102.212,41.9503#26.67#30.38#42.95
-102.154,41.9526#26.74#30.32#42.94
-102.095,41.9549#26.81#30.26#42.93
-102.037,41.9572#26.89#30.21#42.9
-101.978,41.9594#26.97#30.15#42.88
-101.92,41.9616#27.06#30.1#42.84
-101.861,41.9639#27.15#30.05#42.8
-101.803,41.9661#27.25#30#42.75
-101.744,41.9682#27.34#29.95#42.71
-101.686,41.9704#27.43#29.9#42.67
-101.627,41.9725#27.53#29.85#42.62
-101.568,41.9746#27.62#29.8#42.58
-101.51,41.9767#27.71#29.74#42.55
-101.451,41.9788#27.78#29.71#42.51
-101.393,41.9809#27.84#29.69#42.47
-101.334,41.9829#27.9#29.67#42.43
-101.276,41.985#27.95#29.64#42.41
-101.217,41.987#28.01#29.62#42.37
-101.159,41.989#28.07#29.59#42.34
-101.1,41.9909#28.12#29.57#42.31
-101.041,41.9929#28.18#29.54#42.28
-100.983,41.9948#28.22#29.52#42.26
-100.924,41.9967#28.22#29.51#42.27
-100.866,41.9986#28.23#29.5#42.27
-100.807,42.0005#28.23#29.5#42.27
-100.749,42.0023#28.23#29.49#42.28
-100.69,42.0042#28.24#29.48#42.28
-100.631,42.006#28.24#29.47#42.29
-100.573,42.0078#28.24#29.46#42.3
-100.514,42.0096#28.25#29.45#42.3
-100.456,42.0113#28.24#29.45#42.31
-100.397,42.0131#28.22#29.45#42.33
-100.338,42.0148#28.21#29.44#42.35
-100.28,42.0165#28.19#29.44#42.37
-100.221,42.0182#28.18#29.44#42.38
-100.163,42.0199#28.16#29.43#42.41
-100.104,42.0215#28.14#29.43#42.43
-100.045,42.0232#28.13#29.43#42.44
-99.9869,42.0248#28.11#29.43#42.46
-99.9282,42.0264#28.1#29.46#42.44
-99.8696,42.0279#28.08#29.49#42.43
-99.811,42.0295#28.07#29.52#42.41
-99.7524,42.031#28.05#29.55#42.4
-99.6938,42.0325#28.04#29.58#42.38
-99.6352,42.034#28.02#29.61#42.37
-99.5766,42.0355#28.01#29.64#42.35
-99.5179,42.037#27.99#29.67#42.34
-99.4593,42.0384#28#29.72#42.28
-99.4007,42.0398#28.01#29.78#42.21
-99.3421,42.0413#28.02#29.84#42.14
-99.2834,42.0426#28.03#29.9#42.07
-99.2248,42.044#28.04#29.96#42
-99.1662,42.0454#28.05#30.02#41.93
-99.1076,42.0467#28.06#30.07#41.87
-99.0489,42.048#28.07#30.13#41.8
-98.9903,42.0493#28.08#30.2#41.72
-98.9317,42.0506#28.11#30.26#41.63
-98.873,42.0518#28.14#30.33#41.53
-98.8144,42.053#28.16#30.4#41.44
-98.7557,42.0543#28.19#30.47#41.34
-98.6971,42.0555#28.21#30.54#41.25
-98.6385,42.0566#28.24#30.6#41.16
-98.5798,42.0578#28.27#30.67#41.06
-98.5212,42.0589#28.29#30.74#40.97
-98.4625,42.0601#28.31#30.8#40.89
-98.4039,42.0612#28.32#30.86#40.82
-98.3452,42.0622#28.33#30.91#40.76
-98.2866,42.0633#28.34#30.97#40.69
-98.2279,42.0644#28.35#31.02#40.63
-98.1693,42.0654#28.36#31.08#40.56
-98.1106,42.0664#28.37#31.13#40.5
-98.052,42.0674#28.38#31.19#40.43
-97.9933,42.0684#28.38#31.24#40.38
-97.9346,42.0693#28.37#31.3#40.33
-97.876,42.0702#28.35#31.35#40.3
-97.8173,42.0712#28.34#31.41#40.25
-97.7587,42.072#28.32#31.47#40.21
-97.7,42.0729#28.31#31.52#40.17
-97.6413,42.0738#28.29#31.58#40.13
-97.5827,42.0746#28.28#31.63#40.09
-97.524,42.0754#28.26#31.69#40.05
-97.4653,42.0762#28.23#31.76#40.01
-97.4067,42.077#28.19#31.85#39.96
-97.348,42.0778#28.15#31.94#39.91
-97.2893,42.0785#28.11#32.03#39.86
-97.2307,42.0793#28.07#32.11#39.82
-97.172,42.08#28.03#32.2#39.77
-97.1133,42.0807#27.99#32.29#39.72
-97.0547,42.0813#27.95#32.38#39.67
-96.996,42.082#27.91#32.47#39.62
-96.9373,42.0826#27.85#32.6#39.55
-96.8786,42.0832#27.79#32.74#39.47
-96.82,42.0838#27.73#32.87#39.4
-96.7613,42.0844#27.68#33.01#39.31
-96.7026,42.0849#27.62#33.15#39.23
-96.6439,42.0855#27.56#33.28#39.16
-96.5853,42.086#27.5#33.42#39.08
-96.5266,42.0865#27.45#33.55#39
-96.4679,42.087#27.38#33.72#38.9
-96.4092,42.0874#27.32#33.9#38.78
-96.3505,42.0879#27.25#34.08#38.67
-96.2919,42.0883#27.18#34.26#38.56
-96.2332,42.0887#27.11#34.44#38.45
-96.1745,42.0891#27.05#34.62#38.33
-96.1158,42.0895#26.98#34.8#38.22
-96.0571,42.0898#26.91#34.98#38.11
-95.9985,42.0902#26.84#35.16#38
-95.9398,42.0905#26.81#35.36#37.83
-95.8811,42.0908#26.78#35.55#37.67
-95.8224,42.091#26.74#35.75#37.51
-95.7637,42.0913#26.71#35.94#37.35
-95.705,42.0915#26.68#36.13#37.19
-95.6463,42.0917#26.65#36.33#37.02
-95.5877,42.0919#26.61#36.52#36.87
-95.529,42.0921#26.58#36.72#36.7
-95.4703,42.0923#26.56#36.91#36.53
-95.4116,42.0924#26.56#37.11#36.33
-95.3529,42.0925#26.56#37.31#36.13
-95.2942,42.0926#26.56#37.5#35.94
-95.2356,42.0927#26.55#37.7#35.75
-95.1769,42.0928#26.55#37.9#35.55
-95.1182,42.0928#26.55#38.09#35.36
-95.0595,42.0929#26.55#38.29#35.16
-95.0008,42.0929#26.54#38.49#34.97
-94.9421,42.0929#26.55#38.72#34.73
-94.8834,42.0928#26.56#38.95#34.49
-94.8248,42.0928#26.57#39.18#34.25
-94.7661,42.0927#26.58#39.41#34.01
-94.7074,42.0926#26.6#39.64#33.76
-94.6487,42.0925#26.61#39.87#33.52
-94.59,42.0924#26.62#40.1#33.28
-94.5313,42.0923#26.63#40.33#33.04
-94.4726,42.0921#26.64#40.57#32.79
-94.414,42.0919#26.66#40.82#32.52
-94.3553,42.0917#26.67#41.07#32.26
-94.2966,42.0915#26.69#41.32#31.99
-94.2379,42.0913#26.71#41.57#31.72
-94.1792,42.091#26.72#41.81#31.47
-94.1205,42.0908#26.74#42.06#31.2
-94.0619,42.0905#26.76#42.31#30.93
-94.0032,42.0902#26.77#42.56#30.67
-93.9445,42.0898#26.8#42.75#30.45
-93.8858,42.0895#26.82#42.95#30.23
-93.8271,42.0891#26.84#43.14#30.02
-93.7684,42.0887#26.87#43.33#29.8
-93.7098,42.0883#26.89#43.53#29.58
-93.6511,42.0879#26.92#43.72#29.36
-93.5924,42.0875#26.94#43.91#29.15
-93.5337,42.087#26.97#44.11#28.92
-93.475,42.0865#26.99#44.28#28.73
-93.4164,42.086#27.03#44.42#28.55
-93.3577,42.0855#27.06#44.56#28.38
-93.299,42.085#27.09#44.7#28.21
-93.2403,42.0844#27.12#44.85#28.03
-93.1817,42.0838#27.16#44.99#27.85
-93.123,42.0832#27.19#45.13#27.68
-93.0643,42.0826#27.22#45.27#27.51
-93.0056,42.082#27.25#45.41#27.34
-92.947,42.0813#27.3#45.51#27.19
-92.8883,42.0807#27.34#45.6#27.06
-92.8296,42.08#27.39#45.69#26.92
-92.771,42.0793#27.44#45.78#26.78
-92.7123,42.0786#27.48#45.87#26.65
-92.6536,42.0778#27.53#45.96#26.51
-92.5949,42.077#27.57#46.05#26.38
-92.5363,42.0763#27.62#46.14#26.24
-92.4776,42.0755#27.66#46.21#26.13
-92.4189,42.0746#27.69#46.25#26.06
-92.3603,42.0738#27.73#46.3#25.97
-92.3016,42.0729#27.76#46.34#25.9
-92.243,42.0721#27.79#46.38#25.83
-92.1843,42.0712#27.82#46.43#25.75
-92.1256,42.0703#27.85#46.47#25.68
-92.067,42.0693#27.88#46.52#25.6
-92.0083,42.0684#27.92#46.56#25.52
-91.9497,42.0674#27.92#46.58#25.5
-91.891,42.0664#27.93#46.61#25.46
-91.8324,42.0654#27.93#46.63#25.44
-91.7737,42.0644#27.93#46.65#25.42
-91.7151,42.0633#27.94#46.67#25.39
-91.6564,42.0623#27.94#46.69#25.37
-91.5978,42.0612#27.94#46.71#25.35
-91.5391,42.0601#27.95#46.74#25.31
-91.4805,42.059#27.96#46.75#25.29
-91.4218,42.0578#27.99#46.76#25.25
-91.3632,42.0567#28.02#46.77#25.21
-91.3045,42.0555#28.04#46.77#25.19
-91.2459,42.0543#28.07#46.78#25.15
-91.1872,42.0531#28.1#46.79#25.11
-91.1286,42.0518#28.13#46.8#25.07
-91.07,42.0506#28.16#46.8#25.04
-91.0113,42.0493#28.19#46.81#25
-90.9527,42.048#28.19#46.8#25.01
-90.8941,42.0467#28.19#46.79#25.02
-90.8354,42.0454#28.18#46.78#25.04
-90.7768,42.044#28.18#46.76#25.06
-90.7182,42.0427#28.18#46.75#25.07
-90.6595,42.0413#28.18#46.74#25.08
-90.6009,42.0399#28.17#46.72#25.11
-90.5423,42.0385#28.17#46.71#25.12
-90.4837,42.037#28.15#46.69#25.16
-90.4251,42.0356#28.09#46.63#25.28
-90.3664,42.0341#28.04#46.58#25.38
-90.3078,42.0326#27.98#46.52#25.5
-90.2492,42.0311#27.92#46.47#25.61
-90.1906,42.0295#27.87#46.41#25.72
-90.132,42.028#27.81#46.36#25.83
-90.0734,42.0264#27.75#46.31#25.94
-90.0148,42.0248#27.7#46.26#26.04
-89.9562,42.0232#27.65#46.15#26.2
-89.8976,42.0216#27.61#46.04#26.35
-89.839,42.0199#27.56#45.92#26.52
-89.7804,42.0183#27.52#45.8#26.68
-89.7218,42.0166#27.48#45.69#26.83
-89.6632,42.0149#27.43#45.57#27
-89.6046,42.0131#27.39#45.46#27.15
-89.546,42.0114#27.35#45.34#27.31
-89.4874,42.0096#27.3#45.22#27.48
-89.4288,42.0079#27.24#45.06#27.7
-89.3702,42.0061#27.18#44.9#27.92
-89.3116,42.0042#27.11#44.75#28.14
-89.253,42.0024#27.05#44.59#28.36
-89.1945,42.0005#26.99#44.43#28.58
-89.1359,41.9987#26.93#44.28#28.79
-89.0773,41.9968#26.87#44.12#29.01
-89.0187,41.9949#26.8#43.96#29.24
-88.9602,41.9929#26.81#43.76#29.43
-88.9016,41.991#26.84#43.54#29.62
-88.843,41.989#26.87#43.32#29.81
-88.7845,41.987#26.9#43.1#30
-88.7259,41.985#26.93#42.89#30.18
-88.6674,41.983#26.96#42.67#30.37
-88.6088,41.9809#26.99#42.46#30.55
-88.5502,41.9789#27.02#42.25#30.73
-88.4917,41.9768#27.06#42.03#30.91
-88.4331,41.9747#27.13#41.75#31.12
-88.3746,41.9726#27.2#41.46#31.34
-88.3161,41.9704#27.27#41.18#31.55
-88.2575,41.9683#27.34#40.9#31.76
-88.199,41.9661#27.41#40.62#31.97
-88.1404,41.9639#27.48#40.33#32.19
-88.0819,41.9617#27.55#40.05#32.4
-88.0234,41.9595#27.62#39.77#32.61
-87.9648,41.9572#27.67#39.5#32.83
-87.9063,41.955#27.7#39.25#33.05
-87.8478,41.9527#27.73#39#33.27
-87.7893,41.9504#27.76#38.75#33.49
-87.7307,41.948#27.8#38.5#33.7
-87.6722,41.9457#27.83#38.25#33.92
-87.6137,41.9433#27.86#38#34.14
-87.5552,41.9409#27.89#37.75#34.36
-87.4967,41.9385#27.93#37.5#34.57
-87.4382,41.9361#27.94#37.26#34.8
-87.3797,41.9337#27.96#37.02#35.02
-87.3212,41.9312#27.98#36.79#35.23
-87.2627,41.9287#28#36.55#35.45
-87.2042,41.9262#28.02#36.32#35.66
-87.1457,41.9237#28.04#36.08#35.88
-87.0872,41.9212#28.06#35.84#36.1
-87.0287,41.9186#28.08#35.61#36.31
-86.9703,41.9161#28.1#35.38#36.52
-86.9118,41.9135#28.12#35.14#36.74
-86.8533,41.9109#28.14#34.91#36.95
-86.7948,41.9082#28.15#34.68#37.17
-86.7364,41.9056#28.17#34.45#37.38
-86.6779,41.9029#28.19#34.22#37.59
-86.6194,41.9003#28.2#33.99#37.81
-104.263,41.9012#26.17#30.9#42.93
-104.204,41.9041#26.17#30.93#42.9
-104.146,41.9071#26.16#30.95#42.89
-104.087,41.91#26.15#30.98#42.87
-104.029,41.9129#26.14#31#42.86
-103.971,41.9158#26.13#31.02#42.85
-103.912,41.9187#26.12#31.03#42.85
-103.854,41.9215#26.12#31.04#42.84
-103.795,41.9244#26.12#31.05#42.83
-103.737,41.9272#26.11#31.06#42.83
-103.678,41.93#26.11#31.07#42.82
-103.62,41.9328#26.1#31.08#42.82
-103.561,41.9355#26.1#31.09#42.81
-103.503,41.9383#26.1#31.1#42.8
-103.444,41.941#26.1#31.09#42.81
-103.386,41.9437#26.1#31.07#42.83
-103.327,41.9464#26.1#31.05#42.85
-103.269,41.9491#26.1#31.04#42.86
-103.21,41.9517#26.1#31.02#42.88
-103.152,41.9543#26.1#31.01#42.89
-103.093,41.9569#26.1#30.99#42.91
-103.035,41.9595#26.1#30.98#42.92
-102.976,41.9621#26.11#30.96#42.93
-102.918,41.9647#26.14#30.92#42.94
-102.859,41.9672#26.17#30.89#42.94
-102.801,41.9697#26.2#30.86#42.94
-102.742,41.9722#26.23#30.82#42.95
-102.684,41.9747#26.26#30.79#42.95
-102.625,41.9771#26.29#30.76#42.95
-102.567,41.9796#26.32#30.72#42.96
-102.508,41.982#26.35#30.69#42.96
-102.45,41.9844#26.41#30.64#42.95
-102.391,41.9868#26.49#30.58#42.93
-102.333,41.9892#26.56#30.53#42.91
-102.274,41.9915#26.64#30.48#42.88
-102.215,41.9938#26.71#30.42#42.87
-102.157,41.9961#26.79#30.37#42.84
-102.098,41.9984#26.87#30.32#42.81
-102.04,42.0007#26.94#30.26#42.8
-101.981,42.0029#27.02#30.21#42.77
-101.923,42.0052#27.12#30.16#42.72
-101.864,42.0074#27.21#30.1#42.69
-101.806,42.0096#27.31#30.05#42.64
-101.747,42.0118#27.4#30#42.6
-101.688,42.0139#27.49#29.94#42.57
-101.63,42.0161#27.59#29.89#42.52
-101.571,42.0182#27.68#29.83#42.49
-101.513,42.0203#27.77#29.78#42.45
-101.454,42.0224#27.84#29.75#42.41
-101.396,42.0244#27.89#29.72#42.39
-101.337,42.0265#27.94#29.69#42.37
-101.278,42.0285#27.99#29.67#42.34
-101.22,42.0305#28.04#29.64#42.32
-101.161,42.0325#28.09#29.61#42.3
-101.103,42.0345#28.14#29.59#42.27
-101.044,42.0364#28.19#29.56#42.25
-100.985,42.0384#28.23#29.53#42.24
-100.927,42.0403#28.23#29.52#42.25
-100.868,42.0422#28.24#29.52#42.24
-100.81,42.044#28.24#29.51#42.25
-100.751,42.0459#28.24#29.5#42.26
-100.692,42.0477#28.24#29.49#42.27
-100.634,42.0495#28.24#29.48#42.28
-100.575,42.0513#28.24#29.47#42.29
-100.517,42.0531#28.24#29.46#42.3
-100.458,42.0549#28.23#29.46#42.31
-100.399,42.0566#28.21#29.45#42.34
-100.341,42.0584#28.19#29.45#42.36
-100.282,42.0601#28.17#29.45#42.38
-100.224,42.0618#28.16#29.44#42.4
-100.165,42.0634#28.14#29.44#42.42
-100.106,42.0651#28.12#29.44#42.44
-100.048,42.0667#28.1#29.43#42.47
-99.989,42.0683#28.08#29.44#42.48
-99.9304,42.0699#28.06#29.47#42.47
-99.8717,42.0715#28.05#29.49#42.46
-99.8131,42.073#28.03#29.52#42.45
-99.7545,42.0746#28.02#29.55#42.43
-99.6958,42.0761#28#29.58#42.42
-99.6372,42.0776#27.98#29.61#42.41
-99.5785,42.0791#27.97#29.64#42.39
-99.5199,42.0805#27.95#29.67#42.38
-99.4613,42.082#27.95#29.72#42.33
-99.4026,42.0834#27.96#29.78#42.26
-99.344,42.0848#27.97#29.84#42.19
-99.2853,42.0862#27.98#29.9#42.12
-99.2266,42.0876#27.99#29.97#42.04
-99.168,42.0889#28#30.03#41.97
-99.1093,42.0902#28.01#30.09#41.9
-99.0507,42.0915#28.03#30.15#41.82
-98.992,42.0928#28.04#30.21#41.75
-98.9334,42.0941#28.06#30.28#41.66
-98.8747,42.0954#28.09#30.35#41.56
-98.816,42.0966#28.12#30.42#41.46
-98.7574,42.0978#28.15#30.49#41.36
-98.6987,42.099#28.17#30.56#41.27
-98.64,42.1002#28.2#30.63#41.17
-98.5814,42.1013#28.23#30.7#41.07
-98.5227,42.1025#28.25#30.77#40.98
-98.464,42.1036#28.27#30.83#40.9
-98.4053,42.1047#28.28#30.89#40.83
-98.3467,42.1058#28.29#30.95#40.76
-98.288,42.1069#28.3#31#40.7
-98.2293,42.1079#28.31#31.06#40.63
-98.1706,42.1089#28.33#31.12#40.55
-98.112,42.1099#28.34#31.17#40.49
-98.0533,42.1109#28.35#31.23#40.42
-97.9946,42.1119#28.36#31.29#40.35
-97.9359,42.1129#28.34#31.34#40.32
-97.8772,42.1138#28.33#31.4#40.27
-97.8185,42.1147#28.32#31.46#40.22
-97.7599,42.1156#28.31#31.51#40.18
-97.7012,42.1165#28.3#31.57#40.13
-97.6425,42.1173#28.29#31.62#40.09
-97.5838,42.1182#28.27#31.68#40.05
-97.5251,42.119#28.26#31.74#40
-97.4664,42.1198#28.24#31.81#39.95
-97.4077,42.1206#28.2#31.9#39.9
-97.349,42.1213#28.16#31.99#39.85
-97.2903,42.1221#28.12#32.08#39.8
-97.2316,42.1228#28.08#32.17#39.75
-97.1729,42.1235#28.04#32.26#39.7
-97.1142,42.1242#28.01#32.35#39.64
-97.0555,42.1249#27.97#32.44#39.59
-96.9968,42.1255#27.93#32.54#39.53
-96.9381,42.1262#27.88#32.68#39.44
-96.8794,42.1268#27.82#32.82#39.36
-96.8207,42.1274#27.77#32.96#39.27
-96.762,42.1279#27.71#33.1#39.19
-96.7033,42.1285#27.66#33.24#39.1
-96.6446,42.129#27.61#33.39#39
-96.5859,42.1296#27.55#33.53#38.92
-96.5272,42.1301#27.5#33.67#38.83
-96.4685,42.1305#27.44#33.83#38.73
-96.4098,42.131#27.37#34.02#38.61
-96.3511,42.1314#27.3#34.2#38.5
-96.2924,42.1319#27.23#34.39#38.38
-96.2337,42.1323#27.16#34.57#38.27
-96.175,42.1327#27.09#34.75#38.16
-96.1163,42.133#27.02#34.94#38.04
-96.0576,42.1334#26.95#35.12#37.93
-95.9989,42.1337#26.88#35.3#37.82
-95.9402,42.134#26.84#35.5#37.66
-95.8815,42.1343#26.81#35.69#37.5
-95.8228,42.1346#26.77#35.89#37.34
-95.764,42.1348#26.74#36.08#37.18
-95.7053,42.1351#26.7#36.27#37.03
-95.6466,42.1353#26.67#36.47#36.86
-95.5879,42.1355#26.63#36.66#36.71
-95.5292,42.1357#26.6#36.86#36.54
-95.4705,42.1358#26.58#37.05#36.37
-95.4118,42.136#26.58#37.25#36.17
-95.3531,42.1361#26.57#37.45#35.98
-95.2944,42.1362#26.57#37.64#35.79
-95.2357,42.1363#26.57#37.84#35.59
-95.1769,42.1364#26.57#38.04#35.39
-95.1182,42.1364#26.56#38.23#35.21
-95.0595,42.1364#26.56#38.43#35.01
-95.0008,42.1364#26.56#38.63#34.81
-94.9421,42.1364#26.57#38.86#34.57
-94.8834,42.1364#26.58#39.1#34.32
