-97.9913,31.9003#56.25#29.96#13.79
-97.938,31.9013#56.16#29.89#13.95
-97.8846,31.9023#56.08#29.83#14.09
-97.8312,31.9032#55.99#29.76#14.25
-97.7778,31.9042#55.9#29.69#14.41
-97.7244,31.9051#55.81#29.62#14.57
-97.671,31.906#55.72#29.56#14.72
-97.6176,31.9069#55.63#29.49#14.88
-97.5642,31.9077#55.55#29.42#15.03
-97.5108,31.9086#55.46#29.36#15.18
-97.4574,31.9094#55.37#29.32#15.31
-97.404,31.9102#55.28#29.3#15.42
-97.3506,31.911#55.19#29.28#15.53
-97.2972,31.9118#55.1#29.26#15.64
-97.2439,31.9126#55.02#29.23#15.75
-97.1905,31.9133#54.93#29.21#15.86
-97.1371,31.914#54.84#29.19#15.97
-97.0837,31.9147#54.75#29.16#16.09
-97.0303,31.9154#54.66#29.14#16.2
-96.9769,31.9161#54.57#29.13#16.3
-96.9235,31.9167#54.48#29.12#16.4
-96.8701,31.9174#54.39#29.11#16.5
-96.8166,31.918#54.29#29.1#16.61
-96.7632,31.9186#54.2#29.1#16.7
-96.7098,31.9192#54.11#29.09#16.8
-96.6564,31.9197#54.01#29.08#16.91
-96.603,31.9203#53.92#29.08#17
-96.5496,31.9208#53.83#29.07#17.1
-96.4962,31.9213#53.73#29.06#17.21
-96.4428,31.9218#53.63#29.06#17.31
-96.3894,31.9223#53.53#29.06#17.41
-96.336,31.9227#53.43#29.06#17.51
-96.2826,31.9232#53.33#29.06#17.61
-96.2292,31.9236#53.23#29.06#17.71
-96.1758,31.924#53.13#29.06#17.81
-96.1224,31.9244#53.03#29.06#17.91
-96.069,31.9247#52.93#29.06#18.01
-96.0156,31.9251#52.83#29.05#18.12
-95.9621,31.9254#52.73#29.05#18.22
-95.9087,31.9257#52.63#29.06#18.31
-95.8553,31.926#52.53#29.06#18.41
-95.8019,31.9263#52.43#29.06#18.51
-95.7485,31.9266#52.33#29.06#18.61
-95.6951,31.9268#52.23#29.06#18.71
-95.6417,31.927#52.13#29.06#18.81
-95.5883,31.9272#52.04#29.06#18.9
-95.5349,31.9274#51.94#29.06#19
-95.4814,31.9276#51.83#29.07#19.1
-95.428,31.9277#51.73#29.07#19.2
-95.3746,31.9279#51.62#29.07#19.31
-95.3212,31.928#51.51#29.07#19.42
-95.2678,31.9281#51.4#29.07#19.53
-95.2144,31.9282#51.3#29.08#19.62
-95.161,31.9282#51.19#29.08#19.73
-95.1076,31.9283#51.08#29.08#19.84
-95.0542,31.9283#50.98#29.08#19.94
-95.0007,31.9283#50.87#29.08#20.05
-94.9473,31.9283#50.75#29.09#20.16
-94.8939,31.9283#50.64#29.09#20.27
-94.8405,31.9282#50.52#29.09#20.39
-94.7871,31.9282#50.4#29.09#20.51
-94.7337,31.9281#50.29#29.09#20.62
-94.6803,31.928#50.17#29.1#20.73
-94.6269,31.9279#50.06#29.1#20.84
-94.5734,31.9278#49.94#29.1#20.96
-94.52,31.9276#49.83#29.1#21.07
-94.4666,31.9274#49.69#29.1#21.21
-94.4132,31.9272#49.53#29.11#21.36
-94.3598,31.927#49.37#29.11#21.52
-94.3064,31.9268#49.22#29.11#21.67
-94.253,31.9266#49.06#29.11#21.83
-94.1996,31.9263#48.9#29.11#21.99
-94.1462,31.926#48.75#29.12#22.13
-94.0927,31.9257#48.59#29.12#22.29
-94.0393,31.9254#48.44#29.12#22.44
-93.9859,31.9251#48.28#29.12#22.6
-93.9325,31.9248#48.1#29.13#22.77
-93.8791,31.9244#47.93#29.13#22.94
-93.8257,31.924#47.76#29.13#23.11
-93.7723,31.9236#47.59#29.13#23.28
-93.7189,31.9232#47.42#29.13#23.45
-93.6655,31.9227#47.24#29.14#23.62
-93.6121,31.9223#47.07#29.14#23.79
-93.5587,31.9218#46.9#29.14#23.96
-93.5053,31.9213#46.73#29.14#24.13
-93.4518,31.9208#46.52#29.14#24.34
-93.3984,31.9203#46.3#29.15#24.55
-93.345,31.9197#46.09#29.15#24.76
-93.2916,31.9192#45.88#29.15#24.97
-93.2382,31.9186#45.66#29.15#25.19
-93.1848,31.918#45.45#29.15#25.4
-93.1314,31.9174#45.23#29.16#25.61
-93.078,31.9168#45.02#29.16#25.82
-93.0246,31.9161#44.81#29.16#26.03
-92.9712,31.9154#44.61#29.16#26.23
-92.9178,31.9148#44.43#29.16#26.41
-92.8644,31.914#44.25#29.17#26.58
-92.811,31.9133#44.07#29.17#26.76
-92.7576,31.9126#43.89#29.17#26.94
-92.7042,31.9118#43.71#29.17#27.12
-92.6508,31.911#43.53#29.17#27.3
-92.5974,31.9103#43.35#29.17#27.48
-92.544,31.9094#43.17#29.18#27.65
-92.4906,31.9086#42.98#29.18#27.84
-92.4373,31.9078#42.8#29.18#28.02
-92.3839,31.9069#42.61#29.18#28.21
-92.3305,31.906#42.42#29.18#28.4
-92.2771,31.9051#42.24#29.19#28.57
-92.2237,31.9042#42.05#29.19#28.76
-92.1703,31.9033#41.86#29.19#28.95
-92.1169,31.9023#41.67#29.19#29.14
-92.0635,31.9013#41.49#29.19#29.32
-92.0101,31.9003#41.3#29.19#29.51
-99.8077,31.9013#58.99#29.28#11.73
-99.7544,31.9029#58.91#29.34#11.75
-99.701,31.9045#58.82#29.4#11.78
-99.6476,31.9061#58.74#29.46#11.8
-99.5943,31.9076#58.66#29.52#11.82
-99.5409,31.9091#58.58#29.58#11.84
-99.4875,31.9106#58.5#29.64#11.86
-99.4341,31.9121#58.42#29.71#11.87
-99.3808,31.9136#58.33#29.78#11.89
-99.3274,31.9151#58.25#29.85#11.9
-99.274,31.9165#58.17#29.91#11.92
-99.2206,31.9179#58.08#29.98#11.94
-99.1672,31.9193#58#30.05#11.95
-99.1138,31.9207#57.92#30.12#11.96
-99.0605,31.9221#57.83#30.18#11.99
-99.0071,31.9234#57.75#30.25#12
-98.9537,31.9247#57.67#30.29#12.04
-98.9003,31.9261#57.58#30.32#12.1
-98.8469,31.9274#57.5#30.35#12.15
-98.7935,31.9286#57.41#30.38#12.21
-98.7401,31.9299#57.33#30.41#12.26
-98.6867,31.9311#57.25#30.44#12.31
-98.6333,31.9324#57.16#30.47#12.37
-98.5799,31.9336#57.08#30.5#12.42
-98.5265,31.9347#56.99#30.53#12.48
-98.4731,31.9359#56.91#30.51#12.58
-98.4197,31.9371#56.82#30.45#12.73
-98.3663,31.9382#56.74#30.4#12.86
-98.3129,31.9393#56.65#30.34#13.01
-98.2595,31.9404#56.57#30.28#13.15
-98.2061,31.9415#56.48#30.22#13.3
-98.1527,31.9426#56.39#30.16#13.45
-98.0993,31.9436#56.31#30.1#13.59
-98.0459,31.9446#56.22#30.04#13.74
-97.9925,31.9456#56.14#29.98#13.88
-97.9391,31.9466#56.05#29.92#14.03
-97.8857,31.9476#55.96#29.85#14.19
-97.8323,31.9486#55.87#29.78#14.35
-97.7789,31.9495#55.78#29.72#14.5
-97.7255,31.9504#55.69#29.65#14.66
-97.6721,31.9513#55.61#29.58#14.81
-97.6186,31.9522#55.52#29.52#14.96
-97.5652,31.9531#55.43#29.45#15.12
-97.5118,31.9539#55.34#29.38#15.28
-97.4584,31.9548#55.25#29.35#15.4
-97.405,31.9556#55.16#29.33#15.51
-97.3516,31.9564#55.07#29.31#15.62
-97.2982,31.9571#54.99#29.28#15.73
-97.2447,31.9579#54.9#29.26#15.84
-97.1913,31.9586#54.81#29.24#15.95
-97.1379,31.9594#54.72#29.22#16.06
-97.0845,31.9601#54.63#29.19#16.18
-97.0311,31.9608#54.54#29.17#16.29
-96.9776,31.9614#54.45#29.15#16.4
-96.9242,31.9621#54.36#29.15#16.49
-96.8708,31.9627#54.27#29.14#16.59
-96.8174,31.9633#54.17#29.13#16.7
-96.7639,31.9639#54.08#29.13#16.79
-96.7105,31.9645#53.99#29.12#16.89
-96.6571,31.9651#53.89#29.11#17
-96.6037,31.9656#53.8#29.11#17.09
-96.5502,31.9661#53.71#29.1#17.19
-96.4968,31.9667#53.61#29.09#17.3
-96.4434,31.9671#53.51#29.09#17.4
-96.39,31.9676#53.41#29.09#17.5
-96.3365,31.9681#53.31#29.09#17.6
-96.2831,31.9685#53.21#29.09#17.7
-96.2297,31.9689#53.12#29.09#17.79
-96.1762,31.9693#53.02#29.09#17.89
-96.1228,31.9697#52.92#29.09#17.99
-96.0694,31.9701#52.82#29.08#18.1
-96.016,31.9704#52.72#29.08#18.2
-95.9625,31.9708#52.62#29.08#18.3
-95.9091,31.9711#52.52#29.08#18.4
-95.8557,31.9714#52.42#29.09#18.49
-95.8022,31.9717#52.32#29.09#18.59
-95.7488,31.9719#52.22#29.09#18.69
-95.6954,31.9722#52.12#29.09#18.79
-95.6419,31.9724#52.02#29.09#18.89
-95.5885,31.9726#51.92#29.09#18.99
-95.5351,31.9728#51.82#29.09#19.09
-95.4816,31.9729#51.72#29.09#19.19
-95.4282,31.9731#51.61#29.1#19.29
-95.3748,31.9732#51.5#29.1#19.4
-95.3213,31.9733#51.39#29.1#19.51
-95.2679,31.9734#51.28#29.1#19.62
-95.2145,31.9735#51.18#29.1#19.72
-95.161,31.9736#51.07#29.11#19.82
-95.1076,31.9736#50.96#29.11#19.93
-95.0542,31.9737#50.85#29.11#20.04
-95.0007,31.9737#50.74#29.11#20.15
-94.9473,31.9737#50.62#29.11#20.27
-94.8939,31.9736#50.5#29.12#20.38
-94.8404,31.9736#50.38#29.12#20.5
-94.787,31.9735#50.25#29.12#20.63
-94.7336,31.9734#50.13#29.12#20.75
-94.6801,31.9733#50.01#29.12#20.87
-94.6267,31.9732#49.89#29.13#20.98
-94.5733,31.9731#49.76#29.13#21.11
-94.5198,31.9729#49.64#29.13#21.23
-94.4664,31.9728#49.5#29.13#21.37
-94.413,31.9726#49.34#29.13#21.53
-94.3595,31.9724#49.18#29.14#21.68
-94.3061,31.9722#49.02#29.14#21.84
-94.2527,31.9719#48.86#29.14#22
-94.1992,31.9717#48.71#29.14#22.15
-94.1458,31.9714#48.55#29.14#22.31
-94.0924,31.9711#48.39#29.15#22.46
-94.039,31.9708#48.23#29.15#22.62
-93.9855,31.9704#48.07#29.15#22.78
-93.9321,31.9701#47.9#29.15#22.95
-93.8787,31.9697#47.73#29.15#23.12
-93.8252,31.9694#47.55#29.16#23.29
-93.7718,31.9689#47.38#29.16#23.46
-93.7184,31.9685#47.21#29.16#23.63
-93.6649,31.9681#47.04#29.16#23.8
-93.6115,31.9676#46.87#29.16#23.97
-93.5581,31.9672#46.69#29.17#24.14
-93.5047,31.9667#46.52#29.17#24.31
-93.4512,31.9662#46.32#29.17#24.51
-93.3978,31.9656#46.11#29.17#24.72
-93.3444,31.9651#45.9#29.17#24.93
-93.291,31.9645#45.69#29.18#25.13
-93.2375,31.9639#45.48#29.18#25.34
-93.1841,31.9634#45.27#29.18#25.55
-93.1307,31.9627#45.07#29.18#25.75
-93.0773,31.9621#44.86#29.18#25.96
-93.0238,31.9614#44.65#29.19#26.16
-92.9704,31.9608#44.45#29.19#26.36
-92.917,31.9601#44.27#29.19#26.54
-92.8636,31.9594#44.09#29.19#26.72
-92.8102,31.9587#43.91#29.19#26.9
-92.7567,31.9579#43.73#29.2#27.07
-92.7033,31.9572#43.54#29.2#27.26
-92.6499,31.9564#43.36#29.2#27.44
-92.5965,31.9556#43.18#29.2#27.62
-92.5431,31.9548#43#29.2#27.8
-92.4897,31.9539#42.82#29.2#27.98
-92.4362,31.9531#42.63#29.21#28.16
-92.3828,31.9522#42.44#29.21#28.35
-92.3294,31.9514#42.26#29.21#28.53
-92.276,31.9504#42.07#29.21#28.72
-92.2226,31.9495#41.88#29.21#28.91
-92.1692,31.9486#41.69#29.22#29.09
-92.1158,31.9476#41.51#29.22#29.27
-92.0624,31.9467#41.32#29.22#29.46
-92.009,31.9457#41.13#29.22#29.65
-91.9555,31.9447#40.97#29.22#29.81
-91.9021,31.9436#40.8#29.22#29.98
-91.8487,31.9426#40.64#29.23#30.13
-91.7953,31.9415#40.47#29.23#30.3
-91.7419,31.9404#40.31#29.23#30.46
-91.6885,31.9394#40.15#29.23#30.62
-91.6351,31.9382#39.98#29.23#30.79
-91.5817,31.9371#39.82#29.23#30.95
-91.5283,31.9359#39.65#29.24#31.11
-91.4749,31.9348#39.49#29.24#31.27
-91.4215,31.9336#39.32#29.24#31.44
-91.3681,31.9324#39.16#29.24#31.6
-91.3147,31.9312#38.99#29.24#31.77
-91.2613,31.9299#38.83#29.24#31.93
-91.208,31.9287#38.66#29.25#32.09
-91.1546,31.9274#38.5#29.25#32.25
-91.1012,31.9261#38.33#29.25#32.42
-91.0478,31.9248#38.17#29.25#32.58
-90.9944,31.9235#38.01#29.25#32.74
-90.941,31.9221#37.84#29.25#32.91
-90.8876,31.9207#37.68#29.26#33.06
-90.8342,31.9194#37.52#29.26#33.22
-90.7809,31.918#37.36#29.26#33.38
-90.7275,31.9165#37.2#29.26#33.54
-90.6741,31.9151#37.04#29.26#33.7
-90.6207,31.9136#36.88#29.26#33.86
-90.5673,31.9122#36.72#29.26#34.02
-90.514,31.9107#36.55#29.27#34.18
-90.4606,31.9092#36.39#29.27#34.34
-90.4072,31.9076#36.23#29.27#34.5
-90.3539,31.9061#36.07#29.27#34.66
-90.3005,31.9045#35.91#29.27#34.82
-90.2471,31.903#35.75#29.27#34.98
-90.1937,31.9014#35.58#29.27#35.15
-101.144,31.9009#60.01#29.02#10.97
-101.09,31.9029#60.18#29.03#10.79
-101.037,31.9049#60.35#29.03#10.62
-100.984,31.9069#60.46#29.03#10.51
-100.93,31.9089#60.43#29.04#10.53
-100.877,31.9109#60.4#29.04#10.56
-100.824,31.9129#60.37#29.05#10.58
-100.77,31.9148#60.34#29.05#10.61
-100.717,31.9167#60.31#29.05#10.64
-100.664,31.9186#60.28#29.06#10.66
-100.61,31.9205#60.25#29.06#10.69
-100.557,31.9224#60.22#29.06#10.72
-100.504,31.9242#60.19#29.07#10.74
-100.45,31.9261#60.08#29.07#10.85
-100.397,31.9279#59.97#29.07#10.96
-100.343,31.9297#59.86#29.08#11.06
-100.29,31.9314#59.75#29.08#11.17
-100.237,31.9332#59.64#29.08#11.28
-100.183,31.9349#59.53#29.09#11.38
-100.13,31.9367#59.42#29.09#11.49
-100.077,31.9384#59.31#29.09#11.6
-100.023,31.9401#59.2#29.1#11.7
-99.9698,31.9417#59.11#29.13#11.76
-99.9164,31.9434#59.03#29.19#11.78
-99.863,31.945#58.95#29.25#11.8
-99.8096,31.9466#58.86#29.31#11.83
-99.7562,31.9482#58.78#29.37#11.85
-99.7028,31.9498#58.7#29.43#11.87
-99.6495,31.9514#58.62#29.49#11.89
-99.5961,31.9529#58.54#29.55#11.91
-99.5427,31.9544#58.46#29.61#11.93
-99.4893,31.956#58.38#29.67#11.95
-99.4359,31.9574#58.29#29.74#11.97
-99.3825,31.9589#58.21#29.81#11.98
-99.3291,31.9604#58.13#29.87#12
-99.2757,31.9618#58.04#29.94#12.02
-99.2223,31.9632#57.96#30.01#12.03
-99.1689,31.9646#57.88#30.07#12.05
-99.1155,31.966#57.8#30.14#12.06
-99.0621,31.9674#57.71#30.2#12.09
-99.0087,31.9687#57.63#30.27#12.1
-98.9552,31.9701#57.55#30.31#12.14
-98.9018,31.9714#57.46#30.34#12.2
-98.8484,31.9727#57.38#30.37#12.25
-98.795,31.974#57.29#30.4#12.31
-98.7416,31.9752#57.21#30.43#12.36
-98.6882,31.9765#57.13#30.46#12.41
-98.6348,31.9777#57.04#30.49#12.47
-98.5814,31.9789#56.96#30.52#12.52
-98.5279,31.9801#56.88#30.55#12.57
-98.4745,31.9812#56.79#30.53#12.68
-98.4211,31.9824#56.71#30.47#12.82
-98.3677,31.9835#56.62#30.42#12.96
-98.3143,31.9847#56.53#30.36#13.11
-98.2608,31.9858#56.45#30.3#13.25
-98.2074,31.9868#56.36#30.24#13.4
-98.154,31.9879#56.28#30.18#13.54
-98.1006,31.9889#56.19#30.13#13.68
-98.0471,31.99#56.1#30.07#13.83
-97.9937,31.991#56.02#30.01#13.97
-97.9403,31.992#55.93#29.94#14.13
-97.8868,31.9929#55.84#29.88#14.28
-97.8334,31.9939#55.75#29.81#14.44
-97.78,31.9948#55.66#29.74#14.6
-97.7265,31.9958#55.58#29.68#14.74
-97.6731,31.9967#55.49#29.61#14.9
-97.6197,31.9975#55.4#29.55#15.05
-97.5662,31.9984#55.31#29.48#15.21
-97.5128,31.9993#55.22#29.41#15.37
-97.4594,32.0001#55.13#29.38#15.49
-97.4059,32.0009#55.05#29.36#15.59
-97.3525,32.0017#54.96#29.34#15.7
-97.2991,32.0025#54.87#29.31#15.82
-97.2456,32.0032#54.78#29.29#15.93
-97.1922,32.004#54.69#29.27#16.04
-97.1387,32.0047#54.6#29.24#16.16
-97.0853,32.0054#54.51#29.22#16.27
-97.0319,32.0061#54.43#29.2#16.37
-96.9784,32.0068#54.34#29.18#16.48
-96.925,32.0074#54.24#29.18#16.58
-96.8715,32.0081#54.15#29.17#16.68
-96.8181,32.0087#54.06#29.16#16.78
-96.7646,32.0093#53.96#29.16#16.88
-96.7112,32.0099#53.87#29.15#16.98
-96.6577,32.0104#53.78#29.14#17.08
-96.6043,32.011#53.68#29.13#17.19
-96.5509,32.0115#53.59#29.13#17.28
-96.4974,32.012#53.5#29.12#17.38
-96.444,32.0125#53.4#29.12#17.48
-96.3905,32.013#53.3#29.12#17.58
-96.3371,32.0134#53.2#29.12#17.68
-96.2836,32.0139#53.1#29.12#17.78
-96.2302,32.0143#53#29.12#17.88
-96.1767,32.0147#52.9#29.11#17.99
-96.1233,32.0151#52.8#29.11#18.09
-96.0698,32.0154#52.7#29.11#18.19
-96.0164,32.0158#52.6#29.11#18.29
-95.9629,32.0161#52.5#29.11#18.39
-95.9095,32.0164#52.4#29.11#18.49
-95.856,32.0167#52.3#29.11#18.59
-95.8025,32.017#52.2#29.12#18.68
-95.7491,32.0173#52.1#29.12#18.78
-95.6956,32.0175#52#29.12#18.88
-95.6422,32.0177#51.9#29.12#18.98
-95.5887,32.0179#51.8#29.12#19.08
-95.5353,32.0181#51.7#29.12#19.18
-95.4818,32.0183#51.6#29.12#19.28
-95.4284,32.0184#51.49#29.12#19.39
-95.3749,32.0186#51.38#29.13#19.49
-95.3215,32.0187#51.27#29.13#19.6
-95.268,32.0188#51.16#29.13#19.71
-95.2146,32.0189#51.06#29.13#19.81
-95.1611,32.0189#50.95#29.13#19.92
-95.1076,32.019#50.84#29.14#20.02
-95.0542,32.019#50.73#29.14#20.13
-95.0007,32.019#50.62#29.14#20.24
-94.9473,32.019#50.49#29.14#20.37
-94.8938,32.019#50.36#29.14#20.5
-94.8404,32.0189#50.23#29.15#20.62
-94.7869,32.0189#50.1#29.15#20.75
-94.7335,32.0188#49.97#29.15#20.88
-94.68,32.0187#49.84#29.15#21.01
-94.6266,32.0186#49.71#29.15#21.14
-94.5731,32.0184#49.58#29.16#21.26
-94.5197,32.0183#49.45#29.16#21.39
-94.4662,32.0181#49.31#29.16#21.53
-94.4127,32.0179#49.15#29.16#21.69
-94.3593,32.0177#48.99#29.16#21.85
-94.3058,32.0175#48.83#29.17#22
-94.2524,32.0173#48.67#29.17#22.16
-94.1989,32.017#48.51#29.17#22.32
-94.1455,32.0167#48.35#29.17#22.48
-94.092,32.0164#48.19#29.17#22.64
-94.0386,32.0161#48.03#29.18#22.79
-93.9851,32.0158#47.87#29.18#22.95
-93.9317,32.0154#47.69#29.18#23.13
-93.8782,32.0151#47.52#29.18#23.3
-93.8248,32.0147#47.35#29.18#23.47
-93.7713,32.0143#47.18#29.19#23.63
-93.7179,32.0139#47#29.19#23.81
-93.6644,32.0134#46.83#29.19#23.98
-93.611,32.013#46.66#29.19#24.15
-93.5575,32.0125#46.49#29.19#24.32
-93.5041,32.012#46.32#29.2#24.48
-93.4506,32.0115#46.12#29.2#24.68
-93.3972,32.011#45.91#29.2#24.89
-93.3437,32.0104#45.71#29.2#25.09
-93.2903,32.0099#45.51#29.2#25.29
-93.2368,32.0093#45.3#29.2#25.5
-93.1834,32.0087#45.1#29.21#25.69
-93.13,32.0081#44.9#29.21#25.89
-93.0765,32.0074#44.69#29.21#26.1
-93.0231,32.0068#44.49#29.21#26.3
-92.9696,32.0061#44.3#29.21#26.49
-92.9162,32.0054#44.11#29.22#26.67
-92.8627,32.0047#43.93#29.22#26.85
-92.8093,32.004#43.75#29.22#27.03
-92.7559,32.0033#43.56#29.22#27.22
-92.7024,32.0025#43.38#29.22#27.4
-92.649,32.0017#43.2#29.23#27.57
-92.5955,32.0009#43.01#29.23#27.76
-92.5421,32.0001#42.83#29.23#27.94
-92.4887,31.9993#42.65#29.23#28.12
-92.4352,31.9984#42.46#29.23#28.31
-92.3818,31.9976#42.27#29.23#28.5
-92.3284,31.9967#42.09#29.24#28.67
-92.2749,31.9958#41.9#29.24#28.86
-92.2215,31.9949#41.71#29.24#29.05
-92.1681,31.9939#41.53#29.24#29.23
-92.1146,31.993#41.34#29.24#29.42
-92.0612,31.992#41.15#29.24#29.61
-92.0078,31.991#40.97#29.25#29.78
-91.9543,31.99#40.8#29.25#29.95
-91.9009,31.989#40.63#29.25#30.12
-91.8475,31.9879#40.47#29.25#30.28
-91.7941,31.9869#40.3#29.25#30.45
-91.7406,31.9858#40.14#29.25#30.61
-91.6872,31.9847#39.98#29.26#30.76
-91.6338,31.9836#39.81#29.26#30.93
-91.5804,31.9824#39.65#29.26#31.09
-91.527,31.9813#39.48#29.26#31.26
-91.4735,31.9801#39.32#29.26#31.42
-91.4201,31.9789#39.15#29.26#31.59
-91.3667,31.9777#38.99#29.27#31.74
-91.3133,31.9765#38.82#29.27#31.91
-91.2599,31.9753#38.66#29.27#32.07
-91.2065,31.974#38.49#29.27#32.24
-91.1531,31.9727#38.33#29.27#32.4
-91.0996,31.9714#38.16#29.27#32.57
-91.0462,31.9701#38#29.28#32.72
-90.9928,31.9688#37.83#29.28#32.89
-90.9394,31.9674#37.67#29.28#33.05
-90.886,31.9661#37.51#29.28#33.21
-90.8326,31.9647#37.35#29.28#33.37
-90.7792,31.9633#37.19#29.28#33.53
-90.7258,31.9619#37.03#29.28#33.69
-90.6724,31.9604#36.86#29.29#33.85
-90.619,31.959#36.7#29.29#34.01
-90.5656,31.9575#36.54#29.29#34.17
-90.5122,31.956#36.38#29.29#34.33
-90.4588,31.9545#36.22#29.29#34.49
-90.4054,31.953#36.06#29.29#34.65
-90.352,31.9514#35.9#29.29#34.81
-90.2986,31.9499#35.74#29.3#34.96
-90.2452,31.9483#35.57#29.3#35.13
-90.1919,31.9467#35.41#29.3#35.29
-90.1385,31.9451#35.25#29.3#35.45
-90.0851,31.9434#35.09#29.3#35.61
-90.0317,31.9418#34.93#29.3#35.77
-89.9783,31.9401#34.74#29.3#35.96
-89.9249,31.9384#34.52#29.3#36.18
-89.8716,31.9367#34.3#29.31#36.39
-89.8182,31.935#34.07#29.31#36.62
-89.7648,31.9332#33.85#29.31#36.84
-89.7114,31.9315#33.62#29.31#37.07
-89.6581,31.9297#33.4#29.31#37.29
-89.6047,31.9279#33.17#29.31#37.52
-89.5513,31.9261#32.94#29.31#37.75
-89.498,31.9243#32.72#29.31#37.97
-89.4446,31.9224#32.5#29.31#38.19
-89.3912,31.9206#32.29#29.32#38.39
-89.3379,31.9187#32.08#29.32#38.6
-89.2845,31.9168#31.87#29.32#38.81
-89.2311,31.9149#31.66#29.32#39.02
-89.1778,31.9129#31.45#29.32#39.23
-89.1244,31.911#31.24#29.32#39.44
-89.0711,31.909#31.03#29.32#39.65
-89.0177,31.907#30.82#29.32#39.86
-88.9644,31.905#30.63#29.32#40.05
-88.911,31.903#30.44#29.33#40.23
-88.8577,31.9009#30.26#29.33#40.41
-102.213,31.9015#56.62#28.99#14.39
-102.16,31.9039#56.79#28.99#14.22
-102.106,31.9063#56.97#29#14.03
-102.053,31.9087#57.14#29#13.86
-102,31.911#57.31#29.01#13.68
-101.946,31.9133#57.46#29.01#13.53
-101.893,31.9157#57.61#29.01#13.38
-101.84,31.918#57.76#29.02#13.22
-101.786,31.9202#57.91#29.02#13.07
-101.733,31.9225#58.06#29.03#12.91
-101.68,31.9247#58.21#29.03#12.76
-101.626,31.927#58.36#29.03#12.61
-101.573,31.9292#58.51#29.04#12.45
-101.52,31.9313#58.66#29.04#12.3
-101.466,31.9335#58.82#29.04#12.14
-101.413,31.9357#59#29.05#11.95
-101.36,31.9378#59.17#29.05#11.78
-101.306,31.9399#59.34#29.06#11.6
-101.253,31.942#59.51#29.06#11.43
-101.2,31.9441#59.67#29.06#11.27
-101.146,31.9462#59.84#29.07#11.09
-101.093,31.9482#60.01#29.07#10.92
-101.039,31.9502#60.18#29.07#10.75
-100.986,31.9522#60.3#29.08#10.62
-100.933,31.9542#60.27#29.08#10.65
-100.879,31.9562#60.23#29.09#10.68
-100.826,31.9582#60.2#29.09#10.71
-100.773,31.9601#60.17#29.09#10.74
-100.719,31.962#60.14#29.1#10.76
-100.666,31.9639#60.11#29.1#10.79
-100.612,31.9658#60.08#29.1#10.82
-100.559,31.9677#60.05#29.11#10.84
-100.506,31.9695#60.02#29.11#10.87
-100.452,31.9714#59.92#29.11#10.97
-100.399,31.9732#59.81#29.12#11.07
-100.346,31.975#59.71#29.12#11.17
-100.292,31.9767#59.6#29.12#11.28
-100.239,31.9785#59.5#29.13#11.37
-100.185,31.9803#59.39#29.13#11.48
-100.132,31.982#59.29#29.13#11.58
-100.079,31.9837#59.18#29.14#11.68
-100.025,31.9854#59.08#29.14#11.78
-99.9717,31.987#58.99#29.17#11.84
-99.9183,31.9887#58.91#29.23#11.86
-99.8649,31.9903#58.82#29.29#11.89
-99.8115,31.9919#58.74#29.35#11.91
-99.7581,31.9935#58.66#29.41#11.93
-99.7047,31.9951#58.58#29.47#11.95
-99.6513,31.9967#58.5#29.53#11.97
-99.5979,31.9982#58.42#29.59#11.99
-99.5445,31.9998#58.34#29.65#12.01
-99.491,32.0013#58.26#29.7#12.04
-99.4376,32.0028#58.17#29.77#12.06
-99.3842,32.0042#58.09#29.84#12.07
-99.3308,32.0057#58.01#29.9#12.09
-99.2774,32.0071#57.92#29.97#12.11
-99.2239,32.0086#57.84#30.03#12.13
-99.1705,32.01#57.76#30.1#12.14
-99.1171,32.0113#57.68#30.16#12.16
-99.0637,32.0127#57.59#30.23#12.18
-99.0102,32.0141#57.51#30.29#12.2
-98.9568,32.0154#57.43#30.33#12.24
-98.9034,32.0167#57.34#30.36#12.3
-98.8499,32.018#57.26#30.39#12.35
-98.7965,32.0193#57.18#30.42#12.4
-98.7431,32.0205#57.09#30.45#12.46
-98.6896,32.0218#57.01#30.48#12.51
-98.6362,32.023#56.93#30.5#12.57
-98.5828,32.0242#56.84#30.53#12.63
-98.5293,32.0254#56.76#30.56#12.68
-98.4759,32.0266#56.67#30.55#12.78
-98.4224,32.0277#56.59#30.5#12.91
-98.369,32.0289#56.5#30.44#13.06
-98.3156,32.03#56.42#30.38#13.2
-98.2621,32.0311#56.33#30.32#13.35
-98.2087,32.0322#56.24#30.26#13.5
-98.1552,32.0332#56.16#30.21#13.63
-98.1018,32.0343#56.07#30.15#13.78
-98.0483,32.0353#55.99#30.09#13.92
-97.9949,32.0363#55.9#30.03#14.07
-97.9414,32.0373#55.81#29.97#14.22
-97.888,32.0383#55.72#29.9#14.38
-97.8345,32.0392#55.63#29.84#14.53
-97.7811,32.0402#55.55#29.77#14.68
-97.7276,32.0411#55.46#29.7#14.84
-97.6742,32.042#55.37#29.64#14.99
-97.6207,32.0429#55.28#29.57#15.15
-97.5673,32.0437#55.19#29.51#15.3
-97.5138,32.0446#55.1#29.44#15.46
-97.4603,32.0454#55.02#29.41#15.57
-97.4069,32.0462#54.93#29.39#15.68
-97.3534,32.047#54.84#29.36#15.8
-97.3,32.0478#54.75#29.34#15.91
-97.2465,32.0486#54.66#29.32#16.02
-97.193,32.0493#54.57#29.3#16.13
-97.1396,32.05#54.48#29.27#16.25
-97.0861,32.0507#54.4#29.25#16.35
-97.0327,32.0514#54.31#29.23#16.46
-96.9792,32.0521#54.22#29.21#16.57
-96.9257,32.0528#54.12#29.2#16.68
-96.8723,32.0534#54.03#29.2#16.77
-96.8188,32.054#53.94#29.19#16.87
-96.7653,32.0546#53.84#29.18#16.98
-96.7119,32.0552#53.75#29.18#17.07
-96.6584,32.0558#53.66#29.17#17.17
-96.6049,32.0563#53.56#29.16#17.28
-96.5515,32.0568#53.47#29.16#17.37
-96.498,32.0573#53.38#29.15#17.47
-96.4445,32.0578#53.28#29.15#17.57
-96.3911,32.0583#53.18#29.15#17.67
-96.3376,32.0588#53.08#29.15#17.77
-96.2841,32.0592#52.98#29.15#17.87
-96.2306,32.0596#52.88#29.14#17.98
-96.1772,32.06#52.79#29.14#18.07
-96.1237,32.0604#52.69#29.14#18.17
-96.0702,32.0608#52.59#29.14#18.27
-96.0168,32.0611#52.49#29.14#18.37
-95.9633,32.0614#52.39#29.14#18.47
-95.9098,32.0618#52.29#29.14#18.57
-95.8563,32.0621#52.19#29.14#18.67
-95.8029,32.0623#52.09#29.14#18.77
-95.7494,32.0626#51.99#29.15#18.86
-95.6959,32.0628#51.89#29.15#18.96
-95.6424,32.0631#51.79#29.15#19.06
-95.589,32.0633#51.69#29.15#19.16
-95.5355,32.0635#51.59#29.15#19.26
-95.482,32.0636#51.48#29.15#19.37
-95.4285,32.0638#51.37#29.15#19.48
-95.3751,32.0639#51.26#29.15#19.59
-95.3216,32.064#51.15#29.16#19.69
-95.2681,32.0641#51.04#29.16#19.8
-95.2146,32.0642#50.93#29.16#19.91
-95.1612,32.0643#50.82#29.16#20.02
-95.1077,32.0643#50.72#29.16#20.12
-95.0542,32.0643#50.61#29.17#20.22
-95.0007,32.0643#50.5#29.17#20.33
-94.9473,32.0643#50.36#29.17#20.47
-94.8938,32.0643#50.22#29.17#20.61
-94.8403,32.0643#50.09#29.17#20.74
-94.7868,32.0642#49.95#29.18#20.87
-94.7334,32.0641#49.81#29.18#21.01
-94.6799,32.064#49.68#29.18#21.14
-94.6264,32.0639#49.54#29.18#21.28
-94.5729,32.0638#49.4#29.18#21.42
-94.5195,32.0636#49.27#29.19#21.54
-94.466,32.0635#49.12#29.19#21.69
-94.4125,32.0633#48.95#29.19#21.86
-94.359,32.0631#48.79#29.19#22.02
-94.3056,32.0628#48.63#29.19#22.18
-94.2521,32.0626#48.47#29.2#22.33
-94.1986,32.0623#48.31#29.2#22.49
-94.1451,32.0621#48.15#29.2#22.65
-94.0917,32.0618#47.99#29.2#22.81
-94.0382,32.0615#47.83#29.2#22.97
-93.9847,32.0611#47.66#29.2#23.14
-93.9313,32.0608#47.49#29.21#23.3
-93.8778,32.0604#47.32#29.21#23.47
-93.8243,32.06#47.14#29.21#23.65
-93.7708,32.0596#46.97#29.21#23.82
-93.7174,32.0592#46.8#29.21#23.99
-93.6639,32.0588#46.63#29.22#24.15
-93.6104,32.0583#46.45#29.22#24.33
-93.557,32.0578#46.28#29.22#24.5
-93.5035,32.0573#46.11#29.22#24.67
-93.45,32.0568#45.91#29.22#24.87
-93.3965,32.0563#45.72#29.23#25.05
-93.3431,32.0558#45.52#29.23#25.25
-93.2896,32.0552#45.32#29.23#25.45
-93.2361,32.0546#45.12#29.23#25.65
-93.1827,32.054#44.93#29.23#25.84
-93.1292,32.0534#44.73#29.24#26.03
-93.0757,32.0528#44.53#29.24#26.23
-93.0223,32.0521#44.33#29.24#26.43
-92.9688,32.0515#44.14#29.24#26.62
-92.9154,32.0508#43.96#29.24#26.8
-92.8619,32.0501#43.77#29.24#26.99
-92.8084,32.0493#43.59#29.25#27.16
-92.755,32.0486#43.4#29.25#27.35
-92.7015,32.0478#43.22#29.25#27.53
-92.6481,32.0471#43.03#29.25#27.72
-92.5946,32.0463#42.85#29.25#27.9
-92.5411,32.0454#42.66#29.25#28.09
-92.4877,32.0446#42.48#29.26#28.26
-92.4342,32.0438#42.29#29.26#28.45
-92.3808,32.0429#42.11#29.26#28.63
-92.3273,32.042#41.92#29.26#28.82
-92.2739,32.0411#41.73#29.26#29.01
-92.2204,32.0402#41.55#29.27#29.18
-92.1669,32.0393#41.36#29.27#29.37
-92.1135,32.0383#41.17#29.27#29.56
-92.06,32.0373#40.99#29.27#29.74
-92.0066,32.0363#40.8#29.27#29.93
-91.9531,32.0353#40.63#29.27#30.1
-91.8997,32.0343#40.47#29.28#30.25
-91.8463,32.0333#40.3#29.28#30.42
-91.7928,32.0322#40.14#29.28#30.58
-91.7394,32.0311#39.97#29.28#30.75
-91.6859,32.03#39.81#29.28#30.91
-91.6325,32.0289#39.64#29.28#31.08
-91.579,32.0278#39.48#29.28#31.24
-91.5256,32.0266#39.31#29.29#31.4
-91.4721,32.0254#39.15#29.29#31.56
-91.4187,32.0242#38.98#29.29#31.73
-91.3653,32.023#38.81#29.29#31.9
-91.3118,32.0218#38.65#29.29#32.06
-91.2584,32.0206#38.48#29.29#32.23
-91.205,32.0193#38.32#29.3#32.38
-91.1515,32.018#38.15#29.3#32.55
-91.0981,32.0167#37.99#29.3#32.71
-91.0447,32.0154#37.82#29.3#32.88
-90.9912,32.0141#37.66#29.3#33.04
-90.9378,32.0128#37.5#29.3#33.2
-90.8844,32.0114#37.34#29.3#33.36
-90.831,32.01#37.18#29.31#33.51
-90.7775,32.0086#37.01#29.31#33.68
-90.7241,32.0072#36.85#29.31#33.84
-90.6707,32.0057#36.69#29.31#34
-90.6173,32.0043#36.53#29.31#34.16
-90.5639,32.0028#36.37#29.31#34.32
-90.5104,32.0013#36.21#29.31#34.48
-90.457,31.9998#36.05#29.32#34.63
-90.4036,31.9983#35.89#29.32#34.79
-90.3502,31.9967#35.73#29.32#34.95
-90.2968,31.9952#35.56#29.32#35.12
-90.2434,31.9936#35.4#29.32#35.28
-90.19,31.992#35.24#29.32#35.44
-90.1366,31.9904#35.08#29.32#35.6
-90.0831,31.9887#34.92#29.32#35.76
-90.0297,31.9871#34.76#29.33#35.91
-89.9763,31.9854#34.58#29.33#36.09
-89.9229,31.9837#34.36#29.33#36.31
-89.8695,31.982#34.15#29.33#36.52
-89.8161,31.9803#33.93#29.33#36.74
-89.7627,31.9786#33.71#29.33#36.96
-89.7093,31.9768#33.5#29.33#37.17
-89.656,31.975#33.28#29.33#37.39
-89.6026,31.9732#33.06#29.34#37.6
-89.5492,31.9714#32.84#29.34#37.82
-89.4958,31.9696#32.63#29.34#38.03
-89.4424,31.9677#32.41#29.34#38.25
-89.389,31.9659#32.2#29.34#38.46
-89.3356,31.964#31.99#29.34#38.67
-89.2822,31.9621#31.78#29.34#38.88
-89.2289,31.9602#31.57#29.34#39.09
-89.1755,31.9582#31.35#29.34#39.31
-89.1221,31.9563#31.14#29.34#39.52
-89.0687,31.9543#30.93#29.35#39.72
-89.0154,31.9523#30.72#29.35#39.93
-88.962,31.9503#30.53#29.35#40.12
-88.9086,31.9483#30.35#29.35#40.3
-88.8553,31.9462#30.16#29.35#40.49
-88.8019,31.9442#29.98#29.35#40.67
-88.7485,31.9421#29.79#29.35#40.86
-88.6952,31.94#29.61#29.35#41.04
-88.6418,31.9379#29.42#29.35#41.23
-88.5885,31.9357#29.24#29.36#41.4
-88.5351,31.9336#29.05#29.36#41.59
-88.4817,31.9314#28.89#29.36#41.75
-88.4284,31.9292#28.78#29.36#41.86
-88.375,31.927#28.67#29.36#41.97
-88.3217,31.9248#28.56#29.36#42.08
-88.2684,31.9225#28.45#29.36#42.19
-88.215,31.9203#28.33#29.36#42.31
-88.1617,31.918#28.22#29.36#42.42
-88.1083,31.9157#28.11#29.36#42.53
-88.055,31.9134#27.99#29.37#42.64
-88.0017,31.9111#27.88#29.37#42.75
-87.9483,31.9087#27.84#29.37#42.79
-87.895,31.9064#27.8#29.37#42.83
-87.8417,31.904#27.75#29.37#42.88
-87.7883,31.9016#27.71#29.37#42.92
-103.176,31.9005#53.26#28.96#17.78
-103.122,31.9032#53.44#28.96#17.6
-103.069,31.9059#53.63#28.97#17.4
-103.016,31.9086#53.81#28.97#17.22
-102.963,31.9113#53.99#28.98#17.03
-102.909,31.9139#54.18#28.98#16.84
-102.856,31.9166#54.36#28.98#16.66
-102.803,31.9192#54.54#28.99#16.47
-102.749,31.9218#54.73#28.99#16.28
-102.696,31.9244#54.91#29#16.09
-102.643,31.9269#55.09#29#15.91
-102.589,31.9295#55.28#29#15.72
-102.536,31.932#55.46#29.01#15.53
-102.483,31.9345#55.64#29.01#15.35
-102.429,31.937#55.81#29.02#15.17
-102.376,31.9395#55.98#29.02#15
-102.323,31.9419#56.15#29.03#14.82
-102.269,31.9444#56.32#29.03#14.65
-102.216,31.9468#56.49#29.03#14.48
-102.163,31.9492#56.66#29.04#14.3
-102.109,31.9516#56.83#29.04#14.13
-102.056,31.954#57#29.05#13.95
-102.003,31.9563#57.18#29.05#13.77
-101.949,31.9586#57.33#29.05#13.62
-101.896,31.9609#57.48#29.06#13.46
-101.842,31.9632#57.63#29.06#13.31
-101.789,31.9655#57.78#29.06#13.16
-101.736,31.9678#57.93#29.07#13
-101.682,31.97#58.08#29.07#12.85
-101.629,31.9722#58.23#29.08#12.69
-101.576,31.9745#58.38#29.08#12.54
-101.522,31.9766#58.53#29.08#12.39
-101.469,31.9788#58.69#29.09#12.22
-101.416,31.981#58.86#29.09#12.05
-101.362,31.9831#59.02#29.1#11.88
-101.309,31.9852#59.19#29.1#11.71
-101.255,31.9873#59.35#29.1#11.55
-101.202,31.9894#59.52#29.11#11.37
-101.149,31.9915#59.68#29.11#11.21
-101.095,31.9935#59.85#29.11#11.04
-101.042,31.9955#60.01#29.12#10.87
-100.988,31.9975#60.13#29.12#10.75
-100.935,31.9995#60.1#29.12#10.78
-100.882,32.0015#60.07#29.13#10.8
-100.828,32.0035#60.04#29.13#10.83
-100.775,32.0054#60.01#29.13#10.86
-100.721,32.0073#59.97#29.14#10.89
-100.668,32.0092#59.94#29.14#10.92
-100.615,32.0111#59.91#29.15#10.94
-100.561,32.013#59.88#29.15#10.97
-100.508,32.0148#59.85#29.15#11
-100.454,32.0167#59.76#29.16#11.08
-100.401,32.0185#59.66#29.16#11.18
-100.348,32.0203#59.55#29.16#11.29
-100.294,32.0221#59.45#29.17#11.38
-100.241,32.0238#59.35#29.17#11.48
-100.187,32.0256#59.25#29.17#11.58
-100.134,32.0273#59.15#29.18#11.67
-100.081,32.029#59.06#29.18#11.76
-100.027,32.0307#58.96#29.18#11.86
-99.9737,32.0324#58.87#29.21#11.92
-99.9203,32.034#58.79#29.27#11.94
-99.8668,32.0356#58.7#29.33#11.97
-99.8134,32.0373#58.62#29.39#11.99
-99.76,32.0389#58.54#29.45#12.01
-99.7066,32.0404#58.46#29.5#12.04
-99.6531,32.042#58.38#29.56#12.06
-99.5997,32.0436#58.3#29.62#12.08
-99.5463,32.0451#58.21#29.68#12.11
-99.4928,32.0466#58.13#29.74#12.13
-99.4394,32.0481#58.05#29.8#12.15
-99.3859,32.0496#57.97#29.86#12.17
-99.3325,32.051#57.89#29.93#12.18
-99.2791,32.0525#57.8#29.99#12.21
-99.2256,32.0539#57.72#30.06#12.22
-99.1722,32.0553#57.64#30.12#12.24
-99.1187,32.0567#57.56#30.19#12.25
-99.0653,32.058#57.47#30.25#12.28
-99.0118,32.0594#57.39#30.31#12.3
-98.9584,32.0607#57.31#30.35#12.34
-98.9049,32.062#57.23#30.38#12.39
-98.8515,32.0633#57.14#30.41#12.45
-98.798,32.0646#57.06#30.44#12.5
-98.7446,32.0659#56.97#30.47#12.56
-98.6911,32.0671#56.89#30.49#12.62
-98.6376,32.0683#56.81#30.52#12.67
-98.5842,32.0695#56.72#30.55#12.73
-98.5307,32.0707#56.64#30.58#12.78
-98.4773,32.0719#56.56#30.57#12.87
-98.4238,32.073#56.47#30.52#13.01
-98.3703,32.0742#56.38#30.46#13.16
-98.3169,32.0753#56.3#30.4#13.3
-98.2634,32.0764#56.21#30.34#13.45
-98.2099,32.0775#56.13#30.29#13.58
-98.1565,32.0785#56.04#30.23#13.73
-98.103,32.0796#55.96#30.17#13.87
-98.0495,32.0806#55.87#30.11#14.02
-97.9961,32.0816#55.78#30.06#14.16
-97.9426,32.0826#55.69#29.99#14.32
-97.8891,32.0836#55.61#29.93#14.46
-97.8356,32.0846#55.52#29.86#14.62
-97.7822,32.0855#55.43#29.8#14.77
-97.7287,32.0864#55.34#29.73#14.93
-97.6752,32.0873#55.25#29.67#15.08
-97.6217,32.0882#55.16#29.6#15.24
-97.5683,32.0891#55.07#29.54#15.39
-97.5148,32.0899#54.99#29.47#15.54
-97.4613,32.0908#54.9#29.44#15.66
-97.4078,32.0916#54.81#29.41#15.78
-97.3544,32.0924#54.72#29.39#15.89
-97.3009,32.0931#54.63#29.37#16
-97.2474,32.0939#54.54#29.35#16.11
-97.1939,32.0946#54.45#29.32#16.23
-97.1404,32.0954#54.37#29.3#16.33
-97.0869,32.0961#54.28#29.28#16.44
-97.0335,32.0968#54.19#29.26#16.55
-96.98,32.0974#54.1#29.24#16.66
-96.9265,32.0981#54#29.23#16.77
-96.873,32.0987#53.91#29.23#16.86
-96.8195,32.0993#53.82#29.22#16.96
-96.766,32.0999#53.72#29.21#17.07
-96.7125,32.1005#53.63#29.21#17.16
-96.6591,32.1011#53.54#29.2#17.26
-96.6056,32.1016#53.45#29.19#17.36
-96.5521,32.1022#53.35#29.19#17.46
-96.4986,32.1027#53.26#29.18#17.56
-96.4451,32.1032#53.16#29.18#17.66
-96.3916,32.1036#53.06#29.18#17.76
-96.3381,32.1041#52.97#29.18#17.85
-96.2846,32.1045#52.87#29.17#17.96
-96.2311,32.1049#52.77#29.17#18.06
-96.1776,32.1053#52.67#29.17#18.16
-96.1241,32.1057#52.57#29.17#18.26
-96.0707,32.1061#52.48#29.17#18.35
-96.0172,32.1064#52.38#29.17#18.45
-95.9637,32.1068#52.28#29.17#18.55
-95.9102,32.1071#52.18#29.17#18.65
-95.8567,32.1074#52.08#29.17#18.75
-95.8032,32.1077#51.97#29.17#18.86
-95.7497,32.1079#51.87#29.17#18.96
-95.6962,32.1082#51.77#29.18#19.05
-95.6427,32.1084#51.67#29.18#19.15
-95.5892,32.1086#51.57#29.18#19.25
-95.5357,32.1088#51.47#29.18#19.35
-95.4822,32.109#51.36#29.18#19.46
-95.4287,32.1091#51.25#29.18#19.57
-95.3752,32.1092#51.14#29.18#19.68
-95.3217,32.1094#51.03#29.18#19.79
-95.2682,32.1095#50.92#29.19#19.89
-95.2147,32.1095#50.81#29.19#20
-95.1612,32.1096#50.7#29.19#20.11
-95.1077,32.1096#50.59#29.19#20.22
-95.0542,32.1097#50.48#29.19#20.33
-95.0007,32.1097#50.37#29.2#20.43
-94.9472,32.1097#50.23#29.2#20.57
-94.8937,32.1096#50.09#29.2#20.71
-94.8402,32.1096#49.94#29.2#20.86
-94.7868,32.1095#49.8#29.2#21
-94.7333,32.1095#49.65#29.21#21.14
-94.6798,32.1094#49.51#29.21#21.28
-94.6263,32.1092#49.37#29.21#21.42
-94.5728,32.1091#49.22#29.21#21.57
-94.5193,32.109#49.08#29.21#21.71
-94.4658,32.1088#48.93#29.21#21.86
-94.4123,32.1086#48.76#29.22#22.02
-94.3588,32.1084#48.6#29.22#22.18
-94.3053,32.1082#48.44#29.22#22.34
-94.2518,32.1079#48.27#29.22#22.51
-94.1983,32.1077#48.11#29.22#22.67
-94.1448,32.1074#47.95#29.23#22.82
-94.0913,32.1071#47.79#29.23#22.98
-94.0378,32.1068#47.62#29.23#23.15
-93.9843,32.1065#47.46#29.23#23.31
-93.9308,32.1061#47.28#29.23#23.49
-93.8773,32.1057#47.11#29.24#23.65
-93.8238,32.1054#46.94#29.24#23.82
-93.7703,32.105#46.77#29.24#23.99
-93.7169,32.1045#46.59#29.24#24.17
-93.6634,32.1041#46.42#29.24#24.34
-93.6099,32.1036#46.25#29.25#24.5
-93.5564,32.1032#46.08#29.25#24.67
-93.5029,32.1027#45.9#29.25#24.85
-93.4494,32.1022#45.71#29.25#25.04
-93.3959,32.1016#45.52#29.25#25.23
-93.3424,32.1011#45.33#29.25#25.42
-93.2889,32.1005#45.14#29.26#25.6
-93.2354,32.1#44.94#29.26#25.8
-93.182,32.0994#44.75#29.26#25.99
-93.1285,32.0987#44.56#29.26#26.18
-93.075,32.0981#44.37#29.26#26.37
-93.0215,32.0974#44.17#29.27#26.56
-92.968,32.0968#43.99#29.27#26.74
-92.9145,32.0961#43.8#29.27#26.93
-92.8611,32.0954#43.61#29.27#27.12
-92.8076,32.0947#43.43#29.27#27.3
-92.7541,32.0939#43.24#29.27#27.49
-92.7006,32.0932#43.05#29.28#27.67
-92.6471,32.0924#42.87#29.28#27.85
-92.5936,32.0916#42.68#29.28#28.04
-92.5402,32.0908#42.5#29.28#28.22
-92.4867,32.0899#42.31#29.28#28.41
-92.4332,32.0891#42.13#29.28#28.59
-92.3797,32.0882#41.94#29.29#28.77
-92.3263,32.0873#41.75#29.29#28.96
-92.2728,32.0864#41.57#29.29#29.14
-92.2193,32.0855#41.38#29.29#29.33
-92.1658,32.0846#41.19#29.29#29.52
-92.1124,32.0836#41.01#29.29#29.7
-92.0589,32.0827#40.82#29.3#29.88
-92.0054,32.0817#40.63#29.3#30.07
-91.9519,32.0806#40.47#29.3#30.23
-91.8985,32.0796#40.3#29.3#30.4
-91.845,32.0786#40.13#29.3#30.57
-91.7915,32.0775#39.97#29.3#30.73
-91.7381,32.0764#39.8#29.31#30.89
-91.6846,32.0753#39.64#29.31#31.05
-91.6311,32.0742#39.47#29.31#31.22
-91.5777,32.0731#39.3#29.31#31.39
-91.5242,32.0719#39.14#29.31#31.55
-91.4708,32.0708#38.97#29.31#31.72
-91.4173,32.0696#38.81#29.31#31.88
-91.3638,32.0684#38.64#29.32#32.04
-91.3104,32.0671#38.48#29.32#32.2
-91.2569,32.0659#38.31#29.32#32.37
-91.2035,32.0646#38.15#29.32#32.53
-91.15,32.0634#37.98#29.32#32.7
-91.0966,32.0621#37.82#29.32#32.86
-91.0431,32.0607#37.65#29.33#33.02
-90.9897,32.0594#37.49#29.33#33.18
-90.9362,32.0581#37.33#29.33#33.34
-90.8828,32.0567#37.16#29.33#33.51
-90.8293,32.0553#37#29.33#33.67
-90.7759,32.0539#36.84#29.33#33.83
-90.7224,32.0525#36.68#29.33#33.99
-90.669,32.0511#36.52#29.33#34.15
-90.6155,32.0496#36.36#29.34#34.3
-90.5621,32.0481#36.2#29.34#34.46
-90.5087,32.0466#36.04#29.34#34.62
-90.4552,32.0451#35.88#29.34#34.78
-90.4018,32.0436#35.71#29.34#34.95
-90.3484,32.042#35.55#29.34#35.11
-90.2949,32.0405#35.39#29.34#35.27
-90.2415,32.0389#35.23#29.35#35.42
-90.1881,32.0373#35.07#29.35#35.58
-90.1346,32.0357#34.91#29.35#35.74
-90.0812,32.0341#34.75#29.35#35.9
-90.0278,32.0324#34.59#29.35#36.06
-89.9744,32.0307#34.41#29.35#36.24
-89.9209,32.029#34.2#29.35#36.45
-89.8675,32.0273#34#29.35#36.65
-89.8141,32.0256#33.79#29.35#36.86
-89.7607,32.0239#33.58#29.36#37.06
-89.7073,32.0221#33.37#29.36#37.27
-89.6538,32.0203#33.17#29.36#37.47
-89.6004,32.0185#32.96#29.36#37.68
-89.547,32.0167#32.75#29.36#37.89
-89.4936,32.0149#32.54#29.36#38.1
-89.4402,32.013#32.32#29.36#38.32
-89.3868,32.0112#32.11#29.36#38.53
-89.3334,32.0093#31.89#29.36#38.75
-89.28,32.0074#31.68#29.37#38.95
-89.2266,32.0055#31.47#29.37#39.16
-89.1732,32.0035#31.26#29.37#39.37
-89.1198,32.0016#31.04#29.37#39.59
-89.0664,31.9996#30.83#29.37#39.8
-89.013,31.9976#30.62#29.37#40.01
-88.9596,31.9956#30.43#29.37#40.2
-88.9062,31.9936#30.25#29.37#40.38
-88.8528,31.9915#30.07#29.37#40.56
-88.7995,31.9895#29.89#29.37#40.74
-88.7461,31.9874#29.7#29.38#40.92
-88.6927,31.9853#29.52#29.38#41.1
-88.6393,31.9832#29.34#29.38#41.28
-88.5859,31.981#29.16#29.38#41.46
-88.5326,31.9789#28.97#29.38#41.65
-88.4792,31.9767#28.82#29.38#41.8
-88.4258,31.9745#28.71#29.38#41.91
-88.3724,31.9723#28.6#29.38#42.02
-88.3191,31.9701#28.5#29.38#42.12
-88.2657,31.9678#28.39#29.38#42.23
-88.2123,31.9656#28.28#29.39#42.33
-88.159,31.9633#28.17#29.39#42.44
-88.1056,31.961#28.06#29.39#42.55
-88.0523,31.9587#27.95#29.39#42.66
-87.9989,31.9564#27.84#29.39#42.77
-87.9456,31.954#27.8#29.39#42.81
-87.8922,31.9516#27.76#29.39#42.85
-87.8389,31.9493#27.72#29.39#42.89
-87.7855,31.9469#27.68#29.4#42.92
-87.7322,31.9444#27.64#29.4#42.96
-87.6788,31.942#27.6#29.4#43
-87.6255,31.9395#27.56#29.4#43.04
-87.5721,31.9371#27.52#29.4#43.08
-87.5188,31.9346#27.48#29.41#43.11
-87.4655,31.9321#27.48#29.41#43.11
-87.4121,31.9295#27.5#29.42#43.08
-87.3588,31.927#27.52#29.43#43.05
-87.3055,31.9244#27.54#29.43#43.03
-87.2522,31.9219#27.56#29.44#43
-87.1988,31.9193#27.58#29.45#42.97
-87.1455,31.9166#27.6#29.46#42.94
-87.0922,31.914#27.62#29.46#42.92
-87.0389,31.9114#27.64#29.47#42.89
-86.9856,31.9087#27.66#29.48#42.86
-86.9323,31.906#27.7#29.5#42.8
-86.879,31.9033#27.75#29.52#42.73
-86.8257,31.9006#27.79#29.54#42.67
-103.979,31.9028#50.02#28.93#21.05
-103.925,31.9058#50.24#28.94#20.82
-103.872,31.9087#50.46#28.94#20.6
-103.819,31.9117#50.69#28.95#20.36
-103.765,31.9146#50.91#28.95#20.14
-103.712,31.9175#51.13#28.96#19.91
-103.659,31.9204#51.36#28.96#19.68
-103.606,31.9233#51.58#28.97#19.45
-103.552,31.9262#51.81#28.97#19.22
-103.499,31.929#52.03#28.98#18.99
-103.446,31.9319#52.21#28.98#18.81
-103.392,31.9347#52.4#28.98#18.62
-103.339,31.9375#52.58#28.99#18.43
-103.286,31.9403#52.77#28.99#18.24
-103.232,31.943#52.95#29#18.05
-103.179,31.9458#53.14#29#17.86
-103.126,31.9485#53.32#29.01#17.67
-103.072,31.9512#53.51#29.01#17.48
-103.019,31.9539#53.7#29.02#17.28
-102.966,31.9566#53.88#29.02#17.1
-102.912,31.9592#54.06#29.02#16.92
-102.859,31.9618#54.24#29.03#16.73
-102.806,31.9645#54.43#29.03#16.54
-102.752,31.9671#54.61#29.04#16.35
-102.699,31.9696#54.79#29.04#16.17
-102.646,31.9722#54.97#29.04#15.99
-102.592,31.9748#55.15#29.05#15.8
-102.539,31.9773#55.34#29.05#15.61
-102.486,31.9798#55.52#29.06#15.42
-102.432,31.9823#55.69#29.06#15.25
-102.379,31.9848#55.86#29.07#15.07
-102.326,31.9872#56.02#29.07#14.91
-102.272,31.9897#56.19#29.07#14.74
-102.219,31.9921#56.36#29.08#14.56
-102.165,31.9945#56.53#29.08#14.39
-102.112,31.9969#56.7#29.09#14.21
-102.059,31.9992#56.87#29.09#14.04
-102.005,32.0016#57.04#29.09#13.87
-101.952,32.0039#57.19#29.1#13.71
-101.899,32.0062#57.34#29.1#13.56
-101.845,32.0085#57.5#29.1#13.4
-101.792,32.0108#57.65#29.11#13.24
-101.738,32.0131#57.8#29.11#13.09
-101.685,32.0153#57.95#29.12#12.93
-101.632,32.0175#58.1#29.12#12.78
-101.578,32.0197#58.25#29.12#12.63
-101.525,32.0219#58.4#29.13#12.47
-101.471,32.0241#58.56#29.13#12.31
-101.418,32.0263#58.72#29.13#12.15
-101.365,32.0284#58.88#29.14#11.98
-101.311,32.0305#59.04#29.14#11.82
-101.258,32.0326#59.2#29.15#11.65
-101.204,32.0347#59.36#29.15#11.49
-101.151,32.0368#59.52#29.15#11.33
-101.098,32.0388#59.68#29.16#11.16
-101.044,32.0408#59.84#29.16#11
-100.991,32.0428#59.96#29.16#10.88
-100.937,32.0448#59.93#29.17#10.9
-100.884,32.0468#59.9#29.17#10.93
