-95.6901,39.9001#26.9#31.01#42.09
-95.6327,39.9003#26.89#31.1#42.01
-95.5752,39.9005#26.89#31.18#41.93
-95.5178,39.9006#26.89#31.26#41.85
-95.4603,39.9008#26.91#31.34#41.75
-95.4029,39.9009#26.93#31.43#41.64
-95.3454,39.9011#26.95#31.51#41.54
-95.288,39.9012#26.97#31.6#41.43
-95.2306,39.9013#26.99#31.69#41.32
-95.1731,39.9013#27.01#31.77#41.22
-95.1157,39.9014#27.03#31.86#41.11
-95.0582,39.9014#27.05#31.94#41.01
-95.0008,39.9014#27.07#32.03#40.9
-94.9434,39.9014#27.09#32.14#40.77
-94.8859,39.9014#27.12#32.26#40.62
-94.8285,39.9013#27.15#32.38#40.47
-94.771,39.9013#27.18#32.49#40.33
-94.7136,39.9012#27.2#32.61#40.19
-94.6561,39.9011#27.23#32.72#40.05
-94.5987,39.901#27.26#32.84#39.9
-94.5413,39.9008#27.28#32.95#39.77
-94.4838,39.9007#27.31#33.09#39.6
-94.4264,39.9005#27.33#33.26#39.41
-94.3689,39.9003#27.35#33.43#39.22
-94.3115,39.9001#27.36#33.6#39.04
-98.9648,39.901#29.52#30.03#40.45
-98.9074,39.9023#29.45#30.06#40.49
-98.85,39.9036#29.39#30.08#40.53
-98.7926,39.9048#29.32#30.11#40.57
-98.7352,39.906#29.25#30.14#40.61
-98.6777,39.9072#29.19#30.17#40.64
-98.6203,39.9084#29.12#30.19#40.69
-98.5629,39.9096#29.05#30.22#40.73
-98.5055,39.9107#28.98#30.25#40.77
-98.448,39.9119#28.9#30.22#40.88
-98.3906,39.913#28.8#30.19#41.01
-98.3332,39.9141#28.71#30.16#41.13
-98.2757,39.9151#28.62#30.12#41.26
-98.2183,39.9162#28.53#30.09#41.38
-98.1609,39.9172#28.44#30.06#41.5
-98.1034,39.9182#28.34#30.03#41.63
-98.046,39.9192#28.25#30#41.75
-97.9886,39.9202#28.17#29.96#41.87
-97.9311,39.9212#28.1#29.93#41.97
-97.8737,39.9221#28.03#29.89#42.08
-97.8162,39.9231#27.96#29.86#42.18
-97.7588,39.924#27.89#29.82#42.29
-97.7014,39.9248#27.83#29.79#42.38
-97.6439,39.9257#27.76#29.75#42.49
-97.5865,39.9266#27.69#29.72#42.59
-97.529,39.9274#27.62#29.68#42.7
-97.4716,39.9282#27.56#29.67#42.77
-97.4141,39.929#27.52#29.67#42.81
-97.3567,39.9298#27.47#29.68#42.85
-97.2992,39.9305#27.43#29.68#42.89
-97.2418,39.9313#27.38#29.69#42.93
-97.1843,39.932#27.33#29.69#42.98
-97.1269,39.9327#27.29#29.7#43.01
-97.0694,39.9334#27.24#29.7#43.06
-97.012,39.934#27.2#29.71#43.09
-96.9545,39.9347#27.17#29.74#43.09
-96.8971,39.9353#27.15#29.78#43.07
-96.8396,39.9359#27.12#29.82#43.06
-96.7822,39.9365#27.1#29.86#43.04
-96.7247,39.9371#27.07#29.89#43.04
-96.6672,39.9376#27.05#29.93#43.02
-96.6098,39.9382#27.03#29.97#43
-96.5523,39.9387#27#30.01#42.99
-96.4949,39.9392#26.98#30.05#42.97
-96.4374,39.9396#26.97#30.12#42.91
-96.3799,39.9401#26.96#30.19#42.85
-96.3225,39.9405#26.94#30.26#42.8
-96.265,39.941#26.93#30.33#42.74
-96.2076,39.9414#26.92#30.39#42.69
-96.1501,39.9417#26.91#30.46#42.63
-96.0926,39.9421#26.89#30.53#42.58
-96.0352,39.9425#26.88#30.6#42.52
-95.9777,39.9428#26.87#30.67#42.46
-95.9202,39.9431#26.87#30.75#42.38
-95.8628,39.9434#26.87#30.84#42.29
-95.8053,39.9437#26.87#30.92#42.21
-95.7479,39.9439#26.87#31#42.13
-95.6904,39.9441#26.87#31.08#42.05
-95.6329,39.9444#26.87#31.16#41.97
-95.5755,39.9445#26.86#31.24#41.9
-95.518,39.9447#26.86#31.32#41.82
-95.4605,39.9449#26.88#31.41#41.71
-95.4031,39.945#26.9#31.5#41.6
-95.3456,39.9451#26.92#31.58#41.5
-95.2881,39.9453#26.93#31.67#41.4
-95.2307,39.9453#26.95#31.76#41.29
-95.1732,39.9454#26.97#31.85#41.18
-95.1157,39.9454#26.99#31.93#41.08
-95.0583,39.9455#27.01#32.02#40.97
-95.0008,39.9455#27.03#32.11#40.86
-94.9433,39.9455#27.06#32.23#40.71
-94.8859,39.9454#27.09#32.35#40.56
-94.8284,39.9454#27.12#32.47#40.41
-94.7709,39.9453#27.15#32.59#40.26
-94.7135,39.9453#27.17#32.71#40.12
-94.656,39.9452#27.2#32.84#39.96
-94.5985,39.945#27.23#32.96#39.81
-94.5411,39.9449#27.26#33.08#39.66
-94.4836,39.9447#27.29#33.21#39.5
-94.4261,39.9446#27.31#33.39#39.3
-94.3687,39.9444#27.33#33.56#39.11
-94.3112,39.9441#27.35#33.74#38.91
-94.2537,39.9439#27.37#33.91#38.72
-94.1963,39.9437#27.38#34.09#38.53
-94.1388,39.9434#27.4#34.26#38.34
-94.0813,39.9431#27.42#34.43#38.15
-94.0239,39.9428#27.44#34.61#37.95
-93.9664,39.9425#27.46#34.8#37.74
-93.909,39.9421#27.46#35#37.54
-93.8515,39.9418#27.47#35.2#37.33
-93.794,39.9414#27.47#35.4#37.13
-93.7366,39.941#27.48#35.6#36.92
-93.6791,39.9406#27.48#35.8#36.72
-93.6216,39.9401#27.49#36#36.51
-93.5642,39.9397#27.49#36.2#36.31
-93.5067,39.9392#27.5#36.4#36.1
-93.4493,39.9387#27.49#36.6#35.91
-93.3918,39.9382#27.49#36.81#35.7
-93.3344,39.9376#27.49#37.01#35.5
-93.2769,39.9371#27.48#37.22#35.3
-93.2194,39.9365#27.48#37.42#35.1
-93.162,39.9359#27.48#37.62#34.9
-93.1045,39.9353#27.47#37.83#34.7
-93.0471,39.9347#27.47#38.03#34.5
-92.9896,39.9341#27.47#38.24#34.29
-92.9322,39.9334#27.45#38.46#34.09
-92.8747,39.9327#27.43#38.69#33.88
-92.8173,39.932#27.41#38.91#33.68
-92.7598,39.9313#27.39#39.13#33.48
-92.7024,39.9306#27.37#39.36#33.27
-92.6449,39.9298#27.36#39.58#33.06
-92.5875,39.929#27.34#39.8#32.86
-92.53,39.9282#27.32#40.02#32.66
-92.4726,39.9274#27.3#40.26#32.44
-92.4151,39.9266#27.28#40.51#32.21
-92.3577,39.9257#27.26#40.76#31.98
-92.3002,39.9249#27.24#41.01#31.75
-92.2428,39.924#27.22#41.26#31.52
-92.1853,39.9231#27.2#41.51#31.29
-92.1279,39.9222#27.19#41.76#31.05
-92.0705,39.9212#27.17#42.01#30.82
-92.013,39.9203#27.15#42.26#30.59
-91.9556,39.9193#27.14#42.46#30.4
-91.8981,39.9183#27.12#42.66#30.22
-91.8407,39.9173#27.11#42.85#30.04
-91.7833,39.9162#27.1#43.04#29.86
-91.7258,39.9152#27.09#43.23#29.68
-91.6684,39.9141#27.08#43.43#29.49
-91.611,39.913#27.07#43.62#29.31
-91.5536,39.9119#27.06#43.81#29.13
-91.4961,39.9108#27.05#44#28.95
-91.4387,39.9096#27.11#44.12#28.77
-91.3813,39.9084#27.16#44.24#28.6
-91.3238,39.9073#27.22#44.36#28.42
-91.2664,39.9061#27.28#44.49#28.23
-91.209,39.9048#27.33#44.61#28.06
-91.1516,39.9036#27.39#44.73#27.88
-91.0942,39.9023#27.45#44.85#27.7
-91.0367,39.9011#27.5#44.97#27.53
-100.574,39.9017#28.68#29.29#42.03
-100.517,39.9035#28.73#29.29#41.98
-100.459,39.9053#28.78#29.29#41.93
-100.402,39.907#28.83#29.3#41.87
-100.345,39.9088#28.88#29.3#41.82
-100.287,39.9105#28.93#29.3#41.77
-100.23,39.9122#28.98#29.3#41.72
-100.172,39.9139#29.04#29.3#41.66
-100.115,39.9156#29.09#29.31#41.6
-100.058,39.9172#29.14#29.31#41.55
-100,39.9189#29.2#29.31#41.49
-99.9428,39.9205#29.24#29.35#41.41
-99.8854,39.9221#29.27#29.38#41.35
-99.828,39.9236#29.31#29.41#41.28
-99.7706,39.9252#29.35#29.45#41.2
-99.7131,39.9267#29.39#29.48#41.13
-99.6557,39.9283#29.43#29.51#41.06
-99.5983,39.9298#29.47#29.55#40.98
-99.5409,39.9313#29.51#29.58#40.91
-99.4834,39.9327#29.54#29.62#40.84
-99.426,39.9342#29.54#29.67#40.79
-99.3686,39.9356#29.54#29.71#40.75
-99.3112,39.937#29.54#29.76#40.7
-99.2537,39.9384#29.54#29.81#40.65
-99.1963,39.9398#29.54#29.85#40.61
-99.1388,39.9411#29.54#29.9#40.56
-99.0814,39.9425#29.54#29.95#40.51
-99.024,39.9438#29.54#29.99#40.47
-98.9665,39.9451#29.5#30.03#40.47
-98.9091,39.9464#29.44#30.06#40.5
-98.8516,39.9476#29.37#30.08#40.55
-98.7942,39.9489#29.31#30.11#40.58
-98.7368,39.9501#29.24#30.14#40.62
-98.6793,39.9513#29.17#30.16#40.67
-98.6219,39.9525#29.11#30.19#40.7
-98.5644,39.9536#29.04#30.22#40.74
-98.507,39.9548#28.98#30.25#40.77
-98.4495,39.9559#28.89#30.22#40.89
-98.392,39.957#28.8#30.19#41.01
-98.3346,39.9581#28.7#30.16#41.14
-98.2771,39.9592#28.61#30.13#41.26
-98.2197,39.9603#28.51#30.09#41.4
-98.1622,39.9613#28.42#30.06#41.52
-98.1048,39.9623#28.33#30.03#41.64
-98.0473,39.9633#28.23#30#41.77
-97.9898,39.9643#28.14#29.97#41.89
-97.9324,39.9653#28.07#29.93#42
-97.8749,39.9662#28#29.9#42.1
-97.8174,39.9671#27.93#29.87#42.2
-97.76,39.968#27.86#29.83#42.31
-97.7025,39.9689#27.79#29.8#42.41
-97.645,39.9698#27.73#29.77#42.5
-97.5876,39.9706#27.66#29.73#42.61
-97.5301,39.9715#27.59#29.7#42.71
-97.4726,39.9723#27.53#29.68#42.79
-97.4152,39.9731#27.48#29.69#42.83
-97.3577,39.9738#27.44#29.7#42.86
-97.3002,39.9746#27.4#29.71#42.89
-97.2427,39.9753#27.35#29.71#42.94
-97.1853,39.9761#27.31#29.72#42.97
-97.1278,39.9768#27.26#29.73#43.01
-97.0703,39.9774#27.22#29.73#43.05
-97.0128,39.9781#27.18#29.74#43.08
-96.9553,39.9787#27.15#29.77#43.08
-96.8979,39.9794#27.13#29.82#43.05
-96.8404,39.98#27.1#29.86#43.04
-96.7829,39.9806#27.08#29.9#43.02
-96.7254,39.9811#27.05#29.94#43.01
-96.6679,39.9817#27.03#29.98#42.99
-96.6105,39.9822#27.01#30.02#42.97
-96.553,39.9827#26.98#30.06#42.96
-96.4955,39.9832#26.96#30.11#42.93
-96.438,39.9837#26.95#30.17#42.88
-96.3805,39.9842#26.93#30.24#42.83
-96.323,39.9846#26.92#30.31#42.77
-96.2656,39.985#26.91#30.38#42.71
-96.2081,39.9854#26.89#30.45#42.66
-96.1506,39.9858#26.88#30.52#42.6
-96.0931,39.9862#26.87#30.59#42.54
-96.0356,39.9865#26.85#30.66#42.49
-95.9781,39.9869#26.84#30.74#42.42
-95.9206,39.9872#26.84#30.82#42.34
-95.8631,39.9874#26.84#30.9#42.26
-95.8057,39.9877#26.84#30.98#42.18
-95.7482,39.988#26.84#31.06#42.1
-95.6907,39.9882#26.84#31.14#42.02
-95.6332,39.9884#26.84#31.23#41.93
-95.5757,39.9886#26.83#31.31#41.86
-95.5182,39.9888#26.83#31.39#41.78
-95.4607,39.989#26.85#31.47#41.68
-95.4032,39.9891#26.86#31.56#41.58
-95.3457,39.9892#26.88#31.65#41.47
-95.2882,39.9893#26.9#31.74#41.36
-95.2308,39.9894#26.92#31.83#41.25
-95.1733,39.9895#26.94#31.92#41.14
-95.1158,39.9895#26.96#32.01#41.03
-95.0583,39.9895#26.98#32.1#40.92
-95.0008,39.9896#27#32.19#40.81
-94.9433,39.9895#27.03#32.31#40.66
-94.8858,39.9895#27.06#32.44#40.5
-94.8283,39.9895#27.09#32.57#40.34
-94.7708,39.9894#27.12#32.69#40.19
-94.7133,39.9893#27.15#32.82#40.03
-94.6559,39.9892#27.18#32.95#39.87
-94.5984,39.9891#27.21#33.07#39.72
-94.5409,39.989#27.24#33.2#39.56
-94.4834,39.9888#27.26#33.34#39.4
-94.4259,39.9886#27.29#33.52#39.19
-94.3684,39.9884#27.31#33.7#38.99
-94.3109,39.9882#27.33#33.88#38.79
-94.2534,39.988#27.35#34.05#38.6
-94.1959,39.9877#27.37#34.23#38.4
-94.1384,39.9875#27.39#34.41#38.2
-94.081,39.9872#27.41#34.59#38
-94.0235,39.9869#27.43#34.76#37.81
-93.966,39.9865#27.45#34.95#37.6
-93.9085,39.9862#27.45#35.15#37.4
-93.851,39.9858#27.46#35.35#37.19
-93.7935,39.9854#27.47#35.56#36.97
-93.736,39.985#27.48#35.76#36.76
-93.6785,39.9846#27.48#35.96#36.56
-93.6211,39.9842#27.49#36.16#36.35
-93.5636,39.9837#27.5#36.36#36.14
-93.5061,39.9832#27.5#36.56#35.94
-93.4486,39.9828#27.5#36.76#35.74
-93.3911,39.9822#27.5#36.96#35.54
-93.3336,39.9817#27.5#37.17#35.33
-93.2762,39.9812#27.5#37.37#35.13
-93.2187,39.9806#27.49#37.58#34.93
-93.1612,39.98#27.49#37.78#34.73
-93.1037,39.9794#27.49#37.98#34.53
-93.0462,39.9788#27.49#38.19#34.32
-92.9888,39.9781#27.48#38.4#34.12
-92.9313,39.9775#27.47#38.62#33.91
-92.8738,39.9768#27.45#38.85#33.7
-92.8163,39.9761#27.43#39.08#33.49
-92.7589,39.9754#27.42#39.31#33.27
-92.7014,39.9746#27.4#39.54#33.06
-92.6439,39.9739#27.39#39.76#32.85
-92.5864,39.9731#27.37#39.99#32.64
-92.529,39.9723#27.35#40.22#32.43
-92.4715,39.9715#27.33#40.46#32.21
-92.414,39.9707#27.31#40.71#31.98
-92.3566,39.9698#27.29#40.95#31.76
-92.2991,39.9689#27.27#41.2#31.53
-92.2416,39.9681#27.25#41.45#31.3
-92.1841,39.9671#27.22#41.7#31.08
-92.1267,39.9662#27.2#41.95#30.85
-92.0692,39.9653#27.18#42.2#30.62
-92.0118,39.9643#27.16#42.44#30.4
-91.9543,39.9633#27.14#42.64#30.22
-91.8968,39.9623#27.13#42.83#30.04
-91.8394,39.9613#27.12#43.01#29.87
-91.7819,39.9603#27.1#43.2#29.7
-91.7245,39.9592#27.09#43.38#29.53
-91.667,39.9582#27.07#43.57#29.36
-91.6095,39.9571#27.06#43.76#29.18
-91.5521,39.956#27.05#43.94#29.01
-91.4946,39.9548#27.04#44.12#28.84
-91.4372,39.9537#27.09#44.24#28.67
-91.3797,39.9525#27.15#44.36#28.49
-91.3223,39.9513#27.2#44.48#28.32
-91.2648,39.9501#27.26#44.6#28.14
-91.2074,39.9489#27.31#44.72#27.97
-91.1499,39.9477#27.37#44.84#27.79
-91.0925,39.9464#27.42#44.96#27.62
-91.0351,39.9451#27.47#45.07#27.46
-90.9776,39.9438#27.53#45.18#27.29
-90.9202,39.9425#27.58#45.27#27.15
-90.8627,39.9412#27.63#45.36#27.01
-90.8053,39.9398#27.68#45.46#26.86
-90.7479,39.9384#27.73#45.55#26.72
-90.6904,39.937#27.79#45.64#26.57
-90.633,39.9356#27.84#45.73#26.43
-90.5756,39.9342#27.89#45.82#26.29
-90.5181,39.9328#27.94#45.92#26.14
-90.4607,39.9313#27.96#45.98#26.06
-90.4033,39.9298#27.97#46.03#26
-90.3459,39.9283#27.98#46.09#25.93
-90.2884,39.9268#27.99#46.14#25.87
-90.231,39.9252#28#46.19#25.81
-90.1736,39.9237#28.01#46.25#25.74
-90.1162,39.9221#28.01#46.3#25.69
-90.0588,39.9205#28.02#46.35#25.63
-90.0014,39.9189#28.03#46.41#25.56
-89.9439,39.9173#28.03#46.43#25.54
-89.8865,39.9156#28.02#46.46#25.52
-89.8291,39.9139#28.01#46.49#25.5
-89.7717,39.9123#28.01#46.52#25.47
-89.7143,39.9105#28#46.54#25.46
-89.6569,39.9088#27.99#46.57#25.44
-89.5995,39.9071#27.99#46.6#25.41
-89.5421,39.9053#27.98#46.63#25.39
-89.4847,39.9035#27.96#46.65#25.39
-89.4273,39.9017#27.9#46.66#25.44
-101.839,39.9013#27.51#29.26#43.23
-101.782,39.9036#27.55#29.26#43.19
-101.725,39.9057#27.6#29.26#43.14
-101.667,39.9079#27.65#29.26#43.09
-101.61,39.9101#27.7#29.26#43.04
-101.552,39.9122#27.75#29.26#42.99
-101.495,39.9143#27.8#29.26#42.94
-101.438,39.9164#27.85#29.26#42.89
-101.38,39.9185#27.9#29.27#42.83
-101.323,39.9206#27.95#29.27#42.78
-101.265,39.9226#28#29.27#42.73
-101.208,39.9247#28.06#29.27#42.67
-101.151,39.9267#28.11#29.27#42.62
-101.093,39.9287#28.16#29.27#42.57
-101.036,39.9306#28.21#29.28#42.51
-100.978,39.9326#28.26#29.28#42.46
-100.921,39.9345#28.31#29.28#42.41
-100.864,39.9364#28.36#29.28#42.36
-100.806,39.9383#28.41#29.28#42.31
-100.749,39.9402#28.46#29.29#42.25
-100.691,39.9421#28.51#29.29#42.2
-100.634,39.9439#28.56#29.29#42.15
-100.577,39.9457#28.61#29.29#42.1
-100.519,39.9475#28.66#29.29#42.05
-100.462,39.9493#28.72#29.3#41.98
-100.404,39.9511#28.77#29.3#41.93
-100.347,39.9528#28.83#29.3#41.87
-100.29,39.9545#28.88#29.3#41.82
-100.232,39.9562#28.94#29.3#41.76
-100.175,39.9579#29#29.31#41.69
-100.117,39.9596#29.05#29.31#41.64
-100.06,39.9613#29.11#29.31#41.58
-100.002,39.9629#29.17#29.31#41.52
-99.9449,39.9645#29.21#29.35#41.44
-99.8875,39.9661#29.25#29.38#41.37
-99.83,39.9677#29.29#29.41#41.3
-99.7726,39.9692#29.33#29.45#41.22
-99.7151,39.9708#29.37#29.48#41.15
-99.6577,39.9723#29.42#29.51#41.07
-99.6002,39.9738#29.46#29.55#40.99
-99.5428,39.9753#29.5#29.58#40.92
-99.4853,39.9768#29.53#29.62#40.85
-99.4279,39.9782#29.53#29.67#40.8
-99.3704,39.9796#29.53#29.71#40.76
-99.313,39.9811#29.53#29.76#40.71
-99.2555,39.9824#29.53#29.81#40.66
-99.1981,39.9838#29.52#29.85#40.63
-99.1406,39.9852#29.52#29.9#40.58
-99.0831,39.9865#29.52#29.94#40.54
-99.0257,39.9878#29.52#29.99#40.49
-98.9682,39.9891#29.48#30.03#40.49
-98.9107,39.9904#29.42#30.05#40.53
-98.8533,39.9917#29.36#30.08#40.56
-98.7958,39.9929#29.29#30.11#40.6
-98.7383,39.9941#29.23#30.14#40.63
-98.6809,39.9953#29.16#30.16#40.68
-98.6234,39.9965#29.1#30.19#40.71
-98.5659,39.9977#29.04#30.22#40.74
-98.5084,39.9988#28.97#30.25#40.78
-98.451,40#28.88#30.22#40.9
-98.3935,40.0011#28.79#30.19#41.02
-98.336,40.0022#28.69#30.16#41.15
-98.2785,40.0033#28.6#30.13#41.27
-98.221,40.0043#28.5#30.1#41.4
-98.1636,40.0053#28.4#30.07#41.53
-98.1061,40.0064#28.31#30.03#41.66
-98.0486,40.0074#28.21#30#41.79
-97.9911,40.0083#28.12#29.97#41.91
-97.9336,40.0093#28.05#29.94#42.01
-97.8761,40.0102#27.98#29.91#42.11
-97.8186,40.0112#27.91#29.87#42.22
-97.7611,40.0121#27.84#29.84#42.32
-97.7037,40.013#27.76#29.81#42.43
-97.6462,40.0138#27.69#29.78#42.53
-97.5887,40.0147#27.62#29.74#42.64
-97.5312,40.0155#27.55#29.71#42.74
-97.4737,40.0163#27.49#29.7#42.81
-97.4162,40.0171#27.45#29.71#42.84
-97.3587,40.0179#27.41#29.72#42.87
-97.3012,40.0187#27.37#29.73#42.9
-97.2437,40.0194#27.32#29.73#42.95
-97.1862,40.0201#27.28#29.74#42.98
-97.1287,40.0208#27.24#29.75#43.01
-97.0712,40.0215#27.2#29.76#43.04
-97.0137,40.0222#27.16#29.77#43.07
-96.9562,40.0228#27.13#29.81#43.06
-96.8987,40.0234#27.1#29.85#43.05
-96.8412,40.024#27.08#29.89#43.03
-96.7837,40.0246#27.06#29.94#43
-96.7262,40.0252#27.03#29.98#42.99
-96.6687,40.0257#27.01#30.03#42.96
-96.6111,40.0263#26.99#30.07#42.94
-96.5536,40.0268#26.96#30.11#42.93
-96.4961,40.0273#26.94#30.16#42.9
-96.4386,40.0278#26.92#30.23#42.85
-96.3811,40.0282#26.91#30.3#42.79
-96.3236,40.0287#26.9#30.37#42.73
-96.2661,40.0291#26.88#30.44#42.68
-96.2086,40.0295#26.87#30.51#42.62
-96.1511,40.0299#26.85#30.59#42.56
-96.0936,40.0302#26.84#30.66#42.5
-96.036,40.0306#26.82#30.73#42.45
-95.9785,40.0309#26.81#30.8#42.39
-95.921,40.0312#26.81#30.89#42.3
-95.8635,40.0315#26.81#30.97#42.22
-95.806,40.0318#26.81#31.05#42.14
-95.7485,40.032#26.81#31.13#42.06
-95.691,40.0323#26.81#31.21#41.98
-95.6335,40.0325#26.81#31.29#41.9
-95.5759,40.0327#26.8#31.37#41.83
-95.5184,40.0329#26.8#31.45#41.75
-95.4609,40.033#26.81#31.54#41.65
-95.4034,40.0332#26.83#31.63#41.54
-95.3459,40.0333#26.85#31.72#41.43
-95.2884,40.0334#26.87#31.81#41.32
-95.2309,40.0335#26.89#31.9#41.21
-95.1733,40.0335#26.91#31.99#41.1
-95.1158,40.0336#26.93#32.08#40.99
-95.0583,40.0336#26.94#32.17#40.89
-95.0008,40.0336#26.96#32.27#40.77
-94.9433,40.0336#26.99#32.4#40.61
-94.8858,40.0336#27.03#32.53#40.44
-94.8282,40.0335#27.06#32.66#40.28
-94.7707,40.0335#27.09#32.8#40.11
-94.7132,40.0334#27.12#32.93#39.95
-94.6557,40.0333#27.15#33.06#39.79
-94.5982,40.0332#27.18#33.19#39.63
-94.5407,40.033#27.21#33.33#39.46
-94.4832,40.0329#27.24#33.47#39.29
-94.4256,40.0327#27.26#33.65#39.09
-94.3681,40.0325#27.29#33.83#38.88
-94.3106,40.0323#27.31#34.01#38.68
-94.2531,40.032#27.33#34.19#38.48
-94.1956,40.0318#27.35#34.38#38.27
-94.1381,40.0315#27.38#34.56#38.06
-94.0806,40.0312#27.4#34.74#37.86
-94.0231,40.0309#27.42#34.92#37.66
-93.9655,40.0306#27.44#35.11#37.45
-93.908,40.0302#27.45#35.31#37.24
-93.8505,40.0299#27.46#35.51#37.03
-93.793,40.0295#27.47#35.71#36.82
-93.7355,40.0291#27.47#35.91#36.62
-93.678,40.0287#27.48#36.11#36.41
-93.6205,40.0282#27.49#36.31#36.2
-93.563,40.0278#27.5#36.51#35.99
-93.5055,40.0273#27.51#36.71#35.78
-93.448,40.0268#27.51#36.92#35.57
-93.3904,40.0263#27.51#37.12#35.37
-93.3329,40.0258#27.51#37.32#35.17
-93.2754,40.0252#27.51#37.53#34.96
-93.2179,40.0246#27.51#37.73#34.76
-93.1604,40.0241#27.51#37.94#34.55
-93.1029,40.0234#27.51#38.14#34.35
-93.0454,40.0228#27.51#38.34#34.15
-92.9879,40.0222#27.5#38.55#33.95
-92.9304,40.0215#27.49#38.79#33.72
-92.8729,40.0208#27.47#39.02#33.51
-92.8154,40.0201#27.46#39.25#33.29
-92.7579,40.0194#27.44#39.49#33.07
-92.7004,40.0187#27.43#39.72#32.85
-92.6429,40.0179#27.41#39.95#32.64
-92.5854,40.0171#27.4#40.18#32.42
-92.5279,40.0164#27.38#40.41#32.21
-92.4704,40.0155#27.37#40.65#31.98
-92.4129,40.0147#27.34#40.9#31.76
-92.3554,40.0139#27.32#41.15#31.53
-92.2979,40.013#27.29#41.4#31.31
-92.2404,40.0121#27.27#41.64#31.09
-92.183,40.0112#27.24#41.89#30.87
-92.1255,40.0103#27.22#42.14#30.64
-92.068,40.0093#27.2#42.38#30.42
-92.0105,40.0084#27.17#42.63#30.2
-91.953,40.0074#27.15#42.82#30.03
-91.8955,40.0064#27.14#43#29.86
-91.838,40.0054#27.12#43.18#29.7
-91.7805,40.0043#27.1#43.35#29.55
-91.7231,40.0033#27.08#43.53#29.39
-91.6656,40.0022#27.07#43.71#29.22
-91.6081,40.0011#27.05#43.89#29.06
-91.5506,40#27.04#44.07#28.89
-91.4931,39.9989#27.03#44.24#28.73
-91.4357,39.9977#27.08#44.36#28.56
-91.3782,39.9966#27.13#44.48#28.39
-91.3207,39.9954#27.18#44.59#28.23
-91.2633,39.9942#27.24#44.71#28.05
-91.2058,39.9929#27.29#44.83#27.88
-91.1483,39.9917#27.34#44.94#27.72
-91.0908,39.9904#27.39#45.06#27.55
-91.0334,39.9892#27.45#45.18#27.37
-90.9759,39.9879#27.5#45.28#27.22
-90.9184,39.9865#27.55#45.37#27.08
-90.861,39.9852#27.6#45.45#26.95
-90.8035,39.9839#27.65#45.54#26.81
-90.7461,39.9825#27.7#45.63#26.67
-90.6886,39.9811#27.75#45.72#26.53
-90.6312,39.9797#27.8#45.8#26.4
-90.5737,39.9783#27.85#45.89#26.26
-90.5162,39.9768#27.9#45.98#26.12
-90.4588,39.9753#27.93#46.04#26.03
-90.4013,39.9739#27.93#46.09#25.98
-90.3439,39.9724#27.94#46.14#25.92
-90.2864,39.9708#27.95#46.19#25.86
-90.229,39.9693#27.96#46.24#25.8
-90.1716,39.9677#27.97#46.29#25.74
-90.1141,39.9662#27.98#46.34#25.68
-90.0567,39.9646#27.99#46.39#25.62
-89.9992,39.9629#28#46.44#25.56
-89.9418,39.9613#27.99#46.46#25.55
-89.8844,39.9597#27.98#46.49#25.53
-89.8269,39.958#27.98#46.51#25.51
-89.7695,39.9563#27.97#46.54#25.49
-89.7121,39.9546#27.96#46.57#25.47
-89.6547,39.9529#27.96#46.59#25.45
-89.5972,39.9511#27.95#46.62#25.43
-89.5398,39.9493#27.94#46.64#25.42
-89.4824,39.9476#27.92#46.67#25.41
-89.425,39.9458#27.86#46.68#25.46
-89.3675,39.9439#27.81#46.69#25.5
-89.3101,39.9421#27.75#46.71#25.54
-89.2527,39.9402#27.7#46.72#25.58
-89.1953,39.9384#27.64#46.74#25.62
-89.1379,39.9365#27.58#46.75#25.67
-89.0805,39.9346#27.53#46.76#25.71
-89.0231,39.9326#27.47#46.78#25.75
-88.9657,39.9307#27.46#46.78#25.76
-88.9083,39.9287#27.47#46.78#25.75
-88.8509,39.9267#27.49#46.78#25.73
-88.7935,39.9247#27.5#46.78#25.72
-88.7361,39.9227#27.52#46.78#25.7
-88.6787,39.9206#27.53#46.78#25.69
-88.6213,39.9186#27.55#46.78#25.67
-88.5639,39.9165#27.56#46.78#25.66
-88.5065,39.9144#27.58#46.79#25.63
-88.4492,39.9123#27.63#46.75#25.62
-88.3918,39.9101#27.68#46.72#25.6
-88.3344,39.908#27.74#46.68#25.58
-88.277,39.9058#27.8#46.65#25.55
-88.2197,39.9036#27.85#46.62#25.53
-88.1623,39.9014#27.91#46.58#25.51
-102.875,39.9023#26.68#29.33#43.99
-102.818,39.9049#26.72#29.32#43.96
-102.76,39.9074#26.76#29.32#43.92
-102.703,39.9099#26.8#29.31#43.89
-102.645,39.9124#26.84#29.3#43.86
-102.588,39.9149#26.88#29.29#43.83
-102.531,39.9174#26.92#29.29#43.79
-102.473,39.9198#26.96#29.28#43.76
-102.416,39.9222#27#29.28#43.72
-102.359,39.9246#27.04#29.28#43.68
-102.301,39.927#27.08#29.27#43.65
-102.244,39.9293#27.13#29.27#43.6
-102.187,39.9317#27.17#29.27#43.56
-102.129,39.934#27.21#29.27#43.52
-102.072,39.9363#27.25#29.27#43.48
-102.014,39.9386#27.29#29.26#43.45
-101.957,39.9409#27.34#29.26#43.4
-101.9,39.9431#27.39#29.26#43.35
-101.842,39.9454#27.44#29.26#43.3
-101.785,39.9476#27.48#29.26#43.26
-101.727,39.9498#27.53#29.26#43.21
-101.67,39.9519#27.58#29.26#43.16
-101.613,39.9541#27.63#29.27#43.1
-101.555,39.9562#27.67#29.27#43.06
-101.498,39.9584#27.72#29.27#43.01
-101.44,39.9605#27.77#29.27#42.96
-101.383,39.9625#27.82#29.27#42.91
-101.326,39.9646#27.87#29.27#42.86
-101.268,39.9667#27.92#29.27#42.81
-101.211,39.9687#27.97#29.27#42.76
-101.153,39.9707#28.02#29.27#42.71
-101.096,39.9727#28.07#29.28#42.65
-101.038,39.9747#28.12#29.28#42.6
-100.981,39.9766#28.17#29.28#42.55
-100.924,39.9785#28.22#29.28#42.5
-100.866,39.9805#28.28#29.28#42.44
-100.809,39.9823#28.33#29.29#42.38
-100.751,39.9842#28.38#29.29#42.33
-100.694,39.9861#28.44#29.29#42.27
-100.636,39.9879#28.49#29.29#42.22
-100.579,39.9897#28.55#29.29#42.16
-100.522,39.9915#28.6#29.29#42.11
-100.464,39.9933#28.66#29.3#42.04
-100.407,39.9951#28.72#29.3#41.98
-100.349,39.9968#28.78#29.3#41.92
-100.292,39.9986#28.84#29.3#41.86
-100.234,40.0003#28.89#29.31#41.8
-100.177,40.002#28.95#29.31#41.74
-100.119,40.0036#29.01#29.31#41.68
-100.062,40.0053#29.07#29.31#41.62
-100.004,40.0069#29.13#29.32#41.55
-99.947,40.0085#29.18#29.35#41.47
-99.8895,40.0101#29.22#29.38#41.4
-99.8321,40.0117#29.27#29.41#41.32
-99.7746,40.0133#29.31#29.45#41.24
-99.7171,40.0148#29.35#29.48#41.17
-99.6597,40.0163#29.4#29.51#41.09
-99.6022,40.0179#29.44#29.55#41.01
-99.5447,40.0193#29.49#29.58#40.93
-99.4872,40.0208#29.52#29.62#40.86
-99.4298,40.0223#29.52#29.66#40.82
-99.3723,40.0237#29.52#29.71#40.77
-99.3148,40.0251#29.51#29.76#40.73
-99.2573,40.0265#29.51#29.8#40.69
-99.1998,40.0279#29.51#29.85#40.64
-99.1424,40.0292#29.51#29.9#40.59
-99.0849,40.0306#29.5#29.94#40.56
-99.0274,40.0319#29.5#29.99#40.51
-98.9699,40.0332#29.46#30.03#40.51
-98.9124,40.0344#29.4#30.05#40.55
-98.8549,40.0357#29.34#30.08#40.58
-98.7974,40.037#29.28#30.11#40.61
-98.7399,40.0382#29.22#30.14#40.64
-98.6824,40.0394#29.15#30.16#40.69
-98.6249,40.0406#29.09#30.19#40.72
-98.5674,40.0417#29.03#30.22#40.75
-98.5099,40.0429#28.97#30.25#40.78
-98.4524,40.044#28.88#30.23#40.89
-98.3949,40.0451#28.78#30.19#41.03
-98.3374,40.0462#28.68#30.16#41.16
-98.2799,40.0473#28.58#30.13#41.29
-98.2224,40.0483#28.48#30.1#41.42
-98.1649,40.0494#28.39#30.07#41.54
-98.1074,40.0504#28.29#30.04#41.67
-98.0499,40.0514#28.19#30.01#41.8
-97.9924,40.0524#28.1#29.98#41.92
-97.9349,40.0533#28.02#29.94#42.04
-97.8773,40.0543#27.95#29.91#42.14
-97.8198,40.0552#27.88#29.88#42.24
-97.7623,40.0561#27.81#29.85#42.34
-97.7048,40.057#27.73#29.82#42.45
-97.6473,40.0579#27.66#29.79#42.55
-97.5898,40.0587#27.59#29.76#42.65
-97.5322,40.0596#27.52#29.73#42.75
-97.4747,40.0604#27.46#29.71#42.83
-97.4172,40.0612#27.42#29.72#42.86
-97.3597,40.0619#27.38#29.74#42.88
-97.3022,40.0627#27.34#29.75#42.91
-97.2446,40.0634#27.3#29.76#42.94
-97.1871,40.0642#27.26#29.77#42.97
-97.1296,40.0649#27.22#29.78#43
-97.0721,40.0655#27.17#29.79#43.04
-97.0145,40.0662#27.13#29.8#43.07
-96.957,40.0669#27.11#29.84#43.05
-96.8995,40.0675#27.08#29.89#43.03
-96.8419,40.0681#27.06#29.93#43.01
-96.7844,40.0687#27.04#29.98#42.98
-96.7269,40.0692#27.01#30.02#42.97
-96.6694,40.0698#26.99#30.07#42.94
-96.6118,40.0703#26.96#30.12#42.92
-96.5543,40.0708#26.94#30.16#42.9
-96.4968,40.0713#26.92#30.21#42.87
-96.4392,40.0718#26.9#30.28#42.82
-96.3817,40.0723#26.89#30.36#42.75
-96.3242,40.0727#26.87#30.43#42.7
-96.2666,40.0731#26.86#30.5#42.64
-96.2091,40.0735#26.84#30.57#42.59
-96.1516,40.0739#26.83#30.65#42.52
-96.094,40.0743#26.81#30.72#42.47
-96.0365,40.0746#26.8#30.79#42.41
-95.979,40.075#26.79#30.87#42.34
-95.9214,40.0753#26.78#30.95#42.27
-95.8639,40.0756#26.78#31.03#42.19
-95.8063,40.0758#26.78#31.11#42.11
-95.7488,40.0761#26.78#31.19#42.03
-95.6913,40.0763#26.78#31.27#41.95
-95.6337,40.0765#26.78#31.36#41.86
-95.5762,40.0767#26.77#31.44#41.79
-95.5186,40.0769#26.77#31.52#41.71
-95.4611,40.0771#26.78#31.61#41.61
-95.4036,40.0772#26.8#31.7#41.5
-95.346,40.0773#26.82#31.79#41.39
-95.2885,40.0774#26.84#31.88#41.28
-95.231,40.0775#26.86#31.98#41.16
-95.1734,40.0776#26.87#32.07#41.06
-95.1159,40.0776#26.89#32.16#40.95
-95.0583,40.0777#26.91#32.25#40.84
-95.0008,40.0777#26.93#32.34#40.73
-94.9433,40.0777#26.96#32.48#40.56
-94.8857,40.0776#26.99#32.62#40.39
-94.8282,40.0776#27.03#32.76#40.21
-94.7706,40.0775#27.06#32.9#40.04
-94.7131,40.0774#27.09#33.04#39.87
-94.6556,40.0773#27.12#33.17#39.71
-94.598,40.0772#27.16#33.31#39.53
-94.5405,40.0771#27.19#33.45#39.36
-94.4829,40.0769#27.22#33.6#39.18
-94.4254,40.0767#27.24#33.78#38.98
-94.3679,40.0765#27.27#33.97#38.76
-94.3103,40.0763#27.29#34.15#38.56
-94.2528,40.0761#27.32#34.34#38.34
-94.1952,40.0758#27.34#34.52#38.14
-94.1377,40.0756#27.36#34.7#37.94
-94.0802,40.0753#27.39#34.89#37.72
-94.0226,40.075#27.41#35.07#37.52
-93.9651,40.0746#27.43#35.26#37.31
-93.9076,40.0743#27.44#35.47#37.09
-93.85,40.0739#27.45#35.67#36.88
-93.7925,40.0735#27.46#35.87#36.67
-93.735,40.0731#27.47#36.07#36.46
-93.6774,40.0727#27.49#36.27#36.24
-93.6199,40.0723#27.5#36.47#36.03
-93.5624,40.0718#27.51#36.67#35.82
-93.5048,40.0714#27.52#36.87#35.61
-93.4473,40.0709#27.52#37.07#35.41
-93.3898,40.0703#27.52#37.28#35.2
-93.3322,40.0698#27.52#37.48#35
-93.2747,40.0693#27.52#37.69#34.79
-93.2172,40.0687#27.52#37.89#34.59
-93.1596,40.0681#27.52#38.09#34.39
-93.1021,40.0675#27.52#38.3#34.18
-93.0446,40.0669#27.52#38.5#33.98
-92.9871,40.0662#27.52#38.71#33.77
-92.9295,40.0656#27.51#38.95#33.54
-92.872,40.0649#27.5#39.19#33.31
-92.8145,40.0642#27.48#39.43#33.09
-92.757,40.0635#27.47#39.66#32.87
-92.6994,40.0627#27.46#39.9#32.64
-92.6419,40.062#27.44#40.14#32.42
-92.5844,40.0612#27.43#40.37#32.2
-92.5269,40.0604#27.42#40.61#31.97
-92.4693,40.0596#27.4#40.85#31.75
-92.4118,40.0588#27.37#41.1#31.53
-92.3543,40.0579#27.34#41.34#31.32
-92.2968,40.057#27.32#41.59#31.09
-92.2393,40.0561#27.29#41.83#30.88
-92.1818,40.0552#27.26#42.08#30.66
-92.1242,40.0543#27.24#42.33#30.43
-92.0667,40.0534#27.21#42.57#30.22
-92.0092,40.0524#27.18#42.82#30
-91.9517,40.0514#27.16#43#29.84
-91.8942,40.0504#27.14#43.17#29.69
-91.8367,40.0494#27.12#43.34#29.54
-91.7792,40.0484#27.1#43.51#29.39
-91.7217,40.0473#27.08#43.68#29.24
-91.6642,40.0462#27.06#43.85#29.09
-91.6067,40.0452#27.04#44.03#28.93
-91.5492,40.044#27.02#44.2#28.78
-91.4917,40.0429#27.01#44.36#28.63
-91.4342,40.0418#27.06#44.48#28.46
-91.3767,40.0406#27.11#44.59#28.3
-91.3192,40.0394#27.17#44.71#28.12
-91.2617,40.0382#27.22#44.82#27.96
-91.2042,40.037#27.27#44.94#27.79
-91.1467,40.0357#27.32#45.05#27.63
-91.0892,40.0345#27.37#45.17#27.46
-91.0317,40.0332#27.42#45.28#27.3
-90.9742,40.0319#27.47#45.38#27.15
-90.9167,40.0306#27.52#45.46#27.02
-90.8592,40.0293#27.57#45.54#26.89
-90.8017,40.0279#27.62#45.63#26.75
-90.7443,40.0265#27.67#45.71#26.62
-90.6868,40.0251#27.72#45.79#26.49
-90.6293,40.0237#27.77#45.87#26.36
-90.5718,40.0223#27.82#45.96#26.22
-90.5143,40.0208#27.87#46.04#26.09
-90.4569,40.0194#27.89#46.09#26.02
-90.3994,40.0179#27.9#46.14#25.96
-90.3419,40.0164#27.91#46.19#25.9
-90.2844,40.0149#27.92#46.23#25.85
-90.227,40.0133#27.93#46.28#25.79
-90.1695,40.0118#27.93#46.33#25.74
-90.112,40.0102#27.94#46.37#25.69
-90.0546,40.0086#27.95#46.42#25.63
-89.9971,40.007#27.96#46.47#25.57
-89.9397,40.0053#27.95#46.49#25.56
-89.8822,40.0037#27.95#46.52#25.53
-89.8247,40.002#27.94#46.54#25.52
-89.7673,40.0003#27.93#46.56#25.51
-89.7098,39.9986#27.93#46.59#25.48
-89.6524,39.9969#27.92#46.61#25.47
-89.5949,39.9951#27.91#46.64#25.45
-89.5375,39.9934#27.91#46.66#25.43
-89.48,39.9916#27.88#46.68#25.44
-89.4226,39.9898#27.83#46.69#25.48
-89.3652,39.988#27.77#46.71#25.52
-89.3077,39.9861#27.71#46.72#25.57
-89.2503,39.9843#27.66#46.73#25.61
-89.1928,39.9824#27.6#46.75#25.65
-89.1354,39.9805#27.55#46.76#25.69
-89.078,39.9786#27.49#46.77#25.74
-89.0206,39.9767#27.43#46.79#25.78
-88.9631,39.9747#27.42#46.79#25.79
-88.9057,39.9727#27.44#46.79#25.77
-88.8483,39.9707#27.45#46.78#25.77
-88.7909,39.9687#27.47#46.78#25.75
-88.7334,39.9667#27.48#46.78#25.74
-88.676,39.9647#27.5#46.78#25.72
-88.6186,39.9626#27.51#46.77#25.72
-88.5612,39.9605#27.53#46.77#25.7
-88.5038,39.9584#27.55#46.77#25.68
-88.4464,39.9563#27.6#46.73#25.67
-88.389,39.9542#27.66#46.69#25.65
-88.3316,39.952#27.71#46.65#25.64
-88.2742,39.9498#27.77#46.61#25.62
-88.2168,39.9476#27.83#46.57#25.6
-88.1594,39.9454#27.89#46.54#25.57
-88.102,39.9432#27.94#46.5#25.56
-88.0446,39.9409#28#46.46#25.54
-87.9872,39.9387#28.05#46.41#25.54
-87.9298,39.9364#28.08#46.31#25.61
-87.8725,39.9341#28.11#46.2#25.69
-87.8151,39.9318#28.14#46.1#25.76
-87.7577,39.9294#28.16#46#25.84
-87.7003,39.9271#28.19#45.9#25.91
-87.643,39.9247#28.22#45.8#25.98
-87.5856,39.9223#28.25#45.7#26.05
-87.5282,39.9199#28.28#45.61#26.11
-87.4709,39.9174#28.3#45.48#26.22
-87.4135,39.915#28.32#45.34#26.34
-87.3561,39.9125#28.34#45.19#26.47
-87.2988,39.91#28.35#45.04#26.61
-87.2414,39.9075#28.37#44.89#26.74
-87.1841,39.905#28.39#44.74#26.87
-87.1267,39.9024#28.41#44.59#27
-103.853,39.9001#26.35#29.86#43.79
-103.796,39.903#26.36#29.81#43.83
-103.738,39.9059#26.36#29.76#43.88
-103.681,39.9087#26.37#29.71#43.92
-103.624,39.9115#26.37#29.66#43.97
-103.566,39.9143#26.38#29.61#44.01
-103.509,39.9171#26.38#29.56#44.06
-103.452,39.9198#26.4#29.54#44.06
-103.394,39.9226#26.42#29.52#44.06
-103.337,39.9253#26.44#29.49#44.07
-103.28,39.928#26.46#29.47#44.07
-103.222,39.9307#26.49#29.45#44.06
-103.165,39.9333#26.51#29.43#44.06
-103.108,39.936#26.53#29.41#44.06
-103.05,39.9386#26.55#29.38#44.07
-102.993,39.9412#26.57#29.36#44.07
-102.936,39.9438#26.61#29.35#44.04
-102.878,39.9463#26.65#29.34#44.01
-102.821,39.9489#26.69#29.34#43.97
-102.763,39.9514#26.72#29.33#43.95
-102.706,39.9539#26.76#29.32#43.92
-102.649,39.9564#26.8#29.31#43.89
-102.591,39.9589#26.83#29.3#43.87
-102.534,39.9614#26.87#29.29#43.84
-102.477,39.9638#26.91#29.29#43.8
-102.419,39.9662#26.95#29.29#43.76
-102.362,39.9686#26.99#29.28#43.73
-102.304,39.971#27.03#29.28#43.69
-102.247,39.9734#27.07#29.28#43.65
-102.19,39.9757#27.11#29.28#43.61
-102.132,39.978#27.15#29.27#43.58
-102.075,39.9803#27.19#29.27#43.54
-102.017,39.9826#27.23#29.27#43.5
-101.96,39.9849#27.27#29.27#43.46
-101.903,39.9871#27.32#29.27#43.41
-101.845,39.9894#27.37#29.27#43.36
-101.788,39.9916#27.41#29.27#43.32
-101.73,39.9938#27.46#29.27#43.27
-101.673,39.996#27.51#29.27#43.22
-101.615,39.9981#27.55#29.27#43.18
-101.558,40.0003#27.6#29.27#43.13
-101.501,40.0024#27.65#29.27#43.08
-101.443,40.0045#27.69#29.27#43.04
-101.386,40.0066#27.74#29.27#42.99
-101.328,40.0086#27.79#29.27#42.94
-101.271,40.0107#27.84#29.27#42.89
-101.213,40.0127#27.89#29.28#42.83
-101.156,40.0147#27.94#29.28#42.78
-101.098,40.0167#27.98#29.28#42.74
-101.041,40.0187#28.03#29.28#42.69
-100.984,40.0206#28.08#29.28#42.64
-100.926,40.0226#28.14#29.28#42.58
-100.869,40.0245#28.19#29.29#42.52
-100.811,40.0264#28.25#29.29#42.46
-100.754,40.0282#28.31#29.29#42.4
-100.696,40.0301#28.37#29.29#42.34
-100.639,40.0319#28.42#29.29#42.29
-100.581,40.0338#28.48#29.29#42.23
-100.524,40.0356#28.54#29.3#42.16
-100.466,40.0374#28.6#29.3#42.1
-100.409,40.0391#28.66#29.3#42.04
-100.351,40.0409#28.72#29.3#41.98
-100.294,40.0426#28.79#29.31#41.9
-100.237,40.0443#28.85#29.31#41.84
-100.179,40.046#28.91#29.31#41.78
-100.122,40.0477#28.97#29.31#41.72
-100.064,40.0493#29.04#29.31#41.65
-100.007,40.051#29.1#29.32#41.58
-99.9491,40.0526#29.15#29.35#41.5
-99.8916,40.0542#29.2#29.38#41.42
-99.8341,40.0558#29.24#29.41#41.35
-99.7766,40.0573#29.29#29.45#41.26
-99.7191,40.0589#29.33#29.48#41.19
-99.6616,40.0604#29.38#29.51#41.11
-99.6041,40.0619#29.43#29.55#41.02
-99.5467,40.0634#29.47#29.58#40.95
-99.4892,40.0648#29.51#29.62#40.87
-99.4316,40.0663#29.51#29.66#40.83
-99.3741,40.0677#29.5#29.71#40.79
-99.3166,40.0691#29.5#29.76#40.74
-99.2591,40.0705#29.5#29.8#40.7
-99.2016,40.0719#29.49#29.85#40.66
-99.1441,40.0732#29.49#29.9#40.61
-99.0866,40.0746#29.48#29.94#40.58
-99.0291,40.0759#29.48#29.99#40.53
-98.9716,40.0772#29.45#30.03#40.52
-98.9141,40.0785#29.38#30.05#40.57
-98.8565,40.0797#29.32#30.08#40.6
-98.799,40.081#29.26#30.11#40.63
-98.7415,40.0822#29.2#30.14#40.66
-98.684,40.0834#29.14#30.16#40.7
-98.6265,40.0846#29.08#30.19#40.73
-98.5689,40.0858#29.02#30.22#40.76
-98.5114,40.0869#28.96#30.25#40.79
-98.4539,40.088#28.87#30.23#40.9
-98.3964,40.0892#28.77#30.2#41.03
-98.3388,40.0903#28.67#30.17#41.16
-98.2813,40.0913#28.57#30.13#41.3
-98.2238,40.0924#28.47#30.1#41.43
-98.1662,40.0934#28.37#30.07#41.56
-98.1087,40.0944#28.27#30.04#41.69
-98.0512,40.0954#28.17#30.01#41.82
-97.9936,40.0964#28.07#29.98#41.95
-97.9361,40.0974#28#29.95#42.05
-97.8786,40.0983#27.93#29.92#42.15
-97.821,40.0993#27.85#29.89#42.26
-97.7635,40.1002#27.78#29.86#42.36
-97.7059,40.101#27.7#29.83#42.47
-97.6484,40.1019#27.63#29.8#42.57
-97.5909,40.1028#27.56#29.77#42.67
-97.5333,40.1036#27.48#29.74#42.78
-97.4758,40.1044#27.42#29.73#42.85
-97.4182,40.1052#27.38#29.74#42.88
-97.3607,40.106#27.35#29.75#42.9
-97.3031,40.1067#27.31#29.77#42.92
-97.2456,40.1075#27.27#29.78#42.95
-97.188,40.1082#27.23#29.79#42.98
-97.1305,40.1089#27.19#29.81#43
-97.0729,40.1096#27.15#29.82#43.03
-97.0154,40.1102#27.11#29.83#43.06
-96.9578,40.1109#27.09#29.87#43.04
-96.9003,40.1115#27.06#29.92#43.02
-96.8427,40.1121#27.04#29.97#42.99
-96.7852,40.1127#27.01#30.02#42.97
-96.7276,40.1133#26.99#30.07#42.94
-96.6701,40.1138#26.97#30.12#42.91
-96.6125,40.1144#26.94#30.17#42.89
-96.555,40.1149#26.92#30.21#42.87
-96.4974,40.1154#26.9#30.26#42.84
-96.4398,40.1159#26.88#30.34#42.78
-96.3823,40.1163#26.86#30.41#42.73
-96.3247,40.1168#26.85#30.49#42.66
-96.2672,40.1172#26.83#30.56#42.61
-96.2096,40.1176#26.82#30.63#42.55
-96.152,40.118#26.8#30.71#42.49
-96.0945,40.1183#26.78#30.78#42.44
-96.0369,40.1187#26.77#30.86#42.37
-95.9794,40.119#26.76#30.93#42.31
-95.9218,40.1193#26.76#31.02#42.22
-95.8642,40.1196#26.75#31.1#42.15
-95.8067,40.1199#26.75#31.18#42.07
-95.7491,40.1201#26.75#31.26#41.99
-95.6916,40.1204#26.75#31.34#41.91
-95.634,40.1206#26.75#31.42#41.83
-95.5764,40.1208#26.74#31.5#41.76
-95.5189,40.1209#26.74#31.58#41.68
-95.4613,40.1211#26.75#31.67#41.58
-95.4037,40.1212#26.77#31.77#41.46
-95.3462,40.1214#26.79#31.86#41.35
-95.2886,40.1215#26.81#31.95#41.24
-95.2311,40.1216#26.82#32.05#41.13
-95.1735,40.1216#26.84#32.14#41.02
-95.1159,40.1217#26.86#32.24#40.9
-95.0584,40.1217#26.88#32.33#40.79
-95.0008,40.1217#26.89#32.42#40.69
-94.9432,40.1217#26.93#32.57#40.5
-94.8857,40.1217#26.96#32.71#40.33
-94.8281,40.1216#27#32.85#40.15
-94.7705,40.1216#27.03#33#39.97
-94.713,40.1215#27.06#33.14#39.8
-94.6554,40.1214#27.1#33.29#39.61
-94.5978,40.1212#27.13#33.43#39.44
-94.5403,40.1211#27.16#33.57#39.27
-94.4827,40.1209#27.2#33.73#39.07
-94.4252,40.1208#27.22#33.92#38.86
-94.3676,40.1206#27.25#34.1#38.65
-94.31,40.1204#27.27#34.29#38.44
-94.2525,40.1201#27.3#34.48#38.22
-94.1949,40.1199#27.32#34.66#38.02
-94.1373,40.1196#27.35#34.85#37.8
-94.0798,40.1193#27.38#35.04#37.58
-94.0222,40.119#27.4#35.22#37.38
-93.9647,40.1187#27.42#35.42#37.16
-93.9071,40.1183#27.43#35.62#36.95
-93.8495,40.118#27.45#35.82#36.73
-93.792,40.1176#27.46#36.02#36.52
-93.7344,40.1172#27.47#36.22#36.31
-93.6769,40.1168#27.49#36.42#36.09
-93.6193,40.1163#27.5#36.62#35.88
-93.5617,40.1159#27.51#36.82#35.67
-93.5042,40.1154#27.53#37.02#35.45
-93.4466,40.1149#27.53#37.23#35.24
-93.3891,40.1144#27.53#37.43#35.04
-93.3315,40.1138#27.53#37.64#34.83
-93.274,40.1133#27.53#37.84#34.63
-93.2164,40.1127#27.54#38.05#34.41
-93.1589,40.1121#27.54#38.25#34.21
-93.1013,40.1115#27.54#38.45#34.01
-93.0438,40.1109#27.54#38.66#33.8
-92.9862,40.1103#27.54#38.87#33.59
-92.9287,40.1096#27.53#39.11#33.36
-92.8711,40.1089#27.52#39.36#33.12
-92.8136,40.1082#27.51#39.6#32.89
-92.756,40.1075#27.5#39.84#32.66
-92.6985,40.1068#27.48#40.08#32.44
-92.6409,40.106#27.47#40.32#32.21
-92.5834,40.1052#27.46#40.57#31.97
-92.5258,40.1044#27.45#40.81#31.74
-92.4683,40.1036#27.43#41.05#31.52
-92.4107,40.1028#27.4#41.29#31.31
-92.3532,40.1019#27.37#41.54#31.09
-92.2956,40.1011#27.34#41.78#30.88
-92.2381,40.1002#27.31#42.03#30.66
-92.1806,40.0993#27.28#42.27#30.45
-92.123,40.0984#27.25#42.51#30.24
-92.0655,40.0974#27.22#42.76#30.02
-92.0079,40.0964#27.19#43#29.81
-91.9504,40.0955#27.17#43.18#29.65
-91.8929,40.0945#27.15#43.34#29.51
-91.8353,40.0934#27.12#43.5#29.38
-91.7778,40.0924#27.1#43.67#29.23
-91.7203,40.0914#27.08#43.83#29.09
-91.6628,40.0903#27.06#44#28.94
-91.6052,40.0892#27.03#44.16#28.81
-91.5477,40.0881#27.01#44.33#28.66
-91.4902,40.0869#27#44.48#28.52
-91.4326,40.0858#27.05#44.6#28.35
-91.3751,40.0846#27.1#44.71#28.19
-91.3176,40.0834#27.15#44.82#28.03
-91.2601,40.0822#27.2#44.93#27.87
-91.2026,40.081#27.24#45.05#27.71
-91.145,40.0798#27.29#45.16#27.55
-91.0875,40.0785#27.34#45.27#27.39
-91.03,40.0772#27.39#45.39#27.22
-90.9725,40.0759#27.44#45.48#27.08
-90.915,40.0746#27.49#45.56#26.95
-90.8575,40.0733#27.54#45.63#26.83
-90.8,40.0719#27.59#45.71#26.7
-90.7425,40.0706#27.64#45.79#26.57
-90.6849,40.0692#27.68#45.87#26.45
-90.6274,40.0678#27.73#45.94#26.33
-90.5699,40.0663#27.78#46.02#26.2
-90.5124,40.0649#27.83#46.1#26.07
-90.4549,40.0634#27.85#46.15#26
-90.3974,40.0619#27.86#46.19#25.95
-90.3399,40.0604#27.87#46.24#25.89
-90.2824,40.0589#27.88#46.28#25.84
-90.225,40.0574#27.89#46.32#25.79
-90.1675,40.0558#27.9#46.37#25.73
-90.11,40.0542#27.91#46.41#25.68
-90.0525,40.0526#27.92#46.45#25.63
-89.995,40.051#27.93#46.5#25.57
-89.9375,40.0494#27.92#46.52#25.56
-89.88,40.0477#27.91#46.54#25.55
-89.8225,40.046#27.91#46.56#25.53
-89.7651,40.0444#27.9#46.59#25.51
-89.7076,40.0426#27.89#46.61#25.5
-89.6501,40.0409#27.89#46.63#25.48
-89.5926,40.0392#27.88#46.66#25.46
-89.5352,40.0374#27.87#46.68#25.45
-89.4777,40.0356#27.85#46.7#25.45
-89.4202,40.0338#27.79#46.71#25.5
-89.3628,40.032#27.73#46.72#25.55
-89.3053,40.0302#27.68#46.73#25.59
-89.2478,40.0283#27.62#46.75#25.63
-89.1904,40.0264#27.57#46.76#25.67
-89.1329,40.0245#27.51#46.77#25.72
-89.0755,40.0226#27.45#46.78#25.77
-89.018,40.0207#27.4#46.8#25.8
-88.9606,40.0187#27.39#46.8#25.81
-88.9031,40.0168#27.41#46.79#25.8
-88.8457,40.0148#27.42#46.78#25.8
-88.7882,40.0128#27.44#46.78#25.78
-88.7308,40.0107#27.45#46.77#25.78
-88.6733,40.0087#27.47#46.77#25.76
-88.6159,40.0066#27.48#46.77#25.75
-88.5585,40.0045#27.5#46.76#25.74
-88.501,40.0024#27.51#46.76#25.73
-88.4436,40.0003#27.57#46.71#25.72
-88.3862,39.9982#27.63#46.67#25.7
-88.3288,39.996#27.69#46.62#25.69
-88.2713,39.9938#27.75#46.58#25.67
-88.2139,39.9917#27.8#46.53#25.67
-88.1565,39.9894#27.86#46.49#25.65
-88.0991,39.9872#27.92#46.44#25.64
-88.0417,39.985#27.98#46.4#25.62
-87.9842,39.9827#28.03#46.34#25.63
-87.9268,39.9804#28.06#46.23#25.71
-87.8694,39.9781#28.08#46.12#25.8
-87.812,39.9758#28.11#46.01#25.88
-87.7546,39.9734#28.14#45.9#25.96
-87.6972,39.9711#28.17#45.8#26.03
-87.6398,39.9687#28.2#45.69#26.11
-87.5824,39.9663#28.23#45.59#26.18
-87.5251,39.9639#28.25#45.48#26.27
-87.4677,39.9614#28.28#45.35#26.37
-87.4103,39.959#28.3#45.21#26.49
-87.3529,39.9565#28.31#45.06#26.63
