-97.8635,28.9005#64.88#29.59#5.53
-97.8115,28.9015#64.8#29.51#5.69
-97.7594,28.9024#64.73#29.44#5.83
-97.7074,28.9033#64.66#29.37#5.97
-97.6553,28.9042#64.58#29.3#6.12
-97.6033,28.9051#64.51#29.23#6.25999999999999
-97.5513,28.906#64.43#29.15#6.41999999999999
-97.4992,28.9068#64.35#29.08#6.57000000000001
-97.4472,28.9076#63.95#29.06#6.98999999999999
-97.3951,28.9085#63.55#29.03#7.42
-97.3431,28.9092#63.14#29.01#7.84999999999999
-97.2911,28.91#62.74#28.98#8.28
-97.239,28.9108#62.34#28.96#8.69999999999999
-97.187,28.9115#61.94#28.93#9.13
-97.1349,28.9123#61.54#28.9#9.56
-97.0829,28.913#61.13#28.88#9.98999999999999
-97.0308,28.9137#60.73#28.85#10.42
-96.9788,28.9143#60.4#28.83#10.77
-96.9267,28.915#60.16#28.83#11.01
-96.8747,28.9156#59.92#28.82#11.26
-96.8226,28.9162#59.68#28.81#11.51
-96.7706,28.9169#59.44#28.8#11.76
-96.7185,28.9174#59.21#28.79#12
-96.6665,28.918#58.97#28.78#12.25
-96.6144,28.9186#58.73#28.78#12.49
-96.5624,28.9191#58.49#28.77#12.74
-96.5103,28.9196#58.25#28.76#12.99
-96.4583,28.9201#58.05#28.76#13.19
-96.4062,28.9206#57.84#28.75#13.41
-96.3542,28.9211#57.64#28.75#13.61
-96.3021,28.9215#57.44#28.75#13.81
-96.2501,28.9219#57.24#28.75#14.01
-96.198,28.9223#57.04#28.75#14.21
-96.146,28.9227#56.83#28.74#14.43
-96.0939,28.9231#56.63#28.74#14.63
-96.0419,28.9235#56.43#28.74#14.83
-95.9898,28.9238#56.23#28.74#15.03
-95.9378,28.9241#56.02#28.74#15.24
-95.8857,28.9244#55.82#28.74#15.44
-95.8336,28.9247#55.62#28.74#15.64
-95.7816,28.925#55.41#28.74#15.85
-95.7295,28.9253#55.21#28.74#16.05
-95.6775,28.9255#55#28.74#16.26
-95.6254,28.9257#54.8#28.74#16.46
-95.5734,28.9259#54.6#28.74#16.66
-95.5213,28.9261#54.39#28.74#16.87
-95.4692,28.9263#54.19#28.75#17.06
-95.4172,28.9264#53.99#28.75#17.26
-95.3651,28.9265#53.79#28.75#17.46
-95.3131,28.9267#53.59#28.75#17.66
-95.261,28.9268#53.39#28.75#17.86
-95.209,28.9268#53.19#28.75#18.06
-95.1569,28.9269#52.99#28.76#18.25
-95.1048,28.9269#52.78#28.76#18.46
-95.0528,28.927#52.58#28.76#18.66
-95.0007,28.927#52.38#28.76#18.86
-94.9487,28.927#52.18#28.76#19.06
-94.8966,28.9269#51.98#28.76#19.26
-94.8445,28.9269#51.78#28.77#19.45
-94.7925,28.9268#51.58#28.77#19.65
-94.7404,28.9268#51.37#28.77#19.86
-94.6884,28.9267#51.17#28.77#20.06
-94.6363,28.9265#50.97#28.77#20.26
-94.5843,28.9264#50.77#28.78#20.45
-94.5322,28.9263#50.57#28.78#20.65
-94.4801,28.9261#50.38#28.78#20.84
-94.4281,28.9259#50.22#28.78#21
-94.376,28.9257#50.05#28.78#21.17
-94.324,28.9255#49.89#28.79#21.32
-94.2719,28.9253#49.72#28.79#21.49
-94.2199,28.925#49.56#28.79#21.65
-94.1678,28.9247#49.4#28.79#21.81
-94.1157,28.9244#49.23#28.79#21.98
-94.0637,28.9241#49.07#28.8#22.13
-94.0116,28.9238#48.9#28.8#22.3
-93.9596,28.9235#48.75#28.8#22.45
-93.9075,28.9231#48.6#28.8#22.6
-93.8555,28.9227#48.45#28.8#22.75
-93.8034,28.9223#48.31#28.81#22.88
-93.7514,28.9219#48.16#28.81#23.03
-93.6993,28.9215#48.01#28.81#23.18
-93.6473,28.9211#47.86#28.81#23.33
-93.5952,28.9206#47.71#28.82#23.47
-93.5431,28.9201#47.56#28.82#23.62
-93.4911,28.9196#47.41#28.82#23.77
-93.439,28.9191#47.27#28.82#23.91
-93.387,28.9186#47.12#28.82#24.06
-93.3349,28.918#46.97#28.83#24.2
-93.2829,28.9175#46.83#28.83#24.34
-93.2308,28.9169#46.68#28.83#24.49
-93.1788,28.9163#46.54#28.83#24.63
-93.1267,28.9156#46.39#28.83#24.78
-93.0747,28.915#46.24#28.84#24.92
-93.0226,28.9143#46.1#28.84#25.06
-92.9706,28.9137#45.95#28.84#25.21
-92.9186,28.913#45.81#28.84#25.35
-92.8665,28.9123#45.66#28.85#25.49
-92.8145,28.9116#45.52#28.85#25.63
-92.7624,28.9108#45.38#28.85#25.77
-92.7104,28.91#45.23#28.85#25.92
-92.6583,28.9093#45.09#28.85#26.06
-92.6063,28.9085#44.94#28.86#26.2
-92.5542,28.9077#44.8#28.86#26.34
-92.5022,28.9068#44.65#28.86#26.49
-92.4502,28.906#44.51#28.86#26.63
-92.3981,28.9051#44.36#28.86#26.78
-92.3461,28.9042#44.22#28.87#26.91
-92.2941,28.9033#44.07#28.87#27.06
-92.242,28.9024#43.93#28.87#27.2
-92.19,28.9015#43.79#28.87#27.34
-92.1379,28.9005#43.64#28.87#27.49
-99.7379,28.9001#66.77#29.08#4.15000000000001
-99.6859,28.9017#66.81#29.14#4.05
-99.6339,28.9032#66.85#29.21#3.94
-99.5819,28.9048#66.9#29.27#3.83
-99.5298,28.9063#66.94#29.33#3.73
-99.4778,28.9078#66.96#29.4#3.64000000000001
-99.4258,28.9093#66.95#29.47#3.58
-99.3738,28.9108#66.94#29.55#3.51000000000001
-99.3217,28.9123#66.94#29.62#3.44
-99.2697,28.9137#66.93#29.69#3.38
-99.2177,28.9151#66.92#29.76#3.31999999999999
-99.1657,28.9165#66.91#29.83#3.26000000000001
-99.1136,28.9179#66.9#29.91#3.19
-99.0616,28.9193#66.89#29.98#3.13
-99.0096,28.9207#66.88#30.05#3.07000000000001
-98.9575,28.922#66.83#30.09#3.08
-98.9055,28.9233#66.77#30.12#3.11
-98.8535,28.9246#66.71#30.15#3.14000000000001
-98.8014,28.9259#66.65#30.19#3.16
-98.7494,28.9272#66.59#30.22#3.19
-98.6974,28.9284#66.53#30.25#3.22
-98.6453,28.9297#66.46#30.28#3.26000000000001
-98.5933,28.9309#66.4#30.31#3.28999999999999
-98.5412,28.9321#66.34#30.35#3.31
-98.4892,28.9333#66.27#30.36#3.37
-98.4371,28.9344#66.13#30.3#3.57000000000001
-98.3851,28.9356#66#30.24#3.76000000000001
-98.3331,28.9367#65.87#30.17#3.95999999999999
-98.281,28.9378#65.74#30.11#4.15000000000001
-98.229,28.9389#65.61#30.05#4.34
-98.1769,28.94#65.48#29.99#4.53
-98.1249,28.941#65.35#29.93#4.72
-98.0728,28.9421#65.22#29.86#4.92
-98.0208,28.9431#65.08#29.8#5.12
-97.9687,28.9441#64.98#29.73#5.28999999999999
-97.9166,28.9451#64.9#29.66#5.44
-97.8646,28.9461#64.82#29.59#5.59
-97.8125,28.947#64.74#29.52#5.74000000000001
-97.7605,28.948#64.66#29.45#5.89
-97.7084,28.9489#64.58#29.37#6.05
-97.6564,28.9498#64.5#29.3#6.2
-97.6043,28.9507#64.42#29.23#6.34999999999999
-97.5522,28.9515#64.34#29.16#6.5
-97.5002,28.9524#64.25#29.09#6.66
-97.4481,28.9532#63.85#29.06#7.09
-97.3961,28.954#63.45#29.04#7.50999999999999
-97.344,28.9548#63.05#29.01#7.94
-97.2919,28.9556#62.65#28.98#8.37
-97.2399,28.9564#62.25#28.96#8.78999999999999
-97.1878,28.9571#61.85#28.93#9.22
-97.1357,28.9578#61.45#28.91#9.64
-97.0837,28.9585#61.05#28.88#10.07
-97.0316,28.9592#60.66#28.86#10.48
-96.9796,28.9599#60.32#28.84#10.84
-96.9275,28.9606#60.09#28.83#11.08
-96.8754,28.9612#59.85#28.82#11.33
-96.8233,28.9618#59.62#28.81#11.57
-96.7713,28.9624#59.39#28.8#11.81
-96.7192,28.963#59.16#28.8#12.04
-96.6671,28.9636#58.92#28.79#12.29
-96.6151,28.9641#58.69#28.78#12.53
-96.563,28.9647#58.46#28.77#12.77
-96.5109,28.9652#58.23#28.76#13.01
-96.4589,28.9657#58.02#28.76#13.22
-96.4068,28.9662#57.82#28.76#13.42
-96.3547,28.9666#57.62#28.76#13.62
-96.3026,28.9671#57.42#28.75#13.83
-96.2506,28.9675#57.22#28.75#14.03
-96.1985,28.9679#57.02#28.75#14.23
-96.1464,28.9683#56.82#28.75#14.43
-96.0943,28.9687#56.62#28.75#14.63
-96.0423,28.969#56.42#28.74#14.84
-95.9902,28.9694#56.22#28.74#15.04
-95.9381,28.9697#56.02#28.74#15.24
-95.886,28.97#55.82#28.74#15.44
-95.834,28.9703#55.61#28.74#15.65
-95.7819,28.9706#55.41#28.75#15.84
-95.7298,28.9708#55.21#28.75#16.04
-95.6777,28.9711#55.01#28.75#16.24
-95.6257,28.9713#54.8#28.75#16.45
-95.5736,28.9715#54.6#28.75#16.65
-95.5215,28.9717#54.4#28.75#16.85
-95.4694,28.9718#54.2#28.75#17.05
-95.4173,28.972#54#28.75#17.25
-95.3653,28.9721#53.8#28.75#17.45
-95.3132,28.9722#53.6#28.75#17.65
-95.2611,28.9723#53.4#28.76#17.84
-95.209,28.9724#53.2#28.76#18.04
-95.157,28.9725#53#28.76#18.24
-95.1049,28.9725#52.8#28.76#18.44
-95.0528,28.9725#52.6#28.76#18.64
-95.0007,28.9726#52.4#28.76#18.84
-94.9486,28.9725#52.21#28.77#19.02
-94.8966,28.9725#52.01#28.77#19.22
-94.8445,28.9725#51.81#28.77#19.42
-94.7924,28.9724#51.61#28.77#19.62
-94.7403,28.9723#51.41#28.77#19.82
-94.6883,28.9722#51.21#28.78#20.01
-94.6362,28.9721#51.01#28.78#20.21
-94.5841,28.972#50.81#28.78#20.41
-94.532,28.9718#50.61#28.78#20.61
-94.4799,28.9717#50.42#28.78#20.8
-94.4279,28.9715#50.26#28.79#20.95
-94.3758,28.9713#50.09#28.79#21.12
-94.3237,28.9711#49.93#28.79#21.28
-94.2716,28.9708#49.76#28.79#21.45
-94.2196,28.9706#49.6#28.79#21.61
-94.1675,28.9703#49.43#28.8#21.77
-94.1154,28.97#49.27#28.8#21.93
-94.0633,28.9697#49.11#28.8#22.09
-94.0113,28.9694#48.94#28.8#22.26
-93.9592,28.9691#48.79#28.8#22.41
-93.9071,28.9687#48.64#28.81#22.55
-93.855,28.9683#48.49#28.81#22.7
-93.803,28.9679#48.34#28.81#22.85
-93.7509,28.9675#48.19#28.81#23
-93.6988,28.9671#48.04#28.81#23.15
-93.6467,28.9666#47.9#28.82#23.28
-93.5947,28.9662#47.75#28.82#23.43
-93.5426,28.9657#47.6#28.82#23.58
-93.4905,28.9652#47.45#28.82#23.73
-93.4384,28.9647#47.3#28.83#23.87
-93.3864,28.9641#47.16#28.83#24.01
-93.3343,28.9636#47.01#28.83#24.16
-93.2822,28.963#46.86#28.83#24.31
-93.2302,28.9624#46.72#28.83#24.45
-93.1781,28.9618#46.57#28.84#24.59
-93.126,28.9612#46.42#28.84#24.74
-93.074,28.9606#46.28#28.84#24.88
-93.0219,28.9599#46.13#28.84#25.03
-92.9698,28.9593#45.99#28.85#25.16
-92.9178,28.9586#45.84#28.85#25.31
-92.8657,28.9579#45.7#28.85#25.45
-92.8136,28.9571#45.55#28.85#25.6
-92.7616,28.9564#45.41#28.85#25.74
-92.7095,28.9556#45.26#28.86#25.88
-92.6574,28.9548#45.12#28.86#26.02
-92.6054,28.954#44.97#28.86#26.17
-92.5533,28.9532#44.83#28.86#26.31
-92.5012,28.9524#44.68#28.86#26.46
-92.4492,28.9516#44.54#28.87#26.59
-92.3971,28.9507#44.39#28.87#26.74
-92.3451,28.9498#44.25#28.87#26.88
-92.293,28.9489#44.1#28.87#27.03
-92.241,28.948#43.96#28.87#27.17
-92.1889,28.947#43.81#28.88#27.31
-92.1368,28.9461#43.67#28.88#27.45
-92.0848,28.9451#43.52#28.88#27.6
-92.0327,28.9441#43.38#28.88#27.74
-91.9807,28.9431#43.23#28.88#27.89
-91.9286,28.9421#43.09#28.89#28.02
-91.8766,28.9411#42.95#28.89#28.16
-91.8245,28.94#42.8#28.89#28.31
-91.7725,28.9389#42.66#28.89#28.45
-91.7204,28.9378#42.52#28.9#28.58
-91.6684,28.9367#42.37#28.9#28.73
-91.6163,28.9356#42.23#28.9#28.87
-91.5643,28.9345#42.09#28.9#29.01
-91.5122,28.9333#41.94#28.9#29.16
-91.4602,28.9321#41.8#28.91#29.29
-91.4082,28.9309#41.66#28.91#29.43
-91.3561,28.9297#41.51#28.91#29.58
-91.3041,28.9285#41.37#28.91#29.72
-91.252,28.9272#41.23#28.91#29.86
-91.2,28.9259#41.09#28.92#29.99
-91.148,28.9247#40.94#28.92#30.14
-91.0959,28.9234#40.8#28.92#30.28
-91.0439,28.922#40.66#28.92#30.42
-90.9919,28.9207#40.51#28.92#30.57
-90.9398,28.9193#40.3#28.93#30.77
-90.8878,28.918#40.1#28.93#30.97
-90.8358,28.9166#39.9#28.93#31.17
-90.7837,28.9152#39.7#28.93#31.37
-90.7317,28.9137#39.5#28.94#31.56
-90.6797,28.9123#39.3#28.94#31.76
-90.6277,28.9108#39.1#28.94#31.96
-90.5756,28.9094#38.89#28.94#32.17
-90.5236,28.9079#38.69#28.94#32.37
-90.4716,28.9064#38.47#28.95#32.58
-90.4196,28.9048#38.24#28.95#32.81
-90.3676,28.9033#38#28.95#33.05
-90.3155,28.9017#37.77#28.95#33.28
-90.2635,28.9001#37.53#28.96#33.51
-101.04,28.9004#61.63#28.72#9.65000000000001
-100.988,28.9024#62.03#28.73#9.23999999999999
-100.936,28.9044#62.46#28.73#8.81
-100.884,28.9064#62.88#28.73#8.39
-100.832,28.9083#63.31#28.73#7.95999999999999
-100.78,28.9103#63.73#28.73#7.54000000000001
-100.728,28.9122#64.15#28.73#7.11999999999999
-100.676,28.9141#64.57#28.74#6.69000000000001
-100.624,28.916#64.99#28.74#6.27000000000001
-100.572,28.9179#65.4#28.74#5.86
-100.52,28.9198#65.81#28.74#5.45
-100.468,28.9216#66.01#28.74#5.25
-100.416,28.9235#66.08#28.75#5.17
-100.364,28.9253#66.15#28.75#5.09999999999999
-100.312,28.9271#66.22#28.75#5.03
-100.26,28.9288#66.28#28.75#4.97
-100.208,28.9306#66.35#28.75#4.90000000000001
-100.156,28.9323#66.42#28.75#4.83
-100.104,28.9341#66.49#28.76#4.75
-100.052,28.9358#66.56#28.76#4.67999999999999
-99.9999,28.9375#66.63#28.76#4.61
-99.9479,28.9391#66.67#28.82#4.50999999999999
-99.8958,28.9408#66.72#28.89#4.39
-99.8438,28.9424#66.76#28.95#4.28999999999999
-99.7918,28.944#66.8#29.02#4.18000000000001
-99.7397,28.9456#66.84#29.08#4.08
-99.6877,28.9472#66.88#29.14#3.98
-99.6357,28.9488#66.91#29.21#3.88
-99.5836,28.9503#66.95#29.27#3.78
-99.5316,28.9519#66.99#29.33#3.68000000000001
-99.4795,28.9534#67.01#29.4#3.59
-99.4275,28.9549#67#29.47#3.53
-99.3755,28.9564#66.99#29.54#3.47
-99.3234,28.9578#66.98#29.62#3.39999999999999
-99.2714,28.9593#66.97#29.69#3.34
-99.2193,28.9607#66.95#29.76#3.28999999999999
-99.1673,28.9621#66.94#29.83#3.23
-99.1152,28.9635#66.93#29.9#3.16999999999999
-99.0632,28.9649#66.92#29.98#3.09999999999999
-99.0111,28.9662#66.9#30.05#3.05
-98.9591,28.9676#66.85#30.09#3.06
-98.907,28.9689#66.79#30.12#3.08999999999999
-98.8549,28.9702#66.72#30.15#3.13
-98.8029,28.9715#66.66#30.19#3.15000000000001
-98.7508,28.9727#66.6#30.22#3.18000000000001
-98.6988,28.974#66.53#30.25#3.22
-98.6467,28.9752#66.47#30.28#3.25
-98.5947,28.9764#66.4#30.32#3.28
-98.5426,28.9776#66.34#30.35#3.31
-98.4905,28.9788#66.26#30.36#3.38
-98.4385,28.98#66.13#30.3#3.57000000000001
-98.3864,28.9811#65.99#30.24#3.77000000000001
-98.3343,28.9823#65.86#30.18#3.96000000000001
-98.2823,28.9834#65.72#30.11#4.17
-98.2302,28.9845#65.59#30.05#4.36
-98.1781,28.9855#65.46#29.99#4.55000000000001
-98.1261,28.9866#65.32#29.93#4.75
-98.074,28.9876#65.19#29.87#4.94
-98.0219,28.9887#65.05#29.81#5.14
-97.9698,28.9897#64.94#29.74#5.32000000000001
-97.9178,28.9907#64.86#29.67#5.47
-97.8657,28.9916#64.77#29.59#5.64
-97.8136,28.9926#64.68#29.52#5.8
-97.7615,28.9935#64.59#29.45#5.95999999999999
-97.7095,28.9944#64.51#29.38#6.11
-97.6574,28.9953#64.42#29.31#6.27
-97.6053,28.9962#64.33#29.23#6.44
-97.5532,28.9971#64.24#29.16#6.60000000000001
-97.5012,28.9979#64.15#29.09#6.75999999999999
-97.4491,28.9988#63.76#29.06#7.18000000000001
-97.397,28.9996#63.36#29.04#7.59999999999999
-97.3449,29.0004#62.96#29.01#8.03
-97.2928,29.0012#62.57#28.99#8.44
-97.2407,29.0019#62.17#28.96#8.87
-97.1887,29.0027#61.77#28.94#9.28999999999999
-97.1366,29.0034#61.37#28.91#9.72
-97.0845,29.0041#60.98#28.88#10.14
-97.0324,29.0048#60.58#28.86#10.56
-96.9803,29.0055#60.24#28.84#10.92
-96.9282,29.0061#60.02#28.83#11.15
-96.8761,29.0068#59.79#28.82#11.39
-96.824,29.0074#59.56#28.82#11.62
-96.772,29.008#59.33#28.81#11.86
-96.7199,29.0086#59.11#28.8#12.09
-96.6678,29.0092#58.88#28.79#12.33
-96.6157,29.0097#58.65#28.78#12.57
-96.5636,29.0102#58.43#28.77#12.8
-96.5115,29.0108#58.2#28.77#13.03
-96.4594,29.0113#58#28.76#13.24
-96.4073,29.0117#57.8#28.76#13.44
-96.3552,29.0122#57.6#28.76#13.64
-96.3031,29.0127#57.4#28.76#13.84
-96.251,29.0131#57.2#28.75#14.05
-96.1989,29.0135#57#28.75#14.25
-96.1469,29.0139#56.81#28.75#14.44
-96.0948,29.0143#56.61#28.75#14.64
-96.0427,29.0146#56.41#28.75#14.84
-95.9906,29.015#56.21#28.75#15.04
-95.9385,29.0153#56.01#28.75#15.24
-95.8864,29.0156#55.81#28.75#15.44
-95.8343,29.0159#55.61#28.75#15.64
-95.7822,29.0162#55.41#28.75#15.84
-95.7301,29.0164#55.21#28.75#16.04
-95.678,29.0166#55.01#28.75#16.24
-95.6259,29.0169#54.81#28.75#16.44
-95.5738,29.0171#54.61#28.75#16.64
-95.5217,29.0172#54.41#28.75#16.84
-95.4696,29.0174#54.21#28.75#17.04
-95.4175,29.0176#54.01#28.75#17.24
-95.3654,29.0177#53.81#28.76#17.43
-95.3133,29.0178#53.61#28.76#17.63
-95.2612,29.0179#53.42#28.76#17.82
-95.2091,29.018#53.22#28.76#18.02
-95.157,29.018#53.02#28.76#18.22
-95.1049,29.0181#52.82#28.76#18.42
-95.0528,29.0181#52.62#28.77#18.61
-95.0007,29.0181#52.43#28.77#18.8
-94.9486,29.0181#52.23#28.77#19
-94.8965,29.0181#52.03#28.77#19.2
-94.8444,29.018#51.83#28.77#19.4
-94.7923,29.018#51.64#28.78#19.58
-94.7402,29.0179#51.44#28.78#19.78
-94.6881,29.0178#51.24#28.78#19.98
-94.636,29.0177#51.04#28.78#20.18
-94.5839,29.0176#50.84#28.78#20.38
-94.5318,29.0174#50.65#28.78#20.57
-94.4797,29.0173#50.46#28.79#20.75
-94.4276,29.0171#50.3#28.79#20.91
-94.3755,29.0169#50.13#28.79#21.08
-94.3234,29.0167#49.97#28.79#21.24
-94.2714,29.0164#49.8#28.8#21.4
-94.2193,29.0162#49.64#28.8#21.56
-94.1672,29.0159#49.47#28.8#21.73
-94.1151,29.0156#49.31#28.8#21.89
-94.063,29.0153#49.14#28.8#22.06
-94.0109,29.015#48.98#28.81#22.21
-93.9588,29.0146#48.83#28.81#22.36
-93.9067,29.0143#48.68#28.81#22.51
-93.8546,29.0139#48.53#28.81#22.66
-93.8025,29.0135#48.38#28.81#22.81
-93.7504,29.0131#48.23#28.82#22.95
-93.6983,29.0127#48.08#28.82#23.1
-93.6462,29.0122#47.93#28.82#23.25
-93.5941,29.0118#47.78#28.82#23.4
-93.542,29.0113#47.63#28.83#23.54
-93.4899,29.0108#47.49#28.83#23.68
-93.4378,29.0103#47.34#28.83#23.83
-93.3858,29.0097#47.19#28.83#23.98
-93.3337,29.0092#47.05#28.83#24.12
-93.2816,29.0086#46.9#28.84#24.26
-93.2295,29.008#46.75#28.84#24.41
-93.1774,29.0074#46.6#28.84#24.56
-93.1253,29.0068#46.46#28.84#24.7
-93.0732,29.0062#46.31#28.84#24.85
-93.0211,29.0055#46.16#28.85#24.99
-92.969,29.0048#46.02#28.85#25.13
-92.917,29.0041#45.87#28.85#25.28
-92.8649,29.0034#45.73#28.85#25.42
-92.8128,29.0027#45.58#28.86#25.56
-92.7607,29.002#45.44#28.86#25.7
-92.7086,29.0012#45.29#28.86#25.85
-92.6565,29.0004#45.15#28.86#25.99
-92.6045,28.9996#45#28.86#26.14
-92.5524,28.9988#44.85#28.87#26.28
-92.5003,28.998#44.71#28.87#26.42
-92.4482,28.9971#44.56#28.87#26.57
-92.3961,28.9963#44.42#28.87#26.71
-92.3441,28.9954#44.27#28.87#26.86
-92.292,28.9945#44.13#28.88#26.99
-92.2399,28.9936#43.98#28.88#27.14
-92.1878,28.9926#43.84#28.88#27.28
-92.1357,28.9917#43.69#28.88#27.43
-92.0837,28.9907#43.55#28.88#27.57
-92.0316,28.9897#43.4#28.89#27.71
-91.9795,28.9887#43.26#28.89#27.85
-91.9275,28.9877#43.11#28.89#28
-91.8754,28.9866#42.97#28.89#28.14
-91.8233,28.9856#42.83#28.9#28.27
-91.7712,28.9845#42.68#28.9#28.42
-91.7192,28.9834#42.54#28.9#28.56
-91.6671,28.9823#42.39#28.9#28.71
-91.615,28.9812#42.25#28.9#28.85
-91.563,28.98#42.11#28.91#28.98
-91.5109,28.9789#41.96#28.91#29.13
-91.4588,28.9777#41.82#28.91#29.27
-91.4068,28.9765#41.68#28.91#29.41
-91.3547,28.9753#41.53#28.91#29.56
-91.3027,28.974#41.39#28.92#29.69
-91.2506,28.9728#41.25#28.92#29.83
-91.1985,28.9715#41.1#28.92#29.98
-91.1465,28.9702#40.96#28.92#30.12
-91.0944,28.9689#40.82#28.92#30.26
-91.0424,28.9676#40.67#28.93#30.4
-90.9903,28.9663#40.52#28.93#30.55
-90.9383,28.9649#40.32#28.93#30.75
-90.8862,28.9635#40.12#28.93#30.95
-90.8342,28.9621#39.92#28.93#31.15
-90.7821,28.9607#39.72#28.94#31.34
-90.7301,28.9593#39.52#28.94#31.54
-90.678,28.9579#39.32#28.94#31.74
-90.626,28.9564#39.12#28.94#31.94
-90.5739,28.9549#38.92#28.95#32.13
-90.5219,28.9534#38.72#28.95#32.33
-90.4699,28.9519#38.5#28.95#32.55
-90.4178,28.9504#38.27#28.95#32.78
-90.3658,28.9488#38.04#28.95#33.01
-90.3137,28.9473#37.8#28.96#33.24
-90.2617,28.9457#37.57#28.96#33.47
-90.2097,28.9441#37.34#28.96#33.7
-90.1576,28.9425#37.1#28.96#33.94
-90.1056,28.9408#36.87#28.97#34.16
-90.0536,28.9392#36.63#28.97#34.4
-90.0016,28.9375#36.4#28.97#34.63
-89.9495,28.9358#36.18#28.98#34.84
-89.8975,28.9341#35.96#28.98#35.06
-89.8455,28.9324#35.74#28.99#35.27
-89.7935,28.9306#35.52#28.99#35.49
-89.7414,28.9289#35.3#29#35.7
-89.6894,28.9271#35.08#29#35.92
-89.6374,28.9253#34.86#29.01#36.13
-89.5854,28.9235#34.64#29.01#36.35
-89.5334,28.9217#34.42#29.02#36.56
-89.4814,28.9198#34.21#29.03#36.76
-89.4293,28.918#34.02#29.06#36.92
-89.3773,28.9161#33.83#29.09#37.08
-89.3253,28.9142#33.63#29.12#37.25
-89.2733,28.9123#33.44#29.15#37.41
-89.2213,28.9103#33.25#29.18#37.57
-89.1693,28.9084#33.06#29.21#37.73
-89.1173,28.9064#32.87#29.24#37.89
-89.0653,28.9044#32.68#29.27#38.05
-89.0133,28.9024#32.49#29.3#38.21
-88.9613,28.9004#32.32#29.34#38.34
-102.082,28.9018#55.49#28.69#15.82
-102.03,28.9042#55.72#28.69#15.59
-101.978,28.9065#55.97#28.69#15.34
-101.926,28.9089#56.23#28.7#15.07
-101.874,28.9112#56.5#28.7#14.8
-101.822,28.9135#56.76#28.7#14.54
-101.77,28.9158#57.03#28.7#14.27
-101.718,28.918#57.29#28.7#14.01
-101.666,28.9203#57.56#28.7#13.74
-101.614,28.9225#57.83#28.71#13.46
-101.562,28.9247#58.09#28.71#13.2
-101.51,28.9269#58.36#28.71#12.93
-101.458,28.9291#58.73#28.71#12.56
-101.406,28.9313#59.12#28.71#12.17
-101.354,28.9334#59.52#28.72#11.76
-101.302,28.9355#59.91#28.72#11.37
-101.25,28.9376#60.31#28.72#10.97
-101.198,28.9397#60.71#28.72#10.57
-101.146,28.9418#61.11#28.72#10.17
-101.094,28.9439#61.51#28.72#9.77000000000001
-101.042,28.9459#61.91#28.73#9.36
-100.99,28.9479#62.31#28.73#8.95999999999999
-100.938,28.9499#62.71#28.73#8.56
-100.886,28.9519#63.11#28.73#8.16
-100.834,28.9539#63.51#28.73#7.76000000000001
-100.782,28.9558#63.91#28.74#7.35000000000001
-100.73,28.9578#64.3#28.74#6.96000000000001
-100.678,28.9597#64.7#28.74#6.56
-100.626,28.9616#65.09#28.74#6.17
-100.574,28.9635#65.47#28.74#5.79000000000001
-100.522,28.9653#65.86#28.74#5.40000000000001
-100.47,28.9672#66.06#28.75#5.19
-100.418,28.969#66.14#28.75#5.11
-100.366,28.9708#66.21#28.75#5.04000000000001
-100.314,28.9726#66.28#28.75#4.97
-100.262,28.9744#66.35#28.75#4.90000000000001
-100.21,28.9761#66.43#28.76#4.80999999999999
-100.158,28.9779#66.5#28.76#4.73999999999999
-100.106,28.9796#66.58#28.76#4.66
-100.054,28.9813#66.65#28.76#4.58999999999999
-100.002,28.983#66.72#28.76#4.52
-99.9498,28.9847#66.76#28.82#4.41999999999999
-99.8977,28.9863#66.8#28.89#4.31
-99.8457,28.988#66.83#28.95#4.22
-99.7936,28.9896#66.87#29.02#4.11
-99.7415,28.9912#66.91#29.08#4.01000000000001
-99.6895,28.9928#66.94#29.14#3.92
-99.6374,28.9943#66.98#29.21#3.81
-99.5854,28.9959#67.01#29.27#3.72
-99.5333,28.9974#67.04#29.33#3.63
-99.4813,28.9989#67.06#29.4#3.53999999999999
-99.4292,29.0004#67.05#29.47#3.48
-99.3771,29.0019#67.03#29.54#3.43000000000001
-99.3251,29.0034#67.02#29.62#3.36
-99.273,29.0048#67#29.69#3.31
-99.2209,29.0062#66.99#29.76#3.25
-99.1689,29.0077#66.97#29.83#3.2
-99.1168,29.009#66.96#29.9#3.14000000000001
-99.0647,29.0104#66.94#29.98#3.08
-99.0127,29.0118#66.93#30.05#3.02
-98.9606,29.0131#66.87#30.09#3.03999999999999
-98.9085,29.0144#66.8#30.12#3.08
-98.8564,29.0157#66.74#30.15#3.11000000000001
-98.8044,29.017#66.67#30.19#3.14
-98.7523,29.0183#66.6#30.22#3.18000000000001
-98.7002,29.0195#66.54#30.25#3.20999999999999
-98.6481,29.0208#66.47#30.28#3.25
-98.596,29.022#66.4#30.32#3.28
-98.544,29.0232#66.33#30.35#3.31999999999999
-98.4919,29.0244#66.25#30.37#3.38
-98.4398,29.0255#66.12#30.3#3.58
-98.3877,29.0267#65.98#30.24#3.78
-98.3356,29.0278#65.84#30.18#3.97999999999999
-98.2835,29.0289#65.71#30.12#4.17
-98.2314,29.03#65.57#30.06#4.37
-98.1794,29.0311#65.43#29.99#4.58
-98.1273,29.0322#65.29#29.93#4.78
-98.0752,29.0332#65.16#29.87#4.97
-98.0231,29.0342#65.02#29.81#5.17
-97.971,29.0352#64.91#29.74#5.35000000000001
-97.9189,29.0362#64.81#29.67#5.52
-97.8668,29.0372#64.72#29.6#5.68000000000001
-97.8147,29.0382#64.62#29.53#5.84999999999999
-97.7626,29.0391#64.53#29.45#6.02
-97.7105,29.04#64.43#29.38#6.19
-97.6584,29.0409#64.34#29.31#6.34999999999999
-97.6063,29.0418#64.24#29.24#6.52000000000001
-97.5542,29.0427#64.14#29.17#6.69
-97.5021,29.0435#64.05#29.1#6.84999999999999
-97.45,29.0443#63.66#29.07#7.27000000000001
-97.3979,29.0452#63.27#29.04#7.69
-97.3458,29.046#62.87#29.02#8.11
-97.2937,29.0467#62.48#28.99#8.53
-97.2416,29.0475#62.08#28.97#8.95
-97.1895,29.0482#61.69#28.94#9.37
-97.1374,29.049#61.29#28.91#9.8
-97.0853,29.0497#60.9#28.89#10.21
-97.0332,29.0504#60.5#28.86#10.64
-96.9811,29.051#60.17#28.84#10.99
-96.929,29.0517#59.95#28.84#11.21
-96.8769,29.0523#59.72#28.83#11.45
-96.8247,29.053#59.5#28.82#11.68
-96.7726,29.0536#59.28#28.81#11.91
-96.7205,29.0542#59.06#28.8#12.14
-96.6684,29.0547#58.84#28.79#12.37
-96.6163,29.0553#58.62#28.79#12.59
-96.5642,29.0558#58.4#28.78#12.82
-96.5121,29.0563#58.17#28.77#13.06
-96.46,29.0568#57.97#28.77#13.26
-96.4079,29.0573#57.78#28.76#13.46
-96.3557,29.0578#57.58#28.76#13.66
-96.3036,29.0582#57.38#28.76#13.86
-96.2515,29.0587#57.19#28.76#14.05
-96.1994,29.0591#56.99#28.76#14.25
-96.1473,29.0595#56.79#28.75#14.46
-96.0952,29.0598#56.6#28.75#14.65
-96.0431,29.0602#56.4#28.75#14.85
-95.9909,29.0605#56.2#28.75#15.05
-95.9388,29.0609#56#28.75#15.25
-95.8867,29.0612#55.81#28.75#15.44
-95.8346,29.0615#55.61#28.75#15.64
-95.7825,29.0617#55.41#28.75#15.84
-95.7304,29.062#55.21#28.75#16.04
-95.6783,29.0622#55.01#28.75#16.24
-95.6261,29.0624#54.81#28.75#16.44
-95.574,29.0626#54.61#28.75#16.64
-95.5219,29.0628#54.41#28.76#16.83
-95.4698,29.063#54.22#28.76#17.02
-95.4177,29.0631#54.02#28.76#17.22
-95.3655,29.0633#53.82#28.76#17.42
-95.3134,29.0634#53.63#28.76#17.61
-95.2613,29.0635#53.43#28.76#17.81
-95.2092,29.0636#53.23#28.76#18.01
-95.1571,29.0636#53.04#28.77#18.19
-95.105,29.0637#52.84#28.77#18.39
-95.0528,29.0637#52.65#28.77#18.58
-95.0007,29.0637#52.45#28.77#18.78
-94.9486,29.0637#52.25#28.77#18.98
-94.8965,29.0637#52.06#28.77#19.17
-94.8444,29.0636#51.86#28.78#19.36
-94.7922,29.0636#51.66#28.78#19.56
-94.7401,29.0635#51.47#28.78#19.75
-94.688,29.0634#51.27#28.78#19.95
-94.6359,29.0633#51.08#28.78#20.14
-94.5838,29.0631#50.88#28.79#20.33
-94.5317,29.063#50.68#28.79#20.53
-94.4795,29.0628#50.5#28.79#20.71
-94.4274,29.0626#50.34#28.79#20.87
-94.3753,29.0624#50.17#28.79#21.04
-94.3232,29.0622#50.01#28.8#21.19
-94.2711,29.062#49.84#28.8#21.36
-94.219,29.0617#49.68#28.8#21.52
-94.1668,29.0615#49.51#28.8#21.69
-94.1147,29.0612#49.35#28.8#21.85
-94.0626,29.0609#49.18#28.81#22.01
-94.0105,29.0605#49.02#28.81#22.17
-93.9584,29.0602#48.87#28.81#22.32
-93.9063,29.0598#48.72#28.81#22.47
-93.8541,29.0595#48.57#28.82#22.61
-93.802,29.0591#48.42#28.82#22.76
-93.7499,29.0587#48.27#28.82#22.91
-93.6978,29.0582#48.12#28.82#23.06
-93.6457,29.0578#47.97#28.82#23.21
-93.5936,29.0573#47.82#28.83#23.35
-93.5415,29.0568#47.67#28.83#23.5
-93.4894,29.0563#47.52#28.83#23.65
-93.4372,29.0558#47.38#28.83#23.79
-93.3851,29.0553#47.23#28.84#23.93
-93.333,29.0547#47.08#28.84#24.08
-93.2809,29.0542#46.93#28.84#24.23
-93.2288,29.0536#46.79#28.84#24.37
-93.1767,29.053#46.64#28.84#24.52
-93.1246,29.0524#46.49#28.85#24.66
-93.0725,29.0517#46.34#28.85#24.81
-93.0204,29.0511#46.2#28.85#24.95
-92.9683,29.0504#46.05#28.85#25.1
-92.9162,29.0497#45.9#28.85#25.25
-92.864,29.049#45.76#28.86#25.38
-92.8119,29.0483#45.61#28.86#25.53
-92.7598,29.0475#45.47#28.86#25.67
-92.7077,29.0468#45.32#28.86#25.82
-92.6556,29.046#45.17#28.87#25.96
-92.6035,29.0452#45.03#28.87#26.1
-92.5514,29.0444#44.88#28.87#26.25
-92.4993,29.0435#44.74#28.87#26.39
-92.4472,29.0427#44.59#28.87#26.54
-92.3951,29.0418#44.45#28.88#26.67
-92.343,29.0409#44.3#28.88#26.82
-92.2909,29.04#44.15#28.88#26.97
-92.2388,29.0391#44.01#28.88#27.11
-92.1867,29.0382#43.86#28.88#27.26
-92.1346,29.0372#43.72#28.89#27.39
-92.0825,29.0363#43.57#28.89#27.54
-92.0305,29.0353#43.43#28.89#27.68
-91.9784,29.0343#43.28#28.89#27.83
-91.9263,29.0332#43.14#28.89#27.97
-91.8742,29.0322#42.99#28.9#28.11
-91.8221,29.0311#42.85#28.9#28.25
-91.77,29.0301#42.7#28.9#28.4
-91.7179,29.029#42.56#28.9#28.54
-91.6658,29.0279#42.41#28.91#28.68
-91.6137,29.0267#42.27#28.91#28.82
-91.5617,29.0256#42.13#28.91#28.96
-91.5096,29.0244#41.98#28.91#29.11
-91.4575,29.0232#41.84#28.91#29.25
-91.4054,29.022#41.69#28.92#29.39
-91.3533,29.0208#41.55#28.92#29.53
-91.3012,29.0196#41.41#28.92#29.67
-91.2492,29.0183#41.26#28.92#29.82
-91.1971,29.0171#41.12#28.92#29.96
-91.145,29.0158#40.97#28.93#30.1
-91.0929,29.0145#40.83#28.93#30.24
-91.0409,29.0132#40.69#28.93#30.38
-90.9888,29.0118#40.53#28.93#30.54
-90.9367,29.0105#40.33#28.93#30.74
-90.8846,29.0091#40.14#28.94#30.92
-90.8326,29.0077#39.94#28.94#31.12
-90.7805,29.0063#39.74#28.94#31.32
-90.7284,29.0049#39.55#28.94#31.51
-90.6764,29.0034#39.35#28.94#31.71
-90.6243,29.0019#39.15#28.95#31.9
-90.5722,29.0005#38.95#28.95#32.1
-90.5202,28.999#38.75#28.95#32.3
-90.4681,28.9975#38.54#28.95#32.51
-90.4161,28.9959#38.3#28.96#32.74
-90.364,28.9944#38.07#28.96#32.97
-90.3119,28.9928#37.84#28.96#33.2
-90.2599,28.9912#37.61#28.96#33.43
-90.2078,28.9896#37.37#28.96#33.67
-90.1558,28.988#37.14#28.97#33.89
-90.1037,28.9864#36.91#28.97#34.12
-90.0517,28.9847#36.67#28.97#34.36
-89.9996,28.983#36.44#28.97#34.59
-89.9476,28.9814#36.22#28.98#34.8
-89.8955,28.9797#36.01#28.98#35.01
-89.8435,28.9779#35.79#28.99#35.22
-89.7915,28.9762#35.57#28.99#35.44
-89.7394,28.9744#35.36#29#35.64
-89.6874,28.9727#35.14#29#35.86
-89.6353,28.9709#34.92#29.01#36.07
-89.5833,28.969#34.7#29.01#36.29
-89.5313,28.9672#34.48#29.02#36.5
-89.4792,28.9654#34.28#29.03#36.69
-89.4272,28.9635#34.08#29.06#36.86
-89.3752,28.9616#33.89#29.09#37.02
-89.3232,28.9597#33.7#29.11#37.19
-89.2711,28.9578#33.5#29.14#37.36
-89.2191,28.9559#33.31#29.17#37.52
-89.1671,28.9539#33.12#29.19#37.69
-89.1151,28.952#32.93#29.22#37.85
-89.063,28.95#32.73#29.25#38.02
-89.011,28.948#32.54#29.28#38.18
-88.959,28.946#32.38#29.31#38.31
-88.907,28.9439#32.22#29.35#38.43
-88.855,28.9419#32.07#29.39#38.54
-88.803,28.9398#31.91#29.42#38.67
-88.751,28.9377#31.75#29.46#38.79
-88.699,28.9356#31.59#29.5#38.91
-88.6469,28.9335#31.43#29.53#39.04
-88.5949,28.9313#31.27#29.57#39.16
-88.5429,28.9292#31.11#29.61#39.28
-88.4909,28.927#30.97#29.64#39.39
-88.4389,28.9248#30.88#29.68#39.44
-88.387,28.9226#30.8#29.71#39.49
-88.335,28.9203#30.72#29.75#39.53
-88.283,28.9181#30.64#29.78#39.58
-88.231,28.9158#30.56#29.82#39.62
-88.179,28.9135#30.49#29.85#39.66
-88.127,28.9112#30.41#29.89#39.7
-88.075,28.9089#30.34#29.92#39.74
-88.023,28.9066#30.26#29.96#39.78
-87.9711,28.9042#30.17#29.98#39.85
-87.9191,28.9019#30.06#29.99#39.95
-103.021,28.9017#51.87#28.66#19.47
-102.969,28.9043#52.06#28.66#19.28
-102.917,28.907#52.26#28.66#19.08
-102.865,28.9097#52.46#28.66#18.88
-102.813,28.9123#52.66#28.67#18.67
-102.761,28.9149#52.85#28.67#18.48
-102.709,28.9175#53.05#28.67#18.28
-102.657,28.9201#53.25#28.67#18.08
-102.605,28.9226#53.45#28.67#17.88
-102.553,28.9252#53.65#28.68#17.67
-102.501,28.9277#53.85#28.68#17.47
-102.449,28.9302#54.08#28.68#17.24
-102.397,28.9327#54.31#28.68#17.01
-102.345,28.9352#54.54#28.68#16.78
-102.293,28.9377#54.76#28.68#16.56
-102.241,28.9401#54.99#28.69#16.32
-102.189,28.9425#55.22#28.69#16.09
-102.137,28.9449#55.45#28.69#15.86
-102.085,28.9473#55.68#28.69#15.63
-102.033,28.9497#55.91#28.69#15.4
-101.981,28.952#56.15#28.7#15.15
-101.929,28.9544#56.42#28.7#14.88
-101.877,28.9567#56.69#28.7#14.61
-101.825,28.959#56.96#28.7#14.34
-101.773,28.9613#57.22#28.7#14.08
-101.721,28.9636#57.49#28.71#13.8
-101.669,28.9658#57.76#28.71#13.53
-101.617,28.968#58.03#28.71#13.26
-101.565,28.9702#58.29#28.71#13
-101.513,28.9724#58.56#28.71#12.73
-101.461,28.9746#58.93#28.71#12.36
-101.409,28.9768#59.34#28.72#11.94
-101.357,28.9789#59.74#28.72#11.54
-101.305,28.9811#60.15#28.72#11.13
-101.253,28.9832#60.55#28.72#10.73
-101.201,28.9853#60.96#28.72#10.32
-101.149,28.9873#61.37#28.73#9.90000000000001
-101.097,28.9894#61.78#28.73#9.48999999999999
-101.045,28.9914#62.19#28.73#9.08
-100.993,28.9935#62.59#28.73#8.67999999999999
-100.941,28.9955#62.97#28.73#8.3
-100.889,28.9974#63.35#28.73#7.92
-100.837,28.9994#63.72#28.74#7.54000000000001
-100.785,29.0014#64.09#28.74#7.17
-100.733,29.0033#64.46#28.74#6.80000000000001
-100.68,29.0052#64.83#28.74#6.43000000000001
-100.628,29.0071#65.19#28.74#6.07000000000001
-100.576,29.009#65.55#28.75#5.7
-100.524,29.0109#65.91#28.75#5.34
-100.472,29.0127#66.12#28.75#5.13
-100.42,29.0145#66.19#28.75#5.06
-100.368,29.0164#66.27#28.75#4.98
-100.316,29.0181#66.35#28.75#4.90000000000001
-100.264,29.0199#66.42#28.76#4.81999999999999
-100.212,29.0217#66.5#28.76#4.73999999999999
-100.16,29.0234#66.58#28.76#4.66
-100.108,29.0251#66.66#28.76#4.58
-100.056,29.0269#66.73#28.76#4.50999999999999
-100.004,29.0285#66.81#28.77#4.42
-99.9517,29.0302#66.85#28.82#4.33000000000001
-99.8996,29.0319#66.88#28.89#4.23
-99.8475,29.0335#66.91#28.95#4.14
-99.7954,29.0351#66.94#29.02#4.04000000000001
-99.7434,29.0367#66.98#29.08#3.94
-99.6913,29.0383#67.01#29.14#3.84999999999999
-99.6392,29.0399#67.04#29.21#3.75
-99.5871,29.0414#67.07#29.27#3.66000000000001
-99.5351,29.043#67.1#29.33#3.57000000000001
-99.483,29.0445#67.11#29.4#3.49000000000001
-99.4309,29.046#67.1#29.47#3.43000000000001
-99.3788,29.0475#67.08#29.54#3.38
-99.3267,29.0489#67.06#29.62#3.31999999999999
-99.2746,29.0504#67.04#29.69#3.27
-99.2226,29.0518#67.02#29.76#3.22
-99.1705,29.0532#67#29.83#3.17
-99.1184,29.0546#66.99#29.9#3.11000000000001
-99.0663,29.056#66.97#29.98#3.05
-99.0142,29.0573#66.95#30.05#3
-98.9621,29.0587#66.89#30.09#3.02
-98.91,29.06#66.82#30.12#3.06
-98.8579,29.0613#66.75#30.16#3.09
-98.8058,29.0626#66.68#30.19#3.13
-98.7537,29.0639#66.61#30.22#3.17
-98.7016,29.0651#66.54#30.25#3.20999999999999
-98.6495,29.0663#66.47#30.28#3.25
-98.5974,29.0676#66.4#30.32#3.28
-98.5453,29.0688#66.33#30.35#3.31999999999999
-98.4932,29.0699#66.25#30.37#3.38
-98.4411,29.0711#66.11#30.31#3.58
-98.389,29.0723#65.97#30.24#3.79000000000001
-98.3369,29.0734#65.83#30.18#3.99000000000001
-98.2848,29.0745#65.69#30.12#4.19
-98.2327,29.0756#65.55#30.06#4.39
-98.1806,29.0767#65.41#30#4.59
-98.1285,29.0777#65.27#29.94#4.79000000000001
-98.0764,29.0788#65.13#29.87#5
-98.0242,29.0798#64.99#29.81#5.2
-97.9721,29.0808#64.87#29.74#5.39
-97.92,29.0818#64.77#29.67#5.56
-97.8679,29.0828#64.66#29.6#5.74000000000001
-97.8158,29.0837#64.56#29.53#5.91
-97.7637,29.0847#64.46#29.46#6.08000000000001
-97.7116,29.0856#64.36#29.39#6.25
-97.6594,29.0865#64.25#29.31#6.44
-97.6073,29.0874#64.15#29.24#6.61
-97.5552,29.0882#64.05#29.17#6.78
-97.5031,29.0891#63.95#29.1#6.94999999999999
-97.451,29.0899#63.57#29.07#7.36
-97.3988,29.0907#63.17#29.05#7.78
-97.3467,29.0915#62.78#29.02#8.2
-97.2946,29.0923#62.39#28.99#8.62
-97.2425,29.0931#62#28.97#9.03
-97.1903,29.0938#61.6#28.94#9.45999999999999
-97.1382,29.0945#61.21#28.92#9.87
-97.0861,29.0952#60.82#28.89#10.29
-97.034,29.0959#60.42#28.87#10.71
-96.9818,29.0966#60.09#28.85#11.06
-96.9297,29.0973#59.88#28.84#11.28
-96.8776,29.0979#59.66#28.83#11.51
-96.8255,29.0985#59.44#28.82#11.74
-96.7733,29.0991#59.23#28.81#11.96
-96.7212,29.0997#59.01#28.81#12.18
-96.6691,29.1003#58.79#28.8#12.41
-96.6169,29.1008#58.58#28.79#12.63
-96.5648,29.1014#58.36#28.78#12.86
-96.5127,29.1019#58.15#28.77#13.08
-96.4605,29.1024#57.95#28.77#13.28
-96.4084,29.1029#57.75#28.77#13.48
-96.3563,29.1033#57.56#28.77#13.67
-96.3041,29.1038#57.36#28.76#13.88
-96.252,29.1042#57.17#28.76#14.07
-96.1999,29.1046#56.97#28.76#14.27
-96.1477,29.105#56.78#28.76#14.46
-96.0956,29.1054#56.58#28.76#14.66
-96.0435,29.1058#56.39#28.75#14.86
-95.9913,29.1061#56.19#28.75#15.06
-95.9392,29.1064#56#28.75#15.25
-95.8871,29.1067#55.8#28.75#15.45
-95.8349,29.107#55.6#28.75#15.65
-95.7828,29.1073#55.41#28.76#15.83
-95.7306,29.1076#55.21#28.76#16.03
-95.6785,29.1078#55.01#28.76#16.23
-95.6264,29.108#54.82#28.76#16.42
-95.5742,29.1082#54.62#28.76#16.62
-95.5221,29.1084#54.42#28.76#16.82
-95.47,29.1086#54.23#28.76#17.01
-95.4178,29.1087#54.03#28.76#17.21
-95.3657,29.1088#53.84#28.76#17.4
-95.3135,29.109#53.64#28.76#17.6
-95.2614,29.1091#53.45#28.77#17.78
-95.2093,29.1091#53.25#28.77#17.98
-95.1571,29.1092#53.06#28.77#18.17
-95.105,29.1092#52.86#28.77#18.37
-95.0529,29.1093#52.67#28.77#18.56
-95.0007,29.1093#52.47#28.77#18.76
-94.9486,29.1093#52.28#28.78#18.94
-94.8964,29.1092#52.08#28.78#19.14
-94.8443,29.1092#51.89#28.78#19.33
-94.7922,29.1091#51.69#28.78#19.53
-94.74,29.1091#51.5#28.78#19.72
-94.6879,29.109#51.31#28.79#19.9
-94.6358,29.1088#51.11#28.79#20.1
-94.5836,29.1087#50.92#28.79#20.29
-94.5315,29.1086#50.72#28.79#20.49
-94.4793,29.1084#50.54#28.79#20.67
-94.4272,29.1082#50.38#28.8#20.82
-94.3751,29.108#50.21#28.8#20.99
-94.3229,29.1078#50.05#28.8#21.15
-94.2708,29.1076#49.88#28.8#21.32
-94.2187,29.1073#49.72#28.8#21.48
-94.1665,29.107#49.55#28.81#21.64
-94.1144,29.1067#49.39#28.81#21.8
-94.0622,29.1064#49.22#28.81#21.97
-94.0101,29.1061#49.06#28.81#22.13
-93.958,29.1058#48.9#28.81#22.29
-93.9058,29.1054#48.75#28.82#22.43
-93.8537,29.105#48.61#28.82#22.57
-93.8016,29.1046#48.46#28.82#22.72
-93.7494,29.1042#48.31#28.82#22.87
-93.6973,29.1038#48.16#28.83#23.01
-93.6452,29.1034#48.01#28.83#23.16
-93.593,29.1029#47.86#28.83#23.31
-93.5409,29.1024#47.71#28.83#23.46
-93.4888,29.1019#47.56#28.83#23.61
-93.4366,29.1014#47.41#28.84#23.75
-93.3845,29.1009#47.26#28.84#23.9
-93.3324,29.1003#47.12#28.84#24.04
-93.2802,29.0997#46.97#28.84#24.19
-93.2281,29.0992#46.82#28.85#24.33
-93.176,29.0986#46.67#28.85#24.48
-93.1239,29.0979#46.53#28.85#24.62
-93.0717,29.0973#46.38#28.85#24.77
-93.0196,29.0966#46.23#28.85#24.92
-92.9675,29.096#46.08#28.86#25.06
-92.9154,29.0953#45.94#28.86#25.2
-92.8632,29.0946#45.79#28.86#25.35
-92.8111,29.0938#45.64#28.86#25.5
-92.759,29.0931#45.5#28.86#25.64
-92.7069,29.0923#45.35#28.87#25.78
-92.6547,29.0915#45.2#28.87#25.93
-92.6026,29.0907#45.06#28.87#26.07
-92.5505,29.0899#44.91#28.87#26.22
-92.4984,29.0891#44.77#28.88#26.35
-92.4462,29.0883#44.62#28.88#26.5
-92.3941,29.0874#44.47#28.88#26.65
-92.342,29.0865#44.33#28.88#26.79
-92.2899,29.0856#44.18#28.88#26.94
-92.2378,29.0847#44.03#28.89#27.08
-92.1857,29.0837#43.89#28.89#27.22
-92.1335,29.0828#43.74#28.89#27.37
-92.0814,29.0818#43.6#28.89#27.51
-92.0293,29.0808#43.45#28.89#27.66
-91.9772,29.0798#43.3#28.9#27.8
-91.9251,29.0788#43.16#28.9#27.94
-91.873,29.0778#43.02#28.9#28.08
-91.8209,29.0767#42.87#28.9#28.23
-91.7688,29.0756#42.73#28.9#28.37
-91.7166,29.0745#42.58#28.91#28.51
-91.6645,29.0734#42.44#28.91#28.65
-91.6124,29.0723#42.29#28.91#28.8
-91.5603,29.0711#42.15#28.91#28.94
-91.5082,29.07#42#28.92#29.08
-91.4561,29.0688#41.86#28.92#29.22
-91.404,29.0676#41.71#28.92#29.37
-91.3519,29.0664#41.57#28.92#29.51
-91.2998,29.0651#41.42#28.92#29.66
-91.2477,29.0639#41.28#28.93#29.79
-91.1956,29.0626#41.13#28.93#29.94
-91.1435,29.0613#40.99#28.93#30.08
-91.0914,29.06#40.85#28.93#30.22
-91.0393,29.0587#40.7#28.93#30.37
-90.9872,29.0574#40.54#28.94#30.52
-90.9352,29.056#40.35#28.94#30.71
-90.8831,29.0546#40.15#28.94#30.91
-90.831,29.0532#39.96#28.94#31.1
-90.7789,29.0518#39.76#28.94#31.3
-90.7268,29.0504#39.57#28.95#31.48
-90.6747,29.049#39.37#28.95#31.68
-90.6226,29.0475#39.18#28.95#31.87
-90.5705,29.046#38.98#28.95#32.07
-90.5185,29.0445#38.79#28.95#32.26
-90.4664,29.043#38.57#28.96#32.47
-90.4143,29.0415#38.34#28.96#32.7
-90.3622,29.0399#38.1#28.96#32.94
-90.3101,29.0384#37.87#28.96#33.17
-90.2581,29.0368#37.64#28.97#33.39
-90.206,29.0352#37.41#28.97#33.62
-90.1539,29.0336#37.18#28.97#33.85
-90.1019,29.0319#36.94#28.97#34.09
-90.0498,29.0303#36.71#28.98#34.31
-89.9977,29.0286#36.48#28.98#34.54
-89.9456,29.0269#36.27#28.98#34.75
-89.8936,29.0252#36.05#28.99#34.96
-89.8415,29.0235#35.84#28.99#35.17
-89.7895,29.0217#35.62#29#35.38
-89.7374,29.02#35.41#29#35.59
-89.6853,29.0182#35.19#29.01#35.8
-89.6333,29.0164#34.98#29.01#36.01
-89.5812,29.0146#34.76#29.01#36.23
-89.5292,29.0128#34.55#29.02#36.43
-89.4771,29.0109#34.34#29.03#36.63
-89.4251,29.009#34.15#29.06#36.79
-89.373,29.0072#33.95#29.08#36.97
-89.321,29.0053#33.76#29.11#37.13
-89.2689,29.0034#33.56#29.13#37.31
-89.2169,29.0014#33.37#29.15#37.48
-89.1648,28.9995#33.18#29.18#37.64
-89.1128,28.9975#32.98#29.2#37.82
-89.0608,28.9955#32.79#29.23#37.98
-89.0087,28.9935#32.6#29.26#38.14
-88.9567,28.9915#32.44#29.29#38.27
-88.9046,28.9894#32.29#29.33#38.38
-88.8526,28.9874#32.14#29.36#38.5
-88.8006,28.9853#31.98#29.4#38.62
-88.7486,28.9832#31.83#29.44#38.73
-88.6965,28.9811#31.68#29.47#38.85
-88.6445,28.979#31.53#29.51#38.96
-88.5925,28.9768#31.37#29.54#39.09
-88.5405,28.9747#31.22#29.58#39.2
-88.4884,28.9725#31.08#29.62#39.3
-88.4364,28.9703#30.98#29.65#39.37
-88.3844,28.9681#30.89#29.69#39.42
-88.3324,28.9659#30.8#29.72#39.48
-88.2804,28.9636#30.71#29.76#39.53
-88.2284,28.9613#30.62#29.79#39.59
-88.1764,28.9591#30.53#29.83#39.64
-88.1244,28.9568#30.44#29.87#39.69
-88.0724,28.9544#30.35#29.9#39.75
-88.0204,28.9521#30.27#29.94#39.79
-87.9684,28.9498#30.17#29.96#39.87
-87.9164,28.9474#30.06#29.97#39.97
-87.8644,28.945#29.94#29.98#40.08
-87.8124,28.9426#29.83#29.98#40.19
-87.7604,28.9402#29.72#29.99#40.29
-87.7084,28.9377#29.61#30#40.39
-87.6564,28.9353#29.5#30.01#40.49
-87.6044,28.9328#29.38#30.02#40.6
-87.5524,28.9303#29.27#30.03#40.7
-87.5005,28.9278#29.16#30.03#40.81
-87.4485,28.9253#29.09#29.99#40.92
-87.3965,28.9227#29.01#29.95#41.04
-87.3445,28.9202#28.94#29.9#41.16
-87.2926,28.9176#28.87#29.86#41.27
-87.2406,28.915#28.8#29.82#41.38
-87.1886,28.9124#28.73#29.77#41.5
-87.1367,28.9097#28.66#29.72#41.62
-87.0847,28.9071#28.58#29.68#41.74
-87.0327,28.9044#28.51#29.63#41.86
-86.9808,28.9017#28.45#29.59#41.96
-103.855,28.9018#48.18#28.63#23.19
-103.803,28.9048#48.49#28.63#22.88
-103.751,28.9077#48.81#28.64#22.55
-103.699,28.9106#49.13#28.64#22.23
-103.647,28.9136#49.44#28.64#21.92
-103.595,28.9165#49.76#28.64#21.6
-103.543,28.9193#50.08#28.64#21.28
-103.491,28.9222#50.37#28.64#20.99
-103.439,28.925#50.55#28.65#20.8
-103.388,28.9279#50.73#28.65#20.62
-103.336,28.9307#50.91#28.65#20.44
-103.284,28.9335#51.09#28.65#20.26
-103.232,28.9362#51.27#28.65#20.08
-103.18,28.939#51.45#28.66#19.89
-103.128,28.9417#51.63#28.66#19.71
-103.076,28.9445#51.82#28.66#19.52
-103.024,28.9472#52#28.66#19.34
-102.972,28.9498#52.19#28.66#19.15
-102.92,28.9525#52.39#28.67#18.94
-102.868,28.9552#52.6#28.67#18.73
