-97.8021,32.9005#53.34#30.28#16.38
-97.7482,32.9015#53.26#30.23#16.51
-97.6944,32.9024#53.17#30.17#16.66
-97.6405,32.9033#53.09#30.12#16.79
-97.5866,32.9041#53#30.06#16.94
-97.5328,32.905#52.91#30.01#17.08
-97.4789,32.9058#52.83#29.97#17.2
-97.4251,32.9066#52.73#29.95#17.32
-97.3712,32.9074#52.64#29.93#17.43
-97.3173,32.9082#52.55#29.91#17.54
-97.2635,32.909#52.46#29.89#17.65
-97.2096,32.9097#52.37#29.87#17.76
-97.1557,32.9105#52.28#29.85#17.87
-97.1019,32.9112#52.19#29.83#17.98
-97.048,32.9119#52.1#29.81#18.09
-96.9941,32.9125#52.01#29.79#18.2
-96.9403,32.9132#51.91#29.78#18.31
-96.8864,32.9138#51.82#29.77#18.41
-96.8325,32.9144#51.72#29.77#18.51
-96.7787,32.9151#51.63#29.76#18.61
-96.7248,32.9156#51.53#29.75#18.72
-96.6709,32.9162#51.44#29.75#18.81
-96.6171,32.9167#51.34#29.74#18.92
-96.5632,32.9173#51.25#29.73#19.02
-96.5093,32.9178#51.15#29.73#19.12
-96.4554,32.9183#51.04#29.72#19.24
-96.4016,32.9188#50.93#29.72#19.35
-96.3477,32.9192#50.82#29.72#19.46
-96.2938,32.9197#50.7#29.72#19.58
-96.2399,32.9201#50.59#29.72#19.69
-96.1861,32.9205#50.47#29.72#19.81
-96.1322,32.9209#50.36#29.72#19.92
-96.0783,32.9212#50.24#29.71#20.05
-96.0244,32.9216#50.13#29.71#20.16
-95.9706,32.9219#49.99#29.71#20.3
-95.9167,32.9222#49.84#29.71#20.45
-95.8628,32.9225#49.69#29.71#20.6
-95.8089,32.9228#49.53#29.71#20.76
-95.755,32.9231#49.38#29.71#20.91
-95.7012,32.9233#49.23#29.71#21.06
-95.6473,32.9235#49.08#29.71#21.21
-95.5934,32.9238#48.92#29.71#21.37
-95.5395,32.9239#48.77#29.71#21.52
-95.4857,32.9241#48.61#29.72#21.67
-95.4318,32.9243#48.43#29.72#21.85
-95.3779,32.9244#48.25#29.72#22.03
-95.324,32.9245#48.07#29.72#22.21
-95.2701,32.9246#47.89#29.72#22.39
-95.2163,32.9247#47.7#29.72#22.58
-95.1624,32.9248#47.52#29.72#22.76
-95.1085,32.9248#47.34#29.72#22.94
-95.0546,32.9248#47.16#29.72#23.12
-95.0007,32.9248#46.98#29.72#23.3
-94.9469,32.9248#46.81#29.73#23.46
-94.893,32.9248#46.63#29.73#23.64
-94.8391,32.9248#46.45#29.73#23.82
-94.7852,32.9247#46.28#29.73#23.99
-94.7313,32.9246#46.1#29.73#24.17
-94.6775,32.9245#45.92#29.73#24.35
-94.6236,32.9244#45.75#29.73#24.52
-94.5697,32.9243#45.57#29.73#24.7
-94.5158,32.9241#45.4#29.74#24.86
-94.462,32.9239#45.23#29.74#25.03
-94.4081,32.9238#45.05#29.74#25.21
-94.3542,32.9236#44.88#29.74#25.38
-94.3003,32.9233#44.71#29.74#25.55
-94.2464,32.9231#44.54#29.74#25.72
-94.1926,32.9228#44.37#29.74#25.89
-94.1387,32.9225#44.2#29.74#26.06
-94.0848,32.9223#44.03#29.74#26.23
-94.0309,32.9219#43.86#29.75#26.39
-93.9771,32.9216#43.69#29.75#26.56
-93.9232,32.9213#43.53#29.75#26.72
-93.8693,32.9209#43.36#29.75#26.89
-93.8154,32.9205#43.2#29.75#27.05
-93.7616,32.9201#43.03#29.75#27.22
-93.7077,32.9197#42.87#29.75#27.38
-93.6538,32.9192#42.7#29.75#27.55
-93.5999,32.9188#42.54#29.75#27.71
-93.5461,32.9183#42.37#29.76#27.87
-93.4922,32.9178#42.21#29.76#28.03
-93.4383,32.9173#42.05#29.76#28.19
-93.3844,32.9168#41.89#29.76#28.35
-93.3306,32.9162#41.73#29.76#28.51
-93.2767,32.9157#41.57#29.76#28.67
-93.2228,32.9151#41.42#29.76#28.82
-93.169,32.9145#41.26#29.76#28.98
-93.1151,32.9138#41.1#29.76#29.14
-93.0612,32.9132#40.94#29.77#29.29
-93.0073,32.9126#40.78#29.77#29.45
-92.9535,32.9119#40.61#29.77#29.62
-92.8996,32.9112#40.44#29.77#29.79
-92.8457,32.9105#40.27#29.77#29.96
-92.7919,32.9097#40.1#29.77#30.13
-92.738,32.909#39.93#29.77#30.3
-92.6842,32.9082#39.76#29.77#30.47
-92.6303,32.9075#39.59#29.77#30.64
-92.5764,32.9067#39.43#29.78#30.79
-92.5226,32.9058#39.26#29.78#30.96
-92.4687,32.905#39.08#29.78#31.14
-92.4148,32.9042#38.91#29.78#31.31
-92.361,32.9033#38.74#29.78#31.48
-92.3071,32.9024#38.56#29.78#31.66
-92.2533,32.9015#38.39#29.78#31.83
-92.1994,32.9006#38.22#29.78#32
-99.7421,32.9005#56.04#30.22#13.74
-99.6883,32.902#55.97#30.26#13.77
-99.6344,32.9036#55.9#30.3#13.8
-99.5806,32.9051#55.83#30.34#13.83
-99.5267,32.9066#55.76#30.38#13.86
-99.4729,32.9081#55.69#30.42#13.89
-99.4191,32.9096#55.61#30.46#13.93
-99.3652,32.9111#55.54#30.5#13.96
-99.3114,32.9125#55.46#30.54#14
-99.2575,32.914#55.39#30.58#14.03
-99.2037,32.9154#55.31#30.62#14.07
-99.1498,32.9168#55.24#30.66#14.1
-99.096,32.9182#55.16#30.7#14.14
-99.0421,32.9195#55.08#30.74#14.18
-98.9883,32.9208#55.01#30.78#14.21
-98.9344,32.9222#54.93#30.8#14.27
-98.8806,32.9235#54.85#30.82#14.33
-98.8267,32.9248#54.77#30.84#14.39
-98.7728,32.926#54.7#30.86#14.44
-98.719,32.9273#54.62#30.88#14.5
-98.6651,32.9285#54.54#30.9#14.56
-98.6113,32.9297#54.46#30.92#14.62
-98.5574,32.9309#54.39#30.94#14.67
-98.5035,32.9321#54.31#30.96#14.73
-98.4497,32.9333#54.23#30.92#14.85
-98.3958,32.9344#54.14#30.87#14.99
-98.3419,32.9355#54.06#30.82#15.12
-98.2881,32.9366#53.98#30.77#15.25
-98.2342,32.9377#53.9#30.72#15.38
-98.1803,32.9388#53.82#30.67#15.51
-98.1264,32.9398#53.73#30.62#15.65
-98.0726,32.9409#53.65#30.57#15.78
-98.0187,32.9419#53.57#30.52#15.91
-97.9648,32.9429#53.49#30.46#16.05
-97.9109,32.9439#53.4#30.41#16.19
-97.8571,32.9448#53.32#30.35#16.33
-97.8032,32.9458#53.23#30.3#16.47
-97.7493,32.9467#53.14#30.24#16.62
-97.6954,32.9476#53.06#30.19#16.75
-97.6416,32.9485#52.97#30.14#16.89
-97.5877,32.9494#52.89#30.08#17.03
-97.5338,32.9502#52.8#30.03#17.17
-97.4799,32.9511#52.72#29.99#17.29
-97.426,32.9519#52.63#29.97#17.4
-97.3721,32.9527#52.53#29.95#17.52
-97.3183,32.9535#52.44#29.93#17.63
-97.2644,32.9542#52.35#29.91#17.74
-97.2105,32.955#52.26#29.89#17.85
-97.1566,32.9557#52.17#29.87#17.96
-97.1027,32.9564#52.08#29.85#18.07
-97.0488,32.9571#51.99#29.83#18.18
-96.9949,32.9578#51.9#29.81#18.29
-96.941,32.9584#51.8#29.8#18.4
-96.8872,32.9591#51.71#29.79#18.5
-96.8333,32.9597#51.61#29.79#18.6
-96.7794,32.9603#51.52#29.78#18.7
-96.7255,32.9609#51.42#29.77#18.81
-96.6716,32.9614#51.33#29.77#18.9
-96.6177,32.962#51.23#29.76#19.01
-96.5638,32.9625#51.14#29.75#19.11
-96.5099,32.963#51.04#29.75#19.21
-96.456,32.9635#50.92#29.74#19.34
-96.4021,32.964#50.8#29.74#19.46
-96.3482,32.9645#50.68#29.74#19.58
-96.2943,32.9649#50.56#29.74#19.7
-96.2404,32.9653#50.44#29.74#19.82
-96.1865,32.9657#50.32#29.74#19.94
-96.1326,32.9661#50.19#29.74#20.07
-96.0787,32.9665#50.07#29.73#20.2
-96.0248,32.9668#49.95#29.73#20.32
-95.9709,32.9672#49.81#29.73#20.46
-95.917,32.9675#49.65#29.73#20.62
-95.8631,32.9678#49.5#29.73#20.77
-95.8092,32.9681#49.34#29.73#20.93
-95.7553,32.9683#49.18#29.73#21.09
-95.7015,32.9686#49.03#29.73#21.24
-95.6476,32.9688#48.87#29.73#21.4
-95.5937,32.969#48.72#29.73#21.55
-95.5398,32.9692#48.56#29.73#21.71
-95.4859,32.9694#48.4#29.73#21.87
-95.432,32.9695#48.21#29.74#22.05
-95.3781,32.9696#48.03#29.74#22.23
-95.3241,32.9698#47.85#29.74#22.41
-95.2702,32.9699#47.67#29.74#22.59
-95.2163,32.9699#47.49#29.74#22.77
-95.1624,32.97#47.31#29.74#22.95
-95.1085,32.97#47.13#29.74#23.13
-95.0546,32.9701#46.95#29.74#23.31
-95.0007,32.9701#46.77#29.74#23.49
-94.9468,32.9701#46.59#29.74#23.67
-94.8929,32.97#46.41#29.75#23.84
-94.839,32.97#46.24#29.75#24.01
-94.7851,32.9699#46.06#29.75#24.19
-94.7312,32.9699#45.89#29.75#24.36
-94.6773,32.9698#45.71#29.75#24.54
-94.6234,32.9696#45.53#29.75#24.72
-94.5695,32.9695#45.36#29.75#24.89
-94.5156,32.9694#45.18#29.75#25.07
-94.4617,32.9692#45.01#29.76#25.23
-94.4078,32.969#44.84#29.76#25.4
-94.3539,32.9688#44.67#29.76#25.57
-94.3,32.9686#44.5#29.76#25.74
-94.2461,32.9683#44.33#29.76#25.91
-94.1922,32.9681#44.16#29.76#26.08
-94.1383,32.9678#43.99#29.76#26.25
-94.0844,32.9675#43.82#29.76#26.42
-94.0305,32.9672#43.65#29.76#26.59
-93.9766,32.9668#43.48#29.77#26.75
-93.9227,32.9665#43.31#29.77#26.92
-93.8689,32.9661#43.15#29.77#27.08
-93.815,32.9657#42.98#29.77#27.25
-93.7611,32.9653#42.82#29.77#27.41
-93.7072,32.9649#42.65#29.77#27.58
-93.6533,32.9645#42.49#29.77#27.74
-93.5994,32.964#42.32#29.77#27.91
-93.5455,32.9635#42.16#29.77#28.07
-93.4916,32.963#42#29.78#28.22
-93.4377,32.9625#41.84#29.78#28.38
-93.3838,32.962#41.68#29.78#28.54
-93.3299,32.9615#41.52#29.78#28.7
-93.276,32.9609#41.37#29.78#28.85
-93.2221,32.9603#41.21#29.78#29.01
-93.1682,32.9597#41.05#29.78#29.17
-93.1143,32.9591#40.89#29.78#29.33
-93.0604,32.9584#40.74#29.78#29.48
-93.0066,32.9578#40.58#29.78#29.64
-92.9527,32.9571#40.41#29.79#29.8
-92.8988,32.9564#40.25#29.79#29.96
-92.8449,32.9557#40.08#29.79#30.13
-92.791,32.955#39.91#29.79#30.3
-92.7371,32.9542#39.74#29.79#30.47
-92.6832,32.9535#39.58#29.79#30.63
-92.6293,32.9527#39.41#29.79#30.8
-92.5755,32.9519#39.24#29.79#30.97
-92.5216,32.9511#39.07#29.79#31.14
-92.4677,32.9502#38.9#29.79#31.31
-92.4138,32.9494#38.73#29.8#31.47
-92.3599,32.9485#38.56#29.8#31.64
-92.3061,32.9476#38.38#29.8#31.82
-92.2522,32.9467#38.21#29.8#31.99
-92.1983,32.9458#38.04#29.8#32.16
-92.1444,32.9448#37.86#29.8#32.34
-92.0905,32.9439#37.69#29.8#32.51
-92.0367,32.9429#37.52#29.8#32.68
-91.9828,32.9419#37.35#29.8#32.85
-91.9289,32.9409#37.18#29.8#33.02
-91.875,32.9399#37.01#29.81#33.18
-91.8212,32.9388#36.84#29.81#33.35
-91.7673,32.9377#36.67#29.81#33.52
-91.7134,32.9367#36.5#29.81#33.69
-91.6596,32.9355#36.33#29.81#33.86
-91.6057,32.9344#36.16#29.81#34.03
-91.5518,32.9333#35.99#29.81#34.2
-91.498,32.9321#35.82#29.81#34.37
-91.4441,32.9309#35.66#29.81#34.53
-91.3902,32.9298#35.49#29.81#34.7
-91.3364,32.9285#35.32#29.81#34.87
-91.2825,32.9273#35.16#29.82#35.02
-91.2287,32.9261#34.99#29.82#35.19
-91.1748,32.9248#34.83#29.82#35.35
-91.1209,32.9235#34.66#29.82#35.52
-91.0671,32.9222#34.5#29.82#35.68
-91.0132,32.9209#34.33#29.82#35.85
-90.9594,32.9195#34.17#29.82#36.01
-90.9055,32.9182#34.02#29.82#36.16
-90.8517,32.9168#33.87#29.82#36.31
-90.7978,32.9154#33.72#29.82#36.46
-90.744,32.914#33.56#29.82#36.62
-90.6901,32.9126#33.41#29.82#36.77
-90.6363,32.9111#33.26#29.82#36.92
-90.5824,32.9097#33.1#29.83#37.07
-90.5286,32.9082#32.95#29.83#37.22
-90.4747,32.9067#32.81#29.83#37.36
-90.4209,32.9052#32.68#29.83#37.49
-90.3671,32.9036#32.56#29.83#37.61
-90.3132,32.9021#32.43#29.83#37.74
-90.2594,32.9005#32.31#29.83#37.86
-101.09,32.9005#56.38#30.02#13.6
-101.036,32.9025#56.45#30.02#13.53
-100.982,32.9045#56.51#30.03#13.46
-100.928,32.9065#56.52#30.03#13.45
-100.875,32.9085#56.53#30.03#13.44
-100.821,32.9104#56.55#30.03#13.42
-100.767,32.9124#56.56#30.03#13.41
-100.713,32.9143#56.57#30.04#13.39
-100.659,32.9162#56.59#30.04#13.37
-100.605,32.9181#56.6#30.04#13.36
-100.552,32.9199#56.62#30.04#13.34
-100.498,32.9218#56.63#30.04#13.33
-100.444,32.9236#56.58#30.05#13.37
-100.39,32.9254#56.54#30.05#13.41
-100.336,32.9272#56.5#30.05#13.45
-100.282,32.929#56.46#30.05#13.49
-100.229,32.9307#56.41#30.05#13.54
-100.175,32.9324#56.37#30.06#13.57
-100.121,32.9342#56.33#30.06#13.61
-100.067,32.9359#56.29#30.06#13.65
-100.013,32.9375#56.24#30.06#13.7
-99.9594,32.9392#56.18#30.09#13.73
-99.9055,32.9409#56.11#30.13#13.76
-99.8517,32.9425#56.04#30.17#13.79
-99.7978,32.9441#55.98#30.21#13.81
-99.744,32.9457#55.91#30.24#13.85
-99.6901,32.9473#55.84#30.28#13.88
-99.6363,32.9488#55.77#30.32#13.91
-99.5824,32.9503#55.7#30.36#13.94
-99.5285,32.9519#55.63#30.4#13.97
-99.4747,32.9534#55.56#30.43#14.01
-99.4208,32.9548#55.49#30.47#14.04
-99.3669,32.9563#55.41#30.51#14.08
-99.3131,32.9578#55.34#30.55#14.11
-99.2592,32.9592#55.26#30.59#14.15
-99.2053,32.9606#55.19#30.63#14.18
-99.1515,32.962#55.11#30.67#14.22
-99.0976,32.9634#55.03#30.71#14.26
-99.0437,32.9647#54.96#30.75#14.29
-98.9898,32.9661#54.88#30.79#14.33
-98.936,32.9674#54.81#30.81#14.38
-98.8821,32.9687#54.73#30.83#14.44
-98.8282,32.97#54.65#30.85#14.5
-98.7743,32.9712#54.57#30.87#14.56
-98.7205,32.9725#54.5#30.89#14.61
-98.6666,32.9737#54.42#30.91#14.67
-98.6127,32.9749#54.34#30.93#14.73
-98.5588,32.9761#54.26#30.95#14.79
-98.5049,32.9773#54.19#30.97#14.84
-98.451,32.9785#54.1#30.93#14.97
-98.3971,32.9796#54.02#30.88#15.1
-98.3433,32.9807#53.94#30.83#15.23
-98.2894,32.9818#53.86#30.78#15.36
-98.2355,32.9829#53.78#30.73#15.49
-98.1816,32.984#53.7#30.68#15.62
-98.1277,32.9851#53.62#30.63#15.75
-98.0738,32.9861#53.53#30.58#15.89
-98.0199,32.9871#53.45#30.53#16.02
-97.966,32.9881#53.37#30.48#16.15
-97.9121,32.9891#53.29#30.42#16.29
-97.8582,32.9901#53.2#30.37#16.43
-97.8043,32.991#53.12#30.32#16.56
-97.7504,32.9919#53.03#30.26#16.71
-97.6965,32.9928#52.95#30.21#16.84
-97.6426,32.9937#52.86#30.15#16.99
-97.5887,32.9946#52.78#30.1#17.12
-97.5348,32.9954#52.7#30.05#17.25
-97.4809,32.9963#52.61#30#17.39
-97.427,32.9971#52.52#29.98#17.5
-97.3731,32.9979#52.43#29.96#17.61
-97.3192,32.9987#52.33#29.94#17.73
-97.2653,32.9994#52.24#29.92#17.84
-97.2114,33.0002#52.15#29.9#17.95
-97.1575,33.0009#52.06#29.88#18.06
-97.1035,33.0016#51.97#29.86#18.17
-97.0496,33.0023#51.88#29.84#18.28
-96.9957,33.003#51.79#29.83#18.38
-96.9418,33.0037#51.69#29.82#18.49
-96.8879,33.0043#51.59#29.81#18.6
-96.834,33.0049#51.5#29.81#18.69
-96.7801,33.0055#51.4#29.8#18.8
-96.7262,33.0061#51.31#29.79#18.9
-96.6723,33.0067#51.21#29.79#19
-96.6183,33.0072#51.12#29.78#19.1
-96.5644,33.0078#51.02#29.77#19.21
-96.5105,33.0083#50.93#29.77#19.3
-96.4566,33.0088#50.81#29.76#19.43
-96.4027,33.0092#50.68#29.76#19.56
-96.3488,33.0097#50.55#29.76#19.69
-96.2948,33.0101#50.42#29.76#19.82
-96.2409,33.0106#50.29#29.76#19.95
-96.187,33.011#50.16#29.76#20.08
-96.1331,33.0113#50.03#29.75#20.22
-96.0792,33.0117#49.9#29.75#20.35
-96.0253,33.0121#49.77#29.75#20.48
-95.9713,33.0124#49.63#29.75#20.62
-95.9174,33.0127#49.47#29.75#20.78
-95.8635,33.013#49.31#29.75#20.94
-95.8096,33.0133#49.15#29.75#21.1
-95.7557,33.0136#48.99#29.75#21.26
-95.7017,33.0138#48.83#29.75#21.42
-95.6478,33.014#48.67#29.75#21.58
-95.5939,33.0142#48.51#29.75#21.74
-95.54,33.0144#48.35#29.75#21.9
-95.486,33.0146#48.18#29.75#22.07
-95.4321,33.0147#48#29.75#22.25
-95.3782,33.0149#47.82#29.76#22.42
-95.3243,33.015#47.64#29.76#22.6
-95.2704,33.0151#47.46#29.76#22.78
-95.2164,33.0152#47.27#29.76#22.97
-95.1625,33.0152#47.09#29.76#23.15
-95.1086,33.0153#46.91#29.76#23.33
-95.0547,33.0153#46.73#29.76#23.51
-95.0007,33.0153#46.55#29.76#23.69
-94.9468,33.0153#46.37#29.76#23.87
-94.8929,33.0153#46.2#29.76#24.04
-94.839,33.0152#46.02#29.77#24.21
-94.7851,33.0152#45.85#29.77#24.38
-94.7311,33.0151#45.67#29.77#24.56
-94.6772,33.015#45.5#29.77#24.73
-94.6233,33.0149#45.32#29.77#24.91
-94.5694,33.0147#45.14#29.77#25.09
-94.5154,33.0146#44.97#29.77#25.26
-94.4615,33.0144#44.8#29.77#25.43
-94.4076,33.0142#44.63#29.78#25.59
-94.3537,33.014#44.46#29.78#25.76
-94.2998,33.0138#44.29#29.78#25.93
-94.2458,33.0136#44.11#29.78#26.11
-94.1919,33.0133#43.94#29.78#26.28
-94.138,33.013#43.77#29.78#26.45
-94.0841,33.0127#43.6#29.78#26.62
-94.0302,33.0124#43.43#29.78#26.79
-93.9762,33.0121#43.27#29.78#26.95
-93.9223,33.0117#43.1#29.79#27.11
-93.8684,33.0114#42.93#29.79#27.28
-93.8145,33.011#42.77#29.79#27.44
-93.7606,33.0106#42.6#29.79#27.61
-93.7066,33.0101#42.44#29.79#27.77
-93.6527,33.0097#42.27#29.79#27.94
-93.5988,33.0092#42.11#29.79#28.1
-93.5449,33.0088#41.94#29.79#28.27
-93.491,33.0083#41.78#29.79#28.43
-93.4371,33.0078#41.62#29.79#28.59
-93.3832,33.0072#41.47#29.8#28.73
-93.3292,33.0067#41.31#29.8#28.89
-93.2753,33.0061#41.16#29.8#29.04
-93.2214,33.0055#41#29.8#29.2
-93.1675,33.0049#40.84#29.8#29.36
-93.1136,33.0043#40.69#29.8#29.51
-93.0597,33.0037#40.53#29.8#29.67
-93.0058,33.003#40.38#29.8#29.82
-92.9519,33.0023#40.21#29.8#29.99
-92.8979,33.0017#40.05#29.8#30.15
-92.844,33.0009#39.88#29.81#30.31
-92.7901,33.0002#39.72#29.81#30.47
-92.7362,32.9995#39.55#29.81#30.64
-92.6823,32.9987#39.39#29.81#30.8
-92.6284,32.9979#39.22#29.81#30.97
-92.5745,32.9971#39.06#29.81#31.13
-92.5206,32.9963#38.89#29.81#31.3
-92.4667,32.9955#38.72#29.81#31.47
-92.4128,32.9946#38.55#29.81#31.64
-92.3589,32.9937#38.38#29.81#31.81
-92.305,32.9929#38.21#29.82#31.97
-92.2511,32.9919#38.03#29.82#32.15
-92.1972,32.991#37.86#29.82#32.32
-92.1433,32.9901#37.69#29.82#32.49
-92.0894,32.9891#37.51#29.82#32.67
-92.0355,32.9881#37.34#29.82#32.84
-91.9816,32.9871#37.17#29.82#33.01
-91.9277,32.9861#37#29.82#33.18
-91.8738,32.9851#36.83#29.82#33.35
-91.8199,32.984#36.66#29.82#33.52
-91.766,32.983#36.49#29.83#33.68
-91.7121,32.9819#36.32#29.83#33.85
-91.6582,32.9808#36.15#29.83#34.02
-91.6043,32.9797#35.98#29.83#34.19
-91.5505,32.9785#35.81#29.83#34.36
-91.4966,32.9773#35.64#29.83#34.53
-91.4427,32.9762#35.48#29.83#34.69
-91.3888,32.975#35.31#29.83#34.86
-91.3349,32.9738#35.15#29.83#35.02
-91.281,32.9725#34.98#29.83#35.19
-91.2272,32.9713#34.81#29.83#35.36
-91.1733,32.97#34.65#29.83#35.52
-91.1194,32.9687#34.48#29.84#35.68
-91.0655,32.9674#34.32#29.84#35.84
-91.0116,32.9661#34.15#29.84#36.01
-90.9578,32.9648#34#29.84#36.16
-90.9039,32.9634#33.85#29.84#36.31
-90.85,32.962#33.7#29.84#36.46
-90.7961,32.9606#33.55#29.84#36.61
-90.7423,32.9592#33.4#29.84#36.76
-90.6884,32.9578#33.26#29.84#36.9
-90.6345,32.9564#33.11#29.84#37.05
-90.5807,32.9549#32.96#29.84#37.2
-90.5268,32.9534#32.81#29.84#37.35
-90.4729,32.9519#32.67#29.84#37.49
-90.4191,32.9504#32.54#29.84#37.62
-90.3652,32.9489#32.42#29.84#37.74
-90.3114,32.9473#32.3#29.85#37.85
-90.2575,32.9457#32.17#29.85#37.98
-90.2037,32.9441#32.05#29.85#38.1
-90.1498,32.9425#31.92#29.85#38.23
-90.0959,32.9409#31.8#29.85#38.35
-90.0421,32.9393#31.68#29.85#38.47
-89.9882,32.9376#31.55#29.85#38.6
-89.9344,32.9359#31.41#29.85#38.74
-89.8806,32.9342#31.28#29.85#38.87
-89.8267,32.9325#31.14#29.85#39.01
-89.7729,32.9308#31.01#29.85#39.14
-89.719,32.929#30.87#29.86#39.27
-89.6652,32.9272#30.74#29.86#39.4
-89.6113,32.9255#30.6#29.86#39.54
-89.5575,32.9236#30.47#29.86#39.67
-89.5037,32.9218#30.33#29.86#39.81
-89.4498,32.92#30.16#29.86#39.98
-89.396,32.9181#29.99#29.86#40.15
-89.3422,32.9162#29.81#29.86#40.33
-89.2884,32.9143#29.64#29.87#40.49
-89.2345,32.9124#29.47#29.87#40.66
-89.1807,32.9105#29.29#29.87#40.84
-89.1269,32.9086#29.12#29.87#41.01
-89.0731,32.9066#28.95#29.87#41.18
-89.0192,32.9046#28.77#29.87#41.36
-88.9654,32.9026#28.63#29.88#41.49
-88.9116,32.9006#28.52#29.88#41.6
-102.169,32.9015#54.14#30#15.86
-102.115,32.9039#54.28#30#15.72
-102.061,32.9062#54.42#30.01#15.57
-102.007,32.9086#54.56#30.01#15.43
-101.953,32.9109#54.68#30.01#15.31
-101.9,32.9132#54.8#30.01#15.19
-101.846,32.9155#54.92#30.02#15.06
-101.792,32.9178#55.03#30.02#14.95
-101.738,32.92#55.15#30.02#14.83
-101.684,32.9223#55.27#30.02#14.71
-101.631,32.9245#55.39#30.03#14.58
-101.577,32.9267#55.5#30.03#14.47
-101.523,32.9289#55.62#30.03#14.35
-101.469,32.9311#55.71#30.03#14.26
-101.415,32.9332#55.79#30.04#14.17
-101.361,32.9353#55.86#30.04#14.1
-101.308,32.9374#55.93#30.04#14.03
-101.254,32.9395#56#30.04#13.96
-101.2,32.9416#56.08#30.04#13.88
-101.146,32.9437#56.15#30.05#13.8
-101.092,32.9457#56.22#30.05#13.73
-101.038,32.9477#56.3#30.05#13.65
-100.985,32.9497#56.35#30.05#13.6
-100.931,32.9517#56.37#30.05#13.58
-100.877,32.9537#56.38#30.06#13.56
-100.823,32.9556#56.39#30.06#13.55
-100.769,32.9576#56.41#30.06#13.53
-100.715,32.9595#56.42#30.06#13.52
-100.662,32.9614#56.44#30.07#13.49
-100.608,32.9633#56.45#30.07#13.48
-100.554,32.9651#56.47#30.07#13.46
-100.5,32.967#56.48#30.07#13.45
-100.446,32.9688#56.44#30.07#13.49
-100.392,32.9706#56.4#30.08#13.52
-100.338,32.9724#56.36#30.08#13.56
-100.285,32.9742#56.32#30.08#13.6
-100.231,32.9759#56.27#30.08#13.65
-100.177,32.9777#56.23#30.08#13.69
-100.123,32.9794#56.19#30.08#13.73
-100.069,32.9811#56.15#30.09#13.76
-100.015,32.9828#56.11#30.09#13.8
-99.9614,32.9844#56.05#30.12#13.83
-99.9075,32.9861#55.98#30.15#13.87
-99.8536,32.9877#55.91#30.19#13.9
-99.7997,32.9893#55.85#30.23#13.92
-99.7459,32.9909#55.78#30.26#13.96
-99.692,32.9925#55.71#30.3#13.99
-99.6381,32.994#55.64#30.34#14.02
-99.5842,32.9956#55.57#30.38#14.05
-99.5303,32.9971#55.51#30.41#14.08
-99.4765,32.9986#55.43#30.45#14.12
-99.4226,33.0001#55.36#30.49#14.15
-99.3687,33.0015#55.28#30.53#14.19
-99.3148,33.003#55.21#30.57#14.22
-99.2609,33.0044#55.13#30.61#14.26
-99.207,33.0058#55.06#30.65#14.29
-99.1531,33.0072#54.98#30.69#14.33
-99.0992,33.0086#54.91#30.73#14.36
-99.0453,33.0099#54.83#30.76#14.41
-98.9914,33.0113#54.76#30.8#14.44
-98.9375,33.0126#54.68#30.82#14.5
-98.8836,33.0139#54.6#30.84#14.56
-98.8297,33.0152#54.53#30.86#14.61
-98.7758,33.0165#54.45#30.88#14.67
-98.7219,33.0177#54.37#30.9#14.73
-98.668,33.0189#54.3#30.92#14.78
-98.6141,33.0202#54.22#30.94#14.84
-98.5602,33.0214#54.14#30.96#14.9
-98.5063,33.0225#54.06#30.98#14.96
-98.4524,33.0237#53.98#30.94#15.08
-98.3985,33.0248#53.9#30.89#15.21
-98.3446,33.026#53.82#30.84#15.34
-98.2907,33.0271#53.74#30.79#15.47
-98.2368,33.0282#53.66#30.74#15.6
-98.1828,33.0292#53.58#30.7#15.72
-98.1289,33.0303#53.5#30.65#15.85
-98.075,33.0313#53.42#30.6#15.98
-98.0211,33.0323#53.34#30.55#16.11
-97.9672,33.0333#53.25#30.5#16.25
-97.9133,33.0343#53.17#30.44#16.39
-97.8593,33.0353#53.09#30.39#16.52
-97.8054,33.0362#53#30.33#16.67
-97.7515,33.0371#52.92#30.28#16.8
-97.6976,33.0381#52.84#30.23#16.93
-97.6437,33.0389#52.75#30.17#17.08
-97.5897,33.0398#52.67#30.12#17.21
-97.5358,33.0407#52.59#30.06#17.35
-97.4819,33.0415#52.5#30.02#17.48
-97.428,33.0423#52.41#30#17.59
-97.374,33.0431#52.32#29.98#17.7
-97.3201,33.0439#52.22#29.96#17.82
-97.2662,33.0447#52.13#29.94#17.93
-97.2122,33.0454#52.04#29.92#18.04
-97.1583,33.0461#51.95#29.9#18.15
-97.1044,33.0469#51.86#29.88#18.26
-97.0505,33.0476#51.77#29.86#18.37
-96.9965,33.0482#51.67#29.84#18.49
-96.9426,33.0489#51.58#29.84#18.58
-96.8887,33.0495#51.48#29.83#18.69
-96.8347,33.0501#51.39#29.82#18.79
-96.7808,33.0507#51.29#29.82#18.89
-96.7269,33.0513#51.2#29.81#18.99
-96.6729,33.0519#51.1#29.81#19.09
-96.619,33.0524#51.01#29.8#19.19
-96.565,33.053#50.91#29.79#19.3
-96.5111,33.0535#50.81#29.79#19.4
-96.4572,33.054#50.69#29.78#19.53
-96.4032,33.0545#50.55#29.78#19.67
-96.3493,33.0549#50.42#29.78#19.8
-96.2954,33.0554#50.28#29.78#19.94
-96.2414,33.0558#50.14#29.78#20.08
-96.1875,33.0562#50.01#29.78#20.21
-96.1335,33.0566#49.87#29.77#20.36
-96.0796,33.0569#49.73#29.77#20.5
-96.0257,33.0573#49.6#29.77#20.63
-95.9717,33.0576#49.45#29.77#20.78
-95.9178,33.0579#49.28#29.77#20.95
-95.8638,33.0582#49.12#29.77#21.11
-95.8099,33.0585#48.95#29.77#21.28
-95.756,33.0588#48.79#29.77#21.44
-95.702,33.059#48.63#29.77#21.6
-95.6481,33.0593#48.46#29.77#21.77
-95.5941,33.0595#48.3#29.77#21.93
-95.5402,33.0596#48.13#29.77#22.1
-95.4862,33.0598#47.97#29.77#22.26
-95.4323,33.06#47.78#29.77#22.45
-95.3784,33.0601#47.6#29.77#22.63
-95.3244,33.0602#47.42#29.78#22.8
-95.2705,33.0603#47.24#29.78#22.98
-95.2165,33.0604#47.06#29.78#23.16
-95.1626,33.0605#46.88#29.78#23.34
-95.1086,33.0605#46.7#29.78#23.52
-95.0547,33.0605#46.52#29.78#23.7
-95.0007,33.0605#46.33#29.78#23.89
-94.9468,33.0605#46.16#29.78#24.06
-94.8929,33.0605#45.98#29.78#24.24
-94.8389,33.0605#45.81#29.78#24.41
-94.785,33.0604#45.63#29.79#24.58
-94.731,33.0603#45.46#29.79#24.75
-94.6771,33.0602#45.28#29.79#24.93
-94.6231,33.0601#45.11#29.79#25.1
-94.5692,33.06#44.93#29.79#25.28
-94.5153,33.0598#44.76#29.79#25.45
-94.4613,33.0597#44.58#29.79#25.63
-94.4074,33.0595#44.41#29.79#25.8
-94.3534,33.0593#44.24#29.79#25.97
-94.2995,33.059#44.07#29.8#26.13
-94.2455,33.0588#43.9#29.8#26.3
-94.1916,33.0585#43.73#29.8#26.47
-94.1377,33.0583#43.56#29.8#26.64
-94.0837,33.058#43.39#29.8#26.81
-94.0298,33.0576#43.22#29.8#26.98
-93.9758,33.0573#43.05#29.8#27.15
-93.9219,33.057#42.89#29.8#27.31
-93.868,33.0566#42.72#29.8#27.48
-93.814,33.0562#42.56#29.81#27.63
-93.7601,33.0558#42.39#29.81#27.8
-93.7061,33.0554#42.22#29.81#27.97
-93.6522,33.0549#42.06#29.81#28.13
-93.5983,33.0545#41.9#29.81#28.29
-93.5443,33.054#41.73#29.81#28.46
-93.4904,33.0535#41.57#29.81#28.62
-93.4364,33.053#41.41#29.81#28.78
-93.3825,33.0525#41.26#29.81#28.93
-93.3286,33.0519#41.1#29.81#29.09
-93.2746,33.0513#40.95#29.82#29.23
-93.2207,33.0508#40.79#29.82#29.39
-93.1668,33.0502#40.64#29.82#29.54
-93.1128,33.0495#40.48#29.82#29.7
-93.0589,33.0489#40.33#29.82#29.85
-93.005,33.0482#40.17#29.82#30.01
-92.951,33.0476#40.01#29.82#30.17
-92.8971,33.0469#39.85#29.82#30.33
-92.8432,33.0462#39.69#29.82#30.49
-92.7892,33.0454#39.53#29.82#30.65
-92.7353,33.0447#39.36#29.83#30.81
-92.6814,33.0439#39.2#29.83#30.97
-92.6275,33.0431#39.04#29.83#31.13
-92.5735,33.0423#38.88#29.83#31.29
-92.5196,33.0415#38.72#29.83#31.45
-92.4657,33.0407#38.55#29.83#31.62
-92.4118,33.0398#38.37#29.83#31.8
-92.3578,33.039#38.2#29.83#31.97
-92.3039,33.0381#38.03#29.83#32.14
-92.25,33.0372#37.85#29.83#32.32
-92.1961,33.0362#37.68#29.84#32.48
-92.1421,33.0353#37.51#29.84#32.65
-92.0882,33.0343#37.34#29.84#32.82
-92.0343,33.0334#37.16#29.84#33
-91.9804,33.0324#36.99#29.84#33.17
-91.9265,33.0313#36.82#29.84#33.34
-91.8726,33.0303#36.65#29.84#33.51
-91.8186,33.0293#36.48#29.84#33.68
-91.7647,33.0282#36.31#29.84#33.85
-91.7108,33.0271#36.14#29.84#34.02
-91.6569,33.026#35.97#29.84#34.19
-91.603,33.0249#35.8#29.85#34.35
-91.5491,33.0237#35.63#29.85#34.52
-91.4952,33.0226#35.47#29.85#34.68
-91.4413,33.0214#35.3#29.85#34.85
-91.3874,33.0202#35.13#29.85#35.02
-91.3335,33.019#34.97#29.85#35.18
-91.2796,33.0177#34.8#29.85#35.35
-91.2257,33.0165#34.64#29.85#35.51
-91.1718,33.0152#34.47#29.85#35.68
-91.1179,33.0139#34.3#29.85#35.85
-91.064,33.0126#34.14#29.85#36.01
-91.0101,33.0113#33.97#29.85#36.18
-90.9562,33.01#33.83#29.85#36.32
-90.9023,33.0086#33.68#29.85#36.47
-90.8484,33.0072#33.54#29.86#36.6
-90.7945,33.0059#33.39#29.86#36.75
-90.7406,33.0044#33.25#29.86#36.89
-90.6867,33.003#33.1#29.86#37.04
-90.6328,33.0016#32.96#29.86#37.18
-90.5789,33.0001#32.81#29.86#37.33
-90.525,32.9986#32.67#29.86#37.47
-90.4711,32.9971#32.53#29.86#37.61
-90.4173,32.9956#32.41#29.86#37.73
-90.3634,32.9941#32.29#29.86#37.85
-90.3095,32.9925#32.16#29.86#37.98
-90.2556,32.9909#32.04#29.86#38.1
-90.2017,32.9893#31.92#29.86#38.22
-90.1479,32.9877#31.8#29.86#38.34
-90.094,32.9861#31.67#29.87#38.46
-90.0401,32.9845#31.55#29.87#38.58
-89.9863,32.9828#31.42#29.87#38.71
-89.9324,32.9811#31.29#29.87#38.84
-89.8785,32.9794#31.16#29.87#38.97
-89.8247,32.9777#31.02#29.87#39.11
-89.7708,32.976#30.89#29.87#39.24
-89.7169,32.9742#30.75#29.87#39.38
-89.6631,32.9724#30.62#29.87#39.51
-89.6092,32.9707#30.49#29.87#39.64
-89.5553,32.9688#30.35#29.88#39.77
-89.5015,32.967#30.22#29.88#39.9
-89.4476,32.9652#30.05#29.88#40.07
-89.3938,32.9633#29.88#29.88#40.24
-89.3399,32.9614#29.71#29.88#40.41
-89.2861,32.9595#29.54#29.88#40.58
-89.2322,32.9576#29.37#29.89#40.74
-89.1784,32.9557#29.2#29.89#40.91
-89.1245,32.9537#29.03#29.89#41.08
-89.0707,32.9518#28.86#29.89#41.25
-89.0169,32.9498#28.69#29.89#41.42
-88.963,32.9478#28.56#29.9#41.54
-88.9092,32.9458#28.44#29.9#41.66
-88.8554,32.9437#28.33#29.91#41.76
-88.8015,32.9417#28.22#29.91#41.87
-88.7477,32.9396#28.11#29.92#41.97
-88.6939,32.9375#27.99#29.92#42.09
-88.64,32.9354#27.88#29.92#42.2
-88.5862,32.9333#27.76#29.93#42.31
-88.5324,32.9311#27.65#29.93#42.42
-88.4786,32.9289#27.57#29.94#42.49
-88.4248,32.9268#27.54#29.95#42.51
-88.3709,32.9246#27.5#29.96#42.54
-88.3171,32.9223#27.47#29.97#42.56
-88.2633,32.9201#27.44#29.98#42.58
-88.2095,32.9178#27.4#29.99#42.61
-88.1557,32.9156#27.37#30#42.63
-88.1019,32.9133#27.33#30.01#42.66
-88.0481,32.911#27.3#30.02#42.68
-87.9943,32.9086#27.27#30.03#42.7
-87.9405,32.9063#27.26#30.05#42.69
-87.8867,32.9039#27.25#30.07#42.68
-87.8329,32.9016#27.25#30.09#42.66
-103.14,32.9007#51.01#29.98#19.01
-103.086,32.9034#51.22#29.99#18.79
-103.032,32.9061#51.43#29.99#18.58
-102.978,32.9088#51.63#29.99#18.38
-102.925,32.9114#51.8#30#18.2
-102.871,32.9141#51.97#30#18.03
-102.817,32.9167#52.14#30#17.86
-102.763,32.9193#52.32#30#17.68
-102.709,32.9219#52.49#30.01#17.5
-102.656,32.9244#52.66#30.01#17.33
-102.602,32.927#52.83#30.01#17.16
-102.548,32.9295#53.01#30.01#16.98
-102.494,32.932#53.17#30.02#16.81
-102.44,32.9345#53.31#30.02#16.67
-102.387,32.937#53.45#30.02#16.53
-102.333,32.9394#53.59#30.02#16.39
-102.279,32.9419#53.73#30.03#16.24
-102.225,32.9443#53.87#30.03#16.1
-102.171,32.9467#54.01#30.03#15.96
-102.118,32.9491#54.15#30.03#15.82
-102.064,32.9514#54.28#30.04#15.68
-102.01,32.9538#54.42#30.04#15.54
-101.956,32.9561#54.54#30.04#15.42
-101.902,32.9584#54.66#30.04#15.3
-101.849,32.9607#54.77#30.04#15.19
-101.795,32.963#54.89#30.05#15.06
-101.741,32.9652#55#30.05#14.95
-101.687,32.9675#55.12#30.05#14.83
-101.633,32.9697#55.23#30.05#14.72
-101.579,32.9719#55.35#30.06#14.59
-101.526,32.9741#55.47#30.06#14.47
-101.472,32.9762#55.56#30.06#14.38
-101.418,32.9784#55.63#30.06#14.31
-101.364,32.9805#55.7#30.07#14.23
-101.31,32.9826#55.78#30.07#14.15
-101.256,32.9847#55.85#30.07#14.08
-101.202,32.9868#55.92#30.07#14.01
-101.149,32.9889#55.99#30.07#13.94
-101.095,32.9909#56.07#30.08#13.85
-101.041,32.9929#56.14#30.08#13.78
-100.987,32.9949#56.2#30.08#13.72
-100.933,32.9969#56.21#30.08#13.71
-100.879,32.9989#56.23#30.08#13.69
-100.825,33.0008#56.24#30.09#13.67
-100.772,33.0028#56.26#30.09#13.65
-100.718,33.0047#56.27#30.09#13.64
-100.664,33.0066#56.29#30.09#13.62
-100.61,33.0085#56.3#30.09#13.61
-100.556,33.0103#56.32#30.1#13.58
-100.502,33.0122#56.33#30.1#13.57
-100.448,33.014#56.3#30.1#13.6
-100.394,33.0158#56.26#30.1#13.64
-100.341,33.0176#56.21#30.1#13.69
-100.287,33.0194#56.17#30.11#13.72
-100.233,33.0211#56.13#30.11#13.76
-100.179,33.0229#56.09#30.11#13.8
-100.125,33.0246#56.06#30.11#13.83
-100.071,33.0263#56.02#30.11#13.87
-100.017,33.028#55.98#30.12#13.9
-99.9633,33.0296#55.92#30.14#13.94
-99.9094,33.0313#55.85#30.18#13.97
-99.8555,33.0329#55.78#30.21#14.01
-99.8017,33.0345#55.71#30.25#14.04
-99.7478,33.0361#55.65#30.29#14.06
-99.6939,33.0377#55.58#30.32#14.1
-99.64,33.0392#55.51#30.36#14.13
-99.586,33.0408#55.44#30.39#14.17
-99.5321,33.0423#55.38#30.43#14.19
-99.4782,33.0438#55.31#30.47#14.22
-99.4243,33.0453#55.23#30.51#14.26
-99.3704,33.0467#55.16#30.54#14.3
-99.3165,33.0482#55.08#30.58#14.34
-99.2626,33.0496#55.01#30.62#14.37
-99.2087,33.051#54.93#30.66#14.41
-99.1548,33.0524#54.86#30.7#14.44
-99.1009,33.0538#54.78#30.74#14.48
-99.0469,33.0552#54.71#30.78#14.51
-98.993,33.0565#54.63#30.81#14.56
-98.9391,33.0578#54.56#30.83#14.61
-98.8852,33.0591#54.48#30.85#14.67
-98.8313,33.0604#54.4#30.87#14.73
-98.7773,33.0617#54.33#30.89#14.78
-98.7234,33.0629#54.25#30.91#14.84
-98.6695,33.0642#54.17#30.93#14.9
-98.6156,33.0654#54.1#30.95#14.95
-98.5616,33.0666#54.02#30.97#15.01
-98.5077,33.0677#53.94#30.99#15.07
-98.4538,33.0689#53.86#30.95#15.19
-98.3998,33.0701#53.78#30.9#15.32
-98.3459,33.0712#53.7#30.86#15.44
-98.292,33.0723#53.62#30.81#15.57
-98.238,33.0734#53.54#30.76#15.7
-98.1841,33.0744#53.46#30.71#15.83
-98.1302,33.0755#53.38#30.66#15.96
-98.0762,33.0765#53.3#30.61#16.09
-98.0223,33.0775#53.22#30.56#16.22
-97.9684,33.0785#53.14#30.51#16.35
-97.9144,33.0795#53.05#30.46#16.49
-97.8605,33.0805#52.97#30.41#16.62
-97.8065,33.0814#52.89#30.35#16.76
-97.7526,33.0824#52.81#30.3#16.89
-97.6987,33.0833#52.72#30.24#17.04
-97.6447,33.0842#52.64#30.19#17.17
-97.5908,33.085#52.56#30.14#17.3
-97.5368,33.0859#52.48#30.08#17.44
-97.4829,33.0867#52.39#30.04#17.57
-97.4289,33.0875#52.3#30.02#17.68
-97.375,33.0883#52.21#30#17.79
-97.321,33.0891#52.11#29.98#17.91
-97.2671,33.0899#52.02#29.96#18.02
-97.2131,33.0906#51.93#29.94#18.13
-97.1592,33.0914#51.84#29.92#18.24
-97.1052,33.0921#51.75#29.9#18.35
-97.0513,33.0928#51.65#29.88#18.47
-96.9973,33.0934#51.56#29.86#18.58
-96.9434,33.0941#51.47#29.86#18.67
-96.8894,33.0947#51.37#29.85#18.78
-96.8355,33.0954#51.27#29.84#18.89
-96.7815,33.096#51.18#29.84#18.98
-96.7275,33.0966#51.08#29.83#19.09
-96.6736,33.0971#50.99#29.82#19.19
-96.6196,33.0977#50.89#29.82#19.29
-96.5657,33.0982#50.8#29.81#19.39
-96.5117,33.0987#50.7#29.8#19.5
-96.4578,33.0992#50.57#29.8#19.63
-96.4038,33.0997#50.43#29.8#19.77
-96.3498,33.1001#50.28#29.8#19.92
-96.2959,33.1006#50.14#29.8#20.06
-96.2419,33.101#50#29.8#20.2
-96.188,33.1014#49.85#29.79#20.36
-96.134,33.1018#49.71#29.79#20.5
-96.08,33.1022#49.57#29.79#20.64
-96.0261,33.1025#49.42#29.79#20.79
-95.9721,33.1029#49.27#29.79#20.94
-95.9181,33.1032#49.1#29.79#21.11
-95.8642,33.1035#48.93#29.79#21.28
-95.8102,33.1037#48.76#29.79#21.45
-95.7563,33.104#48.59#29.79#21.62
-95.7023,33.1042#48.43#29.79#21.78
-95.6483,33.1045#48.26#29.79#21.95
-95.5944,33.1047#48.09#29.79#22.12
-95.5404,33.1049#47.92#29.79#22.29
-95.4864,33.105#47.75#29.79#22.46
-95.4325,33.1052#47.57#29.79#22.64
-95.3785,33.1053#47.39#29.79#22.82
-95.3245,33.1054#47.21#29.8#22.99
-95.2706,33.1055#47.02#29.8#23.18
-95.2166,33.1056#46.84#29.8#23.36
-95.1626,33.1057#46.66#29.8#23.54
-95.1087,33.1057#46.48#29.8#23.72
-95.0547,33.1058#46.3#29.8#23.9
-95.0007,33.1058#46.12#29.8#24.08
-94.9468,33.1058#45.94#29.8#24.26
-94.8928,33.1057#45.77#29.8#24.43
-94.8388,33.1057#45.59#29.8#24.61
-94.7849,33.1056#45.42#29.8#24.78
-94.7309,33.1055#45.24#29.81#24.95
-94.677,33.1055#45.07#29.81#25.12
-94.623,33.1053#44.89#29.81#25.3
-94.569,33.1052#44.72#29.81#25.47
-94.5151,33.105#44.54#29.81#25.65
-94.4611,33.1049#44.37#29.81#25.82
-94.4071,33.1047#44.2#29.81#25.99
-94.3532,33.1045#44.03#29.81#26.16
-94.2992,33.1043#43.86#29.81#26.33
-94.2452,33.104#43.69#29.82#26.49
-94.1913,33.1038#43.52#29.82#26.66
-94.1373,33.1035#43.35#29.82#26.83
-94.0833,33.1032#43.18#29.82#27
-94.0294,33.1029#43.01#29.82#27.17
-93.9754,33.1025#42.84#29.82#27.34
-93.9215,33.1022#42.67#29.82#27.51
-93.8675,33.1018#42.51#29.82#27.67
-93.8135,33.1014#42.34#29.82#27.84
-93.7596,33.101#42.18#29.83#27.99
-93.7056,33.1006#42.01#29.83#28.16
-93.6517,33.1002#41.85#29.83#28.32
-93.5977,33.0997#41.68#29.83#28.49
-93.5437,33.0992#41.52#29.83#28.65
-93.4898,33.0987#41.35#29.83#28.82
-93.4358,33.0982#41.2#29.83#28.97
-93.3819,33.0977#41.05#29.83#29.12
-93.3279,33.0971#40.89#29.83#29.28
-93.2739,33.0966#40.74#29.83#29.43
-93.22,33.096#40.58#29.83#29.59
-93.166,33.0954#40.43#29.84#29.73
-93.1121,33.0948#40.28#29.84#29.88
-93.0581,33.0941#40.12#29.84#30.04
-93.0042,33.0935#39.97#29.84#30.19
-92.9502,33.0928#39.81#29.84#30.35
-92.8963,33.0921#39.65#29.84#30.51
-92.8423,33.0914#39.49#29.84#30.67
-92.7884,33.0907#39.33#29.84#30.83
-92.7344,33.0899#39.17#29.84#30.99
-92.6805,33.0891#39.01#29.84#31.15
-92.6265,33.0884#38.85#29.84#31.31
-92.5726,33.0876#38.69#29.85#31.46
-92.5186,33.0867#38.54#29.85#31.61
-92.4647,33.0859#38.37#29.85#31.78
-92.4107,33.0851#38.19#29.85#31.96
-92.3568,33.0842#38.02#29.85#32.13
-92.3028,33.0833#37.85#29.85#32.3
-92.2489,33.0824#37.68#29.85#32.47
-92.1949,33.0815#37.5#29.85#32.65
-92.141,33.0805#37.33#29.85#32.82
-92.0871,33.0796#37.16#29.85#32.99
-92.0331,33.0786#36.99#29.86#33.15
-91.9792,33.0776#36.81#29.86#33.33
-91.9253,33.0766#36.64#29.86#33.5
-91.8713,33.0755#36.47#29.86#33.67
-91.8174,33.0745#36.3#29.86#33.84
-91.7634,33.0734#36.13#29.86#34.01
-91.7095,33.0723#35.96#29.86#34.18
-91.6556,33.0712#35.8#29.86#34.34
-91.6016,33.0701#35.63#29.86#34.51
-91.5477,33.0689#35.46#29.86#34.68
-91.4938,33.0678#35.29#29.86#34.85
-91.4399,33.0666#35.12#29.86#35.02
-91.3859,33.0654#34.96#29.87#35.17
-91.332,33.0642#34.79#29.87#35.34
-91.2781,33.063#34.62#29.87#35.51
-91.2242,33.0617#34.46#29.87#35.67
-91.1702,33.0604#34.29#29.87#35.84
-91.1163,33.0592#34.13#29.87#36
-91.0624,33.0579#33.96#29.87#36.17
-91.0085,33.0565#33.8#29.87#36.33
-90.9545,33.0552#33.65#29.87#36.48
-90.9006,33.0538#33.51#29.87#36.62
-90.8467,33.0525#33.37#29.87#36.76
-90.7928,33.0511#33.23#29.87#36.9
-90.7389,33.0497#33.09#29.87#37.04
-90.685,33.0482#32.95#29.87#37.18
-90.6311,33.0468#32.81#29.87#37.32
-90.5772,33.0453#32.67#29.88#37.45
-90.5233,33.0438#32.53#29.88#37.59
-90.4693,33.0423#32.39#29.88#37.73
-90.4154,33.0408#32.27#29.88#37.85
-90.3615,33.0393#32.15#29.88#37.97
-90.3076,33.0377#32.03#29.88#38.09
-90.2537,33.0361#31.91#29.88#38.21
-90.1998,33.0345#31.79#29.88#38.33
-90.1459,33.0329#31.67#29.88#38.45
-90.092,33.0313#31.54#29.88#38.58
-90.0382,33.0297#31.42#29.88#38.7
-89.9843,33.028#31.3#29.88#38.82
-89.9304,33.0263#31.17#29.88#38.95
-89.8765,33.0246#31.03#29.89#39.08
-89.8226,33.0229#30.9#29.89#39.21
-89.7687,33.0212#30.77#29.89#39.34
-89.7148,33.0194#30.63#29.89#39.48
-89.6609,33.0176#30.5#29.89#39.61
-89.6071,33.0159#30.37#29.89#39.74
-89.5532,33.014#30.24#29.89#39.87
-89.4993,33.0122#30.1#29.89#40.01
-89.4454,33.0104#29.94#29.9#40.16
-89.3916,33.0085#29.77#29.9#40.33
-89.3377,33.0066#29.6#29.9#40.5
-89.2838,33.0047#29.44#29.9#40.66
-89.2299,33.0028#29.27#29.91#40.82
-89.1761,33.0009#29.1#29.91#40.99
-89.1222,32.9989#28.94#29.91#41.15
-89.0683,32.997#28.77#29.91#41.32
-89.0145,32.995#28.6#29.92#41.48
-88.9606,32.993#28.48#29.92#41.6
-88.9068,32.991#28.37#29.93#41.7
-88.8529,32.9889#28.26#29.93#41.81
-88.7991,32.9869#28.16#29.94#41.9
-88.7452,32.9848#28.05#29.94#42.01
-88.6914,32.9827#27.94#29.95#42.11
-88.6375,32.9806#27.83#29.95#42.22
-88.5837,32.9784#27.72#29.96#42.32
-88.5298,32.9763#27.61#29.96#42.43
-88.476,32.9741#27.53#29.97#42.5
-88.4221,32.9719#27.5#29.98#42.52
-88.3683,32.9697#27.47#30#42.53
-88.3145,32.9675#27.44#30.01#42.55
-88.2606,32.9653#27.41#30.02#42.57
-88.2068,32.963#27.38#30.03#42.59
-88.153,32.9608#27.35#30.05#42.6
-88.0992,32.9585#27.32#30.06#42.62
-88.0453,32.9562#27.28#30.07#42.65
-87.9915,32.9538#27.26#30.08#42.66
-87.9377,32.9515#27.25#30.1#42.65
-87.8839,32.9491#27.24#30.12#42.64
-87.8301,32.9467#27.24#30.14#42.62
-87.7762,32.9443#27.23#30.16#42.61
-87.7224,32.9419#27.22#30.18#42.6
-87.6686,32.9395#27.22#30.2#42.58
-87.6148,32.937#27.21#30.22#42.57
-87.561,32.9346#27.2#30.24#42.56
-87.5072,32.9321#27.2#30.26#42.54
-87.4534,32.9296#27.2#30.29#42.51
-87.3996,32.927#27.21#30.31#42.48
-87.3458,32.9245#27.22#30.34#42.44
-87.292,32.9219#27.22#30.37#42.41
-87.2382,32.9194#27.23#30.39#42.38
-87.1844,32.9168#27.23#30.42#42.35
-87.1307,32.9141#27.24#30.45#42.31
-87.0769,32.9115#27.25#30.47#42.28
-87.0231,32.9089#27.25#30.5#42.25
-86.9693,32.9062#27.27#30.52#42.21
-86.9155,32.9035#27.29#30.55#42.16
-86.8618,32.9008#27.31#30.57#42.12
-104.003,32.9002#46.72#29.97#23.31
-103.95,32.9032#47.01#29.97#23.02
-103.896,32.9061#47.3#29.97#22.73
-103.842,32.9091#47.59#29.98#22.43
-103.788,32.912#47.88#29.98#22.14
-103.735,32.9149#48.18#29.98#21.84
-103.681,32.9178#48.47#29.99#21.54
-103.627,32.9207#48.76#29.99#21.25
-103.573,32.9236#49.06#29.99#20.95
-103.519,32.9264#49.35#29.99#20.66
-103.466,32.9293#49.59#30#20.41
-103.412,32.9321#49.8#30#20.2
-103.358,32.9349#50.02#30#19.98
-103.304,32.9377#50.23#30.01#19.76
-103.251,32.9404#50.45#30.01#19.54
-103.197,32.9432#50.66#30.01#19.33
-103.143,32.9459#50.88#30.01#19.11
-103.089,32.9486#51.1#30.02#18.88
-103.035,32.9513#51.32#30.02#18.66
-102.982,32.954#51.52#30.02#18.46
-102.928,32.9566#51.69#30.02#18.29
-102.874,32.9592#51.87#30.03#18.1
-102.82,32.9619#52.04#30.03#17.93
-102.766,32.9645#52.21#30.03#17.76
-102.713,32.967#52.38#30.03#17.59
-102.659,32.9696#52.55#30.04#17.41
-102.605,32.9721#52.73#30.04#17.23
-102.551,32.9747#52.9#30.04#17.06
-102.497,32.9772#53.07#30.04#16.89
-102.443,32.9797#53.21#30.05#16.74
-102.39,32.9821#53.34#30.05#16.61
-102.336,32.9846#53.48#30.05#16.47
-102.282,32.987#53.61#30.05#16.34
-102.228,32.9894#53.75#30.06#16.19
-102.174,32.9918#53.88#30.06#16.06
-102.12,32.9942#54.01#30.06#15.93
-102.067,32.9966#54.15#30.06#15.79
-102.013,32.9989#54.28#30.07#15.65
-101.959,33.0013#54.4#30.07#15.53
-101.905,33.0036#54.51#30.07#15.42
-101.851,33.0059#54.63#30.07#15.3
-101.797,33.0081#54.74#30.07#15.19
-101.744,33.0104#54.86#30.08#15.06
-101.69,33.0126#54.97#30.08#14.95
-101.636,33.0149#55.08#30.08#14.84
-101.582,33.0171#55.2#30.08#14.72
-101.528,33.0193#55.31#30.09#14.6
-101.474,33.0214#55.41#30.09#14.5
-101.42,33.0236#55.48#30.09#14.43
-101.367,33.0257#55.55#30.09#14.36
-101.313,33.0278#55.62#30.09#14.29
-101.259,33.0299#55.69#30.1#14.21
-101.205,33.032#55.76#30.1#14.14
-101.151,33.034#55.84#30.1#14.06
-101.097,33.0361#55.91#30.1#13.99
-101.043,33.0381#55.98#30.11#13.91
-100.989,33.0401#56.04#30.11#13.85
-100.936,33.0421#56.06#30.11#13.83
-100.882,33.0441#56.07#30.11#13.82
-100.828,33.046#56.09#30.11#13.8
-100.774,33.048#56.1#30.12#13.78
-100.72,33.0499#56.12#30.12#13.76
-100.666,33.0518#56.14#30.12#13.74
-100.612,33.0537#56.15#30.12#13.73
-100.558,33.0555#56.17#30.12#13.71
-100.504,33.0574#56.19#30.13#13.68
-100.45,33.0592#56.15#30.13#13.72
-100.397,33.061#56.11#30.13#13.76
-100.343,33.0628#56.07#30.13#13.8
-100.289,33.0646#56.03#30.13#13.84
-100.235,33.0663#56#30.14#13.86
-100.181,33.0681#55.96#30.14#13.9
-100.127,33.0698#55.92#30.14#13.94
-100.073,33.0715#55.88#30.14#13.98
-100.019,33.0732#55.84#30.14#14.02
-99.9653,33.0748#55.78#30.17#14.05
-99.9114,33.0765#55.72#30.2#14.08
-99.8575,33.0781#55.65#30.24#14.11
-99.8036,33.0797#55.58#30.27#14.15
-99.7496,33.0813#55.52#30.31#14.17
-99.6957,33.0829#55.45#30.34#14.21
-99.6418,33.0844#55.38#30.38#14.24
