-97.9912,45.9002#26.69#37.71#35.6
-97.9302,45.9011#26.7#38#35.3
-97.8692,45.9021#26.7#38.29#35.01
-97.8082,45.9029#26.7#38.58#34.72
-97.7472,45.9038#26.7#38.87#34.43
-97.6862,45.9047#26.71#39.16#34.13
-97.6252,45.9055#26.71#39.46#33.83
-97.5641,45.9063#26.71#39.75#33.54
-97.5031,45.9071#26.71#40.04#33.25
-97.4421,45.9079#26.7#40.39#32.91
-97.3811,45.9086#26.69#40.75#32.56
-97.3201,45.9094#26.68#41.1#32.22
-97.259,45.9101#26.67#41.46#31.87
-97.198,45.9108#26.66#41.81#31.53
-97.137,45.9115#26.64#42.17#31.19
-97.076,45.9121#26.63#42.52#30.85
-97.015,45.9128#26.62#42.88#30.5
-96.9539,45.9134#26.6#43.08#30.32
-96.8929,45.914#26.58#43.24#30.18
-96.8319,45.9146#26.56#43.4#30.04
-96.7708,45.9151#26.53#43.55#29.92
-96.7098,45.9157#26.51#43.71#29.78
-96.6488,45.9162#26.49#43.87#29.64
-96.5878,45.9167#26.47#44.02#29.51
-96.5267,45.9172#26.44#44.18#29.38
-96.4657,45.9177#26.43#44.31#29.26
-96.4047,45.9181#26.43#44.43#29.14
-96.3436,45.9185#26.42#44.55#29.03
-96.2826,45.919#26.42#44.67#28.91
-96.2216,45.9194#26.42#44.79#28.79
-96.1605,45.9197#26.41#44.91#28.68
-96.0995,45.9201#26.41#45.03#28.56
-96.0385,45.9204#26.41#45.15#28.44
-95.9774,45.9207#26.41#45.24#28.35
-95.9164,45.921#26.44#45.28#28.28
-95.8554,45.9213#26.46#45.32#28.22
-95.7943,45.9216#26.48#45.36#28.16
-95.7333,45.9218#26.51#45.39#28.1
-95.6723,45.922#26.53#45.43#28.04
-95.6112,45.9222#26.55#45.47#27.98
-95.5502,45.9224#26.58#45.51#27.91
-95.4891,45.9226#26.6#45.54#27.86
-95.4281,45.9227#26.65#45.53#27.82
-95.3671,45.9228#26.69#45.53#27.78
-95.306,45.9229#26.73#45.52#27.75
-95.245,45.923#26.78#45.51#27.71
-95.184,45.9231#26.82#45.5#27.68
-95.1229,45.9231#26.87#45.5#27.63
-95.0619,45.9232#26.91#45.49#27.6
-95.0008,45.9232#26.95#45.48#27.57
-94.9398,45.9232#26.99#45.46#27.55
-94.8788,45.9231#27.03#45.43#27.54
-94.8177,45.9231#27.07#45.4#27.53
-94.7567,45.923#27.11#45.38#27.51
-94.6957,45.9229#27.15#45.35#27.5
-94.6346,45.9228#27.19#45.33#27.48
-94.5736,45.9227#27.23#45.3#27.47
-94.5125,45.9226#27.27#45.27#27.46
-94.4515,45.9224#27.29#45.16#27.55
-94.3905,45.9222#27.31#45.03#27.66
-94.3294,45.922#27.33#44.9#27.77
-94.2684,45.9218#27.34#44.77#27.89
-94.2074,45.9216#27.36#44.64#28
-94.1463,45.9213#27.38#44.51#28.11
-94.0853,45.921#27.39#44.38#28.23
-94.0242,45.9207#27.41#44.25#28.34
-93.9632,45.9204#27.41#44.11#28.48
-93.9022,45.9201#27.39#43.98#28.63
-93.8411,45.9197#27.38#43.84#28.78
-93.7801,45.9194#27.37#43.7#28.93
-93.7191,45.919#27.35#43.57#29.08
-93.658,45.9186#27.34#43.43#29.23
-93.597,45.9181#27.32#43.3#29.38
-93.536,45.9177#27.31#43.17#29.52
-93.475,45.9172#27.29#42.99#29.72
-93.4139,45.9167#27.26#42.75#29.99
-93.3529,45.9162#27.22#42.51#30.27
-93.2919,45.9157#27.19#42.27#30.54
-93.2308,45.9151#27.16#42.02#30.82
-93.1698,45.9146#27.13#41.78#31.09
-93.1088,45.914#27.1#41.54#31.36
-93.0478,45.9134#27.07#41.3#31.63
-92.9867,45.9128#27.03#41.06#31.91
-92.9257,45.9121#26.98#40.8#32.22
-92.8647,45.9115#26.93#40.54#32.53
-92.8037,45.9108#26.89#40.28#32.83
-92.7426,45.9101#26.84#40.02#33.14
-92.6816,45.9094#26.79#39.76#33.45
-92.6206,45.9087#26.74#39.5#33.76
-92.5596,45.9079#26.69#39.24#34.07
-92.4986,45.9071#26.64#38.98#34.38
-92.4375,45.9063#26.6#38.76#34.64
-92.3765,45.9055#26.56#38.53#34.91
-92.3155,45.9047#26.52#38.31#35.17
-92.2545,45.9038#26.48#38.09#35.43
-92.1935,45.903#26.44#37.86#35.7
-92.1325,45.9021#26.4#37.64#35.96
-92.0715,45.9012#26.36#37.42#36.22
-92.0105,45.9002#26.32#37.2#36.48
-100.006,45.9014#26.44#31.81#41.75
-99.945,45.9029#26.43#31.88#41.69
-99.884,45.9045#26.42#31.95#41.63
-99.823,45.906#26.42#32.01#41.57
-99.762,45.9075#26.41#32.08#41.51
-99.701,45.909#26.41#32.15#41.44
-99.64,45.9104#26.4#32.22#41.38
-99.579,45.9119#26.4#32.29#41.31
-99.518,45.9133#26.39#32.35#41.26
-99.457,45.9147#26.4#32.42#41.18
-99.396,45.9161#26.4#32.49#41.11
-99.335,45.9174#26.41#32.56#41.03
-99.274,45.9188#26.42#32.62#40.96
-99.213,45.9201#26.42#32.69#40.89
-99.152,45.9214#26.43#32.76#40.81
-99.091,45.9227#26.44#32.82#40.74
-99.03,45.924#26.44#32.89#40.67
-98.969,45.9252#26.46#33.07#40.47
-98.908,45.9265#26.47#33.35#40.18
-98.8469,45.9277#26.49#33.63#39.88
-98.7859,45.9289#26.5#33.92#39.58
-98.7249,45.9301#26.52#34.2#39.28
-98.6639,45.9312#26.54#34.48#38.98
-98.6029,45.9324#26.55#34.77#38.68
-98.5418,45.9335#26.57#35.05#38.38
-98.4808,45.9346#26.58#35.34#38.08
-98.4198,45.9357#26.6#35.64#37.76
-98.3588,45.9367#26.61#35.95#37.44
-98.2977,45.9378#26.63#36.25#37.12
-98.2367,45.9388#26.64#36.55#36.81
-98.1757,45.9398#26.66#36.86#36.48
-98.1146,45.9408#26.67#37.16#36.17
-98.0536,45.9417#26.68#37.47#35.85
-97.9926,45.9427#26.7#37.77#35.53
-97.9315,45.9436#26.7#38.06#35.24
-97.8705,45.9445#26.7#38.36#34.94
-97.8095,45.9454#26.7#38.66#34.64
-97.7484,45.9463#26.7#38.95#34.35
-97.6874,45.9471#26.7#39.25#34.05
-97.6263,45.948#26.7#39.54#33.76
-97.5653,45.9488#26.71#39.84#33.45
-97.5043,45.9496#26.71#40.14#33.15
-97.4432,45.9503#26.7#40.48#32.82
-97.3822,45.9511#26.68#40.83#32.49
-97.3211,45.9518#26.67#41.17#32.16
-97.2601,45.9526#26.66#41.52#31.82
-97.199,45.9533#26.64#41.86#31.5
-97.138,45.9539#26.63#42.21#31.16
-97.0769,45.9546#26.62#42.56#30.82
-97.0159,45.9552#26.6#42.9#30.5
-96.9548,45.9559#26.58#43.1#30.32
-96.8938,45.9565#26.56#43.25#30.19
-96.8327,45.957#26.54#43.4#30.06
-96.7716,45.9576#26.51#43.55#29.94
-96.7106,45.9581#26.49#43.7#29.81
-96.6495,45.9587#26.47#43.85#29.68
-96.5885,45.9592#26.44#43.99#29.57
-96.5274,45.9597#26.42#44.14#29.44
-96.4664,45.9601#26.41#44.27#29.32
-96.4053,45.9606#26.4#44.39#29.21
-96.3442,45.961#26.4#44.5#29.1
-96.2832,45.9614#26.4#44.62#28.98
-96.2221,45.9618#26.39#44.74#28.87
-96.1611,45.9622#26.39#44.85#28.76
-96.1,45.9625#26.39#44.97#28.64
-96.0389,45.9629#26.38#45.08#28.54
-95.9779,45.9632#26.39#45.17#28.44
-95.9168,45.9635#26.41#45.2#28.39
-95.8558,45.9638#26.43#45.24#28.33
-95.7947,45.964#26.46#45.28#28.26
-95.7336,45.9643#26.48#45.31#28.21
-95.6726,45.9645#26.5#45.35#28.15
-95.6115,45.9647#26.52#45.39#28.09
-95.5504,45.9649#26.55#45.42#28.03
-95.4894,45.965#26.57#45.45#27.98
-95.4283,45.9652#26.62#45.44#27.94
-95.3672,45.9653#26.66#45.43#27.91
-95.3062,45.9654#26.7#45.42#27.88
-95.2451,45.9655#26.74#45.41#27.85
-95.184,45.9656#26.78#45.4#27.82
-95.123,45.9656#26.82#45.39#27.79
-95.0619,45.9656#26.87#45.38#27.75
-95.0008,45.9656#26.91#45.37#27.72
-94.9398,45.9656#26.95#45.35#27.7
-94.8787,45.9656#26.99#45.32#27.69
-94.8176,45.9656#27.03#45.3#27.67
-94.7566,45.9655#27.07#45.28#27.65
-94.6955,45.9654#27.12#45.26#27.62
-94.6345,45.9653#27.16#45.24#27.6
-94.5734,45.9652#27.2#45.21#27.59
-94.5123,45.965#27.24#45.19#27.57
-94.4513,45.9649#27.26#45.08#27.66
-94.3902,45.9647#27.28#44.94#27.78
-94.3291,45.9645#27.3#44.8#27.9
-94.2681,45.9643#27.32#44.66#28.02
-94.207,45.964#27.34#44.52#28.14
-94.1459,45.9638#27.36#44.38#28.26
-94.0849,45.9635#27.37#44.24#28.39
-94.0238,45.9632#27.39#44.11#28.5
-93.9627,45.9629#27.39#43.96#28.65
-93.9017,45.9626#27.38#43.81#28.81
-93.8406,45.9622#27.37#43.66#28.97
-93.7796,45.9618#27.36#43.51#29.13
-93.7185,45.9614#27.35#43.36#29.29
-93.6574,45.961#27.34#43.21#29.45
-93.5964,45.9606#27.33#43.06#29.61
-93.5353,45.9601#27.31#42.91#29.78
-93.4743,45.9597#27.29#42.72#29.99
-93.4132,45.9592#27.26#42.48#30.26
-93.3522,45.9587#27.23#42.24#30.53
-93.2911,45.9582#27.2#42#30.8
-93.23,45.9576#27.17#41.76#31.07
-93.169,45.9571#27.14#41.52#31.34
-93.1079,45.9565#27.11#41.28#31.61
-93.0469,45.9559#27.08#41.04#31.88
-92.9858,45.9552#27.05#40.79#32.16
-92.9248,45.9546#27#40.54#32.46
-92.8637,45.9539#26.95#40.29#32.76
-92.8027,45.9533#26.91#40.04#33.05
-92.7416,45.9526#26.86#39.78#33.36
-92.6806,45.9519#26.81#39.53#33.66
-92.6195,45.9511#26.76#39.28#33.96
-92.5585,45.9504#26.72#39.02#34.26
-92.4974,45.9496#26.67#38.77#34.56
-92.4364,45.9488#26.63#38.55#34.82
-92.3753,45.948#26.59#38.33#35.08
-92.3143,45.9472#26.54#38.1#35.36
-92.2533,45.9463#26.5#37.88#35.62
-92.1922,45.9454#26.46#37.66#35.88
-92.1312,45.9445#26.42#37.43#36.15
-92.0701,45.9436#26.38#37.21#36.41
-92.0091,45.9427#26.34#36.99#36.67
-91.9481,45.9418#26.32#36.77#36.91
-91.887,45.9408#26.3#36.55#37.15
-91.826,45.9398#26.28#36.33#37.39
-91.765,45.9388#26.26#36.11#37.63
-91.7039,45.9378#26.24#35.89#37.87
-91.6429,45.9367#26.22#35.68#38.1
-91.5819,45.9357#26.2#35.46#38.34
-91.5209,45.9346#26.18#35.24#38.58
-91.4598,45.9335#26.2#35.02#38.78
-91.3988,45.9324#26.24#34.79#38.97
-91.3378,45.9313#26.28#34.56#39.16
-91.2768,45.9301#26.32#34.34#39.34
-91.2158,45.9289#26.36#34.11#39.53
-91.1547,45.9277#26.4#33.89#39.71
-91.0937,45.9265#26.44#33.66#39.9
-91.0327,45.9253#26.48#33.44#40.08
-90.9717,45.924#26.52#33.21#40.27
-90.9107,45.9228#26.58#32.97#40.45
-90.8497,45.9215#26.64#32.74#40.62
-90.7887,45.9202#26.69#32.51#40.8
-90.7277,45.9188#26.75#32.27#40.98
-90.6667,45.9175#26.8#32.04#41.16
-90.6057,45.9161#26.86#31.81#41.33
-90.5447,45.9147#26.91#31.58#41.51
-90.4837,45.9133#26.98#31.35#41.67
-90.4227,45.9119#27.06#31.12#41.82
-90.3617,45.9105#27.15#30.9#41.95
-90.3007,45.909#27.24#30.68#42.08
-90.2397,45.9075#27.32#30.45#42.23
-90.1787,45.906#27.41#30.23#42.36
-90.1177,45.9045#27.5#30.01#42.49
-90.0567,45.903#27.58#29.78#42.64
-89.9957,45.9014#27.67#29.56#42.77
-101.472,45.9007#27.33#29.96#42.71
-101.411,45.9027#27.27#30.03#42.7
-101.35,45.9047#27.2#30.11#42.69
-101.289,45.9067#27.14#30.18#42.68
-101.228,45.9086#27.08#30.25#42.67
-101.167,45.9106#27.02#30.32#42.66
-101.106,45.9125#26.96#30.39#42.65
-101.045,45.9144#26.9#30.46#42.64
-100.984,45.9163#26.84#30.54#42.62
-100.923,45.9181#26.81#30.62#42.57
-100.862,45.92#26.78#30.71#42.51
-100.801,45.9218#26.74#30.79#42.47
-100.74,45.9236#26.71#30.87#42.42
-100.679,45.9254#26.68#30.96#42.36
-100.618,45.9272#26.64#31.04#42.32
-100.557,45.9289#26.61#31.13#42.26
-100.496,45.9306#26.57#31.21#42.22
-100.435,45.9324#26.56#31.29#42.15
-100.374,45.9341#26.54#31.36#42.1
-100.313,45.9357#26.52#31.44#42.04
-100.252,45.9374#26.5#31.51#41.99
-100.191,45.939#26.49#31.59#41.92
-100.13,45.9406#26.47#31.66#41.87
-100.069,45.9422#26.45#31.74#41.81
-100.008,45.9438#26.44#31.81#41.75
-99.9472,45.9454#26.43#31.88#41.69
-99.8862,45.9469#26.42#31.95#41.63
-99.8252,45.9484#26.42#32.02#41.56
-99.7642,45.9499#26.42#32.08#41.5
-99.7031,45.9514#26.41#32.15#41.44
-99.6421,45.9529#26.41#32.22#41.37
-99.5811,45.9543#26.4#32.29#41.31
-99.5201,45.9557#26.4#32.36#41.24
-99.459,45.9571#26.4#32.42#41.18
-99.398,45.9585#26.41#32.49#41.1
-99.337,45.9599#26.42#32.56#41.02
-99.276,45.9612#26.42#32.62#40.96
-99.2149,45.9626#26.43#32.69#40.88
-99.1539,45.9639#26.44#32.76#40.8
-99.0928,45.9652#26.45#32.82#40.73
-99.0318,45.9664#26.45#32.89#40.66
-98.9708,45.9677#26.47#33.06#40.47
-98.9097,45.9689#26.48#33.35#40.17
-98.8487,45.9701#26.5#33.63#39.87
-98.7876,45.9713#26.51#33.92#39.57
-98.7266,45.9725#26.53#34.21#39.26
-98.6655,45.9737#26.55#34.49#38.96
-98.6045,45.9748#26.56#34.78#38.66
-98.5434,45.9759#26.58#35.07#38.35
-98.4824,45.977#26.59#35.36#38.05
-98.4213,45.9781#26.61#35.67#37.72
-98.3603,45.9792#26.62#35.98#37.4
-98.2992,45.9802#26.63#36.29#37.08
-98.2382,45.9812#26.65#36.6#36.75
-98.1771,45.9822#26.66#36.9#36.44
-98.116,45.9832#26.67#37.21#36.12
-98.055,45.9842#26.69#37.52#35.79
-97.9939,45.9851#26.7#37.83#35.47
-97.9329,45.9861#26.7#38.13#35.17
-97.8718,45.987#26.7#38.43#34.87
-97.8107,45.9879#26.7#38.73#34.57
-97.7497,45.9887#26.7#39.03#34.27
-97.6886,45.9896#26.7#39.33#33.97
-97.6275,45.9904#26.7#39.63#33.67
-97.5665,45.9912#26.7#39.93#33.37
-97.5054,45.992#26.7#40.23#33.07
-97.4443,45.9928#26.69#40.57#32.74
-97.3832,45.9936#26.67#40.9#32.43
-97.3222,45.9943#26.66#41.24#32.1
-97.2611,45.995#26.64#41.58#31.78
-97.2,45.9957#26.63#41.92#31.45
-97.1389,45.9964#26.62#42.25#31.13
-97.0779,45.997#26.6#42.59#30.81
-97.0168,45.9977#26.59#42.93#30.48
-96.9557,45.9983#26.57#43.12#30.31
-96.8946,45.9989#26.54#43.26#30.2
-96.8335,45.9995#26.52#43.4#30.08
-96.7724,46.0001#26.49#43.54#29.97
-96.7114,46.0006#26.47#43.69#29.84
-96.6503,46.0011#26.45#43.83#29.72
-96.5892,46.0016#26.42#43.97#29.61
-96.5281,46.0021#26.4#44.11#29.49
-96.467,46.0026#26.38#44.23#29.39
-96.4059,46.003#26.38#44.34#29.28
-96.3449,46.0035#26.38#44.46#29.16
-96.2838,46.0039#26.37#44.57#29.06
-96.2227,46.0043#26.37#44.68#28.95
-96.1616,46.0046#26.36#44.79#28.85
-96.1005,46.005#26.36#44.9#28.74
-96.0394,46.0053#26.35#45.01#28.64
-95.9783,46.0057#26.36#45.1#28.54
-95.9172,46.0059#26.38#45.13#28.49
-95.8561,46.0062#26.41#45.16#28.43
-95.795,46.0065#26.43#45.2#28.37
-95.734,46.0067#26.45#45.23#28.32
-95.6729,46.0069#26.47#45.27#28.26
-95.6118,46.0071#26.5#45.3#28.2
-95.5507,46.0073#26.52#45.33#28.15
-95.4896,46.0075#26.54#45.36#28.1
-95.4285,46.0076#26.58#45.35#28.07
-95.3674,46.0078#26.62#45.33#28.05
-95.3063,46.0079#26.66#45.32#28.02
-95.2452,46.0079#26.7#45.31#27.99
-95.1841,46.008#26.74#45.29#27.97
-95.123,46.0081#26.78#45.28#27.94
-95.0619,46.0081#26.82#45.27#27.91
-95.0008,46.0081#26.86#45.26#27.88
-94.9398,46.0081#26.91#45.24#27.85
-94.8787,46.0081#26.95#45.22#27.83
-94.8176,46.008#26.99#45.2#27.81
-94.7565,46.008#27.04#45.18#27.78
-94.6954,46.0079#27.08#45.16#27.76
-94.6343,46.0078#27.12#45.15#27.73
-94.5732,46.0076#27.17#45.13#27.7
-94.5121,46.0075#27.21#45.11#27.68
-94.451,46.0073#27.23#44.99#27.78
-94.3899,46.0072#27.25#44.84#27.91
-94.3288,46.0069#27.27#44.69#28.04
-94.2677,46.0067#27.3#44.55#28.15
-94.2066,46.0065#27.32#44.4#28.28
-94.1456,46.0062#27.34#44.26#28.4
-94.0845,46.006#27.36#44.11#28.53
-94.0234,46.0057#27.38#43.96#28.66
-93.9623,46.0053#27.38#43.81#28.81
-93.9012,46.005#27.37#43.64#28.99
-93.8401,46.0047#27.36#43.47#29.17
-93.779,46.0043#27.35#43.31#29.34
-93.7179,46.0039#27.35#43.14#29.51
-93.6568,46.0035#27.34#42.98#29.68
-93.5958,46.0031#27.33#42.81#29.86
-93.5347,46.0026#27.32#42.65#30.03
-93.4736,46.0021#27.3#42.45#30.25
-93.4125,46.0016#27.27#42.21#30.52
-93.3514,46.0011#27.24#41.97#30.79
-93.2903,46.0006#27.21#41.73#31.06
-93.2292,46.0001#27.18#41.49#31.33
-93.1682,45.9995#27.15#41.25#31.6
-93.1071,45.9989#27.12#41.01#31.87
-93.046,45.9983#27.09#40.77#32.14
-92.9849,45.9977#27.06#40.53#32.41
-92.9238,45.9971#27.02#40.29#32.69
-92.8628,45.9964#26.97#40.04#32.99
-92.8017,45.9957#26.93#39.79#33.28
-92.7406,45.995#26.88#39.55#33.57
-92.6795,45.9943#26.84#39.3#33.86
-92.6185,45.9936#26.79#39.06#34.15
-92.5574,45.9928#26.75#38.81#34.44
-92.4963,45.992#26.7#38.57#34.73
-92.4352,45.9913#26.66#38.34#35
-92.3742,45.9904#26.61#38.12#35.27
-92.3131,45.9896#26.57#37.9#35.53
-92.252,45.9888#26.53#37.67#35.8
-92.191,45.9879#26.49#37.45#36.06
-92.1299,45.987#26.44#37.23#36.33
-92.0688,45.9861#26.4#37#36.6
-92.0078,45.9852#26.36#36.78#36.86
-91.9467,45.9842#26.33#36.56#37.11
-91.8856,45.9833#26.31#36.35#37.34
-91.8246,45.9823#26.29#36.13#37.58
-91.7635,45.9813#26.27#35.91#37.82
-91.7025,45.9802#26.25#35.69#38.06
-91.6414,45.9792#26.23#35.47#38.3
-91.5804,45.9781#26.21#35.26#38.53
-91.5193,45.9771#26.19#35.04#38.77
-91.4582,45.976#26.21#34.82#38.97
-91.3972,45.9748#26.25#34.59#39.16
-91.3361,45.9737#26.29#34.37#39.34
-91.2751,45.9725#26.33#34.14#39.53
-91.214,45.9714#26.37#33.92#39.71
-91.153,45.9702#26.4#33.69#39.91
-91.092,45.969#26.44#33.47#40.09
-91.0309,45.9677#26.48#33.24#40.28
-90.9699,45.9665#26.53#33.01#40.46
-90.9088,45.9652#26.58#32.78#40.64
-90.8478,45.9639#26.64#32.55#40.81
-90.7868,45.9626#26.7#32.31#40.99
-90.7257,45.9613#26.75#32.08#41.17
-90.6647,45.9599#26.81#31.85#41.34
-90.6037,45.9586#26.87#31.61#41.52
-90.5426,45.9572#26.92#31.38#41.7
-90.4816,45.9558#26.99#31.15#41.86
-90.4206,45.9543#27.07#30.93#42
-90.3596,45.9529#27.16#30.71#42.13
-90.2986,45.9514#27.24#30.5#42.26
-90.2375,45.95#27.33#30.28#42.39
-90.1765,45.9485#27.41#30.06#42.53
-90.1155,45.9469#27.5#29.84#42.66
-90.0545,45.9454#27.59#29.62#42.79
-89.9935,45.9438#27.68#29.41#42.91
-89.9325,45.9423#27.81#29.23#42.96
-89.8715,45.9407#27.94#29.06#43
-89.8105,45.9391#28.06#28.89#43.05
-89.7495,45.9374#28.19#28.72#43.09
-89.6885,45.9358#28.32#28.54#43.14
-89.6275,45.9341#28.45#28.37#43.18
-89.5665,45.9324#28.58#28.2#43.22
-89.5055,45.9307#28.71#28.02#43.27
-89.4445,45.929#28.86#27.9#43.24
-89.3835,45.9272#29.02#27.79#43.19
-89.3225,45.9254#29.18#27.68#43.14
-89.2615,45.9237#29.34#27.57#43.09
-89.2005,45.9219#29.49#27.45#43.06
-89.1395,45.92#29.65#27.34#43.01
-89.0786,45.9182#29.81#27.22#42.97
-89.0176,45.9163#29.97#27.11#42.92
-88.9566,45.9144#30.13#27.03#42.84
-88.8957,45.9125#30.3#26.98#42.72
-88.8347,45.9106#30.47#26.92#42.61
-88.7737,45.9087#30.63#26.87#42.5
-88.7128,45.9067#30.8#26.81#42.39
-88.6518,45.9047#30.96#26.76#42.28
-88.5908,45.9027#31.13#26.7#42.17
-88.5299,45.9007#31.29#26.65#42.06
-102.633,45.9011#28.18#29.4#42.42
-102.572,45.9035#28.17#29.4#42.43
-102.511,45.9059#28.15#29.41#42.44
-102.45,45.9082#28.12#29.42#42.46
-102.389,45.9105#28.08#29.45#42.47
-102.328,45.9129#28.04#29.47#42.49
-102.267,45.9151#28#29.49#42.51
-102.206,45.9174#27.96#29.51#42.53
-102.145,45.9196#27.92#29.53#42.55
-102.084,45.9219#27.88#29.56#42.56
-102.023,45.9241#27.84#29.58#42.58
-101.962,45.9263#27.79#29.61#42.6
-101.902,45.9284#27.73#29.65#42.62
-101.841,45.9306#27.67#29.69#42.64
-101.78,45.9327#27.61#29.73#42.66
-101.719,45.9348#27.55#29.77#42.68
-101.658,45.9369#27.49#29.81#42.7
-101.597,45.939#27.43#29.85#42.72
-101.536,45.9411#27.37#29.89#42.74
-101.475,45.9431#27.31#29.95#42.74
-101.414,45.9451#27.25#30.02#42.73
-101.353,45.9471#27.19#30.09#42.72
-101.292,45.9491#27.13#30.16#42.71
-101.231,45.9511#27.07#30.23#42.7
-101.17,45.953#27.01#30.3#42.69
-101.109,45.9549#26.96#30.38#42.66
-101.048,45.9568#26.9#30.45#42.65
-100.987,45.9587#26.85#30.52#42.63
-100.926,45.9606#26.82#30.61#42.57
-100.865,45.9624#26.78#30.69#42.53
-100.804,45.9642#26.75#30.78#42.47
-100.743,45.966#26.71#30.87#42.42
-100.682,45.9678#26.68#30.95#42.37
-100.621,45.9696#26.64#31.04#42.32
-100.56,45.9713#26.61#31.13#42.26
-100.499,45.9731#26.58#31.21#42.21
-100.438,45.9748#26.56#31.29#42.15
-100.377,45.9765#26.54#31.36#42.1
-100.316,45.9782#26.52#31.44#42.04
-100.255,45.9798#26.51#31.51#41.98
-100.194,45.9814#26.49#31.59#41.92
-100.133,45.9831#26.47#31.66#41.87
-100.072,45.9847#26.45#31.74#41.81
-100.01,45.9862#26.44#31.81#41.75
-99.9494,45.9878#26.43#31.88#41.69
-99.8884,45.9893#26.43#31.95#41.62
-99.8273,45.9909#26.42#32.02#41.56
-99.7663,45.9924#26.42#32.08#41.5
-99.7053,45.9938#26.41#32.15#41.44
-99.6442,45.9953#26.41#32.22#41.37
-99.5832,45.9967#26.41#32.29#41.3
-99.5221,45.9982#26.4#32.36#41.24
-99.461,45.9996#26.41#32.42#41.17
-99.4,46.001#26.41#32.49#41.1
-99.3389,46.0023#26.42#32.56#41.02
-99.2779,46.0037#26.43#32.62#40.95
-99.2168,46.005#26.44#32.69#40.87
-99.1558,46.0063#26.45#32.76#40.79
-99.0947,46.0076#26.45#32.82#40.73
-99.0336,46.0089#26.46#32.89#40.65
-98.9726,46.0101#26.47#33.06#40.47
-98.9115,46.0114#26.49#33.35#40.16
-98.8504,46.0126#26.51#33.64#39.85
-98.7893,46.0138#26.52#33.93#39.55
-98.7283,46.015#26.54#34.22#39.24
-98.6672,46.0161#26.56#34.51#38.93
-98.6061,46.0172#26.57#34.8#38.63
-98.545,46.0184#26.59#35.09#38.32
-98.484,46.0195#26.61#35.38#38.01
-98.4229,46.0205#26.62#35.7#37.68
-98.3618,46.0216#26.63#36.01#37.36
-98.3007,46.0226#26.64#36.32#37.04
-98.2396,46.0237#26.65#36.64#36.71
-98.1785,46.0247#26.67#36.95#36.38
-98.1175,46.0257#26.68#37.27#36.05
-98.0564,46.0266#26.69#37.58#35.73
-97.9953,46.0276#26.7#37.9#35.4
-97.9342,46.0285#26.7#38.2#35.1
-97.8731,46.0294#26.7#38.5#34.8
-97.812,46.0303#26.7#38.81#34.49
-97.7509,46.0312#26.7#39.11#34.19
-97.6898,46.032#26.7#39.41#33.89
-97.6287,46.0329#26.7#39.72#33.58
-97.5676,46.0337#26.7#40.02#33.28
-97.5065,46.0345#26.69#40.33#32.98
-97.4454,46.0352#26.68#40.65#32.67
-97.3843,46.036#26.66#40.98#32.36
-97.3232,46.0367#26.65#41.31#32.04
-97.2621,46.0374#26.63#41.64#31.73
-97.201,46.0381#26.62#41.97#31.41
-97.1399,46.0388#26.6#42.3#31.1
-97.0788,46.0395#26.59#42.62#30.79
-97.0177,46.0401#26.57#42.95#30.48
-96.9566,46.0407#26.55#43.14#30.31
-96.8955,46.0413#26.52#43.27#30.21
-96.8344,46.0419#26.5#43.41#30.09
-96.7732,46.0425#26.47#43.54#29.99
-96.7121,46.043#26.45#43.67#29.88
-96.651,46.0436#26.42#43.81#29.77
-96.5899,46.0441#26.4#43.94#29.66
-96.5288,46.0446#26.37#44.07#29.56
-96.4677,46.045#26.36#44.19#29.45
-96.4066,46.0455#26.36#44.3#29.34
-96.3455,46.0459#26.35#44.41#29.24
-96.2843,46.0463#26.35#44.51#29.14
-96.2232,46.0467#26.34#44.62#29.04
-96.1621,46.0471#26.34#44.73#28.93
-96.101,46.0474#26.33#44.84#28.83
-96.0399,46.0478#26.33#44.94#28.73
-95.9788,46.0481#26.33#45.02#28.65
-95.9176,46.0484#26.36#45.06#28.58
-95.8565,46.0487#26.38#45.09#28.53
-95.7954,46.0489#26.4#45.12#28.48
-95.7343,46.0492#26.42#45.15#28.43
-95.6732,46.0494#26.44#45.18#28.38
-95.612,46.0496#26.47#45.21#28.32
-95.5509,46.0498#26.49#45.24#28.27
-95.4898,46.0499#26.51#45.27#28.22
-95.4287,46.0501#26.55#45.25#28.2
-95.3676,46.0502#26.59#45.24#28.17
-95.3064,46.0503#26.63#45.22#28.15
-95.2453,46.0504#26.67#45.2#28.13
-95.1842,46.0505#26.7#45.19#28.11
-95.1231,46.0505#26.74#45.17#28.09
-95.062,46.0505#26.78#45.16#28.06
-95.0008,46.0505#26.82#45.14#28.04
-94.9397,46.0505#26.86#45.13#28.01
-94.8786,46.0505#26.91#45.11#27.98
-94.8175,46.0505#26.95#45.1#27.95
-94.7564,46.0504#27#45.08#27.92
-94.6952,46.0503#27.04#45.07#27.89
-94.6341,46.0502#27.09#45.06#27.85
-94.573,46.0501#27.13#45.04#27.83
-94.5119,46.0499#27.18#45.03#27.79
-94.4508,46.0498#27.2#44.9#27.9
-94.3896,46.0496#27.23#44.75#28.02
-94.3285,46.0494#27.25#44.59#28.16
-94.2674,46.0492#27.27#44.44#28.29
-94.2063,46.0489#27.29#44.28#28.43
-94.1452,46.0487#27.32#44.13#28.55
-94.084,46.0484#27.34#43.98#28.68
-94.0229,46.0481#27.36#43.82#28.82
-93.9618,46.0478#27.37#43.65#28.98
-93.9007,46.0475#27.36#43.47#29.17
-93.8396,46.0471#27.35#43.29#29.36
-93.7785,46.0467#27.35#43.11#29.54
-93.7173,46.0463#27.34#42.93#29.73
-93.6562,46.0459#27.34#42.75#29.91
-93.5951,46.0455#27.33#42.57#30.1
-93.534,46.045#27.32#42.39#30.29
-93.4729,46.0446#27.31#42.18#30.51
-93.4118,46.0441#27.28#41.94#30.78
-93.3507,46.0436#27.25#41.7#31.05
-93.2896,46.0431#27.22#41.46#31.32
-93.2284,46.0425#27.19#41.22#31.59
-93.1673,46.0419#27.17#40.99#31.84
-93.1062,46.0414#27.14#40.75#32.11
-93.0451,46.0408#27.11#40.51#32.38
-92.984,46.0401#27.08#40.27#32.65
-92.9229,46.0395#27.03#40.03#32.94
-92.8618,46.0388#26.99#39.79#33.22
-92.8007,46.0382#26.95#39.55#33.5
-92.7396,46.0375#26.9#39.31#33.79
-92.6785,46.0367#26.86#39.07#34.07
-92.6174,46.036#26.82#38.84#34.34
-92.5563,46.0353#26.77#38.6#34.63
-92.4952,46.0345#26.73#38.36#34.91
-92.4341,46.0337#26.69#38.13#35.18
-92.373,46.0329#26.64#37.91#35.45
-92.3119,46.032#26.6#37.69#35.71
-92.2508,46.0312#26.55#37.47#35.98
-92.1897,46.0303#26.51#37.24#36.25
-92.1286,46.0294#26.46#37.02#36.52
-92.0675,46.0285#26.42#36.8#36.78
-92.0064,46.0276#26.38#36.58#37.04
-91.9453,46.0267#26.35#36.36#37.29
-91.8842,46.0257#26.33#36.14#37.53
-91.8231,46.0247#26.31#35.92#37.77
-91.7621,46.0237#26.29#35.71#38
-91.701,46.0227#26.26#35.49#38.25
-91.6399,46.0216#26.24#35.27#38.49
-91.5788,46.0206#26.22#35.05#38.73
-91.5177,46.0195#26.2#34.84#38.96
-91.4566,46.0184#26.22#34.62#39.16
-91.3956,46.0173#26.26#34.39#39.35
-91.3345,46.0161#26.29#34.17#39.54
-91.2734,46.015#26.33#33.94#39.73
-91.2123,46.0138#26.37#33.72#39.91
-91.1513,46.0126#26.41#33.5#40.09
-91.0902,46.0114#26.45#33.27#40.28
-91.0291,46.0102#26.48#33.05#40.47
-90.9681,46.0089#26.53#32.82#40.65
-90.907,46.0076#26.59#32.59#40.82
-90.8459,46.0064#26.65#32.35#41
-90.7849,46.005#26.7#32.12#41.18
-90.7238,46.0037#26.76#31.88#41.36
-90.6628,46.0024#26.82#31.65#41.53
-90.6017,46.001#26.87#31.42#41.71
-90.5406,45.9996#26.93#31.18#41.89
-90.4796,45.9982#27#30.96#42.04
-90.4185,45.9968#27.08#30.74#42.18
-90.3575,45.9953#27.16#30.53#42.31
-90.2964,45.9939#27.25#30.32#42.43
-90.2354,45.9924#27.33#30.1#42.57
-90.1743,45.9909#27.42#29.89#42.69
-90.1133,45.9894#27.5#29.67#42.83
-90.0523,45.9878#27.59#29.46#42.95
-89.9912,45.9863#27.68#29.25#43.07
-89.9302,45.9847#27.81#29.08#43.11
-89.8692,45.9831#27.94#28.92#43.14
-89.8081,45.9815#28.07#28.75#43.18
-89.7471,45.9799#28.2#28.58#43.22
-89.6861,45.9782#28.33#28.42#43.25
-89.625,45.9765#28.47#28.25#43.28
-89.564,45.9748#28.6#28.08#43.32
-89.503,45.9731#28.73#27.91#43.36
-89.442,45.9714#28.88#27.8#43.32
-89.381,45.9696#29.04#27.7#43.26
-89.3199,45.9679#29.2#27.59#43.21
-89.2589,45.9661#29.35#27.49#43.16
-89.1979,45.9643#29.51#27.38#43.11
-89.1369,45.9625#29.67#27.27#43.06
-89.0759,45.9606#29.82#27.16#43.02
-89.0149,45.9588#29.98#27.05#42.97
-88.9539,45.9569#30.15#26.99#42.86
-88.8929,45.955#30.33#26.94#42.73
-88.8319,45.953#30.5#26.88#42.62
-88.7709,45.9511#30.67#26.83#42.5
-88.7099,45.9491#30.85#26.78#42.37
-88.6489,45.9472#31.02#26.73#42.25
-88.588,45.9452#31.19#26.67#42.14
-88.527,45.9432#31.36#26.62#42.02
-88.466,45.9411#31.5#26.58#41.92
-88.405,45.9391#31.61#26.55#41.84
-88.344,45.937#31.72#26.53#41.75
-88.2831,45.9349#31.84#26.5#41.66
-88.2221,45.9328#31.95#26.47#41.58
-88.1611,45.9307#32.07#26.44#41.49
-88.1002,45.9285#32.18#26.41#41.41
-88.0392,45.9263#32.29#26.38#41.33
-87.9782,45.9241#32.39#26.36#41.25
-87.9173,45.9219#32.46#26.34#41.2
-87.8563,45.9197#32.53#26.33#41.14
-87.7954,45.9175#32.59#26.31#41.1
-87.7344,45.9152#32.66#26.3#41.04
-87.6735,45.9129#32.73#26.28#40.99
-87.6126,45.9106#32.79#26.27#40.94
-87.5516,45.9083#32.86#26.25#40.89
-87.4907,45.9059#32.93#26.24#40.83
-87.4297,45.9036#33.04#26.23#40.73
-87.3688,45.9012#33.14#26.22#40.64
-103.672,45.9002#28.51#29.33#42.16
-103.611,45.9029#28.47#29.33#42.2
-103.55,45.9056#28.43#29.34#42.23
-103.489,45.9082#28.4#29.34#42.26
-103.428,45.9109#28.38#29.34#42.28
-103.368,45.9135#28.36#29.35#42.29
-103.307,45.9161#28.34#29.35#42.31
-103.246,45.9187#28.32#29.35#42.33
-103.185,45.9213#28.3#29.35#42.35
-103.124,45.9238#28.28#29.36#42.36
-103.063,45.9264#28.26#29.36#42.38
-103.002,45.9289#28.24#29.36#42.4
-102.941,45.9314#28.23#29.37#42.4
-102.88,45.9338#28.21#29.37#42.42
-102.819,45.9363#28.2#29.38#42.42
-102.758,45.9387#28.18#29.38#42.44
-102.697,45.9412#28.17#29.39#42.44
-102.636,45.9435#28.15#29.39#42.46
-102.575,45.9459#28.14#29.4#42.46
-102.514,45.9483#28.12#29.4#42.48
-102.453,45.9506#28.09#29.42#42.49
-102.392,45.953#28.05#29.44#42.51
-102.331,45.9553#28.01#29.46#42.53
-102.271,45.9575#27.97#29.48#42.55
-102.21,45.9598#27.93#29.5#42.57
-102.149,45.9621#27.89#29.52#42.59
-102.088,45.9643#27.85#29.54#42.61
-102.027,45.9665#27.81#29.56#42.63
-101.966,45.9687#27.76#29.59#42.65
-101.905,45.9709#27.7#29.63#42.67
-101.844,45.973#27.64#29.67#42.69
-101.783,45.9751#27.58#29.71#42.71
-101.722,45.9773#27.52#29.75#42.73
-101.661,45.9793#27.46#29.8#42.74
-101.6,45.9814#27.4#29.84#42.76
-101.539,45.9835#27.34#29.88#42.78
-101.478,45.9855#27.28#29.93#42.79
-101.417,45.9875#27.23#30#42.77
-101.356,45.9895#27.17#30.08#42.75
-101.295,45.9915#27.12#30.15#42.73
-101.234,45.9935#27.06#30.22#42.72
-101.173,45.9954#27.01#30.29#42.7
-101.112,45.9973#26.96#30.36#42.68
-101.051,45.9992#26.9#30.43#42.67
-100.989,46.0011#26.85#30.51#42.64
-100.928,46.003#26.82#30.6#42.58
-100.867,46.0048#26.79#30.68#42.53
-100.806,46.0067#26.75#30.77#42.48
-100.745,46.0085#26.72#30.86#42.42
-100.684,46.0102#26.68#30.95#42.37
-100.623,46.012#26.65#31.03#42.32
-100.562,46.0138#26.61#31.12#42.27
-100.501,46.0155#26.58#31.21#42.21
-100.44,46.0172#26.56#31.29#42.15
-100.379,46.0189#26.54#31.36#42.1
-100.318,46.0206#26.53#31.44#42.03
-100.257,46.0222#26.51#31.51#41.98
-100.196,46.0239#26.49#31.59#41.92
-100.135,46.0255#26.47#31.66#41.87
-100.074,46.0271#26.45#31.74#41.81
-100.013,46.0287#26.44#31.81#41.75
-99.9517,46.0302#26.43#31.88#41.69
-99.8906,46.0318#26.43#31.95#41.62
-99.8295,46.0333#26.42#32.02#41.56
-99.7684,46.0348#26.42#32.09#41.49
-99.7074,46.0363#26.42#32.15#41.43
-99.6463,46.0377#26.41#32.22#41.37
-99.5852,46.0392#26.41#32.29#41.3
-99.5241,46.0406#26.41#32.36#41.23
-99.4631,46.042#26.41#32.43#41.16
-99.402,46.0434#26.42#32.49#41.09
-99.3409,46.0448#26.43#32.56#41.01
-99.2798,46.0461#26.44#32.62#40.94
-99.2187,46.0474#26.45#32.69#40.86
-99.1576,46.0487#26.45#32.76#40.79
-99.0965,46.05#26.46#32.82#40.72
-99.0354,46.0513#26.47#32.89#40.64
-98.9743,46.0526#26.48#33.05#40.47
-98.9133,46.0538#26.5#33.34#40.16
-98.8522,46.055#26.52#33.64#39.84
-98.7911,46.0562#26.53#33.93#39.54
-98.73,46.0574#26.55#34.22#39.23
-98.6688,46.0585#26.57#34.52#38.91
-98.6077,46.0597#26.58#34.81#38.61
-98.5466,46.0608#26.6#35.1#38.3
-98.4855,46.0619#26.62#35.4#37.98
-98.4244,46.063#26.63#35.72#37.65
-98.3633,46.064#26.64#36.04#37.32
-98.3022,46.0651#26.65#36.36#36.99
-98.2411,46.0661#26.66#36.68#36.66
-98.18,46.0671#26.67#37#36.33
-98.1189,46.0681#26.68#37.32#36
-98.0577,46.0691#26.69#37.64#35.67
-97.9966,46.07#26.7#37.96#35.34
-97.9355,46.0709#26.7#38.27#35.03
-97.8744,46.0718#26.7#38.57#34.73
-97.8133,46.0727#26.7#38.88#34.42
-97.7521,46.0736#26.7#39.19#34.11
-97.691,46.0744#26.69#39.5#33.81
-97.6299,46.0753#26.69#39.81#33.5
-97.5688,46.0761#26.69#40.11#33.2
-97.5076,46.0769#26.69#40.42#32.89
-97.4465,46.0777#26.67#40.74#32.59
-97.3854,46.0784#26.66#41.06#32.28
-97.3243,46.0792#26.64#41.38#31.98
-97.2631,46.0799#26.62#41.7#31.68
-97.202,46.0806#26.6#42.02#31.38
-97.1409,46.0812#26.59#42.34#31.07
-97.0797,46.0819#26.57#42.66#30.77
-97.0186,46.0826#26.55#42.98#30.47
-96.9575,46.0832#26.53#43.16#30.31
-96.8963,46.0838#26.5#43.29#30.21
-96.8352,46.0844#26.48#43.41#30.11
-96.774,46.0849#26.45#43.54#30.01
-96.7129,46.0855#26.43#43.66#29.91
-96.6518,46.086#26.4#43.79#29.81
-96.5906,46.0865#26.38#43.91#29.71
-96.5295,46.087#26.35#44.04#29.61
-96.4683,46.0875#26.34#44.15#29.51
-96.4072,46.0879#26.33#44.26#29.41
-96.3461,46.0883#26.33#44.36#29.31
-96.2849,46.0888#26.32#44.46#29.22
-96.2238,46.0891#26.32#44.57#29.11
-96.1626,46.0895#26.31#44.67#29.02
-96.1015,46.0899#26.31#44.77#28.92
-96.0403,46.0902#26.3#44.87#28.83
-95.9792,46.0905#26.31#44.95#28.74
-95.9181,46.0908#26.33#44.98#28.69
-95.8569,46.0911#26.35#45.01#28.64
-95.7958,46.0914#26.37#45.04#28.59
-95.7346,46.0916#26.39#45.07#28.54
-95.6735,46.0918#26.42#45.1#28.48
-95.6123,46.092#26.44#45.13#28.43
-95.5512,46.0922#26.46#45.16#28.38
-95.49,46.0924#26.48#45.18#28.34
-95.4289,46.0925#26.52#45.16#28.32
-95.3677,46.0926#26.56#45.14#28.3
-95.3066,46.0927#26.59#45.12#28.29
-95.2454,46.0928#26.63#45.1#28.27
-95.1843,46.0929#26.67#45.08#28.25
-95.1231,46.0929#26.7#45.07#28.23
-95.062,46.093#26.74#45.05#28.21
-95.0008,46.093#26.78#45.03#28.19
-94.9397,46.093#26.82#45.02#28.16
-94.8785,46.0929#26.87#45.01#28.12
-94.8174,46.0929#26.91#45#28.09
-94.7563,46.0928#26.96#44.99#28.05
-94.6951,46.0927#27.01#44.98#28.01
-94.634,46.0926#27.05#44.96#27.99
-94.5728,46.0925#27.1#44.95#27.95
-94.5117,46.0924#27.15#44.94#27.91
-94.4505,46.0922#27.17#44.81#28.02
-94.3894,46.092#27.2#44.65#28.15
-94.3282,46.0918#27.22#44.49#28.29
-94.2671,46.0916#27.25#44.33#28.42
-94.2059,46.0914#27.27#44.16#28.57
-94.1448,46.0911#27.3#44#28.7
-94.0836,46.0908#27.32#43.84#28.84
-94.0225,46.0905#27.35#43.68#28.97
-93.9613,46.0902#27.35#43.5#29.15
-93.9002,46.0899#27.35#43.3#29.35
-93.8391,46.0895#27.35#43.1#29.55
-93.7779,46.0892#27.34#42.91#29.75
-93.7168,46.0888#27.34#42.71#29.95
-93.6556,46.0884#27.34#42.52#30.14
-93.5945,46.0879#27.33#42.32#30.35
-93.5333,46.0875#27.33#42.13#30.54
-93.4722,46.087#27.32#41.91#30.77
-93.4111,46.0865#27.29#41.67#31.04
-93.3499,46.086#27.26#41.44#31.3
-93.2888,46.0855#27.23#41.2#31.57
-93.2276,46.0849#27.2#40.96#31.84
-93.1665,46.0844#27.18#40.72#32.1
-93.1054,46.0838#27.15#40.48#32.37
-93.0442,46.0832#27.12#40.24#32.64
-92.9831,46.0826#27.09#40.01#32.9
-92.922,46.0819#27.05#39.77#33.18
-92.8608,46.0813#27.01#39.54#33.45
-92.7997,46.0806#26.97#39.31#33.72
-92.7386,46.0799#26.93#39.08#33.99
-92.6774,46.0792#26.89#38.85#34.26
-92.6163,46.0784#26.84#38.62#34.54
-92.5552,46.0777#26.8#38.38#34.82
-92.494,46.0769#26.76#38.15#35.09
-92.4329,46.0761#26.72#37.93#35.35
-92.3718,46.0753#26.67#37.7#35.63
-92.3107,46.0745#26.62#37.48#35.9
-92.2495,46.0736#26.58#37.26#36.16
-92.1884,46.0728#26.53#37.04#36.43
-92.1273,46.0719#26.49#36.81#36.7
-92.0662,46.071#26.44#36.59#36.97
-92.0051,46.07#26.4#36.37#37.23
-91.9439,46.0691#26.37#36.15#37.48
-91.8828,46.0681#26.35#35.93#37.72
-91.8217,46.0671#26.32#35.72#37.96
-91.7606,46.0661#26.3#35.5#38.2
-91.6995,46.0651#26.27#35.29#38.44
-91.6384,46.0641#26.25#35.07#38.68
-91.5773,46.063#26.23#34.85#38.92
-91.5162,46.0619#26.2#34.64#39.16
-91.455,46.0608#26.23#34.42#39.35
-91.3939,46.0597#26.26#34.19#39.55
-91.3328,46.0586#26.3#33.97#39.73
-91.2717,46.0574#26.34#33.75#39.91
-91.2106,46.0562#26.38#33.53#40.09
-91.1495,46.055#26.41#33.3#40.29
-91.0884,46.0538#26.45#33.08#40.47
-91.0273,46.0526#26.49#32.86#40.65
-90.9662,46.0513#26.54#32.63#40.83
-90.9052,46.0501#26.59#32.39#41.02
-90.8441,46.0488#26.65#32.16#41.19
-90.783,46.0475#26.71#31.92#41.37
-90.7219,46.0461#26.77#31.69#41.54
-90.6608,46.0448#26.82#31.45#41.73
-90.5997,46.0434#26.88#31.22#41.9
-90.5386,46.042#26.94#30.99#42.07
-90.4775,46.0406#27#30.76#42.24
-90.4165,46.0392#27.09#30.55#42.36
-90.3554,46.0378#27.17#30.34#42.49
-90.2943,46.0363#27.25#30.14#42.61
-90.2332,46.0348#27.34#29.93#42.73
-90.1722,46.0333#27.42#29.72#42.86
-90.1111,46.0318#27.51#29.51#42.98
-90.05,46.0303#27.59#29.3#43.11
-89.989,46.0287#27.68#29.09#43.23
-89.9279,46.0271#27.81#28.93#43.26
-89.8668,46.0255#27.95#28.77#43.28
-89.8058,46.0239#28.08#28.61#43.31
-89.7447,46.0223#28.21#28.45#43.34
-89.6837,46.0206#28.35#28.29#43.36
-89.6226,46.0189#28.48#28.13#43.39
-89.5616,46.0173#28.61#27.97#43.42
-89.5005,46.0155#28.74#27.8#43.46
-89.4395,46.0138#28.9#27.7#43.4
-89.3784,46.0121#29.06#27.61#43.33
-89.3174,46.0103#29.21#27.51#43.28
-89.2563,46.0085#29.37#27.41#43.22
-89.1953,46.0067#29.52#27.31#43.17
-89.1343,46.0049#29.68#27.21#43.11
-89.0732,46.003#29.84#27.1#43.06
-89.0122,46.0012#29.99#27#43.01
-88.9512,45.9993#30.17#26.94#42.89
-88.8902,45.9974#30.35#26.89#42.76
-88.8291,45.9955#30.53#26.85#42.62
-88.7681,45.9935#30.71#26.8#42.49
-88.7071,45.9916#30.89#26.75#42.36
-88.6461,45.9896#31.07#26.7#42.23
-88.5851,45.9876#31.25#26.65#42.1
-88.5241,45.9856#31.43#26.6#41.97
-88.463,45.9835#31.57#26.56#41.87
-88.402,45.9815#31.68#26.53#41.79
-88.341,45.9794#31.79#26.51#41.7
-88.28,45.9773#31.9#26.48#41.62
-88.219,45.9752#32.01#26.45#41.54
-88.158,45.9731#32.12#26.43#41.45
-88.0971,45.9709#32.23#26.4#41.37
-88.0361,45.9687#32.35#26.37#41.28
-87.9751,45.9666#32.44#26.35#41.21
-87.9141,45.9643#32.51#26.34#41.15
-87.8531,45.9621#32.58#26.32#41.1
-87.7921,45.9599#32.65#26.31#41.04
-87.7312,45.9576#32.72#26.29#40.99
-87.6702,45.9553#32.79#26.28#40.93
-87.6092,45.953#32.86#26.27#40.87
-87.5483,45.9507#32.93#26.25#40.82
-87.4873,45.9484#33#26.24#40.76
-87.4263,45.946#33.11#26.23#40.66
-87.3654,45.9436#33.22#26.22#40.56
-87.3044,45.9412#33.33#26.21#40.46
-87.2435,45.9388#33.44#26.21#40.35
-87.1825,45.9364#33.55#26.2#40.25
-87.1216,45.9339#33.66#26.19#40.15
-87.0606,45.9314#33.76#26.18#40.06
-86.9997,45.9289#33.87#26.18#39.95
-86.9388,45.9264#34.02#26.17#39.81
-86.8778,45.9239#34.17#26.17#39.66
-86.8169,45.9213#34.32#26.16#39.52
-86.756,45.9188#34.47#26.16#39.37
-86.6951,45.9162#34.62#26.15#39.23
-86.6342,45.9136#34.77#26.15#39.08
-86.5732,45.9109#34.92#26.15#38.93
-86.5123,45.9083#35.07#26.14#38.79
-86.4514,45.9056#35.23#26.14#38.63
-86.3905,45.9029#35.39#26.14#38.47
-86.3296,45.9002#35.55#26.13#38.32
-104.529,45.9027#29.3#29.29#41.41
-104.468,45.9056#29.22#29.3#41.48
-104.407,45.9086#29.15#29.3#41.55
-104.346,45.9115#29.09#29.3#41.61
-104.285,45.9144#29.02#29.3#41.68
-104.224,45.9173#28.96#29.31#41.73
-104.163,45.9202#28.89#29.31#41.8
-104.102,45.9231#28.82#29.31#41.87
-104.041,45.9259#28.76#29.32#41.92
-103.981,45.9287#28.7#29.32#41.98
-103.92,45.9315#28.66#29.32#42.02
-103.859,45.9343#28.62#29.32#42.06
-103.798,45.9371#28.58#29.33#42.09
-103.737,45.9398#28.53#29.33#42.14
-103.676,45.9426#28.49#29.33#42.18
-103.615,45.9453#28.45#29.33#42.22
-103.554,45.9479#28.41#29.34#42.25
-103.493,45.9506#28.37#29.34#42.29
-103.432,45.9533#28.35#29.34#42.31
-103.371,45.9559#28.33#29.34#42.33
-103.31,45.9585#28.31#29.35#42.34
-103.249,45.9611#28.29#29.35#42.36
-103.188,45.9637#28.27#29.35#42.38
-103.127,45.9662#28.25#29.36#42.39
-103.067,45.9687#28.24#29.36#42.4
-103.006,45.9713#28.22#29.36#42.42
-102.945,45.9738#28.2#29.37#42.43
-102.884,45.9762#28.19#29.37#42.44
-102.823,45.9787#28.17#29.38#42.45
-102.762,45.9811#28.16#29.38#42.46
-102.701,45.9835#28.14#29.39#42.47
-102.64,45.9859#28.13#29.39#42.48
-102.579,45.9883#28.11#29.4#42.49
-102.518,45.9907#28.1#29.4#42.5
-102.457,45.993#28.06#29.41#42.53
-102.396,45.9954#28.02#29.43#42.55
-102.335,45.9977#27.98#29.45#42.57
-102.274,45.9999#27.94#29.47#42.59
-102.213,46.0022#27.91#29.49#42.6
-102.152,46.0045#27.87#29.5#42.63
-102.091,46.0067#27.83#29.52#42.65
-102.03,46.0089#27.79#29.54#42.67
-101.969,46.0111#27.74#29.57#42.69
-101.908,46.0133#27.68#29.61#42.71
-101.847,46.0154#27.61#29.65#42.74
-101.786,46.0175#27.55#29.69#42.76
-101.725,46.0196#27.49#29.74#42.77
-101.664,46.0217#27.43#29.78#42.79
-101.603,46.0238#27.37#29.82#42.81
-101.542,46.0259#27.31#29.87#42.82
-101.481,46.0279#27.26#29.92#42.82
-101.42,46.0299#27.2#29.99#42.81
-101.358,46.0319#27.15#30.06#42.79
-101.297,46.0339#27.1#30.13#42.77
-101.236,46.0359#27.05#30.2#42.75
-101.175,46.0378#27#30.28#42.72
-101.114,46.0397#26.95#30.35#42.7
-101.053,46.0416#26.9#30.42#42.68
-100.992,46.0435#26.86#30.49#42.65
-100.931,46.0454#26.82#30.58#42.6
-100.87,46.0472#26.79#30.67#42.54
-100.809,46.0491#26.76#30.76#42.48
-100.748,46.0509#26.72#30.85#42.43
-100.687,46.0527#26.69#30.94#42.37
-100.626,46.0544#26.65#31.03#42.32
-100.565,46.0562#26.62#31.12#42.26
-100.504,46.0579#26.58#31.21#42.21
-100.443,46.0596#26.56#31.28#42.16
-100.382,46.0613#26.55#31.36#42.09
-100.32,46.063#26.53#31.44#42.03
-100.259,46.0646#26.51#31.51#41.98
-100.198,46.0663#26.49#31.59#41.92
-100.137,46.0679#26.47#31.66#41.87
-100.076,46.0695#26.45#31.74#41.81
-100.015,46.0711#26.44#31.81#41.75
-99.9539,46.0726#26.43#31.88#41.69
-99.8928,46.0742#26.43#31.95#41.62
-99.8317,46.0757#26.42#32.02#41.56
-99.7706,46.0772#26.42#32.09#41.49
-99.7095,46.0787#26.42#32.16#41.42
-99.6484,46.0801#26.42#32.22#41.36
-99.5873,46.0816#26.41#32.29#41.3
-99.5262,46.083#26.41#32.36#41.23
-99.4651,46.0844#26.41#32.43#41.16
-99.404,46.0858#26.42#32.49#41.09
-99.3429,46.0872#26.43#32.56#41.01
-99.2817,46.0885#26.44#32.62#40.94
-99.2206,46.0898#26.45#32.69#40.86
-99.1595,46.0911#26.46#32.76#40.78
-99.0984,46.0924#26.47#32.82#40.71
-99.0373,46.0937#26.48#32.89#40.63
-98.9761,46.095#26.49#33.04#40.47
-98.915,46.0962#26.51#33.34#40.15
-98.8539,46.0974#26.53#33.64#39.83
-98.7928,46.0986#26.54#33.93#39.53
-98.7316,46.0998#26.56#34.23#39.21
-98.6705,46.1009#26.58#34.53#38.89
-98.6094,46.1021#26.6#34.83#38.57
-98.5482,46.1032#26.61#35.12#38.27
-98.4871,46.1043#26.63#35.43#37.94
-98.426,46.1054#26.64#35.75#37.61
-98.3648,46.1064#26.65#36.07#37.28
-98.3037,46.1075#26.66#36.4#36.94
-98.2426,46.1085#26.67#36.72#36.61
-98.1814,46.1095#26.68#37.05#36.27
-98.1203,46.1105#26.69#37.37#35.94
-98.0591,46.1115#26.7#37.7#35.6
-97.998,46.1124#26.71#38.02#35.27
-97.9368,46.1133#26.7#38.33#34.97
-97.8757,46.1142#26.7#38.64#34.66
-97.8145,46.1151#26.7#38.96#34.34
-97.7534,46.116#26.69#39.27#34.04
-97.6922,46.1169#26.69#39.58#33.73
-97.6311,46.1177#26.69#39.89#33.42
-97.5699,46.1185#26.68#40.21#33.11
-97.5088,46.1193#26.68#40.52#32.8
-97.4476,46.1201#26.66#40.83#32.51
-97.3865,46.1208#26.65#41.14#32.21
-97.3253,46.1216#26.63#41.45#31.92
-97.2641,46.1223#26.61#41.76#31.63
-97.203,46.123#26.59#42.07#31.34
-97.1418,46.1237#26.57#42.38#31.05
-97.0807,46.1243#26.55#42.69#30.76
-97.0195,46.125#26.54#43#30.46
-96.9583,46.1256#26.51#43.18#30.31
-96.8972,46.1262#26.49#43.3#30.21
-96.836,46.1268#26.46#43.42#30.12
-96.7748,46.1273#26.43#43.53#30.04
-96.7137,46.1279#26.41#43.65#29.94
-96.6525,46.1284#26.38#43.77#29.85
-96.5913,46.1289#26.36#43.89#29.75
-96.5302,46.1294#26.33#44#29.67
-96.469,46.1299#26.31#44.11#29.58
-96.4078,46.1303#26.31#44.21#29.48
-96.3467,46.1308#26.3#44.31#29.39
-96.2855,46.1312#26.3#44.41#29.29
-96.2243,46.1316#26.29#44.51#29.2
-96.1632,46.1319#26.29#44.61#29.1
-96.102,46.1323#26.28#44.71#29.01
-96.0408,46.1326#26.28#44.81#28.91
-95.9796,46.1329#26.28#44.88#28.84
-95.9185,46.1332#26.3#44.91#28.79
-95.8573,46.1335#26.32#44.93#28.75
-95.7961,46.1338#26.34#44.96#28.7
-95.7349,46.134#26.37#44.99#28.64
-95.6738,46.1342#26.39#45.01#28.6
-95.6126,46.1344#26.41#45.04#28.55
-95.5514,46.1346#26.43#45.07#28.5
