-97.4065,26.9004#54.05#28.91#17.04
-97.3553,26.9012#54.07#28.88#17.05
-97.3042,26.902#54.09#28.85#17.06
-97.253,26.9027#54.11#28.83#17.06
-97.2018,26.9035#54.13#28.8#17.07
-97.1506,26.9042#54.15#28.77#17.08
-97.0995,26.9049#54.17#28.75#17.08
-97.0483,26.9056#54.19#28.72#17.09
-96.9971,26.9063#54.21#28.69#17.1
-96.9459,26.907#54.22#28.68#17.1
-96.8947,26.9076#54.23#28.68#17.09
-96.8435,26.9082#54.23#28.67#17.1
-96.7924,26.9089#54.24#28.66#17.1
-96.7412,26.9094#54.25#28.65#17.1
-96.69,26.91#54.26#28.64#17.1
-96.6388,26.9106#54.27#28.63#17.1
-96.5876,26.9111#54.28#28.62#17.1
-96.5364,26.9117#54.29#28.61#17.1
-96.4852,26.9122#54.27#28.61#17.12
-96.4341,26.9127#54.18#28.6#17.22
-96.3829,26.9131#54.1#28.6#17.3
-96.3317,26.9136#54.01#28.6#17.39
-96.2805,26.914#53.93#28.6#17.47
-96.2293,26.9145#53.84#28.6#17.56
-96.1781,26.9149#53.76#28.59#17.65
-96.1269,26.9152#53.67#28.59#17.74
-96.0757,26.9156#53.58#28.59#17.83
-96.0245,26.916#53.49#28.59#17.92
-95.9734,26.9163#53.4#28.59#18.01
-95.9222,26.9166#53.31#28.59#18.1
-95.871,26.9169#53.22#28.59#18.19
-95.8198,26.9172#53.13#28.59#18.28
-95.7686,26.9175#53.04#28.59#18.37
-95.7174,26.9177#52.95#28.59#18.46
-95.6662,26.918#52.86#28.59#18.55
-95.615,26.9182#52.77#28.59#18.64
-95.5638,26.9184#52.68#28.59#18.73
-95.5126,26.9186#52.59#28.59#18.82
-95.4614,26.9187#52.4#28.59#19.01
-95.4102,26.9189#52.18#28.59#19.23
-95.3591,26.919#51.96#28.59#19.45
-95.3079,26.9191#51.74#28.6#19.66
-95.2567,26.9192#51.52#28.6#19.88
-95.2055,26.9193#51.3#28.6#20.1
-95.1543,26.9193#51.07#28.6#20.33
-95.1031,26.9194#50.85#28.6#20.55
-95.0519,26.9194#50.63#28.6#20.77
-95.0007,26.9194#50.41#28.6#20.99
-94.9495,26.9194#50.2#28.61#21.19
-94.8983,26.9194#49.98#28.61#21.41
-94.8471,26.9193#49.77#28.61#21.62
-94.7959,26.9193#49.55#28.61#21.84
-94.7447,26.9192#49.34#28.61#22.05
-94.6936,26.9191#49.12#28.61#22.27
-94.6424,26.919#48.91#28.62#22.47
-94.5912,26.9189#48.69#28.62#22.69
-94.54,26.9187#48.48#28.62#22.9
-94.4888,26.9186#48.27#28.62#23.11
-94.4376,26.9184#48.09#28.62#23.29
-94.3864,26.9182#47.9#28.62#23.48
-94.3352,26.918#47.72#28.63#23.65
-94.284,26.9177#47.54#28.63#23.83
-94.2328,26.9175#47.35#28.63#24.02
-94.1816,26.9172#47.17#28.63#24.2
-94.1304,26.9169#46.98#28.63#24.39
-94.0792,26.9166#46.8#28.64#24.56
-94.0281,26.9163#46.61#28.64#24.75
-93.9769,26.916#46.44#28.64#24.92
-93.9257,26.9156#46.27#28.64#25.09
-93.8745,26.9153#46.1#28.64#25.26
-93.8233,26.9149#45.93#28.64#25.43
-93.7721,26.9145#45.76#28.65#25.59
-93.7209,26.914#45.59#28.65#25.76
-93.6697,26.9136#45.42#28.65#25.93
-93.6185,26.9131#45.25#28.65#26.1
-93.5674,26.9127#45.08#28.65#26.27
-93.5162,26.9122#44.91#28.66#26.43
-93.465,26.9117#44.75#28.66#26.59
-93.4138,26.9111#44.59#28.66#26.75
-93.3626,26.9106#44.43#28.66#26.91
-93.3114,26.91#44.28#28.66#27.06
-93.2602,26.9095#44.12#28.67#27.21
-93.2091,26.9089#43.96#28.67#27.37
-93.1579,26.9083#43.81#28.67#27.52
-93.1067,26.9076#43.65#28.67#27.68
-93.0555,26.907#43.49#28.67#27.84
-93.0043,26.9063#43.34#28.68#27.98
-92.9531,26.9056#43.19#28.68#28.13
-92.902,26.9049#43.04#28.68#28.28
-92.8508,26.9042#42.9#28.68#28.42
-92.7996,26.9035#42.75#28.68#28.57
-92.7484,26.9027#42.6#28.69#28.71
-92.6972,26.902#42.46#28.69#28.85
-92.6461,26.9012#42.31#28.69#29
-92.5949,26.9004#42.16#28.69#29.15
-99.4034,26.9013#53.42#29.41#17.17
-99.3523,26.9028#53.47#29.49#17.04
-99.3011,26.9042#53.52#29.56#16.92
-99.2499,26.9057#53.57#29.63#16.8
-99.1988,26.9071#53.62#29.71#16.67
-99.1476,26.9085#53.67#29.78#16.55
-99.0964,26.9099#53.72#29.85#16.43
-99.0453,26.9113#53.77#29.93#16.3
-98.9941,26.9126#53.82#30#16.18
-98.9429,26.914#53.84#30.03#16.13
-98.8918,26.9153#53.86#30.06#16.08
-98.8406,26.9166#53.88#30.1#16.02
-98.7894,26.9179#53.89#30.13#15.98
-98.7383,26.9191#53.91#30.16#15.93
-98.6871,26.9204#53.93#30.19#15.88
-98.6359,26.9216#53.95#30.23#15.82
-98.5847,26.9228#53.97#30.26#15.77
-98.5336,26.924#53.98#30.29#15.73
-98.4824,26.9252#54#30.29#15.71
-98.4312,26.9264#54.02#30.23#15.75
-98.38,26.9275#54.04#30.16#15.8
-98.3288,26.9286#54.06#30.1#15.84
-98.2777,26.9298#54.08#30.03#15.89
-98.2265,26.9309#54.1#29.97#15.93
-98.1753,26.9319#54.11#29.9#15.99
-98.1241,26.933#54.13#29.84#16.03
-98.0729,26.934#54.15#29.78#16.07
-98.0217,26.9351#54.17#29.71#16.12
-97.9705,26.9361#54.19#29.64#16.17
-97.9194,26.9371#54.21#29.57#16.22
-97.8682,26.938#54.23#29.49#16.28
-97.817,26.939#54.25#29.42#16.33
-97.7658,26.9399#54.26#29.34#16.4
-97.7146,26.9409#54.28#29.27#16.45
-97.6634,26.9418#54.3#29.2#16.5
-97.6122,26.9426#54.32#29.12#16.56
-97.561,26.9435#54.34#29.05#16.61
-97.5098,26.9444#54.36#28.97#16.67
-97.4586,26.9452#54.38#28.94#16.68
-97.4074,26.946#54.4#28.91#16.69
-97.3562,26.9468#54.42#28.88#16.7
-97.305,26.9476#54.45#28.86#16.69
-97.2538,26.9484#54.47#28.83#16.7
-97.2026,26.9491#54.49#28.8#16.71
-97.1514,26.9499#54.51#28.78#16.71
-97.1002,26.9506#54.53#28.75#16.72
-97.049,26.9513#54.55#28.72#16.73
-96.9978,26.952#54.57#28.7#16.73
-96.9466,26.9526#54.58#28.69#16.73
-96.8954,26.9533#54.59#28.68#16.73
-96.8442,26.9539#54.6#28.67#16.73
-96.793,26.9545#54.61#28.66#16.73
-96.7418,26.9551#54.62#28.65#16.73
-96.6906,26.9557#54.63#28.64#16.73
-96.6394,26.9562#54.64#28.63#16.73
-96.5882,26.9568#54.65#28.63#16.72
-96.537,26.9573#54.66#28.62#16.72
-96.4858,26.9578#54.63#28.61#16.76
-96.4346,26.9583#54.53#28.61#16.86
-96.3834,26.9588#54.43#28.61#16.96
-96.3322,26.9592#54.32#28.6#17.08
-96.281,26.9597#54.22#28.6#17.18
-96.2298,26.9601#54.11#28.6#17.29
-96.1786,26.9605#54.01#28.6#17.39
-96.1274,26.9609#53.9#28.6#17.5
-96.0761,26.9613#53.79#28.59#17.62
-96.0249,26.9616#53.69#28.59#17.72
-95.9737,26.962#53.58#28.59#17.83
-95.9225,26.9623#53.48#28.59#17.93
-95.8713,26.9626#53.38#28.59#18.03
-95.8201,26.9629#53.27#28.59#18.14
-95.7689,26.9631#53.17#28.59#18.24
-95.7177,26.9634#53.07#28.59#18.34
-95.6665,26.9636#52.96#28.59#18.45
-95.6153,26.9638#52.86#28.59#18.55
-95.564,26.964#52.75#28.59#18.66
-95.5128,26.9642#52.65#28.59#18.76
-95.4616,26.9644#52.46#28.6#18.94
-95.4104,26.9645#52.24#28.6#19.16
-95.3592,26.9647#52.02#28.6#19.38
-95.308,26.9648#51.8#28.6#19.6
-95.2568,26.9649#51.58#28.6#19.82
-95.2056,26.9649#51.36#28.6#20.04
-95.1543,26.965#51.14#28.6#20.26
-95.1031,26.965#50.92#28.6#20.48
-95.0519,26.9651#50.7#28.61#20.69
-95.0007,26.9651#50.48#28.61#20.91
-94.9495,26.9651#50.26#28.61#21.13
-94.8983,26.965#50.05#28.61#21.34
-94.8471,26.965#49.83#28.61#21.56
-94.7959,26.9649#49.62#28.61#21.77
-94.7446,26.9649#49.4#28.62#21.98
-94.6934,26.9648#49.19#28.62#22.19
-94.6422,26.9647#48.97#28.62#22.41
-94.591,26.9645#48.75#28.62#22.63
-94.5398,26.9644#48.54#28.62#22.84
-94.4886,26.9642#48.33#28.62#23.05
-94.4374,26.964#48.15#28.63#23.22
-94.3862,26.9638#47.96#28.63#23.41
-94.335,26.9636#47.78#28.63#23.59
-94.2837,26.9634#47.6#28.63#23.77
-94.2325,26.9631#47.41#28.63#23.96
-94.1813,26.9629#47.23#28.64#24.13
-94.1301,26.9626#47.05#28.64#24.31
-94.0789,26.9623#46.86#28.64#24.5
-94.0277,26.962#46.68#28.64#24.68
-93.9765,26.9616#46.5#28.64#24.86
-93.9253,26.9613#46.33#28.64#25.03
-93.8741,26.9609#46.17#28.65#25.18
-93.8229,26.9605#46#28.65#25.35
-93.7716,26.9601#45.83#28.65#25.52
-93.7204,26.9597#45.66#28.65#25.69
-93.6692,26.9593#45.49#28.65#25.86
-93.618,26.9588#45.32#28.66#26.02
-93.5668,26.9583#45.15#28.66#26.19
-93.5156,26.9578#44.98#28.66#26.36
-93.4644,26.9573#44.82#28.66#26.52
-93.4132,26.9568#44.66#28.66#26.68
-93.362,26.9563#44.51#28.67#26.82
-93.3108,26.9557#44.35#28.67#26.98
-93.2596,26.9551#44.19#28.67#27.14
-93.2084,26.9545#44.04#28.67#27.29
-93.1572,26.9539#43.88#28.67#27.45
-93.106,26.9533#43.73#28.68#27.59
-93.0548,26.9526#43.57#28.68#27.75
-93.0036,26.952#43.41#28.68#27.91
-92.9524,26.9513#43.26#28.68#28.06
-92.9012,26.9506#43.12#28.68#28.2
-92.85,26.9499#42.97#28.69#28.34
-92.7988,26.9492#42.83#28.69#28.48
-92.7476,26.9484#42.68#28.69#28.63
-92.6964,26.9476#42.53#28.69#28.78
-92.6452,26.9469#42.39#28.69#28.92
-92.594,26.9461#42.24#28.7#29.06
-92.5428,26.9452#42.09#28.7#29.21
-92.4916,26.9444#41.95#28.7#29.35
-92.4404,26.9435#41.81#28.7#29.49
-92.3892,26.9427#41.67#28.7#29.63
-92.338,26.9418#41.53#28.71#29.76
-92.2868,26.9409#41.4#28.71#29.89
-92.2356,26.94#41.26#28.71#30.03
-92.1844,26.939#41.12#28.71#30.17
-92.1332,26.9381#40.98#28.72#30.3
-92.0821,26.9371#40.84#28.72#30.44
-92.0309,26.9361#40.71#28.72#30.57
-91.9797,26.9351#40.56#28.72#30.72
-91.9285,26.9341#40.39#28.73#30.88
-91.8773,26.933#40.22#28.74#31.04
-91.8261,26.932#40.05#28.74#31.21
-91.7749,26.9309#39.89#28.75#31.36
-91.7238,26.9298#39.72#28.75#31.53
-91.6726,26.9287#39.55#28.76#31.69
-91.6214,26.9275#39.38#28.76#31.86
-91.5702,26.9264#39.21#28.77#32.02
-91.519,26.9252#39.04#28.77#32.19
-91.4679,26.9241#38.85#28.8#32.35
-91.4167,26.9229#38.65#28.83#32.52
-91.3655,26.9216#38.45#28.86#32.69
-91.3143,26.9204#38.25#28.89#32.86
-91.2632,26.9192#38.05#28.92#33.03
-91.212,26.9179#37.85#28.95#33.2
-91.1608,26.9166#37.65#28.98#33.37
-91.1096,26.9153#37.45#29.01#33.54
-91.0585,26.914#37.25#29.05#33.7
-91.0073,26.9127#37.05#29.08#33.87
-90.9561,26.9113#36.82#29.11#34.07
-90.905,26.9099#36.58#29.15#34.27
-90.8538,26.9086#36.34#29.19#34.47
-90.8026,26.9071#36.11#29.23#34.66
-90.7515,26.9057#35.87#29.27#34.86
-90.7003,26.9043#35.64#29.31#35.05
-90.6492,26.9028#35.4#29.34#35.26
-90.598,26.9014#35.17#29.38#35.45
-100.786,26.9006#48.66#28.61#22.73
-100.735,26.9026#48.87#28.61#22.52
-100.684,26.9045#49.09#28.61#22.3
-100.633,26.9064#49.3#28.61#22.09
-100.582,26.9083#49.52#28.62#21.86
-100.531,26.9102#49.73#28.62#21.65
-100.48,26.912#49.95#28.62#21.43
-100.428,26.9139#50.17#28.62#21.21
-100.377,26.9157#50.39#28.62#20.99
-100.326,26.9175#50.61#28.63#20.76
-100.275,26.9193#50.82#28.63#20.55
-100.224,26.921#51.04#28.63#20.33
-100.173,26.9228#51.26#28.63#20.11
-100.121,26.9245#51.47#28.63#19.9
-100.07,26.9262#51.69#28.63#19.68
-100.019,26.9279#51.9#28.64#19.46
-99.968,26.9296#52.09#28.68#19.23
-99.9168,26.9313#52.26#28.74#19
-99.8656,26.9329#52.43#28.81#18.76
-99.8145,26.9345#52.6#28.87#18.53
-99.7633,26.9362#52.76#28.94#18.3
-99.7121,26.9377#52.93#29.01#18.06
-99.661,26.9393#53.1#29.07#17.83
-99.6098,26.9409#53.27#29.14#17.59
-99.5586,26.9424#53.43#29.2#17.37
-99.5074,26.944#53.6#29.27#17.13
-99.4563,26.9455#53.67#29.34#16.99
-99.4051,26.947#53.72#29.41#16.87
-99.3539,26.9484#53.77#29.49#16.74
-99.3027,26.9499#53.82#29.56#16.62
-99.2515,26.9513#53.87#29.63#16.5
-99.2004,26.9527#53.93#29.71#16.36
-99.1492,26.9542#53.98#29.78#16.24
-99.098,26.9555#54.03#29.85#16.12
-99.0468,26.9569#54.08#29.93#15.99
-98.9956,26.9583#54.13#30#15.87
-98.9444,26.9596#54.15#30.03#15.82
-98.8932,26.9609#54.17#30.06#15.77
-98.8421,26.9622#54.19#30.1#15.71
-98.7909,26.9635#54.21#30.13#15.66
-98.7397,26.9648#54.23#30.16#15.61
-98.6885,26.966#54.25#30.19#15.56
-98.6373,26.9673#54.27#30.23#15.5
-98.5861,26.9685#54.29#30.26#15.45
-98.5349,26.9697#54.3#30.29#15.41
-98.4837,26.9709#54.32#30.29#15.39
-98.4325,26.972#54.34#30.23#15.43
-98.3813,26.9732#54.36#30.16#15.48
-98.3301,26.9743#54.38#30.1#15.52
-98.2789,26.9754#54.4#30.04#15.56
-98.2277,26.9765#54.42#29.97#15.61
-98.1765,26.9776#54.44#29.91#15.65
-98.1253,26.9786#54.46#29.84#15.7
-98.0741,26.9797#54.48#29.78#15.74
-98.0229,26.9807#54.5#29.72#15.78
-97.9717,26.9817#54.53#29.65#15.82
-97.9205,26.9827#54.55#29.57#15.88
-97.8693,26.9837#54.57#29.5#15.93
-97.818,26.9846#54.59#29.42#15.99
-97.7668,26.9856#54.61#29.35#16.04
-97.7156,26.9865#54.63#29.27#16.1
-97.6644,26.9874#54.65#29.2#16.15
-97.6132,26.9883#54.67#29.13#16.2
-97.562,26.9892#54.69#29.05#16.26
-97.5108,26.99#54.71#28.98#16.31
-97.4596,26.9909#54.73#28.94#16.33
-97.4083,26.9917#54.76#28.91#16.33
-97.3571,26.9925#54.78#28.89#16.33
-97.3059,26.9933#54.8#28.86#16.34
-97.2547,26.994#54.83#28.83#16.34
-97.2035,26.9948#54.85#28.81#16.34
-97.1523,26.9955#54.87#28.78#16.35
-97.101,26.9962#54.9#28.75#16.35
-97.0498,26.9969#54.92#28.73#16.35
-96.9986,26.9976#54.94#28.7#16.36
-96.9474,26.9983#54.95#28.69#16.36
-96.8962,26.9989#54.96#28.68#16.36
-96.8449,26.9996#54.97#28.67#16.36
-96.7937,27.0002#54.98#28.66#16.36
-96.7425,27.0008#54.99#28.66#16.35
-96.6913,27.0013#55#28.65#16.35
-96.64,27.0019#55.01#28.64#16.35
-96.5888,27.0024#55.02#28.63#16.35
-96.5376,27.003#55.03#28.62#16.35
-96.4864,27.0035#55#28.61#16.39
-96.4351,27.004#54.88#28.61#16.51
-96.3839,27.0044#54.75#28.61#16.64
-96.3327,27.0049#54.63#28.61#16.76
-96.2815,27.0053#54.51#28.61#16.88
-96.2302,27.0058#54.38#28.6#17.02
-96.179,27.0062#54.26#28.6#17.14
-96.1278,27.0066#54.13#28.6#17.27
-96.0766,27.0069#54.01#28.6#17.39
-96.0253,27.0073#53.88#28.59#17.53
-95.9741,27.0076#53.76#28.59#17.65
-95.9229,27.0079#53.65#28.59#17.76
-95.8716,27.0082#53.53#28.59#17.88
-95.8204,27.0085#53.41#28.59#18
-95.7692,27.0088#53.3#28.6#18.1
-95.7179,27.009#53.18#28.6#18.22
-95.6667,27.0093#53.06#28.6#18.34
-95.6155,27.0095#52.95#28.6#18.45
-95.5643,27.0097#52.83#28.6#18.57
-95.513,27.0099#52.71#28.6#18.69
-95.4618,27.01#52.52#28.6#18.88
-95.4106,27.0102#52.3#28.6#19.1
-95.3593,27.0103#52.08#28.6#19.32
-95.3081,27.0104#51.86#28.6#19.54
-95.2569,27.0105#51.64#28.6#19.76
-95.2056,27.0106#51.42#28.61#19.97
-95.1544,27.0107#51.21#28.61#20.18
-95.1032,27.0107#50.99#28.61#20.4
-95.0519,27.0107#50.77#28.61#20.62
-95.0007,27.0107#50.55#28.61#20.84
-94.9495,27.0107#50.33#28.61#21.06
-94.8982,27.0107#50.11#28.61#21.28
-94.847,27.0107#49.9#28.62#21.48
-94.7958,27.0106#49.68#28.62#21.7
-94.7445,27.0105#49.46#28.62#21.92
-94.6933,27.0104#49.25#28.62#22.13
-94.6421,27.0103#49.03#28.62#22.35
-94.5909,27.0102#48.81#28.62#22.57
-94.5396,27.01#48.6#28.63#22.77
-94.4884,27.0099#48.39#28.63#22.98
-94.4372,27.0097#48.21#28.63#23.16
-94.3859,27.0095#48.02#28.63#23.35
-94.3347,27.0093#47.84#28.63#23.53
-94.2835,27.0091#47.66#28.64#23.7
-94.2322,27.0088#47.48#28.64#23.88
-94.181,27.0085#47.29#28.64#24.07
-94.1298,27.0083#47.11#28.64#24.25
-94.0786,27.008#46.93#28.64#24.43
-94.0273,27.0076#46.75#28.64#24.61
-93.9761,27.0073#46.57#28.65#24.78
-93.9249,27.0069#46.4#28.65#24.95
-93.8736,27.0066#46.23#28.65#25.12
-93.8224,27.0062#46.07#28.65#25.28
-93.7712,27.0058#45.9#28.65#25.45
-93.72,27.0054#45.73#28.66#25.61
-93.6687,27.0049#45.56#28.66#25.78
-93.6175,27.0045#45.39#28.66#25.95
-93.5663,27.004#45.22#28.66#26.12
-93.515,27.0035#45.05#28.66#26.29
-93.4638,27.003#44.89#28.67#26.44
-93.4126,27.0025#44.74#28.67#26.59
-93.3614,27.0019#44.58#28.67#26.75
-93.3102,27.0014#44.42#28.67#26.91
-93.2589,27.0008#44.27#28.67#27.06
-93.2077,27.0002#44.11#28.68#27.21
-93.1565,26.9996#43.96#28.68#27.36
-93.1053,26.9989#43.8#28.68#27.52
-93.054,26.9983#43.64#28.68#27.68
-93.0028,26.9976#43.49#28.68#27.83
-92.9516,26.997#43.34#28.69#27.97
-92.9004,26.9963#43.19#28.69#28.12
-92.8492,26.9955#43.05#28.69#28.26
-92.7979,26.9948#42.9#28.69#28.41
-92.7467,26.9941#42.76#28.69#28.55
-92.6955,26.9933#42.61#28.7#28.69
-92.6443,26.9925#42.46#28.7#28.84
-92.5931,26.9917#42.32#28.7#28.98
-92.5419,26.9909#42.17#28.7#29.13
-92.4906,26.99#42.03#28.7#29.27
-92.4394,26.9892#41.89#28.71#29.4
-92.3882,26.9883#41.75#28.71#29.54
-92.337,26.9874#41.61#28.71#29.68
-92.2858,26.9865#41.48#28.71#29.81
-92.2346,26.9856#41.34#28.72#29.94
-92.1834,26.9847#41.2#28.72#30.08
-92.1322,26.9837#41.06#28.72#30.22
-92.081,26.9827#40.93#28.72#30.35
-92.0297,26.9817#40.79#28.72#30.49
-91.9785,26.9807#40.64#28.73#30.63
-91.9273,26.9797#40.48#28.73#30.79
-91.8761,26.9787#40.32#28.74#30.94
-91.8249,26.9776#40.15#28.74#31.11
-91.7737,26.9765#39.99#28.75#31.26
-91.7225,26.9754#39.82#28.75#31.43
-91.6713,26.9743#39.66#28.76#31.58
-91.6201,26.9732#39.5#28.76#31.74
-91.5689,26.9721#39.33#28.77#31.9
-91.5177,26.9709#39.17#28.77#32.06
-91.4665,26.9697#38.98#28.8#32.22
-91.4153,26.9685#38.78#28.82#32.4
-91.3641,26.9673#38.58#28.85#32.57
-91.3129,26.9661#38.38#28.88#32.74
-91.2617,26.9648#38.18#28.91#32.91
-91.2106,26.9635#37.98#28.94#33.08
-91.1594,26.9623#37.77#28.97#33.26
-91.1082,26.961#37.57#28.99#33.44
-91.057,26.9596#37.37#29.02#33.61
-91.0058,26.9583#37.17#29.05#33.78
-90.9546,26.9569#36.94#29.09#33.97
-90.9034,26.9556#36.7#29.13#34.17
-90.8522,26.9542#36.47#29.17#34.36
-90.8011,26.9528#36.23#29.2#34.57
-90.7499,26.9514#36#29.24#34.76
-90.6987,26.9499#35.76#29.28#34.96
-90.6475,26.9485#35.52#29.32#35.16
-90.5963,26.947#35.29#29.36#35.35
-90.5452,26.9455#35.05#29.39#35.56
-90.494,26.944#34.82#29.43#35.75
-90.4428,26.9425#34.57#29.47#35.96
-90.3916,26.9409#34.32#29.5#36.18
-90.3405,26.9394#34.08#29.54#36.38
-90.2893,26.9378#33.83#29.58#36.59
-90.2381,26.9362#33.59#29.61#36.8
-90.187,26.9346#33.34#29.65#37.01
-90.1358,26.933#33.1#29.69#37.21
-90.0846,26.9313#32.85#29.72#37.43
-90.0335,26.9296#32.61#29.76#37.63
-89.9823,26.928#32.38#29.78#37.84
-89.9311,26.9263#32.16#29.79#38.05
-89.88,26.9246#31.95#29.8#38.25
-89.8288,26.9228#31.73#29.8#38.47
-89.7777,26.9211#31.52#29.81#38.67
-89.7265,26.9193#31.3#29.82#38.88
-89.6754,26.9175#31.09#29.82#39.09
-89.6242,26.9157#30.87#29.83#39.3
-89.5731,26.9139#30.65#29.83#39.52
-89.5219,26.9121#30.44#29.84#39.72
-89.4708,26.9102#30.25#29.81#39.94
-89.4196,26.9083#30.08#29.76#40.16
-89.3685,26.9065#29.92#29.71#40.37
-89.3173,26.9046#29.75#29.66#40.59
-89.2662,26.9026#29.59#29.61#40.8
-89.215,26.9007#29.42#29.56#41.02
-101.862,26.9016#44.6#28.58#26.82
-101.811,26.9039#44.8#28.58#26.62
-101.76,26.9061#45.01#28.58#26.41
-101.709,26.9084#45.21#28.58#26.21
-101.658,26.9107#45.41#28.58#26.01
-101.607,26.9129#45.62#28.59#25.79
-101.556,26.9151#45.82#28.59#25.59
-101.505,26.9173#46.02#28.59#25.39
-101.453,26.9195#46.23#28.59#25.18
-101.402,26.9216#46.44#28.59#24.97
-101.351,26.9238#46.64#28.59#24.77
-101.3,26.9259#46.85#28.6#24.55
-101.249,26.928#47.06#28.6#24.34
-101.198,26.9301#47.27#28.6#24.13
-101.147,26.9322#47.48#28.6#23.92
-101.095,26.9343#47.69#28.6#23.71
-101.044,26.9363#47.9#28.6#23.5
-100.993,26.9383#48.11#28.61#23.28
-100.942,26.9403#48.33#28.61#23.06
-100.891,26.9423#48.55#28.61#22.84
-100.84,26.9443#48.77#28.61#22.62
-100.789,26.9463#48.99#28.61#22.4
-100.737,26.9482#49.21#28.61#22.18
-100.686,26.9501#49.43#28.62#21.95
-100.635,26.952#49.66#28.62#21.72
-100.584,26.9539#49.88#28.62#21.5
-100.533,26.9558#50.1#28.62#21.28
-100.482,26.9576#50.33#28.62#21.05
-100.43,26.9595#50.54#28.62#20.84
-100.379,26.9613#50.75#28.63#20.62
-100.328,26.9631#50.97#28.63#20.4
-100.277,26.9649#51.18#28.63#20.19
-100.226,26.9667#51.39#28.63#19.98
-100.175,26.9684#51.61#28.63#19.76
-100.123,26.9701#51.82#28.63#19.55
-100.072,26.9719#52.03#28.64#19.33
-100.021,26.9736#52.24#28.64#19.12
-99.9698,26.9752#52.42#28.68#18.9
-99.9186,26.9769#52.59#28.74#18.67
-99.8675,26.9785#52.75#28.81#18.44
-99.8163,26.9802#52.92#28.87#18.21
-99.7651,26.9818#53.08#28.94#17.98
-99.7139,26.9834#53.24#29.01#17.75
-99.6627,26.985#53.41#29.07#17.52
-99.6115,26.9865#53.57#29.14#17.29
-99.5603,26.9881#53.73#29.2#17.07
-99.5091,26.9896#53.89#29.27#16.84
-99.4579,26.9911#53.96#29.34#16.7
-99.4067,26.9926#54.02#29.41#16.57
-99.3555,26.9941#54.07#29.49#16.44
-99.3043,26.9955#54.12#29.56#16.32
-99.2531,26.997#54.17#29.63#16.2
-99.2019,26.9984#54.23#29.71#16.06
-99.1507,26.9998#54.28#29.78#15.94
-99.0995,27.0012#54.33#29.85#15.82
-99.0483,27.0026#54.39#29.93#15.68
-98.9971,27.0039#54.44#30#15.56
-98.9459,27.0052#54.46#30.03#15.51
-98.8947,27.0066#54.48#30.06#15.46
-98.8435,27.0079#54.5#30.1#15.4
-98.7923,27.0092#54.52#30.13#15.35
-98.7411,27.0104#54.54#30.16#15.3
-98.6899,27.0117#54.56#30.19#15.25
-98.6387,27.0129#54.58#30.23#15.19
-98.5874,27.0141#54.6#30.26#15.14
-98.5362,27.0153#54.63#30.29#15.08
-98.485,27.0165#54.65#30.3#15.05
-98.4338,27.0177#54.67#30.23#15.1
-98.3826,27.0188#54.69#30.17#15.14
-98.3314,27.0199#54.71#30.1#15.19
-98.2801,27.0211#54.73#30.04#15.23
-98.2289,27.0222#54.75#29.98#15.27
-98.1777,27.0232#54.78#29.91#15.31
-98.1265,27.0243#54.8#29.85#15.35
-98.0752,27.0253#54.82#29.78#15.4
-98.024,27.0264#54.84#29.72#15.44
-97.9728,27.0274#54.86#29.65#15.49
-97.9216,27.0284#54.88#29.58#15.54
-97.8703,27.0293#54.91#29.5#15.59
-97.8191,27.0303#54.93#29.43#15.64
-97.7679,27.0312#54.95#29.35#15.7
-97.7166,27.0322#54.97#29.28#15.75
-97.6654,27.0331#55#29.2#15.8
-97.6142,27.034#55.02#29.13#15.85
-97.563,27.0348#55.04#29.06#15.9
-97.5117,27.0357#55.06#28.98#15.96
-97.4605,27.0365#55.09#28.94#15.97
-97.4093,27.0373#55.11#28.92#15.97
-97.358,27.0381#55.14#28.89#15.97
-97.3068,27.0389#55.16#28.86#15.98
-97.2555,27.0397#55.19#28.84#15.97
-97.2043,27.0404#55.21#28.81#15.98
-97.1531,27.0412#55.24#28.78#15.98
-97.1018,27.0419#55.26#28.76#15.98
-97.0506,27.0426#55.28#28.73#15.99
-96.9994,27.0433#55.31#28.7#15.99
-96.9481,27.0439#55.32#28.69#15.99
-96.8969,27.0446#55.33#28.69#15.98
-96.8456,27.0452#55.34#28.68#15.98
-96.7944,27.0458#55.35#28.67#15.98
-96.7431,27.0464#55.36#28.66#15.98
-96.6919,27.047#55.37#28.65#15.98
-96.6407,27.0476#55.38#28.64#15.98
-96.5894,27.0481#55.39#28.63#15.98
-96.5382,27.0486#55.39#28.62#15.99
-96.4869,27.0491#55.37#28.62#16.01
-96.4357,27.0496#55.22#28.61#16.17
-96.3844,27.0501#55.08#28.61#16.31
-96.3332,27.0506#54.94#28.61#16.45
-96.2819,27.051#54.8#28.61#16.59
-96.2307,27.0514#54.65#28.61#16.74
-96.1795,27.0518#54.51#28.6#16.89
-96.1282,27.0522#54.37#28.6#17.03
-96.077,27.0526#54.22#28.6#17.18
-96.0257,27.0529#54.08#28.6#17.32
-95.9745,27.0533#53.94#28.6#17.46
-95.9232,27.0536#53.81#28.6#17.59
-95.872,27.0539#53.68#28.6#17.72
-95.8207,27.0542#53.55#28.6#17.85
-95.7695,27.0545#53.42#28.6#17.98
-95.7182,27.0547#53.29#28.6#18.11
-95.667,27.0549#53.16#28.6#18.24
-95.6157,27.0552#53.03#28.6#18.37
-95.5645,27.0554#52.9#28.6#18.5
-95.5132,27.0555#52.77#28.6#18.63
-95.462,27.0557#52.58#28.6#18.82
-95.4107,27.0558#52.36#28.6#19.04
-95.3595,27.056#52.14#28.61#19.25
-95.3082,27.0561#51.92#28.61#19.47
-95.257,27.0562#51.71#28.61#19.68
-95.2057,27.0563#51.49#28.61#19.9
-95.1545,27.0563#51.27#28.61#20.12
-95.1032,27.0564#51.05#28.61#20.34
-95.052,27.0564#50.83#28.61#20.56
-95.0007,27.0564#50.62#28.61#20.77
-94.9495,27.0564#50.4#28.62#20.98
-94.8982,27.0564#50.18#28.62#21.2
-94.847,27.0563#49.96#28.62#21.42
-94.7957,27.0563#49.75#28.62#21.63
-94.7445,27.0562#49.53#28.62#21.85
-94.6932,27.0561#49.31#28.62#22.07
-94.642,27.056#49.09#28.63#22.28
-94.5907,27.0559#48.87#28.63#22.5
-94.5395,27.0557#48.66#28.63#22.71
-94.4882,27.0555#48.45#28.63#22.92
-94.437,27.0554#48.27#28.63#23.1
-94.3857,27.0552#48.08#28.64#23.28
-94.3345,27.0549#47.9#28.64#23.46
-94.2832,27.0547#47.72#28.64#23.64
-94.232,27.0545#47.54#28.64#23.82
-94.1807,27.0542#47.36#28.64#24
-94.1295,27.0539#47.18#28.64#24.18
-94.0782,27.0536#47#28.65#24.35
-94.027,27.0533#46.81#28.65#24.54
-93.9757,27.053#46.64#28.65#24.71
-93.9245,27.0526#46.47#28.65#24.88
-93.8732,27.0522#46.3#28.65#25.05
-93.822,27.0518#46.13#28.66#25.21
-93.7707,27.0514#45.97#28.66#25.37
-93.7195,27.051#45.8#28.66#25.54
-93.6682,27.0506#45.63#28.66#25.71
-93.617,27.0501#45.46#28.66#25.88
-93.5657,27.0496#45.29#28.67#26.04
-93.5145,27.0492#45.12#28.67#26.21
-93.4632,27.0486#44.96#28.67#26.37
-93.412,27.0481#44.81#28.67#26.52
-93.3608,27.0476#44.65#28.67#26.68
-93.3095,27.047#44.5#28.68#26.82
-93.2583,27.0464#44.34#28.68#26.98
-93.207,27.0458#44.19#28.68#27.13
-93.1558,27.0452#44.03#28.68#27.29
-93.1045,27.0446#43.87#28.68#27.45
-93.0533,27.044#43.72#28.69#27.59
-93.0021,27.0433#43.56#28.69#27.75
-92.9508,27.0426#43.42#28.69#27.89
-92.8996,27.0419#43.27#28.69#28.04
-92.8483,27.0412#43.13#28.69#28.18
-92.7971,27.0405#42.98#28.7#28.32
-92.7459,27.0397#42.83#28.7#28.47
-92.6946,27.0389#42.69#28.7#28.61
-92.6434,27.0382#42.54#28.7#28.76
-92.5922,27.0374#42.4#28.7#28.9
-92.5409,27.0365#42.25#28.71#29.04
-92.4897,27.0357#42.11#28.71#29.18
-92.4385,27.0348#41.97#28.71#29.32
-92.3872,27.034#41.83#28.71#29.46
-92.336,27.0331#41.69#28.71#29.6
-92.2848,27.0322#41.56#28.72#29.72
-92.2335,27.0313#41.42#28.72#29.86
-92.1823,27.0303#41.28#28.72#30
-92.1311,27.0294#41.15#28.72#30.13
-92.0799,27.0284#41.01#28.73#30.26
-92.0286,27.0274#40.87#28.73#30.4
-91.9774,27.0264#40.72#28.73#30.55
-91.9262,27.0254#40.57#28.74#30.69
-91.8749,27.0243#40.41#28.74#30.85
-91.8237,27.0233#40.25#28.75#31
-91.7725,27.0222#40.09#28.75#31.16
-91.7213,27.0211#39.93#28.76#31.31
-91.6701,27.02#39.77#28.76#31.47
-91.6188,27.0188#39.61#28.77#31.62
-91.5676,27.0177#39.45#28.77#31.78
-91.5164,27.0165#39.29#28.78#31.93
-91.4652,27.0154#39.1#28.79#32.11
-91.414,27.0142#38.9#28.82#32.28
-91.3628,27.0129#38.7#28.85#32.45
-91.3115,27.0117#38.5#28.87#32.63
-91.2603,27.0105#38.3#28.9#32.8
-91.2091,27.0092#38.1#28.92#32.98
-91.1579,27.0079#37.9#28.95#33.15
-91.1067,27.0066#37.7#28.98#33.32
-91.0555,27.0053#37.5#29#33.5
-91.0043,27.0039#37.3#29.03#33.67
-90.9531,27.0026#37.06#29.07#33.87
-90.9019,27.0012#36.83#29.1#34.07
-90.8507,26.9998#36.59#29.14#34.27
-90.7995,26.9984#36.35#29.18#34.47
-90.7483,26.997#36.12#29.22#34.66
-90.6971,26.9956#35.88#29.25#34.87
-90.6459,26.9941#35.64#29.29#35.07
-90.5947,26.9926#35.41#29.33#35.26
-90.5435,26.9911#35.17#29.37#35.46
-90.4923,26.9896#34.93#29.4#35.67
-90.4411,26.9881#34.68#29.44#35.88
-90.3899,26.9866#34.43#29.48#36.09
-90.3387,26.985#34.19#29.51#36.3
-90.2875,26.9834#33.94#29.55#36.51
-90.2363,26.9818#33.69#29.59#36.72
-90.1851,26.9802#33.44#29.62#36.94
-90.134,26.9786#33.19#29.66#37.15
-90.0828,26.9769#32.95#29.7#37.35
-90.0316,26.9753#32.7#29.73#37.57
-89.9804,26.9736#32.46#29.76#37.78
-89.9292,26.9719#32.25#29.77#37.98
-89.878,26.9702#32.04#29.78#38.18
-89.8269,26.9685#31.83#29.79#38.38
-89.7757,26.9667#31.62#29.8#38.58
-89.7245,26.9649#31.4#29.81#38.79
-89.6733,26.9632#31.19#29.82#38.99
-89.6222,26.9613#30.98#29.82#39.2
-89.571,26.9595#30.76#29.83#39.41
-89.5198,26.9577#30.55#29.84#39.61
-89.4687,26.9558#30.36#29.82#39.82
-89.4175,26.954#30.19#29.77#40.04
-89.3663,26.9521#30.02#29.73#40.25
-89.3152,26.9502#29.85#29.68#40.47
-89.264,26.9483#29.69#29.64#40.67
-89.2129,26.9463#29.52#29.59#40.89
-89.1617,26.9444#29.35#29.55#41.1
-89.1105,26.9424#29.18#29.5#41.32
-89.0594,26.9404#29.01#29.45#41.54
-89.0082,26.9384#28.84#29.4#41.76
-88.9571,26.9364#28.74#29.36#41.9
-88.9059,26.9343#28.64#29.32#42.04
-88.8548,26.9323#28.55#29.28#42.17
-88.8037,26.9302#28.46#29.24#42.3
-88.7525,26.9281#28.36#29.2#42.44
-88.7014,26.926#28.27#29.16#42.57
-88.6502,26.9238#28.17#29.12#42.71
-88.5991,26.9217#28.08#29.08#42.84
-88.548,26.9195#27.99#29.04#42.97
-88.4968,26.9174#27.9#29#43.1
-88.4457,26.9152#27.91#28.99#43.1
-88.3946,26.9129#27.92#28.98#43.1
-88.3434,26.9107#27.93#28.96#43.11
-88.2923,26.9085#27.94#28.95#43.11
-88.2412,26.9062#27.95#28.93#43.12
-88.1901,26.9039#27.97#28.92#43.11
-88.1389,26.9016#27.98#28.9#43.12
-102.836,26.9002#40.99#28.55#30.46
-102.785,26.9028#41.19#28.55#30.26
-102.734,26.9054#41.39#28.55#30.06
-102.683,26.908#41.6#28.55#29.85
-102.632,26.9106#41.8#28.55#29.65
-102.581,26.9131#42.01#28.56#29.43
-102.53,26.9157#42.21#28.56#29.23
-102.479,26.9182#42.42#28.56#29.02
-102.427,26.9207#42.62#28.56#28.82
-102.376,26.9232#42.83#28.56#28.61
-102.325,26.9257#43.03#28.56#28.41
-102.274,26.9281#43.23#28.57#28.2
-102.223,26.9306#43.44#28.57#27.99
-102.172,26.933#43.64#28.57#27.79
-102.121,26.9354#43.85#28.57#27.58
-102.07,26.9378#44.05#28.57#27.38
-102.018,26.9402#44.25#28.57#27.18
-101.967,26.9425#44.46#28.58#26.96
-101.916,26.9448#44.66#28.58#26.76
-101.865,26.9472#44.87#28.58#26.55
-101.814,26.9495#45.07#28.58#26.35
-101.763,26.9517#45.27#28.58#26.15
-101.712,26.954#45.48#28.58#25.94
-101.66,26.9563#45.68#28.59#25.73
-101.609,26.9585#45.88#28.59#25.53
-101.558,26.9607#46.09#28.59#25.32
-101.507,26.9629#46.29#28.59#25.12
-101.456,26.9651#46.5#28.59#24.91
-101.405,26.9673#46.71#28.59#24.7
-101.354,26.9694#46.92#28.6#24.48
-101.302,26.9715#47.13#28.6#24.27
-101.251,26.9736#47.35#28.6#24.05
-101.2,26.9757#47.56#28.6#23.84
-101.149,26.9778#47.77#28.6#23.63
-101.098,26.9799#47.98#28.6#23.42
-101.047,26.9819#48.19#28.61#23.2
-100.995,26.9839#48.41#28.61#22.98
-100.944,26.986#48.63#28.61#22.76
-100.893,26.988#48.86#28.61#22.53
-100.842,26.9899#49.09#28.61#22.3
-100.791,26.9919#49.32#28.62#22.06
-100.74,26.9938#49.55#28.62#21.83
-100.688,26.9957#49.78#28.62#21.6
-100.637,26.9977#50.01#28.62#21.37
-100.586,26.9995#50.24#28.62#21.14
-100.535,27.0014#50.48#28.62#20.9
-100.484,27.0033#50.7#28.63#20.67
-100.432,27.0051#50.91#28.63#20.46
-100.381,27.0069#51.12#28.63#20.25
-100.33,27.0087#51.33#28.63#20.04
-100.279,27.0105#51.54#28.63#19.83
-100.228,27.0123#51.75#28.63#19.62
-100.177,27.014#51.96#28.64#19.4
-100.125,27.0158#52.16#28.64#19.2
-100.074,27.0175#52.37#28.64#18.99
-100.023,27.0192#52.58#28.64#18.78
-99.9717,27.0209#52.76#28.68#18.56
-99.9205,27.0225#52.92#28.74#18.34
-99.8693,27.0242#53.08#28.81#18.11
-99.8181,27.0258#53.24#28.87#17.89
-99.7669,27.0274#53.4#28.94#17.66
-99.7157,27.029#53.55#29.01#17.44
-99.6645,27.0306#53.71#29.07#17.22
-99.6133,27.0322#53.87#29.14#16.99
-99.5621,27.0337#54.03#29.2#16.77
-99.5108,27.0352#54.18#29.27#16.55
-99.4596,27.0367#54.26#29.34#16.4
-99.4084,27.0382#54.31#29.41#16.28
-99.3572,27.0397#54.37#29.49#16.14
-99.306,27.0412#54.42#29.56#16.02
-99.2548,27.0426#54.48#29.63#15.89
-99.2035,27.044#54.53#29.71#15.76
-99.1523,27.0454#54.58#29.78#15.64
-99.1011,27.0468#54.64#29.85#15.51
-99.0499,27.0482#54.69#29.93#15.38
-98.9986,27.0495#54.75#30#15.25
-98.9474,27.0509#54.77#30.03#15.2
-98.8962,27.0522#54.79#30.06#15.15
-98.845,27.0535#54.81#30.1#15.09
-98.7937,27.0548#54.84#30.13#15.03
-98.7425,27.0561#54.86#30.16#14.98
-98.6913,27.0573#54.88#30.19#14.93
-98.64,27.0585#54.9#30.23#14.87
-98.5888,27.0598#54.92#30.26#14.82
-98.5376,27.061#54.95#30.29#14.76
-98.4863,27.0621#54.97#30.3#14.73
-98.4351,27.0633#54.99#30.23#14.78
-98.3839,27.0645#55.01#30.17#14.82
-98.3326,27.0656#55.04#30.11#14.85
-98.2814,27.0667#55.06#30.04#14.9
-98.2301,27.0678#55.08#29.98#14.94
-98.1789,27.0689#55.11#29.91#14.98
-98.1276,27.0699#55.13#29.85#15.02
-98.0764,27.071#55.15#29.79#15.06
-98.0252,27.072#55.18#29.72#15.1
-97.9739,27.073#55.2#29.65#15.15
-97.9227,27.074#55.22#29.58#15.2
-97.8714,27.075#55.25#29.5#15.25
-97.8202,27.0759#55.27#29.43#15.3
-97.7689,27.0769#55.29#29.36#15.35
-97.7177,27.0778#55.32#29.28#15.4
-97.6664,27.0787#55.34#29.21#15.45
-97.6152,27.0796#55.37#29.13#15.5
-97.5639,27.0805#55.39#29.06#15.55
-97.5127,27.0813#55.41#28.99#15.6
-97.4614,27.0822#55.44#28.95#15.61
-97.4102,27.083#55.46#28.92#15.62
-97.3589,27.0838#55.49#28.89#15.62
-97.3077,27.0846#55.52#28.87#15.61
-97.2564,27.0853#55.54#28.84#15.62
-97.2051,27.0861#55.57#28.81#15.62
-97.1539,27.0868#55.6#28.79#15.61
-97.1026,27.0875#55.62#28.76#15.62
-97.0514,27.0882#55.65#28.73#15.62
-97.0001,27.0889#55.68#28.71#15.61
-96.9489,27.0896#55.69#28.7#15.61
-96.8976,27.0902#55.7#28.69#15.61
-96.8463,27.0909#55.71#28.68#15.61
-96.7951,27.0915#55.72#28.67#15.61
-96.7438,27.0921#55.73#28.66#15.61
-96.6925,27.0927#55.74#28.65#15.61
-96.6413,27.0932#55.75#28.65#15.6
-96.59,27.0938#55.75#28.64#15.61
-96.5388,27.0943#55.76#28.63#15.61
-96.4875,27.0948#55.73#28.62#15.65
-96.4362,27.0953#55.57#28.62#15.81
-96.385,27.0958#55.41#28.62#15.97
-96.3337,27.0962#55.25#28.61#16.14
-96.2824,27.0967#55.09#28.61#16.3
-96.2312,27.0971#54.93#28.61#16.46
-96.1799,27.0975#54.76#28.61#16.63
-96.1286,27.0979#54.6#28.61#16.79
-96.0774,27.0982#54.44#28.6#16.96
-96.0261,27.0986#54.27#28.6#17.13
-95.9748,27.0989#54.12#28.6#17.28
-95.9236,27.0993#53.98#28.6#17.42
-95.8723,27.0996#53.84#28.6#17.56
-95.821,27.0998#53.69#28.6#17.71
-95.7698,27.1001#53.55#28.6#17.85
-95.7185,27.1004#53.41#28.6#17.99
-95.6672,27.1006#53.27#28.6#18.13
-95.6159,27.1008#53.12#28.6#18.28
-95.5647,27.101#52.98#28.6#18.42
-95.5134,27.1012#52.84#28.6#18.56
-95.4621,27.1014#52.64#28.61#18.75
-95.4109,27.1015#52.42#28.61#18.97
-95.3596,27.1016#52.2#28.61#19.19
-95.3083,27.1017#51.99#28.61#19.4
-95.2571,27.1018#51.77#28.61#19.62
-95.2058,27.1019#51.55#28.61#19.84
-95.1545,27.102#51.34#28.61#20.05
-95.1032,27.102#51.12#28.62#20.26
-95.052,27.1021#50.9#28.62#20.48
-95.0007,27.1021#50.68#28.62#20.7
-94.9494,27.1021#50.47#28.62#20.91
-94.8982,27.102#50.25#28.62#21.13
-94.8469,27.102#50.03#28.62#21.35
-94.7956,27.1019#49.81#28.63#21.56
-94.7444,27.1018#49.59#28.63#21.78
-94.6931,27.1018#49.37#28.63#22
-94.6418,27.1016#49.15#28.63#22.22
-94.5905,27.1015#48.94#28.63#22.43
-94.5393,27.1014#48.72#28.63#22.65
-94.488,27.1012#48.51#28.64#22.85
-94.4367,27.101#48.33#28.64#23.03
-94.3855,27.1008#48.15#28.64#23.21
-94.3342,27.1006#47.96#28.64#23.4
-94.2829,27.1004#47.78#28.64#23.58
-94.2317,27.1001#47.6#28.64#23.76
-94.1804,27.0999#47.42#28.65#23.93
-94.1291,27.0996#47.24#28.65#24.11
-94.0779,27.0993#47.06#28.65#24.29
-94.0266,27.0989#46.88#28.65#24.47
-93.9753,27.0986#46.71#28.65#24.64
-93.9241,27.0983#46.54#28.66#24.8
-93.8728,27.0979#46.37#28.66#24.97
-93.8215,27.0975#46.2#28.66#25.14
-93.7703,27.0971#46.03#28.66#25.31
-93.719,27.0967#45.87#28.66#25.47
-93.6677,27.0962#45.7#28.67#25.63
-93.6165,27.0958#45.53#28.67#25.8
-93.5652,27.0953#45.36#28.67#25.97
-93.5139,27.0948#45.2#28.67#26.13
-93.4627,27.0943#45.04#28.67#26.29
-93.4114,27.0938#44.88#28.68#26.44
-93.3601,27.0932#44.73#28.68#26.59
-93.3089,27.0927#44.57#28.68#26.75
-93.2576,27.0921#44.42#28.68#26.9
-93.2063,27.0915#44.26#28.68#27.06
-93.1551,27.0909#44.1#28.69#27.21
-93.1038,27.0903#43.95#28.69#27.36
-93.0526,27.0896#43.79#28.69#27.52
-93.0013,27.0889#43.64#28.69#27.67
-92.95,27.0883#43.49#28.69#27.82
-92.8988,27.0876#43.35#28.7#27.95
-92.8475,27.0868#43.2#28.7#28.1
-92.7963,27.0861#43.06#28.7#28.24
-92.745,27.0854#42.91#28.7#28.39
-92.6938,27.0846#42.76#28.7#28.54
-92.6425,27.0838#42.62#28.71#28.67
-92.5913,27.083#42.47#28.71#28.82
-92.54,27.0822#42.33#28.71#28.96
-92.4887,27.0814#42.18#28.71#29.11
-92.4375,27.0805#42.05#28.71#29.24
-92.3862,27.0796#41.91#28.72#29.37
-92.335,27.0787#41.77#28.72#29.51
-92.2837,27.0778#41.64#28.72#29.64
-92.2325,27.0769#41.5#28.72#29.78
-92.1812,27.076#41.36#28.72#29.92
-92.13,27.075#41.23#28.73#30.04
-92.0787,27.074#41.09#28.73#30.18
-92.0275,27.073#40.95#28.73#30.32
-91.9763,27.072#40.81#28.73#30.46
-91.925,27.071#40.66#28.74#30.6
-91.8738,27.07#40.5#28.74#30.76
-91.8225,27.0689#40.35#28.75#30.9
-91.7713,27.0678#40.19#28.75#31.06
-91.72,27.0667#40.04#28.76#31.2
-91.6688,27.0656#39.88#28.76#31.36
-91.6176,27.0645#39.73#28.77#31.5
-91.5663,27.0633#39.57#28.77#31.66
-91.5151,27.0622#39.42#28.78#31.8
-91.4639,27.061#39.23#28.79#31.98
-91.4126,27.0598#39.03#28.82#32.15
-91.3614,27.0586#38.83#28.84#32.33
-91.3101,27.0573#38.63#28.86#32.51
-91.2589,27.0561#38.43#28.89#32.68
-91.2077,27.0548#38.23#28.91#32.86
-91.1565,27.0535#38.02#28.93#33.05
-91.1052,27.0522#37.82#28.96#33.22
-91.054,27.0509#37.62#28.98#33.4
-91.0028,27.0496#37.42#29#33.58
-90.9515,27.0482#37.19#29.04#33.77
-90.9003,27.0469#36.95#29.08#33.97
-90.8491,27.0455#36.71#29.11#34.18
-90.7979,27.0441#36.48#29.15#34.37
-90.7467,27.0426#36.24#29.19#34.57
-90.6954,27.0412#36#29.23#34.77
-90.6442,27.0397#35.76#29.26#34.98
-90.593,27.0383#35.53#29.3#35.17
-90.5418,27.0368#35.29#29.34#35.37
-90.4906,27.0353#35.05#29.38#35.57
-90.4394,27.0337#34.8#29.41#35.79
-90.3882,27.0322#34.55#29.45#36
-90.3369,27.0306#34.29#29.49#36.22
-90.2857,27.0291#34.04#29.52#36.44
-90.2345,27.0275#33.79#29.56#36.65
-90.1833,27.0258#33.54#29.6#36.86
-90.1321,27.0242#33.29#29.63#37.08
-90.0809,27.0226#33.04#29.67#37.29
-90.0297,27.0209#32.79#29.71#37.5
-89.9785,27.0192#32.55#29.73#37.72
-89.9273,27.0175#32.34#29.75#37.91
-89.8761,27.0158#32.13#29.76#38.11
-89.8249,27.0141#31.93#29.77#38.3
-89.7737,27.0123#31.72#29.78#38.5
-89.7225,27.0106#31.51#29.8#38.69
-89.6713,27.0088#31.3#29.81#38.89
-89.6201,27.007#31.09#29.82#39.09
-89.569,27.0052#30.88#29.83#39.29
-89.5178,27.0033#30.66#29.84#39.5
-89.4666,27.0015#30.48#29.82#39.7
-89.4154,26.9996#30.3#29.78#39.92
-89.3642,26.9977#30.13#29.74#40.13
-89.313,26.9958#29.96#29.7#40.34
-89.2619,26.9939#29.78#29.66#40.56
-89.2107,26.9919#29.61#29.62#40.77
-89.1595,26.99#29.44#29.58#40.98
-89.1083,26.988#29.27#29.54#41.19
-89.0571,26.986#29.09#29.5#41.41
-89.006,26.984#28.92#29.46#41.62
-88.9548,26.982#28.82#29.41#41.77
-88.9036,26.9799#28.73#29.37#41.9
-88.8525,26.9779#28.63#29.33#42.04
-88.8013,26.9758#28.54#29.29#42.17
-88.7501,26.9737#28.44#29.25#42.31
-88.699,26.9716#28.35#29.2#42.45
-88.6478,26.9695#28.25#29.16#42.59
-88.5967,26.9673#28.16#29.12#42.72
-88.5455,26.9652#28.07#29.08#42.85
-88.4944,26.963#27.98#29.04#42.98
-88.4432,26.9608#27.99#29.02#42.99
-88.3921,26.9586#28#29.01#42.99
-88.3409,26.9563#28#28.99#43.01
-88.2898,26.9541#28.01#28.97#43.02
-88.2386,26.9518#28.02#28.96#43.02
-88.1875,26.9495#28.03#28.94#43.03
-88.1363,26.9472#28.04#28.92#43.04
-88.0852,26.9449#28.05#28.91#43.04
-88.0341,26.9426#28.06#28.89#43.05
-87.9829,26.9402#28.08#28.88#43.04
-87.9318,26.9378#28.12#28.87#43.01
-87.8807,26.9355#28.16#28.87#42.97
-87.8295,26.9331#28.2#28.86#42.94
-87.7784,26.9306#28.24#28.86#42.9
-87.7273,26.9282#28.28#28.85#42.87
-87.6762,26.9257#28.32#28.84#42.84
-87.6251,26.9233#28.36#28.84#42.8
-87.5739,26.9208#28.4#28.83#42.77
-87.5228,26.9183#28.44#28.83#42.73
-87.4717,26.9157#28.5#28.82#42.68
-87.4206,26.9132#28.57#28.82#42.61
-87.3695,26.9106#28.64#28.82#42.54
-87.3184,26.9081#28.71#28.82#42.47
-87.2673,26.9055#28.79#28.82#42.39
-87.2162,26.9029#28.86#28.82#42.32
-87.1651,26.9002#28.93#28.82#42.25
-103.657,26.9013#38.74#28.52#32.74
-103.606,26.9042#38.88#28.52#32.6
-103.555,26.9071#39.02#28.53#32.45
-103.504,26.91#39.17#28.53#32.3
-103.453,26.9129#39.31#28.53#32.16
-103.401,26.9157#39.46#28.53#32.01
-103.35,26.9185#39.6#28.53#31.87
-103.299,26.9213#39.74#28.53#31.73
-103.248,26.9241#39.89#28.54#31.57
-103.197,26.9269#40.04#28.54#31.42
-103.146,26.9296#40.18#28.54#31.28
-103.095,26.9323#40.33#28.54#31.13
-103.044,26.9351#40.48#28.54#30.98
-102.993,26.9378#40.64#28.54#30.82
-102.942,26.9404#40.84#28.55#30.61
-102.89,26.9431#41.05#28.55#30.4
-102.839,26.9457#41.25#28.55#30.2
-102.788,26.9484#41.46#28.55#29.99
-102.737,26.951#41.66#28.55#29.79
-102.686,26.9536#41.87#28.55#29.58
-102.635,26.9562#42.07#28.56#29.37
-102.584,26.9587#42.28#28.56#29.16
-102.533,26.9613#42.48#28.56#28.96
-102.481,26.9638#42.68#28.56#28.76
-102.43,26.9663#42.89#28.56#28.55
-102.379,26.9688#43.09#28.56#28.35
-102.328,26.9713#43.3#28.57#28.13
-102.277,26.9737#43.5#28.57#27.93
-102.226,26.9762#43.71#28.57#27.72
-102.175,26.9786#43.91#28.57#27.52
-102.123,26.981#44.11#28.57#27.32
-102.072,26.9834#44.32#28.58#27.1
-102.021,26.9858#44.52#28.58#26.9
-101.97,26.9881#44.73#28.58#26.69
-101.919,26.9904#44.93#28.58#26.49
-101.868,26.9928#45.13#28.58#26.29
-101.817,26.9951#45.34#28.58#26.08
-101.765,26.9973#45.54#28.59#25.87
-101.714,26.9996#45.75#28.59#25.66
-101.663,27.0019#45.95#28.59#25.46
-101.612,27.0041#46.15#28.59#25.26
-101.561,27.0063#46.36#28.59#25.05
-101.51,27.0085#46.56#28.59#24.85
-101.458,27.0107#46.77#28.6#24.63
-101.407,27.0129#46.99#28.6#24.41
-101.356,27.015#47.2#28.6#24.2
-101.305,27.0171#47.41#28.6#23.99
-101.254,27.0193#47.63#28.6#23.77
-101.202,27.0214#47.84#28.6#23.56
-101.151,27.0234#48.06#28.61#23.33
-101.1,27.0255#48.27#28.61#23.12
-101.049,27.0275#48.49#28.61#22.9
-100.998,27.0296#48.71#28.61#22.68
-100.947,27.0316#48.94#28.61#22.45
-100.895,27.0336#49.18#28.61#22.21
-100.844,27.0355#49.41#28.62#21.97
-100.793,27.0375#49.65#28.62#21.73
-100.742,27.0394#49.89#28.62#21.49
-100.691,27.0414#50.13#28.62#21.25
-100.639,27.0433#50.37#28.62#21.01
-100.588,27.0452#50.61#28.62#20.77
-100.537,27.047#50.85#28.63#20.52
-100.486,27.0489#51.08#28.63#20.29
-100.435,27.0507#51.28#28.63#20.09
-100.383,27.0525#51.49#28.63#19.88
-100.332,27.0544#51.69#28.63#19.68
-100.281,27.0561#51.9#28.64#19.46
-100.23,27.0579#52.1#28.64#19.26
-100.178,27.0597#52.31#28.64#19.05
-100.127,27.0614#52.51#28.64#18.85
-100.076,27.0631#52.71#28.64#18.65
-100.025,27.0648#52.92#28.64#18.44
-99.9736,27.0665#53.09#28.68#18.23
-99.9224,27.0682#53.25#28.74#18.01
-99.8711,27.0698#53.4#28.81#17.79
-99.8199,27.0714#53.56#28.88#17.56
-99.7687,27.073#53.71#28.94#17.35
-99.7175,27.0746#53.87#29.01#17.12
-99.6662,27.0762#54.02#29.07#16.91
-99.615,27.0778#54.17#29.14#16.69
-99.5638,27.0793#54.32#29.2#16.48
-99.5125,27.0809#54.48#29.27#16.25
-99.4613,27.0824#54.55#29.34#16.11
-99.4101,27.0839#54.61#29.41#15.98
-99.3588,27.0853#54.67#29.49#15.84
-99.3076,27.0868#54.72#29.56#15.72
-99.2564,27.0882#54.78#29.63#15.59
-99.2051,27.0897#54.83#29.71#15.46
-99.1539,27.0911#54.89#29.78#15.33
-99.1026,27.0925#54.94#29.85#15.21
-99.0514,27.0938#55#29.93#15.07
-99.0002,27.0952#55.06#30#14.94
