-97.6041,42.9003#27.82#32.78#39.4
-97.5449,42.9011#27.86#32.87#39.27
-97.4858,42.9019#27.89#32.98#39.13
-97.4266,42.9027#27.91#33.15#38.94
-97.3675,42.9034#27.93#33.33#38.74
-97.3083,42.9042#27.95#33.51#38.54
-97.2492,42.9049#27.97#33.69#38.34
-97.19,42.9056#28#33.87#38.13
-97.1309,42.9063#28.02#34.05#37.93
-97.0717,42.907#28.04#34.22#37.74
-97.0125,42.9076#28.06#34.4#37.54
-96.9534,42.9083#28.05#34.6#37.35
-96.8942,42.9089#28.04#34.8#37.16
-96.8351,42.9095#28.03#35.01#36.96
-96.7759,42.9101#28.01#35.21#36.78
-96.7167,42.9106#28#35.41#36.59
-96.6576,42.9112#27.99#35.61#36.4
-96.5984,42.9117#27.98#35.82#36.2
-96.5392,42.9122#27.97#36.02#36.01
-96.4801,42.9127#27.95#36.22#35.83
-96.4209,42.9131#27.92#36.41#35.67
-96.3617,42.9136#27.89#36.61#35.5
-96.3026,42.914#27.87#36.8#35.33
-96.2434,42.9144#27.84#36.99#35.17
-96.1842,42.9148#27.81#37.19#35
-96.1251,42.9152#27.79#37.38#34.83
-96.0659,42.9155#27.76#37.58#34.66
-96.0067,42.9158#27.73#37.77#34.5
-95.9476,42.9162#27.69#37.98#34.33
-95.8884,42.9164#27.64#38.19#34.17
-95.8292,42.9167#27.59#38.39#34.02
-95.7701,42.917#27.54#38.6#33.86
-95.7109,42.9172#27.49#38.81#33.7
-95.6517,42.9174#27.45#39.02#33.53
-95.5925,42.9176#27.4#39.22#33.38
-95.5334,42.9178#27.35#39.43#33.22
-95.4742,42.918#27.31#39.66#33.03
-95.415,42.9181#27.27#39.91#32.82
-95.3559,42.9182#27.23#40.16#32.61
-95.2967,42.9183#27.19#40.41#32.4
-95.2375,42.9184#27.15#40.66#32.19
-95.1783,42.9185#27.11#40.91#31.98
-95.1192,42.9185#27.07#41.16#31.77
-95.06,42.9186#27.03#41.41#31.56
-95.0008,42.9186#26.99#41.67#31.34
-94.9416,42.9186#26.96#41.89#31.15
-94.8825,42.9185#26.94#42.12#30.94
-94.8233,42.9185#26.92#42.35#30.73
-94.7641,42.9184#26.9#42.58#30.52
-94.705,42.9183#26.87#42.8#30.33
-94.6458,42.9182#26.85#43.03#30.12
-94.5866,42.9181#26.83#43.26#29.91
-94.5274,42.918#26.81#43.49#29.7
-94.4683,42.9178#26.79#43.68#29.53
-94.4091,42.9176#26.77#43.83#29.4
-94.3499,42.9174#26.75#43.99#29.26
-94.2908,42.9172#26.73#44.15#29.12
-94.2316,42.917#26.71#44.31#28.98
-94.1724,42.9167#26.69#44.47#28.84
-94.1132,42.9165#26.67#44.62#28.71
-94.0541,42.9162#26.65#44.78#28.57
-93.9949,42.9158#26.63#44.94#28.43
-93.9357,42.9155#26.6#45.05#28.35
-93.8766,42.9152#26.58#45.17#28.25
-93.8174,42.9148#26.56#45.29#28.15
-93.7582,42.9144#26.53#45.4#28.07
-93.6991,42.914#26.51#45.52#27.97
-93.6399,42.9136#26.49#45.64#27.87
-93.5807,42.9131#26.46#45.75#27.79
-93.5216,42.9127#26.44#45.87#27.69
-93.4624,42.9122#26.43#45.95#27.62
-93.4032,42.9117#26.44#46.01#27.55
-93.3441,42.9112#26.44#46.08#27.48
-93.2849,42.9106#26.44#46.14#27.42
-93.2257,42.9101#26.44#46.2#27.36
-93.1666,42.9095#26.45#46.26#27.29
-93.1074,42.9089#26.45#46.32#27.23
-93.0483,42.9083#26.45#46.39#27.16
-92.9891,42.9077#26.46#46.44#27.1
-92.9299,42.907#26.49#46.47#27.04
-92.8708,42.9063#26.53#46.5#26.97
-92.8116,42.9056#26.57#46.53#26.9
-92.7525,42.9049#26.6#46.56#26.84
-92.6933,42.9042#26.64#46.59#26.77
-92.6342,42.9035#26.67#46.62#26.71
-92.575,42.9027#26.71#46.65#26.64
-92.5158,42.9019#26.75#46.68#26.57
-92.4567,42.9011#26.81#46.69#26.5
-92.3975,42.9003#26.88#46.7#26.42
-99.7348,42.9014#27.53#29.89#42.58
-99.6756,42.9029#27.51#29.93#42.56
-99.6165,42.9044#27.48#29.98#42.54
-99.5574,42.9058#27.46#30.03#42.51
-99.4983,42.9073#27.44#30.08#42.48
-99.4391,42.9087#27.42#30.17#42.41
-99.38,42.9101#27.41#30.26#42.33
-99.3208,42.9115#27.39#30.34#42.27
-99.2617,42.9129#27.38#30.43#42.19
-99.2026,42.9142#27.36#30.52#42.12
-99.1434,42.9156#27.34#30.61#42.05
-99.0843,42.9169#27.33#30.7#41.97
-99.0251,42.9182#27.31#30.78#41.91
-98.966,42.9194#27.3#30.87#41.83
-98.9068,42.9207#27.29#30.96#41.75
-98.8477,42.9219#27.29#31.05#41.66
-98.7885,42.9232#27.28#31.14#41.58
-98.7294,42.9244#27.27#31.23#41.5
-98.6702,42.9255#27.27#31.32#41.41
-98.6111,42.9267#27.26#31.41#41.33
-98.5519,42.9279#27.25#31.5#41.25
-98.4928,42.929#27.25#31.59#41.16
-98.4336,42.9301#27.28#31.67#41.05
-98.3744,42.9312#27.31#31.75#40.94
-98.3153,42.9322#27.34#31.83#40.83
-98.2561,42.9333#27.37#31.9#40.73
-98.1969,42.9343#27.4#31.98#40.62
-98.1378,42.9353#27.42#32.06#40.52
-98.0786,42.9363#27.45#32.14#40.41
-98.0194,42.9373#27.48#32.22#40.3
-97.9603,42.9383#27.52#32.31#40.17
-97.9011,42.9392#27.56#32.4#40.04
-97.8419,42.9401#27.6#32.49#39.91
-97.7828,42.941#27.65#32.58#39.77
-97.7236,42.9419#27.69#32.67#39.64
-97.6644,42.9428#27.73#32.77#39.5
-97.6052,42.9436#27.77#32.86#39.37
-97.5461,42.9444#27.82#32.95#39.23
-97.4869,42.9452#27.85#33.07#39.08
-97.4277,42.946#27.88#33.25#38.87
-97.3685,42.9468#27.9#33.43#38.67
-97.3093,42.9475#27.92#33.61#38.47
-97.2502,42.9483#27.95#33.8#38.25
-97.191,42.949#27.97#33.98#38.05
-97.1318,42.9497#27.99#34.16#37.85
-97.0726,42.9503#28.01#34.34#37.65
-97.0134,42.951#28.04#34.53#37.43
-96.9542,42.9516#28.04#34.73#37.23
-96.895,42.9522#28.03#34.93#37.04
-96.8359,42.9528#28.02#35.13#36.85
-96.7767,42.9534#28.01#35.34#36.65
-96.7175,42.954#28#35.54#36.46
-96.6583,42.9545#27.99#35.74#36.27
-96.5991,42.955#27.99#35.94#36.07
-96.5399,42.9555#27.98#36.15#35.87
-96.4807,42.956#27.96#36.35#35.69
-96.4215,42.9565#27.94#36.54#35.52
-96.3623,42.9569#27.91#36.74#35.35
-96.3031,42.9573#27.89#36.93#35.18
-96.244,42.9577#27.86#37.13#35.01
-96.1848,42.9581#27.84#37.32#34.84
-96.1256,42.9585#27.81#37.52#34.67
-96.0664,42.9589#27.79#37.71#34.5
-96.0072,42.9592#27.76#37.91#34.33
-95.948,42.9595#27.72#38.12#34.16
-95.8888,42.9598#27.68#38.33#33.99
-95.8296,42.9601#27.63#38.54#33.83
-95.7704,42.9603#27.59#38.75#33.66
-95.7112,42.9606#27.54#38.96#33.5
-95.652,42.9608#27.5#39.17#33.33
-95.5928,42.961#27.45#39.38#33.17
-95.5336,42.9612#27.41#39.59#33
-95.4744,42.9613#27.36#39.82#32.82
-95.4152,42.9615#27.32#40.08#32.6
-95.356,42.9616#27.28#40.33#32.39
-95.2968,42.9617#27.24#40.58#32.18
-95.2376,42.9618#27.19#40.84#31.97
-95.1784,42.9618#27.15#41.09#31.76
-95.1192,42.9619#27.11#41.34#31.55
-95.06,42.9619#27.06#41.59#31.35
-95.0008,42.9619#27.02#41.85#31.13
-94.9416,42.9619#26.99#42.07#30.94
-94.8824,42.9619#26.97#42.29#30.74
-94.8232,42.9618#26.94#42.51#30.55
-94.764,42.9618#26.92#42.73#30.35
-94.7048,42.9617#26.89#42.95#30.16
-94.6456,42.9616#26.87#43.17#29.96
-94.5864,42.9615#26.84#43.39#29.77
-94.5272,42.9613#26.82#43.61#29.57
-94.468,42.9612#26.79#43.79#29.42
-94.4088,42.961#26.77#43.95#29.28
-94.3496,42.9608#26.75#44.1#29.15
-94.2904,42.9606#26.73#44.26#29.01
-94.2312,42.9603#26.7#44.41#28.89
-94.172,42.9601#26.68#44.57#28.75
-94.1129,42.9598#26.66#44.73#28.61
-94.0537,42.9595#26.64#44.88#28.48
-93.9945,42.9592#26.62#45.03#28.35
-93.9353,42.9589#26.59#45.14#28.27
-93.8761,42.9585#26.57#45.26#28.17
-93.8169,42.9581#26.54#45.37#28.09
-93.7577,42.9578#26.52#45.48#28
-93.6985,42.9573#26.5#45.59#27.91
-93.6393,42.9569#26.47#45.7#27.83
-93.5801,42.9565#26.45#45.81#27.74
-93.5209,42.956#26.42#45.93#27.65
-93.4617,42.9555#26.41#46#27.59
-93.4025,42.955#26.42#46.06#27.52
-93.3433,42.9545#26.42#46.12#27.46
-93.2842,42.954#26.42#46.18#27.4
-93.225,42.9534#26.42#46.24#27.34
-93.1658,42.9528#26.42#46.3#27.28
-93.1066,42.9522#26.42#46.35#27.23
-93.0474,42.9516#26.42#46.41#27.17
-92.9882,42.951#26.43#46.47#27.1
-92.929,42.9503#26.46#46.49#27.05
-92.8698,42.9497#26.5#46.52#26.98
-92.8107,42.949#26.54#46.55#26.91
-92.7515,42.9483#26.57#46.58#26.85
-92.6923,42.9475#26.61#46.61#26.78
-92.6331,42.9468#26.64#46.63#26.73
-92.5739,42.946#26.68#46.66#26.66
-92.5148,42.9452#26.71#46.69#26.6
-92.4556,42.9444#26.77#46.7#26.53
-92.3964,42.9436#26.84#46.71#26.45
-92.3372,42.9428#26.91#46.72#26.37
-92.2781,42.9419#26.98#46.73#26.29
-92.2189,42.941#27.05#46.73#26.22
-92.1597,42.9401#27.12#46.74#26.14
-92.1005,42.9392#27.19#46.75#26.06
-92.0414,42.9383#27.26#46.76#25.98
-91.9822,42.9373#27.34#46.76#25.9
-91.923,42.9364#27.41#46.74#25.85
-91.8639,42.9354#27.48#46.72#25.8
-91.8047,42.9344#27.55#46.7#25.75
-91.7455,42.9333#27.62#46.68#25.7
-91.6864,42.9323#27.7#46.66#25.64
-91.6272,42.9312#27.77#46.64#25.59
-91.568,42.9301#27.84#46.62#25.54
-91.5089,42.929#27.91#46.6#25.49
-91.4497,42.9279#28#46.54#25.46
-91.3906,42.9267#28.08#46.48#25.44
-91.3314,42.9256#28.17#46.42#25.41
-91.2723,42.9244#28.26#46.36#25.38
-91.2131,42.9232#28.35#46.3#25.35
-91.1539,42.922#28.43#46.24#25.33
-91.0948,42.9207#28.52#46.18#25.3
-91.0357,42.9195#28.61#46.12#25.27
-90.9765,42.9182#28.68#46.04#25.28
-90.9174,42.9169#28.72#45.95#25.33
-90.8582,42.9156#28.76#45.86#25.38
-90.7991,42.9143#28.8#45.77#25.43
-90.7399,42.9129#28.84#45.68#25.48
-90.6808,42.9115#28.88#45.59#25.53
-90.6217,42.9102#28.92#45.5#25.58
-90.5625,42.9087#28.96#45.41#25.63
-90.5034,42.9073#28.99#45.32#25.69
-90.4443,42.9059#28.97#45.2#25.83
-90.3851,42.9044#28.95#45.08#25.97
-90.326,42.9029#28.92#44.96#26.12
-90.2669,42.9014#28.89#44.84#26.27
-101.215,42.9009#28.28#30.36#41.36
-101.156,42.9029#28.26#30.3#41.44
-101.097,42.9049#28.24#30.24#41.52
-101.038,42.9068#28.23#30.19#41.58
-100.979,42.9087#28.2#30.13#41.67
-100.919,42.9106#28.16#30.09#41.75
-100.86,42.9125#28.13#30.04#41.83
-100.801,42.9144#28.09#30#41.91
-100.742,42.9162#28.06#29.95#41.99
-100.683,42.9181#28.02#29.9#42.08
-100.624,42.9199#27.98#29.86#42.16
-100.565,42.9217#27.95#29.81#42.24
-100.506,42.9234#27.91#29.76#42.33
-100.447,42.9252#27.87#29.75#42.38
-100.387,42.9269#27.84#29.75#42.41
-100.328,42.9286#27.81#29.74#42.45
-100.269,42.9303#27.77#29.73#42.5
-100.21,42.932#27.74#29.72#42.54
-100.151,42.9336#27.7#29.72#42.58
-100.092,42.9353#27.67#29.71#42.62
-100.033,42.9369#27.63#29.7#42.67
-99.9734,42.9385#27.61#29.72#42.67
-99.9143,42.9401#27.58#29.77#42.65
-99.8551,42.9416#27.56#29.82#42.62
-99.796,42.9432#27.54#29.87#42.59
-99.7368,42.9447#27.52#29.92#42.56
-99.6777,42.9462#27.49#29.97#42.54
-99.6185,42.9477#27.47#30.02#42.51
-99.5594,42.9491#27.45#30.07#42.48
-99.5002,42.9506#27.42#30.12#42.46
-99.4411,42.952#27.41#30.21#42.38
-99.3819,42.9534#27.39#30.3#42.31
-99.3227,42.9548#27.37#30.38#42.25
-99.2636,42.9562#27.35#30.47#42.18
-99.2044,42.9575#27.33#30.56#42.11
-99.1452,42.9589#27.31#30.65#42.04
-99.0861,42.9602#27.29#30.74#41.97
-99.0269,42.9615#27.27#30.82#41.91
-98.9677,42.9628#27.26#30.91#41.83
-98.9085,42.964#27.25#31#41.75
-98.8494,42.9653#27.24#31.1#41.66
-98.7902,42.9665#27.23#31.19#41.58
-98.731,42.9677#27.23#31.28#41.49
-98.6718,42.9689#27.22#31.37#41.41
-98.6126,42.97#27.21#31.46#41.33
-98.5535,42.9712#27.2#31.55#41.25
-98.4943,42.9723#27.2#31.64#41.16
-98.4351,42.9734#27.23#31.71#41.06
-98.3759,42.9745#27.26#31.79#40.95
-98.3167,42.9756#27.29#31.87#40.84
-98.2575,42.9766#27.31#31.95#40.74
-98.1983,42.9777#27.34#32.03#40.63
-98.1391,42.9787#27.37#32.11#40.52
-98.08,42.9797#27.4#32.18#40.42
-98.0208,42.9806#27.43#32.26#40.31
-97.9616,42.9816#27.46#32.35#40.19
-97.9024,42.9825#27.51#32.45#40.04
-97.8432,42.9834#27.55#32.55#39.9
-97.784,42.9843#27.6#32.65#39.75
-97.7248,42.9852#27.64#32.75#39.61
-97.6656,42.9861#27.69#32.84#39.47
-97.6064,42.9869#27.73#32.94#39.33
-97.5472,42.9877#27.77#33.04#39.19
-97.488,42.9886#27.81#33.16#39.03
-97.4288,42.9893#27.84#33.34#38.82
-97.3696,42.9901#27.87#33.53#38.6
-97.3103,42.9909#27.89#33.72#38.39
-97.2511,42.9916#27.92#33.9#38.18
-97.1919,42.9923#27.94#34.09#37.97
-97.1327,42.993#27.97#34.28#37.75
-97.0735,42.9937#27.99#34.47#37.54
-97.0143,42.9943#28.02#34.65#37.33
-96.9551,42.9949#28.02#34.85#37.13
-96.8959,42.9956#28.02#35.06#36.92
-96.8367,42.9962#28.01#35.26#36.73
-96.7774,42.9967#28.01#35.46#36.53
-96.7182,42.9973#28#35.67#36.33
-96.659,42.9978#28#35.87#36.13
-96.5998,42.9983#28#36.07#35.93
-96.5406,42.9988#27.99#36.28#35.73
-96.4814,42.9993#27.98#36.48#35.54
-96.4222,42.9998#27.96#36.67#35.37
-96.3629,43.0002#27.94#36.87#35.19
-96.3037,43.0007#27.91#37.06#35.03
-96.2445,43.0011#27.89#37.26#34.85
-96.1853,43.0015#27.87#37.45#34.68
-96.1261,43.0018#27.84#37.65#34.51
-96.0668,43.0022#27.82#37.85#34.33
-96.0076,43.0025#27.8#38.04#34.16
-95.9484,43.0028#27.76#38.25#33.99
-95.8892,43.0031#27.72#38.47#33.81
-95.8299,43.0034#27.67#38.68#33.65
-95.7707,43.0036#27.63#38.9#33.47
-95.7115,43.0039#27.59#39.11#33.3
-95.6523,43.0041#27.55#39.33#33.12
-95.5931,43.0043#27.51#39.54#32.95
-95.5338,43.0045#27.47#39.76#32.77
-95.4746,43.0046#27.42#39.99#32.59
-95.4154,43.0048#27.38#40.24#32.38
-95.3562,43.0049#27.33#40.5#32.17
-95.2969,43.005#27.28#40.75#31.97
-95.2377,43.0051#27.24#41.01#31.75
-95.1785,43.0052#27.19#41.26#31.55
-95.1193,43.0052#27.15#41.52#31.33
-95.06,43.0052#27.1#41.77#31.13
-95.0008,43.0053#27.05#42.03#30.92
-94.9416,43.0052#27.02#42.24#30.74
-94.8824,43.0052#27#42.45#30.55
-94.8231,43.0052#26.97#42.67#30.36
-94.7639,43.0051#26.94#42.88#30.18
-94.7047,43.005#26.91#43.09#30
-94.6455,43.0049#26.88#43.3#29.82
-94.5862,43.0048#26.85#43.52#29.63
-94.527,43.0046#26.82#43.73#29.45
-94.4678,43.0045#26.8#43.91#29.29
-94.4086,43.0043#26.77#44.06#29.17
-94.3494,43.0041#26.75#44.21#29.04
-94.2901,43.0039#26.72#44.37#28.91
-94.2309,43.0037#26.7#44.52#28.78
-94.1717,43.0034#26.68#44.67#28.65
-94.1125,43.0031#26.65#44.83#28.52
-94.0532,43.0028#26.63#44.98#28.39
-93.994,43.0025#26.61#45.13#28.26
-93.9348,43.0022#26.58#45.23#28.19
-93.8756,43.0018#26.56#45.34#28.1
-93.8164,43.0015#26.53#45.45#28.02
-93.7571,43.0011#26.5#45.55#27.95
-93.6979,43.0007#26.48#45.66#27.86
-93.6387,43.0003#26.45#45.77#27.78
-93.5795,42.9998#26.43#45.87#27.7
-93.5203,42.9993#26.4#45.98#27.62
-93.4611,42.9989#26.39#46.05#27.56
-93.4018,42.9984#26.39#46.11#27.5
-93.3426,42.9978#26.39#46.16#27.45
-93.2834,42.9973#26.39#46.22#27.39
-93.2242,42.9967#26.39#46.27#27.34
-93.165,42.9962#26.39#46.33#27.28
-93.1058,42.9956#26.39#46.39#27.22
-93.0466,42.995#26.39#46.44#27.17
-92.9873,42.9943#26.4#46.49#27.11
-92.9281,42.9937#26.44#46.52#27.04
-92.8689,42.993#26.47#46.54#26.99
-92.8097,42.9923#26.5#46.57#26.93
-92.7505,42.9916#26.54#46.6#26.86
-92.6913,42.9909#26.57#46.62#26.81
-92.6321,42.9901#26.61#46.65#26.74
-92.5729,42.9894#26.64#46.68#26.68
-92.5137,42.9886#26.68#46.7#26.62
-92.4545,42.9878#26.74#46.71#26.55
-92.3953,42.9869#26.81#46.72#26.47
-92.3361,42.9861#26.87#46.72#26.41
-92.2769,42.9852#26.94#46.73#26.33
-92.2177,42.9844#27.01#46.74#26.25
-92.1585,42.9835#27.07#46.74#26.19
-92.0993,42.9826#27.14#46.75#26.11
-92.0401,42.9816#27.21#46.75#26.04
-91.9809,42.9807#27.28#46.75#25.97
-91.9217,42.9797#27.36#46.72#25.92
-91.8625,42.9787#27.43#46.7#25.87
-91.8033,42.9777#27.51#46.67#25.82
-91.7441,42.9767#27.58#46.65#25.77
-91.6849,42.9756#27.65#46.63#25.72
-91.6257,42.9745#27.73#46.6#25.67
-91.5665,42.9734#27.8#46.58#25.62
-91.5074,42.9723#27.88#46.56#25.56
-91.4482,42.9712#27.97#46.49#25.54
-91.389,42.9701#28.06#46.42#25.52
-91.3298,42.9689#28.15#46.36#25.49
-91.2706,42.9677#28.24#46.29#25.47
-91.2114,42.9665#28.33#46.22#25.45
-91.1523,42.9653#28.42#46.15#25.43
-91.0931,42.9641#28.51#46.09#25.4
-91.0339,42.9628#28.6#46.02#25.38
-90.9747,42.9615#28.67#45.94#25.39
-90.9156,42.9602#28.72#45.85#25.43
-90.8564,42.9589#28.76#45.76#25.48
-90.7972,42.9576#28.81#45.67#25.52
-90.7381,42.9562#28.85#45.58#25.57
-90.6789,42.9549#28.89#45.49#25.62
-90.6197,42.9535#28.94#45.4#25.66
-90.5606,42.9521#28.98#45.31#25.71
-90.5014,42.9506#29.02#45.22#25.76
-90.4423,42.9492#29#45.09#25.91
-90.3831,42.9477#28.97#44.95#26.08
-90.324,42.9462#28.95#44.82#26.23
-90.2648,42.9447#28.92#44.68#26.4
-90.2056,42.9432#28.9#44.55#26.55
-90.1465,42.9417#28.87#44.42#26.71
-90.0873,42.9401#28.85#44.29#26.86
-90.0282,42.9385#28.82#44.16#27.02
-89.9691,42.9369#28.77#43.97#27.26
-89.9099,42.9353#28.68#43.72#27.6
-89.8508,42.9337#28.6#43.47#27.93
-89.7916,42.932#28.52#43.22#28.26
-89.7325,42.9304#28.43#42.97#28.6
-89.6734,42.9287#28.35#42.73#28.92
-89.6142,42.9269#28.26#42.48#29.26
-89.5551,42.9252#28.17#42.23#29.6
-89.496,42.9235#28.09#41.98#29.93
-89.4369,42.9217#27.97#41.7#30.33
-89.3777,42.9199#27.85#41.43#30.72
-89.3186,42.9181#27.73#41.15#31.12
-89.2595,42.9163#27.62#40.87#31.51
-89.2004,42.9144#27.5#40.59#31.91
-89.1413,42.9126#27.38#40.31#32.31
-89.0821,42.9107#27.26#40.03#32.71
-89.023,42.9088#27.15#39.75#33.1
-88.9639,42.9069#27.11#39.48#33.41
-88.9048,42.9049#27.12#39.23#33.65
-88.8457,42.903#27.13#38.97#33.9
-88.7866,42.901#27.15#38.71#34.14
-102.4,42.9007#27.74#31.05#41.21
-102.341,42.9031#27.82#31.04#41.14
-102.282,42.9054#27.9#31.02#41.08
-102.223,42.9078#27.98#31#41.02
-102.163,42.9101#28.06#30.98#40.96
-102.104,42.9123#28.14#30.97#40.89
-102.045,42.9146#28.21#30.95#40.84
-101.986,42.9168#28.27#30.93#40.8
-101.927,42.9191#28.28#30.9#40.82
-101.868,42.9213#28.3#30.87#40.83
-101.809,42.9234#28.31#30.83#40.86
-101.75,42.9256#28.32#30.8#40.88
-101.691,42.9278#28.33#30.77#40.9
-101.632,42.9299#28.34#30.73#40.93
-101.572,42.932#28.34#30.7#40.96
-101.513,42.9341#28.35#30.67#40.98
-101.454,42.9362#28.34#30.62#41.04
-101.395,42.9382#28.32#30.56#41.12
-101.336,42.9402#28.3#30.51#41.19
-101.277,42.9423#28.29#30.45#41.26
-101.218,42.9443#28.27#30.4#41.33
-101.159,42.9462#28.25#30.35#41.4
-101.099,42.9482#28.23#30.29#41.48
-101.04,42.9501#28.21#30.24#41.55
-100.981,42.952#28.18#30.19#41.63
-100.922,42.9539#28.15#30.14#41.71
-100.863,42.9558#28.11#30.09#41.8
-100.804,42.9577#28.07#30.04#41.89
-100.745,42.9595#28.04#29.99#41.97
-100.686,42.9614#28#29.95#42.05
-100.626,42.9632#27.96#29.9#42.14
-100.567,42.965#27.93#29.85#42.22
-100.508,42.9667#27.89#29.8#42.31
-100.449,42.9685#27.86#29.79#42.35
-100.39,42.9702#27.82#29.78#42.4
-100.331,42.9719#27.79#29.77#42.44
-100.271,42.9736#27.76#29.76#42.48
-100.212,42.9753#27.72#29.75#42.53
-100.153,42.9769#27.69#29.74#42.57
-100.094,42.9786#27.66#29.74#42.6
-100.035,42.9802#27.63#29.73#42.64
-99.9756,42.9818#27.6#29.74#42.66
-99.9164,42.9834#27.57#29.79#42.64
-99.8573,42.9849#27.55#29.85#42.6
-99.7981,42.9865#27.53#29.9#42.57
-99.7389,42.988#27.5#29.95#42.55
-99.6797,42.9895#27.48#30#42.52
-99.6205,42.991#27.46#30.05#42.49
-99.5614,42.9925#27.43#30.11#42.46
-99.5022,42.9939#27.41#30.16#42.43
-99.443,42.9953#27.39#30.24#42.37
-99.3838,42.9967#27.36#30.33#42.31
-99.3246,42.9981#27.34#30.42#42.24
-99.2654,42.9995#27.32#30.51#42.17
-99.2062,43.0009#27.3#30.6#42.1
-99.147,43.0022#27.28#30.69#42.03
-99.0878,43.0035#27.25#30.78#41.97
-99.0286,43.0048#27.23#30.87#41.9
-98.9695,43.0061#27.22#30.96#41.82
-98.9102,43.0073#27.21#31.05#41.74
-98.851,43.0086#27.2#31.14#41.66
-98.7918,43.0098#27.19#31.23#41.58
-98.7326,43.011#27.18#31.32#41.5
-98.6734,43.0122#27.17#31.41#41.42
-98.6142,43.0134#27.17#31.5#41.33
-98.555,43.0145#27.16#31.59#41.25
-98.4958,43.0156#27.15#31.68#41.17
-98.4366,43.0167#27.18#31.76#41.06
-98.3774,43.0178#27.21#31.84#40.95
-98.3182,43.0189#27.23#31.92#40.85
-98.259,43.0199#27.26#32#40.74
-98.1997,43.021#27.29#32.07#40.64
-98.1405,43.022#27.32#32.15#40.53
-98.0813,43.023#27.34#32.23#40.43
-98.0221,43.024#27.37#32.31#40.32
-97.9629,43.0249#27.41#32.4#40.19
-97.9036,43.0258#27.46#32.5#40.04
-97.8444,43.0268#27.5#32.61#39.89
-97.7852,43.0277#27.55#32.71#39.74
-97.726,43.0285#27.59#32.82#39.59
-97.6667,43.0294#27.64#32.92#39.44
-97.6075,43.0302#27.69#33.02#39.29
-97.5483,43.0311#27.73#33.13#39.14
-97.489,43.0319#27.78#33.25#38.97
-97.4298,43.0327#27.8#33.44#38.76
-97.3706,43.0334#27.83#33.63#38.54
-97.3114,43.0342#27.86#33.82#38.32
-97.2521,43.0349#27.89#34.01#38.1
-97.1929,43.0356#27.91#34.2#37.89
-97.1337,43.0363#27.94#34.39#37.67
-97.0744,43.037#27.97#34.59#37.44
-97.0152,43.0376#28#34.78#37.22
-96.9559,43.0383#28#34.98#37.02
-96.8967,43.0389#28#35.18#36.82
-96.8375,43.0395#28#35.39#36.61
-96.7782,43.04#28#35.59#36.41
-96.719,43.0406#28#35.79#36.21
-96.6597,43.0411#28#36#36
-96.6005,43.0417#28#36.2#35.8
-96.5413,43.0422#28#36.41#35.59
-96.482,43.0427#28#36.61#35.39
-96.4228,43.0431#27.98#36.8#35.22
-96.3635,43.0436#27.96#37#35.04
-96.3043,43.044#27.93#37.2#34.87
-96.245,43.0444#27.91#37.39#34.7
-96.1858,43.0448#27.89#37.59#34.52
-96.1265,43.0452#27.87#37.78#34.35
-96.0673,43.0455#27.85#37.98#34.17
-96.0081,43.0458#27.83#38.18#33.99
-95.9488,43.0461#27.79#38.39#33.82
-95.8896,43.0464#27.76#38.61#33.63
-95.8303,43.0467#27.72#38.83#33.45
-95.7711,43.047#27.68#39.05#33.27
-95.7118,43.0472#27.64#39.26#33.1
-95.6526,43.0474#27.6#39.48#32.92
-95.5933,43.0476#27.56#39.7#32.74
-95.5341,43.0478#27.53#39.92#32.55
-95.4748,43.048#27.48#40.15#32.37
-95.4156,43.0481#27.43#40.41#32.16
-95.3563,43.0482#27.38#40.67#31.95
-95.2971,43.0483#27.33#40.92#31.75
-95.2378,43.0484#27.29#41.18#31.53
-95.1786,43.0485#27.24#41.44#31.32
-95.1193,43.0485#27.19#41.7#31.11
-95.0601,43.0486#27.14#41.95#30.91
-95.0008,43.0486#27.09#42.21#30.7
-94.9416,43.0486#27.05#42.42#30.53
-94.8823,43.0485#27.02#42.62#30.36
-94.8231,43.0485#26.99#42.83#30.18
-94.7638,43.0484#26.96#43.03#30.01
-94.7046,43.0483#26.93#43.23#29.84
-94.6453,43.0482#26.89#43.44#29.67
-94.5861,43.0481#26.86#43.64#29.5
-94.5268,43.048#26.83#43.85#29.32
-94.4676,43.0478#26.8#44.02#29.18
-94.4083,43.0476#26.77#44.17#29.06
-94.3491,43.0474#26.75#44.33#28.92
-94.2898,43.0472#26.72#44.48#28.8
-94.2306,43.047#26.7#44.63#28.67
-94.1713,43.0467#26.67#44.78#28.55
-94.1121,43.0464#26.65#44.93#28.42
-94.0528,43.0462#26.62#45.08#28.3
-93.9936,43.0458#26.6#45.22#28.18
-93.9343,43.0455#26.57#45.32#28.11
-93.8751,43.0452#26.54#45.43#28.03
-93.8158,43.0448#26.52#45.53#27.95
-93.7566,43.0444#26.49#45.63#27.88
-93.6974,43.044#26.46#45.73#27.81
-93.6381,43.0436#26.44#45.83#27.73
-93.5789,43.0431#26.41#45.93#27.66
-93.5196,43.0427#26.38#46.04#27.58
-93.4604,43.0422#26.37#46.1#27.53
-93.4011,43.0417#26.37#46.16#27.47
-93.3419,43.0412#26.37#46.21#27.42
-93.2827,43.0406#26.37#46.26#27.37
-93.2234,43.0401#26.37#46.31#27.32
-93.1642,43.0395#26.37#46.36#27.27
-93.1049,43.0389#26.37#46.42#27.21
-93.0457,43.0383#26.37#46.47#27.16
-92.9865,43.0376#26.37#46.51#27.12
-92.9272,43.037#26.41#46.54#27.05
-92.868,43.0363#26.44#46.56#27
-92.8088,43.0356#26.47#46.59#26.94
-92.7495,43.0349#26.51#46.61#26.88
-92.6903,43.0342#26.54#46.64#26.82
-92.6311,43.0334#26.58#46.66#26.76
-92.5718,43.0327#26.61#46.69#26.7
-92.5126,43.0319#26.65#46.72#26.63
-92.4534,43.0311#26.7#46.72#26.58
-92.3941,43.0303#26.77#46.73#26.5
-92.3349,43.0294#26.83#46.73#26.44
-92.2757,43.0286#26.9#46.73#26.37
-92.2164,43.0277#26.96#46.74#26.3
-92.1572,43.0268#27.03#46.74#26.23
-92.098,43.0259#27.09#46.74#26.17
-92.0388,43.0249#27.16#46.75#26.09
-91.9796,43.024#27.23#46.74#26.03
-91.9203,43.023#27.3#46.71#25.99
-91.8611,43.022#27.38#46.68#25.94
-91.8019,43.021#27.46#46.65#25.89
-91.7427,43.02#27.54#46.62#25.84
-91.6835,43.0189#27.61#46.6#25.79
-91.6243,43.0178#27.69#46.57#25.74
-91.565,43.0168#27.77#46.54#25.69
-91.5058,43.0157#27.85#46.51#25.64
-91.4466,43.0145#27.94#46.44#25.62
-91.3874,43.0134#28.03#46.37#25.6
-91.3282,43.0122#28.13#46.29#25.58
-91.269,43.011#28.22#46.22#25.56
-91.2098,43.0098#28.32#46.14#25.54
-91.1506,43.0086#28.41#46.07#25.52
-91.0914,43.0074#28.5#46#25.5
-91.0322,43.0061#28.6#45.92#25.48
-90.973,43.0048#28.67#45.84#25.49
-90.9138,43.0035#28.72#45.75#25.53
-90.8546,43.0022#28.77#45.66#25.57
-90.7954,43.0009#28.81#45.58#25.61
-90.7362,42.9995#28.86#45.49#25.65
-90.677,42.9982#28.91#45.4#25.69
-90.6178,42.9968#28.96#45.31#25.73
-90.5586,42.9954#29#45.22#25.78
-90.4995,42.9939#29.05#45.13#25.82
-90.4403,42.9925#29.03#44.98#25.99
-90.3811,42.991#29#44.83#26.17
-90.3219,42.9895#28.98#44.68#26.34
-90.2627,42.988#28.96#44.53#26.51
-90.2036,42.9865#28.93#44.38#26.69
-90.1444,42.985#28.91#44.23#26.86
-90.0852,42.9834#28.88#44.09#27.03
-90.026,42.9818#28.86#43.95#27.19
-89.9669,42.9802#28.81#43.74#27.45
-89.9077,42.9786#28.73#43.48#27.79
-89.8485,42.977#28.65#43.23#28.12
-89.7894,42.9753#28.57#42.97#28.46
-89.7302,42.9737#28.49#42.72#28.79
-89.671,42.972#28.4#42.47#29.13
-89.6119,42.9703#28.32#42.21#29.47
-89.5527,42.9685#28.24#41.96#29.8
-89.4936,42.9668#28.16#41.71#30.13
-89.4344,42.965#28.03#41.43#30.54
-89.3753,42.9632#27.91#41.16#30.93
-89.3161,42.9614#27.79#40.89#31.32
-89.257,42.9596#27.67#40.62#31.71
-89.1978,42.9577#27.55#40.34#32.11
-89.1387,42.9559#27.43#40.07#32.5
-89.0796,42.954#27.31#39.79#32.9
-89.0204,42.9521#27.19#39.52#33.29
-88.9613,42.9502#27.16#39.25#33.59
-88.9022,42.9482#27.16#39#33.84
-88.843,42.9463#27.17#38.74#34.09
-88.7839,42.9443#27.18#38.48#34.34
-88.7248,42.9423#27.19#38.23#34.58
-88.6657,42.9403#27.2#37.97#34.83
-88.6065,42.9383#27.21#37.71#35.08
-88.5474,42.9362#27.22#37.45#35.33
-88.4883,42.9341#27.24#37.2#35.56
-88.4292,42.9321#27.3#36.95#35.75
-88.3701,42.9299#27.36#36.71#35.93
-88.311,42.9278#27.43#36.46#36.11
-88.2519,42.9257#27.49#36.21#36.3
-88.1928,42.9235#27.55#35.97#36.48
-88.1337,42.9213#27.61#35.72#36.67
-88.0746,42.9191#27.68#35.47#36.85
-88.0155,42.9169#27.74#35.23#37.03
-87.9564,42.9147#27.78#34.99#37.23
-87.8973,42.9124#27.81#34.74#37.45
-87.8382,42.9101#27.84#34.5#37.66
-87.7791,42.9078#27.88#34.26#37.86
-87.72,42.9055#27.91#34.02#38.07
-87.661,42.9032#27.94#33.78#38.28
-87.6019,42.9008#27.97#33.54#38.49
-103.407,42.9011#26.43#30.82#42.75
-103.348,42.9038#26.49#30.85#42.66
-103.289,42.9064#26.55#30.87#42.58
-103.23,42.9091#26.61#30.89#42.5
-103.171,42.9117#26.67#30.92#42.41
-103.112,42.9143#26.73#30.94#42.33
-103.053,42.9169#26.79#30.97#42.24
-102.994,42.9194#26.85#30.99#42.16
-102.935,42.922#26.95#31#42.05
-102.876,42.9245#27.05#31.01#41.94
-102.817,42.927#27.15#31.02#41.83
-102.758,42.9295#27.25#31.03#41.72
-102.698,42.932#27.35#31.04#41.61
-102.639,42.9344#27.45#31.05#41.5
-102.58,42.9369#27.55#31.06#41.39
-102.521,42.9393#27.65#31.07#41.28
-102.462,42.9417#27.73#31.07#41.2
-102.403,42.944#27.81#31.05#41.14
-102.344,42.9464#27.88#31.04#41.08
-102.285,42.9487#27.95#31.02#41.03
-102.226,42.951#28.02#31.01#40.97
-102.167,42.9533#28.1#30.99#40.91
-102.107,42.9556#28.17#30.98#40.85
-102.048,42.9579#28.24#30.97#40.79
-101.989,42.9601#28.29#30.95#40.76
-101.93,42.9623#28.3#30.92#40.78
-101.871,42.9645#28.31#30.89#40.8
-101.812,42.9667#28.32#30.86#40.82
-101.753,42.9689#28.32#30.82#40.86
-101.694,42.971#28.33#30.79#40.88
-101.634,42.9732#28.34#30.76#40.9
-101.575,42.9753#28.35#30.73#40.92
-101.516,42.9774#28.35#30.7#40.95
-101.457,42.9794#28.34#30.65#41.01
-101.398,42.9815#28.32#30.6#41.08
-101.339,42.9835#28.3#30.55#41.15
-101.28,42.9855#28.28#30.49#41.23
-101.22,42.9875#28.26#30.44#41.3
-101.161,42.9895#28.24#30.39#41.37
-101.102,42.9915#28.22#30.34#41.44
-101.043,42.9934#28.19#30.29#41.52
-100.984,42.9953#28.17#30.24#41.59
-100.925,42.9972#28.13#30.19#41.68
-100.865,42.9991#28.09#30.14#41.77
-100.806,43.001#28.06#30.09#41.85
-100.747,43.0028#28.02#30.04#41.94
-100.688,43.0047#27.98#29.99#42.03
-100.629,43.0065#27.94#29.94#42.12
-100.57,43.0083#27.91#29.89#42.2
-100.51,43.01#27.87#29.84#42.29
-100.451,43.0118#27.84#29.82#42.34
-100.392,43.0135#27.8#29.81#42.39
-100.333,43.0152#27.77#29.8#42.43
-100.274,43.0169#27.74#29.79#42.47
-100.215,43.0186#27.71#29.78#42.51
-100.155,43.0202#27.68#29.77#42.55
-100.096,43.0219#27.65#29.76#42.59
-100.037,43.0235#27.62#29.75#42.63
-99.9778,43.0251#27.59#29.77#42.64
-99.9186,43.0267#27.57#29.82#42.61
-99.8594,43.0282#27.54#29.87#42.59
-99.8002,43.0298#27.52#29.93#42.55
-99.741,43.0313#27.49#29.98#42.53
-99.6818,43.0328#27.47#30.03#42.5
-99.6226,43.0343#27.44#30.09#42.47
-99.5634,43.0358#27.42#30.14#42.44
-99.5041,43.0372#27.39#30.2#42.41
-99.4449,43.0386#27.37#30.28#42.35
-99.3857,43.04#27.34#30.37#42.29
-99.3265,43.0414#27.32#30.46#42.22
-99.2673,43.0428#27.29#30.55#42.16
-99.2081,43.0442#27.27#30.64#42.09
-99.1489,43.0455#27.24#30.73#42.03
-99.0896,43.0468#27.22#30.82#41.96
-99.0304,43.0481#27.19#30.91#41.9
-98.9712,43.0494#27.17#31#41.83
-98.912,43.0506#27.17#31.09#41.74
-98.8527,43.0519#27.16#31.18#41.66
-98.7935,43.0531#27.15#31.27#41.58
-98.7343,43.0543#27.14#31.36#41.5
-98.675,43.0555#27.13#31.46#41.41
-98.6158,43.0567#27.12#31.55#41.33
-98.5566,43.0578#27.11#31.64#41.25
-98.4973,43.0589#27.1#31.73#41.17
-98.4381,43.06#27.13#31.81#41.06
-98.3789,43.0611#27.16#31.89#40.95
-98.3196,43.0622#27.18#31.96#40.86
-98.2604,43.0632#27.21#32.04#40.75
-98.2011,43.0643#27.24#32.12#40.64
-98.1419,43.0653#27.26#32.2#40.54
-98.0826,43.0663#27.29#32.28#40.43
-98.0234,43.0673#27.32#32.35#40.33
-97.9642,43.0682#27.35#32.45#40.2
-97.9049,43.0691#27.4#32.56#40.04
-97.8457,43.0701#27.45#32.67#39.88
-97.7864,43.071#27.5#32.78#39.72
-97.7272,43.0718#27.55#32.89#39.56
-97.6679,43.0727#27.59#33#39.41
-97.6086,43.0735#27.64#33.11#39.25
-97.5494,43.0744#27.69#33.22#39.09
-97.4901,43.0752#27.74#33.34#38.92
-97.4309,43.076#27.77#33.53#38.7
-97.3716,43.0767#27.8#33.73#38.47
-97.3124,43.0775#27.83#33.93#38.24
-97.2531,43.0782#27.86#34.12#38.02
-97.1938,43.0789#27.89#34.32#37.79
-97.1346,43.0796#27.92#34.51#37.57
-97.0753,43.0803#27.95#34.71#37.34
-97.0161,43.0809#27.98#34.9#37.12
-96.9568,43.0816#27.99#35.1#36.91
-96.8975,43.0822#27.99#35.31#36.7
-96.8383,43.0828#28#35.51#36.49
-96.779,43.0834#28#35.72#36.28
-96.7197,43.0839#28#35.92#36.08
-96.6605,43.0845#28.01#36.13#35.86
-96.6012,43.085#28.01#36.33#35.66
-96.5419,43.0855#28.02#36.54#35.44
-96.4827,43.086#28.02#36.74#35.24
-96.4234,43.0864#28#36.93#35.07
-96.3641,43.0869#27.98#37.13#34.89
-96.3049,43.0873#27.96#37.33#34.71
-96.2456,43.0877#27.94#37.52#34.54
-96.1863,43.0881#27.92#37.72#34.36
-96.127,43.0885#27.9#37.92#34.18
-96.0678,43.0888#27.88#38.11#34.01
-96.0085,43.0891#27.86#38.31#33.83
-95.9492,43.0895#27.83#38.53#33.64
-95.8899,43.0897#27.79#38.75#33.46
-95.8307,43.09#27.76#38.97#33.27
-95.7714,43.0903#27.72#39.19#33.09
-95.7121,43.0905#27.69#39.41#32.9
-95.6529,43.0907#27.65#39.64#32.71
-95.5936,43.0909#27.62#39.86#32.52
-95.5343,43.0911#27.58#40.08#32.34
-95.475,43.0913#27.54#40.32#32.14
-95.4158,43.0914#27.49#40.58#31.93
-95.3565,43.0915#27.44#40.84#31.72
-95.2972,43.0916#27.38#41.1#31.52
-95.2379,43.0917#27.33#41.36#31.31
-95.1786,43.0918#27.28#41.61#31.11
-95.1194,43.0918#27.23#41.87#30.9
-95.0601,43.0919#27.17#42.13#30.7
-95.0008,43.0919#27.12#42.39#30.49
-94.9415,43.0919#27.09#42.59#30.32
-94.8823,43.0918#27.05#42.79#30.16
-94.823,43.0918#27.01#42.98#30.01
-94.7637,43.0917#26.98#43.18#29.84
-94.7044,43.0916#26.94#43.38#29.68
-94.6452,43.0915#26.91#43.58#29.51
-94.5859,43.0914#26.87#43.77#29.36
-94.5266,43.0913#26.83#43.97#29.2
-94.4673,43.0911#26.8#44.14#29.06
-94.4081,43.0909#26.78#44.29#28.93
-94.3488,43.0907#26.75#44.44#28.81
-94.2895,43.0905#26.72#44.58#28.7
-94.2302,43.0903#26.69#44.73#28.58
-94.171,43.09#26.67#44.88#28.45
-94.1117,43.0898#26.64#45.03#28.33
-94.0524,43.0895#26.61#45.18#28.21
-93.9931,43.0892#26.59#45.32#28.09
-93.9339,43.0888#26.56#45.42#28.02
-93.8746,43.0885#26.53#45.51#27.96
-93.8153,43.0881#26.5#45.61#27.89
-93.7561,43.0877#26.48#45.7#27.82
-93.6968,43.0873#26.45#45.8#27.75
-93.6375,43.0869#26.42#45.9#27.68
-93.5782,43.0864#26.39#45.99#27.62
-93.519,43.086#26.37#46.09#27.54
-93.4597,43.0855#26.35#46.15#27.5
-93.4004,43.085#26.35#46.2#27.45
-93.3412,43.0845#26.35#46.25#27.4
-93.2819,43.0839#26.35#46.3#27.35
-93.2226,43.0834#26.34#46.35#27.31
-93.1634,43.0828#26.34#46.4#27.26
-93.1041,43.0822#26.34#46.45#27.21
-93.0448,43.0816#26.34#46.5#27.16
-92.9856,43.081#26.34#46.54#27.12
-92.9263,43.0803#26.38#46.56#27.06
-92.8671,43.0796#26.41#46.59#27
-92.8078,43.0789#26.44#46.61#26.95
-92.7485,43.0782#26.48#46.63#26.89
-92.6893,43.0775#26.51#46.66#26.83
-92.63,43.0768#26.54#46.68#26.78
-92.5708,43.076#26.58#46.7#26.72
-92.5115,43.0752#26.61#46.73#26.66
-92.4522,43.0744#26.67#46.73#26.6
-92.393,43.0736#26.73#46.73#26.54
-92.3337,43.0727#26.79#46.74#26.47
-92.2745,43.0719#26.85#46.74#26.41
-92.2152,43.071#26.91#46.74#26.35
-92.156,43.0701#26.98#46.74#26.28
-92.0967,43.0692#27.04#46.74#26.22
-92.0375,43.0682#27.1#46.74#26.16
-91.9782,43.0673#27.17#46.73#26.1
-91.919,43.0663#27.25#46.7#26.05
-91.8597,43.0653#27.33#46.66#26.01
-91.8005,43.0643#27.41#46.63#25.96
-91.7413,43.0633#27.49#46.6#25.91
-91.682,43.0622#27.58#46.56#25.86
-91.6228,43.0612#27.66#46.53#25.81
-91.5635,43.0601#27.74#46.5#25.76
-91.5043,43.059#27.82#46.47#25.71
-91.4451,43.0578#27.91#46.39#25.7
-91.3858,43.0567#28.01#46.31#25.68
-91.3266,43.0555#28.11#46.23#25.66
-91.2674,43.0543#28.21#46.15#25.64
-91.2081,43.0531#28.3#46.07#25.63
-91.1489,43.0519#28.4#45.99#25.61
-91.0897,43.0507#28.5#45.91#25.59
-91.0305,43.0494#28.59#45.83#25.58
-90.9712,43.0481#28.67#45.74#25.59
-90.912,43.0468#28.72#45.66#25.62
-90.8528,43.0455#28.77#45.57#25.66
-90.7936,43.0442#28.82#45.48#25.7
-90.7343,43.0428#28.88#45.39#25.73
-90.6751,43.0415#28.93#45.3#25.77
-90.6159,43.0401#28.98#45.21#25.81
-90.5567,43.0387#29.03#45.12#25.85
-90.4975,43.0372#29.08#45.03#25.89
-90.4383,43.0358#29.05#44.86#26.09
-90.3791,43.0343#29.03#44.7#26.27
-90.3199,43.0328#29.01#44.53#26.46
-90.2607,43.0313#28.99#44.37#26.64
-90.2015,43.0298#28.97#44.21#26.82
-90.1423,43.0283#28.94#44.05#27.01
-90.0831,43.0267#28.92#43.89#27.19
-90.0239,43.0251#28.9#43.73#27.37
-89.9647,43.0235#28.84#43.51#27.65
-89.9055,43.0219#28.77#43.25#27.98
-89.8463,43.0203#28.69#42.99#28.32
-89.7871,43.0186#28.62#42.73#28.65
-89.7279,43.017#28.54#42.47#28.99
-89.6687,43.0153#28.46#42.21#29.33
-89.6095,43.0136#28.39#41.95#29.66
-89.5504,43.0118#28.31#41.69#30
-89.4912,43.0101#28.22#41.43#30.35
-89.432,43.0083#28.1#41.16#30.74
-89.3728,43.0065#27.98#40.9#31.12
-89.3136,43.0047#27.85#40.63#31.52
-89.2545,43.0029#27.73#40.36#31.91
-89.1953,43.001#27.6#40.09#32.31
-89.1361,42.9992#27.48#39.82#32.7
-89.077,42.9973#27.36#39.56#33.08
-89.0178,42.9954#27.23#39.29#33.48
-88.9587,42.9935#27.2#39.03#33.77
-88.8995,42.9915#27.21#38.77#34.02
-88.8403,42.9896#27.21#38.51#34.28
-88.7812,42.9876#27.21#38.26#34.53
-88.722,42.9856#27.22#38#34.78
-88.6629,42.9836#27.23#37.75#35.02
-88.6037,42.9816#27.23#37.49#35.28
-88.5446,42.9795#27.24#37.23#35.53
-88.4855,42.9774#27.26#36.98#35.76
-88.4263,42.9753#27.32#36.73#35.95
-88.3672,42.9732#27.38#36.49#36.13
-88.3081,42.9711#27.44#36.24#36.32
-88.2489,42.969#27.51#36#36.49
-88.1898,42.9668#27.57#35.75#36.68
-88.1307,42.9646#27.63#35.5#36.87
-88.0715,42.9624#27.69#35.26#37.05
-88.0124,42.9602#27.75#35.01#37.24
-87.9533,42.9579#27.79#34.77#37.44
-87.8942,42.9557#27.83#34.53#37.64
-87.8351,42.9534#27.86#34.29#37.85
-87.776,42.9511#27.89#34.04#38.07
-87.7169,42.9488#27.92#33.8#38.28
-87.6578,42.9464#27.96#33.56#38.48
-87.5987,42.9441#27.99#33.32#38.69
-87.5396,42.9417#28.02#33.08#38.9
-87.4805,42.9393#28.05#32.84#39.11
-87.4214,42.9369#28.08#32.6#39.32
-87.3623,42.9345#28.12#32.36#39.52
-87.3032,42.932#28.15#32.13#39.72
-87.2441,42.9296#28.18#31.89#39.93
-87.185,42.9271#28.21#31.65#40.14
-87.126,42.9246#28.24#31.41#40.35
-87.0669,42.9221#28.27#31.18#40.55
-87.0078,42.9195#28.31#30.94#40.75
-86.9487,42.9169#28.34#30.73#40.93
-86.8897,42.9144#28.38#30.52#41.1
-86.8306,42.9118#28.41#30.31#41.28
-86.7716,42.9091#28.45#30.1#41.45
-86.7125,42.9065#28.48#29.89#41.63
-86.6534,42.9039#28.52#29.68#41.8
-86.5944,42.9012#28.55#29.46#41.99
-104.297,42.9019#26.4#30.03#43.57
-104.238,42.9049#26.39#30.09#43.52
-104.179,42.9078#26.37#30.15#43.48
-104.12,42.9108#26.36#30.21#43.43
-104.061,42.9137#26.34#30.27#43.39
-104.001,42.9166#26.33#30.33#43.34
-103.942,42.9194#26.33#30.38#43.29
-103.883,42.9223#26.34#30.42#43.24
-103.824,42.9251#26.35#30.47#43.18
-103.765,42.9279#26.35#30.52#43.13
-103.706,42.9307#26.36#30.58#43.06
-103.647,42.9335#26.37#30.63#43
-103.588,42.9362#26.38#30.68#42.94
-103.529,42.939#26.39#30.73#42.88
-103.47,42.9417#26.42#30.77#42.81
-103.411,42.9444#26.48#30.79#42.73
-103.352,42.947#26.54#30.82#42.64
-103.293,42.9497#26.61#30.84#42.55
-103.234,42.9523#26.67#30.87#42.46
-103.175,42.955#26.73#30.9#42.37
-103.115,42.9576#26.79#30.92#42.29
-103.056,42.9601#26.86#30.95#42.19
-102.997,42.9627#26.92#30.98#42.1
-102.938,42.9653#27.02#30.99#41.99
-102.879,42.9678#27.12#31#41.88
-102.82,42.9703#27.22#31.01#41.77
-102.761,42.9728#27.32#31.02#41.66
-102.702,42.9752#27.42#31.03#41.55
-102.643,42.9777#27.52#31.04#41.44
-102.584,42.9801#27.62#31.05#41.33
-102.524,42.9825#27.72#31.07#41.21
-102.465,42.9849#27.8#31.06#41.14
-102.406,42.9873#27.87#31.05#41.08
-102.347,42.9897#27.94#31.04#41.02
-102.288,42.992#28#31.03#40.97
-102.229,42.9943#28.07#31.02#40.91
-102.17,42.9966#28.13#31.01#40.86
-102.111,42.9989#28.2#31#40.8
-102.051,43.0012#28.26#30.99#40.75
-101.992,43.0034#28.31#30.97#40.72
-101.933,43.0056#28.32#30.94#40.74
-101.874,43.0078#28.32#30.91#40.77
-101.815,43.01#28.33#30.88#40.79
-101.756,43.0122#28.33#30.85#40.82
-101.697,43.0143#28.34#30.82#40.84
-101.637,43.0165#28.34#30.79#40.87
-101.578,43.0186#28.35#30.76#40.89
-101.519,43.0207#28.35#30.73#40.92
-101.46,43.0227#28.34#30.68#40.98
-101.401,43.0248#28.32#30.63#41.05
-101.342,43.0268#28.29#30.58#41.13
-101.282,43.0288#28.27#30.53#41.2
-101.223,43.0308#28.25#30.48#41.27
-101.164,43.0328#28.23#30.44#41.33
-101.105,43.0348#28.2#30.39#41.41
-101.046,43.0367#28.18#30.34#41.48
-100.986,43.0386#28.15#30.29#41.56
-100.927,43.0405#28.11#30.24#41.65
-100.868,43.0424#28.08#30.19#41.73
-100.809,43.0443#28.04#30.14#41.82
-100.75,43.0461#28#30.08#41.92
-100.69,43.0479#27.96#30.03#42.01
-100.631,43.0497#27.92#29.98#42.1
-100.572,43.0515#27.89#29.93#42.18
-100.513,43.0533#27.85#29.87#42.28
-100.454,43.0551#27.82#29.85#42.33
-100.394,43.0568#27.79#29.84#42.37
-100.335,43.0585#27.76#29.83#42.41
-100.276,43.0602#27.73#29.82#42.45
-100.217,43.0619#27.7#29.81#42.49
-100.158,43.0635#27.67#29.8#42.53
-100.098,43.0652#27.64#29.79#42.57
-100.039,43.0668#27.61#29.78#42.61
-99.98,43.0684#27.58#29.79#42.63
-99.9207,43.07#27.56#29.85#42.59
-99.8615,43.0715#27.53#29.9#42.57
-99.8023,43.0731#27.51#29.96#42.53
-99.7431,43.0746#27.48#30.01#42.51
-99.6838,43.0761#27.45#30.07#42.48
-99.6246,43.0776#27.43#30.12#42.45
-99.5654,43.079#27.4#30.18#42.42
-99.5061,43.0805#27.38#30.23#42.39
-99.4469,43.0819#27.35#30.32#42.33
-99.3876,43.0833#27.32#30.41#42.27
-99.3284,43.0847#27.29#30.5#42.21
-99.2692,43.0861#27.27#30.59#42.14
-99.2099,43.0875#27.24#30.68#42.08
-99.1507,43.0888#27.21#30.77#42.02
-99.0914,43.0901#27.18#30.86#41.96
-99.0322,43.0914#27.15#30.95#41.9
-98.9729,43.0927#27.13#31.04#41.83
-98.9137,43.0939#27.12#31.13#41.75
-98.8544,43.0952#27.11#31.22#41.67
-98.7952,43.0964#27.1#31.31#41.59
-98.7359,43.0976#27.09#31.41#41.5
-98.6766,43.0988#27.08#31.5#41.42
-98.6174,43.0999#27.07#31.59#41.34
-98.5581,43.1011#27.06#31.68#41.26
-98.4989,43.1022#27.05#31.78#41.17
-98.4396,43.1033#27.08#31.85#41.07
-98.3803,43.1044#27.11#31.93#40.96
-98.3211,43.1055#27.13#32.01#40.86
-98.2618,43.1065#27.16#32.09#40.75
-98.2025,43.1076#27.18#32.17#40.65
-98.1433,43.1086#27.21#32.24#40.55
-98.084,43.1096#27.23#32.32#40.45
-98.0247,43.1105#27.26#32.4#40.34
-97.9655,43.1115#27.3#32.5#40.2
-97.9062,43.1124#27.35#32.61#40.04
-97.8469,43.1134#27.4#32.73#39.87
-97.7876,43.1143#27.45#32.84#39.71
-97.7283,43.1151#27.5#32.96#39.54
-97.6691,43.116#27.55#33.07#39.38
-97.6098,43.1168#27.6#33.19#39.21
-97.5505,43.1177#27.65#33.3#39.05
-97.4912,43.1185#27.7#33.43#38.87
-97.4319,43.1193#27.73#33.63#38.64
-97.3727,43.12#27.76#33.83#38.41
-97.3134,43.1208#27.79#34.03#38.18
-97.2541,43.1215#27.83#34.23#37.94
-97.1948,43.1222#27.86#34.43#37.71
-97.1355,43.1229#27.89#34.63#37.48
-97.0762,43.1236#27.92#34.83#37.25
-97.0169,43.1242#27.96#35.03#37.01
-96.9577,43.1249#27.97#35.23#36.8
-96.8984,43.1255#27.98#35.44#36.58
-96.8391,43.1261#27.99#35.64#36.37
-96.7798,43.1267#28#35.85#36.15
-96.7205,43.1272#28.01#36.05#35.94
-96.6612,43.1278#28.01#36.26#35.73
-96.6019,43.1283#28.02#36.46#35.52
-96.5426,43.1288#28.03#36.66#35.31
-96.4833,43.1293#28.03#36.87#35.1
-96.424,43.1297#28.01#37.06#34.93
-96.3647,43.1302#28#37.26#34.74
-96.3054,43.1306#27.98#37.46#34.56
-96.2461,43.131#27.96#37.66#34.38
-96.1868,43.1314#27.95#37.85#34.2
-96.1275,43.1318#27.93#38.05#34.02
-96.0682,43.1321#27.91#38.25#33.84
-96.0089,43.1324#27.89#38.44#33.67
-95.9496,43.1328#27.86#38.66#33.48
-95.8903,43.133#27.83#38.89#33.28
-95.831,43.1333#27.8#39.12#33.08
-95.7717,43.1336#27.77#39.34#32.89
-95.7124,43.1338#27.74#39.57#32.69
-95.6531,43.134#27.71#39.79#32.5
-95.5938,43.1342#27.67#40.02#32.31
-95.5345,43.1344#27.64#40.24#32.12
-95.4752,43.1346#27.6#40.48#31.92
-95.4159,43.1347#27.54#40.74#31.72
-95.3566,43.1348#27.49#41.01#31.5
-95.2973,43.1349#27.43#41.27#31.3
-95.238,43.135#27.38#41.53#31.09
-95.1787,43.1351#27.32#41.79#30.89
-95.1194,43.1351#27.27#42.05#30.68
-95.0601,43.1352#27.21#42.31#30.48
-95.0008,43.1352#27.16#42.57#30.27
-94.9415,43.1352#27.12#42.76#30.12
-94.8822,43.1351#27.08#42.95#29.97
-94.8229,43.1351#27.04#43.14#29.82
-94.7636,43.135#27#43.33#29.67
-94.7043,43.1349#26.96#43.52#29.52
-94.645,43.1348#26.92#43.71#29.37
-94.5857,43.1347#26.88#43.9#29.22
