-97.0889,40.9005#27.16#30.66#42.18
-97.0309,40.9012#27.09#30.72#42.19
-96.9729,40.9018#27.03#30.78#42.19
-96.9149,40.9025#26.99#30.86#42.15
-96.8569,40.9031#26.95#30.93#42.12
-96.7989,40.9037#26.9#31#42.1
-96.7409,40.9043#26.86#31.08#42.06
-96.6829,40.9048#26.82#31.15#42.03
-96.6249,40.9053#26.78#31.22#42
-96.5669,40.9059#26.73#31.3#41.97
-96.5089,40.9064#26.69#31.37#41.94
-96.4509,40.9068#26.67#31.45#41.88
-96.3929,40.9073#26.64#31.54#41.82
-96.3349,40.9077#26.62#31.62#41.76
-96.2769,40.9082#26.59#31.7#41.71
-96.2189,40.9086#26.57#31.79#41.64
-96.1609,40.9089#26.54#31.87#41.59
-96.1029,40.9093#26.52#31.95#41.53
-96.0449,40.9097#26.5#32.04#41.46
-95.9869,40.91#26.48#32.13#41.39
-95.9289,40.9103#26.47#32.24#41.29
-95.8709,40.9106#26.46#32.36#41.18
-95.8129,40.9109#26.45#32.48#41.07
-95.7549,40.9111#26.44#32.59#40.97
-95.6969,40.9113#26.44#32.71#40.85
-95.6389,40.9116#26.43#32.83#40.74
-95.5809,40.9118#26.42#32.94#40.64
-95.5229,40.9119#26.41#33.06#40.53
-95.4649,40.9121#26.41#33.21#40.38
-95.4069,40.9122#26.42#33.38#40.2
-95.3488,40.9124#26.43#33.55#40.02
-95.2908,40.9125#26.44#33.73#39.83
-95.2328,40.9125#26.45#33.9#39.65
-95.1748,40.9126#26.46#34.07#39.47
-95.1168,40.9127#26.47#34.24#39.29
-95.0588,40.9127#26.47#34.41#39.12
-95.0008,40.9127#26.48#34.58#38.94
-94.9428,40.9127#26.51#34.78#38.71
-94.8848,40.9127#26.53#34.98#38.49
-94.8268,40.9126#26.55#35.18#38.27
-94.7688,40.9126#26.58#35.37#38.05
-94.7108,40.9125#26.6#35.57#37.83
-94.6528,40.9124#26.63#35.77#37.6
-94.5947,40.9122#26.65#35.96#37.39
-94.5367,40.9121#26.67#36.16#37.17
-94.4787,40.9119#26.71#36.36#36.93
-94.4207,40.9118#26.76#36.56#36.68
-94.3627,40.9116#26.81#36.76#36.43
-94.3047,40.9114#26.85#36.96#36.19
-94.2467,40.9111#26.9#37.16#35.94
-94.1887,40.9109#26.95#37.36#35.69
-94.1307,40.9106#27#37.56#35.44
-94.0727,40.9103#27.05#37.76#35.19
-94.0147,40.91#27.1#37.95#34.95
-93.9567,40.9097#27.15#38.17#34.68
-93.8987,40.9093#27.2#38.38#34.42
-93.8407,40.909#27.25#38.6#34.15
-93.7827,40.9086#27.31#38.82#33.87
-93.7247,40.9082#27.36#39.03#33.61
-93.6667,40.9077#27.41#39.25#33.34
-93.6087,40.9073#27.46#39.46#33.08
-93.5507,40.9068#27.51#39.68#32.81
-93.4927,40.9064#27.56#39.9#32.54
-93.4347,40.9059#27.6#40.15#32.25
-93.3767,40.9054#27.63#40.41#31.96
-93.3187,40.9048#27.67#40.66#31.67
-93.2607,40.9043#27.7#40.91#31.39
-93.2027,40.9037#27.73#41.17#31.1
-93.1447,40.9031#27.77#41.42#30.81
-93.0867,40.9025#27.8#41.67#30.53
-93.0287,40.9019#27.83#41.93#30.24
-92.9707,40.9012#27.85#42.17#29.98
-92.9127,40.9006#27.85#42.39#29.76
-99.4677,40.9009#29.13#29.65#41.22
-99.4097,40.9024#29.13#29.69#41.18
-99.3517,40.9038#29.13#29.74#41.13
-99.2938,40.9052#29.14#29.79#41.07
-99.2358,40.9065#29.14#29.83#41.03
-99.1778,40.9079#29.14#29.88#40.98
-99.1198,40.9092#29.14#29.92#40.94
-99.0619,40.9106#29.14#29.97#40.89
-99.0039,40.9119#29.15#30.01#40.84
-98.9459,40.9132#29.11#30.05#40.84
-98.8879,40.9144#29.07#30.08#40.85
-98.8299,40.9157#29.03#30.11#40.86
-98.7719,40.9169#28.99#30.14#40.87
-98.7139,40.9181#28.95#30.17#40.88
-98.656,40.9193#28.92#30.2#40.88
-98.598,40.9205#28.88#30.23#40.89
-98.54,40.9216#28.84#30.26#40.9
-98.482,40.9228#28.8#30.28#40.92
-98.424,40.9239#28.74#30.27#40.99
-98.366,40.925#28.68#30.26#41.06
-98.308,40.9261#28.63#30.26#41.11
-98.25,40.9271#28.57#30.25#41.18
-98.192,40.9282#28.51#30.24#41.25
-98.134,40.9292#28.46#30.23#41.31
-98.076,40.9302#28.4#30.23#41.37
-98.018,40.9312#28.35#30.22#41.43
-97.96,40.9321#28.28#30.23#41.49
-97.902,40.9331#28.2#30.24#41.56
-97.844,40.934#28.13#30.25#41.62
-97.786,40.9349#28.05#30.27#41.68
-97.728,40.9358#27.98#30.28#41.74
-97.6699,40.9367#27.9#30.29#41.81
-97.6119,40.9375#27.83#30.31#41.86
-97.5539,40.9384#27.75#30.32#41.93
-97.4959,40.9392#27.68#30.34#41.98
-97.4379,40.94#27.61#30.39#42
-97.3799,40.9408#27.54#30.45#42.01
-97.3219,40.9415#27.47#30.5#42.03
-97.2639,40.9423#27.4#30.56#42.04
-97.2058,40.943#27.33#30.61#42.06
-97.1478,40.9437#27.26#30.67#42.07
-97.0898,40.9444#27.18#30.72#42.1
-97.0318,40.945#27.11#30.78#42.11
-96.9738,40.9457#27.05#30.84#42.11
-96.9157,40.9463#27.01#30.92#42.07
-96.8577,40.9469#26.96#30.99#42.05
-96.7997,40.9475#26.92#31.06#42.02
-96.7417,40.9481#26.87#31.14#41.99
-96.6837,40.9487#26.83#31.21#41.96
-96.6256,40.9492#26.78#31.28#41.94
-96.5676,40.9497#26.74#31.36#41.9
-96.5096,40.9502#26.69#31.43#41.88
-96.4516,40.9507#26.66#31.51#41.83
-96.3935,40.9511#26.64#31.6#41.76
-96.3355,40.9516#26.62#31.69#41.69
-96.2775,40.952#26.59#31.77#41.64
-96.2194,40.9524#26.57#31.86#41.57
-96.1614,40.9528#26.55#31.94#41.51
-96.1034,40.9532#26.52#32.03#41.45
-96.0454,40.9535#26.5#32.11#41.39
-95.9873,40.9538#26.48#32.2#41.32
-95.9293,40.9541#26.47#32.33#41.2
-95.8713,40.9544#26.46#32.45#41.09
-95.8132,40.9547#26.45#32.57#40.98
-95.7552,40.955#26.44#32.69#40.87
-95.6972,40.9552#26.44#32.81#40.75
-95.6392,40.9554#26.43#32.94#40.63
-95.5811,40.9556#26.42#33.06#40.52
-95.5231,40.9558#26.41#33.18#40.41
-95.4651,40.9559#26.41#33.33#40.26
-95.407,40.9561#26.42#33.51#40.07
-95.349,40.9562#26.43#33.68#39.89
-95.291,40.9563#26.43#33.86#39.71
-95.2329,40.9564#26.44#34.03#39.53
-95.1749,40.9565#26.45#34.21#39.34
-95.1169,40.9565#26.46#34.38#39.16
-95.0588,40.9565#26.46#34.56#38.98
-95.0008,40.9565#26.47#34.73#38.8
-94.9428,40.9565#26.49#34.93#38.58
-94.8847,40.9565#26.52#35.13#38.35
-94.8267,40.9565#26.54#35.32#38.14
-94.7687,40.9564#26.57#35.52#37.91
-94.7106,40.9563#26.59#35.72#37.69
-94.6526,40.9562#26.61#35.91#37.48
-94.5946,40.9561#26.64#36.11#37.25
-94.5365,40.9559#26.66#36.31#37.03
-94.4785,40.9558#26.69#36.51#36.8
-94.4205,40.9556#26.74#36.71#36.55
-94.3625,40.9554#26.79#36.91#36.3
-94.3044,40.9552#26.84#37.11#36.05
-94.2464,40.955#26.89#37.3#35.81
-94.1884,40.9547#26.93#37.5#35.57
-94.1303,40.9544#26.98#37.7#35.32
-94.0723,40.9541#27.03#37.9#35.07
-94.0143,40.9538#27.08#38.1#34.82
-93.9562,40.9535#27.13#38.32#34.55
-93.8982,40.9532#27.18#38.54#34.28
-93.8402,40.9528#27.24#38.76#34
-93.7822,40.9524#27.29#38.98#33.73
-93.7241,40.952#27.35#39.2#33.45
-93.6661,40.9516#27.4#39.42#33.18
-93.6081,40.9512#27.45#39.64#32.91
-93.55,40.9507#27.51#39.86#32.63
-93.492,40.9502#27.56#40.09#32.35
-93.434,40.9497#27.59#40.34#32.07
-93.376,40.9492#27.63#40.59#31.78
-93.3179,40.9487#27.66#40.85#31.49
-93.2599,40.9481#27.7#41.1#31.2
-93.2019,40.9475#27.73#41.35#30.92
-93.1439,40.947#27.77#41.6#30.63
-93.0859,40.9463#27.8#41.85#30.35
-93.0278,40.9457#27.84#42.11#30.05
-92.9698,40.9451#27.85#42.34#29.81
-92.9118,40.9444#27.86#42.55#29.59
-92.8538,40.9437#27.86#42.77#29.37
-92.7958,40.943#27.86#42.98#29.16
-92.7377,40.9423#27.86#43.19#28.95
-92.6797,40.9415#27.87#43.41#28.72
-92.6217,40.9408#27.87#43.62#28.51
-92.5637,40.94#27.87#43.84#28.29
-92.5057,40.9392#27.87#44.05#28.08
-92.4477,40.9384#27.85#44.2#27.95
-92.3897,40.9376#27.83#44.34#27.83
-92.3317,40.9367#27.8#44.48#27.72
-92.2736,40.9358#27.78#44.62#27.6
-92.2156,40.9349#27.75#44.76#27.49
-92.1576,40.934#27.73#44.91#27.36
-92.0996,40.9331#27.7#45.05#27.25
-92.0416,40.9322#27.68#45.19#27.13
-91.9836,40.9312#27.64#45.32#27.04
-91.9256,40.9302#27.58#45.41#27.01
-91.8676,40.9292#27.52#45.5#26.98
-91.8096,40.9282#27.46#45.6#26.94
-91.7516,40.9271#27.39#45.69#26.92
-91.6936,40.9261#27.33#45.79#26.88
-91.6356,40.925#27.27#45.88#26.85
-91.5776,40.9239#27.21#45.98#26.81
-91.5196,40.9228#27.14#46.07#26.79
-91.4616,40.9217#27.12#46.14#26.74
-91.4036,40.9205#27.12#46.18#26.7
-91.3456,40.9193#27.12#46.23#26.65
-91.2877,40.9181#27.12#46.27#26.61
-91.2297,40.9169#27.13#46.32#26.55
-91.1717,40.9157#27.13#46.37#26.5
-91.1137,40.9145#27.13#46.41#26.46
-91.0557,40.9132#27.13#46.46#26.41
-90.9977,40.9119#27.13#46.51#26.36
-90.9397,40.9106#27.17#46.53#26.3
-90.8818,40.9093#27.2#46.55#26.25
-90.8238,40.9079#27.23#46.58#26.19
-90.7658,40.9066#27.27#46.6#26.13
-90.7078,40.9052#27.3#46.62#26.08
-90.6499,40.9038#27.34#46.65#26.01
-90.5919,40.9024#27.37#46.67#25.96
-90.5339,40.901#27.41#46.69#25.9
-100.977,40.9008#27.38#29.34#43.28
-100.919,40.9028#27.47#29.34#43.19
-100.861,40.9047#27.57#29.34#43.09
-100.803,40.9066#27.66#29.34#43
-100.745,40.9084#27.75#29.34#42.91
-100.687,40.9103#27.84#29.34#42.82
-100.629,40.9121#27.93#29.34#42.73
-100.571,40.9139#28.02#29.34#42.64
-100.513,40.9157#28.11#29.34#42.55
-100.455,40.9175#28.19#29.34#42.47
-100.397,40.9192#28.27#29.34#42.39
-100.339,40.921#28.35#29.35#42.3
-100.281,40.9227#28.43#29.35#42.22
-100.223,40.9244#28.5#29.35#42.15
-100.165,40.9261#28.58#29.35#42.07
-100.107,40.9277#28.66#29.35#41.99
-100.049,40.9294#28.74#29.35#41.91
-99.9915,40.931#28.81#29.36#41.83
-99.9335,40.9326#28.84#29.39#41.77
-99.8755,40.9342#28.87#29.42#41.71
-99.8175,40.9357#28.91#29.45#41.64
-99.7595,40.9373#28.94#29.48#41.58
-99.7016,40.9388#28.98#29.52#41.5
-99.6436,40.9403#29.01#29.55#41.44
-99.5856,40.9418#29.05#29.58#41.37
-99.5276,40.9433#29.08#29.61#41.31
-99.4696,40.9447#29.1#29.65#41.25
-99.4116,40.9462#29.1#29.69#41.21
-99.3536,40.9476#29.1#29.74#41.16
-99.2956,40.949#29.1#29.78#41.12
-99.2376,40.9504#29.11#29.83#41.06
-99.1796,40.9517#29.11#29.88#41.01
-99.1216,40.9531#29.11#29.92#40.97
-99.0636,40.9544#29.11#29.97#40.92
-99.0056,40.9557#29.11#30.01#40.88
-98.9476,40.957#29.08#30.04#40.88
-98.8896,40.9583#29.05#30.08#40.87
-98.8316,40.9595#29.01#30.11#40.88
-98.7735,40.9607#28.98#30.14#40.88
-98.7155,40.9619#28.94#30.17#40.89
-98.6575,40.9631#28.9#30.2#40.9
-98.5995,40.9643#28.87#30.23#40.9
-98.5415,40.9655#28.83#30.27#40.9
-98.4835,40.9666#28.79#30.29#40.92
-98.4255,40.9677#28.74#30.28#40.98
-98.3674,40.9688#28.69#30.28#41.03
-98.3094,40.9699#28.63#30.27#41.1
-98.2514,40.971#28.58#30.26#41.16
-98.1934,40.972#28.52#30.26#41.22
-98.1353,40.973#28.47#30.25#41.28
-98.0773,40.974#28.42#30.25#41.33
-98.0193,40.975#28.36#30.25#41.39
-97.9613,40.976#28.3#30.25#41.45
-97.9032,40.9769#28.23#30.27#41.5
-97.8452,40.9778#28.16#30.29#41.55
-97.7872,40.9788#28.08#30.3#41.62
-97.7291,40.9796#28.01#30.32#41.67
-97.6711,40.9805#27.94#30.33#41.73
-97.6131,40.9814#27.87#30.35#41.78
-97.555,40.9822#27.8#30.37#41.83
-97.497,40.983#27.73#30.39#41.88
-97.4389,40.9838#27.66#30.44#41.9
-97.3809,40.9846#27.58#30.5#41.92
-97.3229,40.9854#27.51#30.56#41.93
-97.2648,40.9861#27.44#30.61#41.95
-97.2068,40.9868#27.36#30.67#41.97
-97.1487,40.9875#27.29#30.73#41.98
-97.0907,40.9882#27.21#30.79#42
-97.0327,40.9889#27.14#30.84#42.02
-96.9746,40.9895#27.08#30.91#42.01
-96.9166,40.9902#27.03#30.98#41.99
-96.8585,40.9908#26.98#31.05#41.97
-96.8005,40.9914#26.93#31.13#41.94
-96.7424,40.9919#26.89#31.2#41.91
-96.6844,40.9925#26.84#31.27#41.89
-96.6263,40.993#26.79#31.35#41.86
-96.5683,40.9935#26.74#31.42#41.84
-96.5102,40.994#26.69#31.49#41.82
-96.4522,40.9945#26.66#31.58#41.76
-96.3941,40.995#26.64#31.66#41.7
-96.3361,40.9954#26.62#31.75#41.63
-96.278,40.9958#26.59#31.84#41.57
-96.22,40.9962#26.57#31.92#41.51
-96.1619,40.9966#26.55#32.01#41.44
-96.1039,40.997#26.52#32.1#41.38
-96.0458,40.9973#26.5#32.19#41.31
-95.9878,40.9977#26.48#32.28#41.24
-95.9297,40.998#26.47#32.41#41.12
-95.8716,40.9983#26.46#32.54#41
-95.8136,40.9985#26.45#32.66#40.89
-95.7555,40.9988#26.44#32.79#40.77
-95.6975,40.999#26.43#32.92#40.65
-95.6394,40.9992#26.43#33.05#40.52
-95.5814,40.9994#26.42#33.17#40.41
-95.5233,40.9996#26.41#33.3#40.29
-95.4653,40.9998#26.41#33.46#40.13
-95.4072,40.9999#26.41#33.64#39.95
-95.3491,41#26.42#33.81#39.77
-95.2911,41.0001#26.43#33.99#39.58
-95.233,41.0002#26.43#34.17#39.4
-95.175,41.0003#26.44#34.35#39.21
-95.1169,41.0003#26.44#34.52#39.04
-95.0589,41.0004#26.45#34.7#38.85
-95.0008,41.0004#26.46#34.88#38.66
-94.9427,41.0004#26.48#35.08#38.44
-94.8847,41.0003#26.5#35.27#38.23
-94.8266,41.0003#26.53#35.47#38
-94.7686,41.0002#26.55#35.67#37.78
-94.7105,41.0002#26.58#35.86#37.56
-94.6525,41#26.6#36.06#37.34
-94.5944,40.9999#26.62#36.26#37.12
-94.5363,40.9998#26.65#36.46#36.89
-94.4783,40.9996#26.68#36.65#36.67
-94.4202,40.9994#26.73#36.85#36.42
-94.3622,40.9993#26.78#37.05#36.17
-94.3041,40.999#26.82#37.25#35.93
-94.2461,40.9988#26.87#37.45#35.68
-94.188,40.9985#26.92#37.65#35.43
-94.13,40.9983#26.96#37.85#35.19
-94.0719,40.998#27.01#38.05#34.94
-94.0138,40.9977#27.06#38.25#34.69
-93.9558,40.9973#27.11#38.47#34.42
-93.8977,40.997#27.17#38.7#34.13
-93.8397,40.9966#27.22#38.92#33.86
-93.7816,40.9963#27.28#39.15#33.57
-93.7236,40.9958#27.33#39.37#33.3
-93.6655,40.9954#27.39#39.6#33.01
-93.6075,40.995#27.44#39.82#32.74
-93.5494,40.9945#27.5#40.05#32.45
-93.4914,40.994#27.55#40.28#32.17
-93.4333,40.9936#27.59#40.53#31.88
-93.3753,40.993#27.62#40.78#31.6
-93.3172,40.9925#27.66#41.03#31.31
-93.2592,40.9919#27.7#41.28#31.02
-93.2011,40.9914#27.73#41.53#30.74
-93.1431,40.9908#27.77#41.78#30.45
-93.085,40.9902#27.8#42.03#30.17
-93.027,40.9895#27.84#42.29#29.87
-92.9689,40.9889#27.86#42.51#29.63
-92.9109,40.9882#27.86#42.72#29.42
-92.8529,40.9876#27.87#42.92#29.21
-92.7948,40.9868#27.87#43.13#29
-92.7368,40.9861#27.87#43.34#28.79
-92.6787,40.9854#27.88#43.54#28.58
-92.6207,40.9846#27.88#43.75#28.37
-92.5627,40.9838#27.89#43.96#28.15
-92.5046,40.983#27.89#44.17#27.94
-92.4466,40.9822#27.87#44.31#27.82
-92.3885,40.9814#27.84#44.45#27.71
-92.3305,40.9805#27.82#44.59#27.59
-92.2725,40.9797#27.79#44.72#27.49
-92.2144,40.9788#27.77#44.86#27.37
-92.1564,40.9779#27.74#45#27.26
-92.0984,40.9769#27.72#45.14#27.14
-92.0404,40.976#27.7#45.28#27.02
-91.9823,40.975#27.66#45.4#26.94
-91.9243,40.974#27.6#45.49#26.91
-91.8663,40.973#27.54#45.58#26.88
-91.8082,40.972#27.48#45.67#26.85
-91.7502,40.971#27.42#45.76#26.82
-91.6922,40.9699#27.36#45.85#26.79
-91.6342,40.9688#27.3#45.94#26.76
-91.5762,40.9677#27.24#46.03#26.73
-91.5181,40.9666#27.18#46.12#26.7
-91.4601,40.9655#27.16#46.18#26.66
-91.4021,40.9643#27.16#46.22#26.62
-91.3441,40.9632#27.16#46.26#26.58
-91.2861,40.962#27.16#46.31#26.53
-91.2281,40.9608#27.16#46.35#26.49
-91.17,40.9595#27.16#46.4#26.44
-91.112,40.9583#27.15#46.44#26.41
-91.054,40.957#27.15#46.49#26.36
-90.996,40.9557#27.16#46.53#26.31
-90.938,40.9544#27.19#46.55#26.26
-90.88,40.9531#27.22#46.57#26.21
-90.822,40.9518#27.25#46.59#26.16
-90.764,40.9504#27.28#46.62#26.1
-90.706,40.949#27.31#46.64#26.05
-90.648,40.9476#27.35#46.66#25.99
-90.59,40.9462#27.38#46.68#25.94
-90.532,40.9448#27.41#46.71#25.88
-90.474,40.9433#27.43#46.72#25.85
-90.416,40.9419#27.43#46.73#25.84
-90.358,40.9404#27.44#46.75#25.81
-90.3,40.9389#27.44#46.76#25.8
-90.2421,40.9373#27.44#46.77#25.79
-90.1841,40.9358#27.45#46.78#25.77
-90.1261,40.9342#27.45#46.79#25.76
-90.0681,40.9326#27.46#46.8#25.74
-90.0101,40.931#27.46#46.81#25.73
-89.9522,40.9294#27.45#46.81#25.74
-89.8942,40.9278#27.44#46.81#25.75
-89.8362,40.9261#27.43#46.81#25.76
-89.7782,40.9244#27.42#46.81#25.77
-89.7203,40.9227#27.41#46.81#25.78
-89.6623,40.921#27.4#46.81#25.79
-89.6043,40.9193#27.39#46.8#25.81
-89.5464,40.9175#27.38#46.8#25.82
-89.4884,40.9158#27.36#46.8#25.84
-89.4304,40.914#27.3#46.76#25.94
-89.3725,40.9122#27.24#46.72#26.04
-89.3145,40.9103#27.18#46.69#26.13
-89.2566,40.9085#27.13#46.65#26.22
-89.1986,40.9066#27.07#46.62#26.31
-89.1407,40.9047#27.01#46.58#26.41
-89.0827,40.9028#26.95#46.55#26.5
-89.0248,40.9009#26.89#46.51#26.6
-102.138,40.9023#26.42#29.47#44.11
-102.08,40.9046#26.44#29.45#44.11
-102.022,40.9068#26.47#29.43#44.1
-101.965,40.9091#26.49#29.42#44.09
-101.907,40.9113#26.53#29.41#44.06
-101.849,40.9136#26.56#29.41#44.03
-101.791,40.9158#26.59#29.4#44.01
-101.733,40.918#26.62#29.39#43.99
-101.675,40.9201#26.66#29.38#43.96
-101.617,40.9223#26.69#29.38#43.93
-101.559,40.9244#26.72#29.37#43.91
-101.501,40.9265#26.76#29.36#43.88
-101.443,40.9286#26.83#29.36#43.81
-101.385,40.9307#26.9#29.36#43.74
-101.327,40.9327#26.97#29.35#43.68
-101.269,40.9348#27.04#29.35#43.61
-101.211,40.9368#27.11#29.35#43.54
-101.153,40.9388#27.18#29.35#43.47
-101.095,40.9408#27.25#29.34#43.41
-101.037,40.9427#27.32#29.34#43.34
-100.979,40.9447#27.4#29.34#43.26
-100.921,40.9466#27.49#29.34#43.17
-100.863,40.9485#27.58#29.34#43.08
-100.805,40.9504#27.67#29.34#42.99
-100.747,40.9522#27.77#29.34#42.89
-100.69,40.9541#27.86#29.34#42.8
-100.632,40.9559#27.95#29.34#42.71
-100.574,40.9577#28.04#29.34#42.62
-100.516,40.9595#28.13#29.34#42.53
-100.458,40.9613#28.21#29.35#42.44
-100.4,40.963#28.28#29.35#42.37
-100.342,40.9648#28.35#29.35#42.3
-100.284,40.9665#28.43#29.35#42.22
-100.226,40.9682#28.5#29.35#42.15
-100.168,40.9699#28.57#29.35#42.08
-100.11,40.9715#28.64#29.36#42
-100.052,40.9732#28.71#29.36#41.93
-99.9936,40.9748#28.78#29.36#41.86
-99.9356,40.9764#28.81#29.39#41.8
-99.8776,40.978#28.85#29.42#41.73
-99.8196,40.9796#28.88#29.45#41.67
-99.7616,40.9811#28.91#29.49#41.6
-99.7036,40.9826#28.95#29.52#41.53
-99.6456,40.9841#28.98#29.55#41.47
-99.5875,40.9856#29.01#29.58#41.41
-99.5295,40.9871#29.05#29.61#41.34
-99.4715,40.9886#29.06#29.65#41.29
-99.4135,40.99#29.07#29.69#41.24
-99.3555,40.9914#29.07#29.74#41.19
-99.2974,40.9928#29.07#29.78#41.15
-99.2394,40.9942#29.07#29.83#41.1
-99.1814,40.9956#29.08#29.87#41.05
-99.1234,40.9969#29.08#29.92#41
-99.0653,40.9982#29.08#29.97#40.95
-99.0073,40.9995#29.08#30.01#40.91
-98.9493,41.0008#29.05#30.04#40.91
-98.8912,41.0021#29.02#30.08#40.9
-98.8332,41.0033#28.99#30.11#40.9
-98.7752,41.0046#28.96#30.14#40.9
-98.7171,41.0058#28.92#30.17#40.91
-98.6591,41.007#28.89#30.21#40.9
-98.601,41.0081#28.86#30.24#40.9
-98.543,41.0093#28.83#30.27#40.9
-98.485,41.0104#28.79#30.29#40.92
-98.4269,41.0115#28.74#30.29#40.97
-98.3689,41.0126#28.69#30.29#41.02
-98.3108,41.0137#28.64#30.28#41.08
-98.2528,41.0148#28.59#30.28#41.13
-98.1947,41.0158#28.54#30.28#41.18
-98.1367,41.0168#28.48#30.28#41.24
-98.0786,41.0178#28.43#30.27#41.3
-98.0206,41.0188#28.38#30.27#41.35
-97.9625,41.0198#28.32#30.28#41.4
-97.9045,41.0207#28.25#30.3#41.45
-97.8464,41.0217#28.18#30.32#41.5
-97.7884,41.0226#28.12#30.34#41.54
-97.7303,41.0235#28.05#30.36#41.59
-97.6722,41.0243#27.98#30.38#41.64
-97.6142,41.0252#27.91#30.4#41.69
-97.5561,41.026#27.84#30.41#41.75
-97.4981,41.0269#27.78#30.44#41.78
-97.44,41.0276#27.7#30.49#41.81
-97.3819,41.0284#27.63#30.55#41.82
-97.3239,41.0292#27.55#30.61#41.84
-97.2658,41.0299#27.47#30.67#41.86
-97.2077,41.0307#27.4#30.73#41.87
-97.1497,41.0314#27.32#30.79#41.89
-97.0916,41.032#27.24#30.85#41.91
-97.0335,41.0327#27.17#30.9#41.93
-96.9755,41.0334#27.1#30.97#41.93
-96.9174,41.034#27.05#31.04#41.91
-96.8593,41.0346#27#31.11#41.89
-96.8012,41.0352#26.95#31.19#41.86
-96.7432,41.0358#26.9#31.26#41.84
-96.6851,41.0363#26.85#31.33#41.82
-96.627,41.0368#26.8#31.41#41.79
-96.569,41.0374#26.74#31.48#41.78
-96.5109,41.0379#26.69#31.55#41.76
-96.4528,41.0383#26.66#31.64#41.7
-96.3947,41.0388#26.64#31.73#41.63
-96.3366,41.0392#26.62#31.82#41.56
-96.2786,41.0397#26.59#31.9#41.51
-96.2205,41.0401#26.57#31.99#41.44
-96.1624,41.0405#26.55#32.08#41.37
-96.1043,41.0408#26.52#32.17#41.31
-96.0463,41.0412#26.5#32.26#41.24
-95.9882,41.0415#26.48#32.36#41.16
-95.9301,41.0418#26.47#32.49#41.04
-95.872,41.0421#26.46#32.62#40.92
-95.8139,41.0424#26.45#32.76#40.79
-95.7559,41.0426#26.44#32.89#40.67
-95.6978,41.0429#26.43#33.02#40.55
-95.6397,41.0431#26.42#33.16#40.42
-95.5816,41.0433#26.41#33.29#40.3
-95.5235,41.0434#26.41#33.42#40.17
-95.4655,41.0436#26.4#33.58#40.02
-95.4074,41.0437#26.41#33.76#39.83
-95.3493,41.0439#26.41#33.94#39.65
-95.2912,41.044#26.42#34.12#39.46
-95.2331,41.0441#26.42#34.31#39.27
-95.175,41.0441#26.43#34.49#39.08
-95.117,41.0442#26.43#34.67#38.9
-95.0589,41.0442#26.44#34.85#38.71
-95.0008,41.0442#26.44#35.03#38.53
-94.9427,41.0442#26.47#35.22#38.31
-94.8846,41.0442#26.49#35.42#38.09
-94.8266,41.0441#26.52#35.62#37.86
-94.7685,41.0441#26.54#35.82#37.64
-94.7104,41.044#26.56#36.01#37.43
-94.6523,41.0439#26.59#36.21#37.2
-94.5942,41.0438#26.61#36.41#36.98
-94.5361,41.0436#26.64#36.6#36.76
-94.4781,41.0435#26.67#36.8#36.53
-94.42,41.0433#26.71#37#36.29
-94.3619,41.0431#26.76#37.2#36.04
-94.3038,41.0429#26.81#37.4#35.79
-94.2457,41.0426#26.85#37.6#35.55
-94.1877,41.0424#26.9#37.8#35.3
-94.1296,41.0421#26.94#38#35.06
-94.0715,41.0418#26.99#38.2#34.81
-94.0134,41.0415#27.04#38.4#34.56
-93.9553,41.0412#27.09#38.62#34.29
-93.8973,41.0408#27.15#38.85#34
-93.8392,41.0405#27.21#39.08#33.71
-93.7811,41.0401#27.26#39.31#33.43
-93.723,41.0397#27.32#39.54#33.14
-93.665,41.0393#27.38#39.77#32.85
-93.6069,41.0388#27.44#40#32.56
-93.5488,41.0384#27.49#40.23#32.28
-93.4907,41.0379#27.55#40.47#31.98
-93.4327,41.0374#27.58#40.72#31.7
-93.3746,41.0369#27.62#40.97#31.41
-93.3165,41.0363#27.66#41.22#31.12
-93.2584,41.0358#27.69#41.47#30.84
-93.2004,41.0352#27.73#41.72#30.55
-93.1423,41.0346#27.77#41.96#30.27
-93.0842,41.034#27.81#42.21#29.98
-93.0261,41.0334#27.84#42.46#29.7
-92.9681,41.0327#27.86#42.69#29.45
-92.91,41.0321#27.87#42.88#29.25
-92.8519,41.0314#27.87#43.08#29.05
-92.7939,41.0307#27.88#43.28#28.84
-92.7358,41.0299#27.88#43.48#28.64
-92.6777,41.0292#27.89#43.68#28.43
-92.6197,41.0284#27.9#43.88#28.22
-92.5616,41.0277#27.9#44.08#28.02
-92.5036,41.0269#27.91#44.28#27.81
-92.4455,41.0261#27.88#44.42#27.7
-92.3874,41.0252#27.86#44.55#27.59
-92.3294,41.0244#27.84#44.69#27.47
-92.2713,41.0235#27.81#44.82#27.37
-92.2133,41.0226#27.79#44.96#27.25
-92.1552,41.0217#27.76#45.1#27.14
-92.0971,41.0208#27.74#45.23#27.03
-92.0391,41.0198#27.71#45.37#26.92
-91.981,41.0189#27.68#45.49#26.83
-91.923,41.0179#27.62#45.57#26.81
-91.8649,41.0169#27.56#45.65#26.79
-91.8069,41.0158#27.5#45.74#26.76
-91.7488,41.0148#27.45#45.82#26.73
-91.6908,41.0137#27.39#45.91#26.7
-91.6327,41.0127#27.33#45.99#26.68
-91.5747,41.0116#27.27#46.08#26.65
-91.5166,41.0104#27.21#46.16#26.63
-91.4586,41.0093#27.19#46.22#26.59
-91.4006,41.0082#27.19#46.26#26.55
-91.3425,41.007#27.19#46.3#26.51
-91.2845,41.0058#27.19#46.34#26.47
-91.2264,41.0046#27.19#46.38#26.43
-91.1684,41.0034#27.18#46.43#26.39
-91.1104,41.0021#27.18#46.47#26.35
-91.0523,41.0008#27.18#46.51#26.31
-90.9943,40.9996#27.18#46.55#26.27
-90.9363,40.9983#27.21#46.57#26.22
-90.8782,40.9969#27.24#46.59#26.17
-90.8202,40.9956#27.27#46.61#26.12
-90.7622,40.9942#27.3#46.63#26.07
-90.7042,40.9929#27.32#46.66#26.02
-90.6461,40.9915#27.35#46.68#25.97
-90.5881,40.99#27.38#46.7#25.92
-90.5301,40.9886#27.41#46.72#25.87
-90.4721,40.9871#27.43#46.73#25.84
-90.4141,40.9857#27.43#46.75#25.82
-90.356,40.9842#27.44#46.76#25.8
-90.298,40.9827#27.44#46.77#25.79
-90.24,40.9811#27.44#46.78#25.78
-90.182,40.9796#27.45#46.79#25.76
-90.124,40.978#27.45#46.8#25.75
-90.066,40.9764#27.45#46.81#25.74
-90.008,40.9748#27.45#46.82#25.73
-89.95,40.9732#27.45#46.82#25.73
-89.892,40.9716#27.43#46.81#25.76
-89.834,40.9699#27.42#46.81#25.77
-89.776,40.9682#27.41#46.8#25.79
-89.718,40.9665#27.4#46.8#25.8
-89.66,40.9648#27.39#46.8#25.81
-89.602,40.9631#27.38#46.79#25.83
-89.544,40.9613#27.37#46.79#25.84
-89.486,40.9596#27.34#46.78#25.88
-89.4281,40.9578#27.29#46.74#25.97
-89.3701,40.956#27.23#46.69#26.08
-89.3121,40.9541#27.17#46.65#26.18
-89.2541,40.9523#27.11#46.61#26.28
-89.1961,40.9504#27.06#46.57#26.37
-89.1382,40.9485#27#46.53#26.47
-89.0802,40.9466#26.94#46.49#26.57
-89.0222,40.9447#26.88#46.45#26.67
-88.9643,40.9428#26.88#46.37#26.75
-88.9063,40.9408#26.9#46.26#26.84
-88.8483,40.9388#26.93#46.16#26.91
-88.7904,40.9368#26.96#46.05#26.99
-88.7324,40.9348#26.98#45.95#27.07
-88.6744,40.9328#27.01#45.84#27.15
-88.6165,40.9307#27.04#45.74#27.22
-88.5585,40.9287#27.06#45.64#27.3
-88.5006,40.9266#27.09#45.53#27.38
-88.4426,40.9245#27.15#45.38#27.47
-88.3847,40.9223#27.22#45.23#27.55
-88.3268,40.9202#27.28#45.07#27.65
-88.2688,40.918#27.35#44.92#27.73
-88.2109,40.9158#27.42#44.76#27.82
-88.1529,40.9136#27.48#44.61#27.91
-88.095,40.9114#27.55#44.45#28
-88.0371,40.9092#27.61#44.3#28.09
-87.9791,40.9069#27.67#44.13#28.2
-87.9212,40.9046#27.7#43.95#28.35
-87.8633,40.9023#27.73#43.77#28.5
-87.8054,40.9#27.76#43.59#28.65
-103.184,40.9015#26.14#30.26#43.6
-103.126,40.9041#26.14#30.2#43.66
-103.068,40.9067#26.15#30.14#43.71
-103.01,40.9093#26.16#30.08#43.76
-102.952,40.9119#26.17#30.02#43.81
-102.894,40.9145#26.18#29.98#43.84
-102.837,40.917#26.2#29.93#43.87
-102.779,40.9195#26.21#29.88#43.91
-102.721,40.922#26.23#29.83#43.94
-102.663,40.9245#26.24#29.78#43.98
-102.605,40.927#26.25#29.73#44.02
-102.547,40.9294#26.27#29.67#44.06
-102.489,40.9319#26.28#29.63#44.09
-102.431,40.9343#26.3#29.61#44.09
-102.373,40.9367#26.33#29.59#44.08
-102.315,40.939#26.35#29.56#44.09
-102.257,40.9414#26.37#29.54#44.09
-102.199,40.9437#26.39#29.52#44.09
-102.141,40.946#26.41#29.5#44.09
-102.083,40.9483#26.43#29.47#44.1
-102.025,40.9506#26.46#29.45#44.09
-101.968,40.9529#26.48#29.43#44.09
-101.91,40.9551#26.52#29.43#44.05
-101.852,40.9574#26.55#29.42#44.03
-101.794,40.9596#26.59#29.41#44
-101.736,40.9617#26.62#29.4#43.98
-101.678,40.9639#26.66#29.39#43.95
-101.62,40.9661#26.69#29.38#43.93
-101.562,40.9682#26.73#29.38#43.89
-101.504,40.9703#26.77#29.37#43.86
-101.446,40.9724#26.84#29.36#43.8
-101.388,40.9745#26.91#29.36#43.73
-101.33,40.9765#26.98#29.36#43.66
-101.272,40.9786#27.05#29.36#43.59
-101.214,40.9806#27.12#29.35#43.53
-101.156,40.9826#27.2#29.35#43.45
-101.098,40.9846#27.27#29.35#43.38
-101.04,40.9865#27.34#29.35#43.31
-100.982,40.9885#27.42#29.35#43.23
-100.924,40.9904#27.51#29.35#43.14
-100.866,40.9923#27.6#29.35#43.05
-100.808,40.9942#27.69#29.35#42.96
-100.75,40.996#27.78#29.35#42.87
-100.692,40.9979#27.87#29.35#42.78
-100.634,40.9997#27.97#29.35#42.68
-100.576,41.0015#28.06#29.35#42.59
-100.518,41.0033#28.15#29.35#42.5
-100.46,41.0051#28.22#29.35#42.43
-100.402,41.0068#28.29#29.35#42.36
-100.344,41.0086#28.36#29.35#42.29
-100.286,41.0103#28.42#29.35#42.23
-100.228,41.012#28.49#29.35#42.16
-100.17,41.0137#28.56#29.36#42.08
-100.112,41.0153#28.62#29.36#42.02
-100.054,41.017#28.69#29.36#41.95
-99.9957,41.0186#28.75#29.36#41.89
-99.9377,41.0202#28.78#29.39#41.83
-99.8797,41.0218#28.82#29.42#41.76
-99.8217,41.0234#28.85#29.45#41.7
-99.7636,41.0249#28.88#29.49#41.63
-99.7056,41.0264#28.91#29.52#41.57
-99.6475,41.0279#28.95#29.55#41.5
-99.5895,41.0294#28.98#29.58#41.44
-99.5315,41.0309#29.01#29.61#41.38
-99.4734,41.0324#29.03#29.65#41.32
-99.4154,41.0338#29.03#29.69#41.28
-99.3573,41.0352#29.04#29.74#41.22
-99.2993,41.0366#29.04#29.78#41.18
-99.2412,41.038#29.04#29.83#41.13
-99.1832,41.0394#29.04#29.87#41.09
-99.1251,41.0407#29.05#29.92#41.03
-99.0671,41.042#29.05#29.96#40.99
-99.009,41.0433#29.05#30.01#40.94
-98.951,41.0446#29.03#30.04#40.93
-98.8929,41.0459#29#30.08#40.92
-98.8348,41.0471#28.97#30.11#40.92
-98.7768,41.0484#28.94#30.14#40.92
-98.7187,41.0496#28.91#30.18#40.91
-98.6607,41.0508#28.88#30.21#40.91
-98.6026,41.0519#28.85#30.24#40.91
-98.5445,41.0531#28.82#30.27#40.91
-98.4865,41.0542#28.79#30.3#40.91
-98.4284,41.0553#28.74#30.3#40.96
-98.3703,41.0564#28.69#30.3#41.01
-98.3122,41.0575#28.64#30.3#41.06
-98.2542,41.0586#28.59#30.3#41.11
-98.1961,41.0596#28.55#30.3#41.15
-98.138,41.0606#28.5#30.3#41.2
-98.0799,41.0617#28.45#30.3#41.25
-98.0219,41.0626#28.4#30.3#41.3
-97.9638,41.0636#28.34#30.31#41.35
-97.9057,41.0646#28.28#30.33#41.39
-97.8476,41.0655#28.21#30.35#41.44
-97.7895,41.0664#28.15#30.37#41.48
-97.7315,41.0673#28.08#30.4#41.52
-97.6734,41.0682#28.02#30.42#41.56
-97.6153,41.069#27.95#30.44#41.61
-97.5572,41.0698#27.89#30.46#41.65
-97.4991,41.0707#27.83#30.49#41.68
-97.441,41.0715#27.75#30.55#41.7
-97.3829,41.0722#27.67#30.61#41.72
-97.3249,41.073#27.59#30.67#41.74
-97.2668,41.0737#27.51#30.73#41.76
-97.2087,41.0745#27.43#30.79#41.78
-97.1506,41.0752#27.35#30.85#41.8
-97.0925,41.0759#27.27#30.91#41.82
-97.0344,41.0765#27.19#30.97#41.84
-96.9763,41.0772#27.12#31.03#41.85
-96.9182,41.0778#27.07#31.1#41.83
-96.8601,41.0784#27.02#31.18#41.8
-96.802,41.079#26.96#31.25#41.79
-96.7439,41.0796#26.91#31.32#41.77
-96.6858,41.0801#26.86#31.4#41.74
-96.6277,41.0807#26.8#31.47#41.73
-96.5696,41.0812#26.75#31.54#41.71
-96.5115,41.0817#26.69#31.61#41.7
-96.4534,41.0822#26.66#31.7#41.64
-96.3953,41.0826#26.64#31.79#41.57
-96.3372,41.0831#26.62#31.88#41.5
-96.2791,41.0835#26.59#31.97#41.44
-96.221,41.0839#26.57#32.06#41.37
-96.1629,41.0843#26.55#32.15#41.3
-96.1048,41.0846#26.52#32.24#41.24
-96.0467,41.085#26.5#32.33#41.17
-95.9886,41.0853#26.48#32.43#41.09
-95.9305,41.0856#26.47#32.57#40.96
-95.8724,41.0859#26.46#32.71#40.83
-95.8143,41.0862#26.45#32.85#40.7
-95.7562,41.0864#26.44#32.99#40.57
-95.6981,41.0867#26.43#33.13#40.44
-95.64,41.0869#26.42#33.27#40.31
-95.5819,41.0871#26.41#33.4#40.19
-95.5238,41.0873#26.4#33.54#40.06
-95.4657,41.0874#26.4#33.71#39.89
-95.4076,41.0876#26.41#33.89#39.7
-95.3494,41.0877#26.41#34.07#39.52
-95.2913,41.0878#26.41#34.26#39.33
-95.2332,41.0879#26.42#34.44#39.14
-95.1751,41.0879#26.42#34.62#38.96
-95.117,41.088#26.42#34.81#38.77
-95.0589,41.088#26.43#34.99#38.58
-95.0008,41.088#26.43#35.17#38.4
-94.9427,41.088#26.45#35.37#38.18
-94.8846,41.088#26.48#35.57#37.95
-94.8265,41.0879#26.5#35.77#37.73
-94.7684,41.0879#26.53#35.96#37.51
-94.7103,41.0878#26.55#36.16#37.29
-94.6522,41.0877#26.57#36.36#37.07
-94.5941,41.0876#26.6#36.55#36.85
-94.5359,41.0874#26.62#36.75#36.63
-94.4778,41.0873#26.66#36.95#36.39
-94.4197,41.0871#26.7#37.15#36.15
-94.3616,41.0869#26.75#37.35#35.9
-94.3035,41.0867#26.79#37.55#35.66
-94.2454,41.0864#26.84#37.75#35.41
-94.1873,41.0862#26.88#37.95#35.17
-94.1292,41.0859#26.93#38.15#34.92
-94.0711,41.0856#26.97#38.35#34.68
-94.013,41.0853#27.02#38.55#34.43
-93.9549,41.085#27.07#38.78#34.15
-93.8968,41.0846#27.13#39.01#33.86
-93.8387,41.0843#27.19#39.25#33.56
-93.7806,41.0839#27.25#39.48#33.27
-93.7225,41.0835#27.31#39.72#32.97
-93.6644,41.0831#27.37#39.95#32.68
-93.6063,41.0826#27.43#40.18#32.39
-93.5482,41.0822#27.49#40.42#32.09
-93.4901,41.0817#27.54#40.66#31.8
-93.432,41.0812#27.58#40.9#31.52
-93.3739,41.0807#27.62#41.15#31.23
-93.3158,41.0801#27.65#41.4#30.95
-93.2577,41.0796#27.69#41.65#30.66
-93.1996,41.079#27.73#41.9#30.37
-93.1415,41.0784#27.77#42.15#30.08
-93.0834,41.0778#27.81#42.39#29.8
-93.0253,41.0772#27.85#42.64#29.51
-92.9672,41.0765#27.87#42.86#29.27
-92.9091,41.0759#27.87#43.05#29.08
-92.851,41.0752#27.88#43.24#28.88
-92.7929,41.0745#27.89#43.43#28.68
-92.7348,41.0738#27.9#43.62#28.48
-92.6767,41.073#27.9#43.82#28.28
-92.6187,41.0723#27.91#44.01#28.08
-92.5606,41.0715#27.92#44.2#27.88
-92.5025,41.0707#27.92#44.39#27.69
-92.4444,41.0699#27.9#44.53#27.57
-92.3863,41.069#27.88#44.66#27.46
-92.3282,41.0682#27.85#44.79#27.36
-92.2701,41.0673#27.83#44.93#27.24
-92.2121,41.0664#27.8#45.06#27.14
-92.154,41.0655#27.78#45.19#27.03
-92.0959,41.0646#27.76#45.32#26.92
-92.0378,41.0636#27.73#45.46#26.81
-91.9797,41.0627#27.7#45.57#26.73
-91.9217,41.0617#27.64#45.65#26.71
-91.8636,41.0607#27.58#45.73#26.69
-91.8055,41.0597#27.53#45.81#26.66
-91.7474,41.0586#27.47#45.89#26.64
-91.6894,41.0576#27.42#45.97#26.61
-91.6313,41.0565#27.36#46.05#26.59
-91.5732,41.0554#27.3#46.13#26.57
-91.5151,41.0543#27.25#46.21#26.54
-91.4571,41.0531#27.23#46.26#26.51
-91.399,41.052#27.23#46.3#26.47
-91.3409,41.0508#27.22#46.34#26.44
-91.2829,41.0496#27.22#46.38#26.4
-91.2248,41.0484#27.22#46.42#26.36
-91.1668,41.0472#27.21#46.46#26.33
-91.1087,41.0459#27.21#46.5#26.29
-91.0506,41.0447#27.21#46.54#26.25
-90.9926,41.0434#27.21#46.57#26.22
-90.9345,41.0421#27.23#46.59#26.18
-90.8765,41.0407#27.26#46.61#26.13
-90.8184,41.0394#27.28#46.63#26.09
-90.7604,41.038#27.31#46.65#26.04
-90.7023,41.0367#27.34#46.67#25.99
-90.6443,41.0353#27.36#46.69#25.95
-90.5862,41.0338#27.39#46.71#25.9
-90.5282,41.0324#27.42#46.73#25.85
-90.4701,41.031#27.43#46.75#25.82
-90.4121,41.0295#27.43#46.76#25.81
-90.3541,41.028#27.43#46.77#25.8
-90.296,41.0265#27.44#46.78#25.78
-90.238,41.025#27.44#46.79#25.77
-90.1799,41.0234#27.44#46.8#25.76
-90.1219,41.0218#27.44#46.81#25.75
-90.0639,41.0203#27.45#46.82#25.73
-90.0059,41.0186#27.45#46.83#25.72
-89.9478,41.017#27.44#46.82#25.74
-89.8898,41.0154#27.43#46.81#25.76
-89.8318,41.0137#27.41#46.81#25.78
-89.7738,41.012#27.4#46.8#25.8
-89.7157,41.0103#27.39#46.79#25.82
-89.6577,41.0086#27.38#46.79#25.83
-89.5997,41.0069#27.37#46.78#25.85
-89.5417,41.0051#27.36#46.78#25.86
-89.4837,41.0034#27.33#46.76#25.91
-89.4257,41.0016#27.27#46.71#26.02
-89.3677,40.9998#27.22#46.66#26.12
-89.3097,40.9979#27.16#46.62#26.22
-89.2517,40.9961#27.1#46.57#26.33
-89.1937,40.9942#27.05#46.53#26.42
-89.1357,40.9923#26.99#46.48#26.53
-89.0777,40.9904#26.93#46.44#26.63
-89.0197,40.9885#26.87#46.39#26.74
-88.9617,40.9866#26.87#46.3#26.83
-88.9037,40.9846#26.9#46.18#26.92
-88.8457,40.9826#26.92#46.07#27.01
-88.7877,40.9806#26.95#45.96#27.09
-88.7297,40.9786#26.98#45.84#27.18
-88.6717,40.9766#27#45.73#27.27
-88.6138,40.9745#27.03#45.62#27.35
-88.5558,40.9724#27.06#45.51#27.43
-88.4978,40.9704#27.08#45.4#27.52
-88.4398,40.9682#27.15#45.25#27.6
-88.3819,40.9661#27.22#45.09#27.69
-88.3239,40.964#27.28#44.94#27.78
-88.2659,40.9618#27.35#44.79#27.86
-88.208,40.9596#27.42#44.63#27.95
-88.15,40.9574#27.48#44.48#28.04
-88.092,40.9552#27.55#44.33#28.12
-88.0341,40.9529#27.61#44.17#28.22
-87.9761,40.9507#27.66#44#28.34
-87.9182,40.9484#27.7#43.81#28.49
-87.8602,40.9461#27.73#43.61#28.66
-87.8023,40.9438#27.76#43.42#28.82
-87.7444,40.9415#27.79#43.23#28.98
-87.6864,40.9391#27.82#43.05#29.13
-87.6285,40.9367#27.85#42.86#29.29
-87.5705,40.9343#27.88#42.67#29.45
-87.5126,40.9319#27.91#42.49#29.6
-87.4547,40.9295#27.93#42.24#29.83
-87.3968,40.9271#27.95#41.97#30.08
-87.3388,40.9246#27.97#41.7#30.33
-87.2809,40.9221#27.99#41.43#30.58
-87.223,40.9196#28.01#41.16#30.83
-87.1651,40.9171#28.02#40.88#31.1
-87.1072,40.9145#28.04#40.61#31.35
-87.0493,40.912#28.06#40.34#31.6
-86.9914,40.9094#28.08#40.07#31.85
-86.9335,40.9068#28.09#39.83#32.08
-86.8756,40.9042#28.11#39.58#32.31
-86.8177,40.9015#28.12#39.33#32.55
-104.114,40.9005#26.13#30.98#42.89
-104.056,40.9035#26.12#30.96#42.92
-103.998,40.9064#26.12#30.94#42.94
-103.94,40.9093#26.12#30.9#42.98
-103.882,40.9122#26.12#30.87#43.01
-103.824,40.915#26.11#30.83#43.06
-103.766,40.9179#26.11#30.8#43.09
-103.709,40.9207#26.11#30.76#43.13
-103.651,40.9235#26.11#30.72#43.17
-103.593,40.9263#26.11#30.69#43.2
-103.535,40.929#26.11#30.65#43.24
-103.477,40.9318#26.11#30.61#43.28
-103.419,40.9345#26.11#30.55#43.34
-103.361,40.9372#26.12#30.49#43.39
-103.303,40.9399#26.12#30.43#43.45
-103.245,40.9426#26.13#30.37#43.5
-103.187,40.9452#26.13#30.31#43.56
-103.13,40.9479#26.14#30.25#43.61
-103.072,40.9505#26.14#30.19#43.67
-103.014,40.9531#26.15#30.14#43.71
-102.956,40.9557#26.16#30.08#43.76
-102.898,40.9582#26.18#30.03#43.79
-102.84,40.9608#26.19#29.98#43.83
-102.782,40.9633#26.2#29.93#43.87
-102.724,40.9658#26.22#29.87#43.91
-102.666,40.9683#26.23#29.82#43.95
-102.608,40.9708#26.24#29.77#43.99
-102.55,40.9732#26.26#29.72#44.02
-102.492,40.9756#26.27#29.67#44.06
-102.434,40.9781#26.29#29.64#44.07
-102.376,40.9804#26.32#29.62#44.06
-102.318,40.9828#26.34#29.59#44.07
-102.26,40.9852#26.36#29.57#44.07
-102.202,40.9875#26.38#29.54#44.08
-102.144,40.9898#26.4#29.52#44.08
-102.086,40.9921#26.42#29.49#44.09
-102.028,40.9944#26.45#29.46#44.09
-101.97,40.9967#26.47#29.45#44.08
-101.913,40.9989#26.51#29.44#44.05
-101.855,41.0011#26.55#29.43#44.02
-101.797,41.0033#26.59#29.42#43.99
-101.739,41.0055#26.62#29.41#43.97
-101.681,41.0077#26.66#29.4#43.94
-101.623,41.0098#26.7#29.39#43.91
-101.565,41.012#26.74#29.38#43.88
-101.507,41.0141#26.77#29.38#43.85
-101.449,41.0162#26.84#29.37#43.79
-101.391,41.0182#26.92#29.37#43.71
-101.333,41.0203#26.99#29.37#43.64
-101.275,41.0223#27.06#29.36#43.58
-101.217,41.0244#27.14#29.36#43.5
-101.159,41.0264#27.21#29.36#43.43
-101.101,41.0283#27.29#29.35#43.36
-101.043,41.0303#27.36#29.35#43.29
-100.985,41.0322#27.44#29.35#43.21
-100.926,41.0342#27.53#29.35#43.12
-100.868,41.0361#27.62#29.35#43.03
-100.81,41.038#27.71#29.35#42.94
-100.752,41.0398#27.8#29.35#42.85
-100.694,41.0417#27.89#29.35#42.76
-100.636,41.0435#27.98#29.35#42.67
-100.578,41.0453#28.07#29.35#42.58
-100.52,41.0471#28.17#29.35#42.48
-100.462,41.0489#28.24#29.35#42.41
-100.404,41.0506#28.3#29.35#42.35
-100.346,41.0524#28.36#29.35#42.29
-100.288,41.0541#28.42#29.36#42.22
-100.23,41.0558#28.48#29.36#42.16
-100.172,41.0575#28.55#29.36#42.09
-100.114,41.0591#28.61#29.36#42.03
-100.056,41.0608#28.67#29.36#41.97
-99.9979,41.0624#28.72#29.36#41.92
-99.9398,41.064#28.76#29.39#41.85
-99.8818,41.0656#28.79#29.42#41.79
-99.8237,41.0672#28.82#29.46#41.72
-99.7657,41.0687#28.85#29.49#41.66
-99.7076,41.0702#28.88#29.52#41.6
-99.6495,41.0717#28.92#29.55#41.53
-99.5915,41.0732#28.95#29.58#41.47
-99.5334,41.0747#28.98#29.61#41.41
-99.4753,41.0762#29#29.65#41.35
-99.4173,41.0776#29#29.69#41.31
-99.3592,41.079#29#29.74#41.26
-99.3011,41.0804#29.01#29.78#41.21
-99.2431,41.0818#29.01#29.83#41.16
-99.185,41.0832#29.01#29.87#41.12
-99.1269,41.0845#29.02#29.92#41.06
-99.0688,41.0858#29.02#29.96#41.02
-99.0107,41.0871#29.02#30.01#40.97
-98.9527,41.0884#29#30.04#40.96
-98.8946,41.0897#28.97#30.08#40.95
-98.8365,41.0909#28.95#30.11#40.94
-98.7784,41.0922#28.92#30.14#40.94
-98.7203,41.0934#28.89#30.18#40.93
-98.6622,41.0946#28.87#30.21#40.92
-98.6041,41.0957#28.84#30.25#40.91
-98.546,41.0969#28.82#30.28#40.9
-98.488,41.098#28.79#30.31#40.9
-98.4299,41.0991#28.74#30.31#40.95
-98.3718,41.1002#28.69#30.31#41
-98.3137,41.1013#28.65#30.31#41.04
-98.2556,41.1024#28.6#30.31#41.09
-98.1975,41.1034#28.56#30.32#41.12
-98.1394,41.1044#28.51#30.32#41.17
-98.0813,41.1055#28.47#30.32#41.21
-98.0232,41.1064#28.42#30.32#41.26
-97.9651,41.1074#28.36#30.34#41.3
-97.907,41.1084#28.3#30.36#41.34
-97.8489,41.1093#28.24#30.39#41.37
-97.7907,41.1102#28.18#30.41#41.41
-97.7326,41.1111#28.12#30.44#41.44
-97.6745,41.112#28.06#30.46#41.48
-97.6164,41.1128#28#30.49#41.51
-97.5583,41.1137#27.93#30.51#41.56
-97.5002,41.1145#27.87#30.54#41.59
-97.4421,41.1153#27.79#30.6#41.61
-97.384,41.116#27.71#30.66#41.63
-97.3259,41.1168#27.63#30.72#41.65
-97.2677,41.1175#27.55#30.78#41.67
-97.2096,41.1183#27.47#30.84#41.69
-97.1515,41.119#27.38#30.9#41.72
-97.0934,41.1197#27.3#30.97#41.73
-97.0353,41.1203#27.22#31.03#41.75
-96.9772,41.121#27.15#31.09#41.76
-96.919,41.1216#27.09#31.17#41.74
-96.8609,41.1222#27.03#31.24#41.73
-96.8028,41.1228#26.98#31.31#41.71
-96.7447,41.1234#26.92#31.38#41.7
-96.6865,41.1239#26.86#31.46#41.68
-96.6284,41.1245#26.81#31.53#41.66
-96.5703,41.125#26.75#31.6#41.65
-96.5122,41.1255#26.69#31.67#41.64
-96.454,41.126#26.66#31.76#41.58
-96.3959,41.1264#26.64#31.85#41.51
-96.3378,41.1269#26.62#31.95#41.43
-96.2797,41.1273#26.59#32.04#41.37
-96.2215,41.1277#26.57#32.13#41.3
-96.1634,41.1281#26.55#32.22#41.23
-96.1053,41.1284#26.52#32.31#41.17
-96.0472,41.1288#26.5#32.41#41.09
-95.989,41.1291#26.48#32.51#41.01
-95.9309,41.1294#26.47#32.65#40.88
-95.8728,41.1297#26.46#32.8#40.74
-95.8146,41.13#26.45#32.94#40.61
-95.7565,41.1302#26.44#33.09#40.47
-95.6984,41.1305#26.43#33.23#40.34
-95.6403,41.1307#26.42#33.37#40.21
-95.5821,41.1309#26.41#33.52#40.07
-95.524,41.1311#26.4#33.66#39.94
-95.4659,41.1312#26.4#33.83#39.77
-95.4077,41.1314#26.4#34.02#39.58
-95.3496,41.1315#26.4#34.2#39.4
-95.2915,41.1316#26.41#34.39#39.2
-95.2333,41.1317#26.41#34.58#39.01
-95.1752,41.1317#26.41#34.76#38.83
-95.1171,41.1318#26.41#34.95#38.64
-95.0589,41.1318#26.41#35.13#38.46
-95.0008,41.1318#26.42#35.32#38.26
-94.9427,41.1318#26.44#35.52#38.04
-94.8845,41.1318#26.46#35.72#37.82
-94.8264,41.1318#26.49#35.91#37.6
-94.7683,41.1317#26.51#36.11#37.38
-94.7101,41.1316#26.54#36.31#37.15
-94.652,41.1315#26.56#36.5#36.94
-94.5939,41.1314#26.59#36.7#36.71
-94.5357,41.1312#26.61#36.9#36.49
-94.4776,41.1311#26.64#37.1#36.26
-94.4195,41.1309#26.69#37.3#36.01
-94.3614,41.1307#26.73#37.5#35.77
-94.3032,41.1305#26.77#37.7#35.53
-94.2451,41.1303#26.82#37.9#35.28
-94.187,41.13#26.86#38.1#35.04
-94.1288,41.1297#26.91#38.3#34.79
-94.0707,41.1294#26.95#38.5#34.55
-94.0126,41.1291#27#38.7#34.3
-93.9544,41.1288#27.05#38.93#34.02
-93.8963,41.1285#27.11#39.17#33.72
-93.8382,41.1281#27.17#39.41#33.42
-93.7801,41.1277#27.23#39.65#33.12
-93.7219,41.1273#27.3#39.89#32.81
-93.6638,41.1269#27.36#40.13#32.51
-93.6057,41.1264#27.42#40.36#32.22
-93.5476,41.126#27.48#40.6#31.92
-93.4894,41.1255#27.53#40.84#31.63
-93.4313,41.125#27.57#41.09#31.34
-93.3732,41.1245#27.61#41.34#31.05
-93.3151,41.1239#27.65#41.59#30.76
-93.2569,41.1234#27.69#41.83#30.48
-93.1988,41.1228#27.73#42.08#30.19
-93.1407,41.1222#27.77#42.33#29.9
-93.0826,41.1216#27.81#42.57#29.62
-93.0245,41.121#27.85#42.82#29.33
-92.9663,41.1203#27.87#43.03#29.1
-92.9082,41.1197#27.88#43.21#28.91
-92.8501,41.119#27.89#43.4#28.71
-92.792,41.1183#27.9#43.58#28.52
