-98.0165,36.9007#36.3#29.87#33.83
-97.9607,36.9017#36.21#29.83#33.96
-97.9048,36.9027#36.12#29.79#34.09
-97.849,36.9036#36.03#29.74#34.23
-97.7932,36.9045#35.94#29.7#34.36
-97.7373,36.9055#35.85#29.65#34.5
-97.6815,36.9064#35.76#29.61#34.63
-97.6257,36.9072#35.67#29.56#34.77
-97.5698,36.9081#35.57#29.52#34.91
-97.514,36.9089#35.48#29.48#35.04
-97.4582,36.9097#35.39#29.45#35.16
-97.4023,36.9105#35.29#29.44#35.27
-97.3465,36.9113#35.2#29.42#35.38
-97.2906,36.9121#35.1#29.41#35.49
-97.2348,36.9128#35#29.39#35.61
-97.179,36.9136#34.91#29.38#35.71
-97.1231,36.9143#34.81#29.36#35.83
-97.0673,36.915#34.71#29.35#35.94
-97.0114,36.9156#34.62#29.33#36.05
-96.9556,36.9163#34.52#29.33#36.15
-96.8997,36.9169#34.43#29.32#36.25
-96.8439,36.9175#34.33#29.32#36.35
-96.7881,36.9181#34.24#29.32#36.44
-96.7322,36.9187#34.15#29.31#36.54
-96.6764,36.9193#34.05#29.31#36.64
-96.6205,36.9198#33.96#29.31#36.73
-96.5647,36.9203#33.86#29.3#36.84
-96.5088,36.9208#33.77#29.3#36.93
-96.453,36.9213#33.68#29.3#37.02
-96.3971,36.9218#33.58#29.3#37.12
-96.3413,36.9223#33.49#29.3#37.21
-96.2854,36.9227#33.4#29.3#37.3
-96.2296,36.9231#33.3#29.3#37.4
-96.1737,36.9235#33.21#29.3#37.49
-96.1179,36.9239#33.12#29.3#37.58
-96.062,36.9242#33.02#29.3#37.68
-96.0062,36.9246#32.93#29.3#37.77
-95.9503,36.9249#32.85#29.3#37.85
-95.8945,36.9252#32.76#29.3#37.94
-95.8386,36.9255#32.68#29.3#38.02
-95.7827,36.9257#32.59#29.31#38.1
-95.7269,36.926#32.51#29.31#38.18
-95.671,36.9262#32.42#29.31#38.27
-95.6152,36.9264#32.34#29.31#38.35
-95.5593,36.9266#32.25#29.31#38.44
-95.5035,36.9268#32.17#29.32#38.51
-95.4476,36.927#32.08#29.32#38.6
-95.3918,36.9271#31.98#29.32#38.7
-95.3359,36.9272#31.89#29.32#38.79
-95.2801,36.9273#31.8#29.33#38.87
-95.2242,36.9274#31.71#29.33#38.96
-95.1683,36.9275#31.61#29.33#39.06
-95.1125,36.9275#31.52#29.33#39.15
-95.0566,36.9275#31.43#29.34#39.23
-95.0008,36.9276#31.33#29.34#39.33
-94.9449,36.9275#31.23#29.34#39.43
-94.8891,36.9275#31.13#29.35#39.52
-94.8332,36.9275#31.03#29.35#39.62
-94.7773,36.9274#30.93#29.36#39.71
-94.7215,36.9273#30.83#29.36#39.81
-94.6656,36.9272#30.72#29.37#39.91
-94.6098,36.9271#30.62#29.37#40.01
-94.5539,36.927#30.52#29.38#40.1
-94.4981,36.9268#30.42#29.38#40.2
-94.4422,36.9266#30.3#29.4#40.3
-94.3864,36.9264#30.17#29.41#40.42
-94.3305,36.9262#30.05#29.43#40.52
-94.2747,36.926#29.92#29.45#40.63
-94.2188,36.9258#29.8#29.46#40.74
-94.1629,36.9255#29.67#29.48#40.85
-94.1071,36.9252#29.55#29.49#40.96
-94.0512,36.9249#29.42#29.51#41.07
-93.9954,36.9246#29.3#29.53#41.17
-93.9395,36.9242#29.21#29.56#41.23
-93.8837,36.9239#29.12#29.6#41.28
-93.8278,36.9235#29.04#29.64#41.32
-93.772,36.9231#28.95#29.68#41.37
-93.7161,36.9227#28.86#29.71#41.43
-93.6603,36.9223#28.77#29.75#41.48
-93.6044,36.9218#28.68#29.79#41.53
-93.5486,36.9213#28.59#29.83#41.58
-93.4927,36.9209#28.5#29.87#41.63
-93.4369,36.9204#28.45#29.93#41.62
-93.381,36.9198#28.39#29.99#41.62
-93.3252,36.9193#28.33#30.05#41.62
-93.2693,36.9187#28.28#30.11#41.61
-93.2135,36.9181#28.22#30.17#41.61
-93.1576,36.9175#28.16#30.23#41.61
-93.1018,36.9169#28.11#30.29#41.6
-93.046,36.9163#28.05#30.35#41.6
-92.9901,36.9156#28#30.41#41.59
-92.9343,36.915#27.96#30.48#41.56
-92.8784,36.9143#27.93#30.55#41.52
-92.8226,36.9136#27.9#30.63#41.47
-92.7667,36.9128#27.87#30.7#41.43
-92.7109,36.9121#27.84#30.77#41.39
-92.6551,36.9113#27.81#30.84#41.35
-92.5992,36.9106#27.78#30.91#41.31
-92.5434,36.9098#27.75#30.99#41.26
-92.4875,36.9089#27.72#31.06#41.22
-92.4317,36.9081#27.7#31.13#41.17
-92.3759,36.9072#27.68#31.2#41.12
-92.32,36.9064#27.66#31.27#41.07
-92.2642,36.9055#27.64#31.34#41.02
-92.2084,36.9046#27.62#31.42#40.96
-92.1525,36.9036#27.6#31.49#40.91
-92.0967,36.9027#27.58#31.56#40.86
-92.0409,36.9017#27.56#31.63#40.81
-91.9851,36.9007#27.54#31.71#40.75
-99.916,36.901#38.85#29.24#31.91
-99.8602,36.9026#38.76#29.28#31.96
-99.8043,36.9042#38.67#29.32#32.01
-99.7485,36.9057#38.58#29.36#32.06
-99.6927,36.9073#38.49#29.4#32.11
-99.6369,36.9088#38.4#29.44#32.16
-99.5811,36.9103#38.31#29.48#32.21
-99.5253,36.9118#38.22#29.51#32.27
-99.4695,36.9133#38.14#29.56#32.3
-99.4136,36.9148#38.06#29.61#32.33
-99.3578,36.9162#37.99#29.66#32.35
-99.302,36.9177#37.91#29.7#32.39
-99.2462,36.9191#37.83#29.75#32.42
-99.1904,36.9205#37.76#29.8#32.44
-99.1345,36.9218#37.68#29.85#32.47
-99.0787,36.9232#37.61#29.9#32.49
-99.0229,36.9245#37.53#29.95#32.52
-98.967,36.9258#37.46#29.98#32.56
-98.9112,36.9271#37.39#30.01#32.6
-98.8554,36.9284#37.31#30.03#32.66
-98.7995,36.9297#37.24#30.06#32.7
-98.7437,36.9309#37.17#30.09#32.74
-98.6879,36.9321#37.1#30.11#32.79
-98.632,36.9333#37.03#30.14#32.83
-98.5762,36.9345#36.96#30.16#32.88
-98.5204,36.9357#36.88#30.19#32.93
-98.4645,36.9368#36.81#30.17#33.02
-98.4087,36.938#36.72#30.14#33.14
-98.3528,36.9391#36.64#30.1#33.26
-98.297,36.9402#36.56#30.06#33.38
-98.2411,36.9413#36.48#30.02#33.5
-98.1853,36.9423#36.4#29.99#33.61
-98.1294,36.9434#36.32#29.95#33.73
-98.0736,36.9444#36.24#29.91#33.85
-98.0177,36.9454#36.16#29.88#33.96
-97.9619,36.9464#36.07#29.83#34.1
-97.906,36.9473#35.98#29.79#34.23
-97.8502,36.9483#35.89#29.75#34.36
-97.7943,36.9492#35.8#29.7#34.5
-97.7385,36.9501#35.7#29.66#34.64
-97.6826,36.951#35.61#29.61#34.78
-97.6268,36.9519#35.52#29.57#34.91
-97.5709,36.9527#35.43#29.52#35.05
-97.515,36.9536#35.34#29.48#35.18
-97.4592,36.9544#35.24#29.46#35.3
-97.4033,36.9552#35.15#29.44#35.41
-97.3475,36.956#35.05#29.43#35.52
-97.2916,36.9567#34.95#29.41#35.64
-97.2357,36.9575#34.86#29.4#35.74
-97.1799,36.9582#34.76#29.38#35.86
-97.124,36.9589#34.67#29.37#35.96
-97.0681,36.9596#34.57#29.35#36.08
-97.0123,36.9603#34.47#29.34#36.19
-96.9564,36.9609#34.38#29.33#36.29
-96.9005,36.9616#34.29#29.33#36.38
-96.8447,36.9622#34.19#29.32#36.49
-96.7888,36.9628#34.1#29.32#36.58
-96.7329,36.9634#34.01#29.32#36.67
-96.6771,36.9639#33.91#29.31#36.78
-96.6212,36.9645#33.82#29.31#36.87
-96.5653,36.965#33.73#29.3#36.97
-96.5094,36.9655#33.64#29.3#37.06
-96.4536,36.966#33.54#29.3#37.16
-96.3977,36.9665#33.45#29.3#37.25
-96.3418,36.9669#33.36#29.3#37.34
-96.2859,36.9673#33.27#29.3#37.43
-96.2301,36.9678#33.18#29.3#37.52
-96.1742,36.9682#33.09#29.3#37.61
-96.1183,36.9685#33#29.3#37.7
-96.0624,36.9689#32.91#29.3#37.79
-96.0066,36.9692#32.82#29.3#37.88
-95.9507,36.9696#32.73#29.3#37.97
-95.8948,36.9699#32.65#29.31#38.04
-95.8389,36.9701#32.57#29.31#38.12
-95.7831,36.9704#32.48#29.31#38.21
-95.7272,36.9707#32.4#29.31#38.29
-95.6713,36.9709#32.31#29.31#38.38
-95.6154,36.9711#32.23#29.32#38.45
-95.5596,36.9713#32.15#29.32#38.53
-95.5037,36.9715#32.06#29.32#38.62
-95.4478,36.9716#31.97#29.32#38.71
-95.3919,36.9718#31.87#29.32#38.81
-95.336,36.9719#31.78#29.33#38.89
-95.2802,36.972#31.68#29.33#38.99
-95.2243,36.9721#31.59#29.33#39.08
-95.1684,36.9721#31.49#29.33#39.18
-95.1125,36.9722#31.4#29.34#39.26
-95.0567,36.9722#31.3#29.34#39.36
-95.0008,36.9722#31.21#29.34#39.45
-94.9449,36.9722#31.11#29.35#39.54
-94.889,36.9722#31.01#29.35#39.64
-94.8331,36.9721#30.9#29.36#39.74
-94.7773,36.9721#30.8#29.36#39.84
-94.7214,36.972#30.7#29.37#39.93
-94.6655,36.9719#30.6#29.37#40.03
-94.6096,36.9718#30.5#29.38#40.12
-94.5537,36.9716#30.39#29.39#40.22
-94.4979,36.9715#30.29#29.39#40.32
-94.442,36.9713#30.17#29.41#40.42
-94.3861,36.9711#30.05#29.43#40.52
-94.3302,36.9709#29.93#29.45#40.62
-94.2744,36.9707#29.81#29.46#40.73
-94.2185,36.9704#29.69#29.48#40.83
-94.1626,36.9702#29.57#29.5#40.93
-94.1067,36.9699#29.46#29.52#41.02
-94.0508,36.9696#29.34#29.53#41.13
-93.995,36.9692#29.22#29.55#41.23
-93.9391,36.9689#29.13#29.59#41.28
-93.8832,36.9685#29.05#29.63#41.32
-93.8273,36.9682#28.96#29.67#41.37
-93.7715,36.9678#28.88#29.71#41.41
-93.7156,36.9674#28.79#29.75#41.46
-93.6597,36.9669#28.7#29.79#41.51
-93.6038,36.9665#28.62#29.83#41.55
-93.548,36.966#28.53#29.87#41.6
-93.4921,36.9655#28.45#29.92#41.63
-93.4362,36.965#28.4#29.98#41.62
-93.3804,36.9645#28.34#30.04#41.62
-93.3245,36.9639#28.29#30.1#41.61
-93.2686,36.9634#28.24#30.17#41.59
-93.2128,36.9628#28.18#30.23#41.59
-93.1569,36.9622#28.13#30.29#41.58
-93.101,36.9616#28.08#30.35#41.57
-93.0451,36.961#28.02#30.42#41.56
-92.9893,36.9603#27.97#30.48#41.55
-92.9334,36.9596#27.94#30.55#41.51
-92.8775,36.9589#27.91#30.62#41.47
-92.8217,36.9582#27.88#30.7#41.42
-92.7658,36.9575#27.85#30.77#41.38
-92.71,36.9568#27.83#30.84#41.33
-92.6541,36.956#27.8#30.91#41.29
-92.5982,36.9552#27.77#30.99#41.24
-92.5424,36.9544#27.74#31.06#41.2
-92.4865,36.9536#27.71#31.13#41.16
-92.4307,36.9528#27.69#31.2#41.11
-92.3748,36.9519#27.67#31.28#41.05
-92.3189,36.951#27.65#31.35#41
-92.2631,36.9501#27.64#31.42#40.94
-92.2072,36.9492#27.62#31.5#40.88
-92.1514,36.9483#27.6#31.57#40.83
-92.0955,36.9474#27.58#31.64#40.78
-92.0397,36.9464#27.56#31.71#40.73
-91.9838,36.9454#27.54#31.79#40.67
-91.928,36.9444#27.53#31.89#40.58
-91.8721,36.9434#27.52#31.98#40.5
-91.8163,36.9423#27.51#32.08#40.41
-91.7604,36.9413#27.5#32.17#40.33
-91.7046,36.9402#27.48#32.27#40.25
-91.6487,36.9391#27.47#32.36#40.17
-91.5929,36.938#27.46#32.46#40.08
-91.537,36.9369#27.45#32.55#40
-91.4812,36.9357#27.46#32.65#39.89
-91.4254,36.9346#27.53#32.77#39.7
-91.3695,36.9334#27.6#32.88#39.52
-91.3137,36.9322#27.67#33#39.33
-91.2578,36.9309#27.74#33.11#39.15
-91.202,36.9297#27.81#33.23#38.96
-91.1462,36.9284#27.88#33.34#38.78
-91.0903,36.9272#27.95#33.45#38.6
-91.0345,36.9259#28.02#33.57#38.41
-90.9787,36.9245#28.09#33.7#38.21
-90.9228,36.9232#28.17#33.87#37.96
-90.867,36.9219#28.25#34.03#37.72
-90.8112,36.9205#28.32#34.2#37.48
-90.7554,36.9191#28.4#34.37#37.23
-90.6995,36.9177#28.47#34.53#37
-90.6437,36.9163#28.55#34.7#36.75
-90.5879,36.9148#28.62#34.87#36.51
-90.5321,36.9134#28.69#35.03#36.28
-90.4763,36.9119#28.75#35.2#36.05
-90.4204,36.9104#28.78#35.37#35.85
-90.3646,36.9089#28.81#35.53#35.66
-90.3088,36.9073#28.83#35.7#35.47
-90.253,36.9058#28.86#35.86#35.28
-90.1972,36.9042#28.89#36.03#35.08
-90.1414,36.9026#28.92#36.19#34.89
-90.0856,36.901#28.95#36.36#34.69
-101.257,36.9014#38.25#29.14#32.61
-101.202,36.9035#38.29#29.14#32.57
-101.146,36.9055#38.33#29.14#32.53
-101.09,36.9075#38.37#29.14#32.49
-101.034,36.9095#38.42#29.14#32.44
-100.978,36.9115#38.45#29.15#32.4
-100.923,36.9135#38.49#29.15#32.36
-100.867,36.9154#38.52#29.15#32.33
-100.811,36.9173#38.55#29.15#32.3
-100.755,36.9192#38.58#29.16#32.26
-100.699,36.9211#38.62#29.16#32.22
-100.644,36.923#38.65#29.16#32.19
-100.588,36.9248#38.68#29.16#32.16
-100.532,36.9267#38.71#29.16#32.13
-100.476,36.9285#38.73#29.17#32.1
-100.42,36.9303#38.74#29.17#32.09
-100.365,36.9321#38.74#29.17#32.09
-100.309,36.9338#38.74#29.17#32.09
-100.253,36.9356#38.75#29.17#32.08
-100.197,36.9373#38.75#29.18#32.07
-100.141,36.939#38.75#29.18#32.07
-100.085,36.9407#38.76#29.18#32.06
-100.03,36.9423#38.76#29.18#32.06
-99.9738,36.944#38.72#29.2#32.08
-99.918,36.9456#38.63#29.24#32.13
-99.8622,36.9472#38.55#29.28#32.17
-99.8063,36.9488#38.46#29.32#32.22
-99.7505,36.9504#38.38#29.36#32.26
-99.6947,36.9519#38.29#29.4#32.31
-99.6388,36.9535#38.21#29.44#32.35
-99.583,36.955#38.12#29.48#32.4
-99.5271,36.9565#38.04#29.51#32.45
-99.4713,36.958#37.96#29.56#32.48
-99.4155,36.9594#37.89#29.61#32.5
-99.3596,36.9609#37.81#29.66#32.53
-99.3038,36.9623#37.74#29.7#32.56
-99.2479,36.9637#37.67#29.75#32.58
-99.1921,36.9651#37.59#29.8#32.61
-99.1362,36.9665#37.52#29.85#32.63
-99.0804,36.9678#37.44#29.9#32.66
-99.0245,36.9692#37.37#29.95#32.68
-98.9687,36.9705#37.3#29.98#32.72
-98.9128,36.9718#37.23#30.01#32.76
-98.857,36.973#37.16#30.03#32.81
-98.8011,36.9743#37.09#30.06#32.85
-98.7452,36.9756#37.01#30.09#32.9
-98.6894,36.9768#36.94#30.11#32.95
-98.6335,36.978#36.87#30.14#32.99
-98.5777,36.9792#36.8#30.16#33.04
-98.5218,36.9803#36.73#30.19#33.08
-98.4659,36.9815#36.65#30.18#33.17
-98.4101,36.9826#36.57#30.14#33.29
-98.3542,36.9837#36.49#30.1#33.41
-98.2983,36.9848#36.42#30.06#33.52
-98.2425,36.9859#36.34#30.03#33.63
-98.1866,36.987#36.26#29.99#33.75
-98.1307,36.988#36.18#29.95#33.87
-98.0749,36.989#36.1#29.92#33.98
-98.019,36.99#36.02#29.88#34.1
-97.9631,36.991#35.93#29.84#34.23
-97.9072,36.992#35.84#29.79#34.37
-97.8514,36.9929#35.75#29.75#34.5
-97.7955,36.9939#35.65#29.7#34.65
-97.7396,36.9948#35.56#29.66#34.78
-97.6837,36.9957#35.47#29.61#34.92
-97.6278,36.9965#35.38#29.57#35.05
-97.572,36.9974#35.29#29.53#35.18
-97.5161,36.9982#35.2#29.48#35.32
-97.4602,36.999#35.1#29.46#35.44
-97.4043,36.9998#35#29.44#35.56
-97.3484,37.0006#34.91#29.43#35.66
-97.2925,37.0014#34.81#29.41#35.78
-97.2366,37.0021#34.71#29.4#35.89
-97.1808,37.0029#34.62#29.38#36
-97.1249,37.0036#34.52#29.37#36.11
-97.069,37.0043#34.42#29.35#36.23
-97.0131,37.0049#34.33#29.34#36.33
-96.9572,37.0056#34.23#29.33#36.44
-96.9013,37.0062#34.14#29.33#36.53
-96.8454,37.0068#34.05#29.33#36.62
-96.7895,37.0074#33.96#29.32#36.72
-96.7336,37.008#33.87#29.32#36.81
-96.6777,37.0086#33.78#29.31#36.91
-96.6219,37.0091#33.68#29.31#37.01
-96.566,37.0097#33.59#29.31#37.1
-96.5101,37.0102#33.5#29.3#37.2
-96.4542,37.0106#33.41#29.3#37.29
-96.3983,37.0111#33.32#29.3#37.38
-96.3424,37.0116#33.24#29.3#37.46
-96.2865,37.012#33.15#29.3#37.55
-96.2306,37.0124#33.06#29.3#37.64
-96.1747,37.0128#32.97#29.3#37.73
-96.1188,37.0132#32.88#29.3#37.82
-96.0629,37.0135#32.79#29.3#37.91
-96.007,37.0139#32.71#29.3#37.99
-95.9511,37.0142#32.62#29.31#38.07
-95.8952,37.0145#32.54#29.31#38.15
-95.8393,37.0148#32.46#29.31#38.23
-95.7834,37.0151#32.37#29.31#38.32
-95.7275,37.0153#32.29#29.31#38.4
-95.6716,37.0155#32.21#29.32#38.47
-95.6157,37.0158#32.12#29.32#38.56
-95.5598,37.016#32.04#29.32#38.64
-95.5039,37.0161#31.96#29.32#38.72
-95.448,37.0163#31.86#29.32#38.82
-95.3921,37.0164#31.76#29.33#38.91
-95.3362,37.0165#31.67#29.33#39
-95.2803,37.0166#31.57#29.33#39.1
-95.2244,37.0167#31.47#29.33#39.2
-95.1685,37.0168#31.38#29.34#39.28
-95.1126,37.0168#31.28#29.34#39.38
-95.0567,37.0169#31.18#29.34#39.48
-95.0008,37.0169#31.09#29.34#39.57
-94.9449,37.0169#30.98#29.35#39.67
-94.889,37.0168#30.88#29.36#39.76
-94.8331,37.0168#30.78#29.36#39.86
-94.7772,37.0167#30.68#29.37#39.95
-94.7213,37.0166#30.57#29.37#40.06
-94.6654,37.0165#30.47#29.38#40.15
-94.6095,37.0164#30.37#29.39#40.24
-94.5536,37.0163#30.27#29.39#40.34
-94.4977,37.0161#30.17#29.4#40.43
-94.4418,37.016#30.05#29.42#40.53
-94.3859,37.0158#29.94#29.44#40.62
-94.33,37.0156#29.82#29.46#40.72
-94.2741,37.0153#29.71#29.48#40.81
-94.2182,37.0151#29.59#29.5#40.91
-94.1623,37.0148#29.48#29.52#41
-94.1064,37.0145#29.36#29.54#41.1
-94.0505,37.0142#29.25#29.56#41.19
-93.9946,37.0139#29.13#29.58#41.29
-93.9387,37.0136#29.05#29.62#41.33
-93.8828,37.0132#28.97#29.67#41.36
-93.8269,37.0128#28.89#29.71#41.4
-93.771,37.0124#28.81#29.75#41.44
-93.7151,37.012#28.72#29.79#41.49
-93.6592,37.0116#28.64#29.84#41.52
-93.6033,37.0111#28.56#29.88#41.56
-93.5474,37.0107#28.48#29.92#41.6
-93.4915,37.0102#28.4#29.97#41.63
-93.4356,37.0097#28.35#30.03#41.62
-93.3797,37.0091#28.3#30.1#41.6
-93.3238,37.0086#28.25#30.16#41.59
-93.2679,37.008#28.2#30.23#41.57
-93.212,37.0075#28.15#30.29#41.56
-93.1561,37.0069#28.1#30.35#41.55
-93.1002,37.0062#28.05#30.42#41.53
-93.0443,37.0056#28#30.48#41.52
-92.9885,37.005#27.95#30.55#41.5
-92.9326,37.0043#27.92#30.62#41.46
-92.8767,37.0036#27.89#30.69#41.42
-92.8208,37.0029#27.87#30.77#41.36
-92.7649,37.0022#27.84#30.84#41.32
-92.709,37.0014#27.81#30.91#41.28
-92.6531,37.0007#27.78#30.98#41.24
-92.5972,36.9999#27.75#31.06#41.19
-92.5414,36.9991#27.73#31.13#41.14
-92.4855,36.9983#27.7#31.2#41.1
-92.4296,36.9974#27.68#31.28#41.04
-92.3737,36.9966#27.67#31.35#40.98
-92.3178,36.9957#27.65#31.43#40.92
-92.2619,36.9948#27.63#31.5#40.87
-92.2061,36.9939#27.62#31.58#40.8
-92.1502,36.993#27.6#31.65#40.75
-92.0943,36.992#27.58#31.73#40.69
-92.0384,36.991#27.56#31.8#40.64
-91.9826,36.9901#27.55#31.88#40.57
-91.9267,36.9891#27.54#31.98#40.48
-91.8708,36.988#27.53#32.08#40.39
-91.8149,36.987#27.51#32.17#40.32
-91.7591,36.9859#27.5#32.27#40.23
-91.7032,36.9849#27.49#32.37#40.14
-91.6473,36.9838#27.48#32.47#40.05
-91.5915,36.9827#27.47#32.56#39.97
-91.5356,36.9815#27.46#32.66#39.88
-91.4797,36.9804#27.48#32.76#39.76
-91.4239,36.9792#27.55#32.89#39.56
-91.368,36.978#27.62#33.01#39.37
-91.3122,36.9768#27.69#33.13#39.18
-91.2563,36.9756#27.76#33.25#38.99
-91.2004,36.9743#27.83#33.37#38.8
-91.1446,36.9731#27.9#33.49#38.61
-91.0887,36.9718#27.97#33.61#38.42
-91.0329,36.9705#28.04#33.73#38.23
-90.977,36.9692#28.11#33.87#38.02
-90.9212,36.9679#28.19#34.04#37.77
-90.8653,36.9665#28.26#34.2#37.54
-90.8095,36.9651#28.34#34.37#37.29
-90.7536,36.9637#28.41#34.54#37.05
-90.6978,36.9623#28.49#34.71#36.8
-90.6419,36.9609#28.57#34.87#36.56
-90.5861,36.9595#28.64#35.04#36.32
-90.5302,36.958#28.72#35.21#36.07
-90.4744,36.9565#28.77#35.37#35.86
-90.4186,36.955#28.8#35.54#35.66
-90.3627,36.9535#28.83#35.7#35.47
-90.3069,36.952#28.86#35.87#35.27
-90.2511,36.9504#28.89#36.03#35.08
-90.1952,36.9488#28.91#36.2#34.89
-90.1394,36.9473#28.94#36.37#34.69
-90.0836,36.9456#28.97#36.53#34.5
-90.0277,36.944#29#36.7#34.3
-89.9719,36.9424#29.02#36.86#34.12
-89.9161,36.9407#29.03#37.02#33.95
-89.8603,36.939#29.03#37.19#33.78
-89.8044,36.9373#29.04#37.35#33.61
-89.7486,36.9356#29.05#37.51#33.44
-89.6928,36.9339#29.06#37.68#33.26
-89.637,36.9321#29.07#37.84#33.09
-89.5812,36.9303#29.07#38#32.93
-89.5254,36.9285#29.08#38.17#32.75
-89.4695,36.9267#29.07#38.34#32.59
-89.4137,36.9249#29.03#38.51#32.46
-89.3579,36.923#28.99#38.69#32.32
-89.3021,36.9212#28.96#38.86#32.18
-89.2463,36.9193#28.92#39.04#32.04
-89.1905,36.9174#28.89#39.21#31.9
-89.1347,36.9155#28.85#39.38#31.77
-89.0789,36.9135#28.82#39.55#31.63
-89.0231,36.9116#28.78#39.73#31.49
-88.9673,36.9096#28.76#39.92#31.32
-88.9116,36.9076#28.75#40.12#31.13
-88.8558,36.9056#28.74#40.32#30.94
-88.8,36.9036#28.73#40.53#30.74
-88.7442,36.9015#28.72#40.73#30.55
-102.376,36.9012#37.02#29.09#33.89
-102.32,36.9036#37.08#29.1#33.82
-102.264,36.906#37.14#29.1#33.76
-102.208,36.9084#37.2#29.1#33.7
-102.153,36.9107#37.26#29.1#33.64
-102.097,36.9131#37.32#29.1#33.58
-102.041,36.9154#37.38#29.11#33.51
-101.985,36.9177#37.43#29.11#33.46
-101.929,36.92#37.49#29.11#33.4
-101.874,36.9223#37.54#29.11#33.35
-101.818,36.9245#37.59#29.12#33.29
-101.762,36.9268#37.64#29.12#33.24
-101.706,36.929#37.69#29.12#33.19
-101.651,36.9312#37.74#29.12#33.14
-101.595,36.9334#37.8#29.12#33.08
-101.539,36.9355#37.85#29.13#33.02
-101.483,36.9377#37.9#29.13#32.97
-101.427,36.9398#37.94#29.13#32.93
-101.372,36.9419#37.98#29.13#32.89
-101.316,36.944#38.02#29.14#32.84
-101.26,36.9461#38.06#29.14#32.8
-101.204,36.9481#38.1#29.14#32.76
-101.148,36.9502#38.14#29.14#32.72
-101.092,36.9522#38.19#29.14#32.67
-101.037,36.9542#38.23#29.15#32.62
-100.981,36.9561#38.27#29.15#32.58
-100.925,36.9581#38.3#29.15#32.55
-100.869,36.96#38.33#29.15#32.52
-100.813,36.962#38.36#29.15#32.49
-100.758,36.9639#38.39#29.16#32.45
-100.702,36.9658#38.42#29.16#32.42
-100.646,36.9676#38.45#29.16#32.39
-100.59,36.9695#38.48#29.16#32.36
-100.534,36.9713#38.51#29.17#32.32
-100.478,36.9731#38.53#29.17#32.3
-100.423,36.9749#38.53#29.17#32.3
-100.367,36.9767#38.53#29.17#32.3
-100.311,36.9784#38.53#29.17#32.3
-100.255,36.9802#38.53#29.18#32.29
-100.199,36.9819#38.53#29.18#32.29
-100.143,36.9836#38.54#29.18#32.28
-100.088,36.9853#38.54#29.18#32.28
-100.032,36.987#38.54#29.19#32.27
-99.9759,36.9886#38.5#29.2#32.3
-99.92,36.9902#38.42#29.24#32.34
-99.8642,36.9918#38.34#29.28#32.38
-99.8083,36.9934#38.26#29.32#32.42
-99.7525,36.995#38.18#29.36#32.46
-99.6966,36.9966#38.1#29.4#32.5
-99.6407,36.9981#38.02#29.44#32.54
-99.5849,36.9996#37.94#29.48#32.58
-99.529,37.0011#37.86#29.51#32.63
-99.4732,37.0026#37.78#29.56#32.66
-99.4173,37.0041#37.71#29.61#32.68
-99.3614,37.0055#37.64#29.65#32.71
-99.3056,37.0069#37.57#29.7#32.73
-99.2497,37.0083#37.5#29.75#32.75
-99.1938,37.0097#37.42#29.8#32.78
-99.1379,37.0111#37.35#29.85#32.8
-99.0821,37.0125#37.28#29.9#32.82
-99.0262,37.0138#37.21#29.95#32.84
-98.9703,37.0151#37.14#29.98#32.88
-98.9144,37.0164#37.07#30.01#32.92
-98.8586,37.0177#37#30.03#32.97
-98.8027,37.0189#36.93#30.06#33.01
-98.7468,37.0202#36.86#30.09#33.05
-98.6909,37.0214#36.79#30.11#33.1
-98.635,37.0226#36.72#30.14#33.14
-98.5791,37.0238#36.65#30.16#33.19
-98.5233,37.025#36.58#30.19#33.23
-98.4674,37.0261#36.5#30.18#33.32
-98.4115,37.0273#36.42#30.14#33.44
-98.3556,37.0284#36.35#30.1#33.55
-98.2997,37.0295#36.27#30.07#33.66
-98.2438,37.0305#36.19#30.03#33.78
-98.1879,37.0316#36.11#29.99#33.9
-98.132,37.0326#36.03#29.95#34.02
-98.0761,37.0337#35.96#29.92#34.12
-98.0202,37.0347#35.88#29.88#34.24
-97.9643,37.0357#35.79#29.84#34.37
-97.9084,37.0366#35.7#29.79#34.51
-97.8525,37.0376#35.61#29.75#34.64
-97.7966,37.0385#35.51#29.71#34.78
-97.7407,37.0394#35.42#29.66#34.92
-97.6848,37.0403#35.33#29.62#35.05
-97.6289,37.0412#35.24#29.57#35.19
-97.573,37.042#35.14#29.53#35.33
-97.5171,37.0429#35.05#29.48#35.47
-97.4612,37.0437#34.96#29.46#35.58
-97.4053,37.0445#34.86#29.45#35.69
-97.3494,37.0453#34.76#29.43#35.81
-97.2935,37.046#34.67#29.42#35.91
-97.2376,37.0468#34.57#29.4#36.03
-97.1817,37.0475#34.47#29.39#36.14
-97.1257,37.0482#34.38#29.37#36.25
-97.0698,37.0489#34.28#29.36#36.36
-97.0139,37.0496#34.18#29.34#36.48
-96.958,37.0502#34.09#29.34#36.57
-96.9021,37.0509#34#29.33#36.67
-96.8462,37.0515#33.91#29.33#36.76
-96.7903,37.0521#33.82#29.32#36.86
-96.7344,37.0527#33.73#29.32#36.95
-96.6784,37.0532#33.64#29.32#37.04
-96.6225,37.0538#33.55#29.31#37.14
-96.5666,37.0543#33.46#29.31#37.23
-96.5107,37.0548#33.37#29.3#37.33
-96.4548,37.0553#33.28#29.3#37.42
-96.3988,37.0558#33.19#29.3#37.51
-96.3429,37.0562#33.11#29.31#37.58
-96.287,37.0566#33.02#29.31#37.67
-96.2311,37.0571#32.94#29.31#37.75
-96.1752,37.0575#32.85#29.31#37.84
-96.1192,37.0578#32.77#29.31#37.92
-96.0633,37.0582#32.68#29.31#38.01
-96.0074,37.0585#32.59#29.31#38.1
-95.9515,37.0589#32.51#29.31#38.18
-95.8956,37.0592#32.43#29.31#38.26
-95.8396,37.0594#32.34#29.31#38.35
-95.7837,37.0597#32.26#29.31#38.43
-95.7278,37.06#32.18#29.32#38.5
-95.6719,37.0602#32.1#29.32#38.58
-95.6159,37.0604#32.01#29.32#38.67
-95.56,37.0606#31.93#29.32#38.75
-95.5041,37.0608#31.85#29.32#38.83
-95.4482,37.0609#31.75#29.33#38.92
-95.3922,37.0611#31.65#29.33#39.02
-95.3363,37.0612#31.55#29.33#39.12
-95.2804,37.0613#31.45#29.33#39.22
-95.2245,37.0614#31.36#29.34#39.3
-95.1685,37.0614#31.26#29.34#39.4
-95.1126,37.0615#31.16#29.34#39.5
-95.0567,37.0615#31.06#29.34#39.6
-95.0008,37.0615#30.96#29.35#39.69
-94.9448,37.0615#30.86#29.35#39.79
-94.8889,37.0615#30.76#29.36#39.88
-94.833,37.0614#30.65#29.37#39.98
-94.7771,37.0614#30.55#29.37#40.08
-94.7211,37.0613#30.45#29.38#40.17
-94.6652,37.0612#30.35#29.39#40.26
-94.6093,37.0611#30.24#29.39#40.37
-94.5534,37.0609#30.14#29.4#40.46
-94.4975,37.0608#30.04#29.41#40.55
-94.4415,37.0606#29.93#29.43#40.64
-94.3856,37.0604#29.82#29.45#40.73
-94.3297,37.0602#29.71#29.47#40.82
-94.2738,37.06#29.6#29.5#40.9
-94.2178,37.0597#29.49#29.52#40.99
-94.1619,37.0595#29.38#29.54#41.08
-94.106,37.0592#29.27#29.56#41.17
-94.0501,37.0589#29.16#29.58#41.26
-93.9941,37.0585#29.05#29.61#41.34
-93.9382,37.0582#28.97#29.65#41.38
-93.8823,37.0578#28.89#29.7#41.41
-93.8264,37.0575#28.81#29.74#41.45
-93.7705,37.0571#28.73#29.79#41.48
-93.7145,37.0567#28.66#29.84#41.5
-93.6586,37.0562#28.58#29.88#41.54
-93.6027,37.0558#28.5#29.93#41.57
-93.5468,37.0553#28.42#29.97#41.61
-93.4909,37.0548#28.35#30.02#41.63
-93.4349,37.0543#28.3#30.09#41.61
-93.379,37.0538#28.25#30.15#41.6
-93.3231,37.0532#28.2#30.22#41.58
-93.2672,37.0527#28.16#30.29#41.55
-93.2113,37.0521#28.11#30.35#41.54
-93.1554,37.0515#28.06#30.42#41.52
-93.0994,37.0509#28.02#30.48#41.5
-93.0435,37.0503#27.97#30.55#41.48
-92.9876,37.0496#27.93#30.62#41.45
-92.9317,37.0489#27.9#30.69#41.41
-92.8758,37.0482#27.87#30.76#41.37
-92.8199,37.0475#27.85#30.84#41.31
-92.764,37.0468#27.82#30.91#41.27
-92.7081,37.0461#27.8#30.98#41.22
-92.6522,37.0453#27.77#31.05#41.18
-92.5962,37.0445#27.74#31.13#41.13
-92.5403,37.0437#27.72#31.2#41.08
-92.4844,37.0429#27.69#31.27#41.04
-92.4285,37.0421#27.68#31.35#40.97
-92.3726,37.0412#27.66#31.43#40.91
-92.3167,37.0403#27.65#31.5#40.85
-92.2608,37.0394#27.63#31.58#40.79
-92.2049,37.0385#27.61#31.66#40.73
-92.149,37.0376#27.6#31.73#40.67
-92.0931,37.0366#27.58#31.81#40.61
-92.0372,37.0357#27.57#31.89#40.54
-91.9813,37.0347#27.55#31.97#40.48
-91.9254,37.0337#27.54#32.07#40.39
-91.8695,37.0327#27.53#32.17#40.3
-91.8136,37.0316#27.52#32.27#40.21
-91.7577,37.0306#27.51#32.37#40.12
-91.7018,37.0295#27.5#32.47#40.03
-91.646,37.0284#27.49#32.57#39.94
-91.5901,37.0273#27.48#32.67#39.85
-91.5342,37.0262#27.47#32.76#39.77
-91.4783,37.025#27.49#32.88#39.63
-91.4224,37.0238#27.56#33#39.44
-91.3665,37.0227#27.63#33.13#39.24
-91.3106,37.0214#27.7#33.26#39.04
-91.2547,37.0202#27.77#33.39#38.84
-91.1989,37.019#27.84#33.52#38.64
-91.143,37.0177#27.91#33.64#38.45
-91.0871,37.0164#27.98#33.77#38.25
-91.0312,37.0151#28.06#33.9#38.04
-90.9754,37.0138#28.13#34.04#37.83
-90.9195,37.0125#28.2#34.21#37.59
-90.8636,37.0111#28.28#34.38#37.34
-90.8077,37.0098#28.36#34.54#37.1
-90.7519,37.0084#28.43#34.71#36.86
-90.696,37.007#28.51#34.88#36.61
-90.6401,37.0055#28.59#35.04#36.37
-90.5843,37.0041#28.66#35.21#36.13
-90.5284,37.0026#28.74#35.38#35.88
-90.4725,37.0012#28.79#35.54#35.67
-90.4167,36.9997#28.82#35.71#35.47
-90.3608,36.9981#28.85#35.88#35.27
-90.3049,36.9966#28.88#36.04#35.08
-90.2491,36.9951#28.91#36.21#34.88
-90.1932,36.9935#28.94#36.37#34.69
-90.1374,36.9919#28.97#36.54#34.49
-90.0815,36.9903#29#36.7#34.3
-90.0257,36.9886#29.03#36.87#34.1
-89.9698,36.987#29.04#37.03#33.93
-89.914,36.9853#29.05#37.2#33.75
-89.8581,36.9837#29.06#37.36#33.58
-89.8023,36.982#29.07#37.52#33.41
-89.7465,36.9802#29.08#37.69#33.23
-89.6906,36.9785#29.09#37.85#33.06
-89.6348,36.9767#29.1#38.01#32.89
-89.5789,36.975#29.1#38.18#32.72
-89.5231,36.9732#29.11#38.34#32.55
-89.4673,36.9714#29.09#38.51#32.4
-89.4114,36.9695#29.06#38.69#32.25
-89.3556,36.9677#29.02#38.87#32.11
-89.2998,36.9658#28.99#39.05#31.96
-89.244,36.9639#28.95#39.23#31.82
-89.1881,36.962#28.91#39.41#31.68
-89.1323,36.9601#28.88#39.59#31.53
-89.0765,36.9582#28.84#39.77#31.39
-89.0207,36.9562#28.81#39.95#31.24
-88.9649,36.9542#28.79#40.14#31.07
-88.909,36.9522#28.78#40.34#30.88
-88.8532,36.9502#28.77#40.55#30.68
-88.7974,36.9482#28.76#40.75#30.49
-88.7416,36.9461#28.75#40.96#30.29
-88.6858,36.9441#28.74#41.16#30.1
-88.63,36.942#28.73#41.36#29.91
-88.5742,36.9399#28.72#41.57#29.71
-88.5184,36.9377#28.71#41.77#29.52
-88.4626,36.9356#28.71#41.96#29.33
-88.4068,36.9334#28.72#42.15#29.13
-88.351,36.9313#28.73#42.34#28.93
-88.2952,36.9291#28.74#42.53#28.73
-88.2395,36.9268#28.75#42.72#28.53
-88.1837,36.9246#28.76#42.91#28.33
-88.1279,36.9223#28.78#43.11#28.11
-88.0721,36.9201#28.79#43.3#27.91
-88.0163,36.9178#28.8#43.49#27.71
-87.9606,36.9155#28.8#43.64#27.56
-87.9048,36.9132#28.79#43.76#27.45
-87.849,36.9108#28.79#43.88#27.33
-87.7932,36.9084#28.78#44#27.22
-87.7375,36.9061#28.78#44.13#27.09
-87.6817,36.9037#28.78#44.25#26.97
-87.626,36.9012#28.77#44.37#26.86
-103.327,36.9018#35.32#29.06#35.62
-103.271,36.9046#35.41#29.06#35.53
-103.215,36.9073#35.5#29.06#35.44
-103.159,36.91#35.59#29.07#35.34
-103.104,36.9127#35.68#29.07#35.25
-103.048,36.9153#35.77#29.07#35.16
-102.992,36.918#35.87#29.07#35.06
-102.936,36.9206#35.96#29.07#34.97
-102.881,36.9232#36.06#29.08#34.86
-102.825,36.9258#36.15#29.08#34.77
-102.769,36.9283#36.24#29.08#34.68
-102.713,36.9309#36.34#29.08#34.58
-102.658,36.9334#36.43#29.08#34.49
-102.602,36.9359#36.52#29.09#34.39
-102.546,36.9384#36.62#29.09#34.29
-102.49,36.9409#36.7#29.09#34.21
-102.434,36.9433#36.76#29.09#34.15
-102.379,36.9458#36.82#29.1#34.08
-102.323,36.9482#36.88#29.1#34.02
-102.267,36.9506#36.94#29.1#33.96
-102.211,36.953#37#29.1#33.9
-102.155,36.9553#37.06#29.1#33.84
-102.1,36.9577#37.12#29.11#33.77
-102.044,36.96#37.18#29.11#33.71
-101.988,36.9623#37.24#29.11#33.65
-101.932,36.9646#37.3#29.11#33.59
-101.876,36.9669#37.35#29.12#33.53
-101.821,36.9691#37.4#29.12#33.48
-101.765,36.9714#37.45#29.12#33.43
-101.709,36.9736#37.5#29.12#33.38
-101.653,36.9758#37.56#29.12#33.32
-101.597,36.978#37.61#29.13#33.26
-101.542,36.9801#37.66#29.13#33.21
-101.486,36.9823#37.71#29.13#33.16
-101.43,36.9844#37.75#29.13#33.12
-101.374,36.9865#37.79#29.13#33.08
-101.318,36.9886#37.83#29.14#33.03
-101.263,36.9907#37.87#29.14#32.99
-101.207,36.9927#37.92#29.14#32.94
-101.151,36.9948#37.96#29.14#32.9
-101.095,36.9968#38#29.15#32.85
-101.039,36.9988#38.04#29.15#32.81
-100.983,37.0008#38.08#29.15#32.77
-100.927,37.0027#38.11#29.15#32.74
-100.872,37.0047#38.14#29.15#32.71
-100.816,37.0066#38.16#29.16#32.68
-100.76,37.0085#38.19#29.16#32.65
-100.704,37.0104#38.22#29.16#32.62
-100.648,37.0122#38.25#29.16#32.59
-100.592,37.0141#38.28#29.17#32.55
-100.537,37.0159#38.31#29.17#32.52
-100.481,37.0177#38.33#29.17#32.5
-100.425,37.0195#38.33#29.17#32.5
-100.369,37.0213#38.33#29.17#32.5
-100.313,37.0231#38.32#29.18#32.5
-100.257,37.0248#38.32#29.18#32.5
-100.201,37.0265#38.32#29.18#32.5
-100.146,37.0282#38.32#29.18#32.5
-100.09,37.0299#38.32#29.19#32.49
-100.034,37.0316#38.31#29.19#32.5
-99.9779,37.0332#38.28#29.2#32.52
-99.922,37.0349#38.2#29.24#32.56
-99.8662,37.0365#38.13#29.28#32.59
-99.8103,37.0381#38.05#29.32#32.63
-99.7544,37.0396#37.98#29.36#32.66
-99.6985,37.0412#37.9#29.4#32.7
-99.6426,37.0427#37.83#29.44#32.73
-99.5868,37.0442#37.75#29.48#32.77
-99.5309,37.0457#37.68#29.51#32.81
-99.475,37.0472#37.61#29.56#32.83
-99.4191,37.0487#37.54#29.61#32.85
-99.3632,37.0501#37.47#29.65#32.88
-99.3073,37.0516#37.4#29.7#32.9
-99.2514,37.053#37.33#29.75#32.92
-99.1955,37.0544#37.26#29.8#32.94
-99.1396,37.0557#37.19#29.85#32.96
-99.0837,37.0571#37.12#29.9#32.98
-99.0279,37.0584#37.05#29.95#33
-98.972,37.0597#36.98#29.98#33.04
-98.9161,37.061#36.91#30.01#33.08
-98.8601,37.0623#36.84#30.03#33.13
-98.8042,37.0636#36.77#30.06#33.17
-98.7483,37.0648#36.7#30.09#33.21
-98.6924,37.066#36.63#30.11#33.26
-98.6365,37.0673#36.56#30.14#33.3
-98.5806,37.0684#36.49#30.16#33.35
-98.5247,37.0696#36.43#30.19#33.38
-98.4688,37.0708#36.35#30.18#33.47
-98.4129,37.0719#36.27#30.14#33.59
-98.357,37.073#36.2#30.1#33.7
-98.3011,37.0741#36.12#30.07#33.81
-98.2451,37.0752#36.04#30.03#33.93
-98.1892,37.0762#35.97#29.99#34.04
-98.1333,37.0773#35.89#29.96#34.15
-98.0774,37.0783#35.81#29.92#34.27
-98.0215,37.0793#35.74#29.88#34.38
-97.9655,37.0803#35.65#29.84#34.51
-97.9096,37.0813#35.56#29.8#34.64
-97.8537,37.0822#35.46#29.75#34.79
-97.7978,37.0831#35.37#29.71#34.92
-97.7419,37.084#35.28#29.66#35.06
-97.6859,37.0849#35.19#29.62#35.19
-97.63,37.0858#35.09#29.58#35.33
-97.5741,37.0867#35#29.53#35.47
-97.5181,37.0875#34.91#29.49#35.6
-97.4622,37.0883#34.81#29.46#35.73
-97.4063,37.0891#34.71#29.45#35.84
-97.3504,37.0899#34.62#29.43#35.95
-97.2944,37.0907#34.52#29.42#36.06
-97.2385,37.0914#34.42#29.4#36.18
-97.1826,37.0921#34.33#29.39#36.28
-97.1266,37.0929#34.23#29.37#36.4
-97.0707,37.0935#34.13#29.36#36.51
-97.0148,37.0942#34.04#29.34#36.62
-96.9588,37.0949#33.95#29.34#36.71
-96.9029,37.0955#33.86#29.33#36.81
-96.8469,37.0961#33.77#29.33#36.9
-96.791,37.0967#33.68#29.33#36.99
-96.7351,37.0973#33.59#29.32#37.09
-96.6791,37.0979#33.5#29.32#37.18
-96.6232,37.0984#33.41#29.32#37.27
-96.5673,37.0989#33.32#29.31#37.37
-96.5113,37.0994#33.23#29.31#37.46
-96.4554,37.0999#33.15#29.31#37.54
-96.3994,37.1004#33.06#29.31#37.63
-96.3435,37.1009#32.98#29.31#37.71
-96.2875,37.1013#32.9#29.31#37.79
-96.2316,37.1017#32.81#29.31#37.88
-96.1757,37.1021#32.73#29.31#37.96
-96.1197,37.1025#32.65#29.31#38.04
-96.0638,37.1028#32.56#29.31#38.13
-96.0078,37.1032#32.48#29.31#38.21
-95.9519,37.1035#32.4#29.31#38.29
-95.8959,37.1038#32.32#29.31#38.37
-95.84,37.1041#32.23#29.32#38.45
-95.784,37.1044#32.15#29.32#38.53
-95.7281,37.1046#32.07#29.32#38.61
-95.6721,37.1048#31.99#29.32#38.69
-95.6162,37.105#31.9#29.32#38.78
-95.5603,37.1052#31.82#29.32#38.86
-95.5043,37.1054#31.74#29.33#38.93
-95.4484,37.1056#31.64#29.33#39.03
-95.3924,37.1057#31.54#29.33#39.13
-95.3365,37.1058#31.44#29.33#39.23
-95.2805,37.1059#31.34#29.34#39.32
-95.2246,37.106#31.24#29.34#39.42
-95.1686,37.1061#31.14#29.34#39.52
-95.1127,37.1061#31.04#29.34#39.62
-95.0567,37.1062#30.94#29.35#39.71
-95.0008,37.1062#30.84#29.35#39.81
-94.9448,37.1062#30.73#29.36#39.91
-94.8889,37.1061#30.63#29.36#40.01
-94.8329,37.1061#30.53#29.37#40.1
-94.777,37.106#30.42#29.38#40.2
-94.721,37.1059#30.32#29.39#40.29
-94.6651,37.1058#30.22#29.39#40.39
-94.6091,37.1057#30.12#29.4#40.48
-94.5532,37.1056#30.01#29.41#40.58
-94.4972,37.1054#29.91#29.42#40.67
-94.4413,37.1052#29.81#29.44#40.75
-94.3853,37.1051#29.7#29.47#40.83
-94.3294,37.1048#29.6#29.49#40.91
-94.2735,37.1046#29.49#29.51#41
-94.2175,37.1044#29.38#29.54#41.08
-94.1616,37.1041#29.28#29.56#41.16
-94.1056,37.1038#29.17#29.58#41.25
-94.0497,37.1035#29.07#29.61#41.32
-93.9937,37.1032#28.97#29.63#41.4
-93.9378,37.1028#28.89#29.68#41.43
-93.8818,37.1025#28.82#29.73#41.45
-93.8259,37.1021#28.74#29.78#41.48
-93.7699,37.1017#28.66#29.83#41.51
-93.714,37.1013#28.59#29.88#41.53
-93.6581,37.1009#28.51#29.92#41.57
-93.6021,37.1004#28.44#29.97#41.59
-93.5462,37.0999#28.36#30.02#41.62
-93.4902,37.0995#28.29#30.07#41.64
-93.4343,37.099#28.25#30.14#41.61
-93.3784,37.0984#28.21#30.21#41.58
-93.3224,37.0979#28.16#30.28#41.56
-93.2665,37.0973#28.12#30.34#41.54
-93.2105,37.0967#28.07#30.41#41.52
-93.1546,37.0961#28.03#30.48#41.49
-93.0987,37.0955#27.99#30.55#41.46
-93.0427,37.0949#27.94#30.62#41.44
-92.9868,37.0942#27.9#30.69#41.41
-92.9309,37.0936#27.88#30.76#41.36
-92.8749,37.0929#27.86#30.83#41.31
-92.819,37.0922#27.83#30.91#41.26
-92.7631,37.0914#27.81#30.98#41.21
-92.7071,37.0907#27.78#31.05#41.17
-92.6512,37.0899#27.76#31.12#41.12
-92.5953,37.0892#27.73#31.2#41.07
-92.5393,37.0884#27.71#31.27#41.02
-92.4834,37.0875#27.69#31.35#40.96
-92.4275,37.0867#27.67#31.42#40.91
-92.3715,37.0858#27.66#31.5#40.84
-92.3156,37.085#27.64#31.58#40.78
-92.2597,37.0841#27.63#31.66#40.71
-92.2038,37.0832#27.61#31.74#40.65
-92.1478,37.0822#27.6#31.82#40.58
-92.0919,37.0813#27.58#31.9#40.52
-92.036,37.0803#27.57#31.97#40.46
-91.9801,37.0793#27.56#32.06#40.38
-91.9242,37.0783#27.55#32.16#40.29
-91.8682,37.0773#27.54#32.26#40.2
-91.8123,37.0763#27.53#32.37#40.1
-91.7564,37.0752#27.52#32.47#40.01
-91.7005,37.0741#27.51#32.57#39.92
-91.6446,37.073#27.5#32.67#39.83
-91.5887,37.0719#27.49#32.77#39.74
-91.5327,37.0708#27.48#32.87#39.65
-91.4768,37.0696#27.5#32.99#39.51
-91.4209,37.0685#27.57#33.12#39.31
-91.365,37.0673#27.65#33.26#39.09
-91.3091,37.0661#27.72#33.39#38.89
-91.2532,37.0649#27.79#33.53#38.68
-91.1973,37.0636#27.86#33.66#38.48
-91.1414,37.0624#27.93#33.8#38.27
-91.0855,37.0611#28#33.93#38.07
-91.0296,37.0598#28.07#34.06#37.87
-90.9737,37.0585#28.15#34.21#37.64
-90.9178,37.0571#28.22#34.38#37.4
-90.8619,37.0558#28.3#34.55#37.15
-90.806,37.0544#28.38#34.71#36.91
-90.7501,37.053#28.45#34.88#36.67
-90.6942,37.0516#28.53#35.05#36.42
-90.6383,37.0502#28.61#35.22#36.17
-90.5824,37.0487#28.68#35.38#35.94
-90.5265,37.0473#28.76#35.55#35.69
-90.4707,37.0458#28.81#35.72#35.47
-90.4148,37.0443#28.84#35.88#35.28
-90.3589,37.0428#28.87#36.05#35.08
-90.303,37.0412#28.9#36.21#34.89
-90.2471,37.0397#28.93#36.38#34.69
-90.1913,37.0381#28.96#36.54#34.5
-90.1354,37.0365#28.99#36.71#34.3
-90.0795,37.0349#29.02#36.88#34.1
-90.0236,37.0333#29.05#37.04#33.91
-89.9678,37.0316#29.07#37.21#33.72
-89.9119,37.03#29.08#37.37#33.55
-89.856,37.0283#29.09#37.53#33.38
-89.8002,37.0266#29.1#37.7#33.2
-89.7443,37.0249#29.11#37.86#33.03
-89.6884,37.0231#29.12#38.02#32.86
-89.6326,37.0214#29.12#38.19#32.69
-89.5767,37.0196#29.13#38.35#32.52
-89.5208,37.0178#29.14#38.51#32.35
-89.465,37.016#29.12#38.69#32.19
-89.4091,37.0141#29.09#38.88#32.03
-89.3533,37.0123#29.05#39.06#31.89
-89.2974,37.0104#29.01#39.25#31.74
-89.2416,37.0085#28.98#39.43#31.59
-89.1857,37.0066#28.94#39.62#31.44
-89.1299,37.0047#28.9#39.8#31.3
-89.0741,37.0028#28.87#39.98#31.15
-89.0182,37.0008#28.83#40.16#31.01
-88.9624,36.9988#28.81#40.36#30.83
-88.9065,36.9968#28.8#40.57#30.63
-88.8507,36.9948#28.79#40.78#30.43
-88.7949,36.9928#28.78#40.98#30.24
-88.739,36.9907#28.77#41.19#30.04
-88.6832,36.9887#28.76#41.39#29.85
-88.6274,36.9866#28.74#41.6#29.66
-88.5716,36.9845#28.73#41.8#29.47
-88.5157,36.9823#28.72#42.01#29.27
-88.4599,36.9802#28.73#42.19#29.08
-88.4041,36.978#28.74#42.37#28.89
-88.3483,36.9759#28.75#42.55#28.7
-88.2925,36.9737#28.76#42.73#28.51
-88.2367,36.9714#28.77#42.92#28.31
-88.1809,36.9692#28.78#43.1#28.12
-88.1251,36.967#28.79#43.28#27.93
-88.0693,36.9647#28.8#43.47#27.73
-88.0135,36.9624#28.81#43.65#27.54
-87.9577,36.9601#28.81#43.79#27.4
-87.9019,36.9578#28.8#43.91#27.29
-87.8461,36.9554#28.8#44.03#27.17
-87.7903,36.953#28.8#44.15#27.05
-87.7345,36.9507#28.79#44.27#26.94
-87.6787,36.9483#28.79#44.39#26.82
-87.6229,36.9458#28.78#44.51#26.71
-87.5671,36.9434#28.78#44.63#26.59
-87.5114,36.941#28.77#44.75#26.48
-87.4556,36.9385#28.77#44.86#26.37
-87.3998,36.936#28.76#44.96#26.28
-87.344,36.9335#28.75#45.06#26.19
-87.2883,36.9309#28.74#45.17#26.09
-87.2325,36.9284#28.73#45.27#26
-87.1767,36.9258#28.72#45.38#25.9
-87.121,36.9232#28.71#45.48#25.81
-87.0652,36.9206#28.7#45.59#25.71
-87.0095,36.918#28.69#45.7#25.61
-86.9537,36.9154#28.69#45.77#25.54
-86.898,36.9127#28.69#45.83#25.48
-86.8422,36.9101#28.69#45.89#25.42
-86.7865,36.9074#28.69#45.96#25.35
-86.7307,36.9046#28.69#46.02#25.29
-86.675,36.9019#28.68#46.08#25.24
-104.222,36.9002#32.91#29.03#38.06
-104.166,36.9032#33.07#29.03#37.9
-104.11,36.9062#33.22#29.04#37.74
-104.055,36.9092#33.37#29.04#37.59
-103.999,36.9122#33.52#29.04#37.44
-103.943,36.9152#33.68#29.04#37.28
-103.887,36.9181#33.83#29.04#37.13
-103.832,36.921#33.98#29.04#36.98
-103.776,36.9239#34.13#29.05#36.82
-103.72,36.9268#34.28#29.05#36.67
-103.664,36.9296#34.43#29.05#36.52
-103.609,36.9325#34.58#29.05#36.37
-103.553,36.9353#34.73#29.05#36.22
-103.497,36.9381#34.87#29.06#36.07
-103.441,36.9409#34.96#29.06#35.98
-103.386,36.9437#35.05#29.06#35.89
-103.33,36.9464#35.14#29.06#35.8
-103.274,36.9492#35.23#29.06#35.71
-103.218,36.9519#35.32#29.07#35.61
-103.163,36.9546#35.41#29.07#35.52
-103.107,36.9572#35.5#29.07#35.43
-103.051,36.9599#35.6#29.07#35.33
-102.995,36.9625#35.69#29.07#35.24
-102.94,36.9652#35.78#29.08#35.14
-102.884,36.9678#35.87#29.08#35.05
-102.828,36.9704#35.96#29.08#34.96
-102.772,36.9729#36.05#29.08#34.87
-102.716,36.9755#36.15#29.08#34.77
-102.661,36.978#36.24#29.09#34.67
-102.605,36.9805#36.33#29.09#34.58
-102.549,36.983#36.42#29.09#34.49
-102.493,36.9855#36.5#29.09#34.41
-102.437,36.9879#36.57#29.1#34.33
-102.382,36.9904#36.63#29.1#34.27
-102.326,36.9928#36.69#29.1#34.21
-102.27,36.9952#36.75#29.1#34.15
-102.214,36.9976#36.81#29.1#34.09
-102.158,36.9999#36.87#29.11#34.02
-102.103,37.0023#36.93#29.11#33.96
-102.047,37.0046#36.99#29.11#33.9
-101.991,37.0069#37.05#29.11#33.84
-101.935,37.0092#37.11#29.11#33.78
-101.879,37.0115#37.16#29.12#33.72
-101.823,37.0137#37.21#29.12#33.67
-101.768,37.016#37.26#29.12#33.62
-101.712,37.0182#37.32#29.12#33.56
-101.656,37.0204#37.37#29.13#33.5
-101.6,37.0226#37.42#29.13#33.45
-101.544,37.0247#37.47#29.13#33.4
-101.488,37.0269#37.52#29.13#33.35
-101.433,37.029#37.56#29.13#33.31
-101.377,37.0311#37.61#29.14#33.25
-101.321,37.0332#37.65#29.14#33.21
-101.265,37.0353#37.69#29.14#33.17
-101.209,37.0373#37.73#29.14#33.13
-101.153,37.0394#37.77#29.15#33.08
-101.098,37.0414#37.81#29.15#33.04
-101.042,37.0434#37.85#29.15#33
-100.986,37.0454#37.89#29.15#32.96
-100.93,37.0473#37.92#29.15#32.93
-100.874,37.0493#37.94#29.16#32.9
-100.818,37.0512#37.97#29.16#32.87
-100.762,37.0531#38#29.16#32.84
-100.706,37.055#38.03#29.16#32.81
-100.651,37.0569#38.05#29.17#32.78
-100.595,37.0587#38.08#29.17#32.75
-100.539,37.0605#38.11#29.17#32.72
-100.483,37.0623#38.13#29.17#32.7
-100.427,37.0641#38.12#29.17#32.71
-100.371,37.0659#38.12#29.18#32.7
-100.315,37.0677#38.11#29.18#32.71
-100.259,37.0694#38.11#29.18#32.71
-100.204,37.0711#38.11#29.18#32.71
-100.148,37.0728#38.1#29.18#32.72
-100.092,37.0745#38.1#29.19#32.71
-100.036,37.0762#38.09#29.19#32.72
-99.98,37.0778#38.06#29.2#32.74
-99.9241,37.0795#37.99#29.24#32.77
-99.8682,37.0811#37.92#29.28#32.8
-99.8123,37.0827#37.85#29.32#32.83
-99.7564,37.0843#37.78#29.36#32.86
-99.7005,37.0858#37.71#29.4#32.89
-99.6446,37.0873#37.64#29.44#32.92
-99.5887,37.0889#37.57#29.48#32.95
-99.5328,37.0904#37.5#29.51#32.99
-99.4768,37.0918#37.43#29.56#33.01
-99.4209,37.0933#37.36#29.61#33.03
