-97.1053,24.3007#39.09#28.56#32.35
-97.0552,24.3014#39.18#28.53#32.29
-97.0051,24.302#39.27#28.5#32.23
-96.955,24.3027#39.25#28.49#32.26
-96.9049,24.3034#39.21#28.48#32.31
-96.8548,24.304#39.18#28.47#32.35
-96.8047,24.3046#39.14#28.46#32.4
-96.7546,24.3052#39.1#28.45#32.45
-96.7045,24.3058#39.07#28.44#32.49
-96.6544,24.3064#39.03#28.43#32.54
-96.6043,24.3069#38.99#28.43#32.58
-96.5542,24.3074#38.95#28.42#32.63
-96.504,24.3079#38.92#28.41#32.67
-96.4539,24.3084#38.87#28.4#32.73
-96.4038,24.3089#38.82#28.4#32.78
-96.3537,24.3094#38.76#28.4#32.84
-96.3036,24.3098#38.71#28.4#32.89
-96.2535,24.3103#38.66#28.39#32.95
-96.2034,24.3107#38.61#28.39#33
-96.1533,24.3111#38.56#28.39#33.05
-96.1032,24.3115#38.5#28.39#33.11
-96.0531,24.3118#38.45#28.38#33.17
-96.003,24.3122#38.4#28.38#33.22
-95.9528,24.3125#38.34#28.38#33.28
-95.9027,24.3128#38.29#28.38#33.33
-95.8526,24.3131#38.23#28.38#33.39
-95.8025,24.3134#38.18#28.38#33.44
-95.7524,24.3136#38.12#28.38#33.5
-95.7023,24.3139#38.07#28.38#33.55
-95.6522,24.3141#38.01#28.38#33.61
-95.6021,24.3143#37.96#28.38#33.66
-95.5519,24.3145#37.9#28.38#33.72
-95.5018,24.3147#37.85#28.38#33.77
-95.4517,24.3149#37.79#28.38#33.83
-95.4016,24.315#37.74#28.38#33.88
-95.3515,24.3151#37.69#28.38#33.93
-95.3014,24.3152#37.64#28.39#33.97
-95.2513,24.3153#37.58#28.39#34.03
-95.2011,24.3154#37.53#28.39#34.08
-95.151,24.3155#37.48#28.39#34.13
-95.1009,24.3155#37.42#28.39#34.19
-95.0508,24.3155#37.37#28.39#34.24
-95.0007,24.3156#37.32#28.39#34.29
-94.9506,24.3155#37.26#28.4#34.34
-94.9005,24.3155#37.21#28.4#34.39
-94.8504,24.3155#37.16#28.4#34.44
-94.8002,24.3154#37.1#28.4#34.5
-94.7501,24.3153#37.05#28.41#34.54
-94.7,24.3152#36.99#28.41#34.6
-94.6499,24.3151#36.94#28.41#34.65
-94.5998,24.315#36.88#28.41#34.71
-94.5497,24.3149#36.83#28.42#34.75
-94.4996,24.3147#36.77#28.42#34.81
-94.4494,24.3145#36.72#28.43#34.85
-94.3993,24.3143#36.67#28.44#34.89
-94.3492,24.3141#36.62#28.45#34.93
-94.2991,24.3139#36.56#28.46#34.98
-94.249,24.3137#36.51#28.46#35.03
-94.1989,24.3134#36.46#28.47#35.07
-94.1488,24.3131#36.4#28.48#35.12
-94.0987,24.3128#36.35#28.49#35.16
-94.0485,24.3125#36.29#28.5#35.21
-93.9984,24.3122#36.24#28.51#35.25
-93.9483,24.3118#36.19#28.55#35.26
-93.8982,24.3115#36.14#28.59#35.27
-93.8481,24.3111#36.09#28.63#35.28
-93.798,24.3107#36.05#28.66#35.29
-93.7479,24.3103#36#28.7#35.3
-93.6978,24.3099#35.95#28.74#35.31
-93.6477,24.3094#35.9#28.78#35.32
-93.5976,24.3089#35.85#28.81#35.34
-93.5474,24.3085#35.8#28.85#35.35
-93.4973,24.308#35.75#28.89#35.36
-93.4472,24.3074#35.7#28.93#35.37
-93.3971,24.3069#35.65#28.97#35.38
-93.347,24.3064#35.6#29.01#35.39
-93.2969,24.3058#35.55#29.05#35.4
-93.2468,24.3052#35.5#29.09#35.41
-93.1967,24.3046#35.45#29.13#35.42
-93.1466,24.304#35.4#29.17#35.43
-93.0965,24.3034#35.35#29.21#35.44
-93.0464,24.3027#35.3#29.25#35.45
-92.9963,24.3021#35.24#29.29#35.47
-92.9462,24.3014#35.14#29.32#35.54
-92.8961,24.3007#35.03#29.35#35.62
-92.846,24.3#34.92#29.38#35.7
-99.2605,24.3002#36.41#29.5#34.09
-99.2105,24.3017#36.48#29.58#33.94
-99.1604,24.3031#36.56#29.65#33.79
-99.1103,24.3045#36.63#29.73#33.64
-99.0602,24.3058#36.7#29.81#33.49
-99.0101,24.3072#36.77#29.88#33.35
-98.96,24.3085#36.82#29.92#33.26
-98.9099,24.3099#36.88#29.96#33.16
-98.8598,24.3112#36.93#29.99#33.08
-98.8098,24.3125#36.98#30.02#33
-98.7597,24.3137#37.04#30.06#32.9
-98.7096,24.315#37.09#30.09#32.82
-98.6595,24.3162#37.14#30.12#32.74
-98.6094,24.3175#37.2#30.16#32.64
-98.5593,24.3187#37.25#30.19#32.56
-98.5092,24.3199#37.3#30.22#32.48
-98.4591,24.321#37.36#30.17#32.47
-98.409,24.3222#37.43#30.11#32.46
-98.3589,24.3233#37.49#30.04#32.47
-98.3088,24.3244#37.55#29.97#32.48
-98.2587,24.3256#37.62#29.9#32.48
-98.2086,24.3266#37.68#29.84#32.48
-98.1585,24.3277#37.74#29.77#32.49
-98.1084,24.3288#37.81#29.7#32.49
-98.0583,24.3298#37.87#29.64#32.49
-98.0081,24.3308#37.93#29.57#32.5
-97.958,24.3318#38#29.49#32.51
-97.9079,24.3328#38.08#29.42#32.5
-97.8578,24.3338#38.15#29.34#32.51
-97.8077,24.3347#38.23#29.26#32.51
-97.7576,24.3357#38.31#29.18#32.51
-97.7075,24.3366#38.38#29.11#32.51
-97.6574,24.3375#38.46#29.03#32.51
-97.6073,24.3384#38.53#28.95#32.52
-97.5571,24.3393#38.61#28.87#32.52
-97.507,24.3401#38.68#28.8#32.52
-97.4569,24.341#38.77#28.76#32.47
-97.4068,24.3418#38.87#28.73#32.4
-97.3567,24.3426#38.96#28.7#32.34
-97.3066,24.3434#39.06#28.68#32.26
-97.2564,24.3441#39.15#28.65#32.2
-97.2063,24.3449#39.25#28.62#32.13
-97.1562,24.3456#39.34#28.59#32.07
-97.1061,24.3463#39.44#28.56#32
-97.056,24.347#39.53#28.54#31.93
-97.0058,24.3477#39.62#28.51#31.87
-96.9557,24.3484#39.6#28.5#31.9
-96.9056,24.349#39.56#28.49#31.95
-96.8555,24.3497#39.52#28.48#32
-96.8054,24.3503#39.48#28.47#32.05
-96.7552,24.3509#39.45#28.46#32.09
-96.7051,24.3515#39.41#28.45#32.14
-96.655,24.352#39.37#28.44#32.19
-96.6049,24.3526#39.33#28.43#32.24
-96.5547,24.3531#39.29#28.42#32.29
-96.5046,24.3536#39.25#28.41#32.34
-96.4545,24.3541#39.19#28.41#32.4
-96.4044,24.3546#39.14#28.4#32.46
-96.3542,24.3551#39.09#28.4#32.51
-96.3041,24.3555#39.04#28.4#32.56
-96.254,24.356#38.98#28.4#32.62
-96.2038,24.3564#38.93#28.39#32.68
-96.1537,24.3568#38.88#28.39#32.73
-96.1036,24.3571#38.82#28.39#32.79
-96.0535,24.3575#38.77#28.39#32.84
-96.0033,24.3579#38.72#28.38#32.9
-95.9532,24.3582#38.66#28.38#32.96
-95.9031,24.3585#38.6#28.38#33.02
-95.8529,24.3588#38.55#28.38#33.07
-95.8028,24.3591#38.49#28.38#33.13
-95.7527,24.3593#38.44#28.38#33.18
-95.7025,24.3596#38.38#28.38#33.24
-95.6524,24.3598#38.32#28.38#33.3
-95.6023,24.36#38.27#28.38#33.35
-95.5521,24.3602#38.21#28.38#33.41
-95.502,24.3604#38.16#28.39#33.45
-95.4519,24.3606#38.1#28.39#33.51
-95.4018,24.3607#38.05#28.39#33.56
-95.3516,24.3608#38#28.39#33.61
-95.3015,24.3609#37.94#28.39#33.67
-95.2514,24.361#37.89#28.39#33.72
-95.2012,24.3611#37.84#28.39#33.77
-95.1511,24.3612#37.78#28.39#33.83
-95.101,24.3612#37.73#28.39#33.88
-95.0508,24.3612#37.68#28.4#33.92
-95.0007,24.3612#37.62#28.4#33.98
-94.9506,24.3612#37.57#28.4#34.03
-94.9004,24.3612#37.51#28.4#34.09
-94.8503,24.3612#37.46#28.4#34.14
-94.8002,24.3611#37.4#28.4#34.2
-94.75,24.361#37.35#28.41#34.24
-94.6999,24.3609#37.29#28.41#34.3
-94.6498,24.3608#37.24#28.41#34.35
-94.5996,24.3607#37.18#28.41#34.41
-94.5495,24.3606#37.13#28.42#34.45
-94.4994,24.3604#37.07#28.42#34.51
-94.4492,24.3602#37.02#28.42#34.56
-94.3991,24.36#36.97#28.43#34.6
-94.349,24.3598#36.91#28.44#34.65
-94.2988,24.3596#36.86#28.44#34.7
-94.2487,24.3593#36.81#28.45#34.74
-94.1986,24.3591#36.75#28.46#34.79
-94.1485,24.3588#36.7#28.46#34.84
-94.0983,24.3585#36.64#28.47#34.89
-94.0482,24.3582#36.59#28.48#34.93
-93.9981,24.3579#36.53#28.48#34.99
-93.9479,24.3575#36.48#28.52#35
-93.8978,24.3572#36.44#28.56#35
-93.8477,24.3568#36.39#28.6#35.01
-93.7975,24.3564#36.34#28.63#35.03
-93.7474,24.356#36.29#28.67#35.04
-93.6973,24.3555#36.24#28.71#35.05
-93.6472,24.3551#36.19#28.74#35.07
-93.597,24.3546#36.14#28.78#35.08
-93.5469,24.3541#36.09#28.82#35.09
-93.4968,24.3536#36.04#28.86#35.1
-93.4467,24.3531#35.98#28.9#35.12
-93.3965,24.3526#35.93#28.94#35.13
-93.3464,24.352#35.88#28.98#35.14
-93.2963,24.3515#35.82#29.02#35.16
-93.2462,24.3509#35.77#29.06#35.17
-93.196,24.3503#35.72#29.1#35.18
-93.1459,24.3497#35.67#29.14#35.19
-93.0958,24.3491#35.61#29.18#35.21
-93.0457,24.3484#35.56#29.22#35.22
-92.9955,24.3477#35.5#29.26#35.24
-92.9454,24.3471#35.39#29.29#35.32
-92.8953,24.3464#35.27#29.33#35.4
-92.8452,24.3456#35.16#29.37#35.47
-92.7951,24.3449#35.05#29.4#35.55
-92.7449,24.3441#34.93#29.44#35.63
-92.6948,24.3434#34.82#29.47#35.71
-92.6447,24.3426#34.71#29.51#35.78
-92.5946,24.3418#34.6#29.54#35.86
-92.5445,24.341#34.48#29.58#35.94
-92.4944,24.3401#34.36#29.61#36.03
-92.4442,24.3393#34.18#29.6#36.22
-92.3941,24.3384#34#29.6#36.4
-92.344,24.3375#33.81#29.6#36.59
-92.2939,24.3366#33.63#29.59#36.78
-92.2438,24.3357#33.45#29.59#36.96
-92.1937,24.3348#33.27#29.58#37.15
-92.1436,24.3338#33.08#29.58#37.34
-92.0935,24.3328#32.9#29.57#37.53
-92.0433,24.3319#32.72#29.57#37.71
-91.9932,24.3309#32.55#29.55#37.9
-91.9431,24.3298#32.42#29.49#38.09
-91.893,24.3288#32.3#29.43#38.27
-91.8429,24.3277#32.17#29.37#38.46
-91.7928,24.3267#32.04#29.31#38.65
-91.7427,24.3256#31.92#29.25#38.83
-91.6926,24.3245#31.79#29.19#39.02
-91.6425,24.3234#31.67#29.13#39.2
-91.5924,24.3222#31.54#29.07#39.39
-91.5423,24.3211#31.42#29.01#39.57
-91.4922,24.3199#31.3#28.96#39.74
-91.4421,24.3187#31.21#28.92#39.87
-91.392,24.3175#31.12#28.88#40
-91.3419,24.3163#31.03#28.85#40.12
-91.2918,24.315#30.94#28.81#40.25
-91.2417,24.3138#30.86#28.78#40.36
-91.1916,24.3125#30.77#28.74#40.49
-91.1415,24.3112#30.68#28.7#40.62
-91.0914,24.3099#30.6#28.67#40.73
-91.0414,24.3086#30.51#28.63#40.86
-90.9913,24.3072#30.43#28.6#40.97
-90.9412,24.3059#30.37#28.59#41.04
-90.8911,24.3045#30.3#28.58#41.12
-90.841,24.3031#30.24#28.57#41.19
-90.7909,24.3017#30.18#28.56#41.26
-90.7408,24.3003#30.11#28.55#41.34
-100.614,24.301#34.01#28.44#37.55
-100.564,24.3029#34.12#28.44#37.44
-100.514,24.3047#34.23#28.44#37.33
-100.464,24.3066#34.34#28.44#37.22
-100.414,24.3084#34.44#28.44#37.12
-100.364,24.3102#34.55#28.44#37.01
-100.314,24.312#34.65#28.45#36.9
-100.264,24.3138#34.76#28.45#36.79
-100.214,24.3156#34.86#28.45#36.69
-100.164,24.3173#34.97#28.45#36.58
-100.114,24.319#35.07#28.45#36.48
-100.064,24.3208#35.18#28.45#36.37
-100.014,24.3225#35.28#28.45#36.27
-99.9634,24.3241#35.38#28.5#36.12
-99.9133,24.3258#35.48#28.57#35.95
-99.8633,24.3274#35.58#28.64#35.78
-99.8132,24.3291#35.68#28.71#35.61
-99.7631,24.3307#35.78#28.78#35.44
-99.713,24.3323#35.88#28.85#35.27
-99.6629,24.3339#35.98#28.92#35.1
-99.6128,24.3354#36.08#28.98#34.94
-99.5627,24.337#36.18#29.05#34.77
-99.5126,24.3385#36.28#29.12#34.6
-99.4625,24.34#36.36#29.2#34.44
-99.4124,24.3415#36.43#29.27#34.3
-99.3623,24.343#36.5#29.35#34.15
-99.3122,24.3444#36.57#29.42#34.01
-99.2621,24.3459#36.65#29.5#33.85
-99.212,24.3473#36.72#29.58#33.7
-99.1619,24.3487#36.79#29.65#33.56
-99.1118,24.3501#36.86#29.73#33.41
-99.0617,24.3515#36.93#29.8#33.27
-99.0116,24.3529#37#29.88#33.12
-98.9615,24.3542#37.06#29.92#33.02
-98.9114,24.3555#37.12#29.96#32.92
-98.8613,24.3568#37.17#29.99#32.84
-98.8112,24.3581#37.23#30.02#32.75
-98.7611,24.3594#37.28#30.06#32.66
-98.7109,24.3607#37.34#30.09#32.57
-98.6608,24.3619#37.39#30.12#32.49
-98.6107,24.3631#37.45#30.16#32.39
-98.5606,24.3643#37.5#30.19#32.31
-98.5105,24.3655#37.56#30.22#32.22
-98.4604,24.3667#37.62#30.18#32.2
-98.4102,24.3679#37.69#30.11#32.2
-98.3601,24.369#37.75#30.04#32.21
-98.31,24.3701#37.82#29.98#32.2
-98.2599,24.3712#37.88#29.91#32.21
-98.2098,24.3723#37.95#29.84#32.21
-98.1596,24.3734#38.02#29.77#32.21
-98.1095,24.3744#38.08#29.71#32.21
-98.0594,24.3755#38.15#29.64#32.21
-98.0093,24.3765#38.21#29.57#32.22
-97.9591,24.3775#38.29#29.5#32.21
-97.909,24.3785#38.36#29.42#32.22
-97.8589,24.3795#38.44#29.34#32.22
-97.8087,24.3804#38.52#29.26#32.22
-97.7586,24.3814#38.59#29.19#32.22
-97.7085,24.3823#38.67#29.11#32.22
-97.6584,24.3832#38.75#29.03#32.22
-97.6082,24.3841#38.82#28.95#32.23
-97.5581,24.3849#38.9#28.88#32.22
-97.508,24.3858#38.98#28.8#32.22
-97.4578,24.3866#39.07#28.76#32.17
-97.4077,24.3875#39.16#28.74#32.1
-97.3576,24.3883#39.25#28.71#32.04
-97.3074,24.389#39.35#28.68#31.97
-97.2573,24.3898#39.44#28.65#31.91
-97.2071,24.3906#39.53#28.62#31.85
-97.157,24.3913#39.63#28.6#31.77
-97.1069,24.392#39.72#28.57#31.71
-97.0567,24.3927#39.81#28.54#31.65
-97.0066,24.3934#39.9#28.51#31.59
-96.9564,24.3941#39.88#28.5#31.62
-96.9063,24.3947#39.84#28.49#31.67
-96.8562,24.3954#39.8#28.48#31.72
-96.806,24.396#39.76#28.47#31.77
-96.7559,24.3966#39.72#28.46#31.82
-96.7057,24.3972#39.68#28.45#31.87
-96.6556,24.3977#39.64#28.44#31.92
-96.6055,24.3983#39.6#28.43#31.97
-96.5553,24.3988#39.56#28.42#32.02
-96.5052,24.3993#39.52#28.41#32.07
-96.455,24.3998#39.47#28.41#32.12
-96.4049,24.4003#39.41#28.41#32.18
-96.3547,24.4008#39.36#28.41#32.23
-96.3046,24.4012#39.31#28.4#32.29
-96.2544,24.4016#39.26#28.4#32.34
-96.2043,24.4021#39.2#28.4#32.4
-96.1541,24.4024#39.15#28.4#32.45
-96.104,24.4028#39.1#28.39#32.51
-96.0538,24.4032#39.05#28.39#32.56
-96.0037,24.4035#38.99#28.39#32.62
-95.9535,24.4039#38.94#28.39#32.67
-95.9034,24.4042#38.88#28.39#32.73
-95.8532,24.4045#38.83#28.39#32.78
-95.8031,24.4048#38.77#28.39#32.84
-95.753,24.405#38.72#28.39#32.89
-95.7028,24.4053#38.66#28.39#32.95
-95.6527,24.4055#38.61#28.39#33
-95.6025,24.4057#38.55#28.39#33.06
-95.5524,24.4059#38.5#28.39#33.11
-95.5022,24.4061#38.44#28.39#33.17
-95.4521,24.4062#38.39#28.39#33.22
-95.4019,24.4064#38.34#28.39#33.27
-95.3517,24.4065#38.29#28.39#33.32
-95.3016,24.4066#38.23#28.39#33.38
-95.2514,24.4067#38.18#28.39#33.43
-95.2013,24.4068#38.13#28.4#33.47
-95.1511,24.4068#38.08#28.4#33.52
-95.101,24.4069#38.02#28.4#33.58
-95.0508,24.4069#37.97#28.4#33.63
-95.0007,24.4069#37.92#28.4#33.68
-94.9505,24.4069#37.86#28.4#33.74
-94.9004,24.4069#37.81#28.4#33.79
-94.8502,24.4068#37.75#28.41#33.84
-94.8001,24.4068#37.7#28.41#33.89
-94.7499,24.4067#37.64#28.41#33.95
-94.6998,24.4066#37.59#28.41#34
-94.6496,24.4065#37.53#28.41#34.06
-94.5995,24.4064#37.48#28.42#34.1
-94.5493,24.4062#37.42#28.42#34.16
-94.4992,24.4061#37.37#28.42#34.21
-94.449,24.4059#37.32#28.43#34.25
-94.3989,24.4057#37.26#28.43#34.31
-94.3487,24.4055#37.21#28.44#34.35
-94.2986,24.4053#37.15#28.44#34.41
-94.2484,24.405#37.1#28.45#34.45
-94.1983,24.4048#37.05#28.46#34.49
-94.1481,24.4045#36.99#28.46#34.55
-94.098,24.4042#36.94#28.47#34.59
-94.0478,24.4039#36.88#28.47#34.65
-93.9977,24.4035#36.83#28.48#34.69
-93.9475,24.4032#36.78#28.51#34.71
-93.8974,24.4028#36.73#28.55#34.72
-93.8472,24.4025#36.68#28.58#34.74
-93.7971,24.4021#36.63#28.62#34.75
-93.747,24.4016#36.58#28.65#34.77
-93.6968,24.4012#36.53#28.69#34.78
-93.6467,24.4008#36.48#28.72#34.8
-93.5965,24.4003#36.43#28.76#34.81
-93.5464,24.3998#36.37#28.79#34.84
-93.4962,24.3993#36.32#28.83#34.85
-93.4461,24.3988#36.27#28.87#34.86
-93.3959,24.3983#36.21#28.91#34.88
-93.3458,24.3977#36.15#28.95#34.9
-93.2956,24.3972#36.09#28.99#34.92
-93.2455,24.3966#36.04#29.03#34.93
-93.1954,24.396#35.98#29.07#34.95
-93.1452,24.3954#35.92#29.11#34.97
-93.0951,24.3947#35.87#29.15#34.98
-93.0449,24.3941#35.81#29.19#35
-92.9948,24.3934#35.74#29.23#35.03
-92.9447,24.3927#35.62#29.27#35.11
-92.8945,24.392#35.5#29.3#35.2
-92.8444,24.3913#35.38#29.34#35.28
-92.7942,24.3906#35.26#29.38#35.36
-92.7441,24.3898#35.14#29.41#35.45
-92.694,24.3891#35.02#29.45#35.53
-92.6438,24.3883#34.9#29.49#35.61
-92.5937,24.3875#34.78#29.53#35.69
-92.5436,24.3867#34.66#29.56#35.78
-92.4934,24.3858#34.53#29.6#35.87
-92.4433,24.385#34.34#29.6#36.06
-92.3932,24.3841#34.16#29.6#36.24
-92.343,24.3832#33.97#29.6#36.43
-92.2929,24.3823#33.78#29.6#36.62
-92.2428,24.3814#33.59#29.6#36.81
-92.1926,24.3804#33.41#29.61#36.98
-92.1425,24.3795#33.22#29.61#37.17
-92.0924,24.3785#33.03#29.61#37.36
-92.0423,24.3775#32.84#29.61#37.55
-91.9921,24.3765#32.67#29.6#37.73
-91.942,24.3755#32.54#29.54#37.92
-91.8919,24.3745#32.41#29.48#38.11
-91.8417,24.3734#32.28#29.42#38.3
-91.7916,24.3723#32.15#29.36#38.49
-91.7415,24.3713#32.03#29.3#38.67
-91.6914,24.3701#31.9#29.24#38.86
-91.6413,24.369#31.77#29.18#39.05
-91.5911,24.3679#31.65#29.12#39.23
-91.541,24.3667#31.52#29.05#39.43
-91.4909,24.3656#31.4#29#39.6
-91.4408,24.3644#31.31#28.96#39.73
-91.3907,24.3632#31.22#28.92#39.86
-91.3406,24.3619#31.12#28.88#40
-91.2904,24.3607#31.03#28.84#40.13
-91.2403,24.3594#30.94#28.8#40.26
-91.1902,24.3582#30.85#28.76#40.39
-91.1401,24.3569#30.76#28.73#40.51
-91.09,24.3556#30.67#28.69#40.64
-91.0399,24.3542#30.57#28.65#40.78
-90.9898,24.3529#30.49#28.62#40.89
-90.9397,24.3515#30.42#28.61#40.97
-90.8896,24.3502#30.35#28.59#41.06
-90.8395,24.3488#30.28#28.58#41.14
-90.7894,24.3474#30.21#28.57#41.22
-90.7393,24.3459#30.15#28.56#41.29
-90.6892,24.3445#30.08#28.55#41.37
-90.6391,24.343#30.01#28.54#41.45
-90.589,24.3415#29.95#28.53#41.52
-90.5389,24.3401#29.88#28.51#41.61
-90.4888,24.3385#29.82#28.5#41.68
-90.4387,24.337#29.77#28.5#41.73
-90.3886,24.3355#29.72#28.49#41.79
-90.3385,24.3339#29.67#28.49#41.84
-90.2884,24.3323#29.63#28.49#41.88
-90.2383,24.3307#29.58#28.48#41.94
-90.1882,24.3291#29.53#28.48#41.99
-90.1381,24.3275#29.49#28.47#42.04
-90.088,24.3258#29.44#28.47#42.09
-90.038,24.3242#29.39#28.46#42.15
-89.9879,24.3225#29.35#28.46#42.19
-89.9378,24.3208#29.32#28.46#42.22
-89.8877,24.3191#29.29#28.46#42.25
-89.8376,24.3174#29.26#28.46#42.28
-89.7876,24.3156#29.22#28.45#42.33
-89.7375,24.3139#29.19#28.45#42.36
-89.6874,24.3121#29.16#28.45#42.39
-89.6373,24.3103#29.13#28.45#42.42
-89.5873,24.3085#29.1#28.45#42.45
-89.5372,24.3066#29.07#28.45#42.48
-89.4871,24.3048#29.04#28.45#42.51
-89.4371,24.3029#28.99#28.45#42.56
-89.387,24.301#28.95#28.45#42.6
-101.718,24.3009#32.43#28.41#39.16
-101.668,24.3032#32.48#28.41#39.11
-101.618,24.3054#32.52#28.41#39.07
-101.568,24.3077#32.56#28.41#39.03
-101.518,24.3099#32.6#28.42#38.98
-101.468,24.312#32.66#28.42#38.92
-101.418,24.3142#32.72#28.42#38.86
-101.368,24.3164#32.79#28.42#38.79
-101.317,24.3185#32.86#28.42#38.72
-101.267,24.3206#32.92#28.42#38.66
-101.217,24.3227#32.99#28.42#38.59
-101.167,24.3248#33.06#28.43#38.51
-101.117,24.3269#33.13#28.43#38.44
-101.067,24.3289#33.19#28.43#38.38
-101.017,24.331#33.26#28.43#38.31
-100.967,24.333#33.36#28.43#38.21
-100.917,24.335#33.48#28.43#38.09
-100.867,24.337#33.59#28.43#37.98
-100.817,24.3389#33.71#28.44#37.85
-100.767,24.3409#33.82#28.44#37.74
-100.717,24.3428#33.94#28.44#37.62
-100.667,24.3447#34.06#28.44#37.5
-100.616,24.3466#34.18#28.44#37.38
-100.566,24.3485#34.3#28.44#37.26
-100.516,24.3504#34.42#28.44#37.14
-100.466,24.3522#34.53#28.45#37.02
-100.416,24.3541#34.64#28.45#36.91
-100.366,24.3559#34.75#28.45#36.8
-100.316,24.3577#34.86#28.45#36.69
-100.266,24.3595#34.96#28.45#36.59
-100.216,24.3612#35.07#28.45#36.48
-100.166,24.363#35.18#28.45#36.37
-100.116,24.3647#35.29#28.45#36.26
-100.065,24.3664#35.41#28.46#36.13
-100.015,24.3681#35.52#28.46#36.02
-99.9653,24.3698#35.62#28.51#35.87
-99.9152,24.3715#35.72#28.57#35.71
-99.8651,24.3731#35.82#28.64#35.54
-99.8149,24.3747#35.92#28.71#35.37
-99.7648,24.3763#36.02#28.78#35.2
-99.7147,24.3779#36.12#28.85#35.03
-99.6646,24.3795#36.22#28.92#34.86
-99.6145,24.3811#36.31#28.99#34.7
-99.5644,24.3826#36.41#29.05#34.54
-99.5143,24.3842#36.51#29.12#34.37
-99.4642,24.3857#36.59#29.2#34.21
-99.4141,24.3872#36.66#29.27#34.07
-99.3639,24.3886#36.73#29.35#33.92
-99.3138,24.3901#36.81#29.42#33.77
-99.2637,24.3916#36.88#29.5#33.62
-99.2136,24.393#36.95#29.58#33.47
-99.1635,24.3944#37.02#29.65#33.33
-99.1133,24.3958#37.09#29.73#33.18
-99.0632,24.3972#37.16#29.8#33.04
-99.0131,24.3985#37.23#29.88#32.89
-98.963,24.3999#37.3#29.92#32.78
-98.9128,24.4012#37.35#29.96#32.69
-98.8627,24.4025#37.41#29.99#32.6
-98.8126,24.4038#37.47#30.02#32.51
-98.7624,24.4051#37.53#30.06#32.41
-98.7123,24.4063#37.59#30.09#32.32
-98.6622,24.4076#37.64#30.12#32.24
-98.612,24.4088#37.7#30.16#32.14
-98.5619,24.41#37.76#30.19#32.05
-98.5118,24.4112#37.82#30.22#31.96
-98.4616,24.4124#37.88#30.18#31.94
-98.4115,24.4135#37.95#30.11#31.94
-98.3614,24.4147#38.02#30.05#31.93
-98.3112,24.4158#38.08#29.98#31.94
-98.2611,24.4169#38.15#29.91#31.94
-98.2109,24.418#38.22#29.84#31.94
-98.1608,24.4191#38.29#29.78#31.93
-98.1107,24.4201#38.35#29.71#31.94
-98.0605,24.4212#38.42#29.64#31.94
-98.0104,24.4222#38.49#29.58#31.93
-97.9602,24.4232#38.56#29.5#31.94
-97.9101,24.4242#38.64#29.42#31.94
-97.8599,24.4251#38.71#29.35#31.94
-97.8098,24.4261#38.79#29.27#31.94
-97.7596,24.427#38.87#29.19#31.94
-97.7095,24.428#38.94#29.11#31.95
-97.6593,24.4289#39.02#29.04#31.94
-97.6092,24.4297#39.09#28.96#31.95
-97.559,24.4306#39.17#28.88#31.95
-97.5089,24.4315#39.24#28.8#31.96
-97.4587,24.4323#39.33#28.77#31.9
-97.4086,24.4331#39.42#28.74#31.84
-97.3584,24.4339#39.51#28.71#31.78
-97.3083,24.4347#39.6#28.68#31.72
-97.2581,24.4355#39.69#28.66#31.65
-97.208,24.4362#39.78#28.63#31.59
-97.1578,24.437#39.87#28.6#31.53
-97.1076,24.4377#39.96#28.57#31.47
-97.0575,24.4384#40.05#28.54#31.41
-97.0073,24.4391#40.14#28.51#31.35
-96.9572,24.4397#40.12#28.5#31.38
-96.907,24.4404#40.08#28.49#31.43
-96.8569,24.441#40.04#28.48#31.48
-96.8067,24.4416#40#28.47#31.53
-96.7565,24.4422#39.97#28.46#31.57
-96.7064,24.4428#39.93#28.46#31.61
-96.6562,24.4434#39.89#28.45#31.66
-96.606,24.4439#39.85#28.44#31.71
-96.5559,24.4445#39.81#28.43#31.76
-96.5057,24.445#39.77#28.42#31.81
-96.4556,24.4455#39.72#28.41#31.87
-96.4054,24.446#39.67#28.41#31.92
-96.3552,24.4464#39.62#28.41#31.97
-96.3051,24.4469#39.57#28.41#32.02
-96.2549,24.4473#39.52#28.4#32.08
-96.2047,24.4477#39.47#28.4#32.13
-96.1546,24.4481#39.42#28.4#32.18
-96.1044,24.4485#39.37#28.4#32.23
-96.0542,24.4489#39.32#28.39#32.29
-96.0041,24.4492#39.27#28.39#32.34
-95.9539,24.4496#39.21#28.39#32.4
-95.9037,24.4499#39.16#28.39#32.45
-95.8536,24.4502#39.11#28.39#32.5
-95.8034,24.4504#39.05#28.39#32.56
-95.7532,24.4507#39#28.39#32.61
-95.7031,24.4509#38.94#28.39#32.67
-95.6529,24.4512#38.89#28.39#32.72
-95.6027,24.4514#38.84#28.39#32.77
-95.5526,24.4516#38.78#28.39#32.83
-95.5024,24.4518#38.73#28.39#32.88
-95.4522,24.4519#38.68#28.39#32.93
-95.402,24.4521#38.63#28.39#32.98
-95.3519,24.4522#38.57#28.4#33.03
-95.3017,24.4523#38.52#28.4#33.08
-95.2515,24.4524#38.47#28.4#33.13
-95.2014,24.4525#38.42#28.4#33.18
-95.1512,24.4525#38.37#28.4#33.23
-95.101,24.4526#38.32#28.4#33.28
-95.0509,24.4526#38.26#28.4#33.34
-95.0007,24.4526#38.21#28.4#33.39
-94.9505,24.4526#38.16#28.41#33.43
-94.9004,24.4526#38.1#28.41#33.49
-94.8502,24.4525#38.05#28.41#33.54
-94.8,24.4525#37.99#28.41#33.6
-94.7498,24.4524#37.94#28.41#33.65
-94.6997,24.4523#37.88#28.42#33.7
-94.6495,24.4522#37.83#28.42#33.75
-94.5993,24.4521#37.78#28.42#33.8
-94.5492,24.4519#37.72#28.42#33.86
-94.499,24.4518#37.66#28.42#33.92
-94.4488,24.4516#37.61#28.43#33.96
-94.3987,24.4514#37.56#28.43#34.01
-94.3485,24.4512#37.5#28.44#34.06
-94.2983,24.451#37.45#28.45#34.1
-94.2482,24.4507#37.39#28.45#34.16
-94.198,24.4504#37.34#28.46#34.2
-94.1478,24.4502#37.29#28.46#34.25
-94.0977,24.4499#37.23#28.47#34.3
-94.0475,24.4496#37.18#28.47#34.35
-93.9973,24.4492#37.12#28.48#34.4
-93.9472,24.4489#37.07#28.51#34.42
-93.897,24.4485#37.02#28.54#34.44
-93.8468,24.4481#36.97#28.58#34.45
-93.7967,24.4477#36.92#28.61#34.47
-93.7465,24.4473#36.87#28.64#34.49
-93.6963,24.4469#36.82#28.67#34.51
-93.6462,24.4465#36.77#28.7#34.53
-93.596,24.446#36.71#28.73#34.56
-93.5458,24.4455#36.66#28.77#34.57
-93.4957,24.445#36.61#28.8#34.59
-93.4455,24.4445#36.55#28.84#34.61
-93.3953,24.444#36.49#28.88#34.63
-93.3452,24.4434#36.42#28.92#34.66
-93.295,24.4428#36.36#28.96#34.68
-93.2449,24.4423#36.3#29#34.7
-93.1947,24.4417#36.24#29.04#34.72
-93.1445,24.441#36.17#29.08#34.75
-93.0944,24.4404#36.11#29.12#34.77
-93.0442,24.4398#36.05#29.16#34.79
-92.9941,24.4391#35.98#29.2#34.82
-92.9439,24.4384#35.85#29.23#34.92
-92.8937,24.4377#35.72#29.27#35.01
-92.8436,24.437#35.59#29.31#35.1
-92.7934,24.4363#35.46#29.35#35.19
-92.7433,24.4355#35.34#29.38#35.28
-92.6931,24.4347#35.21#29.42#35.37
-92.643,24.434#35.08#29.46#35.46
-92.5928,24.4332#34.95#29.5#35.55
-92.5427,24.4323#34.82#29.53#35.65
-92.4925,24.4315#34.69#29.57#35.74
-92.4423,24.4306#34.5#29.57#35.93
-92.3922,24.4298#34.31#29.58#36.11
-92.342,24.4289#34.12#29.58#36.3
-92.2919,24.428#33.93#29.59#36.48
-92.2417,24.4271#33.74#29.59#36.67
-92.1916,24.4261#33.55#29.6#36.85
-92.1415,24.4252#33.36#29.6#37.04
-92.0913,24.4242#33.17#29.61#37.22
-92.0412,24.4232#32.98#29.61#37.41
-91.991,24.4222#32.8#29.6#37.6
-91.9409,24.4212#32.67#29.55#37.78
-91.8907,24.4201#32.54#29.5#37.96
-91.8406,24.4191#32.4#29.44#38.16
-91.7904,24.418#32.27#29.39#38.34
-91.7403,24.4169#32.14#29.33#38.53
-91.6902,24.4158#32#29.28#38.72
-91.64,24.4147#31.87#29.22#38.91
-91.5899,24.4136#31.74#29.16#39.1
-91.5397,24.4124#31.61#29.11#39.28
-91.4896,24.4112#31.48#29.05#39.47
-91.4395,24.41#31.38#29.01#39.61
-91.3893,24.4088#31.28#28.97#39.75
-91.3392,24.4076#31.19#28.93#39.88
-91.2891,24.4064#31.09#28.89#40.02
-91.2389,24.4051#30.99#28.85#40.16
-91.1888,24.4038#30.89#28.81#40.3
-91.1387,24.4025#30.8#28.77#40.43
-91.0886,24.4012#30.7#28.73#40.57
-91.0384,24.3999#30.6#28.68#40.72
-90.9883,24.3986#30.51#28.65#40.84
-90.9382,24.3972#30.45#28.64#40.91
-90.888,24.3958#30.38#28.62#41
-90.8379,24.3944#30.31#28.61#41.08
-90.7878,24.393#30.24#28.59#41.17
-90.7377,24.3916#30.17#28.58#41.25
-90.6876,24.3901#30.1#28.57#41.33
-90.6374,24.3887#30.03#28.55#41.42
-90.5873,24.3872#29.96#28.54#41.5
-90.5372,24.3857#29.89#28.53#41.58
-90.4871,24.3842#29.83#28.52#41.65
-90.437,24.3827#29.78#28.51#41.71
-90.3869,24.3811#29.73#28.51#41.76
-90.3368,24.3796#29.67#28.5#41.83
-90.2867,24.378#29.62#28.5#41.88
-90.2365,24.3764#29.57#28.49#41.94
-90.1864,24.3748#29.52#28.48#42
-90.1363,24.3732#29.47#28.48#42.05
-90.0862,24.3715#29.42#28.47#42.11
-90.0361,24.3698#29.37#28.47#42.16
-89.986,24.3682#29.32#28.46#42.22
-89.9359,24.3665#29.29#28.46#42.25
-89.8858,24.3647#29.26#28.46#42.28
-89.8357,24.363#29.22#28.46#42.32
-89.7856,24.3613#29.19#28.46#42.35
-89.7355,24.3595#29.15#28.46#42.39
-89.6854,24.3577#29.12#28.46#42.42
-89.6353,24.3559#29.09#28.46#42.45
-89.5853,24.3541#29.06#28.46#42.48
-89.5352,24.3523#29.02#28.46#42.52
-89.4851,24.3504#28.99#28.46#42.55
-89.435,24.3486#28.94#28.46#42.6
-89.3849,24.3467#28.9#28.46#42.64
-89.3348,24.3448#28.85#28.46#42.69
-89.2847,24.3429#28.81#28.46#42.73
-89.2347,24.3409#28.76#28.46#42.78
-89.1846,24.339#28.72#28.46#42.82
-89.1345,24.337#28.67#28.46#42.87
-89.0844,24.335#28.63#28.46#42.91
-89.0344,24.333#28.58#28.46#42.96
-88.9843,24.331#28.55#28.46#42.99
-88.9342,24.329#28.52#28.46#43.02
-88.8842,24.3269#28.5#28.46#43.04
-88.8341,24.3249#28.48#28.47#43.05
-88.784,24.3228#28.46#28.47#43.07
-88.734,24.3207#28.44#28.47#43.09
-88.6839,24.3186#28.41#28.47#43.12
-88.6338,24.3164#28.39#28.47#43.14
-88.5838,24.3143#28.37#28.47#43.16
-88.5337,24.3121#28.35#28.47#43.18
-88.4837,24.3099#28.35#28.48#43.17
-88.4336,24.3077#28.37#28.48#43.15
-88.3836,24.3055#28.4#28.48#43.12
-88.3335,24.3033#28.42#28.48#43.1
-88.2835,24.301#28.45#28.48#43.07
-102.671,24.3005#31.73#28.38#39.89
-102.621,24.3031#31.78#28.39#39.83
-102.571,24.3057#31.83#28.39#39.78
-102.521,24.3082#31.88#28.39#39.73
-102.471,24.3107#31.93#28.39#39.68
-102.421,24.3132#31.97#28.39#39.64
-102.371,24.3157#32.01#28.39#39.6
-102.321,24.3182#32.04#28.4#39.56
-102.271,24.3207#32.08#28.4#39.52
-102.221,24.3231#32.12#28.4#39.48
-102.171,24.3255#32.16#28.4#39.44
-102.121,24.3279#32.2#28.4#39.4
-102.071,24.3303#32.24#28.4#39.36
-102.021,24.3327#32.27#28.4#39.33
-101.971,24.335#32.31#28.41#39.28
-101.921,24.3374#32.36#28.41#39.23
-101.871,24.3397#32.4#28.41#39.19
-101.821,24.342#32.44#28.41#39.15
-101.77,24.3443#32.48#28.41#39.11
-101.72,24.3466#32.52#28.41#39.07
-101.67,24.3488#32.56#28.41#39.03
-101.62,24.3511#32.6#28.42#38.98
-101.57,24.3533#32.64#28.42#38.94
-101.52,24.3555#32.69#28.42#38.89
-101.47,24.3577#32.74#28.42#38.84
-101.42,24.3598#32.81#28.42#38.77
-101.37,24.362#32.88#28.42#38.7
-101.32,24.3641#32.95#28.42#38.63
-101.27,24.3663#33.02#28.43#38.55
-101.22,24.3684#33.1#28.43#38.47
-101.17,24.3704#33.18#28.43#38.39
-101.119,24.3725#33.25#28.43#38.32
-101.069,24.3746#33.33#28.43#38.24
-101.019,24.3766#33.41#28.43#38.16
-100.969,24.3786#33.52#28.43#38.05
-100.919,24.3806#33.64#28.44#37.92
-100.869,24.3826#33.77#28.44#37.79
-100.819,24.3846#33.89#28.44#37.67
-100.769,24.3865#34.02#28.44#37.54
-100.719,24.3885#34.15#28.44#37.41
-100.669,24.3904#34.27#28.44#37.29
-100.619,24.3923#34.4#28.44#37.16
-100.568,24.3942#34.52#28.45#37.03
-100.518,24.396#34.65#28.45#36.9
-100.468,24.3979#34.77#28.45#36.78
-100.418,24.3997#34.88#28.45#36.67
-100.368,24.4015#34.99#28.45#36.56
-100.318,24.4033#35.1#28.45#36.45
-100.268,24.4051#35.21#28.45#36.34
-100.218,24.4069#35.32#28.46#36.22
-100.168,24.4086#35.43#28.46#36.11
-100.117,24.4104#35.54#28.46#36
-100.067,24.4121#35.65#28.46#35.89
-100.017,24.4138#35.76#28.46#35.78
-99.9671,24.4154#35.86#28.51#35.63
-99.917,24.4171#35.96#28.57#35.47
-99.8669,24.4188#36.06#28.64#35.3
-99.8167,24.4204#36.15#28.71#35.14
-99.7666,24.422#36.25#28.78#34.97
-99.7165,24.4236#36.35#28.85#34.8
-99.6663,24.4252#36.45#28.92#34.63
-99.6162,24.4267#36.55#28.99#34.46
-99.5661,24.4283#36.64#29.05#34.31
-99.516,24.4298#36.74#29.12#34.14
-99.4658,24.4313#36.82#29.2#33.98
-99.4157,24.4328#36.89#29.27#33.84
-99.3656,24.4343#36.96#29.35#33.69
-99.3154,24.4358#37.04#29.42#33.54
-99.2653,24.4372#37.11#29.5#33.39
-99.2151,24.4386#37.18#29.58#33.24
-99.165,24.4401#37.25#29.65#33.1
-99.1149,24.4414#37.32#29.73#32.95
-99.0647,24.4428#37.4#29.8#32.8
-99.0146,24.4442#37.47#29.88#32.65
-98.9644,24.4455#37.53#29.93#32.54
-98.9143,24.4469#37.59#29.96#32.45
-98.8641,24.4482#37.65#29.99#32.36
-98.814,24.4495#37.71#30.03#32.26
-98.7638,24.4507#37.77#30.06#32.17
-98.7137,24.452#37.84#30.09#32.07
-98.6635,24.4532#37.9#30.12#31.98
-98.6134,24.4545#37.96#30.16#31.88
-98.5632,24.4557#38.02#30.19#31.79
-98.5131,24.4569#38.08#30.22#31.7
-98.4629,24.458#38.15#30.18#31.67
-98.4128,24.4592#38.21#30.12#31.67
-98.3626,24.4603#38.28#30.05#31.67
-98.3125,24.4615#38.35#29.98#31.67
-98.2623,24.4626#38.42#29.92#31.66
-98.2121,24.4637#38.49#29.85#31.66
-98.162,24.4647#38.56#29.78#31.66
-98.1118,24.4658#38.63#29.71#31.66
-98.0617,24.4668#38.69#29.65#31.66
-98.0115,24.4679#38.76#29.58#31.66
-97.9613,24.4689#38.84#29.51#31.65
-97.9112,24.4698#38.91#29.43#31.66
-97.861,24.4708#38.99#29.35#31.66
-97.8108,24.4718#39.06#29.27#31.67
-97.7607,24.4727#39.14#29.2#31.66
-97.7105,24.4736#39.21#29.12#31.67
-97.6603,24.4745#39.29#29.04#31.67
-97.6102,24.4754#39.36#28.96#31.68
-97.56,24.4763#39.44#28.89#31.67
-97.5098,24.4772#39.51#28.81#31.68
-97.4596,24.478#39.6#28.77#31.63
-97.4095,24.4788#39.69#28.74#31.57
-97.3593,24.4796#39.77#28.71#31.52
-97.3091,24.4804#39.86#28.69#31.45
-97.259,24.4812#39.95#28.66#31.39
-97.2088,24.4819#40.03#28.63#31.34
-97.1586,24.4827#40.12#28.6#31.28
-97.1084,24.4834#40.21#28.57#31.22
-97.0583,24.4841#40.29#28.55#31.16
-97.0081,24.4848#40.38#28.52#31.1
-96.9579,24.4854#40.36#28.51#31.13
-96.9077,24.4861#40.32#28.5#31.18
-96.8575,24.4867#40.29#28.49#31.22
-96.8074,24.4873#40.25#28.48#31.27
-96.7572,24.4879#40.21#28.47#31.32
-96.707,24.4885#40.17#28.46#31.37
-96.6568,24.4891#40.14#28.45#31.41
-96.6066,24.4896#40.1#28.44#31.46
-96.5565,24.4902#40.06#28.43#31.51
-96.5063,24.4907#40.03#28.42#31.55
-96.4561,24.4912#39.98#28.42#31.6
-96.4059,24.4917#39.93#28.42#31.65
-96.3557,24.4921#39.88#28.41#31.71
-96.3055,24.4926#39.83#28.41#31.76
-96.2554,24.493#39.78#28.41#31.81
-96.2052,24.4934#39.73#28.41#31.86
-96.155,24.4938#39.68#28.4#31.92
-96.1048,24.4942#39.64#28.4#31.96
-96.0546,24.4946#39.59#28.4#32.01
-96.0044,24.4949#39.54#28.4#32.06
-95.9543,24.4952#39.48#28.4#32.12
-95.9041,24.4956#39.43#28.4#32.17
-95.8539,24.4958#39.38#28.4#32.22
-95.8037,24.4961#39.33#28.4#32.27
-95.7535,24.4964#39.28#28.4#32.32
-95.7033,24.4966#39.22#28.4#32.38
-95.6531,24.4969#39.17#28.4#32.43
-95.6029,24.4971#39.12#28.4#32.48
-95.5528,24.4973#39.07#28.4#32.53
-95.5026,24.4974#39.01#28.4#32.59
-95.4524,24.4976#38.96#28.4#32.64
-95.4022,24.4978#38.91#28.4#32.69
-95.352,24.4979#38.86#28.4#32.74
-95.3018,24.498#38.81#28.4#32.79
-95.2516,24.4981#38.76#28.4#32.84
-95.2014,24.4982#38.71#28.4#32.89
-95.1513,24.4982#38.66#28.4#32.94
-95.1011,24.4983#38.61#28.41#32.98
-95.0509,24.4983#38.56#28.41#33.03
-95.0007,24.4983#38.51#28.41#33.08
-94.9505,24.4983#38.45#28.41#33.14
-94.9003,24.4983#38.4#28.41#33.19
-94.8501,24.4982#38.34#28.41#33.25
-94.7999,24.4982#38.29#28.42#33.29
-94.7498,24.4981#38.23#28.42#33.35
-94.6996,24.498#38.18#28.42#33.4
-94.6494,24.4979#38.13#28.42#33.45
-94.5992,24.4978#38.07#28.42#33.51
-94.549,24.4976#38.02#28.42#33.56
-94.4988,24.4975#37.96#28.43#33.61
-94.4486,24.4973#37.91#28.43#33.66
-94.3984,24.4971#37.85#28.44#33.71
-94.3483,24.4969#37.8#28.44#33.76
-94.2981,24.4966#37.74#28.45#33.81
-94.2479,24.4964#37.69#28.45#33.86
-94.1977,24.4961#37.63#28.46#33.91
-94.1475,24.4959#37.58#28.46#33.96
-94.0973,24.4956#37.52#28.47#34.01
-94.0471,24.4952#37.47#28.47#34.06
-93.9969,24.4949#37.41#28.48#34.11
-93.9468,24.4946#37.36#28.51#34.13
-93.8966,24.4942#37.31#28.54#34.15
-93.8464,24.4938#37.26#28.57#34.17
-93.7962,24.4934#37.21#28.6#34.19
-93.746,24.493#37.16#28.62#34.22
-93.6958,24.4926#37.11#28.65#34.24
-93.6457,24.4921#37.05#28.68#34.27
-93.5955,24.4917#37#28.71#34.29
-93.5453,24.4912#36.95#28.74#34.31
-93.4951,24.4907#36.9#28.77#34.33
-93.4449,24.4902#36.83#28.81#34.36
-93.3947,24.4896#36.76#28.85#34.39
-93.3446,24.4891#36.7#28.89#34.41
-93.2944,24.4885#36.63#28.93#34.44
-93.2442,24.4879#36.56#28.97#34.47
-93.194,24.4873#36.49#29.01#34.5
-93.1438,24.4867#36.43#29.05#34.52
-93.0937,24.4861#36.36#29.09#34.55
-93.0435,24.4854#36.29#29.13#34.58
-92.9933,24.4848#36.22#29.17#34.61
-92.9431,24.4841#36.08#29.2#34.72
-92.893,24.4834#35.94#29.24#34.82
-92.8428,24.4827#35.8#29.28#34.92
-92.7926,24.4819#35.67#29.32#35.01
-92.7424,24.4812#35.53#29.35#35.12
-92.6923,24.4804#35.39#29.39#35.22
-92.6421,24.4796#35.26#29.43#35.31
-92.5919,24.4788#35.12#29.47#35.41
-92.5417,24.478#34.99#29.51#35.5
-92.4916,24.4772#34.84#29.54#35.62
-92.4414,24.4763#34.65#29.55#35.8
-92.3912,24.4755#34.46#29.56#35.98
-92.3411,24.4746#34.27#29.56#36.17
-92.2909,24.4737#34.08#29.57#36.35
-92.2407,24.4727#33.89#29.58#36.53
-92.1906,24.4718#33.7#29.59#36.71
-92.1404,24.4708#33.51#29.6#36.89
-92.0902,24.4699#33.31#29.6#37.09
-92.0401,24.4689#33.12#29.61#37.27
-91.9899,24.4679#32.94#29.61#37.45
-91.9397,24.4669#32.8#29.56#37.64
-91.8896,24.4658#32.66#29.51#37.83
-91.8394,24.4648#32.52#29.46#38.02
-91.7893,24.4637#32.38#29.41#38.21
-91.7391,24.4626#32.24#29.36#38.4
-91.6889,24.4615#32.11#29.31#38.58
-91.6388,24.4604#31.97#29.26#38.77
-91.5886,24.4592#31.83#29.21#38.96
-91.5385,24.4581#31.69#29.16#39.15
-91.4883,24.4569#31.56#29.11#39.33
-91.4382,24.4557#31.46#29.07#39.47
-91.388,24.4545#31.35#29.03#39.62
-91.3378,24.4533#31.25#28.98#39.77
-91.2877,24.452#31.14#28.94#39.92
-91.2375,24.4508#31.04#28.9#40.06
-91.1874,24.4495#30.93#28.85#40.22
-91.1373,24.4482#30.83#28.81#40.36
-91.0871,24.4469#30.73#28.77#40.5
-91.037,24.4456#30.62#28.73#40.65
-90.9868,24.4442#30.53#28.69#40.78
-90.9367,24.4429#30.46#28.67#40.87
-90.8865,24.4415#30.39#28.66#40.95
-90.8364,24.4401#30.32#28.64#41.04
-90.7862,24.4387#30.26#28.62#41.12
-90.7361,24.4373#30.19#28.61#41.2
-90.686,24.4358#30.12#28.59#41.29
-90.6358,24.4343#30.05#28.58#41.37
-90.5857,24.4329#29.98#28.56#41.46
-90.5356,24.4314#29.91#28.55#41.54
-90.4854,24.4299#29.85#28.53#41.62
-90.4353,24.4283#29.79#28.53#41.68
-90.3852,24.4268#29.73#28.52#41.75
-90.335,24.4252#29.68#28.52#41.8
-90.2849,24.4236#29.62#28.51#41.87
-90.2348,24.4221#29.56#28.5#41.94
-90.1847,24.4204#29.51#28.5#41.99
-90.1345,24.4188#29.45#28.49#42.06
-90.0844,24.4172#29.4#28.49#42.11
-90.0343,24.4155#29.35#28.48#42.17
-89.9842,24.4138#29.3#28.48#42.22
-89.934,24.4121#29.26#28.47#42.27
-89.8839,24.4104#29.22#28.47#42.31
-89.8338,24.4087#29.19#28.47#42.34
-89.7837,24.4069#29.15#28.47#42.38
-89.7336,24.4052#29.11#28.47#42.42
-89.6835,24.4034#29.08#28.47#42.45
-89.6334,24.4016#29.04#28.47#42.49
-89.5833,24.3998#29#28.46#42.54
-89.5331,24.3979#28.97#28.46#42.57
-89.483,24.3961#28.93#28.46#42.61
-89.4329,24.3942#28.88#28.46#42.66
-89.3828,24.3923#28.84#28.46#42.7
-89.3327,24.3904#28.79#28.46#42.75
-89.2826,24.3885#28.74#28.46#42.8
-89.2325,24.3866#28.7#28.46#42.84
-89.1824,24.3846#28.65#28.47#42.88
-89.1323,24.3827#28.6#28.47#42.93
-89.0823,24.3807#28.56#28.47#42.97
-89.0322,24.3787#28.51#28.47#43.02
-88.9821,24.3767#28.47#28.47#43.06
-88.932,24.3746#28.45#28.47#43.08
-88.8819,24.3726#28.42#28.47#43.11
-88.8318,24.3705#28.4#28.47#43.13
-88.7817,24.3684#28.38#28.47#43.15
-88.7316,24.3663#28.35#28.47#43.18
-88.6816,24.3642#28.33#28.48#43.19
-88.6315,24.3621#28.3#28.48#43.22
-88.5814,24.3599#28.28#28.48#43.24
-88.5313,24.3577#28.26#28.48#43.26
-88.4813,24.3555#28.25#28.48#43.27
-88.4312,24.3533#28.27#28.48#43.25
-88.3811,24.3511#28.3#28.48#43.22
-88.3311,24.3489#28.32#28.49#43.19
-88.281,24.3466#28.34#28.49#43.17
-88.2309,24.3444#28.37#28.49#43.14
-88.1809,24.3421#28.39#28.49#43.12
-88.1308,24.3398#28.41#28.49#43.1
-88.0807,24.3374#28.44#28.49#43.07
-88.0307,24.3351#28.46#28.49#43.05
-87.9806,24.3328#28.49#28.5#43.01
-87.9306,24.3304#28.54#28.5#42.96
-87.8805,24.328#28.58#28.5#42.92
-87.8305,24.3256#28.62#28.5#42.88
-87.7804,24.3232#28.67#28.5#42.83
-87.7304,24.3207#28.71#28.5#42.79
-87.6803,24.3183#28.75#28.51#42.74
-87.6303,24.3158#28.8#28.51#42.69
-87.5803,24.3133#28.84#28.51#42.65
-87.5302,24.3108#28.89#28.51#42.6
-87.4802,24.3083#28.94#28.51#42.55
-87.4302,24.3057#29.01#28.51#42.48
-87.3801,24.3032#29.08#28.52#42.4
-87.3301,24.3006#29.15#28.52#42.33
-103.475,24.3027#31.02#28.36#40.62
-103.425,24.3055#31.07#28.36#40.57
-103.375,24.3083#31.12#28.37#40.51
-103.325,24.3111#31.17#28.37#40.46
-103.275,24.3139#31.22#28.37#40.41
-103.224,24.3167#31.26#28.37#40.37
-103.174,24.3195#31.31#28.37#40.32
-103.124,24.3222#31.36#28.37#40.27
-103.074,24.3249#31.41#28.37#40.22
-103.024,24.3277#31.46#28.38#40.16
-102.974,24.3303#31.51#28.38#40.11
-102.924,24.333#31.56#28.38#40.06
-102.874,24.3357#31.61#28.38#40.01
-102.824,24.3383#31.67#28.38#39.95
-102.774,24.3409#31.72#28.38#39.9
-102.724,24.3436#31.77#28.39#39.84
-102.674,24.3461#31.82#28.39#39.79
-102.624,24.3487#31.87#28.39#39.74
-102.574,24.3513#31.93#28.39#39.68
-102.524,24.3538#31.98#28.39#39.63
-102.474,24.3564#32.02#28.39#39.59
-102.424,24.3589#32.06#28.4#39.54
-102.374,24.3613#32.1#28.4#39.5
-102.324,24.3638#32.14#28.4#39.46
-102.274,24.3663#32.18#28.4#39.42
-102.224,24.3687#32.21#28.4#39.39
-102.174,24.3711#32.25#28.4#39.35
-102.123,24.3736#32.29#28.4#39.31
-102.073,24.3759#32.33#28.41#39.26
-102.023,24.3783#32.38#28.41#39.21
-101.973,24.3807#32.42#28.41#39.17
-101.923,24.383#32.47#28.41#39.12
-101.873,24.3853#32.51#28.41#39.08
-101.823,24.3876#32.56#28.41#39.03
-101.773,24.3899#32.61#28.41#38.98
-101.723,24.3922#32.66#28.42#38.92
-101.673,24.3945#32.71#28.42#38.87
-101.623,24.3967#32.76#28.42#38.82
-101.573,24.3989#32.81#28.42#38.77
-101.523,24.4011#32.86#28.42#38.72
-101.472,24.4033#32.93#28.42#38.65
-101.422,24.4055#33.01#28.42#38.57
-101.372,24.4076#33.09#28.43#38.48
-101.322,24.4098#33.17#28.43#38.4
-101.272,24.4119#33.25#28.43#38.32
-101.222,24.414#33.33#28.43#38.24
-101.172,24.4161#33.41#28.43#38.16
-101.122,24.4182#33.49#28.43#38.08
-101.072,24.4202#33.58#28.43#37.99
-101.022,24.4222#33.66#28.44#37.9
-100.971,24.4243#33.77#28.44#37.79
-100.921,24.4263#33.9#28.44#37.66
-100.871,24.4282#34.02#28.44#37.54
-100.821,24.4302#34.15#28.44#37.41
-100.771,24.4322#34.27#28.44#37.29
-100.721,24.4341#34.4#28.44#37.16
-100.671,24.436#34.53#28.45#37.02
-100.621,24.4379#34.65#28.45#36.9
-100.571,24.4398#34.78#28.45#36.77
-100.52,24.4417#34.9#28.45#36.65
-100.47,24.4435#35.02#28.45#36.53
-100.42,24.4454#35.13#28.45#36.42
-100.37,24.4472#35.24#28.45#36.31
-100.32,24.449#35.35#28.46#36.19
-100.27,24.4508#35.46#28.46#36.08
-100.22,24.4525#35.57#28.46#35.97
-100.169,24.4543#35.67#28.46#35.87
-100.119,24.456#35.78#28.46#35.76
-100.069,24.4577#35.89#28.46#35.65
-100.019,24.4594#36#28.46#35.54
-99.9689,24.4611#36.1#28.51#35.39
-99.9188,24.4628#36.2#28.58#35.22
-99.8687,24.4644#36.29#28.64#35.07
-99.8185,24.466#36.39#28.71#34.9
-99.7684,24.4677#36.49#28.78#34.73
-99.7182,24.4693#36.58#28.85#34.57
-99.6681,24.4708#36.68#28.92#34.4
-99.6179,24.4724#36.78#28.99#34.23
-99.5678,24.474#36.87#29.05#34.08
-99.5176,24.4755#36.97#29.12#33.91
-99.4675,24.477#37.05#29.2#33.75
-99.4173,24.4785#37.12#29.27#33.61
-99.3672,24.48#37.2#29.35#33.45
-99.317,24.4814#37.27#29.42#33.31
-99.2669,24.4829#37.34#29.5#33.16
-99.2167,24.4843#37.41#29.58#33.01
-99.1665,24.4857#37.49#29.65#32.86
-99.1164,24.4871#37.56#29.73#32.71
-99.0662,24.4885#37.63#29.8#32.57
-99.0161,24.4899#37.7#29.88#32.42
-98.9659,24.4912#37.77#29.93#32.3
-98.9157,24.4925#37.83#29.96#32.21
-98.8656,24.4938#37.89#29.99#32.12
-98.8154,24.4951#37.96#30.03#32.01
-98.7652,24.4964#38.02#30.06#31.92
-98.7151,24.4977#38.08#30.09#31.83
-98.6649,24.4989#38.15#30.13#31.72
-98.6147,24.5001#38.21#30.16#31.63
-98.5646,24.5013#38.27#30.19#31.54
-98.5144,24.5025#38.34#30.22#31.44
-98.4642,24.5037#38.41#30.19#31.4
-98.414,24.5049#38.48#30.12#31.4
-98.3639,24.506#38.55#30.05#31.4
