-96.8103,34.9002#42.52#29.26#28.22
-96.7555,34.9008#42.36#29.26#28.38
-96.7007,34.9014#42.2#29.25#28.55
-96.6458,34.9019#42.04#29.25#28.71
-96.591,34.9024#41.88#29.25#28.87
-96.5362,34.903#41.72#29.24#29.04
-96.4813,34.9035#41.56#29.24#29.2
-96.4265,34.9039#41.41#29.24#29.35
-96.3717,34.9044#41.25#29.24#29.51
-96.3168,34.9049#41.1#29.24#29.66
-96.262,34.9053#40.95#29.24#29.81
-96.2072,34.9057#40.79#29.24#29.97
-96.1523,34.9061#40.64#29.24#30.12
-96.0975,34.9065#40.49#29.24#30.27
-96.0427,34.9068#40.34#29.24#30.42
-95.9878,34.9072#40.19#29.24#30.57
-95.933,34.9075#40.07#29.24#30.69
-95.8782,34.9078#39.95#29.24#30.81
-95.8233,34.9081#39.83#29.24#30.93
-95.7685,34.9083#39.71#29.24#31.05
-95.7137,34.9086#39.59#29.24#31.17
-95.6588,34.9088#39.46#29.25#31.29
-95.604,34.909#39.34#29.25#31.41
-95.5491,34.9092#39.22#29.25#31.53
-95.4943,34.9094#39.1#29.25#31.65
-95.4395,34.9095#38.97#29.25#31.78
-95.3846,34.9097#38.84#29.26#31.9
-95.3298,34.9098#38.71#29.26#32.03
-95.275,34.9099#38.58#29.26#32.16
-95.2201,34.91#38.45#29.26#32.29
-95.1653,34.91#38.32#29.26#32.42
-95.1104,34.9101#38.19#29.27#32.54
-95.0556,34.9101#38.05#29.27#32.68
-95.0008,34.9101#37.92#29.27#32.81
-94.9459,34.9101#37.79#29.27#32.94
-94.8911,34.9101#37.65#29.28#33.07
-94.8362,34.91#37.52#29.28#33.2
-94.7814,34.91#37.38#29.28#33.34
-94.7266,34.9099#37.25#29.28#33.47
-94.6717,34.9098#37.11#29.28#33.61
-94.6169,34.9097#36.98#29.29#33.73
-94.562,34.9095#36.84#29.29#33.87
-94.5072,34.9094#36.71#29.29#34
-94.4524,34.9092#36.57#29.29#34.14
-94.3975,34.909#36.43#29.3#34.27
-94.3427,34.9088#36.29#29.3#34.41
-94.2879,34.9086#36.15#29.3#34.55
-94.233,34.9083#36.01#29.3#34.69
-94.1782,34.9081#35.87#29.31#34.82
-94.1233,34.9078#35.73#29.31#34.96
-94.0685,34.9075#35.59#29.31#35.1
-94.0137,34.9072#35.45#29.32#35.23
-93.9588,34.9068#35.31#29.32#35.37
-93.904,34.9065#35.16#29.32#35.52
-93.8492,34.9061#35.02#29.32#35.66
-93.7943,34.9057#34.88#29.33#35.79
-93.7395,34.9053#34.73#29.33#35.94
-93.6847,34.9049#34.59#29.33#36.08
-93.6298,34.9044#34.45#29.33#36.22
-93.575,34.904#34.3#29.34#36.36
-93.5202,34.9035#34.16#29.34#36.5
-93.4653,34.903#34.01#29.34#36.65
-93.4105,34.9025#33.87#29.34#36.79
-93.3557,34.9019#33.72#29.35#36.93
-93.3008,34.9014#33.57#29.35#37.08
-93.246,34.9008#33.43#29.35#37.22
-93.1912,34.9002#33.28#29.35#37.37
-99.2237,34.9011#48.95#29.81#21.24
-99.1689,34.9025#48.81#29.86#21.33
-99.1141,34.9039#48.67#29.91#21.42
-99.0593,34.9053#48.53#29.96#21.51
-99.0044,34.9066#48.39#30#21.61
-98.9496,34.9079#48.23#30.03#21.74
-98.8948,34.9092#48.08#30.06#21.86
-98.84,34.9105#47.92#30.08#22
-98.7852,34.9118#47.77#30.1#22.13
-98.7304,34.913#47.61#30.13#22.26
-98.6755,34.9142#47.45#30.15#22.4
-98.6207,34.9154#47.3#30.18#22.52
-98.5659,34.9166#47.14#30.2#22.66
-98.5111,34.9178#46.99#30.23#22.78
-98.4563,34.919#46.83#30.2#22.97
-98.4014,34.9201#46.67#30.16#23.17
-98.3466,34.9212#46.52#30.12#23.36
-98.2918,34.9223#46.36#30.08#23.56
-98.2369,34.9234#46.2#30.04#23.76
-98.1821,34.9245#46.05#30#23.95
-98.1273,34.9255#45.89#29.96#24.15
-98.0724,34.9265#45.73#29.91#24.36
-98.0176,34.9276#45.58#29.87#24.55
-97.9628,34.9285#45.42#29.83#24.75
-97.9079,34.9295#45.27#29.78#24.95
-97.8531,34.9305#45.11#29.73#25.16
-97.7983,34.9314#44.96#29.69#25.35
-97.7434,34.9323#44.8#29.64#25.56
-97.6886,34.9332#44.65#29.59#25.76
-97.6338,34.9341#44.5#29.54#25.96
-97.5789,34.935#44.34#29.5#26.16
-97.5241,34.9358#44.19#29.45#26.36
-97.4692,34.9367#44.04#29.42#26.54
-97.4144,34.9375#43.89#29.4#26.71
-97.3595,34.9383#43.74#29.39#26.87
-97.3047,34.939#43.59#29.37#27.04
-97.2499,34.9398#43.45#29.35#27.2
-97.195,34.9405#43.3#29.34#27.36
-97.1402,34.9412#43.15#29.32#27.53
-97.0853,34.9419#43#29.3#27.7
-97.0305,34.9426#42.86#29.29#27.85
-96.9756,34.9433#42.7#29.28#28.02
-96.9208,34.9439#42.55#29.27#28.18
-96.8659,34.9446#42.39#29.27#28.34
-96.8111,34.9452#42.24#29.26#28.5
-96.7562,34.9458#42.08#29.26#28.66
-96.7014,34.9463#41.93#29.25#28.82
-96.6465,34.9469#41.77#29.25#28.98
-96.5917,34.9474#41.62#29.24#29.14
-96.5368,34.9479#41.46#29.24#29.3
-96.4819,34.9484#41.31#29.24#29.45
-96.4271,34.9489#41.17#29.24#29.59
-96.3722,34.9494#41.02#29.24#29.74
-96.3174,34.9498#40.87#29.24#29.89
-96.2625,34.9503#40.72#29.24#30.04
-96.2077,34.9507#40.58#29.24#30.18
-96.1528,34.9511#40.43#29.24#30.33
-96.098,34.9514#40.28#29.23#30.49
-96.0431,34.9518#40.14#29.23#30.63
-95.9882,34.9521#40#29.24#30.76
-95.9334,34.9525#39.88#29.24#30.88
-95.8785,34.9528#39.76#29.24#31
-95.8237,34.953#39.64#29.24#31.12
-95.7688,34.9533#39.52#29.24#31.24
-95.7139,34.9535#39.4#29.24#31.36
-95.6591,34.9538#39.29#29.24#31.47
-95.6042,34.954#39.17#29.25#31.58
-95.5494,34.9542#39.05#29.25#31.7
-95.4945,34.9543#38.93#29.25#31.82
-95.4396,34.9545#38.8#29.25#31.95
-95.3848,34.9546#38.67#29.25#32.08
-95.3299,34.9548#38.54#29.26#32.2
-95.2751,34.9549#38.41#29.26#32.33
-95.2202,34.9549#38.28#29.26#32.46
-95.1653,34.955#38.15#29.26#32.59
-95.1105,34.9551#38.02#29.26#32.72
-95.0556,34.9551#37.89#29.27#32.84
-95.0008,34.9551#37.76#29.27#32.97
-94.9459,34.9551#37.62#29.27#33.11
-94.891,34.9551#37.49#29.27#33.24
-94.8362,34.955#37.35#29.28#33.37
-94.7813,34.9549#37.22#29.28#33.5
-94.7265,34.9549#37.08#29.28#33.64
-94.6716,34.9548#36.95#29.28#33.77
-94.6167,34.9546#36.81#29.29#33.9
-94.5619,34.9545#36.68#29.29#34.03
-94.507,34.9544#36.54#29.29#34.17
-94.4522,34.9542#36.4#29.29#34.31
-94.3973,34.954#36.26#29.3#34.44
-94.3424,34.9538#36.12#29.3#34.58
-94.2876,34.9536#35.98#29.3#34.72
-94.2327,34.9533#35.84#29.3#34.86
-94.1779,34.953#35.7#29.31#34.99
-94.123,34.9528#35.56#29.31#35.13
-94.0681,34.9525#35.42#29.31#35.27
-94.0133,34.9521#35.28#29.31#35.41
-93.9584,34.9518#35.14#29.32#35.54
-93.9036,34.9515#35#29.32#35.68
-93.8487,34.9511#34.85#29.32#35.83
-93.7938,34.9507#34.71#29.32#35.97
-93.739,34.9503#34.57#29.33#36.1
-93.6841,34.9499#34.42#29.33#36.25
-93.6293,34.9494#34.28#29.33#36.39
-93.5744,34.9489#34.14#29.33#36.53
-93.5196,34.9485#33.99#29.34#36.67
-93.4647,34.948#33.85#29.34#36.81
-93.4099,34.9474#33.7#29.34#36.96
-93.355,34.9469#33.56#29.35#37.09
-93.3002,34.9464#33.41#29.35#37.24
-93.2453,34.9458#33.26#29.35#37.39
-93.1905,34.9452#33.12#29.35#37.53
-93.1356,34.9446#32.97#29.36#37.67
-93.0808,34.944#32.82#29.36#37.82
-93.0259,34.9433#32.68#29.36#37.96
-92.9711,34.9426#32.53#29.36#38.11
-92.9162,34.942#32.38#29.37#38.25
-92.8614,34.9413#32.22#29.37#38.41
-92.8065,34.9405#32.07#29.37#38.56
-92.7517,34.9398#31.92#29.38#38.7
-92.6968,34.9391#31.76#29.38#38.86
-92.642,34.9383#31.61#29.38#39.01
-92.5871,34.9375#31.46#29.39#39.15
-92.5323,34.9367#31.31#29.39#39.3
-92.4774,34.9359#31.15#29.39#39.46
-92.4226,34.935#31#29.4#39.6
-92.3678,34.9341#30.84#29.41#39.75
-92.3129,34.9333#30.69#29.41#39.9
-92.2581,34.9324#30.53#29.42#40.05
-92.2032,34.9314#30.38#29.42#40.2
-92.1484,34.9305#30.22#29.43#40.35
-92.0936,34.9295#30.07#29.44#40.49
-92.0387,34.9286#29.91#29.44#40.65
-91.9839,34.9276#29.77#29.45#40.78
-91.9291,34.9266#29.64#29.47#40.89
-91.8742,34.9255#29.51#29.49#41
-91.8194,34.9245#29.39#29.5#41.11
-91.7646,34.9234#29.26#29.52#41.22
-91.7097,34.9224#29.14#29.54#41.32
-91.6549,34.9213#29.01#29.55#41.44
-91.6001,34.9201#28.88#29.57#41.55
-91.5453,34.919#28.76#29.58#41.66
-91.4904,34.9178#28.65#29.6#41.75
-91.4356,34.9167#28.61#29.64#41.75
-91.3808,34.9155#28.58#29.67#41.75
-91.326,34.9143#28.55#29.7#41.75
-91.2712,34.913#28.52#29.73#41.75
-91.2163,34.9118#28.48#29.76#41.76
-91.1615,34.9105#28.45#29.79#41.76
-91.1067,34.9093#28.42#29.82#41.76
-91.0519,34.908#28.38#29.85#41.77
-90.9971,34.9066#28.35#29.89#41.76
-90.9423,34.9053#28.36#29.93#41.71
-90.8874,34.9039#28.37#29.97#41.66
-90.8326,34.9026#28.38#30.02#41.6
-90.7778,34.9012#28.4#30.06#41.54
-100.705,34.9016#50.25#29.16#20.59
-100.65,34.9035#50.34#29.16#20.5
-100.596,34.9054#50.43#29.16#20.41
-100.541,34.9072#50.53#29.16#20.31
-100.486,34.9091#50.59#29.16#20.25
-100.431,34.9109#50.56#29.16#20.28
-100.376,34.9127#50.53#29.17#20.3
-100.322,34.9144#50.49#29.17#20.34
-100.267,34.9162#50.46#29.17#20.37
-100.212,34.9179#50.43#29.17#20.4
-100.157,34.9197#50.39#29.17#20.44
-100.102,34.9214#50.36#29.17#20.47
-100.048,34.923#50.32#29.18#20.5
-99.9929,34.9247#50.28#29.18#20.54
-99.9381,34.9263#50.18#29.22#20.6
-99.8833,34.928#50.08#29.27#20.65
-99.8284,34.9296#49.99#29.31#20.7
-99.7736,34.9312#49.89#29.35#20.76
-99.7188,34.9328#49.79#29.39#20.82
-99.664,34.9343#49.69#29.43#20.88
-99.6092,34.9358#49.59#29.47#20.94
-99.5544,34.9374#49.48#29.51#21.01
-99.4995,34.9389#49.38#29.55#21.07
-99.4447,34.9404#49.24#29.6#21.16
-99.3899,34.9418#49.1#29.65#21.25
-99.3351,34.9433#48.96#29.7#21.34
-99.2802,34.9447#48.82#29.75#21.43
-99.2254,34.9461#48.67#29.8#21.53
-99.1706,34.9475#48.53#29.85#21.62
-99.1157,34.9489#48.39#29.9#21.71
-99.0609,34.9502#48.25#29.95#21.8
-99.0061,34.9516#48.11#30#21.89
-98.9512,34.9529#47.95#30.03#22.02
-98.8964,34.9542#47.8#30.05#22.15
-98.8416,34.9555#47.64#30.07#22.29
-98.7867,34.9567#47.48#30.1#22.42
-98.7319,34.958#47.33#30.12#22.55
-98.677,34.9592#47.17#30.15#22.68
-98.6222,34.9604#47.02#30.17#22.81
-98.5673,34.9616#46.86#30.2#22.94
-98.5125,34.9628#46.7#30.22#23.08
-98.4577,34.9639#46.55#30.2#23.25
-98.4028,34.9651#46.39#30.16#23.45
-98.348,34.9662#46.23#30.11#23.66
-98.2931,34.9673#46.08#30.07#23.85
-98.2383,34.9684#45.92#30.03#24.05
-98.1834,34.9694#45.76#29.99#24.25
-98.1285,34.9705#45.61#29.95#24.44
-98.0737,34.9715#45.45#29.91#24.64
-98.0188,34.9725#45.29#29.87#24.84
-97.964,34.9735#45.14#29.83#25.03
-97.9091,34.9745#44.98#29.78#25.24
-97.8543,34.9754#44.83#29.73#25.44
-97.7994,34.9764#44.67#29.68#25.65
-97.7445,34.9773#44.52#29.64#25.84
-97.6897,34.9782#44.36#29.59#26.05
-97.6348,34.9791#44.21#29.54#26.25
-97.58,34.98#44.05#29.49#26.46
-97.5251,34.9808#43.9#29.45#26.65
-97.4702,34.9816#43.75#29.42#26.83
-97.4154,34.9824#43.6#29.4#27
-97.3605,34.9832#43.45#29.38#27.17
-97.3056,34.984#43.3#29.37#27.33
-97.2508,34.9848#43.15#29.35#27.5
-97.1959,34.9855#43#29.33#27.67
-97.141,34.9862#42.85#29.32#27.83
-97.0862,34.9869#42.7#29.3#28
-97.0313,34.9876#42.56#29.29#28.15
-96.9764,34.9883#42.41#29.27#28.32
-96.9215,34.9889#42.26#29.27#28.47
-96.8667,34.9895#42.11#29.26#28.63
-96.8118,34.9901#41.96#29.26#28.78
-96.7569,34.9907#41.81#29.26#28.93
-96.702,34.9913#41.66#29.25#29.09
-96.6472,34.9919#41.51#29.25#29.24
-96.5923,34.9924#41.36#29.24#29.4
-96.5374,34.9929#41.21#29.24#29.55
-96.4825,34.9934#41.06#29.23#29.71
-96.4277,34.9939#40.92#29.23#29.85
-96.3728,34.9944#40.78#29.23#29.99
-96.3179,34.9948#40.64#29.23#30.13
-96.263,34.9952#40.5#29.23#30.27
-96.2082,34.9957#40.36#29.23#30.41
-96.1533,34.996#40.22#29.23#30.55
-96.0984,34.9964#40.08#29.23#30.69
-96.0435,34.9968#39.94#29.23#30.83
-95.9886,34.9971#39.81#29.23#30.96
-95.9338,34.9974#39.69#29.23#31.08
-95.8789,34.9977#39.57#29.24#31.19
-95.824,34.998#39.46#29.24#31.3
-95.7691,34.9983#39.34#29.24#31.42
-95.7142,34.9985#39.22#29.24#31.54
-95.6594,34.9988#39.11#29.24#31.65
-95.6045,34.999#38.99#29.24#31.77
-95.5496,34.9992#38.88#29.25#31.87
-95.4947,34.9993#38.76#29.25#31.99
-95.4398,34.9995#38.63#29.25#32.12
-95.3849,34.9996#38.5#29.25#32.25
-95.3301,34.9997#38.37#29.25#32.38
-95.2752,34.9998#38.24#29.26#32.5
-95.2203,34.9999#38.11#29.26#32.63
-95.1654,35#37.98#29.26#32.76
-95.1105,35#37.85#29.26#32.89
-95.0556,35.0001#37.72#29.26#33.02
-95.0008,35.0001#37.59#29.27#33.14
-94.9459,35.0001#37.46#29.27#33.27
-94.891,35#37.32#29.27#33.41
-94.8361,35#37.19#29.27#33.54
-94.7812,34.9999#37.05#29.28#33.67
-94.7263,34.9998#36.92#29.28#33.8
-94.6715,34.9997#36.78#29.28#33.94
-94.6166,34.9996#36.65#29.28#34.07
-94.5617,34.9995#36.51#29.29#34.2
-94.5068,34.9993#36.38#29.29#34.33
-94.4519,34.9992#36.24#29.29#34.47
-94.397,34.999#36.1#29.29#34.61
-94.3422,34.9988#35.96#29.3#34.74
-94.2873,34.9985#35.82#29.3#34.88
-94.2324,34.9983#35.68#29.3#35.02
-94.1775,34.998#35.54#29.3#35.16
-94.1226,34.9977#35.4#29.31#35.29
-94.0678,34.9974#35.26#29.31#35.43
-94.0129,34.9971#35.12#29.31#35.57
-93.958,34.9968#34.97#29.31#35.72
-93.9031,34.9964#34.83#29.32#35.85
-93.8482,34.9961#34.69#29.32#35.99
-93.7934,34.9957#34.54#29.32#36.14
-93.7385,34.9953#34.4#29.33#36.27
-93.6836,34.9948#34.26#29.33#36.41
-93.6287,34.9944#34.11#29.33#36.56
-93.5738,34.9939#33.97#29.33#36.7
-93.519,34.9934#33.83#29.34#36.83
-93.4641,34.9929#33.68#29.34#36.98
-93.4092,34.9924#33.54#29.34#37.12
-93.3543,34.9919#33.39#29.34#37.27
-93.2995,34.9913#33.25#29.35#37.4
-93.2446,34.9908#33.1#29.35#37.55
-93.1897,34.9902#32.95#29.35#37.7
-93.1348,34.9896#32.81#29.35#37.84
-93.08,34.9889#32.66#29.36#37.98
-93.0251,34.9883#32.52#29.36#38.12
-92.9702,34.9876#32.37#29.36#38.27
-92.9154,34.9869#32.21#29.37#38.42
-92.8605,34.9862#32.06#29.37#38.57
-92.8056,34.9855#31.9#29.37#38.73
-92.7508,34.9848#31.75#29.38#38.87
-92.6959,34.984#31.6#29.38#39.02
-92.641,34.9833#31.44#29.38#39.18
-92.5862,34.9825#31.29#29.39#39.32
-92.5313,34.9817#31.13#29.39#39.48
-92.4764,34.9808#30.98#29.4#39.62
-92.4216,34.98#30.83#29.4#39.77
-92.3667,34.9791#30.68#29.41#39.91
-92.3118,34.9782#30.53#29.42#40.05
-92.257,34.9773#30.38#29.42#40.2
-92.2021,34.9764#30.23#29.43#40.34
-92.1473,34.9755#30.08#29.44#40.48
-92.0924,34.9745#29.93#29.45#40.62
-92.0375,34.9735#29.78#29.45#40.77
-91.9827,34.9726#29.63#29.46#40.91
-91.9278,34.9715#29.51#29.48#41.01
-91.873,34.9705#29.39#29.5#41.11
-91.8181,34.9695#29.26#29.52#41.22
-91.7633,34.9684#29.14#29.54#41.32
-91.7084,34.9673#29.01#29.56#41.43
-91.6536,34.9662#28.89#29.58#41.53
-91.5987,34.9651#28.77#29.6#41.63
-91.5439,34.964#28.64#29.61#41.75
-91.489,34.9628#28.54#29.64#41.82
-91.4342,34.9616#28.51#29.67#41.82
-91.3793,34.9604#28.48#29.7#41.82
-91.3245,34.9592#28.45#29.74#41.81
-91.2696,34.958#28.43#29.77#41.8
-91.2148,34.9568#28.4#29.81#41.79
-91.16,34.9555#28.37#29.84#41.79
-91.1051,34.9542#28.34#29.87#41.79
-91.0503,34.9529#28.31#29.91#41.78
-90.9954,34.9516#28.29#29.94#41.77
-90.9406,34.9503#28.3#29.99#41.71
-90.8858,34.9489#28.32#30.03#41.65
-90.8309,34.9475#28.33#30.08#41.59
-90.7761,34.9461#28.35#30.12#41.53
-90.7213,34.9447#28.36#30.17#41.47
-90.6665,34.9433#28.37#30.21#41.42
-90.6116,34.9419#28.39#30.26#41.35
-90.5568,34.9404#28.4#30.3#41.3
-90.502,34.9389#28.41#30.35#41.24
-90.4472,34.9374#28.41#30.4#41.19
-90.3923,34.9359#28.4#30.45#41.15
-90.3375,34.9344#28.38#30.5#41.12
-90.2827,34.9328#28.37#30.55#41.08
-90.2279,34.9312#28.36#30.6#41.04
-90.1731,34.9296#28.35#30.64#41.01
-90.1183,34.928#28.34#30.69#40.97
-90.0635,34.9264#28.33#30.74#40.93
-90.0086,34.9247#28.32#30.79#40.89
-89.9538,34.9231#28.3#30.85#40.85
-89.899,34.9214#28.27#30.91#40.82
-89.8442,34.9197#28.24#30.97#40.79
-89.7894,34.918#28.21#31.04#40.75
-89.7346,34.9162#28.19#31.1#40.71
-89.6798,34.9145#28.16#31.16#40.68
-89.625,34.9127#28.13#31.22#40.65
-89.5702,34.9109#28.1#31.28#40.62
-89.5154,34.9091#28.08#31.34#40.58
-89.4606,34.9073#28.02#31.4#40.58
-89.4058,34.9054#27.94#31.45#40.61
-89.3511,34.9036#27.87#31.51#40.62
-89.2963,34.9017#27.8#31.57#40.63
-101.913,34.9006#47.28#29.11#23.61
-101.858,34.9028#47.42#29.12#23.46
-101.803,34.9051#47.57#29.12#23.31
-101.749,34.9074#47.71#29.12#23.17
-101.694,34.9096#47.85#29.12#23.03
-101.639,34.9118#47.99#29.12#22.89
-101.584,34.914#48.13#29.12#22.75
-101.529,34.9162#48.27#29.13#22.6
-101.475,34.9183#48.41#29.13#22.46
-101.42,34.9205#48.54#29.13#22.33
-101.365,34.9226#48.66#29.13#22.21
-101.31,34.9247#48.79#29.13#22.08
-101.256,34.9268#48.92#29.13#21.95
-101.201,34.9288#49.05#29.14#21.81
-101.146,34.9309#49.17#29.14#21.69
-101.091,34.9329#49.3#29.14#21.56
-101.036,34.9349#49.43#29.14#21.43
-100.982,34.9369#49.55#29.14#21.31
-100.927,34.9389#49.64#29.14#21.22
-100.872,34.9408#49.74#29.15#21.11
-100.817,34.9428#49.84#29.15#21.01
-100.762,34.9447#49.94#29.15#20.91
-100.708,34.9466#50.04#29.15#20.81
-100.653,34.9485#50.14#29.15#20.71
-100.598,34.9503#50.24#29.15#20.61
-100.543,34.9522#50.34#29.16#20.5
-100.488,34.954#50.41#29.16#20.43
-100.433,34.9558#50.37#29.16#20.47
-100.379,34.9576#50.34#29.16#20.5
-100.324,34.9594#50.3#29.16#20.54
-100.269,34.9611#50.27#29.16#20.57
-100.214,34.9629#50.23#29.17#20.6
-100.159,34.9646#50.19#29.17#20.64
-100.105,34.9663#50.16#29.17#20.67
-100.05,34.968#50.12#29.17#20.71
-99.9949,34.9697#50.07#29.18#20.75
-99.9401,34.9713#49.97#29.22#20.81
-99.8852,34.9729#49.86#29.26#20.88
-99.8304,34.9745#49.76#29.3#20.94
-99.7756,34.9761#49.65#29.34#21.01
-99.7207,34.9777#49.55#29.38#21.07
-99.6659,34.9793#49.44#29.42#21.14
-99.611,34.9808#49.33#29.46#21.21
-99.5562,34.9823#49.23#29.51#21.26
-99.5013,34.9838#49.12#29.55#21.33
-99.4465,34.9853#48.97#29.6#21.43
-99.3917,34.9868#48.83#29.65#21.52
-99.3368,34.9882#48.69#29.69#21.62
-99.282,34.9896#48.54#29.74#21.72
-99.2271,34.9911#48.4#29.79#21.81
-99.1723,34.9925#48.26#29.84#21.9
-99.1174,34.9938#48.11#29.89#22
-99.0625,34.9952#47.97#29.94#22.09
-99.0077,34.9965#47.83#29.99#22.18
-98.9528,34.9978#47.67#30.02#22.31
-98.898,34.9991#47.51#30.04#22.45
-98.8431,35.0004#47.36#30.07#22.57
-98.7882,35.0017#47.2#30.09#22.71
-98.7334,35.0029#47.05#30.12#22.83
-98.6785,35.0042#46.89#30.14#22.97
-98.6237,35.0054#46.73#30.17#23.1
-98.5688,35.0066#46.58#30.19#23.23
-98.5139,35.0077#46.42#30.22#23.36
-98.4591,35.0089#46.26#30.19#23.55
-98.4042,35.01#46.11#30.15#23.74
-98.3493,35.0112#45.95#30.11#23.94
-98.2944,35.0123#45.79#30.07#24.14
-98.2396,35.0133#45.64#30.03#24.33
-98.1847,35.0144#45.48#29.99#24.53
-98.1298,35.0155#45.32#29.95#24.73
-98.0749,35.0165#45.17#29.91#24.92
-98.0201,35.0175#45.01#29.87#25.12
-97.9652,35.0185#44.85#29.82#25.33
-97.9103,35.0195#44.7#29.78#25.52
-97.8554,35.0204#44.54#29.73#25.73
-97.8005,35.0214#44.39#29.68#25.93
-97.7457,35.0223#44.23#29.63#26.14
-97.6908,35.0232#44.08#29.59#26.33
-97.6359,35.0241#43.92#29.54#26.54
-97.581,35.0249#43.77#29.49#26.74
-97.5261,35.0258#43.61#29.44#26.95
-97.4712,35.0266#43.46#29.41#27.13
-97.4163,35.0274#43.31#29.4#27.29
-97.3615,35.0282#43.16#29.38#27.46
-97.3066,35.029#43.01#29.36#27.63
-97.2517,35.0297#42.86#29.35#27.79
-97.1968,35.0305#42.71#29.33#27.96
-97.1419,35.0312#42.56#29.32#28.12
-97.087,35.0319#42.41#29.3#28.29
-97.0321,35.0326#42.26#29.28#28.46
-96.9772,35.0332#42.11#29.27#28.62
-96.9223,35.0339#41.96#29.27#28.77
-96.8674,35.0345#41.82#29.26#28.92
-96.8125,35.0351#41.67#29.26#29.07
-96.7576,35.0357#41.53#29.25#29.22
-96.7027,35.0363#41.39#29.25#29.36
-96.6478,35.0368#41.24#29.24#29.52
-96.5929,35.0374#41.1#29.24#29.66
-96.538,35.0379#40.96#29.24#29.8
-96.4831,35.0384#40.82#29.23#29.95
-96.4282,35.0389#40.68#29.23#30.09
-96.3733,35.0393#40.55#29.23#30.22
-96.3184,35.0398#40.41#29.23#30.36
-96.2635,35.0402#40.28#29.23#30.49
-96.2086,35.0406#40.14#29.23#30.63
-96.1537,35.041#40.01#29.23#30.76
-96.0988,35.0414#39.88#29.23#30.89
-96.0439,35.0417#39.74#29.23#31.03
-95.989,35.0421#39.61#29.23#31.16
-95.9341,35.0424#39.5#29.23#31.27
-95.8792,35.0427#39.38#29.23#31.39
-95.8243,35.043#39.27#29.24#31.49
-95.7694,35.0432#39.16#29.24#31.6
-95.7145,35.0435#39.04#29.24#31.72
-95.6596,35.0437#38.93#29.24#31.83
-95.6047,35.0439#38.82#29.24#31.94
-95.5498,35.0441#38.7#29.24#32.06
-95.4949,35.0443#38.59#29.25#32.16
-95.44,35.0445#38.46#29.25#32.29
-95.3851,35.0446#38.33#29.25#32.42
-95.3302,35.0447#38.2#29.25#32.55
-95.2753,35.0448#38.07#29.25#32.68
-95.2204,35.0449#37.94#29.26#32.8
-95.1655,35.045#37.81#29.26#32.93
-95.1106,35.045#37.69#29.26#33.05
-95.0557,35.045#37.56#29.26#33.18
-95.0008,35.045#37.43#29.27#33.3
-94.9459,35.045#37.29#29.27#33.44
-94.8909,35.045#37.16#29.27#33.57
-94.836,35.045#37.02#29.27#33.71
-94.7811,35.0449#36.89#29.28#33.83
-94.7262,35.0448#36.75#29.28#33.97
-94.6713,35.0447#36.62#29.28#34.1
-94.6164,35.0446#36.48#29.28#34.24
-94.5615,35.0445#36.35#29.29#34.36
-94.5066,35.0443#36.21#29.29#34.5
-94.4517,35.0441#36.07#29.29#34.64
-94.3968,35.0439#35.93#29.29#34.78
-94.3419,35.0437#35.79#29.3#34.91
-94.287,35.0435#35.65#29.3#35.05
-94.2321,35.0433#35.51#29.3#35.19
-94.1772,35.043#35.37#29.3#35.33
-94.1223,35.0427#35.23#29.31#35.46
-94.0674,35.0424#35.09#29.31#35.6
-94.0125,35.0421#34.95#29.31#35.74
-93.9576,35.0418#34.81#29.31#35.88
-93.9027,35.0414#34.66#29.32#36.02
-93.8478,35.041#34.52#29.32#36.16
-93.7929,35.0406#34.38#29.32#36.3
-93.738,35.0402#34.23#29.32#36.45
-93.6831,35.0398#34.09#29.33#36.58
-93.6282,35.0394#33.95#29.33#36.72
-93.5733,35.0389#33.81#29.33#36.86
-93.5184,35.0384#33.66#29.33#37.01
-93.4635,35.0379#33.52#29.34#37.14
-93.4086,35.0374#33.37#29.34#37.29
-93.3537,35.0369#33.23#29.34#37.43
-93.2988,35.0363#33.08#29.35#37.57
-93.2439,35.0357#32.94#29.35#37.71
-93.189,35.0351#32.79#29.35#37.86
-93.1341,35.0345#32.64#29.35#38.01
-93.0792,35.0339#32.5#29.36#38.14
-93.0243,35.0332#32.35#29.36#38.29
-92.9694,35.0326#32.2#29.36#38.44
-92.9145,35.0319#32.05#29.37#38.58
-92.8596,35.0312#31.89#29.37#38.74
-92.8047,35.0305#31.74#29.37#38.89
-92.7498,35.0297#31.58#29.38#39.04
-92.695,35.029#31.43#29.38#39.19
-92.6401,35.0282#31.27#29.38#39.35
-92.5852,35.0274#31.12#29.39#39.49
-92.5303,35.0266#30.96#29.39#39.65
-92.4754,35.0258#30.81#29.4#39.79
-92.4205,35.0249#30.66#29.4#39.94
-92.3656,35.0241#30.52#29.41#40.07
-92.3107,35.0232#30.37#29.42#40.21
-92.2559,35.0223#30.23#29.43#40.34
-92.201,35.0214#30.08#29.44#40.48
-92.1461,35.0204#29.93#29.45#40.62
-92.0912,35.0195#29.79#29.46#40.75
-92.0363,35.0185#29.64#29.46#40.9
-91.9815,35.0175#29.5#29.48#41.02
-91.9266,35.0165#29.38#29.5#41.12
-91.8717,35.0155#29.26#29.52#41.22
-91.8168,35.0144#29.14#29.54#41.32
-91.762,35.0134#29.02#29.56#41.42
-91.7071,35.0123#28.89#29.58#41.53
-91.6522,35.0112#28.77#29.6#41.63
-91.5973,35.0101#28.65#29.62#41.73
-91.5425,35.0089#28.53#29.64#41.83
-91.4876,35.0078#28.43#29.67#41.9
-91.4327,35.0066#28.41#29.71#41.88
-91.3779,35.0054#28.39#29.74#41.87
-91.323,35.0042#28.36#29.78#41.86
-91.2681,35.003#28.34#29.82#41.84
-91.2133,35.0017#28.31#29.85#41.84
-91.1584,35.0005#28.29#29.89#41.82
-91.1035,34.9992#28.27#29.92#41.81
-91.0487,34.9979#28.24#29.96#41.8
-90.9938,34.9966#28.22#30#41.78
-90.939,34.9952#28.24#30.05#41.71
-90.8841,34.9939#28.26#30.09#41.65
-90.8293,34.9925#28.28#30.14#41.58
-90.7744,34.9911#28.3#30.19#41.51
-90.7196,34.9897#28.31#30.23#41.46
-90.6647,34.9883#28.33#30.28#41.39
-90.6099,34.9868#28.35#30.33#41.32
-90.555,34.9853#28.37#30.38#41.25
-90.5002,34.9839#28.38#30.42#41.2
-90.4453,34.9824#28.37#30.47#41.16
-90.3905,34.9808#28.37#30.52#41.11
-90.3356,34.9793#28.36#30.57#41.07
-90.2808,34.9778#28.35#30.62#41.03
-90.226,34.9762#28.34#30.67#40.99
-90.1711,34.9746#28.33#30.72#40.95
-90.1163,34.973#28.32#30.77#40.91
-90.0615,34.9713#28.31#30.82#40.87
-90.0066,34.9697#28.3#30.87#40.83
-89.9518,34.968#28.28#30.93#40.79
-89.897,34.9664#28.25#31#40.75
-89.8421,34.9647#28.23#31.06#40.71
-89.7873,34.9629#28.2#31.12#40.68
-89.7325,34.9612#28.18#31.18#40.64
-89.6777,34.9594#28.15#31.25#40.6
-89.6228,34.9577#28.12#31.31#40.57
-89.568,34.9559#28.1#31.37#40.53
-89.5132,34.9541#28.07#31.43#40.5
-89.4584,34.9522#28.01#31.49#40.5
-89.4036,34.9504#27.94#31.55#40.51
-89.3488,34.9485#27.86#31.61#40.53
-89.294,34.9466#27.79#31.67#40.54
-89.2392,34.9447#27.72#31.73#40.55
-89.1844,34.9428#27.65#31.79#40.56
-89.1295,34.9409#27.57#31.85#40.58
-89.0747,34.9389#27.5#31.91#40.59
-89.0199,34.937#27.43#31.97#40.6
-88.9651,34.935#27.38#32.04#40.58
-88.9104,34.933#27.35#32.13#40.52
-88.8556,34.9309#27.32#32.21#40.47
-88.8008,34.9289#27.29#32.3#40.41
-88.746,34.9268#27.26#32.38#40.36
-88.6912,34.9247#27.23#32.46#40.31
-88.6364,34.9226#27.2#32.55#40.25
-88.5816,34.9205#27.17#32.63#40.2
-88.5268,34.9184#27.14#32.71#40.15
-88.4721,34.9162#27.13#32.8#40.07
-88.4173,34.914#27.15#32.89#39.96
-88.3625,34.9119#27.17#32.98#39.85
-88.3077,34.9096#27.19#33.08#39.73
-88.253,34.9074#27.22#33.17#39.61
-88.1982,34.9052#27.24#33.26#39.5
-88.1434,34.9029#27.26#33.35#39.39
-88.0887,34.9006#27.28#33.43#39.29
-102.901,34.9013#43.75#29.08#27.17
-102.847,34.9039#43.96#29.08#26.96
-102.792,34.9065#44.17#29.08#26.75
-102.737,34.9091#44.38#29.08#26.54
-102.682,34.9116#44.59#29.09#26.32
-102.628,34.9141#44.79#29.09#26.12
-102.573,34.9167#45#29.09#25.91
-102.518,34.9192#45.21#29.09#25.7
-102.463,34.9216#45.39#29.09#25.52
-102.409,34.9241#45.57#29.09#25.34
-102.354,34.9266#45.74#29.09#25.17
-102.299,34.929#45.91#29.1#24.99
-102.244,34.9314#46.08#29.1#24.82
-102.19,34.9338#46.25#29.1#24.65
-102.135,34.9362#46.42#29.1#24.48
-102.08,34.9385#46.59#29.1#24.31
-102.025,34.9409#46.75#29.1#24.15
-101.97,34.9432#46.91#29.11#23.98
-101.916,34.9455#47.05#29.11#23.84
-101.861,34.9478#47.19#29.11#23.7
-101.806,34.95#47.33#29.11#23.56
-101.751,34.9523#47.47#29.11#23.42
-101.696,34.9545#47.61#29.11#23.28
-101.642,34.9567#47.75#29.12#23.13
-101.587,34.9589#47.89#29.12#22.99
-101.532,34.9611#48.03#29.12#22.85
-101.477,34.9632#48.17#29.12#22.71
-101.422,34.9654#48.29#29.12#22.59
-101.368,34.9675#48.42#29.12#22.46
-101.313,34.9696#48.55#29.13#22.32
-101.258,34.9717#48.67#29.13#22.2
-101.203,34.9738#48.8#29.13#22.07
-101.148,34.9758#48.93#29.13#21.94
-101.094,34.9778#49.06#29.13#21.81
-101.039,34.9798#49.18#29.13#21.69
-100.984,34.9818#49.3#29.14#21.56
-100.929,34.9838#49.41#29.14#21.45
-100.874,34.9858#49.51#29.14#21.35
-100.82,34.9877#49.62#29.14#21.24
-100.765,34.9896#49.72#29.14#21.14
-100.71,34.9915#49.83#29.14#21.03
-100.655,34.9934#49.93#29.15#20.92
-100.6,34.9953#50.04#29.15#20.81
-100.545,34.9971#50.15#29.15#20.7
-100.491,34.999#50.23#29.15#20.62
-100.436,35.0008#50.19#29.15#20.66
-100.381,35.0026#50.15#29.16#20.69
-100.326,35.0043#50.11#29.16#20.73
-100.271,35.0061#50.07#29.16#20.77
-100.216,35.0078#50.03#29.16#20.81
-100.161,35.0095#49.99#29.16#20.85
-100.107,35.0112#49.95#29.16#20.89
-100.052,35.0129#49.91#29.17#20.92
-99.9969,35.0146#49.87#29.17#20.96
-99.9421,35.0162#49.76#29.21#21.03
-99.8872,35.0179#49.65#29.25#21.1
-99.8323,35.0195#49.53#29.29#21.18
-99.7775,35.0211#49.42#29.33#21.25
-99.7226,35.0227#49.31#29.38#21.31
-99.6678,35.0242#49.19#29.42#21.39
-99.6129,35.0257#49.08#29.46#21.46
-99.558,35.0273#48.97#29.5#21.53
-99.5032,35.0288#48.85#29.54#21.61
-99.4483,35.0303#48.71#29.59#21.7
-99.3934,35.0317#48.56#29.64#21.8
-99.3386,35.0332#48.42#29.69#21.89
-99.2837,35.0346#48.27#29.74#21.99
-99.2288,35.036#48.13#29.79#22.08
-99.1739,35.0374#47.98#29.84#22.18
-99.1191,35.0388#47.84#29.89#22.27
-99.0642,35.0401#47.69#29.94#22.37
-99.0093,35.0415#47.55#29.98#22.47
-98.9544,35.0428#47.39#30.01#22.6
-98.8995,35.0441#47.23#30.04#22.73
-98.8447,35.0454#47.08#30.06#22.86
-98.7898,35.0466#46.92#30.09#22.99
-98.7349,35.0479#46.76#30.11#23.13
-98.68,35.0491#46.61#30.14#23.25
-98.6251,35.0503#46.45#30.16#23.39
-98.5702,35.0515#46.3#30.19#23.51
-98.5153,35.0527#46.14#30.21#23.65
-98.4605,35.0539#45.98#30.19#23.83
-98.4056,35.055#45.82#30.15#24.03
-98.3507,35.0561#45.67#30.11#24.22
-98.2958,35.0572#45.51#30.07#24.42
-98.2409,35.0583#45.35#30.03#24.62
-98.186,35.0594#45.2#29.99#24.81
-98.1311,35.0604#45.04#29.95#25.01
-98.0762,35.0614#44.88#29.91#25.21
-98.0213,35.0624#44.72#29.87#25.41
-97.9664,35.0634#44.57#29.82#25.61
-97.9115,35.0644#44.41#29.77#25.82
-97.8566,35.0654#44.26#29.73#26.01
-97.8017,35.0663#44.1#29.68#26.22
-97.7468,35.0672#43.94#29.63#26.43
-97.6919,35.0681#43.79#29.58#26.63
-97.637,35.069#43.63#29.54#26.83
-97.582,35.0699#43.48#29.49#27.03
-97.5271,35.0707#43.32#29.44#27.24
-97.4722,35.0716#43.17#29.41#27.42
-97.4173,35.0724#43.02#29.39#27.59
-97.3624,35.0732#42.86#29.38#27.76
-97.3075,35.0739#42.71#29.36#27.93
-97.2526,35.0747#42.56#29.35#28.09
-97.1977,35.0754#42.41#29.33#28.26
-97.1428,35.0761#42.26#29.31#28.43
-97.0878,35.0768#42.11#29.3#28.59
-97.0329,35.0775#41.96#29.28#28.76
-96.978,35.0782#41.81#29.27#28.92
-96.9231,35.0788#41.67#29.26#29.07
-96.8682,35.0795#41.53#29.26#29.21
-96.8133,35.0801#41.39#29.26#29.35
-96.7583,35.0807#41.25#29.25#29.5
-96.7034,35.0812#41.12#29.25#29.63
-96.6485,35.0818#40.98#29.24#29.78
-96.5936,35.0823#40.84#29.24#29.92
-96.5387,35.0829#40.7#29.23#30.07
-96.4837,35.0834#40.57#29.23#30.2
-96.4288,35.0838#40.44#29.23#30.33
-96.3739,35.0843#40.31#29.23#30.46
-96.319,35.0848#40.18#29.23#30.59
-96.2641,35.0852#40.05#29.23#30.72
-96.2091,35.0856#39.93#29.23#30.84
-96.1542,35.086#39.8#29.23#30.97
-96.0993,35.0864#39.67#29.23#31.1
-96.0444,35.0867#39.54#29.23#31.23
-95.9894,35.087#39.42#29.23#31.35
-95.9345,35.0874#39.31#29.23#31.46
-95.8796,35.0877#39.2#29.23#31.57
-95.8247,35.0879#39.08#29.23#31.69
-95.7697,35.0882#38.97#29.24#31.79
-95.7148,35.0885#38.86#29.24#31.9
-95.6599,35.0887#38.75#29.24#32.01
-95.605,35.0889#38.64#29.24#32.12
-95.55,35.0891#38.53#29.24#32.23
-95.4951,35.0893#38.42#29.24#32.34
-95.4402,35.0894#38.29#29.25#32.46
-95.3853,35.0896#38.16#29.25#32.59
-95.3303,35.0897#38.03#29.25#32.72
-95.2754,35.0898#37.9#29.25#32.85
-95.2205,35.0899#37.77#29.25#32.98
-95.1655,35.0899#37.65#29.26#33.09
-95.1106,35.09#37.52#29.26#33.22
-95.0557,35.09#37.39#29.26#33.35
-95.0008,35.09#37.26#29.26#33.48
-94.9458,35.09#37.13#29.27#33.6
-94.8909,35.09#36.99#29.27#33.74
-94.836,35.0899#36.86#29.27#33.87
-94.781,35.0899#36.72#29.27#34.01
-94.7261,35.0898#36.59#29.28#34.13
-94.6712,35.0897#36.45#29.28#34.27
-94.6163,35.0896#36.32#29.28#34.4
-94.5613,35.0894#36.18#29.28#34.54
-94.5064,35.0893#36.05#29.29#34.66
-94.4515,35.0891#35.91#29.29#34.8
-94.3966,35.0889#35.77#29.29#34.94
-94.3416,35.0887#35.63#29.29#35.08
-94.2867,35.0885#35.49#29.3#35.21
-94.2318,35.0882#35.35#29.3#35.35
-94.1769,35.088#35.21#29.3#35.49
-94.1219,35.0877#35.07#29.3#35.63
-94.067,35.0874#34.93#29.31#35.76
-94.0121,35.0871#34.79#29.31#35.9
-93.9572,35.0867#34.64#29.31#36.05
-93.9022,35.0864#34.5#29.31#36.19
-93.8473,35.086#34.36#29.32#36.32
-93.7924,35.0856#34.21#29.32#36.47
-93.7375,35.0852#34.07#29.32#36.61
-93.6825,35.0848#33.93#29.33#36.74
-93.6276,35.0843#33.78#29.33#36.89
-93.5727,35.0839#33.64#29.33#37.03
-93.5178,35.0834#33.5#29.33#37.17
-93.4628,35.0829#33.35#29.34#37.31
-93.4079,35.0824#33.21#29.34#37.45
-93.353,35.0818#33.06#29.34#37.6
-93.2981,35.0813#32.92#29.34#37.74
-93.2432,35.0807#32.77#29.35#37.88
-93.1883,35.0801#32.63#29.35#38.02
-93.1333,35.0795#32.48#29.35#38.17
-93.0784,35.0789#32.34#29.36#38.3
-93.0235,35.0782#32.19#29.36#38.45
-92.9686,35.0775#32.04#29.36#38.6
-92.9137,35.0769#31.88#29.36#38.76
-92.8588,35.0762#31.73#29.37#38.9
-92.8038,35.0754#31.57#29.37#39.06
-92.7489,35.0747#31.41#29.38#39.21
-92.694,35.074#31.26#29.38#39.36
-92.6391,35.0732#31.1#29.38#39.52
-92.5842,35.0724#30.94#29.39#39.67
-92.5293,35.0716#30.79#29.39#39.82
-92.4744,35.0707#30.64#29.4#39.96
-92.4195,35.0699#30.5#29.41#40.09
-92.3646,35.069#30.36#29.42#40.22
-92.3097,35.0682#30.21#29.43#40.36
-92.2547,35.0673#30.07#29.44#40.49
-92.1998,35.0663#29.93#29.45#40.62
-92.1449,35.0654#29.79#29.46#40.75
-92.09,35.0644#29.65#29.46#40.89
-92.0351,35.0635#29.5#29.47#41.03
-91.9802,35.0625#29.37#29.49#41.14
-91.9253,35.0615#29.25#29.51#41.24
-91.8704,35.0604#29.13#29.54#41.33
-91.8155,35.0594#29.01#29.56#41.43
-91.7606,35.0583#28.89#29.58#41.53
-91.7057,35.0572#28.78#29.61#41.61
-91.6509,35.0561#28.66#29.63#41.71
-91.596,35.055#28.54#29.65#41.81
-91.5411,35.0539#28.42#29.67#41.91
-91.4862,35.0527#28.32#29.7#41.98
-91.4313,35.0516#28.31#29.74#41.95
-91.3764,35.0504#28.29#29.78#41.93
-91.3215,35.0492#28.27#29.82#41.91
-91.2666,35.0479#28.25#29.86#41.89
-91.2117,35.0467#28.23#29.9#41.87
-91.1569,35.0454#28.21#29.94#41.85
-91.102,35.0441#28.19#29.97#41.84
-91.0471,35.0428#28.17#30.01#41.82
-90.9922,35.0415#28.16#30.05#41.79
-90.9373,35.0402#28.18#30.1#41.72
-90.8824,35.0388#28.2#30.15#41.65
-90.8276,35.0374#28.22#30.2#41.58
-90.7727,35.036#28.25#30.25#41.5
-90.7178,35.0346#28.27#30.3#41.43
-90.663,35.0332#28.29#30.35#41.36
-90.6081,35.0318#28.31#30.4#41.29
-90.5532,35.0303#28.33#30.45#41.22
-90.4983,35.0288#28.35#30.5#41.15
-90.4435,35.0273#28.34#30.55#41.11
-90.3886,35.0258#28.34#30.6#41.06
-90.3337,35.0243#28.33#30.65#41.02
-90.2789,35.0227#28.32#30.7#40.98
-90.224,35.0211#28.32#30.75#40.93
-90.1692,35.0195#28.31#30.8#40.89
-90.1143,35.0179#28.3#30.85#40.85
-90.0595,35.0163#28.3#30.9#40.8
-90.0046,35.0146#28.29#30.95#40.76
-89.9497,35.013#28.26#31.01#40.73
-89.8949,35.0113#28.24#31.08#40.68
-89.84,35.0096#28.21#31.14#40.65
-89.7852,35.0079#28.19#31.21#40.6
-89.7304,35.0061#28.16#31.27#40.57
-89.6755,35.0044#28.14#31.34#40.52
-89.6207,35.0026#28.11#31.4#40.49
-89.5658,35.0008#28.09#31.46#40.45
-89.511,34.999#28.06#31.53#40.41
-89.4562,34.9972#28#31.59#40.41
-89.4013,34.9953#27.93#31.65#40.42
-89.3465,34.9935#27.85#31.71#40.44
-89.2917,34.9916#27.78#31.77#40.45
-89.2368,34.9897#27.71#31.83#40.46
-89.182,34.9878#27.64#31.89#40.47
-89.1272,34.9858#27.57#31.95#40.48
-89.0723,34.9839#27.49#32.01#40.5
-89.0175,34.9819#27.42#32.07#40.51
-88.9627,34.9799#27.38#32.15#40.47
-88.9079,34.9779#27.35#32.25#40.4
-88.8531,34.9759#27.32#32.34#40.34
-88.7983,34.9738#27.29#32.43#40.28
-88.7434,34.9717#27.26#32.52#40.22
-88.6886,34.9697#27.23#32.6#40.17
-88.6338,34.9676#27.2#32.69#40.11
-88.579,34.9654#27.17#32.78#40.05
-88.5242,34.9633#27.14#32.87#39.99
-88.4694,34.9611#27.14#32.96#39.9
-88.4146,34.959#27.16#33.06#39.78
-88.3598,34.9568#27.19#33.16#39.65
-88.305,34.9546#27.21#33.26#39.53
-88.2502,34.9523#27.23#33.36#39.41
-88.1954,34.9501#27.25#33.46#39.29
-88.1407,34.9478#27.27#33.55#39.18
-88.0859,34.9455#27.29#33.65#39.06
-88.0311,34.9432#27.32#33.74#38.94
-87.9763,34.9409#27.34#33.87#38.79
-87.9215,34.9386#27.37#34.02#38.61
-87.8667,34.9362#27.39#34.18#38.43
-87.812,34.9339#27.42#34.33#38.25
-87.7572,34.9315#27.45#34.49#38.06
-87.7024,34.9291#27.48#34.64#37.88
-87.6477,34.9266#27.5#34.8#37.7
-87.5929,34.9242#27.53#34.95#37.52
-87.5381,34.9217#27.56#35.11#37.33
-87.4834,34.9192#27.58#35.26#37.16
-87.4286,34.9167#27.61#35.42#36.97
-87.3739,34.9142#27.64#35.59#36.77
-87.3191,34.9117#27.67#35.75#36.58
-87.2644,34.9091#27.7#35.91#36.39
-87.2096,34.9065#27.72#36.07#36.21
-87.1549,34.904#27.75#36.23#36.02
-87.1001,34.9013#27.78#36.39#35.83
-103.78,34.9019#39.9#29.05#31.05
-103.726,34.9048#40.12#29.05#30.83
-103.671,34.9077#40.34#29.05#30.61
-103.616,34.9106#40.56#29.05#30.39
-103.562,34.9134#40.78#29.05#30.17
-103.507,34.9163#41#29.06#29.94
-103.452,34.9191#41.23#29.06#29.71
-103.397,34.9219#41.47#29.06#29.47
-103.343,34.9246#41.7#29.06#29.24
-103.288,34.9274#41.94#29.06#29
-103.233,34.9301#42.17#29.06#28.77
-103.178,34.9329#42.41#29.07#28.52
-103.124,34.9356#42.64#29.07#28.29
-103.069,34.9382#42.88#29.07#28.05
-103.014,34.9409#43.11#29.07#27.82
-102.959,34.9436#43.33#29.07#27.6
-102.905,34.9462#43.54#29.07#27.39
-102.85,34.9488#43.74#29.08#27.18
-102.795,34.9514#43.95#29.08#26.97
-102.74,34.954#44.16#29.08#26.76
-102.686,34.9565#44.37#29.08#26.55
-102.631,34.9591#44.58#29.08#26.34
-102.576,34.9616#44.79#29.08#26.13
-102.521,34.9641#45#29.08#25.92
-102.466,34.9666#45.18#29.09#25.73
-102.412,34.969#45.35#29.09#25.56
-102.357,34.9715#45.52#29.09#25.39
-102.302,34.9739#45.68#29.09#25.23
-102.247,34.9763#45.85#29.09#25.06
-102.192,34.9787#46.02#29.09#24.89
-102.138,34.9811#46.19#29.1#24.71
-102.083,34.9834#46.35#29.1#24.55
-102.028,34.9858#46.52#29.1#24.38
-101.973,34.9881#46.68#29.1#24.22
-101.918,34.9904#46.82#29.1#24.08
-101.864,34.9927#46.95#29.1#23.95
-101.809,34.995#47.09#29.11#23.8
-101.754,34.9972#47.23#29.11#23.66
-101.699,34.9994#47.37#29.11#23.52
-101.644,35.0016#47.51#29.11#23.38
-101.59,35.0038#47.65#29.11#23.24
-101.535,35.006#47.79#29.11#23.1
-101.48,35.0082#47.92#29.12#22.96
-101.425,35.0103#48.05#29.12#22.83
-101.37,35.0124#48.18#29.12#22.7
-101.315,35.0145#48.3#29.12#22.58
-101.261,35.0166#48.43#29.12#22.45
-101.206,35.0187#48.56#29.12#22.32
-101.151,35.0207#48.68#29.13#22.19
-101.096,35.0228#48.81#29.13#22.06
-101.041,35.0248#48.94#29.13#21.93
-100.986,35.0268#49.06#29.13#21.81
-100.932,35.0287#49.17#29.13#21.7
-100.877,35.0307#49.28#29.13#21.59
-100.822,35.0326#49.39#29.14#21.47
-100.767,35.0346#49.5#29.14#21.36
-100.712,35.0365#49.62#29.14#21.24
-100.657,35.0383#49.73#29.14#21.13
-100.602,35.0402#49.84#29.14#21.02
-100.548,35.0421#49.96#29.14#20.9
-100.493,35.0439#50.05#29.15#20.8
-100.438,35.0457#50.01#29.15#20.84
-100.383,35.0475#49.97#29.15#20.88
-100.328,35.0493#49.92#29.15#20.93
-100.273,35.051#49.88#29.15#20.97
-100.218,35.0528#49.84#29.16#21
-100.164,35.0545#49.8#29.16#21.04
-100.109,35.0562#49.75#29.16#21.09
-100.054,35.0579#49.71#29.16#21.13
-99.9989,35.0595#49.66#29.16#21.18
-99.9441,35.0612#49.55#29.2#21.25
-99.8892,35.0628#49.43#29.25#21.32
-99.8343,35.0644#49.31#29.29#21.4
-99.7794,35.066#49.19#29.33#21.48
-99.7245,35.0676#49.07#29.37#21.56
-99.6697,35.0692#48.95#29.41#21.64
-99.6148,35.0707#48.83#29.45#21.72
-99.5599,35.0722#48.71#29.49#21.8
-99.505,35.0737#48.59#29.53#21.88
-99.4501,35.0752#48.44#29.58#21.98
-99.3952,35.0767#48.3#29.63#22.07
-99.3403,35.0781#48.15#29.68#22.17
-99.2854,35.0795#48#29.73#22.27
-99.2305,35.081#47.85#29.78#22.37
-99.1756,35.0823#47.71#29.83#22.46
-99.1207,35.0837#47.56#29.88#22.56
-99.0658,35.0851#47.41#29.93#22.66
-99.0109,35.0864#47.26#29.98#22.76
-98.956,35.0877#47.11#30.01#22.88
-98.9011,35.089#46.95#30.03#23.02
-98.8462,35.0903#46.8#30.06#23.14
-98.7913,35.0916#46.64#30.08#23.28
-98.7364,35.0928#46.48#30.11#23.41
-98.6815,35.0941#46.33#30.13#23.54
-98.6266,35.0953#46.17#30.16#23.67
-98.5717,35.0965#46.01#30.18#23.81
-98.5168,35.0976#45.86#30.21#23.93
-98.4619,35.0988#45.7#30.18#24.12
-98.4069,35.0999#45.54#30.14#24.32
-98.352,35.1011#45.38#30.1#24.52
-98.2971,35.1022#45.23#30.06#24.71
-98.2422,35.1032#45.07#30.02#24.91
-98.1873,35.1043#44.91#29.98#25.11
-98.1323,35.1054#44.76#29.94#25.3
-98.0774,35.1064#44.6#29.9#25.5
-98.0225,35.1074#44.44#29.86#25.7
-97.9676,35.1084#44.28#29.82#25.9
-97.9127,35.1094#44.13#29.77#26.1
-97.8577,35.1103#43.97#29.72#26.31
-97.8028,35.1113#43.81#29.68#26.51
-97.7479,35.1122#43.66#29.63#26.71
-97.693,35.1131#43.5#29.58#26.92
-97.638,35.114#43.35#29.53#27.12
-97.5831,35.1148#43.19#29.49#27.32
-97.5282,35.1157#43.03#29.44#27.53
-97.4732,35.1165#42.88#29.41#27.71
-97.4183,35.1173#42.73#29.39#27.88
-97.3634,35.1181#42.57#29.38#28.05
-97.3084,35.1189#42.42#29.36#28.22
-97.2535,35.1196#42.27#29.34#28.39
-97.1986,35.1204#42.11#29.33#28.56
-97.1436,35.1211#41.96#29.31#28.73
-97.0887,35.1218#41.81#29.3#28.89
-97.0338,35.1225#41.66#29.28#29.06
-96.9788,35.1231#41.51#29.27#29.22
-96.9239,35.1238#41.38#29.26#29.36
-96.8689,35.1244#41.24#29.26#29.5
-96.814,35.125#41.11#29.25#29.64
-96.7591,35.1256#40.98#29.25#29.77
-96.7041,35.1262#40.84#29.24#29.92
-96.6492,35.1268#40.71#29.24#30.05
-96.5942,35.1273#40.58#29.24#30.18
-96.5393,35.1278#40.45#29.23#30.32
-96.4843,35.1283#40.32#29.23#30.45
-96.4294,35.1288#40.2#29.23#30.57
-96.3745,35.1293#40.07#29.23#30.7
-96.3195,35.1297#39.95#29.23#30.82
-96.2646,35.1301#39.83#29.23#30.94
-96.2096,35.1305#39.71#29.23#31.06
-96.1547,35.1309#39.59#29.23#31.18
-96.0997,35.1313#39.47#29.23#31.3
-96.0448,35.1317#39.34#29.23#31.43
-95.9898,35.132#39.23#29.23#31.54
-95.9349,35.1323#39.12#29.23#31.65
-95.8799,35.1326#39.01#29.23#31.76
-95.825,35.1329#38.9#29.23#31.87
-95.7701,35.1332#38.79#29.23#31.98
-95.7151,35.1334#38.68#29.24#32.08
-95.6602,35.1336#38.57#29.24#32.19
-95.6052,35.1339#38.46#29.24#32.3
-95.5503,35.134#38.35#29.24#32.41
-95.4953,35.1342#38.24#29.24#32.52
-95.4404,35.1344#38.12#29.24#32.64
-95.3854,35.1345#37.99#29.25#32.76
-95.3305,35.1346#37.86#29.25#32.89
-95.2755,35.1347#37.73#29.25#33.02
-95.2206,35.1348#37.61#29.25#33.14
-95.1656,35.1349#37.48#29.26#33.26
-95.1107,35.1349#37.35#29.26#33.39
-95.0557,35.1349#37.22#29.26#33.52
-95.0008,35.135#37.1#29.26#33.64
-94.9458,35.135#36.96#29.26#33.78
-94.8909,35.1349#36.83#29.27#33.9
-94.8359,35.1349#36.69#29.27#34.04
-94.781,35.1348#36.56#29.27#34.17
-94.726,35.1347#36.42#29.27#34.31
-94.6711,35.1346#36.29#29.28#34.43
-94.6161,35.1345#36.15#29.28#34.57
-94.5612,35.1344#36.02#29.28#34.7
-94.5062,35.1342#35.88#29.28#34.84
-94.4513,35.1341#35.74#29.29#34.97
-94.3963,35.1339#35.6#29.29#35.11
-94.3414,35.1337#35.46#29.29#35.25
-94.2864,35.1334#35.32#29.29#35.39
-94.2315,35.1332#35.18#29.3#35.52
-94.1765,35.1329#35.04#29.3#35.66
-94.1216,35.1326#34.9#29.3#35.8
-94.0666,35.1323#34.76#29.31#35.93
-94.0117,35.132#34.62#29.31#36.07
-93.9567,35.1317#34.48#29.31#36.21
-93.9018,35.1313#34.33#29.31#36.36
-93.8468,35.1309#34.19#29.32#36.49
-93.7919,35.1306#34.05#29.32#36.63
-93.7369,35.1301#33.9#29.32#36.78
-93.682,35.1297#33.76#29.32#36.92
-93.6271,35.1293#33.62#29.33#37.05
-93.5721,35.1288#33.47#29.33#37.2
-93.5172,35.1283#33.33#29.33#37.34
