-98.1872,38.9001#30.25#30.04#39.71
-98.1304,38.9012#30.21#30.01#39.78
-98.0735,38.9022#30.16#29.97#39.87
-98.0166,38.9032#30.12#29.94#39.94
-97.9597,38.9042#30.05#29.9#40.05
-97.9028,38.9051#29.99#29.86#40.15
-97.8459,38.906#29.92#29.81#40.27
-97.7891,38.907#29.85#29.77#40.38
-97.7322,38.9079#29.79#29.73#40.48
-97.6753,38.9088#29.72#29.69#40.59
-97.6184,38.9096#29.65#29.65#40.7
-97.5615,38.9105#29.59#29.6#40.81
-97.5046,38.9113#29.52#29.56#40.92
-97.4477,38.9121#29.44#29.55#41.01
-97.3908,38.9129#29.36#29.53#41.11
-97.3339,38.9137#29.29#29.52#41.19
-97.277,38.9144#29.21#29.5#41.29
-97.2201,38.9151#29.13#29.49#41.38
-97.1632,38.9159#29.05#29.48#41.47
-97.1063,38.9166#28.98#29.46#41.56
-97.0494,38.9172#28.9#29.45#41.65
-96.9925,38.9179#28.82#29.44#41.74
-96.9356,38.9185#28.74#29.44#41.82
-96.8787,38.9192#28.67#29.44#41.89
-96.8218,38.9198#28.59#29.44#41.97
-96.7649,38.9204#28.52#29.44#42.04
-96.708,38.9209#28.44#29.43#42.13
-96.6511,38.9215#28.37#29.43#42.2
-96.5942,38.922#28.29#29.43#42.28
-96.5373,38.9225#28.22#29.43#42.35
-96.4804,38.923#28.15#29.44#42.41
-96.4235,38.9235#28.1#29.45#42.45
-96.3666,38.9239#28.06#29.47#42.47
-96.3097,38.9244#28.01#29.49#42.5
-96.2528,38.9248#27.96#29.5#42.54
-96.1959,38.9252#27.91#29.52#42.57
-96.139,38.9256#27.87#29.54#42.59
-96.0821,38.9259#27.82#29.55#42.63
-96.0252,38.9263#27.77#29.57#42.66
-95.9683,38.9266#27.74#29.6#42.66
-95.9114,38.9269#27.72#29.64#42.64
-95.8544,38.9272#27.7#29.68#42.62
-95.7975,38.9275#27.68#29.73#42.59
-95.7406,38.9277#27.66#29.77#42.57
-95.6837,38.928#27.64#29.81#42.55
-95.6268,38.9282#27.62#29.86#42.52
-95.5699,38.9284#27.6#29.9#42.5
-95.513,38.9285#27.58#29.94#42.48
-95.4561,38.9287#27.57#30#42.43
-95.3992,38.9288#27.56#30.07#42.37
-95.3423,38.929#27.55#30.14#42.31
-95.2853,38.9291#27.55#30.21#42.24
-95.2284,38.9291#27.54#30.28#42.18
-95.1715,38.9292#27.53#30.35#42.12
-95.1146,38.9293#27.52#30.42#42.06
-95.0577,38.9293#27.51#30.49#42
-95.0008,38.9293#27.5#30.56#41.94
-94.9439,38.9293#27.49#30.64#41.87
-94.887,38.9293#27.48#30.72#41.8
-94.8301,38.9292#27.47#30.8#41.73
-94.7731,38.9291#27.46#30.88#41.66
-94.7162,38.9291#27.45#30.96#41.59
-94.6593,38.929#27.44#31.04#41.52
-94.6024,38.9288#27.43#31.13#41.44
-94.5455,38.9287#27.42#31.21#41.37
-94.4886,38.9285#27.41#31.29#41.3
-94.4317,38.9284#27.4#31.37#41.23
-94.3748,38.9282#27.38#31.46#41.16
-94.3179,38.928#27.37#31.55#41.08
-94.2609,38.9277#27.35#31.63#41.02
-94.204,38.9275#27.34#31.72#40.94
-94.1471,38.9272#27.33#31.8#40.87
-94.0902,38.9269#27.31#31.89#40.8
-94.0333,38.9266#27.3#31.97#40.73
-93.9764,38.9263#27.28#32.07#40.65
-93.9195,38.9259#27.26#32.19#40.55
-93.8626,38.9256#27.23#32.31#40.46
-93.8057,38.9252#27.21#32.42#40.37
-93.7488,38.9248#27.19#32.54#40.27
-93.6919,38.9244#27.17#32.66#40.17
-93.635,38.9239#27.14#32.77#40.09
-93.5781,38.9235#27.12#32.89#39.99
-93.5211,38.923#27.1#33.01#39.89
-93.4642,38.9225#27.07#33.16#39.77
-93.4073,38.922#27.05#33.33#39.62
-93.3504,38.9215#27.03#33.5#39.47
-93.2935,38.9209#27.01#33.68#39.31
-93.2366,38.9204#26.99#33.85#39.16
-93.1797,38.9198#26.97#34.02#39.01
-93.1228,38.9192#26.95#34.19#38.86
-93.0659,38.9186#26.93#34.37#38.7
-93.009,38.9179#26.91#34.54#38.55
-92.9521,38.9173#26.9#34.73#38.37
-92.8952,38.9166#26.89#34.93#38.18
-92.8383,38.9159#26.88#35.12#38
-92.7814,38.9152#26.88#35.32#37.8
-92.7245,38.9144#26.87#35.52#37.61
-92.6676,38.9137#26.86#35.72#37.42
-92.6108,38.9129#26.85#35.91#37.24
-92.5539,38.9121#26.85#36.11#37.04
-92.497,38.9113#26.84#36.3#36.86
-92.4401,38.9105#26.85#36.49#36.66
-92.3832,38.9096#26.85#36.67#36.48
-92.3263,38.9088#26.86#36.86#36.28
-92.2694,38.9079#26.86#37.04#36.1
-92.2125,38.907#26.87#37.23#35.9
-92.1556,38.9061#26.87#37.41#35.72
-92.0987,38.9051#26.88#37.6#35.52
-92.0419,38.9042#26.88#37.78#35.34
-91.985,38.9032#26.89#37.97#35.14
-91.9281,38.9022#26.9#38.15#34.95
-91.8712,38.9012#26.92#38.34#34.74
-91.8143,38.9002#26.93#38.53#34.54
-100.009,38.9016#31#29.27#39.73
-99.952,38.9032#30.98#29.3#39.72
-99.8951,38.9048#30.96#29.34#39.7
-99.8382,38.9064#30.94#29.37#39.69
-99.7814,38.908#30.92#29.41#39.67
-99.7245,38.9095#30.9#29.44#39.66
-99.6676,38.9111#30.88#29.48#39.64
-99.6108,38.9126#30.86#29.51#39.63
-99.5539,38.9141#30.84#29.55#39.61
-99.497,38.9156#30.82#29.59#39.59
-99.4402,38.917#30.8#29.63#39.57
-99.3833,38.9185#30.77#29.68#39.55
-99.3264,38.9199#30.75#29.73#39.52
-99.2695,38.9213#30.73#29.78#39.49
-99.2126,38.9227#30.71#29.82#39.47
-99.1558,38.924#30.68#29.87#39.45
-99.0989,38.9254#30.66#29.92#39.42
-99.042,38.9267#30.64#29.97#39.39
-98.9851,38.928#30.62#30.01#39.37
-98.9282,38.9293#30.59#30.03#39.38
-98.8713,38.9306#30.57#30.06#39.37
-98.8144,38.9318#30.54#30.09#39.37
-98.7576,38.9331#30.52#30.11#39.37
-98.7007,38.9343#30.5#30.14#39.36
-98.6438,38.9355#30.47#30.17#39.36
-98.5869,38.9367#30.45#30.19#39.36
-98.53,38.9378#30.42#30.22#39.36
-98.4731,38.939#30.39#30.22#39.39
-98.4162,38.9401#30.34#30.18#39.48
-98.3593,38.9412#30.29#30.15#39.56
-98.3024,38.9423#30.25#30.11#39.64
-98.2455,38.9434#30.2#30.08#39.72
-98.1886,38.9444#30.15#30.04#39.81
-98.1317,38.9454#30.1#30.01#39.89
-98.0748,38.9465#30.06#29.98#39.96
-98.0179,38.9475#30.01#29.94#40.05
-97.961,38.9484#29.95#29.9#40.15
-97.904,38.9494#29.88#29.86#40.26
-97.8471,38.9503#29.81#29.82#40.37
-97.7902,38.9512#29.75#29.78#40.47
-97.7333,38.9522#29.68#29.73#40.59
-97.6764,38.953#29.61#29.69#40.7
-97.6195,38.9539#29.54#29.65#40.81
-97.5626,38.9547#29.48#29.61#40.91
-97.5057,38.9556#29.41#29.57#41.02
-97.4487,38.9564#29.33#29.55#41.12
-97.3918,38.9572#29.26#29.53#41.21
-97.3349,38.9579#29.18#29.52#41.3
-97.278,38.9587#29.1#29.51#41.39
-97.2211,38.9594#29.03#29.49#41.48
-97.1641,38.9601#28.95#29.48#41.57
-97.1072,38.9608#28.87#29.47#41.66
-97.0503,38.9615#28.8#29.45#41.75
-96.9934,38.9622#28.72#29.44#41.84
-96.9365,38.9628#28.65#29.44#41.91
-96.8795,38.9634#28.57#29.44#41.99
-96.8226,38.9641#28.5#29.44#42.06
-96.7657,38.9646#28.43#29.44#42.13
-96.7088,38.9652#28.36#29.44#42.2
-96.6518,38.9658#28.28#29.44#42.28
-96.5949,38.9663#28.21#29.44#42.35
-96.538,38.9668#28.14#29.44#42.42
-96.481,38.9673#28.07#29.45#42.48
-96.4241,38.9678#28.03#29.47#42.5
-96.3672,38.9682#27.98#29.49#42.53
-96.3103,38.9687#27.94#29.5#42.56
-96.2533,38.9691#27.89#29.52#42.59
-96.1964,38.9695#27.85#29.54#42.61
-96.1395,38.9699#27.81#29.56#42.63
-96.0825,38.9702#27.76#29.58#42.66
-96.0256,38.9706#27.72#29.6#42.68
-95.9687,38.9709#27.69#29.63#42.68
-95.9117,38.9712#27.67#29.67#42.66
-95.8548,38.9715#27.66#29.72#42.62
-95.7979,38.9718#27.64#29.76#42.6
-95.7409,38.972#27.62#29.81#42.57
-95.684,38.9722#27.61#29.86#42.53
-95.6271,38.9724#27.59#29.9#42.51
-95.5701,38.9726#27.57#29.95#42.48
-95.5132,38.9728#27.56#29.99#42.45
-95.4563,38.973#27.55#30.06#42.39
-95.3993,38.9731#27.54#30.13#42.33
-95.3424,38.9732#27.53#30.2#42.27
-95.2855,38.9733#27.53#30.27#42.2
-95.2285,38.9734#27.52#30.34#42.14
-95.1716,38.9735#27.51#30.41#42.08
-95.1147,38.9735#27.51#30.48#42.01
-95.0577,38.9736#27.5#30.55#41.95
-95.0008,38.9736#27.49#30.62#41.89
-94.9439,38.9736#27.48#30.7#41.82
-94.8869,38.9735#27.48#30.79#41.73
-94.83,38.9735#27.47#30.87#41.66
-94.773,38.9734#27.46#30.95#41.59
-94.7161,38.9733#27.45#31.03#41.52
-94.6592,38.9732#27.44#31.11#41.45
-94.6022,38.9731#27.43#31.19#41.38
-94.5453,38.973#27.42#31.27#41.31
-94.4884,38.9728#27.42#31.35#41.23
-94.4314,38.9726#27.4#31.44#41.16
-94.3745,38.9725#27.39#31.53#41.08
-94.3176,38.9722#27.38#31.62#41
-94.2606,38.972#27.37#31.7#40.93
-94.2037,38.9718#27.35#31.79#40.86
-94.1468,38.9715#27.34#31.88#40.78
-94.0898,38.9712#27.33#31.97#40.7
-94.0329,38.9709#27.31#32.05#40.64
-93.976,38.9706#27.3#32.16#40.54
-93.919,38.9702#27.28#32.28#40.44
-93.8621,38.9699#27.26#32.4#40.34
-93.8052,38.9695#27.23#32.52#40.25
-93.7482,38.9691#27.21#32.65#40.14
-93.6913,38.9687#27.19#32.77#40.04
-93.6344,38.9682#27.17#32.89#39.94
-93.5775,38.9678#27.15#33.01#39.84
-93.5205,38.9673#27.13#33.13#39.74
-93.4636,38.9668#27.11#33.29#39.6
-93.4067,38.9663#27.08#33.47#39.45
-93.3497,38.9658#27.06#33.64#39.3
-93.2928,38.9652#27.04#33.82#39.14
-93.2359,38.9647#27.02#34#38.98
-93.179,38.9641#26.99#34.17#38.84
-93.122,38.9635#26.97#34.35#38.68
-93.0651,38.9628#26.95#34.52#38.53
-93.0082,38.9622#26.93#34.7#38.37
-92.9513,38.9615#26.92#34.9#38.18
-92.8944,38.9609#26.91#35.09#38
-92.8374,38.9602#26.9#35.29#37.81
-92.7805,38.9595#26.89#35.49#37.62
-92.7236,38.9587#26.89#35.69#37.42
-92.6667,38.958#26.88#35.89#37.23
-92.6098,38.9572#26.87#36.08#37.05
-92.5528,38.9564#26.86#36.28#36.86
-92.4959,38.9556#26.86#36.48#36.66
-92.439,38.9548#26.86#36.66#36.48
-92.3821,38.9539#26.87#36.85#36.28
-92.3252,38.9531#26.87#37.03#36.1
-92.2683,38.9522#26.88#37.22#35.9
-92.2114,38.9513#26.88#37.4#35.72
-92.1544,38.9504#26.89#37.59#35.52
-92.0975,38.9494#26.89#37.77#35.34
-92.0406,38.9485#26.9#37.96#35.14
-91.9837,38.9475#26.91#38.14#34.95
-91.9268,38.9465#26.92#38.33#34.75
-91.8699,38.9455#26.93#38.52#34.55
-91.813,38.9444#26.95#38.71#34.34
-91.7561,38.9434#26.96#38.9#34.14
-91.6992,38.9423#26.97#39.09#33.94
-91.6423,38.9412#26.99#39.28#33.73
-91.5854,38.9401#27#39.47#33.53
-91.5285,38.939#27.01#39.65#33.34
-91.4716,38.9379#27.06#39.85#33.09
-91.4147,38.9367#27.15#40.06#32.79
-91.3578,38.9355#27.24#40.26#32.5
-91.3009,38.9343#27.33#40.47#32.2
-91.244,38.9331#27.42#40.67#31.91
-91.1871,38.9319#27.51#40.88#31.61
-91.1302,38.9306#27.6#41.08#31.32
-91.0733,38.9293#27.68#41.29#31.03
-91.0165,38.9281#27.77#41.49#30.74
-90.9596,38.9267#27.85#41.69#30.46
-90.9027,38.9254#27.93#41.89#30.18
-90.8458,38.9241#28.01#42.08#29.91
-90.7889,38.9227#28.09#42.28#29.63
-90.7321,38.9213#28.17#42.48#29.35
-90.6752,38.9199#28.25#42.68#29.07
-90.6183,38.9185#28.33#42.88#28.79
-90.5614,38.9171#28.4#43.08#28.52
-90.5045,38.9156#28.48#43.28#28.24
-90.4477,38.9141#28.51#43.43#28.06
-90.3908,38.9126#28.53#43.57#27.9
-90.3339,38.9111#28.55#43.71#27.74
-90.2771,38.9096#28.57#43.85#27.58
-90.2202,38.908#28.59#43.99#27.42
-90.1633,38.9065#28.61#44.13#27.26
-90.1065,38.9049#28.63#44.27#27.1
-90.0496,38.9033#28.65#44.41#26.94
-89.9928,38.9016#28.66#44.54#26.8
-89.9359,38.9#28.65#44.66#26.69
-101.376,38.9012#30.63#29.22#40.15
-101.319,38.9033#30.66#29.22#40.12
-101.262,38.9054#30.7#29.22#40.08
-101.205,38.9074#30.73#29.22#40.05
-101.148,38.9094#30.77#29.23#40
-101.091,38.9114#30.81#29.23#39.96
-101.034,38.9134#30.84#29.23#39.93
-100.978,38.9154#30.87#29.23#39.9
-100.921,38.9173#30.87#29.23#39.9
-100.864,38.9192#30.88#29.24#39.88
-100.807,38.9211#30.89#29.24#39.87
-100.75,38.923#30.9#29.24#39.86
-100.693,38.9249#30.91#29.24#39.85
-100.637,38.9267#30.92#29.25#39.83
-100.58,38.9286#30.93#29.25#39.82
-100.523,38.9304#30.94#29.25#39.81
-100.466,38.9322#30.94#29.25#39.81
-100.409,38.9339#30.93#29.25#39.82
-100.352,38.9357#30.92#29.26#39.82
-100.295,38.9374#30.92#29.26#39.82
-100.238,38.9392#30.91#29.26#39.83
-100.182,38.9409#30.91#29.26#39.83
-100.125,38.9425#30.9#29.27#39.83
-100.068,38.9442#30.9#29.27#39.83
-100.011,38.9459#30.89#29.27#39.84
-99.954,38.9475#30.88#29.3#39.82
-99.8971,38.9491#30.86#29.34#39.8
-99.8403,38.9507#30.84#29.37#39.79
-99.7834,38.9522#30.82#29.41#39.77
-99.7265,38.9538#30.8#29.44#39.76
-99.6696,38.9553#30.79#29.48#39.73
-99.6127,38.9568#30.77#29.51#39.72
-99.5558,38.9583#30.75#29.55#39.7
-99.4989,38.9598#30.74#29.59#39.67
-99.442,38.9613#30.71#29.63#39.66
-99.3851,38.9627#30.69#29.68#39.63
-99.3282,38.9641#30.67#29.73#39.6
-99.2713,38.9655#30.65#29.78#39.57
-99.2144,38.9669#30.62#29.82#39.56
-99.1575,38.9683#30.6#29.87#39.53
-99.1006,38.9696#30.58#29.92#39.5
-99.0437,38.971#30.55#29.97#39.48
-98.9868,38.9723#30.53#30.01#39.46
-98.9299,38.9736#30.51#30.03#39.46
-98.873,38.9749#30.48#30.06#39.46
-98.816,38.9761#30.46#30.09#39.45
-98.7591,38.9773#30.43#30.11#39.46
-98.7022,38.9786#30.4#30.14#39.46
-98.6453,38.9798#30.38#30.17#39.45
-98.5884,38.9809#30.35#30.19#39.46
-98.5315,38.9821#30.33#30.22#39.45
-98.4745,38.9832#30.29#30.22#39.49
-98.4176,38.9844#30.24#30.19#39.57
-98.3607,38.9855#30.19#30.15#39.66
-98.3038,38.9866#30.15#30.12#39.73
-98.2468,38.9876#30.1#30.08#39.82
-98.1899,38.9887#30.05#30.05#39.9
-98.133,38.9897#30#30.01#39.99
-98.0761,38.9907#29.95#29.98#40.07
-98.0191,38.9917#29.9#29.94#40.16
-97.9622,38.9927#29.84#29.9#40.26
-97.9053,38.9937#29.77#29.86#40.37
-97.8483,38.9946#29.71#29.82#40.47
-97.7914,38.9955#29.64#29.78#40.58
-97.7345,38.9964#29.57#29.74#40.69
-97.6775,38.9973#29.5#29.69#40.81
-97.6206,38.9982#29.43#29.65#40.92
-97.5636,38.999#29.37#29.61#41.02
-97.5067,38.9998#29.3#29.57#41.13
-97.4498,39.0007#29.22#29.55#41.23
-97.3928,39.0014#29.15#29.54#41.31
-97.3359,39.0022#29.07#29.52#41.41
-97.2789,39.003#29#29.51#41.49
-97.222,39.0037#28.92#29.5#41.58
-97.1651,39.0044#28.85#29.48#41.67
-97.1081,39.0051#28.77#29.47#41.76
-97.0512,39.0058#28.7#29.46#41.84
-96.9942,39.0065#28.62#29.44#41.94
-96.9373,39.0071#28.55#29.44#42.01
-96.8803,39.0077#28.48#29.45#42.07
-96.8234,39.0083#28.41#29.45#42.14
-96.7664,39.0089#28.34#29.45#42.21
-96.7095,39.0095#28.27#29.45#42.28
-96.6525,39.01#28.2#29.45#42.35
-96.5956,39.0106#28.13#29.45#42.42
-96.5386,39.0111#28.06#29.45#42.49
-96.4817,39.0116#27.99#29.46#42.55
-96.4247,39.012#27.95#29.48#42.57
-96.3678,39.0125#27.91#29.5#42.59
-96.3108,39.0129#27.87#29.52#42.61
-96.2539,39.0133#27.83#29.54#42.63
-96.1969,39.0137#27.79#29.56#42.65
-96.1399,39.0141#27.75#29.58#42.67
-96.083,39.0145#27.71#29.6#42.69
-96.026,39.0148#27.66#29.62#42.72
-95.9691,39.0152#27.64#29.66#42.7
-95.9121,39.0155#27.63#29.71#42.66
-95.8552,39.0158#27.61#29.75#42.64
-95.7982,39.016#27.6#29.8#42.6
-95.7412,39.0163#27.58#29.85#42.57
-95.6843,39.0165#27.57#29.9#42.53
-95.6273,39.0167#27.56#29.95#42.49
-95.5704,39.0169#27.54#29.99#42.47
-95.5134,39.0171#27.53#30.04#42.43
-95.4565,39.0173#27.52#30.11#42.37
-95.3995,39.0174#27.52#30.18#42.3
-95.3425,39.0175#27.51#30.25#42.24
-95.2856,39.0176#27.51#30.33#42.16
-95.2286,39.0177#27.5#30.4#42.1
-95.1717,39.0178#27.5#30.47#42.03
-95.1147,39.0178#27.49#30.54#41.97
-95.0577,39.0178#27.49#30.62#41.89
-95.0008,39.0179#27.48#30.69#41.83
-94.9438,39.0178#27.48#30.77#41.75
-94.8869,39.0178#27.47#30.85#41.68
-94.8299,39.0178#27.46#30.93#41.61
-94.773,39.0177#27.46#31.01#41.53
-94.716,39.0176#27.45#31.09#41.46
-94.659,39.0175#27.44#31.17#41.39
-94.6021,39.0174#27.44#31.26#41.3
-94.5451,39.0173#27.43#31.34#41.23
-94.4882,39.0171#27.42#31.42#41.16
-94.4312,39.0169#27.41#31.51#41.08
-94.3742,39.0167#27.4#31.6#41
-94.3173,39.0165#27.39#31.69#40.92
-94.2603,39.0163#27.38#31.78#40.84
-94.2034,39.016#27.37#31.87#40.76
-94.1464,39.0158#27.35#31.96#40.69
-94.0895,39.0155#27.34#32.04#40.62
-94.0325,39.0152#27.33#32.13#40.54
-93.9755,39.0148#27.32#32.24#40.44
-93.9186,39.0145#27.3#32.37#40.33
-93.8616,39.0141#27.28#32.5#40.22
-93.8047,39.0138#27.26#32.62#40.12
-93.7477,39.0134#27.24#32.75#40.01
-93.6908,39.0129#27.22#32.88#39.9
-93.6338,39.0125#27.2#33.01#39.79
-93.5769,39.012#27.18#33.14#39.68
-93.5199,39.0116#27.16#33.26#39.58
-93.463,39.0111#27.14#33.42#39.44
-93.406,39.0106#27.11#33.61#39.28
-93.3491,39.01#27.09#33.79#39.12
-93.2921,39.0095#27.07#33.97#38.96
-93.2352,39.0089#27.04#34.15#38.81
-93.1782,39.0083#27.02#34.32#38.66
-93.1213,39.0077#27#34.5#38.5
-93.0643,39.0071#26.97#34.68#38.35
-93.0074,39.0065#26.95#34.86#38.19
-92.9504,39.0058#26.94#35.06#38
-92.8935,39.0051#26.93#35.26#37.81
-92.8365,39.0044#26.92#35.46#37.62
-92.7796,39.0037#26.91#35.66#37.43
-92.7226,39.003#26.9#35.86#37.24
-92.6657,39.0022#26.9#36.06#37.04
-92.6087,39.0015#26.89#36.25#36.86
-92.5518,39.0007#26.88#36.45#36.67
-92.4949,38.9999#26.87#36.65#36.48
-92.4379,38.999#26.88#36.84#36.28
-92.381,38.9982#26.88#37.02#36.1
-92.3241,38.9973#26.89#37.2#35.91
-92.2671,38.9964#26.89#37.39#35.72
-92.2102,38.9955#26.9#37.57#35.53
-92.1532,38.9946#26.9#37.76#35.34
-92.0963,38.9937#26.91#37.94#35.15
-92.0394,38.9927#26.92#38.13#34.95
-91.9824,38.9918#26.92#38.32#34.76
-91.9255,38.9908#26.94#38.51#34.55
-91.8686,38.9897#26.95#38.7#34.35
-91.8117,38.9887#26.96#38.9#34.14
-91.7547,38.9877#26.98#39.09#33.93
-91.6978,38.9866#26.99#39.28#33.73
-91.6409,38.9855#27#39.47#33.53
-91.584,38.9844#27.02#39.67#33.31
-91.527,38.9833#27.03#39.86#33.11
-91.4701,38.9821#27.08#40.06#32.86
-91.4132,38.981#27.17#40.27#32.56
-91.3563,38.9798#27.26#40.47#32.27
-91.2994,38.9786#27.34#40.68#31.98
-91.2424,38.9774#27.43#40.89#31.68
-91.1855,38.9761#27.52#41.09#31.39
-91.1286,38.9749#27.61#41.3#31.09
-91.0717,38.9736#27.69#41.51#30.8
-91.0148,38.9723#27.78#41.71#30.51
-90.9579,38.971#27.86#41.91#30.23
-90.901,38.9697#27.94#42.1#29.96
-90.8441,38.9683#28.02#42.29#29.69
-90.7872,38.967#28.09#42.48#29.43
-90.7303,38.9656#28.17#42.67#29.16
-90.6734,38.9642#28.25#42.86#28.89
-90.6165,38.9628#28.33#43.05#28.62
-90.5596,38.9613#28.4#43.24#28.36
-90.5027,38.9599#28.48#43.44#28.08
-90.4458,38.9584#28.5#43.58#27.92
-90.3889,38.9569#28.52#43.71#27.77
-90.332,38.9554#28.54#43.85#27.61
-90.2751,38.9538#28.56#43.99#27.45
-90.2182,38.9523#28.58#44.12#27.3
-90.1613,38.9507#28.6#44.26#27.14
-90.1044,38.9491#28.62#44.4#26.98
-90.0475,38.9475#28.64#44.54#26.82
-89.9907,38.9459#28.65#44.67#26.68
-89.9338,38.9443#28.63#44.78#26.59
-89.8769,38.9426#28.62#44.9#26.48
-89.82,38.9409#28.61#45.01#26.38
-89.7631,38.9392#28.59#45.12#26.29
-89.7063,38.9375#28.58#45.24#26.18
-89.6494,38.9357#28.56#45.35#26.09
-89.5925,38.934#28.55#45.47#25.98
-89.5357,38.9322#28.54#45.58#25.88
-89.4788,38.9304#28.5#45.68#25.82
-89.4219,38.9286#28.42#45.75#25.83
-89.3651,38.9268#28.35#45.82#25.83
-89.3082,38.9249#28.27#45.89#25.84
-89.2514,38.9231#28.2#45.96#25.84
-89.1945,38.9212#28.12#46.03#25.85
-89.1376,38.9193#28.05#46.1#25.85
-89.0808,38.9174#27.97#46.17#25.86
-89.0239,38.9154#27.9#46.24#25.86
-88.9671,38.9135#27.87#46.29#25.84
-88.9102,38.9115#27.87#46.32#25.81
-88.8534,38.9095#27.87#46.36#25.77
-88.7966,38.9075#27.87#46.39#25.74
-88.7397,38.9054#27.88#46.42#25.7
-88.6829,38.9034#27.88#46.46#25.66
-88.6261,38.9013#27.88#46.49#25.63
-102.515,38.9001#28.96#29.18#41.86
-102.458,38.9026#29.05#29.18#41.77
-102.401,38.905#29.14#29.19#41.67
-102.344,38.9074#29.23#29.19#41.58
-102.288,38.9098#29.32#29.19#41.49
-102.231,38.9122#29.41#29.19#41.4
-102.174,38.9145#29.5#29.19#41.31
-102.117,38.9168#29.59#29.19#41.22
-102.06,38.9192#29.68#29.2#41.12
-102.003,38.9215#29.77#29.2#41.03
-101.947,38.9237#29.84#29.2#40.96
-101.89,38.926#29.92#29.2#40.88
-101.833,38.9282#29.99#29.2#40.81
-101.776,38.9305#30.06#29.2#40.74
-101.719,38.9327#30.13#29.21#40.66
-101.662,38.9348#30.21#29.21#40.58
-101.606,38.937#30.28#29.21#40.51
-101.549,38.9392#30.35#29.21#40.44
-101.492,38.9413#30.42#29.21#40.37
-101.435,38.9434#30.45#29.22#40.33
-101.378,38.9455#30.49#29.22#40.29
-101.321,38.9476#30.53#29.22#40.25
-101.264,38.9496#30.56#29.22#40.22
-101.208,38.9516#30.6#29.23#40.17
-101.151,38.9537#30.64#29.23#40.13
-101.094,38.9557#30.67#29.23#40.1
-101.037,38.9576#30.71#29.23#40.06
-100.98,38.9596#30.74#29.23#40.03
-100.923,38.9615#30.75#29.24#40.01
-100.866,38.9635#30.76#29.24#40
-100.81,38.9654#30.77#29.24#39.99
-100.753,38.9673#30.77#29.24#39.99
-100.696,38.9691#30.78#29.25#39.97
-100.639,38.971#30.79#29.25#39.96
-100.582,38.9728#30.8#29.25#39.95
-100.525,38.9746#30.81#29.25#39.94
-100.468,38.9764#30.82#29.25#39.93
-100.411,38.9782#30.81#29.26#39.93
-100.354,38.9799#30.81#29.26#39.93
-100.298,38.9817#30.8#29.26#39.94
-100.241,38.9834#30.8#29.26#39.94
-100.184,38.9851#30.79#29.27#39.94
-100.127,38.9868#30.79#29.27#39.94
-100.07,38.9885#30.79#29.27#39.94
-100.013,38.9901#30.78#29.27#39.95
-99.9561,38.9917#30.77#29.3#39.93
-99.8992,38.9933#30.76#29.34#39.9
-99.8423,38.9949#30.74#29.37#39.89
-99.7854,38.9965#30.73#29.41#39.86
-99.7285,38.998#30.71#29.44#39.85
-99.6716,38.9996#30.7#29.48#39.82
-99.6146,39.0011#30.68#29.51#39.81
-99.5577,39.0026#30.67#29.55#39.78
-99.5008,39.0041#30.65#29.59#39.76
-99.4439,39.0055#30.63#29.63#39.74
-99.387,39.007#30.61#29.68#39.71
-99.33,39.0084#30.58#29.73#39.69
-99.2731,39.0098#30.56#29.78#39.66
-99.2162,39.0112#30.54#29.82#39.64
-99.1593,39.0126#30.52#29.87#39.61
-99.1023,39.0139#30.49#29.92#39.59
-99.0454,39.0152#30.47#29.96#39.57
-98.9885,39.0165#30.45#30.01#39.54
-98.9315,39.0178#30.42#30.03#39.55
-98.8746,39.0191#30.39#30.06#39.55
-98.8177,39.0204#30.37#30.09#39.54
-98.7607,39.0216#30.34#30.11#39.55
-98.7038,39.0228#30.31#30.14#39.55
-98.6468,39.024#30.29#30.17#39.54
-98.5899,39.0252#30.26#30.19#39.55
-98.5329,39.0264#30.23#30.22#39.55
-98.476,39.0275#30.19#30.22#39.59
-98.4191,39.0286#30.14#30.19#39.67
-98.3621,39.0297#30.09#30.15#39.76
-98.3052,39.0308#30.05#30.12#39.83
-98.2482,39.0319#30#30.08#39.92
-98.1913,39.0329#29.95#30.05#40
-98.1343,39.034#29.9#30.01#40.09
-98.0774,39.035#29.85#29.98#40.17
-98.0204,39.036#29.8#29.95#40.25
-97.9634,39.037#29.73#29.91#40.36
-97.9065,39.0379#29.67#29.86#40.47
-97.8495,39.0389#29.6#29.82#40.58
-97.7926,39.0398#29.53#29.78#40.69
-97.7356,39.0407#29.46#29.74#40.8
-97.6786,39.0416#29.39#29.7#40.91
-97.6217,39.0424#29.33#29.65#41.02
-97.5647,39.0433#29.26#29.61#41.13
-97.5078,39.0441#29.19#29.57#41.24
-97.4508,39.0449#29.12#29.55#41.33
-97.3938,39.0457#29.04#29.54#41.42
-97.3369,39.0465#28.97#29.53#41.5
-97.2799,39.0472#28.89#29.51#41.6
-97.2229,39.048#28.82#29.5#41.68
-97.166,39.0487#28.74#29.49#41.77
-97.109,39.0494#28.67#29.47#41.86
-97.052,39.0501#28.6#29.46#41.94
-96.9951,39.0507#28.52#29.45#42.03
-96.9381,39.0514#28.45#29.45#42.1
-96.8811,39.052#28.39#29.45#42.16
-96.8241,39.0526#28.32#29.45#42.23
-96.7672,39.0532#28.25#29.45#42.3
-96.7102,39.0537#28.18#29.46#42.36
-96.6532,39.0543#28.11#29.46#42.43
-96.5962,39.0548#28.04#29.46#42.5
-96.5393,39.0553#27.97#29.46#42.57
-96.4823,39.0558#27.92#29.47#42.61
-96.4253,39.0563#27.88#29.49#42.63
-96.3683,39.0568#27.84#29.52#42.64
-96.3114,39.0572#27.8#29.54#42.66
-96.2544,39.0576#27.76#29.56#42.68
-96.1974,39.058#27.73#29.58#42.69
-96.1404,39.0584#27.69#29.61#42.7
-96.0834,39.0588#27.65#29.63#42.72
-96.0265,39.0591#27.61#29.65#42.74
-95.9695,39.0594#27.59#29.69#42.72
-95.9125,39.0597#27.58#29.74#42.68
-95.8555,39.06#27.57#29.79#42.64
-95.7985,39.0603#27.56#29.84#42.6
-95.7416,39.0605#27.55#29.89#42.56
-95.6846,39.0608#27.54#29.94#42.52
-95.6276,39.061#27.52#29.99#42.49
-95.5706,39.0612#27.51#30.04#42.45
-95.5136,39.0614#27.5#30.09#42.41
-95.4567,39.0615#27.5#30.16#42.34
-95.3997,39.0617#27.5#30.24#42.26
-95.3427,39.0618#27.49#30.31#42.2
-95.2857,39.0619#27.49#30.38#42.13
-95.2287,39.062#27.49#30.46#42.05
-95.1717,39.062#27.48#30.53#41.99
-95.1148,39.0621#27.48#30.61#41.91
-95.0578,39.0621#27.48#30.68#41.84
-95.0008,39.0621#27.47#30.75#41.78
-94.9438,39.0621#27.47#30.84#41.69
-94.8868,39.0621#27.46#30.92#41.62
-94.8298,39.062#27.46#31#41.54
-94.7729,39.062#27.45#31.08#41.47
-94.7159,39.0619#27.45#31.16#41.39
-94.6589,39.0618#27.44#31.24#41.32
-94.6019,39.0617#27.44#31.32#41.24
-94.5449,39.0615#27.43#31.4#41.17
-94.4879,39.0614#27.43#31.48#41.09
-94.431,39.0612#27.42#31.58#41
-94.374,39.061#27.41#31.67#40.92
-94.317,39.0608#27.4#31.76#40.84
-94.26,39.0606#27.39#31.85#40.76
-94.203,39.0603#27.38#31.94#40.68
-94.1461,39.06#27.37#32.03#40.6
-94.0891,39.0597#27.36#32.12#40.52
-94.0321,39.0594#27.35#32.21#40.44
-93.9751,39.0591#27.33#32.32#40.35
-93.9181,39.0588#27.32#32.46#40.22
-93.8612,39.0584#27.3#32.59#40.11
-93.8042,39.058#27.28#32.72#40
-93.7472,39.0576#27.26#32.86#39.88
-93.6902,39.0572#27.24#32.99#39.77
-93.6332,39.0568#27.22#33.13#39.65
-93.5763,39.0563#27.21#33.26#39.53
-93.5193,39.0558#27.19#33.39#39.42
-93.4623,39.0553#27.17#33.56#39.27
-93.4053,39.0548#27.14#33.74#39.12
-93.3484,39.0543#27.12#33.93#38.95
-93.2914,39.0538#27.09#34.11#38.8
-93.2344,39.0532#27.07#34.29#38.64
-93.1774,39.0526#27.04#34.48#38.48
-93.1205,39.052#27.02#34.66#38.32
-93.0635,39.0514#27#34.84#38.16
-93.0065,39.0507#26.97#35.03#38
-92.9495,39.0501#26.96#35.22#37.82
-92.8926,39.0494#26.95#35.42#37.63
-92.8356,39.0487#26.94#35.63#37.43
-92.7786,39.048#26.93#35.83#37.24
-92.7217,39.0473#26.92#36.03#37.05
-92.6647,39.0465#26.91#36.23#36.86
-92.6077,39.0457#26.9#36.42#36.68
-92.5508,39.0449#26.89#36.62#36.49
-92.4938,39.0441#26.89#36.82#36.29
-92.4369,39.0433#26.89#37.01#36.1
-92.3799,39.0425#26.9#37.19#35.91
-92.3229,39.0416#26.9#37.38#35.72
-92.266,39.0407#26.91#37.56#35.53
-92.209,39.0398#26.92#37.75#35.33
-92.152,39.0389#26.92#37.93#35.15
-92.0951,39.0379#26.93#38.12#34.95
-92.0381,39.037#26.93#38.3#34.77
-91.9812,39.036#26.94#38.49#34.57
-91.9242,39.035#26.96#38.69#34.35
-91.8673,39.034#26.97#38.88#34.15
-91.8103,39.033#26.98#39.08#33.94
-91.7534,39.0319#27#39.28#33.72
-91.6964,39.0309#27.01#39.48#33.51
-91.6395,39.0298#27.02#39.67#33.31
-91.5825,39.0287#27.04#39.87#33.09
-91.5256,39.0275#27.05#40.06#32.89
-91.4686,39.0264#27.1#40.27#32.63
-91.4117,39.0252#27.19#40.48#32.33
-91.3547,39.0241#27.27#40.69#32.04
-91.2978,39.0229#27.36#40.89#31.75
-91.2409,39.0216#27.45#41.1#31.45
-91.1839,39.0204#27.53#41.31#31.16
-91.127,39.0191#27.62#41.52#30.86
-91.07,39.0179#27.7#41.73#30.57
-91.0131,39.0166#27.79#41.94#30.27
-90.9562,39.0153#27.87#42.12#30.01
-90.8993,39.0139#27.94#42.3#29.76
-90.8423,39.0126#28.02#42.49#29.49
-90.7854,39.0112#28.1#42.67#29.23
-90.7285,39.0098#28.17#42.85#28.98
-90.6715,39.0084#28.25#43.04#28.71
-90.6146,39.007#28.33#43.22#28.45
-90.5577,39.0056#28.4#43.4#28.2
-90.5008,39.0041#28.48#43.59#27.93
-90.4438,39.0026#28.5#43.72#27.78
-90.3869,39.0011#28.52#43.86#27.62
-90.33,38.9996#28.53#43.99#27.48
-90.2731,38.9981#28.55#44.13#27.32
-90.2162,38.9965#28.57#44.26#27.17
-90.1593,38.995#28.59#44.39#27.02
-90.1024,38.9934#28.61#44.53#26.86
-90.0455,38.9918#28.62#44.66#26.72
-89.9886,38.9901#28.64#44.79#26.57
-89.9316,38.9885#28.62#44.9#26.48
-89.8747,38.9868#28.61#45.01#26.38
-89.8178,38.9852#28.59#45.12#26.29
-89.7609,38.9835#28.58#45.23#26.19
-89.704,38.9817#28.56#45.34#26.1
-89.6472,38.98#28.55#45.45#26
-89.5903,38.9782#28.54#45.56#25.9
-89.5334,38.9765#28.52#45.67#25.81
-89.4765,38.9747#28.48#45.76#25.76
-89.4196,38.9729#28.41#45.82#25.77
-89.3627,38.971#28.34#45.89#25.77
-89.3058,38.9692#28.26#45.95#25.79
-89.2489,38.9673#28.19#46.02#25.79
-89.1921,38.9654#28.12#46.08#25.8
-89.1352,38.9635#28.04#46.15#25.81
-89.0783,38.9616#27.97#46.21#25.82
-89.0214,38.9597#27.9#46.28#25.82
-88.9646,38.9577#27.87#46.33#25.8
-88.9077,38.9557#27.87#46.36#25.77
-88.8508,38.9537#27.88#46.39#25.73
-88.794,38.9517#27.88#46.42#25.7
-88.7371,38.9497#27.88#46.45#25.67
-88.6802,38.9476#27.88#46.49#25.63
-88.6234,38.9455#27.89#46.52#25.59
-88.5665,38.9434#27.89#46.55#25.56
-88.5097,38.9413#27.89#46.58#25.53
-88.4528,38.9392#27.93#46.6#25.47
-88.396,38.9371#27.97#46.62#25.41
-88.3391,38.9349#28.02#46.64#25.34
-88.2823,38.9327#28.06#46.66#25.28
-88.2254,38.9305#28.1#46.67#25.23
-88.1686,38.9283#28.14#46.69#25.17
-88.1118,38.9261#28.19#46.71#25.1
-88.0549,38.9238#28.23#46.73#25.04
-87.9981,38.9215#28.27#46.74#24.99
-87.9413,38.9192#28.29#46.74#24.97
-87.8844,38.9169#28.32#46.74#24.94
-87.8276,38.9146#28.34#46.75#24.91
-87.7708,38.9122#28.36#46.75#24.89
-87.714,38.9099#28.38#46.75#24.87
-87.6571,38.9075#28.41#46.75#24.84
-87.6003,38.9051#28.43#46.75#24.82
-87.5435,38.9026#28.45#46.76#24.79
-87.4867,38.9002#28.47#46.75#24.78
-103.484,38.9#27.88#29.2#42.92
-103.427,38.9027#27.93#29.2#42.87
-103.37,38.9055#27.97#29.2#42.83
-103.313,38.9082#28.01#29.2#42.79
-103.257,38.9109#28.06#29.19#42.75
-103.2,38.9136#28.1#29.19#42.71
-103.143,38.9162#28.14#29.19#42.67
-103.086,38.9189#28.18#29.19#42.63
-103.029,38.9215#28.23#29.18#42.59
-102.973,38.9241#28.28#29.18#42.54
-102.916,38.9267#28.35#29.18#42.47
-102.859,38.9293#28.42#29.18#42.4
-102.802,38.9319#28.49#29.18#42.33
-102.745,38.9344#28.56#29.19#42.25
-102.688,38.9369#28.63#29.19#42.18
-102.632,38.9394#28.7#29.19#42.11
-102.575,38.9419#28.77#29.19#42.04
-102.518,38.9444#28.84#29.19#41.97
-102.461,38.9468#28.93#29.19#41.88
-102.404,38.9492#29.01#29.19#41.8
-102.348,38.9516#29.1#29.19#41.71
-102.291,38.954#29.19#29.19#41.62
-102.234,38.9564#29.28#29.19#41.53
-102.177,38.9587#29.37#29.19#41.44
-102.12,38.9611#29.45#29.2#41.35
-102.063,38.9634#29.54#29.2#41.26
-102.006,38.9657#29.63#29.2#41.17
-101.95,38.968#29.7#29.2#41.1
-101.893,38.9702#29.78#29.2#41.02
-101.836,38.9725#29.85#29.2#40.95
-101.779,38.9747#29.92#29.21#40.87
-101.722,38.9769#29.99#29.21#40.8
-101.665,38.9791#30.07#29.21#40.72
-101.608,38.9812#30.14#29.21#40.65
-101.552,38.9834#30.21#29.21#40.58
-101.495,38.9855#30.28#29.22#40.5
-101.438,38.9876#30.32#29.22#40.46
-101.381,38.9897#30.35#29.22#40.43
-101.324,38.9918#30.39#29.22#40.39
-101.267,38.9938#30.43#29.22#40.35
-101.21,38.9959#30.47#29.23#40.3
-101.153,38.9979#30.5#29.23#40.27
-101.096,38.9999#30.54#29.23#40.23
-101.04,39.0019#30.58#29.23#40.19
-100.983,39.0038#30.61#29.24#40.15
-100.926,39.0058#30.62#29.24#40.14
-100.869,39.0077#30.63#29.24#40.13
-100.812,39.0096#30.64#29.24#40.12
-100.755,39.0115#30.65#29.24#40.11
-100.698,39.0134#30.66#29.25#40.09
-100.641,39.0152#30.67#29.25#40.08
-100.584,39.017#30.68#29.25#40.07
-100.527,39.0189#30.69#29.25#40.06
-100.471,39.0207#30.7#29.26#40.04
-100.414,39.0224#30.69#29.26#40.05
-100.357,39.0242#30.69#29.26#40.05
-100.3,39.0259#30.69#29.26#40.05
-100.243,39.0276#30.68#29.27#40.05
-100.186,39.0293#30.68#29.27#40.05
-100.129,39.031#30.68#29.27#40.05
-100.072,39.0327#30.68#29.27#40.05
-100.015,39.0343#30.68#29.27#40.05
-99.9582,39.036#30.67#29.3#40.03
-99.9013,39.0376#30.65#29.34#40.01
-99.8443,39.0392#30.64#29.37#39.99
-99.7874,39.0407#30.63#29.41#39.96
-99.7305,39.0423#30.62#29.44#39.94
-99.6735,39.0438#30.6#29.48#39.92
-99.6166,39.0453#30.59#29.51#39.9
-99.5596,39.0468#30.58#29.55#39.87
-99.5027,39.0483#30.57#29.59#39.84
-99.4458,39.0498#30.55#29.63#39.82
-99.3888,39.0512#30.52#29.68#39.8
-99.3319,39.0526#30.5#29.73#39.77
-99.2749,39.054#30.48#29.77#39.75
-99.218,39.0554#30.45#29.82#39.73
-99.161,39.0568#30.43#29.87#39.7
-99.104,39.0581#30.41#29.92#39.67
-99.0471,39.0595#30.39#29.96#39.65
-98.9901,39.0608#30.36#30.01#39.63
-98.9332,39.0621#30.33#30.03#39.64
-98.8762,39.0634#30.31#30.06#39.63
-98.8193,39.0646#30.28#30.09#39.63
-98.7623,39.0658#30.25#30.11#39.64
-98.7053,39.0671#30.22#30.14#39.64
-98.6484,39.0683#30.19#30.17#39.64
-98.5914,39.0694#30.16#30.19#39.65
-98.5344,39.0706#30.13#30.22#39.65
-98.4775,39.0718#30.1#30.22#39.68
-98.4205,39.0729#30.05#30.19#39.76
-98.3635,39.074#30#30.15#39.85
-98.3065,39.0751#29.94#30.12#39.94
-98.2496,39.0761#29.89#30.09#40.02
-98.1926,39.0772#29.84#30.05#40.11
-98.1356,39.0782#29.79#30.02#40.19
-98.0786,39.0792#29.74#29.98#40.28
-98.0217,39.0802#29.69#29.95#40.36
-97.9647,39.0812#29.63#29.91#40.46
-97.9077,39.0822#29.56#29.87#40.57
-97.8507,39.0831#29.49#29.82#40.69
-97.7937,39.084#29.42#29.78#40.8
-97.7368,39.0849#29.35#29.74#40.91
-97.6798,39.0858#29.29#29.7#41.01
-97.6228,39.0867#29.22#29.66#41.12
-97.5658,39.0875#29.15#29.62#41.23
-97.5088,39.0884#29.08#29.57#41.35
-97.4518,39.0892#29.01#29.56#41.43
-97.3948,39.09#28.93#29.54#41.53
-97.3378,39.0907#28.86#29.53#41.61
-97.2809,39.0915#28.79#29.52#41.69
-97.2239,39.0922#28.72#29.5#41.78
-97.1669,39.0929#28.64#29.49#41.87
-97.1099,39.0936#28.57#29.48#41.95
-97.0529,39.0943#28.5#29.46#42.04
-96.9959,39.095#28.42#29.45#42.13
-96.9389,39.0956#28.36#29.45#42.19
-96.8819,39.0962#28.29#29.46#42.25
-96.8249,39.0968#28.22#29.46#42.32
-96.7679,39.0974#28.16#29.46#42.38
-96.7109,39.098#28.09#29.46#42.45
-96.6539,39.0985#28.02#29.47#42.51
-96.5969,39.0991#27.96#29.47#42.57
-96.5399,39.0996#27.89#29.47#42.64
-96.4829,39.1001#27.84#29.48#42.68
-96.4259,39.1006#27.8#29.51#42.69
-96.3689,39.101#27.77#29.53#42.7
-96.3119,39.1014#27.73#29.55#42.72
-96.2549,39.1019#27.7#29.58#42.72
-96.1979,39.1023#27.66#29.6#42.74
-96.1409,39.1027#27.63#29.63#42.74
-96.0839,39.103#27.59#29.65#42.76
-96.0269,39.1034#27.56#29.68#42.76
-95.9699,39.1037#27.54#29.72#42.74
-95.9129,39.104#27.53#29.77#42.7
-95.8559,39.1043#27.52#29.82#42.66
-95.7989,39.1045#27.52#29.88#42.6
-95.7419,39.1048#27.51#29.93#42.56
-95.6849,39.105#27.5#29.98#42.52
-95.6279,39.1052#27.49#30.04#42.47
-95.5709,39.1054#27.49#30.09#42.42
-95.5138,39.1056#27.48#30.15#42.37
-95.4568,39.1058#27.47#30.22#42.31
-95.3998,39.1059#27.47#30.29#42.24
-95.3428,39.106#27.47#30.37#42.16
-95.2858,39.1061#27.47#30.44#42.09
-95.2288,39.1062#27.47#30.52#42.01
-95.1718,39.1063#27.47#30.59#41.94
-95.1148,39.1063#27.47#30.67#41.86
-95.0578,39.1064#27.47#30.74#41.79
-95.0008,39.1064#27.46#30.82#41.72
-94.9438,39.1064#27.46#30.9#41.64
-94.8868,39.1063#27.46#30.98#41.56
-94.8298,39.1063#27.45#31.06#41.49
-94.7728,39.1062#27.45#31.14#41.41
-94.7158,39.1061#27.45#31.22#41.33
-94.6587,39.106#27.44#31.31#41.25
-94.6017,39.1059#27.44#31.39#41.17
-94.5447,39.1058#27.44#31.47#41.09
-94.4877,39.1056#27.43#31.55#41.02
-94.4307,39.1054#27.42#31.64#40.94
-94.3737,39.1053#27.42#31.74#40.84
-94.3167,39.105#27.41#31.83#40.76
-94.2597,39.1048#27.4#31.92#40.68
-94.2027,39.1046#27.39#32.01#40.6
-94.1457,39.1043#27.38#32.11#40.51
-94.0887,39.104#27.37#32.2#40.43
-94.0317,39.1037#27.36#32.29#40.35
-93.9747,39.1034#27.35#32.41#40.24
-93.9177,39.103#27.34#32.55#40.11
-93.8607,39.1027#27.32#32.69#39.99
-93.8037,39.1023#27.3#32.82#39.88
-93.7467,39.1019#27.29#32.96#39.75
-93.6897,39.1015#27.27#33.1#39.63
-93.6327,39.101#27.25#33.24#39.51
-93.5757,39.1006#27.24#33.38#39.38
-93.5187,39.1001#27.22#33.52#39.26
-93.4617,39.0996#27.2#33.69#39.11
-93.4047,39.0991#27.17#33.88#38.95
-93.3477,39.0986#27.15#34.07#38.78
-93.2907,39.098#27.12#34.25#38.63
-93.2337,39.0974#27.09#34.44#38.47
-93.1767,39.0969#27.07#34.63#38.3
-93.1197,39.0963#27.04#34.82#38.14
-93.0627,39.0956#27.02#35#37.98
-93.0057,39.095#26.99#35.19#37.82
-92.9487,39.0943#26.98#35.39#37.63
-92.8917,39.0937#26.97#35.59#37.44
-92.8347,39.093#26.96#35.79#37.25
-92.7777,39.0922#26.95#35.99#37.06
-92.7207,39.0915#26.94#36.19#36.87
-92.6637,39.0908#26.93#36.39#36.68
-92.6067,39.09#26.92#36.6#36.48
-92.5497,39.0892#26.91#36.8#36.29
-92.4928,39.0884#26.9#37#36.1
-92.4358,39.0876#26.91#37.18#35.91
-92.3788,39.0867#26.91#37.37#35.72
-92.3218,39.0858#26.92#37.55#35.53
-92.2648,39.085#26.93#37.73#35.34
-92.2078,39.0841#26.93#37.92#35.15
-92.1509,39.0831#26.94#38.1#34.96
-92.0939,39.0822#26.94#38.29#34.77
-92.0369,39.0812#26.95#38.47#34.58
-91.9799,39.0803#26.96#38.66#34.38
-91.9229,39.0793#26.97#38.87#34.16
-91.866,39.0783#26.99#39.07#33.94
-91.809,39.0772#27#39.27#33.73
-91.752,39.0762#27.01#39.47#33.52
-91.695,39.0751#27.03#39.67#33.3
-91.6381,39.074#27.04#39.87#33.09
-91.5811,39.0729#27.05#40.07#32.88
-91.5241,39.0718#27.07#40.27#32.66
-91.4671,39.0706#27.12#40.47#32.41
-91.4102,39.0695#27.21#40.69#32.1
-91.3532,39.0683#27.29#40.9#31.81
-91.2962,39.0671#27.37#41.11#31.52
-91.2393,39.0659#27.46#41.32#31.22
-91.1823,39.0646#27.54#41.53#30.93
-91.1254,39.0634#27.63#41.74#30.63
-91.0684,39.0621#27.71#41.95#30.34
-91.0114,39.0608#27.8#42.16#30.04
-90.9545,39.0595#27.87#42.34#29.79
-90.8975,39.0582#27.95#42.51#29.54
-90.8406,39.0568#28.02#42.69#29.29
-90.7836,39.0555#28.1#42.86#29.04
-90.7267,39.0541#28.18#43.04#28.78
-90.6697,39.0527#28.25#43.21#28.54
-90.6128,39.0513#28.33#43.39#28.28
-90.5558,39.0498#28.4#43.56#28.04
-90.4989,39.0484#28.48#43.74#27.78
-90.4419,39.0469#28.49#43.87#27.64
-90.385,39.0454#28.51#44#27.49
-90.3281,39.0439#28.53#44.13#27.34
-90.2711,39.0423#28.54#44.26#27.2
-90.2142,39.0408#28.56#44.4#27.04
-90.1572,39.0392#28.58#44.53#26.89
-90.1003,39.0376#28.6#44.66#26.74
-90.0434,39.036#28.61#44.79#26.6
-89.9864,39.0344#28.62#44.92#26.46
-89.9295,39.0327#28.61#45.02#26.37
-89.8726,39.0311#28.59#45.12#26.29
-89.8157,39.0294#28.58#45.23#26.19
-89.7587,39.0277#28.56#45.33#26.11
-89.7018,39.026#28.55#45.43#26.02
-89.6449,39.0242#28.54#45.54#25.92
-89.588,39.0225#28.52#45.64#25.84
-89.5311,39.0207#28.51#45.75#25.74
-89.4742,39.0189#28.47#45.83#25.7
-89.4172,39.0171#28.4#45.89#25.71
-89.3603,39.0153#28.32#45.95#25.73
-89.3034,39.0134#28.25#46.01#25.74
-89.2465,39.0115#28.18#46.07#25.75
-89.1896,39.0097#28.11#46.13#25.76
-89.1327,39.0078#28.04#46.2#25.76
-89.0758,39.0058#27.97#46.26#25.77
-89.0189,39.0039#27.89#46.32#25.79
-88.962,39.0019#27.87#46.36#25.77
-88.9051,38.9999#27.88#46.39#25.73
-88.8482,38.998#27.88#46.42#25.7
-88.7914,38.9959#27.88#46.45#25.67
-88.7345,38.9939#27.89#46.48#25.63
-88.6776,38.9918#27.89#46.51#25.6
-88.6207,38.9898#27.89#46.54#25.57
-88.5638,38.9877#27.89#46.57#25.54
-88.5069,38.9856#27.9#46.61#25.49
-88.4501,38.9834#27.94#46.62#25.44
-88.3932,38.9813#27.98#46.64#25.38
-88.3363,38.9791#28.02#46.65#25.33
-88.2795,38.9769#28.07#46.67#25.26
-88.2226,38.9747#28.11#46.69#25.2
-88.1657,38.9725#28.15#46.7#25.15
-88.1089,38.9703#28.2#46.72#25.08
-88.052,38.968#28.24#46.74#25.02
-87.9951,38.9657#28.28#46.75#24.97
-87.9383,38.9635#28.31#46.75#24.94
-87.8814,38.9611#28.33#46.75#24.92
-87.8246,38.9588#28.35#46.75#24.9
-87.7677,38.9565#28.37#46.75#24.88
-87.7109,38.9541#28.4#46.74#24.86
-87.6541,38.9517#28.42#46.74#24.84
-87.5972,38.9493#28.44#46.74#24.82
-87.5404,38.9469#28.46#46.74#24.8
-87.4836,38.9444#28.48#46.73#24.79
-87.4267,38.942#28.5#46.69#24.81
-87.3699,38.9395#28.51#46.66#24.83
-87.3131,38.937#28.53#46.62#24.85
-87.2562,38.9345#28.54#46.58#24.88
-87.1994,38.9319#28.55#46.55#24.9
-87.1426,38.9294#28.57#46.51#24.92
-87.0858,38.9268#28.58#46.48#24.94
-87.029,38.9242#28.6#46.44#24.96
-86.9722,38.9216#28.61#46.38#25.01
-86.9154,38.919#28.62#46.28#25.1
-86.8586,38.9163#28.63#46.19#25.18
-86.8018,38.9136#28.65#46.09#25.26
-86.745,38.911#28.66#46#25.34
-86.6882,38.9083#28.67#45.91#25.42
-86.6314,38.9055#28.68#45.82#25.5
-86.5746,38.9028#28.69#45.73#25.58
-86.5178,38.9#28.71#45.64#25.65
-104.339,38.9005#27.18#29.41#43.41
-104.282,38.9036#27.23#29.39#43.38
-104.226,38.9066#27.27#29.37#43.36
-104.169,38.9096#27.32#29.34#43.34
-104.112,38.9126#27.37#29.32#43.31
-104.055,38.9155#27.41#29.3#43.29
-103.998,38.9185#27.46#29.28#43.26
-103.942,38.9214#27.49#29.27#43.24
-103.885,38.9243#27.53#29.27#43.2
-103.828,38.9272#27.57#29.26#43.17
-103.771,38.9301#27.6#29.25#43.15
-103.715,38.9329#27.64#29.24#43.12
-103.658,38.9358#27.68#29.23#43.09
-103.601,38.9386#27.71#29.22#43.07
-103.544,38.9414#27.75#29.22#43.03
-103.487,38.9442#27.78#29.21#43.01
-103.431,38.9469#27.83#29.21#42.96
-103.374,38.9497#27.87#29.2#42.93
-103.317,38.9524#27.91#29.2#42.89
-103.26,38.9551#27.95#29.2#42.85
-103.203,38.9578#27.99#29.2#42.81
-103.146,38.9604#28.03#29.19#42.78
-103.09,38.9631#28.07#29.19#42.74
-103.033,38.9657#28.12#29.19#42.69
-102.976,38.9683#28.17#29.19#42.64
-102.919,38.9709#28.24#29.19#42.57
-102.862,38.9735#28.31#29.19#42.5
-102.805,38.9761#28.38#29.19#42.43
-102.749,38.9786#28.45#29.19#42.36
-102.692,38.9811#28.51#29.19#42.3
-102.635,38.9836#28.58#29.19#42.23
-102.578,38.9861#28.65#29.19#42.16
-102.521,38.9886#28.72#29.19#42.09
-102.464,38.991#28.8#29.19#42.01
-102.407,38.9934#28.89#29.19#41.92
-102.351,38.9958#28.97#29.19#41.84
-102.294,38.9982#29.06#29.19#41.75
-102.237,39.0006#29.15#29.2#41.65
-102.18,39.003#29.23#29.2#41.57
-102.123,39.0053#29.32#29.2#41.48
-102.066,39.0076#29.4#29.2#41.4
-102.009,39.0099#29.49#29.2#41.31
-101.952,39.0122#29.56#29.2#41.24
-101.896,39.0144#29.64#29.2#41.16
-101.839,39.0167#29.71#29.21#41.08
-101.782,39.0189#29.78#29.21#41.01
-101.725,39.0211#29.85#29.21#40.94
-101.668,39.0233#29.93#29.21#40.86
-101.611,39.0255#30#29.21#40.79
-101.554,39.0276#30.07#29.22#40.71
-101.497,39.0297#30.14#29.22#40.64
-101.44,39.0318#30.18#29.22#40.6
-101.384,39.0339#30.22#29.22#40.56
-101.327,39.036#30.26#29.22#40.52
-101.27,39.0381#30.3#29.23#40.47
-101.213,39.0401#30.33#29.23#40.44
-101.156,39.0421#30.37#29.23#40.4
-101.099,39.0441#30.41#29.23#40.36
-101.042,39.0461#30.45#29.24#40.31
-100.985,39.0481#30.48#29.24#40.28
-100.928,39.05#30.49#29.24#40.27
-100.871,39.0519#30.5#29.24#40.26
-100.814,39.0538#30.51#29.24#40.25
-100.757,39.0557#30.52#29.25#40.23
-100.701,39.0576#30.54#29.25#40.21
-100.644,39.0594#30.55#29.25#40.2
-100.587,39.0613#30.56#29.25#40.19
-100.53,39.0631#30.57#29.26#40.17
-100.473,39.0649#30.58#29.26#40.16
-100.416,39.0667#30.57#29.26#40.17
-100.359,39.0684#30.57#29.26#40.17
-100.302,39.0702#30.57#29.26#40.17
-100.245,39.0719#30.57#29.27#40.16
-100.188,39.0736#30.57#29.27#40.16
-100.131,39.0753#30.57#29.27#40.16
-100.074,39.0769#30.57#29.27#40.16
-100.017,39.0786#30.57#29.28#40.15
-99.9603,39.0802#30.56#29.3#40.14
-99.9033,39.0818#30.55#29.34#40.11
-99.8464,39.0834#30.54#29.37#40.09
-99.7894,39.085#30.53#29.41#40.06
