-96.6917,37.9#31.38#29.36#39.26
-96.6353,37.9005#31.31#29.36#39.33
-96.579,37.9011#31.23#29.36#39.41
-96.5226,37.9016#31.16#29.35#39.49
-96.4663,37.9021#31.06#29.35#39.59
-96.4099,37.9025#30.96#29.35#39.69
-96.3535,37.903#30.85#29.35#39.8
-96.2972,37.9034#30.75#29.35#39.9
-96.2408,37.9038#30.64#29.35#40.01
-96.1845,37.9042#30.53#29.35#40.12
-96.1281,37.9046#30.43#29.35#40.22
-96.0717,37.905#30.32#29.35#40.33
-96.0154,37.9053#30.22#29.35#40.43
-95.959,37.9056#30.12#29.36#40.52
-95.9026,37.9059#30.03#29.36#40.61
-95.8463,37.9062#29.94#29.37#40.69
-95.7899,37.9065#29.85#29.37#40.78
-95.7335,37.9067#29.76#29.37#40.87
-95.6772,37.907#29.67#29.38#40.95
-95.6208,37.9072#29.58#29.38#41.04
-95.5644,37.9074#29.49#29.39#41.12
-95.5081,37.9076#29.4#29.39#41.21
-95.4517,37.9077#29.32#29.41#41.27
-95.3953,37.9079#29.24#29.42#41.34
-95.339,37.908#29.16#29.44#41.4
-95.2826,37.9081#29.08#29.45#41.47
-95.2262,37.9082#29#29.47#41.53
-95.1699,37.9082#28.92#29.49#41.59
-95.1135,37.9083#28.84#29.5#41.66
-95.0571,37.9083#28.75#29.52#41.73
-95.0008,37.9083#28.67#29.54#41.79
-94.9444,37.9083#28.6#29.58#41.82
-94.888,37.9083#28.54#29.62#41.84
-94.8317,37.9082#28.47#29.66#41.87
-94.7753,37.9082#28.4#29.7#41.9
-94.7189,37.9081#28.33#29.74#41.93
-94.6626,37.908#28.26#29.78#41.96
-94.6062,37.9079#28.19#29.82#41.99
-94.5498,37.9077#28.12#29.85#42.03
-94.4935,37.9076#28.05#29.9#42.05
-94.4371,37.9074#28#29.96#42.04
-94.3807,37.9072#27.95#30.03#42.02
-94.3244,37.907#27.89#30.1#42.01
-94.268,37.9067#27.84#30.16#42
-94.2117,37.9065#27.79#30.23#41.98
-94.1553,37.9062#27.74#30.29#41.97
-94.0989,37.9059#27.69#30.36#41.95
-94.0426,37.9056#27.63#30.43#41.94
-93.9862,37.9053#27.59#30.5#41.91
-93.9298,37.905#27.56#30.57#41.87
-93.8735,37.9046#27.53#30.65#41.82
-93.8171,37.9042#27.5#30.73#41.77
-93.7607,37.9038#27.47#30.81#41.72
-93.7044,37.9034#27.44#30.89#41.67
-93.648,37.903#27.42#30.97#41.61
-93.5917,37.9025#27.39#31.05#41.56
-93.5353,37.9021#27.36#31.13#41.51
-93.4789,37.9016#27.34#31.21#41.45
-93.4226,37.9011#27.32#31.3#41.38
-93.3662,37.9005#27.31#31.38#41.31
-93.3099,37.9#27.29#31.47#41.24
-99.2287,37.9008#33.99#29.79#36.22
-99.1724,37.9021#33.95#29.84#36.21
-99.116,37.9035#33.91#29.89#36.2
-99.0597,37.9048#33.86#29.93#36.21
-99.0033,37.9062#33.82#29.98#36.2
-98.947,37.9075#33.79#30.01#36.2
-98.8906,37.9088#33.77#30.04#36.19
-98.8343,37.91#33.74#30.06#36.2
-98.778,37.9113#33.71#30.09#36.2
-98.7216,37.9125#33.68#30.11#36.21
-98.6653,37.9137#33.66#30.14#36.2
-98.6089,37.9149#33.63#30.17#36.2
-98.5526,37.9161#33.6#30.19#36.21
-98.4962,37.9172#33.57#30.21#36.22
-98.4399,37.9184#33.51#30.18#36.31
-98.3835,37.9195#33.44#30.14#36.42
-98.3271,37.9206#33.38#30.11#36.51
-98.2708,37.9217#33.32#30.07#36.61
-98.2144,37.9227#33.25#30.03#36.72
-98.1581,37.9238#33.19#30#36.81
-98.1017,37.9248#33.12#29.96#36.92
-98.0453,37.9258#33.06#29.93#37.01
-97.989,37.9268#32.99#29.89#37.12
-97.9326,37.9278#32.91#29.84#37.25
-97.8763,37.9287#32.82#29.8#37.38
-97.8199,37.9297#32.74#29.76#37.5
-97.7635,37.9306#32.66#29.72#37.62
-97.7072,37.9315#32.57#29.67#37.76
-97.6508,37.9324#32.49#29.63#37.88
-97.5944,37.9332#32.4#29.59#38.01
-97.5381,37.9341#32.32#29.54#38.14
-97.4817,37.9349#32.24#29.51#38.25
-97.4253,37.9357#32.17#29.49#38.34
-97.3689,37.9365#32.1#29.48#38.42
-97.3126,37.9372#32.03#29.47#38.5
-97.2562,37.938#31.97#29.45#38.58
-97.1998,37.9387#31.9#29.44#38.66
-97.1434,37.9394#31.83#29.42#38.75
-97.0871,37.9401#31.76#29.41#38.83
-97.0307,37.9408#31.69#29.39#38.92
-96.9743,37.9415#31.62#29.38#39
-96.9179,37.9421#31.54#29.38#39.08
-96.8615,37.9427#31.46#29.38#39.16
-96.8052,37.9433#31.39#29.37#39.24
-96.7488,37.9439#31.31#29.37#39.32
-96.6924,37.9445#31.24#29.37#39.39
-96.636,37.945#31.16#29.36#39.48
-96.5796,37.9455#31.09#29.36#39.55
-96.5233,37.946#31.01#29.35#39.64
-96.4669,37.9465#30.92#29.35#39.73
-96.4105,37.947#30.81#29.35#39.84
-96.3541,37.9475#30.71#29.35#39.94
-96.2977,37.9479#30.61#29.36#40.03
-96.2413,37.9483#30.5#29.36#40.14
-96.1849,37.9487#30.4#29.36#40.24
-96.1286,37.9491#30.29#29.36#40.35
-96.0722,37.9495#30.19#29.36#40.45
-96.0158,37.9498#30.09#29.36#40.55
-95.9594,37.9501#29.99#29.36#40.65
-95.903,37.9504#29.9#29.37#40.73
-95.8466,37.9507#29.82#29.37#40.81
-95.7902,37.951#29.73#29.38#40.89
-95.7338,37.9512#29.64#29.38#40.98
-95.6775,37.9515#29.55#29.39#41.06
-95.6211,37.9517#29.46#29.39#41.15
-95.5647,37.9519#29.38#29.39#41.23
-95.5083,37.952#29.29#29.4#41.31
-95.4519,37.9522#29.21#29.42#41.37
-95.3955,37.9523#29.13#29.43#41.44
-95.3391,37.9525#29.05#29.45#41.5
-95.2827,37.9526#28.97#29.47#41.56
-95.2263,37.9526#28.9#29.49#41.61
-95.17,37.9527#28.82#29.51#41.67
-95.1136,37.9528#28.74#29.53#41.73
-95.0572,37.9528#28.66#29.55#41.79
-95.0008,37.9528#28.59#29.56#41.85
-94.9444,37.9528#28.52#29.61#41.87
-94.888,37.9528#28.45#29.65#41.9
-94.8316,37.9527#28.39#29.69#41.92
-94.7752,37.9526#28.32#29.73#41.95
-94.7188,37.9526#28.26#29.78#41.96
-94.6624,37.9525#28.19#29.82#41.99
-94.606,37.9523#28.13#29.86#42.01
-94.5497,37.9522#28.06#29.9#42.04
-94.4933,37.952#28#29.95#42.05
-94.4369,37.9519#27.95#30.02#42.03
-94.3805,37.9517#27.89#30.08#42.03
-94.3241,37.9515#27.84#30.15#42.01
-94.2677,37.9512#27.79#30.22#41.99
-94.2113,37.951#27.74#30.29#41.97
-94.1549,37.9507#27.69#30.36#41.95
-94.0985,37.9504#27.64#30.42#41.94
-94.0422,37.9501#27.59#30.49#41.92
-93.9858,37.9498#27.54#30.56#41.9
-93.9294,37.9495#27.52#30.64#41.84
-93.873,37.9491#27.49#30.72#41.79
-93.8166,37.9487#27.46#30.8#41.74
-93.7602,37.9483#27.43#30.88#41.69
-93.7038,37.9479#27.4#30.96#41.64
-93.6475,37.9475#27.38#31.04#41.58
-93.5911,37.947#27.35#31.12#41.53
-93.5347,37.9465#27.32#31.2#41.48
-93.4783,37.9461#27.3#31.28#41.42
-93.4219,37.9456#27.28#31.37#41.35
-93.3655,37.945#27.27#31.45#41.28
-93.3092,37.9445#27.26#31.54#41.2
-93.2528,37.9439#27.24#31.63#41.13
-93.1964,37.9433#27.23#31.71#41.06
-93.14,37.9427#27.21#31.8#40.99
-93.0836,37.9421#27.2#31.88#40.92
-93.0273,37.9415#27.18#31.97#40.85
-92.9709,37.9408#27.17#32.07#40.76
-92.9145,37.9401#27.17#32.18#40.65
-92.8581,37.9395#27.16#32.29#40.55
-92.8017,37.9387#27.16#32.4#40.44
-92.7454,37.938#27.15#32.52#40.33
-92.689,37.9373#27.14#32.63#40.23
-92.6326,37.9365#27.14#32.74#40.12
-92.5762,37.9357#27.13#32.85#40.02
-92.5199,37.9349#27.13#32.96#39.91
-92.4635,37.9341#27.12#33.09#39.79
-92.4071,37.9332#27.12#33.24#39.64
-92.3508,37.9324#27.12#33.38#39.5
-92.2944,37.9315#27.12#33.53#39.35
-92.238,37.9306#27.12#33.67#39.21
-92.1817,37.9297#27.11#33.81#39.08
-92.1253,37.9288#27.11#33.96#38.93
-92.0689,37.9278#27.11#34.1#38.79
-92.0126,37.9268#27.11#34.24#38.65
-91.9562,37.9258#27.11#34.41#38.48
-91.8998,37.9248#27.11#34.58#38.31
-91.8435,37.9238#27.11#34.75#38.14
-91.7871,37.9228#27.11#34.92#37.97
-91.7308,37.9217#27.11#35.09#37.8
-91.6744,37.9206#27.11#35.26#37.63
-91.6181,37.9195#27.12#35.43#37.45
-91.5617,37.9184#27.12#35.6#37.28
-91.5053,37.9173#27.12#35.77#37.11
-91.449,37.9161#27.2#35.94#36.86
-91.3926,37.9149#27.28#36.11#36.61
-91.3363,37.9137#27.37#36.28#36.35
-91.2799,37.9125#27.45#36.45#36.1
-91.2236,37.9113#27.54#36.62#35.84
-91.1673,37.9101#27.62#36.79#35.59
-91.1109,37.9088#27.71#36.96#35.33
-91.0546,37.9075#27.8#37.13#35.07
-90.9982,37.9062#27.88#37.3#34.82
-90.9419,37.9049#27.97#37.47#34.56
-90.8855,37.9035#28.07#37.64#34.29
-90.8292,37.9022#28.16#37.81#34.03
-90.7729,37.9008#28.25#37.98#33.77
-100.752,37.901#34.49#29.2#36.31
-100.695,37.9029#34.48#29.2#36.32
-100.639,37.9048#34.47#29.2#36.33
-100.583,37.9066#34.47#29.2#36.33
-100.526,37.9084#34.46#29.21#36.33
-100.47,37.9102#34.45#29.21#36.34
-100.414,37.912#34.43#29.21#36.36
-100.357,37.9138#34.41#29.21#36.38
-100.301,37.9155#34.4#29.22#36.38
-100.245,37.9173#34.38#29.22#36.4
-100.188,37.919#34.37#29.22#36.41
-100.132,37.9207#34.35#29.22#36.43
-100.076,37.9223#34.33#29.22#36.45
-100.019,37.924#34.32#29.23#36.45
-99.963,37.9256#34.29#29.25#36.46
-99.9066,37.9273#34.25#29.29#36.46
-99.8503,37.9289#34.22#29.33#36.45
-99.794,37.9304#34.18#29.36#36.46
-99.7376,37.932#34.15#29.4#36.45
-99.6813,37.9335#34.11#29.44#36.45
-99.6249,37.9351#34.08#29.48#36.44
-99.5686,37.9366#34.04#29.51#36.45
-99.5122,37.9381#34.01#29.55#36.44
-99.4559,37.9395#33.97#29.6#36.43
-99.3995,37.941#33.93#29.65#36.42
-99.3432,37.9424#33.89#29.69#36.42
-99.2868,37.9438#33.85#29.74#36.41
-99.2304,37.9452#33.81#29.79#36.4
-99.1741,37.9466#33.77#29.84#36.39
-99.1177,37.948#33.73#29.89#36.38
-99.0614,37.9493#33.69#29.93#36.38
-99.005,37.9506#33.65#29.98#36.37
-98.9486,37.9519#33.63#30.01#36.36
-98.8923,37.9532#33.6#30.04#36.36
-98.8359,37.9545#33.57#30.06#36.37
-98.7795,37.9557#33.55#30.09#36.36
-98.7232,37.957#33.52#30.11#36.37
-98.6668,37.9582#33.49#30.14#36.37
-98.6104,37.9594#33.47#30.17#36.36
-98.554,37.9605#33.44#30.19#36.37
-98.4977,37.9617#33.41#30.21#36.38
-98.4413,37.9628#33.35#30.18#36.47
-98.3849,37.964#33.29#30.14#36.57
-98.3285,37.9651#33.23#30.11#36.66
-98.2721,37.9661#33.16#30.07#36.77
-98.2158,37.9672#33.1#30.04#36.86
-98.1594,37.9683#33.04#30#36.96
-98.103,37.9693#32.97#29.96#37.07
-98.0466,37.9703#32.91#29.93#37.16
-97.9902,37.9713#32.85#29.89#37.26
-97.9338,37.9722#32.76#29.85#37.39
-97.8775,37.9732#32.68#29.8#37.52
-97.8211,37.9741#32.6#29.76#37.64
-97.7647,37.9751#32.52#29.72#37.76
-97.7083,37.9759#32.44#29.67#37.89
-97.6519,37.9768#32.36#29.63#38.01
-97.5955,37.9777#32.27#29.59#38.14
-97.5391,37.9785#32.19#29.55#38.26
-97.4827,37.9794#32.12#29.51#38.37
-97.4263,37.9802#32.04#29.5#38.46
-97.3699,37.9809#31.97#29.48#38.55
-97.3135,37.9817#31.9#29.47#38.63
-97.2571,37.9825#31.83#29.45#38.72
-97.2007,37.9832#31.76#29.44#38.8
-97.1443,37.9839#31.69#29.43#38.88
-97.0879,37.9846#31.62#29.41#38.97
-97.0315,37.9853#31.55#29.4#39.05
-96.9751,37.9859#31.48#29.39#39.13
-96.9187,37.9866#31.4#29.38#39.22
-96.8623,37.9872#31.32#29.38#39.3
-96.8059,37.9878#31.25#29.38#39.37
-96.7495,37.9884#31.17#29.37#39.46
-96.6931,37.9889#31.09#29.37#39.54
-96.6367,37.9895#31.02#29.36#39.62
-96.5803,37.99#30.94#29.36#39.7
-96.5239,37.9905#30.86#29.36#39.78
-96.4675,37.991#30.77#29.36#39.87
-96.4111,37.9915#30.67#29.36#39.97
-96.3547,37.9919#30.57#29.36#40.07
-96.2983,37.9924#30.46#29.36#40.18
-96.2419,37.9928#30.36#29.36#40.28
-96.1854,37.9932#30.26#29.36#40.38
-96.129,37.9936#30.16#29.36#40.48
-96.0726,37.9939#30.06#29.36#40.58
-96.0162,37.9943#29.96#29.36#40.68
-95.9598,37.9946#29.86#29.36#40.78
-95.9034,37.9949#29.78#29.37#40.85
-95.847,37.9952#29.69#29.38#40.93
-95.7906,37.9955#29.6#29.38#41.02
-95.7342,37.9957#29.52#29.39#41.09
-95.6777,37.9959#29.43#29.39#41.18
-95.6213,37.9961#29.34#29.4#41.26
-95.5649,37.9963#29.26#29.4#41.34
-95.5085,37.9965#29.17#29.41#41.42
-95.4521,37.9967#29.09#29.43#41.48
-95.3957,37.9968#29.02#29.45#41.53
-95.3393,37.9969#28.94#29.47#41.59
-95.2828,37.997#28.87#29.49#41.64
-95.2264,37.9971#28.8#29.51#41.69
-95.17,37.9972#28.72#29.53#41.75
-95.1136,37.9972#28.65#29.55#41.8
-95.0572,37.9973#28.57#29.57#41.86
-95.0008,37.9973#28.5#29.59#41.91
-94.9444,37.9973#28.44#29.64#41.92
-94.888,37.9972#28.37#29.68#41.95
-94.8315,37.9972#28.31#29.73#41.96
-94.7751,37.9971#28.25#29.77#41.98
-94.7187,37.997#28.19#29.82#41.99
-94.6623,37.9969#28.13#29.86#42.01
-94.6059,37.9968#28.06#29.91#42.03
-94.5495,37.9967#28#29.95#42.05
-94.4931,37.9965#27.94#30#42.06
-94.4366,37.9963#27.89#30.07#42.04
-94.3802,37.9962#27.84#30.14#42.02
-94.3238,37.9959#27.79#30.21#42
-94.2674,37.9957#27.74#30.28#41.98
-94.211,37.9955#27.69#30.35#41.96
-94.1546,37.9952#27.65#30.42#41.93
-94.0982,37.9949#27.6#30.49#41.91
-94.0418,37.9946#27.55#30.56#41.89
-93.9853,37.9943#27.5#30.63#41.87
-93.9289,37.9939#27.48#30.71#41.81
-93.8725,37.9936#27.45#30.79#41.76
-93.8161,37.9932#27.42#30.87#41.71
-93.7597,37.9928#27.39#30.95#41.66
-93.7033,37.9924#27.36#31.03#41.61
-93.6469,37.9919#27.34#31.11#41.55
-93.5905,37.9915#27.31#31.19#41.5
-93.5341,37.991#27.28#31.27#41.45
-93.4777,37.9905#27.26#31.35#41.39
-93.4213,37.99#27.24#31.44#41.32
-93.3649,37.9895#27.23#31.52#41.25
-93.3085,37.989#27.22#31.61#41.17
-93.252,37.9884#27.2#31.7#41.1
-93.1956,37.9878#27.19#31.79#41.02
-93.1392,37.9872#27.18#31.87#40.95
-93.0828,37.9866#27.16#31.96#40.88
-93.0264,37.986#27.15#32.05#40.8
-92.97,37.9853#27.14#32.15#40.71
-92.9136,37.9846#27.14#32.27#40.59
-92.8572,37.9839#27.13#32.39#40.48
-92.8008,37.9832#27.12#32.5#40.38
-92.7444,37.9825#27.12#32.62#40.26
-92.688,37.9817#27.11#32.74#40.15
-92.6316,37.981#27.11#32.86#40.03
-92.5752,37.9802#27.1#32.97#39.93
-92.5188,37.9794#27.1#33.09#39.81
-92.4625,37.9786#27.09#33.23#39.68
-92.4061,37.9777#27.09#33.38#39.53
-92.3497,37.9769#27.09#33.52#39.39
-92.2933,37.976#27.09#33.67#39.24
-92.2369,37.9751#27.09#33.82#39.09
-92.1805,37.9742#27.08#33.97#38.95
-92.1241,37.9732#27.08#34.12#38.8
-92.0677,37.9723#27.08#34.26#38.66
-92.0113,37.9713#27.08#34.41#38.51
-91.9549,37.9703#27.08#34.58#38.34
-91.8986,37.9693#27.08#34.75#38.17
-91.8422,37.9683#27.08#34.92#38
-91.7858,37.9672#27.09#35.09#37.82
-91.7294,37.9662#27.09#35.26#37.65
-91.673,37.9651#27.09#35.43#37.48
-91.6166,37.964#27.09#35.6#37.31
-91.5603,37.9629#27.09#35.77#37.14
-91.5039,37.9617#27.1#35.95#36.95
-91.4475,37.9606#27.18#36.12#36.7
-91.3911,37.9594#27.26#36.28#36.46
-91.3348,37.9582#27.35#36.45#36.2
-91.2784,37.957#27.44#36.62#35.94
-91.222,37.9558#27.52#36.79#35.69
-91.1657,37.9545#27.61#36.96#35.43
-91.1093,37.9533#27.7#37.13#35.17
-91.0529,37.952#27.78#37.3#34.92
-90.9966,37.9507#27.87#37.47#34.66
-90.9402,37.9493#27.96#37.64#34.4
-90.8838,37.948#28.05#37.82#34.13
-90.8275,37.9466#28.15#37.99#33.86
-90.7711,37.9453#28.24#38.16#33.6
-90.7148,37.9439#28.33#38.33#33.34
-90.6584,37.9425#28.43#38.51#33.06
-90.602,37.941#28.52#38.68#32.8
-90.5457,37.9396#28.61#38.85#32.54
-90.4893,37.9381#28.7#39.02#32.28
-90.433,37.9366#28.73#39.21#32.06
-90.3766,37.9351#28.77#39.39#31.84
-90.3203,37.9336#28.81#39.58#31.61
-90.2639,37.932#28.84#39.76#31.4
-90.2076,37.9305#28.88#39.94#31.18
-90.1513,37.9289#28.92#40.12#30.96
-90.0949,37.9273#28.95#40.31#30.74
-90.0386,37.9257#28.99#40.49#30.52
-89.9822,37.924#29.02#40.68#30.3
-89.9259,37.9224#29.02#40.9#30.08
-89.8696,37.9207#29.02#41.12#29.86
-89.8132,37.919#29.02#41.34#29.64
-89.7569,37.9173#29.02#41.56#29.42
-89.7006,37.9156#29.02#41.78#29.2
-89.6442,37.9138#29.03#42#28.97
-89.5879,37.9121#29.03#42.22#28.75
-89.5316,37.9103#29.03#42.44#28.53
-89.4753,37.9085#29#42.64#28.36
-89.419,37.9067#28.94#42.82#28.24
-89.3626,37.9048#28.88#43.01#28.11
-89.3063,37.903#28.82#43.19#27.99
-89.25,37.9011#28.75#43.37#27.88
-101.937,37.9018#33.41#29.15#37.44
-101.88,37.9041#33.49#29.16#37.35
-101.824,37.9063#33.56#29.16#37.28
-101.768,37.9085#33.64#29.16#37.2
-101.711,37.9107#33.71#29.16#37.13
-101.655,37.9129#33.79#29.16#37.05
-101.599,37.9151#33.86#29.17#36.97
-101.542,37.9173#33.94#29.17#36.89
-101.486,37.9194#34#29.17#36.83
-101.43,37.9215#34.04#29.17#36.79
-101.374,37.9236#34.08#29.18#36.74
-101.317,37.9257#34.12#29.18#36.7
-101.261,37.9278#34.16#29.18#36.66
-101.205,37.9298#34.2#29.18#36.62
-101.148,37.9318#34.24#29.18#36.58
-101.092,37.9338#34.28#29.19#36.53
-101.036,37.9358#34.32#29.19#36.49
-100.979,37.9378#34.34#29.19#36.47
-100.923,37.9397#34.33#29.19#36.48
-100.867,37.9417#34.32#29.2#36.48
-100.81,37.9436#34.32#29.2#36.48
-100.754,37.9455#34.31#29.2#36.49
-100.698,37.9474#34.3#29.2#36.5
-100.641,37.9492#34.29#29.2#36.51
-100.585,37.9511#34.28#29.21#36.51
-100.529,37.9529#34.27#29.21#36.52
-100.472,37.9547#34.25#29.21#36.54
-100.416,37.9565#34.24#29.21#36.55
-100.36,37.9582#34.22#29.22#36.56
-100.303,37.96#34.2#29.22#36.58
-100.247,37.9617#34.18#29.22#36.6
-100.19,37.9634#34.17#29.22#36.61
-100.134,37.9651#34.15#29.22#36.63
-100.078,37.9668#34.13#29.23#36.64
-100.021,37.9684#34.11#29.23#36.66
-99.965,37.9701#34.08#29.25#36.67
-99.9087,37.9717#34.05#29.29#36.66
-99.8523,37.9733#34.02#29.33#36.65
-99.796,37.9749#33.98#29.37#36.65
-99.7396,37.9765#33.95#29.4#36.65
-99.6832,37.978#33.92#29.44#36.64
-99.6268,37.9795#33.88#29.48#36.64
-99.5705,37.981#33.85#29.51#36.64
-99.5141,37.9825#33.82#29.55#36.63
-99.4577,37.984#33.78#29.6#36.62
-99.4013,37.9854#33.74#29.65#36.61
-99.345,37.9869#33.71#29.69#36.6
-99.2886,37.9883#33.67#29.74#36.59
-99.2322,37.9897#33.63#29.79#36.58
-99.1758,37.9911#33.6#29.84#36.56
-99.1194,37.9924#33.56#29.88#36.56
-99.0631,37.9938#33.52#29.93#36.55
-99.0067,37.9951#33.49#29.98#36.53
-98.9503,37.9964#33.46#30.01#36.53
-98.8939,37.9977#33.43#30.04#36.53
-98.8375,37.9989#33.41#30.06#36.53
-98.7811,38.0002#33.38#30.09#36.53
-98.7247,38.0014#33.36#30.11#36.53
-98.6683,38.0026#33.33#30.14#36.53
-98.6119,38.0038#33.31#30.17#36.52
-98.5555,38.005#33.28#30.19#36.53
-98.4991,38.0062#33.26#30.22#36.52
-98.4427,38.0073#33.2#30.18#36.62
-98.3863,38.0084#33.13#30.14#36.73
-98.3299,38.0095#33.07#30.11#36.82
-98.2735,38.0106#33.01#30.07#36.92
-98.2171,38.0117#32.95#30.04#37.01
-98.1607,38.0127#32.89#30#37.11
-98.1043,38.0137#32.83#29.97#37.2
-98.0479,38.0148#32.76#29.93#37.31
-97.9915,38.0157#32.7#29.89#37.41
-97.9351,38.0167#32.62#29.85#37.53
-97.8787,38.0177#32.54#29.81#37.65
-97.8222,38.0186#32.46#29.76#37.78
-97.7658,38.0195#32.38#29.72#37.9
-97.7094,38.0204#32.3#29.68#38.02
-97.653,38.0213#32.22#29.63#38.15
-97.5966,38.0222#32.14#29.59#38.27
-97.5402,38.023#32.07#29.55#38.38
-97.4837,38.0238#31.99#29.51#38.5
-97.4273,38.0246#31.92#29.5#38.58
-97.3709,38.0254#31.84#29.48#38.68
-97.3145,38.0262#31.77#29.47#38.76
-97.2581,38.0269#31.7#29.46#38.84
-97.2016,38.0277#31.63#29.44#38.93
-97.1452,38.0284#31.56#29.43#39.01
-97.0888,38.0291#31.48#29.41#39.11
-97.0324,38.0297#31.41#29.4#39.19
-96.9759,38.0304#31.34#29.39#39.27
-96.9195,38.031#31.26#29.39#39.35
-96.8631,38.0317#31.18#29.38#39.44
-96.8067,38.0323#31.1#29.38#39.52
-96.7502,38.0328#31.03#29.37#39.6
-96.6938,38.0334#30.95#29.37#39.68
-96.6374,38.034#30.87#29.37#39.76
-96.581,38.0345#30.79#29.36#39.85
-96.5245,38.035#30.71#29.36#39.93
-96.4681,38.0355#30.62#29.36#40.02
-96.4117,38.036#30.52#29.36#40.12
-96.3552,38.0364#30.42#29.36#40.22
-96.2988,38.0368#30.32#29.36#40.32
-96.2424,38.0373#30.22#29.36#40.42
-96.1859,38.0377#30.12#29.36#40.52
-96.1295,38.038#30.02#29.36#40.62
-96.0731,38.0384#29.92#29.36#40.72
-96.0166,38.0387#29.82#29.36#40.82
-95.9602,38.0391#29.73#29.37#40.9
-95.9038,38.0394#29.65#29.37#40.98
-95.8473,38.0397#29.56#29.38#41.06
-95.7909,38.0399#29.48#29.39#41.13
-95.7345,38.0402#29.39#29.39#41.22
-95.678,38.0404#29.31#29.4#41.29
-95.6216,38.0406#29.22#29.41#41.37
-95.5652,38.0408#29.14#29.41#41.45
-95.5087,38.041#29.05#29.42#41.53
-95.4523,38.0411#28.98#29.44#41.58
-95.3958,38.0413#28.91#29.46#41.63
-95.3394,38.0414#28.84#29.48#41.68
-95.283,38.0415#28.77#29.51#41.72
-95.2265,38.0416#28.69#29.53#41.78
-95.1701,38.0417#28.62#29.55#41.83
-95.1137,38.0417#28.55#29.57#41.88
-95.0572,38.0417#28.48#29.6#41.92
-95.0008,38.0417#28.41#29.62#41.97
-94.9443,38.0417#28.35#29.67#41.98
-94.8879,38.0417#28.29#29.71#42
-94.8315,38.0417#28.23#29.76#42.01
-94.775,38.0416#28.18#29.81#42.01
-94.7186,38.0415#28.12#29.86#42.02
-94.6622,38.0414#28.06#29.91#42.03
-94.6057,38.0413#28#29.95#42.05
-94.5493,38.0411#27.94#30#42.06
-94.4928,38.041#27.88#30.05#42.07
-94.4364,38.0408#27.84#30.12#42.04
-94.38,38.0406#27.79#30.19#42.02
-94.3235,38.0404#27.74#30.27#41.99
-94.2671,38.0402#27.69#30.34#41.97
-94.2107,38.0399#27.65#30.41#41.94
-94.1542,38.0397#27.6#30.48#41.92
-94.0978,38.0394#27.55#30.55#41.9
-94.0414,38.0391#27.5#30.62#41.88
-93.9849,38.0387#27.46#30.69#41.85
-93.9285,38.0384#27.43#30.77#41.8
-93.8721,38.038#27.41#30.85#41.74
-93.8156,38.0377#27.38#30.93#41.69
-93.7592,38.0373#27.35#31.01#41.64
-93.7028,38.0369#27.32#31.09#41.59
-93.6463,38.0364#27.3#31.17#41.53
-93.5899,38.036#27.27#31.25#41.48
-93.5335,38.0355#27.24#31.33#41.43
-93.477,38.035#27.22#31.42#41.36
-93.4206,38.0345#27.21#31.5#41.29
-93.3642,38.034#27.19#31.59#41.22
-93.3077,38.0334#27.18#31.68#41.14
-93.2513,38.0329#27.17#31.77#41.06
-93.1949,38.0323#27.15#31.86#40.99
-93.1385,38.0317#27.14#31.95#40.91
-93.082,38.0311#27.13#32.04#40.83
-93.0256,38.0304#27.12#32.13#40.75
-92.9692,38.0298#27.11#32.24#40.65
-92.9128,38.0291#27.1#32.36#40.54
-92.8563,38.0284#27.1#32.48#40.42
-92.7999,38.0277#27.09#32.6#40.31
-92.7435,38.0269#27.09#32.73#40.18
-92.6871,38.0262#27.08#32.85#40.07
-92.6307,38.0254#27.08#32.97#39.95
-92.5742,38.0246#27.07#33.09#39.84
-92.5178,38.0238#27.07#33.21#39.72
-92.4614,38.023#27.06#33.36#39.58
-92.405,38.0222#27.06#33.51#39.43
-92.3486,38.0213#27.06#33.66#39.28
-92.2921,38.0204#27.06#33.82#39.12
-92.2357,38.0195#27.06#33.97#38.97
-92.1793,38.0186#27.06#34.12#38.82
-92.1229,38.0177#27.05#34.28#38.67
-92.0665,38.0167#27.05#34.43#38.52
-92.0101,38.0158#27.05#34.58#38.37
-91.9537,38.0148#27.05#34.75#38.2
-91.8973,38.0138#27.06#34.92#38.02
-91.8409,38.0127#27.06#35.09#37.85
-91.7845,38.0117#27.06#35.26#37.68
-91.728,38.0106#27.06#35.43#37.51
-91.6716,38.0096#27.07#35.6#37.33
-91.6152,38.0085#27.07#35.77#37.16
-91.5588,38.0073#27.07#35.95#36.98
-91.5024,38.0062#27.07#36.12#36.81
-91.446,38.005#27.16#36.29#36.55
-91.3896,38.0039#27.24#36.46#36.3
-91.3332,38.0027#27.33#36.63#36.04
-91.2768,38.0015#27.42#36.8#35.78
-91.2205,38.0002#27.51#36.97#35.52
-91.1641,37.999#27.59#37.13#35.28
-91.1077,37.9977#27.68#37.3#35.02
-91.0513,37.9964#27.77#37.47#34.76
-90.9949,37.9951#27.85#37.64#34.51
-90.9385,37.9938#27.95#37.82#34.23
-90.8821,37.9925#28.04#37.99#33.97
-90.8257,37.9911#28.14#38.16#33.7
-90.7694,37.9897#28.23#38.34#33.43
-90.713,37.9883#28.32#38.51#33.17
-90.6566,37.9869#28.42#38.68#32.9
-90.6002,37.9855#28.51#38.86#32.63
-90.5438,37.984#28.6#39.03#32.37
-90.4875,37.9826#28.69#39.21#32.1
-90.4311,37.9811#28.72#39.4#31.88
-90.3747,37.9796#28.76#39.59#31.65
-90.3183,37.978#28.79#39.78#31.43
-90.262,37.9765#28.83#39.97#31.2
-90.2056,37.9749#28.86#40.15#30.99
-90.1492,37.9733#28.9#40.34#30.76
-90.0929,37.9717#28.94#40.53#30.53
-90.0365,37.9701#28.97#40.72#30.31
-89.9801,37.9685#29#40.91#30.09
-89.9238,37.9668#29#41.13#29.87
-89.8674,37.9652#29#41.34#29.66
-89.8111,37.9635#29#41.56#29.44
-89.7547,37.9618#29#41.78#29.22
-89.6984,37.96#29#41.99#29.01
-89.642,37.9583#29#42.21#28.79
-89.5857,37.9565#29#42.43#28.57
-89.5293,37.9547#29#42.64#28.36
-89.473,37.9529#28.97#42.84#28.19
-89.4166,37.9511#28.91#43.01#28.08
-89.3603,37.9493#28.85#43.19#27.96
-89.304,37.9474#28.78#43.36#27.86
-89.2476,37.9455#28.72#43.54#27.74
-89.1913,37.9436#28.66#43.71#27.63
-89.135,37.9417#28.59#43.89#27.52
-89.0786,37.9398#28.53#44.07#27.4
-89.0223,37.9378#28.47#44.25#27.28
-88.966,37.9359#28.43#44.38#27.19
-88.9096,37.9339#28.4#44.49#27.11
-88.8533,37.9319#28.38#44.6#27.02
-88.797,37.9299#28.36#44.71#26.93
-88.7407,37.9278#28.33#44.82#26.85
-88.6844,37.9258#28.31#44.94#26.75
-88.6281,37.9237#28.29#45.05#26.66
-88.5717,37.9216#28.26#45.16#26.58
-88.5154,37.9195#28.24#45.27#26.49
-88.4591,37.9173#28.25#45.36#26.39
-88.4028,37.9152#28.28#45.44#26.28
-88.3465,37.913#28.3#45.53#26.17
-88.2902,37.9108#28.32#45.61#26.07
-88.2339,37.9086#28.35#45.7#25.95
-88.1776,37.9064#28.37#45.78#25.85
-88.1213,37.9041#28.39#45.87#25.74
-88.065,37.9019#28.41#45.95#25.64
-102.953,37.9023#31.96#29.12#38.92
-102.896,37.9049#32.02#29.12#38.86
-102.84,37.9075#32.08#29.12#38.8
-102.784,37.91#32.14#29.12#38.74
-102.728,37.9126#32.21#29.13#38.66
-102.671,37.9151#32.27#29.13#38.6
-102.615,37.9176#32.33#29.13#38.54
-102.559,37.9201#32.39#29.13#38.48
-102.502,37.9225#32.46#29.13#38.41
-102.446,37.925#32.54#29.14#38.32
-102.39,37.9274#32.61#29.14#38.25
-102.334,37.9298#32.69#29.14#38.17
-102.277,37.9322#32.77#29.14#38.09
-102.221,37.9346#32.85#29.14#38.01
-102.165,37.937#32.93#29.15#37.92
-102.108,37.9393#33#29.15#37.85
-102.052,37.9416#33.08#29.15#37.77
-101.996,37.9439#33.16#29.15#37.69
-101.939,37.9462#33.23#29.16#37.61
-101.883,37.9485#33.31#29.16#37.53
-101.827,37.9507#33.38#29.16#37.46
-101.77,37.953#33.46#29.16#37.38
-101.714,37.9552#33.53#29.16#37.31
-101.658,37.9574#33.61#29.17#37.22
-101.601,37.9595#33.68#29.17#37.15
-101.545,37.9617#33.76#29.17#37.07
-101.489,37.9638#33.83#29.17#37
-101.432,37.9659#33.87#29.18#36.95
-101.376,37.968#33.91#29.18#36.91
-101.32,37.9701#33.95#29.18#36.87
-101.263,37.9722#33.98#29.18#36.84
-101.207,37.9742#34.02#29.18#36.8
-101.151,37.9763#34.06#29.19#36.75
-101.094,37.9783#34.1#29.19#36.71
-101.038,37.9803#34.14#29.19#36.67
-100.982,37.9822#34.17#29.19#36.64
-100.925,37.9842#34.15#29.19#36.66
-100.869,37.9861#34.14#29.2#36.66
-100.813,37.988#34.13#29.2#36.67
-100.756,37.9899#34.12#29.2#36.68
-100.7,37.9918#34.11#29.2#36.69
-100.644,37.9937#34.1#29.21#36.69
-100.587,37.9955#34.09#29.21#36.7
-100.531,37.9973#34.08#29.21#36.71
-100.475,37.9991#34.06#29.21#36.73
-100.418,38.0009#34.04#29.22#36.74
-100.362,38.0027#34.02#29.22#36.76
-100.305,38.0044#34#29.22#36.78
-100.249,38.0062#33.98#29.22#36.8
-100.193,38.0079#33.96#29.22#36.82
-100.136,38.0096#33.94#29.23#36.83
-100.08,38.0112#33.93#29.23#36.84
-100.023,38.0129#33.91#29.23#36.86
-99.9671,38.0145#33.88#29.25#36.87
-99.9107,38.0161#33.85#29.29#36.86
-99.8543,38.0178#33.81#29.33#36.86
-99.798,38.0193#33.78#29.37#36.85
-99.7416,38.0209#33.75#29.4#36.85
-99.6852,38.0224#33.72#29.44#36.84
-99.6288,38.024#33.69#29.48#36.83
-99.5724,38.0255#33.66#29.51#36.83
-99.516,38.027#33.63#29.55#36.82
-99.4596,38.0284#33.59#29.6#36.81
-99.4032,38.0299#33.56#29.64#36.8
-99.3468,38.0313#33.52#29.69#36.79
-99.2904,38.0327#33.49#29.74#36.77
-99.234,38.0341#33.45#29.79#36.76
-99.1776,38.0355#33.42#29.84#36.74
-99.1212,38.0369#33.38#29.88#36.74
-99.0647,38.0382#33.35#29.93#36.72
-99.0083,38.0395#33.32#29.98#36.7
-98.9519,38.0408#33.29#30.01#36.7
-98.8955,38.0421#33.27#30.04#36.69
-98.8391,38.0434#33.24#30.06#36.7
-98.7827,38.0446#33.22#30.09#36.69
-98.7263,38.0459#33.19#30.11#36.7
-98.6698,38.0471#33.17#30.14#36.69
-98.6134,38.0483#33.15#30.17#36.68
-98.557,38.0495#33.12#30.19#36.69
-98.5006,38.0506#33.1#30.22#36.68
-98.4442,38.0518#33.04#30.18#36.78
-98.3877,38.0529#32.98#30.15#36.87
-98.3313,38.054#32.92#30.11#36.97
-98.2749,38.0551#32.86#30.08#37.06
-98.2184,38.0561#32.8#30.04#37.16
-98.162,38.0572#32.74#30#37.26
-98.1056,38.0582#32.68#29.97#37.35
-98.0492,38.0592#32.62#29.93#37.45
-97.9927,38.0602#32.55#29.9#37.55
-97.9363,38.0612#32.48#29.85#37.67
-97.8799,38.0621#32.4#29.81#37.79
-97.8234,38.0631#32.32#29.77#37.91
-97.767,38.064#32.24#29.72#38.04
-97.7105,38.0649#32.17#29.68#38.15
-97.6541,38.0657#32.09#29.64#38.27
-97.5977,38.0666#32.01#29.59#38.4
-97.5412,38.0675#31.94#29.55#38.51
-97.4848,38.0683#31.86#29.52#38.62
-97.4283,38.0691#31.79#29.5#38.71
-97.3719,38.0699#31.71#29.49#38.8
-97.3155,38.0706#31.64#29.47#38.89
-97.259,38.0714#31.57#29.46#38.97
-97.2026,38.0721#31.49#29.44#39.07
-97.1461,38.0728#31.42#29.43#39.15
-97.0897,38.0735#31.35#29.42#39.23
-97.0332,38.0742#31.27#29.4#39.33
-96.9768,38.0749#31.2#29.39#39.41
-96.9203,38.0755#31.12#29.39#39.49
-96.8639,38.0761#31.04#29.38#39.58
-96.8074,38.0767#30.96#29.38#39.66
-96.751,38.0773#30.88#29.38#39.74
-96.6945,38.0779#30.8#29.37#39.83
-96.6381,38.0784#30.72#29.37#39.91
-96.5816,38.0789#30.64#29.37#39.99
-96.5252,38.0794#30.56#29.36#40.08
-96.4687,38.0799#30.48#29.36#40.16
-96.4123,38.0804#30.38#29.36#40.26
-96.3558,38.0809#30.28#29.36#40.36
-96.2993,38.0813#30.18#29.36#40.46
-96.2429,38.0817#30.08#29.36#40.56
-96.1864,38.0821#29.99#29.36#40.65
-96.13,38.0825#29.89#29.36#40.75
-96.0735,38.0829#29.79#29.36#40.85
-96.0171,38.0832#29.69#29.36#40.95
-95.9606,38.0835#29.6#29.37#41.03
-95.9041,38.0838#29.52#29.38#41.1
-95.8477,38.0841#29.44#29.38#41.18
-95.7912,38.0844#29.35#29.39#41.26
-95.7348,38.0846#29.27#29.4#41.33
-95.6783,38.0849#29.19#29.41#41.4
-95.6218,38.0851#29.1#29.41#41.49
-95.5654,38.0853#29.02#29.42#41.56
-95.5089,38.0854#28.94#29.43#41.63
-95.4525,38.0856#28.87#29.45#41.68
-95.396,38.0857#28.8#29.47#41.73
-95.3395,38.0859#28.73#29.5#41.77
-95.2831,38.086#28.66#29.52#41.82
-95.2266,38.0861#28.59#29.55#41.86
-95.1702,38.0861#28.53#29.57#41.9
-95.1137,38.0862#28.46#29.6#41.94
-95.0572,38.0862#28.39#29.62#41.99
-95.0008,38.0862#28.32#29.65#42.03
-94.9443,38.0862#28.27#29.7#42.03
-94.8879,38.0862#28.21#29.75#42.04
-94.8314,38.0861#28.16#29.8#42.04
-94.7749,38.0861#28.1#29.85#42.05
-94.7185,38.086#28.05#29.9#42.05
-94.662,38.0859#27.99#29.95#42.06
-94.6056,38.0857#27.94#30#42.06
-94.5491,38.0856#27.88#30.05#42.07
-94.4926,38.0855#27.83#30.1#42.07
-94.4362,38.0853#27.78#30.18#42.04
-94.3797,38.0851#27.74#30.25#42.01
-94.3233,38.0849#27.69#30.32#41.99
-94.2668,38.0846#27.64#30.4#41.96
-94.2103,38.0844#27.6#30.47#41.93
-94.1539,38.0841#27.55#30.54#41.91
-94.0974,38.0838#27.51#30.61#41.88
-94.041,38.0835#27.46#30.69#41.85
-93.9845,38.0832#27.42#30.76#41.82
-93.928,38.0829#27.39#30.84#41.77
-93.8716,38.0825#27.37#30.92#41.71
-93.8151,38.0821#27.34#31#41.66
-93.7587,38.0817#27.31#31.08#41.61
-93.7022,38.0813#27.28#31.16#41.56
-93.6458,38.0809#27.26#31.24#41.5
-93.5893,38.0804#27.23#31.32#41.45
-93.5329,38.08#27.2#31.4#41.4
-93.4764,38.0795#27.18#31.48#41.34
-93.4199,38.079#27.17#31.57#41.26
-93.3635,38.0784#27.16#31.66#41.18
-93.307,38.0779#27.14#31.76#41.1
-93.2506,38.0773#27.13#31.85#41.02
-93.1941,38.0767#27.12#31.94#40.94
-93.1377,38.0761#27.11#32.03#40.86
-93.0812,38.0755#27.09#32.12#40.79
-93.0248,38.0749#27.08#32.21#40.71
-92.9683,38.0742#27.07#32.32#40.61
-92.9119,38.0735#27.07#32.45#40.48
-92.8554,38.0728#27.06#32.58#40.36
-92.799,38.0721#27.06#32.71#40.23
-92.7426,38.0714#27.05#32.83#40.12
-92.6861,38.0707#27.05#32.96#39.99
-92.6297,38.0699#27.04#33.09#39.87
-92.5732,38.0691#27.04#33.21#39.75
-92.5168,38.0683#27.03#33.34#39.63
-92.4603,38.0675#27.03#33.49#39.48
-92.4039,38.0666#27.03#33.65#39.32
-92.3475,38.0658#27.03#33.81#39.16
-92.291,38.0649#27.03#33.96#39.01
-92.2346,38.064#27.03#34.12#38.85
-92.1781,38.0631#27.03#34.28#38.69
-92.1217,38.0621#27.03#34.44#38.53
-92.0653,38.0612#27.02#34.59#38.39
-92.0088,38.0602#27.02#34.75#38.23
-91.9524,38.0592#27.03#34.92#38.05
-91.896,38.0582#27.03#35.09#37.88
-91.8395,38.0572#27.03#35.26#37.71
-91.7831,38.0562#27.04#35.43#37.53
-91.7267,38.0551#27.04#35.6#37.36
-91.6703,38.054#27.04#35.77#37.19
-91.6138,38.0529#27.04#35.95#37.01
-91.5574,38.0518#27.05#36.12#36.83
-91.501,38.0506#27.05#36.29#36.66
-91.4446,38.0495#27.14#36.46#36.4
-91.3881,38.0483#27.23#36.63#36.14
-91.3317,38.0471#27.31#36.8#35.89
-91.2753,38.0459#27.4#36.97#35.63
-91.2189,38.0447#27.49#37.14#35.37
-91.1625,38.0434#27.58#37.31#35.11
-91.106,38.0422#27.67#37.48#34.85
-91.0496,38.0409#27.75#37.65#34.6
-90.9932,38.0396#27.84#37.82#34.34
-90.9368,38.0383#27.94#37.99#34.07
-90.8804,38.0369#28.03#38.17#33.8
-90.824,38.0356#28.12#38.34#33.54
-90.7676,38.0342#28.22#38.51#33.27
-90.7112,38.0328#28.31#38.69#33
-90.6548,38.0314#28.41#38.86#32.73
-90.5984,38.0299#28.5#39.04#32.46
-90.542,38.0285#28.59#39.21#32.2
-90.4856,38.027#28.67#39.39#31.94
-90.4292,38.0255#28.71#39.59#31.7
-90.3728,38.024#28.74#39.78#31.48
-90.3164,38.0225#28.78#39.98#31.24
-90.26,38.0209#28.81#40.17#31.02
-90.2036,38.0194#28.85#40.37#30.78
-90.1472,38.0178#28.88#40.56#30.56
-90.0908,38.0162#28.92#40.75#30.33
-90.0344,38.0146#28.95#40.95#30.1
-89.9781,38.0129#28.98#41.15#29.87
-89.9217,38.0113#28.98#41.36#29.66
-89.8653,38.0096#28.98#41.57#29.45
-89.8089,38.0079#28.98#41.78#29.24
-89.7525,38.0062#28.98#41.99#29.03
-89.6962,38.0045#28.98#42.21#28.81
-89.6398,38.0027#28.98#42.42#28.6
-89.5834,38.001#28.98#42.63#28.39
-89.527,37.9992#28.98#42.85#28.17
-89.4707,37.9974#28.94#43.04#28.02
-89.4143,37.9956#28.88#43.2#27.92
-89.358,37.9937#28.81#43.37#27.82
-89.3016,37.9919#28.75#43.53#27.72
-89.2452,37.99#28.68#43.7#27.62
-89.1889,37.9881#28.62#43.87#27.51
-89.1325,37.9862#28.55#44.04#27.41
-89.0762,37.9842#28.49#44.2#27.31
-89.0198,37.9823#28.43#44.37#27.2
-88.9635,37.9803#28.39#44.5#27.11
-88.9071,37.9783#28.36#44.61#27.03
-88.8508,37.9763#28.34#44.72#26.94
-88.7944,37.9743#28.32#44.83#26.85
-88.7381,37.9722#28.29#44.93#26.78
-88.6817,37.9702#28.27#45.04#26.69
-88.6254,37.9681#28.25#45.15#26.6
-88.5691,37.966#28.22#45.26#26.52
-88.5127,37.9639#28.2#45.37#26.43
-88.4564,37.9618#28.21#45.45#26.34
-88.4001,37.9596#28.24#45.53#26.23
-88.3437,37.9574#28.27#45.61#26.12
-88.2874,37.9552#28.29#45.69#26.02
-88.2311,37.953#28.32#45.77#25.91
-88.1748,37.9508#28.34#45.85#25.81
-88.1185,37.9485#28.37#45.93#25.7
-88.0622,37.9463#28.39#46.01#25.6
-88.0058,37.944#28.42#46.09#25.49
-87.9495,37.9417#28.43#46.14#25.43
-87.8932,37.9394#28.45#46.18#25.37
-87.8369,37.937#28.46#46.22#25.32
-87.7806,37.9347#28.47#46.26#25.27
-87.7243,37.9323#28.49#46.3#25.21
-87.668,37.9299#28.5#46.35#25.15
-87.6117,37.9275#28.51#46.39#25.1
-87.5554,37.9251#28.52#46.43#25.05
-87.4991,37.9226#28.54#46.47#24.99
-87.4429,37.9201#28.55#46.5#24.95
-87.3866,37.9177#28.56#46.52#24.92
-87.3303,37.9152#28.56#46.54#24.9
-87.274,37.9126#28.57#46.56#24.87
-87.2177,37.9101#28.58#46.59#24.83
-87.1615,37.9075#28.59#46.61#24.8
-87.1052,37.9049#28.6#46.63#24.77
-87.0489,37.9024#28.61#46.65#24.74
-103.856,37.9026#30.64#29.1#40.26
-103.8,37.9055#30.71#29.1#40.19
-103.744,37.9084#30.79#29.11#40.1
-103.687,37.9112#30.86#29.11#40.03
-103.631,37.9141#30.93#29.11#39.96
-103.575,37.9169#31#29.11#39.89
-103.519,37.9197#31.08#29.11#39.81
-103.462,37.9225#31.15#29.11#39.74
-103.406,37.9252#31.22#29.11#39.67
-103.35,37.928#31.29#29.11#39.6
-103.294,37.9307#31.36#29.11#39.53
-103.237,37.9334#31.43#29.11#39.46
-103.181,37.9361#31.5#29.11#39.39
-103.125,37.9388#31.57#29.12#39.31
-103.069,37.9414#31.64#29.12#39.24
-103.012,37.9441#31.71#29.12#39.17
-102.956,37.9467#31.77#29.12#39.11
-102.9,37.9493#31.83#29.12#39.05
-102.843,37.9519#31.9#29.12#38.98
-102.787,37.9544#31.96#29.13#38.91
-102.731,37.957#32.03#29.13#38.84
-102.674,37.9595#32.09#29.13#38.78
-102.618,37.962#32.15#29.13#38.72
-102.562,37.9645#32.22#29.13#38.65
-102.506,37.967#32.28#29.14#38.58
-102.449,37.9694#32.36#29.14#38.5
-102.393,37.9718#32.44#29.14#38.42
-102.337,37.9743#32.52#29.14#38.34
-102.28,37.9767#32.59#29.14#38.27
-102.224,37.979#32.67#29.15#38.18
-102.168,37.9814#32.75#29.15#38.1
-102.111,37.9837#32.83#29.15#38.02
-102.055,37.9861#32.9#29.15#37.95
-101.999,37.9884#32.98#29.15#37.87
-101.942,37.9906#33.06#29.16#37.78
-101.886,37.9929#33.13#29.16#37.71
-101.83,37.9952#33.21#29.16#37.63
-101.773,37.9974#33.28#29.16#37.56
-101.717,37.9996#33.36#29.17#37.47
-101.661,38.0018#33.43#29.17#37.4
-101.604,38.004#33.51#29.17#37.32
-101.548,38.0061#33.58#29.17#37.25
-101.492,38.0083#33.65#29.17#37.18
-101.435,38.0104#33.69#29.18#37.13
-101.379,38.0125#33.73#29.18#37.09
-101.322,38.0146#33.77#29.18#37.05
-101.266,38.0166#33.81#29.18#37.01
-101.21,38.0187#33.85#29.19#36.96
-101.153,38.0207#33.89#29.19#36.92
-101.097,38.0227#33.92#29.19#36.89
-101.041,38.0247#33.96#29.19#36.85
-100.984,38.0267#33.99#29.19#36.82
-100.928,38.0286#33.98#29.2#36.82
-100.871,38.0305#33.96#29.2#36.84
-100.815,38.0325#33.95#29.2#36.85
-100.759,38.0344#33.94#29.2#36.86
-100.702,38.0362#33.93#29.21#36.86
-100.646,38.0381#33.91#29.21#36.88
-100.59,38.0399#33.9#29.21#36.89
-100.533,38.0418#33.89#29.21#36.9
-100.477,38.0436#33.87#29.21#36.92
-100.42,38.0453#33.85#29.22#36.93
-100.364,38.0471#33.83#29.22#36.95
-100.308,38.0489#33.81#29.22#36.97
-100.251,38.0506#33.79#29.22#36.99
-100.195,38.0523#33.76#29.23#37.01
-100.138,38.054#33.74#29.23#37.03
-100.082,38.0557#33.72#29.23#37.05
-100.026,38.0573#33.7#29.23#37.07
-99.9692,38.059#33.67#29.25#37.08
-99.9128,38.0606#33.64#29.29#37.07
-99.8564,38.0622#33.61#29.33#37.06
-99.8,38.0638#33.58#29.37#37.05
-99.7435,38.0653#33.55#29.4#37.05
-99.6871,38.0669#33.52#29.44#37.04
-99.6307,38.0684#33.49#29.48#37.03
-99.5743,38.0699#33.46#29.51#37.03
-99.5179,38.0714#33.44#29.55#37.01
-99.4614,38.0729#33.4#29.6#37
-99.405,38.0743#33.37#29.64#36.99
-99.3486,38.0758#33.34#29.69#36.97
-99.2922,38.0772#33.31#29.74#36.95
-99.2357,38.0786#33.27#29.79#36.94
-99.1793,38.08#33.24#29.84#36.92
-99.1229,38.0813#33.21#29.88#36.91
-99.0664,38.0827#33.18#29.93#36.89
-99.01,38.084#33.15#29.98#36.87
-98.9536,38.0853#33.12#30.01#36.87
-98.8971,38.0866#33.1#30.04#36.86
-98.8407,38.0878#33.08#30.06#36.86
-98.7843,38.0891#33.05#30.09#36.86
-98.7278,38.0903#33.03#30.11#36.86
-98.6714,38.0915#33.01#30.14#36.85
-98.6149,38.0927#32.99#30.17#36.84
-98.5585,38.0939#32.96#30.19#36.85
-98.502,38.0951#32.94#30.22#36.84
-98.4456,38.0962#32.88#30.18#36.94
-98.3891,38.0973#32.82#30.15#37.03
-98.3327,38.0984#32.76#30.11#37.13
-98.2762,38.0995#32.7#30.08#37.22
-98.2198,38.1006#32.64#30.04#37.32
-98.1633,38.1016#32.59#30.01#37.4
-98.1069,38.1026#32.53#29.97#37.5
-98.0504,38.1037#32.47#29.93#37.6
-97.994,38.1046#32.41#29.9#37.69
-97.9375,38.1056#32.33#29.85#37.82
-97.8811,38.1066#32.26#29.81#37.93
-97.8246,38.1075#32.18#29.77#38.05
-97.7681,38.1084#32.11#29.73#38.16
-97.7117,38.1093#32.03#29.68#38.29
-97.6552,38.1102#31.96#29.64#38.4
-97.5987,38.1111#31.88#29.6#38.52
-97.5423,38.1119#31.81#29.55#38.64
-97.4858,38.1127#31.73#29.52#38.75
-97.4294,38.1135#31.66#29.5#38.84
-97.3729,38.1143#31.59#29.49#38.92
-97.3164,38.1151#31.51#29.48#39.01
-97.2599,38.1158#31.44#29.46#39.1
-97.2035,38.1166#31.36#29.45#39.19
-97.147,38.1173#31.29#29.43#39.28
-97.0905,38.118#31.21#29.42#39.37
-97.0341,38.1186#31.14#29.4#39.46
-96.9776,38.1193#31.06#29.39#39.55
-96.9211,38.1199#30.98#29.39#39.63
-96.8646,38.1206#30.9#29.39#39.71
-96.8082,38.1212#30.82#29.38#39.8
-96.7517,38.1217#30.74#29.38#39.88
-96.6952,38.1223#30.66#29.38#39.96
-96.6387,38.1229#30.58#29.37#40.05
-96.5823,38.1234#30.5#29.37#40.13
-96.5258,38.1239#30.42#29.36#40.22
-96.4693,38.1244#30.33#29.36#40.31
-96.4128,38.1249#30.23#29.36#40.41
-96.3564,38.1253#30.14#29.36#40.5
-96.2999,38.1257#30.04#29.36#40.6
-96.2434,38.1262#29.94#29.37#40.69
-96.1869,38.1266#29.85#29.37#40.78
-96.1304,38.1269#29.75#29.37#40.88
-96.074,38.1273#29.66#29.37#40.97
-96.0175,38.1276#29.56#29.37#41.07
-95.961,38.128#29.48#29.37#41.15
-95.9045,38.1283#29.39#29.38#41.23
-95.848,38.1286#29.31#29.39#41.3
-95.7916,38.1288#29.23#29.4#41.37
-95.7351,38.1291#29.15#29.4#41.45
-95.6786,38.1293#29.06#29.41#41.53
-95.6221,38.1295#28.98#29.42#41.6
-95.5656,38.1297#28.9#29.43#41.67
-95.5091,38.1299#28.82#29.44#41.74
-95.4527,38.1301#28.75#29.46#41.79
-95.3962,38.1302#28.69#29.49#41.82
-95.3397,38.1303#28.62#29.51#41.87
-95.2832,38.1304#28.56#29.54#41.9
-95.2267,38.1305#28.49#29.57#41.94
-95.1702,38.1306#28.43#29.59#41.98
-95.1137,38.1306#28.36#29.62#42.02
-95.0573,38.1306#28.3#29.65#42.05
-95.0008,38.1307#28.23#29.67#42.1
-94.9443,38.1306#28.18#29.73#42.09
-94.8878,38.1306#28.13#29.78#42.09
-94.8313,38.1306#28.08#29.83#42.09
-94.7748,38.1305#28.03#29.89#42.08
-94.7184,38.1304#27.98#29.94#42.08
-94.6619,38.1303#27.93#29.99#42.08
-94.6054,38.1302#27.87#30.05#42.08
-94.5489,38.1301#27.82#30.1#42.08
-94.4924,38.1299#27.77#30.16#42.07
-94.4359,38.1297#27.73#30.23#42.04
-94.3795,38.1295#27.68#30.3#42.02
-94.323,38.1293#27.64#30.38#41.98
-94.2665,38.1291#27.6#30.45#41.95
-94.21,38.1288#27.55#30.53#41.92
-94.1535,38.1286#27.51#30.6#41.89
-94.097,38.1283#27.46#30.68#41.86
-94.0406,38.128#27.42#30.75#41.83
-93.9841,38.1277#27.38#30.83#41.79
-93.9276,38.1273#27.35#30.91#41.74
-93.8711,38.127#27.32#30.99#41.69
-93.8146,38.1266#27.3#31.07#41.63
-93.7582,38.1262#27.27#31.15#41.58
-93.7017,38.1258#27.24#31.23#41.53
-93.6452,38.1253#27.22#31.31#41.47
-93.5887,38.1249#27.19#31.38#41.43
-93.5322,38.1244#27.16#31.46#41.38
-93.4758,38.1239#27.14#31.55#41.31
-93.4193,38.1234#27.13#31.64#41.23
-93.3628,38.1229#27.12#31.74#41.14
-93.3063,38.1223#27.11#31.83#41.06
-93.2499,38.1218#27.09#31.92#40.99
-93.1934,38.1212#27.08#32.01#40.91
-93.1369,38.1206#27.07#32.11#40.82
-93.0804,38.12#27.06#32.2#40.74
-93.024,38.1193#27.05#32.29#40.66
-92.9675,38.1187#27.04#32.41#40.55
-92.911,38.118#27.04#32.54#40.42
-92.8546,38.1173#27.03#32.67#40.3
-92.7981,38.1166#27.03#32.81#40.16
-92.7416,38.1159#27.02#32.94#40.04
-92.6851,38.1151#27.02#33.07#39.91
-92.6287,38.1143#27.01#33.2#39.79
-92.5722,38.1135#27.01#33.33#39.66
-92.5157,38.1127#27#33.47#39.53
-92.4593,38.1119#27#33.62#39.38
-92.4028,38.1111#27#33.78#39.22
-92.3464,38.1102#27#33.95#39.05
-92.2899,38.1093#27#34.11#38.89
-92.2334,38.1084#27#34.27#38.73
-92.177,38.1075#27#34.43#38.57
-92.1205,38.1066#27#34.6#38.4
-92.064,38.1056#27#34.76#38.24
-92.0076,38.1047#26.99#34.92#38.09
-91.9511,38.1037#27#35.09#37.91
-91.8947,38.1027#27#35.26#37.74
-91.8382,38.1016#27.01#35.43#37.56
-91.7818,38.1006#27.01#35.6#37.39
