-96.3103,47.9001#26.13#36.26#37.61
-96.248,47.9004#26.13#36.3#37.57
-96.1856,47.9008#26.13#36.34#37.53
-96.1233,47.9012#26.12#36.38#37.5
-96.0609,47.9015#26.12#36.42#37.46
-95.9986,47.9018#26.12#36.46#37.42
-95.9362,47.9021#26.12#36.48#37.4
-95.8739,47.9024#26.12#36.5#37.38
-95.8115,47.9027#26.12#36.52#37.36
-95.7492,47.9029#26.12#36.55#37.33
-95.6868,47.9031#26.12#36.57#37.31
-95.6244,47.9033#26.12#36.59#37.29
-95.5621,47.9035#26.12#36.61#37.27
-95.4997,47.9037#26.12#36.64#37.24
-95.4374,47.9038#26.12#36.62#37.26
-95.375,47.9039#26.12#36.6#37.28
-95.3127,47.9041#26.12#36.58#37.3
-95.2503,47.9041#26.12#36.56#37.32
-95.1879,47.9042#26.12#36.54#37.34
-95.1256,47.9043#26.12#36.52#37.36
-95.0632,47.9043#26.12#36.5#37.38
-95.0009,47.9043#26.12#36.48#37.4
-94.9385,47.9043#26.12#36.39#37.49
-94.8761,47.9043#26.13#36.3#37.57
-94.8138,47.9042#26.13#36.21#37.66
-94.7514,47.9041#26.13#36.12#37.75
-94.6891,47.9041#26.13#36.03#37.84
-94.6267,47.904#26.14#35.94#37.92
-94.5644,47.9038#26.14#35.85#38.01
-94.502,47.9037#26.14#35.76#38.1
-94.4396,47.9035#26.16#35.58#38.26
-94.3773,47.9033#26.17#35.4#38.43
-94.3149,47.9031#26.19#35.21#38.6
-94.2526,47.9029#26.21#35.03#38.76
-94.1902,47.9027#26.22#34.84#38.94
-94.1279,47.9024#26.24#34.65#39.11
-94.0655,47.9021#26.26#34.47#39.27
-94.0031,47.9018#26.27#34.28#39.45
-93.9408,47.9015#26.3#34.1#39.6
-93.8784,47.9012#26.33#33.91#39.76
-93.8161,47.9008#26.35#33.72#39.93
-93.7537,47.9005#26.38#33.53#40.09
-93.6914,47.9001#26.41#33.34#40.25
-99.3041,47.9003#27.03#32.63#40.34
-99.2418,47.9016#27#32.69#40.31
-99.1795,47.9029#26.97#32.76#40.27
-99.1171,47.9042#26.94#32.83#40.23
-99.0548,47.9055#26.91#32.9#40.19
-98.9925,47.9067#26.88#32.97#40.15
-98.9301,47.9079#26.84#33.06#40.1
-98.8678,47.9091#26.8#33.15#40.05
-98.8055,47.9103#26.75#33.24#40.01
-98.7431,47.9115#26.71#33.33#39.96
-98.6808,47.9126#26.67#33.42#39.91
-98.6184,47.9137#26.63#33.51#39.86
-98.5561,47.9149#26.58#33.6#39.82
-98.4938,47.9159#26.54#33.69#39.77
-98.4314,47.917#26.51#33.74#39.75
-98.3691,47.9181#26.48#33.79#39.73
-98.3067,47.9191#26.45#33.85#39.7
-98.2444,47.9201#26.42#33.9#39.68
-98.182,47.9211#26.39#33.95#39.66
-98.1197,47.9221#26.36#34.01#39.63
-98.0573,47.923#26.33#34.06#39.61
-97.9949,47.9239#26.3#34.11#39.59
-97.9326,47.9249#26.29#34.19#39.52
-97.8702,47.9257#26.28#34.27#39.45
-97.8079,47.9266#26.27#34.35#39.38
-97.7455,47.9275#26.25#34.43#39.32
-97.6831,47.9283#26.24#34.51#39.25
-97.6208,47.9291#26.23#34.59#39.18
-97.5584,47.9299#26.22#34.67#39.11
-97.4961,47.9307#26.21#34.75#39.04
-97.4337,47.9315#26.2#34.84#38.96
-97.3713,47.9322#26.19#34.92#38.89
-97.309,47.9329#26.19#35.01#38.8
-97.2466,47.9336#26.18#35.09#38.73
-97.1842,47.9343#26.18#35.17#38.65
-97.1218,47.935#26.17#35.26#38.57
-97.0595,47.9356#26.16#35.34#38.5
-96.9971,47.9363#26.16#35.42#38.42
-96.9347,47.9369#26.16#35.49#38.35
-96.8724,47.9374#26.15#35.55#38.3
-96.81,47.938#26.15#35.62#38.23
-96.7476,47.9386#26.15#35.68#38.17
-96.6852,47.9391#26.15#35.74#38.11
-96.6228,47.9396#26.14#35.81#38.05
-96.5605,47.9401#26.14#35.87#37.99
-96.4981,47.9406#26.14#35.93#37.93
-96.4357,47.941#26.14#35.97#37.89
-96.3733,47.9414#26.14#36.02#37.84
-96.3109,47.9419#26.13#36.06#37.81
-96.2486,47.9423#26.13#36.1#37.77
-96.1862,47.9426#26.13#36.14#37.73
-96.1238,47.943#26.13#36.18#37.69
-96.0614,47.9433#26.13#36.22#37.65
-95.999,47.9436#26.13#36.26#37.61
-95.9367,47.9439#26.13#36.29#37.58
-95.8743,47.9442#26.13#36.31#37.56
-95.8119,47.9445#26.13#36.34#37.53
-95.7495,47.9447#26.13#36.36#37.51
-95.6871,47.9449#26.13#36.39#37.48
-95.6247,47.9451#26.13#36.41#37.46
-95.5623,47.9453#26.13#36.44#37.43
-95.5,47.9455#26.13#36.46#37.41
-95.4376,47.9456#26.13#36.44#37.43
-95.3752,47.9458#26.13#36.43#37.44
-95.3128,47.9459#26.13#36.41#37.46
-95.2504,47.946#26.13#36.39#37.48
-95.188,47.946#26.13#36.38#37.49
-95.1256,47.9461#26.13#36.36#37.51
-95.0632,47.9461#26.13#36.34#37.53
-95.0009,47.9461#26.13#36.33#37.54
-94.9385,47.9461#26.13#36.23#37.64
-94.8761,47.9461#26.13#36.14#37.73
-94.8137,47.946#26.14#36.04#37.82
-94.7513,47.946#26.14#35.95#37.91
-94.6889,47.9459#26.14#35.85#38.01
-94.6265,47.9458#26.14#35.76#38.1
-94.5642,47.9456#26.14#35.66#38.2
-94.5018,47.9455#26.15#35.57#38.28
-94.4394,47.9453#26.16#35.39#38.45
-94.377,47.9451#26.18#35.2#38.62
-94.3146,47.9449#26.19#35.02#38.79
-94.2522,47.9447#26.21#34.83#38.96
-94.1898,47.9445#26.22#34.65#39.13
-94.1275,47.9442#26.24#34.46#39.3
-94.0651,47.9439#26.25#34.28#39.47
-94.0027,47.9436#26.27#34.09#39.64
-93.9403,47.9433#26.29#33.91#39.8
-93.8779,47.943#26.32#33.73#39.95
-93.8155,47.9426#26.35#33.54#40.11
-93.7532,47.9423#26.37#33.36#40.27
-93.6908,47.9419#26.4#33.18#40.42
-93.6284,47.9415#26.43#32.99#40.58
-93.566,47.941#26.45#32.81#40.74
-93.5036,47.9406#26.48#32.63#40.89
-93.4413,47.9401#26.52#32.46#41.02
-93.3789,47.9396#26.56#32.3#41.14
-93.3165,47.9391#26.6#32.14#41.26
-93.2541,47.9386#26.64#31.97#41.39
-93.1917,47.938#26.68#31.81#41.51
-93.1294,47.9375#26.72#31.65#41.63
-93.067,47.9369#26.76#31.49#41.75
-93.0046,47.9363#26.79#31.32#41.89
-92.9423,47.9356#26.83#31.18#41.99
-92.8799,47.935#26.87#31.03#42.1
-92.8175,47.9343#26.9#30.89#42.21
-92.7551,47.9337#26.94#30.74#42.32
-92.6928,47.933#26.97#30.6#42.43
-92.6304,47.9322#27.01#30.45#42.54
-92.568,47.9315#27.05#30.31#42.64
-92.5057,47.9307#27.08#30.16#42.76
-92.4433,47.93#27.1#30.04#42.86
-92.3809,47.9292#27.11#29.92#42.97
-92.3186,47.9283#27.13#29.81#43.06
-92.2562,47.9275#27.14#29.69#43.17
-92.1939,47.9266#27.16#29.57#43.27
-92.1315,47.9258#27.18#29.45#43.37
-92.0691,47.9249#27.19#29.33#43.48
-92.0068,47.924#27.21#29.22#43.57
-91.9444,47.923#27.2#29.13#43.67
-91.8821,47.9221#27.2#29.05#43.75
-91.8197,47.9211#27.2#28.98#43.82
-91.7574,47.9201#27.2#28.9#43.9
-91.695,47.9191#27.2#28.82#43.98
-91.6327,47.9181#27.19#28.74#44.07
-91.5703,47.917#27.19#28.66#44.15
-91.508,47.916#27.19#28.58#44.23
-91.4456,47.9149#27.23#28.53#44.24
-91.3833,47.9138#27.27#28.48#44.25
-91.3209,47.9127#27.32#28.43#44.25
-91.2586,47.9115#27.36#28.38#44.26
-91.1963,47.9103#27.41#28.33#44.26
-91.1339,47.9092#27.45#28.28#44.27
-91.0716,47.908#27.5#28.23#44.27
-91.0093,47.9067#27.54#28.18#44.28
-90.9469,47.9055#27.6#28.15#44.25
-90.8846,47.9042#27.66#28.12#44.22
-90.8223,47.903#27.72#28.1#44.18
-90.7599,47.9017#27.78#28.07#44.15
-90.6976,47.9004#27.84#28.04#44.12
-100.927,47.9011#26.84#30.5#42.66
-100.864,47.9029#26.88#30.59#42.53
-100.802,47.9047#26.91#30.69#42.4
-100.74,47.9065#26.94#30.78#42.28
-100.677,47.9083#26.98#30.87#42.15
-100.615,47.91#27.01#30.97#42.02
-100.553,47.9117#27.05#31.06#41.89
-100.49,47.9134#27.08#31.15#41.77
-100.428,47.9151#27.1#31.22#41.68
-100.366,47.9168#27.11#31.29#41.6
-100.303,47.9184#27.13#31.37#41.5
-100.241,47.92#27.14#31.44#41.42
-100.179,47.9216#27.16#31.51#41.33
-100.117,47.9232#27.17#31.58#41.25
-100.054,47.9248#27.19#31.66#41.15
-99.9919,47.9263#27.2#31.73#41.07
-99.9295,47.9279#27.19#31.81#41
-99.8672,47.9294#27.18#31.89#40.93
-99.8049,47.9309#27.18#31.98#40.84
-99.7425,47.9323#27.17#32.06#40.77
-99.6802,47.9338#27.16#32.14#40.7
-99.6178,47.9352#27.15#32.22#40.63
-99.5555,47.9366#27.15#32.3#40.55
-99.4931,47.938#27.14#32.38#40.48
-99.4308,47.9394#27.11#32.45#40.44
-99.3684,47.9408#27.08#32.52#40.4
-99.3061,47.9421#27.05#32.59#40.36
-99.2437,47.9434#27.01#32.66#40.33
-99.1814,47.9447#26.98#32.73#40.29
-99.119,47.946#26.95#32.8#40.25
-99.0567,47.9473#26.92#32.87#40.21
-98.9943,47.9485#26.89#32.94#40.17
-98.9319,47.9497#26.85#33.02#40.13
-98.8696,47.9509#26.8#33.1#40.1
-98.8072,47.9521#26.76#33.18#40.06
-98.7448,47.9533#26.72#33.26#40.02
-98.6825,47.9544#26.67#33.34#39.99
-98.6201,47.9555#26.63#33.42#39.95
-98.5577,47.9566#26.59#33.5#39.91
-98.4954,47.9577#26.54#33.58#39.88
-98.433,47.9588#26.51#33.63#39.86
-98.3706,47.9598#26.48#33.67#39.85
-98.3082,47.9609#26.45#33.72#39.83
-98.2459,47.9619#26.42#33.77#39.81
-98.1835,47.9629#26.39#33.81#39.8
-98.1211,47.9639#26.36#33.86#39.78
-98.0587,47.9648#26.33#33.91#39.76
-97.9963,47.9657#26.3#33.95#39.75
-97.9339,47.9666#26.29#34.03#39.68
-97.8716,47.9675#26.28#34.1#39.62
-97.8092,47.9684#26.27#34.18#39.55
-97.7468,47.9693#26.26#34.25#39.49
-97.6844,47.9701#26.25#34.33#39.42
-97.622,47.9709#26.23#34.4#39.37
-97.5596,47.9717#26.22#34.48#39.3
-97.4972,47.9725#26.21#34.55#39.24
-97.4348,47.9733#26.2#34.63#39.17
-97.3724,47.974#26.2#34.72#39.08
-97.31,47.9747#26.19#34.8#39.01
-97.2476,47.9754#26.19#34.88#38.93
-97.1852,47.9761#26.18#34.97#38.85
-97.1228,47.9768#26.18#35.05#38.77
-97.0604,47.9774#26.17#35.14#38.69
-96.998,47.978#26.16#35.22#38.62
-96.9356,47.9787#26.16#35.28#38.56
-96.8732,47.9792#26.16#35.35#38.49
-96.8108,47.9798#26.16#35.41#38.43
-96.7484,47.9804#26.15#35.47#38.38
-96.686,47.9809#26.15#35.54#38.31
-96.6236,47.9814#26.15#35.6#38.25
-96.5612,47.9819#26.15#35.66#38.19
-96.4988,47.9824#26.14#35.73#38.13
-96.4364,47.9828#26.14#35.77#38.09
-96.374,47.9832#26.14#35.81#38.05
-96.3115,47.9837#26.14#35.85#38.01
-96.2491,47.9841#26.14#35.9#37.96
-96.1867,47.9844#26.14#35.94#37.92
-96.1243,47.9848#26.14#35.98#37.88
-96.0619,47.9851#26.14#36.02#37.84
-95.9995,47.9854#26.14#36.07#37.79
-95.9371,47.9857#26.14#36.09#37.77
-95.8747,47.986#26.14#36.12#37.74
-95.8123,47.9863#26.14#36.15#37.71
-95.7498,47.9865#26.14#36.18#37.68
-95.6874,47.9867#26.14#36.2#37.66
-95.625,47.9869#26.14#36.23#37.63
-95.5626,47.9871#26.13#36.26#37.61
-95.5002,47.9873#26.13#36.29#37.58
-95.4378,47.9874#26.13#36.27#37.6
-95.3754,47.9876#26.14#36.26#37.6
-95.3129,47.9877#26.14#36.24#37.62
-95.2505,47.9877#26.14#36.23#37.63
-95.1881,47.9878#26.14#36.21#37.65
-95.1257,47.9879#26.14#36.2#37.66
-95.0633,47.9879#26.14#36.19#37.67
-95.0009,47.9879#26.14#36.17#37.69
-94.9384,47.9879#26.14#36.07#37.79
-94.876,47.9879#26.14#35.97#37.89
-94.8136,47.9878#26.14#35.87#37.99
-94.7512,47.9878#26.15#35.77#38.08
-94.6888,47.9877#26.15#35.67#38.18
-94.6264,47.9876#26.15#35.57#38.28
-94.564,47.9874#26.15#35.47#38.38
-94.5015,47.9873#26.15#35.37#38.48
-94.4391,47.9871#26.17#35.19#38.64
-94.3767,47.9869#26.18#35.01#38.81
-94.3143,47.9867#26.19#34.82#38.99
-94.2519,47.9865#26.21#34.64#39.15
-94.1895,47.9863#26.22#34.46#39.32
-94.1271,47.986#26.23#34.27#39.5
-94.0646,47.9857#26.25#34.09#39.66
-94.0022,47.9854#26.26#33.91#39.83
-93.9398,47.9851#26.29#33.73#39.98
-93.8774,47.9848#26.31#33.55#40.14
-93.815,47.9844#26.34#33.37#40.29
-93.7526,47.9841#26.36#33.19#40.45
-93.6902,47.9837#26.39#33.01#40.6
-93.6278,47.9833#26.42#32.83#40.75
-93.5654,47.9828#26.44#32.65#40.91
-93.5029,47.9824#26.47#32.47#41.06
-93.4405,47.9819#26.51#32.31#41.18
-93.3781,47.9814#26.54#32.15#41.31
-93.3157,47.9809#26.58#31.98#41.44
-93.2533,47.9804#26.62#31.82#41.56
-93.1909,47.9798#26.66#31.66#41.68
-93.1285,47.9793#26.7#31.5#41.8
-93.0661,47.9787#26.73#31.34#41.93
-93.0037,47.9781#26.77#31.17#42.06
-92.9413,47.9774#26.81#31.03#42.16
-92.8789,47.9768#26.85#30.89#42.26
-92.8165,47.9761#26.89#30.74#42.37
-92.7541,47.9755#26.92#30.6#42.48
-92.6917,47.9747#26.96#30.46#42.58
-92.6293,47.974#27#30.32#42.68
-92.5669,47.9733#27.03#30.17#42.8
-92.5045,47.9725#27.07#30.03#42.9
-92.4421,47.9718#27.09#29.91#43
-92.3797,47.971#27.11#29.8#43.09
-92.3173,47.9701#27.13#29.69#43.18
-92.2549,47.9693#27.14#29.57#43.29
-92.1926,47.9684#27.16#29.46#43.38
-92.1302,47.9676#27.18#29.35#43.47
-92.0678,47.9667#27.2#29.23#43.57
-92.0054,47.9658#27.21#29.12#43.67
-91.943,47.9648#27.22#29.04#43.74
-91.8806,47.9639#27.22#28.97#43.81
-91.8182,47.9629#27.22#28.89#43.89
-91.7559,47.9619#27.22#28.82#43.96
-91.6935,47.9609#27.22#28.75#44.03
-91.6311,47.9599#27.22#28.67#44.11
-91.5687,47.9588#27.22#28.6#44.18
-91.5064,47.9578#27.22#28.52#44.26
-91.444,47.9567#27.26#28.47#44.27
-91.3816,47.9556#27.31#28.43#44.26
-91.3192,47.9544#27.35#28.38#44.27
-91.2569,47.9533#27.4#28.33#44.27
-91.1945,47.9521#27.45#28.29#44.26
-91.1321,47.951#27.49#28.24#44.27
-91.0698,47.9498#27.54#28.2#44.26
-91.0074,47.9485#27.59#28.15#44.26
-90.9451,47.9473#27.65#28.12#44.23
-90.8827,47.946#27.71#28.1#44.19
-90.8203,47.9448#27.78#28.07#44.15
-90.758,47.9435#27.84#28.05#44.11
-90.6956,47.9421#27.9#28.02#44.08
-90.6333,47.9408#27.96#28#44.04
-90.5709,47.9395#28.03#27.97#44
-90.5086,47.9381#28.09#27.95#43.96
-90.4462,47.9367#28.17#27.93#43.9
-90.3839,47.9353#28.25#27.92#43.83
-90.3215,47.9338#28.34#27.9#43.76
-90.2592,47.9324#28.42#27.89#43.69
-90.1969,47.9309#28.51#27.87#43.62
-90.1345,47.9294#28.59#27.86#43.55
-90.0722,47.9279#28.67#27.85#43.48
-90.0099,47.9264#28.76#27.83#43.41
-89.9475,47.9248#28.88#27.82#43.3
-89.8852,47.9233#29.01#27.82#43.17
-89.8229,47.9217#29.14#27.81#43.05
-89.7606,47.9201#29.27#27.8#42.93
-89.6982,47.9185#29.4#27.8#42.8
-89.6359,47.9168#29.52#27.79#42.69
-89.5736,47.9151#29.65#27.78#42.57
-89.5113,47.9135#29.78#27.78#42.44
-89.449,47.9118#29.9#27.77#42.33
-89.3867,47.91#30.02#27.77#42.21
-89.3244,47.9083#30.14#27.76#42.1
-89.2621,47.9065#30.25#27.76#41.99
-89.1998,47.9048#30.37#27.76#41.87
-89.1375,47.903#30.49#27.75#41.76
-89.0752,47.9012#30.61#27.75#41.64
-102.238,47.9003#26.49#29.33#44.18
-102.175,47.9025#26.48#29.34#44.18
-102.113,47.9047#26.47#29.36#44.17
-102.051,47.9069#26.47#29.37#44.16
-101.988,47.909#26.46#29.38#44.16
-101.926,47.9112#26.47#29.43#44.1
-101.864,47.9133#26.48#29.47#44.05
-101.802,47.9154#26.49#29.51#44
-101.739,47.9175#26.5#29.55#43.95
-101.677,47.9196#26.52#29.6#43.88
-101.615,47.9216#26.53#29.64#43.83
-101.552,47.9236#26.54#29.68#43.78
-101.49,47.9257#26.55#29.73#43.72
-101.428,47.9276#26.58#29.82#43.6
-101.366,47.9296#26.61#29.9#43.49
-101.303,47.9316#26.64#29.98#43.38
-101.241,47.9335#26.67#30.07#43.26
-101.179,47.9354#26.71#30.15#43.14
-101.116,47.9373#26.74#30.23#43.03
-101.054,47.9392#26.77#30.32#42.91
-100.992,47.941#26.8#30.4#42.8
-100.929,47.9429#26.83#30.49#42.68
-100.867,47.9447#26.87#30.59#42.54
-100.805,47.9465#26.91#30.68#42.41
-100.742,47.9483#26.94#30.77#42.29
-100.68,47.95#26.98#30.86#42.16
-100.618,47.9518#27.01#30.95#42.04
-100.555,47.9535#27.05#31.04#41.91
-100.493,47.9552#27.08#31.13#41.79
-100.431,47.9569#27.1#31.2#41.7
-100.368,47.9585#27.12#31.27#41.61
-100.306,47.9602#27.13#31.34#41.53
-100.244,47.9618#27.15#31.41#41.44
-100.181,47.9634#27.17#31.48#41.35
-100.119,47.965#27.18#31.55#41.27
-100.057,47.9666#27.2#31.62#41.18
-99.9942,47.9681#27.21#31.7#41.09
-99.9318,47.9696#27.2#31.78#41.02
-99.8694,47.9712#27.2#31.86#40.94
-99.8071,47.9726#27.19#31.94#40.87
-99.7447,47.9741#27.18#32.02#40.8
-99.6823,47.9756#27.17#32.1#40.73
-99.62,47.977#27.17#32.18#40.65
-99.5576,47.9784#27.16#32.27#40.57
-99.4952,47.9798#27.15#32.35#40.5
-99.4328,47.9812#27.12#32.42#40.46
-99.3705,47.9825#27.09#32.49#40.42
-99.3081,47.9839#27.06#32.56#40.38
-99.2457,47.9852#27.03#32.63#40.34
-99.1833,47.9865#27#32.7#40.3
-99.1209,47.9878#26.96#32.77#40.27
-99.0585,47.989#26.93#32.84#40.23
-98.9961,47.9903#26.9#32.91#40.19
-98.9338,47.9915#26.86#32.98#40.16
-98.8714,47.9927#26.81#33.05#40.14
-98.809,47.9939#26.77#33.12#40.11
-98.7466,47.995#26.72#33.19#40.09
-98.6842,47.9962#26.68#33.26#40.06
-98.6218,47.9973#26.63#33.33#40.04
-98.5594,47.9984#26.59#33.4#40.01
-98.497,47.9995#26.54#33.47#39.99
-98.4346,48.0006#26.51#33.51#39.98
-98.3722,48.0016#26.48#33.55#39.97
-98.3098,48.0027#26.45#33.59#39.96
-98.2473,48.0037#26.42#33.63#39.95
-98.1849,48.0047#26.4#33.67#39.93
-98.1225,48.0056#26.37#33.71#39.92
-98.0601,48.0066#26.34#33.75#39.91
-97.9977,48.0075#26.31#33.79#39.9
-97.9353,48.0084#26.3#33.86#39.84
-97.8729,48.0093#26.28#33.93#39.79
-97.8105,48.0102#26.27#34#39.73
-97.748,48.0111#26.26#34.07#39.67
-97.6856,48.0119#26.25#34.14#39.61
-97.6232,48.0127#26.24#34.21#39.55
-97.5608,48.0135#26.23#34.28#39.49
-97.4984,48.0143#26.21#34.35#39.44
-97.4359,48.015#26.21#34.43#39.36
-97.3735,48.0158#26.2#34.51#39.29
-97.3111,48.0165#26.2#34.6#39.2
-97.2487,48.0172#26.19#34.68#39.13
-97.1862,48.0179#26.19#34.76#39.05
-97.1238,48.0186#26.18#34.85#38.97
-97.0614,48.0192#26.17#34.93#38.9
-96.9989,48.0198#26.17#35.02#38.81
-96.9365,48.0204#26.17#35.08#38.75
-96.8741,48.021#26.16#35.14#38.7
-96.8116,48.0216#26.16#35.2#38.64
-96.7492,48.0221#26.16#35.27#38.57
-96.6868,48.0227#26.16#35.33#38.51
-96.6243,48.0232#26.15#35.39#38.46
-96.5619,48.0237#26.15#35.46#38.39
-96.4995,48.0241#26.15#35.52#38.33
-96.437,48.0246#26.15#35.56#38.29
-96.3746,48.025#26.15#35.61#38.24
-96.3122,48.0254#26.15#35.65#38.2
-96.2497,48.0258#26.15#35.7#38.15
-96.1873,48.0262#26.15#35.74#38.11
-96.1248,48.0266#26.14#35.78#38.08
-96.0624,48.0269#26.14#35.83#38.03
-96,48.0272#26.14#35.87#37.99
-95.9375,48.0275#26.14#35.9#37.96
-95.8751,48.0278#26.14#35.93#37.93
-95.8126,48.0281#26.14#35.96#37.9
-95.7502,48.0283#26.14#35.99#37.87
-95.6877,48.0285#26.14#36.02#37.84
-95.6253,48.0287#26.14#36.05#37.81
-95.5629,48.0289#26.14#36.08#37.78
-95.5004,48.0291#26.14#36.11#37.75
-95.438,48.0292#26.14#36.1#37.76
-95.3755,48.0293#26.14#36.09#37.77
-95.3131,48.0294#26.14#36.08#37.78
-95.2506,48.0295#26.14#36.06#37.8
-95.1882,48.0296#26.14#36.05#37.81
-95.1258,48.0296#26.14#36.04#37.82
-95.0633,48.0297#26.14#36.03#37.83
-95.0009,48.0297#26.14#36.02#37.84
-94.9384,48.0297#26.15#35.91#37.94
-94.876,48.0296#26.15#35.81#38.04
-94.8135,48.0296#26.15#35.7#38.15
-94.7511,48.0295#26.15#35.59#38.26
-94.6886,48.0294#26.15#35.49#38.36
-94.6262,48.0293#26.16#35.38#38.46
-94.5638,48.0292#26.16#35.28#38.56
-94.5013,48.0291#26.16#35.17#38.67
-94.4389,48.0289#26.17#34.99#38.84
-94.3764,48.0287#26.18#34.81#39.01
-94.314,48.0285#26.19#34.63#39.18
-94.2515,48.0283#26.21#34.45#39.34
-94.1891,48.0281#26.22#34.26#39.52
-94.1267,48.0278#26.23#34.08#39.69
-94.0642,48.0275#26.24#33.9#39.86
-94.0018,48.0272#26.25#33.72#40.03
-93.9393,48.0269#26.28#33.54#40.18
-93.8769,48.0266#26.3#33.37#40.33
-93.8144,48.0262#26.33#33.19#40.48
-93.752,48.0258#26.36#33.02#40.62
-93.6896,48.0254#26.38#32.84#40.78
-93.6271,48.025#26.41#32.67#40.92
-93.5647,48.0246#26.43#32.49#41.08
-93.5023,48.0242#26.46#32.32#41.22
-93.4398,48.0237#26.49#32.16#41.35
-93.3774,48.0232#26.53#31.99#41.48
-93.315,48.0227#26.57#31.83#41.6
-93.2525,48.0222#26.6#31.67#41.73
-93.1901,48.0216#26.64#31.51#41.85
-93.1277,48.021#26.68#31.35#41.97
-93.0652,48.0205#26.71#31.18#42.11
-93.0028,48.0198#26.75#31.02#42.23
-92.9404,48.0192#26.79#30.88#42.33
-92.8779,48.0186#26.83#30.74#42.43
-92.8155,48.0179#26.87#30.6#42.53
-92.7531,48.0172#26.91#30.46#42.63
-92.6906,48.0165#26.95#30.32#42.73
-92.6282,48.0158#26.98#30.18#42.84
-92.5658,48.0151#27.02#30.04#42.94
-92.5034,48.0143#27.06#29.9#43.04
-92.4409,48.0135#27.08#29.79#43.13
-92.3785,48.0127#27.1#29.68#43.22
-92.3161,48.0119#27.12#29.57#43.31
-92.2537,48.0111#27.14#29.46#43.4
-92.1913,48.0102#27.16#29.35#43.49
-92.1289,48.0093#27.18#29.24#43.58
-92.0664,48.0085#27.2#29.13#43.67
-92.004,48.0075#27.22#29.02#43.76
-91.9416,48.0066#27.23#28.95#43.82
-91.8792,48.0057#27.23#28.88#43.89
-91.8168,48.0047#27.23#28.81#43.96
-91.7544,48.0037#27.24#28.74#44.02
-91.692,48.0027#27.24#28.67#44.09
-91.6296,48.0017#27.24#28.6#44.16
-91.5672,48.0006#27.25#28.53#44.22
-91.5048,47.9995#27.25#28.46#44.29
-91.4423,47.9985#27.29#28.42#44.29
-91.3799,47.9974#27.34#28.38#44.28
-91.3175,47.9962#27.39#28.33#44.28
-91.2552,47.9951#27.44#28.29#44.27
-91.1928,47.9939#27.49#28.25#44.26
-91.1304,47.9927#27.53#28.2#44.27
-91.068,47.9915#27.58#28.16#44.26
-91.0056,47.9903#27.63#28.12#44.25
-90.9432,47.9891#27.7#28.09#44.21
-90.8808,47.9878#27.76#28.07#44.17
-90.8184,47.9865#27.83#28.05#44.12
-90.756,47.9852#27.9#28.02#44.08
-90.6936,47.9839#27.96#28#44.04
-90.6313,47.9826#28.03#27.98#43.99
-90.5689,47.9812#28.09#27.95#43.96
-90.5065,47.9799#28.16#27.93#43.91
-90.4441,47.9785#28.24#27.91#43.85
-90.3818,47.977#28.33#27.9#43.77
-90.3194,47.9756#28.41#27.89#43.7
-90.257,47.9742#28.5#27.88#43.62
-90.1947,47.9727#28.58#27.86#43.56
-90.1323,47.9712#28.67#27.85#43.48
-90.0699,47.9697#28.75#27.84#43.41
-90.0076,47.9682#28.83#27.82#43.35
-89.9452,47.9666#28.96#27.82#43.22
-89.8829,47.965#29.08#27.81#43.11
-89.8205,47.9635#29.21#27.8#42.99
-89.7581,47.9619#29.34#27.8#42.86
-89.6958,47.9602#29.47#27.79#42.74
-89.6335,47.9586#29.6#27.78#42.62
-89.5711,47.9569#29.72#27.78#42.5
-89.5088,47.9552#29.85#27.77#42.38
-89.4464,47.9535#29.96#27.77#42.27
-89.3841,47.9518#30.08#27.77#42.15
-89.3217,47.9501#30.19#27.76#42.05
-89.2594,47.9483#30.3#27.76#41.94
-89.1971,47.9465#30.41#27.76#41.83
-89.1348,47.9447#30.52#27.75#41.73
-89.0724,47.9429#30.64#27.75#41.61
-89.0101,47.9411#30.75#27.75#41.5
-88.9478,47.9392#30.85#27.74#41.41
-88.8855,47.9374#30.94#27.74#41.32
-88.8231,47.9355#31.04#27.74#41.22
-88.7608,47.9336#31.13#27.74#41.13
-88.6985,47.9316#31.23#27.74#41.03
-88.6362,47.9297#31.32#27.74#40.94
-88.5739,47.9277#31.42#27.74#40.84
-88.5116,47.9257#31.51#27.74#40.75
-88.4493,47.9237#31.6#27.74#40.66
-88.387,47.9217#31.68#27.74#40.58
-88.3247,47.9196#31.77#27.74#40.49
-88.2624,47.9176#31.85#27.74#40.41
-88.2001,47.9155#31.94#27.73#40.33
-88.1378,47.9134#32.02#27.73#40.25
-88.0756,47.9112#32.11#27.73#40.16
-88.0133,47.9091#32.2#27.73#40.07
-87.951,47.9069#32.26#27.73#40.01
-87.8887,47.9048#32.32#27.73#39.95
-87.8265,47.9026#32.37#27.74#39.89
-87.7642,47.9003#32.43#27.74#39.83
-103.299,47.9013#27.21#29.25#43.54
-103.237,47.9039#27.13#29.25#43.62
-103.175,47.9064#27.04#29.25#43.71
-103.113,47.9089#26.95#29.26#43.79
-103.05,47.9114#26.86#29.26#43.88
-102.988,47.9139#26.79#29.26#43.95
-102.926,47.9163#26.75#29.26#43.99
-102.864,47.9188#26.72#29.27#44.01
-102.801,47.9212#26.68#29.27#44.05
-102.739,47.9236#26.65#29.27#44.08
-102.677,47.9259#26.61#29.27#44.12
-102.615,47.9283#26.58#29.28#44.14
-102.552,47.9306#26.54#29.28#44.18
-102.49,47.9329#26.51#29.28#44.21
-102.428,47.9352#26.51#29.29#44.2
-102.365,47.9375#26.5#29.31#44.19
-102.303,47.9398#26.49#29.32#44.19
-102.241,47.942#26.48#29.33#44.19
-102.179,47.9442#26.47#29.34#44.19
-102.116,47.9464#26.47#29.35#44.18
-102.054,47.9486#26.46#29.36#44.18
-101.992,47.9508#26.45#29.38#44.17
-101.929,47.9529#26.46#29.42#44.12
-101.867,47.9551#26.47#29.47#44.06
-101.805,47.9572#26.49#29.51#44
-101.742,47.9593#26.5#29.55#43.95
-101.68,47.9613#26.51#29.6#43.89
-101.618,47.9634#26.52#29.64#43.84
-101.555,47.9654#26.53#29.69#43.78
-101.493,47.9674#26.54#29.74#43.72
-101.431,47.9694#26.58#29.82#43.6
-101.368,47.9714#26.61#29.9#43.49
-101.306,47.9733#26.64#29.99#43.37
-101.244,47.9753#26.67#30.07#43.26
-101.181,47.9772#26.7#30.15#43.15
-101.119,47.9791#26.73#30.23#43.04
-101.057,47.9809#26.76#30.32#42.92
-100.994,47.9828#26.79#30.4#42.81
-100.932,47.9846#26.83#30.49#42.68
-100.87,47.9865#26.86#30.58#42.56
-100.807,47.9883#26.9#30.67#42.43
-100.745,47.99#26.94#30.76#42.3
-100.683,47.9918#26.98#30.85#42.17
-100.62,47.9935#27.01#30.94#42.05
-100.558,47.9953#27.05#31.03#41.92
-100.495,47.997#27.09#31.12#41.79
-100.433,47.9986#27.11#31.19#41.7
-100.371,48.0003#27.12#31.25#41.63
-100.308,48.0019#27.14#31.32#41.54
-100.246,48.0036#27.16#31.39#41.45
-100.184,48.0052#27.17#31.46#41.37
-100.121,48.0068#27.19#31.53#41.28
-100.059,48.0083#27.21#31.59#41.2
-99.9965,48.0099#27.23#31.66#41.11
-99.9341,48.0114#27.22#31.74#41.04
-99.8717,48.0129#27.21#31.82#40.97
-99.8093,48.0144#27.2#31.9#40.9
-99.7469,48.0159#27.19#31.99#40.82
-99.6845,48.0173#27.19#32.07#40.74
-99.6221,48.0188#27.18#32.15#40.67
-99.5597,48.0202#27.17#32.23#40.6
-99.4973,48.0216#27.16#32.31#40.53
-99.4349,48.023#27.13#32.38#40.49
-99.3725,48.0243#27.1#32.45#40.45
-99.3101,48.0256#27.07#32.52#40.41
-99.2476,48.027#27.04#32.59#40.37
-99.1852,48.0283#27.01#32.66#40.33
-99.1228,48.0295#26.98#32.73#40.29
-99.0604,48.0308#26.95#32.81#40.24
-98.998,48.032#26.91#32.88#40.21
-98.9356,48.0333#26.87#32.94#40.19
-98.8731,48.0345#26.82#33#40.18
-98.8107,48.0356#26.78#33.06#40.16
-98.7483,48.0368#26.73#33.12#40.15
-98.6859,48.038#26.68#33.18#40.14
-98.6234,48.0391#26.64#33.24#40.12
-98.561,48.0402#26.59#33.3#40.11
-98.4986,48.0413#26.54#33.36#40.1
-98.4362,48.0423#26.51#33.39#40.1
-98.3737,48.0434#26.49#33.43#40.08
-98.3113,48.0444#26.46#33.46#40.08
-98.2488,48.0454#26.43#33.5#40.07
-98.1864,48.0464#26.4#33.53#40.07
-98.124,48.0474#26.37#33.57#40.06
-98.0615,48.0483#26.34#33.6#40.06
-97.9991,48.0493#26.31#33.63#40.06
-97.9366,48.0502#26.3#33.7#40
-97.8742,48.0511#26.29#33.76#39.95
-97.8118,48.052#26.28#33.83#39.89
-97.7493,48.0528#26.26#33.89#39.85
-97.6869,48.0537#26.25#33.95#39.8
-97.6244,48.0545#26.24#34.02#39.74
-97.562,48.0553#26.23#34.08#39.69
-97.4995,48.0561#26.22#34.14#39.64
-97.4371,48.0568#26.21#34.23#39.56
-97.3746,48.0576#26.21#34.31#39.48
-97.3121,48.0583#26.2#34.39#39.41
-97.2497,48.059#26.2#34.48#39.32
-97.1872,48.0597#26.19#34.56#39.25
-97.1248,48.0603#26.19#34.64#39.17
-97.0623,48.061#26.18#34.73#39.09
-96.9999,48.0616#26.17#34.81#39.02
-96.9374,48.0622#26.17#34.87#38.96
-96.8749,48.0628#26.17#34.94#38.89
-96.8125,48.0634#26.17#35#38.83
-96.75,48.0639#26.17#35.06#38.77
-96.6876,48.0644#26.16#35.13#38.71
-96.6251,48.0649#26.16#35.19#38.65
-96.5626,48.0654#26.16#35.25#38.59
-96.5002,48.0659#26.16#35.32#38.52
-96.4377,48.0664#26.16#35.36#38.48
-96.3752,48.0668#26.15#35.4#38.45
-96.3128,48.0672#26.15#35.45#38.4
-96.2503,48.0676#26.15#35.49#38.36
-96.1878,48.068#26.15#35.54#38.31
-96.1254,48.0683#26.15#35.58#38.27
-96.0629,48.0687#26.15#35.63#38.22
-96.0004,48.069#26.15#35.67#38.18
-95.9379,48.0693#26.15#35.71#38.14
-95.8755,48.0696#26.15#35.74#38.11
-95.813,48.0698#26.15#35.77#38.08
-95.7505,48.0701#26.15#35.81#38.04
-95.6881,48.0703#26.15#35.84#38.01
-95.6256,48.0705#26.15#35.87#37.98
-95.5631,48.0707#26.15#35.91#37.94
-95.5006,48.0708#26.15#35.94#37.91
-95.4382,48.071#26.15#35.93#37.92
-95.3757,48.0711#26.15#35.92#37.93
-95.3132,48.0712#26.15#35.91#37.94
-95.2508,48.0713#26.15#35.9#37.95
-95.1883,48.0714#26.15#35.89#37.96
-95.1258,48.0714#26.15#35.88#37.97
-95.0633,48.0714#26.15#35.87#37.98
-95.0009,48.0715#26.15#35.86#37.99
-94.9384,48.0714#26.15#35.75#38.1
-94.8759,48.0714#26.16#35.64#38.2
-94.8134,48.0714#26.16#35.53#38.31
-94.751,48.0713#26.16#35.42#38.42
-94.6885,48.0712#26.16#35.31#38.53
-94.626,48.0711#26.16#35.2#38.64
-94.5636,48.071#26.16#35.09#38.75
-94.5011,48.0708#26.17#34.98#38.85
-94.4386,48.0707#26.18#34.8#39.02
-94.3761,48.0705#26.19#34.62#39.19
-94.3137,48.0703#26.2#34.43#39.37
-94.2512,48.0701#26.21#34.25#39.54
-94.1887,48.0698#26.22#34.07#39.71
-94.1263,48.0696#26.23#33.89#39.88
-94.0638,48.0693#26.24#33.71#40.05
-94.0013,48.069#26.25#33.53#40.22
-93.9388,48.0687#26.27#33.36#40.37
-93.8764,48.0683#26.3#33.19#40.51
-93.8139,48.068#26.32#33.02#40.66
-93.7514,48.0676#26.35#32.85#40.8
-93.689,48.0672#26.37#32.68#40.95
-93.6265,48.0668#26.4#32.51#41.09
-93.564,48.0664#26.42#32.34#41.24
-93.5016,48.0659#26.45#32.17#41.38
-93.4391,48.0654#26.48#32#41.52
-93.3766,48.065#26.52#31.84#41.64
-93.3142,48.0644#26.55#31.68#41.77
-93.2517,48.0639#26.59#31.52#41.89
-93.1892,48.0634#26.62#31.36#42.02
-93.1268,48.0628#26.66#31.19#42.15
-93.0643,48.0622#26.69#31.03#42.28
-93.0019,48.0616#26.73#30.87#42.4
-92.9394,48.061#26.77#30.73#42.5
-92.8769,48.0603#26.81#30.59#42.6
-92.8145,48.0597#26.85#30.46#42.69
-92.752,48.059#26.89#30.32#42.79
-92.6896,48.0583#26.93#30.18#42.89
-92.6271,48.0576#26.97#30.04#42.99
-92.5647,48.0568#27.01#29.91#43.08
-92.5022,48.0561#27.05#29.77#43.18
-92.4398,48.0553#27.08#29.66#43.26
-92.3773,48.0545#27.1#29.56#43.34
-92.3149,48.0537#27.12#29.45#43.43
-92.2524,48.0528#27.14#29.35#43.51
-92.19,48.052#27.17#29.24#43.59
-92.1275,48.0511#27.19#29.14#43.67
-92.0651,48.0502#27.21#29.03#43.76
-92.0026,48.0493#27.23#28.93#43.84
-91.9402,48.0484#27.24#28.86#43.9
-91.8778,48.0474#27.24#28.8#43.96
-91.8153,48.0465#27.25#28.73#44.02
-91.7529,48.0455#27.26#28.67#44.07
-91.6904,48.0445#27.26#28.6#44.14
-91.628,48.0434#27.27#28.54#44.19
-91.5656,48.0424#27.27#28.47#44.26
-91.5031,48.0413#27.28#28.41#44.31
-91.4407,48.0402#27.33#28.36#44.31
-91.3783,48.0391#27.38#28.33#44.29
-91.3159,48.038#27.43#28.29#44.28
-91.2534,48.0368#27.48#28.25#44.27
-91.191,48.0357#27.53#28.21#44.26
-91.1286,48.0345#27.58#28.17#44.25
-91.0662,48.0333#27.63#28.13#44.24
-91.0037,48.0321#27.68#28.09#44.23
-90.9413,48.0308#27.74#28.07#44.19
-90.8789,48.0296#27.82#28.04#44.14
-90.8165,48.0283#27.89#28.02#44.09
-90.7541,48.027#27.96#28#44.04
-90.6917,48.0257#28.02#27.98#44
-90.6293,48.0243#28.09#27.96#43.95
-90.5668,48.023#28.16#27.93#43.91
-90.5044,48.0216#28.23#27.91#43.86
-90.442,48.0202#28.32#27.9#43.78
-90.3796,48.0188#28.4#27.89#43.71
-90.3172,48.0174#28.49#27.88#43.63
-90.2548,48.0159#28.57#27.86#43.57
-90.1924,48.0145#28.66#27.85#43.49
-90.1301,48.013#28.74#27.84#43.42
-90.0677,48.0115#28.83#27.83#43.34
-90.0053,48.0099#28.91#27.82#43.27
-89.9429,48.0084#29.04#27.81#43.15
-89.8805,48.0068#29.16#27.8#43.04
-89.8181,48.0052#29.29#27.8#42.91
-89.7557,48.0036#29.41#27.79#42.8
-89.6934,48.002#29.54#27.79#42.67
-89.631,48.0003#29.67#27.78#42.55
-89.5686,47.9987#29.79#27.77#42.44
-89.5062,47.997#29.92#27.77#42.31
-89.4439,47.9953#30.03#27.76#42.21
-89.3815,47.9936#30.13#27.76#42.11
-89.3191,47.9918#30.24#27.76#42
-89.2568,47.9901#30.34#27.76#41.9
-89.1944,47.9883#30.45#27.75#41.8
-89.1321,47.9865#30.55#27.75#41.7
-89.0697,47.9847#30.66#27.75#41.59
-89.0073,47.9828#30.77#27.74#41.49
-88.945,47.981#30.86#27.74#41.4
-88.8826,47.9791#30.96#27.74#41.3
-88.8203,47.9772#31.05#27.74#41.21
-88.758,47.9753#31.14#27.74#41.12
-88.6956,47.9734#31.23#27.74#41.03
-88.6333,47.9714#31.33#27.74#40.93
-88.5709,47.9695#31.42#27.74#40.84
-88.5086,47.9675#31.52#27.74#40.74
-88.4463,47.9655#31.6#27.74#40.66
-88.384,47.9634#31.68#27.74#40.58
-88.3216,47.9614#31.76#27.74#40.5
-88.2593,47.9593#31.84#27.74#40.42
-88.197,47.9572#31.92#27.74#40.34
-88.1347,47.9551#32.01#27.74#40.25
-88.0724,47.953#32.09#27.74#40.17
-88.0101,47.9509#32.17#27.73#40.1
-87.9478,47.9487#32.23#27.74#40.03
-87.8855,47.9465#32.29#27.74#39.97
-87.8232,47.9443#32.35#27.74#39.91
-87.7609,47.9421#32.41#27.74#39.85
-87.6986,47.9398#32.46#27.74#39.8
-87.6363,47.9376#32.52#27.74#39.74
-87.574,47.9353#32.58#27.74#39.68
-87.5117,47.933#32.63#27.74#39.63
-87.4494,47.9307#32.7#27.74#39.56
-87.3871,47.9284#32.77#27.74#39.49
-87.3249,47.926#32.85#27.74#39.41
-87.2626,47.9236#32.92#27.74#39.34
-87.2003,47.9212#33#27.74#39.26
-87.1381,47.9188#33.07#27.74#39.19
-87.0758,47.9164#33.15#27.74#39.11
-87.0135,47.9139#33.23#27.74#39.03
-86.9513,47.9115#33.37#27.74#38.89
-86.889,47.909#33.53#27.74#38.73
-86.8268,47.9065#33.68#27.74#38.58
-86.7645,47.9039#33.84#27.75#38.41
-86.7023,47.9014#34#27.75#38.25
-104.237,47.9025#28.93#29.21#41.86
-104.175,47.9054#28.81#29.21#41.98
-104.112,47.9082#28.68#29.21#42.11
-104.05,47.911#28.55#29.22#42.23
-103.988,47.9138#28.43#29.22#42.35
-103.926,47.9165#28.31#29.22#42.47
-103.863,47.9193#28.19#29.22#42.59
-103.801,47.922#28.07#29.22#42.71
-103.739,47.9247#27.95#29.23#42.82
-103.677,47.9274#27.83#29.23#42.94
-103.615,47.93#27.71#29.23#43.06
-103.552,47.9327#27.59#29.23#43.18
-103.49,47.9353#27.47#29.24#43.29
-103.428,47.9379#27.39#29.24#43.37
-103.365,47.9405#27.3#29.24#43.46
-103.303,47.9431#27.21#29.24#43.55
-103.241,47.9456#27.13#29.25#43.62
-103.179,47.9481#27.04#29.25#43.71
-103.116,47.9506#26.95#29.25#43.8
-103.054,47.9531#26.87#29.25#43.88
-102.992,47.9556#26.79#29.26#43.95
-102.93,47.9581#26.75#29.26#43.99
-102.867,47.9605#26.72#29.26#44.02
-102.805,47.9629#26.68#29.26#44.06
-102.743,47.9653#26.65#29.27#44.08
-102.68,47.9677#26.61#29.27#44.12
-102.618,47.97#26.58#29.27#44.15
-102.556,47.9724#26.54#29.27#44.19
-102.493,47.9747#26.51#29.28#44.21
-102.431,47.977#26.5#29.29#44.21
-102.369,47.9793#26.49#29.3#44.21
-102.307,47.9815#26.49#29.31#44.2
-102.244,47.9838#26.48#29.33#44.19
-102.182,47.986#26.47#29.34#44.19
-102.12,47.9882#26.46#29.35#44.19
-102.057,47.9904#26.45#29.36#44.19
-101.995,47.9925#26.44#29.38#44.18
-101.933,47.9947#26.45#29.42#44.13
-101.87,47.9968#26.47#29.46#44.07
-101.808,47.9989#26.48#29.51#44.01
-101.746,48.001#26.49#29.55#43.96
-101.683,48.0031#26.5#29.6#43.9
-101.621,48.0051#26.51#29.64#43.85
-101.558,48.0071#26.52#29.69#43.79
-101.496,48.0092#26.54#29.74#43.72
-101.434,48.0111#26.57#29.82#43.61
-101.371,48.0131#26.6#29.9#43.5
-101.309,48.0151#26.63#29.99#43.38
-101.247,48.017#26.66#30.07#43.27
-101.184,48.0189#26.69#30.15#43.16
-101.122,48.0208#26.72#30.24#43.04
-101.06,48.0227#26.75#30.32#42.93
-100.997,48.0245#26.78#30.4#42.82
-100.935,48.0264#26.82#30.49#42.69
-100.872,48.0282#26.86#30.58#42.56
-100.81,48.03#26.9#30.67#42.43
-100.748,48.0318#26.93#30.75#42.32
-100.685,48.0335#26.97#30.84#42.19
-100.623,48.0353#27.01#30.93#42.06
-100.56,48.037#27.05#31.01#41.94
-100.498,48.0387#27.09#31.1#41.81
-100.436,48.0404#27.11#31.17#41.72
-100.373,48.042#27.13#31.23#41.64
-100.311,48.0437#27.15#31.3#41.55
-100.248,48.0453#27.16#31.37#41.47
-100.186,48.0469#27.18#31.43#41.39
-100.124,48.0485#27.2#31.5#41.3
-100.061,48.0501#27.22#31.56#41.22
-99.9988,48.0516#27.24#31.63#41.13
-99.9363,48.0532#27.23#31.71#41.06
-99.8739,48.0547#27.22#31.79#40.99
-99.8115,48.0562#27.21#31.87#40.92
-99.7491,48.0576#27.2#31.95#40.85
-99.6866,48.0591#27.2#32.03#40.77
-99.6242,48.0605#27.19#32.11#40.7
-99.5618,48.0619#27.18#32.19#40.63
-99.4994,48.0633#27.17#32.27#40.56
-99.4369,48.0647#27.14#32.34#40.52
-99.3745,48.0661#27.11#32.41#40.48
-99.312,48.0674#27.08#32.49#40.43
-99.2496,48.0687#27.05#32.56#40.39
-99.1872,48.07#27.02#32.63#40.35
-99.1247,48.0713#26.99#32.7#40.31
-99.0623,48.0725#26.96#32.78#40.26
-98.9998,48.0738#26.93#32.85#40.22
-98.9374,48.075#26.88#32.9#40.22
-98.8749,48.0762#26.83#32.95#40.22
-98.8125,48.0774#26.78#33#40.22
-98.75,48.0786#26.74#33.05#40.21
-98.6876,48.0797#26.69#33.1#40.21
-98.6251,48.0808#26.64#33.15#40.21
-98.5627,48.0819#26.59#33.2#40.21
-98.5002,48.083#26.54#33.25#40.21
-98.4377,48.0841#26.51#33.28#40.21
-98.3753,48.0851#26.49#33.31#40.2
-98.3128,48.0862#26.46#33.34#40.2
-98.2503,48.0872#26.43#33.36#40.21
-98.1879,48.0882#26.4#33.39#40.21
-98.1254,48.0891#26.37#33.42#40.21
-98.0629,48.0901#26.34#33.45#40.21
-98.0005,48.091#26.31#33.48#40.21
-97.938,48.0919#26.3#33.53#40.17
-97.8755,48.0928#26.29#33.59#40.12
-97.813,48.0937#26.28#33.65#40.07
-97.7506,48.0946#26.27#33.71#40.02
-97.6881,48.0954#26.26#33.77#39.97
-97.6256,48.0962#26.25#33.83#39.92
-97.5631,48.097#26.23#33.88#39.89
-97.5007,48.0978#26.22#33.94#39.84
-97.4382,48.0986#26.22#34.02#39.76
-97.3757,48.0993#26.21#34.11#39.68
-97.3132,48.1#26.21#34.19#39.6
-97.2507,48.1007#26.2#34.27#39.53
-97.1882,48.1014#26.2#34.36#39.44
-97.1258,48.1021#26.19#34.44#39.37
-97.0633,48.1027#26.19#34.52#39.29
-97.0008,48.1033#26.18#34.61#39.21
-96.9383,48.104#26.18#34.67#39.15
-96.8758,48.1045#26.18#34.73#39.09
-96.8133,48.1051#26.17#34.79#39.04
-96.7508,48.1057#26.17#34.86#38.97
-96.6883,48.1062#26.17#34.92#38.91
-96.6258,48.1067#26.17#34.98#38.85
-96.5633,48.1072#26.16#35.05#38.79
-96.5009,48.1077#26.16#35.11#38.73
-96.4384,48.1081#26.16#35.16#38.68
-96.3759,48.1085#26.16#35.2#38.64
-96.3134,48.109#26.16#35.25#38.59
-96.2509,48.1094#26.16#35.29#38.55
-96.1884,48.1097#26.16#35.34#38.5
-96.1259,48.1101#26.16#35.38#38.46
-96.0634,48.1104#26.16#35.43#38.41
-96.0009,48.1107#26.16#35.48#38.36
-95.9384,48.111#26.16#35.51#38.33
-95.8759,48.1113#26.16#35.55#38.29
-95.8134,48.1116#26.16#35.58#38.26
-95.7509,48.1118#26.16#35.62#38.22
-95.6884,48.112#26.16#35.66#38.18
-95.6259,48.1122#26.16#35.69#38.15
-95.5634,48.1124#26.16#35.73#38.11
-95.5009,48.1126#26.16#35.77#38.07
-95.4384,48.1127#26.16#35.76#38.08
-95.3759,48.1129#26.16#35.75#38.09
-95.3134,48.113#26.16#35.74#38.1
-95.2509,48.1131#26.16#35.74#38.1
-95.1884,48.1131#26.16#35.73#38.11
-95.1259,48.1132#26.16#35.72#38.12
-95.0634,48.1132#26.16#35.71#38.13
-95.0009,48.1132#26.16#35.71#38.13
-94.9384,48.1132#26.16#35.59#38.25
-94.8759,48.1132#26.16#35.47#38.37
-94.8134,48.1131#26.16#35.36#38.48
-94.7509,48.1131#26.17#35.24#38.59
-94.6884,48.113#26.17#35.13#38.7
-94.6259,48.1129#26.17#35.01#38.82
-94.5634,48.1127#26.17#34.9#38.93
-94.5009,48.1126#26.17#34.78#39.05
-94.4383,48.1124#26.18#34.6#39.22
-94.3758,48.1122#26.19#34.42#39.39
-94.3133,48.112#26.2#34.24#39.56
-94.2508,48.1118#26.21#34.06#39.73
-94.1883,48.1116#26.21#33.88#39.91
-94.1258,48.1113#26.22#33.7#40.08
-94.0633,48.111#26.23#33.52#40.25
-94.0009,48.1107#26.24#33.34#40.42
-93.9384,48.1104#26.26#33.17#40.57
-93.8759,48.1101#26.29#33.01#40.7
-93.8134,48.1097#26.31#32.84#40.85
-93.7509,48.1094#26.34#32.68#40.98
-93.6884,48.109#26.36#32.51#41.13
-93.6259,48.1086#26.39#32.34#41.27
-93.5634,48.1081#26.41#32.18#41.41
-93.5009,48.1077#26.44#32.01#41.55
-93.4384,48.1072#26.47#31.85#41.68
-93.3759,48.1067#26.51#31.69#41.8
-93.3134,48.1062#26.54#31.53#41.93
-93.2509,48.1057#26.57#31.37#42.06
-93.1884,48.1051#26.61#31.2#42.19
-93.1259,48.1046#26.64#31.04#42.32
-93.0634,48.104#26.67#30.88#42.45
-93.0009,48.1034#26.71#30.72#42.57
-92.9385,48.1027#26.75#30.58#42.67
-92.876,48.1021#26.79#30.45#42.76
-92.8135,48.1014#26.83#30.31#42.86
-92.751,48.1007#26.88#30.18#42.94
-92.6885,48.1#26.92#30.04#43.04
-92.626,48.0993#26.96#29.91#43.13
-92.5635,48.0986#27#29.77#43.23
-92.5011,48.0978#27.04#29.64#43.32
-92.4386,48.097#27.07#29.54#43.39
-92.3761,48.0962#27.09#29.44#43.47
-92.3136,48.0954#27.12#29.34#43.54
-92.2512,48.0946#27.14#29.23#43.63
-92.1887,48.0937#27.17#29.13#43.7
-92.1262,48.0929#27.19#29.03#43.78
-92.0637,48.092#27.22#28.93#43.85
-92.0013,48.0911#27.24#28.83#43.93
-91.9388,48.0901#27.25#28.77#43.98
-91.8763,48.0892#27.26#28.71#44.03
-91.8138,48.0882#27.27#28.65#44.08
-91.7514,48.0872#27.28#28.59#44.13
-91.6889,48.0862#27.29#28.53#44.18
-91.6265,48.0852#27.29#28.47#44.24
-91.564,48.0841#27.3#28.41#44.29
-91.5015,48.0831#27.31#28.35#44.34
-91.4391,48.082#27.36#28.31#44.33
-91.3766,48.0809#27.41#28.28#44.31
-91.3142,48.0797#27.46#28.24#44.3
-91.2517,48.0786#27.52#28.2#44.28
-91.1892,48.0774#27.57#28.17#44.26
-91.1268,48.0762#27.62#28.13#44.25
-91.0643,48.075#27.67#28.09#44.24
-91.0019,48.0738#27.72#28.06#44.22
-90.9394,48.0726#27.79#28.04#44.17
-90.877,48.0713#27.87#28.02#44.11
-90.8146,48.07#27.94#28#44.06
-90.7521,48.0687#28.01#27.98#44.01
-90.6897,48.0674#28.09#27.96#43.95
-90.6272,48.0661#28.16#27.94#43.9
-90.5648,48.0647#28.23#27.92#43.85
-90.5024,48.0634#28.3#27.9#43.8
-90.4399,48.062#28.39#27.89#43.72
-90.3775,48.0606#28.48#27.87#43.65
-90.3151,48.0591#28.56#27.86#43.58
-90.2527,48.0577#28.65#27.85#43.5
-90.1902,48.0562#28.73#27.84#43.43
-90.1278,48.0547#28.82#27.83#43.35
-90.0654,48.0532#28.91#27.82#43.27
-90.003,48.0517#28.99#27.81#43.2
-89.9406,48.0501#29.11#27.8#43.09
-89.8781,48.0486#29.24#27.8#42.96
-89.8157,48.047#29.36#27.79#42.85
-89.7533,48.0454#29.49#27.79#42.72
-89.6909,48.0437#29.61#27.78#42.61
-89.6285,48.0421#29.74#27.77#42.49
-89.5661,48.0404#29.86#27.77#42.37
-89.5037,48.0387#29.99#27.76#42.25
-89.4413,48.037#30.09#27.76#42.15
-89.3789,48.0353#30.19#27.76#42.05
-89.3165,48.0336#30.29#27.76#41.95
-89.2541,48.0318#30.39#27.75#41.86
-89.1917,48.03#30.49#27.75#41.76
-89.1293,48.0282#30.59#27.75#41.66
-89.067,48.0264#30.69#27.75#41.56
-89.0046,48.0246#30.79#27.74#41.47
-88.9422,48.0227#30.88#27.74#41.38
-88.8798,48.0209#30.97#27.74#41.29
-88.8175,48.019#31.06#27.74#41.2
-88.7551,48.0171#31.15#27.74#41.11
-88.6927,48.0151#31.24#27.74#41.02
-88.6304,48.0132#31.33#27.74#40.93
-88.568,48.0112#31.42#27.74#40.84
-88.5056,48.0092#31.52#27.74#40.74
-88.4433,48.0072#31.6#27.74#40.66
-88.3809,48.0052#31.67#27.74#40.59
-88.3186,48.0031#31.75#27.74#40.51
-88.2562,48.0011#31.83#27.74#40.43
-88.1939,47.999#31.91#27.74#40.35
-88.1315,47.9969#31.99#27.74#40.27
-88.0692,47.9947#32.07#27.74#40.19
-88.0069,47.9926#32.15#27.74#40.11
-87.9445,47.9904#32.21#27.74#40.05
-87.8822,47.9882#32.27#27.74#39.99
-87.8199,47.986#32.32#27.74#39.94
-87.7575,47.9838#32.38#27.74#39.88
-87.6952,47.9816#32.44#27.74#39.82
-87.6329,47.9793#32.5#27.74#39.76
-87.5706,47.977#32.55#27.74#39.71
-87.5083,47.9747#32.61#27.74#39.65
-87.446,47.9724#32.68#27.74#39.58
-87.3836,47.9701#32.74#27.74#39.52
-87.3213,47.9677#32.81#27.74#39.45
-87.259,47.9654#32.88#27.74#39.38
-87.1967,47.963#32.95#27.74#39.31
-87.1345,47.9606#33.02#27.74#39.24
-87.0722,47.9581#33.09#27.74#39.17
-87.0099,47.9557#33.16#27.74#39.1
-86.9476,47.9532#33.3#27.74#38.96
-86.8853,47.9507#33.45#27.75#38.8
-86.823,47.9482#33.61#27.75#38.64
-86.7608,47.9457#33.76#27.75#38.49
-86.6985,47.9431#33.92#27.75#38.33
-86.6362,47.9406#34.08#27.75#38.17
-86.574,47.938#34.23#27.75#38.02
-86.5117,47.9354#34.39#27.75#37.86
-86.4494,47.9327#34.54#27.75#37.71
-86.3872,47.9301#34.68#27.75#37.57
