-97.9928,29.9004#63.68#29.81#6.51000000000001
-97.9404,29.9014#63.46#29.74#6.8
-97.8879,29.9024#63.25#29.67#7.08
-97.8354,29.9034#63.03#29.6#7.37
-97.7829,29.9043#62.82#29.53#7.65000000000001
-97.7305,29.9052#62.6#29.46#7.94
-97.678,29.9061#62.39#29.39#8.22
-97.6255,29.907#62.18#29.31#8.51000000000001
-97.573,29.9079#61.96#29.24#8.8
-97.5205,29.9088#61.75#29.17#9.08
-97.468,29.9096#61.51#29.13#9.36
-97.4156,29.9104#61.26#29.1#9.64
-97.3631,29.9112#61#29.08#9.92
-97.3106,29.912#60.75#29.05#10.2
-97.2581,29.9128#60.49#29.03#10.48
-97.2056,29.9135#60.24#29#10.76
-97.1531,29.9142#59.99#28.98#11.03
-97.1006,29.915#59.74#28.95#11.31
-97.0481,29.9157#59.49#28.93#11.58
-96.9957,29.9163#59.24#28.91#11.85
-96.9432,29.917#59.07#28.9#12.03
-96.8907,29.9176#58.9#28.89#12.21
-96.8382,29.9183#58.73#28.88#12.39
-96.7857,29.9189#58.56#28.87#12.57
-96.7332,29.9195#58.39#28.87#12.74
-96.6807,29.92#58.22#28.86#12.92
-96.6282,29.9206#58.05#28.85#13.1
-96.5757,29.9211#57.88#28.84#13.28
-96.5232,29.9217#57.71#28.83#13.46
-96.4707,29.9222#57.54#28.83#13.63
-96.4182,29.9226#57.37#28.83#13.8
-96.3657,29.9231#57.2#28.83#13.97
-96.3132,29.9236#57.03#28.82#14.15
-96.2607,29.924#56.86#28.82#14.32
-96.2082,29.9244#56.69#28.82#14.49
-96.1557,29.9248#56.52#28.82#14.66
-96.1032,29.9252#56.35#28.82#14.83
-96.0507,29.9255#56.18#28.82#15
-95.9982,29.9259#56.01#28.81#15.18
-95.9457,29.9262#55.84#28.81#15.35
-95.8932,29.9265#55.68#28.82#15.5
-95.8407,29.9268#55.51#28.82#15.67
-95.7882,29.9271#55.34#28.82#15.84
-95.7357,29.9273#55.17#28.82#16.01
-95.6832,29.9276#55#28.82#16.18
-95.6307,29.9278#54.84#28.82#16.34
-95.5782,29.928#54.67#28.82#16.51
-95.5257,29.9282#54.5#28.82#16.68
-95.4732,29.9284#54.33#28.82#16.85
-95.4207,29.9285#54.16#28.82#17.02
-95.3682,29.9286#53.99#28.83#17.18
-95.3157,29.9287#53.83#28.83#17.34
-95.2632,29.9288#53.66#28.83#17.51
-95.2107,29.9289#53.49#28.83#17.68
-95.1582,29.929#53.32#28.83#17.85
-95.1057,29.929#53.15#28.83#18.02
-95.0532,29.9291#52.98#28.84#18.18
-95.0007,29.9291#52.82#28.84#18.34
-94.9482,29.9291#52.65#28.84#18.51
-94.8957,29.929#52.49#28.84#18.67
-94.8432,29.929#52.32#28.84#18.84
-94.7907,29.9289#52.15#28.84#19.01
-94.7382,29.9288#51.99#28.85#19.16
-94.6857,29.9288#51.82#28.85#19.33
-94.6332,29.9286#51.66#28.85#19.49
-94.5807,29.9285#51.49#28.85#19.66
-94.5282,29.9284#51.33#28.85#19.82
-94.4757,29.9282#51.16#28.86#19.98
-94.4232,29.928#51#28.86#20.14
-94.3707,29.9278#50.83#28.86#20.31
-94.3182,29.9276#50.66#28.86#20.48
-94.2657,29.9273#50.5#28.87#20.63
-94.2132,29.9271#50.33#28.87#20.8
-94.1607,29.9268#50.16#28.87#20.97
-94.1082,29.9265#50#28.87#21.13
-94.0557,29.9262#49.83#28.87#21.3
-94.0032,29.9259#49.66#28.88#21.46
-93.9507,29.9255#49.5#28.88#21.62
-93.8982,29.9252#49.34#28.88#21.78
-93.8457,29.9248#49.18#28.88#21.94
-93.7932,29.9244#49.02#28.89#22.09
-93.7407,29.924#48.86#28.89#22.25
-93.6882,29.9236#48.7#28.89#22.41
-93.6357,29.9231#48.54#28.89#22.57
-93.5832,29.9227#48.39#28.89#22.72
-93.5307,29.9222#48.23#28.9#22.87
-93.4782,29.9217#48.07#28.9#23.03
-93.4257,29.9211#47.91#28.9#23.19
-93.3732,29.9206#47.76#28.9#23.34
-93.3208,29.9201#47.6#28.91#23.49
-93.2683,29.9195#47.44#28.91#23.65
-93.2158,29.9189#47.29#28.91#23.8
-93.1633,29.9183#47.13#28.91#23.96
-93.1108,29.9177#46.98#28.92#24.1
-93.0583,29.917#46.82#28.92#24.26
-93.0058,29.9164#46.67#28.92#24.41
-92.9533,29.9157#46.52#28.92#24.56
-92.9008,29.915#46.36#28.92#24.72
-92.8483,29.9143#46.21#28.93#24.86
-92.7958,29.9135#46.06#28.93#25.01
-92.7434,29.9128#45.91#28.93#25.16
-92.6909,29.912#45.76#28.93#25.31
-92.6384,29.9112#45.61#28.94#25.45
-92.5859,29.9104#45.46#28.94#25.6
-92.5334,29.9096#45.31#28.94#25.75
-92.4809,29.9088#45.16#28.94#25.9
-92.4284,29.9079#45.01#28.94#26.05
-92.376,29.9071#44.86#28.95#26.19
-92.3235,29.9062#44.71#28.95#26.34
-92.271,29.9053#44.56#28.95#26.49
-92.2185,29.9043#44.41#28.95#26.64
-92.166,29.9034#44.26#28.96#26.78
-92.1136,29.9024#44.11#28.96#26.93
-92.0611,29.9015#43.96#28.96#27.08
-92.0086,29.9005#43.81#28.96#27.23
-99.8307,29.9#66.88#29.02#4.10000000000001
-99.7783,29.9016#66.83#29.08#4.09
-99.7258,29.9032#66.79#29.15#4.06
-99.6734,29.9048#66.74#29.21#4.05000000000001
-99.6209,29.9063#66.69#29.27#4.04000000000001
-99.5684,29.9079#66.65#29.33#4.02
-99.516,29.9094#66.6#29.4#4
-99.4635,29.9109#66.53#29.47#4
-99.411,29.9124#66.45#29.54#4.00999999999999
-99.3586,29.9139#66.37#29.61#4.02
-99.3061,29.9153#66.29#29.68#4.03
-99.2536,29.9168#66.21#29.75#4.04000000000001
-99.2012,29.9182#66.14#29.82#4.03999999999999
-99.1487,29.9196#66.06#29.89#4.05
-99.0962,29.921#65.98#29.97#4.05
-99.0437,29.9223#65.9#30.04#4.06
-98.9913,29.9237#65.82#30.1#4.08000000000001
-98.9388,29.925#65.69#30.13#4.18000000000001
-98.8863,29.9263#65.56#30.17#4.27
-98.8338,29.9276#65.43#30.2#4.36999999999999
-98.7813,29.9289#65.3#30.23#4.47
-98.7289,29.9301#65.17#30.26#4.56999999999999
-98.6764,29.9314#65.04#30.29#4.66999999999999
-98.6239,29.9326#64.91#30.33#4.76000000000001
-98.5714,29.9338#64.78#30.36#4.86
-98.5189,29.935#64.65#30.39#4.95999999999999
-98.4664,29.9362#64.53#30.36#5.11
-98.4139,29.9373#64.41#30.3#5.29000000000001
-98.3615,29.9385#64.29#30.24#5.47
-98.309,29.9396#64.17#30.18#5.65000000000001
-98.2565,29.9407#64.05#30.12#5.83
-98.204,29.9418#63.93#30.06#6.01000000000001
-98.1515,29.9428#63.81#30#6.19
-98.099,29.9439#63.69#29.94#6.37
-98.0465,29.9449#63.57#29.88#6.55
-97.994,29.9459#63.44#29.81#6.75
-97.9415,29.9469#63.23#29.74#7.03
-97.889,29.9479#63.02#29.67#7.31
-97.8365,29.9489#62.81#29.6#7.59
-97.784,29.9498#62.6#29.53#7.87
-97.7315,29.9507#62.39#29.46#8.15000000000001
-97.679,29.9517#62.18#29.39#8.43000000000001
-97.6265,29.9525#61.97#29.32#8.71000000000001
-97.574,29.9534#61.76#29.25#8.99000000000001
-97.5215,29.9543#61.55#29.18#9.27000000000001
-97.469,29.9551#61.32#29.13#9.55
-97.4165,29.9559#61.09#29.11#9.8
-97.364,29.9567#60.85#29.08#10.07
-97.3115,29.9575#60.61#29.06#10.33
-97.259,29.9583#60.38#29.03#10.59
-97.2065,29.959#60.14#29.01#10.85
-97.154,29.9598#59.91#28.98#11.11
-97.1014,29.9605#59.67#28.96#11.37
-97.0489,29.9612#59.44#28.93#11.63
-96.9964,29.9618#59.21#28.91#11.88
-96.9439,29.9625#59.04#28.9#12.06
-96.8914,29.9632#58.87#28.89#12.24
-96.8389,29.9638#58.7#28.88#12.42
-96.7864,29.9644#58.52#28.88#12.6
-96.7339,29.965#58.35#28.87#12.78
-96.6814,29.9656#58.18#28.86#12.96
-96.6288,29.9661#58.01#28.85#13.14
-96.5763,29.9666#57.84#28.84#13.32
-96.5238,29.9672#57.67#28.84#13.49
-96.4713,29.9677#57.5#28.83#13.67
-96.4188,29.9682#57.33#28.83#13.84
-96.3663,29.9686#57.16#28.83#14.01
-96.3137,29.9691#57#28.83#14.17
-96.2612,29.9695#56.83#28.83#14.34
-96.2087,29.9699#56.66#28.82#14.52
-96.1562,29.9703#56.49#28.82#14.69
-96.1037,29.9707#56.33#28.82#14.85
-96.0511,29.9711#56.16#28.82#15.02
-95.9986,29.9714#55.99#28.82#15.19
-95.9461,29.9717#55.82#28.82#15.36
-95.8936,29.972#55.66#28.82#15.52
-95.8411,29.9723#55.49#28.82#15.69
-95.7886,29.9726#55.33#28.82#15.85
-95.736,29.9729#55.16#28.82#16.02
-95.6835,29.9731#54.99#28.82#16.19
-95.631,29.9733#54.83#28.82#16.35
-95.5785,29.9735#54.66#28.82#16.52
-95.5259,29.9737#54.5#28.82#16.68
-95.4734,29.9739#54.33#28.83#16.84
-95.4209,29.974#54.16#28.83#17.01
-95.3684,29.9742#54#28.83#17.17
-95.3159,29.9743#53.83#28.83#17.34
-95.2633,29.9744#53.66#28.83#17.51
-95.2108,29.9744#53.5#28.83#17.67
-95.1583,29.9745#53.33#28.84#17.83
-95.1058,29.9745#53.16#28.84#18
-95.0532,29.9746#52.99#28.84#18.17
-95.0007,29.9746#52.83#28.84#18.33
-94.9482,29.9746#52.66#28.84#18.5
-94.8957,29.9745#52.5#28.84#18.66
-94.8432,29.9745#52.34#28.85#18.81
-94.7906,29.9744#52.17#28.85#18.98
-94.7381,29.9744#52.01#28.85#19.14
-94.6856,29.9743#51.85#28.85#19.3
-94.6331,29.9742#51.68#28.85#19.47
-94.5805,29.974#51.52#28.86#19.62
-94.528,29.9739#51.36#28.86#19.78
-94.4755,29.9737#51.19#28.86#19.95
-94.423,29.9735#51.03#28.86#20.11
-94.3705,29.9733#50.86#28.86#20.28
-94.3179,29.9731#50.69#28.87#20.44
-94.2654,29.9729#50.53#28.87#20.6
-94.2129,29.9726#50.36#28.87#20.77
-94.1604,29.9723#50.2#28.87#20.93
-94.1079,29.972#50.03#28.88#21.09
-94.0553,29.9717#49.87#28.88#21.25
-94.0028,29.9714#49.7#28.88#21.42
-93.9503,29.9711#49.54#28.88#21.58
-93.8978,29.9707#49.38#28.88#21.74
-93.8453,29.9703#49.21#28.89#21.9
-93.7927,29.9699#49.05#28.89#22.06
-93.7402,29.9695#48.89#28.89#22.22
-93.6877,29.9691#48.73#28.89#22.38
-93.6352,29.9686#48.57#28.9#22.53
-93.5827,29.9682#48.4#28.9#22.7
-93.5302,29.9677#48.24#28.9#22.86
-93.4776,29.9672#48.08#28.9#23.02
-93.4251,29.9667#47.93#28.9#23.17
-93.3726,29.9661#47.77#28.91#23.32
-93.3201,29.9656#47.61#28.91#23.48
-93.2676,29.965#47.46#28.91#23.63
-93.2151,29.9644#47.3#28.91#23.79
-93.1626,29.9638#47.14#28.92#23.94
-93.11,29.9632#46.99#28.92#24.09
-93.0575,29.9625#46.83#28.92#24.25
-93.005,29.9619#46.68#28.92#24.4
-92.9525,29.9612#46.52#28.93#24.55
-92.9,29.9605#46.37#28.93#24.7
-92.8475,29.9598#46.22#28.93#24.85
-92.795,29.959#46.07#28.93#25
-92.7425,29.9583#45.92#28.93#25.15
-92.69,29.9575#45.77#28.94#25.29
-92.6375,29.9567#45.62#28.94#25.44
-92.585,29.9559#45.46#28.94#25.6
-92.5325,29.9551#45.31#28.94#25.75
-92.4799,29.9543#45.16#28.95#25.89
-92.4274,29.9534#45.01#28.95#26.04
-92.3749,29.9526#44.86#28.95#26.19
-92.3224,29.9517#44.71#28.95#26.34
-92.2699,29.9508#44.56#28.95#26.49
-92.2174,29.9498#44.41#28.96#26.63
-92.1649,29.9489#44.26#28.96#26.78
-92.1124,29.9479#44.11#28.96#26.93
-92.0599,29.947#43.96#28.96#27.08
-92.0074,29.946#43.81#28.97#27.22
-91.9549,29.945#43.66#28.97#27.37
-91.9025,29.9439#43.51#28.97#27.52
-91.85,29.9429#43.36#28.97#27.67
-91.7975,29.9418#43.21#28.97#27.82
-91.745,29.9407#43.06#28.98#27.96
-91.6925,29.9396#42.91#28.98#28.11
-91.64,29.9385#42.76#28.98#28.26
-91.5875,29.9374#42.61#28.98#28.41
-91.535,29.9362#42.46#28.99#28.55
-91.4825,29.935#42.31#28.99#28.7
-91.43,29.9339#42.16#28.99#28.85
-91.3776,29.9326#42.02#28.99#28.99
-91.3251,29.9314#41.87#28.99#29.14
-91.2726,29.9302#41.72#29#29.28
-91.2201,29.9289#41.58#29#29.42
-91.1676,29.9276#41.43#29#29.57
-91.1151,29.9264#41.28#29#29.72
-91.0627,29.925#41.14#29#29.86
-91.0102,29.9237#40.99#29.01#30
-90.9577,29.9224#40.82#29.01#30.17
-90.9052,29.921#40.64#29.01#30.35
-90.8528,29.9196#40.46#29.01#30.53
-90.8003,29.9182#40.29#29.02#30.69
-90.7478,29.9168#40.11#29.02#30.87
-90.6954,29.9154#39.93#29.02#31.05
-90.6429,29.9139#39.76#29.02#31.22
-90.5904,29.9124#39.58#29.02#31.4
-90.5379,29.9109#39.4#29.03#31.57
-90.4855,29.9094#39.21#29.03#31.76
-90.433,29.9079#38.98#29.03#31.99
-90.3806,29.9064#38.75#29.03#32.22
-90.3281,29.9048#38.52#29.03#32.45
-90.2756,29.9032#38.29#29.04#32.67
-90.2232,29.9016#38.06#29.04#32.9
-90.1707,29.9#37.82#29.04#33.14
-101.092,29.9015#65.26#28.78#5.95999999999999
-101.039,29.9035#65.46#28.78#5.76000000000001
-100.987,29.9055#65.64#28.78#5.58
-100.934,29.9075#65.76#28.79#5.44999999999999
-100.882,29.9095#65.89#28.79#5.31999999999999
-100.829,29.9115#66.01#28.79#5.19999999999999
-100.777,29.9134#66.13#28.79#5.08000000000001
-100.724,29.9154#66.26#28.79#4.94999999999999
-100.672,29.9173#66.38#28.8#4.82000000000001
-100.62,29.9192#66.5#28.8#4.7
-100.567,29.9211#66.62#28.8#4.58
-100.515,29.9229#66.74#28.8#4.46000000000001
-100.462,29.9248#66.78#28.8#4.42
-100.41,29.9266#66.8#28.8#4.40000000000001
-100.357,29.9284#66.82#28.81#4.37
-100.305,29.9302#66.83#28.81#4.36
-100.252,29.9319#66.85#28.81#4.34
-100.2,29.9337#66.86#28.81#4.33
-100.147,29.9354#66.88#28.81#4.31
-100.095,29.9371#66.89#28.82#4.28999999999999
-100.042,29.9388#66.91#28.82#4.27000000000001
-99.99,29.9405#66.91#28.83#4.26000000000001
-99.9375,29.9422#66.86#28.89#4.25
-99.8851,29.9438#66.81#28.96#4.22999999999999
-99.8326,29.9455#66.76#29.02#4.22
-99.7801,29.9471#66.71#29.08#4.21000000000001
-99.7276,29.9487#66.66#29.15#4.19
-99.6752,29.9503#66.61#29.21#4.18000000000001
-99.6227,29.9518#66.56#29.27#4.17
-99.5702,29.9534#66.51#29.33#4.16
-99.5177,29.9549#66.46#29.4#4.14000000000001
-99.4652,29.9564#66.39#29.47#4.14
-99.4127,29.9579#66.31#29.54#4.15000000000001
-99.3603,29.9594#66.24#29.61#4.15000000000001
-99.3078,29.9608#66.16#29.68#4.16
-99.2553,29.9622#66.09#29.75#4.16
-99.2028,29.9637#66.02#29.82#4.16
-99.1503,29.9651#65.94#29.89#4.17
-99.0978,29.9665#65.87#29.96#4.16999999999999
-99.0453,29.9678#65.8#30.04#4.16
-98.9928,29.9692#65.71#30.1#4.19
-98.9403,29.9705#65.58#30.13#4.29000000000001
-98.8878,29.9718#65.45#30.17#4.38
-98.8353,29.9731#65.31#30.2#4.48999999999999
-98.7828,29.9744#65.17#30.23#4.59999999999999
-98.7303,29.9756#65.04#30.26#4.69999999999999
-98.6778,29.9769#64.9#30.3#4.8
-98.6253,29.9781#64.77#30.33#4.90000000000001
-98.5728,29.9793#64.63#30.36#5.01000000000001
-98.5203,29.9805#64.49#30.39#5.12
-98.4678,29.9817#64.36#30.37#5.27
-98.4153,29.9828#64.24#30.31#5.45
-98.3628,29.984#64.11#30.25#5.64
-98.3103,29.9851#63.98#30.18#5.84
-98.2577,29.9862#63.86#30.12#6.02
-98.2052,29.9873#63.73#30.06#6.21000000000001
-98.1527,29.9883#63.6#30#6.40000000000001
-98.1002,29.9894#63.47#29.94#6.59
-98.0477,29.9904#63.34#29.88#6.78
-97.9952,29.9914#63.21#29.82#6.97
-97.9426,29.9924#63#29.75#7.25
-97.8901,29.9934#62.79#29.68#7.53
-97.8376,29.9944#62.59#29.61#7.8
-97.7851,29.9953#62.38#29.53#8.09
-97.7326,29.9962#62.17#29.46#8.37
-97.68,29.9972#61.97#29.39#8.64
-97.6275,29.998#61.76#29.32#8.92
-97.575,29.9989#61.56#29.25#9.19
-97.5225,29.9998#61.35#29.18#9.47
-97.47,30.0006#61.14#29.14#9.72
-97.4174,30.0014#60.92#29.11#9.97
-97.3649,30.0022#60.7#29.09#10.21
-97.3124,30.003#60.48#29.06#10.46
-97.2598,30.0038#60.26#29.04#10.7
-97.2073,30.0045#60.04#29.01#10.95
-97.1548,30.0053#59.82#28.99#11.19
-97.1023,30.006#59.6#28.96#11.44
-97.0497,30.0067#59.39#28.94#11.67
-96.9972,30.0074#59.17#28.91#11.92
-96.9447,30.008#59#28.9#12.1
-96.8921,30.0087#58.83#28.9#12.27
-96.8396,30.0093#58.66#28.89#12.45
-96.7871,30.0099#58.49#28.88#12.63
-96.7345,30.0105#58.32#28.87#12.81
-96.682,30.0111#58.14#28.86#13
-96.6295,30.0116#57.97#28.86#13.17
-96.5769,30.0122#57.8#28.85#13.35
-96.5244,30.0127#57.63#28.84#13.53
-96.4719,30.0132#57.46#28.84#13.7
-96.4193,30.0137#57.3#28.83#13.87
-96.3668,30.0141#57.13#28.83#14.04
-96.3142,30.0146#56.96#28.83#14.21
-96.2617,30.015#56.8#28.83#14.37
-96.2092,30.0154#56.63#28.83#14.54
-96.1566,30.0158#56.47#28.83#14.7
-96.1041,30.0162#56.3#28.82#14.88
-96.0516,30.0166#56.14#28.82#15.04
-95.999,30.0169#55.97#28.82#15.21
-95.9465,30.0172#55.81#28.82#15.37
-95.8939,30.0175#55.64#28.82#15.54
-95.8414,30.0178#55.48#28.82#15.7
-95.7889,30.0181#55.31#28.82#15.87
-95.7363,30.0184#55.15#28.82#16.03
-95.6838,30.0186#54.98#28.83#16.19
-95.6312,30.0188#54.82#28.83#16.35
-95.5787,30.019#54.66#28.83#16.51
-95.5261,30.0192#54.49#28.83#16.68
-95.4736,30.0194#54.33#28.83#16.84
-95.4211,30.0195#54.16#28.83#17.01
-95.3685,30.0197#54#28.83#17.17
-95.316,30.0198#53.83#28.83#17.34
-95.2634,30.0199#53.67#28.84#17.49
-95.2109,30.02#53.5#28.84#17.66
-95.1584,30.02#53.34#28.84#17.82
-95.1058,30.0201#53.17#28.84#17.99
-95.0533,30.0201#53.01#28.84#18.15
-95.0007,30.0201#52.84#28.84#18.32
-94.9482,30.0201#52.68#28.85#18.47
-94.8956,30.0201#52.52#28.85#18.63
-94.8431,30.02#52.36#28.85#18.79
-94.7906,30.02#52.19#28.85#18.96
-94.738,30.0199#52.03#28.85#19.12
-94.6855,30.0198#51.87#28.86#19.27
-94.6329,30.0197#51.71#28.86#19.43
-94.5804,30.0195#51.55#28.86#19.59
-94.5278,30.0194#51.38#28.86#19.76
-94.4753,30.0192#51.22#28.86#19.92
-94.4228,30.019#51.06#28.87#20.07
-94.3702,30.0188#50.89#28.87#20.24
-94.3177,30.0186#50.73#28.87#20.4
-94.2651,30.0184#50.56#28.87#20.57
-94.2126,30.0181#50.4#28.87#20.73
-94.1601,30.0178#50.23#28.88#20.89
-94.1075,30.0176#50.07#28.88#21.05
-94.055,30.0172#49.9#28.88#21.22
-94.0024,30.0169#49.73#28.88#21.39
-93.9499,30.0166#49.57#28.89#21.54
-93.8974,30.0162#49.41#28.89#21.7
-93.8448,30.0158#49.24#28.89#21.87
-93.7923,30.0154#49.08#28.89#22.03
-93.7397,30.015#48.92#28.89#22.19
-93.6872,30.0146#48.75#28.9#22.35
-93.6347,30.0141#48.59#28.9#22.51
-93.5821,30.0137#48.42#28.9#22.68
-93.5296,30.0132#48.26#28.9#22.84
-93.4771,30.0127#48.1#28.91#22.99
-93.4245,30.0122#47.94#28.91#23.15
-93.372,30.0116#47.78#28.91#23.31
-93.3194,30.0111#47.63#28.91#23.46
-93.2669,30.0105#47.47#28.92#23.61
-93.2144,30.0099#47.31#28.92#23.77
-93.1618,30.0093#47.16#28.92#23.92
-93.1093,30.0087#47#28.92#24.08
-93.0568,30.008#46.84#28.92#24.24
-93.0043,30.0074#46.69#28.93#24.38
-92.9517,30.0067#46.53#28.93#24.54
-92.8992,30.006#46.38#28.93#24.69
-92.8467,30.0053#46.23#28.93#24.84
-92.7941,30.0046#46.08#28.94#24.98
-92.7416,30.0038#45.92#28.94#25.14
-92.6891,30.003#45.77#28.94#25.29
-92.6365,30.0023#45.62#28.94#25.44
-92.584,30.0015#45.47#28.95#25.58
-92.5315,30.0006#45.32#28.95#25.73
-92.479,29.9998#45.17#28.95#25.88
-92.4264,29.9989#45.02#28.95#26.03
-92.3739,29.9981#44.87#28.95#26.18
-92.3214,29.9972#44.72#28.96#26.32
-92.2689,29.9963#44.57#28.96#26.47
-92.2164,29.9953#44.41#28.96#26.63
-92.1638,29.9944#44.26#28.96#26.78
-92.1113,29.9934#44.11#28.97#26.92
-92.0588,29.9925#43.96#28.97#27.07
-92.0063,29.9915#43.81#28.97#27.22
-91.9538,29.9905#43.66#28.97#27.37
-91.9013,29.9894#43.51#28.97#27.52
-91.8487,29.9884#43.36#28.98#27.66
-91.7962,29.9873#43.21#28.98#27.81
-91.7437,29.9862#43.06#28.98#27.96
-91.6912,29.9851#42.91#28.98#28.11
-91.6387,29.984#42.76#28.98#28.26
-91.5862,29.9829#42.61#28.99#28.4
-91.5337,29.9817#42.46#28.99#28.55
-91.4812,29.9805#42.32#28.99#28.69
-91.4287,29.9794#42.17#28.99#28.84
-91.3762,29.9781#42.03#29#28.97
-91.3236,29.9769#41.88#29#29.12
-91.2711,29.9757#41.74#29#29.26
-91.2186,29.9744#41.59#29#29.41
-91.1661,29.9731#41.44#29#29.56
-91.1136,29.9718#41.3#29.01#29.69
-91.0611,29.9705#41.15#29.01#29.84
-91.0086,29.9692#41.01#29.01#29.98
-90.9561,29.9679#40.84#29.01#30.15
-90.9037,29.9665#40.66#29.02#30.32
-90.8512,29.9651#40.48#29.02#30.5
-90.7987,29.9637#40.3#29.02#30.68
-90.7462,29.9623#40.13#29.02#30.85
-90.6937,29.9609#39.95#29.02#31.03
-90.6412,29.9594#39.77#29.03#31.2
-90.5887,29.9579#39.59#29.03#31.38
-90.5362,29.9564#39.42#29.03#31.55
-90.4837,29.9549#39.22#29.03#31.75
-90.4313,29.9534#38.99#29.03#31.98
-90.3788,29.9519#38.76#29.04#32.2
-90.3263,29.9503#38.52#29.04#32.44
-90.2738,29.9487#38.29#29.04#32.67
-90.2213,29.9471#38.06#29.04#32.9
-90.1689,29.9455#37.82#29.04#33.14
-90.1164,29.9439#37.59#29.05#33.36
-90.0639,29.9422#37.36#29.05#33.59
-90.0114,29.9406#37.13#29.05#33.82
-89.959,29.9389#36.91#29.05#34.04
-89.9065,29.9372#36.7#29.05#34.25
-89.854,29.9355#36.49#29.06#34.45
-89.8016,29.9337#36.28#29.06#34.66
-89.7491,29.932#36.06#29.06#34.88
-89.6966,29.9302#35.85#29.06#35.09
-89.6442,29.9284#35.64#29.06#35.3
-89.5917,29.9266#35.43#29.07#35.5
-89.5393,29.9248#35.22#29.07#35.71
-89.4868,29.923#35.01#29.07#35.92
-89.4343,29.9211#34.79#29.07#36.14
-89.3819,29.9192#34.58#29.07#36.35
-89.3294,29.9173#34.36#29.08#36.56
-89.277,29.9154#34.14#29.08#36.78
-89.2245,29.9135#33.93#29.08#36.99
-89.1721,29.9115#33.71#29.08#37.21
-89.1196,29.9096#33.5#29.09#37.41
-89.0672,29.9076#33.28#29.09#37.63
-89.0148,29.9056#33.06#29.09#37.85
-88.9623,29.9036#32.89#29.1#38.01
-88.9099,29.9015#32.72#29.1#38.18
-102.195,29.9002#59.04#28.74#12.22
-102.143,29.9026#59.31#28.74#11.95
-102.09,29.9049#59.58#28.75#11.67
-102.038,29.9073#59.85#28.75#11.4
-101.985,29.9097#60.16#28.75#11.09
-101.933,29.912#60.55#28.75#10.7
-101.881,29.9143#60.95#28.75#10.3
-101.828,29.9166#61.35#28.76#9.89
-101.776,29.9189#61.74#28.76#9.5
-101.723,29.9212#62.13#28.76#9.11
-101.671,29.9234#62.52#28.76#8.72
-101.618,29.9256#62.91#28.76#8.33
-101.566,29.9279#63.3#28.77#7.93000000000001
-101.514,29.93#63.69#28.77#7.54000000000001
-101.461,29.9322#63.94#28.77#7.29000000000001
-101.409,29.9344#64.13#28.77#7.10000000000001
-101.356,29.9365#64.33#28.77#6.90000000000001
-101.304,29.9386#64.52#28.77#6.71000000000001
-101.251,29.9408#64.71#28.78#6.51000000000001
-101.199,29.9428#64.9#28.78#6.31999999999999
-101.146,29.9449#65.09#28.78#6.13
-101.094,29.947#65.28#28.78#5.94
-101.041,29.949#65.47#28.78#5.75
-100.989,29.951#65.64#28.79#5.56999999999999
-100.937,29.953#65.76#28.79#5.44999999999999
-100.884,29.955#65.88#28.79#5.33000000000001
-100.832,29.957#65.99#28.79#5.22
-100.779,29.9589#66.11#28.79#5.09999999999999
-100.727,29.9608#66.22#28.8#4.98
-100.674,29.9628#66.34#28.8#4.86
-100.622,29.9647#66.45#28.8#4.75
-100.569,29.9665#66.56#28.8#4.64
-100.517,29.9684#66.67#28.8#4.53
-100.464,29.9702#66.72#28.81#4.47
-100.412,29.9721#66.73#28.81#4.45999999999999
-100.359,29.9739#66.74#28.81#4.45
-100.307,29.9757#66.75#28.81#4.44
-100.254,29.9774#66.76#28.81#4.42999999999999
-100.202,29.9792#66.77#28.81#4.42
-100.149,29.9809#66.78#28.82#4.40000000000001
-100.097,29.9826#66.79#28.82#4.38999999999999
-100.044,29.9843#66.8#28.82#4.38
-99.992,29.986#66.8#28.83#4.37
-99.9395,29.9877#66.75#28.89#4.36
-99.887,29.9893#66.69#28.96#4.34999999999999
-99.8345,29.991#66.64#29.02#4.34
-99.782,29.9926#66.59#29.08#4.33
-99.7295,29.9942#66.53#29.15#4.31999999999999
-99.677,29.9957#66.48#29.21#4.31
-99.6245,29.9973#66.42#29.27#4.31
-99.572,29.9989#66.37#29.33#4.3
-99.5195,30.0004#66.31#29.4#4.28999999999999
-99.467,30.0019#66.25#29.46#4.28999999999999
-99.4145,30.0034#66.18#29.54#4.28
-99.3619,30.0048#66.11#29.61#4.28
-99.3094,30.0063#66.04#29.68#4.28
-99.2569,30.0077#65.97#29.75#4.28
-99.2044,30.0092#65.9#29.82#4.28
-99.1519,30.0106#65.83#29.89#4.28
-99.0994,30.0119#65.76#29.96#4.28
-99.0469,30.0133#65.69#30.04#4.27000000000001
-98.9944,30.0147#65.61#30.1#4.28999999999999
-98.9418,30.016#65.47#30.13#4.40000000000001
-98.8893,30.0173#65.33#30.17#4.5
-98.8368,30.0186#65.19#30.2#4.61
-98.7843,30.0199#65.05#30.23#4.72
-98.7318,30.0211#64.91#30.26#4.83
-98.6792,30.0224#64.77#30.3#4.93000000000001
-98.6267,30.0236#64.63#30.33#5.04000000000001
-98.5742,30.0248#64.48#30.36#5.16
-98.5217,30.026#64.34#30.39#5.27
-98.4691,30.0272#64.2#30.37#5.42999999999999
-98.4166,30.0283#64.07#30.31#5.62
-98.3641,30.0295#63.93#30.25#5.81999999999999
-98.3115,30.0306#63.8#30.19#6.01000000000001
-98.259,30.0317#63.66#30.13#6.21000000000001
-98.2065,30.0328#63.52#30.07#6.41
-98.1539,30.0338#63.39#30#6.61
-98.1014,30.0349#63.25#29.94#6.81
-98.0489,30.0359#63.11#29.88#7.01000000000001
-97.9963,30.0369#62.97#29.82#7.21000000000001
-97.9438,30.0379#62.76#29.75#7.49000000000001
-97.8913,30.0389#62.56#29.68#7.75999999999999
-97.8387,30.0399#62.36#29.61#8.03
-97.7862,30.0408#62.16#29.54#8.30000000000001
-97.7336,30.0417#61.96#29.47#8.56999999999999
-97.6811,30.0427#61.76#29.4#8.84
-97.6285,30.0435#61.55#29.33#9.12
-97.576,30.0444#61.35#29.26#9.39
-97.5235,30.0453#61.15#29.19#9.66
-97.4709,30.0461#60.95#29.14#9.91
-97.4184,30.0469#60.75#29.11#10.14
-97.3658,30.0477#60.54#29.09#10.37
-97.3133,30.0485#60.34#29.06#10.6
-97.2607,30.0493#60.14#29.04#10.82
-97.2082,30.05#59.94#29.01#11.05
-97.1556,30.0508#59.73#28.99#11.28
-97.1031,30.0515#59.53#28.96#11.51
-97.0505,30.0522#59.33#28.94#11.73
-96.998,30.0529#59.14#28.91#11.95
-96.9454,30.0535#58.96#28.91#12.13
-96.8929,30.0542#58.79#28.9#12.31
-96.8403,30.0548#58.62#28.89#12.49
-96.7878,30.0554#58.45#28.88#12.67
-96.7352,30.056#58.28#28.87#12.85
-96.6827,30.0566#58.1#28.87#13.03
-96.6301,30.0571#57.93#28.86#13.21
-96.5775,30.0577#57.76#28.85#13.39
-96.525,30.0582#57.59#28.84#13.57
-96.4724,30.0587#57.42#28.84#13.74
-96.4199,30.0592#57.26#28.84#13.9
-96.3673,30.0596#57.09#28.84#14.07
-96.3148,30.0601#56.93#28.83#14.24
-96.2622,30.0605#56.77#28.83#14.4
-96.2096,30.0609#56.6#28.83#14.57
-96.1571,30.0613#56.44#28.83#14.73
-96.1045,30.0617#56.28#28.83#14.89
-96.052,30.0621#56.11#28.83#15.06
-95.9994,30.0624#55.95#28.82#15.23
-95.9468,30.0627#55.79#28.82#15.39
-95.8943,30.0631#55.62#28.83#15.55
-95.8417,30.0633#55.46#28.83#15.71
-95.7892,30.0636#55.3#28.83#15.87
-95.7366,30.0639#55.14#28.83#16.03
-95.684,30.0641#54.97#28.83#16.2
-95.6315,30.0643#54.81#28.83#16.36
-95.5789,30.0645#54.65#28.83#16.52
-95.5264,30.0647#54.49#28.83#16.68
-95.4738,30.0649#54.33#28.83#16.84
-95.4212,30.065#54.16#28.83#17.01
-95.3687,30.0652#54#28.84#17.16
-95.3161,30.0653#53.83#28.84#17.33
-95.2635,30.0654#53.67#28.84#17.49
-95.211,30.0655#53.51#28.84#17.65
-95.1584,30.0655#53.34#28.84#17.82
-95.1059,30.0656#53.18#28.84#17.98
-95.0533,30.0656#53.02#28.85#18.13
-95.0007,30.0656#52.85#28.85#18.3
-94.9482,30.0656#52.69#28.85#18.46
-94.8956,30.0656#52.53#28.85#18.62
-94.843,30.0655#52.37#28.85#18.78
-94.7905,30.0655#52.21#28.86#18.93
-94.7379,30.0654#52.05#28.86#19.09
-94.6853,30.0653#51.89#28.86#19.25
-94.6328,30.0652#51.73#28.86#19.41
-94.5802,30.065#51.57#28.86#19.57
-94.5277,30.0649#51.41#28.87#19.72
-94.4751,30.0647#51.25#28.87#19.88
-94.4225,30.0645#51.09#28.87#20.04
-94.37,30.0643#50.92#28.87#20.21
-94.3174,30.0641#50.76#28.87#20.37
-94.2649,30.0639#50.59#28.88#20.53
-94.2123,30.0636#50.43#28.88#20.69
-94.1597,30.0634#50.26#28.88#20.86
-94.1072,30.0631#50.1#28.88#21.02
-94.0546,30.0628#49.94#28.89#21.17
-94.002,30.0624#49.77#28.89#21.34
-93.9495,30.0621#49.6#28.89#21.51
-93.8969,30.0617#49.44#28.89#21.67
-93.8444,30.0613#49.27#28.89#21.84
-93.7918,30.0609#49.11#28.9#21.99
-93.7393,30.0605#48.94#28.9#22.16
-93.6867,30.0601#48.77#28.9#22.33
-93.6341,30.0597#48.61#28.9#22.49
-93.5816,30.0592#48.44#28.91#22.65
-93.529,30.0587#48.28#28.91#22.81
-93.4765,30.0582#48.11#28.91#22.98
-93.4239,30.0577#47.96#28.91#23.13
-93.3714,30.0571#47.8#28.91#23.29
-93.3188,30.0566#47.64#28.92#23.44
-93.2662,30.056#47.48#28.92#23.6
-93.2137,30.0554#47.33#28.92#23.75
-93.1611,30.0548#47.17#28.92#23.91
-93.1086,30.0542#47.01#28.93#24.06
-93.056,30.0535#46.85#28.93#24.22
-93.0035,30.0529#46.69#28.93#24.38
-92.9509,30.0522#46.54#28.93#24.53
-92.8984,30.0515#46.39#28.94#24.67
-92.8458,30.0508#46.24#28.94#24.82
-92.7933,30.0501#46.08#28.94#24.98
-92.7407,30.0493#45.93#28.94#25.13
-92.6882,30.0485#45.78#28.94#25.28
-92.6356,30.0478#45.63#28.95#25.42
-92.5831,30.047#45.47#28.95#25.58
-92.5305,30.0461#45.32#28.95#25.73
-92.478,30.0453#45.17#28.95#25.88
-92.4255,30.0444#45.02#28.96#26.02
-92.3729,30.0436#44.87#28.96#26.17
-92.3204,30.0427#44.72#28.96#26.32
-92.2678,30.0418#44.57#28.96#26.47
-92.2153,30.0408#44.42#28.96#26.62
-92.1627,30.0399#44.27#28.97#26.76
-92.1102,30.0389#44.12#28.97#26.91
-92.0577,30.038#43.97#28.97#27.06
-92.0051,30.037#43.82#28.97#27.21
-91.9526,30.036#43.67#28.98#27.35
-91.9001,30.0349#43.52#28.98#27.5
-91.8475,30.0339#43.37#28.98#27.65
-91.795,30.0328#43.22#28.98#27.8
-91.7424,30.0317#43.07#28.98#27.95
-91.6899,30.0306#42.92#28.99#28.09
-91.6374,30.0295#42.77#28.99#28.24
-91.5849,30.0284#42.62#28.99#28.39
-91.5323,30.0272#42.47#28.99#28.54
-91.4798,30.026#42.32#28.99#28.69
-91.4273,30.0249#42.18#29#28.82
-91.3747,30.0236#42.04#29#28.96
-91.3222,30.0224#41.89#29#29.11
-91.2697,30.0212#41.75#29#29.25
-91.2172,30.0199#41.6#29.01#29.39
-91.1647,30.0186#41.46#29.01#29.53
-91.1121,30.0173#41.31#29.01#29.68
-91.0596,30.016#41.17#29.01#29.82
-91.0071,30.0147#41.03#29.01#29.96
-90.9546,30.0133#40.85#29.02#30.13
-90.9021,30.012#40.67#29.02#30.31
-90.8495,30.0106#40.5#29.02#30.48
-90.797,30.0092#40.32#29.02#30.66
-90.7445,30.0078#40.14#29.03#30.83
-90.692,30.0063#39.96#29.03#31.01
-90.6395,30.0049#39.79#29.03#31.18
-90.587,30.0034#39.61#29.03#31.36
-90.5345,30.0019#39.43#29.03#31.54
-90.482,30.0004#39.23#29.04#31.73
-90.4295,29.9989#39#29.04#31.96
-90.377,29.9974#38.76#29.04#32.2
-90.3245,29.9958#38.53#29.04#32.43
-90.272,29.9942#38.29#29.04#32.67
-90.2195,29.9926#38.06#29.05#32.89
-90.167,29.991#37.82#29.05#33.13
-90.1145,29.9894#37.59#29.05#33.36
-90.062,29.9877#37.36#29.05#33.59
-90.0095,29.9861#37.12#29.05#33.83
-89.957,29.9844#36.9#29.06#34.04
-89.9045,29.9827#36.69#29.06#34.25
-89.852,29.981#36.47#29.06#34.47
-89.7995,29.9792#36.26#29.06#34.68
-89.7471,29.9775#36.04#29.06#34.9
-89.6946,29.9757#35.83#29.07#35.1
-89.6421,29.9739#35.61#29.07#35.32
-89.5896,29.9721#35.4#29.07#35.53
-89.5371,29.9703#35.18#29.07#35.75
-89.4847,29.9684#34.97#29.07#35.96
-89.4322,29.9666#34.75#29.08#36.17
-89.3797,29.9647#34.53#29.08#36.39
-89.3272,29.9628#34.32#29.08#36.6
-89.2748,29.9609#34.1#29.08#36.82
-89.2223,29.959#33.88#29.09#37.03
-89.1698,29.957#33.66#29.09#37.25
-89.1174,29.9551#33.45#29.09#37.46
-89.0649,29.9531#33.23#29.09#37.68
-89.0124,29.9511#33.01#29.09#37.9
-88.96,29.9491#32.83#29.1#38.07
-88.9075,29.947#32.67#29.1#38.23
-88.8551,29.945#32.51#29.11#38.38
-88.8026,29.9429#32.34#29.11#38.55
-88.7502,29.9408#32.18#29.12#38.7
-88.6977,29.9387#32.01#29.12#38.87
-88.6453,29.9366#31.85#29.13#39.02
-88.5928,29.9344#31.69#29.13#39.18
-88.5404,29.9323#31.52#29.14#39.34
-88.4879,29.9301#31.37#29.15#39.48
-88.4355,29.9279#31.24#29.18#39.58
-88.3831,29.9257#31.1#29.21#39.69
-88.3306,29.9235#30.97#29.23#39.8
-88.2782,29.9212#30.84#29.26#39.9
-88.2257,29.919#30.7#29.29#40.01
-88.1733,29.9167#30.57#29.32#40.11
-88.1209,29.9144#30.44#29.35#40.21
-88.0685,29.9121#30.31#29.38#40.31
-88.016,29.9097#30.17#29.41#40.42
-87.9636,29.9074#30.05#29.44#40.51
-87.9112,29.905#29.94#29.48#40.58
-87.8588,29.9026#29.82#29.51#40.67
-87.8064,29.9002#29.71#29.55#40.74
-103.089,29.902#54.2#28.71#17.09
-103.037,29.9047#54.51#28.71#16.78
-102.984,29.9074#54.81#28.72#16.47
-102.932,29.9101#55.12#28.72#16.16
-102.879,29.9127#55.42#28.72#15.86
-102.827,29.9154#55.73#28.72#15.55
-102.775,29.918#56.03#28.72#15.25
-102.722,29.9206#56.34#28.73#14.93
-102.67,29.9232#56.65#28.73#14.62
-102.617,29.9257#56.96#28.73#14.31
-102.565,29.9283#57.27#28.73#14
-102.512,29.9308#57.58#28.73#13.69
-102.46,29.9333#57.86#28.74#13.4
-102.408,29.9358#58.13#28.74#13.13
-102.355,29.9383#58.41#28.74#12.85
-102.303,29.9407#58.68#28.74#12.58
-102.25,29.9432#58.96#28.74#12.3
-102.198,29.9456#59.23#28.74#12.03
-102.145,29.948#59.51#28.75#11.74
-102.093,29.9504#59.79#28.75#11.46
-102.041,29.9528#60.07#28.75#11.18
-101.988,29.9551#60.37#28.75#10.88
-101.936,29.9575#60.76#28.75#10.49
-101.883,29.9598#61.14#28.76#10.1
-101.831,29.9621#61.53#28.76#9.70999999999999
-101.778,29.9644#61.91#28.76#9.33
-101.726,29.9666#62.29#28.76#8.95
-101.673,29.9689#62.67#28.76#8.56999999999999
-101.621,29.9711#63.05#28.77#8.18000000000001
-101.569,29.9733#63.43#28.77#7.8
-101.516,29.9755#63.8#28.77#7.43000000000001
-101.464,29.9777#64.05#28.77#7.18000000000001
-101.411,29.9798#64.23#28.77#7
-101.359,29.982#64.41#28.78#6.81
-101.306,29.9841#64.59#28.78#6.63
-101.254,29.9862#64.77#28.78#6.45
-101.201,29.9883#64.95#28.78#6.27
-101.149,29.9904#65.13#28.78#6.09
-101.096,29.9924#65.31#28.79#5.90000000000001
-101.044,29.9945#65.48#28.79#5.72999999999999
-100.991,29.9965#65.65#28.79#5.56
-100.939,29.9985#65.76#28.79#5.44999999999999
-100.886,30.0005#65.87#28.79#5.34
-100.834,30.0024#65.97#28.79#5.24000000000001
-100.781,30.0044#66.08#28.8#5.12
-100.729,30.0063#66.19#28.8#5.01000000000001
-100.676,30.0082#66.29#28.8#4.91
-100.624,30.0101#66.4#28.8#4.8
-100.571,30.012#66.5#28.8#4.7
-100.519,30.0139#66.61#28.81#4.58
-100.466,30.0157#66.65#28.81#4.53999999999999
-100.414,30.0175#66.66#28.81#4.53
-100.361,30.0193#66.66#28.81#4.53
-100.309,30.0211#66.67#28.81#4.52
-100.256,30.0229#66.68#28.82#4.5
-100.204,30.0247#66.68#28.82#4.5
-100.151,30.0264#66.69#28.82#4.49000000000001
-100.099,30.0281#66.69#28.82#4.49000000000001
-100.046,30.0298#66.7#28.82#4.47999999999999
-99.9939,30.0315#66.7#28.83#4.47
-99.9414,30.0332#66.64#28.89#4.47
-99.8889,30.0348#66.58#28.96#4.46000000000001
-99.8363,30.0364#66.52#29.02#4.46000000000001
-99.7838,30.0381#66.47#29.08#4.45
-99.7313,30.0397#66.41#29.15#4.44
-99.6788,30.0412#66.35#29.21#4.44
-99.6263,30.0428#66.29#29.27#4.44
-99.5737,30.0443#66.23#29.33#4.44
-99.5212,30.0459#66.17#29.4#4.43000000000001
-99.4687,30.0474#66.11#29.46#4.43000000000001
-99.4162,30.0489#66.04#29.54#4.41999999999999
-99.3636,30.0503#65.97#29.61#4.42
-99.3111,30.0518#65.91#29.68#4.41
-99.2586,30.0532#65.84#29.75#4.41
-99.206,30.0546#65.77#29.82#4.41
-99.1535,30.056#65.71#29.89#4.40000000000001
-99.101,30.0574#65.64#29.96#4.40000000000001
-99.0484,30.0588#65.58#30.03#4.39
-98.9959,30.0602#65.51#30.1#4.38999999999999
-98.9434,30.0615#65.36#30.14#4.5
-98.8908,30.0628#65.22#30.17#4.61
-98.8383,30.0641#65.07#30.2#4.73
-98.7857,30.0654#64.92#30.23#4.84999999999999
-98.7332,30.0666#64.78#30.26#4.95999999999999
-98.6807,30.0679#64.63#30.3#5.07000000000001
-98.6281,30.0691#64.48#30.33#5.19
-98.5756,30.0703#64.34#30.36#5.3
-98.523,30.0715#64.19#30.39#5.42
-98.4705,30.0727#64.04#30.37#5.58999999999999
-98.4179,30.0738#63.9#30.31#5.79000000000001
-98.3654,30.075#63.75#30.25#6
-98.3128,30.0761#63.61#30.19#6.2
-98.2603,30.0772#63.46#30.13#6.41
-98.2077,30.0783#63.32#30.07#6.61
-98.1552,30.0793#63.17#30.01#6.81999999999999
-98.1026,30.0804#63.03#29.95#7.02
-98.05,30.0814#62.88#29.89#7.22999999999999
-97.9975,30.0824#62.73#29.82#7.45
-97.9449,30.0834#62.53#29.75#7.72
-97.8924,30.0844#62.33#29.68#7.99000000000001
-97.8398,30.0854#62.14#29.61#8.25
-97.7873,30.0863#61.94#29.54#8.52000000000001
-97.7347,30.0872#61.74#29.47#8.78999999999999
-97.6821,30.0882#61.54#29.4#9.06
-97.6296,30.089#61.35#29.33#9.31999999999999
-97.577,30.0899#61.15#29.26#9.59
-97.5244,30.0908#60.95#29.19#9.86
-97.4719,30.0916#60.76#29.14#10.1
-97.4193,30.0924#60.58#29.12#10.3
-97.3667,30.0932#60.39#29.09#10.52
-97.3142,30.094#60.2#29.07#10.73
-97.2616,30.0948#60.02#29.04#10.94
-97.209,30.0955#59.83#29.02#11.15
-97.1565,30.0963#59.65#28.99#11.36
-97.1039,30.097#59.47#28.97#11.56
-97.0513,30.0977#59.28#28.94#11.78
-96.9987,30.0984#59.1#28.92#11.98
-96.9462,30.099#58.93#28.91#12.16
-96.8936,30.0997#58.76#28.9#12.34
-96.841,30.1003#58.58#28.89#12.53
-96.7885,30.1009#58.41#28.89#12.7
-96.7359,30.1015#58.24#28.88#12.88
-96.6833,30.1021#58.07#28.87#13.06
-96.6307,30.1026#57.89#28.86#13.25
-96.5782,30.1032#57.72#28.85#13.43
-96.5256,30.1037#57.55#28.85#13.6
-96.473,30.1042#57.38#28.84#13.78
-96.4204,30.1047#57.22#28.84#13.94
-96.3678,30.1051#57.06#28.84#14.1
-96.3153,30.1056#56.9#28.84#14.26
-96.2627,30.106#56.74#28.84#14.42
-96.2101,30.1064#56.57#28.83#14.6
-96.1575,30.1068#56.41#28.83#14.76
-96.105,30.1072#56.25#28.83#14.92
-96.0524,30.1076#56.09#28.83#15.08
-95.9998,30.1079#55.93#28.83#15.24
-95.9472,30.1082#55.77#28.83#15.4
-95.8946,30.1086#55.61#28.83#15.56
-95.842,30.1088#55.45#28.83#15.72
-95.7895,30.1091#55.29#28.83#15.88
-95.7369,30.1094#55.13#28.83#16.04
-95.6843,30.1096#54.97#28.83#16.2
-95.6317,30.1098#54.8#28.83#16.37
-95.5791,30.11#54.64#28.83#16.53
-95.5266,30.1102#54.48#28.83#16.69
-95.474,30.1104#54.32#28.84#16.84
-95.4214,30.1105#54.16#28.84#17
-95.3688,30.1107#54#28.84#17.16
-95.3162,30.1108#53.84#28.84#17.32
-95.2636,30.1109#53.67#28.84#17.49
-95.2111,30.111#53.51#28.84#17.65
-95.1585,30.111#53.35#28.85#17.8
-95.1059,30.1111#53.19#28.85#17.96
-95.0533,30.1111#53.03#28.85#18.12
-95.0007,30.1111#52.87#28.85#18.28
-94.9481,30.1111#52.71#28.85#18.44
-94.8956,30.1111#52.55#28.85#18.6
-94.843,30.111#52.39#28.86#18.75
-94.7904,30.111#52.23#28.86#18.91
-94.7378,30.1109#52.07#28.86#19.07
-94.6852,30.1108#51.92#28.86#19.22
-94.6326,30.1107#51.76#28.86#19.38
-94.5801,30.1105#51.6#28.87#19.53
-94.5275,30.1104#51.44#28.87#19.69
-94.4749,30.1102#51.28#28.87#19.85
-94.4223,30.11#51.12#28.87#20.01
-94.3697,30.1098#50.95#28.88#20.17
-94.3171,30.1096#50.79#28.88#20.33
-94.2646,30.1094#50.63#28.88#20.49
-94.212,30.1091#50.46#28.88#20.66
-94.1594,30.1089#50.3#28.88#20.82
-94.1068,30.1086#50.13#28.89#20.98
-94.0542,30.1083#49.97#28.89#21.14
-94.0017,30.1079#49.81#28.89#21.3
-93.9491,30.1076#49.64#28.89#21.47
-93.8965,30.1072#49.47#28.9#21.63
-93.8439,30.1068#49.3#28.9#21.8
-93.7913,30.1065#49.13#28.9#21.97
-93.7388,30.106#48.97#28.9#22.13
-93.6862,30.1056#48.8#28.9#22.3
-93.6336,30.1052#48.63#28.91#22.46
-93.581,30.1047#48.46#28.91#22.63
-93.5285,30.1042#48.29#28.91#22.8
-93.4759,30.1037#48.13#28.91#22.96
-93.4233,30.1032#47.97#28.92#23.11
-93.3707,30.1026#47.81#28.92#23.27
-93.3181,30.1021#47.65#28.92#23.43
-93.2656,30.1015#47.5#28.92#23.58
-93.213,30.1009#47.34#28.93#23.73
-93.1604,30.1003#47.18#28.93#23.89
-93.1078,30.0997#47.02#28.93#24.05
-93.0553,30.099#46.86#28.93#24.21
-93.0027,30.0984#46.7#28.93#24.37
-92.9501,30.0977#46.55#28.94#24.51
-92.8976,30.097#46.4#28.94#24.66
-92.845,30.0963#46.24#28.94#24.82
-92.7924,30.0956#46.09#28.94#24.97
-92.7399,30.0948#45.94#28.95#25.11
-92.6873,30.094#45.79#28.95#25.26
-92.6347,30.0933#45.63#28.95#25.42
-92.5821,30.0925#45.48#28.95#25.57
-92.5296,30.0916#45.33#28.95#25.72
-92.477,30.0908#45.17#28.96#25.87
-92.4245,30.0899#45.02#28.96#26.02
-92.3719,30.0891#44.87#28.96#26.17
-92.3193,30.0882#44.72#28.96#26.32
-92.2668,30.0873#44.57#28.97#26.46
-92.2142,30.0863#44.42#28.97#26.61
-92.1616,30.0854#44.27#28.97#26.76
-92.1091,30.0844#44.12#28.97#26.91
-92.0565,30.0835#43.97#28.97#27.06
-92.004,30.0825#43.82#28.98#27.2
-91.9514,30.0815#43.67#28.98#27.35
-91.8988,30.0804#43.52#28.98#27.5
-91.8463,30.0794#43.37#28.98#27.65
-91.7937,30.0783#43.22#28.99#27.79
-91.7412,30.0772#43.07#28.99#27.94
-91.6886,30.0761#42.92#28.99#28.09
-91.6361,30.075#42.77#28.99#28.24
-91.5835,30.0739#42.63#28.99#28.38
-91.531,30.0727#42.48#29#28.52
-91.4784,30.0715#42.33#29#28.67
-91.4259,30.0703#42.19#29#28.81
-91.3733,30.0691#42.04#29#28.96
-91.3208,30.0679#41.9#29.01#29.09
-91.2683,30.0667#41.76#29.01#29.23
-91.2157,30.0654#41.62#29.01#29.37
-91.1632,30.0641#41.47#29.01#29.52
-91.1106,30.0628#41.33#29.01#29.66
-91.0581,30.0615#41.19#29.02#29.79
-91.0055,30.0602#41.04#29.02#29.94
-90.953,30.0588#40.87#29.02#30.11
-90.9005,30.0575#40.69#29.02#30.29
-90.8479,30.0561#40.51#29.02#30.47
-90.7954,30.0547#40.33#29.03#30.64
-90.7429,30.0533#40.16#29.03#30.81
-90.6903,30.0518#39.98#29.03#30.99
-90.6378,30.0504#39.8#29.03#31.17
-90.5853,30.0489#39.62#29.04#31.34
-90.5328,30.0474#39.44#29.04#31.52
-90.4802,30.0459#39.24#29.04#31.72
-90.4277,30.0444#39.01#29.04#31.95
-90.3752,30.0428#38.77#29.04#32.19
-90.3227,30.0413#38.53#29.05#32.42
-90.2701,30.0397#38.3#29.05#32.65
-90.2176,30.0381#38.06#29.05#32.89
-90.1651,30.0365#37.82#29.05#33.13
-90.1126,30.0349#37.59#29.05#33.36
-90.0601,30.0332#37.35#29.06#33.59
-90.0076,30.0315#37.12#29.06#33.82
-89.9551,30.0299#36.89#29.06#34.05
-89.9025,30.0282#36.68#29.06#34.26
-89.85,30.0264#36.46#29.06#34.48
-89.7975,30.0247#36.24#29.07#34.69
-89.745,30.0229#36.02#29.07#34.91
-89.6925,30.0212#35.8#29.07#35.13
-89.64,30.0194#35.58#29.07#35.35
-89.5875,30.0176#35.36#29.07#35.57
-89.535,30.0158#35.15#29.08#35.77
-89.4825,30.0139#34.93#29.08#35.99
-89.43,30.0121#34.71#29.08#36.21
-89.3775,30.0102#34.49#29.08#36.43
-89.325,30.0083#34.27#29.08#36.65
-89.2725,30.0064#34.05#29.09#36.86
-89.2201,30.0044#33.83#29.09#37.08
-89.1676,30.0025#33.61#29.09#37.3
-89.1151,30.0005#33.4#29.09#37.51
-89.0626,29.9985#33.18#29.1#37.72
-89.0101,29.9965#32.96#29.1#37.94
-88.9576,29.9945#32.78#29.1#38.12
-88.9052,29.9925#32.62#29.11#38.27
-88.8527,29.9904#32.45#29.11#38.44
-88.8002,29.9884#32.29#29.12#38.59
-88.7477,29.9863#32.12#29.12#38.76
-88.6953,29.9842#31.96#29.13#38.91
-88.6428,29.982#31.79#29.13#39.08
-88.5903,29.9799#31.63#29.14#39.23
-88.5379,29.9777#31.46#29.14#39.4
-88.4854,29.9756#31.3#29.15#39.55
-88.4329,29.9734#31.17#29.18#39.65
-88.3805,29.9712#31.04#29.2#39.76
-88.328,29.9689#30.91#29.23#39.86
-88.2756,29.9667#30.77#29.25#39.98
-88.2231,29.9644#30.64#29.28#40.08
-88.1707,29.9621#30.51#29.31#40.18
-88.1182,29.9598#30.37#29.33#40.3
-88.0658,29.9575#30.24#29.36#40.4
-88.0133,29.9552#30.11#29.39#40.5
-87.9609,29.9528#29.99#29.42#40.59
-87.9084,29.9505#29.88#29.45#40.67
-87.856,29.9481#29.77#29.49#40.74
-87.8036,29.9457#29.66#29.53#40.81
-87.7511,29.9432#29.55#29.56#40.89
-87.6987,29.9408#29.43#29.6#40.97
-87.6463,29.9384#29.32#29.63#41.05
-87.5938,29.9359#29.21#29.67#41.12
-87.5414,29.9334#29.1#29.71#41.19
-87.489,29.9309#28.99#29.74#41.27
-87.4366,29.9283#28.91#29.78#41.31
-87.3842,29.9258#28.83#29.81#41.36
-87.3317,29.9232#28.75#29.85#41.4
-87.2793,29.9207#28.67#29.88#41.45
-87.2269,29.9181#28.59#29.92#41.49
-87.1745,29.9154#28.5#29.95#41.55
-87.1221,29.9128#28.42#29.99#41.59
-87.0697,29.9102#28.34#30.02#41.64
-87.0173,29.9075#28.25#30.06#41.69
-86.9649,29.9048#28.19#30.07#41.74
-86.9125,29.9021#28.14#30.08#41.78
-103.93,29.9018#49.05#28.68#22.27
-103.878,29.9048#49.4#28.69#21.91
-103.826,29.9077#49.74#28.69#21.57
-103.773,29.9107#50.09#28.69#21.22
-103.721,29.9136#50.43#28.69#20.88
-103.669,29.9165#50.78#28.69#20.53
-103.616,29.9194#51.13#28.7#20.17
-103.564,29.9223#51.47#28.7#19.83
-103.511,29.9252#51.82#28.7#19.48
-103.459,29.928#52.13#28.7#19.17
-103.407,29.9309#52.44#28.7#18.86
-103.354,29.9337#52.74#28.71#18.55
