-98.7639,35.9007#41.56#30.06#28.38
-98.7086,35.902#41.42#30.09#28.49
-98.6532,35.9032#41.27#30.11#28.62
-98.5979,35.9044#41.13#30.14#28.73
-98.5426,35.9056#40.99#30.16#28.85
-98.4873,35.9067#40.85#30.17#28.98
-98.432,35.9079#40.7#30.14#29.16
-98.3767,35.909#40.56#30.1#29.34
-98.3213,35.9101#40.42#30.06#29.52
-98.266,35.9112#40.28#30.02#29.7
-98.2107,35.9123#40.14#29.98#29.88
-98.1554,35.9133#40#29.94#30.06
-98.1,35.9143#39.86#29.9#30.24
-98.0447,35.9154#39.72#29.86#30.42
-97.9894,35.9164#39.59#29.82#30.59
-97.9341,35.9173#39.5#29.78#30.72
-97.8787,35.9183#39.4#29.73#30.87
-97.8234,35.9192#39.31#29.69#31
-97.7681,35.9202#39.22#29.64#31.14
-97.7127,35.9211#39.13#29.6#31.27
-97.6574,35.922#39.04#29.55#31.41
-97.6021,35.9228#38.95#29.51#31.54
-97.5467,35.9237#38.86#29.46#31.68
-97.4914,35.9245#38.77#29.42#31.81
-97.4361,35.9253#38.68#29.4#31.92
-97.3807,35.9261#38.59#29.39#32.02
-97.3254,35.9269#38.49#29.37#32.14
-97.2701,35.9277#38.4#29.36#32.24
-97.2147,35.9284#38.31#29.34#32.35
-97.1594,35.9291#38.22#29.33#32.45
-97.104,35.9298#38.13#29.31#32.56
-97.0487,35.9305#38.03#29.29#32.68
-96.9934,35.9312#37.94#29.28#32.78
-96.938,35.9318#37.85#29.28#32.87
-96.8827,35.9325#37.75#29.27#32.98
-96.8273,35.9331#37.66#29.27#33.07
-96.772,35.9337#37.56#29.26#33.18
-96.7166,35.9342#37.47#29.26#33.27
-96.6613,35.9348#37.37#29.26#33.37
-96.606,35.9353#37.28#29.25#33.47
-96.5506,35.9359#37.18#29.25#33.57
-96.4953,35.9364#37.09#29.24#33.67
-96.4399,35.9369#36.99#29.24#33.77
-96.3846,35.9373#36.89#29.24#33.87
-96.3292,35.9378#36.8#29.24#33.96
-96.2739,35.9382#36.7#29.24#34.06
-96.2185,35.9386#36.6#29.24#34.16
-96.1632,35.939#36.5#29.24#34.26
-96.1078,35.9394#36.41#29.24#34.35
-96.0525,35.9397#36.31#29.24#34.45
-95.9971,35.9401#36.21#29.24#34.55
-95.9418,35.9404#36.11#29.25#34.64
-95.8864,35.9407#36#29.25#34.75
-95.8311,35.941#35.9#29.25#34.85
-95.7757,35.9412#35.8#29.25#34.95
-95.7204,35.9415#35.69#29.25#35.06
-95.665,35.9417#35.59#29.26#35.15
-95.6097,35.9419#35.49#29.26#35.25
-95.5543,35.9421#35.38#29.26#35.36
-95.4989,35.9423#35.28#29.26#35.46
-95.4436,35.9425#35.17#29.26#35.57
-95.3882,35.9426#35.06#29.27#35.67
-95.3329,35.9427#34.95#29.27#35.78
-95.2775,35.9428#34.84#29.27#35.89
-95.2222,35.9429#34.73#29.27#36
-95.1668,35.943#34.62#29.28#36.1
-95.1115,35.943#34.51#29.28#36.21
-95.0561,35.943#34.4#29.28#36.32
-95.0008,35.943#34.29#29.28#36.43
-94.9454,35.943#34.15#29.28#36.57
-94.8901,35.943#34.01#29.29#36.7
-94.8347,35.943#33.87#29.29#36.84
-94.7793,35.9429#33.74#29.29#36.97
-94.724,35.9428#33.6#29.3#37.1
-94.6686,35.9427#33.46#29.3#37.24
-94.6133,35.9426#33.32#29.3#37.38
-94.5579,35.9425#33.18#29.3#37.52
-94.5026,35.9423#33.05#29.31#37.64
-94.4472,35.9421#32.91#29.31#37.78
-94.3919,35.9419#32.77#29.31#37.92
-94.3365,35.9417#32.64#29.31#38.05
-94.2812,35.9415#32.5#29.32#38.18
-94.2258,35.9413#32.36#29.32#38.32
-94.1705,35.941#32.23#29.32#38.45
-94.1151,35.9407#32.09#29.33#38.58
-94.0598,35.9404#31.95#29.33#38.72
-94.0044,35.9401#31.82#29.33#38.85
-93.9491,35.9397#31.69#29.33#38.98
-93.8937,35.9394#31.55#29.34#39.11
-93.8384,35.939#31.42#29.34#39.24
-93.783,35.9386#31.29#29.35#39.36
-93.7277,35.9382#31.16#29.35#39.49
-93.6723,35.9378#31.03#29.36#39.61
-93.617,35.9373#30.89#29.36#39.75
-93.5616,35.9369#30.76#29.37#39.87
-93.5063,35.9364#30.63#29.37#40
-93.4509,35.9359#30.5#29.38#40.12
-93.3956,35.9354#30.36#29.4#40.24
-93.3402,35.9348#30.23#29.41#40.36
-93.2849,35.9343#30.09#29.42#40.49
-93.2295,35.9337#29.96#29.43#40.61
-93.1742,35.9331#29.82#29.45#40.73
-93.1189,35.9325#29.69#29.46#40.85
-93.0635,35.9318#29.56#29.47#40.97
-93.0082,35.9312#29.42#29.49#41.09
-92.9528,35.9305#29.31#29.51#41.18
-92.8975,35.9298#29.19#29.54#41.27
-92.8421,35.9291#29.08#29.57#41.35
-92.7868,35.9284#28.97#29.59#41.44
-92.7315,35.9277#28.86#29.62#41.52
-92.6761,35.9269#28.74#29.65#41.61
-92.6208,35.9261#28.63#29.67#41.7
-92.5655,35.9253#28.52#29.7#41.78
-92.5101,35.9245#28.41#29.73#41.86
-92.4548,35.9237#28.32#29.77#41.91
-92.3994,35.9228#28.23#29.82#41.95
-92.3441,35.922#28.15#29.87#41.98
-92.2888,35.9211#28.06#29.91#42.03
-92.2335,35.9202#27.98#29.96#42.06
-92.1781,35.9193#27.9#30.01#42.09
-92.1228,35.9183#27.81#30.05#42.14
-92.0675,35.9174#27.73#30.1#42.17
-92.0121,35.9164#27.64#30.14#42.22
-91.9568,35.9154#27.58#30.2#42.22
-91.9015,35.9144#27.52#30.27#42.21
-91.8462,35.9133#27.47#30.33#42.2
-91.7908,35.9123#27.41#30.4#42.19
-91.7355,35.9112#27.35#30.46#42.19
-91.6802,35.9101#27.3#30.52#42.18
-91.6249,35.909#27.24#30.59#42.17
-91.5696,35.9079#27.18#30.65#42.17
-91.5142,35.9068#27.13#30.72#42.15
-91.4589,35.9056#27.14#30.79#42.07
-91.4036,35.9044#27.19#30.86#41.95
-91.3483,35.9032#27.23#30.93#41.84
-91.293,35.902#27.27#31.01#41.72
-91.2377,35.9008#27.32#31.08#41.6
-100.425,35.9#44.69#29.13#26.18
-100.369,35.9018#44.66#29.13#26.21
-100.314,35.9035#44.64#29.13#26.23
-100.259,35.9053#44.61#29.13#26.26
-100.204,35.907#44.58#29.13#26.29
-100.148,35.9087#44.56#29.14#26.3
-100.093,35.9104#44.53#29.14#26.33
-100.038,35.9121#44.51#29.14#26.35
-99.9824,35.9137#44.45#29.15#26.4
-99.9271,35.9154#44.32#29.2#26.48
-99.8718,35.917#44.19#29.24#26.57
-99.8165,35.9186#44.06#29.28#26.66
-99.7612,35.9202#43.93#29.32#26.75
-99.7059,35.9217#43.8#29.36#26.84
-99.6506,35.9233#43.67#29.4#26.93
-99.5953,35.9248#43.54#29.44#27.02
-99.5399,35.9263#43.41#29.48#27.11
-99.4846,35.9278#43.28#29.52#27.2
-99.4293,35.9293#43.12#29.57#27.31
-99.374,35.9307#42.96#29.62#27.42
-99.3187,35.9322#42.81#29.67#27.52
-99.2634,35.9336#42.65#29.72#27.63
-99.208,35.935#42.5#29.77#27.73
-99.1527,35.9364#42.34#29.82#27.84
-99.0974,35.9377#42.19#29.87#27.94
-99.0421,35.9391#42.03#29.92#28.05
-98.9867,35.9404#41.88#29.96#28.16
-98.9314,35.9417#41.74#29.99#28.27
-98.8761,35.943#41.6#30.01#28.39
-98.8207,35.9443#41.47#30.04#28.49
-98.7654,35.9455#41.33#30.06#28.61
-98.7101,35.9468#41.19#30.09#28.72
-98.6547,35.948#41.05#30.11#28.84
-98.5994,35.9492#40.92#30.14#28.94
-98.5441,35.9504#40.78#30.16#29.06
-98.4887,35.9515#40.64#30.18#29.18
-98.4334,35.9527#40.51#30.14#29.35
-98.378,35.9538#40.37#30.1#29.53
-98.3227,35.9549#40.24#30.06#29.7
-98.2674,35.956#40.1#30.02#29.88
-98.212,35.9571#39.96#29.98#30.06
-98.1567,35.9581#39.83#29.94#30.23
-98.1013,35.9592#39.69#29.91#30.4
-98.046,35.9602#39.56#29.87#30.57
-97.9906,35.9612#39.43#29.83#30.74
-97.9353,35.9622#39.34#29.78#30.88
-97.8799,35.9631#39.25#29.74#31.01
-97.8246,35.9641#39.16#29.69#31.15
-97.7692,35.965#39.07#29.64#31.29
-97.7139,35.9659#38.98#29.6#31.42
-97.6585,35.9668#38.89#29.55#31.56
-97.6031,35.9676#38.8#29.51#31.69
-97.5478,35.9685#38.71#29.46#31.83
-97.4924,35.9693#38.62#29.42#31.96
-97.4371,35.9701#38.53#29.41#32.06
-97.3817,35.9709#38.43#29.39#32.18
-97.3264,35.9717#38.34#29.37#32.29
-97.271,35.9725#38.25#29.36#32.39
-97.2156,35.9732#38.16#29.34#32.5
-97.1603,35.9739#38.06#29.33#32.61
-97.1049,35.9746#37.97#29.31#32.72
-97.0495,35.9753#37.88#29.3#32.82
-96.9942,35.976#37.79#29.28#32.93
-96.9388,35.9767#37.69#29.28#33.03
-96.8834,35.9773#37.6#29.27#33.13
-96.8281,35.9779#37.5#29.27#33.23
-96.7727,35.9785#37.41#29.27#33.32
-96.7173,35.9791#37.31#29.26#33.43
-96.662,35.9796#37.22#29.26#33.52
-96.6066,35.9802#37.12#29.25#33.63
-96.5512,35.9807#37.03#29.25#33.72
-96.4959,35.9812#36.93#29.25#33.82
-96.4405,35.9817#36.84#29.25#33.91
-96.3851,35.9821#36.74#29.25#34.01
-96.3298,35.9826#36.64#29.25#34.11
-96.2744,35.983#36.54#29.25#34.21
-96.219,35.9834#36.45#29.25#34.3
-96.1636,35.9838#36.35#29.25#34.4
-96.1083,35.9842#36.25#29.25#34.5
-96.0529,35.9846#36.15#29.25#34.6
-95.9975,35.9849#36.05#29.25#34.7
-95.9422,35.9852#35.95#29.25#34.8
-95.8868,35.9855#35.85#29.25#34.9
-95.8314,35.9858#35.74#29.25#35.01
-95.776,35.9861#35.64#29.25#35.11
-95.7207,35.9863#35.54#29.26#35.2
-95.6653,35.9866#35.44#29.26#35.3
-95.6099,35.9868#35.33#29.26#35.41
-95.5545,35.987#35.23#29.26#35.51
-95.4992,35.9871#35.13#29.26#35.61
-95.4438,35.9873#35.02#29.27#35.71
-95.3884,35.9874#34.9#29.27#35.83
-95.333,35.9875#34.79#29.27#35.94
-95.2776,35.9876#34.68#29.27#36.05
-95.2223,35.9877#34.57#29.28#36.15
-95.1669,35.9878#34.46#29.28#36.26
-95.1115,35.9878#34.35#29.28#36.37
-95.0561,35.9879#34.24#29.28#36.48
-95.0008,35.9879#34.13#29.28#36.59
-94.9454,35.9879#34#29.29#36.71
-94.89,35.9878#33.86#29.29#36.85
-94.8346,35.9878#33.72#29.29#36.99
-94.7793,35.9877#33.58#29.3#37.12
-94.7239,35.9876#33.45#29.3#37.25
-94.6685,35.9875#33.31#29.3#37.39
-94.6131,35.9874#33.17#29.3#37.53
-94.5578,35.9873#33.04#29.31#37.65
-94.5024,35.9871#32.9#29.31#37.79
-94.447,35.987#32.76#29.31#37.93
-94.3916,35.9868#32.63#29.31#38.06
-94.3363,35.9866#32.49#29.32#38.19
-94.2809,35.9863#32.36#29.32#38.32
-94.2255,35.9861#32.22#29.32#38.46
-94.1701,35.9858#32.08#29.32#38.6
-94.1148,35.9855#31.95#29.33#38.72
-94.0594,35.9852#31.81#29.33#38.86
-94.004,35.9849#31.68#29.33#38.99
-93.9486,35.9846#31.55#29.34#39.11
-93.8933,35.9842#31.42#29.34#39.24
-93.8379,35.9838#31.28#29.35#39.37
-93.7825,35.9834#31.15#29.35#39.5
-93.7271,35.983#31.02#29.36#39.62
-93.6718,35.9826#30.89#29.36#39.75
-93.6164,35.9822#30.76#29.37#39.87
-93.561,35.9817#30.63#29.37#40
-93.5057,35.9812#30.5#29.38#40.12
-93.4503,35.9807#30.37#29.39#40.24
-93.3949,35.9802#30.24#29.41#40.35
-93.3396,35.9796#30.11#29.42#40.47
-93.2842,35.9791#29.98#29.44#40.58
-93.2288,35.9785#29.85#29.45#40.7
-93.1734,35.9779#29.72#29.47#40.81
-93.1181,35.9773#29.59#29.48#40.93
-93.0627,35.9767#29.45#29.49#41.06
-93.0074,35.976#29.32#29.51#41.17
-92.952,35.9754#29.21#29.54#41.25
-92.8966,35.9747#29.1#29.57#41.33
-92.8413,35.974#29#29.6#41.4
-92.7859,35.9732#28.89#29.63#41.48
-92.7305,35.9725#28.78#29.66#41.56
-92.6752,35.9717#28.67#29.69#41.64
-92.6198,35.971#28.56#29.71#41.73
-92.5645,35.9702#28.45#29.74#41.81
-92.5091,35.9694#28.34#29.77#41.89
-92.4537,35.9685#28.26#29.82#41.92
-92.3984,35.9677#28.18#29.87#41.95
-92.343,35.9668#28.1#29.92#41.98
-92.2877,35.9659#28.02#29.97#42.01
-92.2323,35.965#27.94#30.02#42.04
-92.177,35.9641#27.86#30.07#42.07
-92.1216,35.9631#27.78#30.11#42.11
-92.0663,35.9622#27.7#30.16#42.14
-92.0109,35.9612#27.62#30.21#42.17
-91.9556,35.9602#27.56#30.27#42.17
-91.9002,35.9592#27.51#30.34#42.15
-91.8449,35.9582#27.45#30.4#42.15
-91.7895,35.9571#27.4#30.47#42.13
-91.7342,35.956#27.34#30.53#42.13
-91.6788,35.9549#27.29#30.59#42.12
-91.6235,35.9538#27.24#30.66#42.1
-91.5682,35.9527#27.18#30.72#42.1
-91.5128,35.9516#27.13#30.79#42.08
-91.4575,35.9504#27.15#30.86#41.99
-91.4021,35.9492#27.2#30.93#41.87
-91.3468,35.948#27.24#31.01#41.75
-91.2915,35.9468#27.29#31.08#41.63
-91.2361,35.9456#27.33#31.16#41.51
-91.1808,35.9443#27.37#31.23#41.4
-91.1255,35.9431#27.42#31.31#41.27
-91.0701,35.9418#27.46#31.38#41.16
-91.0148,35.9405#27.51#31.46#41.03
-90.9595,35.9391#27.57#31.53#40.9
-90.9041,35.9378#27.63#31.61#40.76
-90.8488,35.9364#27.69#31.69#40.62
-90.7935,35.935#27.75#31.76#40.49
-90.7382,35.9336#27.81#31.84#40.35
-90.6829,35.9322#27.87#31.92#40.21
-90.6275,35.9308#27.94#31.99#40.07
-90.5722,35.9293#28#32.07#39.93
-90.5169,35.9279#28.06#32.15#39.79
-90.4616,35.9264#28.09#32.24#39.67
-90.4063,35.9249#28.1#32.33#39.57
-90.351,35.9233#28.12#32.43#39.45
-90.2956,35.9218#28.13#32.52#39.35
-90.2403,35.9202#28.15#32.61#39.24
-90.185,35.9186#28.16#32.71#39.13
-90.1297,35.917#28.17#32.8#39.03
-90.0744,35.9154#28.19#32.89#38.92
-90.0191,35.9138#28.2#32.98#38.82
-89.9638,35.9121#28.2#33.08#38.72
-89.9085,35.9105#28.19#33.19#38.62
-89.8532,35.9088#28.18#33.3#38.52
-89.7979,35.9071#28.17#33.41#38.42
-89.7426,35.9053#28.15#33.51#38.34
-89.6873,35.9036#28.14#33.62#38.24
-89.632,35.9018#28.13#33.73#38.14
-89.5768,35.9#28.12#33.83#38.05
-101.643,35.9009#42.75#29.08#28.17
-101.588,35.9031#42.83#29.08#28.09
-101.533,35.9053#42.91#29.08#28.01
-101.478,35.9074#42.99#29.09#27.92
-101.422,35.9095#43.09#29.09#27.82
-101.367,35.9117#43.19#29.09#27.72
-101.312,35.9137#43.29#29.09#27.62
-101.256,35.9158#43.39#29.1#27.51
-101.201,35.9179#43.49#29.1#27.41
-101.146,35.9199#43.59#29.1#27.31
-101.091,35.9219#43.69#29.1#27.21
-101.035,35.9239#43.78#29.1#27.12
-100.98,35.9259#43.87#29.11#27.02
-100.925,35.9279#43.94#29.11#26.95
-100.869,35.9298#44.01#29.11#26.88
-100.814,35.9318#44.08#29.11#26.81
-100.759,35.9337#44.14#29.11#26.75
-100.704,35.9356#44.21#29.12#26.67
-100.648,35.9375#44.28#29.12#26.6
-100.593,35.9393#44.35#29.12#26.53
-100.538,35.9412#44.42#29.12#26.46
-100.482,35.943#44.46#29.13#26.41
-100.427,35.9448#44.43#29.13#26.44
-100.372,35.9466#44.41#29.13#26.46
-100.316,35.9483#44.39#29.13#26.48
-100.261,35.9501#44.36#29.13#26.51
-100.206,35.9518#44.34#29.14#26.52
-100.15,35.9535#44.32#29.14#26.54
-100.095,35.9552#44.3#29.14#26.56
-100.04,35.9569#44.28#29.14#26.58
-99.9844,35.9585#44.22#29.16#26.62
-99.9291,35.9602#44.09#29.2#26.71
-99.8738,35.9618#43.96#29.24#26.8
-99.8185,35.9634#43.82#29.28#26.9
-99.7631,35.965#43.69#29.32#26.99
-99.7078,35.9666#43.55#29.36#27.09
-99.6525,35.9681#43.42#29.4#27.18
-99.5971,35.9696#43.28#29.44#27.28
-99.5418,35.9711#43.15#29.48#27.37
-99.4865,35.9726#43.01#29.52#27.47
-99.4311,35.9741#42.85#29.57#27.58
-99.3758,35.9756#42.7#29.62#27.68
-99.3204,35.977#42.54#29.67#27.79
-99.2651,35.9784#42.39#29.72#27.89
-99.2098,35.9798#42.23#29.77#28
-99.1544,35.9812#42.08#29.82#28.1
-99.0991,35.9826#41.93#29.87#28.2
-99.0437,35.9839#41.77#29.92#28.31
-98.9884,35.9852#41.62#29.96#28.42
-98.933,35.9865#41.49#29.99#28.52
-98.8777,35.9878#41.36#30.01#28.63
-98.8223,35.9891#41.22#30.04#28.74
-98.7669,35.9904#41.09#30.06#28.85
-98.7116,35.9916#40.96#30.09#28.95
-98.6562,35.9928#40.83#30.11#29.06
-98.6009,35.994#40.7#30.14#29.16
-98.5455,35.9952#40.57#30.16#29.27
-98.4901,35.9964#40.44#30.18#29.38
-98.4348,35.9975#40.31#30.14#29.55
-98.3794,35.9986#40.18#30.1#29.72
-98.3241,35.9997#40.05#30.06#29.89
-98.2687,36.0008#39.92#30.02#30.06
-98.2133,36.0019#39.79#29.98#30.23
-98.1579,36.0029#39.66#29.95#30.39
-98.1026,36.004#39.53#29.91#30.56
-98.0472,36.005#39.4#29.87#30.73
-97.9918,36.006#39.28#29.83#30.89
-97.9365,36.007#39.19#29.78#31.03
-97.8811,36.0079#39.1#29.74#31.16
-97.8257,36.0089#39.01#29.69#31.3
-97.7703,36.0098#38.92#29.65#31.43
-97.715,36.0107#38.83#29.6#31.57
-97.6596,36.0116#38.74#29.56#31.7
-97.6042,36.0125#38.65#29.51#31.84
-97.5488,36.0133#38.56#29.46#31.98
-97.4934,36.0141#38.47#29.42#32.11
-97.4381,36.015#38.37#29.41#32.22
-97.3827,36.0158#38.28#29.39#32.33
-97.3273,36.0165#38.19#29.38#32.43
-97.2719,36.0173#38.1#29.36#32.54
-97.2165,36.018#38#29.35#32.65
-97.1612,36.0188#37.91#29.33#32.76
-97.1058,36.0195#37.82#29.31#32.87
-97.0504,36.0202#37.73#29.3#32.97
-96.995,36.0208#37.63#29.28#33.09
-96.9396,36.0215#37.54#29.28#33.18
-96.8842,36.0221#37.44#29.28#33.28
-96.8288,36.0227#37.35#29.27#33.38
-96.7734,36.0233#37.25#29.27#33.48
-96.718,36.0239#37.16#29.26#33.58
-96.6627,36.0244#37.06#29.26#33.68
-96.6073,36.025#36.97#29.26#33.77
-96.5519,36.0255#36.87#29.25#33.88
-96.4965,36.026#36.78#29.25#33.97
-96.4411,36.0265#36.68#29.25#34.07
-96.3857,36.027#36.58#29.25#34.17
-96.3303,36.0274#36.48#29.25#34.27
-96.2749,36.0278#36.39#29.25#34.36
-96.2195,36.0283#36.29#29.25#34.46
-96.1641,36.0287#36.19#29.25#34.56
-96.1087,36.029#36.09#29.25#34.66
-96.0533,36.0294#36#29.25#34.75
-95.9979,36.0297#35.9#29.25#34.85
-95.9425,36.03#35.79#29.25#34.96
-95.8871,36.0303#35.69#29.25#35.06
-95.8317,36.0306#35.59#29.25#35.16
-95.7763,36.0309#35.49#29.26#35.25
-95.7209,36.0311#35.38#29.26#35.36
-95.6656,36.0314#35.28#29.26#35.46
-95.6102,36.0316#35.18#29.26#35.56
-95.5548,36.0318#35.07#29.26#35.67
-95.4994,36.0319#34.97#29.27#35.76
-95.444,36.0321#34.86#29.27#35.87
-95.3886,36.0322#34.75#29.27#35.98
-95.3332,36.0324#34.64#29.27#36.09
-95.2778,36.0325#34.53#29.28#36.19
-95.2224,36.0325#34.42#29.28#36.3
-95.167,36.0326#34.31#29.28#36.41
-95.1116,36.0327#34.2#29.28#36.52
-95.0562,36.0327#34.09#29.28#36.63
-95.0008,36.0327#33.98#29.29#36.73
-94.9454,36.0327#33.84#29.29#36.87
-94.89,36.0327#33.71#29.29#37
-94.8346,36.0326#33.57#29.3#37.13
-94.7792,36.0325#33.43#29.3#37.27
-94.7238,36.0325#33.3#29.3#37.4
-94.6684,36.0324#33.16#29.3#37.54
-94.613,36.0322#33.03#29.31#37.66
-94.5576,36.0321#32.89#29.31#37.8
-94.5022,36.032#32.76#29.31#37.93
-94.4468,36.0318#32.62#29.31#38.07
-94.3914,36.0316#32.48#29.32#38.2
-94.336,36.0314#32.35#29.32#38.33
-94.2806,36.0311#32.21#29.32#38.47
-94.2252,36.0309#32.08#29.32#38.6
-94.1698,36.0306#31.94#29.33#38.73
-94.1144,36.0304#31.81#29.33#38.86
-94.059,36.0301#31.67#29.33#39
-94.0036,36.0297#31.53#29.34#39.13
-93.9482,36.0294#31.41#29.34#39.25
-93.8928,36.029#31.28#29.35#39.37
-93.8374,36.0287#31.15#29.35#39.5
-93.782,36.0283#31.02#29.36#39.62
-93.7266,36.0279#30.89#29.36#39.75
-93.6712,36.0274#30.76#29.37#39.87
-93.6158,36.027#30.63#29.38#39.99
-93.5604,36.0265#30.5#29.38#40.12
-93.505,36.026#30.38#29.39#40.23
-93.4497,36.0255#30.25#29.4#40.35
-93.3943,36.025#30.12#29.42#40.46
-93.3389,36.0245#29.99#29.43#40.58
-93.2835,36.0239#29.86#29.45#40.69
-93.2281,36.0233#29.74#29.47#40.79
-93.1727,36.0227#29.61#29.48#40.91
-93.1173,36.0221#29.48#29.5#41.02
-93.0619,36.0215#29.35#29.52#41.13
-93.0065,36.0208#29.22#29.53#41.25
-92.9512,36.0202#29.12#29.56#41.32
-92.8958,36.0195#29.01#29.59#41.4
-92.8404,36.0188#28.91#29.63#41.46
-92.785,36.0181#28.81#29.66#41.53
-92.7296,36.0173#28.7#29.69#41.61
-92.6742,36.0166#28.6#29.72#41.68
-92.6188,36.0158#28.49#29.76#41.75
-92.5635,36.015#28.39#29.79#41.82
-92.5081,36.0142#28.28#29.82#41.9
-92.4527,36.0133#28.2#29.87#41.93
-92.3973,36.0125#28.13#29.92#41.95
-92.3419,36.0116#28.05#29.97#41.98
-92.2866,36.0107#27.98#30.02#42
-92.2312,36.0098#27.9#30.07#42.03
-92.1758,36.0089#27.82#30.13#42.05
-92.1204,36.008#27.75#30.18#42.07
-92.0651,36.007#27.67#30.23#42.1
-92.0097,36.006#27.59#30.28#42.13
-91.9543,36.005#27.54#30.34#42.12
-91.899,36.004#27.49#30.41#42.1
-91.8436,36.003#27.44#30.47#42.09
-91.7882,36.0019#27.39#30.54#42.07
-91.7328,36.0008#27.34#30.6#42.06
-91.6775,35.9998#27.28#30.67#42.05
-91.6221,35.9987#27.23#30.73#42.04
-91.5667,35.9975#27.18#30.79#42.03
-91.5114,35.9964#27.13#30.86#42.01
-91.456,35.9952#27.16#30.93#41.91
-91.4007,35.994#27.2#31.01#41.79
-91.3453,35.9928#27.25#31.09#41.66
-91.2899,35.9916#27.3#31.16#41.54
-91.2346,35.9904#27.34#31.24#41.42
-91.1792,35.9891#27.39#31.31#41.3
-91.1239,35.9879#27.44#31.39#41.17
-91.0685,35.9866#27.48#31.47#41.05
-91.0132,35.9853#27.53#31.54#40.93
-90.9578,35.9839#27.59#31.62#40.79
-90.9025,35.9826#27.65#31.7#40.65
-90.8471,35.9812#27.71#31.78#40.51
-90.7918,35.9799#27.78#31.85#40.37
-90.7364,35.9785#27.84#31.93#40.23
-90.6811,35.977#27.9#32.01#40.09
-90.6257,35.9756#27.96#32.09#39.95
-90.5704,35.9741#28.03#32.16#39.81
-90.5151,35.9727#28.09#32.24#39.67
-90.4597,35.9712#28.12#32.34#39.54
-90.4044,35.9697#28.13#32.44#39.43
-90.3491,35.9681#28.15#32.54#39.31
-90.2937,35.9666#28.16#32.64#39.2
-90.2384,35.965#28.18#32.74#39.08
-90.1831,35.9634#28.19#32.84#38.97
-90.1277,35.9618#28.21#32.94#38.85
-90.0724,35.9602#28.22#33.04#38.74
-90.0171,35.9586#28.23#33.14#38.63
-89.9618,35.9569#28.23#33.25#38.52
-89.9064,35.9553#28.22#33.36#38.42
-89.8511,35.9536#28.21#33.47#38.32
-89.7958,35.9519#28.2#33.58#38.22
-89.7405,35.9501#28.19#33.7#38.11
-89.6852,35.9484#28.18#33.81#38.01
-89.6299,35.9466#28.17#33.92#37.91
-89.5745,35.9448#28.16#34.03#37.81
-89.5192,35.943#28.15#34.14#37.71
-89.4639,35.9412#28.11#34.27#37.62
-89.4086,35.9394#28.05#34.42#37.53
-89.3533,35.9375#27.99#34.57#37.44
-89.298,35.9356#27.94#34.72#37.34
-89.2427,35.9337#27.88#34.87#37.25
-89.1874,35.9318#27.83#35.01#37.16
-89.1321,35.9299#27.77#35.16#37.07
-89.0768,35.928#27.71#35.31#36.98
-89.0215,35.926#27.66#35.46#36.88
-88.9662,35.924#27.63#35.61#36.76
-88.911,35.922#27.62#35.76#36.62
-88.8557,35.92#27.61#35.91#36.48
-88.8004,35.9179#27.61#36.06#36.33
-88.7451,35.9159#27.6#36.22#36.18
-88.6898,35.9138#27.59#36.37#36.04
-88.6345,35.9117#27.58#36.52#35.9
-88.5793,35.9096#27.57#36.67#35.76
-88.524,35.9075#27.56#36.82#35.62
-88.4687,35.9053#27.58#36.98#35.44
-88.4134,35.9031#27.61#37.14#35.25
-88.3582,35.901#27.64#37.3#35.06
-102.696,35.9007#40.48#29.04#30.48
-102.641,35.9032#40.67#29.04#30.29
-102.586,35.9057#40.85#29.05#30.1
-102.53,35.9082#41.04#29.05#29.91
-102.475,35.9107#41.18#29.05#29.77
-102.42,35.9131#41.28#29.05#29.67
-102.365,35.9156#41.38#29.05#29.57
-102.309,35.918#41.47#29.06#29.47
-102.254,35.9204#41.57#29.06#29.37
-102.199,35.9228#41.67#29.06#29.27
-102.144,35.9252#41.76#29.06#29.18
-102.088,35.9275#41.86#29.07#29.07
-102.033,35.9299#41.95#29.07#28.98
-101.978,35.9322#42.04#29.07#28.89
-101.922,35.9345#42.11#29.07#28.82
-101.867,35.9368#42.19#29.07#28.74
-101.812,35.939#42.27#29.08#28.65
-101.757,35.9413#42.34#29.08#28.58
-101.701,35.9435#42.42#29.08#28.5
-101.646,35.9457#42.49#29.08#28.43
-101.591,35.9479#42.57#29.08#28.35
-101.535,35.95#42.64#29.09#28.27
-101.48,35.9522#42.73#29.09#28.18
-101.425,35.9543#42.82#29.09#28.09
-101.37,35.9564#42.92#29.09#27.99
-101.314,35.9585#43.02#29.09#27.89
-101.259,35.9606#43.12#29.1#27.78
-101.204,35.9627#43.21#29.1#27.69
-101.148,35.9647#43.31#29.1#27.59
-101.093,35.9667#43.41#29.1#27.49
-101.038,35.9687#43.5#29.11#27.39
-100.982,35.9707#43.59#29.11#27.3
-100.927,35.9727#43.66#29.11#27.23
-100.872,35.9746#43.73#29.11#27.16
-100.816,35.9766#43.8#29.11#27.09
-100.761,35.9785#43.87#29.12#27.01
-100.706,35.9804#43.94#29.12#26.94
-100.651,35.9823#44.01#29.12#26.87
-100.595,35.9841#44.08#29.12#26.8
-100.54,35.9859#44.15#29.12#26.73
-100.485,35.9878#44.2#29.13#26.67
-100.429,35.9896#44.18#29.13#26.69
-100.374,35.9914#44.16#29.13#26.71
-100.319,35.9931#44.14#29.13#26.73
-100.263,35.9949#44.12#29.14#26.74
-100.208,35.9966#44.1#29.14#26.76
-100.153,35.9983#44.08#29.14#26.78
-100.097,36#44.06#29.14#26.8
-100.042,36.0017#44.04#29.14#26.82
-99.9865,36.0033#43.99#29.16#26.85
-99.9311,36.005#43.86#29.2#26.94
-99.8758,36.0066#43.72#29.24#27.04
-99.8204,36.0082#43.58#29.28#27.14
-99.7651,36.0098#43.44#29.32#27.24
-99.7097,36.0113#43.3#29.36#27.34
-99.6544,36.0129#43.16#29.4#27.44
-99.599,36.0144#43.02#29.44#27.54
-99.5437,36.0159#42.88#29.48#27.64
-99.4883,36.0174#42.74#29.52#27.74
-99.4329,36.0189#42.58#29.57#27.85
-99.3776,36.0204#42.43#29.62#27.95
-99.3222,36.0218#42.28#29.67#28.05
-99.2668,36.0232#42.12#29.72#28.16
-99.2115,36.0246#41.97#29.77#28.26
-99.1561,36.026#41.82#29.82#28.36
-99.1007,36.0274#41.66#29.87#28.47
-99.0454,36.0287#41.51#29.91#28.58
-98.99,36.03#41.36#29.96#28.68
-98.9346,36.0313#41.24#29.98#28.78
-98.8792,36.0326#41.11#30.01#28.88
-98.8239,36.0339#40.98#30.04#28.98
-98.7685,36.0352#40.86#30.06#29.08
-98.7131,36.0364#40.73#30.09#29.18
-98.6577,36.0376#40.61#30.11#29.28
-98.6023,36.0388#40.48#30.14#29.38
-98.547,36.04#40.36#30.16#29.48
-98.4916,36.0412#40.24#30.18#29.58
-98.4362,36.0423#40.11#30.14#29.75
-98.3808,36.0434#39.99#30.1#29.91
-98.3254,36.0445#39.86#30.06#30.08
-98.27,36.0456#39.74#30.02#30.24
-98.2146,36.0467#39.62#29.99#30.39
-98.1592,36.0477#39.49#29.95#30.56
-98.1038,36.0488#39.37#29.91#30.72
-98.0485,36.0498#39.25#29.87#30.88
-97.9931,36.0508#39.13#29.83#31.04
-97.9377,36.0518#39.04#29.79#31.17
-97.8823,36.0527#38.95#29.74#31.31
-97.8269,36.0537#38.86#29.69#31.45
-97.7715,36.0546#38.77#29.65#31.58
-97.7161,36.0555#38.68#29.6#31.72
-97.6607,36.0564#38.58#29.56#31.86
-97.6053,36.0573#38.49#29.51#32
-97.5499,36.0581#38.4#29.47#32.13
-97.4945,36.059#38.31#29.42#32.27
-97.4391,36.0598#38.22#29.41#32.37
-97.3837,36.0606#38.13#29.39#32.48
-97.3283,36.0613#38.03#29.38#32.59
-97.2728,36.0621#37.94#29.36#32.7
-97.2174,36.0628#37.85#29.35#32.8
-97.162,36.0636#37.76#29.33#32.91
-97.1066,36.0643#37.66#29.32#33.02
-97.0512,36.065#37.57#29.3#33.13
-96.9958,36.0656#37.48#29.29#33.23
-96.9404,36.0663#37.38#29.28#33.34
-96.885,36.0669#37.29#29.28#33.43
-96.8296,36.0675#37.19#29.27#33.54
-96.7742,36.0681#37.1#29.27#33.63
-96.7188,36.0687#37#29.27#33.73
-96.6633,36.0693#36.91#29.26#33.83
-96.6079,36.0698#36.81#29.26#33.93
-96.5525,36.0703#36.72#29.25#34.03
-96.4971,36.0708#36.62#29.25#34.13
-96.4417,36.0713#36.53#29.25#34.22
-96.3863,36.0718#36.43#29.25#34.32
-96.3308,36.0722#36.33#29.25#34.42
-96.2754,36.0727#36.23#29.25#34.52
-96.22,36.0731#36.13#29.25#34.62
-96.1646,36.0735#36.03#29.25#34.72
-96.1092,36.0738#35.94#29.25#34.81
-96.0538,36.0742#35.84#29.25#34.91
-95.9983,36.0745#35.74#29.25#35.01
-95.9429,36.0749#35.64#29.25#35.11
-95.8875,36.0752#35.53#29.26#35.21
-95.8321,36.0754#35.43#29.26#35.31
-95.7767,36.0757#35.33#29.26#35.41
-95.7212,36.076#35.23#29.26#35.51
-95.6658,36.0762#35.12#29.26#35.62
-95.6104,36.0764#35.02#29.26#35.72
-95.555,36.0766#34.92#29.27#35.81
-95.4996,36.0768#34.82#29.27#35.91
-95.4441,36.0769#34.71#29.27#36.02
-95.3887,36.0771#34.6#29.27#36.13
-95.3333,36.0772#34.48#29.28#36.24
-95.2779,36.0773#34.37#29.28#36.35
-95.2225,36.0774#34.26#29.28#36.46
-95.167,36.0774#34.15#29.28#36.57
-95.1116,36.0775#34.04#29.28#36.68
-95.0562,36.0775#33.93#29.29#36.78
-95.0008,36.0775#33.82#29.29#36.89
-94.9453,36.0775#33.69#29.29#37.02
-94.8899,36.0775#33.55#29.3#37.15
-94.8345,36.0774#33.42#29.3#37.28
-94.7791,36.0774#33.28#29.3#37.42
-94.7237,36.0773#33.15#29.3#37.55
-94.6682,36.0772#33.01#29.31#37.68
-94.6128,36.0771#32.88#29.31#37.81
-94.5574,36.0769#32.75#29.31#37.94
-94.502,36.0768#32.61#29.31#38.08
-94.4466,36.0766#32.48#29.32#38.2
-94.3911,36.0764#32.34#29.32#38.34
-94.3357,36.0762#32.21#29.32#38.47
-94.2803,36.076#32.07#29.32#38.61
-94.2249,36.0757#31.93#29.33#38.74
-94.1694,36.0755#31.8#29.33#38.87
-94.114,36.0752#31.66#29.33#39.01
-94.0586,36.0749#31.53#29.34#39.13
-94.0032,36.0745#31.39#29.34#39.27
-93.9478,36.0742#31.27#29.34#39.39
-93.8924,36.0738#31.14#29.35#39.51
-93.8369,36.0735#31.01#29.36#39.63
-93.7815,36.0731#30.88#29.36#39.76
-93.7261,36.0727#30.76#29.37#39.87
-93.6707,36.0722#30.63#29.38#39.99
-93.6153,36.0718#30.5#29.38#40.12
-93.5599,36.0713#30.38#29.39#40.23
-93.5044,36.0708#30.25#29.39#40.36
-93.449,36.0703#30.12#29.41#40.47
-93.3936,36.0698#30#29.43#40.57
-93.3382,36.0693#29.88#29.45#40.67
-93.2828,36.0687#29.75#29.47#40.78
-93.2274,36.0681#29.63#29.48#40.89
-93.172,36.0675#29.5#29.5#41
-93.1165,36.0669#29.38#29.52#41.1
-93.0611,36.0663#29.25#29.54#41.21
-93.0057,36.0657#29.13#29.55#41.32
-92.9503,36.065#29.02#29.59#41.39
-92.8949,36.0643#28.92#29.62#41.46
-92.8395,36.0636#28.82#29.66#41.52
-92.7841,36.0629#28.72#29.69#41.59
-92.7287,36.0621#28.62#29.73#41.65
-92.6733,36.0614#28.52#29.76#41.72
-92.6179,36.0606#28.42#29.8#41.78
-92.5625,36.0598#28.32#29.83#41.85
-92.5071,36.059#28.22#29.86#41.92
-92.4517,36.0581#28.15#29.92#41.93
-92.3963,36.0573#28.07#29.97#41.96
-92.3409,36.0564#28#30.02#41.98
-92.2855,36.0555#27.93#30.08#41.99
-92.2301,36.0546#27.86#30.13#42.01
-92.1747,36.0537#27.79#30.19#42.02
-92.1193,36.0528#27.72#30.24#42.04
-92.0639,36.0518#27.64#30.29#42.07
-92.0085,36.0508#27.57#30.35#42.08
-91.9531,36.0498#27.52#30.41#42.07
-91.8977,36.0488#27.47#30.48#42.05
-91.8423,36.0478#27.42#30.54#42.04
-91.7869,36.0467#27.38#30.61#42.01
-91.7315,36.0457#27.33#30.67#42
-91.6761,36.0446#27.28#30.74#41.98
-91.6207,36.0435#27.23#30.8#41.97
-91.5653,36.0423#27.18#30.87#41.95
-91.51,36.0412#27.13#30.93#41.94
-91.4546,36.04#27.16#31.01#41.83
-91.3992,36.0388#27.21#31.08#41.71
-91.3438,36.0376#27.26#31.16#41.58
-91.2884,36.0364#27.31#31.24#41.45
-91.233,36.0352#27.36#31.32#41.32
-91.1777,36.0339#27.4#31.39#41.21
-91.1223,36.0327#27.45#31.47#41.08
-91.0669,36.0314#27.5#31.55#40.95
-91.0115,36.0301#27.55#31.63#40.82
-90.9562,36.0287#27.61#31.7#40.69
-90.9008,36.0274#27.67#31.78#40.55
-90.8454,36.026#27.74#31.86#40.4
-90.7901,36.0247#27.8#31.94#40.26
-90.7347,36.0233#27.86#32.02#40.12
-90.6793,36.0218#27.93#32.1#39.97
-90.624,36.0204#27.99#32.18#39.83
-90.5686,36.0189#28.05#32.26#39.69
-90.5132,36.0175#28.12#32.33#39.55
-90.4579,36.016#28.14#32.44#39.42
-90.4025,36.0145#28.16#32.55#39.29
-90.3472,36.0129#28.17#32.66#39.17
-90.2918,36.0114#28.19#32.76#39.05
-90.2364,36.0098#28.21#32.87#38.92
-90.1811,36.0082#28.22#32.98#38.8
-90.1257,36.0066#28.24#33.09#38.67
-90.0704,36.005#28.25#33.19#38.56
-90.015,36.0034#28.27#33.3#38.43
-89.9597,36.0017#28.26#33.41#38.33
-89.9044,36.0001#28.25#33.53#38.22
-89.849,35.9984#28.24#33.65#38.11
-89.7937,35.9966#28.23#33.76#38.01
-89.7383,35.9949#28.22#33.88#37.9
-89.683,35.9932#28.21#33.99#37.8
-89.6277,35.9914#28.2#34.11#37.69
-89.5723,35.9896#28.19#34.22#37.59
-89.517,35.9878#28.18#34.34#37.48
-89.4617,35.986#28.14#34.47#37.39
-89.4063,35.9842#28.09#34.62#37.29
-89.351,35.9823#28.03#34.77#37.2
-89.2957,35.9804#27.98#34.92#37.1
-89.2404,35.9785#27.93#35.07#37
-89.185,35.9766#27.87#35.22#36.91
-89.1297,35.9747#27.82#35.37#36.81
-89.0744,35.9727#27.76#35.52#36.72
-89.0191,35.9708#27.71#35.67#36.62
-88.9638,35.9688#27.68#35.82#36.5
-88.9085,35.9668#27.67#35.97#36.36
-88.8532,35.9648#27.67#36.12#36.21
-88.7978,35.9627#27.66#36.27#36.07
-88.7425,35.9607#27.65#36.43#35.92
-88.6872,35.9586#27.65#36.58#35.77
-88.6319,35.9565#27.64#36.73#35.63
-88.5766,35.9544#27.63#36.88#35.49
-88.5213,35.9522#27.62#37.03#35.35
-88.466,35.9501#27.64#37.19#35.17
-88.4108,35.9479#27.67#37.35#34.98
-88.3555,35.9457#27.7#37.51#34.79
-88.3002,35.9435#27.73#37.67#34.6
-88.2449,35.9413#27.76#37.83#34.41
-88.1896,35.9391#27.79#37.99#34.22
-88.1343,35.9368#27.83#38.16#34.01
-88.0791,35.9345#27.86#38.32#33.82
-88.0238,35.9322#27.89#38.48#33.63
-87.9685,35.9299#27.91#38.65#33.44
-87.9132,35.9276#27.92#38.83#33.25
-87.858,35.9252#27.94#39#33.06
-87.8027,35.9229#27.95#39.18#32.87
-87.7474,35.9205#27.97#39.36#32.67
-87.6922,35.9181#27.98#39.54#32.48
-87.6369,35.9157#27.99#39.71#32.3
-87.5816,35.9132#28.01#39.89#32.1
-87.5264,35.9108#28.02#40.06#31.92
-87.4711,35.9083#28.03#40.26#31.71
-87.4159,35.9058#28.03#40.47#31.5
-87.3606,35.9033#28.03#40.68#31.29
-87.3054,35.9007#28.03#40.89#31.08
-103.583,35.9024#37.55#29.01#33.44
-103.528,35.9052#37.72#29.01#33.27
-103.473,35.908#37.89#29.01#33.1
-103.418,35.9108#38.06#29.02#32.92
-103.362,35.9136#38.22#29.02#32.76
-103.307,35.9163#38.39#29.02#32.59
-103.252,35.9191#38.56#29.02#32.42
-103.197,35.9218#38.73#29.02#32.25
-103.141,35.9245#38.9#29.03#32.07
-103.086,35.9272#39.07#29.03#31.9
-103.031,35.9298#39.24#29.03#31.73
-102.976,35.9325#39.41#29.03#31.56
-102.92,35.9351#39.59#29.04#31.37
-102.865,35.9377#39.77#29.04#31.19
-102.81,35.9403#39.95#29.04#31.01
-102.755,35.9429#40.13#29.04#30.83
-102.699,35.9454#40.31#29.04#30.65
-102.644,35.948#40.49#29.05#30.46
-102.589,35.9505#40.67#29.05#30.28
-102.533,35.953#40.84#29.05#30.11
-102.478,35.9555#40.99#29.05#29.96
-102.423,35.9579#41.08#29.05#29.87
-102.368,35.9604#41.17#29.06#29.77
-102.312,35.9628#41.26#29.06#29.68
-102.257,35.9652#41.35#29.06#29.59
-102.202,35.9676#41.44#29.06#29.5
-102.146,35.9699#41.53#29.06#29.41
-102.091,35.9723#41.62#29.07#29.31
-102.036,35.9746#41.71#29.07#29.22
-101.981,35.9769#41.79#29.07#29.14
-101.925,35.9792#41.86#29.07#29.07
-101.87,35.9815#41.94#29.08#28.98
-101.815,35.9838#42.01#29.08#28.91
-101.759,35.986#42.09#29.08#28.83
-101.704,35.9883#42.16#29.08#28.76
-101.649,35.9905#42.23#29.08#28.69
-101.593,35.9926#42.31#29.09#28.6
-101.538,35.9948#42.38#29.09#28.53
-101.483,35.997#42.46#29.09#28.45
-101.428,35.9991#42.56#29.09#28.35
-101.372,36.0012#42.65#29.09#28.26
-101.317,36.0033#42.75#29.1#28.15
-101.262,36.0054#42.84#29.1#28.06
-101.206,36.0074#42.94#29.1#27.96
-101.151,36.0095#43.03#29.1#27.87
-101.096,36.0115#43.13#29.1#27.77
-101.04,36.0135#43.22#29.11#27.67
-100.985,36.0155#43.31#29.11#27.58
-100.93,36.0175#43.38#29.11#27.51
-100.874,36.0194#43.46#29.11#27.43
-100.819,36.0213#43.53#29.12#27.35
-100.764,36.0233#43.6#29.12#27.28
-100.708,36.0252#43.67#29.12#27.21
-100.653,36.027#43.74#29.12#27.14
-100.597,36.0289#43.82#29.12#27.06
-100.542,36.0307#43.89#29.13#26.98
-100.487,36.0326#43.94#29.13#26.93
-100.431,36.0344#43.92#29.13#26.95
-100.376,36.0361#43.91#29.13#26.96
-100.321,36.0379#43.89#29.13#26.98
-100.265,36.0397#43.87#29.14#26.99
-100.21,36.0414#43.86#29.14#27
-100.155,36.0431#43.84#29.14#27.02
-100.099,36.0448#43.82#29.14#27.04
-100.044,36.0465#43.81#29.15#27.04
-99.9885,36.0481#43.77#29.16#27.07
-99.9332,36.0498#43.62#29.2#27.18
-99.8778,36.0514#43.48#29.24#27.28
-99.8224,36.053#43.34#29.28#27.38
-99.767,36.0546#43.19#29.32#27.49
-99.7117,36.0561#43.05#29.36#27.59
-99.6563,36.0577#42.9#29.4#27.7
-99.6009,36.0592#42.76#29.44#27.8
-99.5455,36.0607#42.62#29.48#27.9
-99.4901,36.0622#42.47#29.52#28.01
-99.4347,36.0637#42.32#29.57#28.11
-99.3794,36.0651#42.16#29.62#28.22
-99.324,36.0666#42.01#29.67#28.32
-99.2686,36.068#41.86#29.72#28.42
-99.2132,36.0694#41.71#29.77#28.52
-99.1578,36.0708#41.55#29.81#28.64
-99.1024,36.0722#41.4#29.86#28.74
-99.047,36.0735#41.25#29.91#28.84
-98.9916,36.0748#41.1#29.96#28.94
-98.9362,36.0761#40.98#29.98#29.04
-98.8808,36.0774#40.86#30.01#29.13
-98.8254,36.0787#40.74#30.04#29.22
-98.77,36.08#40.62#30.06#29.32
-98.7146,36.0812#40.5#30.09#29.41
-98.6592,36.0824#40.39#30.11#29.5
-98.6038,36.0836#40.27#30.14#29.59
-98.5484,36.0848#40.15#30.16#29.69
-98.493,36.086#40.03#30.18#29.79
-98.4376,36.0871#39.91#30.14#29.95
-98.3822,36.0882#39.8#30.1#30.1
-98.3268,36.0893#39.68#30.06#30.26
-98.2714,36.0904#39.56#30.03#30.41
-98.2159,36.0915#39.44#29.99#30.57
-98.1605,36.0925#39.32#29.95#30.73
-98.1051,36.0936#39.21#29.91#30.88
-98.0497,36.0946#39.09#29.87#31.04
-97.9943,36.0956#38.98#29.83#31.19
-97.9389,36.0966#38.89#29.79#31.32
-97.8834,36.0975#38.8#29.74#31.46
-97.828,36.0985#38.7#29.7#31.6
-97.7726,36.0994#38.61#29.65#31.74
-97.7172,36.1003#38.52#29.61#31.87
-97.6618,36.1012#38.43#29.56#32.01
-97.6063,36.1021#38.34#29.52#32.14
-97.5509,36.1029#38.25#29.47#32.28
-97.4955,36.1038#38.16#29.43#32.41
-97.4401,36.1046#38.07#29.41#32.52
-97.3846,36.1054#37.97#29.4#32.63
-97.3292,36.1061#37.88#29.38#32.74
-97.2738,36.1069#37.79#29.37#32.84
-97.2183,36.1077#37.7#29.35#32.95
-97.1629,36.1084#37.6#29.33#33.07
-97.1075,36.1091#37.51#29.32#33.17
-97.0521,36.1098#37.42#29.3#33.28
-96.9966,36.1104#37.33#29.29#33.38
-96.9412,36.1111#37.23#29.29#33.48
-96.8858,36.1117#37.13#29.28#33.59
-96.8303,36.1123#37.04#29.28#33.68
-96.7749,36.1129#36.94#29.27#33.79
-96.7195,36.1135#36.85#29.27#33.88
-96.664,36.1141#36.75#29.26#33.99
-96.6086,36.1146#36.66#29.26#34.08
-96.5531,36.1151#36.56#29.26#34.18
-96.4977,36.1156#36.47#29.25#34.28
-96.4423,36.1161#36.37#29.25#34.38
-96.3868,36.1166#36.27#29.25#34.48
-96.3314,36.117#36.17#29.25#34.58
-96.276,36.1175#36.07#29.25#34.68
-96.2205,36.1179#35.98#29.25#34.77
-96.1651,36.1183#35.88#29.25#34.87
-96.1096,36.1186#35.78#29.25#34.97
-96.0542,36.119#35.68#29.25#35.07
-95.9987,36.1193#35.58#29.25#35.17
-95.9433,36.1197#35.48#29.26#35.26
-95.8879,36.12#35.38#29.26#35.36
-95.8324,36.1202#35.28#29.26#35.46
-95.777,36.1205#35.17#29.26#35.57
-95.7215,36.1208#35.07#29.26#35.67
-95.6661,36.121#34.97#29.27#35.76
-95.6107,36.1212#34.87#29.27#35.86
-95.5552,36.1214#34.77#29.27#35.96
-95.4998,36.1216#34.66#29.27#36.07
-95.4443,36.1217#34.55#29.27#36.18
-95.3889,36.1219#34.44#29.28#36.28
-95.3334,36.122#34.33#29.28#36.39
-95.278,36.1221#34.22#29.28#36.5
-95.2225,36.1222#34.11#29.28#36.61
-95.1671,36.1222#34#29.28#36.72
-95.1117,36.1223#33.89#29.29#36.82
-95.0562,36.1223#33.78#29.29#36.93
-95.0008,36.1223#33.67#29.29#37.04
-94.9453,36.1223#33.53#29.29#37.18
-94.8899,36.1223#33.4#29.3#37.3
-94.8344,36.1222#33.27#29.3#37.43
-94.779,36.1222#33.13#29.3#37.57
-94.7235,36.1221#33#29.31#37.69
-94.6681,36.122#32.87#29.31#37.82
-94.6127,36.1219#32.73#29.31#37.96
-94.5572,36.1217#32.6#29.31#38.09
-94.5018,36.1216#32.47#29.32#38.21
-94.4463,36.1214#32.33#29.32#38.35
-94.3909,36.1212#32.2#29.32#38.48
-94.3354,36.121#32.06#29.32#38.62
-94.28,36.1208#31.93#29.33#38.74
-94.2246,36.1205#31.79#29.33#38.88
-94.1691,36.1203#31.66#29.33#39.01
-94.1137,36.12#31.52#29.34#39.14
-94.0582,36.1197#31.39#29.34#39.27
-94.0028,36.1193#31.25#29.34#39.41
-93.9473,36.119#31.13#29.35#39.52
-93.8919,36.1187#31#29.35#39.65
-93.8365,36.1183#30.87#29.36#39.77
-93.781,36.1179#30.75#29.37#39.88
-93.7256,36.1175#30.62#29.37#40.01
-93.6701,36.117#30.5#29.38#40.12
-93.6147,36.1166#30.37#29.39#40.24
-93.5593,36.1161#30.25#29.39#40.36
-93.5038,36.1156#30.12#29.4#40.48
-93.4484,36.1151#30#29.42#40.58
-93.3929,36.1146#29.88#29.44#40.68
-93.3375,36.1141#29.76#29.46#40.78
-93.2821,36.1135#29.64#29.48#40.88
-93.2266,36.1129#29.51#29.5#40.99
-93.1712,36.1123#29.39#29.52#41.09
-93.1158,36.1117#29.27#29.54#41.19
-93.0603,36.1111#29.15#29.56#41.29
-93.0049,36.1105#29.03#29.58#41.39
-92.9495,36.1098#28.93#29.61#41.46
-92.894,36.1091#28.83#29.65#41.52
-92.8386,36.1084#28.74#29.69#41.57
-92.7832,36.1077#28.64#29.73#41.63
-92.7278,36.1069#28.55#29.76#41.69
-92.6723,36.1062#28.45#29.8#41.75
-92.6169,36.1054#28.35#29.84#41.81
-92.5615,36.1046#28.26#29.87#41.87
-92.506,36.1038#28.16#29.91#41.93
-92.4506,36.1029#28.09#29.96#41.95
-92.3952,36.1021#28.02#30.02#41.96
-92.3398,36.1012#27.95#30.08#41.97
-92.2843,36.1003#27.89#30.13#41.98
-92.2289,36.0994#27.82#30.19#41.99
-92.1735,36.0985#27.75#30.25#42
-92.1181,36.0976#27.68#30.3#42.02
-92.0627,36.0966#27.62#30.36#42.02
-92.0072,36.0956#27.55#30.42#42.03
-91.9518,36.0946#27.5#30.48#42.02
-91.8964,36.0936#27.46#30.55#41.99
-91.841,36.0926#27.41#30.61#41.98
-91.7856,36.0915#27.36#30.68#41.96
-91.7302,36.0905#27.32#30.74#41.94
-91.6748,36.0894#27.27#30.81#41.92
-91.6194,36.0883#27.23#30.87#41.9
-91.5639,36.0871#27.18#30.94#41.88
-91.5085,36.086#27.14#31#41.86
-91.4531,36.0848#27.17#31.08#41.75
-91.3977,36.0836#27.22#31.16#41.62
-91.3423,36.0824#27.27#31.24#41.49
-91.2869,36.0812#27.32#31.32#41.36
-91.2315,36.08#27.37#31.4#41.23
-91.1761,36.0787#27.42#31.47#41.11
-91.1207,36.0775#27.47#31.55#40.98
-91.0653,36.0762#27.52#31.63#40.85
-91.0099,36.0749#27.57#31.71#40.72
-90.9545,36.0735#27.63#31.79#40.58
-90.8991,36.0722#27.69#31.87#40.44
-90.8437,36.0708#27.76#31.95#40.29
-90.7883,36.0694#27.82#32.03#40.15
-90.7329,36.068#27.89#32.11#40
-90.6776,36.0666#27.95#32.19#39.86
-90.6222,36.0652#28.02#32.27#39.71
-90.5668,36.0637#28.08#32.35#39.57
-90.5114,36.0623#28.15#32.43#39.42
-90.456,36.0608#28.17#32.54#39.29
-90.4006,36.0593#28.19#32.65#39.16
-90.3453,36.0577#28.2#32.77#39.03
-90.2899,36.0562#28.22#32.89#38.89
-90.2345,36.0546#28.23#33#38.77
-90.1791,36.053#28.25#33.12#38.63
-90.1238,36.0514#28.27#33.23#38.5
-90.0684,36.0498#28.28#33.34#38.38
-90.013,36.0482#28.3#33.46#38.24
-89.9576,36.0465#28.29#33.58#38.13
-89.9023,36.0448#28.29#33.7#38.01
-89.8469,36.0431#28.28#33.82#37.9
-89.7915,36.0414#28.27#33.94#37.79
-89.7362,36.0397#28.26#34.06#37.68
-89.6808,36.038#28.25#34.18#37.57
-89.6255,36.0362#28.24#34.3#37.46
-89.5701,36.0344#28.23#34.42#37.35
-89.5148,36.0326#28.22#34.54#37.24
-89.4594,36.0308#28.18#34.68#37.14
-89.404,36.0289#28.13#34.83#37.04
-89.3487,36.0271#28.08#34.98#36.94
-89.2934,36.0252#28.02#35.13#36.85
-89.238,36.0233#27.97#35.28#36.75
-89.1827,36.0214#27.92#35.43#36.65
-89.1273,36.0195#27.86#35.58#36.56
-89.072,36.0175#27.81#35.73#36.46
-89.0166,36.0156#27.75#35.88#36.37
-88.9613,36.0136#27.73#36.03#36.24
-88.906,36.0116#27.73#36.18#36.09
-88.8506,36.0095#27.72#36.33#35.95
-88.7953,36.0075#27.71#36.48#35.81
-88.74,36.0054#27.71#36.64#35.65
-88.6847,36.0034#27.7#36.79#35.51
-88.6293,36.0013#27.69#36.94#35.37
-88.574,35.9992#27.69#37.09#35.22
-88.5187,35.997#27.68#37.24#35.08
-88.4634,35.9949#27.7#37.4#34.9
-88.4081,35.9927#27.73#37.56#34.71
-88.3528,35.9905#27.76#37.73#34.51
-88.2974,35.9883#27.79#37.89#34.32
-88.2421,35.9861#27.82#38.05#34.13
-88.1868,35.9838#27.85#38.21#33.94
-88.1315,35.9816#27.88#38.37#33.75
-88.0762,35.9793#27.91#38.53#33.56
-88.0209,35.977#27.94#38.69#33.37
-87.9656,35.9747#27.96#38.87#33.17
-87.9103,35.9724#27.97#39.06#32.97
-87.855,35.97#27.98#39.24#32.78
-87.7998,35.9676#28#39.42#32.58
-87.7445,35.9653#28.01#39.61#32.38
-87.6892,35.9628#28.02#39.79#32.19
-87.6339,35.9604#28.04#39.97#31.99
-87.5786,35.958#28.05#40.15#31.8
-87.5233,35.9555#28.06#40.33#31.61
-87.4681,35.953#28.07#40.53#31.4
-87.4128,35.9505#28.07#40.74#31.19
-87.3575,35.948#28.07#40.95#30.98
-87.3023,35.9455#28.06#41.16#30.78
-87.247,35.9429#28.06#41.37#30.57
-87.1917,35.9404#28.06#41.58#30.36
-87.1365,35.9378#28.06#41.79#30.15
-87.0812,35.9352#28.06#42#29.94
-87.026,35.9326#28.06#42.21#29.73
-86.9707,35.9299#28.06#42.41#29.53
-86.9155,35.9272#28.04#42.6#29.36
-86.8602,35.9246#28.03#42.8#29.17
-86.805,35.9219#28.02#42.99#28.99
-86.7497,35.9191#28.01#43.19#28.8
-86.6945,35.9164#28#43.39#28.61
-86.6393,35.9137#27.98#43.59#28.43
