-95.0612,44.9#27.73#46.22#26.05
-95.0008,44.9#27.73#46.29#25.98
-94.9404,44.9#27.71#46.32#25.97
-99.0473,44.9#26.41#32.73#40.86
-98.9869,44.9012#26.4#32.83#40.77
-98.9265,44.9025#26.4#33.02#40.58
-98.8662,44.9037#26.4#33.22#40.38
-98.8058,44.9049#26.4#33.41#40.19
-98.7454,44.9061#26.4#33.6#40
-98.6851,44.9073#26.4#33.8#39.8
-98.6247,44.9084#26.4#33.99#39.61
-98.5643,44.9096#26.39#34.18#39.43
-98.504,44.9107#26.39#34.38#39.23
-98.4436,44.9118#26.4#34.58#39.02
-98.3832,44.9129#26.41#34.79#38.8
-98.3228,44.9139#26.42#34.99#38.59
-98.2625,44.915#26.43#35.2#38.37
-98.2021,44.916#26.44#35.4#38.16
-98.1417,44.917#26.45#35.61#37.94
-98.0813,44.918#26.46#35.82#37.72
-98.021,44.9189#26.47#36.02#37.51
-97.9606,44.9199#26.48#36.25#37.27
-97.9002,44.9208#26.5#36.48#37.02
-97.8398,44.9217#26.53#36.72#36.75
-97.7794,44.9226#26.55#36.95#36.5
-97.719,44.9235#26.57#37.19#36.24
-97.6586,44.9243#26.59#37.42#35.99
-97.5982,44.9251#26.61#37.66#35.73
-97.5379,44.9259#26.63#37.9#35.47
-97.4775,44.9267#26.65#38.14#35.21
-97.4171,44.9275#26.69#38.4#34.91
-97.3567,44.9283#26.72#38.66#34.62
-97.2963,44.929#26.75#38.92#34.33
-97.2359,44.9297#26.79#39.19#34.02
-97.1755,44.9304#26.82#39.45#33.73
-97.1151,44.9311#26.85#39.71#33.44
-97.0547,44.9317#26.88#39.97#33.15
-96.9943,44.9324#26.92#40.24#32.84
-96.9339,44.933#26.95#40.58#32.47
-96.8735,44.9336#26.98#40.93#32.09
-96.8131,44.9342#27.01#41.27#31.72
-96.7527,44.9347#27.04#41.62#31.34
-96.6923,44.9353#27.07#41.96#30.97
-96.6319,44.9358#27.1#42.31#30.59
-96.5715,44.9363#27.13#42.65#30.22
-96.5111,44.9368#27.16#42.99#29.85
-96.4507,44.9373#27.19#43.21#29.6
-96.3903,44.9377#27.23#43.39#29.38
-96.3299,44.9381#27.26#43.58#29.16
-96.2695,44.9386#27.29#43.77#28.94
-96.2091,44.9389#27.33#43.95#28.72
-96.1486,44.9393#27.36#44.14#28.5
-96.0882,44.9397#27.4#44.32#28.28
-96.0278,44.94#27.43#44.51#28.06
-95.9674,44.9403#27.46#44.67#27.87
-95.907,44.9406#27.48#44.8#27.72
-95.8466,44.9409#27.51#44.94#27.55
-95.7862,44.9411#27.53#45.07#27.4
-95.7258,44.9414#27.56#45.21#27.23
-95.6654,44.9416#27.58#45.35#27.07
-95.605,44.9418#27.61#45.48#26.91
-95.5445,44.942#27.63#45.62#26.75
-95.4841,44.9421#27.65#45.73#26.62
-95.4237,44.9423#27.66#45.81#26.53
-95.3633,44.9424#27.66#45.88#26.46
-95.3029,44.9425#27.67#45.95#26.38
-95.2425,44.9426#27.68#46.02#26.3
-95.1821,44.9427#27.69#46.09#26.22
-95.1217,44.9427#27.69#46.17#26.14
-95.0612,44.9428#27.7#46.24#26.06
-95.0008,44.9428#27.71#46.31#25.98
-94.9404,44.9428#27.69#46.34#25.97
-94.88,44.9427#27.67#46.36#25.97
-94.8196,44.9427#27.66#46.39#25.95
-94.7592,44.9426#27.64#46.42#25.94
-94.6988,44.9425#27.62#46.45#25.93
-94.6384,44.9424#27.61#46.47#25.92
-94.5779,44.9423#27.59#46.5#25.91
-94.5175,44.9422#27.57#46.53#25.9
-94.4571,44.942#27.54#46.53#25.93
-94.3967,44.9418#27.5#46.52#25.98
-94.3363,44.9416#27.47#46.51#26.02
-94.2759,44.9414#27.43#46.5#26.07
-94.2155,44.9412#27.39#46.49#26.12
-94.1551,44.9409#27.36#46.48#26.16
-94.0947,44.9406#27.32#46.47#26.21
-94.0343,44.9403#27.29#46.46#26.25
-93.9738,44.94#27.24#46.43#26.33
-93.9134,44.9397#27.18#46.38#26.44
-93.853,44.9393#27.13#46.32#26.55
-93.7926,44.939#27.07#46.26#26.67
-93.7322,44.9386#27.01#46.21#26.78
-93.6718,44.9382#26.96#46.15#26.89
-93.6114,44.9377#26.9#46.09#27.01
-93.551,44.9373#26.84#46.04#27.12
-93.4906,44.9368#26.79#45.98#27.23
-93.4302,44.9363#26.74#45.9#27.36
-93.3698,44.9358#26.69#45.82#27.49
-93.3094,44.9353#26.64#45.74#27.62
-93.249,44.9348#26.59#45.66#27.75
-93.1886,44.9342#26.54#45.58#27.88
-93.1282,44.9336#26.49#45.5#28.01
-93.0678,44.933#26.44#45.42#28.14
-93.0074,44.9324#26.4#45.34#28.26
-92.947,44.9318#26.37#45.17#28.46
-92.8866,44.9311#26.35#44.99#28.66
-92.8262,44.9304#26.32#44.8#28.88
-92.7658,44.9297#26.3#44.62#29.08
-92.7054,44.929#26.28#44.44#29.28
-92.645,44.9283#26.26#44.25#29.49
-92.5846,44.9275#26.23#44.07#29.7
-92.5242,44.9268#26.21#43.89#29.9
-92.4638,44.926#26.2#43.7#30.1
-92.4034,44.9252#26.19#43.5#30.31
-92.343,44.9243#26.18#43.31#30.51
-92.2826,44.9235#26.17#43.12#30.71
-92.2223,44.9226#26.16#42.93#30.91
-92.1619,44.9217#26.15#42.74#31.11
-92.1015,44.9208#26.15#42.55#31.3
-92.0411,44.9199#26.14#42.36#31.5
-91.9807,44.919#26.13#42.14#31.73
-91.9203,44.918#26.13#41.87#32
-91.86,44.917#26.13#41.6#32.27
-91.7996,44.916#26.13#41.33#32.54
-91.7392,44.915#26.13#41.07#32.8
-91.6788,44.914#26.13#40.8#33.07
-91.6184,44.9129#26.13#40.53#33.34
-91.5581,44.9118#26.13#40.26#33.61
-91.4977,44.9107#26.14#39.99#33.87
-91.4373,44.9096#26.22#39.75#34.03
-91.377,44.9085#26.3#39.5#34.2
-91.3166,44.9073#26.38#39.26#34.36
-91.2562,44.9062#26.47#39.02#34.51
-91.1959,44.905#26.55#38.77#34.68
-91.1355,44.9038#26.64#38.53#34.83
-91.0751,44.9025#26.72#38.28#35
-91.0148,44.9013#26.8#38.04#35.16
-90.9544,44.9#26.9#37.81#35.29
-100.679,44.9013#27.12#31.13#41.75
-100.618,44.9031#27.07#31.16#41.77
-100.558,44.9049#27.01#31.2#41.79
-100.498,44.9066#26.96#31.24#41.8
-100.437,44.9083#26.91#31.29#41.8
-100.377,44.91#26.87#31.34#41.79
-100.317,44.9117#26.83#31.38#41.79
-100.256,44.9134#26.78#31.43#41.79
-100.196,44.915#26.74#31.48#41.78
-100.136,44.9167#26.7#31.53#41.77
-100.075,44.9183#26.66#31.57#41.77
-100.015,44.9199#26.61#31.62#41.77
-99.9547,44.9214#26.59#31.68#41.73
-99.8943,44.923#26.58#31.75#41.67
-99.8339,44.9245#26.56#31.81#41.63
-99.7736,44.926#26.54#31.87#41.59
-99.7132,44.9275#26.53#31.94#41.53
-99.6528,44.929#26.51#32#41.49
-99.5925,44.9305#26.49#32.06#41.45
-99.5321,44.9319#26.48#32.13#41.39
-99.4717,44.9333#26.47#32.2#41.33
-99.4113,44.9347#26.46#32.28#41.26
-99.351,44.9361#26.45#32.35#41.2
-99.2906,44.9375#26.44#32.43#41.13
-99.2302,44.9388#26.43#32.51#41.06
-99.1698,44.9402#26.42#32.59#40.99
-99.1094,44.9415#26.42#32.66#40.92
-99.0491,44.9427#26.41#32.74#40.85
-98.9887,44.944#26.4#32.84#40.76
-98.9283,44.9453#26.4#33.04#40.56
-98.8679,44.9465#26.4#33.23#40.37
-98.8075,44.9477#26.4#33.43#40.17
-98.7471,44.9489#26.4#33.62#39.98
-98.6867,44.9501#26.4#33.82#39.78
-98.6263,44.9512#26.4#34.02#39.58
-98.5659,44.9523#26.4#34.21#39.39
-98.5055,44.9535#26.4#34.41#39.19
-98.4451,44.9546#26.41#34.62#38.97
-98.3847,44.9556#26.42#34.83#38.75
-98.3243,44.9567#26.43#35.04#38.53
-98.2639,44.9577#26.44#35.25#38.31
-98.2035,44.9588#26.45#35.46#38.09
-98.1431,44.9598#26.46#35.67#37.87
-98.0827,44.9607#26.47#35.88#37.65
-98.0223,44.9617#26.48#36.09#37.43
-97.9619,44.9626#26.49#36.32#37.19
-97.9015,44.9636#26.51#36.56#36.93
-97.8411,44.9645#26.53#36.79#36.68
-97.7807,44.9654#26.55#37.03#36.42
-97.7202,44.9662#26.58#37.27#36.15
-97.6598,44.9671#26.6#37.5#35.9
-97.5994,44.9679#26.62#37.74#35.64
-97.539,44.9687#26.64#37.98#35.38
-97.4786,44.9695#26.66#38.23#35.11
-97.4182,44.9703#26.69#38.49#34.82
-97.3577,44.971#26.72#38.76#34.52
-97.2973,44.9718#26.75#39.03#34.22
-97.2369,44.9725#26.78#39.3#33.92
-97.1765,44.9732#26.81#39.56#33.63
-97.116,44.9738#26.84#39.83#33.33
-97.0556,44.9745#26.87#40.1#33.03
-96.9952,44.9751#26.9#40.37#32.73
-96.9348,44.9758#26.93#40.71#32.36
-96.8743,44.9764#26.96#41.06#31.98
-96.8139,44.9769#26.99#41.4#31.61
-96.7535,44.9775#27.01#41.74#31.25
-96.693,44.9781#27.04#42.09#30.87
-96.6326,44.9786#27.07#42.43#30.5
-96.5722,44.9791#27.1#42.77#30.13
-96.5118,44.9796#27.13#43.12#29.75
-96.4513,44.98#27.16#43.33#29.51
-96.3909,44.9805#27.19#43.51#29.3
-96.3305,44.9809#27.22#43.69#29.09
-96.27,44.9813#27.25#43.87#28.88
-96.2096,44.9817#27.28#44.06#28.66
-96.1492,44.9821#27.31#44.24#28.45
-96.0887,44.9824#27.34#44.42#28.24
-96.0283,44.9828#27.37#44.6#28.03
-95.9678,44.9831#27.4#44.75#27.85
-95.9074,44.9834#27.43#44.88#27.69
-95.847,44.9837#27.45#45.01#27.54
-95.7865,44.9839#27.48#45.14#27.38
-95.7261,44.9842#27.5#45.28#27.22
-95.6657,44.9844#27.53#45.41#27.06
-95.6052,44.9846#27.56#45.54#26.9
-95.5448,44.9848#27.58#45.67#26.75
-95.4843,44.9849#27.6#45.78#26.62
-95.4239,44.9851#27.61#45.85#26.54
-95.3635,44.9852#27.62#45.92#26.46
-95.303,44.9853#27.64#45.99#26.37
-95.2426,44.9854#27.65#46.05#26.3
-95.1822,44.9854#27.66#46.12#26.22
-95.1217,44.9855#27.67#46.19#26.14
-95.0613,44.9855#27.68#46.26#26.06
-95.0008,44.9855#27.69#46.33#25.98
-94.9404,44.9855#27.67#46.35#25.98
-94.88,44.9855#27.66#46.37#25.97
-94.8195,44.9854#27.65#46.4#25.95
-94.7591,44.9854#27.63#46.42#25.95
-94.6986,44.9853#27.62#46.45#25.93
-94.6382,44.9852#27.6#46.47#25.93
-94.5778,44.9851#27.59#46.5#25.91
-94.5173,44.9849#27.58#46.52#25.9
-94.4569,44.9848#27.55#46.52#25.93
-94.3964,44.9846#27.51#46.51#25.98
-94.336,44.9844#27.48#46.49#26.03
-94.2756,44.9842#27.44#46.48#26.08
-94.2151,44.9839#27.41#46.46#26.13
-94.1547,44.9837#27.37#46.45#26.18
-94.0943,44.9834#27.34#46.43#26.23
-94.0338,44.9831#27.3#46.42#26.28
-93.9734,44.9828#27.26#46.38#26.36
-93.913,44.9824#27.2#46.32#26.48
-93.8525,44.9821#27.15#46.26#26.59
-93.7921,44.9817#27.1#46.2#26.7
-93.7316,44.9813#27.04#46.14#26.82
-93.6712,44.9809#26.99#46.07#26.94
-93.6108,44.9805#26.94#46.01#27.05
-93.5503,44.98#26.88#45.95#27.17
-93.4899,44.9796#26.83#45.89#27.28
-93.4295,44.9791#26.78#45.81#27.41
-93.3691,44.9786#26.73#45.73#27.54
-93.3086,44.9781#26.67#45.65#27.68
-93.2482,44.9775#26.62#45.57#27.81
-93.1878,44.977#26.57#45.5#27.93
-93.1273,44.9764#26.52#45.42#28.06
-93.0669,44.9758#26.47#45.34#28.19
-93.0065,44.9752#26.42#45.26#28.32
-92.9461,44.9745#26.39#45.08#28.53
-92.8856,44.9739#26.37#44.89#28.74
-92.8252,44.9732#26.34#44.7#28.96
-92.7648,44.9725#26.32#44.51#29.17
-92.7044,44.9718#26.29#44.31#29.4
-92.6439,44.971#26.27#44.12#29.61
-92.5835,44.9703#26.24#43.93#29.83
-92.5231,44.9695#26.22#43.74#30.04
-92.4627,44.9687#26.2#43.54#30.26
-92.4023,44.9679#26.2#43.33#30.47
-92.3418,44.9671#26.19#43.13#30.68
-92.2814,44.9662#26.18#42.92#30.9
-92.221,44.9654#26.17#42.72#31.11
-92.1606,44.9645#26.16#42.51#31.33
-92.1002,44.9636#26.15#42.31#31.54
-92.0398,44.9627#26.14#42.1#31.76
-91.9794,44.9617#26.13#41.88#31.99
-91.919,44.9608#26.13#41.62#32.25
-91.8586,44.9598#26.13#41.35#32.52
-91.7981,44.9588#26.13#41.09#32.78
-91.7377,44.9578#26.13#40.82#33.05
-91.6773,44.9567#26.13#40.56#33.31
-91.6169,44.9557#26.13#40.29#33.58
-91.5565,44.9546#26.13#40.03#33.84
-91.4961,44.9535#26.14#39.77#34.09
-91.4357,44.9524#26.21#39.52#34.27
-91.3753,44.9512#26.29#39.28#34.43
-91.3149,44.9501#26.37#39.04#34.59
-91.2546,44.9489#26.45#38.8#34.75
-91.1942,44.9477#26.53#38.56#34.91
-91.1338,44.9465#26.61#38.32#35.07
-91.0734,44.9453#26.69#38.08#35.23
-91.013,44.944#26.77#37.83#35.4
-90.9526,44.9428#26.87#37.6#35.53
-90.8922,44.9415#26.98#37.37#35.65
-90.8318,44.9402#27.08#37.14#35.78
-90.7715,44.9389#27.18#36.91#35.91
-90.7111,44.9375#27.28#36.68#36.04
-90.6507,44.9362#27.39#36.45#36.16
-90.5903,44.9348#27.49#36.22#36.29
-90.5299,44.9334#27.6#35.99#36.41
-90.4696,44.932#27.7#35.75#36.55
-90.4092,44.9305#27.8#35.52#36.68
-90.3488,44.9291#27.91#35.29#36.8
-90.2885,44.9276#28.02#35.05#36.93
-90.2281,44.9261#28.12#34.82#37.06
-90.1677,44.9246#28.23#34.58#37.19
-90.1074,44.923#28.33#34.35#37.32
-90.047,44.9215#28.44#34.12#37.44
-89.9867,44.9199#28.54#33.88#37.58
-89.9263,44.9183#28.64#33.64#37.72
-89.8659,44.9167#28.74#33.4#37.86
-89.8056,44.9151#28.83#33.16#38.01
-89.7452,44.9134#28.93#32.92#38.15
-89.6849,44.9118#29.02#32.68#38.3
-89.6246,44.9101#29.12#32.44#38.44
-89.5642,44.9084#29.21#32.21#38.58
-89.5039,44.9067#29.3#31.97#38.73
-89.4435,44.9049#29.36#31.73#38.91
-89.3832,44.9032#29.41#31.5#39.09
-89.3229,44.9014#29.46#31.27#39.27
-102.009,44.9#28.12#30.31#41.57
-101.948,44.9023#28.08#30.35#41.57
-101.888,44.9044#28.04#30.39#41.57
-101.828,44.9066#28#30.44#41.56
-101.767,44.9087#27.96#30.48#41.56
-101.707,44.9109#27.93#30.53#41.54
-101.647,44.913#27.89#30.57#41.54
-101.586,44.9151#27.85#30.61#41.54
-101.526,44.9171#27.81#30.66#41.53
-101.466,44.9192#27.77#30.69#41.54
-101.405,44.9212#27.72#30.72#41.56
-101.345,44.9232#27.67#30.75#41.58
-101.285,44.9252#27.62#30.78#41.6
-101.224,44.9272#27.57#30.8#41.63
-101.164,44.9291#27.52#30.83#41.65
-101.104,44.9311#27.48#30.86#41.66
-101.043,44.933#27.43#30.89#41.68
-100.983,44.9349#27.38#30.92#41.7
-100.923,44.9368#27.32#30.96#41.72
-100.862,44.9386#27.26#31#41.74
-100.802,44.9404#27.21#31.04#41.75
-100.742,44.9423#27.15#31.08#41.77
-100.681,44.9441#27.09#31.12#41.79
-100.621,44.9459#27.04#31.16#41.8
-100.561,44.9476#26.98#31.2#41.82
-100.5,44.9494#26.93#31.24#41.83
-100.44,44.9511#26.88#31.29#41.83
-100.38,44.9528#26.84#31.34#41.82
-100.319,44.9545#26.8#31.39#41.81
-100.259,44.9561#26.76#31.44#41.8
-100.198,44.9578#26.72#31.49#41.79
-100.138,44.9594#26.68#31.54#41.78
-100.078,44.961#26.64#31.59#41.77
-100.017,44.9626#26.6#31.64#41.76
-99.9569,44.9642#26.58#31.7#41.72
-99.8965,44.9657#26.56#31.76#41.68
-99.8361,44.9673#26.55#31.83#41.62
-99.7757,44.9688#26.53#31.89#41.58
-99.7153,44.9703#26.52#31.95#41.53
-99.6549,44.9718#26.5#32.02#41.48
-99.5945,44.9732#26.49#32.08#41.43
-99.5341,44.9747#26.47#32.14#41.39
-99.4737,44.9761#26.46#32.21#41.33
-99.4133,44.9775#26.45#32.29#41.26
-99.3529,44.9789#26.44#32.37#41.19
-99.2925,44.9802#26.43#32.44#41.13
-99.2321,44.9816#26.43#32.52#41.05
-99.1717,44.9829#26.42#32.6#40.98
-99.1113,44.9842#26.41#32.68#40.91
-99.0509,44.9855#26.4#32.75#40.85
-98.9905,44.9868#26.4#32.85#40.75
-98.93,44.988#26.4#33.05#40.55
-98.8696,44.9892#26.4#33.25#40.35
-98.8092,44.9904#26.4#33.44#40.16
-98.7488,44.9916#26.4#33.64#39.96
-98.6884,44.9928#26.4#33.84#39.76
-98.6279,44.994#26.4#34.04#39.56
-98.5675,44.9951#26.4#34.24#39.36
-98.5071,44.9962#26.4#34.44#39.16
-98.4467,44.9973#26.41#34.65#38.94
-98.3862,44.9984#26.42#34.87#38.71
-98.3258,44.9994#26.43#35.08#38.49
-98.2654,45.0005#26.44#35.3#38.26
-98.205,45.0015#26.45#35.51#38.04
-98.1445,45.0025#26.46#35.73#37.81
-98.0841,45.0035#26.47#35.94#37.59
-98.0236,45.0045#26.49#36.16#37.35
-97.9632,45.0054#26.5#36.39#37.11
-97.9028,45.0063#26.52#36.63#36.85
-97.8423,45.0072#26.54#36.87#36.59
-97.7819,45.0081#26.56#37.11#36.33
-97.7215,45.009#26.58#37.35#36.07
-97.661,45.0098#26.6#37.59#35.81
-97.6006,45.0107#26.63#37.83#35.54
-97.5401,45.0115#26.65#38.06#35.29
-97.4797,45.0123#26.67#38.32#35.01
-97.4192,45.013#26.7#38.59#34.71
-97.3588,45.0138#26.72#38.86#34.42
-97.2983,45.0145#26.75#39.13#34.12
-97.2379,45.0152#26.78#39.4#33.82
-97.1774,45.0159#26.8#39.68#33.52
-97.117,45.0166#26.83#39.95#33.22
-97.0565,45.0173#26.86#40.22#32.92
-96.9961,45.0179#26.88#40.5#32.62
-96.9356,45.0185#26.91#40.84#32.25
-96.8752,45.0191#26.94#41.19#31.87
-96.8147,45.0197#26.96#41.53#31.51
-96.7543,45.0203#26.99#41.87#31.14
-96.6938,45.0208#27.02#42.21#30.77
-96.6333,45.0213#27.04#42.56#30.4
-96.5729,45.0218#27.07#42.9#30.03
-96.5124,45.0223#27.1#43.24#29.66
-96.452,45.0228#27.12#43.45#29.43
-96.3915,45.0232#27.15#43.63#29.22
-96.3311,45.0237#27.18#43.81#29.01
-96.2706,45.0241#27.21#43.98#28.81
-96.2101,45.0245#27.23#44.16#28.61
-96.1497,45.0248#27.26#44.33#28.41
-96.0892,45.0252#27.29#44.51#28.2
-96.0287,45.0255#27.32#44.69#27.99
-95.9683,45.0258#27.34#44.84#27.82
-95.9078,45.0261#27.37#44.96#27.67
-95.8474,45.0264#27.4#45.09#27.51
-95.7869,45.0267#27.42#45.22#27.36
-95.7264,45.0269#27.45#45.34#27.21
-95.666,45.0271#27.48#45.47#27.05
-95.6055,45.0273#27.51#45.59#26.9
-95.545,45.0275#27.53#45.72#26.75
-95.4846,45.0277#27.56#45.83#26.61
-95.4241,45.0278#27.57#45.89#26.54
-95.3636,45.0279#27.58#45.96#26.46
-95.3032,45.028#27.6#46.02#26.38
-95.2427,45.0281#27.61#46.09#26.3
-95.1822,45.0282#27.63#46.15#26.22
-95.1218,45.0282#27.64#46.21#26.15
-95.0613,45.0283#27.65#46.28#26.07
-95.0008,45.0283#27.67#46.34#25.99
-94.9404,45.0283#27.66#46.36#25.98
-94.8799,45.0283#27.65#46.39#25.96
-94.8194,45.0282#27.64#46.41#25.95
-94.759,45.0281#27.62#46.43#25.95
-94.6985,45.0281#27.61#46.45#25.94
-94.638,45.0279#27.6#46.47#25.93
-94.5776,45.0278#27.59#46.49#25.92
-94.5171,45.0277#27.58#46.52#25.9
-94.4566,45.0275#27.56#46.51#25.93
-94.3962,45.0273#27.52#46.49#25.99
-94.3357,45.0271#27.49#46.47#26.04
-94.2752,45.0269#27.45#46.45#26.1
-94.2148,45.0267#27.42#46.43#26.15
-94.1543,45.0264#27.39#46.41#26.2
-94.0939,45.0261#27.35#46.4#26.25
-94.0334,45.0259#27.32#46.38#26.3
-93.9729,45.0255#27.28#46.34#26.38
-93.9125,45.0252#27.23#46.27#26.5
-93.852,45.0249#27.17#46.2#26.63
-93.7915,45.0245#27.12#46.13#26.75
-93.7311,45.0241#27.07#46.06#26.87
-93.6706,45.0237#27.02#46#26.98
-93.6102,45.0233#26.97#45.93#27.1
-93.5497,45.0228#26.92#45.86#27.22
-93.4892,45.0223#26.87#45.79#27.34
-93.4288,45.0219#26.81#45.72#27.47
-93.3683,45.0213#26.76#45.64#27.6
-93.3079,45.0208#26.71#45.56#27.73
-93.2474,45.0203#26.65#45.49#27.86
-93.187,45.0197#26.6#45.41#27.99
-93.1265,45.0191#26.55#45.34#28.11
-93.066,45.0185#26.5#45.26#28.24
-93.0056,45.0179#26.44#45.18#28.38
-92.9451,45.0173#26.41#44.99#28.6
-92.8847,45.0166#26.39#44.79#28.82
-92.8242,45.0159#26.36#44.59#29.05
-92.7638,45.0153#26.33#44.39#29.28
-92.7033,45.0145#26.31#44.19#29.5
-92.6429,45.0138#26.28#43.99#29.73
-92.5824,45.0131#26.25#43.8#29.95
-92.522,45.0123#26.23#43.6#30.17
-92.4615,45.0115#26.21#43.38#30.41
-92.4011,45.0107#26.2#43.16#30.64
-92.3407,45.0098#26.19#42.94#30.87
-92.2802,45.009#26.18#42.72#31.1
-92.2198,45.0081#26.17#42.5#31.33
-92.1593,45.0072#26.16#42.28#31.56
-92.0989,45.0063#26.15#42.07#31.78
-92.0385,45.0054#26.14#41.85#32.01
-91.978,45.0045#26.14#41.62#32.24
-91.9176,45.0035#26.14#41.36#32.5
-91.8572,45.0025#26.13#41.1#32.77
-91.7967,45.0015#26.13#40.84#33.03
-91.7363,45.0005#26.13#40.58#33.29
-91.6759,44.9995#26.13#40.32#33.55
-91.6154,44.9984#26.13#40.06#33.81
-91.555,44.9973#26.13#39.8#34.07
-91.4946,44.9962#26.13#39.54#34.33
-91.4341,44.9951#26.21#39.3#34.49
-91.3737,44.994#26.29#39.06#34.65
-91.3133,44.9928#26.36#38.83#34.81
-91.2529,44.9917#26.44#38.59#34.97
-91.1925,44.9905#26.51#38.35#35.14
-91.132,44.9893#26.59#38.11#35.3
-91.0716,44.988#26.67#37.87#35.46
-91.0112,44.9868#26.75#37.63#35.62
-90.9508,44.9855#26.84#37.39#35.77
-90.8904,44.9842#26.94#37.16#35.9
-90.83,44.9829#27.05#36.93#36.02
-90.7696,44.9816#27.15#36.7#36.15
-90.7092,44.9803#27.25#36.47#36.28
-90.6488,44.9789#27.35#36.24#36.41
-90.5884,44.9775#27.45#36.01#36.54
-90.528,44.9761#27.55#35.78#36.67
-90.4676,44.9747#27.66#35.55#36.79
-90.4072,44.9733#27.76#35.31#36.93
-90.3468,44.9718#27.86#35.08#37.06
-90.2864,44.9703#27.96#34.84#37.2
-90.226,44.9688#28.07#34.61#37.32
-90.1656,44.9673#28.17#34.38#37.45
-90.1052,44.9658#28.27#34.14#37.59
-90.0448,44.9642#28.38#33.91#37.71
-89.9844,44.9627#28.48#33.67#37.85
-89.924,44.9611#28.58#33.43#37.99
-89.8637,44.9595#28.68#33.19#38.13
-89.8033,44.9578#28.78#32.95#38.27
-89.7429,44.9562#28.88#32.71#38.41
-89.6825,44.9545#28.98#32.47#38.55
-89.6222,44.9528#29.08#32.23#38.69
-89.5618,44.9511#29.18#31.99#38.83
-89.5014,44.9494#29.28#31.76#38.96
-89.4411,44.9477#29.34#31.53#39.13
-89.3807,44.9459#29.4#31.3#39.3
-89.3203,44.9441#29.45#31.07#39.48
-89.26,44.9423#29.51#30.84#39.65
-89.1996,44.9405#29.57#30.61#39.82
-89.1393,44.9387#29.63#30.38#39.99
-89.0789,44.9368#29.68#30.16#40.16
-89.0186,44.9349#29.74#29.93#40.33
-88.9582,44.933#29.79#29.73#40.48
-88.8979,44.9311#29.85#29.54#40.61
-88.8375,44.9292#29.9#29.36#40.74
-88.7772,44.9272#29.95#29.17#40.88
-88.7168,44.9253#30.01#28.98#41.01
-88.6565,44.9233#30.06#28.8#41.14
-88.5962,44.9213#30.11#28.61#41.28
-88.5358,44.9192#30.16#28.42#41.42
-88.4755,44.9172#30.21#28.26#41.53
-88.4152,44.9151#30.27#28.14#41.59
-88.3549,44.913#30.32#28.01#41.67
-88.2946,44.9109#30.37#27.88#41.75
-88.2342,44.9088#30.43#27.76#41.81
-88.1739,44.9067#30.48#27.63#41.89
-88.1136,44.9045#30.53#27.5#41.97
-88.0533,44.9023#30.58#27.37#42.05
-87.993,44.9001#30.64#27.25#42.11
-103.037,44.9024#28.77#29.55#41.68
-102.977,44.905#28.75#29.58#41.67
-102.916,44.9075#28.71#29.61#41.68
-102.856,44.91#28.68#29.65#41.67
-102.796,44.9124#28.64#29.68#41.68
-102.736,44.9149#28.6#29.72#41.68
-102.675,44.9173#28.57#29.75#41.68
-102.615,44.9197#28.53#29.78#41.69
-102.555,44.9221#28.5#29.82#41.68
-102.494,44.9245#28.46#29.85#41.69
-102.434,44.9268#28.41#29.91#41.68
-102.374,44.9292#28.37#29.96#41.67
-102.313,44.9315#28.33#30.01#41.66
-102.253,44.9338#28.29#30.06#41.65
-102.193,44.9361#28.24#30.11#41.65
-102.132,44.9383#28.2#30.16#41.64
-102.072,44.9406#28.16#30.21#41.63
-102.012,44.9428#28.12#30.26#41.62
-101.951,44.945#28.08#30.31#41.61
-101.891,44.9472#28.04#30.35#41.61
-101.831,44.9493#28#30.4#41.6
-101.77,44.9515#27.96#30.44#41.6
-101.71,44.9536#27.92#30.49#41.59
-101.65,44.9557#27.88#30.53#41.59
-101.589,44.9578#27.84#30.58#41.58
-101.529,44.9599#27.8#30.63#41.57
-101.469,44.9619#27.75#30.66#41.59
-101.408,44.9639#27.7#30.69#41.61
-101.348,44.9659#27.65#30.72#41.63
-101.288,44.9679#27.6#30.75#41.65
-101.227,44.9699#27.55#30.78#41.67
-101.167,44.9719#27.5#30.81#41.69
-101.107,44.9738#27.45#30.85#41.7
-101.046,44.9757#27.4#30.88#41.72
-100.986,44.9776#27.35#30.91#41.74
-100.925,44.9795#27.29#30.95#41.76
-100.865,44.9813#27.23#30.99#41.78
-100.805,44.9832#27.18#31.03#41.79
-100.744,44.985#27.12#31.07#41.81
-100.684,44.9868#27.06#31.11#41.83
-100.623,44.9886#27.01#31.15#41.84
-100.563,44.9903#26.95#31.19#41.86
-100.503,44.9921#26.89#31.23#41.88
-100.442,44.9938#26.85#31.28#41.87
-100.382,44.9955#26.82#31.34#41.84
-100.322,44.9972#26.78#31.39#41.83
-100.261,44.9989#26.74#31.44#41.82
-100.201,45.0005#26.7#31.49#41.81
-100.14,45.0022#26.67#31.55#41.78
-100.08,45.0038#26.63#31.6#41.77
-100.019,45.0054#26.59#31.65#41.76
-99.9591,45.0069#26.57#31.71#41.72
-99.8987,45.0085#26.55#31.78#41.67
-99.8382,45.01#26.54#31.84#41.62
-99.7778,45.0115#26.52#31.9#41.58
-99.7174,45.013#26.51#31.97#41.52
-99.657,45.0145#26.49#32.03#41.48
-99.5966,45.016#26.48#32.1#41.42
-99.5361,45.0174#26.46#32.16#41.38
-99.4757,45.0188#26.45#32.23#41.32
-99.4153,45.0202#26.44#32.3#41.26
-99.3549,45.0216#26.44#32.38#41.18
-99.2944,45.023#26.43#32.46#41.11
-99.234,45.0243#26.42#32.54#41.04
-99.1736,45.0256#26.41#32.61#40.98
-99.1131,45.0269#26.41#32.69#40.9
-99.0527,45.0282#26.4#32.77#40.83
-98.9922,45.0295#26.39#32.86#40.75
-98.9318,45.0307#26.39#33.06#40.55
-98.8714,45.032#26.4#33.26#40.34
-98.8109,45.0332#26.4#33.46#40.14
-98.7505,45.0344#26.4#33.66#39.94
-98.69,45.0356#26.4#33.86#39.74
-98.6296,45.0367#26.4#34.06#39.54
-98.5691,45.0378#26.4#34.27#39.33
-98.5087,45.039#26.4#34.47#39.13
-98.4482,45.0401#26.41#34.69#38.9
-98.3878,45.0411#26.42#34.9#38.68
-98.3273,45.0422#26.44#35.12#38.44
-98.2668,45.0432#26.45#35.34#38.21
-98.2064,45.0442#26.46#35.57#37.97
-98.1459,45.0452#26.47#35.79#37.74
-98.0855,45.0462#26.48#36.01#37.51
-98.025,45.0472#26.5#36.23#37.27
-97.9645,45.0481#26.51#36.46#37.03
-97.9041,45.0491#26.53#36.7#36.77
-97.8436,45.05#26.55#36.94#36.51
-97.7831,45.0509#26.57#37.18#36.25
-97.7227,45.0517#26.59#37.43#35.98
-97.6622,45.0526#26.61#37.67#35.72
-97.6017,45.0534#26.63#37.91#35.46
-97.5413,45.0542#26.66#38.15#35.19
-97.4808,45.055#26.68#38.4#34.92
-97.4203,45.0558#26.7#38.68#34.62
-97.3598,45.0565#26.73#38.96#34.31
-97.2994,45.0573#26.75#39.24#34.01
-97.2389,45.058#26.77#39.51#33.72
-97.1784,45.0587#26.8#39.79#33.41
-97.1179,45.0593#26.82#40.07#33.11
-97.0574,45.06#26.84#40.35#32.81
-96.997,45.0606#26.87#40.63#32.5
-96.9365,45.0613#26.89#40.97#32.14
-96.876,45.0619#26.92#41.32#31.76
-96.8155,45.0624#26.94#41.66#31.4
-96.755,45.063#26.97#42#31.03
-96.6946,45.0636#26.99#42.34#30.67
-96.6341,45.0641#27.02#42.68#30.3
-96.5736,45.0646#27.04#43.02#29.94
-96.5131,45.0651#27.07#43.37#29.56
-96.4526,45.0655#27.09#43.57#29.34
-96.3921,45.066#27.12#43.75#29.13
-96.3316,45.0664#27.14#43.92#28.94
-96.2712,45.0668#27.16#44.09#28.75
-96.2107,45.0672#27.19#44.26#28.55
-96.1502,45.0676#27.21#44.43#28.36
-96.0897,45.0679#27.24#44.6#28.16
-96.0292,45.0683#27.26#44.77#27.97
-95.9687,45.0686#27.29#44.92#27.79
-95.9082,45.0689#27.31#45.04#27.65
-95.8477,45.0692#27.34#45.16#27.5
-95.7872,45.0694#27.37#45.29#27.34
-95.7267,45.0697#27.4#45.41#27.19
-95.6663,45.0699#27.43#45.53#27.04
-95.6058,45.0701#27.46#45.65#26.89
-95.5453,45.0703#27.49#45.77#26.74
-95.4848,45.0704#27.51#45.88#26.61
-95.4243,45.0706#27.53#45.94#26.53
-95.3638,45.0707#27.54#46#26.46
-95.3033,45.0708#27.56#46.06#26.38
-95.2428,45.0709#27.58#46.12#26.3
-95.1823,45.0709#27.59#46.18#26.23
-95.1218,45.071#27.61#46.24#26.15
-95.0613,45.071#27.63#46.3#26.07
-95.0008,45.071#27.65#46.36#25.99
-94.9403,45.071#27.64#46.38#25.98
-94.8798,45.071#27.63#46.4#25.97
-94.8194,45.0709#27.62#46.41#25.97
-94.7589,45.0709#27.62#46.43#25.95
-94.6984,45.0708#27.61#46.45#25.94
-94.6379,45.0707#27.6#46.47#25.93
-94.5774,45.0706#27.6#46.49#25.91
-94.5169,45.0704#27.59#46.51#25.9
-94.4564,45.0703#27.56#46.5#25.94
-94.3959,45.0701#27.53#46.47#26
-94.3354,45.0699#27.5#46.45#26.05
-94.2749,45.0697#27.46#46.43#26.11
-94.2144,45.0694#27.43#46.4#26.17
-94.1539,45.0692#27.4#46.38#26.22
-94.0935,45.0689#27.37#46.36#26.27
-94.033,45.0686#27.33#46.33#26.34
-93.9725,45.0683#27.29#46.29#26.42
-93.912,45.0679#27.25#46.21#26.54
-93.8515,45.0676#27.2#46.14#26.66
-93.791,45.0672#27.15#46.07#26.78
-93.7305,45.0668#27.1#45.99#26.91
-93.67,45.0664#27.05#45.92#27.03
-93.6095,45.066#27#45.85#27.15
-93.5491,45.0655#26.95#45.77#27.28
-93.4886,45.0651#26.9#45.7#27.4
-93.4281,45.0646#26.85#45.63#27.52
-93.3676,45.0641#26.79#45.55#27.66
-93.3071,45.0636#26.74#45.48#27.78
-93.2466,45.063#26.69#45.4#27.91
-93.1861,45.0625#26.63#45.33#28.04
-93.1257,45.0619#26.58#45.25#28.17
-93.0652,45.0613#26.52#45.18#28.3
-93.0047,45.0607#26.47#45.1#28.43
-92.9442,45.06#26.44#44.9#28.66
-92.8837,45.0594#26.41#44.7#28.89
-92.8233,45.0587#26.38#44.49#29.13
-92.7628,45.058#26.35#44.28#29.37
-92.7023,45.0573#26.32#44.07#29.61
-92.6418,45.0565#26.29#43.86#29.85
-92.5814,45.0558#26.26#43.66#30.08
-92.5209,45.055#26.24#43.45#30.31
-92.4604,45.0542#26.22#43.23#30.55
-92.3999,45.0534#26.21#42.99#30.8
-92.3395,45.0526#26.2#42.76#31.04
-92.279,45.0517#26.19#42.52#31.29
-92.2185,45.0509#26.18#42.29#31.53
-92.1581,45.05#26.17#42.06#31.77
-92.0976,45.0491#26.16#41.83#32.01
-92.0371,45.0482#26.15#41.6#32.25
-91.9767,45.0472#26.14#41.36#32.5
-91.9162,45.0463#26.14#41.1#32.76
-91.8557,45.0453#26.14#40.85#33.01
-91.7953,45.0443#26.13#40.59#33.28
-91.7348,45.0433#26.13#40.34#33.53
-91.6744,45.0422#26.13#40.08#33.79
-91.6139,45.0412#26.13#39.83#34.04
-91.5535,45.0401#26.13#39.57#34.3
-91.493,45.039#26.13#39.32#34.55
-91.4326,45.0379#26.21#39.08#34.71
-91.3721,45.0367#26.28#38.85#34.87
-91.3117,45.0356#26.35#38.61#35.04
-91.2512,45.0344#26.42#38.37#35.21
-91.1908,45.0332#26.5#38.13#35.37
-91.1303,45.032#26.57#37.9#35.53
-91.0699,45.0308#26.64#37.66#35.7
-91.0094,45.0295#26.72#37.42#35.86
-90.949,45.0283#26.81#37.19#36
-90.8886,45.027#26.91#36.96#36.13
-90.8281,45.0257#27.01#36.73#36.26
-90.7677,45.0244#27.11#36.5#36.39
-90.7072,45.023#27.21#36.26#36.53
-90.6468,45.0216#27.31#36.03#36.66
-90.5864,45.0203#27.41#35.8#36.79
-90.526,45.0189#27.51#35.57#36.92
-90.4655,45.0174#27.61#35.34#37.05
-90.4051,45.016#27.71#35.11#37.18
-90.3447,45.0145#27.81#34.87#37.32
-90.2843,45.0131#27.91#34.64#37.45
-90.2238,45.0116#28.01#34.4#37.59
-90.1634,45.0101#28.11#34.17#37.72
-90.103,45.0085#28.21#33.94#37.85
-90.0426,45.007#28.31#33.7#37.99
-89.9822,45.0054#28.41#33.47#38.12
-89.9218,45.0038#28.52#33.23#38.25
-89.8614,45.0022#28.63#32.99#38.38
-89.801,45.0006#28.73#32.74#38.53
-89.7406,44.9989#28.84#32.5#38.66
-89.6802,44.9973#28.94#32.26#38.8
-89.6198,44.9956#29.04#32.02#38.94
-89.5594,44.9939#29.15#31.78#39.07
-89.499,44.9921#29.25#31.55#39.2
-89.4386,44.9904#29.32#31.32#39.36
-89.3782,44.9886#29.38#31.1#39.52
-89.3178,44.9868#29.45#30.87#39.68
-89.2574,44.985#29.51#30.65#39.84
-89.197,44.9832#29.57#30.42#40.01
-89.1366,44.9814#29.64#30.19#40.17
-89.0763,44.9795#29.7#29.97#40.33
-89.0159,44.9777#29.76#29.74#40.5
-88.9555,44.9758#29.82#29.55#40.63
-88.8951,44.9738#29.88#29.37#40.75
-88.8348,44.9719#29.94#29.19#40.87
-88.7744,44.97#30#29.01#40.99
-88.714,44.968#30.06#28.83#41.11
-88.6537,44.966#30.11#28.65#41.24
-88.5933,44.964#30.17#28.47#41.36
-88.533,44.962#30.23#28.29#41.48
-88.4726,44.9599#30.28#28.13#41.59
-88.4123,44.9578#30.34#28.02#41.64
-88.3519,44.9558#30.39#27.9#41.71
-88.2916,44.9536#30.44#27.78#41.78
-88.2312,44.9515#30.5#27.66#41.84
-88.1709,44.9494#30.55#27.54#41.91
-88.1105,44.9472#30.61#27.42#41.97
-88.0502,44.945#30.66#27.29#42.05
-87.9899,44.9428#30.71#27.18#42.11
-87.9295,44.9406#30.77#27.12#42.11
-87.8692,44.9384#30.84#27.05#42.11
-87.8089,44.9361#30.9#26.99#42.11
-87.7486,44.9338#30.95#26.92#42.13
-87.6882,44.9315#31.01#26.86#42.13
-87.6279,44.9292#31.07#26.79#42.14
-87.5676,44.9269#31.13#26.73#42.14
-87.5073,44.9245#31.18#26.66#42.16
-87.447,44.9222#31.22#26.62#42.16
-87.3867,44.9198#31.25#26.59#42.16
-87.3264,44.9174#31.29#26.56#42.15
-87.2661,44.9149#31.32#26.53#42.15
-87.2058,44.9125#31.36#26.5#42.14
-87.1455,44.91#31.39#26.46#42.15
-87.0852,44.9075#31.43#26.43#42.14
-87.0249,44.905#31.46#26.4#42.14
-86.9647,44.9025#31.55#26.37#42.08
-86.9044,44.9#31.67#26.36#41.97
-104.005,44.9022#28.83#29.32#41.85
-103.945,44.905#28.84#29.32#41.84
-103.885,44.9078#28.85#29.33#41.82
-103.824,44.9106#28.86#29.33#41.81
-103.764,44.9134#28.86#29.34#41.8
-103.704,44.9161#28.87#29.34#41.79
-103.644,44.9189#28.87#29.35#41.78
-103.583,44.9216#28.88#29.35#41.77
-103.523,44.9243#28.89#29.36#41.75
-103.463,44.9269#28.88#29.37#41.75
-103.402,44.9296#28.86#29.4#41.74
-103.342,44.9322#28.84#29.42#41.74
-103.282,44.9349#28.83#29.44#41.73
-103.222,44.9375#28.81#29.46#41.73
-103.161,44.94#28.8#29.49#41.71
-103.101,44.9426#28.78#29.51#41.71
-103.041,44.9452#28.76#29.53#41.71
-102.98,44.9477#28.74#29.55#41.71
-102.92,44.9502#28.7#29.59#41.71
-102.86,44.9527#28.67#29.62#41.71
-102.799,44.9551#28.63#29.66#41.71
-102.739,44.9576#28.59#29.69#41.72
-102.679,44.96#28.56#29.72#41.72
-102.618,44.9624#28.52#29.76#41.72
-102.558,44.9648#28.48#29.79#41.73
-102.498,44.9672#28.45#29.82#41.73
-102.437,44.9695#28.4#29.87#41.73
-102.377,44.9719#28.36#29.92#41.72
-102.317,44.9742#28.32#29.97#41.71
-102.256,44.9765#28.28#30.02#41.7
-102.196,44.9788#28.24#30.07#41.69
-102.136,44.981#28.2#30.12#41.68
-102.075,44.9833#28.16#30.17#41.67
-102.015,44.9855#28.12#30.21#41.67
-101.955,44.9877#28.08#30.26#41.66
-101.894,44.9899#28.04#30.31#41.65
-101.834,44.992#28#30.36#41.64
-101.773,44.9942#27.96#30.4#41.64
-101.713,44.9963#27.91#30.45#41.64
-101.653,44.9984#27.87#30.5#41.63
-101.592,45.0005#27.83#30.55#41.62
-101.532,45.0026#27.79#30.6#41.61
-101.472,45.0046#27.74#30.64#41.62
-101.411,45.0066#27.69#30.67#41.64
-101.351,45.0087#27.64#30.7#41.66
-101.29,45.0106#27.59#30.73#41.68
-101.23,45.0126#27.53#30.76#41.71
-101.17,45.0146#27.48#30.8#41.72
-101.109,45.0165#27.43#30.83#41.74
-101.049,45.0184#27.37#30.86#41.77
-100.988,45.0203#27.32#30.9#41.78
-100.928,45.0222#27.26#30.94#41.8
-100.868,45.0241#27.2#30.98#41.82
-100.807,45.0259#27.15#31.02#41.83
-100.747,45.0277#27.09#31.06#41.85
-100.686,45.0295#27.03#31.1#41.87
-100.626,45.0313#26.98#31.15#41.87
-100.566,45.0331#26.92#31.19#41.89
-100.505,45.0348#26.86#31.23#41.91
-100.445,45.0365#26.82#31.28#41.9
-100.384,45.0382#26.79#31.34#41.87
-100.324,45.0399#26.75#31.39#41.86
-100.263,45.0416#26.72#31.45#41.83
-100.203,45.0432#26.68#31.5#41.82
-100.143,45.0449#26.65#31.56#41.79
-100.082,45.0465#26.61#31.61#41.78
-100.022,45.0481#26.58#31.67#41.75
-99.9613,45.0497#26.56#31.73#41.71
-99.9008,45.0512#26.54#31.79#41.67
-99.8404,45.0527#26.53#31.86#41.61
-99.78,45.0543#26.51#31.92#41.57
-99.7195,45.0558#26.5#31.98#41.52
-99.6591,45.0572#26.48#32.05#41.47
-99.5986,45.0587#26.47#32.11#41.42
-99.5382,45.0601#26.46#32.17#41.37
-99.4777,45.0615#26.44#32.24#41.32
-99.4173,45.0629#26.44#32.32#41.24
-99.3568,45.0643#26.43#32.4#41.17
-99.2963,45.0657#26.42#32.47#41.11
-99.2359,45.067#26.42#32.55#41.03
-99.1754,45.0684#26.41#32.63#40.96
-99.115,45.0697#26.4#32.7#40.9
-99.0545,45.071#26.4#32.78#40.82
-98.994,45.0722#26.39#32.87#40.74
-98.9336,45.0735#26.39#33.07#40.54
-98.8731,45.0747#26.39#33.27#40.34
-98.8126,45.0759#26.39#33.48#40.13
-98.7521,45.0771#26.4#33.68#39.92
-98.6917,45.0783#26.4#33.89#39.71
-98.6312,45.0794#26.4#34.09#39.51
-98.5707,45.0806#26.4#34.29#39.31
-98.5102,45.0817#26.4#34.5#39.1
-98.4497,45.0828#26.42#34.72#38.86
-98.3893,45.0839#26.43#34.94#38.63
-98.3288,45.0849#26.44#35.17#38.39
-98.2683,45.086#26.45#35.39#38.16
-98.2078,45.087#26.47#35.62#37.91
-98.1473,45.088#26.48#35.84#37.68
-98.0868,45.089#26.49#36.07#37.44
-98.0263,45.0899#26.5#36.3#37.2
-97.9659,45.0909#26.52#36.53#36.95
-97.9054,45.0918#26.54#36.77#36.69
-97.8449,45.0927#26.56#37.02#36.42
-97.7844,45.0936#26.58#37.26#36.16
-97.7239,45.0944#26.6#37.5#35.9
-97.6634,45.0953#26.62#37.75#35.63
-97.6029,45.0961#26.64#37.99#35.37
-97.5424,45.0969#26.66#38.23#35.11
-97.4819,45.0977#26.69#38.49#34.82
-97.4214,45.0985#26.71#38.77#34.52
-97.3609,45.0993#26.73#39.06#34.21
-97.3004,45.1#26.75#39.34#33.91
-97.2399,45.1007#26.77#39.62#33.61
-97.1794,45.1014#26.79#39.91#33.3
-97.1189,45.1021#26.81#40.19#33
-97.0584,45.1027#26.83#40.48#32.69
-96.9979,45.1034#26.85#40.76#32.39
-96.9374,45.104#26.87#41.1#32.03
-96.8768,45.1046#26.9#41.45#31.65
-96.8163,45.1052#26.92#41.79#31.29
-96.7558,45.1057#26.94#42.13#30.93
-96.6953,45.1063#26.97#42.47#30.56
-96.6348,45.1068#26.99#42.81#30.2
-96.5743,45.1073#27.01#43.15#29.84
-96.5138,45.1078#27.04#43.49#29.47
-96.4533,45.1083#27.06#43.7#29.24
-96.3928,45.1087#27.08#43.86#29.06
-96.3322,45.1091#27.1#44.03#28.87
-96.2717,45.1096#27.12#44.2#28.68
-96.2112,45.1099#27.14#44.36#28.5
-96.1507,45.1103#27.16#44.53#28.31
-96.0902,45.1107#27.18#44.7#28.12
-96.0297,45.111#27.2#44.86#27.94
-95.9691,45.1113#27.23#45#27.77
-95.9086,45.1116#27.26#45.12#27.62
-95.8481,45.1119#27.29#45.24#27.47
-95.7876,45.1121#27.32#45.36#27.32
-95.7271,45.1124#27.35#45.47#27.18
-95.6666,45.1126#27.38#45.59#27.03
-95.606,45.1128#27.41#45.71#26.88
-95.5455,45.113#27.44#45.82#26.74
-95.485,45.1132#27.46#45.93#26.61
-95.4245,45.1133#27.48#45.98#26.54
-95.364,45.1134#27.5#46.04#26.46
-95.3034,45.1135#27.52#46.09#26.39
-95.2429,45.1136#27.54#46.15#26.31
-95.1824,45.1137#27.56#46.21#26.23
-95.1219,45.1137#27.58#46.26#26.16
-95.0614,45.1138#27.6#46.32#26.08
-95.0008,45.1138#27.62#46.37#26.01
-94.9403,45.1138#27.62#46.39#25.99
-94.8798,45.1137#27.62#46.41#25.97
-94.8193,45.1137#27.61#46.42#25.97
-94.7588,45.1136#27.61#46.44#25.95
-94.6982,45.1135#27.61#46.45#25.94
-94.6377,45.1134#27.6#46.47#25.93
-94.5772,45.1133#27.6#46.48#25.92
-94.5167,45.1132#27.59#46.5#25.91
-94.4562,45.113#27.57#46.48#25.95
-94.3956,45.1128#27.54#46.46#26
-94.3351,45.1126#27.51#46.43#26.06
-94.2746,45.1124#27.48#46.4#26.12
-94.2141,45.1122#27.44#46.37#26.19
-94.1536,45.1119#27.41#46.35#26.24
-94.093,45.1116#27.38#46.32#26.3
-94.0325,45.1113#27.35#46.29#26.36
-93.972,45.111#27.31#46.24#26.45
-93.9115,45.1107#27.27#46.16#26.57
-93.851,45.1103#27.22#46.08#26.7
-93.7905,45.11#27.18#46#26.82
-93.7299,45.1096#27.13#45.92#26.95
-93.6694,45.1092#27.08#45.84#27.08
-93.6089,45.1087#27.04#45.76#27.2
-93.5484,45.1083#26.99#45.68#27.33
-93.4879,45.1078#26.94#45.61#27.45
-93.4274,45.1073#26.89#45.53#27.58
-93.3669,45.1068#26.83#45.46#27.71
-93.3064,45.1063#26.77#45.39#27.84
-93.2458,45.1058#26.72#45.31#27.97
-93.1853,45.1052#26.66#45.24#28.1
-93.1248,45.1046#26.6#45.17#28.23
-93.0643,45.104#26.55#45.1#28.35
-93.0038,45.1034#26.49#45.02#28.49
-92.9433,45.1028#26.46#44.81#28.73
-92.8828,45.1021#26.43#44.6#28.97
-92.8223,45.1014#26.4#44.38#29.22
-92.7618,45.1007#26.37#44.17#29.46
-92.7013,45.1#26.34#43.95#29.71
-92.6408,45.0993#26.31#43.73#29.96
-92.5803,45.0985#26.27#43.52#30.21
-92.5198,45.0978#26.24#43.3#30.46
-92.4593,45.097#26.23#43.07#30.7
-92.3988,45.0961#26.22#42.82#30.96
-92.3383,45.0953#26.21#42.57#31.22
-92.2778,45.0945#26.19#42.32#31.49
-92.2173,45.0936#26.18#42.08#31.74
-92.1568,45.0927#26.17#41.83#32
-92.0963,45.0918#26.16#41.59#32.25
-92.0358,45.0909#26.15#41.34#32.51
-91.9753,45.0899#26.14#41.1#32.76
-91.9148,45.089#26.14#40.85#33.01
-91.8543,45.088#26.14#40.6#33.26
-91.7939,45.087#26.14#40.35#33.51
-91.7334,45.086#26.13#40.1#33.77
-91.6729,45.0849#26.13#39.85#34.02
-91.6124,45.0839#26.13#39.6#34.27
-91.5519,45.0828#26.12#39.35#34.53
-91.4914,45.0817#26.13#39.1#34.77
-91.431,45.0806#26.2#38.86#34.94
-91.3705,45.0795#26.27#38.63#35.1
-91.31,45.0783#26.34#38.39#35.27
-91.2495,45.0771#26.41#38.16#35.43
-91.1891,45.0759#26.48#37.92#35.6
-91.1286,45.0747#26.55#37.69#35.76
-91.0681,45.0735#26.62#37.45#35.93
-91.0077,45.0723#26.69#37.21#36.1
-90.9472,45.071#26.78#36.98#36.24
-90.8867,45.0697#26.88#36.75#36.37
-90.8263,45.0684#26.98#36.52#36.5
-90.7658,45.0671#27.08#36.29#36.63
-90.7053,45.0657#27.18#36.06#36.76
-90.6449,45.0644#27.28#35.83#36.89
-90.5844,45.063#27.37#35.6#37.03
-90.524,45.0616#27.47#35.37#37.16
-90.4635,45.0602#27.57#35.13#37.3
-90.4031,45.0587#27.67#34.9#37.43
-90.3426,45.0573#27.76#34.66#37.58
-90.2822,45.0558#27.86#34.43#37.71
-90.2217,45.0543#27.96#34.2#37.84
-90.1613,45.0528#28.05#33.96#37.99
-90.1008,45.0512#28.15#33.73#38.12
-90.0404,45.0497#28.25#33.5#38.25
-89.9799,45.0481#28.35#33.26#38.39
-89.9195,45.0465#28.46#33.02#38.52
-89.8591,45.0449#28.57#32.78#38.65
-89.7986,45.0433#28.68#32.54#38.78
-89.7382,45.0416#28.79#32.3#38.91
-89.6778,45.04#28.9#32.06#39.04
-89.6174,45.0383#29.01#31.82#39.17
-89.5569,45.0366#29.12#31.57#39.31
-89.4965,45.0349#29.22#31.34#39.44
-89.4361,45.0331#29.29#31.11#39.6
-89.3757,45.0314#29.37#30.89#39.74
-89.3153,45.0296#29.44#30.67#39.89
-89.2549,45.0278#29.51#30.45#40.04
-89.1944,45.0259#29.58#30.23#40.19
-89.134,45.0241#29.65#30.01#40.34
-89.0736,45.0223#29.71#29.78#40.51
-89.0132,45.0204#29.78#29.56#40.66
-88.9528,45.0185#29.85#29.38#40.77
-88.8924,45.0166#29.91#29.2#40.89
-88.832,45.0146#29.98#29.03#40.99
-88.7716,45.0127#30.04#28.85#41.11
-88.7112,45.0107#30.1#28.68#41.22
-88.6509,45.0087#30.17#28.5#41.33
-88.5905,45.0067#30.23#28.33#41.44
-88.5301,45.0047#30.29#28.15#41.56
-88.4697,45.0026#30.35#28.01#41.64
-88.4093,45.0006#30.41#27.9#41.69
-88.3489,44.9985#30.46#27.79#41.75
-88.2886,44.9964#30.52#27.67#41.81
-88.2282,44.9942#30.57#27.56#41.87
-88.1678,44.9921#30.62#27.45#41.93
-88.1075,44.9899#30.68#27.33#41.99
-88.0471,44.9878#30.73#27.22#42.05
-87.9867,44.9855#30.79#27.12#42.09
-87.9264,44.9833#30.86#27.05#42.09
-87.866,44.9811#30.93#26.99#42.08
-87.8057,44.9788#30.99#26.93#42.08
-87.7453,44.9766#31.06#26.87#42.07
-87.685,44.9743#31.12#26.81#42.07
-87.6246,44.9719#31.19#26.75#42.06
-87.5643,44.9696#31.25#26.69#42.06
-87.504,44.9673#31.31#26.62#42.07
-87.4436,44.9649#31.34#26.59#42.07
-87.3833,44.9625#31.37#26.56#42.07
-87.323,44.9601#31.4#26.53#42.07
-87.2627,44.9577#31.43#26.5#42.07
-87.2023,44.9552#31.47#26.47#42.06
-87.142,44.9527#31.5#26.44#42.06
-87.0817,44.9503#31.53#26.41#42.06
-87.0214,44.9477#31.56#26.38#42.06
-86.9611,44.9452#31.65#26.36#41.99
-86.9008,44.9427#31.77#26.34#41.89
-86.8405,44.9401#31.89#26.32#41.79
-86.7802,44.9375#32.01#26.31#41.68
-86.7199,44.9349#32.12#26.29#41.59
-86.6596,44.9323#32.24#26.27#41.49
-86.5993,44.9297#32.36#26.26#41.38
-86.539,44.927#32.48#26.24#41.28
-86.4787,44.9243#32.6#26.23#41.17
-86.4184,44.9216#32.73#26.22#41.05
-86.3582,44.9189#32.87#26.21#40.92
-86.2979,44.9162#33#26.2#40.8
-86.2376,44.9134#33.13#26.19#40.68
-86.1774,44.9107#33.26#26.18#40.56
-86.1171,44.9079#33.39#26.17#40.44
-86.0568,44.9051#33.52#26.16#40.32
-85.9966,44.9022#33.66#26.16#40.18
-104.913,44.9001#28.43#29.27#42.3
-104.853,44.9032#28.45#29.28#42.27
-104.792,44.9063#28.46#29.28#42.26
-104.732,44.9094#28.48#29.28#42.24
-104.672,44.9125#28.5#29.28#42.22
-104.612,44.9155#28.52#29.29#42.19
-104.551,44.9185#28.53#29.29#42.18
-104.491,44.9215#28.55#29.29#42.16
-104.431,44.9245#28.59#29.29#42.12
-104.371,44.9275#28.63#29.3#42.07
-104.31,44.9304#28.67#29.3#42.03
-104.25,44.9333#28.7#29.3#42
-104.19,44.9362#28.74#29.31#41.95
-104.13,44.9391#28.77#29.31#41.92
-104.069,44.942#28.8#29.31#41.89
-104.009,44.9449#28.84#29.32#41.84
-103.949,44.9477#28.85#29.32#41.83
-103.889,44.9505#28.85#29.33#41.82
-103.828,44.9533#28.86#29.33#41.81
-103.768,44.9561#28.86#29.34#41.8
-103.708,44.9588#28.86#29.34#41.8
-103.647,44.9615#28.87#29.35#41.78
-103.587,44.9643#28.87#29.35#41.78
-103.527,44.967#28.88#29.36#41.76
-103.466,44.9696#28.87#29.37#41.76
-103.406,44.9723#28.85#29.39#41.76
-103.346,44.9749#28.84#29.41#41.75
-103.285,44.9776#28.82#29.43#41.75
-103.225,44.9802#28.8#29.45#41.75
-103.165,44.9827#28.78#29.47#41.75
-103.105,44.9853#28.77#29.49#41.74
-103.044,44.9878#28.75#29.51#41.74
-102.984,44.9904#28.73#29.53#41.74
-102.924,44.9929#28.69#29.56#41.75
-102.863,44.9954#28.65#29.6#41.75
-102.803,44.9978#28.62#29.63#41.75
