-152.836,64.9016#26.74#28.5#44.76
-152.707,64.9042#26.72#28.49#44.79
-152.578,64.9068#26.71#28.49#44.8
-152.45,64.9092#26.7#28.49#44.81
-152.321,64.9114#26.69#28.49#44.82
-152.192,64.9136#26.69#28.48#44.83
-152.063,64.9156#26.68#28.48#44.84
-151.934,64.9175#26.68#28.48#44.84
-151.805,64.9193#26.69#28.49#44.82
-151.676,64.921#26.69#28.5#44.81
-151.547,64.9225#26.69#28.51#44.8
-151.418,64.9239#26.7#28.53#44.77
-151.289,64.9252#26.71#28.56#44.73
-151.16,64.9264#26.72#28.58#44.7
-151.031,64.9274#26.73#28.61#44.66
-150.902,64.9284#26.79#28.66#44.55
-150.773,64.9292#26.86#28.71#44.43
-150.644,64.9298#26.93#28.76#44.31
-150.515,64.9304#27#28.81#44.19
-150.386,64.9308#27.15#28.86#43.99
-150.257,64.9311#27.32#28.9#43.78
-150.128,64.9313#27.48#28.95#43.57
-149.999,64.9314#27.64#28.99#43.37
-149.87,64.9313#27.89#29.02#43.09
-149.741,64.9311#28.13#29.05#42.82
-149.612,64.9308#28.38#29.08#42.54
-149.483,64.9304#28.62#29.11#42.27
-149.354,64.9298#28.82#29.13#42.05
-149.225,64.9291#29.03#29.16#41.81
-149.096,64.9283#29.23#29.18#41.59
-148.967,64.9274#29.39#29.2#41.41
-148.838,64.9264#29.41#29.22#41.37
-148.709,64.9252#29.43#29.23#41.34
-148.58,64.9239#29.45#29.25#41.3
-148.451,64.9225#29.43#29.26#41.31
-148.322,64.9209#29.36#29.25#41.39
-148.193,64.9193#29.28#29.25#41.47
-148.064,64.9175#29.21#29.25#41.54
-147.935,64.9156#29.12#29.22#41.66
-147.806,64.9136#29.01#29.17#41.82
-147.678,64.9114#28.91#29.12#41.97
-147.549,64.9091#28.81#29.07#42.12
-147.42,64.9067#28.69#28.99#42.32
-147.291,64.9042#28.57#28.89#42.54
-147.162,64.9016#28.45#28.78#42.77
-154.774,64.9017#29.17#29.01#41.82
-154.645,64.9062#28.85#28.9#42.25
-154.517,64.9106#28.53#28.8#42.67
-154.388,64.9148#28.26#28.75#42.99
-154.26,64.9189#27.99#28.71#43.3
-154.131,64.9229#27.73#28.66#43.61
-154.002,64.9268#27.46#28.62#43.92
-153.873,64.9306#27.35#28.6#44.05
-153.745,64.9342#27.23#28.58#44.19
-153.616,64.9377#27.12#28.56#44.32
-153.487,64.9411#27.01#28.54#44.45
-153.358,64.9444#26.96#28.53#44.51
-153.229,64.9475#26.92#28.52#44.56
-153.1,64.9505#26.87#28.51#44.62
-152.971,64.9534#26.84#28.5#44.66
-152.842,64.9562#26.82#28.5#44.68
-152.713,64.9589#26.81#28.49#44.7
-152.584,64.9614#26.79#28.49#44.72
-152.455,64.9638#26.78#28.49#44.73
-152.326,64.9661#26.78#28.49#44.73
-152.197,64.9682#26.77#28.48#44.75
-152.068,64.9703#26.77#28.48#44.75
-151.939,64.9722#26.77#28.49#44.74
-151.809,64.974#26.77#28.5#44.73
-151.68,64.9756#26.78#28.5#44.72
-151.551,64.9772#26.78#28.51#44.71
-151.422,64.9786#26.79#28.54#44.67
-151.292,64.9799#26.8#28.57#44.63
-151.163,64.9811#26.81#28.6#44.59
-151.034,64.9821#26.81#28.63#44.56
-150.904,64.983#26.86#28.67#44.47
-150.775,64.9838#26.92#28.73#44.35
-150.646,64.9845#26.98#28.78#44.24
-150.517,64.9851#27.03#28.83#44.14
-150.387,64.9855#27.18#28.87#43.95
-150.258,64.9858#27.35#28.91#43.74
-150.129,64.986#27.51#28.96#43.53
-149.999,64.986#27.67#29#43.33
-149.87,64.986#27.91#29.02#43.07
-149.741,64.9858#28.14#29.05#42.81
-149.611,64.9855#28.37#29.08#42.55
-149.482,64.9851#28.61#29.11#42.28
-149.353,64.9845#28.82#29.13#42.05
-149.223,64.9838#29.03#29.15#41.82
-149.094,64.983#29.24#29.17#41.59
-148.965,64.9821#29.4#29.19#41.41
-148.835,64.981#29.43#29.21#41.36
-148.706,64.9799#29.46#29.22#41.32
-148.577,64.9786#29.49#29.24#41.27
-148.448,64.9771#29.48#29.24#41.28
-148.318,64.9756#29.41#29.24#41.35
-148.189,64.9739#29.35#29.23#41.42
-148.06,64.9721#29.28#29.22#41.5
-147.931,64.9702#29.2#29.19#41.61
-147.802,64.9682#29.11#29.13#41.76
-147.672,64.966#29.03#29.08#41.89
-147.543,64.9638#28.94#29.02#42.04
-147.414,64.9614#28.83#28.93#42.24
-147.285,64.9588#28.71#28.83#42.46
-147.156,64.9562#28.6#28.73#42.67
-147.027,64.9534#28.48#28.62#42.9
-146.898,64.9505#28.37#28.53#43.1
-146.769,64.9475#28.26#28.45#43.29
-146.64,64.9443#28.15#28.37#43.48
-146.511,64.9411#28.05#28.28#43.67
-146.383,64.9377#27.98#28.23#43.79
-146.254,64.9342#27.91#28.19#43.9
-146.125,64.9305#27.84#28.14#44.02
-145.996,64.9268#27.78#28.09#44.13
-145.868,64.9229#27.74#28.06#44.2
-145.739,64.9189#27.71#28.03#44.26
-145.61,64.9148#27.67#28#44.33
-145.482,64.9105#27.64#27.97#44.39
-145.353,64.9062#27.62#27.96#44.42
-145.225,64.9017#27.59#27.96#44.45
-156.069,64.9045#31.18#30.12#38.7
-155.941,64.9102#31.02#30.06#38.92
-155.813,64.9158#30.85#29.96#39.19
-155.684,64.9213#30.68#29.86#39.46
-155.556,64.9266#30.51#29.76#39.73
-155.427,64.9319#30.33#29.63#40.04
-155.299,64.937#30.15#29.48#40.37
-155.17,64.942#29.96#29.33#40.71
-155.042,64.9468#29.77#29.18#41.05
-154.913,64.9516#29.5#29.06#41.44
-154.784,64.9562#29.19#28.97#41.84
-154.656,64.9607#28.88#28.88#42.24
-154.527,64.9651#28.56#28.78#42.66
-154.398,64.9693#28.29#28.73#42.98
-154.269,64.9735#28.04#28.69#43.27
-154.14,64.9775#27.78#28.65#43.57
-154.011,64.9814#27.52#28.61#43.87
-153.882,64.9851#27.4#28.59#44.01
-153.753,64.9888#27.29#28.57#44.14
-153.624,64.9923#27.18#28.55#44.27
-153.495,64.9957#27.08#28.54#44.38
-153.366,64.999#27.03#28.53#44.44
-153.237,65.0021#26.99#28.52#44.49
-153.107,65.0051#26.95#28.51#44.54
-152.978,65.008#26.91#28.5#44.59
-152.849,65.0108#26.9#28.5#44.6
-152.719,65.0135#26.89#28.49#44.62
-152.59,65.016#26.87#28.49#44.64
-152.461,65.0184#26.86#28.49#44.65
-152.331,65.0207#26.86#28.49#44.65
-152.202,65.0229#26.86#28.49#44.65
-152.072,65.0249#26.86#28.48#44.66
-151.943,65.0268#26.86#28.49#44.65
-151.813,65.0286#26.86#28.5#44.64
-151.684,65.0303#26.86#28.51#44.63
-151.554,65.0318#26.87#28.52#44.61
-151.425,65.0333#26.87#28.54#44.59
-151.295,65.0346#26.88#28.58#44.54
-151.166,65.0357#26.89#28.61#44.5
-151.036,65.0368#26.9#28.64#44.46
-150.907,65.0377#26.93#28.69#44.38
-150.777,65.0385#26.98#28.74#44.28
-150.647,65.0392#27.02#28.8#44.18
-150.518,65.0398#27.07#28.85#44.08
-150.388,65.0402#27.21#28.89#43.9
-150.258,65.0405#27.38#28.93#43.69
-150.129,65.0407#27.54#28.96#43.5
-149.999,65.0407#27.7#29#43.3
-149.87,65.0407#27.92#29.03#43.05
-149.74,65.0405#28.15#29.05#42.8
-149.61,65.0402#28.37#29.08#42.55
-149.481,65.0397#28.59#29.1#42.31
-149.351,65.0392#28.81#29.12#42.07
-149.221,65.0385#29.03#29.14#41.83
-149.092,65.0377#29.24#29.16#41.6
-148.962,65.0368#29.41#29.18#41.41
-148.833,65.0357#29.45#29.2#41.35
-148.703,65.0345#29.5#29.21#41.29
-148.574,65.0332#29.54#29.23#41.23
-148.444,65.0318#29.53#29.23#41.24
-148.314,65.0303#29.47#29.22#41.31
-148.185,65.0286#29.41#29.2#41.39
-148.055,65.0268#29.35#29.19#41.46
-147.926,65.0249#29.28#29.15#41.57
-147.797,65.0228#29.21#29.09#41.7
-147.667,65.0207#29.14#29.03#41.83
-147.538,65.0184#29.07#28.97#41.96
-147.408,65.016#28.97#28.88#42.15
-147.279,65.0134#28.86#28.77#42.37
-147.15,65.0108#28.74#28.67#42.59
-147.02,65.008#28.63#28.56#42.81
-146.891,65.0051#28.52#28.48#43
-146.762,65.0021#28.41#28.41#43.18
-146.633,64.9989#28.3#28.34#43.36
-146.503,64.9957#28.18#28.26#43.56
-146.374,64.9923#28.12#28.22#43.66
-146.245,64.9887#28.06#28.17#43.77
-146.116,64.9851#28#28.13#43.87
-145.987,64.9813#27.94#28.09#43.97
-145.858,64.9774#27.91#28.06#44.03
-145.729,64.9734#27.87#28.03#44.1
-145.6,64.9693#27.84#28#44.16
-145.472,64.965#27.8#27.97#44.23
-145.343,64.9607#27.78#27.96#44.26
-145.214,64.9562#27.75#27.96#44.29
-145.085,64.9515#27.73#27.95#44.32
-144.957,64.9468#27.71#27.95#44.34
-144.828,64.9419#27.69#27.95#44.36
-144.699,64.9369#27.67#27.95#44.38
-144.571,64.9318#27.65#27.95#44.4
-144.443,64.9266#27.63#27.96#44.41
-144.314,64.9212#27.62#27.97#44.41
-144.186,64.9157#27.6#27.98#44.42
-144.058,64.9101#27.58#27.99#44.43
-143.929,64.9044#27.56#28#44.44
-157.236,64.9018#32.09#30.2#37.71
-157.108,64.9086#31.89#30.21#37.9
-156.98,64.9153#31.71#30.21#38.08
-156.852,64.9219#31.67#30.21#38.12
-156.724,64.9284#31.63#30.22#38.15
-156.596,64.9347#31.59#30.22#38.19
-156.468,64.9409#31.53#30.22#38.25
-156.34,64.947#31.39#30.18#38.43
-156.211,64.953#31.26#30.15#38.59
-156.083,64.9589#31.12#30.11#38.77
-155.954,64.9646#30.98#30.05#38.97
-155.826,64.9702#30.81#29.94#39.25
-155.697,64.9757#30.64#29.83#39.53
-155.568,64.9811#30.48#29.72#39.8
-155.44,64.9863#30.31#29.59#40.1
-155.311,64.9914#30.12#29.44#40.44
-155.182,64.9964#29.94#29.28#40.78
-155.053,65.0013#29.76#29.13#41.11
-154.924,65.0061#29.51#29.02#41.47
-154.795,65.0107#29.2#28.93#41.87
-154.666,65.0152#28.9#28.85#42.25
-154.537,65.0196#28.6#28.77#42.63
-154.408,65.0239#28.33#28.72#42.95
-154.279,65.028#28.08#28.68#43.24
-154.15,65.032#27.83#28.64#43.53
-154.02,65.0359#27.58#28.6#43.82
-153.891,65.0397#27.46#28.58#43.96
-153.762,65.0434#27.35#28.57#44.08
-153.632,65.0469#27.25#28.55#44.2
-153.503,65.0503#27.14#28.53#44.33
-153.373,65.0536#27.1#28.52#44.38
-153.244,65.0567#27.06#28.52#44.42
-153.114,65.0598#27.03#28.51#44.46
-152.985,65.0627#26.99#28.5#44.51
-152.855,65.0655#26.98#28.5#44.52
-152.726,65.0681#26.97#28.49#44.54
-152.596,65.0707#26.96#28.49#44.55
-152.466,65.0731#26.95#28.49#44.56
-152.337,65.0754#26.95#28.49#44.56
-152.207,65.0775#26.95#28.49#44.56
-152.077,65.0796#26.94#28.48#44.58
-151.947,65.0815#26.95#28.49#44.56
-151.818,65.0833#26.95#28.5#44.55
-151.688,65.085#26.95#28.51#44.54
-151.558,65.0865#26.96#28.53#44.51
-151.428,65.0879#26.96#28.55#44.49
-151.298,65.0892#26.97#28.59#44.44
-151.168,65.0904#26.98#28.62#44.4
-151.038,65.0915#26.98#28.66#44.36
-150.909,65.0924#27.01#28.7#44.29
-150.779,65.0932#27.04#28.76#44.2
-150.649,65.0939#27.07#28.81#44.12
-150.519,65.0945#27.11#28.87#44.02
-150.389,65.0949#27.25#28.9#43.85
-150.259,65.0952#27.41#28.94#43.65
-150.129,65.0954#27.57#28.97#43.46
-149.999,65.0954#27.73#29#43.27
-149.869,65.0954#27.94#29.03#43.03
-149.739,65.0952#28.15#29.05#42.8
-149.609,65.0949#28.37#29.08#42.55
-149.479,65.0944#28.58#29.1#42.32
-149.35,65.0939#28.8#29.12#42.08
-149.22,65.0932#29.03#29.14#41.83
-149.09,65.0924#29.25#29.16#41.59
-148.96,65.0915#29.42#29.17#41.41
-148.83,65.0904#29.48#29.19#41.33
-148.7,65.0892#29.53#29.2#41.27
-148.57,65.0879#29.58#29.21#41.21
-148.44,65.0865#29.59#29.21#41.2
-148.311,65.085#29.53#29.2#41.27
-148.181,65.0833#29.48#29.18#41.34
-148.051,65.0815#29.42#29.16#41.42
-147.921,65.0796#29.37#29.12#41.51
-147.792,65.0775#29.32#29.05#41.63
-147.662,65.0753#29.26#28.99#41.75
-147.532,65.073#29.2#28.92#41.88
-147.402,65.0706#29.11#28.82#42.07
-147.273,65.0681#29#28.71#42.29
-147.143,65.0654#28.89#28.6#42.51
-147.014,65.0626#28.78#28.5#42.72
-146.884,65.0597#28.67#28.43#42.9
-146.755,65.0567#28.55#28.37#43.08
-146.625,65.0535#28.44#28.31#43.25
-146.496,65.0502#28.32#28.24#43.44
-146.366,65.0468#28.27#28.2#43.53
-146.237,65.0433#28.21#28.16#43.63
-146.107,65.0397#28.16#28.12#43.72
-145.978,65.0359#28.1#28.08#43.82
-145.849,65.032#28.07#28.05#43.88
-145.72,65.028#28.03#28.03#43.94
-145.59,65.0238#28#28#44
-145.461,65.0196#27.97#27.97#44.06
-145.332,65.0152#27.94#27.97#44.09
-145.203,65.0107#27.92#27.96#44.12
-145.074,65.006#27.89#27.95#44.16
-144.945,65.0013#27.87#27.94#44.19
-144.816,64.9964#27.85#27.94#44.21
-144.688,64.9914#27.83#27.94#44.23
-144.559,64.9863#27.81#27.94#44.25
-144.43,64.981#27.8#27.94#44.26
-144.301,64.9756#27.78#27.95#44.27
-144.173,64.9701#27.76#27.96#44.28
-144.044,64.9645#27.74#27.97#44.29
-143.916,64.9588#27.73#27.99#44.28
-143.787,64.9529#27.71#28#44.29
-143.659,64.947#27.69#28.02#44.29
-143.531,64.9409#27.67#28.04#44.29
-143.402,64.9346#27.66#28.07#44.27
-143.274,64.9283#27.64#28.12#44.24
-143.146,64.9218#27.62#28.16#44.22
-143.018,64.9152#27.6#28.21#44.19
-142.89,64.9085#27.59#28.28#44.13
-142.762,64.9017#27.57#28.35#44.08
-158.148,64.9048#33.45#30.14#36.41
-158.02,64.9124#33.21#30.15#36.64
-157.892,64.92#33#30.16#36.84
-157.765,64.9275#32.8#30.17#37.03
-157.637,64.9348#32.59#30.18#37.23
-157.509,64.942#32.39#30.19#37.42
-157.381,64.9491#32.19#30.2#37.61
-157.253,64.956#31.98#30.2#37.82
-157.124,64.9629#31.77#30.21#38.02
-156.996,64.9696#31.57#30.21#38.22
-156.868,64.9762#31.54#30.22#38.24
-156.739,64.9827#31.52#30.22#38.26
-156.611,64.989#31.5#30.22#38.28
-156.482,64.9953#31.46#30.22#38.32
-156.354,65.0014#31.33#30.18#38.49
-156.225,65.0074#31.2#30.14#38.66
-156.096,65.0132#31.07#30.09#38.84
-155.968,65.019#30.93#30.03#39.04
-155.839,65.0246#30.77#29.92#39.31
-155.71,65.0301#30.6#29.8#39.6
-155.581,65.0355#30.44#29.68#39.88
-155.452,65.0408#30.28#29.55#40.17
-155.323,65.0459#30.1#29.39#40.51
-155.194,65.0509#29.93#29.24#40.83
-155.065,65.0558#29.75#29.08#41.17
-154.935,65.0606#29.52#28.96#41.52
-154.806,65.0652#29.22#28.89#41.89
-154.677,65.0697#28.92#28.82#42.26
-154.547,65.0741#28.62#28.75#42.63
-154.418,65.0784#28.36#28.7#42.94
-154.288,65.0826#28.12#28.67#43.21
-154.159,65.0866#27.88#28.63#43.49
-154.029,65.0905#27.64#28.6#43.76
-153.9,65.0943#27.51#28.57#43.92
-153.77,65.0979#27.41#28.56#44.03
-153.64,65.1015#27.31#28.54#44.15
-153.511,65.1049#27.21#28.53#44.26
-153.381,65.1082#27.17#28.52#44.31
-153.251,65.1113#27.14#28.51#44.35
-153.121,65.1144#27.1#28.51#44.39
-152.992,65.1173#27.07#28.5#44.43
-152.862,65.1201#27.06#28.5#44.44
-152.732,65.1228#27.05#28.49#44.46
-152.602,65.1253#27.04#28.49#44.47
-152.472,65.1277#27.03#28.49#44.48
-152.342,65.13#27.03#28.49#44.48
-152.212,65.1322#27.03#28.49#44.48
-152.082,65.1343#27.03#28.49#44.48
-151.952,65.1362#27.03#28.49#44.48
-151.822,65.138#27.04#28.5#44.46
-151.692,65.1397#27.04#28.52#44.44
-151.561,65.1412#27.05#28.53#44.42
-151.431,65.1426#27.05#28.56#44.39
-151.301,65.144#27.06#28.6#44.34
-151.171,65.1451#27.06#28.63#44.31
-151.041,65.1462#27.07#28.67#44.26
-150.911,65.1471#27.09#28.72#44.19
-150.78,65.1479#27.11#28.77#44.12
-150.65,65.1486#27.13#28.83#44.04
-150.52,65.1492#27.15#28.88#43.97
-150.39,65.1496#27.29#28.92#43.79
-150.26,65.1499#27.45#28.95#43.6
-150.129,65.1501#27.6#28.97#43.43
-149.999,65.1502#27.76#29#43.24
-149.869,65.1501#27.96#29.03#43.01
-149.739,65.1499#28.17#29.05#42.78
-149.609,65.1496#28.37#29.07#42.56
-149.478,65.1492#28.58#29.1#42.32
-149.348,65.1486#28.8#29.11#42.09
-149.218,65.1479#29.03#29.13#41.84
-149.088,65.1471#29.25#29.15#41.6
-148.958,65.1462#29.43#29.16#41.41
-148.827,65.1451#29.49#29.18#41.33
-148.697,65.1439#29.56#29.19#41.25
-148.567,65.1426#29.63#29.2#41.17
-148.437,65.1412#29.64#29.2#41.16
-148.307,65.1396#29.59#29.18#41.23
-148.177,65.138#29.54#29.16#41.3
-148.047,65.1362#29.49#29.14#41.37
-147.917,65.1342#29.45#29.08#41.47
-147.787,65.1322#29.42#29.01#41.57
-147.657,65.13#29.38#28.94#41.68
-147.527,65.1277#29.34#28.87#41.79
-147.397,65.1253#29.25#28.77#41.98
-147.267,65.1227#29.14#28.66#42.2
-147.137,65.1201#29.04#28.54#42.42
-147.007,65.1173#28.93#28.43#42.64
-146.877,65.1144#28.81#28.38#42.81
-146.747,65.1113#28.69#28.33#42.98
-146.617,65.1081#28.58#28.28#43.14
-146.488,65.1049#28.46#28.23#43.31
-146.358,65.1014#28.42#28.19#43.39
-146.228,65.0979#28.37#28.15#43.48
-146.099,65.0942#28.31#28.11#43.58
-145.969,65.0905#28.27#28.08#43.65
-145.839,65.0865#28.23#28.05#43.72
-145.71,65.0825#28.2#28.03#43.77
-145.58,65.0784#28.16#28#43.84
-145.451,65.0741#28.13#27.98#43.89
-145.322,65.0697#28.11#27.97#43.92
-145.192,65.0652#28.08#27.96#43.96
-145.063,65.0605#28.06#27.95#43.99
-144.934,65.0557#28.04#27.94#44.02
-144.805,65.0509#28.02#27.93#44.05
-144.676,65.0458#28#27.93#44.07
-144.546,65.0407#27.98#27.92#44.1
-144.417,65.0354#27.96#27.93#44.11
-144.288,65.0301#27.94#27.93#44.13
-144.16,65.0246#27.92#27.94#44.14
-144.031,65.0189#27.9#27.95#44.15
-143.902,65.0132#27.89#27.97#44.14
-143.773,65.0073#27.87#27.98#44.15
-143.645,65.0013#27.85#28#44.15
-143.516,64.9952#27.83#28.02#44.15
-143.387,64.989#27.82#28.05#44.13
-143.259,64.9826#27.8#28.09#44.11
-143.131,64.9761#27.78#28.14#44.08
-143.002,64.9695#27.76#28.18#44.06
-142.874,64.9628#27.74#28.25#44.01
-142.746,64.956#27.73#28.32#43.95
-142.618,64.949#27.71#28.39#43.9
-142.49,64.9419#27.69#28.45#43.86
-142.362,64.9347#27.67#28.41#43.92
-142.234,64.9274#27.65#28.36#43.99
-142.106,64.9199#27.63#28.32#44.05
-141.978,64.9123#27.61#28.28#44.11
-141.851,64.9047#27.59#28.22#44.19
-159.059,64.9016#35.05#29.96#34.99
-158.932,64.9101#34.79#30.01#35.2
-158.804,64.9185#34.54#30.04#35.42
-158.677,64.9268#34.28#30.06#35.66
-158.549,64.935#34.02#30.09#35.89
-158.422,64.9431#33.78#30.11#36.11
-158.294,64.951#33.55#30.13#36.32
-158.166,64.9589#33.32#30.14#36.54
-158.038,64.9666#33.09#30.16#36.75
-157.91,64.9742#32.88#30.17#36.95
-157.782,64.9816#32.68#30.18#37.14
-157.654,64.989#32.48#30.19#37.33
-157.526,64.9962#32.28#30.2#37.52
-157.397,65.0033#32.08#30.2#37.72
-157.269,65.0103#31.87#30.21#37.92
-157.14,65.0171#31.66#30.21#38.13
-157.012,65.0239#31.45#30.22#38.33
-156.883,65.0305#31.42#30.22#38.36
-156.755,65.037#31.41#30.22#38.37
-156.626,65.0434#31.4#30.23#38.37
-156.497,65.0496#31.39#30.23#38.38
-156.368,65.0557#31.27#30.18#38.55
-156.239,65.0618#31.14#30.13#38.73
-156.11,65.0676#31.01#30.08#38.91
-155.981,65.0734#30.88#30.02#39.1
-155.852,65.079#30.72#29.9#39.38
-155.723,65.0846#30.56#29.77#39.67
-155.594,65.09#30.41#29.64#39.95
-155.464,65.0952#30.25#29.51#40.24
-155.335,65.1004#30.08#29.35#40.57
-155.206,65.1054#29.91#29.19#40.9
-155.076,65.1103#29.74#29.03#41.23
-154.947,65.1151#29.52#28.91#41.57
-154.817,65.1197#29.23#28.85#41.92
-154.687,65.1243#28.94#28.79#42.27
-154.558,65.1287#28.65#28.73#42.62
-154.428,65.133#28.39#28.68#42.93
-154.298,65.1371#28.16#28.65#43.19
-154.168,65.1412#27.93#28.62#43.45
-154.039,65.1451#27.7#28.59#43.71
-153.909,65.1489#27.57#28.57#43.86
-153.779,65.1525#27.47#28.55#43.98
-153.649,65.1561#27.38#28.54#44.08
-153.519,65.1595#27.29#28.53#44.18
-153.389,65.1628#27.25#28.52#44.23
-153.259,65.166#27.21#28.51#44.28
-153.128,65.169#27.18#28.51#44.31
-152.998,65.172#27.15#28.5#44.35
-152.868,65.1748#27.14#28.5#44.36
-152.738,65.1774#27.14#28.5#44.36
-152.608,65.18#27.13#28.49#44.38
-152.477,65.1824#27.12#28.49#44.39
-152.347,65.1847#27.12#28.49#44.39
-152.217,65.1869#27.12#28.49#44.39
-152.087,65.1889#27.13#28.49#44.38
-151.956,65.1909#27.13#28.5#44.37
-151.826,65.1927#27.13#28.51#44.36
-151.695,65.1944#27.14#28.53#44.33
-151.565,65.1959#27.14#28.54#44.32
-151.435,65.1974#27.15#28.57#44.28
-151.304,65.1987#27.16#28.61#44.23
-151.174,65.1998#27.16#28.65#44.19
-151.043,65.2009#27.17#28.69#44.14
-150.913,65.2018#27.19#28.73#44.08
-150.782,65.2026#27.21#28.78#44.01
-150.652,65.2033#27.23#28.84#43.93
-150.521,65.2039#27.25#28.89#43.86
-150.391,65.2043#27.38#28.92#43.7
-150.26,65.2046#27.52#28.95#43.53
-150.13,65.2048#27.67#28.97#43.36
-149.999,65.2049#27.81#29#43.19
-149.869,65.2048#28.02#29.02#42.96
-149.738,65.2046#28.22#29.05#42.73
-149.608,65.2043#28.42#29.07#42.51
-149.477,65.2039#28.62#29.09#42.29
-149.347,65.2033#28.83#29.11#42.06
-149.216,65.2026#29.04#29.12#41.84
-149.086,65.2018#29.25#29.14#41.61
-148.955,65.2009#29.42#29.15#41.43
-148.825,65.1998#29.49#29.16#41.35
-148.694,65.1986#29.56#29.17#41.27
-148.564,65.1973#29.63#29.18#41.19
-148.433,65.1959#29.65#29.17#41.18
-148.303,65.1943#29.62#29.15#41.23
-148.173,65.1927#29.59#29.13#41.28
-148.042,65.1909#29.56#29.1#41.34
-147.912,65.1889#29.54#29.05#41.41
-147.781,65.1869#29.52#28.97#41.51
-147.651,65.1847#29.49#28.9#41.61
-147.521,65.1824#29.47#28.83#41.7
-147.391,65.18#29.38#28.73#41.89
-147.26,65.1774#29.29#28.62#42.09
-147.13,65.1747#29.19#28.51#42.3
-147,65.1719#29.09#28.4#42.51
-146.87,65.169#28.97#28.35#42.68
-146.74,65.1659#28.86#28.31#42.83
-146.61,65.1628#28.74#28.26#43
-146.48,65.1595#28.63#28.22#43.15
-146.35,65.156#28.58#28.18#43.24
-146.22,65.1525#28.53#28.14#43.33
-146.09,65.1488#28.48#28.11#43.41
-145.96,65.145#28.43#28.07#43.5
-145.83,65.1411#28.4#28.05#43.55
-145.7,65.1371#28.36#28.02#43.62
-145.57,65.1329#28.33#28#43.67
-145.441,65.1286#28.3#27.98#43.72
-145.311,65.1242#28.27#27.97#43.76
-145.181,65.1197#28.25#27.95#43.8
-145.052,65.115#28.22#27.94#43.84
-144.922,65.1102#28.2#27.93#43.87
-144.793,65.1053#28.18#27.92#43.9
-144.663,65.1003#28.16#27.92#43.92
-144.534,65.0952#28.14#27.91#43.95
-144.405,65.0899#28.12#27.91#43.97
-144.276,65.0845#28.1#27.92#43.98
-144.146,65.079#28.09#27.93#43.98
-144.017,65.0733#28.07#27.93#44
-143.888,65.0676#28.05#27.95#44
-143.759,65.0617#28.03#27.96#44.01
-143.63,65.0557#28.01#27.98#44.01
-143.501,65.0495#27.99#27.99#44.02
-143.373,65.0433#27.98#28.03#43.99
-143.244,65.0369#27.96#28.07#43.97
-143.115,65.0304#27.94#28.11#43.95
-142.986,65.0238#27.92#28.15#43.93
-142.858,65.0171#27.9#28.21#43.89
-142.729,65.0102#27.88#28.28#43.84
-142.601,65.0032#27.86#28.35#43.79
-142.473,64.9961#27.84#28.39#43.77
-142.345,64.9889#27.82#28.34#43.84
-142.216,64.9815#27.8#28.29#43.91
-142.088,64.9741#27.78#28.25#43.97
-141.96,64.9665#27.76#28.2#44.04
-141.832,64.9588#27.75#28.14#44.11
-141.705,64.9509#27.73#28.08#44.19
-141.577,64.943#27.71#28.02#44.27
-141.449,64.9349#27.69#27.98#44.33
-141.321,64.9267#27.66#27.96#44.38
-141.194,64.9184#27.64#27.94#44.42
-141.067,64.91#27.62#27.92#44.46
-140.939,64.9014#27.6#27.92#44.48
-159.843,64.9016#36.46#29.56#33.98
-159.716,64.9109#36.2#29.65#34.15
-159.589,64.9201#35.95#29.73#34.32
-159.462,64.9291#35.69#29.8#34.51
-159.334,64.9381#35.43#29.86#34.71
-159.207,64.9469#35.18#29.92#34.9
-159.08,64.9555#34.92#29.97#35.11
-158.952,64.9641#34.66#30.02#35.32
-158.824,64.9726#34.4#30.04#35.56
-158.696,64.9809#34.14#30.07#35.79
-158.569,64.9891#33.88#30.1#36.02
-158.441,64.9972#33.64#30.12#36.24
-158.313,65.0052#33.41#30.13#36.46
-158.184,65.013#33.18#30.15#36.67
-158.056,65.0207#32.96#30.16#36.88
-157.928,65.0283#32.75#30.17#37.08
-157.8,65.0358#32.55#30.18#37.27
-157.671,65.0432#32.36#30.19#37.45
-157.543,65.0504#32.17#30.2#37.63
-157.414,65.0575#31.97#30.21#37.82
-157.285,65.0645#31.76#30.21#38.03
-157.157,65.0714#31.54#30.22#38.24
-157.028,65.0782#31.33#30.22#38.45
-156.899,65.0848#31.29#30.22#38.49
-156.77,65.0913#31.29#30.23#38.48
-156.641,65.0977#31.3#30.23#38.47
-156.512,65.104#31.31#30.23#38.46
-156.383,65.1101#31.2#30.18#38.62
-156.253,65.1161#31.08#30.13#38.79
-156.124,65.122#30.96#30.07#38.97
-155.995,65.1278#30.83#30.01#39.16
-155.865,65.1335#30.68#29.88#39.44
-155.736,65.139#30.52#29.74#39.74
-155.606,65.1444#30.37#29.61#40.02
-155.477,65.1497#30.22#29.47#40.31
-155.347,65.1549#30.06#29.31#40.63
-155.217,65.1599#29.9#29.15#40.95
-155.088,65.1648#29.74#29#41.26
-154.958,65.1696#29.54#28.88#41.58
-154.828,65.1743#29.26#28.82#41.92
-154.698,65.1788#28.98#28.77#42.25
-154.568,65.1832#28.7#28.72#42.58
-154.438,65.1875#28.45#28.68#42.87
-154.308,65.1917#28.22#28.64#43.14
-154.178,65.1957#28#28.61#43.39
-154.048,65.1997#27.78#28.58#43.64
-153.918,65.2035#27.64#28.57#43.79
-153.787,65.2072#27.55#28.55#43.9
-153.657,65.2107#27.46#28.54#44
-153.527,65.2141#27.37#28.53#44.1
-153.396,65.2174#27.33#28.52#44.15
-153.266,65.2206#27.3#28.51#44.19
-153.136,65.2237#27.27#28.51#44.22
-153.005,65.2266#27.24#28.5#44.26
-152.875,65.2294#27.23#28.5#44.27
-152.744,65.2321#27.23#28.5#44.27
-152.614,65.2347#27.22#28.49#44.29
-152.483,65.2371#27.21#28.49#44.3
-152.353,65.2394#27.22#28.49#44.29
-152.222,65.2416#27.22#28.5#44.28
-152.091,65.2436#27.22#28.5#44.28
-151.961,65.2456#27.22#28.5#44.28
-151.83,65.2474#27.23#28.52#44.25
-151.699,65.2491#27.24#28.54#44.22
-151.569,65.2506#27.24#28.56#44.2
-151.438,65.2521#27.25#28.58#44.17
-151.307,65.2534#27.26#28.62#44.12
-151.176,65.2546#27.26#28.66#44.08
-151.046,65.2556#27.27#28.7#44.03
-150.915,65.2566#27.29#28.75#43.96
-150.784,65.2574#27.31#28.79#43.9
-150.653,65.2581#27.33#28.84#43.83
-150.522,65.2586#27.35#28.89#43.76
-150.392,65.2591#27.47#28.92#43.61
-150.261,65.2594#27.6#28.95#43.45
-150.13,65.2596#27.73#28.97#43.3
-149.999,65.2596#27.87#29#43.13
-149.868,65.2596#28.07#29.02#42.91
-149.738,65.2594#28.27#29.04#42.69
-149.607,65.2591#28.47#29.06#42.47
-149.476,65.2586#28.67#29.08#42.25
-149.345,65.2581#28.86#29.1#42.04
-149.214,65.2574#29.06#29.12#41.82
-149.084,65.2566#29.25#29.13#41.62
-148.953,65.2556#29.4#29.14#41.46
-148.822,65.2546#29.48#29.15#41.37
-148.691,65.2534#29.55#29.16#41.29
-148.561,65.2521#29.62#29.16#41.22
-148.43,65.2506#29.66#29.15#41.19
-148.299,65.2491#29.65#29.12#41.23
-148.168,65.2474#29.64#29.1#41.26
-148.038,65.2456#29.63#29.07#41.3
-147.907,65.2436#29.62#29.01#41.37
-147.776,65.2416#29.61#28.93#41.46
-147.646,65.2394#29.6#28.86#41.54
-147.515,65.2371#29.59#28.79#41.62
-147.385,65.2346#29.52#28.69#41.79
-147.254,65.2321#29.43#28.59#41.98
-147.124,65.2294#29.35#28.49#42.16
-146.993,65.2266#29.26#28.39#42.35
-146.863,65.2236#29.15#28.35#42.5
-146.732,65.2206#29.04#28.3#42.66
-146.602,65.2174#28.92#28.26#42.82
-146.472,65.2141#28.82#28.22#42.96
-146.341,65.2107#28.77#28.18#43.05
-146.211,65.2071#28.72#28.15#43.13
-146.081,65.2034#28.67#28.11#43.22
-145.951,65.1996#28.63#28.08#43.29
-145.821,65.1957#28.59#28.06#43.35
-145.69,65.1916#28.55#28.04#43.41
-145.56,65.1875#28.51#28.01#43.48
-145.43,65.1832#28.48#27.99#43.53
-145.3,65.1788#28.46#27.97#43.57
-145.17,65.1742#28.43#27.96#43.61
-145.041,65.1695#28.4#27.94#43.66
-144.911,65.1647#28.38#27.93#43.69
-144.781,65.1598#28.36#27.92#43.72
-144.651,65.1548#28.33#27.91#43.76
-144.522,65.1496#28.31#27.89#43.8
-144.392,65.1443#28.29#27.9#43.81
-144.263,65.1389#28.27#27.9#43.83
-144.133,65.1334#28.25#27.91#43.84
-144.004,65.1277#28.23#27.91#43.86
-143.874,65.122#28.21#27.93#43.86
-143.745,65.1161#28.19#27.94#43.87
-143.616,65.11#28.17#27.96#43.87
-143.487,65.1039#28.15#27.97#43.88
-143.358,65.0976#28.13#28.01#43.86
-143.228,65.0912#28.11#28.04#43.85
-143.1,65.0847#28.1#28.08#43.82
-142.971,65.0781#28.08#28.12#43.8
-142.842,65.0713#28.06#28.18#43.76
-142.713,65.0645#28.04#28.24#43.72
-142.584,65.0575#28.02#28.31#43.67
-142.456,65.0503#28#28.33#43.67
-142.327,65.0431#27.98#28.27#43.75
-142.199,65.0357#27.96#28.22#43.82
-142.07,65.0282#27.94#28.17#43.89
-141.942,65.0206#27.92#28.11#43.97
-141.814,65.0129#27.9#28.05#44.05
-141.686,65.0051#27.88#27.99#44.13
-141.558,64.9971#27.85#27.93#44.22
-141.43,64.989#27.83#27.89#44.28
-141.302,64.9808#27.81#27.88#44.31
-141.174,64.9725#27.79#27.86#44.35
-141.047,64.964#27.77#27.84#44.39
-140.919,64.9554#27.75#27.85#44.4
-140.791,64.9468#27.73#27.89#44.38
-140.664,64.9379#27.71#27.93#44.36
-140.537,64.929#27.69#27.96#44.35
-140.409,64.92#27.66#28.01#44.33
-140.282,64.9108#27.64#28.06#44.3
-140.155,64.9015#27.62#28.11#44.27
-160.5,64.9072#37.68#29.3#33.02
-160.374,64.9171#37.4#29.35#33.25
-160.247,64.9268#37.12#29.4#33.48
-160.12,64.9365#36.84#29.45#33.71
-159.992,64.9461#36.57#29.5#33.93
-159.865,64.9555#36.31#29.58#34.11
-159.738,64.9648#36.06#29.67#34.27
-159.611,64.974#35.81#29.75#34.44
-159.483,64.9831#35.56#29.83#34.61
-159.355,64.992#35.3#29.89#34.81
-159.228,65.0008#35.04#29.94#35.02
-159.1,65.0096#34.79#29.99#35.22
-158.972,65.0181#34.53#30.03#35.44
-158.844,65.0266#34.27#30.05#35.68
-158.716,65.035#34.01#30.08#35.91
-158.588,65.0432#33.75#30.1#36.15
-158.46,65.0513#33.5#30.13#36.37
-158.331,65.0593#33.27#30.14#36.59
-158.203,65.0671#33.05#30.15#36.8
-158.074,65.0749#32.83#30.17#37
-157.946,65.0825#32.62#30.18#37.2
-157.817,65.09#32.43#30.19#37.38
-157.688,65.0974#32.24#30.19#37.57
-157.56,65.1047#32.06#30.2#37.74
-157.431,65.1118#31.86#30.21#37.93
-157.302,65.1188#31.64#30.21#38.15
-157.173,65.1257#31.43#30.22#38.35
-157.044,65.1325#31.22#30.22#38.56
-156.915,65.1391#31.16#30.23#38.61
-156.785,65.1457#31.18#30.23#38.59
-156.656,65.1521#31.2#30.23#38.57
-156.527,65.1583#31.23#30.23#38.54
-156.397,65.1645#31.14#30.17#38.69
-156.268,65.1705#31.02#30.11#38.87
-156.138,65.1764#30.91#30.04#39.05
-156.008,65.1822#30.79#29.97#39.24
-155.879,65.1879#30.65#29.84#39.51
-155.749,65.1934#30.5#29.7#39.8
-155.619,65.1989#30.35#29.56#40.09
-155.489,65.2042#30.21#29.42#40.37
-155.359,65.2093#30.05#29.27#40.68
-155.229,65.2144#29.9#29.13#40.97
-155.099,65.2193#29.74#28.98#41.28
-154.969,65.2241#29.56#28.86#41.58
-154.839,65.2288#29.29#28.81#41.9
-154.709,65.2334#29.02#28.76#42.22
-154.578,65.2378#28.75#28.71#42.54
-154.448,65.2421#28.5#28.67#42.83
-154.318,65.2463#28.28#28.64#43.08
-154.187,65.2503#28.07#28.61#43.32
-154.057,65.2543#27.85#28.58#43.57
-153.926,65.2581#27.71#28.56#43.73
-153.796,65.2618#27.62#28.55#43.83
-153.665,65.2653#27.54#28.54#43.92
-153.535,65.2688#27.45#28.53#44.02
-153.404,65.2721#27.41#28.52#44.07
-153.273,65.2753#27.38#28.51#44.11
-153.143,65.2783#27.36#28.51#44.13
-153.012,65.2813#27.33#28.5#44.17
-152.881,65.2841#27.32#28.5#44.18
-152.75,65.2868#27.32#28.5#44.18
-152.62,65.2893#27.31#28.5#44.19
-152.489,65.2918#27.31#28.5#44.19
-152.358,65.2941#27.31#28.5#44.19
-152.227,65.2963#27.31#28.5#44.19
-152.096,65.2984#27.32#28.5#44.18
-151.965,65.3003#27.32#28.51#44.17
-151.834,65.3021#27.33#28.53#44.14
-151.703,65.3038#27.33#28.55#44.12
-151.572,65.3054#27.34#28.57#44.09
-151.441,65.3068#27.35#28.6#44.05
-151.31,65.3081#27.36#28.64#44
-151.179,65.3093#27.36#28.68#43.96
-151.048,65.3104#27.37#28.72#43.91
-150.917,65.3113#27.39#28.76#43.85
-150.786,65.3121#27.41#28.8#43.79
-150.655,65.3128#27.43#28.85#43.72
-150.524,65.3134#27.45#28.89#43.66
-150.393,65.3138#27.56#28.92#43.52
-150.261,65.3141#27.68#28.95#43.37
-150.13,65.3143#27.8#28.97#43.23
-149.999,65.3144#27.92#29#43.08
-149.868,65.3143#28.12#29.02#42.86
-149.737,65.3141#28.32#29.04#42.64
-149.606,65.3138#28.52#29.06#42.42
-149.475,65.3134#28.71#29.08#42.21
-149.344,65.3128#28.89#29.09#42.02
-149.213,65.3121#29.07#29.11#41.82
-149.081,65.3113#29.25#29.12#41.63
-148.95,65.3104#29.39#29.13#41.48
-148.819,65.3093#29.47#29.14#41.39
-148.688,65.3081#29.55#29.14#41.31
-148.557,65.3068#29.62#29.14#41.24
-148.426,65.3054#29.67#29.13#41.2
-148.295,65.3038#29.68#29.1#41.22
-148.164,65.3021#29.69#29.07#41.24
-148.033,65.3003#29.7#29.03#41.27
-147.902,65.2983#29.71#28.97#41.32
-147.771,65.2963#29.71#28.89#41.4
-147.64,65.2941#29.71#28.82#41.47
-147.51,65.2918#29.71#28.74#41.55
-147.379,65.2893#29.65#28.65#41.7
-147.248,65.2868#29.58#28.56#41.86
-147.117,65.2841#29.51#28.47#42.02
-146.986,65.2812#29.43#28.38#42.19
-146.856,65.2783#29.33#28.34#42.33
-146.725,65.2752#29.22#28.3#42.48
-146.594,65.272#29.11#28.26#42.63
-146.464,65.2687#29.02#28.22#42.76
-146.333,65.2653#28.97#28.18#42.85
-146.202,65.2617#28.92#28.15#42.93
-146.072,65.258#28.86#28.12#43.02
-145.941,65.2542#28.82#28.09#43.09
-145.811,65.2503#28.78#28.07#43.15
-145.681,65.2462#28.74#28.05#43.21
-145.55,65.242#28.71#28.02#43.27
-145.42,65.2377#28.67#28#43.33
-145.29,65.2333#28.65#27.98#43.37
-145.159,65.2287#28.62#27.96#43.42
-145.029,65.2241#28.59#27.95#43.46
-144.899,65.2193#28.57#27.93#43.5
-144.769,65.2143#28.55#27.91#43.54
-144.639,65.2093#28.52#27.9#43.58
-144.509,65.2041#28.5#27.89#43.61
-144.379,65.1988#28.48#27.89#43.63
-144.25,65.1934#28.45#27.89#43.66
-144.12,65.1878#28.43#27.9#43.67
-143.99,65.1822#28.41#27.9#43.69
-143.86,65.1764#28.39#27.91#43.7
-143.731,65.1705#28.37#27.93#43.7
-143.601,65.1644#28.34#27.94#43.72
-143.472,65.1583#28.32#27.96#43.72
-143.342,65.152#28.3#27.99#43.71
-143.213,65.1456#28.28#28.02#43.7
-143.084,65.139#28.25#28.05#43.7
-142.955,65.1324#28.23#28.09#43.68
-142.826,65.1256#28.21#28.15#43.64
-142.697,65.1187#28.19#28.21#43.6
-142.568,65.1117#28.17#28.27#43.56
-142.439,65.1046#28.15#28.27#43.58
-142.31,65.0973#28.13#28.21#43.66
-142.181,65.0899#28.11#28.15#43.74
-142.053,65.0824#28.09#28.09#43.82
-141.924,65.0748#28.07#28.03#43.9
-141.795,65.0671#28.05#27.97#43.98
-141.667,65.0592#28.03#27.9#44.07
-141.539,65.0512#28#27.84#44.16
-141.411,65.0431#27.98#27.81#44.21
-141.282,65.0349#27.96#27.79#44.25
-141.154,65.0265#27.94#27.78#44.28
-141.026,65.018#27.92#27.76#44.32
-140.898,65.0094#27.9#27.79#44.31
-140.771,65.0007#27.87#27.83#44.3
-140.643,64.9919#27.85#27.86#44.29
-140.515,64.9829#27.83#27.9#44.27
-140.388,64.9739#27.81#27.95#44.24
-140.26,64.9647#27.79#28.01#44.2
-140.133,64.9554#27.76#28.06#44.18
-140.006,64.9459#27.74#28.11#44.15
-139.879,64.9364#27.72#28.15#44.13
-139.752,64.9267#27.7#28.2#44.1
-139.625,64.9169#27.67#28.24#44.09
-139.498,64.907#27.65#28.28#44.07
-161.158,64.9095#38.75#29.44#31.81
-161.031,64.92#38.56#29.36#32.08
-160.905,64.9304#38.31#29.34#32.35
-160.778,64.9407#38.04#29.33#32.63
-160.651,64.9509#37.77#29.33#32.9
-160.524,64.9609#37.51#29.32#33.17
-160.397,64.9708#37.23#29.36#33.41
-160.27,64.9807#36.96#29.41#33.63
-160.142,64.9903#36.68#29.47#33.85
-160.015,64.9999#36.41#29.52#34.07
-159.887,65.0094#36.16#29.6#34.24
-159.76,65.0187#35.91#29.69#34.4
-159.632,65.0279#35.66#29.78#34.56
-159.504,65.037#35.42#29.86#34.72
-159.376,65.046#35.16#29.91#34.93
-159.249,65.0548#34.91#29.96#35.13
-159.12,65.0636#34.65#30#35.35
-158.992,65.0722#34.4#30.04#35.56
-158.864,65.0807#34.14#30.07#35.79
-158.736,65.089#33.88#30.09#36.03
-158.607,65.0973#33.61#30.11#36.28
-158.479,65.1054#33.36#30.13#36.51
-158.35,65.1134#33.14#30.15#36.71
-158.221,65.1213#32.92#30.16#36.92
-158.093,65.1291#32.7#30.17#37.13
-157.964,65.1367#32.49#30.18#37.33
-157.835,65.1442#32.31#30.19#37.5
-157.706,65.1516#32.13#30.2#37.67
-157.577,65.1589#31.95#30.21#37.84
-157.448,65.1661#31.76#30.21#38.03
-157.318,65.1731#31.56#30.22#38.22
-157.189,65.18#31.37#30.22#38.41
-157.06,65.1868#31.17#30.23#38.6
-156.93,65.1935#31.1#30.23#38.67
-156.801,65.2#31.12#30.22#38.66
-156.671,65.2064#31.14#30.21#38.65
-156.541,65.2127#31.16#30.21#38.63
-156.412,65.2189#31.09#30.15#38.76
-156.282,65.2249#30.97#30.08#38.95
-156.152,65.2309#30.86#30.01#39.13
-156.022,65.2367#30.75#29.93#39.32
-155.892,65.2424#30.62#29.8#39.58
-155.762,65.2479#30.47#29.65#39.88
-155.632,65.2533#30.33#29.51#40.16
-155.502,65.2587#30.19#29.37#40.44
-155.371,65.2638#30.04#29.23#40.73
-155.241,65.2689#29.9#29.1#41
-155.111,65.2738#29.75#28.96#41.29
-154.98,65.2787#29.59#28.85#41.56
-154.85,65.2834#29.32#28.8#41.88
-154.719,65.2879#29.06#28.75#42.19
-154.589,65.2924#28.8#28.7#42.5
-154.458,65.2967#28.55#28.66#42.79
-154.328,65.3009#28.34#28.63#43.03
-154.197,65.3049#28.13#28.61#43.26
-154.066,65.3089#27.93#28.58#43.49
-153.935,65.3127#27.78#28.56#43.66
-153.805,65.3164#27.7#28.55#43.75
-153.674,65.32#27.62#28.54#43.84
-153.543,65.3234#27.54#28.53#43.93
-153.412,65.3267#27.49#28.52#43.99
-153.281,65.3299#27.47#28.52#44.01
-153.15,65.333#27.44#28.51#44.05
-153.019,65.336#27.42#28.51#44.07
-152.888,65.3388#27.41#28.5#44.09
-152.757,65.3415#27.41#28.5#44.09
-152.626,65.344#27.4#28.5#44.1
-152.494,65.3465#27.4#28.5#44.1
-152.363,65.3488#27.4#28.5#44.1
-152.232,65.351#27.41#28.51#44.08
-152.101,65.3531#27.41#28.51#44.08
-151.97,65.355#27.42#28.52#44.06
-151.838,65.3568#27.43#28.54#44.03
-151.707,65.3585#27.43#28.56#44.01
-151.576,65.3601#27.44#28.58#43.98
-151.444,65.3616#27.45#28.61#43.94
-151.313,65.3629#27.46#28.65#43.89
-151.182,65.3641#27.46#28.69#43.85
-151.05,65.3651#27.47#28.73#43.8
-150.919,65.3661#27.49#28.77#43.74
-150.788,65.3669#27.51#28.81#43.68
-150.656,65.3676#27.53#28.86#43.61
-150.525,65.3681#27.55#28.9#43.55
-150.393,65.3686#27.65#28.92#43.43
-150.262,65.3689#27.76#28.95#43.29
-150.131,65.3691#27.86#28.97#43.17
-149.999,65.3691#27.97#29#43.03
-149.868,65.3691#28.17#29.01#42.82
-149.736,65.3689#28.37#29.03#42.6
-149.605,65.3686#28.56#29.05#42.39
-149.474,65.3681#28.75#29.07#42.18
-149.342,65.3676#28.92#29.09#41.99
-149.211,65.3669#29.08#29.1#41.82
-149.079,65.3661#29.25#29.11#41.64
-148.948,65.3651#29.38#29.12#41.5
-148.817,65.364#29.46#29.12#41.42
-148.685,65.3629#29.54#29.12#41.34
-148.554,65.3615#29.62#29.12#41.26
-148.423,65.3601#29.68#29.1#41.22
-148.291,65.3585#29.71#29.07#41.22
-148.16,65.3568#29.74#29.03#41.23
-148.029,65.355#29.78#29#41.22
-147.897,65.3531#29.8#28.93#41.27
-147.766,65.351#29.81#28.85#41.34
-147.635,65.3488#29.83#28.78#41.39
-147.504,65.3465#29.84#28.7#41.46
-147.373,65.344#29.79#28.62#41.59
-147.242,65.3414#29.73#28.53#41.74
-147.11,65.3387#29.67#28.45#41.88
-146.979,65.3359#29.61#28.37#42.02
-146.848,65.333#29.51#28.34#42.15
-146.717,65.3299#29.4#28.3#42.3
-146.586,65.3267#29.3#28.25#42.45
-146.455,65.3234#29.22#28.22#42.56
-146.325,65.3199#29.16#28.19#42.65
-146.194,65.3164#29.11#28.16#42.73
-146.063,65.3127#29.06#28.13#42.81
-145.932,65.3088#29.01#28.1#42.89
-145.801,65.3049#28.97#28.08#42.95
-145.671,65.3008#28.94#28.06#43
-145.54,65.2966#28.9#28.04#43.06
-145.409,65.2923#28.87#28.01#43.12
-145.279,65.2879#28.84#27.99#43.17
-145.148,65.2833#28.81#27.97#43.22
-145.018,65.2786#28.78#27.95#43.27
-144.888,65.2738#28.76#27.93#43.31
-144.757,65.2688#28.73#27.91#43.36
-144.627,65.2638#28.71#27.89#43.4
-144.497,65.2586#28.68#27.88#43.44
-144.367,65.2533#28.66#27.88#43.46
-144.236,65.2478#28.64#27.88#43.48
-144.106,65.2423#28.62#27.89#43.49
-143.976,65.2366#28.59#27.89#43.52
-143.846,65.2308#28.57#27.9#43.53
-143.717,65.2249#28.55#27.92#43.53
-143.587,65.2188#28.53#27.93#43.54
-143.457,65.2126#28.5#27.95#43.55
-143.327,65.2063#28.48#27.98#43.54
-143.198,65.1999#28.46#28#43.54
-143.068,65.1934#28.43#28.03#43.54
-142.939,65.1867#28.41#28.08#43.51
-142.809,65.1799#28.39#28.13#43.48
-142.68,65.173#28.36#28.18#43.46
-142.551,65.166#28.34#28.23#43.43
-142.422,65.1588#28.31#28.21#43.48
-142.292,65.1515#28.29#28.14#43.57
-142.163,65.1441#28.27#28.07#43.66
-142.035,65.1366#28.24#28.01#43.75
-141.906,65.129#28.22#27.94#43.84
-141.777,65.1212#28.2#27.88#43.92
-141.648,65.1133#28.18#27.82#44
-141.52,65.1053#28.15#27.75#44.1
-141.391,65.0972#28.13#27.73#44.14
-141.263,65.0889#28.11#27.71#44.18
-141.134,65.0806#28.09#27.7#44.21
-141.006,65.0721#28.07#27.68#44.25
-140.878,65.0635#28.04#27.72#44.24
-140.75,65.0547#28.02#27.76#44.22
-140.622,65.0459#28#27.8#44.2
-140.494,65.0369#27.97#27.85#44.18
-140.366,65.0278#27.95#27.9#44.15
-140.239,65.0186#27.93#27.96#44.11
-140.111,65.0092#27.91#28.01#44.08
-139.983,64.9998#27.88#28.06#44.06
-139.856,64.9902#27.86#28.11#44.03
-139.729,64.9805#27.84#28.15#44.01
-139.602,64.9707#27.81#28.19#44
-139.475,64.9608#27.79#28.23#43.98
-139.348,64.9507#27.77#28.26#43.97
-139.221,64.9406#27.74#28.28#43.98
-139.094,64.9303#27.72#28.3#43.98
-138.967,64.9199#27.7#28.32#43.98
-138.841,64.9094#27.67#28.29#44.04
-161.815,64.9086#39.55#30.13#30.32
-161.689,64.9198#39.35#29.93#30.72
-161.563,64.9308#39.15#29.73#31.12
-161.436,64.9417#38.95#29.6#31.45
-161.309,64.9525#38.75#29.53#31.72
-161.183,64.9631#38.55#29.45#32
-161.056,64.9737#38.36#29.38#32.26
-160.929,64.9841#38.12#29.34#32.54
-160.802,64.9944#37.86#29.34#32.8
-160.675,65.0046#37.59#29.34#33.07
-160.548,65.0147#37.33#29.34#33.33
-160.42,65.0246#37.06#29.37#33.57
-160.293,65.0345#36.79#29.43#33.78
-160.165,65.0442#36.52#29.49#33.99
-160.037,65.0538#36.25#29.55#34.2
-159.91,65.0633#36#29.62#34.38
-159.782,65.0726#35.76#29.71#34.53
-159.654,65.0818#35.52#29.8#34.68
-159.526,65.091#35.28#29.89#34.83
-159.398,65.0999#35.03#29.94#35.03
-159.269,65.1088#34.77#29.98#35.25
-159.141,65.1176#34.52#30.02#35.46
-159.013,65.1262#34.26#30.05#35.69
-158.884,65.1347#34#30.08#35.92
-158.755,65.1431#33.74#30.1#36.16
-158.627,65.1514#33.49#30.12#36.39
-158.498,65.1595#33.23#30.14#36.63
-158.369,65.1676#33.02#30.15#36.83
-158.24,65.1755#32.81#30.17#37.02
-158.111,65.1832#32.6#30.18#37.22
-157.982,65.1909#32.4#30.19#37.41
-157.853,65.1984#32.22#30.2#37.58
-157.723,65.2059#32.04#30.2#37.76
-157.594,65.2132#31.86#30.21#37.93
-157.465,65.2203#31.68#30.22#38.1
-157.335,65.2274#31.49#30.22#38.29
-157.205,65.2343#31.31#30.23#38.46
-157.076,65.2411#31.14#30.23#38.63
-156.946,65.2478#31.04#30.23#38.73
-156.816,65.2543#31.06#30.22#38.72
-156.686,65.2608#31.07#30.2#38.73
-156.556,65.2671#31.09#30.19#38.72
-156.426,65.2733#31.03#30.14#38.83
-156.296,65.2794#30.92#30.05#39.03
-156.166,65.2853#30.82#29.97#39.21
-156.036,65.2911#30.71#29.89#39.4
-155.905,65.2968#30.58#29.76#39.66
-155.775,65.3024#30.45#29.61#39.94
-155.645,65.3078#30.31#29.46#40.23
-155.514,65.3132#30.18#29.32#40.5
-155.384,65.3184#30.04#29.19#40.77
-155.253,65.3234#29.89#29.07#41.04
-155.122,65.3284#29.75#28.95#41.3
-154.992,65.3332#29.61#28.83#41.56
-154.861,65.3379#29.35#28.78#41.87
-154.73,65.3425#29.1#28.74#42.16
-154.599,65.3469#28.85#28.69#42.46
-154.468,65.3513#28.61#28.65#42.74
-154.338,65.3555#28.4#28.63#42.97
-154.207,65.3596#28.2#28.6#43.2
-154.076,65.3635#28#28.58#43.42
-153.944,65.3673#27.85#28.56#43.59
-153.813,65.371#27.77#28.55#43.68
-153.682,65.3746#27.7#28.54#43.76
-153.551,65.3781#27.62#28.53#43.85
-153.42,65.3814#27.57#28.52#43.91
-153.289,65.3846#27.55#28.52#43.93
-153.157,65.3877#27.53#28.51#43.96
-153.026,65.3907#27.51#28.51#43.98
-152.895,65.3935#27.5#28.5#44
-152.763,65.3962#27.5#28.5#44
-152.632,65.3988#27.49#28.5#44.01
-152.5,65.4012#27.49#28.5#44.01
-152.369,65.4035#27.5#28.5#44
-152.237,65.4057#27.5#28.51#43.99
-152.106,65.4078#27.51#28.52#43.97
-151.974,65.4098#27.51#28.52#43.97
-151.843,65.4116#27.52#28.55#43.93
