-151.403,66.9003#28.1#29.73#42.17
-151.263,66.9016#28.15#29.76#42.09
-151.122,66.9028#28.2#29.8#42
-150.982,66.9038#28.24#29.83#41.93
-150.842,66.9046#28.28#29.86#41.86
-150.701,66.9054#28.32#29.88#41.8
-150.561,66.906#28.35#29.91#41.74
-150.42,66.9065#28.39#29.94#41.67
-150.28,66.9068#28.41#29.97#41.62
-150.14,66.907#28.44#29.99#41.57
-149.999,66.9071#28.47#30.02#41.51
-149.859,66.907#28.47#30.04#41.49
-149.718,66.9068#28.48#30.06#41.46
-149.578,66.9065#28.49#30.08#41.43
-149.437,66.906#28.49#30.09#41.42
-149.297,66.9054#28.47#30.09#41.44
-149.157,66.9046#28.45#30.09#41.46
-149.016,66.9038#28.43#30.09#41.48
-148.876,66.9027#28.42#30.09#41.49
-148.735,66.9016#28.4#30.09#41.51
-148.595,66.9003#28.39#30.09#41.52
-154.215,66.9014#28.39#28.95#42.66
-154.075,66.9053#28.2#28.97#42.83
-153.935,66.9092#28.07#29#42.93
-153.795,66.9129#28#29.03#42.97
-153.654,66.9165#27.93#29.07#43
-153.514,66.9199#27.86#29.1#43.04
-153.374,66.9232#27.83#29.14#43.03
-153.234,66.9264#27.81#29.19#43
-153.093,66.9294#27.79#29.23#42.98
-152.953,66.9323#27.77#29.28#42.95
-152.812,66.9351#27.77#29.34#42.89
-152.672,66.9377#27.77#29.4#42.83
-152.532,66.9402#27.77#29.45#42.78
-152.391,66.9426#27.79#29.51#42.7
-152.25,66.9448#27.81#29.56#42.63
-152.11,66.9469#27.84#29.61#42.55
-151.969,66.9489#27.86#29.66#42.48
-151.829,66.9507#27.91#29.71#42.38
-151.688,66.9524#27.95#29.75#42.3
-151.547,66.954#27.99#29.79#42.22
-151.407,66.9554#28.04#29.83#42.13
-151.266,66.9567#28.09#29.86#42.05
-151.125,66.9578#28.14#29.9#41.96
-150.984,66.9588#28.18#29.93#41.89
-150.844,66.9597#28.22#29.96#41.82
-150.703,66.9605#28.26#29.99#41.75
-150.562,66.9611#28.29#30.02#41.69
-150.421,66.9615#28.32#30.05#41.63
-150.281,66.9619#28.35#30.07#41.58
-150.14,66.9621#28.38#30.1#41.52
-149.999,66.9622#28.4#30.13#41.47
-149.858,66.9621#28.41#30.15#41.44
-149.718,66.9619#28.41#30.17#41.42
-149.577,66.9615#28.41#30.19#41.4
-149.436,66.9611#28.41#30.2#41.39
-149.295,66.9605#28.38#30.2#41.42
-149.155,66.9597#28.36#30.2#41.44
-149.014,66.9588#28.34#30.2#41.46
-148.873,66.9578#28.32#30.21#41.47
-148.732,66.9567#28.3#30.21#41.49
-148.592,66.9554#28.28#30.22#41.5
-148.451,66.954#28.32#30.23#41.45
-148.31,66.9524#28.49#30.25#41.26
-148.17,66.9507#28.65#30.26#41.09
-148.029,66.9489#28.81#30.28#40.91
-147.888,66.9469#29.05#30.29#40.66
-147.748,66.9448#29.29#30.31#40.4
-147.607,66.9426#29.55#30.32#40.13
-147.467,66.9402#29.82#30.34#39.84
-147.326,66.9377#30.14#30.35#39.51
-147.186,66.9351#30.47#30.36#39.17
-147.045,66.9323#30.79#30.37#38.84
-146.905,66.9294#31.01#30.37#38.62
-146.765,66.9264#31.19#30.37#38.44
-146.624,66.9232#31.37#30.37#38.26
-146.484,66.9199#31.52#30.36#38.12
-146.344,66.9164#31.55#30.35#38.1
-146.204,66.9128#31.58#30.34#38.08
-146.064,66.9091#31.6#30.32#38.08
-145.923,66.9053#31.6#30.3#38.1
-145.783,66.9013#31.56#30.28#38.16
-155.766,66.9035#29.58#28.88#41.54
-155.626,66.909#29.55#28.87#41.58
-155.486,66.9143#29.53#28.87#41.6
-155.346,66.9195#29.49#28.88#41.63
-155.206,66.9246#29.45#28.88#41.67
-155.066,66.9295#29.42#28.89#41.69
-154.926,66.9343#29.3#28.9#41.8
-154.786,66.939#29.11#28.92#41.97
-154.646,66.9435#28.92#28.94#42.14
-154.506,66.9479#28.73#28.96#42.31
-154.366,66.9522#28.54#28.98#42.48
-154.225,66.9563#28.35#29.01#42.64
-154.085,66.9603#28.15#29.03#42.82
-153.944,66.9641#28#29.06#42.94
-153.804,66.9679#27.93#29.1#42.97
-153.663,66.9714#27.86#29.14#43
-153.523,66.9749#27.79#29.17#43.04
-153.382,66.9782#27.76#29.22#43.02
-153.242,66.9814#27.74#29.27#42.99
-153.101,66.9844#27.71#29.31#42.98
-152.96,66.9874#27.7#29.36#42.94
-152.819,66.9901#27.7#29.42#42.88
-152.679,66.9928#27.7#29.48#42.82
-152.538,66.9953#27.69#29.54#42.77
-152.397,66.9977#27.71#29.6#42.69
-152.256,66.9999#27.74#29.65#42.61
-152.115,67.002#27.76#29.71#42.53
-151.974,67.004#27.79#29.76#42.45
-151.833,67.0058#27.84#29.8#42.36
-151.692,67.0075#27.88#29.85#42.27
-151.551,67.009#27.93#29.89#42.18
-151.41,67.0105#27.98#29.93#42.09
-151.269,67.0118#28.03#29.96#42.01
-151.128,67.0129#28.08#30#41.92
-150.987,67.0139#28.13#30.03#41.84
-150.846,67.0148#28.16#30.06#41.78
-150.705,67.0156#28.19#30.09#41.72
-150.564,67.0162#28.23#30.13#41.64
-150.422,67.0166#28.26#30.15#41.59
-150.281,67.017#28.28#30.18#41.54
-150.14,67.0172#28.31#30.21#41.48
-149.999,67.0172#28.34#30.24#41.42
-149.858,67.0172#28.34#30.26#41.4
-149.717,67.017#28.34#30.28#41.38
-149.576,67.0166#28.34#30.3#41.36
-149.435,67.0162#28.33#30.31#41.36
-149.294,67.0155#28.3#30.31#41.39
-149.152,67.0148#28.27#30.31#41.42
-149.011,67.0139#28.25#30.31#41.44
-148.87,67.0129#28.22#30.33#41.45
-148.729,67.0117#28.19#30.34#41.47
-148.588,67.0105#28.17#30.35#41.48
-148.447,67.009#28.21#30.36#41.43
-148.306,67.0075#28.37#30.38#41.25
-148.165,67.0058#28.52#30.4#41.08
-148.024,67.0039#28.68#30.42#40.9
-147.883,67.002#28.9#30.44#40.66
-147.742,66.9999#29.14#30.45#40.41
-147.601,66.9976#29.37#30.47#40.16
-147.461,66.9953#29.64#30.49#39.87
-147.32,66.9927#29.99#30.5#39.51
-147.179,66.9901#30.33#30.51#39.16
-147.038,66.9873#30.68#30.52#38.8
-146.897,66.9844#30.92#30.53#38.55
-146.757,66.9814#31.12#30.53#38.35
-146.616,66.9782#31.32#30.53#38.15
-146.475,66.9749#31.49#30.52#37.99
-146.335,66.9714#31.52#30.51#37.97
-146.194,66.9678#31.56#30.5#37.94
-146.054,66.9641#31.59#30.48#37.93
-145.913,66.9602#31.58#30.46#37.96
-145.773,66.9562#31.56#30.44#38
-145.633,66.9521#31.53#30.41#38.06
-145.492,66.9478#31.49#30.38#38.13
-145.352,66.9434#31.37#30.29#38.34
-145.212,66.9389#31.25#30.21#38.54
-145.072,66.9343#31.13#30.12#38.75
-144.932,66.9295#31.02#30.03#38.95
-144.792,66.9245#30.91#29.95#39.14
-144.652,66.9195#30.81#29.86#39.33
-144.512,66.9143#30.7#29.78#39.52
-144.372,66.9089#30.66#29.73#39.61
-144.233,66.9034#30.62#29.68#39.7
-157.037,66.903#28.68#29.5#41.82
-156.898,66.9097#28.87#29.37#41.76
-156.758,66.9162#29.07#29.25#41.68
-156.619,66.9226#29.27#29.14#41.59
-156.479,66.9289#29.45#29.04#41.51
-156.339,66.9351#29.49#29.01#41.5
-156.2,66.9411#29.53#28.97#41.5
-156.06,66.947#29.57#28.94#41.49
-155.92,66.9527#29.57#28.92#41.51
-155.78,66.9583#29.55#28.91#41.54
-155.64,66.9638#29.52#28.91#41.57
-155.5,66.9692#29.5#28.9#41.6
-155.359,66.9744#29.46#28.91#41.63
-155.219,66.9794#29.43#28.92#41.65
-155.079,66.9844#29.39#28.94#41.67
-154.938,66.9892#29.29#28.95#41.76
-154.798,66.9939#29.09#28.97#41.94
-154.657,66.9984#28.9#28.99#42.11
-154.517,67.0028#28.7#29.01#42.29
-154.376,67.0071#28.5#29.04#42.46
-154.236,67.0112#28.3#29.07#42.63
-154.095,67.0152#28.1#29.1#42.8
-153.954,67.0191#27.94#29.13#42.93
-153.813,67.0228#27.87#29.17#42.96
-153.672,67.0264#27.79#29.21#43
-153.532,67.0299#27.72#29.24#43.04
-153.391,67.0332#27.69#29.29#43.02
-153.25,67.0364#27.66#29.34#43
-153.109,67.0395#27.64#29.39#42.97
-152.967,67.0424#27.62#29.45#42.93
-152.826,67.0452#27.62#29.51#42.87
-152.685,67.0478#27.62#29.57#42.81
-152.544,67.0503#27.62#29.63#42.75
-152.403,67.0527#27.63#29.69#42.68
-152.262,67.055#27.66#29.75#42.59
-152.12,67.0571#27.69#29.8#42.51
-151.979,67.059#27.72#29.85#42.43
-151.838,67.0609#27.77#29.9#42.33
-151.696,67.0626#27.82#29.94#42.24
-151.555,67.0641#27.87#29.99#42.14
-151.414,67.0656#27.92#30.03#42.05
-151.272,67.0669#27.97#30.07#41.96
-151.131,67.068#28.02#30.1#41.88
-150.989,67.069#28.07#30.14#41.79
-150.848,67.0699#28.1#30.17#41.73
-150.706,67.0707#28.13#30.2#41.67
-150.565,67.0713#28.17#30.23#41.6
-150.424,67.0717#28.19#30.26#41.55
-150.282,67.0721#28.22#30.29#41.49
-150.141,67.0723#28.25#30.32#41.43
-149.999,67.0724#28.27#30.35#41.38
-149.858,67.0723#28.27#30.37#41.36
-149.716,67.0721#28.27#30.39#41.34
-149.575,67.0717#28.26#30.41#41.33
-149.433,67.0713#28.25#30.42#41.33
-149.292,67.0707#28.21#30.42#41.37
-149.15,67.0699#28.18#30.43#41.39
-149.009,67.069#28.15#30.43#41.42
-148.867,67.068#28.12#30.44#41.44
-148.726,67.0668#28.09#30.46#41.45
-148.585,67.0655#28.06#30.48#41.46
-148.443,67.0641#28.1#30.5#41.4
-148.302,67.0625#28.25#30.52#41.23
-148.161,67.0608#28.4#30.54#41.06
-148.019,67.059#28.55#30.56#40.89
-147.878,67.057#28.76#30.58#40.66
-147.737,67.0549#28.98#30.6#40.42
-147.595,67.0527#29.2#30.62#40.18
-147.454,67.0503#29.47#30.64#39.89
-147.313,67.0478#29.84#30.65#39.51
-147.172,67.0451#30.2#30.66#39.14
-147.031,67.0424#30.56#30.68#38.76
-146.89,67.0394#30.82#30.68#38.5
-146.749,67.0364#31.05#30.68#38.27
-146.608,67.0332#31.28#30.68#38.04
-146.467,67.0299#31.46#30.68#37.86
-146.326,67.0264#31.5#30.67#37.83
-146.185,67.0228#31.54#30.65#37.81
-146.044,67.0191#31.57#30.64#37.79
-145.903,67.0152#31.57#30.62#37.81
-145.763,67.0112#31.55#30.6#37.85
-145.622,67.007#31.52#30.57#37.91
-145.481,67.0028#31.48#30.54#37.98
-145.341,66.9984#31.35#30.45#38.2
-145.2,66.9938#31.22#30.36#38.42
-145.06,66.9891#31.09#30.27#38.64
-144.919,66.9843#30.96#30.19#38.85
-144.779,66.9794#30.84#30.11#39.05
-144.639,66.9743#30.72#30.03#39.25
-144.499,66.9691#30.6#29.94#39.46
-144.358,66.9637#30.56#29.9#39.54
-144.218,66.9583#30.52#29.85#39.63
-144.078,66.9526#30.47#29.81#39.72
-143.938,66.9469#30.44#29.77#39.79
-143.799,66.941#30.42#29.74#39.84
-143.659,66.935#30.4#29.71#39.89
-143.519,66.9288#30.38#29.68#39.94
-143.379,66.9225#30.37#29.66#39.97
-143.24,66.9161#30.37#29.63#40
-143.1,66.9096#30.36#29.61#40.03
-142.961,66.9029#30.36#29.58#40.06
-158.03,66.907#28.19#30.29#41.52
-157.891,66.9147#28.13#30.22#41.65
-157.752,66.9222#28.08#30.14#41.78
-157.613,66.9295#28.03#30.06#41.91
-157.473,66.9368#28.02#29.96#42.02
-157.334,66.9439#28.2#29.8#42
-157.194,66.9508#28.38#29.64#41.98
-157.054,66.9577#28.57#29.48#41.95
-156.915,66.9644#28.77#29.35#41.88
-156.775,66.9709#28.98#29.25#41.77
-156.635,66.9773#29.19#29.15#41.66
-156.495,66.9836#29.4#29.05#41.55
-156.355,66.9898#29.44#29.02#41.54
-156.215,66.9958#29.48#28.99#41.53
-156.075,67.0017#29.52#28.96#41.52
-155.934,67.0075#29.54#28.94#41.52
-155.794,67.0131#29.51#28.94#41.55
-155.654,67.0186#29.49#28.94#41.57
-155.513,67.024#29.47#28.94#41.59
-155.373,67.0292#29.44#28.95#41.61
-155.232,67.0343#29.4#28.97#41.63
-155.091,67.0393#29.36#28.98#41.66
-154.951,67.0441#29.27#29#41.73
-154.81,67.0488#29.07#29.02#41.91
-154.669,67.0533#28.87#29.04#42.09
-154.528,67.0578#28.67#29.07#42.26
-154.387,67.062#28.47#29.09#42.44
-154.246,67.0662#28.26#29.13#42.61
-154.105,67.0702#28.06#29.16#42.78
-153.964,67.0741#27.88#29.19#42.93
-153.823,67.0778#27.81#29.23#42.96
-153.681,67.0814#27.73#29.27#43
-153.54,67.0849#27.65#29.32#43.03
-153.399,67.0882#27.61#29.37#43.02
-153.258,67.0914#27.59#29.42#42.99
-153.116,67.0945#27.57#29.47#42.96
-152.975,67.0974#27.55#29.53#42.92
-152.833,67.1002#27.54#29.59#42.87
-152.692,67.1029#27.54#29.66#42.8
-152.55,67.1054#27.54#29.73#42.73
-152.409,67.1078#27.56#29.78#42.66
-152.267,67.11#27.58#29.84#42.58
-152.126,67.1121#27.61#29.89#42.5
-151.984,67.1141#27.65#29.95#42.4
-151.842,67.116#27.7#29.99#42.31
-151.701,67.1177#27.75#30.04#42.21
-151.559,67.1192#27.8#30.09#42.11
-151.417,67.1207#27.86#30.13#42.01
-151.275,67.122#27.91#30.17#41.92
-151.134,67.1231#27.96#30.2#41.84
-150.992,67.1241#28.01#30.24#41.75
-150.85,67.125#28.04#30.27#41.69
-150.708,67.1258#28.07#30.31#41.62
-150.566,67.1264#28.1#30.34#41.56
-150.425,67.1269#28.13#30.37#41.5
-150.283,67.1272#28.16#30.4#41.44
-150.141,67.1274#28.18#30.43#41.39
-149.999,67.1275#28.21#30.46#41.33
-149.857,67.1274#28.2#30.48#41.32
-149.715,67.1272#28.19#30.5#41.31
-149.574,67.1269#28.19#30.52#41.29
-149.432,67.1264#28.16#30.53#41.31
-149.29,67.1258#28.13#30.54#41.33
-149.148,67.125#28.09#30.54#41.37
-149.006,67.1241#28.06#30.54#41.4
-148.865,67.1231#28.02#30.56#41.42
-148.723,67.1219#27.98#30.58#41.44
-148.581,67.1206#27.95#30.61#41.44
-148.439,67.1192#27.99#30.63#41.38
-148.298,67.1176#28.13#30.65#41.22
-148.156,67.1159#28.27#30.68#41.05
-148.014,67.1141#28.42#30.7#40.88
-147.873,67.1121#28.61#30.72#40.67
-147.731,67.11#28.82#30.74#40.44
-147.59,67.1078#29.03#30.77#40.2
-147.448,67.1054#29.3#30.79#39.91
-147.306,67.1028#29.69#30.8#39.51
-147.165,67.1002#30.07#30.82#39.11
-147.023,67.0974#30.46#30.83#38.71
-146.882,67.0945#30.73#30.84#38.43
-146.741,67.0914#30.99#30.84#38.17
-146.599,67.0882#31.24#30.84#37.92
-146.458,67.0849#31.42#30.84#37.74
-146.317,67.0814#31.47#30.83#37.7
-146.176,67.0778#31.52#30.81#37.67
-146.034,67.074#31.56#30.8#37.64
-145.893,67.0702#31.56#30.78#37.66
-145.752,67.0661#31.54#30.75#37.71
-145.611,67.062#31.52#30.73#37.75
-145.47,67.0577#31.48#30.69#37.83
-145.329,67.0533#31.33#30.6#38.07
-145.188,67.0487#31.18#30.52#38.3
-145.048,67.044#31.04#30.43#38.53
-144.907,67.0392#30.9#30.35#38.75
-144.766,67.0343#30.77#30.27#38.96
-144.626,67.0292#30.63#30.19#39.18
-144.485,67.0239#30.51#30.12#39.37
-144.345,67.0186#30.46#30.07#39.47
-144.204,67.0131#30.42#30.02#39.56
-144.064,67.0074#30.37#29.98#39.65
-143.924,67.0017#30.34#29.94#39.72
-143.783,66.9958#30.31#29.91#39.78
-143.643,66.9897#30.29#29.88#39.83
-143.503,66.9836#30.27#29.85#39.88
-143.363,66.9773#30.26#29.83#39.91
-143.223,66.9708#30.26#29.8#39.94
-143.083,66.9643#30.25#29.78#39.97
-142.944,66.9576#30.25#29.75#40
-142.804,66.9507#30.25#29.73#40.02
-142.665,66.9438#30.25#29.7#40.05
-142.525,66.9367#30.25#29.68#40.07
-142.386,66.9294#30.25#29.59#40.16
-142.246,66.9221#30.26#29.5#40.24
-142.107,66.9146#30.26#29.4#40.34
-141.968,66.9069#30.27#29.31#40.42
-159.023,66.9043#28.85#30.34#40.81
-158.884,66.9129#28.7#30.34#40.96
-158.746,66.9214#28.56#30.35#41.09
-158.607,66.9297#28.43#30.35#41.22
-158.468,66.9378#28.31#30.35#41.34
-158.328,66.9459#28.22#30.33#41.45
-158.189,66.9538#28.14#30.31#41.55
-158.05,66.9616#28.06#30.29#41.65
-157.91,66.9692#28#30.23#41.77
-157.771,66.9767#27.95#30.14#41.91
-157.631,66.9841#27.91#30.05#42.04
-157.491,66.9914#27.88#29.95#42.17
-157.352,66.9985#28.07#29.79#42.14
-157.212,67.0055#28.26#29.63#42.11
-157.072,67.0123#28.46#29.47#42.07
-156.932,67.019#28.67#29.34#41.99
-156.792,67.0256#28.89#29.24#41.87
-156.651,67.0321#29.11#29.15#41.74
-156.511,67.0384#29.33#29.07#41.6
-156.371,67.0446#29.39#29.04#41.57
-156.23,67.0506#29.44#29.01#41.55
-156.09,67.0565#29.48#28.98#41.54
-155.949,67.0623#29.51#28.97#41.52
-155.808,67.068#29.48#28.97#41.55
-155.668,67.0735#29.46#28.97#41.57
-155.527,67.0788#29.44#28.97#41.59
-155.386,67.0841#29.41#28.99#41.6
-155.245,67.0892#29.37#29.01#41.62
-155.104,67.0942#29.34#29.02#41.64
-154.963,67.099#29.26#29.04#41.7
-154.822,67.1037#29.05#29.07#41.88
-154.681,67.1083#28.85#29.09#42.06
-154.539,67.1127#28.65#29.12#42.23
-154.398,67.117#28.44#29.15#42.41
-154.257,67.1212#28.22#29.18#42.6
-154.115,67.1252#28.01#29.22#42.77
-153.974,67.1291#27.82#29.26#42.92
-153.832,67.1328#27.74#29.31#42.95
-153.691,67.1364#27.66#29.35#42.99
-153.549,67.1399#27.58#29.4#43.02
-153.407,67.1433#27.54#29.46#43
-153.266,67.1465#27.51#29.52#42.97
-153.124,67.1495#27.49#29.58#42.93
-152.982,67.1525#27.47#29.64#42.89
-152.84,67.1553#27.46#29.71#42.83
-152.698,67.1579#27.46#29.78#42.76
-152.557,67.1605#27.46#29.85#42.69
-152.415,67.1629#27.48#29.91#42.61
-152.273,67.1651#27.51#29.97#42.52
-152.131,67.1672#27.54#30.02#42.44
-151.989,67.1692#27.58#30.08#42.34
-151.847,67.1711#27.63#30.13#42.24
-151.705,67.1728#27.68#30.17#42.15
-151.563,67.1743#27.74#30.22#42.04
-151.421,67.1758#27.79#30.26#41.95
-151.278,67.1771#27.84#30.3#41.86
-151.136,67.1782#27.89#30.34#41.77
-150.994,67.1793#27.94#30.38#41.68
-150.852,67.1801#27.97#30.41#41.62
-150.71,67.1809#28#30.45#41.55
-150.568,67.1815#28.03#30.48#41.49
-150.426,67.182#28.06#30.51#41.43
-150.283,67.1823#28.08#30.55#41.37
-150.141,67.1825#28.1#30.58#41.32
-149.999,67.1826#28.12#30.61#41.27
-149.857,67.1825#28.11#30.63#41.26
-149.715,67.1823#28.1#30.65#41.25
-149.573,67.182#28.09#30.66#41.25
-149.43,67.1815#28.06#30.68#41.26
-149.288,67.1809#28.03#30.68#41.29
-149.146,67.1801#27.99#30.69#41.32
-149.004,67.1792#27.95#30.69#41.36
-148.862,67.1782#27.92#30.72#41.36
-148.72,67.1771#27.88#30.74#41.38
-148.578,67.1758#27.85#30.77#41.38
-148.436,67.1743#27.89#30.79#41.32
-148.293,67.1727#28.02#30.81#41.17
-148.151,67.171#28.15#30.84#41.01
-148.009,67.1692#28.28#30.86#40.86
-147.867,67.1672#28.47#30.89#40.64
-147.725,67.1651#28.67#30.91#40.42
-147.584,67.1628#28.87#30.93#40.2
-147.442,67.1604#29.15#30.95#39.9
-147.3,67.1579#29.53#30.97#39.5
-147.158,67.1552#29.92#30.99#39.09
-147.016,67.1524#30.31#31#38.69
-146.874,67.1495#30.61#31.01#38.38
-146.733,67.1464#30.89#31.01#38.1
-146.591,67.1432#31.17#31.01#37.82
-146.449,67.1399#31.37#31#37.63
-146.308,67.1364#31.43#30.99#37.58
-146.166,67.1328#31.49#30.98#37.53
-146.025,67.129#31.55#30.96#37.49
-145.883,67.1251#31.55#30.94#37.51
-145.742,67.1211#31.54#30.91#37.55
-145.6,67.1169#31.52#30.89#37.59
-145.459,67.1126#31.47#30.84#37.69
-145.318,67.1082#31.31#30.76#37.93
-145.177,67.1036#31.15#30.67#38.18
-145.035,67.0989#30.99#30.59#38.42
-144.894,67.0941#30.84#30.51#38.65
-144.753,67.0891#30.69#30.44#38.87
-144.612,67.084#30.54#30.36#39.1
-144.471,67.0788#30.42#30.29#39.29
-144.331,67.0734#30.36#30.24#39.4
-144.19,67.0679#30.31#30.2#39.49
-144.049,67.0622#30.27#30.15#39.58
-143.909,67.0565#30.23#30.11#39.66
-143.768,67.0505#30.21#30.08#39.71
-143.628,67.0445#30.18#30.05#39.77
-143.487,67.0383#30.16#30.02#39.82
-143.347,67.032#30.16#30#39.84
-143.207,67.0255#30.15#29.97#39.88
-143.066,67.019#30.14#29.95#39.91
-142.926,67.0122#30.14#29.92#39.94
-142.786,67.0054#30.14#29.89#39.97
-142.647,66.9984#30.14#29.87#39.99
-142.507,66.9913#30.14#29.84#40.02
-142.367,66.984#30.15#29.75#40.1
-142.227,66.9767#30.15#29.66#40.19
-142.088,66.9691#30.15#29.57#40.28
-141.948,66.9615#30.16#29.47#40.37
-141.809,66.9537#30.16#29.38#40.46
-141.67,66.9458#30.17#29.28#40.55
-141.531,66.9377#30.18#29.18#40.64
-141.392,66.9296#30.18#29.1#40.72
-141.253,66.9212#30.19#29.03#40.78
-141.114,66.9128#30.2#28.97#40.83
-140.975,66.9042#30.2#28.9#40.9
-159.877,66.9044#29.79#30.31#39.9
-159.739,66.9138#29.61#30.32#40.07
-159.6,66.923#29.43#30.33#40.24
-159.462,66.9322#29.24#30.33#40.43
-159.323,66.9412#29.06#30.34#40.6
-159.184,66.95#28.87#30.34#40.79
-159.045,66.9587#28.69#30.35#40.96
-158.906,66.9673#28.54#30.35#41.11
-158.767,66.9758#28.41#30.36#41.23
-158.628,66.9841#28.28#30.36#41.36
-158.488,66.9923#28.16#30.36#41.48
-158.349,67.0004#28.08#30.34#41.58
-158.209,67.0083#28#30.32#41.68
-158.07,67.0161#27.93#30.29#41.78
-157.93,67.0238#27.87#30.23#41.9
-157.79,67.0313#27.83#30.14#42.03
-157.65,67.0387#27.79#30.04#42.17
-157.51,67.046#27.75#29.94#42.31
-157.37,67.0531#27.93#29.78#42.29
-157.23,67.0601#28.14#29.62#42.24
-157.089,67.067#28.35#29.45#42.2
-156.949,67.0737#28.56#29.31#42.13
-156.808,67.0804#28.79#29.23#41.98
-156.668,67.0868#29.02#29.16#41.82
-156.527,67.0931#29.26#29.08#41.66
-156.386,67.0993#29.34#29.05#41.61
-156.246,67.1054#29.39#29.03#41.58
-156.105,67.1113#29.44#29#41.56
-155.964,67.1171#29.47#28.99#41.54
-155.823,67.1228#29.45#28.99#41.56
-155.682,67.1283#29.43#29#41.57
-155.54,67.1337#29.41#29.02#41.57
-155.399,67.139#29.38#29.04#41.58
-155.258,67.1441#29.35#29.07#41.58
-155.117,67.1491#29.31#29.09#41.6
-154.975,67.1539#29.25#29.12#41.63
-154.834,67.1586#29.04#29.15#41.81
-154.692,67.1632#28.83#29.19#41.98
-154.55,67.1677#28.62#29.22#42.16
-154.409,67.172#28.4#29.26#42.34
-154.267,67.1761#28.18#29.3#42.52
-154.125,67.1802#27.96#29.34#42.7
-153.984,67.1841#27.75#29.38#42.87
-153.842,67.1878#27.67#29.43#42.9
-153.7,67.1914#27.59#29.48#42.93
-153.558,67.1949#27.51#29.54#42.95
-153.416,67.1983#27.46#29.59#42.95
-153.274,67.2015#27.43#29.65#42.92
-153.132,67.2046#27.41#29.72#42.87
-152.99,67.2075#27.38#29.78#42.84
-152.847,67.2103#27.38#29.85#42.77
-152.705,67.213#27.38#29.92#42.7
-152.563,67.2155#27.38#29.99#42.63
-152.421,67.2179#27.4#30.05#42.55
-152.278,67.2202#27.44#30.11#42.45
-152.136,67.2223#27.47#30.16#42.37
-151.994,67.2243#27.51#30.22#42.27
-151.851,67.2262#27.56#30.27#42.17
-151.709,67.2279#27.62#30.31#42.07
-151.567,67.2295#27.67#30.36#41.97
-151.424,67.2309#27.72#30.4#41.88
-151.282,67.2322#27.77#30.44#41.79
-151.139,67.2334#27.82#30.48#41.7
-150.997,67.2344#27.87#30.52#41.61
-150.854,67.2353#27.9#30.55#41.55
-150.712,67.236#27.93#30.59#41.48
-150.569,67.2366#27.96#30.63#41.41
-150.427,67.2371#27.98#30.66#41.36
-150.284,67.2375#28#30.69#41.31
-150.142,67.2377#28.02#30.72#41.26
-149.999,67.2377#28.04#30.75#41.21
-149.857,67.2377#28.02#30.77#41.21
-149.714,67.2375#28.01#30.79#41.2
-149.572,67.2371#27.99#30.81#41.2
-149.429,67.2366#27.96#30.82#41.22
-149.286,67.236#27.92#30.83#41.25
-149.144,67.2353#27.88#30.84#41.28
-149.001,67.2344#27.84#30.85#41.31
-148.859,67.2333#27.81#30.88#41.31
-148.717,67.2322#27.78#30.9#41.32
-148.574,67.2309#27.75#30.93#41.32
-148.432,67.2294#27.79#30.95#41.26
-148.289,67.2279#27.9#30.98#41.12
-148.147,67.2261#28.02#31.01#40.97
-148.004,67.2243#28.14#31.03#40.83
-147.862,67.2223#28.33#31.06#40.61
-147.72,67.2202#28.53#31.08#40.39
-147.578,67.2179#28.72#31.11#40.17
-147.435,67.2155#29#31.13#39.87
-147.293,67.213#29.37#31.15#39.48
-147.151,67.2103#29.75#31.17#39.08
-147.009,67.2075#30.12#31.19#38.69
-146.867,67.2046#30.44#31.19#38.37
-146.724,67.2015#30.74#31.2#38.06
-146.582,67.1983#31.04#31.2#37.76
-146.44,67.1949#31.25#31.19#37.56
-146.298,67.1914#31.34#31.18#37.48
-146.157,67.1878#31.42#31.16#37.42
-146.015,67.184#31.5#31.15#37.35
-145.873,67.1801#31.51#31.12#37.37
-145.731,67.1761#31.51#31.09#37.4
-145.589,67.1719#31.5#31.07#37.43
-145.448,67.1676#31.44#31.02#37.54
-145.306,67.1632#31.28#30.94#37.78
-145.165,67.1586#31.12#30.85#38.03
-145.023,67.1539#30.96#30.77#38.27
-144.882,67.149#30.79#30.69#38.52
-144.74,67.144#30.62#30.61#38.77
-144.599,67.1389#30.45#30.54#39.01
-144.458,67.1336#30.32#30.47#39.21
-144.317,67.1283#30.27#30.42#39.31
-144.176,67.1227#30.21#30.37#39.42
-144.034,67.1171#30.16#30.32#39.52
-143.894,67.1113#30.13#30.29#39.58
-143.753,67.1053#30.1#30.26#39.64
-143.612,67.0993#30.07#30.23#39.7
-143.471,67.0931#30.05#30.2#39.75
-143.33,67.0867#30.05#30.17#39.78
-143.19,67.0803#30.04#30.14#39.82
-143.049,67.0737#30.03#30.12#39.85
-142.909,67.0669#30.03#30.09#39.88
-142.769,67.0601#30.03#30.06#39.91
-142.628,67.0531#30.03#30.04#39.93
-142.488,67.0459#30.03#30#39.97
-142.348,67.0386#30.04#29.92#40.04
-142.208,67.0312#30.04#29.83#40.13
-142.068,67.0237#30.05#29.73#40.22
-141.929,67.016#30.05#29.64#40.31
-141.789,67.0082#30.06#29.54#40.4
-141.649,67.0003#30.06#29.45#40.49
-141.51,66.9922#30.07#29.35#40.58
-141.371,66.984#30.08#29.28#40.64
-141.231,66.9757#30.08#29.2#40.72
-141.092,66.9672#30.09#29.13#40.78
-140.953,66.9586#30.1#29.07#40.83
-140.814,66.9499#30.11#29.02#40.87
-140.675,66.941#30.12#28.97#40.91
-140.537,66.9321#30.13#28.92#40.95
-140.398,66.9229#30.13#28.89#40.98
-140.259,66.9137#30.14#28.87#40.99
-140.121,66.9043#30.15#28.84#41.01
-160.593,66.9097#30.49#30.31#39.2
-160.455,66.9197#30.33#30.31#39.36
-160.317,66.9297#30.16#30.31#39.53
-160.178,66.9395#29.99#30.32#39.69
-160.04,66.9491#29.82#30.32#39.86
-159.901,66.9587#29.64#30.33#40.03
-159.763,66.9681#29.45#30.33#40.22
-159.624,66.9774#29.27#30.34#40.39
-159.485,66.9865#29.08#30.34#40.58
-159.346,66.9955#28.9#30.35#40.75
-159.207,67.0044#28.72#30.35#40.93
-159.067,67.0131#28.54#30.36#41.1
-158.928,67.0218#28.39#30.36#41.25
-158.788,67.0303#28.26#30.37#41.37
-158.649,67.0386#28.14#30.37#41.49
-158.509,67.0468#28.02#30.37#41.61
-158.369,67.0549#27.94#30.35#41.71
-158.229,67.0629#27.87#30.32#41.81
-158.089,67.0707#27.79#30.29#41.92
-157.949,67.0784#27.74#30.23#42.03
-157.809,67.0859#27.7#30.14#42.16
-157.669,67.0934#27.67#30.03#42.3
-157.528,67.1006#27.63#29.93#42.44
-157.388,67.1078#27.8#29.78#42.42
-157.247,67.1148#28.01#29.61#42.38
-157.107,67.1217#28.23#29.44#42.33
-156.966,67.1285#28.45#29.29#42.26
-156.825,67.1351#28.69#29.23#42.08
-156.684,67.1416#28.94#29.18#41.88
-156.543,67.1479#29.18#29.12#41.7
-156.402,67.1541#29.29#29.1#41.61
-156.261,67.1602#29.35#29.08#41.57
-156.12,67.1662#29.4#29.07#41.53
-155.979,67.172#29.44#29.07#41.49
-155.837,67.1776#29.42#29.08#41.5
-155.696,67.1832#29.4#29.1#41.5
-155.554,67.1886#29.38#29.12#41.5
-155.413,67.1939#29.36#29.14#41.5
-155.271,67.199#29.32#29.17#41.51
-155.129,67.204#29.28#29.2#41.52
-154.987,67.2088#29.23#29.23#41.54
-154.846,67.2136#29.02#29.27#41.71
-154.704,67.2182#28.8#29.3#41.9
-154.562,67.2226#28.59#29.34#42.07
-154.42,67.2269#28.36#29.38#42.26
-154.278,67.2311#28.14#29.42#42.44
-154.136,67.2352#27.91#29.47#42.62
-153.993,67.2391#27.69#29.51#42.8
-153.851,67.2428#27.6#29.56#42.84
-153.709,67.2465#27.52#29.62#42.86
-153.567,67.25#27.44#29.67#42.89
-153.424,67.2533#27.38#29.73#42.89
-153.282,67.2566#27.36#29.79#42.85
-153.139,67.2596#27.33#29.85#42.82
-152.997,67.2626#27.3#29.92#42.78
-152.854,67.2654#27.3#29.99#42.71
-152.712,67.2681#27.3#30.06#42.64
-152.569,67.2706#27.3#30.13#42.57
-152.427,67.273#27.32#30.19#42.49
-152.284,67.2753#27.36#30.25#42.39
-152.141,67.2774#27.4#30.31#42.29
-151.999,67.2794#27.44#30.37#42.19
-151.856,67.2813#27.49#30.41#42.1
-151.713,67.283#27.55#30.45#42
-151.57,67.2846#27.61#30.5#41.89
-151.428,67.286#27.66#30.54#41.8
-151.285,67.2873#27.7#30.58#41.72
-151.142,67.2885#27.75#30.62#41.63
-150.999,67.2895#27.8#30.66#41.54
-150.856,67.2904#27.83#30.7#41.47
-150.713,67.2912#27.85#30.73#41.42
-150.571,67.2918#27.88#30.77#41.35
-150.428,67.2923#27.91#30.8#41.29
-150.285,67.2926#27.92#30.84#41.24
-150.142,67.2928#27.94#30.87#41.19
-149.999,67.2929#27.95#30.9#41.15
-149.856,67.2928#27.93#30.92#41.15
-149.713,67.2926#27.91#30.93#41.16
-149.57,67.2923#27.89#30.95#41.16
-149.428,67.2918#27.86#30.96#41.18
-149.285,67.2912#27.82#30.98#41.2
-149.142,67.2904#27.78#30.99#41.23
-148.999,67.2895#27.74#31.01#41.25
-148.856,67.2885#27.71#31.04#41.25
-148.713,67.2873#27.68#31.06#41.26
-148.571,67.286#27.65#31.09#41.26
-148.428,67.2846#27.69#31.12#41.19
-148.285,67.283#27.79#31.15#41.06
-148.142,67.2813#27.89#31.18#40.93
-148,67.2794#28#31.2#40.8
-147.857,67.2774#28.19#31.23#40.58
-147.714,67.2753#28.38#31.26#40.36
-147.572,67.273#28.57#31.28#40.15
-147.429,67.2706#28.85#31.31#39.84
-147.286,67.2681#29.21#31.33#39.46
-147.144,67.2654#29.57#31.35#39.08
-147.001,67.2626#29.93#31.37#38.7
-146.859,67.2596#30.26#31.38#38.36
-146.716,67.2565#30.59#31.38#38.03
-146.574,67.2533#30.92#31.39#37.69
-146.432,67.2499#31.14#31.38#37.48
-146.289,67.2464#31.25#31.37#37.38
-146.147,67.2428#31.36#31.35#37.29
-146.005,67.239#31.46#31.33#37.21
-145.863,67.2351#31.47#31.31#37.22
-145.721,67.2311#31.47#31.28#37.25
-145.578,67.2269#31.48#31.25#37.27
-145.436,67.2226#31.41#31.2#37.39
-145.294,67.2181#31.25#31.13#37.62
-145.153,67.2135#31.1#31.05#37.85
-145.011,67.2088#30.94#30.97#38.09
-144.869,67.2039#30.76#30.9#38.34
-144.727,67.1989#30.57#30.82#38.61
-144.586,67.1938#30.39#30.74#38.87
-144.444,67.1885#30.25#30.68#39.07
-144.303,67.1831#30.18#30.63#39.19
-144.161,67.1776#30.11#30.58#39.31
-144.02,67.1719#30.05#30.53#39.42
-143.878,67.1661#30.01#30.49#39.5
-143.737,67.1601#29.99#30.46#39.55
-143.596,67.1541#29.96#30.42#39.62
-143.455,67.1478#29.94#30.39#39.67
-143.314,67.1415#29.93#30.35#39.72
-143.173,67.135#29.93#30.32#39.75
-143.032,67.1284#29.92#30.29#39.79
-142.892,67.1216#29.92#30.26#39.82
-142.751,67.1147#29.92#30.23#39.85
-142.61,67.1077#29.92#30.2#39.88
-142.47,67.1006#29.93#30.16#39.91
-142.329,67.0933#29.93#30.08#39.99
-142.189,67.0858#29.94#29.99#40.07
-142.049,67.0783#29.94#29.9#40.16
-141.909,67.0706#29.95#29.81#40.24
-141.769,67.0628#29.95#29.71#40.34
-141.629,67.0548#29.96#29.62#40.42
-141.489,67.0467#29.97#29.52#40.51
-141.349,67.0385#29.97#29.45#40.58
-141.21,67.0301#29.98#29.37#40.65
-141.07,67.0217#29.99#29.3#40.71
-140.931,67.013#30#29.23#40.77
-140.792,67.0043#30.01#29.18#40.81
-140.652,66.9954#30.01#29.13#40.86
-140.513,66.9864#30.02#29.08#40.9
-140.374,66.9772#30.03#29.05#40.92
-140.236,66.968#30.04#29.01#40.95
-140.097,66.9586#30.05#28.99#40.96
-139.958,66.949#30.06#28.96#40.98
-139.82,66.9393#30.07#28.94#40.99
-139.681,66.9295#30.08#28.93#40.99
-139.543,66.9196#30.1#28.91#40.99
-139.405,66.9095#30.11#28.89#41
-161.447,66.9006#31.36#30.36#38.28
-161.309,66.9114#31.18#30.35#38.47
-161.172,66.9222#31#30.34#38.66
-161.034,66.9328#30.82#30.33#38.85
-160.896,66.9433#30.66#30.33#39.01
-160.757,66.9536#30.5#30.33#39.17
-160.619,66.9638#30.34#30.33#39.33
-160.481,66.9739#30.18#30.33#39.49
-160.342,66.9839#30.01#30.33#39.66
-160.203,66.9937#29.84#30.34#39.82
-160.065,67.0034#29.66#30.34#40
-159.926,67.0129#29.48#30.34#40.18
-159.787,67.0224#29.3#30.34#40.36
-159.647,67.0317#29.11#30.35#40.54
-159.508,67.0408#28.93#30.35#40.72
-159.369,67.0499#28.74#30.36#40.9
-159.229,67.0588#28.56#30.36#41.08
-159.09,67.0676#28.38#30.36#41.26
-158.95,67.0762#28.23#30.37#41.4
-158.81,67.0847#28.11#30.37#41.52
-158.67,67.0931#27.99#30.38#41.63
-158.53,67.1013#27.87#30.38#41.75
-158.39,67.1094#27.79#30.36#41.85
-158.25,67.1174#27.73#30.33#41.94
-158.109,67.1253#27.66#30.29#42.05
-157.969,67.133#27.61#30.24#42.15
-157.828,67.1405#27.58#30.14#42.28
-157.688,67.148#27.56#30.04#42.4
-157.547,67.1553#27.53#29.94#42.53
-157.406,67.1625#27.67#29.8#42.53
-157.265,67.1695#27.9#29.65#42.45
-157.124,67.1764#28.13#29.5#42.37
-156.983,67.1832#28.36#29.36#42.28
-156.842,67.1898#28.61#29.31#42.08
-156.701,67.1963#28.86#29.25#41.89
-156.559,67.2027#29.11#29.2#41.69
-156.418,67.2089#29.25#29.18#41.57
-156.277,67.215#29.3#29.17#41.53
-156.135,67.221#29.36#29.16#41.48
-155.993,67.2268#29.41#29.16#41.43
-155.852,67.2325#29.39#29.18#41.43
-155.71,67.238#29.38#29.2#41.42
-155.568,67.2435#29.36#29.22#41.42
-155.426,67.2487#29.33#29.24#41.43
-155.284,67.2539#29.29#29.28#41.43
-155.142,67.2589#29.26#29.31#41.43
-155,67.2638#29.22#29.34#41.44
-154.858,67.2685#29#29.38#41.62
-154.715,67.2731#28.78#29.42#41.8
-154.573,67.2776#28.56#29.46#41.98
-154.431,67.2819#28.33#29.5#42.17
-154.288,67.2861#28.1#29.55#42.35
-154.146,67.2902#27.86#29.59#42.55
-154.003,67.2941#27.63#29.64#42.73
-153.861,67.2979#27.54#29.69#42.77
-153.718,67.3015#27.45#29.75#42.8
-153.576,67.305#27.36#29.8#42.84
-153.433,67.3084#27.31#29.86#42.83
-153.29,67.3116#27.28#29.93#42.79
-153.147,67.3147#27.25#29.99#42.76
-153.004,67.3177#27.22#30.06#42.72
-152.862,67.3205#27.22#30.13#42.65
-152.719,67.3232#27.22#30.2#42.58
-152.576,67.3257#27.23#30.26#42.51
-152.433,67.3281#27.25#30.33#42.42
-152.29,67.3304#27.29#30.39#42.32
-152.147,67.3326#27.33#30.45#42.22
-152.004,67.3346#27.37#30.51#42.12
-151.861,67.3364#27.43#30.55#42.02
-151.718,67.3381#27.48#30.59#41.93
-151.574,67.3397#27.54#30.63#41.83
-151.431,67.3412#27.59#30.68#41.73
-151.288,67.3425#27.64#30.72#41.64
-151.145,67.3436#27.68#30.76#41.56
-151.002,67.3447#27.72#30.8#41.48
-150.858,67.3456#27.75#30.84#41.41
-150.715,67.3463#27.78#30.88#41.34
-150.572,67.347#27.81#30.91#41.28
-150.429,67.3474#27.83#30.95#41.22
-150.286,67.3478#27.84#30.98#41.18
-150.142,67.348#27.86#31.02#41.12
-149.999,67.3481#27.87#31.05#41.08
-149.856,67.348#27.84#31.06#41.1
-149.713,67.3478#27.82#31.08#41.1
-149.569,67.3474#27.79#31.09#41.12
-149.426,67.3469#27.76#31.11#41.13
-149.283,67.3463#27.72#31.13#41.15
-149.14,67.3456#27.67#31.15#41.18
-148.997,67.3447#27.63#31.17#41.2
-148.853,67.3436#27.6#31.2#41.2
-148.71,67.3425#27.58#31.23#41.19
-148.567,67.3411#27.55#31.26#41.19
-148.424,67.3397#27.59#31.29#41.12
-148.281,67.3381#27.68#31.32#41
-148.138,67.3364#27.77#31.35#40.88
-147.995,67.3345#27.86#31.37#40.77
-147.851,67.3325#28.05#31.4#40.55
-147.708,67.3304#28.24#31.43#40.33
-147.565,67.3281#28.42#31.46#40.12
-147.422,67.3257#28.7#31.49#39.81
-147.28,67.3232#29.04#31.51#39.45
-147.137,67.3205#29.39#31.53#39.08
-146.994,67.3176#29.74#31.55#38.71
-146.851,67.3147#30.09#31.56#38.35
-146.708,67.3116#30.45#31.57#37.98
-146.565,67.3083#30.79#31.58#37.63
-146.423,67.305#31.03#31.57#37.4
-146.28,67.3015#31.16#31.56#37.28
-146.137,67.2978#31.3#31.54#37.16
-145.995,67.294#31.42#31.52#37.06
-145.852,67.2901#31.43#31.49#37.08
-145.71,67.2861#31.44#31.47#37.09
-145.567,67.2819#31.45#31.44#37.11
-145.425,67.2775#31.38#31.39#37.23
-145.283,67.2731#31.23#31.32#37.45
-145.141,67.2685#31.08#31.25#37.67
-144.998,67.2637#30.92#31.18#37.9
-144.856,67.2588#30.72#31.1#38.18
-144.714,67.2538#30.52#31.03#38.45
-144.572,67.2487#30.33#30.95#38.72
-144.43,67.2434#30.18#30.89#38.93
-144.288,67.238#30.1#30.84#39.06
-144.147,67.2324#30.01#30.8#39.19
-144.005,67.2267#29.93#30.75#39.32
-143.863,67.2209#29.9#30.71#39.39
-143.722,67.2149#29.87#30.68#39.45
-143.58,67.2088#29.84#30.64#39.52
-143.439,67.2026#29.82#30.61#39.57
-143.297,67.1962#29.81#30.57#39.62
-143.156,67.1897#29.8#30.54#39.66
-143.015,67.1831#29.8#30.5#39.7
-142.874,67.1763#29.8#30.47#39.73
-142.733,67.1694#29.8#30.44#39.76
-142.592,67.1624#29.8#30.4#39.8
-142.451,67.1552#29.81#30.35#39.84
-142.31,67.1479#29.82#30.26#39.92
-142.17,67.1405#29.82#30.17#40.01
-142.029,67.1329#29.83#30.07#40.1
-141.889,67.1252#29.84#29.98#40.18
-141.749,67.1173#29.85#29.88#40.27
-141.608,67.1093#29.85#29.79#40.36
-141.468,67.1012#29.86#29.7#40.44
-141.328,67.093#29.87#29.62#40.51
-141.188,67.0846#29.88#29.54#40.58
-141.048,67.0761#29.89#29.46#40.65
-140.909,67.0675#29.89#29.4#40.71
-140.769,67.0587#29.9#29.34#40.76
-140.63,67.0498#29.91#29.29#40.8
-140.49,67.0407#29.92#29.23#40.85
-140.351,67.0316#29.93#29.2#40.87
-140.212,67.0223#29.94#29.16#40.9
-140.073,67.0128#29.95#29.12#40.93
-139.934,67.0033#29.96#29.1#40.94
-139.795,66.9936#29.98#29.08#40.94
-139.656,66.9837#29.99#29.06#40.95
-139.518,66.9738#30#29.04#40.96
-139.379,66.9637#30.01#29.02#40.97
-139.241,66.9535#30.02#29#40.98
-139.103,66.9431#30.03#28.97#41
-138.965,66.9326#30.04#28.96#41
-138.827,66.922#30.06#28.95#40.99
-138.689,66.9113#30.07#28.93#41
-138.551,66.9004#30.08#28.92#41
-162.026,66.9097#32#30.82#37.18
-161.888,66.9211#31.81#30.7#37.49
-161.751,66.9324#31.62#30.6#37.78
-161.613,66.9435#31.42#30.49#38.09
-161.475,66.9546#31.22#30.41#38.37
-161.337,66.9654#31.04#30.39#38.57
-161.199,66.9762#30.86#30.38#38.76
-161.061,66.9868#30.68#30.36#38.96
-160.922,66.9974#30.51#30.35#39.14
-160.784,67.0077#30.35#30.35#39.3
-160.645,67.018#30.19#30.35#39.46
-160.506,67.0281#30.03#30.35#39.62
-160.367,67.0381#29.86#30.35#39.79
-160.228,67.0479#29.68#30.35#39.97
-160.089,67.0576#29.51#30.35#40.14
-159.95,67.0672#29.33#30.35#40.32
-159.811,67.0767#29.14#30.36#40.5
-159.671,67.086#28.96#30.36#40.68
-159.532,67.0952#28.77#30.36#40.87
-159.392,67.1043#28.59#30.37#41.04
-159.252,67.1132#28.41#30.37#41.22
-159.112,67.122#28.23#30.37#41.4
-158.972,67.1307#28.07#30.38#41.55
-158.832,67.1392#27.96#30.39#41.65
-158.692,67.1476#27.86#30.4#41.74
-158.551,67.1558#27.75#30.4#41.85
-158.411,67.164#27.68#30.39#41.93
-158.27,67.172#27.62#30.35#42.03
-158.129,67.1798#27.56#30.32#42.12
-157.989,67.1876#27.51#30.28#42.21
-157.848,67.1952#27.49#30.18#42.33
-157.707,67.2026#27.46#30.08#42.46
-157.566,67.2099#27.44#29.97#42.59
-157.425,67.2171#27.55#29.85#42.6
-157.283,67.2242#27.79#29.7#42.51
-157.142,67.2311#28.02#29.56#42.42
-157.001,67.2379#28.26#29.42#42.32
-156.859,67.2446#28.52#29.38#42.1
-156.717,67.2511#28.77#29.33#41.9
-156.576,67.2575#29.03#29.28#41.69
-156.434,67.2637#29.2#29.26#41.54
-156.292,67.2698#29.26#29.25#41.49
-156.15,67.2758#29.32#29.25#41.43
-156.008,67.2816#29.38#29.25#41.37
-155.866,67.2874#29.36#29.27#41.37
-155.724,67.2929#29.35#29.29#41.36
-155.582,67.2984#29.33#29.32#41.35
-155.44,67.3037#29.3#29.35#41.35
-155.297,67.3088#29.27#29.38#41.35
-155.155,67.3138#29.23#29.41#41.36
-155.012,67.3187#29.2#29.45#41.35
-154.87,67.3235#28.99#29.49#41.52
-154.727,67.3281#28.76#29.53#41.71
-154.585,67.3326#28.53#29.57#41.9
-154.442,67.3369#28.3#29.62#42.08
-154.299,67.3411#28.06#29.67#42.27
-154.156,67.3452#27.81#29.72#42.47
-154.013,67.3491#27.57#29.77#42.66
-153.87,67.3529#27.47#29.82#42.71
-153.727,67.3566#27.38#29.88#42.74
-153.584,67.3601#27.29#29.93#42.78
-153.441,67.3635#27.23#30#42.77
-153.298,67.3667#27.2#30.06#42.74
-153.155,67.3698#27.17#30.13#42.7
-153.012,67.3728#27.14#30.2#42.66
-152.869,67.3756#27.14#30.27#42.59
-152.725,67.3783#27.14#30.34#42.52
-152.582,67.3808#27.15#30.4#42.45
-152.439,67.3833#27.17#30.47#42.36
-152.296,67.3855#27.21#30.53#42.26
-152.152,67.3877#27.26#30.59#42.15
-152.009,67.3897#27.3#30.65#42.05
-151.865,67.3916#27.36#30.69#41.95
-151.722,67.3933#27.42#30.73#41.85
-151.578,67.3949#27.48#30.77#41.75
-151.435,67.3963#27.53#30.81#41.66
-151.291,67.3976#27.57#30.86#41.57
-151.148,67.3988#27.61#30.9#41.49
-151.004,67.3998#27.65#30.94#41.41
-150.861,67.4007#27.68#30.98#41.34
-150.717,67.4015#27.71#31.02#41.27
-150.573,67.4021#27.74#31.06#41.2
-150.43,67.4026#27.76#31.09#41.15
-150.286,67.4029#27.77#31.13#41.1
-150.143,67.4032#27.77#31.16#41.07
-149.999,67.4032#27.78#31.2#41.02
-149.856,67.4032#27.75#31.21#41.04
-149.712,67.4029#27.72#31.22#41.06
-149.568,67.4026#27.7#31.23#41.07
-149.425,67.4021#27.66#31.25#41.09
-149.281,67.4015#27.61#31.28#41.11
-149.138,67.4007#27.57#31.3#41.13
-148.994,67.3998#27.52#31.32#41.16
-148.85,67.3988#27.5#31.36#41.14
-148.707,67.3976#27.48#31.39#41.13
-148.563,67.3963#27.46#31.42#41.12
-148.42,67.3948#27.49#31.45#41.06
-148.276,67.3933#27.56#31.48#40.96
-148.133,67.3915#27.64#31.51#40.85
-147.989,67.3897#27.72#31.55#40.73
-147.846,67.3877#27.9#31.58#40.52
-147.703,67.3855#28.09#31.61#40.3
-147.559,67.3832#28.27#31.64#40.09
-147.416,67.3808#28.55#31.67#39.78
-147.273,67.3783#28.88#31.69#39.43
-147.129,67.3756#29.21#31.72#39.07
-146.986,67.3727#29.55#31.74#38.71
-146.843,67.3698#29.93#31.75#38.32
-146.7,67.3667#30.3#31.76#37.94
-146.557,67.3634#30.67#31.77#37.56
-146.414,67.36#30.92#31.76#37.32
-146.271,67.3565#31.08#31.74#37.18
-146.128,67.3529#31.24#31.72#37.04
-145.985,67.3491#31.38#31.71#36.91
-145.842,67.3451#31.4#31.68#36.92
-145.699,67.3411#31.41#31.65#36.94
-145.556,67.3369#31.43#31.62#36.95
-145.414,67.3325#31.35#31.58#37.07
-145.271,67.328#31.2#31.51#37.29
-145.128,67.3234#31.05#31.45#37.5
-144.986,67.3187#30.9#31.39#37.71
-144.843,67.3138#30.68#31.31#38.01
-144.701,67.3087#30.47#31.24#38.29
-144.559,67.3036#30.26#31.16#38.58
-144.416,67.2983#30.11#31.1#38.79
-144.274,67.2929#30.01#31.06#38.93
-144.132,67.2873#29.91#31.01#39.08
-143.99,67.2816#29.82#30.97#39.21
-143.848,67.2757#29.78#30.93#39.29
-143.706,67.2698#29.75#30.9#39.35
-143.564,67.2636#29.72#30.86#39.42
-143.422,67.2574#29.69#30.82#39.49
-143.281,67.251#29.69#30.79#39.52
-143.139,67.2445#29.68#30.76#39.56
-142.998,67.2378#29.67#30.72#39.61
-142.856,67.231#29.67#30.69#39.64
-142.715,67.2241#29.67#30.66#39.67
-142.574,67.2171#29.68#30.62#39.7
-142.433,67.2099#29.68#30.56#39.76
-142.291,67.2025#29.69#30.48#39.83
-142.15,67.1951#29.7#30.39#39.91
-142.01,67.1875#29.71#30.31#39.98
-141.869,67.1797#29.72#30.2#40.08
-141.728,67.1719#29.73#30.1#40.17
-141.588,67.1639#29.74#30#40.26
-141.447,67.1557#29.75#29.9#40.35
-141.307,67.1475#29.76#29.81#40.43
-141.166,67.1391#29.77#29.72#40.51
-141.026,67.1305#29.78#29.63#40.59
-140.886,67.1219#29.79#29.56#40.65
-140.746,67.1131#29.8#29.5#40.7
-140.606,67.1042#29.81#29.44#40.75
-140.467,67.0951#29.82#29.39#40.79
-140.327,67.0859#29.83#29.34#40.83
-140.188,67.0766#29.84#29.3#40.86
-140.048,67.0671#29.85#29.26#40.89
-139.909,67.0575#29.86#29.23#40.91
-139.77,67.0478#29.88#29.21#40.91
-139.631,67.0379#29.89#29.19#40.92
-139.492,67.028#29.9#29.17#40.93
-139.353,67.0178#29.91#29.14#40.95
-139.215,67.0076#29.92#29.12#40.96
-139.076,66.9972#29.94#29.09#40.97
-138.938,66.9867#29.95#29.07#40.98
-138.799,66.9761#29.96#29.06#40.98
-138.661,66.9653#29.97#29.05#40.98
-138.523,66.9544#29.98#29.04#40.98
-138.385,66.9434#30#29.04#40.96
-138.248,66.9322#30.01#29.05#40.94
-138.11,66.9209#30.02#29.06#40.92
-137.973,66.9095#30.04#29.07#40.89
-162.741,66.9044#32.69#31.3#36.01
-162.604,66.9165#32.54#31.32#36.14
-162.467,66.9285#32.39#31.3#36.31
-162.33,66.9403#32.22#31.15#36.63
-162.192,66.952#32.05#31.01#36.94
-162.055,66.9636#31.88#30.88#37.24
-161.917,66.975#31.69#30.76#37.55
-161.779,66.9863#31.49#30.66#37.85
-161.641,66.9975#31.29#30.56#38.15
-161.503,67.0085#31.08#30.46#38.46
-161.365,67.0195#30.9#30.44#38.66
-161.226,67.0303#30.72#30.42#38.86
-161.088,67.0409#30.53#30.4#39.07
-160.949,67.0515#30.36#30.38#39.26
-160.81,67.0619#30.2#30.38#39.42
-160.671,67.0721#30.04#30.38#39.58
-160.532,67.0823#29.88#30.37#39.75
-160.393,67.0923#29.71#30.37#39.92
-160.254,67.1022#29.53#30.37#40.1
-160.114,67.1119#29.36#30.37#40.27
-159.975,67.1215#29.18#30.37#40.45
-159.835,67.131#28.99#30.37#40.64
-159.695,67.1403#28.81#30.38#40.81
-159.555,67.1496#28.62#30.38#41
-159.415,67.1586#28.45#30.39#41.16
-159.275,67.1676#28.28#30.4#41.32
