-153.416,59.9018#31.7#29.55#38.75
-153.309,59.905#31.5#29.56#38.94
-153.203,59.908#31.3#29.57#39.13
-153.096,59.9109#31.09#29.58#39.33
-152.99,59.9138#30.88#29.59#39.53
-152.883,59.9165#30.6#29.6#39.8
-152.777,59.9192#30.31#29.6#40.09
-152.67,59.9217#30.03#29.61#40.36
-152.563,59.9241#29.74#29.62#40.64
-152.456,59.9265#29.44#29.62#40.94
-152.35,59.9287#29.1#29.62#41.28
-152.243,59.9309#28.76#29.63#41.61
-152.136,59.9329#28.42#29.63#41.95
-152.03,59.9349#28.08#29.63#42.29
-151.923,59.9367#27.83#29.64#42.53
-151.816,59.9385#27.6#29.64#42.76
-151.709,59.9401#27.38#29.64#42.98
-151.602,59.9417#27.15#29.64#43.21
-151.496,59.9431#26.94#29.64#43.42
-151.389,59.9444#26.84#29.63#43.53
-151.282,59.9457#26.74#29.61#43.65
-151.175,59.9468#26.64#29.59#43.77
-151.068,59.9479#26.54#29.58#43.88
-150.961,59.9488#26.47#29.55#43.98
-150.854,59.9497#26.42#29.49#44.09
-150.748,59.9504#26.37#29.44#44.19
-150.641,59.9511#26.32#29.39#44.29
-150.534,59.9516#26.28#29.34#44.38
-150.427,59.9521#26.25#29.27#44.48
-150.32,59.9524#26.22#29.2#44.58
-150.213,59.9527#26.2#29.12#44.68
-150.106,59.9528#26.18#29.05#44.77
-149.999,59.9529#26.16#28.98#44.86
-149.892,59.9528#26.15#28.94#44.91
-149.786,59.9527#26.14#28.89#44.97
-149.679,59.9524#26.13#28.85#45.02
-149.572,59.9521#26.12#28.81#45.07
-149.465,59.9516#26.11#28.77#45.12
-149.358,59.9511#26.11#28.76#45.13
-149.251,59.9504#26.1#28.75#45.15
-149.144,59.9497#26.1#28.73#45.17
-149.037,59.9488#26.09#28.72#45.19
-148.93,59.9479#26.09#28.72#45.19
-148.824,59.9468#26.09#28.72#45.19
-148.717,59.9457#26.08#28.72#45.2
-148.61,59.9444#26.08#28.72#45.2
-148.503,59.9431#26.08#28.72#45.2
-148.396,59.9416#26.08#28.75#45.17
-148.289,59.9401#26.08#28.77#45.15
-148.183,59.9384#26.08#28.8#45.12
-148.076,59.9367#26.08#28.82#45.1
-147.969,59.9348#26.07#28.86#45.07
-147.862,59.9329#26.07#28.92#45.01
-147.756,59.9309#26.07#28.98#44.95
-147.649,59.9287#26.07#29.05#44.88
-147.542,59.9265#26.07#29.11#44.82
-147.435,59.9241#26.07#29.2#44.73
-147.329,59.9217#26.07#29.32#44.61
-147.222,59.9191#26.07#29.43#44.5
-147.116,59.9165#26.07#29.54#44.39
-147.009,59.9137#26.07#29.66#44.27
-146.902,59.9109#26.07#29.81#44.12
-146.796,59.908#26.07#29.97#43.96
-146.689,59.9049#26.07#30.12#43.81
-146.583,59.9018#26.07#30.28#43.65
-154.914,59.9008#34.65#29.05#36.3
-154.807,59.9053#34.4#29.1#36.5
-154.701,59.9097#34.15#29.16#36.69
-154.595,59.9141#33.9#29.22#36.88
-154.488,59.9183#33.65#29.28#37.07
-154.382,59.9225#33.44#29.32#37.24
-154.275,59.9265#33.23#29.36#37.41
-154.169,59.9304#33.03#29.4#37.57
-154.062,59.9343#32.82#29.44#37.74
-153.956,59.938#32.63#29.47#37.9
-153.849,59.9417#32.44#29.49#38.07
-153.742,59.9452#32.26#29.51#38.23
-153.636,59.9486#32.08#29.53#38.39
-153.529,59.952#31.9#29.55#38.55
-153.422,59.9552#31.7#29.56#38.74
-153.316,59.9584#31.5#29.57#38.93
-153.209,59.9614#31.29#29.58#39.13
-153.102,59.9644#31.09#29.59#39.32
-152.995,59.9672#30.88#29.6#39.52
-152.889,59.97#30.59#29.6#39.81
-152.782,59.9726#30.31#29.61#40.08
-152.675,59.9752#30.02#29.61#40.37
-152.568,59.9776#29.73#29.62#40.65
-152.461,59.98#29.43#29.62#40.95
-152.354,59.9822#29.08#29.63#41.29
-152.247,59.9844#28.74#29.63#41.63
-152.14,59.9864#28.39#29.63#41.98
-152.033,59.9884#28.05#29.64#42.31
-151.926,59.9902#27.79#29.64#42.57
-151.819,59.992#27.57#29.64#42.79
-151.712,59.9936#27.35#29.64#43.01
-151.605,59.9952#27.13#29.65#43.22
-151.498,59.9966#26.92#29.65#43.43
-151.391,59.998#26.82#29.63#43.55
-151.284,59.9992#26.73#29.61#43.66
-151.177,60.0004#26.63#29.59#43.78
-151.07,60.0014#26.54#29.56#43.9
-150.963,60.0024#26.46#29.53#44.01
-150.856,60.0032#26.41#29.48#44.11
-150.749,60.004#26.36#29.42#44.22
-150.642,60.0046#26.32#29.36#44.32
-150.535,60.0052#26.27#29.31#44.42
-150.428,60.0056#26.24#29.24#44.52
-150.321,60.006#26.22#29.16#44.62
-150.214,60.0062#26.2#29.09#44.71
-150.106,60.0064#26.18#29.01#44.81
-149.999,60.0064#26.16#28.94#44.9
-149.892,60.0064#26.15#28.9#44.95
-149.785,60.0062#26.14#28.86#45
-149.678,60.006#26.13#28.83#45.04
-149.571,60.0056#26.12#28.79#45.09
-149.464,60.0052#26.11#28.76#45.13
-149.357,60.0046#26.11#28.75#45.14
-149.25,60.0039#26.1#28.74#45.16
-149.143,60.0032#26.1#28.72#45.18
-149.036,60.0023#26.09#28.71#45.2
-148.928,60.0014#26.09#28.71#45.2
-148.821,60.0003#26.09#28.71#45.2
-148.714,59.9992#26.08#28.72#45.2
-148.607,59.9979#26.08#28.72#45.2
-148.5,59.9966#26.08#28.72#45.2
-148.393,59.9951#26.08#28.75#45.17
-148.286,59.9936#26.08#28.77#45.15
-148.179,59.9919#26.08#28.8#45.12
-148.072,59.9902#26.08#28.82#45.1
-147.965,59.9883#26.07#28.86#45.07
-147.858,59.9864#26.07#28.92#45.01
-147.751,59.9843#26.07#28.98#44.95
-147.645,59.9822#26.07#29.05#44.88
-147.538,59.9799#26.07#29.11#44.82
-147.431,59.9776#26.07#29.2#44.73
-147.324,59.9751#26.07#29.31#44.62
-147.217,59.9726#26.07#29.42#44.51
-147.11,59.9699#26.07#29.54#44.39
-147.003,59.9672#26.07#29.65#44.28
-146.897,59.9643#26.07#29.81#44.12
-146.79,59.9614#26.07#29.97#43.96
-146.683,59.9583#26.07#30.12#43.81
-146.576,59.9552#26.07#30.28#43.65
-146.47,59.952#26.07#30.45#43.48
-146.363,59.9486#26.07#30.62#43.31
-146.256,59.9452#26.07#30.8#43.13
-146.15,59.9416#26.07#30.97#42.96
-146.043,59.938#26.07#31.14#42.79
-145.936,59.9342#26.07#31.31#42.62
-145.83,59.9304#26.07#31.47#42.46
-145.723,59.9264#26.07#31.63#42.3
-145.617,59.9224#26.07#31.79#42.14
-145.51,59.9183#26.07#31.94#41.99
-145.404,59.914#26.08#32.09#41.83
-145.298,59.9097#26.1#32.23#41.67
-145.191,59.9053#26.12#32.37#41.51
-145.085,59.9007#26.13#32.51#41.36
-155.986,59.9032#37.5#28.76#33.74
-155.88,59.9088#37.2#28.78#34.02
-155.774,59.9142#36.9#28.79#34.31
-155.668,59.9195#36.6#28.81#34.59
-155.561,59.9248#36.31#28.82#34.87
-155.455,59.9299#36.02#28.85#35.13
-155.349,59.9349#35.74#28.89#35.37
-155.242,59.9399#35.47#28.93#35.6
-155.136,59.9447#35.2#28.97#35.83
-155.029,59.9495#34.92#29.02#36.06
-154.923,59.9541#34.66#29.07#36.27
-154.816,59.9586#34.4#29.13#36.47
-154.71,59.9631#34.14#29.19#36.67
-154.603,59.9674#33.87#29.25#36.88
-154.497,59.9717#33.61#29.3#37.09
-154.39,59.9758#33.4#29.34#37.26
-154.283,59.9799#33.2#29.38#37.42
-154.177,59.9838#33#29.42#37.58
-154.07,59.9877#32.8#29.46#37.74
-153.963,59.9914#32.61#29.49#37.9
-153.856,59.9951#32.43#29.5#38.07
-153.749,59.9986#32.25#29.52#38.23
-153.643,60.0021#32.07#29.54#38.39
-153.536,60.0054#31.9#29.55#38.55
-153.429,60.0087#31.7#29.57#38.73
-153.322,60.0118#31.49#29.58#38.93
-153.215,60.0149#31.29#29.59#39.12
-153.108,60.0178#31.08#29.59#39.33
-153.001,60.0207#30.87#29.6#39.53
-152.894,60.0234#30.59#29.61#39.8
-152.787,60.0261#30.3#29.61#40.09
-152.68,60.0286#30.01#29.62#40.37
-152.573,60.0311#29.72#29.63#40.65
-152.466,60.0335#29.42#29.63#40.95
-152.359,60.0357#29.07#29.63#41.3
-152.251,60.0379#28.72#29.64#41.64
-152.144,60.0399#28.36#29.64#42
-152.037,60.0419#28.01#29.64#42.35
-151.93,60.0437#27.75#29.64#42.61
-151.823,60.0455#27.54#29.65#42.81
-151.716,60.0471#27.33#29.65#43.02
-151.608,60.0487#27.11#29.65#43.24
-151.501,60.0501#26.9#29.65#43.45
-151.394,60.0515#26.81#29.63#43.56
-151.287,60.0527#26.71#29.6#43.69
-151.179,60.0539#26.62#29.58#43.8
-151.072,60.0549#26.53#29.55#43.92
-150.965,60.0559#26.45#29.52#44.03
-150.858,60.0567#26.4#29.46#44.14
-150.75,60.0575#26.36#29.4#44.24
-150.643,60.0581#26.31#29.34#44.35
-150.536,60.0587#26.26#29.27#44.47
-150.429,60.0591#26.24#29.2#44.56
-150.321,60.0595#26.22#29.13#44.65
-150.214,60.0597#26.2#29.05#44.75
-150.107,60.0599#26.18#28.98#44.84
-149.999,60.0599#26.16#28.9#44.94
-149.892,60.0599#26.15#28.87#44.98
-149.785,60.0597#26.14#28.84#45.02
-149.677,60.0595#26.13#28.8#45.07
-149.57,60.0591#26.12#28.77#45.11
-149.463,60.0587#26.11#28.75#45.14
-149.356,60.0581#26.1#28.74#45.16
-149.248,60.0575#26.1#28.73#45.17
-149.141,60.0567#26.1#28.72#45.18
-149.034,60.0559#26.09#28.71#45.2
-148.926,60.0549#26.09#28.7#45.21
-148.819,60.0539#26.09#28.71#45.2
-148.712,60.0527#26.08#28.71#45.21
-148.605,60.0515#26.08#28.71#45.21
-148.497,60.0501#26.08#28.72#45.2
-148.39,60.0487#26.08#28.74#45.18
-148.283,60.0471#26.08#28.77#45.15
-148.176,60.0455#26.08#28.79#45.13
-148.069,60.0437#26.08#28.82#45.1
-147.962,60.0418#26.07#28.86#45.07
-147.854,60.0399#26.07#28.92#45.01
-147.747,60.0378#26.07#28.98#44.95
-147.64,60.0357#26.07#29.05#44.88
-147.533,60.0334#26.07#29.11#44.82
-147.426,60.0311#26.07#29.2#44.73
-147.319,60.0286#26.07#29.31#44.62
-147.212,60.0261#26.07#29.42#44.51
-147.105,60.0234#26.07#29.53#44.4
-146.998,60.0206#26.07#29.64#44.29
-146.891,60.0178#26.07#29.8#44.13
-146.784,60.0148#26.07#29.96#43.97
-146.677,60.0118#26.07#30.13#43.8
-146.57,60.0086#26.07#30.29#43.64
-146.463,60.0054#26.07#30.45#43.48
-146.356,60.002#26.07#30.63#43.3
-146.249,59.9986#26.07#30.81#43.12
-146.142,59.995#26.07#30.98#42.95
-146.036,59.9914#26.07#31.16#42.77
-145.929,59.9876#26.07#31.32#42.61
-145.822,59.9838#26.07#31.48#42.45
-145.715,59.9798#26.07#31.64#42.29
-145.609,59.9758#26.07#31.8#42.13
-145.502,59.9716#26.07#31.97#41.96
-145.395,59.9674#26.09#32.11#41.8
-145.289,59.963#26.11#32.25#41.64
-145.182,59.9586#26.13#32.39#41.48
-145.076,59.954#26.15#32.53#41.32
-144.969,59.9494#26.18#32.67#41.15
-144.863,59.9447#26.23#32.81#40.96
-144.756,59.9398#26.29#32.95#40.76
-144.65,59.9349#26.35#33.08#40.57
-144.544,59.9298#26.4#33.22#40.38
-144.437,59.9247#26.48#33.43#40.09
-144.331,59.9195#26.57#33.68#39.75
-144.225,59.9141#26.65#33.94#39.41
-144.119,59.9087#26.74#34.2#39.06
-144.013,59.9032#26.83#34.45#38.72
-156.952,59.9021#40.44#28.73#30.83
-156.847,59.9086#40.11#28.73#31.16
-156.741,59.9149#39.78#28.74#31.48
-156.634,59.9211#39.44#28.74#31.82
-156.528,59.9273#39.11#28.74#32.15
-156.422,59.9333#38.79#28.75#32.46
-156.316,59.9392#38.48#28.75#32.77
-156.21,59.9451#38.17#28.76#33.07
-156.104,59.9508#37.85#28.76#33.39
-155.997,59.9564#37.54#28.76#33.7
-155.891,59.962#37.24#28.78#33.98
-155.785,59.9674#36.94#28.8#34.26
-155.678,59.9728#36.64#28.82#34.54
-155.572,59.978#36.33#28.83#34.84
-155.465,59.9832#36.04#28.86#35.1
-155.359,59.9882#35.77#28.9#35.33
-155.252,59.9932#35.49#28.95#35.56
-155.145,59.998#35.22#28.99#35.79
-155.039,60.0028#34.95#29.04#36.01
-154.932,60.0074#34.68#29.09#36.23
-154.825,60.012#34.4#29.15#36.45
-154.719,60.0164#34.13#29.21#36.66
-154.612,60.0208#33.85#29.27#36.88
-154.505,60.025#33.57#29.33#37.1
-154.398,60.0292#33.37#29.37#37.26
-154.291,60.0333#33.17#29.4#37.43
-154.184,60.0372#32.97#29.44#37.59
-154.077,60.0411#32.78#29.47#37.75
-153.97,60.0448#32.59#29.5#37.91
-153.863,60.0485#32.42#29.51#38.07
-153.756,60.052#32.24#29.53#38.23
-153.649,60.0555#32.07#29.55#38.38
-153.542,60.0589#31.89#29.56#38.55
-153.435,60.0621#31.7#29.57#38.73
-153.328,60.0653#31.49#29.58#38.93
-153.221,60.0683#31.28#29.59#39.13
-153.114,60.0713#31.07#29.6#39.33
-153.007,60.0742#30.87#29.61#39.52
-152.899,60.0769#30.58#29.62#39.8
-152.792,60.0796#30.29#29.62#40.09
-152.685,60.0821#30#29.63#40.37
-152.578,60.0846#29.72#29.63#40.65
-152.47,60.087#29.41#29.63#40.96
-152.363,60.0892#29.05#29.64#41.31
-152.256,60.0914#28.69#29.64#41.67
-152.148,60.0934#28.34#29.64#42.02
-152.041,60.0954#27.98#29.65#42.37
-151.934,60.0972#27.71#29.65#42.64
-151.826,60.099#27.51#29.65#42.84
-151.719,60.1007#27.3#29.65#43.05
-151.611,60.1022#27.09#29.65#43.26
-151.504,60.1037#26.89#29.65#43.46
-151.397,60.105#26.79#29.63#43.58
-151.289,60.1063#26.7#29.6#43.7
-151.182,60.1074#26.61#29.57#43.82
-151.074,60.1085#26.52#29.54#43.94
-150.967,60.1094#26.44#29.51#44.05
-150.859,60.1103#26.39#29.44#44.17
-150.752,60.111#26.35#29.37#44.28
-150.644,60.1117#26.3#29.31#44.39
-150.537,60.1123#26.26#29.24#44.5
-150.429,60.1127#26.23#29.17#44.6
-150.322,60.1131#26.21#29.09#44.7
-150.214,60.1133#26.19#29.02#44.79
-150.107,60.1135#26.17#28.94#44.89
-149.999,60.1135#26.15#28.86#44.99
-149.892,60.1135#26.14#28.84#45.02
-149.784,60.1133#26.13#28.81#45.06
-149.677,60.1131#26.12#28.78#45.1
-149.569,60.1127#26.11#28.76#45.13
-149.462,60.1122#26.11#28.73#45.16
-149.354,60.1117#26.1#28.73#45.17
-149.247,60.111#26.1#28.72#45.18
-149.139,60.1103#26.09#28.71#45.2
-149.032,60.1094#26.09#28.7#45.21
-148.924,60.1085#26.09#28.7#45.21
-148.817,60.1074#26.08#28.7#45.22
-148.71,60.1063#26.08#28.71#45.21
-148.602,60.105#26.08#28.71#45.21
-148.495,60.1037#26.08#28.72#45.2
-148.387,60.1022#26.08#28.74#45.18
-148.28,60.1006#26.08#28.77#45.15
-148.172,60.099#26.08#28.79#45.13
-148.065,60.0972#26.07#28.81#45.12
-147.958,60.0954#26.07#28.85#45.08
-147.85,60.0934#26.07#28.92#45.01
-147.743,60.0913#26.07#28.98#44.95
-147.636,60.0892#26.07#29.05#44.88
-147.528,60.0869#26.07#29.11#44.82
-147.421,60.0846#26.07#29.21#44.72
-147.314,60.0821#26.07#29.31#44.62
-147.207,60.0795#26.07#29.41#44.52
-147.099,60.0769#26.07#29.52#44.41
-146.992,60.0741#26.07#29.63#44.3
-146.885,60.0713#26.07#29.8#44.13
-146.778,60.0683#26.07#29.96#43.97
-146.671,60.0652#26.07#30.13#43.8
-146.563,60.0621#26.07#30.29#43.64
-146.456,60.0588#26.07#30.46#43.47
-146.349,60.0555#26.07#30.64#43.29
-146.242,60.052#26.07#30.82#43.11
-146.135,60.0484#26.07#30.99#42.94
-146.028,60.0448#26.07#31.17#42.76
-145.921,60.041#26.07#31.34#42.59
-145.814,60.0372#26.07#31.5#42.43
-145.707,60.0332#26.07#31.66#42.27
-145.601,60.0292#26.07#31.82#42.11
-145.494,60.025#26.07#31.98#41.95
-145.387,60.0207#26.1#32.13#41.77
-145.28,60.0164#26.12#32.27#41.61
-145.173,60.0119#26.14#32.41#41.45
-145.067,60.0074#26.16#32.56#41.28
-144.96,60.0027#26.2#32.7#41.1
-144.853,59.998#26.26#32.84#40.9
-144.747,59.9931#26.32#32.98#40.7
-144.64,59.9882#26.39#33.12#40.49
-144.533,59.9831#26.45#33.26#40.29
-144.427,59.978#26.53#33.48#39.99
-144.321,59.9727#26.62#33.73#39.65
-144.214,59.9674#26.71#33.98#39.31
-144.108,59.9619#26.8#34.23#38.97
-144.001,59.9564#26.89#34.49#38.62
-143.895,59.9507#26.96#34.73#38.31
-143.789,59.945#27.03#34.97#38
-143.683,59.9392#27.1#35.21#37.69
-143.576,59.9332#27.17#35.45#37.38
-143.47,59.9272#27.24#35.69#37.07
-143.364,59.921#27.28#35.92#36.8
-143.258,59.9148#27.32#36.16#36.52
-143.152,59.9085#27.36#36.39#36.25
-143.046,59.902#27.41#36.62#35.97
-157.813,59.9002#43.35#28.7#27.95
-157.707,59.9074#43.03#28.7#28.27
-157.601,59.9145#42.71#28.71#28.58
-157.495,59.9216#42.39#28.71#28.9
-157.389,59.9285#42.01#28.71#29.28
-157.284,59.9353#41.64#28.72#29.64
-157.178,59.9421#41.27#28.72#30.01
-157.072,59.9487#40.91#28.73#30.36
-156.965,59.9553#40.56#28.73#30.71
-156.859,59.9617#40.22#28.73#31.05
-156.753,59.968#39.87#28.74#31.39
-156.647,59.9743#39.53#28.74#31.73
-156.541,59.9804#39.19#28.75#32.06
-156.434,59.9865#38.86#28.75#32.39
-156.328,59.9924#38.54#28.75#32.71
-156.221,59.9983#38.22#28.76#33.02
-156.115,60.004#37.9#28.76#33.34
-156.008,60.0097#37.58#28.77#33.65
-155.902,60.0152#37.28#28.78#33.94
-155.795,60.0207#36.97#28.8#34.23
-155.689,60.0261#36.67#28.82#34.51
-155.582,60.0313#36.36#28.84#34.8
-155.475,60.0365#36.06#28.87#35.07
-155.369,60.0415#35.79#28.92#35.29
-155.262,60.0465#35.52#28.96#35.52
-155.155,60.0513#35.25#29.01#35.74
-155.048,60.0561#34.97#29.06#35.97
-154.941,60.0608#34.69#29.12#36.19
-154.834,60.0653#34.41#29.18#36.41
-154.727,60.0698#34.12#29.24#36.64
-154.62,60.0742#33.83#29.3#36.87
-154.513,60.0784#33.53#29.36#37.11
-154.406,60.0826#33.33#29.39#37.28
-154.299,60.0867#33.14#29.42#37.44
-154.192,60.0906#32.95#29.45#37.6
-154.085,60.0945#32.76#29.48#37.76
-153.978,60.0983#32.57#29.51#37.92
-153.871,60.1019#32.4#29.53#38.07
-153.763,60.1055#32.23#29.54#38.23
-153.656,60.109#32.06#29.56#38.38
-153.549,60.1123#31.89#29.57#38.54
-153.442,60.1156#31.7#29.58#38.72
-153.334,60.1187#31.49#29.59#38.92
-153.227,60.1218#31.28#29.6#39.12
-153.12,60.1248#31.07#29.61#39.32
-153.012,60.1276#30.86#29.62#39.52
-152.905,60.1304#30.58#29.62#39.8
-152.797,60.1331#30.29#29.63#40.08
-152.69,60.1356#30#29.63#40.37
-152.582,60.1381#29.71#29.63#40.66
-152.475,60.1405#29.4#29.64#40.96
-152.367,60.1427#29.04#29.64#41.32
-152.26,60.1449#28.67#29.64#41.69
-152.152,60.147#28.31#29.65#42.04
-152.045,60.1489#27.95#29.65#42.4
-151.937,60.1508#27.68#29.65#42.67
-151.83,60.1525#27.47#29.65#42.88
-151.722,60.1542#27.27#29.65#43.08
-151.614,60.1558#27.07#29.66#43.27
-151.507,60.1572#26.87#29.66#43.47
-151.399,60.1586#26.77#29.63#43.6
-151.292,60.1598#26.68#29.6#43.72
-151.184,60.161#26.59#29.57#43.84
-151.076,60.162#26.51#29.53#43.96
-150.969,60.163#26.43#29.49#44.08
-150.861,60.1639#26.39#29.42#44.19
-150.753,60.1646#26.34#29.35#44.31
-150.646,60.1653#26.3#29.28#44.42
-150.538,60.1658#26.25#29.21#44.54
-150.43,60.1663#26.23#29.14#44.63
-150.322,60.1666#26.21#29.06#44.73
-150.215,60.1669#26.19#28.98#44.83
-150.107,60.167#26.17#28.9#44.93
-149.999,60.1671#26.15#28.83#45.02
-149.892,60.167#26.14#28.8#45.06
-149.784,60.1669#26.13#28.78#45.09
-149.676,60.1666#26.12#28.76#45.12
-149.569,60.1663#26.11#28.74#45.15
-149.461,60.1658#26.11#28.72#45.17
-149.353,60.1653#26.1#28.71#45.19
-149.245,60.1646#26.1#28.71#45.19
-149.138,60.1638#26.09#28.7#45.21
-149.03,60.163#26.09#28.69#45.22
-148.922,60.162#26.09#28.69#45.22
-148.815,60.161#26.08#28.7#45.22
-148.707,60.1598#26.08#28.7#45.22
-148.599,60.1586#26.08#28.71#45.21
-148.492,60.1572#26.08#28.71#45.21
-148.384,60.1557#26.08#28.74#45.18
-148.277,60.1542#26.08#28.76#45.16
-148.169,60.1525#26.08#28.79#45.13
-148.061,60.1508#26.07#28.81#45.12
-147.954,60.1489#26.07#28.85#45.08
-147.846,60.1469#26.07#28.92#45.01
-147.739,60.1449#26.07#28.98#44.95
-147.631,60.1427#26.07#29.05#44.88
-147.524,60.1404#26.07#29.11#44.82
-147.416,60.1381#26.07#29.21#44.72
-147.309,60.1356#26.07#29.31#44.62
-147.201,60.133#26.07#29.41#44.52
-147.094,60.1304#26.07#29.51#44.42
-146.986,60.1276#26.07#29.62#44.31
-146.879,60.1247#26.07#29.79#44.14
-146.772,60.1218#26.07#29.96#43.97
-146.664,60.1187#26.07#30.13#43.8
-146.557,60.1155#26.07#30.3#43.63
-146.45,60.1123#26.07#30.47#43.46
-146.342,60.1089#26.07#30.65#43.28
-146.235,60.1054#26.07#30.83#43.1
-146.128,60.1019#26.07#31#42.93
-146.021,60.0982#26.07#31.18#42.75
-145.914,60.0944#26.07#31.35#42.58
-145.806,60.0906#26.07#31.51#42.42
-145.699,60.0866#26.07#31.68#42.25
-145.592,60.0825#26.07#31.84#42.09
-145.485,60.0784#26.07#32#41.93
-145.378,60.0741#26.1#32.15#41.75
-145.271,60.0697#26.13#32.29#41.58
-145.164,60.0653#26.15#32.44#41.41
-145.057,60.0607#26.18#32.58#41.24
-144.95,60.0561#26.22#32.73#41.05
-144.844,60.0513#26.29#32.87#40.84
-144.737,60.0464#26.36#33.02#40.62
-144.63,60.0415#26.43#33.16#40.41
-144.523,60.0364#26.49#33.3#40.21
-144.417,60.0312#26.58#33.53#39.89
-144.31,60.026#26.67#33.78#39.55
-144.203,60.0206#26.76#34.02#39.22
-144.097,60.0152#26.86#34.27#38.87
-143.99,60.0096#26.94#34.52#38.54
-143.884,60.004#27.01#34.76#38.23
-143.777,59.9982#27.07#35#37.93
-143.671,59.9924#27.14#35.24#37.62
-143.564,59.9864#27.2#35.48#37.32
-143.458,59.9804#27.26#35.72#37.02
-143.352,59.9742#27.3#35.94#36.76
-143.246,59.968#27.34#36.17#36.49
-143.139,59.9616#27.38#36.4#36.22
-143.033,59.9552#27.42#36.63#35.95
-142.927,59.9486#27.45#36.86#35.69
-142.821,59.942#27.46#37.09#35.45
-142.715,59.9353#27.47#37.32#35.21
-142.609,59.9284#27.49#37.56#34.95
-142.503,59.9215#27.5#37.79#34.71
-142.397,59.9145#27.48#38.11#34.41
-142.292,59.9073#27.45#38.45#34.1
-142.186,59.9001#27.43#38.78#33.79
-158.462,59.9077#45.15#28.68#26.17
-158.356,59.9155#44.86#28.68#26.46
-158.25,59.9233#44.58#28.69#26.73
-158.145,59.9309#44.3#28.69#27.01
-158.039,59.9384#44.01#28.69#27.3
-157.933,59.9459#43.71#28.7#27.59
-157.827,59.9532#43.39#28.7#27.91
-157.721,59.9604#43.06#28.71#28.23
-157.615,59.9676#42.74#28.71#28.55
-157.509,59.9746#42.42#28.71#28.87
-157.403,59.9816#42.06#28.72#29.22
-157.297,59.9884#41.71#28.72#29.57
-157.191,59.9952#41.36#28.73#29.91
-157.085,60.0018#41.01#28.73#30.26
-156.978,60.0084#40.67#28.73#30.6
-156.872,60.0148#40.33#28.74#30.93
-156.766,60.0212#39.98#28.74#31.28
-156.659,60.0275#39.62#28.74#31.64
-156.553,60.0336#39.27#28.75#31.98
-156.446,60.0397#38.93#28.75#32.32
-156.34,60.0456#38.6#28.76#32.64
-156.233,60.0515#38.28#28.76#32.96
-156.126,60.0573#37.96#28.76#33.28
-156.02,60.0629#37.63#28.77#33.6
-155.913,60.0685#37.32#28.79#33.89
-155.806,60.074#37.01#28.81#34.18
-155.699,60.0793#36.7#28.83#34.47
-155.593,60.0846#36.39#28.85#34.76
-155.486,60.0898#36.09#28.88#35.03
-155.379,60.0948#35.81#28.93#35.26
-155.272,60.0998#35.54#28.98#35.48
-155.165,60.1047#35.27#29.03#35.7
-155.058,60.1095#35#29.08#35.92
-154.951,60.1141#34.71#29.14#36.15
-154.843,60.1187#34.41#29.2#36.39
-154.736,60.1232#34.11#29.26#36.63
-154.629,60.1276#33.81#29.32#36.87
-154.522,60.1318#33.5#29.39#37.11
-154.415,60.136#33.29#29.42#37.29
-154.307,60.1401#33.1#29.45#37.45
-154.2,60.144#32.92#29.47#37.61
-154.093,60.1479#32.73#29.5#37.77
-153.985,60.1517#32.55#29.52#37.93
-153.878,60.1554#32.39#29.54#38.07
-153.771,60.1589#32.22#29.55#38.23
-153.663,60.1624#32.05#29.57#38.38
-153.556,60.1658#31.88#29.58#38.54
-153.448,60.1691#31.69#29.59#38.72
-153.341,60.1722#31.48#29.6#38.92
-153.233,60.1753#31.27#29.61#39.12
-153.125,60.1783#31.06#29.61#39.33
-153.018,60.1811#30.85#29.62#39.53
-152.91,60.1839#30.57#29.63#39.8
-152.803,60.1866#30.28#29.63#40.09
-152.695,60.1892#29.99#29.64#40.37
-152.587,60.1916#29.7#29.64#40.66
-152.48,60.194#29.39#29.64#40.97
-152.372,60.1963#29.04#29.65#41.31
-152.264,60.1984#28.68#29.65#41.67
-152.156,60.2005#28.33#29.65#42.02
-152.049,60.2025#27.98#29.65#42.37
-151.941,60.2043#27.71#29.65#42.64
-151.833,60.2061#27.51#29.65#42.84
-151.725,60.2078#27.3#29.65#43.05
-151.617,60.2093#27.1#29.65#43.25
-151.51,60.2108#26.9#29.65#43.45
-151.402,60.2121#26.8#29.61#43.59
-151.294,60.2134#26.71#29.58#43.71
-151.186,60.2146#26.61#29.54#43.85
-151.078,60.2156#26.52#29.51#43.97
-150.97,60.2166#26.44#29.46#44.1
-150.862,60.2174#26.39#29.39#44.22
-150.755,60.2182#26.35#29.32#44.33
-150.647,60.2188#26.31#29.24#44.45
-150.539,60.2194#26.26#29.17#44.57
-150.431,60.2199#26.23#29.1#44.67
-150.323,60.2202#26.21#29.03#44.76
-150.215,60.2205#26.19#28.96#44.85
-150.107,60.2206#26.17#28.88#44.95
-149.999,60.2207#26.15#28.81#45.04
-149.891,60.2206#26.14#28.79#45.07
-149.784,60.2205#26.13#28.77#45.1
-149.676,60.2202#26.12#28.75#45.13
-149.568,60.2199#26.11#28.73#45.16
-149.46,60.2194#26.11#28.71#45.18
-149.352,60.2188#26.1#28.71#45.19
-149.244,60.2182#26.1#28.7#45.2
-149.136,60.2174#26.09#28.69#45.22
-149.028,60.2166#26.09#28.68#45.23
-148.92,60.2156#26.09#28.69#45.22
-148.813,60.2145#26.08#28.69#45.23
-148.705,60.2134#26.08#28.7#45.22
-148.597,60.2121#26.08#28.7#45.22
-148.489,60.2108#26.08#28.71#45.21
-148.381,60.2093#26.08#28.74#45.18
-148.273,60.2077#26.08#28.76#45.16
-148.166,60.2061#26.08#28.79#45.13
-148.058,60.2043#26.07#28.81#45.12
-147.95,60.2024#26.07#28.85#45.08
-147.842,60.2005#26.07#28.92#45.01
-147.735,60.1984#26.07#28.98#44.95
-147.627,60.1962#26.07#29.05#44.88
-147.519,60.194#26.07#29.11#44.82
-147.411,60.1916#26.07#29.21#44.72
-147.304,60.1891#26.07#29.31#44.62
-147.196,60.1866#26.07#29.41#44.52
-147.088,60.1839#26.07#29.51#44.42
-146.981,60.1811#26.07#29.62#44.31
-146.873,60.1782#26.07#29.79#44.14
-146.766,60.1753#26.07#29.96#43.97
-146.658,60.1722#26.07#30.13#43.8
-146.551,60.169#26.07#30.3#43.63
-146.443,60.1657#26.07#30.48#43.45
-146.336,60.1624#26.07#30.66#43.27
-146.228,60.1589#26.07#30.84#43.09
-146.121,60.1553#26.07#31.02#42.91
-146.013,60.1516#26.07#31.2#42.73
-145.906,60.1479#26.07#31.36#42.57
-145.799,60.144#26.07#31.53#42.4
-145.691,60.14#26.07#31.7#42.23
-145.584,60.1359#26.07#31.86#42.07
-145.477,60.1318#26.08#32.02#41.9
-145.37,60.1275#26.11#32.17#41.72
-145.262,60.1231#26.14#32.32#41.54
-145.155,60.1186#26.17#32.46#41.37
-145.048,60.1141#26.2#32.61#41.19
-144.941,60.1094#26.25#32.75#41
-144.834,60.1046#26.32#32.9#40.78
-144.727,60.0998#26.4#33.05#40.55
-144.62,60.0948#26.47#33.2#40.33
-144.513,60.0897#26.54#33.35#40.11
-144.406,60.0845#26.63#33.58#39.79
-144.299,60.0793#26.72#33.82#39.46
-144.192,60.0739#26.82#34.07#39.11
-144.086,60.0684#26.91#34.31#38.78
-143.979,60.0629#27#34.55#38.45
-143.872,60.0572#27.06#34.79#38.15
-143.766,60.0514#27.12#35.03#37.85
-143.659,60.0456#27.18#35.27#37.55
-143.552,60.0396#27.24#35.5#37.26
-143.446,60.0335#27.29#35.74#36.97
-143.339,60.0274#27.32#35.96#36.72
-143.233,60.0211#27.36#36.19#36.45
-143.127,60.0148#27.4#36.41#36.19
-143.02,60.0083#27.44#36.64#35.92
-142.914,60.0017#27.46#36.87#35.67
-142.808,59.9951#27.47#37.1#35.43
-142.702,59.9883#27.47#37.33#35.2
-142.595,59.9815#27.49#37.56#34.95
-142.489,59.9745#27.49#37.8#34.71
-142.383,59.9675#27.46#38.12#34.42
-142.277,59.9604#27.43#38.45#34.12
-142.171,59.9531#27.4#38.77#33.83
-142.066,59.9458#27.37#39.1#33.53
-141.96,59.9383#27.33#39.44#33.23
-141.854,59.9308#27.27#39.78#32.95
-141.748,59.9232#27.21#40.11#32.68
-141.643,59.9154#27.16#40.45#32.39
-141.537,59.9076#27.1#40.8#32.1
-159.216,59.903#46.39#28.66#24.95
-159.111,59.9116#46.28#28.66#25.06
-159.006,59.92#46.17#28.67#25.16
-158.9,59.9283#45.98#28.67#25.35
-158.794,59.9365#45.79#28.67#25.54
-158.689,59.9447#45.6#28.68#25.72
-158.583,59.9527#45.4#28.68#25.92
-158.477,59.9606#45.19#28.68#26.13
-158.372,59.9685#44.91#28.69#26.4
-158.266,59.9762#44.62#28.69#26.69
-158.16,59.9839#44.34#28.69#26.97
-158.054,59.9914#44.06#28.7#27.24
-157.948,59.9989#43.75#28.7#27.55
-157.842,60.0062#43.43#28.71#27.86
-157.736,60.0135#43.1#28.71#28.19
-157.63,60.0206#42.77#28.71#28.52
-157.523,60.0277#42.44#28.72#28.84
-157.417,60.0347#42.1#28.72#29.18
-157.311,60.0415#41.77#28.72#29.51
-157.204,60.0483#41.44#28.73#29.83
-157.098,60.055#41.12#28.73#30.15
-156.991,60.0615#40.8#28.74#30.46
-156.885,60.068#40.44#28.74#30.82
-156.778,60.0744#40.08#28.74#31.18
-156.672,60.0806#39.71#28.75#31.54
-156.565,60.0868#39.35#28.75#31.9
-156.458,60.0929#39#28.76#32.24
-156.352,60.0989#38.67#28.76#32.57
-156.245,60.1047#38.34#28.76#32.9
-156.138,60.1105#38.01#28.77#33.22
-156.031,60.1162#37.68#28.77#33.55
-155.924,60.1218#37.36#28.79#33.85
-155.817,60.1273#37.05#28.81#34.14
-155.71,60.1326#36.74#28.84#34.42
-155.603,60.1379#36.42#28.86#34.72
-155.496,60.1431#36.11#28.89#35
-155.389,60.1482#35.84#28.94#35.22
-155.282,60.1532#35.57#29#35.43
-155.174,60.158#35.29#29.05#35.66
-155.067,60.1628#35.02#29.1#35.88
-154.96,60.1675#34.74#29.16#36.1
-154.853,60.1721#34.42#29.22#36.36
-154.745,60.1766#34.1#29.29#36.61
-154.638,60.1809#33.79#29.35#36.86
-154.53,60.1852#33.47#29.41#37.12
-154.423,60.1894#33.25#29.44#37.31
-154.315,60.1935#33.06#29.46#37.48
-154.208,60.1975#32.88#29.49#37.63
-154.1,60.2014#32.69#29.51#37.8
-153.993,60.2051#32.51#29.53#37.96
-153.885,60.2088#32.34#29.55#38.11
-153.778,60.2124#32.17#29.56#38.27
-153.67,60.2159#32.01#29.57#38.42
-153.562,60.2193#31.84#29.59#38.57
-153.455,60.2225#31.66#29.6#38.74
-153.347,60.2257#31.45#29.61#38.94
-153.239,60.2288#31.25#29.61#39.14
-153.131,60.2318#31.04#29.62#39.34
-153.024,60.2347#30.83#29.63#39.54
-152.916,60.2374#30.56#29.63#39.81
-152.808,60.2401#30.27#29.64#40.09
-152.7,60.2427#29.98#29.64#40.38
-152.592,60.2452#29.69#29.64#40.67
-152.484,60.2475#29.39#29.65#40.96
-152.376,60.2498#29.05#29.65#41.3
-152.268,60.252#28.71#29.65#41.64
-152.16,60.254#28.37#29.66#41.97
-152.052,60.256#28.03#29.66#42.31
-151.945,60.2579#27.77#29.66#42.57
-151.837,60.2597#27.56#29.65#42.79
-151.729,60.2613#27.36#29.65#42.99
-151.621,60.2629#27.15#29.64#43.21
-151.512,60.2644#26.94#29.63#43.43
-151.404,60.2657#26.83#29.6#43.57
-151.296,60.267#26.73#29.56#43.71
-151.188,60.2681#26.64#29.52#43.84
-151.08,60.2692#26.54#29.48#43.98
-150.972,60.2702#26.45#29.43#44.12
-150.864,60.271#26.4#29.35#44.25
-150.756,60.2718#26.36#29.28#44.36
-150.648,60.2724#26.31#29.21#44.48
-150.54,60.273#26.27#29.13#44.6
-150.432,60.2735#26.24#29.06#44.7
-150.324,60.2738#26.22#29#44.78
-150.216,60.2741#26.2#28.93#44.87
-150.107,60.2742#26.17#28.86#44.97
-149.999,60.2743#26.15#28.8#45.05
-149.891,60.2742#26.14#28.78#45.08
-149.783,60.2741#26.13#28.76#45.11
-149.675,60.2738#26.12#28.74#45.14
-149.567,60.2734#26.11#28.72#45.17
-149.459,60.273#26.11#28.71#45.18
-149.351,60.2724#26.1#28.7#45.2
-149.243,60.2718#26.1#28.69#45.21
-149.135,60.271#26.09#28.69#45.22
-149.026,60.2702#26.09#28.68#45.23
-148.918,60.2692#26.09#28.68#45.23
-148.81,60.2681#26.08#28.69#45.23
-148.702,60.267#26.08#28.7#45.22
-148.594,60.2657#26.08#28.7#45.22
-148.486,60.2643#26.08#28.71#45.21
-148.378,60.2629#26.08#28.74#45.18
-148.27,60.2613#26.08#28.76#45.16
-148.162,60.2596#26.08#28.79#45.13
-148.054,60.2579#26.07#28.81#45.12
-147.946,60.256#26.07#28.85#45.08
-147.838,60.254#26.07#28.92#45.01
-147.73,60.252#26.07#28.98#44.95
-147.622,60.2498#26.07#29.05#44.88
-147.514,60.2475#26.07#29.11#44.82
-147.407,60.2451#26.07#29.21#44.72
-147.299,60.2427#26.07#29.31#44.62
-147.191,60.2401#26.07#29.41#44.52
-147.083,60.2374#26.07#29.51#44.42
-146.975,60.2346#26.07#29.63#44.3
-146.867,60.2317#26.07#29.8#44.13
-146.76,60.2288#26.07#29.97#43.96
-146.652,60.2257#26.07#30.14#43.79
-146.544,60.2225#26.07#30.31#43.62
-146.436,60.2192#26.07#30.49#43.44
-146.329,60.2158#26.07#30.67#43.26
-146.221,60.2124#26.07#30.85#43.08
-146.113,60.2088#26.07#31.03#42.9
-146.006,60.2051#26.07#31.21#42.72
-145.898,60.2013#26.07#31.38#42.55
-145.791,60.1974#26.07#31.54#42.39
-145.683,60.1934#26.08#31.71#42.21
-145.576,60.1894#26.08#31.88#42.04
-145.468,60.1852#26.09#32.04#41.87
-145.361,60.1809#26.12#32.19#41.69
-145.253,60.1765#26.15#32.34#41.51
-145.146,60.172#26.19#32.48#41.33
-145.039,60.1674#26.22#32.63#41.15
-144.932,60.1628#26.28#32.78#40.94
-144.824,60.158#26.35#32.94#40.71
-144.717,60.1531#26.43#33.09#40.48
-144.61,60.1481#26.51#33.24#40.25
-144.503,60.143#26.58#33.39#40.03
-144.396,60.1378#26.68#33.63#39.69
-144.289,60.1326#26.78#33.87#39.35
-144.182,60.1272#26.88#34.11#39.01
-144.075,60.1217#26.97#34.35#38.68
-143.968,60.1161#27.05#34.59#38.36
-143.861,60.1104#27.11#34.82#38.07
-143.754,60.1047#27.16#35.06#37.78
-143.647,60.0988#27.21#35.29#37.5
-143.54,60.0928#27.27#35.53#37.2
-143.434,60.0867#27.31#35.76#36.93
-143.327,60.0806#27.35#35.98#36.67
-143.22,60.0743#27.39#36.2#36.41
-143.114,60.0679#27.42#36.43#36.15
-143.007,60.0615#27.46#36.65#35.89
-142.901,60.0549#27.47#36.88#35.65
-142.794,60.0482#27.47#37.11#35.42
-142.688,60.0414#27.48#37.34#35.18
-142.582,60.0346#27.48#37.57#34.95
-142.475,60.0276#27.48#37.82#34.7
-142.369,60.0206#27.44#38.13#34.43
-142.263,60.0134#27.4#38.44#34.16
-142.157,60.0061#27.37#38.76#33.87
-142.051,59.9988#27.34#39.08#33.58
-141.945,59.9913#27.29#39.41#33.3
-141.839,59.9838#27.23#39.75#33.02
-141.733,59.9761#27.17#40.08#32.75
-141.627,59.9684#27.11#40.42#32.47
-141.521,59.9605#27.05#40.76#32.19
-141.415,59.9526#27.01#41.17#31.82
-141.31,59.9446#26.97#41.6#31.43
-141.204,59.9364#26.93#42.02#31.05
-141.099,59.9282#26.89#42.44#30.67
-140.993,59.9199#26.85#42.84#30.31
-140.888,59.9114#26.84#43.08#30.08
-140.782,59.9029#26.83#43.32#29.85
-159.865,59.9026#46.84#28.65#24.51
-159.76,59.9117#46.8#28.65#24.55
-159.655,59.9207#46.76#28.65#24.59
-159.55,59.9297#46.72#28.65#24.63
-159.444,59.9385#46.64#28.66#24.7
-159.339,59.9472#46.53#28.66#24.81
-159.233,59.9559#46.41#28.66#24.93
-159.128,59.9644#46.3#28.67#25.03
-159.022,59.9728#46.19#28.67#25.14
-158.917,59.9812#46.01#28.67#25.32
-158.811,59.9894#45.82#28.68#25.5
-158.705,59.9976#45.63#28.68#25.69
-158.599,60.0056#45.43#28.68#25.89
-158.493,60.0136#45.23#28.69#26.08
-158.387,60.0215#44.95#28.69#26.36
-158.281,60.0292#44.67#28.69#26.64
-158.175,60.0369#44.39#28.7#26.91
-158.069,60.0444#44.1#28.7#27.2
-157.963,60.0519#43.8#28.7#27.5
-157.857,60.0593#43.47#28.71#27.82
-157.75,60.0665#43.14#28.71#28.15
-157.644,60.0737#42.8#28.72#28.48
-157.537,60.0808#42.46#28.72#28.82
-157.431,60.0878#42.14#28.72#29.14
-157.324,60.0947#41.82#28.73#29.45
-157.218,60.1014#41.52#28.73#29.75
-157.111,60.1081#41.21#28.73#30.06
-157.005,60.1147#40.92#28.74#30.34
-156.898,60.1212#40.55#28.74#30.71
-156.791,60.1276#40.18#28.75#31.07
-156.684,60.1338#39.81#28.75#31.44
-156.577,60.14#39.44#28.75#31.81
-156.47,60.1461#39.07#28.76#32.17
-156.363,60.1521#38.74#28.76#32.5
-156.256,60.158#38.4#28.77#32.83
-156.149,60.1638#38.07#28.77#33.16
-156.042,60.1695#37.72#28.77#33.51
-155.935,60.1751#37.4#28.79#33.81
-155.828,60.1806#37.07#28.82#34.11
-155.721,60.1859#36.75#28.85#34.4
-155.614,60.1912#36.43#28.88#34.69
-155.506,60.1964#36.11#28.91#34.98
-155.399,60.2015#35.83#28.96#35.21
-155.292,60.2065#35.55#29.02#35.43
-155.184,60.2114#35.27#29.08#35.65
-155.077,60.2162#34.99#29.13#35.88
-154.969,60.2209#34.7#29.19#36.11
-154.862,60.2255#34.39#29.25#36.36
-154.754,60.23#34.07#29.31#36.62
-154.647,60.2344#33.75#29.36#36.89
-154.539,60.2387#33.43#29.42#37.15
-154.431,60.2428#33.2#29.45#37.35
-154.324,60.2469#33.01#29.48#37.51
-154.216,60.2509#32.82#29.5#37.68
-154.108,60.2548#32.64#29.52#37.84
-154,60.2586#32.45#29.54#38.01
-153.893,60.2623#32.28#29.55#38.17
-153.785,60.2659#32.12#29.57#38.31
-153.677,60.2694#31.96#29.58#38.46
-153.569,60.2728#31.81#29.59#38.6
-153.461,60.276#31.63#29.61#38.76
-153.353,60.2792#31.42#29.61#38.97
-153.245,60.2823#31.22#29.62#39.16
-153.137,60.2853#31.01#29.63#39.36
-153.029,60.2882#30.81#29.63#39.56
-152.921,60.291#30.54#29.64#39.82
-152.813,60.2936#30.25#29.64#40.11
-152.705,60.2962#29.97#29.65#40.38
-152.597,60.2987#29.68#29.65#40.67
-152.489,60.3011#29.38#29.65#40.97
-152.381,60.3034#29.06#29.66#41.28
-152.273,60.3055#28.74#29.66#41.6
-152.165,60.3076#28.41#29.66#41.93
-152.056,60.3096#28.09#29.66#42.25
-151.948,60.3115#27.82#29.66#42.52
-151.84,60.3132#27.62#29.65#42.73
-151.732,60.3149#27.41#29.64#42.95
-151.624,60.3165#27.2#29.63#43.17
-151.515,60.3179#26.99#29.62#43.39
-151.407,60.3193#26.87#29.58#43.55
-151.299,60.3206#26.76#29.54#43.7
-151.191,60.3217#26.66#29.49#43.85
-151.082,60.3228#26.55#29.45#44
-150.974,60.3238#26.46#29.39#44.15
-150.866,60.3246#26.41#29.32#44.27
-150.757,60.3254#26.37#29.24#44.39
-150.649,60.326#26.32#29.17#44.51
-150.541,60.3266#26.27#29.09#44.64
-150.433,60.3271#26.24#29.03#44.73
-150.324,60.3274#26.22#28.97#44.81
-150.216,60.3277#26.2#28.91#44.89
-150.108,60.3278#26.18#28.84#44.98
-149.999,60.3279#26.16#28.78#45.06
-149.891,60.3278#26.15#28.77#45.08
-149.783,60.3277#26.14#28.75#45.11
-149.674,60.3274#26.13#28.73#45.14
-149.566,60.3271#26.12#28.71#45.17
-149.458,60.3266#26.11#28.7#45.19
-149.349,60.326#26.1#28.69#45.21
-149.241,60.3254#26.1#28.69#45.21
-149.133,60.3246#26.09#28.68#45.23
-149.025,60.3238#26.09#28.68#45.23
-148.916,60.3228#26.09#28.68#45.23
-148.808,60.3217#26.08#28.69#45.23
-148.7,60.3206#26.08#28.69#45.23
-148.592,60.3193#26.08#28.7#45.22
-148.483,60.3179#26.08#28.71#45.21
-148.375,60.3165#26.08#28.73#45.19
-148.267,60.3149#26.08#28.76#45.16
-148.159,60.3132#26.08#28.79#45.13
-148.05,60.3114#26.07#28.81#45.12
-147.942,60.3096#26.07#28.86#45.07
-147.834,60.3076#26.07#28.92#45.01
-147.726,60.3055#26.07#28.98#44.95
-147.618,60.3033#26.07#29.05#44.88
-147.51,60.3011#26.07#29.11#44.82
-147.402,60.2987#26.07#29.21#44.72
-147.294,60.2962#26.07#29.31#44.62
-147.185,60.2936#26.07#29.42#44.51
-147.077,60.2909#26.07#29.52#44.41
-146.969,60.2881#26.07#29.65#44.28
-146.861,60.2853#26.07#29.82#44.11
-146.753,60.2823#26.07#29.98#43.95
-146.645,60.2792#26.07#30.15#43.78
-146.538,60.276#26.07#30.32#43.61
-146.43,60.2727#26.07#30.5#43.43
-146.322,60.2693#26.07#30.68#43.25
-146.214,60.2658#26.07#30.87#43.06
-146.106,60.2622#26.07#31.05#42.88
-145.998,60.2586#26.07#31.23#42.7
-145.891,60.2548#26.08#31.39#42.53
-145.783,60.2509#26.08#31.56#42.36
-145.675,60.2469#26.09#31.72#42.19
-145.567,60.2428#26.09#31.89#42.02
-145.46,60.2386#26.11#32.05#41.84
-145.352,60.2343#26.15#32.2#41.65
-145.245,60.2299#26.18#32.35#41.47
-145.137,60.2254#26.22#32.5#41.28
-145.029,60.2208#26.26#32.65#41.09
-144.922,60.2161#26.32#32.81#40.87
-144.815,60.2113#26.4#32.97#40.63
-144.707,60.2064#26.48#33.12#40.4
-144.6,60.2015#26.56#33.28#40.16
-144.492,60.1964#26.64#33.44#39.92
-144.385,60.1912#26.73#33.67#39.6
-144.278,60.1859#26.83#33.91#39.26
-144.171,60.1805#26.93#34.14#38.93
-144.063,60.175#27.03#34.38#38.59
-143.956,60.1694#27.11#34.62#38.27
-143.849,60.1637#27.15#34.85#38
-143.742,60.1579#27.2#35.09#37.71
-143.635,60.152#27.25#35.32#37.43
-143.528,60.146#27.29#35.55#37.16
-143.421,60.14#27.33#35.78#36.89
-143.314,60.1338#27.37#36#36.63
-143.208,60.1275#27.41#36.22#36.37
-143.101,60.1211#27.44#36.44#36.12
-142.994,60.1146#27.48#36.66#35.86
-142.887,60.108#27.48#36.89#35.63
-142.781,60.1013#27.48#37.12#35.4
-142.674,60.0946#27.48#37.35#35.17
-142.568,60.0877#27.48#37.58#34.94
-142.461,60.0807#27.46#37.83#34.71
-142.355,60.0736#27.42#38.13#34.45
-142.248,60.0665#27.38#38.44#34.18
-142.142,60.0592#27.34#38.74#33.92
-142.036,60.0518#27.3#39.05#33.65
-141.93,60.0443#27.25#39.38#33.37
-141.824,60.0368#27.18#39.72#33.1
-141.717,60.0291#27.12#40.05#32.83
-141.611,60.0214#27.06#40.39#32.55
-141.505,60.0135#27#40.73#32.27
-141.4,60.0055#26.97#41.17#31.86
-141.294,59.9975#26.93#41.61#31.46
-141.188,59.9893#26.9#42.04#31.06
-141.082,59.9811#26.87#42.48#30.65
-140.976,59.9727#26.84#42.86#30.3
-140.871,59.9643#26.83#43.11#30.06
-140.765,59.9557#26.81#43.36#29.83
-140.66,59.9471#26.8#43.6#29.6
-140.554,59.9384#26.79#43.84#29.37
-140.449,59.9295#26.79#44.07#29.14
-140.344,59.9206#26.78#44.3#28.92
-140.238,59.9116#26.78#44.53#28.69
-140.133,59.9025#26.78#44.75#28.47
-160.409,59.9082#46.92#28.67#24.41
-160.304,59.9178#46.91#28.66#24.43
-160.199,59.9273#46.9#28.66#24.44
-160.094,59.9367#46.9#28.66#24.44
-159.989,59.9461#46.88#28.65#24.47
-159.884,59.9553#46.84#28.65#24.51
-159.778,59.9644#46.81#28.66#24.53
-159.673,59.9735#46.77#28.66#24.57
-159.567,59.9824#46.73#28.66#24.61
-159.462,59.9913#46.66#28.66#24.68
-159.356,60#46.55#28.66#24.79
-159.251,60.0087#46.43#28.67#24.9
-159.145,60.0172#46.32#28.67#25.01
-159.039,60.0257#46.21#28.67#25.12
-158.933,60.0341#46.04#28.67#25.29
-158.827,60.0423#45.85#28.68#25.47
-158.721,60.0505#45.66#28.68#25.66
-158.615,60.0586#45.46#28.69#25.85
-158.509,60.0666#45.27#28.69#26.04
-158.403,60.0744#44.99#28.69#26.32
-158.297,60.0822#44.71#28.7#26.59
-158.19,60.0899#44.43#28.7#26.87
-158.084,60.0975#44.15#28.7#27.15
-157.978,60.1049#43.86#28.71#27.43
-157.871,60.1123#43.52#28.71#27.77
-157.765,60.1196#43.17#28.71#28.12
-157.658,60.1268#42.83#28.72#28.45
-157.552,60.1339#42.49#28.72#28.79
-157.445,60.1409#42.17#28.73#29.1
-157.338,60.1478#41.87#28.73#29.4
-157.231,60.1546#41.59#28.73#29.68
-157.125,60.1613#41.31#28.74#29.95
-157.018,60.1679#41.03#28.74#30.23
-156.911,60.1744#40.65#28.75#30.6
-156.804,60.1808#40.26#28.75#30.99
-156.697,60.1871#39.87#28.75#31.38
-156.59,60.1933#39.48#28.76#31.76
-156.483,60.1994#39.1#28.76#32.14
-156.375,60.2054#38.76#28.77#32.47
-156.268,60.2113#38.42#28.77#32.81
-156.161,60.2171#38.07#28.78#33.15
-156.054,60.2228#37.73#28.79#33.48
-155.946,60.2284#37.39#28.81#33.8
-155.839,60.2339#37.07#28.84#34.09
-155.732,60.2393#36.75#28.87#34.38
-155.624,60.2446#36.42#28.9#34.68
-155.517,60.2498#36.1#28.94#34.96
-155.409,60.2549#35.81#28.99#35.2
-155.302,60.2599#35.53#29.05#35.42
-155.194,60.2648#35.24#29.1#35.66
-155.086,60.2696#34.96#29.16#35.88
-154.979,60.2743#34.67#29.22#36.11
-154.871,60.2789#34.35#29.27#36.38
-154.763,60.2834#34.04#29.33#36.63
-154.655,60.2878#33.72#29.38#36.9
-154.547,60.2921#33.4#29.43#37.17
-154.44,60.2963#33.15#29.47#37.38
-154.332,60.3004#32.96#29.49#37.55
-154.224,60.3044#32.77#29.51#37.72
-154.116,60.3083#32.58#29.53#37.89
-154.008,60.3121#32.39#29.55#38.06
-153.9,60.3158#32.23#29.56#38.21
-153.792,60.3194#32.07#29.58#38.35
-153.684,60.3229#31.92#29.59#38.49
-153.576,60.3263#31.77#29.6#38.63
-153.468,60.3296#31.6#29.61#38.79
-153.36,60.3328#31.4#29.62#38.98
-153.251,60.3358#31.19#29.62#39.19
-153.143,60.3388#30.99#29.63#39.38
-153.035,60.3417#30.79#29.64#39.57
-152.927,60.3445#30.53#29.64#39.83
-152.819,60.3472#30.24#29.65#40.11
-152.71,60.3498#29.95#29.65#40.4
-152.602,60.3523#29.67#29.65#40.68
-152.494,60.3547#29.38#29.66#40.96
-152.385,60.3569#29.07#29.66#41.27
-152.277,60.3591#28.76#29.66#41.58
-152.169,60.3612#28.45#29.66#41.89
-152.06,60.3632#28.15#29.67#42.18
-151.952,60.3651#27.88#29.66#42.46
-151.843,60.3668#27.67#29.65#42.68
-151.735,60.3685#27.46#29.64#42.9
-151.627,60.3701#27.24#29.62#43.14
-151.518,60.3715#27.03#29.61#43.36
-151.41,60.3729#26.9#29.57#43.53
-151.301,60.3742#26.79#29.52#43.69
-151.193,60.3754#26.68#29.47#43.85
-151.084,60.3764#26.57#29.42#44.01
-150.976,60.3774#26.47#29.36#44.17
-150.867,60.3782#26.42#29.28#44.3
-150.759,60.379#26.38#29.21#44.41
-150.65,60.3797#26.33#29.13#44.54
-150.542,60.3802#26.28#29.05#44.67
-150.433,60.3807#26.25#28.99#44.76
