-152.888,58.9008#30.57#29.43#40
-152.785,58.9034#30.38#29.45#40.17
-152.682,58.906#30.2#29.47#40.33
-152.579,58.9084#30.01#29.48#40.51
-152.476,58.9108#29.83#29.5#40.67
-152.372,58.913#29.65#29.51#40.84
-152.269,58.9152#29.47#29.52#41.01
-152.166,58.9172#29.29#29.53#41.18
-152.063,58.9192#29.11#29.54#41.35
-151.96,58.9211#28.93#29.55#41.52
-151.857,58.9228#28.74#29.55#41.71
-151.754,58.9245#28.55#29.56#41.89
-151.651,58.9261#28.37#29.56#42.07
-151.548,58.9276#28.18#29.57#42.25
-151.444,58.929#27.99#29.57#42.44
-151.341,58.9303#27.81#29.58#42.61
-151.238,58.9315#27.62#29.58#42.8
-151.135,58.9326#27.44#29.58#42.98
-151.032,58.9336#27.26#29.58#43.16
-150.928,58.9345#27.11#29.59#43.3
-150.825,58.9353#26.99#29.59#43.42
-150.722,58.936#26.86#29.59#43.55
-150.619,58.9366#26.74#29.59#43.67
-150.516,58.9372#26.62#29.59#43.79
-150.412,58.9376#26.55#29.58#43.87
-150.309,58.9379#26.5#29.57#43.93
-150.206,58.9382#26.45#29.56#43.99
-150.103,58.9383#26.4#29.54#44.06
-149.999,58.9384#26.34#29.53#44.13
-149.896,58.9383#26.32#29.49#44.19
-149.793,58.9382#26.29#29.44#44.27
-149.69,58.9379#26.26#29.4#44.34
-149.586,58.9376#26.23#29.36#44.41
-149.483,58.9372#26.2#29.32#44.48
-149.38,58.9366#26.19#29.27#44.54
-149.277,58.936#26.18#29.22#44.6
-149.174,58.9353#26.16#29.17#44.67
-149.07,58.9345#26.15#29.12#44.73
-148.967,58.9336#26.14#29.08#44.78
-148.864,58.9326#26.13#29.07#44.8
-148.761,58.9315#26.12#29.05#44.83
-148.658,58.9303#26.12#29.03#44.85
-148.554,58.929#26.11#29.02#44.87
-148.451,58.9276#26.1#29.03#44.87
-148.348,58.9261#26.1#29.07#44.83
-148.245,58.9245#26.1#29.11#44.79
-148.142,58.9228#26.09#29.15#44.76
-148.039,58.921#26.09#29.19#44.72
-147.935,58.9192#26.09#29.26#44.65
-147.832,58.9172#26.09#29.35#44.56
-147.729,58.9151#26.08#29.43#44.49
-147.626,58.913#26.08#29.52#44.4
-147.523,58.9107#26.08#29.6#44.32
-147.42,58.9084#26.08#29.71#44.21
-147.317,58.9059#26.08#29.83#44.09
-147.214,58.9034#26.08#29.94#43.98
-147.111,58.9008#26.08#30.06#43.86
-154.438,58.9029#33.06#28.82#38.12
-154.335,58.907#32.94#28.86#38.2
-154.232,58.911#32.81#28.9#38.29
-154.129,58.9148#32.68#28.93#38.39
-154.026,58.9186#32.56#28.97#38.47
-153.923,58.9223#32.4#29.02#38.58
-153.82,58.9259#32.23#29.08#38.69
-153.717,58.9294#32.05#29.13#38.82
-153.614,58.9328#31.88#29.18#38.94
-153.511,58.9361#31.71#29.24#39.05
-153.408,58.9393#31.53#29.28#39.19
-153.305,58.9425#31.35#29.31#39.34
-153.202,58.9455#31.16#29.35#39.49
-153.099,58.9484#30.97#29.39#39.64
-152.996,58.9512#30.79#29.42#39.79
-152.893,58.954#30.6#29.44#39.96
-152.79,58.9566#30.41#29.46#40.13
-152.686,58.9592#30.22#29.48#40.3
-152.583,58.9616#30.03#29.49#40.48
-152.48,58.964#29.85#29.51#40.64
-152.377,58.9662#29.66#29.52#40.82
-152.274,58.9684#29.47#29.53#41
-152.17,58.9705#29.28#29.54#41.18
-152.067,58.9724#29.09#29.54#41.37
-151.964,58.9743#28.9#29.55#41.55
-151.86,58.9761#28.71#29.56#41.73
-151.757,58.9778#28.51#29.56#41.93
-151.654,58.9793#28.31#29.57#42.12
-151.55,58.9808#28.12#29.57#42.31
-151.447,58.9822#27.92#29.58#42.5
-151.344,58.9835#27.74#29.58#42.68
-151.24,58.9847#27.55#29.58#42.87
-151.137,58.9858#27.36#29.59#43.05
-151.033,58.9868#27.17#29.59#43.24
-150.93,58.9878#27.03#29.59#43.38
-150.827,58.9886#26.92#29.59#43.49
-150.723,58.9893#26.81#29.59#43.6
-150.62,58.9899#26.7#29.6#43.7
-150.516,58.9904#26.58#29.6#43.82
-150.413,58.9909#26.52#29.58#43.9
-150.31,58.9912#26.47#29.57#43.96
-150.206,58.9915#26.42#29.55#44.03
-150.103,58.9916#26.37#29.53#44.1
-149.999,58.9916#26.32#29.52#44.16
-149.896,58.9916#26.3#29.47#44.23
-149.793,58.9914#26.27#29.42#44.31
-149.689,58.9912#26.24#29.38#44.38
-149.586,58.9909#26.22#29.33#44.45
-149.482,58.9904#26.19#29.28#44.53
-149.379,58.9899#26.18#29.23#44.59
-149.275,58.9893#26.17#29.18#44.65
-149.172,58.9886#26.16#29.13#44.71
-149.069,58.9877#26.14#29.07#44.79
-148.965,58.9868#26.13#29.04#44.83
-148.862,58.9858#26.13#29.02#44.85
-148.758,58.9847#26.12#29.01#44.87
-148.655,58.9835#26.11#29#44.89
-148.552,58.9822#26.11#28.99#44.9
-148.448,58.9808#26.1#29#44.9
-148.345,58.9793#26.1#29.04#44.86
-148.242,58.9777#26.09#29.08#44.83
-148.138,58.9761#26.09#29.12#44.79
-148.035,58.9743#26.09#29.15#44.76
-147.932,58.9724#26.09#29.22#44.69
-147.828,58.9704#26.08#29.31#44.61
-147.725,58.9684#26.08#29.4#44.52
-147.622,58.9662#26.08#29.48#44.44
-147.519,58.9639#26.08#29.57#44.35
-147.415,58.9616#26.08#29.68#44.24
-147.312,58.9591#26.08#29.79#44.13
-147.209,58.9566#26.08#29.91#44.01
-147.106,58.954#26.08#30.03#43.89
-147.003,58.9512#26.07#30.14#43.79
-146.9,58.9484#26.07#30.27#43.66
-146.797,58.9455#26.07#30.4#43.53
-146.693,58.9424#26.07#30.53#43.4
-146.59,58.9393#26.07#30.66#43.27
-146.487,58.9361#26.07#30.78#43.15
-146.384,58.9328#26.07#30.89#43.04
-146.281,58.9294#26.07#31#42.93
-146.178,58.9259#26.07#31.11#42.82
-146.075,58.9223#26.07#31.22#42.71
-145.972,58.9186#26.07#31.33#42.6
-145.87,58.9148#26.07#31.44#42.49
-145.767,58.9109#26.07#31.54#42.39
-145.664,58.9069#26.07#31.64#42.29
-145.561,58.9029#26.07#31.74#42.19
-155.577,58.9048#35.7#28.72#35.58
-155.474,58.91#35.45#28.72#35.83
-155.371,58.915#35.2#28.73#36.07
-155.269,58.9199#34.96#28.73#36.31
-155.166,58.9248#34.72#28.73#36.55
-155.063,58.9295#34.47#28.74#36.79
-154.96,58.9342#34.23#28.75#37.02
-154.857,58.9387#34#28.76#37.24
-154.755,58.9432#33.77#28.78#37.45
-154.652,58.9476#33.54#28.79#37.67
-154.549,58.9518#33.31#28.81#37.88
-154.446,58.956#33.13#28.84#38.03
-154.343,58.9601#33#28.88#38.12
-154.24,58.9641#32.87#28.92#38.21
-154.137,58.968#32.73#28.95#38.32
-154.034,58.9718#32.6#29#38.4
-153.93,58.9755#32.44#29.05#38.51
-153.827,58.9791#32.27#29.1#38.63
-153.724,58.9826#32.1#29.15#38.75
-153.621,58.986#31.93#29.21#38.86
-153.518,58.9893#31.76#29.26#38.98
-153.414,58.9925#31.58#29.3#39.12
-153.311,58.9957#31.39#29.34#39.27
-153.208,58.9987#31.2#29.37#39.43
-153.105,59.0016#31.01#29.4#39.59
-153.001,59.0045#30.82#29.44#39.74
-152.898,59.0072#30.63#29.45#39.92
-152.795,59.0098#30.44#29.47#40.09
-152.691,59.0124#30.25#29.48#40.27
-152.588,59.0148#30.06#29.5#40.44
-152.484,59.0172#29.87#29.52#40.61
-152.381,59.0195#29.67#29.52#40.81
-152.278,59.0216#29.48#29.53#40.99
-152.174,59.0237#29.28#29.54#41.18
-152.071,59.0257#29.08#29.55#41.37
-151.967,59.0275#28.88#29.56#41.56
-151.864,59.0293#28.68#29.56#41.76
-151.76,59.031#28.47#29.57#41.96
-151.657,59.0326#28.26#29.57#42.17
-151.553,59.0341#28.06#29.58#42.36
-151.45,59.0355#27.86#29.58#42.56
-151.346,59.0368#27.66#29.58#42.76
-151.242,59.038#27.47#29.59#42.94
-151.139,59.0391#27.28#29.59#43.13
-151.035,59.0401#27.09#29.59#43.32
-150.932,59.041#26.95#29.59#43.46
-150.828,59.0418#26.85#29.6#43.55
-150.725,59.0426#26.75#29.6#43.65
-150.621,59.0432#26.65#29.6#43.75
-150.517,59.0437#26.55#29.6#43.85
-150.414,59.0442#26.49#29.58#43.93
-150.31,59.0445#26.45#29.56#43.99
-150.207,59.0447#26.4#29.54#44.06
-150.103,59.0449#26.35#29.52#44.13
-149.999,59.0449#26.3#29.5#44.2
-149.896,59.0449#26.28#29.45#44.27
-149.792,59.0447#26.26#29.4#44.34
-149.689,59.0445#26.23#29.35#44.42
-149.585,59.0442#26.21#29.3#44.49
-149.481,59.0437#26.18#29.25#44.57
-149.378,59.0432#26.17#29.2#44.63
-149.274,59.0426#26.16#29.14#44.7
-149.171,59.0418#26.15#29.08#44.77
-149.067,59.041#26.14#29.03#44.83
-148.963,59.0401#26.13#28.99#44.88
-148.86,59.0391#26.12#28.98#44.9
-148.756,59.038#26.12#28.98#44.9
-148.653,59.0368#26.11#28.97#44.92
-148.549,59.0355#26.1#28.96#44.94
-148.446,59.0341#26.1#28.98#44.92
-148.342,59.0326#26.1#29.01#44.89
-148.239,59.031#26.09#29.05#44.86
-148.135,59.0293#26.09#29.08#44.83
-148.032,59.0275#26.09#29.11#44.8
-147.928,59.0256#26.08#29.19#44.73
-147.825,59.0237#26.08#29.27#44.65
-147.721,59.0216#26.08#29.36#44.56
-147.618,59.0194#26.08#29.45#44.47
-147.514,59.0172#26.08#29.53#44.39
-147.411,59.0148#26.08#29.65#44.27
-147.307,59.0124#26.08#29.76#44.16
-147.204,59.0098#26.08#29.88#44.04
-147.101,59.0072#26.07#29.99#43.94
-146.997,59.0044#26.07#30.11#43.82
-146.894,59.0016#26.07#30.24#43.69
-146.791,58.9986#26.07#30.38#43.55
-146.687,58.9956#26.07#30.51#43.42
-146.584,58.9925#26.07#30.64#43.29
-146.481,58.9893#26.07#30.77#43.16
-146.378,58.9859#26.07#30.88#43.05
-146.275,58.9825#26.07#31#42.93
-146.171,58.979#26.07#31.11#42.82
-146.068,58.9754#26.07#31.23#42.7
-145.965,58.9717#26.07#31.34#42.59
-145.862,58.9679#26.07#31.44#42.49
-145.759,58.964#26.07#31.55#42.38
-145.656,58.96#26.07#31.65#42.28
-145.553,58.956#26.07#31.76#42.17
-145.45,58.9518#26.07#31.86#42.07
-145.347,58.9475#26.07#31.97#41.96
-145.244,58.9431#26.07#32.07#41.86
-145.141,58.9387#26.07#32.18#41.75
-145.038,58.9341#26.07#32.28#41.65
-144.936,58.9295#26.07#32.4#41.53
-144.833,58.9247#26.07#32.52#41.41
-144.73,58.9199#26.07#32.64#41.29
-144.627,58.9149#26.07#32.76#41.17
-144.525,58.9099#26.07#32.88#41.05
-144.422,58.9048#26.08#33.07#40.85
-156.613,58.9012#38.36#28.68#32.96
-156.511,58.9073#38.1#28.68#33.22
-156.408,58.9133#37.84#28.69#33.47
-156.306,58.9192#37.58#28.69#33.73
-156.203,58.925#37.32#28.7#33.98
-156.1,58.9307#37.06#28.7#34.24
-155.998,58.9363#36.8#28.71#34.49
-155.895,58.9419#36.55#28.71#34.74
-155.792,58.9473#36.29#28.71#35
-155.69,58.9526#36.04#28.72#35.24
-155.587,58.9578#35.79#28.72#35.49
-155.484,58.963#35.53#28.73#35.74
-155.381,58.968#35.29#28.73#35.98
-155.278,58.973#35.05#28.73#36.22
-155.175,58.9778#34.8#28.74#36.46
-155.072,58.9826#34.56#28.74#36.7
-154.969,58.9872#34.32#28.75#36.93
-154.866,58.9918#34.09#28.77#37.14
-154.763,58.9963#33.85#28.78#37.37
-154.66,59.0007#33.62#28.8#37.58
-154.557,59.0049#33.39#28.82#37.79
-154.454,59.0091#33.2#28.85#37.95
-154.351,59.0132#33.06#28.89#38.05
-154.247,59.0172#32.92#28.93#38.15
-154.144,59.0211#32.78#28.97#38.25
-154.041,59.0249#32.64#29.02#38.34
-153.938,59.0286#32.48#29.07#38.45
-153.834,59.0322#32.31#29.12#38.57
-153.731,59.0357#32.15#29.18#38.67
-153.627,59.0392#31.98#29.23#38.79
-153.524,59.0425#31.81#29.29#38.9
-153.421,59.0457#31.62#29.33#39.05
-153.317,59.0488#31.43#29.36#39.21
-153.214,59.0519#31.24#29.39#39.37
-153.11,59.0548#31.05#29.42#39.53
-153.007,59.0577#30.86#29.45#39.69
-152.903,59.0604#30.66#29.46#39.88
-152.8,59.0631#30.47#29.48#40.05
-152.696,59.0656#30.28#29.49#40.23
-152.593,59.0681#30.08#29.51#40.41
-152.489,59.0704#29.89#29.52#40.59
-152.385,59.0727#29.68#29.53#40.79
-152.282,59.0749#29.48#29.54#40.98
-152.178,59.077#29.28#29.55#41.17
-152.074,59.0789#29.07#29.56#41.37
-151.971,59.0808#28.86#29.56#41.58
-151.867,59.0826#28.65#29.57#41.78
-151.763,59.0843#28.43#29.57#42
-151.66,59.0859#28.21#29.58#42.21
-151.556,59.0874#27.99#29.58#42.43
-151.452,59.0888#27.79#29.58#42.63
-151.348,59.0901#27.59#29.59#42.82
-151.245,59.0913#27.39#29.59#43.02
-151.141,59.0924#27.2#29.59#43.21
-151.037,59.0934#27#29.6#43.4
-150.933,59.0943#26.87#29.6#43.53
-150.83,59.0951#26.78#29.6#43.62
-150.726,59.0959#26.69#29.6#43.71
-150.622,59.0965#26.6#29.6#43.8
-150.518,59.097#26.52#29.6#43.88
-150.415,59.0975#26.46#29.58#43.96
-150.311,59.0978#26.42#29.56#44.02
-150.207,59.098#26.37#29.54#44.09
-150.103,59.0982#26.33#29.52#44.15
-149.999,59.0982#26.28#29.49#44.23
-149.896,59.0982#26.26#29.44#44.3
-149.792,59.098#26.24#29.38#44.38
-149.688,59.0978#26.22#29.33#44.45
-149.584,59.0975#26.2#29.27#44.53
-149.48,59.097#26.18#29.22#44.6
-149.377,59.0965#26.16#29.16#44.68
-149.273,59.0959#26.15#29.1#44.75
-149.169,59.0951#26.14#29.04#44.82
-149.065,59.0943#26.13#28.98#44.89
-148.961,59.0934#26.12#28.95#44.93
-148.858,59.0924#26.12#28.94#44.94
-148.754,59.0913#26.11#28.94#44.95
-148.65,59.0901#26.11#28.94#44.95
-148.546,59.0888#26.1#28.94#44.96
-148.443,59.0874#26.1#28.95#44.95
-148.339,59.0859#26.09#28.98#44.93
-148.235,59.0843#26.09#29.01#44.9
-148.132,59.0826#26.09#29.04#44.87
-148.028,59.0808#26.09#29.07#44.84
-147.924,59.0789#26.08#29.15#44.77
-147.821,59.0769#26.08#29.24#44.68
-147.717,59.0749#26.08#29.33#44.59
-147.613,59.0727#26.08#29.41#44.51
-147.51,59.0704#26.08#29.5#44.42
-147.406,59.0681#26.08#29.61#44.31
-147.303,59.0656#26.08#29.73#44.19
-147.199,59.063#26.08#29.84#44.08
-147.095,59.0604#26.07#29.96#43.97
-146.992,59.0576#26.07#30.08#43.85
-146.888,59.0548#26.07#30.21#43.72
-146.785,59.0518#26.07#30.35#43.58
-146.681,59.0488#26.07#30.49#43.44
-146.578,59.0457#26.07#30.62#43.31
-146.475,59.0424#26.07#30.76#43.17
-146.371,59.0391#26.07#30.88#43.05
-146.268,59.0357#26.07#30.99#42.94
-146.165,59.0322#26.07#31.11#42.82
-146.061,59.0286#26.07#31.23#42.7
-145.958,59.0249#26.07#31.34#42.59
-145.855,59.0211#26.07#31.45#42.48
-145.751,59.0172#26.07#31.56#42.37
-145.648,59.0132#26.07#31.66#42.27
-145.545,59.0091#26.07#31.77#42.16
-145.442,59.0049#26.07#31.88#42.05
-145.339,59.0006#26.07#31.98#41.95
-145.236,58.9962#26.07#32.09#41.84
-145.133,58.9918#26.07#32.2#41.73
-145.029,58.9872#26.07#32.3#41.63
-144.926,58.9825#26.07#32.42#41.51
-144.824,58.9778#26.07#32.54#41.39
-144.721,58.9729#26.07#32.66#41.27
-144.618,58.968#26.07#32.78#41.15
-144.515,58.9629#26.07#32.9#41.03
-144.412,58.9578#26.09#33.11#40.8
-144.309,58.9525#26.11#33.33#40.56
-144.206,58.9472#26.12#33.55#40.33
-144.104,58.9418#26.14#33.77#40.09
-144.001,58.9363#26.16#33.99#39.85
-143.898,58.9306#26.22#34.2#39.58
-143.796,58.9249#26.27#34.41#39.32
-143.693,58.9191#26.33#34.62#39.05
-143.591,58.9132#26.39#34.82#38.79
-143.488,58.9072#26.44#35.03#38.53
-143.386,58.9012#26.54#35.22#38.24
-157.444,58.902#41.13#28.65#30.22
-157.342,58.9088#40.74#28.66#30.6
-157.24,58.9156#40.35#28.66#30.99
-157.137,58.9222#39.96#28.66#31.38
-157.035,58.9288#39.57#28.67#31.76
-156.933,58.9353#39.25#28.67#32.08
-156.83,58.9417#38.99#28.68#32.33
-156.727,58.9479#38.72#28.68#32.6
-156.625,58.9541#38.45#28.68#32.87
-156.522,58.9602#38.18#28.69#33.13
-156.42,58.9662#37.92#28.69#33.39
-156.317,58.9722#37.66#28.7#33.64
-156.214,58.978#37.4#28.7#33.9
-156.111,58.9837#37.14#28.7#34.16
-156.009,58.9893#36.89#28.71#34.4
-155.906,58.9948#36.63#28.71#34.66
-155.803,59.0003#36.38#28.72#34.9
-155.7,59.0056#36.13#28.72#35.15
-155.597,59.0109#35.87#28.72#35.41
-155.494,59.016#35.62#28.73#35.65
-155.391,59.0211#35.38#28.73#35.89
-155.288,59.026#35.13#28.74#36.13
-155.185,59.0309#34.89#28.74#36.37
-155.081,59.0357#34.65#28.74#36.61
-154.978,59.0403#34.41#28.75#36.84
-154.875,59.0449#34.17#28.77#37.06
-154.772,59.0494#33.94#28.79#37.27
-154.668,59.0538#33.7#28.81#37.49
-154.565,59.0581#33.47#28.83#37.7
-154.462,59.0623#33.26#28.86#37.88
-154.358,59.0664#33.12#28.9#37.98
-154.255,59.0704#32.98#28.95#38.07
-154.152,59.0743#32.83#28.99#38.18
-154.048,59.0781#32.69#29.04#38.27
-153.945,59.0818#32.53#29.09#38.38
-153.841,59.0854#32.36#29.15#38.49
-153.738,59.0889#32.19#29.2#38.61
-153.634,59.0924#32.02#29.26#38.72
-153.53,59.0957#31.85#29.32#38.83
-153.427,59.0989#31.67#29.35#38.98
-153.323,59.1021#31.47#29.38#39.15
-153.22,59.1051#31.28#29.41#39.31
-153.116,59.108#31.09#29.43#39.48
-153.012,59.1109#30.89#29.46#39.65
-152.909,59.1137#30.7#29.48#39.82
-152.805,59.1163#30.5#29.49#40.01
-152.701,59.1189#30.3#29.5#40.2
-152.597,59.1213#30.11#29.52#40.37
-152.493,59.1237#29.91#29.53#40.56
-152.39,59.126#29.7#29.54#40.76
-152.286,59.1281#29.49#29.55#40.96
-152.182,59.1302#29.27#29.55#41.18
-152.078,59.1322#29.06#29.56#41.38
-151.974,59.1341#28.84#29.57#41.59
-151.87,59.1359#28.62#29.57#41.81
-151.767,59.1376#28.39#29.58#42.03
-151.663,59.1392#28.16#29.58#42.26
-151.559,59.1407#27.93#29.59#42.48
-151.455,59.1421#27.72#29.59#42.69
-151.351,59.1434#27.52#29.59#42.89
-151.247,59.1446#27.32#29.59#43.09
-151.143,59.1457#27.12#29.6#43.28
-151.039,59.1467#26.92#29.6#43.48
-150.935,59.1476#26.79#29.6#43.61
-150.831,59.1484#26.72#29.6#43.68
-150.727,59.1492#26.64#29.6#43.76
-150.623,59.1498#26.56#29.6#43.84
-150.519,59.1503#26.48#29.61#43.91
-150.415,59.1508#26.43#29.59#43.98
-150.311,59.1511#26.39#29.56#44.05
-150.207,59.1513#26.35#29.53#44.12
-150.103,59.1515#26.31#29.51#44.18
-149.999,59.1515#26.26#29.48#44.26
-149.895,59.1515#26.24#29.42#44.34
-149.791,59.1513#26.22#29.36#44.42
-149.687,59.1511#26.2#29.3#44.5
-149.583,59.1508#26.18#29.25#44.57
-149.479,59.1503#26.17#29.19#44.64
-149.375,59.1498#26.16#29.12#44.72
-149.271,59.1492#26.15#29.06#44.79
-149.168,59.1484#26.14#29#44.86
-149.064,59.1476#26.13#28.94#44.93
-148.96,59.1467#26.12#28.9#44.98
-148.856,59.1457#26.11#28.9#44.99
-148.752,59.1446#26.11#28.91#44.98
-148.648,59.1434#26.1#28.91#44.99
-148.544,59.1421#26.1#28.91#44.99
-148.44,59.1406#26.09#28.92#44.99
-148.336,59.1391#26.09#28.95#44.96
-148.232,59.1376#26.09#28.98#44.93
-148.128,59.1359#26.09#29.01#44.9
-148.024,59.1341#26.08#29.03#44.89
-147.921,59.1322#26.08#29.11#44.81
-147.817,59.1302#26.08#29.2#44.72
-147.713,59.1281#26.08#29.29#44.63
-147.609,59.1259#26.08#29.38#44.54
-147.505,59.1237#26.08#29.47#44.45
-147.401,59.1213#26.08#29.58#44.34
-147.298,59.1188#26.08#29.7#44.22
-147.194,59.1163#26.07#29.81#44.12
-147.09,59.1136#26.07#29.93#44
-146.986,59.1109#26.07#30.04#43.89
-146.883,59.108#26.07#30.19#43.74
-146.779,59.1051#26.07#30.33#43.6
-146.675,59.102#26.07#30.47#43.46
-146.572,59.0989#26.07#30.61#43.32
-146.468,59.0956#26.07#30.74#43.19
-146.365,59.0923#26.07#30.87#43.06
-146.261,59.0889#26.07#30.99#42.94
-146.158,59.0854#26.07#31.11#42.82
-146.054,59.0817#26.07#31.23#42.7
-145.951,59.078#26.07#31.35#42.58
-145.847,59.0742#26.07#31.46#42.47
-145.744,59.0703#26.07#31.57#42.36
-145.64,59.0663#26.07#31.68#42.25
-145.537,59.0622#26.07#31.79#42.14
-145.434,59.058#26.07#31.89#42.04
-145.33,59.0537#26.07#32#41.93
-145.227,59.0493#26.07#32.11#41.82
-145.124,59.0448#26.07#32.21#41.72
-145.021,59.0403#26.07#32.32#41.61
-144.917,59.0356#26.07#32.44#41.49
-144.814,59.0308#26.07#32.56#41.37
-144.711,59.026#26.07#32.68#41.25
-144.608,59.021#26.07#32.8#41.13
-144.505,59.0159#26.07#32.92#41.01
-144.402,59.0108#26.09#33.15#40.76
-144.299,59.0056#26.12#33.38#40.5
-144.196,59.0002#26.14#33.61#40.25
-144.093,58.9948#26.16#33.83#40.01
-143.99,58.9892#26.18#34.06#39.76
-143.887,58.9836#26.25#34.27#39.48
-143.785,58.9779#26.31#34.48#39.21
-143.682,58.9721#26.37#34.7#38.93
-143.579,58.9662#26.43#34.91#38.66
-143.476,58.9602#26.5#35.11#38.39
-143.374,58.9541#26.59#35.32#38.09
-143.271,58.9479#26.69#35.52#37.79
-143.169,58.9416#26.78#35.72#37.5
-143.066,58.9352#26.88#35.92#37.2
-142.964,58.9287#26.96#36.12#36.92
-142.861,58.9221#27.04#36.32#36.64
-142.759,58.9155#27.12#36.52#36.36
-142.657,58.9087#27.2#36.73#36.07
-142.554,58.9019#27.28#36.93#35.79
-158.173,58.9041#43.79#28.63#27.58
-158.071,58.9116#43.47#28.63#27.9
-157.969,58.919#43.13#28.64#28.23
-157.867,58.9264#42.76#28.64#28.6
-157.765,58.9336#42.39#28.64#28.97
-157.662,58.9408#42.02#28.65#29.33
-157.56,58.9478#41.65#28.65#29.7
-157.458,58.9548#41.27#28.65#30.08
-157.355,58.9616#40.87#28.66#30.47
-157.253,58.9684#40.47#28.66#30.87
-157.15,58.9751#40.07#28.67#31.26
-157.048,58.9817#39.67#28.67#31.66
-156.945,58.9882#39.34#28.67#31.99
-156.842,58.9946#39.07#28.68#32.25
-156.74,59.0009#38.8#28.68#32.52
-156.637,59.0071#38.54#28.69#32.77
-156.534,59.0132#38.27#28.69#33.04
-156.431,59.0192#38.01#28.69#33.3
-156.328,59.0251#37.75#28.7#33.55
-156.225,59.0309#37.49#28.7#33.81
-156.122,59.0367#37.23#28.71#34.06
-156.019,59.0423#36.97#28.71#34.32
-155.916,59.0478#36.72#28.71#34.57
-155.813,59.0533#36.47#28.72#34.81
-155.71,59.0586#36.21#28.72#35.07
-155.607,59.0639#35.96#28.73#35.31
-155.504,59.0691#35.71#28.73#35.56
-155.4,59.0741#35.46#28.73#35.81
-155.297,59.0791#35.22#28.74#36.04
-155.194,59.084#34.98#28.74#36.28
-155.091,59.0887#34.73#28.75#36.52
-154.987,59.0934#34.49#28.75#36.76
-154.884,59.098#34.26#28.77#36.97
-154.78,59.1025#34.02#28.8#37.18
-154.677,59.1069#33.78#28.82#37.4
-154.573,59.1112#33.55#28.84#37.61
-154.47,59.1154#33.33#28.87#37.8
-154.366,59.1195#33.19#28.92#37.89
-154.263,59.1235#33.04#28.97#37.99
-154.159,59.1274#32.88#29.01#38.11
-154.055,59.1312#32.73#29.06#38.21
-153.952,59.135#32.57#29.11#38.32
-153.848,59.1386#32.4#29.17#38.43
-153.744,59.1421#32.24#29.23#38.53
-153.641,59.1456#32.07#29.29#38.64
-153.537,59.1489#31.9#29.34#38.76
-153.433,59.1521#31.71#29.38#38.91
-153.329,59.1553#31.52#29.4#39.08
-153.225,59.1583#31.32#29.43#39.25
-153.122,59.1613#31.12#29.45#39.43
-153.018,59.1641#30.93#29.47#39.6
-152.914,59.1669#30.73#29.49#39.78
-152.81,59.1696#30.53#29.5#39.97
-152.706,59.1721#30.33#29.51#40.16
-152.602,59.1746#30.13#29.53#40.34
-152.498,59.177#29.93#29.54#40.53
-152.394,59.1792#29.71#29.55#40.74
-152.29,59.1814#29.48#29.55#40.97
-152.186,59.1835#29.26#29.56#41.18
-152.082,59.1855#29.04#29.57#41.39
-151.978,59.1874#28.81#29.57#41.62
-151.874,59.1892#28.58#29.58#41.84
-151.77,59.1909#28.34#29.58#42.08
-151.666,59.1925#28.11#29.59#42.3
-151.562,59.194#27.87#29.59#42.54
-151.458,59.1954#27.65#29.59#42.76
-151.353,59.1967#27.45#29.6#42.95
-151.249,59.1979#27.26#29.6#43.14
-151.145,59.199#27.06#29.6#43.34
-151.041,59.2#26.86#29.6#43.54
-150.937,59.2009#26.74#29.6#43.66
-150.833,59.2018#26.67#29.6#43.73
-150.729,59.2025#26.6#29.6#43.8
-150.624,59.2031#26.53#29.6#43.87
-150.52,59.2037#26.46#29.6#43.94
-150.416,59.2041#26.41#29.58#44.01
-150.312,59.2044#26.37#29.55#44.08
-150.208,59.2047#26.33#29.52#44.15
-150.104,59.2048#26.29#29.49#44.22
-149.999,59.2049#26.25#29.46#44.29
-149.895,59.2048#26.23#29.39#44.38
-149.791,59.2047#26.21#29.33#44.46
-149.687,59.2044#26.19#29.27#44.54
-149.583,59.2041#26.18#29.21#44.61
-149.478,59.2037#26.16#29.15#44.69
-149.374,59.2031#26.15#29.09#44.76
-149.27,59.2025#26.14#29.03#44.83
-149.166,59.2018#26.13#28.97#44.9
-149.062,59.2009#26.12#28.91#44.97
-148.958,59.2#26.11#28.87#45.02
-148.854,59.199#26.11#28.88#45.01
-148.749,59.1979#26.1#28.88#45.02
-148.645,59.1967#26.1#28.88#45.02
-148.541,59.1954#26.1#28.89#45.01
-148.437,59.194#26.09#28.9#45.01
-148.333,59.1924#26.09#28.93#44.98
-148.229,59.1908#26.09#28.95#44.96
-148.125,59.1892#26.08#28.98#44.94
-148.021,59.1874#26.08#29#44.92
-147.917,59.1855#26.08#29.08#44.84
-147.813,59.1835#26.08#29.17#44.75
-147.709,59.1814#26.08#29.26#44.66
-147.605,59.1792#26.08#29.35#44.57
-147.501,59.1769#26.08#29.44#44.48
-147.397,59.1746#26.08#29.55#44.37
-147.293,59.1721#26.07#29.67#44.26
-147.189,59.1695#26.07#29.78#44.15
-147.085,59.1669#26.07#29.89#44.04
-146.981,59.1641#26.07#30.01#43.92
-146.877,59.1612#26.07#30.16#43.77
-146.773,59.1583#26.07#30.3#43.63
-146.669,59.1552#26.07#30.45#43.48
-146.566,59.1521#26.07#30.59#43.34
-146.462,59.1489#26.07#30.73#43.2
-146.358,59.1455#26.07#30.86#43.07
-146.254,59.1421#26.07#30.99#42.94
-146.151,59.1386#26.07#31.11#42.82
-146.047,59.1349#26.07#31.24#42.69
-145.943,59.1312#26.07#31.36#42.57
-145.84,59.1274#26.07#31.47#42.46
-145.736,59.1235#26.07#31.58#42.35
-145.632,59.1195#26.07#31.69#42.24
-145.529,59.1153#26.07#31.8#42.13
-145.425,59.1111#26.07#31.91#42.02
-145.322,59.1068#26.07#32.02#41.91
-145.218,59.1024#26.07#32.13#41.8
-145.115,59.098#26.07#32.23#41.7
-145.012,59.0934#26.07#32.34#41.59
-144.908,59.0887#26.07#32.46#41.47
-144.805,59.0839#26.07#32.58#41.35
-144.701,59.079#26.07#32.7#41.23
-144.598,59.0741#26.07#32.82#41.11
-144.495,59.069#26.07#32.95#40.98
-144.392,59.0638#26.1#33.19#40.71
-144.289,59.0586#26.13#33.42#40.45
-144.185,59.0532#26.15#33.66#40.19
-144.082,59.0478#26.18#33.89#39.93
-143.979,59.0422#26.21#34.12#39.67
-143.876,59.0366#26.28#34.34#39.38
-143.773,59.0309#26.35#34.56#39.09
-143.67,59.025#26.41#34.78#38.81
-143.568,59.0191#26.48#34.99#38.53
-143.465,59.0131#26.55#35.2#38.25
-143.362,59.007#26.65#35.41#37.94
-143.259,59.0008#26.75#35.62#37.63
-143.156,58.9945#26.84#35.82#37.34
-143.054,58.9881#26.94#36.03#37.03
-142.951,58.9816#27.02#36.23#36.75
-142.849,58.975#27.09#36.44#36.47
-142.746,58.9683#27.17#36.64#36.19
-142.643,58.9616#27.24#36.85#35.91
-142.541,58.9547#27.32#37.05#35.63
-142.439,58.9477#27.37#37.26#35.37
-142.336,58.9407#27.42#37.48#35.1
-142.234,58.9335#27.46#37.7#34.84
-142.132,58.9263#27.51#37.91#34.58
-142.03,58.9189#27.55#38.13#34.32
-141.927,58.9115#27.58#38.33#34.09
-141.825,58.904#27.6#38.52#33.88
-158.903,58.9014#45.71#28.61#25.68
-158.801,58.9096#45.49#28.61#25.9
-158.699,58.9177#45.28#28.61#26.11
-158.597,58.9257#45.06#28.62#26.32
-158.495,58.9336#44.84#28.62#26.54
-158.393,58.9414#44.52#28.62#26.86
-158.29,58.9492#44.2#28.63#27.17
-158.188,58.9568#43.89#28.63#27.48
-158.086,58.9643#43.57#28.63#27.8
-157.984,58.9718#43.24#28.64#28.12
-157.881,58.9791#42.88#28.64#28.48
-157.779,58.9864#42.51#28.65#28.84
-157.676,58.9935#42.14#28.65#29.21
-157.574,59.0006#41.78#28.65#29.57
-157.471,59.0076#41.4#28.66#29.94
-157.368,59.0145#41#28.66#30.34
-157.266,59.0213#40.59#28.67#30.74
-157.163,59.028#40.19#28.67#31.14
-157.06,59.0346#39.78#28.67#31.55
-156.958,59.0411#39.43#28.68#31.89
-156.855,59.0475#39.16#28.68#32.16
-156.752,59.0538#38.89#28.69#32.42
-156.649,59.06#38.62#28.69#32.69
-156.546,59.0661#38.36#28.69#32.95
-156.443,59.0721#38.09#28.7#33.21
-156.34,59.0781#37.83#28.7#33.47
-156.237,59.0839#37.58#28.7#33.72
-156.133,59.0897#37.32#28.71#33.97
-156.03,59.0953#37.06#28.71#34.23
-155.927,59.1009#36.81#28.72#34.47
-155.824,59.1063#36.55#28.72#34.73
-155.72,59.1117#36.3#28.73#34.97
-155.617,59.1169#36.05#28.73#35.22
-155.514,59.1221#35.79#28.73#35.48
-155.41,59.1272#35.55#28.74#35.71
-155.307,59.1322#35.31#28.74#35.95
-155.203,59.1371#35.06#28.75#36.19
-155.1,59.1418#34.82#28.75#36.43
-154.996,59.1465#34.58#28.75#36.67
-154.893,59.1511#34.34#28.78#36.88
-154.789,59.1556#34.1#28.8#37.1
-154.685,59.16#33.87#28.83#37.3
-154.582,59.1643#33.63#28.85#37.52
-154.478,59.1686#33.41#28.88#37.71
-154.374,59.1727#33.25#28.93#37.82
-154.27,59.1767#33.09#28.98#37.93
-154.167,59.1806#32.94#29.03#38.03
-154.063,59.1844#32.78#29.08#38.14
-153.959,59.1882#32.61#29.14#38.25
-153.855,59.1918#32.44#29.19#38.37
-153.751,59.1953#32.27#29.25#38.48
-153.647,59.1988#32.1#29.31#38.59
-153.543,59.2021#31.93#29.36#38.71
-153.439,59.2054#31.74#29.4#38.86
-153.335,59.2085#31.55#29.42#39.03
-153.231,59.2116#31.35#29.44#39.21
-153.127,59.2145#31.15#29.46#39.39
-153.023,59.2174#30.95#29.48#39.57
-152.919,59.2202#30.74#29.5#39.76
-152.815,59.2228#30.54#29.51#39.95
-152.711,59.2254#30.33#29.52#40.15
-152.607,59.2279#30.12#29.53#40.35
-152.503,59.2303#29.91#29.55#40.54
-152.398,59.2325#29.68#29.55#40.77
-152.294,59.2347#29.45#29.56#40.99
-152.19,59.2368#29.22#29.57#41.21
-152.086,59.2388#28.98#29.57#41.45
-151.982,59.2407#28.75#29.58#41.67
-151.877,59.2425#28.51#29.58#41.91
-151.773,59.2442#28.27#29.59#42.14
-151.669,59.2458#28.04#29.59#42.37
-151.564,59.2473#27.8#29.59#42.61
-151.46,59.2487#27.58#29.6#42.82
-151.356,59.25#27.39#29.6#43.01
-151.252,59.2512#27.21#29.6#43.19
-151.147,59.2523#27.02#29.6#43.38
-151.043,59.2534#26.83#29.61#43.56
-150.939,59.2543#26.72#29.6#43.68
-150.834,59.2551#26.65#29.6#43.75
-150.73,59.2558#26.58#29.6#43.82
-150.626,59.2565#26.51#29.59#43.9
-150.521,59.257#26.44#29.59#43.97
-150.417,59.2574#26.39#29.56#44.05
-150.312,59.2578#26.36#29.53#44.11
-150.208,59.258#26.32#29.49#44.19
-150.104,59.2582#26.28#29.46#44.26
-149.999,59.2582#26.24#29.42#44.34
-149.895,59.2582#26.22#29.36#44.42
-149.791,59.258#26.21#29.3#44.49
-149.686,59.2578#26.19#29.24#44.57
-149.582,59.2574#26.17#29.18#44.65
-149.478,59.257#26.15#29.12#44.73
-149.373,59.2565#26.15#29.06#44.79
-149.269,59.2558#26.14#29#44.86
-149.164,59.2551#26.13#28.95#44.92
-149.06,59.2543#26.12#28.89#44.99
-148.956,59.2533#26.11#28.86#45.03
-148.851,59.2523#26.11#28.86#45.03
-148.747,59.2512#26.1#28.87#45.03
-148.643,59.25#26.1#28.87#45.03
-148.539,59.2487#26.09#28.87#45.04
-148.434,59.2473#26.09#28.89#45.02
-148.33,59.2458#26.09#28.91#45
-148.226,59.2442#26.09#28.94#44.97
-148.121,59.2425#26.08#28.96#44.96
-148.017,59.2407#26.08#28.99#44.93
-147.913,59.2388#26.08#29.06#44.86
-147.809,59.2368#26.08#29.15#44.77
-147.705,59.2347#26.08#29.24#44.68
-147.6,59.2325#26.08#29.32#44.6
-147.496,59.2302#26.08#29.41#44.51
-147.392,59.2278#26.07#29.53#44.4
-147.288,59.2254#26.07#29.64#44.29
-147.184,59.2228#26.07#29.76#44.17
-147.08,59.2201#26.07#29.87#44.06
-146.976,59.2174#26.07#29.99#43.94
-146.871,59.2145#26.07#30.14#43.79
-146.767,59.2115#26.07#30.28#43.65
-146.663,59.2085#26.07#30.43#43.5
-146.559,59.2053#26.07#30.58#43.35
-146.455,59.2021#26.07#30.72#43.21
-146.351,59.1987#26.07#30.85#43.08
-146.248,59.1953#26.07#30.98#42.95
-146.144,59.1918#26.07#31.11#42.82
-146.04,59.1881#26.07#31.24#42.69
-145.936,59.1844#26.07#31.36#42.57
-145.832,59.1806#26.07#31.48#42.45
-145.728,59.1766#26.07#31.59#42.34
-145.624,59.1726#26.07#31.7#42.23
-145.521,59.1685#26.07#31.82#42.11
-145.417,59.1643#26.07#31.93#42
-145.313,59.16#26.07#32.04#41.89
-145.21,59.1556#26.07#32.14#41.79
-145.106,59.1511#26.07#32.25#41.68
-145.002,59.1465#26.07#32.36#41.57
-144.899,59.1418#26.07#32.48#41.45
-144.795,59.137#26.07#32.6#41.33
-144.692,59.1321#26.07#32.72#41.21
-144.588,59.1271#26.07#32.84#41.09
-144.485,59.1221#26.07#32.98#40.95
-144.382,59.1169#26.11#33.23#40.66
-144.278,59.1116#26.14#33.47#40.39
-144.175,59.1063#26.17#33.71#40.12
-144.072,59.1008#26.19#33.95#39.86
-143.968,59.0952#26.24#34.19#39.57
-143.865,59.0896#26.31#34.41#39.28
-143.762,59.0838#26.38#34.63#38.99
-143.659,59.078#26.45#34.86#38.69
-143.556,59.0721#26.52#35.08#38.4
-143.453,59.066#26.61#35.29#38.1
-143.35,59.0599#26.71#35.51#37.78
-143.247,59.0537#26.81#35.72#37.47
-143.144,59.0474#26.91#35.93#37.16
-143.041,59.041#27#36.13#36.87
-142.938,59.0345#27.08#36.34#36.58
-142.836,59.0279#27.15#36.55#36.3
-142.733,59.0212#27.21#36.76#36.03
-142.63,59.0144#27.28#36.97#35.75
-142.528,59.0075#27.35#37.17#35.48
-142.425,59.0005#27.4#37.39#35.21
-142.323,58.9935#27.44#37.62#34.94
-142.22,58.9863#27.48#37.84#34.68
-142.118,58.979#27.53#38.06#34.41
-142.015,58.9717#27.57#38.28#34.15
-141.913,58.9642#27.59#38.48#33.93
-141.811,58.9567#27.6#38.67#33.73
-141.708,58.9491#27.62#38.86#33.52
-141.606,58.9413#27.63#39.06#33.31
-141.504,58.9335#27.65#39.25#33.1
-141.402,58.9256#27.62#39.53#32.85
-141.3,58.9176#27.6#39.81#32.59
-141.198,58.9095#27.57#40.08#32.35
-141.096,58.9013#27.55#40.35#32.1
-159.53,58.9028#46.56#28.59#24.85
-159.428,58.9115#46.46#28.59#24.95
-159.326,58.9202#46.33#28.6#25.07
-159.224,58.9288#46.21#28.6#25.19
-159.122,58.9373#46.08#28.6#25.32
-159.021,58.9457#45.96#28.6#25.44
-158.919,58.954#45.76#28.61#25.63
-158.816,58.9622#45.55#28.61#25.84
-158.714,58.9703#45.34#28.62#26.04
-158.612,58.9784#45.13#28.62#26.25
-158.51,58.9863#44.92#28.62#26.46
-158.408,58.9941#44.61#28.63#26.76
-158.305,59.0019#44.3#28.63#27.07
-158.203,59.0095#43.98#28.63#27.39
-158.1,59.0171#43.67#28.64#27.69
-157.998,59.0245#43.35#28.64#28.01
-157.895,59.0319#42.99#28.64#28.37
-157.793,59.0392#42.63#28.65#28.72
-157.69,59.0464#42.27#28.65#29.08
-157.587,59.0534#41.91#28.66#29.43
-157.485,59.0604#41.54#28.66#29.8
-157.382,59.0673#41.13#28.66#30.21
-157.279,59.0741#40.72#28.67#30.61
-157.176,59.0808#40.3#28.67#31.03
-157.073,59.0874#39.89#28.68#31.43
-156.97,59.094#39.51#28.68#31.81
-156.867,59.1004#39.24#28.68#32.08
-156.764,59.1067#38.98#28.69#32.33
-156.661,59.1129#38.71#28.69#32.6
-156.558,59.1191#38.44#28.7#32.86
-156.454,59.1251#38.18#28.7#33.12
-156.351,59.1311#37.92#28.7#33.38
-156.248,59.1369#37.66#28.71#33.63
-156.145,59.1427#37.41#28.71#33.88
-156.041,59.1483#37.15#28.72#34.13
-155.938,59.1539#36.89#28.72#34.39
-155.834,59.1594#36.64#28.72#34.64
-155.731,59.1647#36.39#28.73#34.88
-155.627,59.17#36.13#28.73#35.14
-155.524,59.1752#35.88#28.74#35.38
-155.42,59.1803#35.63#28.74#35.63
-155.316,59.1853#35.38#28.74#35.88
-155.213,59.1902#35.14#28.75#36.11
-155.109,59.195#34.89#28.76#36.35
-155.005,59.1997#34.65#28.76#36.59
-154.902,59.2043#34.41#28.79#36.8
-154.798,59.2088#34.17#28.81#37.02
-154.694,59.2132#33.93#28.84#37.23
-154.59,59.2175#33.7#28.87#37.43
-154.486,59.2217#33.47#28.9#37.63
-154.382,59.2258#33.31#28.95#37.74
-154.278,59.2299#33.14#29.01#37.85
-154.174,59.2338#32.98#29.06#37.96
-154.07,59.2376#32.81#29.11#38.08
-153.966,59.2414#32.64#29.16#38.2
-153.862,59.245#32.47#29.22#38.31
-153.758,59.2486#32.3#29.27#38.43
-153.654,59.252#32.12#29.32#38.56
-153.55,59.2554#31.95#29.37#38.68
-153.446,59.2586#31.76#29.41#38.83
-153.341,59.2618#31.56#29.43#39.01
-153.237,59.2648#31.37#29.45#39.18
-153.133,59.2678#31.17#29.47#39.36
-153.029,59.2707#30.97#29.49#39.54
-152.924,59.2734#30.76#29.5#39.74
-152.82,59.2761#30.54#29.52#39.94
-152.716,59.2787#30.33#29.53#40.14
-152.611,59.2812#30.11#29.54#40.35
-152.507,59.2835#29.89#29.55#40.56
-152.403,59.2858#29.66#29.56#40.78
-152.298,59.288#29.41#29.56#41.03
-152.194,59.2901#29.17#29.57#41.26
-152.09,59.2921#28.93#29.58#41.49
-151.985,59.294#28.69#29.58#41.73
-151.881,59.2958#28.45#29.59#41.96
-151.776,59.2975#28.21#29.59#42.2
-151.672,59.2991#27.97#29.59#42.44
-151.567,59.3006#27.73#29.6#42.67
-151.463,59.302#27.51#29.6#42.89
-151.358,59.3033#27.34#29.6#43.06
-151.254,59.3046#27.16#29.6#43.24
-151.149,59.3057#26.98#29.61#43.41
-151.045,59.3067#26.81#29.61#43.58
-150.94,59.3076#26.69#29.61#43.7
-150.836,59.3085#26.62#29.6#43.78
-150.731,59.3092#26.56#29.59#43.85
-150.627,59.3098#26.49#29.58#43.93
-150.522,59.3103#26.42#29.58#44
-150.418,59.3108#26.38#29.55#44.07
-150.313,59.3111#26.34#29.51#44.15
-150.208,59.3114#26.31#29.47#44.22
-150.104,59.3115#26.27#29.43#44.3
-149.999,59.3116#26.23#29.39#44.38
-149.895,59.3115#26.22#29.33#44.45
-149.79,59.3114#26.2#29.27#44.53
-149.686,59.3111#26.18#29.2#44.62
-149.581,59.3108#26.17#29.14#44.69
-149.477,59.3103#26.15#29.08#44.77
-149.372,59.3098#26.14#29.03#44.83
-149.267,59.3092#26.13#28.98#44.89
-149.163,59.3084#26.12#28.93#44.95
-149.058,59.3076#26.12#28.87#45.01
-148.954,59.3067#26.11#28.85#45.04
-148.849,59.3057#26.1#28.85#45.05
-148.745,59.3045#26.1#28.85#45.05
-148.64,59.3033#26.1#28.85#45.05
-148.536,59.302#26.09#28.85#45.06
-148.431,59.3006#26.09#28.87#45.04
-148.327,59.2991#26.09#28.9#45.01
-148.222,59.2975#26.09#28.92#44.99
-148.118,59.2958#26.08#28.95#44.97
-148.014,59.294#26.08#28.97#44.95
-147.909,59.2921#26.08#29.05#44.87
-147.805,59.2901#26.08#29.13#44.79
-147.7,59.288#26.08#29.21#44.71
-147.596,59.2858#26.08#29.3#44.62
-147.492,59.2835#26.08#29.38#44.54
-147.387,59.2811#26.07#29.5#44.43
-147.283,59.2787#26.07#29.62#44.31
-147.179,59.2761#26.07#29.73#44.2
-147.074,59.2734#26.07#29.85#44.08
-146.97,59.2706#26.07#29.98#43.95
-146.866,59.2678#26.07#30.12#43.81
-146.762,59.2648#26.07#30.27#43.66
-146.657,59.2617#26.07#30.41#43.52
-146.553,59.2586#26.07#30.56#43.37
-146.449,59.2553#26.07#30.7#43.23
-146.345,59.252#26.07#30.83#43.1
-146.241,59.2485#26.07#30.97#42.96
-146.137,59.245#26.07#31.11#42.82
-146.033,59.2413#26.07#31.24#42.69
-145.928,59.2376#26.07#31.36#42.57
-145.824,59.2338#26.07#31.48#42.45
-145.72,59.2298#26.07#31.6#42.33
-145.617,59.2258#26.07#31.72#42.21
-145.513,59.2217#26.07#31.83#42.1
-145.409,59.2174#26.07#31.95#41.98
-145.305,59.2131#26.07#32.06#41.87
-145.201,59.2087#26.07#32.17#41.76
-145.097,59.2042#26.07#32.28#41.65
-144.993,59.1996#26.07#32.39#41.54
-144.89,59.1949#26.07#32.51#41.42
-144.786,59.1901#26.07#32.63#41.3
-144.682,59.1852#26.07#32.75#41.18
-144.579,59.1802#26.07#32.87#41.06
-144.475,59.1751#26.08#33.02#40.9
-144.371,59.1699#26.11#33.27#40.62
-144.268,59.1647#26.15#33.52#40.33
-144.164,59.1593#26.18#33.77#40.05
-144.061,59.1538#26.21#34.01#39.78
-143.958,59.1483#26.26#34.25#39.49
-143.854,59.1426#26.34#34.48#39.18
-143.751,59.1368#26.42#34.71#38.87
-143.648,59.131#26.5#34.94#38.56
-143.544,59.125#26.57#35.16#38.27
-143.441,59.119#26.66#35.38#37.96
-143.338,59.1129#26.77#35.6#37.63
-143.235,59.1066#26.87#35.82#37.31
-143.132,59.1003#26.97#36.03#37
-143.029,59.0939#27.07#36.24#36.69
-142.926,59.0874#27.14#36.46#36.4
-142.823,59.0807#27.2#36.67#36.13
-142.72,59.074#27.26#36.88#35.86
-142.617,59.0672#27.32#37.09#35.59
-142.514,59.0603#27.38#37.3#35.32
-142.411,59.0534#27.42#37.52#35.06
-142.309,59.0463#27.46#37.75#34.79
-142.206,59.0391#27.51#37.98#34.51
-142.103,59.0318#27.55#38.2#34.25
-142.001,59.0244#27.59#38.43#33.98
-141.898,59.017#27.6#38.62#33.78
-141.796,59.0094#27.6#38.82#33.58
-141.693,59.0018#27.61#39.01#33.38
-141.591,58.994#27.63#39.21#33.16
-141.489,58.9862#27.63#39.41#32.96
-141.387,58.9783#27.6#39.71#32.69
-141.284,58.9702#27.57#40.01#32.42
-141.182,58.9621#27.54#40.3#32.16
-141.08,58.9539#27.51#40.58#31.91
-140.978,58.9456#27.48#40.86#31.66
-140.876,58.9372#27.42#41.17#31.41
-140.774,58.9287#27.36#41.47#31.17
-140.672,58.9201#27.3#41.78#30.92
-140.571,58.9114#27.24#42.09#30.67
-140.469,58.9027#27.18#42.38#30.44
-160.157,58.9006#46.86#28.59#24.55
-160.055,58.91#46.84#28.59#24.57
-159.954,58.9192#46.8#28.59#24.61
-159.852,58.9284#46.75#28.59#24.66
-159.75,58.9374#46.69#28.59#24.72
-159.649,58.9464#46.64#28.59#24.77
-159.547,58.9553#46.58#28.59#24.83
-159.445,58.9641#46.49#28.6#24.91
-159.343,58.9728#46.37#28.6#25.03
-159.241,58.9814#46.24#28.6#25.16
-159.139,58.9899#46.12#28.6#25.28
-159.037,58.9983#46#28.61#25.39
-158.935,59.0066#45.82#28.61#25.57
-158.832,59.0149#45.61#28.61#25.78
-158.73,59.023#45.4#28.62#25.98
-158.628,59.031#45.19#28.62#26.19
-158.525,59.039#44.99#28.62#26.39
-158.423,59.0468#44.7#28.63#26.67
-158.32,59.0546#44.39#28.63#26.98
-158.218,59.0623#44.08#28.64#27.28
-158.115,59.0698#43.76#28.64#27.6
-158.012,59.0773#43.45#28.64#27.91
-157.91,59.0847#43.1#28.65#28.25
-157.807,59.092#42.75#28.65#28.6
-157.704,59.0992#42.39#28.66#28.95
-157.601,59.1063#42.04#28.66#29.3
-157.498,59.1133#41.68#28.66#29.66
-157.395,59.1202#41.26#28.67#30.07
-157.292,59.127#40.84#28.67#30.49
-157.189,59.1337#40.42#28.67#30.91
-157.086,59.1403#40#28.68#31.32
-156.983,59.1469#39.6#28.68#31.72
-156.879,59.1533#39.33#28.69#31.98
-156.776,59.1597#39.06#28.69#32.25
-156.673,59.1659#38.8#28.69#32.51
-156.57,59.172#38.53#28.7#32.77
-156.466,59.1781#38.26#28.7#33.04
-156.363,59.1841#38.01#28.71#33.28
-156.259,59.1899#37.75#28.71#33.54
-156.156,59.1957#37.49#28.71#33.8
-156.052,59.2014#37.23#28.72#34.05
-155.949,59.2069#36.97#28.72#34.31
-155.845,59.2124#36.71#28.73#34.56
-155.741,59.2178#36.45#28.73#34.82
-155.637,59.2231#36.2#28.73#35.07
-155.534,59.2283#35.94#28.74#35.32
-155.43,59.2334#35.69#28.74#35.57
-155.326,59.2384#35.44#28.75#35.81
-155.222,59.2433#35.19#28.76#36.05
-155.118,59.2481#34.94#28.77#36.29
-155.014,59.2528#34.69#28.77#36.54
-154.91,59.2574#34.46#28.8#36.74
-154.806,59.2619#34.22#28.83#36.95
-154.702,59.2663#33.99#28.86#37.15
-154.598,59.2707#33.76#28.89#37.35
-154.494,59.2749#33.54#28.93#37.53
-154.39,59.279#33.37#28.98#37.65
-154.286,59.2831#33.2#29.03#37.77
-154.182,59.287#33.02#29.09#37.89
-154.078,59.2909#32.85#29.14#38.01
-153.973,59.2946#32.67#29.19#38.14
-153.869,59.2982#32.5#29.24#38.26
-153.765,59.3018#32.32#29.29#38.39
-153.661,59.3053#32.15#29.34#38.51
-153.556,59.3086#31.97#29.39#38.64
-153.452,59.3119#31.78#29.42#38.8
-153.347,59.315#31.58#29.44#38.98
-153.243,59.3181#31.39#29.46#39.15
-153.139,59.3211#31.19#29.48#39.33
-153.034,59.3239#30.99#29.5#39.51
-152.93,59.3267#30.78#29.51#39.71
-152.825,59.3294#30.55#29.52#39.93
-152.721,59.332#30.33#29.53#40.14
-152.616,59.3345#30.1#29.55#40.35
-152.512,59.3369#29.88#29.56#40.56
-152.407,59.3391#29.63#29.56#40.81
-152.303,59.3413#29.38#29.57#41.05
-152.198,59.3434#29.13#29.58#41.29
-152.093,59.3454#28.88#29.58#41.54
-151.989,59.3473#28.63#29.59#41.78
-151.884,59.3491#28.38#29.59#42.03
-151.779,59.3508#28.14#29.59#42.27
-151.675,59.3525#27.9#29.6#42.5
-151.57,59.354#27.66#29.6#42.74
-151.466,59.3554#27.44#29.6#42.96
-151.361,59.3567#27.28#29.61#43.11
-151.256,59.3579#27.11#29.61#43.28
-151.151,59.359#26.94#29.61#43.45
-151.047,59.3601#26.78#29.61#43.61
-150.942,59.361#26.66#29.61#43.73
-150.837,59.3618#26.6#29.6#43.8
-150.733,59.3625#26.53#29.59#43.88
-150.628,59.3632#26.47#29.58#43.95
-150.523,59.3637#26.4#29.57#44.03
-150.418,59.3642#26.36#29.53#44.11
-150.314,59.3645#26.33#29.49#44.18
-150.209,59.3647#26.29#29.45#44.26
-150.104,59.3649#26.26#29.4#44.34
-149.999,59.3649#26.22#29.36#44.42
-149.895,59.3649#26.21#29.3#44.49
-149.79,59.3647#26.19#29.23#44.58
-149.685,59.3645#26.18#29.17#44.65
-149.58,59.3641#26.16#29.1#44.74
-149.476,59.3637#26.15#29.04#44.81
-149.371,59.3632#26.14#29#44.86
-149.266,59.3625#26.13#28.95#44.92
-149.161,59.3618#26.12#28.9#44.98
-149.057,59.361#26.11#28.86#45.03
-148.952,59.36#26.11#28.83#45.06
-148.847,59.359#26.1#28.83#45.07
-148.743,59.3579#26.1#28.83#45.07
-148.638,59.3567#26.1#28.84#45.06
-148.533,59.3554#26.09#28.84#45.07
-148.429,59.3539#26.09#28.85#45.06
-148.324,59.3524#26.09#28.88#45.03
-148.219,59.3508#26.08#28.91#45.01
-148.115,59.3491#26.08#28.93#44.99
