-150.293,67.9#27.16#32.68#40.16
-150.146,67.9002#27.13#32.73#40.14
-149.999,67.9002#27.1#32.78#40.12
-149.852,67.9002#27.04#32.82#40.14
-149.705,67.9#26.99#32.86#40.15
-153.97,67.9038#26.96#31.28#41.76
-153.823,67.9076#26.85#31.35#41.8
-153.676,67.9112#26.74#31.43#41.83
-153.53,67.9146#26.64#31.5#41.86
-153.383,67.918#26.6#31.58#41.82
-153.236,67.9212#26.57#31.65#41.78
-153.089,67.9242#26.55#31.72#41.73
-152.942,67.9271#26.55#31.8#41.65
-152.795,67.9299#26.58#31.87#41.55
-152.648,67.9325#26.61#31.94#41.45
-152.501,67.935#26.64#32.01#41.35
-152.354,67.9373#26.71#32.07#41.22
-152.207,67.9395#26.77#32.14#41.09
-152.06,67.9416#26.84#32.2#40.96
-151.913,67.9435#26.89#32.26#40.85
-151.766,67.9453#26.94#32.31#40.75
-151.619,67.9469#26.98#32.36#40.66
-151.472,67.9484#27.02#32.41#40.57
-151.324,67.9498#27.05#32.47#40.48
-151.177,67.951#27.08#32.53#40.39
-151.03,67.952#27.12#32.58#40.3
-150.883,67.953#27.13#32.64#40.23
-150.736,67.9537#27.13#32.7#40.17
-150.588,67.9544#27.14#32.76#40.1
-150.441,67.9549#27.13#32.82#40.05
-150.294,67.9552#27.1#32.87#40.03
-150.146,67.9554#27.06#32.93#40.01
-149.999,67.9555#27.03#32.98#39.99
-149.852,67.9554#26.97#33.03#40
-149.704,67.9552#26.92#33.07#40.01
-149.557,67.9549#26.86#33.12#40.02
-149.41,67.9544#26.82#33.17#40.01
-149.263,67.9537#26.79#33.23#39.98
-149.115,67.953#26.76#33.28#39.96
-148.968,67.952#26.74#33.34#39.92
-148.821,67.951#26.73#33.39#39.88
-148.674,67.9498#26.72#33.45#39.83
-148.526,67.9484#26.71#33.5#39.79
-148.379,67.9469#26.72#33.55#39.73
-148.232,67.9453#26.73#33.61#39.66
-148.085,67.9435#26.73#33.66#39.61
-147.938,67.9416#26.77#33.71#39.52
-147.791,67.9395#26.85#33.76#39.39
-147.644,67.9373#26.93#33.81#39.26
-147.497,67.935#27.01#33.85#39.14
-147.35,67.9325#27.26#33.9#38.84
-147.203,67.9299#27.52#33.94#38.54
-147.056,67.9271#27.77#33.97#38.26
-146.909,67.9242#28.09#34#37.91
-146.762,67.9211#28.46#34.03#37.51
-146.615,67.9179#28.84#34.05#37.11
-146.469,67.9146#29.22#34.07#36.71
-146.322,67.9111#29.64#34.05#36.31
-146.175,67.9075#30.04#34.04#35.92
-146.029,67.9038#30.45#34.02#35.53
-155.739,67.9027#29.07#30.62#40.31
-155.593,67.9082#29.06#30.67#40.27
-155.447,67.9135#29.04#30.72#40.24
-155.3,67.9187#29.01#30.79#40.2
-155.154,67.9237#28.97#30.86#40.17
-155.007,67.9286#28.94#30.93#40.13
-154.861,67.9334#28.66#31#40.34
-154.714,67.938#28.37#31.08#40.55
-154.567,67.9425#28.08#31.15#40.77
-154.42,67.9468#27.79#31.22#40.99
-154.274,67.951#27.49#31.3#41.21
-154.127,67.955#27.19#31.37#41.44
-153.98,67.9589#26.92#31.44#41.64
-153.833,67.9627#26.81#31.52#41.67
-153.686,67.9663#26.71#31.59#41.7
-153.539,67.9698#26.6#31.67#41.73
-153.392,67.9732#26.55#31.74#41.71
-153.244,67.9764#26.53#31.82#41.65
-153.097,67.9794#26.51#31.89#41.6
-152.95,67.9823#26.51#31.96#41.53
-152.803,67.9851#26.54#32.03#41.43
-152.655,67.9877#26.57#32.1#41.33
-152.508,67.9902#26.61#32.17#41.22
-152.361,67.9926#26.67#32.24#41.09
-152.213,67.9948#26.74#32.3#40.96
-152.066,67.9969#26.81#32.37#40.82
-151.918,67.9988#26.86#32.43#40.71
-151.771,68.0006#26.9#32.48#40.62
-151.623,68.0022#26.94#32.53#40.53
-151.475,68.0037#26.98#32.59#40.43
-151.328,68.005#27.01#32.64#40.35
-151.18,68.0063#27.04#32.7#40.26
-151.033,68.0073#27.07#32.76#40.17
-150.885,68.0082#27.08#32.83#40.09
-150.737,68.009#27.08#32.89#40.03
-150.59,68.0097#27.09#32.95#39.96
-150.442,68.0102#27.07#33.01#39.92
-150.294,68.0105#27.04#33.07#39.89
-150.147,68.0107#27#33.12#39.88
-149.999,68.0108#26.96#33.18#39.86
-149.851,68.0107#26.9#33.23#39.87
-149.704,68.0105#26.84#33.28#39.88
-149.556,68.0102#26.78#33.34#39.88
-149.408,68.0097#26.75#33.39#39.86
-149.261,68.009#26.72#33.45#39.83
-149.113,68.0082#26.7#33.51#39.79
-148.965,68.0073#26.68#33.57#39.75
-148.818,68.0062#26.67#33.63#39.7
-148.67,68.005#26.66#33.68#39.66
-148.523,68.0037#26.66#33.74#39.6
-148.375,68.0022#26.66#33.8#39.54
-148.228,68.0005#26.67#33.85#39.48
-148.08,67.9988#26.67#33.91#39.42
-147.933,67.9968#26.71#33.96#39.33
-147.785,67.9948#26.77#34.01#39.22
-147.638,67.9926#26.83#34.06#39.11
-147.49,67.9902#26.91#34.11#38.98
-147.343,67.9877#27.16#34.15#38.69
-147.196,67.9851#27.4#34.19#38.41
-147.048,67.9823#27.65#34.24#38.11
-146.901,67.9794#27.97#34.27#37.76
-146.754,67.9763#28.32#34.29#37.39
-146.607,67.9731#28.67#34.32#37.01
-146.459,67.9698#29.05#34.33#36.62
-146.312,67.9663#29.49#34.32#36.19
-146.165,67.9627#29.92#34.3#35.78
-146.018,67.9589#30.35#34.29#35.36
-145.871,67.955#30.59#34.27#35.14
-145.725,67.9509#30.8#34.25#34.95
-145.578,67.9467#31#34.23#34.77
-145.431,67.9424#31.07#34.21#34.72
-145.284,67.9379#30.99#34.19#34.82
-145.138,67.9333#30.91#34.16#34.93
-144.991,67.9286#30.81#34.14#35.05
-144.844,67.9237#30.59#34.1#35.31
-144.698,67.9186#30.37#34.05#35.58
-144.552,67.9135#30.14#34.01#35.85
-144.405,67.9081#29.88#33.97#36.15
-144.259,67.9027#29.61#33.94#36.45
-157.07,67.9022#27.46#30.47#42.07
-156.924,67.9089#27.79#30.47#41.74
-156.778,67.9155#28.13#30.49#41.38
-156.632,67.922#28.47#30.51#41.02
-156.486,67.9283#28.78#30.53#40.69
-156.339,67.9345#28.87#30.58#40.55
-156.193,67.9405#28.96#30.63#40.41
-156.047,67.9464#29.05#30.68#40.27
-155.9,67.9521#29.07#30.72#40.21
-155.754,67.9577#29.06#30.77#40.17
-155.607,67.9632#29.05#30.81#40.14
-155.461,67.9686#29.03#30.86#40.11
-155.314,67.9737#29#30.94#40.06
-155.167,67.9788#28.96#31.01#40.03
-155.02,67.9837#28.92#31.08#40
-154.873,67.9885#28.66#31.16#40.18
-154.726,67.9931#28.37#31.23#40.4
-154.579,67.9976#28.07#31.31#40.62
-154.432,68.0019#27.77#31.38#40.85
-154.285,68.0061#27.47#31.46#41.07
-154.137,68.0102#27.18#31.53#41.29
-153.99,68.0141#26.89#31.6#41.51
-153.843,68.0179#26.78#31.68#41.54
-153.695,68.0215#26.67#31.76#41.57
-153.548,68.025#26.56#31.84#41.6
-153.4,68.0284#26.51#31.91#41.58
-153.253,68.0316#26.49#31.98#41.53
-153.105,68.0346#26.47#32.05#41.48
-152.958,68.0376#26.46#32.12#41.42
-152.81,68.0403#26.5#32.19#41.31
-152.662,68.043#26.54#32.26#41.2
-152.514,68.0455#26.58#32.33#41.09
-152.367,68.0478#26.64#32.4#40.96
-152.219,68.05#26.71#32.47#40.82
-152.071,68.0521#26.78#32.53#40.69
-151.923,68.054#26.83#32.59#40.58
-151.775,68.0558#26.87#32.65#40.48
-151.627,68.0575#26.91#32.7#40.39
-151.479,68.059#26.94#32.76#40.3
-151.331,68.0603#26.97#32.82#40.21
-151.183,68.0615#27#32.88#40.12
-151.035,68.0626#27.03#32.94#40.03
-150.887,68.0635#27.04#33.01#39.95
-150.739,68.0643#27.04#33.07#39.89
-150.591,68.065#27.03#33.14#39.83
-150.443,68.0655#27.02#33.2#39.78
-150.295,68.0658#26.98#33.26#39.76
-150.147,68.066#26.94#33.32#39.74
-149.999,68.0661#26.89#33.38#39.73
-149.851,68.066#26.83#33.44#39.73
-149.703,68.0658#26.77#33.5#39.73
-149.555,68.0655#26.71#33.56#39.73
-149.407,68.065#26.67#33.62#39.71
-149.259,68.0643#26.65#33.68#39.67
-149.111,68.0635#26.63#33.74#39.63
-148.963,68.0626#26.62#33.8#39.58
-148.815,68.0615#26.61#33.86#39.53
-148.667,68.0603#26.61#33.92#39.47
-148.519,68.0589#26.6#33.98#39.42
-148.371,68.0574#26.6#34.04#39.36
-148.223,68.0558#26.61#34.1#39.29
-148.075,68.054#26.61#34.16#39.23
-147.927,68.0521#26.64#34.21#39.15
-147.779,68.05#26.69#34.26#39.05
-147.632,68.0478#26.73#34.32#38.95
-147.484,68.0454#26.81#34.37#38.82
-147.336,68.0429#27.05#34.41#38.54
-147.188,68.0403#27.29#34.45#38.26
-147.041,68.0375#27.54#34.5#37.96
-146.893,68.0346#27.84#34.53#37.63
-146.745,68.0315#28.18#34.56#37.26
-146.598,68.0283#28.51#34.58#36.91
-146.45,68.025#28.89#34.6#36.51
-146.303,68.0215#29.35#34.59#36.06
-146.155,68.0178#29.8#34.57#35.63
-146.008,68.0141#30.25#34.56#35.19
-145.861,68.0101#30.5#34.54#34.96
-145.713,68.0061#30.74#34.53#34.73
-145.566,68.0019#30.97#34.5#34.53
-145.419,67.9975#31.03#34.49#34.48
-145.272,67.993#30.96#34.47#34.57
-145.125,67.9884#30.88#34.45#34.67
-144.978,67.9836#30.78#34.43#34.79
-144.831,67.9787#30.58#34.39#35.03
-144.684,67.9737#30.37#34.35#35.28
-144.538,67.9685#30.16#34.31#35.53
-144.391,67.9632#29.89#34.28#35.83
-144.244,67.9577#29.6#34.25#36.15
-144.098,67.9521#29.31#34.22#36.47
-143.951,67.9463#29.06#34.18#36.76
-143.805,67.9404#28.91#34.12#36.97
-143.659,67.9344#28.76#34.06#37.18
-143.513,67.9282#28.61#34#37.39
-143.366,67.9219#28.55#33.94#37.51
-143.22,67.9154#28.51#33.88#37.61
-143.074,67.9088#28.46#33.83#37.71
-142.929,67.9021#28.43#33.77#37.8
-158.109,67.9059#26.48#30.86#42.66
-157.963,67.9136#26.46#30.8#42.74
-157.817,67.9212#26.46#30.74#42.8
-157.672,67.9286#26.46#30.69#42.85
-157.526,67.9359#26.45#30.64#42.91
-157.38,67.9431#26.72#30.62#42.66
-157.234,67.9502#27.05#30.6#42.35
-157.088,67.957#27.38#30.59#42.03
-156.942,67.9638#27.71#30.59#41.7
-156.795,67.9704#28.05#30.62#41.33
-156.649,67.9769#28.4#30.64#40.96
-156.502,67.9832#28.75#30.67#40.58
-156.356,67.9894#28.84#30.72#40.44
-156.209,67.9954#28.93#30.77#40.3
-156.062,68.0014#29.02#30.82#40.16
-155.915,68.0071#29.05#30.87#40.08
-155.769,68.0128#29.04#30.91#40.05
-155.622,68.0182#29.03#30.96#40.01
-155.475,68.0236#29.02#31.01#39.97
-155.327,68.0288#28.98#31.08#39.94
-155.18,68.0339#28.95#31.16#39.89
-155.033,68.0388#28.91#31.23#39.86
-154.886,68.0436#28.67#31.31#40.02
-154.738,68.0482#28.37#31.39#40.24
-154.591,68.0527#28.07#31.46#40.47
-154.443,68.0571#27.76#31.54#40.7
-154.296,68.0613#27.46#31.62#40.92
-154.148,68.0653#27.16#31.69#41.15
-154,68.0693#26.85#31.77#41.38
-153.853,68.0731#26.74#31.84#41.42
-153.705,68.0767#26.63#31.92#41.45
-153.557,68.0802#26.52#32#41.48
-153.409,68.0836#26.46#32.08#41.46
-153.261,68.0868#26.44#32.15#41.41
-153.113,68.0899#26.43#32.22#41.35
-152.965,68.0928#26.42#32.29#41.29
-152.817,68.0956#26.46#32.36#41.18
-152.669,68.0982#26.5#32.43#41.07
-152.521,68.1007#26.55#32.5#40.95
-152.373,68.1031#26.61#32.56#40.83
-152.225,68.1053#26.68#32.63#40.69
-152.076,68.1074#26.75#32.7#40.55
-151.928,68.1093#26.8#32.76#40.44
-151.78,68.1111#26.84#32.82#40.34
-151.631,68.1127#26.87#32.88#40.25
-151.483,68.1143#26.91#32.94#40.15
-151.335,68.1156#26.93#33#40.07
-151.186,68.1168#26.96#33.06#39.98
-151.038,68.1179#26.99#33.12#39.89
-150.89,68.1188#26.99#33.19#39.82
-150.741,68.1196#26.99#33.26#39.75
-150.593,68.1203#26.98#33.33#39.69
-150.444,68.1208#26.96#33.39#39.65
-150.296,68.1211#26.92#33.46#39.62
-150.148,68.1213#26.87#33.52#39.61
-149.999,68.1214#26.83#33.58#39.59
-149.851,68.1213#26.76#33.64#39.6
-149.702,68.1211#26.7#33.71#39.59
-149.554,68.1208#26.63#33.78#39.59
-149.405,68.1203#26.6#33.84#39.56
-149.257,68.1196#26.59#33.91#39.5
-149.109,68.1188#26.57#33.97#39.46
-148.96,68.1179#26.56#34.04#39.4
-148.812,68.1168#26.55#34.1#39.35
-148.663,68.1156#26.55#34.16#39.29
-148.515,68.1142#26.54#34.22#39.24
-148.367,68.1127#26.54#34.28#39.18
-148.218,68.1111#26.55#34.34#39.11
-148.07,68.1093#26.55#34.4#39.05
-147.922,68.1074#26.57#34.46#38.97
-147.774,68.1053#26.6#34.52#38.88
-147.625,68.1031#26.63#34.57#38.8
-147.477,68.1007#26.7#34.62#38.68
-147.329,68.0982#26.94#34.67#38.39
-147.181,68.0955#27.18#34.72#38.1
-147.033,68.0927#27.42#34.76#37.82
-146.885,68.0898#27.72#34.79#37.49
-146.737,68.0867#28.03#34.82#37.15
-146.589,68.0835#28.34#34.85#36.81
-146.441,68.0802#28.72#34.86#36.42
-146.293,68.0767#29.2#34.85#35.95
-146.145,68.073#29.68#34.84#35.48
-145.998,68.0692#30.16#34.83#35.01
-145.85,68.0653#30.42#34.82#34.76
-145.702,68.0612#30.68#34.8#34.52
-145.555,68.057#30.94#34.78#34.28
-145.407,68.0526#30.99#34.77#34.24
-145.26,68.0481#30.92#34.75#34.33
-145.112,68.0435#30.85#34.73#34.42
-144.965,68.0387#30.75#34.71#34.54
-144.818,68.0338#30.57#34.68#34.75
-144.671,68.0287#30.38#34.65#34.97
-144.524,68.0235#30.18#34.62#35.2
-144.377,68.0182#29.89#34.59#35.52
-144.23,68.0127#29.58#34.56#35.86
-144.083,68.0071#29.28#34.53#36.19
-143.936,68.0013#29.04#34.49#36.47
-143.789,67.9954#28.87#34.42#36.71
-143.642,67.9893#28.7#34.36#36.94
-143.496,67.9831#28.54#34.3#37.16
-143.349,67.9768#28.49#34.24#37.27
-143.203,67.9703#28.44#34.18#37.38
-143.057,67.9637#28.38#34.12#37.5
-142.91,67.957#28.35#34.07#37.58
-142.764,67.9501#28.34#34.01#37.65
-142.618,67.943#28.32#33.96#37.72
-142.472,67.9359#28.3#33.9#37.8
-142.326,67.9285#28.3#33.84#37.86
-142.181,67.9211#28.3#33.78#37.92
-142.035,67.9135#28.3#33.72#37.98
-141.89,67.9058#28.31#33.63#38.06
-159.148,67.9025#26.68#31.1#42.22
-159.003,67.9112#26.61#31.12#42.27
-158.857,67.9198#26.57#31.11#42.32
-158.712,67.9282#26.53#31.1#42.37
-158.566,67.9365#26.49#31.09#42.42
-158.421,67.9447#26.46#31.05#42.49
-158.275,67.9527#26.44#30.99#42.57
-158.129,67.9606#26.43#30.93#42.64
-157.983,67.9683#26.41#30.87#42.72
-157.837,67.976#26.41#30.83#42.76
-157.691,67.9834#26.4#30.79#42.81
-157.545,67.9908#26.4#30.75#42.85
-157.399,67.9979#26.63#30.73#42.64
-157.252,68.005#26.96#30.72#42.32
-157.106,68.0119#27.3#30.71#41.99
-156.959,68.0187#27.63#30.72#41.65
-156.813,68.0253#27.98#30.75#41.27
-156.666,68.0318#28.33#30.78#40.89
-156.519,68.0381#28.68#30.81#40.51
-156.372,68.0444#28.81#30.86#40.33
-156.225,68.0504#28.9#30.91#40.19
-156.078,68.0563#28.99#30.96#40.05
-155.931,68.0621#29.03#31.01#39.96
-155.783,68.0678#29.02#31.06#39.92
-155.636,68.0733#29.01#31.1#39.89
-155.489,68.0786#29#31.15#39.85
-155.341,68.0839#28.97#31.23#39.8
-155.194,68.0889#28.93#31.3#39.77
-155.046,68.0939#28.9#31.38#39.72
-154.898,68.0987#28.68#31.46#39.86
-154.751,68.1033#28.37#31.54#40.09
-154.603,68.1078#28.06#31.62#40.32
-154.455,68.1122#27.75#31.7#40.55
-154.307,68.1164#27.45#31.78#40.77
-154.159,68.1205#27.14#31.85#41.01
-154.011,68.1244#26.84#31.93#41.23
-153.863,68.1282#26.71#32.01#41.28
-153.714,68.1319#26.6#32.1#41.3
-153.566,68.1354#26.49#32.18#41.33
-153.418,68.1388#26.43#32.26#41.31
-153.27,68.142#26.42#32.34#41.24
-153.121,68.1451#26.41#32.41#41.18
-152.973,68.148#26.4#32.49#41.11
-152.824,68.1508#26.45#32.56#40.99
-152.676,68.1535#26.5#32.64#40.86
-152.527,68.156#26.54#32.71#40.75
-152.379,68.1584#26.6#32.79#40.61
-152.23,68.1606#26.67#32.86#40.47
-152.082,68.1627#26.74#32.93#40.33
-151.933,68.1646#26.79#33#40.21
-151.784,68.1664#26.83#33.07#40.1
-151.636,68.168#26.86#33.13#40.01
-151.487,68.1696#26.9#33.19#39.91
-151.338,68.1709#26.92#33.26#39.82
-151.189,68.1721#26.95#33.33#39.72
-151.041,68.1732#26.97#33.39#39.64
-150.892,68.1741#26.97#33.46#39.57
-150.743,68.1749#26.96#33.53#39.51
-150.594,68.1756#26.95#33.6#39.45
-150.446,68.1761#26.93#33.67#39.4
-150.297,68.1764#26.88#33.73#39.39
-150.148,68.1767#26.84#33.79#39.37
-149.999,68.1767#26.79#33.86#39.35
-149.85,68.1767#26.73#33.92#39.35
-149.701,68.1764#26.67#33.99#39.34
-149.553,68.1761#26.61#34.05#39.34
-149.404,68.1756#26.58#34.12#39.3
-149.255,68.1749#26.57#34.19#39.24
-149.106,68.1741#26.55#34.25#39.2
-148.957,68.1732#26.54#34.31#39.15
-148.809,68.1721#26.53#34.38#39.09
-148.66,68.1709#26.53#34.44#39.03
-148.511,68.1695#26.52#34.5#38.98
-148.362,68.168#26.52#34.56#38.92
-148.214,68.1664#26.53#34.62#38.85
-148.065,68.1646#26.53#34.68#38.79
-147.916,68.1626#26.54#34.74#38.72
-147.768,68.1606#26.57#34.79#38.64
-147.619,68.1583#26.59#34.85#38.56
-147.471,68.156#26.65#34.9#38.45
-147.322,68.1534#26.87#34.94#38.19
-147.174,68.1508#27.1#34.99#37.91
-147.025,68.148#27.33#35.03#37.64
-146.877,68.145#27.61#35.06#37.33
-146.729,68.142#27.9#35.09#37.01
-146.58,68.1387#28.19#35.12#36.69
-146.432,68.1354#28.58#35.13#36.29
-146.284,68.1318#29.07#35.13#35.8
-146.136,68.1282#29.57#35.12#35.31
-145.987,68.1244#30.05#35.11#34.84
-145.839,68.1204#30.34#35.09#34.57
-145.691,68.1164#30.63#35.08#34.29
-145.543,68.1121#30.92#35.06#34.02
-145.395,68.1078#30.96#35.05#33.99
-145.248,68.1033#30.89#35.03#34.08
-145.1,68.0986#30.83#35.02#34.15
-144.952,68.0938#30.73#35#34.27
-144.805,68.0889#30.56#34.98#34.46
-144.657,68.0838#30.38#34.95#34.67
-144.509,68.0786#30.21#34.92#34.87
-144.362,68.0732#29.89#34.9#35.21
-144.215,68.0677#29.57#34.87#35.56
-144.067,68.0621#29.25#34.84#35.91
-143.92,68.0563#29#34.8#36.2
-143.773,68.0503#28.82#34.73#36.45
-143.626,68.0443#28.64#34.67#36.69
-143.479,68.0381#28.48#34.6#36.92
-143.332,68.0317#28.42#34.54#37.04
-143.185,68.0252#28.36#34.48#37.16
-143.039,68.0186#28.31#34.42#37.27
-142.892,68.0118#28.28#34.36#37.36
-142.746,68.0049#28.26#34.3#37.44
-142.599,67.9979#28.24#34.25#37.51
-142.453,67.9907#28.23#34.19#37.58
-142.307,67.9833#28.23#34.13#37.64
-142.161,67.9759#28.22#34.07#37.71
-142.015,67.9683#28.22#34#37.78
-141.869,67.9605#28.23#33.91#37.86
-141.723,67.9526#28.24#33.81#37.95
-141.577,67.9446#28.24#33.71#38.05
-141.432,67.9364#28.25#33.6#38.15
-141.286,67.9281#28.26#33.47#38.27
-141.141,67.9197#28.27#33.35#38.38
-140.996,67.9111#28.28#33.22#38.5
-140.851,67.9024#28.29#33.09#38.62
-160.041,67.9017#27.17#31.11#41.72
-159.897,67.9113#27.05#31.12#41.83
-159.752,67.9207#26.94#31.13#41.93
-159.607,67.93#26.84#31.14#42.02
-159.462,67.9392#26.75#31.15#42.1
-159.316,67.9482#26.68#31.16#42.16
-159.171,67.957#26.62#31.18#42.2
-159.026,67.9658#26.56#31.19#42.25
-158.88,67.9744#26.51#31.18#42.31
-158.734,67.9829#26.47#31.17#42.36
-158.588,67.9912#26.44#31.16#42.4
-158.442,67.9994#26.41#31.13#42.46
-158.296,68.0074#26.39#31.07#42.54
-158.15,68.0153#26.38#31.01#42.61
-158.004,68.0231#26.36#30.95#42.69
-157.858,68.0307#26.36#30.91#42.73
-157.711,68.0382#26.35#30.88#42.77
-157.565,68.0456#26.35#30.85#42.8
-157.418,68.0528#26.54#30.84#42.62
-157.271,68.0598#26.87#30.84#42.29
-157.124,68.0668#27.21#30.83#41.96
-156.977,68.0736#27.56#30.84#41.6
-156.83,68.0802#27.91#30.87#41.22
-156.683,68.0867#28.26#30.91#40.83
-156.536,68.0931#28.62#30.94#40.44
-156.389,68.0993#28.77#30.99#40.24
-156.241,68.1054#28.86#31.05#40.09
-156.094,68.1113#28.96#31.11#39.93
-155.946,68.1171#29.01#31.16#39.83
-155.798,68.1228#29.01#31.2#39.79
-155.651,68.1283#29#31.25#39.75
-155.503,68.1337#28.99#31.3#39.71
-155.355,68.1389#28.96#31.38#39.66
-155.207,68.144#28.93#31.47#39.6
-155.059,68.149#28.89#31.55#39.56
-154.911,68.1538#28.69#31.64#39.67
-154.763,68.1584#28.38#31.72#39.9
-154.615,68.163#28.07#31.81#40.12
-154.466,68.1673#27.77#31.89#40.34
-154.318,68.1716#27.46#31.98#40.56
-154.17,68.1757#27.15#32.06#40.79
-154.021,68.1796#26.85#32.15#41
-153.873,68.1834#26.71#32.23#41.06
-153.724,68.1871#26.6#32.32#41.08
-153.575,68.1906#26.49#32.41#41.1
-153.427,68.194#26.43#32.49#41.08
-153.278,68.1972#26.42#32.57#41.01
-153.129,68.2003#26.41#32.65#40.94
-152.981,68.2033#26.41#32.72#40.87
-152.832,68.2061#26.46#32.8#40.74
-152.683,68.2087#26.51#32.88#40.61
-152.534,68.2113#26.55#32.96#40.49
-152.385,68.2136#26.61#33.04#40.35
-152.236,68.2159#26.68#33.11#40.21
-152.087,68.2179#26.74#33.19#40.07
-151.938,68.2199#26.79#33.26#39.95
-151.789,68.2217#26.82#33.33#39.85
-151.64,68.2233#26.86#33.4#39.74
-151.491,68.2249#26.89#33.47#39.64
-151.342,68.2262#26.91#33.53#39.56
-151.193,68.2275#26.93#33.6#39.47
-151.043,68.2285#26.96#33.67#39.37
-150.894,68.2295#26.95#33.74#39.31
-150.745,68.2303#26.94#33.81#39.25
-150.596,68.2309#26.92#33.88#39.2
-150.447,68.2314#26.9#33.95#39.15
-150.297,68.2318#26.85#34.01#39.14
-150.148,68.232#26.8#34.07#39.13
-149.999,68.2321#26.75#34.14#39.11
-149.85,68.232#26.7#34.2#39.1
-149.701,68.2318#26.64#34.27#39.09
-149.551,68.2314#26.59#34.33#39.08
-149.402,68.2309#26.56#34.4#39.04
-149.253,68.2302#26.55#34.47#38.98
-149.104,68.2295#26.53#34.53#38.94
-148.955,68.2285#26.52#34.59#38.89
-148.806,68.2274#26.52#34.66#38.82
-148.656,68.2262#26.51#34.72#38.77
-148.507,68.2248#26.5#34.78#38.72
-148.358,68.2233#26.51#34.84#38.65
-148.209,68.2217#26.51#34.9#38.59
-148.06,68.2199#26.51#34.96#38.53
-147.911,68.2179#26.53#35.02#38.45
-147.762,68.2158#26.55#35.07#38.38
-147.613,68.2136#26.57#35.13#38.3
-147.464,68.2112#26.63#35.18#38.19
-147.315,68.2087#26.83#35.22#37.95
-147.166,68.206#27.04#35.27#37.69
-147.018,68.2032#27.24#35.31#37.45
-146.869,68.2003#27.52#35.34#37.14
-146.72,68.1972#27.81#35.37#36.82
-146.571,68.194#28.1#35.4#36.5
-146.423,68.1906#28.48#35.41#36.11
-146.274,68.187#28.95#35.41#35.64
-146.125,68.1834#29.43#35.4#35.17
-145.977,68.1796#29.88#35.4#34.72
-145.829,68.1756#30.2#35.38#34.42
-145.68,68.1715#30.52#35.37#34.11
-145.532,68.1673#30.83#35.35#33.82
-145.384,68.1629#30.88#35.34#33.78
-145.235,68.1584#30.85#35.33#33.82
-145.087,68.1537#30.81#35.31#33.88
-144.939,68.1489#30.72#35.3#33.98
-144.791,68.144#30.56#35.28#34.16
-144.643,68.1389#30.39#35.25#34.36
-144.495,68.1336#30.23#35.23#34.54
-144.347,68.1282#29.89#35.21#34.9
-144.2,68.1227#29.55#35.18#35.27
-144.052,68.1171#29.22#35.16#35.62
-143.904,68.1113#28.97#35.1#35.93
-143.757,68.1053#28.77#35.04#36.19
-143.61,68.0992#28.57#34.97#36.46
-143.462,68.093#28.41#34.9#36.69
-143.315,68.0866#28.35#34.84#36.81
-143.168,68.0801#28.29#34.78#36.93
-143.021,68.0735#28.23#34.71#37.06
-142.874,68.0667#28.21#34.66#37.13
-142.727,68.0598#28.18#34.6#37.22
-142.58,68.0527#28.16#34.54#37.3
-142.434,68.0455#28.15#34.48#37.37
-142.287,68.0381#28.15#34.41#37.44
-142.141,68.0306#28.15#34.35#37.5
-141.994,68.023#28.15#34.28#37.57
-141.848,68.0152#28.15#34.19#37.66
-141.702,68.0073#28.16#34.09#37.75
-141.556,67.9993#28.16#34#37.84
-141.41,67.9911#28.17#33.88#37.95
-141.264,67.9828#28.18#33.76#38.06
-141.118,67.9743#28.19#33.63#38.18
-140.973,67.9657#28.2#33.5#38.3
-140.827,67.9569#28.21#33.37#38.42
-140.682,67.9481#28.22#33.24#38.54
-140.537,67.939#28.24#33.11#38.65
-140.391,67.9299#28.25#32.99#38.76
-140.246,67.9206#28.26#32.86#38.88
-140.102,67.9111#28.27#32.74#38.99
-139.957,67.9016#28.29#32.61#39.1
-160.791,67.9061#27.91#31.17#40.92
-160.646,67.9164#27.74#31.17#41.09
-160.502,67.9265#27.58#31.17#41.25
-160.357,67.9365#27.41#31.17#41.42
-160.212,67.9464#27.25#31.18#41.57
-160.067,67.9561#27.09#31.18#41.73
-159.922,67.9657#26.96#31.19#41.85
-159.777,67.9752#26.86#31.2#41.94
-159.631,67.9845#26.77#31.21#42.02
-159.486,67.9937#26.68#31.22#42.1
-159.34,68.0027#26.62#31.24#42.14
-159.195,68.0116#26.56#31.25#42.19
-159.049,68.0204#26.5#31.26#42.24
-158.903,68.029#26.45#31.26#42.29
-158.757,68.0375#26.42#31.25#42.33
-158.611,68.0459#26.39#31.24#42.37
-158.464,68.0541#26.36#31.21#42.43
-158.318,68.0621#26.34#31.15#42.51
-158.171,68.0701#26.33#31.09#42.58
-158.025,68.0779#26.31#31.03#42.66
-157.878,68.0855#26.31#31#42.69
-157.731,68.093#26.3#30.97#42.73
-157.584,68.1004#26.3#30.96#42.74
-157.437,68.1076#26.44#30.95#42.61
-157.29,68.1147#26.79#30.95#42.26
-157.143,68.1217#27.13#30.95#41.92
-156.995,68.1285#27.48#30.96#41.56
-156.848,68.1351#27.84#31#41.16
-156.7,68.1417#28.2#31.05#40.75
-156.553,68.148#28.56#31.09#40.35
-156.405,68.1543#28.75#31.14#40.11
-156.257,68.1604#28.84#31.2#39.96
-156.109,68.1663#28.94#31.27#39.79
-155.962,68.1722#29.01#31.32#39.67
-155.813,68.1778#29#31.37#39.63
-155.665,68.1834#29#31.43#39.57
-155.517,68.1888#28.99#31.48#39.53
-155.369,68.194#28.96#31.56#39.48
-155.221,68.1991#28.93#31.65#39.42
-155.072,68.2041#28.89#31.74#39.37
-154.924,68.2089#28.72#31.82#39.46
-154.775,68.2136#28.41#31.91#39.68
-154.627,68.2181#28.1#32#39.9
-154.478,68.2225#27.78#32.09#40.13
-154.329,68.2267#27.48#32.18#40.34
-154.18,68.2309#27.17#32.27#40.56
-154.032,68.2348#26.86#32.36#40.78
-153.883,68.2386#26.71#32.45#40.84
-153.734,68.2423#26.6#32.54#40.86
-153.585,68.2458#26.5#32.63#40.87
-153.436,68.2492#26.43#32.72#40.85
-153.287,68.2525#26.43#32.8#40.77
-153.138,68.2556#26.42#32.88#40.7
-152.988,68.2585#26.42#32.96#40.62
-152.839,68.2613#26.47#33.04#40.49
-152.69,68.264#26.52#33.13#40.35
-152.541,68.2665#26.57#33.21#40.22
-152.391,68.2689#26.62#33.29#40.09
-152.242,68.2712#26.68#33.37#39.95
-152.093,68.2732#26.74#33.45#39.81
-151.943,68.2752#26.79#33.53#39.68
-151.794,68.277#26.82#33.6#39.58
-151.644,68.2787#26.85#33.67#39.48
-151.495,68.2802#26.89#33.74#39.37
-151.345,68.2815#26.9#33.81#39.29
-151.196,68.2828#26.92#33.88#39.2
-151.046,68.2839#26.94#33.94#39.12
-150.897,68.2848#26.93#34.01#39.06
-150.747,68.2856#26.91#34.08#39.01
-150.597,68.2862#26.89#34.15#38.96
-150.448,68.2867#26.86#34.22#38.92
-150.298,68.2871#26.81#34.29#38.9
-150.149,68.2873#26.76#34.35#38.89
-149.999,68.2874#26.71#34.41#38.88
-149.849,68.2873#26.66#34.48#38.86
-149.7,68.2871#26.61#34.55#38.84
-149.55,68.2867#26.57#34.62#38.81
-149.401,68.2862#26.54#34.68#38.78
-149.251,68.2856#26.53#34.75#38.72
-149.102,68.2848#26.51#34.81#38.68
-148.952,68.2838#26.5#34.88#38.62
-148.802,68.2828#26.5#34.94#38.56
-148.653,68.2815#26.49#35#38.51
-148.503,68.2802#26.49#35.06#38.45
-148.354,68.2786#26.49#35.12#38.39
-148.204,68.277#26.49#35.18#38.33
-148.055,68.2752#26.5#35.24#38.26
-147.906,68.2732#26.51#35.3#38.19
-147.756,68.2711#26.53#35.35#38.12
-147.607,68.2689#26.55#35.41#38.04
-147.458,68.2665#26.61#35.46#37.93
-147.308,68.264#26.79#35.51#37.7
-147.159,68.2613#26.97#35.55#37.48
-147.01,68.2585#27.16#35.59#37.25
-146.861,68.2555#27.43#35.62#36.95
-146.711,68.2524#27.72#35.65#36.63
-146.562,68.2492#28#35.68#36.32
-146.413,68.2458#28.38#35.69#35.93
-146.264,68.2423#28.83#35.69#35.48
-146.115,68.2386#29.29#35.69#35.02
-145.967,68.2348#29.72#35.68#34.6
-145.818,68.2308#30.06#35.67#34.27
-145.669,68.2267#30.4#35.66#33.94
-145.52,68.2224#30.74#35.65#33.61
-145.372,68.218#30.79#35.64#33.57
-145.223,68.2135#30.8#35.63#33.57
-145.074,68.2088#30.8#35.62#33.58
-144.926,68.204#30.72#35.6#33.68
-144.778,68.199#30.57#35.59#33.84
-144.629,68.1939#30.41#35.57#34.02
-144.481,68.1887#30.24#35.55#34.21
-144.333,68.1833#29.92#35.53#34.55
-144.185,68.1778#29.6#35.5#34.9
-144.037,68.1721#29.27#35.48#35.25
-143.889,68.1663#29.02#35.42#35.56
-143.741,68.1603#28.79#35.35#35.86
-143.593,68.1542#28.57#35.28#36.15
-143.445,68.148#28.4#35.21#36.39
-143.298,68.1416#28.32#35.14#36.54
-143.15,68.135#28.24#35.08#36.68
-143.003,68.1284#28.17#35.01#36.82
-142.855,68.1216#28.13#34.95#36.92
-142.708,68.1146#28.11#34.89#37
-142.561,68.1075#28.08#34.83#37.09
-142.414,68.1003#28.07#34.76#37.17
-142.267,68.0929#28.07#34.7#37.23
-142.12,68.0854#28.07#34.63#37.3
-141.974,68.0778#28.07#34.56#37.37
-141.827,68.07#28.07#34.47#37.46
-141.68,68.062#28.08#34.38#37.54
-141.534,68.054#28.09#34.28#37.63
-141.388,68.0458#28.09#34.16#37.75
-141.241,68.0374#28.1#34.04#37.86
-141.095,68.0289#28.11#33.91#37.98
-140.949,68.0203#28.13#33.78#38.09
-140.804,68.0115#28.14#33.65#38.21
-140.658,68.0026#28.15#33.52#38.33
-140.512,67.9936#28.16#33.39#38.45
-140.367,67.9844#28.17#33.27#38.56
-140.221,67.9751#28.19#33.14#38.67
-140.076,67.9656#28.2#33.02#38.78
-139.931,67.956#28.21#32.89#38.9
-139.786,67.9463#28.23#32.76#39.01
-139.641,67.9364#28.24#32.63#39.13
-139.497,67.9264#28.25#32.51#39.24
-139.352,67.9162#28.27#32.4#39.33
-139.208,67.906#28.28#32.29#39.43
-161.54,67.9068#28.58#31.31#40.11
-161.396,67.9178#28.43#31.28#40.29
-161.252,67.9286#28.28#31.27#40.45
-161.107,67.9394#28.14#31.25#40.61
-160.963,67.9499#27.98#31.24#40.78
-160.818,67.9604#27.82#31.24#40.94
-160.673,67.9707#27.65#31.24#41.11
-160.528,67.9809#27.48#31.24#41.28
-160.383,67.9909#27.32#31.24#41.44
-160.238,68.0008#27.16#31.25#41.59
-160.093,68.0106#27#31.25#41.75
-159.947,68.0202#26.87#31.26#41.87
-159.802,68.0297#26.78#31.27#41.95
-159.656,68.039#26.69#31.28#42.03
-159.51,68.0482#26.61#31.3#42.09
-159.364,68.0573#26.55#31.31#42.14
-159.218,68.0662#26.49#31.32#42.19
-159.072,68.075#26.44#31.33#42.23
-158.926,68.0837#26.4#31.33#42.27
-158.779,68.0922#26.36#31.32#42.32
-158.633,68.1005#26.33#31.31#42.36
-158.486,68.1088#26.3#31.29#42.41
-158.339,68.1169#26.29#31.23#42.48
-158.192,68.1248#26.28#31.17#42.55
-158.045,68.1326#26.27#31.11#42.62
-157.898,68.1403#26.27#31.09#42.64
-157.751,68.1478#26.27#31.08#42.65
-157.604,68.1552#26.27#31.08#42.65
-157.456,68.1625#26.37#31.08#42.55
-157.309,68.1696#26.72#31.09#42.19
-157.161,68.1765#27.07#31.1#41.83
-157.013,68.1834#27.43#31.11#41.46
-156.866,68.1901#27.79#31.16#41.05
-156.718,68.1966#28.15#31.2#40.65
-156.57,68.203#28.51#31.25#40.24
-156.422,68.2093#28.73#31.3#39.97
-156.274,68.2154#28.83#31.37#39.8
-156.125,68.2214#28.92#31.43#39.65
-155.977,68.2272#29.01#31.49#39.5
-155.829,68.2329#29#31.55#39.45
-155.68,68.2384#28.99#31.6#39.41
-155.532,68.2438#28.99#31.66#39.35
-155.383,68.2491#28.96#31.74#39.3
-155.234,68.2542#28.93#31.83#39.24
-155.085,68.2592#28.9#31.92#39.18
-154.937,68.264#28.74#32.01#39.25
-154.788,68.2687#28.43#32.11#39.46
-154.639,68.2733#28.12#32.2#39.68
-154.49,68.2777#27.8#32.29#39.91
-154.341,68.2819#27.49#32.39#40.12
-154.191,68.286#27.18#32.48#40.34
-154.042,68.29#26.87#32.57#40.56
-153.893,68.2938#26.71#32.66#40.63
-153.744,68.2975#26.61#32.76#40.63
-153.594,68.3011#26.5#32.85#40.65
-153.445,68.3045#26.43#32.94#40.63
-153.295,68.3077#26.43#33.03#40.54
-153.146,68.3108#26.43#33.11#40.46
-152.996,68.3138#26.43#33.2#40.37
-152.847,68.3166#26.48#33.28#40.24
-152.697,68.3193#26.53#33.37#40.1
-152.547,68.3218#26.58#33.46#39.96
-152.398,68.3242#26.63#33.54#39.83
-152.248,68.3265#26.69#33.62#39.69
-152.098,68.3286#26.74#33.71#39.55
-151.948,68.3305#26.79#33.79#39.42
-151.798,68.3323#26.82#33.86#39.32
-151.649,68.334#26.85#33.94#39.21
-151.499,68.3355#26.88#34.01#39.11
-151.349,68.3369#26.89#34.08#39.03
-151.199,68.3381#26.91#34.15#38.94
-151.049,68.3392#26.92#34.22#38.86
-150.899,68.3401#26.91#34.29#38.8
-150.749,68.3409#26.89#34.36#38.75
-150.599,68.3416#26.87#34.43#38.7
-150.449,68.3421#26.83#34.5#38.67
-150.299,68.3425#26.78#34.57#38.65
-150.149,68.3427#26.73#34.63#38.64
-149.999,68.3427#26.67#34.69#38.64
-149.849,68.3427#26.63#34.76#38.61
-149.699,68.3424#26.59#34.83#38.58
-149.549,68.3421#26.54#34.9#38.56
-149.399,68.3416#26.52#34.96#38.52
-149.249,68.3409#26.51#35.03#38.46
-149.099,68.3401#26.5#35.09#38.41
-148.949,68.3392#26.49#35.16#38.35
-148.799,68.3381#26.48#35.22#38.3
-148.649,68.3369#26.48#35.28#38.24
-148.499,68.3355#26.47#35.34#38.19
-148.35,68.334#26.48#35.41#38.11
-148.2,68.3323#26.48#35.47#38.05
-148.05,68.3305#26.48#35.53#37.99
-147.9,68.3285#26.5#35.58#37.92
-147.75,68.3264#26.51#35.64#37.85
-147.601,68.3242#26.53#35.69#37.78
-147.451,68.3218#26.59#35.74#37.67
-147.301,68.3193#26.75#35.79#37.46
-147.152,68.3166#26.91#35.83#37.26
-147.002,68.3138#27.07#35.88#37.05
-146.852,68.3108#27.35#35.91#36.74
-146.703,68.3077#27.63#35.94#36.43
-146.553,68.3044#27.91#35.96#36.13
-146.404,68.301#28.28#35.97#35.75
-146.255,68.2975#28.71#35.98#35.31
-146.105,68.2938#29.15#35.97#34.88
-145.956,68.29#29.56#35.97#34.47
-145.807,68.286#29.93#35.97#34.1
-145.658,68.2819#30.29#35.96#33.75
-145.509,68.2776#30.65#35.95#33.4
-145.359,68.2732#30.71#35.94#33.35
-145.21,68.2687#30.75#35.93#33.32
-145.062,68.264#30.79#35.92#33.29
-144.913,68.2591#30.72#35.91#33.37
-144.764,68.2541#30.58#35.9#33.52
-144.615,68.249#30.43#35.88#33.69
-144.467,68.2438#30.25#35.86#33.89
-144.318,68.2384#29.95#35.84#34.21
-144.17,68.2328#29.64#35.82#34.54
-144.021,68.2271#29.34#35.8#34.86
-143.873,68.2213#29.08#35.73#35.19
-143.725,68.2153#28.84#35.66#35.5
-143.576,68.2092#28.61#35.59#35.8
-143.428,68.2029#28.44#35.52#36.04
-143.28,68.1965#28.34#35.45#36.21
-143.132,68.19#28.25#35.38#36.37
-142.985,68.1833#28.17#35.31#36.52
-142.837,68.1765#28.13#35.25#36.62
-142.689,68.1695#28.09#35.19#36.72
-142.542,68.1624#28.05#35.12#36.83
-142.394,68.1551#28.03#35.05#36.92
-142.247,68.1477#28.02#34.98#37
-142.1,68.1402#28.01#34.91#37.08
-141.953,68.1325#28#34.84#37.16
-141.806,68.1247#28#34.75#37.25
-141.659,68.1168#28#34.66#37.34
-141.512,68.1087#28.01#34.57#37.42
-141.365,68.1004#28.02#34.44#37.54
-141.219,68.0921#28.03#34.32#37.65
-141.072,68.0835#28.04#34.19#37.77
-140.926,68.0749#28.05#34.06#37.89
-140.78,68.0661#28.06#33.93#38.01
-140.634,68.0572#28.07#33.8#38.13
-140.488,68.0481#28.08#33.67#38.25
-140.342,68.0389#28.1#33.55#38.35
-140.196,68.0295#28.11#33.42#38.47
-140.051,68.0201#28.12#33.3#38.58
-139.905,68.0104#28.14#33.17#38.69
-139.76,68.0007#28.15#33.03#38.82
-139.615,67.9908#28.16#32.9#38.94
-139.47,67.9807#28.18#32.77#39.05
-139.325,67.9706#28.19#32.66#39.15
-139.18,67.9603#28.21#32.54#39.25
-139.035,67.9498#28.22#32.43#39.35
-138.891,67.9392#28.24#32.33#39.43
-138.747,67.9285#28.25#32.22#39.53
-138.602,67.9177#28.26#32.12#39.62
-138.458,67.9067#28.28#32.03#39.69
-162.289,67.9038#29.24#31.73#39.03
-162.145,67.9155#29.08#31.66#39.26
-162.002,67.9271#28.92#31.6#39.48
-161.858,67.9385#28.77#31.53#39.7
-161.714,67.9498#28.63#31.46#39.91
-161.569,67.961#28.48#31.39#40.13
-161.425,67.972#28.33#31.35#40.32
-161.28,67.9829#28.19#31.34#40.47
-161.136,67.9936#28.04#31.32#40.64
-160.991,68.0042#27.89#31.31#40.8
-160.846,68.0147#27.73#31.31#40.96
-160.701,68.025#27.56#31.31#41.13
-160.555,68.0352#27.39#31.31#41.3
-160.41,68.0453#27.23#31.32#41.45
-160.264,68.0552#27.07#31.32#41.61
-160.119,68.065#26.92#31.32#41.76
-159.973,68.0746#26.77#31.33#41.9
-159.827,68.0842#26.69#31.34#41.97
-159.681,68.0935#26.62#31.36#42.02
-159.535,68.1028#26.54#31.37#42.09
-159.388,68.1119#26.48#31.38#42.14
-159.242,68.1208#26.43#31.39#42.18
-159.095,68.1296#26.38#31.41#42.21
-158.949,68.1383#26.35#31.41#42.24
-158.802,68.1468#26.33#31.4#42.27
-158.655,68.1552#26.3#31.39#42.31
-158.508,68.1635#26.28#31.38#42.34
-158.361,68.1716#26.27#31.33#42.4
-158.214,68.1796#26.26#31.28#42.46
-158.066,68.1874#26.25#31.23#42.52
-157.919,68.1951#26.25#31.21#42.54
-157.771,68.2026#26.25#31.21#42.54
-157.623,68.2101#26.25#31.21#42.54
-157.476,68.2173#26.31#31.21#42.48
-157.328,68.2245#26.66#31.23#42.11
-157.18,68.2314#27.02#31.25#41.73
-157.032,68.2383#27.37#31.27#41.36
-156.884,68.245#27.73#31.31#40.96
-156.735,68.2515#28.1#31.36#40.54
-156.587,68.258#28.46#31.4#40.14
-156.438,68.2642#28.71#31.46#39.83
-156.29,68.2704#28.81#31.53#39.66
-156.141,68.2764#28.91#31.59#39.5
-155.993,68.2822#29#31.66#39.34
-155.844,68.2879#29#31.72#39.28
-155.695,68.2935#28.99#31.78#39.23
-155.546,68.2989#28.99#31.83#39.18
-155.397,68.3042#28.96#31.92#39.12
-155.248,68.3093#28.93#32.01#39.06
-155.099,68.3143#28.9#32.1#39
-154.949,68.3192#28.77#32.2#39.03
-154.8,68.3239#28.45#32.3#39.25
-154.651,68.3284#28.14#32.4#39.46
-154.501,68.3328#27.82#32.49#39.69
-154.352,68.3371#27.51#32.59#39.9
-154.202,68.3412#27.2#32.69#40.11
-154.053,68.3452#26.89#32.78#40.33
-153.903,68.3491#26.71#32.88#40.41
-153.753,68.3528#26.61#32.98#40.41
-153.604,68.3563#26.5#33.07#40.43
-153.454,68.3597#26.43#33.17#40.4
-153.304,68.363#26.43#33.26#40.31
-153.154,68.3661#26.43#33.34#40.23
-153.004,68.3691#26.44#33.43#40.13
-152.854,68.3719#26.49#33.52#39.99
-152.704,68.3746#26.54#33.61#39.85
-152.554,68.3771#26.59#33.7#39.71
-152.404,68.3795#26.64#33.79#39.57
-152.254,68.3818#26.69#33.88#39.43
-152.104,68.3839#26.74#33.96#39.3
-151.953,68.3858#26.78#34.05#39.17
-151.803,68.3877#26.81#34.13#39.06
-151.653,68.3893#26.84#34.2#38.96
-151.503,68.3908#26.88#34.28#38.84
-151.352,68.3922#26.89#34.35#38.76
-151.202,68.3935#26.9#34.42#38.68
-151.052,68.3945#26.91#34.49#38.6
-150.901,68.3955#26.89#34.57#38.54
-150.751,68.3963#26.86#34.64#38.5
-150.601,68.3969#26.84#34.71#38.45
-150.45,68.3974#26.8#34.78#38.42
-150.3,68.3978#26.74#34.84#38.42
-150.149,68.398#26.69#34.91#38.4
-149.999,68.3981#26.63#34.97#38.4
-149.849,68.398#26.6#35.04#38.36
-149.698,68.3978#26.56#35.11#38.33
-149.548,68.3974#26.52#35.18#38.3
-149.398,68.3969#26.5#35.24#38.26
-149.247,68.3963#26.49#35.31#38.2
-149.097,68.3955#26.48#35.37#38.15
-148.946,68.3945#26.47#35.44#38.09
-148.796,68.3934#26.46#35.5#38.04
-148.646,68.3922#26.46#35.56#37.98
-148.496,68.3908#26.46#35.63#37.91
-148.345,68.3893#26.46#35.69#37.85
-148.195,68.3876#26.46#35.75#37.79
-148.045,68.3858#26.47#35.81#37.72
-147.895,68.3839#26.48#35.86#37.66
-147.744,68.3817#26.5#35.92#37.58
-147.594,68.3795#26.51#35.97#37.52
-147.444,68.3771#26.57#36.02#37.41
-147.294,68.3746#26.71#36.07#37.22
-147.144,68.3719#26.84#36.11#37.05
-146.994,68.369#26.99#36.16#36.85
-146.844,68.3661#27.26#36.19#36.55
-146.694,68.3629#27.54#36.22#36.24
-146.544,68.3597#27.81#36.25#35.94
-146.395,68.3563#28.18#36.26#35.56
-146.245,68.3527#28.59#36.26#35.15
-146.095,68.349#29#36.26#34.74
-145.945,68.3452#29.41#36.26#34.33
-145.796,68.3412#29.79#36.26#33.95
-145.646,68.3371#30.18#36.25#33.57
-145.497,68.3328#30.56#36.25#33.19
-145.347,68.3284#30.64#36.24#33.12
-145.198,68.3238#30.72#36.23#33.05
-145.049,68.3191#30.79#36.23#32.98
-144.899,68.3143#30.72#36.22#33.06
-144.75,68.3093#30.59#36.21#33.2
-144.601,68.3041#30.45#36.2#33.35
-144.452,68.2988#30.27#36.18#33.55
-144.303,68.2934#29.98#36.16#33.86
-144.154,68.2879#29.7#36.14#34.16
-144.006,68.2821#29.41#36.12#34.47
-143.857,68.2763#29.15#36.05#34.8
-143.708,68.2703#28.89#35.97#35.14
-143.56,68.2642#28.64#35.9#35.46
-143.411,68.2579#28.47#35.83#35.7
-143.263,68.2515#28.36#35.76#35.88
-143.115,68.2449#28.25#35.69#36.06
-142.966,68.2382#28.16#35.62#36.22
-142.818,68.2314#28.12#35.55#36.33
-142.67,68.2244#28.08#35.48#36.44
-142.522,68.2172#28.04#35.42#36.54
-142.375,68.21#28.02#35.35#36.63
-142.227,68.2026#28.01#35.27#36.72
-142.079,68.195#27.99#35.2#36.81
-141.932,68.1873#27.98#35.12#36.9
-141.785,68.1795#27.98#35.03#36.99
-141.637,68.1715#27.98#34.94#37.08
-141.49,68.1634#27.97#34.85#37.18
-141.343,68.1551#27.97#34.72#37.31
-141.196,68.1467#27.98#34.6#37.42
-141.049,68.1382#27.98#34.47#37.55
-140.903,68.1295#27.98#34.35#37.67
-140.756,68.1207#27.98#34.22#37.8
-140.61,68.1117#28#34.09#37.91
-140.463,68.1026#28.01#33.96#38.03
-140.317,68.0934#28.02#33.83#38.15
-140.171,68.084#28.04#33.7#38.26
-140.025,68.0745#28.05#33.58#38.37
-139.879,68.0649#28.06#33.44#38.5
-139.734,68.0551#28.08#33.3#38.62
-139.588,68.0452#28.09#33.17#38.74
-139.443,68.0351#28.11#33.03#38.86
-139.297,68.0249#28.12#32.91#38.97
-139.152,68.0146#28.13#32.79#39.08
-139.007,68.0041#28.15#32.67#39.18
-138.863,67.9935#28.16#32.56#39.28
-138.718,67.9827#28.18#32.45#39.37
-138.573,67.9718#28.19#32.34#39.47
-138.429,67.9608#28.21#32.25#39.54
-138.285,67.9497#28.22#32.18#39.6
-138.14,67.9384#28.24#32.11#39.65
-137.997,67.9269#28.25#32.04#39.71
-137.853,67.9154#28.27#31.97#39.76
-137.709,67.9037#28.28#31.89#39.83
-162.895,67.9096#29.76#31.76#38.48
-162.752,67.9218#29.6#31.8#38.6
-162.608,67.934#29.44#31.84#38.72
-162.464,67.946#29.28#31.86#38.86
-162.321,67.9578#29.12#31.79#39.09
-162.177,67.9696#28.97#31.73#39.3
-162.032,67.9812#28.81#31.66#39.53
-161.888,67.9926#28.66#31.6#39.74
-161.744,68.0039#28.52#31.53#39.95
-161.599,68.0151#28.38#31.47#40.15
-161.454,68.0262#28.24#31.42#40.34
-161.309,68.0371#28.09#31.41#40.5
-161.164,68.0479#27.95#31.39#40.66
-161.019,68.0585#27.8#31.38#40.82
-160.874,68.069#27.64#31.38#40.98
-160.728,68.0794#27.47#31.38#41.15
-160.583,68.0896#27.3#31.38#41.32
-160.437,68.0997#27.14#31.39#41.47
-160.291,68.1096#26.98#31.39#41.63
-160.145,68.1194#26.83#31.4#41.77
-159.999,68.1291#26.68#31.4#41.92
-159.852,68.1387#26.62#31.42#41.96
-159.706,68.148#26.56#31.44#42
-159.559,68.1573#26.5#31.45#42.05
-159.413,68.1664#26.45#31.47#42.08
-159.266,68.1754#26.41#31.49#42.1
-159.119,68.1842#26.37#31.5#42.13
-158.972,68.1929#26.33#31.51#42.16
-158.825,68.2015#26.31#31.5#42.19
-158.677,68.2099#26.29#31.48#42.23
-158.53,68.2182#26.27#31.47#42.26
-158.383,68.2263#26.26#31.43#42.31
-158.235,68.2343#26.25#31.39#42.36
-158.087,68.2422#26.24#31.35#42.41
-157.939,68.2499#26.23#31.33#42.44
-157.791,68.2575#26.23#31.34#42.43
-157.643,68.2649#26.23#31.34#42.43
-157.495,68.2722#26.24#31.35#42.41
-157.347,68.2793#26.6#31.37#42.03
-157.198,68.2863#26.96#31.39#41.65
-157.05,68.2932#27.31#31.42#41.27
-156.901,68.2999#27.68#31.46#40.86
-156.753,68.3065#28.04#31.51#40.45
-156.604,68.3129#28.41#31.56#40.03
-156.455,68.3192#28.7#31.62#39.68
-156.306,68.3254#28.79#31.69#39.52
-156.157,68.3314#28.89#31.75#39.36
-156.008,68.3373#28.99#31.82#39.19
-155.859,68.343#28.99#31.89#39.12
-155.71,68.3486#28.99#31.95#39.06
-155.56,68.354#28.99#32.01#39
-155.411,68.3593#28.96#32.1#38.94
-155.262,68.3644#28.93#32.19#38.88
-155.112,68.3694#28.9#32.29#38.81
-154.962,68.3743#28.79#32.39#38.82
-154.813,68.379#28.48#32.49#39.03
-154.663,68.3836#28.16#32.59#39.25
-154.513,68.388#27.85#32.69#39.46
-154.363,68.3923#27.53#32.79#39.68
-154.213,68.3965#27.22#32.89#39.89
-154.063,68.4004#26.9#33#40.1
-153.913,68.4043#26.71#33.1#40.19
-153.763,68.408#26.61#33.2#40.19
-153.613,68.4116#26.51#33.3#40.19
-153.463,68.415#26.43#33.39#40.18
-153.313,68.4183#26.44#33.49#40.07
-153.162,68.4214#26.44#33.58#39.98
-153.012,68.4244#26.44#33.67#39.89
-152.862,68.4272#26.49#33.76#39.75
-152.711,68.4299#26.55#33.86#39.59
-152.561,68.4324#26.6#33.95#39.45
-152.41,68.4348#26.65#34.04#39.31
-152.26,68.4371#26.7#34.13#39.17
-152.109,68.4392#26.74#34.22#39.04
-151.958,68.4412#26.78#34.31#38.91
-151.808,68.443#26.81#34.39#38.8
-151.657,68.4447#26.84#34.47#38.69
-151.507,68.4462#26.87#34.55#38.58
-151.356,68.4476#26.88#34.63#38.49
-151.205,68.4488#26.88#34.7#38.42
-151.054,68.4499#26.89#34.77#38.34
-150.904,68.4509#26.87#34.84#38.29
