-152.493,57.9#29.6#29.19#41.21
-152.394,57.9023#29.53#29.23#41.24
-152.294,57.9044#29.46#29.27#41.27
-152.194,57.9065#29.39#29.3#41.31
-152.095,57.9085#29.32#29.34#41.34
-151.995,57.9104#29.24#29.38#41.38
-151.895,57.9122#29.19#29.39#41.42
-151.796,57.9139#29.14#29.41#41.45
-151.696,57.9155#29.09#29.43#41.48
-151.596,57.917#29.04#29.44#41.52
-151.496,57.9185#28.99#29.46#41.55
-151.397,57.9198#28.93#29.47#41.6
-151.297,57.921#28.87#29.48#41.65
-151.197,57.9222#28.8#29.49#41.71
-151.097,57.9233#28.74#29.5#41.76
-150.997,57.9242#28.68#29.51#41.81
-150.898,57.9251#28.56#29.52#41.92
-150.798,57.9259#28.44#29.52#42.04
-150.698,57.9266#28.32#29.53#42.15
-150.598,57.9272#28.2#29.54#42.26
-150.498,57.9277#28.08#29.54#42.38
-150.399,57.9281#27.91#29.56#42.53
-150.299,57.9284#27.74#29.58#42.68
-150.199,57.9286#27.57#29.59#42.84
-150.099,57.9288#27.41#29.61#42.98
-149.999,57.9288#27.24#29.63#43.13
-149.9,57.9288#27.12#29.65#43.23
-149.8,57.9286#27#29.68#43.32
-149.7,57.9284#26.87#29.71#43.42
-149.6,57.9281#26.75#29.74#43.51
-149.5,57.9277#26.63#29.77#43.6
-149.4,57.9272#26.57#29.8#43.63
-149.301,57.9266#26.52#29.84#43.64
-149.201,57.9259#26.47#29.87#43.66
-149.101,57.9251#26.42#29.91#43.67
-149.001,57.9242#26.36#29.94#43.7
-148.901,57.9232#26.33#29.96#43.71
-148.802,57.9222#26.31#29.98#43.71
-148.702,57.921#26.28#30#43.72
-148.602,57.9198#26.25#30.02#43.73
-148.502,57.9184#26.22#30.04#43.74
-148.403,57.917#26.2#30.06#43.74
-148.303,57.9155#26.19#30.07#43.74
-148.203,57.9139#26.17#30.09#43.74
-148.103,57.9122#26.16#30.1#43.74
-148.004,57.9104#26.15#30.12#43.73
-147.904,57.9085#26.14#30.15#43.71
-147.804,57.9065#26.13#30.19#43.68
-147.705,57.9044#26.12#30.23#43.65
-147.605,57.9022#26.12#30.27#43.61
-147.505,57.9#26.11#30.31#43.58
-154.192,57.9004#31.38#28.71#39.91
-154.092,57.9042#31.18#28.71#40.11
-153.993,57.9079#30.99#28.72#40.29
-153.893,57.9116#30.89#28.73#40.38
-153.794,57.9151#30.79#28.74#40.47
-153.694,57.9186#30.69#28.76#40.55
-153.594,57.922#30.59#28.77#40.64
-153.495,57.9252#30.49#28.79#40.72
-153.395,57.9284#30.41#28.82#40.77
-153.296,57.9315#30.33#28.86#40.81
-153.196,57.9345#30.25#28.89#40.86
-153.096,57.9374#30.17#28.93#40.9
-152.996,57.9403#30.09#28.96#40.95
-152.897,57.943#30#29.01#40.99
-152.797,57.9456#29.91#29.06#41.03
-152.697,57.9482#29.81#29.11#41.08
-152.597,57.9506#29.72#29.17#41.11
-152.498,57.953#29.62#29.22#41.16
-152.398,57.9552#29.54#29.25#41.21
-152.298,57.9574#29.47#29.29#41.24
-152.198,57.9595#29.39#29.32#41.29
-152.098,57.9615#29.31#29.36#41.33
-151.998,57.9634#29.23#29.39#41.38
-151.899,57.9652#29.18#29.41#41.41
-151.799,57.9669#29.13#29.42#41.45
-151.699,57.9685#29.08#29.44#41.48
-151.599,57.97#29.02#29.45#41.53
-151.499,57.9714#28.97#29.47#41.56
-151.399,57.9728#28.9#29.48#41.62
-151.299,57.974#28.83#29.49#41.68
-151.199,57.9752#28.77#29.5#41.73
-151.099,57.9762#28.7#29.5#41.8
-150.999,57.9772#28.63#29.51#41.86
-150.899,57.9781#28.5#29.52#41.98
-150.799,57.9789#28.37#29.53#42.1
-150.699,57.9796#28.24#29.53#42.23
-150.599,57.9802#28.12#29.54#42.34
-150.499,57.9807#27.99#29.55#42.46
-150.399,57.9811#27.82#29.56#42.62
-150.299,57.9814#27.65#29.57#42.78
-150.199,57.9817#27.48#29.59#42.93
-150.099,57.9818#27.31#29.6#43.09
-149.999,57.9818#27.14#29.62#43.24
-149.899,57.9818#27.03#29.64#43.33
-149.799,57.9817#26.92#29.67#43.41
-149.699,57.9814#26.81#29.7#43.49
-149.599,57.9811#26.7#29.72#43.58
-149.499,57.9807#26.59#29.75#43.66
-149.399,57.9802#26.54#29.78#43.68
-149.299,57.9796#26.49#29.81#43.7
-149.199,57.9789#26.44#29.84#43.72
-149.099,57.9781#26.39#29.87#43.74
-149,57.9772#26.34#29.9#43.76
-148.9,57.9762#26.31#29.91#43.78
-148.8,57.9752#26.29#29.93#43.78
-148.7,57.974#26.26#29.95#43.79
-148.6,57.9728#26.23#29.97#43.8
-148.5,57.9714#26.21#29.99#43.8
-148.4,57.97#26.19#30#43.81
-148.3,57.9685#26.18#30.01#43.81
-148.2,57.9668#26.17#30.03#43.8
-148.1,57.9651#26.15#30.04#43.81
-148,57.9633#26.14#30.05#43.81
-147.9,57.9614#26.13#30.1#43.77
-147.801,57.9594#26.13#30.15#43.72
-147.701,57.9574#26.12#30.19#43.69
-147.601,57.9552#26.11#30.24#43.65
-147.501,57.9529#26.11#30.28#43.61
-147.401,57.9506#26.1#30.34#43.56
-147.302,57.9481#26.1#30.39#43.51
-147.202,57.9456#26.1#30.44#43.46
-147.102,57.9429#26.09#30.5#43.41
-147.002,57.9402#26.09#30.55#43.36
-146.903,57.9374#26.09#30.61#43.3
-146.803,57.9345#26.09#30.66#43.25
-146.703,57.9315#26.08#30.72#43.2
-146.604,57.9284#26.08#30.77#43.15
-146.504,57.9252#26.08#30.83#43.09
-146.404,57.9219#26.08#30.89#43.03
-146.305,57.9186#26.08#30.96#42.96
-146.205,57.9151#26.08#31.02#42.9
-146.106,57.9115#26.08#31.08#42.84
-146.006,57.9079#26.08#31.14#42.78
-145.907,57.9042#26.07#31.2#42.73
-145.807,57.9003#26.07#31.25#42.68
-155.393,57.9001#34#28.66#37.34
-155.293,57.905#33.76#28.67#37.57
-155.194,57.9098#33.53#28.67#37.8
-155.095,57.9146#33.29#28.68#38.03
-154.995,57.9193#33.05#28.68#38.27
-154.896,57.9238#32.85#28.68#38.47
-154.796,57.9283#32.66#28.69#38.65
-154.697,57.9327#32.46#28.69#38.85
-154.597,57.937#32.27#28.7#39.03
-154.498,57.9412#32.07#28.7#39.23
-154.398,57.9453#31.87#28.7#39.43
-154.299,57.9493#31.68#28.71#39.61
-154.199,57.9532#31.48#28.71#39.81
-154.099,57.9571#31.29#28.72#39.99
-154,57.9608#31.1#28.72#40.18
-153.9,57.9645#31#28.74#40.26
-153.8,57.968#30.9#28.75#40.35
-153.701,57.9715#30.8#28.77#40.43
-153.601,57.9749#30.7#28.78#40.52
-153.501,57.9782#30.6#28.8#40.6
-153.401,57.9813#30.51#28.83#40.66
-153.301,57.9844#30.42#28.87#40.71
-153.201,57.9875#30.33#28.91#40.76
-153.102,57.9904#30.24#28.95#40.81
-153.002,57.9932#30.15#28.99#40.86
-152.902,57.9959#30.05#29.04#40.91
-152.802,57.9986#29.95#29.09#40.96
-152.702,58.0011#29.85#29.14#41.01
-152.602,58.0036#29.75#29.19#41.06
-152.502,58.0059#29.64#29.24#41.12
-152.402,58.0082#29.56#29.28#41.16
-152.302,58.0104#29.48#29.31#41.21
-152.202,58.0124#29.39#29.34#41.27
-152.102,58.0144#29.31#29.37#41.32
-152.002,58.0163#29.22#29.4#41.38
-151.902,58.0181#29.17#29.42#41.41
-151.802,58.0199#29.12#29.43#41.45
-151.702,58.0215#29.06#29.45#41.49
-151.602,58.023#29.01#29.46#41.53
-151.502,58.0244#28.95#29.48#41.57
-151.401,58.0258#28.88#29.48#41.64
-151.301,58.027#28.8#29.49#41.71
-151.201,58.0282#28.73#29.5#41.77
-151.101,58.0293#28.65#29.51#41.84
-151.001,58.0302#28.57#29.52#41.91
-150.901,58.0311#28.44#29.52#42.04
-150.801,58.0319#28.31#29.53#42.16
-150.701,58.0326#28.17#29.54#42.29
-150.6,58.0332#28.04#29.54#42.42
-150.5,58.0337#27.9#29.55#42.55
-150.4,58.0341#27.73#29.56#42.71
-150.3,58.0344#27.56#29.57#42.87
-150.2,58.0347#27.38#29.58#43.04
-150.1,58.0348#27.21#29.59#43.2
-149.999,58.0349#27.04#29.61#43.35
-149.899,58.0348#26.94#29.63#43.43
-149.799,58.0347#26.85#29.66#43.49
-149.699,58.0344#26.75#29.69#43.56
-149.599,58.0341#26.65#29.71#43.64
-149.499,58.0337#26.55#29.74#43.71
-149.398,58.0332#26.5#29.76#43.74
-149.298,58.0326#26.46#29.78#43.76
-149.198,58.0319#26.41#29.8#43.79
-149.098,58.0311#26.36#29.83#43.81
-148.998,58.0302#26.32#29.85#43.83
-148.898,58.0292#26.29#29.86#43.85
-148.798,58.0282#26.27#29.88#43.85
-148.697,58.027#26.24#29.9#43.86
-148.597,58.0258#26.22#29.91#43.87
-148.497,58.0244#26.2#29.93#43.87
-148.397,58.023#26.18#29.94#43.88
-148.297,58.0215#26.17#29.95#43.88
-148.197,58.0198#26.16#29.97#43.87
-148.097,58.0181#26.15#29.98#43.87
-147.997,58.0163#26.13#29.99#43.88
-147.897,58.0144#26.13#30.05#43.82
-147.797,58.0124#26.12#30.1#43.78
-147.697,58.0103#26.12#30.15#43.73
-147.597,58.0082#26.11#30.2#43.69
-147.497,58.0059#26.1#30.26#43.64
-147.397,58.0035#26.1#30.32#43.58
-147.297,58.0011#26.1#30.37#43.53
-147.197,57.9985#26.09#30.43#43.48
-147.097,57.9959#26.09#30.49#43.42
-146.997,57.9932#26.09#30.55#43.36
-146.897,57.9903#26.09#30.61#43.3
-146.797,57.9874#26.08#30.67#43.25
-146.697,57.9844#26.08#30.73#43.19
-146.598,57.9813#26.08#30.78#43.14
-146.498,57.9781#26.08#30.84#43.08
-146.398,57.9748#26.08#30.91#43.01
-146.298,57.9715#26.08#30.97#42.95
-146.198,57.968#26.08#31.04#42.88
-146.099,57.9644#26.08#31.1#42.82
-145.999,57.9608#26.07#31.17#42.76
-145.899,57.957#26.07#31.23#42.7
-145.8,57.9532#26.07#31.28#42.65
-145.7,57.9493#26.07#31.34#42.59
-145.601,57.9452#26.07#31.4#42.53
-145.501,57.9411#26.07#31.46#42.47
-145.401,57.9369#26.07#31.53#42.4
-145.302,57.9326#26.07#31.61#42.32
-145.202,57.9282#26.07#31.68#42.25
-145.103,57.9238#26.07#31.76#42.17
-145.004,57.9192#26.07#31.83#42.1
-144.904,57.9145#26.07#31.93#42
-144.805,57.9098#26.07#32.02#41.91
-144.705,57.9049#26.07#32.12#41.81
-144.606,57.9#26.07#32.21#41.72
-156.296,57.9042#36.37#28.63#35
-156.197,57.91#36.11#28.64#35.25
-156.097,57.9157#35.85#28.64#35.51
-155.998,57.9212#35.59#28.64#35.77
-155.899,57.9267#35.34#28.65#36.01
-155.8,57.9321#35.09#28.65#36.26
-155.7,57.9374#34.84#28.66#36.5
-155.601,57.9427#34.58#28.66#36.76
-155.501,57.9478#34.33#28.66#37.01
-155.402,57.9528#34.09#28.67#37.24
-155.302,57.9578#33.85#28.67#37.48
-155.203,57.9626#33.61#28.68#37.71
-155.103,57.9674#33.37#28.68#37.95
-155.004,57.9721#33.13#28.68#38.19
-154.904,57.9766#32.94#28.69#38.37
-154.805,57.9811#32.74#28.69#38.57
-154.705,57.9855#32.55#28.7#38.75
-154.605,57.9898#32.35#28.7#38.95
-154.506,57.994#32.16#28.7#39.14
-154.406,57.9981#31.97#28.71#39.32
-154.306,58.0022#31.78#28.71#39.51
-154.206,58.0061#31.59#28.72#39.69
-154.106,58.01#31.4#28.72#39.88
-154.007,58.0137#31.22#28.72#40.06
-153.907,58.0174#31.11#28.74#40.15
-153.807,58.0209#31.01#28.76#40.23
-153.707,58.0244#30.91#28.77#40.32
-153.607,58.0278#30.81#28.79#40.4
-153.507,58.0311#30.71#28.81#40.48
-153.407,58.0343#30.62#28.85#40.53
-153.307,58.0374#30.52#28.89#40.59
-153.207,58.0404#30.42#28.93#40.65
-153.107,58.0433#30.32#28.97#40.71
-153.007,58.0461#30.21#29.01#40.78
-152.907,58.0489#30.11#29.06#40.83
-152.807,58.0515#30#29.11#40.89
-152.707,58.0541#29.89#29.17#40.94
-152.607,58.0565#29.78#29.22#41
-152.506,58.0589#29.67#29.27#41.06
-152.406,58.0612#29.58#29.3#41.12
-152.306,58.0634#29.49#29.33#41.18
-152.206,58.0654#29.4#29.36#41.24
-152.106,58.0674#29.31#29.38#41.31
-152.005,58.0693#29.21#29.41#41.38
-151.905,58.0711#29.16#29.43#41.41
-151.805,58.0729#29.1#29.44#41.46
-151.705,58.0745#29.05#29.46#41.49
-151.604,58.076#28.99#29.47#41.54
-151.504,58.0775#28.93#29.48#41.59
-151.404,58.0788#28.85#29.49#41.66
-151.304,58.0801#28.77#29.5#41.73
-151.203,58.0812#28.69#29.51#41.8
-151.103,58.0823#28.61#29.52#41.87
-151.003,58.0833#28.52#29.52#41.96
-150.902,58.0841#28.38#29.53#42.09
-150.802,58.0849#28.24#29.53#42.23
-150.702,58.0856#28.1#29.54#42.36
-150.601,58.0862#27.95#29.54#42.51
-150.501,58.0867#27.81#29.55#42.64
-150.401,58.0872#27.64#29.56#42.8
-150.3,58.0875#27.46#29.57#42.97
-150.2,58.0877#27.29#29.58#43.13
-150.1,58.0879#27.12#29.59#43.29
-149.999,58.0879#26.94#29.6#43.46
-149.899,58.0879#26.86#29.62#43.52
-149.799,58.0877#26.77#29.65#43.58
-149.698,58.0875#26.69#29.67#43.64
-149.598,58.0872#26.6#29.7#43.7
-149.498,58.0867#26.51#29.72#43.77
-149.397,58.0862#26.47#29.74#43.79
-149.297,58.0856#26.43#29.75#43.82
-149.197,58.0849#26.38#29.77#43.85
-149.096,58.0841#26.34#29.79#43.87
-148.996,58.0832#26.3#29.8#43.9
-148.896,58.0823#26.27#29.82#43.91
-148.795,58.0812#26.25#29.83#43.92
-148.695,58.08#26.23#29.84#43.93
-148.595,58.0788#26.21#29.86#43.93
-148.495,58.0774#26.19#29.87#43.94
-148.394,58.076#26.17#29.88#43.95
-148.294,58.0745#26.16#29.89#43.95
-148.194,58.0728#26.15#29.91#43.94
-148.094,58.0711#26.14#29.92#43.94
-147.993,58.0693#26.13#29.93#43.94
-147.893,58.0674#26.12#29.99#43.89
-147.793,58.0654#26.12#30.05#43.83
-147.693,58.0633#26.11#30.11#43.78
-147.592,58.0611#26.11#30.17#43.72
-147.492,58.0589#26.1#30.23#43.67
-147.392,58.0565#26.1#30.29#43.61
-147.292,58.054#26.09#30.36#43.55
-147.192,58.0515#26.09#30.42#43.49
-147.092,58.0488#26.09#30.48#43.43
-146.992,58.0461#26.09#30.55#43.36
-146.892,58.0433#26.08#30.61#43.31
-146.792,58.0404#26.08#30.67#43.25
-146.692,58.0373#26.08#30.73#43.19
-146.592,58.0342#26.08#30.79#43.13
-146.492,58.031#26.08#30.86#43.06
-146.392,58.0277#26.08#30.92#43
-146.292,58.0244#26.08#30.99#42.93
-146.192,58.0209#26.08#31.06#42.86
-146.092,58.0173#26.08#31.12#42.8
-145.992,58.0137#26.07#31.19#42.74
-145.892,58.0099#26.07#31.25#42.68
-145.792,58.0061#26.07#31.31#42.62
-145.693,58.0021#26.07#31.38#42.55
-145.593,57.9981#26.07#31.44#42.49
-145.493,57.994#26.07#31.5#42.43
-145.393,57.9898#26.07#31.58#42.35
-145.294,57.9855#26.07#31.65#42.28
-145.194,57.9811#26.07#31.73#42.2
-145.094,57.9766#26.07#31.8#42.13
-144.995,57.972#26.07#31.88#42.05
-144.895,57.9673#26.07#31.98#41.95
-144.796,57.9626#26.07#32.08#41.85
-144.696,57.9577#26.07#32.18#41.75
-144.597,57.9528#26.07#32.28#41.65
-144.497,57.9477#26.07#32.38#41.55
-144.398,57.9426#26.07#32.43#41.5
-144.299,57.9374#26.07#32.49#41.44
-144.199,57.9321#26.07#32.55#41.38
-144.1,57.9267#26.07#32.6#41.33
-144.001,57.9212#26.07#32.66#41.27
-143.901,57.9156#26.07#32.77#41.16
-143.802,57.9099#26.07#32.87#41.06
-143.703,57.9041#26.07#32.97#40.96
-157.199,57.9008#38.91#28.6#32.49
-157.1,57.9074#38.63#28.6#32.77
-157.001,57.9139#38.34#28.61#33.05
-156.902,57.9203#38.07#28.61#33.32
-156.803,57.9266#37.8#28.62#33.58
-156.704,57.9329#37.53#28.62#33.85
-156.604,57.939#37.26#28.62#34.12
-156.505,57.9451#36.99#28.63#34.38
-156.406,57.951#36.73#28.63#34.64
-156.307,57.9569#36.47#28.64#34.89
-156.207,57.9627#36.21#28.64#35.15
-156.108,57.9684#35.95#28.64#35.41
-156.009,57.974#35.69#28.65#35.66
-155.909,57.9795#35.43#28.65#35.92
-155.81,57.9849#35.18#28.66#36.16
-155.71,57.9902#34.93#28.66#36.41
-155.611,57.9954#34.68#28.66#36.66
-155.511,58.0006#34.42#28.67#36.91
-155.411,58.0056#34.18#28.67#37.15
-155.312,58.0106#33.94#28.67#37.39
-155.212,58.0154#33.7#28.68#37.62
-155.112,58.0202#33.46#28.68#37.86
-155.013,58.0249#33.22#28.69#38.09
-154.913,58.0295#33.02#28.69#38.29
-154.813,58.034#32.82#28.69#38.49
-154.713,58.0384#32.63#28.7#38.67
-154.613,58.0427#32.43#28.7#38.87
-154.513,58.0469#32.24#28.71#39.05
-154.414,58.051#32.06#28.71#39.23
-154.314,58.0551#31.87#28.71#39.42
-154.214,58.059#31.69#28.72#39.59
-154.114,58.0628#31.51#28.72#39.77
-154.014,58.0666#31.33#28.73#39.94
-153.914,58.0703#31.22#28.74#40.04
-153.814,58.0738#31.12#28.76#40.12
-153.713,58.0773#31.03#28.78#40.19
-153.613,58.0807#30.93#28.8#40.27
-153.513,58.084#30.83#28.82#40.35
-153.413,58.0872#30.72#28.86#40.42
-153.313,58.0903#30.61#28.9#40.49
-153.213,58.0933#30.5#28.95#40.55
-153.112,58.0963#30.39#28.99#40.62
-153.012,58.0991#30.27#29.03#40.7
-152.912,58.1019#30.16#29.09#40.75
-152.812,58.1045#30.04#29.14#40.82
-152.711,58.1071#29.93#29.19#40.88
-152.611,58.1095#29.81#29.24#40.95
-152.511,58.1119#29.69#29.3#41.01
-152.41,58.1142#29.59#29.33#41.08
-152.31,58.1164#29.5#29.35#41.15
-152.21,58.1184#29.4#29.38#41.22
-152.109,58.1204#29.3#29.4#41.3
-152.009,58.1223#29.21#29.42#41.37
-151.909,58.1242#29.14#29.44#41.42
-151.808,58.1259#29.09#29.45#41.46
-151.708,58.1275#29.03#29.46#41.51
-151.607,58.129#28.97#29.48#41.55
-151.507,58.1305#28.91#29.49#41.6
-151.406,58.1318#28.83#29.5#41.67
-151.306,58.1331#28.74#29.51#41.75
-151.205,58.1343#28.65#29.51#41.84
-151.105,58.1353#28.56#29.52#41.92
-151.004,58.1363#28.47#29.53#42
-150.904,58.1372#28.32#29.53#42.15
-150.803,58.138#28.17#29.54#42.29
-150.703,58.1387#28.02#29.54#42.44
-150.602,58.1393#27.87#29.55#42.58
-150.502,58.1398#27.72#29.55#42.73
-150.401,58.1402#27.55#29.56#42.89
-150.301,58.1405#27.37#29.57#43.06
-150.2,58.1408#27.19#29.57#43.24
-150.1,58.1409#27.02#29.58#43.4
-149.999,58.1409#26.84#29.59#43.57
-149.899,58.1409#26.77#29.61#43.62
-149.798,58.1408#26.7#29.64#43.66
-149.698,58.1405#26.62#29.66#43.72
-149.597,58.1402#26.55#29.69#43.76
-149.497,58.1398#26.48#29.71#43.81
-149.396,58.1393#26.44#29.72#43.84
-149.296,58.1387#26.4#29.73#43.87
-149.195,58.138#26.35#29.74#43.91
-149.095,58.1372#26.31#29.75#43.94
-148.994,58.1363#26.27#29.75#43.98
-148.894,58.1353#26.25#29.77#43.98
-148.793,58.1342#26.23#29.78#43.99
-148.693,58.1331#26.21#29.79#44
-148.592,58.1318#26.19#29.8#44.01
-148.492,58.1305#26.17#29.81#44.02
-148.391,58.129#26.16#29.82#44.02
-148.291,58.1275#26.15#29.84#44.01
-148.191,58.1259#26.14#29.85#44.01
-148.09,58.1241#26.13#29.86#44.01
-147.99,58.1223#26.12#29.87#44.01
-147.889,58.1204#26.12#29.94#43.94
-147.789,58.1184#26.11#30.01#43.88
-147.689,58.1163#26.11#30.07#43.82
-147.588,58.1141#26.1#30.14#43.76
-147.488,58.1119#26.1#30.21#43.69
-147.388,58.1095#26.1#30.27#43.63
-147.287,58.107#26.09#30.34#43.57
-147.187,58.1045#26.09#30.41#43.5
-147.087,58.1018#26.09#30.48#43.43
-146.987,58.0991#26.08#30.55#43.37
-146.886,58.0962#26.08#30.61#43.31
-146.786,58.0933#26.08#30.68#43.24
-146.686,58.0903#26.08#30.74#43.18
-146.586,58.0872#26.08#30.8#43.12
-146.486,58.084#26.08#30.87#43.05
-146.385,58.0807#26.08#30.94#42.98
-146.285,58.0773#26.08#31.01#42.91
-146.185,58.0738#26.08#31.08#42.84
-146.085,58.0702#26.07#31.15#42.78
-145.985,58.0666#26.07#31.21#42.72
-145.885,58.0628#26.07#31.28#42.65
-145.785,58.0589#26.07#31.35#42.58
-145.685,58.055#26.07#31.41#42.52
-145.585,58.051#26.07#31.48#42.45
-145.485,58.0468#26.07#31.54#42.39
-145.385,58.0426#26.07#31.62#42.31
-145.286,58.0383#26.07#31.7#42.23
-145.186,58.0339#26.07#31.77#42.16
-145.086,58.0294#26.07#31.85#42.08
-144.986,58.0248#26.07#31.93#42
-144.886,58.0201#26.07#32.04#41.89
-144.787,58.0154#26.07#32.15#41.78
-144.687,58.0105#26.07#32.25#41.68
-144.587,58.0055#26.07#32.36#41.57
-144.488,58.0005#26.07#32.45#41.48
-144.388,57.9954#26.07#32.5#41.43
-144.289,57.9901#26.07#32.56#41.37
-144.189,57.9848#26.07#32.61#41.32
-144.09,57.9794#26.07#32.66#41.27
-143.99,57.9739#26.07#32.72#41.21
-143.891,57.9683#26.07#32.84#41.09
-143.791,57.9626#26.07#32.95#40.98
-143.692,57.9568#26.07#33.06#40.87
-143.593,57.951#26.07#33.16#40.77
-143.494,57.945#26.07#33.27#40.66
-143.394,57.9389#26.09#33.42#40.49
-143.295,57.9328#26.11#33.57#40.32
-143.196,57.9266#26.13#33.72#40.15
-143.097,57.9202#26.14#33.87#39.99
-142.998,57.9138#26.16#34.01#39.83
-142.899,57.9073#26.22#34.19#39.59
-142.8,57.9007#26.28#34.36#39.36
-157.904,57.9046#41.71#28.58#29.71
-157.805,57.9118#41.26#28.58#30.16
-157.706,57.919#40.8#28.58#30.62
-157.607,57.926#40.34#28.59#31.07
-157.508,57.933#39.88#28.59#31.53
-157.409,57.9399#39.58#28.6#31.82
-157.31,57.9467#39.3#28.6#32.1
-157.211,57.9534#39.01#28.6#32.39
-157.112,57.96#38.73#28.61#32.66
-157.013,57.9665#38.44#28.61#32.95
-156.914,57.9729#38.17#28.62#33.21
-156.815,57.9793#37.9#28.62#33.48
-156.715,57.9855#37.63#28.62#33.75
-156.616,57.9917#37.36#28.63#34.01
-156.517,57.9977#37.09#28.63#34.28
-156.417,58.0037#36.82#28.63#34.55
-156.318,58.0096#36.56#28.64#34.8
-156.218,58.0154#36.3#28.64#35.06
-156.119,58.0211#36.04#28.65#35.31
-156.019,58.0267#35.78#28.65#35.57
-155.919,58.0322#35.53#28.65#35.82
-155.82,58.0376#35.28#28.66#36.06
-155.72,58.043#35.02#28.66#36.32
-155.62,58.0482#34.77#28.67#36.56
-155.521,58.0533#34.52#28.67#36.81
-155.421,58.0584#34.27#28.67#37.06
-155.321,58.0634#34.03#28.68#37.29
-155.221,58.0682#33.79#28.68#37.53
-155.121,58.073#33.54#28.69#37.77
-155.021,58.0777#33.3#28.69#38.01
-154.921,58.0823#33.1#28.69#38.21
-154.821,58.0868#32.9#28.7#38.4
-154.721,58.0912#32.71#28.7#38.59
-154.621,58.0955#32.52#28.71#38.77
-154.521,58.0998#32.32#28.71#38.97
-154.421,58.1039#32.14#28.71#39.15
-154.321,58.1079#31.97#28.72#39.31
-154.221,58.1119#31.79#28.72#39.49
-154.121,58.1158#31.62#28.73#39.65
-154.021,58.1195#31.45#28.73#39.82
-153.92,58.1232#31.33#28.75#39.92
-153.82,58.1268#31.24#28.77#39.99
-153.72,58.1303#31.14#28.79#40.07
-153.62,58.1337#31.04#28.81#40.15
-153.519,58.137#30.94#28.83#40.23
-153.419,58.1402#30.83#28.87#40.3
-153.319,58.1433#30.71#28.92#40.37
-153.218,58.1463#30.58#28.97#40.45
-153.118,58.1492#30.46#29.01#40.53
-153.018,58.1521#30.34#29.06#40.6
-152.917,58.1548#30.21#29.11#40.68
-152.817,58.1575#30.09#29.16#40.75
-152.716,58.1601#29.97#29.22#40.81
-152.616,58.1625#29.84#29.27#40.89
-152.515,58.1649#29.71#29.33#40.96
-152.415,58.1672#29.61#29.35#41.04
-152.314,58.1694#29.51#29.37#41.12
-152.214,58.1715#29.4#29.39#41.21
-152.113,58.1735#29.3#29.41#41.29
-152.013,58.1754#29.2#29.44#41.36
-151.912,58.1772#29.13#29.45#41.42
-151.811,58.1789#29.07#29.46#41.47
-151.711,58.1805#29.01#29.47#41.52
-151.61,58.1821#28.95#29.49#41.56
-151.509,58.1835#28.89#29.5#41.61
-151.409,58.1849#28.8#29.51#41.69
-151.308,58.1861#28.7#29.51#41.79
-151.208,58.1873#28.61#29.52#41.87
-151.107,58.1884#28.51#29.53#41.96
-151.006,58.1894#28.41#29.53#42.06
-150.906,58.1902#28.26#29.54#42.2
-150.805,58.191#28.1#29.54#42.36
-150.704,58.1917#27.95#29.55#42.5
-150.604,58.1923#27.79#29.55#42.66
-150.503,58.1928#27.63#29.55#42.82
-150.402,58.1933#27.46#29.56#42.98
-150.301,58.1936#27.29#29.56#43.15
-150.201,58.1938#27.11#29.57#43.32
-150.1,58.194#26.94#29.57#43.49
-149.999,58.194#26.76#29.58#43.66
-149.899,58.194#26.7#29.6#43.7
-149.798,58.1938#26.64#29.63#43.73
-149.697,58.1936#26.57#29.65#43.78
-149.597,58.1933#26.51#29.67#43.82
-149.496,58.1928#26.45#29.69#43.86
-149.395,58.1923#26.41#29.7#43.89
-149.295,58.1917#26.37#29.7#43.93
-149.194,58.191#26.33#29.7#43.97
-149.093,58.1902#26.29#29.7#44.01
-148.992,58.1893#26.25#29.71#44.04
-148.892,58.1884#26.24#29.72#44.04
-148.791,58.1873#26.22#29.73#44.05
-148.691,58.1861#26.2#29.74#44.06
-148.59,58.1849#26.18#29.75#44.07
-148.489,58.1835#26.16#29.76#44.08
-148.389,58.1821#26.16#29.77#44.07
-148.288,58.1805#26.15#29.78#44.07
-148.187,58.1789#26.14#29.79#44.07
-148.087,58.1772#26.13#29.79#44.08
-147.986,58.1754#26.12#29.81#44.07
-147.886,58.1734#26.11#29.89#44
-147.785,58.1714#26.11#29.96#43.93
-147.685,58.1693#26.1#30.03#43.87
-147.584,58.1671#26.1#30.11#43.79
-147.484,58.1649#26.1#30.18#43.72
-147.383,58.1625#26.09#30.25#43.66
-147.283,58.16#26.09#30.33#43.58
-147.182,58.1575#26.09#30.4#43.51
-147.082,58.1548#26.09#30.47#43.44
-146.981,58.1521#26.08#30.54#43.38
-146.881,58.1492#26.08#30.61#43.31
-146.78,58.1463#26.08#30.68#43.24
-146.68,58.1433#26.08#30.75#43.17
-146.58,58.1401#26.08#30.81#43.11
-146.479,58.1369#26.08#30.88#43.04
-146.379,58.1336#26.08#30.95#42.97
-146.279,58.1302#26.08#31.03#42.89
-146.179,58.1267#26.07#31.1#42.83
-146.078,58.1231#26.07#31.17#42.76
-145.978,58.1195#26.07#31.24#42.69
-145.878,58.1157#26.07#31.31#42.62
-145.778,58.1118#26.07#31.38#42.55
-145.678,58.1079#26.07#31.45#42.48
-145.577,58.1039#26.07#31.51#42.42
-145.477,58.0997#26.07#31.59#42.34
-145.377,58.0955#26.07#31.66#42.27
-145.277,58.0912#26.07#31.74#42.19
-145.177,58.0867#26.07#31.82#42.11
-145.077,58.0822#26.07#31.9#42.03
-144.977,58.0776#26.07#31.98#41.95
-144.877,58.073#26.07#32.1#41.83
-144.778,58.0682#26.07#32.21#41.72
-144.678,58.0633#26.07#32.32#41.61
-144.578,58.0583#26.07#32.43#41.5
-144.478,58.0533#26.07#32.53#41.4
-144.378,58.0481#26.07#32.58#41.35
-144.279,58.0429#26.07#32.62#41.31
-144.179,58.0376#26.07#32.67#41.26
-144.079,58.0321#26.07#32.72#41.21
-143.98,58.0266#26.07#32.79#41.14
-143.88,58.021#26.07#32.91#41.02
-143.781,58.0153#26.07#33.03#40.9
-143.681,58.0095#26.07#33.15#40.78
-143.582,58.0036#26.07#33.26#40.67
-143.482,57.9977#26.07#33.38#40.55
-143.383,57.9916#26.1#33.54#40.36
-143.284,57.9854#26.12#33.69#40.19
-143.184,57.9792#26.14#33.85#40.01
-143.085,57.9729#26.16#34#39.84
-142.986,57.9664#26.19#34.16#39.65
-142.887,57.9599#26.26#34.33#39.41
-142.787,57.9533#26.32#34.51#39.17
-142.688,57.9466#26.38#34.68#38.94
-142.589,57.9398#26.45#34.86#38.69
-142.49,57.9329#26.51#35.03#38.46
-142.391,57.926#26.61#35.21#38.18
-142.292,57.9189#26.71#35.39#37.9
-142.194,57.9117#26.81#35.57#37.62
-142.095,57.9045#26.91#35.75#37.34
-158.609,57.9038#44.21#28.55#27.24
-158.511,57.9116#43.92#28.56#27.52
-158.412,57.9194#43.59#28.56#27.85
-158.313,57.9272#43.27#28.56#28.17
-158.214,57.9348#42.94#28.57#28.49
-158.116,57.9423#42.62#28.57#28.81
-158.017,57.9497#42.3#28.58#29.12
-157.918,57.9571#41.86#28.58#29.56
-157.819,57.9643#41.4#28.58#30.02
-157.72,57.9715#40.94#28.59#30.47
-157.621,57.9786#40.48#28.59#30.93
-157.522,57.9856#40.01#28.59#31.4
-157.422,57.9925#39.69#28.6#31.71
-157.323,57.9993#39.4#28.6#32
-157.224,58.006#39.12#28.61#32.27
-157.125,58.0126#38.83#28.61#32.56
-157.025,58.0191#38.54#28.61#32.85
-156.926,58.0256#38.27#28.62#33.11
-156.826,58.0319#38#28.62#33.38
-156.727,58.0382#37.73#28.63#33.64
-156.627,58.0443#37.45#28.63#33.92
-156.528,58.0504#37.18#28.63#34.19
-156.428,58.0564#36.92#28.64#34.44
-156.329,58.0623#36.66#28.64#34.7
-156.229,58.0681#36.4#28.65#34.95
-156.129,58.0738#36.14#28.65#35.21
-156.03,58.0794#35.88#28.65#35.47
-155.93,58.085#35.62#28.66#35.72
-155.83,58.0904#35.37#28.66#35.97
-155.73,58.0957#35.12#28.66#36.22
-155.63,58.101#34.86#28.67#36.47
-155.53,58.1061#34.61#28.67#36.72
-155.43,58.1112#34.36#28.68#36.96
-155.33,58.1162#34.12#28.68#37.2
-155.23,58.1211#33.88#28.68#37.44
-155.13,58.1258#33.63#28.69#37.68
-155.03,58.1305#33.39#28.69#37.92
-154.93,58.1352#33.18#28.7#38.12
-154.83,58.1397#32.98#28.7#38.32
-154.73,58.1441#32.79#28.7#38.51
-154.63,58.1484#32.6#28.71#38.69
-154.529,58.1527#32.41#28.71#38.88
-154.429,58.1568#32.23#28.72#39.05
-154.329,58.1608#32.06#28.72#39.22
-154.228,58.1648#31.9#28.73#39.37
-154.128,58.1687#31.73#28.73#39.54
-154.028,58.1724#31.56#28.73#39.71
-153.927,58.1761#31.45#28.75#39.8
-153.827,58.1797#31.35#28.78#39.87
-153.726,58.1832#31.25#28.8#39.95
-153.626,58.1866#31.15#28.82#40.03
-153.526,58.1899#31.04#28.85#40.11
-153.425,58.1931#30.92#28.89#40.19
-153.325,58.1963#30.79#28.94#40.27
-153.224,58.1993#30.66#28.99#40.35
-153.123,58.2022#30.52#29.03#40.45
-153.023,58.2051#30.39#29.08#40.53
-152.922,58.2078#30.26#29.13#40.61
-152.822,58.2105#30.13#29.19#40.68
-152.721,58.2131#30#29.24#40.76
-152.62,58.2155#29.87#29.29#40.84
-152.52,58.2179#29.73#29.34#40.93
-152.419,58.2202#29.62#29.37#41.01
-152.318,58.2224#29.52#29.39#41.09
-152.218,58.2245#29.41#29.4#41.19
-152.117,58.2265#29.3#29.42#41.28
-152.016,58.2284#29.19#29.44#41.37
-151.915,58.2302#29.12#29.46#41.42
-151.815,58.232#29.05#29.47#41.48
-151.714,58.2336#28.98#29.48#41.54
-151.613,58.2351#28.91#29.49#41.6
-151.512,58.2366#28.84#29.5#41.66
-151.411,58.2379#28.74#29.51#41.75
-151.311,58.2392#28.64#29.52#41.84
-151.21,58.2404#28.54#29.52#41.94
-151.109,58.2414#28.43#29.53#42.04
-151.008,58.2424#28.33#29.54#42.13
-150.907,58.2433#28.18#29.54#42.28
-150.806,58.2441#28.02#29.54#42.44
-150.705,58.2448#27.86#29.55#42.59
-150.605,58.2454#27.7#29.55#42.75
-150.504,58.2459#27.54#29.56#42.9
-150.403,58.2463#27.38#29.56#43.06
-150.302,58.2467#27.21#29.57#43.22
-150.201,58.2469#27.05#29.57#43.38
-150.1,58.247#26.89#29.58#43.53
-149.999,58.2471#26.73#29.58#43.69
-149.898,58.247#26.67#29.6#43.73
-149.798,58.2469#26.61#29.62#43.77
-149.697,58.2467#26.54#29.63#43.83
-149.596,58.2463#26.48#29.65#43.87
-149.495,58.2459#26.42#29.67#43.91
-149.394,58.2454#26.39#29.67#43.94
-149.293,58.2448#26.35#29.67#43.98
-149.192,58.2441#26.31#29.67#44.02
-149.092,58.2433#26.28#29.66#44.06
-148.991,58.2424#26.24#29.66#44.1
-148.89,58.2414#26.23#29.67#44.1
-148.789,58.2404#26.21#29.67#44.12
-148.688,58.2392#26.19#29.68#44.13
-148.587,58.2379#26.18#29.68#44.14
-148.487,58.2366#26.16#29.69#44.15
-148.386,58.2351#26.15#29.7#44.15
-148.285,58.2336#26.14#29.72#44.14
-148.184,58.2319#26.13#29.73#44.14
-148.083,58.2302#26.12#29.75#44.13
-147.983,58.2284#26.12#29.77#44.11
-147.882,58.2265#26.11#29.85#44.04
-147.781,58.2245#26.11#29.92#43.97
-147.681,58.2224#26.1#30#43.9
-147.58,58.2202#26.1#30.07#43.83
-147.479,58.2179#26.09#30.15#43.76
-147.378,58.2155#26.09#30.23#43.68
-147.278,58.213#26.09#30.3#43.61
-147.177,58.2105#26.09#30.38#43.53
-147.077,58.2078#26.08#30.46#43.46
-146.976,58.205#26.08#30.54#43.38
-146.875,58.2022#26.08#30.61#43.31
-146.775,58.1993#26.08#30.68#43.24
-146.674,58.1962#26.08#30.75#43.17
-146.574,58.1931#26.08#30.82#43.1
-146.473,58.1899#26.08#30.89#43.03
-146.373,58.1866#26.08#30.97#42.95
-146.272,58.1832#26.07#31.04#42.89
-146.172,58.1797#26.07#31.12#42.81
-146.071,58.1761#26.07#31.19#42.74
-145.971,58.1724#26.07#31.26#42.67
-145.871,58.1686#26.07#31.34#42.59
-145.77,58.1648#26.07#31.41#42.52
-145.67,58.1608#26.07#31.48#42.45
-145.57,58.1567#26.07#31.55#42.38
-145.469,58.1526#26.07#31.63#42.3
-145.369,58.1484#26.07#31.71#42.22
-145.269,58.144#26.07#31.79#42.14
-145.169,58.1396#26.07#31.87#42.06
-145.069,58.1351#26.07#31.95#41.98
-144.969,58.1305#26.07#32.04#41.89
-144.868,58.1258#26.07#32.16#41.77
-144.768,58.121#26.07#32.28#41.65
-144.668,58.1161#26.07#32.39#41.54
-144.568,58.1111#26.07#32.51#41.42
-144.468,58.1061#26.07#32.6#41.33
-144.369,58.1009#26.07#32.65#41.28
-144.269,58.0957#26.07#32.69#41.24
-144.169,58.0903#26.07#32.74#41.19
-144.069,58.0849#26.07#32.78#41.15
-143.969,58.0794#26.07#32.86#41.07
-143.869,58.0737#26.07#32.98#40.95
-143.77,58.068#26.07#33.11#40.82
-143.67,58.0622#26.07#33.24#40.69
-143.57,58.0563#26.07#33.36#40.57
-143.471,58.0503#26.08#33.49#40.43
-143.371,58.0443#26.11#33.66#40.23
-143.272,58.0381#26.13#33.82#40.05
-143.172,58.0318#26.16#33.98#39.86
-143.073,58.0255#26.18#34.14#39.68
-142.974,58.0191#26.22#34.3#39.48
-142.874,58.0125#26.29#34.48#39.23
-142.775,58.0059#26.36#34.65#38.99
-142.676,57.9992#26.43#34.83#38.74
-142.576,57.9924#26.5#35#38.5
-142.477,57.9855#26.57#35.18#38.25
-142.378,57.9785#26.68#35.36#37.96
-142.279,57.9714#26.78#35.54#37.68
-142.18,57.9643#26.88#35.72#37.4
-142.081,57.957#26.98#35.9#37.12
-141.982,57.9496#27.08#36.08#36.84
-141.883,57.9422#27.16#36.26#36.58
-141.784,57.9347#27.24#36.45#36.31
-141.686,57.9271#27.32#36.63#36.05
-141.587,57.9194#27.41#36.81#35.78
-141.488,57.9116#27.49#37#35.51
-141.389,57.9037#27.54#37.18#35.28
-159.216,57.9069#45.79#28.54#25.67
-159.117,57.9153#45.61#28.54#25.85
-159.019,57.9236#45.44#28.54#26.02
-158.92,57.9319#45.17#28.55#26.28
-158.822,57.9401#44.88#28.55#26.57
-158.723,57.9482#44.59#28.55#26.86
-158.624,57.9562#44.31#28.56#27.13
-158.525,57.9641#44.02#28.56#27.42
-158.427,57.9719#43.71#28.56#27.73
-158.328,57.9796#43.39#28.57#28.04
-158.229,57.9872#43.07#28.57#28.36
-158.13,57.9948#42.74#28.57#28.69
-158.031,58.0022#42.42#28.58#29
-157.932,58.0096#42.01#28.58#29.41
-157.832,58.0169#41.54#28.59#29.87
-157.733,58.024#41.08#28.59#30.33
-157.634,58.0311#40.61#28.59#30.8
-157.535,58.0381#40.14#28.6#31.26
-157.435,58.045#39.79#28.6#31.61
-157.336,58.0519#39.5#28.61#31.89
-157.236,58.0586#39.22#28.61#32.17
-157.137,58.0652#38.93#28.61#32.46
-157.038,58.0718#38.64#28.62#32.74
-156.938,58.0782#38.36#28.62#33.02
-156.838,58.0846#38.09#28.62#33.29
-156.739,58.0909#37.82#28.63#33.55
-156.639,58.097#37.55#28.63#33.82
-156.539,58.1031#37.28#28.64#34.08
-156.44,58.1091#37.02#28.64#34.34
-156.34,58.115#36.76#28.64#34.6
-156.24,58.1208#36.49#28.65#34.86
-156.14,58.1266#36.23#28.65#35.12
-156.04,58.1322#35.97#28.66#35.37
-155.94,58.1377#35.72#28.66#35.62
-155.84,58.1432#35.46#28.66#35.88
-155.74,58.1485#35.21#28.67#36.12
-155.64,58.1538#34.96#28.67#36.37
-155.54,58.1589#34.71#28.68#36.61
-155.44,58.164#34.46#28.68#36.86
-155.34,58.169#34.21#28.68#37.11
-155.239,58.1739#33.96#28.69#37.35
-155.139,58.1787#33.72#28.69#37.59
-155.039,58.1834#33.47#28.7#37.83
-154.939,58.188#33.26#28.7#38.04
-154.838,58.1925#33.06#28.7#38.24
-154.738,58.197#32.87#28.71#38.42
-154.638,58.2013#32.68#28.71#38.61
-154.537,58.2056#32.48#28.72#38.8
-154.437,58.2097#32.31#28.72#38.97
-154.336,58.2138#32.15#28.73#39.12
-154.236,58.2177#31.98#28.73#39.29
-154.135,58.2216#31.82#28.74#39.44
-154.035,58.2254#31.66#28.75#39.59
-153.934,58.2291#31.54#28.76#39.7
-153.834,58.2327#31.43#28.79#39.78
-153.733,58.2362#31.33#28.82#39.85
-153.632,58.2396#31.22#28.85#39.93
-153.532,58.2429#31.11#28.87#40.02
-153.431,58.2461#30.98#28.91#40.11
-153.33,58.2493#30.84#28.96#40.2
-153.23,58.2523#30.71#29.01#40.28
-153.129,58.2552#30.57#29.06#40.37
-153.028,58.2581#30.43#29.11#40.46
-152.927,58.2608#30.3#29.16#40.54
-152.827,58.2635#30.16#29.21#40.63
-152.726,58.2661#30.03#29.26#40.71
-152.625,58.2686#29.89#29.3#40.81
-152.524,58.2709#29.75#29.35#40.9
-152.423,58.2732#29.64#29.38#40.98
-152.322,58.2754#29.53#29.4#41.07
-152.221,58.2775#29.41#29.41#41.18
-152.121,58.2796#29.3#29.43#41.27
-152.02,58.2815#29.19#29.45#41.36
-151.919,58.2833#29.11#29.46#41.43
-151.818,58.285#29.03#29.48#41.49
-151.717,58.2867#28.95#29.49#41.56
-151.616,58.2882#28.88#29.5#41.62
-151.515,58.2897#28.8#29.51#41.69
-151.414,58.291#28.69#29.52#41.79
-151.313,58.2923#28.58#29.52#41.9
-151.212,58.2934#28.47#29.53#42
-151.111,58.2945#28.36#29.53#42.11
-151.01,58.2955#28.25#29.54#42.21
-150.909,58.2964#28.09#29.54#42.37
-150.808,58.2972#27.93#29.55#42.52
-150.707,58.2979#27.77#29.55#42.68
-150.606,58.2985#27.61#29.56#42.83
-150.505,58.299#27.45#29.56#42.99
-150.404,58.2994#27.29#29.56#43.15
-150.303,58.2998#27.14#29.57#43.29
-150.201,58.3#26.99#29.57#43.44
-150.1,58.3001#26.84#29.58#43.58
-149.999,58.3002#26.69#29.58#43.73
-149.898,58.3001#26.63#29.59#43.78
-149.797,58.3#26.58#29.61#43.81
-149.696,58.2998#26.52#29.62#43.86
-149.595,58.2994#26.46#29.63#43.91
-149.494,58.299#26.4#29.64#43.96
-149.393,58.2985#26.37#29.64#43.99
-149.292,58.2979#26.33#29.63#44.04
-149.191,58.2972#26.3#29.63#44.07
-149.09,58.2964#26.27#29.62#44.11
-148.989,58.2955#26.23#29.62#44.15
-148.888,58.2945#26.22#29.62#44.16
-148.787,58.2934#26.2#29.62#44.18
-148.686,58.2923#26.19#29.62#44.19
-148.585,58.291#26.17#29.62#44.21
-148.484,58.2896#26.15#29.62#44.23
-148.383,58.2882#26.15#29.64#44.21
-148.282,58.2866#26.14#29.66#44.2
-148.181,58.285#26.13#29.68#44.19
-148.08,58.2833#26.12#29.7#44.18
-147.979,58.2814#26.11#29.73#44.16
-147.878,58.2795#26.11#29.81#44.08
-147.777,58.2775#26.1#29.88#44.02
-147.676,58.2754#26.1#29.96#43.94
-147.576,58.2732#26.1#30.03#43.87
-147.475,58.2709#26.09#30.11#43.8
-147.374,58.2685#26.09#30.19#43.72
-147.273,58.2661#26.09#30.28#43.63
-147.172,58.2635#26.09#30.36#43.55
-147.071,58.2608#26.08#30.44#43.48
-146.971,58.2581#26.08#30.52#43.4
-146.87,58.2552#26.08#30.6#43.32
-146.769,58.2523#26.08#30.67#43.25
-146.668,58.2492#26.08#30.75#43.17
-146.568,58.2461#26.08#30.82#43.1
-146.467,58.2429#26.08#30.9#43.02
-146.366,58.2395#26.08#30.97#42.95
-146.266,58.2361#26.07#31.05#42.88
-146.165,58.2326#26.07#31.13#42.8
-146.064,58.229#26.07#31.2#42.73
-145.964,58.2253#26.07#31.28#42.65
-145.863,58.2216#26.07#31.35#42.58
-145.763,58.2177#26.07#31.43#42.5
-145.662,58.2137#26.07#31.51#42.42
-145.562,58.2097#26.07#31.58#42.35
-145.461,58.2055#26.07#31.66#42.27
-145.361,58.2013#26.07#31.74#42.19
-145.261,58.1969#26.07#31.83#42.1
-145.16,58.1925#26.07#31.91#42.02
-145.06,58.188#26.07#31.99#41.94
-144.96,58.1833#26.07#32.09#41.84
-144.859,58.1786#26.07#32.22#41.71
-144.759,58.1738#26.07#32.34#41.59
-144.659,58.1689#26.07#32.46#41.47
-144.559,58.164#26.07#32.59#41.34
-144.459,58.1589#26.07#32.67#41.26
-144.359,58.1537#26.07#32.71#41.22
-144.259,58.1484#26.07#32.76#41.17
-144.159,58.1431#26.07#32.8#41.13
-144.059,58.1376#26.07#32.84#41.09
-143.959,58.1321#26.07#32.92#41.01
-143.859,58.1265#26.07#33.06#40.87
-143.759,58.1208#26.07#33.2#40.73
-143.659,58.1149#26.07#33.33#40.6
-143.559,58.109#26.07#33.46#40.47
-143.459,58.103#26.08#33.61#40.31
-143.36,58.097#26.11#33.78#40.11
-143.26,58.0908#26.15#33.94#39.91
-143.16,58.0845#26.18#34.11#39.71
-143.061,58.0781#26.2#34.28#39.52
-142.961,58.0717#26.25#34.44#39.31
-142.862,58.0651#26.33#34.62#39.05
-142.762,58.0585#26.4#34.8#38.8
-142.663,58.0518#26.48#34.97#38.55
-142.563,58.045#26.55#35.15#38.3
-142.464,58.038#26.63#35.32#38.05
-142.365,58.031#26.74#35.51#37.75
-142.266,58.024#26.85#35.69#37.46
-142.166,58.0168#26.95#35.87#37.18
-142.067,58.0095#27.05#36.05#36.9
-141.968,58.0021#27.15#36.23#36.62
-141.869,57.9947#27.22#36.41#36.37
-141.77,57.9871#27.29#36.6#36.11
-141.671,57.9795#27.37#36.78#35.85
-141.572,57.9718#27.45#36.96#35.59
-141.473,57.964#27.52#37.15#35.33
-141.375,57.9561#27.57#37.34#35.09
-141.276,57.9481#27.61#37.52#34.87
-141.177,57.94#27.66#37.71#34.63
-141.078,57.9318#27.7#37.9#34.4
-140.98,57.9235#27.75#38.08#34.17
-140.881,57.9152#27.76#38.28#33.96
-140.783,57.9067#27.78#38.47#33.75
-159.823,57.9065#46.59#28.53#24.88
-159.724,57.9155#46.51#28.53#24.96
-159.626,57.9244#46.43#28.53#25.04
-159.528,57.9333#46.35#28.53#25.12
-159.429,57.942#46.2#28.53#25.27
-159.331,57.9506#46.02#28.54#25.44
-159.232,57.9592#45.85#28.54#25.61
-159.133,57.9676#45.68#28.54#25.78
-159.035,57.976#45.5#28.55#25.95
-158.936,57.9843#45.26#28.55#26.19
-158.837,57.9925#44.97#28.55#26.48
-158.738,58.0006#44.69#28.56#26.75
-158.639,58.0086#44.41#28.56#27.03
-158.54,58.0165#44.13#28.56#27.31
-158.441,58.0243#43.82#28.57#27.61
-158.342,58.0321#43.5#28.57#27.93
-158.243,58.0397#43.19#28.57#28.24
-158.144,58.0473#42.87#28.58#28.55
-158.045,58.0547#42.55#28.58#28.87
-157.945,58.0621#42.15#28.58#29.27
-157.846,58.0694#41.69#28.59#29.72
-157.747,58.0766#41.22#28.59#30.19
-157.647,58.0837#40.74#28.6#30.66
-157.548,58.0907#40.27#28.6#31.13
-157.448,58.0976#39.89#28.6#31.51
-157.349,58.1045#39.61#28.61#31.78
-157.249,58.1112#39.32#28.61#32.07
-157.149,58.1179#39.03#28.62#32.35
-157.05,58.1244#38.74#28.62#32.64
-156.95,58.1309#38.46#28.62#32.92
-156.85,58.1373#38.19#28.63#33.18
-156.75,58.1435#37.92#28.63#33.45
-156.651,58.1497#37.65#28.64#33.71
-156.551,58.1558#37.38#28.64#33.98
-156.451,58.1618#37.11#28.64#34.25
-156.351,58.1677#36.85#28.65#34.5
-156.251,58.1736#36.59#28.65#34.76
-156.151,58.1793#36.33#28.66#35.01
-156.051,58.1849#36.07#28.66#35.27
-155.951,58.1905#35.81#28.66#35.53
-155.85,58.1959#35.56#28.67#35.77
-155.75,58.2013#35.3#28.67#36.03
-155.65,58.2066#35.05#28.67#36.28
-155.55,58.2118#34.8#28.68#36.52
-155.449,58.2169#34.55#28.68#36.77
-155.349,58.2218#34.3#28.69#37.01
-155.249,58.2267#34.05#28.69#37.26
-155.148,58.2316#33.81#28.69#37.5
-155.048,58.2363#33.56#28.7#37.74
-154.947,58.2409#33.34#28.7#37.96
-154.847,58.2454#33.14#28.71#38.15
-154.746,58.2499#32.95#28.71#38.34
-154.646,58.2542#32.75#28.71#38.54
-154.545,58.2585#32.55#28.72#38.73
-154.445,58.2626#32.38#28.72#38.9
-154.344,58.2667#32.22#28.73#39.05
-154.243,58.2707#32.07#28.74#39.19
-154.143,58.2746#31.92#28.75#39.33
-154.042,58.2783#31.76#28.76#39.48
-153.941,58.282#31.63#28.78#39.59
-153.84,58.2856#31.52#28.81#39.67
-153.74,58.2892#31.4#28.84#39.76
-153.639,58.2926#31.29#28.87#39.84
-153.538,58.2959#31.17#28.9#39.93
-153.437,58.2991#31.04#28.94#40.02
-153.336,58.3023#30.9#28.99#40.11
-153.235,58.3053#30.76#29.04#40.2
-153.134,58.3083#30.62#29.09#40.29
-153.033,58.3111#30.48#29.14#40.38
-152.933,58.3139#30.34#29.18#40.48
-152.832,58.3165#30.2#29.23#40.57
-152.731,58.3191#30.05#29.27#40.68
-152.63,58.3216#29.91#29.32#40.77
-152.529,58.324#29.77#29.36#40.87
-152.427,58.3263#29.65#29.39#40.96
-152.326,58.3285#29.53#29.41#41.06
-152.225,58.3306#29.42#29.42#41.16
-152.124,58.3326#29.3#29.44#41.26
-152.023,58.3345#29.19#29.46#41.35
-151.922,58.3364#29.1#29.47#41.43
-151.821,58.3381#29.01#29.48#41.51
-151.72,58.3397#28.93#29.49#41.58
-151.619,58.3413#28.84#29.5#41.66
-151.517,58.3427#28.75#29.51#41.74
-151.416,58.3441#28.64#29.52#41.84
-151.315,58.3454#28.52#29.53#41.95
-151.214,58.3465#28.4#29.53#42.07
-151.113,58.3476#28.28#29.54#42.18
-151.012,58.3486#28.17#29.54#42.29
-150.91,58.3495#28.01#29.55#42.44
-150.809,58.3503#27.84#29.55#42.61
-150.708,58.351#27.68#29.56#42.76
-150.607,58.3516#27.52#29.56#42.92
-150.506,58.3521#27.35#29.56#43.09
-150.404,58.3525#27.21#29.57#43.22
-150.303,58.3529#27.07#29.57#43.36
-150.202,58.3531#26.93#29.57#43.5
-150.101,58.3532#26.8#29.58#43.62
-149.999,58.3533#26.66#29.58#43.76
-149.898,58.3532#26.6#29.59#43.81
-149.797,58.3531#26.55#29.6#43.85
-149.696,58.3529#26.49#29.61#43.9
-149.594,58.3525#26.43#29.61#43.96
-149.493,58.3521#26.38#29.62#44
-149.392,58.3516#26.35#29.61#44.04
-149.291,58.351#26.32#29.6#44.08
-149.19,58.3503#26.29#29.59#44.12
-149.088,58.3495#26.25#29.58#44.17
-148.987,58.3486#26.22#29.58#44.2
-148.886,58.3476#26.21#29.57#44.22
-148.785,58.3465#26.19#29.57#44.24
-148.684,58.3454#26.18#29.56#44.26
-148.582,58.3441#26.16#29.56#44.28
-148.481,58.3427#26.15#29.56#44.29
-148.38,58.3413#26.14#29.58#44.28
-148.279,58.3397#26.13#29.61#44.26
-148.178,58.3381#26.12#29.63#44.25
-148.077,58.3363#26.12#29.66#44.22
-147.976,58.3345#26.11#29.69#44.2
-147.874,58.3326#26.11#29.77#44.12
-147.773,58.3306#26.1#29.84#44.06
-147.672,58.3285#26.1#29.92#43.98
-147.571,58.3263#26.09#29.99#43.92
-147.47,58.324#26.09#30.07#43.84
-147.369,58.3216#26.09#30.16#43.75
-147.268,58.3191#26.09#30.25#43.66
-147.167,58.3165#26.08#30.34#43.58
-147.066,58.3138#26.08#30.42#43.5
