-152.023,62.9002#27.56#29.16#43.28
-151.904,62.902#27.67#29.15#43.18
-151.785,62.9038#27.8#29.14#43.06
-151.666,62.9054#27.93#29.12#42.95
-151.547,62.9069#28.06#29.11#42.83
-151.428,62.9083#28.19#29.1#42.71
-151.309,62.9096#28.34#29.1#42.56
-151.19,62.9108#28.49#29.1#42.41
-151.071,62.9119#28.63#29.1#42.27
-150.952,62.9128#28.73#29.1#42.17
-150.833,62.9137#28.74#29.1#42.16
-150.714,62.9144#28.75#29.1#42.15
-150.595,62.915#28.77#29.11#42.12
-150.476,62.9155#28.76#29.11#42.13
-150.357,62.9159#28.65#29.11#42.24
-150.237,62.9162#28.54#29.12#42.34
-150.118,62.9164#28.43#29.13#42.44
-149.999,62.9164#28.32#29.13#42.55
-149.88,62.9164#28.14#29.15#42.71
-149.761,62.9162#27.96#29.18#42.86
-149.642,62.9159#27.79#29.2#43.01
-149.523,62.9155#27.61#29.22#43.17
-149.404,62.915#27.42#29.27#43.31
-149.285,62.9144#27.23#29.32#43.45
-149.165,62.9137#27.04#29.38#43.58
-149.046,62.9128#26.85#29.43#43.72
-148.927,62.9119#26.72#29.5#43.78
-148.808,62.9108#26.62#29.58#43.8
-148.689,62.9096#26.52#29.65#43.83
-148.57,62.9083#26.42#29.73#43.85
-148.451,62.9069#26.35#29.81#43.84
-148.332,62.9054#26.33#29.88#43.79
-148.213,62.9038#26.31#29.95#43.74
-148.094,62.902#26.28#30.02#43.7
-147.975,62.9001#26.27#30.09#43.64
-154.17,62.9016#29.5#30.4#40.1
-154.051,62.9055#29.2#30.37#40.43
-153.932,62.9093#28.94#30.32#40.74
-153.813,62.9129#28.72#30.24#41.04
-153.695,62.9165#28.5#30.16#41.34
-153.576,62.9199#28.28#30.07#41.65
-153.457,62.9232#28.08#29.98#41.94
-153.338,62.9264#27.93#29.87#42.2
-153.219,62.9295#27.78#29.75#42.47
-153.1,62.9325#27.63#29.64#42.73
-152.981,62.9354#27.49#29.53#42.98
-152.862,62.9382#27.44#29.46#43.1
-152.743,62.9408#27.38#29.38#43.24
-152.624,62.9434#27.32#29.31#43.37
-152.504,62.9458#27.27#29.24#43.49
-152.385,62.9481#27.31#29.21#43.48
-152.266,62.9503#27.36#29.18#43.46
-152.147,62.9524#27.41#29.16#43.43
-152.028,62.9544#27.46#29.13#43.41
-151.908,62.9562#27.57#29.11#43.32
-151.789,62.958#27.7#29.1#43.2
-151.67,62.9596#27.82#29.09#43.09
-151.551,62.9611#27.94#29.08#42.98
-151.431,62.9626#28.09#29.07#42.84
-151.312,62.9639#28.25#29.07#42.68
-151.193,62.965#28.41#29.07#42.52
-151.073,62.9661#28.57#29.07#42.36
-150.954,62.9671#28.68#29.07#42.25
-150.835,62.9679#28.72#29.07#42.21
-150.715,62.9687#28.75#29.07#42.18
-150.596,62.9693#28.79#29.08#42.13
-150.477,62.9698#28.8#29.08#42.12
-150.357,62.9702#28.7#29.08#42.22
-150.238,62.9705#28.59#29.09#42.32
-150.119,62.9706#28.49#29.09#42.42
-149.999,62.9707#28.38#29.1#42.52
-149.88,62.9706#28.22#29.13#42.65
-149.761,62.9705#28.05#29.15#42.8
-149.641,62.9702#27.88#29.18#42.94
-149.522,62.9698#27.71#29.2#43.09
-149.402,62.9693#27.52#29.26#43.22
-149.283,62.9686#27.32#29.31#43.37
-149.164,62.9679#27.12#29.37#43.51
-149.044,62.9671#26.92#29.43#43.65
-148.925,62.9661#26.77#29.5#43.73
-148.806,62.965#26.66#29.58#43.76
-148.686,62.9638#26.56#29.66#43.78
-148.567,62.9625#26.45#29.74#43.81
-148.448,62.9611#26.38#29.81#43.81
-148.329,62.9596#26.35#29.88#43.77
-148.209,62.958#26.33#29.94#43.73
-148.09,62.9562#26.31#30.01#43.68
-147.971,62.9544#26.3#30.07#43.63
-147.852,62.9524#26.33#30.13#43.54
-147.732,62.9503#26.37#30.18#43.45
-147.613,62.9481#26.4#30.24#43.36
-147.494,62.9458#26.44#30.29#43.27
-147.375,62.9433#26.52#30.34#43.14
-147.256,62.9408#26.59#30.39#43.02
-147.137,62.9381#26.67#30.44#42.89
-147.018,62.9354#26.74#30.48#42.78
-146.899,62.9325#26.81#30.53#42.66
-146.78,62.9295#26.87#30.57#42.56
-146.661,62.9264#26.93#30.61#42.46
-146.542,62.9232#27#30.66#42.34
-146.423,62.9199#27.05#30.67#42.28
-146.304,62.9164#27.09#30.67#42.24
-146.185,62.9129#27.12#30.67#42.21
-146.066,62.9092#27.16#30.67#42.17
-145.947,62.9054#27.19#30.64#42.17
-145.829,62.9015#27.2#30.57#42.23
-155.603,62.9002#33.01#30.41#36.58
-155.485,62.9054#32.71#30.42#36.87
-155.366,62.9106#32.45#30.42#37.13
-155.248,62.9156#32.2#30.43#37.37
-155.129,62.9205#31.94#30.44#37.62
-155.01,62.9253#31.69#30.44#37.87
-154.892,62.9299#31.37#30.44#38.19
-154.773,62.9345#31.04#30.45#38.51
-154.654,62.939#30.71#30.45#38.84
-154.535,62.9433#30.39#30.45#39.16
-154.416,62.9476#30.07#30.44#39.49
-154.297,62.9517#29.77#30.41#39.82
-154.178,62.9557#29.46#30.38#40.16
-154.059,62.9596#29.15#30.34#40.51
-153.94,62.9634#28.89#30.28#40.83
-153.821,62.967#28.67#30.2#41.13
-153.702,62.9706#28.45#30.11#41.44
-153.583,62.974#28.23#30.02#41.75
-153.464,62.9774#28.03#29.92#42.05
-153.345,62.9806#27.88#29.8#42.32
-153.226,62.9837#27.73#29.69#42.58
-153.106,62.9867#27.58#29.57#42.85
-152.987,62.9896#27.43#29.46#43.11
-152.868,62.9924#27.37#29.39#43.24
-152.748,62.995#27.31#29.33#43.36
-152.629,62.9976#27.25#29.26#43.49
-152.51,63#27.18#29.2#43.62
-152.39,63.0023#27.22#29.17#43.61
-152.271,63.0045#27.27#29.15#43.58
-152.151,63.0066#27.32#29.12#43.56
-152.032,63.0086#27.37#29.09#43.54
-151.912,63.0105#27.47#29.08#43.45
-151.793,63.0122#27.59#29.07#43.34
-151.673,63.0139#27.71#29.06#43.23
-151.554,63.0154#27.83#29.05#43.12
-151.434,63.0168#27.98#29.04#42.98
-151.315,63.0181#28.15#29.04#42.81
-151.195,63.0193#28.32#29.04#42.64
-151.076,63.0204#28.5#29.04#42.46
-150.956,63.0213#28.63#29.04#42.33
-150.837,63.0222#28.69#29.04#42.27
-150.717,63.0229#28.75#29.04#42.21
-150.597,63.0235#28.81#29.05#42.14
-150.478,63.024#28.84#29.05#42.11
-150.358,63.0244#28.74#29.05#42.21
-150.238,63.0247#28.64#29.06#42.3
-150.119,63.0249#28.55#29.06#42.39
-149.999,63.0249#28.45#29.07#42.48
-149.88,63.0249#28.29#29.1#42.61
-149.76,63.0247#28.13#29.13#42.74
-149.64,63.0244#27.97#29.15#42.88
-149.521,63.024#27.81#29.18#43.01
-149.401,63.0235#27.61#29.24#43.15
-149.282,63.0229#27.4#29.3#43.3
-149.162,63.0222#27.19#29.36#43.45
-149.042,63.0213#26.98#29.42#43.6
-148.923,63.0203#26.83#29.5#43.67
-148.803,63.0193#26.71#29.58#43.71
-148.684,63.0181#26.59#29.66#43.75
-148.564,63.0168#26.47#29.74#43.79
-148.445,63.0154#26.4#29.81#43.79
-148.325,63.0138#26.38#29.88#43.74
-148.206,63.0122#26.35#29.94#43.71
-148.086,63.0104#26.33#30#43.67
-147.967,63.0086#26.33#30.06#43.61
-147.847,63.0066#26.36#30.12#43.52
-147.728,63.0045#26.4#30.17#43.43
-147.608,63.0023#26.44#30.22#43.34
-147.489,63#26.48#30.27#43.25
-147.369,62.9975#26.56#30.32#43.12
-147.25,62.995#26.64#30.37#42.99
-147.131,62.9923#26.71#30.41#42.88
-147.012,62.9895#26.79#30.46#42.75
-146.892,62.9867#26.85#30.5#42.65
-146.773,62.9837#26.91#30.54#42.55
-146.654,62.9806#26.96#30.58#42.46
-146.535,62.9773#27.02#30.62#42.36
-146.415,62.974#27.07#30.63#42.3
-146.296,62.9705#27.1#30.62#42.28
-146.177,62.967#27.14#30.61#42.25
-146.058,62.9633#27.18#30.6#42.22
-145.939,62.9595#27.2#30.56#42.24
-145.82,62.9556#27.21#30.47#42.32
-145.701,62.9516#27.22#30.39#42.39
-145.582,62.9475#27.23#30.31#42.46
-145.463,62.9433#27.23#30.24#42.53
-145.344,62.9389#27.2#30.19#42.61
-145.226,62.9345#27.17#30.14#42.69
-145.107,62.9299#27.14#30.09#42.77
-144.988,62.9252#27.11#30.05#42.84
-144.869,62.9204#27.05#30.1#42.85
-144.751,62.9155#26.99#30.14#42.87
-144.632,62.9105#26.93#30.19#42.88
-144.514,62.9054#26.87#30.23#42.9
-144.395,62.9001#26.83#30.3#42.87
-156.681,62.9019#35.75#30.3#33.95
-156.563,62.9081#35.45#30.32#34.23
-156.445,62.9143#35.14#30.34#34.52
-156.326,62.9203#34.83#30.35#34.82
-156.208,62.9262#34.52#30.36#35.12
-156.09,62.932#34.21#30.37#35.42
-155.971,62.9377#33.9#30.38#35.72
-155.852,62.9433#33.59#30.39#36.02
-155.734,62.9488#33.29#30.4#36.31
-155.615,62.9542#32.98#30.41#36.61
-155.496,62.9594#32.68#30.41#36.91
-155.377,62.9646#32.43#30.42#37.15
-155.259,62.9696#32.17#30.42#37.41
-155.14,62.9745#31.91#30.43#37.66
-155.021,62.9793#31.65#30.43#37.92
-154.902,62.984#31.34#30.44#38.22
-154.783,62.9886#31.01#30.44#38.55
-154.664,62.993#30.68#30.44#38.88
-154.545,62.9974#30.36#30.45#39.19
-154.426,63.0016#30.04#30.42#39.54
-154.306,63.0058#29.73#30.39#39.88
-154.187,63.0098#29.42#30.35#40.23
-154.068,63.0137#29.11#30.32#40.57
-153.949,63.0175#28.84#30.25#40.91
-153.829,63.0212#28.62#30.16#41.22
-153.71,63.0247#28.4#30.06#41.54
-153.591,63.0282#28.18#29.96#41.86
-153.471,63.0315#27.98#29.86#42.16
-153.352,63.0348#27.82#29.74#42.44
-153.232,63.0379#27.67#29.62#42.71
-153.113,63.0409#27.52#29.5#42.98
-152.993,63.0438#27.38#29.39#43.23
-152.874,63.0465#27.31#29.33#43.36
-152.754,63.0492#27.24#29.27#43.49
-152.635,63.0518#27.17#29.22#43.61
-152.515,63.0542#27.1#29.16#43.74
-152.395,63.0565#27.13#29.13#43.74
-152.276,63.0587#27.18#29.11#43.71
-152.156,63.0608#27.23#29.08#43.69
-152.036,63.0628#27.28#29.06#43.66
-151.916,63.0647#27.38#29.04#43.58
-151.797,63.0664#27.49#29.04#43.47
-151.677,63.0681#27.6#29.03#43.37
-151.557,63.0696#27.72#29.02#43.26
-151.437,63.071#27.87#29.01#43.12
-151.318,63.0723#28.05#29.01#42.94
-151.198,63.0735#28.24#29.01#42.75
-151.078,63.0746#28.43#29.01#42.56
-150.958,63.0756#28.58#29.01#42.41
-150.838,63.0764#28.67#29.01#42.32
-150.718,63.0772#28.75#29.01#42.24
-150.599,63.0778#28.83#29.02#42.15
-150.479,63.0783#28.88#29.02#42.1
-150.359,63.0787#28.79#29.02#42.19
-150.239,63.079#28.7#29.03#42.27
-150.119,63.0791#28.6#29.03#42.37
-149.999,63.0792#28.51#29.04#42.45
-149.879,63.0791#28.36#29.07#42.57
-149.76,63.079#28.21#29.1#42.69
-149.64,63.0787#28.07#29.13#42.8
-149.52,63.0783#27.92#29.16#42.92
-149.4,63.0778#27.71#29.22#43.07
-149.28,63.0772#27.49#29.29#43.22
-149.16,63.0764#27.27#29.35#43.38
-149.04,63.0756#27.05#29.42#43.53
-148.921,63.0746#26.89#29.5#43.61
-148.801,63.0735#26.76#29.58#43.66
-148.681,63.0723#26.63#29.66#43.71
-148.561,63.071#26.5#29.74#43.76
-148.441,63.0696#26.42#29.82#43.76
-148.322,63.0681#26.4#29.87#43.73
-148.202,63.0664#26.38#29.93#43.69
-148.082,63.0647#26.36#29.99#43.65
-147.962,63.0628#26.35#30.05#43.6
-147.843,63.0608#26.4#30.1#43.5
-147.723,63.0587#26.44#30.15#43.41
-147.603,63.0565#26.48#30.2#43.32
-147.484,63.0542#26.52#30.26#43.22
-147.364,63.0517#26.6#30.3#43.1
-147.244,63.0492#26.68#30.34#42.98
-147.125,63.0465#26.76#30.39#42.85
-147.005,63.0437#26.84#30.43#42.73
-146.886,63.0408#26.89#30.47#42.64
-146.766,63.0378#26.94#30.51#42.55
-146.647,63.0347#26.99#30.55#42.46
-146.527,63.0315#27.05#30.59#42.36
-146.408,63.0281#27.09#30.58#42.33
-146.289,63.0247#27.12#30.56#42.32
-146.169,63.0211#27.16#30.54#42.3
-146.05,63.0174#27.19#30.53#42.28
-145.931,63.0136#27.21#30.46#42.33
-145.811,63.0097#27.22#30.37#42.41
-145.692,63.0057#27.22#30.27#42.51
-145.573,63.0016#27.23#30.18#42.59
-145.454,62.9973#27.22#30.11#42.67
-145.335,62.993#27.18#30.05#42.77
-145.216,62.9885#27.15#30#42.85
-145.097,62.9839#27.11#29.95#42.94
-144.978,62.9792#27.07#29.91#43.02
-144.859,62.9744#27.01#29.97#43.02
-144.74,62.9695#26.95#30.02#43.03
-144.621,62.9645#26.89#30.07#43.04
-144.502,62.9594#26.83#30.12#43.05
-144.383,62.9541#26.79#30.19#43.02
-144.265,62.9487#26.76#30.27#42.97
-144.146,62.9433#26.72#30.35#42.93
-144.028,62.9377#26.68#30.43#42.89
-143.909,62.932#26.66#30.53#42.81
-143.791,62.9262#26.65#30.63#42.72
-143.672,62.9202#26.64#30.74#42.62
-143.554,62.9142#26.62#30.84#42.54
-143.435,62.9081#26.62#30.96#42.42
-143.317,62.9018#26.61#31.08#42.31
-157.641,62.9016#38.03#30#31.97
-157.523,62.9088#37.75#30.06#32.19
-157.405,62.9158#37.46#30.1#32.44
-157.287,62.9227#37.17#30.15#32.68
-157.169,62.9296#36.88#30.19#32.93
-157.051,62.9363#36.59#30.23#33.18
-156.932,62.9429#36.29#30.26#33.45
-156.814,62.9494#35.99#30.28#33.73
-156.695,62.9557#35.69#30.3#34.01
-156.577,62.962#35.4#30.32#34.28
-156.458,62.9682#35.09#30.33#34.58
-156.34,62.9742#34.78#30.34#34.88
-156.221,62.9802#34.47#30.36#35.17
-156.102,62.986#34.16#30.37#35.47
-155.983,62.9917#33.85#30.38#35.77
-155.865,62.9973#33.56#30.38#36.06
-155.746,63.0028#33.26#30.39#36.35
-155.627,63.0082#32.96#30.4#36.64
-155.508,63.0134#32.67#30.4#36.93
-155.389,63.0186#32.4#30.41#37.19
-155.27,63.0236#32.14#30.41#37.45
-155.15,63.0285#31.88#30.42#37.7
-155.031,63.0333#31.62#30.42#37.96
-154.912,63.038#31.31#30.43#38.26
-154.793,63.0426#30.98#30.43#38.59
-154.674,63.0471#30.65#30.43#38.92
-154.554,63.0515#30.33#30.44#39.23
-154.435,63.0557#30.01#30.41#39.58
-154.315,63.0599#29.7#30.37#39.93
-154.196,63.0639#29.38#30.33#40.29
-154.076,63.0678#29.07#30.29#40.64
-153.957,63.0716#28.79#30.22#40.99
-153.837,63.0753#28.57#30.12#41.31
-153.718,63.0789#28.35#30.02#41.63
-153.598,63.0823#28.13#29.91#41.96
-153.478,63.0857#27.92#29.8#42.28
-153.359,63.0889#27.77#29.68#42.55
-153.239,63.0921#27.62#29.56#42.82
-153.119,63.0951#27.47#29.44#43.09
-153,63.098#27.32#29.31#43.37
-152.88,63.1007#27.25#29.26#43.49
-152.76,63.1034#27.17#29.22#43.61
-152.64,63.106#27.09#29.17#43.74
-152.52,63.1084#27.02#29.12#43.86
-152.4,63.1107#27.04#29.09#43.87
-152.28,63.113#27.09#29.07#43.84
-152.16,63.1151#27.14#29.05#43.81
-152.04,63.1171#27.19#29.02#43.79
-151.92,63.1189#27.28#29.01#43.71
-151.8,63.1207#27.39#29#43.61
-151.68,63.1223#27.49#28.99#43.52
-151.56,63.1239#27.6#28.99#43.41
-151.44,63.1253#27.76#28.98#43.26
-151.32,63.1266#27.96#28.98#43.06
-151.2,63.1278#28.16#28.98#42.86
-151.08,63.1289#28.36#28.98#42.66
-150.96,63.1298#28.53#28.98#42.49
-150.84,63.1307#28.64#28.98#42.38
-150.72,63.1314#28.74#28.98#42.28
-150.6,63.1321#28.85#28.99#42.16
-150.48,63.1326#28.92#28.99#42.09
-150.36,63.133#28.84#28.99#42.17
-150.239,63.1333#28.75#29#42.25
-150.119,63.1334#28.66#29#42.34
-149.999,63.1335#28.57#29.01#42.42
-149.879,63.1334#28.44#29.04#42.52
-149.759,63.1332#28.3#29.08#42.62
-149.639,63.133#28.16#29.11#42.73
-149.519,63.1326#28.02#29.14#42.84
-149.399,63.1321#27.81#29.21#42.98
-149.279,63.1314#27.57#29.28#43.15
-149.158,63.1307#27.34#29.35#43.31
-149.038,63.1298#27.11#29.42#43.47
-148.918,63.1289#26.94#29.5#43.56
-148.798,63.1278#26.8#29.58#43.62
-148.678,63.1266#26.66#29.66#43.68
-148.558,63.1253#26.52#29.75#43.73
-148.438,63.1239#26.45#29.82#43.73
-148.318,63.1223#26.42#29.87#43.71
-148.198,63.1207#26.4#29.93#43.67
-148.078,63.1189#26.38#29.99#43.63
-147.958,63.117#26.38#30.04#43.58
-147.838,63.115#26.43#30.09#43.48
-147.718,63.1129#26.47#30.14#43.39
-147.598,63.1107#26.51#30.19#43.3
-147.478,63.1084#26.56#30.24#43.2
-147.358,63.1059#26.64#30.28#43.08
-147.239,63.1034#26.72#30.32#42.96
-147.119,63.1007#26.81#30.37#42.82
-146.999,63.0979#26.89#30.41#42.7
-146.879,63.095#26.93#30.45#42.62
-146.759,63.092#26.98#30.48#42.54
-146.64,63.0889#27.02#30.52#42.46
-146.52,63.0857#27.07#30.56#42.37
-146.4,63.0823#27.11#30.54#42.35
-146.281,63.0788#27.14#30.51#42.35
-146.161,63.0753#27.18#30.48#42.34
-146.042,63.0716#27.21#30.45#42.34
-145.922,63.0678#27.22#30.37#42.41
-145.803,63.0639#27.22#30.26#42.52
-145.683,63.0598#27.22#30.16#42.62
-145.564,63.0557#27.22#30.05#42.73
-145.444,63.0514#27.21#29.97#42.82
-145.325,63.0471#27.17#29.91#42.92
-145.206,63.0426#27.13#29.86#43.01
-145.086,63.038#27.09#29.8#43.11
-144.967,63.0333#27.04#29.78#43.18
-144.848,63.0285#26.98#29.83#43.19
-144.729,63.0235#26.91#29.89#43.2
-144.61,63.0185#26.85#29.95#43.2
-144.491,63.0133#26.79#30.01#43.2
-144.372,63.0081#26.76#30.08#43.16
-144.253,63.0027#26.73#30.16#43.11
-144.134,62.9972#26.7#30.24#43.06
-144.015,62.9916#26.66#30.32#43.02
-143.896,62.9859#26.65#30.42#42.93
-143.778,62.9801#26.64#30.52#42.84
-143.659,62.9741#26.63#30.63#42.74
-143.54,62.9681#26.62#30.73#42.65
-143.422,62.9619#26.61#30.85#42.54
-143.303,62.9557#26.61#30.98#42.41
-143.185,62.9493#26.6#31.1#42.3
-143.066,62.9428#26.6#31.23#42.17
-142.948,62.9362#26.6#31.37#42.03
-142.83,62.9295#26.6#31.54#41.86
-142.711,62.9227#26.6#31.7#41.7
-142.593,62.9157#26.6#31.86#41.54
-142.475,62.9087#26.61#32.02#41.37
-142.357,62.9015#26.61#32.18#41.21
-158.483,62.9021#39.96#29.63#30.41
-158.365,62.91#39.66#29.68#30.66
-158.248,62.9178#39.37#29.73#30.9
-158.13,62.9256#39.08#29.77#31.15
-158.012,62.9332#38.79#29.82#31.39
-157.894,62.9407#38.51#29.88#31.61
-157.775,62.9481#38.23#29.94#31.83
-157.657,62.9554#37.95#30#32.05
-157.539,62.9625#37.67#30.07#32.26
-157.421,62.9696#37.38#30.11#32.51
-157.302,62.9765#37.09#30.15#32.76
-157.184,62.9834#36.81#30.19#33
-157.065,62.9901#36.52#30.23#33.25
-156.947,62.9967#36.23#30.26#33.51
-156.828,63.0032#35.93#30.28#33.79
-156.709,63.0096#35.64#30.29#34.07
-156.591,63.0159#35.34#30.31#34.35
-156.472,63.0221#35.04#30.33#34.63
-156.353,63.0281#34.73#30.34#34.93
-156.234,63.0341#34.43#30.35#35.22
-156.115,63.0399#34.12#30.36#35.52
-155.996,63.0456#33.81#30.37#35.82
-155.877,63.0513#33.52#30.38#36.1
-155.758,63.0568#33.23#30.38#36.39
-155.638,63.0621#32.94#30.39#36.67
-155.519,63.0674#32.65#30.4#36.95
-155.4,63.0726#32.38#30.4#37.22
-155.281,63.0776#32.12#30.41#37.47
-155.161,63.0826#31.85#30.41#37.74
-155.042,63.0874#31.59#30.41#38
-154.922,63.0921#31.28#30.42#38.3
-154.803,63.0967#30.95#30.42#38.63
-154.683,63.1012#30.63#30.42#38.95
-154.564,63.1056#30.3#30.43#39.27
-154.444,63.1098#29.97#30.41#39.62
-154.324,63.114#29.66#30.36#39.98
-154.205,63.118#29.34#30.31#40.35
-154.085,63.122#29.03#30.26#40.71
-153.965,63.1258#28.74#30.19#41.07
-153.845,63.1295#28.52#30.08#41.4
-153.726,63.133#28.3#29.97#41.73
-153.606,63.1365#28.08#29.86#42.06
-153.486,63.1399#27.87#29.74#42.39
-153.366,63.1431#27.72#29.62#42.66
-153.246,63.1462#27.57#29.5#42.93
-153.126,63.1493#27.42#29.37#43.21
-153.006,63.1522#27.27#29.25#43.48
-152.886,63.155#27.19#29.2#43.61
-152.766,63.1576#27.11#29.16#43.73
-152.646,63.1602#27.03#29.12#43.85
-152.525,63.1626#26.95#29.08#43.97
-152.405,63.165#26.97#29.05#43.98
-152.285,63.1672#27.01#29.03#43.96
-152.165,63.1693#27.06#29.01#43.93
-152.045,63.1713#27.1#28.99#43.91
-151.924,63.1732#27.19#28.98#43.83
-151.804,63.1749#27.29#28.97#43.74
-151.684,63.1766#27.4#28.96#43.64
-151.564,63.1781#27.5#28.95#43.55
-151.443,63.1796#27.66#28.95#43.39
-151.323,63.1809#27.86#28.95#43.19
-151.203,63.1821#28.06#28.95#42.99
-151.082,63.1832#28.27#28.95#42.78
-150.962,63.1841#28.44#28.95#42.61
-150.842,63.185#28.56#28.95#42.49
-150.721,63.1857#28.69#28.95#42.36
-150.601,63.1863#28.81#28.95#42.24
-150.481,63.1869#28.9#28.96#42.14
-150.36,63.1873#28.83#28.96#42.21
-150.24,63.1875#28.76#28.97#42.27
-150.12,63.1877#28.69#28.97#42.34
-149.999,63.1878#28.62#28.98#42.4
-149.879,63.1877#28.49#29.02#42.49
-149.759,63.1875#28.36#29.06#42.58
-149.638,63.1873#28.23#29.09#42.68
-149.518,63.1869#28.1#29.13#42.77
-149.397,63.1863#27.89#29.2#42.91
-149.277,63.1857#27.66#29.27#43.07
-149.157,63.185#27.43#29.34#43.23
-149.036,63.1841#27.2#29.41#43.39
-148.916,63.1831#27.03#29.49#43.48
-148.796,63.1821#26.88#29.58#43.54
-148.675,63.1809#26.73#29.66#43.61
-148.555,63.1795#26.58#29.74#43.68
-148.435,63.1781#26.5#29.81#43.69
-148.315,63.1766#26.47#29.86#43.67
-148.194,63.1749#26.45#29.92#43.63
-148.074,63.1732#26.42#29.97#43.61
-147.954,63.1713#26.42#30.02#43.56
-147.834,63.1693#26.47#30.07#43.46
-147.713,63.1672#26.51#30.12#43.37
-147.593,63.165#26.55#30.17#43.28
-147.473,63.1626#26.61#30.22#43.17
-147.353,63.1602#26.69#30.26#43.05
-147.233,63.1576#26.77#30.3#42.93
-147.113,63.1549#26.85#30.34#42.81
-146.993,63.1521#26.93#30.38#42.69
-146.873,63.1492#26.97#30.42#42.61
-146.753,63.1462#27.01#30.45#42.54
-146.633,63.1431#27.05#30.49#42.46
-146.513,63.1398#27.09#30.52#42.39
-146.393,63.1365#27.13#30.49#42.38
-146.273,63.133#27.16#30.45#42.39
-146.153,63.1294#27.19#30.41#42.4
-146.033,63.1257#27.23#30.37#42.4
-145.914,63.1219#27.23#30.28#42.49
-145.794,63.118#27.23#30.16#42.61
-145.674,63.1139#27.22#30.04#42.74
-145.554,63.1098#27.22#29.92#42.86
-145.435,63.1055#27.19#29.83#42.98
-145.315,63.1011#27.15#29.77#43.08
-145.196,63.0967#27.1#29.71#43.19
-145.076,63.0921#27.06#29.65#43.29
-144.957,63.0873#27.01#29.64#43.35
-144.837,63.0825#26.94#29.7#43.36
-144.718,63.0776#26.87#29.77#43.36
-144.599,63.0725#26.81#29.83#43.36
-144.479,63.0674#26.75#29.9#43.35
-144.36,63.0621#26.73#29.97#43.3
-144.241,63.0567#26.7#30.05#43.25
-144.122,63.0512#26.68#30.13#43.19
-144.003,63.0456#26.65#30.2#43.15
-143.884,63.0399#26.64#30.31#43.05
-143.765,63.034#26.63#30.41#42.96
-143.646,63.0281#26.62#30.52#42.86
-143.527,63.022#26.61#30.62#42.77
-143.408,63.0158#26.6#30.74#42.66
-143.289,63.0095#26.6#30.87#42.53
-143.171,63.0032#26.6#30.99#42.41
-143.052,62.9966#26.6#31.12#42.28
-142.933,62.99#26.6#31.27#42.13
-142.815,62.9833#26.6#31.43#41.97
-142.696,62.9765#26.6#31.6#41.8
-142.578,62.9695#26.6#31.77#41.63
-142.46,62.9624#26.61#31.93#41.46
-142.341,62.9553#26.61#32.08#41.31
-142.223,62.948#26.62#32.24#41.14
-142.105,62.9406#26.62#32.4#40.98
-141.987,62.9331#26.62#32.56#40.82
-141.869,62.9255#26.63#32.8#40.57
-141.751,62.9177#26.63#33.04#40.33
-141.633,62.9099#26.64#33.28#40.08
-141.515,62.902#26.65#33.53#39.82
-159.207,62.9056#41.82#29.54#28.64
-159.09,62.9142#41.49#29.54#28.97
-158.972,62.9227#41.16#29.55#29.29
-158.854,62.9311#40.82#29.57#29.61
-158.737,62.9394#40.48#29.59#29.93
-158.619,62.9476#40.15#29.61#30.24
-158.501,62.9557#39.82#29.63#30.55
-158.383,62.9637#39.54#29.67#30.79
-158.265,62.9715#39.26#29.72#31.02
-158.146,62.9793#38.98#29.77#31.25
-158.028,62.9869#38.7#29.83#31.47
-157.91,62.9944#38.43#29.89#31.68
-157.792,63.0018#38.14#29.95#31.91
-157.673,63.0091#37.87#30.01#32.12
-157.555,63.0163#37.59#30.08#32.33
-157.436,63.0234#37.3#30.13#32.57
-157.317,63.0304#37.02#30.16#32.82
-157.199,63.0372#36.74#30.2#33.06
-157.08,63.044#36.46#30.23#33.31
-156.961,63.0506#36.17#30.26#33.57
-156.842,63.0571#35.88#30.27#33.85
-156.723,63.0635#35.58#30.29#34.13
-156.604,63.0698#35.29#30.31#34.4
-156.485,63.076#34.99#30.33#34.68
-156.366,63.0821#34.69#30.34#34.97
-156.247,63.088#34.38#30.35#35.27
-156.128,63.0939#34.07#30.36#35.57
-156.008,63.0996#33.77#30.36#35.87
-155.889,63.1052#33.48#30.37#36.15
-155.77,63.1108#33.19#30.38#36.43
-155.65,63.1162#32.91#30.38#36.71
-155.531,63.1214#32.63#30.39#36.98
-155.411,63.1266#32.36#30.39#37.25
-155.292,63.1317#32.09#30.4#37.51
-155.172,63.1366#31.82#30.4#37.78
-155.052,63.1415#31.56#30.41#38.03
-154.933,63.1462#31.25#30.41#38.34
-154.813,63.1508#30.92#30.41#38.67
-154.693,63.1553#30.6#30.41#38.99
-154.573,63.1597#30.27#30.41#39.32
-154.453,63.164#29.94#30.39#39.67
-154.333,63.1681#29.62#30.33#40.05
-154.214,63.1722#29.31#30.28#40.41
-154.094,63.1761#28.99#30.22#40.79
-153.974,63.1799#28.69#30.14#41.17
-153.853,63.1836#28.47#30.03#41.5
-153.733,63.1872#28.25#29.91#41.84
-153.613,63.1907#28.03#29.79#42.18
-153.493,63.1941#27.82#29.67#42.51
-153.373,63.1973#27.67#29.56#42.77
-153.253,63.2004#27.52#29.44#43.04
-153.132,63.2035#27.37#29.32#43.31
-153.012,63.2064#27.23#29.21#43.56
-152.892,63.2092#27.14#29.16#43.7
-152.771,63.2119#27.06#29.12#43.82
-152.651,63.2144#26.98#29.08#43.94
-152.531,63.2169#26.9#29.04#44.06
-152.41,63.2192#26.91#29.02#44.07
-152.29,63.2215#26.95#28.99#44.06
-152.169,63.2236#26.99#28.97#44.04
-152.049,63.2256#27.03#28.95#44.02
-151.929,63.2274#27.1#28.94#43.96
-151.808,63.2292#27.21#28.93#43.86
-151.688,63.2309#27.31#28.93#43.76
-151.567,63.2324#27.42#28.92#43.66
-151.446,63.2338#27.56#28.92#43.52
-151.326,63.2352#27.76#28.92#43.32
-151.205,63.2364#27.96#28.91#43.13
-151.085,63.2374#28.15#28.91#42.94
-150.964,63.2384#28.33#28.91#42.76
-150.844,63.2393#28.46#28.92#42.62
-150.723,63.24#28.6#28.92#42.48
-150.602,63.2406#28.74#28.92#42.34
-150.482,63.2412#28.85#28.92#42.23
-150.361,63.2416#28.8#28.93#42.27
-150.24,63.2418#28.75#28.94#42.31
-150.12,63.242#28.71#28.95#42.34
-149.999,63.2421#28.66#28.96#42.38
-149.879,63.242#28.54#29#42.46
-149.758,63.2418#28.41#29.04#42.55
-149.637,63.2416#28.29#29.08#42.63
-149.517,63.2412#28.16#29.12#42.72
-149.396,63.2406#27.96#29.19#42.85
-149.276,63.24#27.74#29.26#43
-149.155,63.2393#27.52#29.34#43.14
-149.034,63.2384#27.31#29.41#43.28
-148.914,63.2374#27.13#29.49#43.38
-148.793,63.2363#26.98#29.57#43.45
-148.673,63.2351#26.82#29.65#43.53
-148.552,63.2338#26.66#29.73#43.61
-148.432,63.2324#26.57#29.79#43.64
-148.311,63.2309#26.54#29.84#43.62
-148.19,63.2292#26.51#29.89#43.6
-148.07,63.2274#26.48#29.95#43.57
-147.949,63.2255#26.48#30#43.52
-147.829,63.2235#26.52#30.04#43.44
-147.709,63.2214#26.56#30.09#43.35
-147.588,63.2192#26.61#30.14#43.25
-147.468,63.2169#26.66#30.19#43.15
-147.347,63.2144#26.73#30.23#43.04
-147.227,63.2118#26.81#30.27#42.92
-147.107,63.2091#26.88#30.31#42.81
-146.986,63.2063#26.95#30.34#42.71
-146.866,63.2034#26.99#30.37#42.64
-146.746,63.2004#27.03#30.4#42.57
-146.626,63.1973#27.07#30.43#42.5
-146.505,63.194#27.11#30.46#42.43
-146.385,63.1907#27.14#30.42#42.44
-146.265,63.1872#27.17#30.37#42.46
-146.145,63.1836#27.2#30.32#42.48
-146.025,63.1799#27.23#30.28#42.49
-145.905,63.1761#27.23#30.16#42.61
-145.785,63.1721#27.22#30.04#42.74
-145.665,63.1681#27.22#29.91#42.87
-145.545,63.1639#27.21#29.78#43.01
-145.425,63.1596#27.18#29.7#43.12
-145.305,63.1552#27.13#29.63#43.24
-145.186,63.1507#27.08#29.57#43.35
-145.066,63.1461#27.03#29.5#43.47
-144.946,63.1414#26.97#29.5#43.53
-144.826,63.1366#26.9#29.57#43.53
-144.707,63.1316#26.83#29.65#43.52
-144.587,63.1266#26.77#29.72#43.51
-144.468,63.1214#26.71#29.79#43.5
-144.348,63.1161#26.7#29.86#43.44
-144.229,63.1107#26.68#29.94#43.38
-144.109,63.1052#26.66#30.02#43.32
-143.99,63.0995#26.64#30.09#43.27
-143.871,63.0938#26.63#30.2#43.17
-143.752,63.088#26.62#30.3#43.08
-143.632,63.082#26.61#30.41#42.98
-143.513,63.0759#26.6#30.51#42.89
-143.394,63.0697#26.6#30.63#42.77
-143.275,63.0634#26.6#30.75#42.65
-143.156,63.057#26.59#30.88#42.53
-143.037,63.0505#26.59#31#42.41
-142.919,63.0439#26.59#31.16#42.25
-142.8,63.0371#26.6#31.33#42.07
-142.681,63.0303#26.6#31.51#41.89
-142.563,63.0233#26.6#31.68#41.72
-142.444,63.0162#26.61#31.84#41.55
-142.325,63.009#26.61#31.99#41.4
-142.207,63.0017#26.62#32.14#41.24
-142.089,62.9943#26.62#32.29#41.09
-141.97,62.9868#26.62#32.46#40.92
-141.852,62.9792#26.63#32.68#40.69
-141.734,62.9714#26.64#32.9#40.46
-141.616,62.9636#26.64#33.13#40.23
-141.498,62.9556#26.65#33.37#39.98
-141.38,62.9475#26.65#33.62#39.73
-141.262,62.9393#26.66#33.89#39.45
-141.144,62.931#26.66#34.15#39.19
-141.026,62.9226#26.67#34.43#38.9
-140.909,62.9141#26.68#34.49#38.83
-140.791,62.9055#26.68#34.49#38.83
-159.932,62.905#43.58#29.54#26.88
-159.814,62.9143#43.27#29.53#27.2
-159.697,62.9235#42.96#29.53#27.51
-159.579,62.9326#42.65#29.53#27.82
-159.462,62.9415#42.33#29.53#28.14
-159.344,62.9504#42#29.53#28.47
-159.226,62.9591#41.66#29.53#28.81
-159.109,62.9678#41.32#29.53#29.15
-158.991,62.9763#40.97#29.53#29.5
-158.873,62.9847#40.64#29.55#29.81
-158.755,62.9931#40.32#29.57#30.11
-158.637,63.0013#40.01#29.6#30.39
-158.518,63.0093#39.69#29.62#30.69
-158.4,63.0173#39.41#29.67#30.92
-158.282,63.0252#39.14#29.72#31.14
-158.163,63.033#38.88#29.78#31.34
-158.045,63.0406#38.61#29.83#31.56
-157.926,63.0481#38.34#29.89#31.77
-157.808,63.0556#38.06#29.96#31.98
-157.689,63.0629#37.78#30.02#32.2
-157.57,63.0701#37.5#30.09#32.41
-157.452,63.0772#37.22#30.14#32.64
-157.333,63.0842#36.94#30.17#32.89
-157.214,63.091#36.67#30.2#33.13
-157.095,63.0978#36.39#30.23#33.38
-156.976,63.1045#36.11#30.26#33.63
-156.857,63.111#35.82#30.27#33.91
-156.737,63.1174#35.53#30.29#34.18
-156.618,63.1237#35.23#30.31#34.46
-156.499,63.1299#34.94#30.32#34.74
-156.379,63.136#34.64#30.33#35.03
-156.26,63.142#34.33#30.34#35.33
-156.141,63.1479#34.03#30.35#35.62
-156.021,63.1536#33.72#30.36#35.92
-155.901,63.1592#33.44#30.36#36.2
-155.782,63.1648#33.16#30.37#36.47
-155.662,63.1702#32.88#30.37#36.75
-155.542,63.1755#32.6#30.38#37.02
-155.423,63.1807#32.33#30.38#37.29
-155.303,63.1857#32.06#30.39#37.55
-155.183,63.1907#31.8#30.39#37.81
-155.063,63.1955#31.53#30.39#38.08
-154.943,63.2003#31.23#30.39#38.38
-154.823,63.2049#30.9#30.39#38.71
-154.703,63.2094#30.57#30.38#39.05
-154.583,63.2138#30.24#30.38#39.38
-154.463,63.2181#29.91#30.35#39.74
-154.343,63.2223#29.59#30.29#40.12
-154.222,63.2263#29.27#30.22#40.51
-154.102,63.2303#28.95#30.16#40.89
-153.982,63.2341#28.65#30.08#41.27
-153.862,63.2378#28.43#29.96#41.61
-153.741,63.2414#28.21#29.84#41.95
-153.621,63.2449#27.99#29.72#42.29
-153.5,63.2483#27.77#29.6#42.63
-153.38,63.2515#27.63#29.49#42.88
-153.259,63.2547#27.48#29.38#43.14
-153.139,63.2577#27.33#29.27#43.4
-153.018,63.2606#27.18#29.16#43.66
-152.898,63.2634#27.09#29.12#43.79
-152.777,63.2661#27.02#29.08#43.9
-152.657,63.2687#26.94#29.04#44.02
-152.536,63.2711#26.86#29#44.14
-152.415,63.2735#26.86#28.98#44.16
-152.295,63.2757#26.89#28.96#44.15
-152.174,63.2778#26.92#28.94#44.14
-152.053,63.2798#26.95#28.92#44.13
-151.933,63.2817#27.02#28.91#44.07
-151.812,63.2835#27.13#28.9#43.97
-151.691,63.2852#27.23#28.89#43.88
-151.57,63.2867#27.33#28.89#43.78
-151.449,63.2881#27.47#28.88#43.65
-151.329,63.2895#27.66#28.88#43.46
-151.208,63.2907#27.85#28.88#43.27
-151.087,63.2917#28.04#28.88#43.08
-150.966,63.2927#28.21#28.88#42.91
-150.845,63.2936#28.36#28.88#42.76
-150.724,63.2943#28.51#28.88#42.61
-150.604,63.295#28.67#28.89#42.44
-150.483,63.2955#28.79#28.89#42.32
-150.362,63.2959#28.77#28.9#42.33
-150.241,63.2962#28.75#28.91#42.34
-150.12,63.2963#28.73#28.92#42.35
-149.999,63.2964#28.7#28.93#42.37
-149.878,63.2963#28.58#28.98#42.44
-149.757,63.2962#28.46#29.02#42.52
-149.637,63.2959#28.34#29.07#42.59
-149.516,63.2955#28.22#29.11#42.67
-149.395,63.2949#28.03#29.18#42.79
-149.274,63.2943#27.82#29.26#42.92
-149.153,63.2936#27.62#29.33#43.05
-149.032,63.2927#27.41#29.41#43.18
-148.911,63.2917#27.24#29.48#43.28
-148.791,63.2906#27.07#29.56#43.37
-148.67,63.2894#26.91#29.63#43.46
-148.549,63.2881#26.74#29.71#43.55
-148.428,63.2867#26.65#29.77#43.58
-148.307,63.2851#26.61#29.82#43.57
-148.187,63.2835#26.57#29.87#43.56
-148.066,63.2817#26.53#29.92#43.55
-147.945,63.2798#26.53#29.97#43.5
-147.824,63.2778#26.58#30.02#43.4
-147.704,63.2757#26.62#30.06#43.32
-147.583,63.2735#26.66#30.11#43.23
-147.462,63.2711#26.71#30.15#43.14
-147.342,63.2686#26.78#30.19#43.03
-147.221,63.2661#26.85#30.23#42.92
-147.101,63.2634#26.92#30.27#42.81
-146.98,63.2606#26.98#30.3#42.72
-146.86,63.2577#27.02#30.32#42.66
-146.739,63.2546#27.05#30.35#42.6
-146.619,63.2515#27.09#30.37#42.54
-146.498,63.2482#27.13#30.39#42.48
-146.378,63.2448#27.15#30.33#42.52
-146.257,63.2414#27.18#30.27#42.55
-146.137,63.2378#27.2#30.21#42.59
-146.017,63.234#27.23#30.16#42.61
-145.896,63.2302#27.22#30.04#42.74
-145.776,63.2263#27.21#29.9#42.89
-145.656,63.2222#27.2#29.77#43.03
-145.536,63.218#27.19#29.64#43.17
-145.416,63.2138#27.15#29.56#43.29
-145.296,63.2094#27.09#29.51#43.4
-145.175,63.2048#27.04#29.45#43.51
-145.055,63.2002#26.99#29.39#43.62
-144.936,63.1955#26.93#29.4#43.67
-144.816,63.1906#26.87#29.47#43.66
-144.696,63.1857#26.8#29.54#43.66
-144.576,63.1806#26.74#29.61#43.65
-144.456,63.1754#26.69#29.68#43.63
-144.336,63.1701#26.67#29.76#43.57
-144.217,63.1647#26.66#29.83#43.51
-144.097,63.1592#26.64#29.91#43.45
-143.978,63.1535#26.62#29.99#43.39
-143.858,63.1478#26.62#30.09#43.29
-143.739,63.1419#26.61#30.19#43.2
-143.619,63.1359#26.6#30.3#43.1
-143.5,63.1298#26.59#30.4#43.01
-143.38,63.1236#26.59#30.52#42.89
-143.261,63.1173#26.59#30.64#42.77
-143.142,63.1109#26.59#30.76#42.65
-143.023,63.1044#26.59#30.89#42.52
-142.904,63.0977#26.59#31.06#42.35
-142.785,63.091#26.6#31.24#42.16
-142.666,63.0841#26.6#31.41#41.99
-142.547,63.0771#26.6#31.59#41.81
-142.428,63.07#26.61#31.75#41.64
-142.309,63.0628#26.61#31.89#41.5
-142.191,63.0555#26.62#32.04#41.34
-142.072,63.0481#26.62#32.19#41.19
-141.954,63.0405#26.62#32.36#41.02
-141.835,63.0329#26.63#32.56#40.81
-141.717,63.0251#26.64#32.77#40.59
-141.598,63.0172#26.64#32.98#40.38
-141.48,63.0092#26.65#33.2#40.15
-141.362,63.0012#26.65#33.45#39.9
-141.244,62.9929#26.66#33.7#39.64
-141.126,62.9846#26.67#33.95#39.38
-141.008,62.9762#26.67#34.21#39.12
-140.89,62.9677#26.68#34.22#39.1
-140.772,62.959#26.68#34.22#39.1
-140.654,62.9503#26.69#34.22#39.09
-140.537,62.9414#26.7#34.23#39.07
-140.419,62.9324#26.7#34.21#39.09
-140.302,62.9234#26.71#34.18#39.11
-140.184,62.9142#26.72#34.16#39.12
-140.067,62.9049#26.72#34.13#39.15
-160.656,62.9002#44.94#29.58#25.48
-160.539,62.9102#44.71#29.56#25.73
-160.422,62.92#44.48#29.55#25.97
-160.304,62.9298#44.23#29.54#26.23
-160.187,62.9394#43.99#29.53#26.48
-160.07,62.949#43.76#29.53#26.71
-159.952,62.9584#43.49#29.52#26.99
-159.835,62.9677#43.17#29.52#27.31
-159.717,62.9769#42.86#29.52#27.62
-159.599,62.986#42.54#29.51#27.95
-159.481,62.995#42.22#29.51#28.27
-159.364,63.0039#41.87#29.51#28.62
-159.246,63.0127#41.51#29.51#28.98
-159.128,63.0214#41.15#29.51#29.34
-159.009,63.0299#40.79#29.51#29.7
-158.891,63.0383#40.47#29.54#29.99
-158.773,63.0467#40.16#29.56#30.28
-158.655,63.0549#39.86#29.59#30.55
-158.536,63.063#39.56#29.61#30.83
-158.418,63.071#39.28#29.66#31.06
-158.299,63.0789#39.02#29.72#31.26
-158.18,63.0867#38.77#29.78#31.45
-158.062,63.0943#38.52#29.84#31.64
-157.943,63.1019#38.25#29.9#31.85
-157.824,63.1093#37.97#29.96#32.07
-157.705,63.1167#37.7#30.03#32.27
-157.586,63.1239#37.42#30.1#32.48
-157.467,63.131#37.14#30.15#32.71
-157.348,63.138#36.87#30.18#32.95
-157.229,63.1449#36.59#30.21#33.2
-157.11,63.1517#36.32#30.23#33.45
-156.99,63.1583#36.05#30.26#33.69
-156.871,63.1649#35.76#30.27#33.97
-156.751,63.1713#35.47#30.29#34.24
-156.632,63.1776#35.18#30.3#34.52
-156.512,63.1839#34.9#30.31#34.79
-156.393,63.19#34.6#30.32#35.08
-156.273,63.196#34.29#30.33#35.38
-156.153,63.2018#33.99#30.34#35.67
-156.034,63.2076#33.68#30.35#35.97
-155.914,63.2132#33.4#30.35#36.25
-155.794,63.2188#33.12#30.36#36.52
-155.674,63.2242#32.85#30.36#36.79
-155.554,63.2295#32.58#30.37#37.05
-155.434,63.2347#32.3#30.37#37.33
-155.314,63.2398#32.04#30.37#37.59
-155.194,63.2448#31.77#30.38#37.85
-155.074,63.2496#31.5#30.38#38.12
-154.953,63.2544#31.21#30.38#38.41
-154.833,63.259#30.88#30.37#38.75
-154.713,63.2635#30.54#30.36#39.1
-154.593,63.2679#30.21#30.34#39.45
-154.472,63.2722#29.88#30.32#39.8
-154.352,63.2764#29.56#30.25#40.19
-154.231,63.2805#29.24#30.17#40.59
-154.111,63.2844#28.92#30.1#40.98
-153.99,63.2883#28.61#30.02#41.37
-153.87,63.292#28.39#29.9#41.71
-153.749,63.2956#28.17#29.77#42.06
-153.628,63.2991#27.95#29.65#42.4
-153.508,63.3025#27.73#29.53#42.74
-153.387,63.3057#27.58#29.42#43
-153.266,63.3089#27.43#29.32#43.25
-153.146,63.3119#27.29#29.22#43.49
-153.025,63.3149#27.14#29.12#43.74
-152.904,63.3177#27.05#29.07#43.88
-152.783,63.3204#26.97#29.04#43.99
-152.662,63.3229#26.89#29#44.11
-152.541,63.3254#26.81#28.96#44.23
-152.421,63.3278#26.8#28.94#44.26
-152.3,63.33#26.83#28.92#44.25
-152.179,63.3321#26.85#28.9#44.25
-152.058,63.3341#26.88#28.89#44.23
-151.937,63.336#26.94#28.87#44.19
-151.816,63.3378#27.04#28.87#44.09
-151.695,63.3395#27.14#28.86#44
-151.574,63.341#27.25#28.86#43.89
-151.453,63.3424#27.38#28.85#43.77
-151.331,63.3438#27.56#28.85#43.59
-151.21,63.345#27.74#28.85#43.41
-151.089,63.3461#27.92#28.85#43.23
-150.968,63.347#28.1#28.85#43.05
-150.847,63.3479#28.26#28.85#42.89
-150.726,63.3486#28.43#28.85#42.72
-150.605,63.3493#28.59#28.85#42.56
-150.484,63.3498#28.74#28.86#42.4
-150.363,63.3502#28.74#28.87#42.39
-150.242,63.3505#28.74#28.88#42.38
-150.12,63.3506#28.74#28.89#42.37
-149.999,63.3507#28.74#28.91#42.35
-149.878,63.3506#28.63#28.96#42.41
-149.757,63.3505#28.52#29#42.48
-149.636,63.3502#28.4#29.05#42.55
-149.515,63.3498#28.29#29.1#42.61
-149.394,63.3493#28.1#29.17#42.73
-149.272,63.3486#27.91#29.25#42.84
-149.151,63.3479#27.71#29.33#42.96
-149.03,63.347#27.52#29.4#43.08
-148.909,63.346#27.34#29.48#43.18
-148.788,63.345#27.16#29.55#43.29
-148.667,63.3437#26.99#29.62#43.39
-148.546,63.3424#26.82#29.69#43.49
-148.425,63.341#26.73#29.75#43.52
-148.304,63.3394#26.68#29.8#43.52
-148.183,63.3378#26.64#29.85#43.51
-148.062,63.336#26.59#29.9#43.51
-147.941,63.3341#26.59#29.95#43.46
-147.82,63.3321#26.63#29.99#43.38
-147.699,63.33#26.67#30.04#43.29
-147.578,63.3277#26.72#30.08#43.2
-147.457,63.3254#26.76#30.12#43.12
-147.336,63.3229#26.82#30.16#43.02
-147.215,63.3203#26.89#30.2#42.91
-147.094,63.3176#26.95#30.23#42.82
-146.974,63.3148#27#30.26#42.74
-146.853,63.3119#27.04#30.28#42.68
-146.732,63.3089#27.07#30.29#42.64
-146.611,63.3057#27.11#30.3#42.59
-146.491,63.3024#27.14#30.31#42.55
-146.37,63.2991#27.16#30.24#42.6
-146.249,63.2956#27.18#30.17#42.65
-146.129,63.2919#27.2#30.11#42.69
-146.008,63.2882#27.23#30.04#42.73
-145.888,63.2844#27.21#29.91#42.88
-145.767,63.2804#27.19#29.77#43.04
-145.647,63.2764#27.18#29.63#43.19
-145.526,63.2722#27.16#29.5#43.34
-145.406,63.2679#27.11#29.43#43.46
-145.286,63.2635#27.06#29.38#43.56
-145.165,63.259#27.01#29.34#43.65
-145.045,63.2543#26.95#29.29#43.76
-144.925,63.2496#26.9#29.31#43.79
-144.805,63.2447#26.84#29.38#43.78
-144.685,63.2397#26.78#29.45#43.77
-144.564,63.2347#26.72#29.52#43.76
-144.444,63.2295#26.68#29.59#43.73
-144.324,63.2241#26.66#29.66#43.68
-144.205,63.2187#26.65#29.74#43.61
-144.085,63.2132#26.63#29.81#43.56
-143.965,63.2075#26.62#29.89#43.49
-143.845,63.2018#26.61#29.99#43.4
-143.725,63.1959#26.6#30.09#43.31
-143.606,63.1899#26.59#30.19#43.22
-143.486,63.1838#26.59#30.3#43.11
-143.367,63.1776#26.59#30.42#42.99
-143.247,63.1712#26.59#30.53#42.88
-143.128,63.1648#26.59#30.65#42.76
-143.008,63.1582#26.59#30.77#42.64
-142.889,63.1516#26.59#30.95#42.46
-142.77,63.1448#26.59#31.14#42.27
-142.651,63.1379#26.6#31.32#42.08
-142.531,63.1309#26.6#31.51#41.89
-142.412,63.1238#26.61#31.66#41.73
-142.293,63.1166#26.61#31.8#41.59
-142.174,63.1093#26.62#31.94#41.44
-142.056,63.1018#26.62#32.08#41.3
-141.937,63.0942#26.63#32.25#41.12
-141.818,63.0866#26.63#32.43#40.94
-141.699,63.0788#26.64#32.62#40.74
-141.581,63.0709#26.64#32.82#40.54
-141.462,63.0629#26.65#33.03#40.32
-141.344,63.0548#26.65#33.26#40.09
-141.226,63.0466#26.66#33.5#39.84
-141.107,63.0382#26.67#33.74#39.59
-140.989,63.0298#26.67#33.97#39.36
-140.871,63.0212#26.68#33.96#39.36
-140.753,63.0126#26.68#33.95#39.37
-140.635,63.0038#26.69#33.94#39.37
-140.517,62.9949#26.7#33.94#39.36
-140.399,62.9859#26.7#33.92#39.38
-140.282,62.9768#26.71#33.89#39.4
-140.164,62.9676#26.72#33.87#39.41
-140.046,62.9583#26.72#33.84#39.44
-139.929,62.9489#26.73#33.82#39.45
-139.811,62.9393#26.74#33.81#39.45
-139.694,62.9297#26.74#33.79#39.47
-139.577,62.9199#26.75#33.77#39.48
-139.46,62.91#26.76#33.75#39.49
-139.343,62.9001#26.76#33.7#39.54
-161.263,62.9019#45.82#29.78#24.4
-161.146,62.9124#45.66#29.72#24.62
-161.029,62.9229#45.5#29.65#24.85
-160.912,62.9332#45.29#29.62#25.09
-160.795,62.9434#45.07#29.6#25.33
-160.678,62.9535#44.84#29.57#25.59
-160.561,62.9635#44.61#29.55#25.84
-160.443,62.9734#44.37#29.54#26.09
-160.326,62.9832#44.13#29.53#26.34
-160.208,62.9928#43.89#29.52#26.59
-160.091,63.0024#43.65#29.51#26.84
-159.973,63.0118#43.4#29.51#27.09
-159.855,63.0212#43.08#29.5#27.42
-159.737,63.0304#42.76#29.5#27.74
-159.619,63.0395#42.43#29.5#28.07
-159.501,63.0485#42.11#29.5#28.39
-159.383,63.0575#41.74#29.5#28.76
-159.265,63.0662#41.37#29.5#29.13
-159.147,63.0749#40.99#29.5#29.51
-159.028,63.0835#40.61#29.5#29.89
-158.91,63.092#40.29#29.52#30.19
-158.791,63.1003#39.99#29.55#30.46
-158.673,63.1085#39.7#29.57#30.73
-158.554,63.1167#39.42#29.6#30.98
-158.435,63.1247#39.15#29.65#31.2
-158.316,63.1326#38.9#29.71#31.39
-158.198,63.1404#38.66#29.78#31.56
-158.079,63.1481#38.42#29.84#31.74
-157.96,63.1557#38.16#29.9#31.94
-157.84,63.1631#37.88#29.97#32.15
-157.721,63.1705#37.6#30.03#32.37
-157.602,63.1777#37.33#30.1#32.57
-157.483,63.1848#37.05#30.15#32.8
-157.363,63.1918#36.78#30.18#33.04
-157.244,63.1988#36.51#30.2#33.29
-157.124,63.2055#36.24#30.22#33.54
-157.005,63.2122#35.98#30.25#33.77
-156.885,63.2188#35.7#30.26#34.04
-156.766,63.2252#35.41#30.28#34.31
-156.646,63.2316#35.14#30.29#34.57
-156.526,63.2378#34.86#30.3#34.84
-156.406,63.2439#34.56#30.31#35.13
-156.286,63.2499#34.26#30.32#35.42
-156.166,63.2558#33.95#30.33#35.72
-156.046,63.2616#33.64#30.33#36.03
-155.926,63.2673#33.36#30.34#36.3
-155.806,63.2728#33.09#30.35#36.56
-155.686,63.2783#32.82#30.35#36.83
-155.566,63.2836#32.55#30.35#37.1
-155.445,63.2888#32.28#30.36#37.36
-155.325,63.2939#32.01#30.36#37.63
-155.205,63.2989#31.74#30.36#37.9
-155.084,63.3037#31.47#30.37#38.16
-154.964,63.3085#31.19#30.36#38.45
-154.843,63.3131#30.85#30.35#38.8
-154.723,63.3177#30.52#30.33#39.15
-154.602,63.3221#30.18#30.31#39.51
-154.482,63.3264#29.85#30.28#39.87
-154.361,63.3306#29.52#30.2#40.28
-154.24,63.3347#29.2#30.12#40.68
-154.119,63.3386#28.88#30.04#41.08
-153.999,63.3425#28.56#29.96#41.48
-153.878,63.3462#28.35#29.83#41.82
-153.757,63.3498#28.13#29.71#42.16
-153.636,63.3533#27.91#29.58#42.51
-153.515,63.3567#27.69#29.45#42.86
-153.394,63.36#27.53#29.36#43.11
-153.273,63.3631#27.39#29.26#43.35
-153.152,63.3662#27.24#29.17#43.59
-153.031,63.3691#27.1#29.08#43.82
-152.91,63.3719#27#29.03#43.97
-152.789,63.3746#26.93#28.99#44.08
-152.668,63.3772#26.85#28.96#44.19
