-152.245,55.9005#26.84#28.73#44.43
-152.152,55.9025#26.96#28.75#44.29
-152.058,55.9044#27.08#28.78#44.14
-151.965,55.9063#27.22#28.81#43.97
-151.871,55.908#27.42#28.85#43.73
-151.778,55.9097#27.61#28.9#43.49
-151.684,55.9113#27.8#28.95#43.25
-151.591,55.9128#27.99#29#43.01
-151.497,55.9142#28.18#29.05#42.77
-151.403,55.9155#28.34#29.14#42.52
-151.31,55.9167#28.49#29.23#42.28
-151.216,55.9179#28.65#29.31#42.04
-151.123,55.919#28.8#29.4#41.8
-151.029,55.92#28.95#29.49#41.56
-150.936,55.9209#29.03#29.59#41.38
-150.842,55.9217#29.08#29.69#41.23
-150.748,55.9224#29.13#29.8#41.07
-150.655,55.923#29.18#29.9#40.92
-150.561,55.9236#29.23#30#40.77
-150.468,55.9241#29.26#30.09#40.65
-150.374,55.9244#29.27#30.17#40.56
-150.28,55.9247#29.29#30.24#40.47
-150.187,55.925#29.3#30.32#40.38
-150.093,55.9251#29.31#30.39#40.3
-149.999,55.9251#29.32#30.47#40.21
-149.906,55.9251#29.31#30.52#40.17
-149.812,55.925#29.3#30.56#40.14
-149.719,55.9247#29.29#30.61#40.1
-149.625,55.9244#29.28#30.66#40.06
-149.531,55.9241#29.27#30.71#40.02
-149.438,55.9236#29.23#30.75#40.02
-149.344,55.923#29.19#30.78#40.03
-149.25,55.9224#29.14#30.81#40.05
-149.157,55.9217#29.1#30.84#40.06
-149.063,55.9208#29.05#30.87#40.08
-148.97,55.9199#28.98#30.89#40.13
-148.876,55.919#28.87#30.91#40.22
-148.782,55.9179#28.75#30.93#40.32
-148.689,55.9167#28.63#30.95#40.42
-148.595,55.9155#28.52#30.97#40.51
-148.502,55.9142#28.4#30.98#40.62
-148.408,55.9127#28.23#30.99#40.78
-148.315,55.9112#28.06#31#40.94
-148.221,55.9097#27.88#31.02#41.1
-148.128,55.908#27.71#31.03#41.26
-148.034,55.9062#27.54#31.04#41.42
-147.941,55.9044#27.39#31.03#41.58
-147.847,55.9025#27.25#31.01#41.74
-147.754,55.9004#27.11#30.99#41.9
-153.932,55.902#27.43#28.59#43.98
-153.838,55.9055#27.29#28.6#44.11
-153.745,55.909#27.16#28.6#44.24
-153.652,55.9124#27.02#28.6#44.38
-153.558,55.9157#26.88#28.61#44.51
-153.465,55.9189#26.76#28.61#44.63
-153.371,55.922#26.7#28.61#44.69
-153.278,55.9251#26.64#28.62#44.74
-153.185,55.928#26.57#28.62#44.81
-153.091,55.9309#26.51#28.63#44.86
-152.998,55.9337#26.45#28.63#44.92
-152.904,55.9364#26.48#28.64#44.88
-152.81,55.939#26.5#28.64#44.86
-152.717,55.9415#26.53#28.65#44.82
-152.623,55.944#26.56#28.66#44.78
-152.53,55.9463#26.59#28.66#44.75
-152.436,55.9486#26.69#28.68#44.63
-152.343,55.9508#26.81#28.7#44.49
-152.249,55.9529#26.93#28.72#44.35
-152.155,55.9549#27.06#28.74#44.2
-152.062,55.9568#27.18#28.76#44.06
-151.968,55.9587#27.33#28.79#43.88
-151.874,55.9604#27.53#28.84#43.63
-151.781,55.9621#27.72#28.89#43.39
-151.687,55.9637#27.92#28.94#43.14
-151.593,55.9652#28.11#28.98#42.91
-151.499,55.9666#28.3#29.03#42.67
-151.406,55.9679#28.44#29.12#42.44
-151.312,55.9692#28.58#29.21#42.21
-151.218,55.9703#28.72#29.29#41.99
-151.125,55.9714#28.86#29.38#41.76
-151.031,55.9724#28.99#29.47#41.54
-150.937,55.9733#29.06#29.57#41.37
-150.843,55.9741#29.11#29.67#41.22
-150.75,55.9748#29.15#29.78#41.07
-150.656,55.9755#29.2#29.88#40.92
-150.562,55.9761#29.24#29.98#40.78
-150.468,55.9765#29.27#30.08#40.65
-150.375,55.9769#29.28#30.15#40.57
-150.281,55.9772#29.28#30.22#40.5
-150.187,55.9774#29.29#30.3#40.41
-150.093,55.9776#29.3#30.37#40.33
-149.999,55.9776#29.31#30.44#40.25
-149.906,55.9775#29.29#30.49#40.22
-149.812,55.9774#29.28#30.55#40.17
-149.718,55.9772#29.27#30.6#40.13
-149.624,55.9769#29.26#30.65#40.09
-149.531,55.9765#29.25#30.7#40.05
-149.437,55.976#29.21#30.74#40.05
-149.343,55.9755#29.16#30.77#40.07
-149.249,55.9748#29.1#30.8#40.1
-149.155,55.9741#29.05#30.83#40.12
-149.062,55.9733#29#30.86#40.14
-148.968,55.9724#28.92#30.89#40.19
-148.874,55.9714#28.8#30.91#40.29
-148.781,55.9703#28.67#30.92#40.41
-148.687,55.9692#28.55#30.94#40.51
-148.593,55.9679#28.42#30.96#40.62
-148.499,55.9666#28.3#30.98#40.72
-148.406,55.9652#28.12#30.99#40.89
-148.312,55.9637#27.95#31#41.05
-148.218,55.9621#27.77#31.01#41.22
-148.125,55.9604#27.6#31.03#41.37
-148.031,55.9587#27.42#31.04#41.54
-147.937,55.9568#27.28#31.03#41.69
-147.844,55.9549#27.16#31.02#41.82
-147.75,55.9529#27.03#31#41.97
-147.656,55.9508#26.91#30.99#42.1
-147.563,55.9486#26.78#30.98#42.24
-147.469,55.9463#26.67#30.95#42.38
-147.376,55.9439#26.62#30.9#42.48
-147.282,55.9415#26.57#30.85#42.58
-147.188,55.939#26.51#30.81#42.68
-147.095,55.9363#26.46#30.76#42.78
-147.001,55.9336#26.4#30.71#42.89
-146.908,55.9309#26.37#30.62#43.01
-146.814,55.928#26.34#30.54#43.12
-146.721,55.925#26.31#30.45#43.24
-146.627,55.922#26.28#30.36#43.36
-146.534,55.9189#26.25#30.27#43.48
-146.441,55.9156#26.23#30.18#43.59
-146.347,55.9123#26.21#30.08#43.71
-146.254,55.909#26.2#29.98#43.82
-146.16,55.9055#26.18#29.88#43.94
-146.067,55.9019#26.17#29.78#44.05
-155.152,55.9003#30.47#28.55#40.98
-155.058,55.9049#30.29#28.55#41.16
-154.965,55.9095#30.09#28.56#41.35
-154.872,55.914#29.84#28.56#41.6
-154.779,55.9184#29.59#28.56#41.85
-154.685,55.9228#29.34#28.57#42.09
-154.592,55.927#29.09#28.57#42.34
-154.499,55.9312#28.84#28.57#42.59
-154.405,55.9352#28.6#28.58#42.82
-154.312,55.9392#28.37#28.58#43.05
-154.219,55.9431#28.14#28.58#43.28
-154.125,55.9469#27.91#28.59#43.5
-154.032,55.9507#27.67#28.59#43.74
-153.938,55.9543#27.5#28.6#43.9
-153.845,55.9579#27.36#28.6#44.04
-153.751,55.9613#27.22#28.6#44.18
-153.658,55.9647#27.07#28.61#44.32
-153.564,55.968#26.93#28.61#44.46
-153.471,55.9713#26.81#28.61#44.58
-153.377,55.9744#26.74#28.62#44.64
-153.283,55.9774#26.68#28.62#44.7
-153.19,55.9804#26.61#28.63#44.76
-153.096,55.9833#26.55#28.63#44.82
-153.002,55.9861#26.48#28.63#44.89
-152.909,55.9888#26.52#28.64#44.84
-152.815,55.9914#26.55#28.64#44.81
-152.721,55.9939#26.59#28.65#44.76
-152.628,55.9964#26.62#28.66#44.72
-152.534,55.9987#26.66#28.66#44.68
-152.44,56.001#26.76#28.68#44.56
-152.346,56.0032#26.89#28.69#44.42
-152.253,56.0053#27.02#28.71#44.27
-152.159,56.0073#27.16#28.73#44.11
-152.065,56.0093#27.29#28.75#43.96
-151.971,56.0111#27.44#28.78#43.78
-151.877,56.0129#27.64#28.82#43.54
-151.784,56.0146#27.84#28.87#43.29
-151.69,56.0161#28.03#28.92#43.05
-151.596,56.0176#28.23#28.97#42.8
-151.502,56.0191#28.43#29.02#42.55
-151.408,56.0204#28.55#29.1#42.35
-151.314,56.0216#28.67#29.19#42.14
-151.22,56.0228#28.79#29.27#41.94
-151.126,56.0239#28.91#29.36#41.73
-151.033,56.0249#29.03#29.44#41.53
-150.939,56.0258#29.1#29.54#41.36
-150.845,56.0266#29.13#29.65#41.22
-150.751,56.0273#29.17#29.76#41.07
-150.657,56.028#29.21#29.86#40.93
-150.563,56.0285#29.25#29.97#40.78
-150.469,56.029#29.28#30.06#40.66
-150.375,56.0294#29.28#30.13#40.59
-150.281,56.0297#29.28#30.21#40.51
-150.187,56.0299#29.29#30.28#40.43
-150.093,56.03#29.29#30.35#40.36
-149.999,56.0301#29.29#30.42#40.29
-149.905,56.03#29.28#30.47#40.25
-149.812,56.0299#29.27#30.53#40.2
-149.718,56.0297#29.26#30.58#40.16
-149.624,56.0294#29.24#30.63#40.13
-149.53,56.029#29.23#30.69#40.08
-149.436,56.0285#29.19#30.72#40.09
-149.342,56.028#29.13#30.76#40.11
-149.248,56.0273#29.07#30.79#40.14
-149.154,56.0266#29.01#30.82#40.17
-149.06,56.0258#28.95#30.85#40.2
-148.966,56.0249#28.86#30.88#40.26
-148.872,56.0239#28.73#30.9#40.37
-148.779,56.0228#28.59#30.92#40.49
-148.685,56.0216#28.46#30.94#40.6
-148.591,56.0204#28.33#30.96#40.71
-148.497,56.019#28.19#30.97#40.84
-148.403,56.0176#28.02#30.99#40.99
-148.309,56.0161#27.84#31#41.16
-148.215,56.0145#27.66#31.01#41.33
-148.121,56.0129#27.48#31.02#41.5
-148.028,56.0111#27.3#31.04#41.66
-147.934,56.0092#27.17#31.03#41.8
-147.84,56.0073#27.06#31.03#41.91
-147.746,56.0053#26.95#31.02#42.03
-147.652,56.0032#26.84#31.01#42.15
-147.559,56.001#26.72#31#42.28
-147.465,55.9987#26.63#30.97#42.4
-147.371,55.9963#26.58#30.92#42.5
-147.277,55.9939#26.53#30.88#42.59
-147.184,55.9914#26.48#30.83#42.69
-147.09,55.9887#26.43#30.78#42.79
-146.996,55.986#26.38#30.73#42.89
-146.903,55.9832#26.35#30.65#43
-146.809,55.9804#26.32#30.56#43.12
-146.715,55.9774#26.29#30.48#43.23
-146.622,55.9744#26.26#30.39#43.35
-146.528,55.9712#26.24#30.31#43.45
-146.435,55.968#26.22#30.21#43.57
-146.341,55.9647#26.2#30.11#43.69
-146.248,55.9613#26.19#30.01#43.8
-146.154,55.9578#26.18#29.9#43.92
-146.061,55.9543#26.16#29.8#44.04
-145.967,55.9506#26.15#29.72#44.13
-145.874,55.9469#26.14#29.65#44.21
-145.78,55.9431#26.13#29.59#44.28
-145.687,55.9392#26.13#29.53#44.34
-145.593,55.9352#26.12#29.47#44.41
-145.5,55.9311#26.11#29.41#44.48
-145.407,55.9269#26.11#29.47#44.42
-145.313,55.9227#26.1#29.53#44.37
-145.22,55.9184#26.1#29.58#44.32
-145.127,55.914#26.1#29.64#44.26
-145.034,55.9095#26.09#29.7#44.21
-144.94,55.9049#26.09#29.79#44.12
-144.847,55.9002#26.09#29.89#44.02
-156.092,55.9011#32.31#28.52#39.17
-155.999,55.9066#32.13#28.52#39.35
-155.906,55.912#31.96#28.52#39.52
-155.813,55.9174#31.8#28.53#39.67
-155.719,55.9227#31.63#28.53#39.84
-155.626,55.9279#31.46#28.53#40.01
-155.533,55.933#31.29#28.54#40.17
-155.44,55.938#31.12#28.54#40.34
-155.347,55.9429#30.94#28.54#40.52
-155.253,55.9477#30.76#28.55#40.69
-155.16,55.9525#30.58#28.55#40.87
-155.067,55.9572#30.4#28.55#41.05
-154.973,55.9618#30.2#28.56#41.24
-154.88,55.9663#29.95#28.56#41.49
-154.787,55.9707#29.7#28.57#41.73
-154.693,55.975#29.44#28.57#41.99
-154.6,55.9793#29.19#28.57#42.24
-154.506,55.9835#28.94#28.58#42.48
-154.413,55.9875#28.7#28.58#42.72
-154.319,55.9915#28.47#28.58#42.95
-154.226,55.9954#28.23#28.59#43.18
-154.132,55.9993#27.99#28.59#43.42
-154.038,56.003#27.76#28.59#43.65
-153.945,56.0067#27.57#28.6#43.83
-153.851,56.0102#27.43#28.6#43.97
-153.757,56.0137#27.28#28.61#44.11
-153.664,56.0171#27.13#28.61#44.26
-153.57,56.0204#26.98#28.61#44.41
-153.476,56.0236#26.85#28.62#44.53
-153.383,56.0268#26.79#28.62#44.59
-153.289,56.0298#26.72#28.62#44.66
-153.195,56.0328#26.65#28.63#44.72
-153.101,56.0357#26.59#28.63#44.78
-153.007,56.0385#26.52#28.64#44.84
-152.914,56.0412#26.56#28.64#44.8
-152.82,56.0438#26.6#28.65#44.75
-152.726,56.0463#26.64#28.65#44.71
-152.632,56.0488#26.69#28.66#44.65
-152.538,56.0512#26.73#28.66#44.61
-152.444,56.0535#26.83#28.67#44.5
-152.35,56.0556#26.97#28.69#44.34
-152.256,56.0578#27.11#28.7#44.19
-152.162,56.0598#27.25#28.72#44.03
-152.068,56.0617#27.39#28.73#43.88
-151.974,56.0636#27.55#28.76#43.69
-151.88,56.0653#27.75#28.81#43.44
-151.786,56.067#27.95#28.86#43.19
-151.692,56.0686#28.15#28.91#42.94
-151.598,56.0701#28.35#28.96#42.69
-151.504,56.0715#28.55#29.01#42.44
-151.41,56.0729#28.66#29.09#42.25
-151.316,56.0741#28.76#29.17#42.07
-151.222,56.0753#28.87#29.25#41.88
-151.128,56.0764#28.97#29.34#41.69
-151.034,56.0773#29.07#29.42#41.51
-150.94,56.0783#29.13#29.52#41.35
-150.846,56.0791#29.16#29.63#41.21
-150.752,56.0798#29.19#29.73#41.08
-150.658,56.0805#29.23#29.84#40.93
-150.564,56.081#29.26#29.95#40.79
-150.47,56.0815#29.28#30.05#40.67
-150.376,56.0819#29.28#30.12#40.6
-150.282,56.0822#29.28#30.19#40.53
-150.188,56.0824#29.28#30.26#40.46
-150.093,56.0825#29.28#30.33#40.39
-149.999,56.0826#29.28#30.4#40.32
-149.905,56.0825#29.27#30.45#40.28
-149.811,56.0824#29.25#30.51#40.24
-149.717,56.0822#29.24#30.56#40.2
-149.623,56.0819#29.23#30.62#40.15
-149.529,56.0815#29.21#30.67#40.12
-149.435,56.081#29.16#30.71#40.13
-149.341,56.0804#29.09#30.75#40.16
-149.247,56.0798#29.03#30.78#40.19
-149.153,56.0791#28.96#30.81#40.23
-149.059,56.0782#28.9#30.85#40.25
-148.965,56.0773#28.8#30.88#40.32
-148.871,56.0763#28.66#30.9#40.44
-148.777,56.0753#28.52#30.91#40.57
-148.682,56.0741#28.37#30.93#40.7
-148.588,56.0729#28.23#30.95#40.82
-148.494,56.0715#28.09#30.97#40.94
-148.4,56.0701#27.91#30.98#41.11
-148.306,56.0686#27.73#31#41.27
-148.212,56.067#27.55#31.01#41.44
-148.118,56.0653#27.36#31.02#41.62
-148.024,56.0635#27.18#31.04#41.78
-147.93,56.0617#27.07#31.04#41.89
-147.837,56.0598#26.97#31.03#42
-147.743,56.0577#26.87#31.03#42.1
-147.649,56.0556#26.77#31.02#42.21
-147.555,56.0534#26.67#31.02#42.31
-147.461,56.0511#26.59#30.99#42.42
-147.367,56.0488#26.54#30.95#42.51
-147.273,56.0463#26.49#30.9#42.61
-147.179,56.0438#26.45#30.85#42.7
-147.085,56.0412#26.4#30.8#42.8
-146.991,56.0384#26.35#30.75#42.9
-146.898,56.0356#26.33#30.67#43
-146.804,56.0328#26.3#30.59#43.11
-146.71,56.0298#26.27#30.51#43.22
-146.616,56.0267#26.25#30.43#43.32
-146.523,56.0236#26.22#30.34#43.44
-146.429,56.0204#26.21#30.24#43.55
-146.335,56.0171#26.19#30.14#43.67
-146.241,56.0137#26.18#30.04#43.78
-146.148,56.0102#26.17#29.93#43.9
-146.054,56.0066#26.15#29.83#44.02
-145.96,56.003#26.14#29.74#44.12
-145.867,55.9992#26.14#29.68#44.18
-145.773,55.9954#26.13#29.62#44.25
-145.68,55.9915#26.12#29.56#44.32
-145.586,55.9875#26.12#29.5#44.38
-145.493,55.9834#26.11#29.44#44.45
-145.399,55.9792#26.11#29.5#44.39
-145.306,55.975#26.1#29.56#44.34
-145.212,55.9706#26.1#29.62#44.28
-145.119,55.9662#26.1#29.68#44.22
-145.025,55.9617#26.09#29.73#44.18
-144.932,55.9571#26.09#29.82#44.09
-144.839,55.9525#26.09#29.93#43.98
-144.745,55.9477#26.09#30.03#43.88
-144.652,55.9428#26.08#30.13#43.79
-144.559,55.9379#26.08#30.23#43.69
-144.466,55.9329#26.08#30.33#43.59
-144.373,55.9278#26.08#30.4#43.52
-144.279,55.9226#26.08#30.48#43.44
-144.186,55.9173#26.08#30.56#43.36
-144.093,55.912#26.08#30.64#43.28
-144,55.9065#26.08#30.71#43.21
-143.907,55.901#26.08#30.78#43.14
-156.846,55.9059#34.11#28.49#37.4
-156.753,55.9121#33.87#28.49#37.64
-156.66,55.9183#33.63#28.5#37.87
-156.567,55.9243#33.38#28.5#38.12
-156.474,55.9303#33.16#28.5#38.34
-156.381,55.9361#32.98#28.51#38.51
-156.288,55.9419#32.8#28.51#38.69
-156.195,55.9476#32.62#28.52#38.86
-156.102,55.9532#32.44#28.52#39.04
-156.009,55.9588#32.26#28.52#39.22
-155.915,55.9642#32.09#28.53#39.38
-155.822,55.9696#31.93#28.53#39.54
-155.729,55.9749#31.76#28.53#39.71
-155.636,55.9801#31.59#28.54#39.87
-155.542,55.9852#31.42#28.54#40.04
-155.449,55.9902#31.25#28.54#40.21
-155.355,55.9951#31.06#28.55#40.39
-155.262,56#30.88#28.55#40.57
-155.168,56.0048#30.7#28.55#40.75
-155.075,56.0094#30.51#28.56#40.93
-154.981,56.014#30.31#28.56#41.13
-154.888,56.0186#30.06#28.56#41.38
-154.794,56.023#29.81#28.57#41.62
-154.701,56.0273#29.55#28.57#41.88
-154.607,56.0316#29.3#28.58#42.12
-154.514,56.0358#29.04#28.58#42.38
-154.42,56.0399#28.8#28.58#42.62
-154.326,56.0439#28.56#28.59#42.85
-154.232,56.0478#28.32#28.59#43.09
-154.139,56.0516#28.08#28.59#43.33
-154.045,56.0554#27.84#28.6#43.56
-153.951,56.059#27.64#28.6#43.76
-153.857,56.0626#27.49#28.61#43.9
-153.764,56.0661#27.34#28.61#44.05
-153.67,56.0695#27.19#28.61#44.2
-153.576,56.0728#27.03#28.62#44.35
-153.482,56.076#26.9#28.62#44.48
-153.388,56.0792#26.83#28.62#44.55
-153.294,56.0822#26.76#28.63#44.61
-153.2,56.0852#26.7#28.63#44.67
-153.106,56.0881#26.63#28.64#44.73
-153.012,56.0909#26.56#28.64#44.8
-152.918,56.0936#26.59#28.64#44.77
-152.824,56.0962#26.64#28.65#44.71
-152.73,56.0988#26.7#28.65#44.65
-152.636,56.1012#26.75#28.66#44.59
-152.542,56.1036#26.8#28.66#44.54
-152.448,56.1059#26.9#28.67#44.43
-152.354,56.1081#27.05#28.69#44.26
-152.26,56.1102#27.2#28.7#44.1
-152.166,56.1122#27.35#28.71#43.94
-152.072,56.1142#27.5#28.72#43.78
-151.978,56.116#27.66#28.74#43.6
-151.884,56.1178#27.86#28.79#43.35
-151.789,56.1195#28.06#28.84#43.1
-151.695,56.1211#28.27#28.89#42.84
-151.601,56.1226#28.47#28.95#42.58
-151.507,56.124#28.67#29#42.33
-151.413,56.1254#28.77#29.07#42.16
-151.319,56.1266#28.86#29.15#41.99
-151.224,56.1278#28.94#29.23#41.83
-151.13,56.1289#29.02#29.31#41.67
-151.036,56.1298#29.11#29.39#41.5
-150.942,56.1308#29.16#29.49#41.35
-150.847,56.1316#29.19#29.6#41.21
-150.753,56.1323#29.22#29.71#41.07
-150.659,56.133#29.24#29.83#40.93
-150.565,56.1335#29.27#29.94#40.79
-150.471,56.134#29.29#30.03#40.68
-150.376,56.1344#29.29#30.1#40.61
-150.282,56.1347#29.28#30.17#40.55
-150.188,56.1349#29.28#30.24#40.48
-150.094,56.135#29.27#30.31#40.42
-149.999,56.1351#29.27#30.38#40.35
-149.905,56.135#29.25#30.43#40.32
-149.811,56.1349#29.24#30.49#40.27
-149.717,56.1347#29.22#30.55#40.23
-149.622,56.1344#29.21#30.6#40.19
-149.528,56.134#29.19#30.66#40.15
-149.434,56.1335#29.14#30.7#40.16
-149.34,56.1329#29.06#30.73#40.21
-149.246,56.1323#28.99#30.77#40.24
-149.151,56.1316#28.92#30.81#40.27
-149.057,56.1307#28.84#30.84#40.32
-148.963,56.1298#28.74#30.87#40.39
-148.869,56.1288#28.59#30.89#40.52
-148.774,56.1278#28.44#30.91#40.65
-148.68,56.1266#28.29#30.93#40.78
-148.586,56.1253#28.14#30.95#40.91
-148.492,56.124#27.98#30.97#41.05
-148.398,56.1226#27.8#30.98#41.22
-148.304,56.1211#27.62#30.99#41.39
-148.209,56.1195#27.43#31.01#41.56
-148.115,56.1178#27.25#31.02#41.73
-148.021,56.116#27.07#31.04#41.89
-147.927,56.1142#26.96#31.04#42
-147.833,56.1122#26.88#31.04#42.08
-147.739,56.1102#26.79#31.04#42.17
-147.645,56.1081#26.7#31.04#42.26
-147.551,56.1059#26.62#31.04#42.34
-147.457,56.1036#26.55#31.02#42.43
-147.363,56.1012#26.5#30.97#42.53
-147.269,56.0988#26.46#30.92#42.62
-147.175,56.0962#26.41#30.87#42.72
-147.081,56.0936#26.37#30.83#42.8
-146.987,56.0909#26.32#30.77#42.91
-146.893,56.0881#26.3#30.7#43
-146.799,56.0852#26.28#30.62#43.1
-146.705,56.0822#26.26#30.54#43.2
-146.611,56.0791#26.23#30.46#43.31
-146.517,56.076#26.21#30.38#43.41
-146.423,56.0728#26.19#30.28#43.53
-146.329,56.0694#26.18#30.17#43.65
-146.235,56.066#26.17#30.06#43.77
-146.141,56.0625#26.16#29.96#43.88
-146.048,56.059#26.15#29.85#44
-145.954,56.0553#26.14#29.77#44.09
-145.86,56.0516#26.13#29.71#44.16
-145.766,56.0477#26.12#29.65#44.23
-145.673,56.0438#26.12#29.58#44.3
-145.579,56.0398#26.11#29.52#44.37
-145.485,56.0357#26.11#29.48#44.41
-145.392,56.0315#26.1#29.54#44.36
-145.298,56.0273#26.1#29.59#44.31
-145.204,56.0229#26.1#29.65#44.25
-145.111,56.0185#26.09#29.71#44.2
-145.017,56.014#26.09#29.77#44.14
-144.924,56.0094#26.09#29.86#44.05
-144.83,56.0047#26.09#29.97#43.94
-144.737,55.9999#26.08#30.07#43.85
-144.643,55.9951#26.08#30.17#43.75
-144.55,55.9901#26.08#30.28#43.64
-144.457,55.9851#26.08#30.37#43.55
-144.363,55.98#26.08#30.45#43.47
-144.27,55.9748#26.08#30.53#43.39
-144.177,55.9695#26.08#30.61#43.31
-144.083,55.9642#26.08#30.68#43.24
-143.99,55.9587#26.08#30.76#43.16
-143.897,55.9532#26.07#30.83#43.1
-143.804,55.9476#26.07#30.89#43.04
-143.711,55.9418#26.07#30.96#42.97
-143.618,55.9361#26.07#31.02#42.91
-143.525,55.9302#26.07#31.09#42.84
-143.432,55.9242#26.07#31.15#42.78
-143.339,55.9182#26.07#31.22#42.71
-143.246,55.9121#26.07#31.28#42.65
-143.153,55.9058#26.07#31.34#42.59
-157.6,55.9052#36.6#28.47#34.93
-157.508,55.9121#36.29#28.47#35.24
-157.415,55.9189#36#28.47#35.53
-157.322,55.9256#35.7#28.48#35.82
-157.229,55.9323#35.4#28.48#36.12
-157.136,55.9388#35.1#28.48#36.42
-157.043,55.9453#34.8#28.49#36.71
-156.95,55.9517#34.53#28.49#36.98
-156.857,55.958#34.29#28.49#37.22
-156.764,55.9642#34.04#28.5#37.46
-156.671,55.9704#33.8#28.5#37.7
-156.578,55.9764#33.55#28.5#37.95
-156.485,55.9824#33.32#28.51#38.17
-156.392,55.9883#33.13#28.51#38.36
-156.298,55.9941#32.95#28.51#38.54
-156.205,55.9998#32.77#28.52#38.71
-156.112,56.0054#32.58#28.52#38.9
-156.018,56.011#32.39#28.52#39.09
-155.925,56.0164#32.22#28.53#39.25
-155.832,56.0218#32.06#28.53#39.41
-155.738,56.0271#31.89#28.54#39.57
-155.645,56.0323#31.72#28.54#39.74
-155.551,56.0374#31.55#28.54#39.91
-155.458,56.0424#31.38#28.55#40.07
-155.364,56.0474#31.19#28.55#40.26
-155.271,56.0523#31#28.55#40.45
-155.177,56.057#30.81#28.56#40.63
-155.083,56.0617#30.62#28.56#40.82
-154.99,56.0663#30.43#28.56#41.01
-154.896,56.0709#30.17#28.57#41.26
-154.802,56.0753#29.91#28.57#41.52
-154.708,56.0796#29.66#28.58#41.76
-154.615,56.0839#29.4#28.58#42.02
-154.521,56.0881#29.14#28.58#42.28
-154.427,56.0922#28.9#28.59#42.51
-154.333,56.0962#28.65#28.59#42.76
-154.239,56.1001#28.41#28.59#43
-154.146,56.104#28.17#28.6#43.23
-154.052,56.1077#27.92#28.6#43.48
-153.958,56.1114#27.71#28.6#43.69
-153.864,56.115#27.56#28.61#43.83
-153.77,56.1185#27.4#28.61#43.99
-153.676,56.1219#27.25#28.62#44.13
-153.582,56.1252#27.09#28.62#44.29
-153.488,56.1284#26.94#28.62#44.44
-153.394,56.1316#26.87#28.63#44.5
-153.3,56.1346#26.8#28.63#44.57
-153.205,56.1376#26.74#28.63#44.63
-153.111,56.1405#26.67#28.64#44.69
-153.017,56.1433#26.6#28.64#44.76
-152.923,56.146#26.63#28.65#44.72
-152.829,56.1487#26.69#28.65#44.66
-152.735,56.1512#26.75#28.66#44.59
-152.641,56.1537#26.81#28.66#44.53
-152.546,56.1561#26.87#28.66#44.47
-152.452,56.1584#26.97#28.67#44.36
-152.358,56.1606#27.13#28.68#44.19
-152.264,56.1627#27.29#28.69#44.02
-152.169,56.1647#27.44#28.7#43.86
-152.075,56.1667#27.6#28.71#43.69
-151.981,56.1685#27.77#28.73#43.5
-151.887,56.1703#27.97#28.78#43.25
-151.792,56.172#28.18#28.83#42.99
-151.698,56.1736#28.38#28.88#42.74
-151.604,56.1751#28.59#28.93#42.48
-151.509,56.1765#28.8#28.99#42.21
-151.415,56.1779#28.88#29.06#42.06
-151.321,56.1791#28.95#29.14#41.91
-151.226,56.1803#29.02#29.21#41.77
-151.132,56.1814#29.08#29.29#41.63
-151.038,56.1824#29.15#29.37#41.48
-150.943,56.1833#29.19#29.47#41.34
-150.849,56.1841#29.21#29.58#41.21
-150.755,56.1848#29.24#29.69#41.07
-150.66,56.1855#29.26#29.81#40.93
-150.566,56.186#29.28#29.92#40.8
-150.471,56.1865#29.3#30.02#40.68
-150.377,56.1869#29.29#30.09#40.62
-150.283,56.1872#29.28#30.15#40.57
-150.188,56.1874#29.27#30.22#40.51
-150.094,56.1875#29.26#30.29#40.45
-149.999,56.1876#29.26#30.36#40.38
-149.905,56.1875#29.24#30.41#40.35
-149.811,56.1874#29.22#30.47#40.31
-149.716,56.1872#29.21#30.53#40.26
-149.622,56.1869#29.19#30.59#40.22
-149.527,56.1865#29.18#30.64#40.18
-149.433,56.186#29.11#30.69#40.2
-149.339,56.1855#29.03#30.72#40.25
-149.244,56.1848#28.95#30.76#40.29
-149.15,56.1841#28.87#30.8#40.33
-149.056,56.1833#28.79#30.83#40.38
-148.961,56.1823#28.68#30.86#40.46
-148.867,56.1813#28.52#30.88#40.6
-148.772,56.1803#28.36#30.9#40.74
-148.678,56.1791#28.2#30.92#40.88
-148.584,56.1778#28.04#30.94#41.02
-148.489,56.1765#27.88#30.96#41.16
-148.395,56.1751#27.69#30.98#41.33
-148.301,56.1736#27.51#30.99#41.5
-148.207,56.172#27.32#31.01#41.67
-148.112,56.1703#27.13#31.02#41.85
-148.018,56.1685#26.95#31.04#42.01
-147.924,56.1666#26.86#31.04#42.1
-147.829,56.1647#26.78#31.05#42.17
-147.735,56.1627#26.71#31.05#42.24
-147.641,56.1605#26.64#31.06#42.3
-147.547,56.1583#26.57#31.06#42.37
-147.452,56.156#26.51#31.04#42.45
-147.358,56.1537#26.47#30.99#42.54
-147.264,56.1512#26.42#30.94#42.64
-147.17,56.1487#26.38#30.9#42.72
-147.076,56.146#26.34#30.85#42.81
-146.982,56.1433#26.3#30.8#42.9
-146.887,56.1405#26.28#30.72#43
-146.793,56.1376#26.26#30.65#43.09
-146.699,56.1346#26.24#30.57#43.19
-146.605,56.1315#26.22#30.49#43.29
-146.511,56.1284#26.19#30.42#43.39
-146.417,56.1252#26.18#30.31#43.51
-146.323,56.1218#26.17#30.2#43.63
-146.229,56.1184#26.16#30.09#43.75
-146.135,56.1149#26.15#29.99#43.86
-146.041,56.1113#26.14#29.88#43.98
-145.947,56.1077#26.13#29.8#44.07
-145.853,56.1039#26.12#29.73#44.15
-145.759,56.1001#26.12#29.67#44.21
-145.666,56.0962#26.11#29.61#44.28
-145.572,56.0921#26.11#29.55#44.34
-145.478,56.088#26.1#29.51#44.39
-145.384,56.0839#26.1#29.57#44.33
-145.29,56.0796#26.1#29.63#44.27
-145.197,56.0752#26.09#29.68#44.23
-145.103,56.0708#26.09#29.74#44.17
-145.009,56.0663#26.09#29.8#44.11
-144.916,56.0617#26.09#29.9#44.01
-144.822,56.057#26.08#30#43.92
-144.728,56.0522#26.08#30.11#43.81
-144.635,56.0473#26.08#30.21#43.71
-144.541,56.0424#26.08#30.32#43.6
-144.448,56.0373#26.08#30.41#43.51
-144.354,56.0322#26.08#30.49#43.43
-144.261,56.027#26.08#30.57#43.35
-144.167,56.0217#26.08#30.65#43.27
-144.074,56.0163#26.08#30.73#43.19
-143.98,56.0109#26.07#30.81#43.12
-143.887,56.0053#26.07#30.88#43.05
-143.794,55.9997#26.07#30.94#42.99
-143.701,55.994#26.07#31.01#42.92
-143.607,55.9882#26.07#31.08#42.85
-143.514,55.9823#26.07#31.14#42.79
-143.421,55.9763#26.07#31.21#42.72
-143.328,55.9703#26.07#31.27#42.66
-143.235,55.9641#26.07#31.34#42.59
-143.142,55.9579#26.07#31.4#42.53
-143.049,55.9516#26.07#31.46#42.47
-142.956,55.9452#26.07#31.52#42.41
-142.863,55.9388#26.07#31.59#42.34
-142.77,55.9322#26.07#31.65#42.28
-142.677,55.9255#26.07#31.71#42.22
-142.584,55.9188#26.07#31.77#42.16
-142.491,55.912#26.07#31.83#42.1
-142.398,55.9051#26.07#31.89#42.04
-158.262,55.9065#38.86#28.44#32.7
-158.169,55.914#38.58#28.45#32.97
-158.077,55.9214#38.31#28.45#33.24
-157.984,55.9287#38.02#28.45#33.53
-157.891,55.936#37.72#28.46#33.82
-157.799,55.9431#37.42#28.46#34.12
-157.706,55.9502#37.11#28.47#34.42
-157.613,55.9572#36.81#28.47#34.72
-157.52,55.9641#36.5#28.47#35.03
-157.427,55.9709#36.2#28.48#35.32
-157.334,55.9777#35.9#28.48#35.62
-157.241,55.9843#35.59#28.48#35.93
-157.148,55.9909#35.29#28.49#36.22
-157.055,55.9974#34.99#28.49#36.52
-156.962,56.0038#34.71#28.49#36.8
-156.868,56.0101#34.46#28.5#37.04
-156.775,56.0163#34.22#28.5#37.28
-156.682,56.0225#33.97#28.5#37.53
-156.589,56.0285#33.72#28.51#37.77
-156.495,56.0345#33.47#28.51#38.02
-156.402,56.0404#33.29#28.51#38.2
-156.309,56.0462#33.1#28.52#38.38
-156.215,56.052#32.91#28.52#38.57
-156.122,56.0576#32.72#28.52#38.76
-156.028,56.0632#32.53#28.53#38.94
-155.935,56.0686#32.35#28.53#39.12
-155.841,56.074#32.19#28.53#39.28
-155.748,56.0793#32.02#28.54#39.44
-155.654,56.0845#31.85#28.54#39.61
-155.56,56.0897#31.68#28.55#39.77
-155.467,56.0947#31.51#28.55#39.94
-155.373,56.0997#31.32#28.55#40.13
-155.279,56.1045#31.12#28.56#40.32
-155.185,56.1093#30.93#28.56#40.51
-155.092,56.114#30.74#28.56#40.7
-154.998,56.1186#30.54#28.57#40.89
-154.904,56.1232#30.28#28.57#41.15
-154.81,56.1276#30.02#28.57#41.41
-154.716,56.132#29.76#28.58#41.66
-154.622,56.1363#29.51#28.58#41.91
-154.528,56.1404#29.25#28.59#42.16
-154.434,56.1445#29#28.59#42.41
-154.34,56.1486#28.75#28.59#42.66
-154.246,56.1525#28.5#28.6#42.9
-154.152,56.1563#28.25#28.6#43.15
-154.058,56.1601#28#28.6#43.4
-153.964,56.1638#27.79#28.61#43.6
-153.87,56.1674#27.63#28.61#43.76
-153.776,56.1709#27.47#28.61#43.92
-153.682,56.1743#27.3#28.62#44.08
-153.588,56.1776#27.14#28.62#44.24
-153.493,56.1809#26.98#28.63#44.39
-153.399,56.184#26.92#28.63#44.45
-153.305,56.1871#26.85#28.63#44.52
-153.211,56.1901#26.78#28.64#44.58
-153.116,56.193#26.71#28.64#44.65
-153.022,56.1958#26.65#28.64#44.71
-152.928,56.1985#26.68#28.65#44.67
-152.834,56.2011#26.75#28.65#44.6
-152.739,56.2037#26.82#28.66#44.52
-152.645,56.2062#26.88#28.66#44.46
-152.551,56.2085#26.95#28.67#44.38
-152.456,56.2108#27.06#28.67#44.27
-152.362,56.213#27.23#28.68#44.09
-152.267,56.2152#27.39#28.69#43.92
-152.173,56.2172#27.55#28.7#43.75
-152.079,56.2192#27.71#28.71#43.58
-151.984,56.221#27.88#28.72#43.4
-151.89,56.2228#28.07#28.78#43.15
-151.795,56.2245#28.27#28.83#42.9
-151.701,56.2261#28.46#28.88#42.66
-151.606,56.2276#28.66#28.93#42.41
-151.512,56.229#28.85#28.99#42.16
-151.417,56.2304#28.92#29.06#42.02
-151.323,56.2316#28.98#29.14#41.88
-151.228,56.2328#29.04#29.22#41.74
-151.134,56.2339#29.1#29.29#41.61
-151.039,56.2349#29.16#29.37#41.47
-150.945,56.2358#29.2#29.47#41.33
-150.85,56.2366#29.22#29.57#41.21
-150.756,56.2373#29.24#29.68#41.08
-150.661,56.238#29.25#29.79#40.96
-150.567,56.2386#29.27#29.89#40.84
-150.472,56.239#29.29#29.99#40.72
-150.378,56.2394#29.28#30.06#40.66
-150.283,56.2397#29.27#30.13#40.6
-150.189,56.2399#29.26#30.2#40.54
-150.094,56.2401#29.25#30.26#40.49
-149.999,56.2401#29.24#30.33#40.43
-149.905,56.2401#29.21#30.39#40.4
-149.81,56.2399#29.19#30.45#40.36
-149.716,56.2397#29.17#30.5#40.33
-149.621,56.2394#29.15#30.56#40.29
-149.527,56.239#29.12#30.62#40.26
-149.432,56.2386#29.05#30.66#40.29
-149.338,56.238#28.96#30.7#40.34
-149.243,56.2373#28.88#30.74#40.38
-149.149,56.2366#28.79#30.78#40.43
-149.054,56.2358#28.7#30.82#40.48
-148.959,56.2349#28.58#30.85#40.57
-148.865,56.2339#28.42#30.87#40.71
-148.77,56.2328#28.26#30.89#40.85
-148.676,56.2316#28.09#30.91#41
-148.581,56.2304#27.93#30.93#41.14
-148.487,56.229#27.77#30.96#41.27
-148.392,56.2276#27.59#30.97#41.44
-148.298,56.2261#27.41#30.99#41.6
-148.204,56.2245#27.23#31#41.77
-148.109,56.2228#27.05#31.02#41.93
-148.015,56.221#26.87#31.03#42.1
-147.92,56.2191#26.79#31.04#42.17
-147.826,56.2172#26.72#31.05#42.23
-147.731,56.2151#26.66#31.06#42.28
-147.637,56.213#26.59#31.06#42.35
-147.543,56.2108#26.52#31.07#42.41
-147.448,56.2085#26.47#31.05#42.48
-147.354,56.2061#26.43#31#42.57
-147.26,56.2037#26.39#30.96#42.65
-147.165,56.2011#26.35#30.91#42.74
-147.071,56.1985#26.31#30.87#42.82
-146.977,56.1957#26.28#30.81#42.91
-146.882,56.1929#26.26#30.74#43
-146.788,56.19#26.24#30.67#43.09
-146.694,56.187#26.22#30.6#43.18
-146.6,56.184#26.2#30.53#43.27
-146.505,56.1808#26.18#30.45#43.37
-146.411,56.1776#26.17#30.34#43.49
-146.317,56.1742#26.16#30.23#43.61
-146.223,56.1708#26.15#30.12#43.73
-146.129,56.1673#26.14#30.01#43.85
-146.035,56.1637#26.13#29.9#43.97
-145.941,56.1601#26.12#29.82#44.06
-145.847,56.1563#26.12#29.76#44.12
-145.752,56.1524#26.11#29.7#44.19
-145.658,56.1485#26.11#29.63#44.26
-145.564,56.1445#26.1#29.57#44.33
-145.47,56.1404#26.1#29.55#44.35
-145.377,56.1362#26.1#29.6#44.3
-145.283,56.1319#26.09#29.66#44.25
-145.189,56.1276#26.09#29.72#44.19
-145.095,56.1231#26.09#29.78#44.13
-145.001,56.1186#26.09#29.83#44.08
-144.907,56.114#26.08#29.94#43.98
-144.813,56.1093#26.08#30.04#43.88
-144.72,56.1045#26.08#30.15#43.77
-144.626,56.0996#26.08#30.26#43.66
-144.532,56.0946#26.08#30.36#43.56
-144.438,56.0896#26.08#30.45#43.47
-144.345,56.0845#26.08#30.53#43.39
-144.251,56.0792#26.08#30.62#43.3
-144.158,56.0739#26.08#30.7#43.22
-144.064,56.0686#26.07#30.78#43.15
-143.971,56.0631#26.07#30.86#43.07
-143.877,56.0575#26.07#30.93#43
-143.784,56.0519#26.07#30.99#42.94
-143.69,56.0462#26.07#31.06#42.87
-143.597,56.0403#26.07#31.13#42.8
-143.503,56.0345#26.07#31.2#42.73
-143.41,56.0285#26.07#31.26#42.67
-143.317,56.0224#26.07#31.33#42.6
-143.224,56.0163#26.07#31.39#42.54
-143.13,56.01#26.07#31.45#42.48
-143.037,56.0037#26.07#31.52#42.41
-142.944,55.9973#26.07#31.58#42.35
-142.851,55.9908#26.07#31.64#42.29
-142.758,55.9842#26.07#31.71#42.22
-142.665,55.9776#26.07#31.77#42.16
-142.572,55.9708#26.07#31.83#42.1
-142.479,55.964#26.07#31.89#42.04
-142.386,55.9571#26.07#31.95#41.98
-142.293,55.9501#26.07#32#41.93
-142.2,55.943#26.07#32.06#41.87
-142.108,55.9359#26.07#32.11#41.82
-142.015,55.9286#26.07#32.16#41.77
-141.922,55.9213#26.07#32.21#41.72
-141.829,55.9139#26.07#32.25#41.68
-141.737,55.9064#26.07#32.29#41.64
-158.924,55.9035#41.11#28.42#30.47
-158.831,55.9116#40.82#28.43#30.75
-158.739,55.9196#40.53#28.43#31.04
-158.646,55.9275#40.24#28.43#31.33
-158.554,55.9354#39.95#28.44#31.61
-158.461,55.9431#39.67#28.44#31.89
-158.368,55.9508#39.39#28.44#32.17
-158.276,55.9584#39.11#28.45#32.44
-158.183,55.9659#38.83#28.45#32.72
-158.09,55.9733#38.54#28.45#33.01
-157.997,55.9807#38.26#28.46#33.28
-157.904,55.9879#37.95#28.46#33.59
-157.811,55.9951#37.64#28.46#33.9
-157.718,56.0022#37.33#28.47#34.2
-157.625,56.0092#37.02#28.47#34.51
-157.532,56.0161#36.7#28.47#34.83
-157.439,56.023#36.4#28.48#35.12
-157.346,56.0297#36.09#28.48#35.43
-157.253,56.0364#35.79#28.48#35.73
-157.16,56.043#35.49#28.49#36.02
-157.066,56.0495#35.18#28.49#36.33
-156.973,56.0559#34.89#28.49#36.62
-156.88,56.0622#34.64#28.5#36.86
-156.786,56.0685#34.39#28.5#37.11
-156.693,56.0746#34.14#28.51#37.35
-156.6,56.0807#33.89#28.51#37.6
-156.506,56.0867#33.64#28.51#37.85
-156.413,56.0926#33.44#28.52#38.04
-156.319,56.0984#33.25#28.52#38.23
-156.225,56.1041#33.05#28.52#38.43
-156.132,56.1098#32.86#28.53#38.61
-156.038,56.1154#32.66#28.53#38.81
-155.944,56.1208#32.48#28.53#38.99
-155.851,56.1262#32.32#28.54#39.14
-155.757,56.1315#32.15#28.54#39.31
-155.663,56.1368#31.98#28.54#39.48
-155.569,56.1419#31.81#28.55#39.64
-155.476,56.147#31.64#28.55#39.81
-155.382,56.1519#31.44#28.56#40
-155.288,56.1568#31.25#28.56#40.19
-155.194,56.1616#31.05#28.56#40.39
-155.1,56.1663#30.85#28.57#40.58
-155.006,56.171#30.65#28.57#40.78
-154.912,56.1755#30.39#28.57#41.04
-154.818,56.1799#30.13#28.58#41.29
-154.724,56.1843#29.87#28.58#41.55
-154.63,56.1886#29.61#28.58#41.81
-154.536,56.1928#29.35#28.59#42.06
-154.442,56.1969#29.1#28.59#42.31
-154.348,56.2009#28.85#28.6#42.55
-154.253,56.2049#28.6#28.6#42.8
-154.159,56.2087#28.35#28.6#43.05
-154.065,56.2125#28.09#28.61#43.3
-153.971,56.2162#27.87#28.61#43.52
-153.876,56.2198#27.71#28.61#43.68
-153.782,56.2233#27.55#28.62#43.83
-153.688,56.2267#27.38#28.62#44
-153.594,56.23#27.22#28.62#44.16
-153.499,56.2333#27.05#28.63#44.32
-153.405,56.2364#26.99#28.63#44.38
-153.31,56.2395#26.93#28.64#44.43
-153.216,56.2425#26.87#28.64#44.49
-153.122,56.2454#26.8#28.64#44.56
-153.027,56.2482#26.74#28.65#44.61
-152.933,56.251#26.77#28.65#44.58
-152.838,56.2536#26.85#28.66#44.49
-152.744,56.2562#26.92#28.66#44.42
-152.649,56.2586#26.99#28.66#44.35
-152.555,56.261#27.07#28.67#44.26
-152.46,56.2633#27.18#28.68#44.14
-152.366,56.2655#27.34#28.69#43.97
-152.271,56.2677#27.5#28.7#43.8
-152.177,56.2697#27.66#28.71#43.63
-152.082,56.2717#27.82#28.72#43.46
-151.987,56.2735#27.99#28.73#43.28
-151.893,56.2753#28.17#28.79#43.04
-151.798,56.277#28.35#28.84#42.81
-151.704,56.2786#28.53#28.89#42.58
-151.609,56.2801#28.7#28.94#42.36
-151.514,56.2816#28.88#28.99#42.13
-151.42,56.2829#28.95#29.07#41.98
-151.325,56.2842#29.01#29.14#41.85
-151.23,56.2853#29.06#29.22#41.72
-151.136,56.2864#29.12#29.3#41.58
-151.041,56.2874#29.17#29.38#41.45
-150.946,56.2883#29.2#29.47#41.33
-150.852,56.2892#29.22#29.57#41.21
-150.757,56.2899#29.23#29.67#41.1
-150.662,56.2905#29.25#29.77#40.98
-150.568,56.2911#29.26#29.87#40.87
-150.473,56.2916#29.27#29.96#40.77
-150.378,56.292#29.26#30.03#40.71
-150.284,56.2923#29.25#30.1#40.65
-150.189,56.2925#29.24#30.17#40.59
-150.094,56.2926#29.23#30.24#40.53
-149.999,56.2927#29.22#30.31#40.47
-149.905,56.2926#29.19#30.36#40.45
-149.81,56.2925#29.16#30.42#40.42
-149.715,56.2923#29.13#30.48#40.39
-149.621,56.292#29.1#30.54#40.36
-149.526,56.2916#29.07#30.59#40.34
-149.431,56.2911#28.99#30.64#40.37
-149.336,56.2905#28.89#30.68#40.43
-149.242,56.2899#28.8#30.72#40.48
-149.147,56.2891#28.7#30.76#40.54
-149.052,56.2883#28.6#30.8#40.6
-148.958,56.2874#28.48#30.83#40.69
-148.863,56.2864#28.31#30.86#40.83
-148.768,56.2853#28.15#30.88#40.97
-148.674,56.2841#27.99#30.9#41.11
-148.579,56.2829#27.82#30.93#41.25
-148.484,56.2815#27.66#30.95#41.39
-148.39,56.2801#27.49#30.96#41.55
-148.295,56.2786#27.33#30.98#41.69
-148.201,56.277#27.16#31#41.84
-148.106,56.2753#26.99#31.01#42
-148.011,56.2735#26.83#31.03#42.14
-147.917,56.2716#26.75#31.04#42.21
-147.822,56.2697#26.69#31.04#42.27
-147.728,56.2676#26.62#31.05#42.33
-147.633,56.2655#26.56#31.06#42.38
-147.539,56.2633#26.5#31.06#42.44
-147.444,56.261#26.45#31.04#42.51
-147.35,56.2586#26.41#31#42.59
-147.255,56.2561#26.37#30.95#42.68
-147.161,56.2536#26.33#30.91#42.76
-147.066,56.2509#26.3#30.87#42.83
-146.972,56.2482#26.26#30.82#42.92
-146.877,56.2454#26.25#30.75#43
-146.783,56.2425#26.23#30.68#43.09
-146.688,56.2395#26.21#30.61#43.18
-146.594,56.2364#26.19#30.54#43.27
-146.5,56.2332#26.17#30.47#43.36
-146.405,56.23#26.16#30.36#43.48
-146.311,56.2267#26.16#30.26#43.58
-146.217,56.2232#26.15#30.15#43.7
-146.122,56.2197#26.14#30.04#43.82
-146.028,56.2161#26.13#29.94#43.93
-145.934,56.2124#26.12#29.86#44.02
-145.84,56.2087#26.12#29.8#44.08
-145.745,56.2048#26.11#29.73#44.16
-145.651,56.2009#26.11#29.67#44.22
-145.557,56.1969#26.1#29.6#44.3
-145.463,56.1927#26.1#29.58#44.32
-145.369,56.1885#26.09#29.64#44.27
-145.275,56.1843#26.09#29.69#44.22
-145.181,56.1799#26.09#29.75#44.16
-145.087,56.1754#26.09#29.81#44.1
-144.993,56.1709#26.08#29.87#44.05
-144.899,56.1663#26.08#29.98#43.94
-144.805,56.1616#26.08#30.08#43.84
-144.711,56.1568#26.08#30.19#43.73
-144.617,56.1519#26.08#30.3#43.62
-144.523,56.1469#26.08#30.4#43.52
-144.429,56.1418#26.08#30.49#43.43
-144.336,56.1367#26.08#30.58#43.34
-144.242,56.1315#26.08#30.66#43.26
-144.148,56.1262#26.08#30.75#43.17
-144.054,56.1208#26.07#30.83#43.1
-143.961,56.1153#26.07#30.91#43.02
-143.867,56.1097#26.07#30.98#42.95
-143.773,56.1041#26.07#31.05#42.88
-143.68,56.0983#26.07#31.11#42.82
-143.586,56.0925#26.07#31.18#42.75
-143.493,56.0866#26.07#31.25#42.68
-143.399,56.0806#26.07#31.32#42.61
-143.306,56.0745#26.07#31.38#42.55
-143.212,56.0684#26.07#31.45#42.48
-143.119,56.0621#26.07#31.51#42.42
-143.026,56.0558#26.07#31.58#42.35
-142.933,56.0494#26.07#31.64#42.29
-142.839,56.0429#26.07#31.7#42.23
-142.746,56.0363#26.07#31.77#42.16
-142.653,56.0296#26.07#31.83#42.1
-142.56,56.0229#26.07#31.89#42.04
-142.467,56.016#26.07#31.95#41.98
-142.374,56.0091#26.07#32.01#41.92
-142.281,56.0021#26.07#32.07#41.86
-142.188,55.995#26.07#32.13#41.8
-142.095,55.9878#26.07#32.18#41.75
-142.002,55.9806#26.07#32.24#41.69
-141.909,55.9732#26.07#32.28#41.65
-141.816,55.9658#26.07#32.33#41.6
-141.723,55.9583#26.07#32.38#41.55
-141.631,55.9507#26.07#32.42#41.51
-141.538,55.943#26.07#32.46#41.47
-141.445,55.9353#26.08#32.55#41.37
-141.353,55.9274#26.1#32.67#41.23
-141.26,55.9195#26.12#32.78#41.1
-141.168,55.9115#26.14#32.9#40.96
-141.075,55.9034#26.16#33.01#40.83
-159.493,55.9049#42.96#28.41#28.63
-159.4,55.9135#42.69#28.41#28.9
-159.308,55.922#42.42#28.42#29.16
-159.216,55.9305#42.16#28.42#29.42
-159.123,55.9388#41.91#28.42#29.67
-159.031,55.9471#41.65#28.42#29.93
-158.938,55.9553#41.37#28.43#30.2
-158.846,55.9634#41.09#28.43#30.48
-158.753,55.9714#40.79#28.43#30.78
-158.66,55.9794#40.5#28.44#31.06
-158.568,55.9872#40.21#28.44#31.35
-158.475,55.995#39.92#28.44#31.64
-158.382,56.0027#39.64#28.45#31.91
-158.289,56.0103#39.35#28.45#32.2
-158.196,56.0178#39.07#28.45#32.48
-158.103,56.0253#38.79#28.46#32.75
-158.01,56.0326#38.5#28.46#33.04
-157.917,56.0399#38.19#28.46#33.35
-157.824,56.0471#37.87#28.47#33.66
-157.731,56.0542#37.55#28.47#33.98
-157.638,56.0612#37.23#28.47#34.3
-157.545,56.0682#36.91#28.48#34.61
-157.451,56.075#36.6#28.48#34.92
-157.358,56.0818#36.29#28.48#35.23
-157.265,56.0884#35.99#28.49#35.52
-157.171,56.095#35.68#28.49#35.83
-157.078,56.1016#35.37#28.49#36.14
-156.984,56.108#35.07#28.5#36.43
-156.891,56.1143#34.82#28.5#36.68
-156.797,56.1206#34.57#28.5#36.93
-156.704,56.1268#34.32#28.51#37.17
-156.61,56.1328#34.06#28.51#37.43
-156.517,56.1388#33.8#28.52#37.68
-156.423,56.1448#33.6#28.52#37.88
-156.329,56.1506#33.4#28.52#38.08
-156.236,56.1563#33.2#28.53#38.27
-156.142,56.162#33#28.53#38.47
-156.048,56.1676#32.8#28.53#38.67
-155.954,56.1731#32.61#28.54#38.85
-155.86,56.1785#32.45#28.54#39.01
-155.767,56.1838#32.28#28.54#39.18
-155.673,56.189#32.11#28.55#39.34
-155.579,56.1942#31.94#28.55#39.51
-155.485,56.1992#31.77#28.55#39.68
-155.391,56.2042#31.57#28.56#39.87
-155.297,56.2091#31.36#28.56#40.08
-155.203,56.2139#31.16#28.57#40.27
-155.108,56.2186#30.96#28.57#40.47
-155.014,56.2233#30.76#28.57#40.67
-154.92,56.2278#30.51#28.58#40.91
-154.826,56.2323#30.25#28.58#41.17
-154.732,56.2367#29.98#28.58#41.44
-154.638,56.241#29.72#28.59#41.69
-154.543,56.2452#29.46#28.59#41.95
-154.449,56.2493#29.2#28.59#42.21
-154.355,56.2533#28.95#28.6#42.45
-154.26,56.2573#28.7#28.6#42.7
-154.166,56.2611#28.45#28.61#42.94
-154.072,56.2649#28.2#28.61#43.19
-153.977,56.2686#27.96#28.61#43.43
-153.883,56.2722#27.8#28.62#43.58
-153.788,56.2757#27.63#28.62#43.75
-153.694,56.2791#27.47#28.62#43.91
-153.599,56.2825#27.3#28.63#44.07
-153.505,56.2857#27.13#28.63#44.24
-153.41,56.2889#27.07#28.64#44.29
-153.316,56.292#27.01#28.64#44.35
-153.221,56.295#26.95#28.64#44.41
-153.127,56.2979#26.89#28.65#44.46
-153.032,56.3007#26.83#28.65#44.52
-152.938,56.3035#26.87#28.66#44.47
-152.843,56.3061#26.94#28.66#44.4
-152.748,56.3087#27.02#28.66#44.32
-152.654,56.3111#27.1#28.67#44.23
-152.559,56.3135#27.18#28.67#44.15
-152.464,56.3158#27.29#28.68#44.03
-152.37,56.3181#27.46#28.69#43.85
-152.275,56.3202#27.62#28.7#43.68
-152.18,56.3222#27.78#28.71#43.51
-152.085,56.3242#27.94#28.73#43.33
-151.991,56.3261#28.1#28.74#43.16
-151.896,56.3278#28.27#28.79#42.94
-151.801,56.3295#28.43#28.85#42.72
-151.706,56.3311#28.59#28.9#42.51
-151.612,56.3327#28.75#28.95#42.3
-151.517,56.3341#28.91#29#42.09
-151.422,56.3354#28.98#29.07#41.95
-151.327,56.3367#29.03#29.15#41.82
-151.232,56.3379#29.08#29.23#41.69
-151.138,56.339#29.13#29.3#41.57
-151.043,56.34#29.18#29.38#41.44
-150.948,56.3409#29.21#29.47#41.32
-150.853,56.3417#29.22#29.56#41.22
-150.758,56.3424#29.23#29.66#41.11
-150.663,56.3431#29.24#29.75#41.01
-150.569,56.3437#29.25#29.84#40.91
-150.474,56.3441#29.26#29.93#40.81
-150.379,56.3445#29.25#30#40.75
-150.284,56.3448#29.24#30.07#40.69
-150.189,56.3451#29.22#30.14#40.64
-150.094,56.3452#29.21#30.21#40.58
-149.999,56.3452#29.2#30.28#40.52
-149.905,56.3452#29.16#30.34#40.5
-149.81,56.3451#29.13#30.4#40.47
-149.715,56.3448#29.09#30.45#40.46
-149.62,56.3445#29.05#30.51#40.44
-149.525,56.3441#29.02#30.57#40.41
-149.43,56.3437#28.93#30.61#40.46
-149.335,56.3431#28.82#30.66#40.52
