-151.26,71.901#26.3#46.66#27.04
-151.08,71.9021#26.3#46.65#27.05
-150.9,71.9031#26.3#46.64#27.06
-150.72,71.9039#26.3#46.62#27.08
-150.539,71.9045#26.3#46.6#27.1
-150.359,71.905#26.31#46.59#27.1
-150.179,71.9052#26.31#46.57#27.12
-149.999,71.9053#26.31#46.55#27.14
-149.819,71.9052#26.31#46.54#27.15
-149.639,71.905#26.32#46.52#27.16
-149.458,71.9045#26.32#46.5#27.18
-149.278,71.9039#26.33#46.49#27.18
-149.098,71.9031#26.33#46.47#27.2
-148.918,71.9021#26.33#46.46#27.21
-148.738,71.901#26.34#46.44#27.22
-154.688,71.9017#28.75#46.65#24.6
-154.508,71.9062#28.4#46.66#24.94
-154.329,71.9105#28.02#46.67#25.31
-154.149,71.9147#27.63#46.68#25.69
-153.969,71.9186#27.27#46.68#26.05
-153.789,71.9224#27.06#46.69#26.25
-153.609,71.926#26.85#46.69#26.46
-153.429,71.9295#26.68#46.69#26.63
-153.249,71.9327#26.58#46.69#26.73
-153.069,71.9358#26.49#46.7#26.81
-152.888,71.9387#26.43#46.7#26.87
-152.708,71.9414#26.39#46.7#26.91
-152.528,71.944#26.36#46.7#26.94
-152.347,71.9464#26.34#46.7#26.96
-152.167,71.9486#26.32#46.69#26.99
-151.986,71.9506#26.31#46.69#27
-151.806,71.9525#26.31#46.68#27.01
-151.625,71.9541#26.3#46.67#27.03
-151.445,71.9556#26.3#46.66#27.04
-151.264,71.957#26.3#46.64#27.06
-151.083,71.9581#26.3#46.63#27.07
-150.903,71.9591#26.3#46.61#27.09
-150.722,71.9599#26.3#46.59#27.11
-150.541,71.9605#26.3#46.57#27.13
-150.36,71.9609#26.31#46.55#27.14
-150.18,71.9612#26.31#46.53#27.16
-149.999,71.9613#26.31#46.51#27.18
-149.818,71.9612#26.32#46.49#27.19
-149.637,71.9609#26.32#46.47#27.21
-149.457,71.9605#26.32#46.45#27.23
-149.276,71.9599#26.33#46.44#27.23
-149.095,71.9591#26.33#46.42#27.25
-148.915,71.9581#26.33#46.4#27.27
-148.734,71.9569#26.34#46.38#27.28
-148.553,71.9556#26.34#46.36#27.3
-148.373,71.9541#26.34#46.35#27.31
-148.192,71.9524#26.35#46.33#27.32
-148.011,71.9506#26.35#46.31#27.34
-147.831,71.9486#26.36#46.3#27.34
-147.65,71.9463#26.36#46.28#27.36
-147.47,71.944#26.37#46.27#27.36
-147.29,71.9414#26.37#46.26#27.37
-147.109,71.9387#26.38#46.25#27.37
-146.929,71.9358#26.39#46.23#27.38
-146.749,71.9327#26.39#46.22#27.39
-146.569,71.9294#26.4#46.21#27.39
-146.389,71.926#26.4#46.2#27.4
-146.209,71.9224#26.41#46.19#27.4
-146.029,71.9186#26.41#46.18#27.41
-145.849,71.9146#26.42#46.17#27.41
-145.669,71.9105#26.42#46.16#27.42
-145.49,71.9062#26.43#46.15#27.42
-145.31,71.9017#26.43#46.14#27.43
-156.498,71.9029#28.74#46.35#24.91
-156.319,71.9091#28.92#46.4#24.68
-156.14,71.9152#29.1#46.46#24.44
-155.961,71.9211#29.25#46.51#24.24
-155.781,71.9268#29.3#46.54#24.16
-155.602,71.9324#29.34#46.57#24.09
-155.422,71.9377#29.36#46.6#24.04
-155.242,71.943#29.36#46.62#24.02
-155.063,71.948#29.35#46.63#24.02
-154.883,71.9528#29.12#46.65#24.23
-154.703,71.9575#28.78#46.66#24.56
-154.522,71.962#28.43#46.67#24.9
-154.342,71.9663#28.04#46.67#25.29
-154.162,71.9705#27.64#46.68#25.68
-153.981,71.9745#27.26#46.68#26.06
-153.801,71.9783#27.05#46.69#26.26
-153.62,71.9819#26.83#46.69#26.48
-153.44,71.9853#26.66#46.69#26.65
-153.259,71.9886#26.57#46.69#26.74
-153.078,71.9917#26.48#46.7#26.82
-152.898,71.9946#26.43#46.7#26.87
-152.717,71.9973#26.39#46.7#26.91
-152.536,71.9999#26.35#46.69#26.96
-152.355,72.0023#26.34#46.69#26.97
-152.174,72.0045#26.32#46.68#27
-151.993,72.0065#26.31#46.68#27.01
-151.811,72.0084#26.31#46.67#27.02
-151.63,72.0101#26.3#46.65#27.05
-151.449,72.0116#26.3#46.64#27.06
-151.268,72.0129#26.3#46.63#27.07
-151.087,72.0141#26.3#46.61#27.09
-150.905,72.015#26.3#46.59#27.11
-150.724,72.0158#26.3#46.57#27.13
-150.543,72.0165#26.3#46.54#27.16
-150.362,72.0169#26.31#46.52#27.17
-150.18,72.0172#26.31#46.5#27.19
-149.999,72.0172#26.31#46.47#27.22
-149.818,72.0172#26.32#46.45#27.23
-149.636,72.0169#26.32#46.43#27.25
-149.455,72.0164#26.32#46.4#27.28
-149.274,72.0158#26.33#46.38#27.29
-149.092,72.015#26.33#46.36#27.31
-148.911,72.0141#26.33#46.34#27.33
-148.73,72.0129#26.34#46.32#27.34
-148.549,72.0116#26.34#46.3#27.36
-148.367,72.0101#26.35#46.28#27.37
-148.186,72.0084#26.35#46.26#27.39
-148.005,72.0065#26.35#46.24#27.41
-147.824,72.0045#26.36#46.22#27.42
-147.643,72.0023#26.36#46.2#27.44
-147.462,71.9999#26.37#46.19#27.44
-147.281,71.9973#26.37#46.17#27.46
-147.1,71.9946#26.38#46.16#27.46
-146.919,71.9916#26.39#46.14#27.47
-146.739,71.9886#26.39#46.13#27.48
-146.558,71.9853#26.4#46.12#27.48
-146.377,71.9818#26.4#46.1#27.5
-146.197,71.9782#26.41#46.09#27.5
-146.016,71.9744#26.41#46.08#27.51
-145.836,71.9704#26.42#46.07#27.51
-145.656,71.9663#26.42#46.06#27.52
-145.475,71.9619#26.43#46.05#27.52
-145.295,71.9574#26.43#46.04#27.53
-145.115,71.9528#26.44#46.03#27.53
-144.935,71.9479#26.44#46.02#27.54
-144.755,71.9429#26.45#46.01#27.54
-144.576,71.9377#26.46#46#27.54
-144.396,71.9323#26.47#45.99#27.54
-144.216,71.9268#26.49#45.98#27.53
-144.037,71.921#26.51#45.97#27.52
-143.858,71.9151#26.61#45.96#27.43
-143.678,71.909#26.74#45.95#27.31
-143.499,71.9028#26.88#45.95#27.17
-157.951,71.9021#26.07#45.48#28.45
-157.772,71.9097#26.07#45.6#28.33
-157.594,71.9172#26.07#45.73#28.2
-157.415,71.9245#26.29#45.85#27.86
-157.236,71.9317#26.76#45.96#27.28
-157.057,71.9386#27.23#46.07#26.7
-156.878,71.9454#27.71#46.17#26.12
-156.698,71.952#28.21#46.25#25.54
-156.519,71.9585#28.7#46.34#24.96
-156.339,71.9648#28.91#46.4#24.69
-156.159,71.9708#29.09#46.46#24.45
-155.98,71.9768#29.26#46.51#24.23
-155.8,71.9825#29.3#46.55#24.15
-155.62,71.9881#29.34#46.58#24.08
-155.439,71.9935#29.37#46.61#24.02
-155.259,71.9987#29.37#46.62#24.01
-155.079,72.0037#29.36#46.64#24
-154.898,72.0086#29.16#46.65#24.19
-154.717,72.0133#28.8#46.66#24.54
-154.537,72.0178#28.45#46.67#24.88
-154.356,72.0221#28.06#46.68#25.26
-154.175,72.0263#27.65#46.68#25.67
-153.994,72.0303#27.26#46.68#26.06
-153.813,72.0341#27.04#46.69#26.27
-153.632,72.0377#26.82#46.69#26.49
-153.451,72.0412#26.64#46.69#26.67
-153.269,72.0445#26.56#46.69#26.75
-153.088,72.0476#26.48#46.69#26.83
-152.907,72.0505#26.42#46.69#26.89
-152.725,72.0533#26.39#46.69#26.92
-152.544,72.0558#26.35#46.69#26.96
-152.362,72.0582#26.33#46.69#26.98
-152.181,72.0604#26.32#46.68#27
-151.999,72.0625#26.31#46.67#27.02
-151.817,72.0644#26.3#46.66#27.04
-151.635,72.066#26.3#46.64#27.06
-151.454,72.0676#26.3#46.63#27.07
-151.272,72.0689#26.3#46.61#27.09
-151.09,72.07#26.3#46.59#27.11
-150.908,72.071#26.3#46.57#27.13
-150.726,72.0718#26.3#46.54#27.16
-150.545,72.0724#26.3#46.51#27.19
-150.363,72.0729#26.31#46.49#27.2
-150.181,72.0731#26.31#46.46#27.23
-149.999,72.0732#26.31#46.43#27.26
-149.817,72.0731#26.32#46.41#27.27
-149.635,72.0729#26.32#46.38#27.3
-149.453,72.0724#26.32#46.35#27.33
-149.271,72.0718#26.33#46.33#27.34
-149.089,72.071#26.33#46.3#27.37
-148.908,72.07#26.33#46.28#27.39
-148.726,72.0689#26.34#46.25#27.41
-148.544,72.0675#26.34#46.23#27.43
-148.362,72.066#26.35#46.21#27.44
-148.181,72.0643#26.35#46.18#27.47
-147.999,72.0625#26.35#46.16#27.49
-147.817,72.0604#26.36#46.14#27.5
-147.636,72.0582#26.36#46.12#27.52
-147.454,72.0558#26.37#46.1#27.53
-147.272,72.0532#26.37#46.09#27.54
-147.091,72.0505#26.38#46.07#27.55
-146.91,72.0475#26.39#46.05#27.56
-146.728,72.0444#26.39#46.04#27.57
-146.547,72.0412#26.4#46.02#27.58
-146.366,72.0377#26.4#46.01#27.59
-146.185,72.0341#26.41#45.99#27.6
-146.004,72.0302#26.41#45.98#27.61
-145.823,72.0263#26.42#45.97#27.61
-145.642,72.0221#26.42#45.95#27.63
-145.461,72.0177#26.43#45.94#27.63
-145.28,72.0132#26.43#45.93#27.64
-145.1,72.0085#26.44#45.92#27.64
-144.919,72.0037#26.44#45.9#27.66
-144.739,71.9986#26.45#45.89#27.66
-144.558,71.9934#26.45#45.88#27.67
-144.378,71.988#26.47#45.87#27.66
-144.198,71.9824#26.48#45.86#27.66
-144.018,71.9767#26.5#45.85#27.65
-143.838,71.9708#26.59#45.84#27.57
-143.659,71.9647#26.7#45.83#27.47
-143.479,71.9584#26.83#45.82#27.35
-143.299,71.952#27.12#45.82#27.06
-143.12,71.9453#27.41#45.83#26.76
-142.941,71.9386#27.74#45.82#26.44
-142.762,71.9316#28.14#45.8#26.06
-142.583,71.9244#28.55#45.78#25.67
-142.404,71.9171#28.99#45.75#25.26
-142.225,71.9097#29.45#45.72#24.83
-142.047,71.902#29.9#45.68#24.42
-159.047,71.9078#26.08#44.24#29.68
-158.869,71.9165#26.07#44.46#29.47
-158.69,71.9251#26.07#44.67#29.26
-158.512,71.9334#26.07#44.88#29.05
-158.333,71.9416#26.07#45.06#28.87
-158.155,71.9497#26.07#45.24#28.69
-157.976,71.9575#26.07#45.42#28.51
-157.797,71.9652#26.07#45.55#28.38
-157.618,71.9727#26.07#45.68#28.25
-157.438,71.98#26.23#45.81#27.96
-157.259,71.9872#26.7#45.93#27.37
-157.079,71.9942#27.17#46.04#26.79
-156.899,72.001#27.66#46.15#26.19
-156.719,72.0076#28.15#46.24#25.61
-156.539,72.0141#28.65#46.33#25.02
-156.359,72.0204#28.9#46.4#24.7
-156.179,72.0265#29.08#46.46#24.46
-155.999,72.0324#29.26#46.52#24.22
-155.818,72.0382#29.31#46.55#24.14
-155.637,72.0438#29.35#46.59#24.06
-155.457,72.0492#29.38#46.62#24
-155.276,72.0544#29.37#46.63#24
-155.095,72.0595#29.37#46.65#23.98
-154.914,72.0644#29.19#46.66#24.15
-154.732,72.0691#28.83#46.67#24.5
-154.551,72.0736#28.47#46.67#24.86
-154.37,72.078#28.08#46.68#25.24
-154.188,72.0821#27.67#46.68#25.65
-154.007,72.0861#27.26#46.69#26.05
-153.825,72.09#27.03#46.69#26.28
-153.643,72.0936#26.81#46.69#26.5
-153.462,72.0971#26.62#46.69#26.69
-153.28,72.1004#26.55#46.69#26.76
-153.098,72.1035#26.47#46.68#26.85
-152.916,72.1064#26.41#46.68#26.91
-152.734,72.1092#26.38#46.67#26.95
-152.552,72.1118#26.35#46.66#26.99
-152.37,72.1142#26.33#46.65#27.02
-152.187,72.1164#26.32#46.64#27.04
-152.005,72.1184#26.31#46.63#27.06
-151.823,72.1203#26.3#46.61#27.09
-151.641,72.122#26.3#46.59#27.11
-151.458,72.1235#26.3#46.57#27.13
-151.276,72.1249#26.3#46.55#27.15
-151.094,72.126#26.3#46.52#27.18
-150.911,72.127#26.3#46.49#27.21
-150.729,72.1278#26.3#46.46#27.24
-150.546,72.1284#26.3#46.43#27.27
-150.364,72.1289#26.31#46.4#27.29
-150.181,72.1291#26.31#46.37#27.32
-149.999,72.1292#26.31#46.33#27.36
-149.816,72.1291#26.32#46.3#27.38
-149.634,72.1289#26.32#46.28#27.4
-149.451,72.1284#26.32#46.25#27.43
-149.269,72.1278#26.33#46.22#27.45
-149.087,72.127#26.33#46.19#27.48
-148.904,72.126#26.33#46.16#27.51
-148.722,72.1248#26.34#46.14#27.52
-148.539,72.1235#26.34#46.11#27.55
-148.357,72.122#26.35#46.09#27.56
-148.175,72.1203#26.35#46.07#27.58
-147.992,72.1184#26.35#46.05#27.6
-147.81,72.1164#26.36#46.03#27.61
-147.628,72.1141#26.36#46.01#27.63
-147.446,72.1117#26.37#45.99#27.64
-147.264,72.1092#26.37#45.98#27.65
-147.082,72.1064#26.38#45.96#27.66
-146.9,72.1035#26.39#45.95#27.66
-146.718,72.1003#26.39#45.94#27.67
-146.536,72.097#26.4#45.93#27.67
-146.354,72.0936#26.4#45.91#27.69
-146.173,72.0899#26.41#45.89#27.7
-145.991,72.0861#26.41#45.88#27.71
-145.809,72.0821#26.42#45.86#27.72
-145.628,72.0779#26.42#45.85#27.73
-145.447,72.0736#26.43#45.84#27.73
-145.265,72.069#26.43#45.82#27.75
-145.084,72.0643#26.44#45.81#27.75
-144.903,72.0594#26.44#45.79#27.77
-144.722,72.0544#26.45#45.78#27.77
-144.541,72.0491#26.45#45.76#27.79
-144.36,72.0437#26.46#45.75#27.79
-144.18,72.0381#26.48#45.74#27.78
-143.999,72.0324#26.49#45.73#27.78
-143.819,72.0264#26.56#45.72#27.72
-143.639,72.0203#26.64#45.7#27.66
-143.458,72.014#26.77#45.7#27.53
-143.278,72.0075#27.06#45.7#27.24
-143.098,72.0009#27.35#45.7#26.95
-142.919,71.9941#27.68#45.69#26.63
-142.739,71.9871#28.06#45.67#26.27
-142.559,71.9799#28.44#45.64#25.92
-142.38,71.9726#28.9#45.61#25.49
-142.201,71.9651#29.39#45.57#25.04
-142.022,71.9574#29.86#45.53#24.61
-141.843,71.9496#30.08#45.49#24.43
-141.664,71.9415#30.26#45.44#24.3
-141.486,71.9333#30.4#45.4#24.2
-141.307,71.925#30.26#45.35#24.39
-141.129,71.9164#30.13#45.31#24.56
-140.951,71.9077#29.95#45.26#24.79
-160.143,71.907#26.11#42.8#31.09
-159.965,71.9168#26.1#43.09#30.81
-159.788,71.9264#26.09#43.27#30.64
-159.61,71.9358#26.09#43.44#30.47
-159.432,71.9451#26.08#43.63#30.29
-159.254,71.9542#26.08#43.88#30.04
-159.075,71.9631#26.08#44.13#29.79
-158.897,71.9718#26.08#44.35#29.57
-158.718,71.9804#26.07#44.57#29.36
-158.539,71.9888#26.07#44.79#29.14
-158.36,71.997#26.07#44.98#28.95
-158.18,72.0051#26.07#45.17#28.76
-158.001,72.0129#26.07#45.36#28.57
-157.821,72.0207#26.07#45.49#28.44
-157.642,72.0282#26.07#45.63#28.3
-157.462,72.0355#26.17#45.77#28.06
-157.282,72.0427#26.64#45.89#27.47
-157.102,72.0497#27.12#46.02#26.86
-156.921,72.0566#27.6#46.13#26.27
-156.741,72.0632#28.1#46.22#25.68
-156.56,72.0697#28.6#46.32#25.08
-156.379,72.076#28.89#46.4#24.71
-156.199,72.0822#29.07#46.46#24.47
-156.018,72.0881#29.26#46.52#24.22
-155.836,72.0939#29.31#46.56#24.13
-155.655,72.0995#29.35#46.59#24.06
-155.474,72.1049#29.39#46.61#24
-155.292,72.1102#29.38#46.62#24
-155.111,72.1153#29.37#46.62#24.01
-154.929,72.1202#29.23#46.62#24.15
-154.747,72.1249#28.86#46.62#24.52
-154.566,72.1294#28.49#46.62#24.89
-154.384,72.1338#28.1#46.61#25.29
-154.202,72.138#27.68#46.61#25.71
-154.02,72.142#27.26#46.6#26.14
-153.837,72.1458#27.03#46.6#26.37
-153.655,72.1495#26.81#46.59#26.6
-153.473,72.153#26.62#46.58#26.8
-153.29,72.1563#26.55#46.58#26.87
-153.108,72.1594#26.47#46.57#26.96
-152.925,72.1623#26.41#46.57#27.02
-152.743,72.1651#26.38#46.56#27.06
-152.56,72.1677#26.35#46.55#27.1
-152.377,72.1701#26.33#46.54#27.13
-152.194,72.1724#26.32#46.52#27.16
-152.012,72.1744#26.31#46.51#27.18
-151.829,72.1763#26.3#46.49#27.21
-151.646,72.178#26.3#46.47#27.23
-151.463,72.1795#26.3#46.45#27.25
-151.28,72.1808#26.3#46.43#27.27
-151.097,72.182#26.3#46.4#27.3
-150.914,72.183#26.3#46.37#27.33
-150.731,72.1838#26.3#46.33#27.37
-150.548,72.1844#26.3#46.29#27.41
-150.365,72.1849#26.31#46.26#27.43
-150.182,72.1851#26.31#46.22#27.47
-149.999,72.1852#26.31#46.19#27.5
-149.816,72.1851#26.32#46.15#27.53
-149.633,72.1849#26.32#46.12#27.56
-149.45,72.1844#26.32#46.08#27.6
-149.267,72.1838#26.33#46.05#27.62
-149.084,72.183#26.33#46.02#27.65
-148.901,72.182#26.33#45.99#27.68
-148.718,72.1808#26.34#45.96#27.7
-148.535,72.1795#26.34#45.93#27.73
-148.352,72.178#26.35#45.9#27.75
-148.169,72.1763#26.35#45.88#27.77
-147.986,72.1744#26.35#45.85#27.8
-147.803,72.1723#26.36#45.83#27.81
-147.62,72.1701#26.36#45.81#27.83
-147.438,72.1677#26.37#45.79#27.84
-147.255,72.1651#26.37#45.77#27.86
-147.072,72.1623#26.38#45.75#27.87
-146.89,72.1594#26.39#45.73#27.88
-146.707,72.1562#26.39#45.72#27.89
-146.525,72.1529#26.4#45.71#27.89
-146.343,72.1494#26.4#45.7#27.9
-146.16,72.1458#26.41#45.69#27.9
-145.978,72.1419#26.41#45.68#27.91
-145.796,72.1379#26.42#45.67#27.91
-145.614,72.1337#26.42#45.66#27.92
-145.432,72.1294#26.43#45.66#27.91
-145.25,72.1248#26.43#45.65#27.92
-145.069,72.1201#26.44#45.65#27.91
-144.887,72.1152#26.44#45.64#27.92
-144.705,72.1101#26.45#45.64#27.91
-144.524,72.1049#26.45#45.64#27.91
-144.343,72.0994#26.46#45.63#27.91
-144.161,72.0938#26.47#45.62#27.91
-143.98,72.088#26.48#45.61#27.91
-143.799,72.0821#26.53#45.59#27.88
-143.618,72.0759#26.59#45.58#27.83
-143.438,72.0696#26.72#45.57#27.71
-143.257,72.0631#27#45.58#27.42
-143.077,72.0565#27.28#45.58#27.14
-142.896,72.0496#27.61#45.56#26.83
-142.716,72.0426#27.96#45.54#26.5
-142.536,72.0354#28.33#45.51#26.16
-142.356,72.0281#28.82#45.47#25.71
-142.176,72.0206#29.33#45.43#25.24
-141.997,72.0129#29.83#45.38#24.79
-141.817,72.005#30.06#45.33#24.61
-141.638,71.9969#30.28#45.28#24.44
-141.459,71.9887#30.41#45.23#24.36
-141.28,71.9803#30.28#45.18#24.54
-141.101,71.9717#30.15#45.13#24.72
-140.923,71.963#29.97#45.08#24.95
-140.744,71.9541#29.71#45.02#25.27
-140.566,71.945#29.44#44.97#25.59
-140.388,71.9357#29.12#44.92#25.96
-140.21,71.9263#28.77#44.86#26.37
-140.032,71.9167#28.43#44.8#26.77
-139.855,71.9069#28.21#44.72#27.07
-161.062,71.9106#26.24#40.58#33.18
-160.885,71.9212#26.2#40.99#32.81
-160.707,71.9317#26.17#41.48#32.35
-160.53,71.942#26.14#41.97#31.89
-160.352,71.9521#26.13#42.33#31.54
-160.175,71.9621#26.11#42.68#31.21
-159.997,71.9719#26.1#43.04#30.86
-159.818,71.9815#26.09#43.2#30.71
-159.64,71.991#26.09#43.34#30.57
-159.461,72.0003#26.08#43.5#30.42
-159.283,72.0094#26.08#43.75#30.17
-159.104,72.0184#26.08#44#29.92
-158.925,72.0271#26.08#44.25#29.67
-158.745,72.0357#26.07#44.47#29.46
-158.566,72.0441#26.07#44.7#29.23
-158.386,72.0524#26.07#44.9#29.03
-158.206,72.0605#26.07#45.09#28.84
-158.026,72.0684#26.07#45.29#28.64
-157.846,72.0761#26.07#45.44#28.49
-157.666,72.0837#26.07#45.58#28.35
-157.485,72.091#26.11#45.73#28.16
-157.305,72.0983#26.58#45.86#27.56
-157.124,72.1053#27.06#45.97#26.97
-156.943,72.1121#27.55#46.08#26.37
-156.762,72.1188#28.05#46.17#25.78
-156.581,72.1253#28.55#46.26#25.19
-156.4,72.1317#28.88#46.33#24.79
-156.218,72.1378#29.06#46.38#24.56
-156.037,72.1438#29.24#46.43#24.33
-155.855,72.1496#29.31#46.46#24.23
-155.673,72.1552#29.35#46.48#24.17
-155.491,72.1607#29.39#46.5#24.11
-155.309,72.1659#29.38#46.51#24.11
-155.127,72.171#29.37#46.51#24.12
-154.945,72.1759#29.25#46.51#24.24
-154.763,72.1807#28.88#46.51#24.61
-154.58,72.1852#28.51#46.51#24.98
-154.398,72.1896#28.11#46.5#25.39
-154.215,72.1938#27.69#46.5#25.81
-154.032,72.1979#27.27#46.49#26.24
-153.85,72.2017#27.02#46.49#26.49
-153.667,72.2054#26.81#46.48#26.71
-153.484,72.2089#26.62#46.47#26.91
-153.301,72.2122#26.54#46.47#26.99
-153.118,72.2153#26.47#46.46#27.07
-152.935,72.2183#26.41#46.46#27.13
-152.751,72.2211#26.38#46.45#27.17
-152.568,72.2237#26.35#46.44#27.21
-152.385,72.2261#26.33#46.43#27.24
-152.202,72.2283#26.32#46.41#27.27
-152.018,72.2304#26.31#46.39#27.3
-151.835,72.2323#26.3#46.38#27.32
-151.651,72.234#26.3#46.36#27.34
-151.468,72.2355#26.3#46.34#27.36
-151.284,72.2368#26.3#46.31#27.39
-151.101,72.238#26.3#46.27#27.43
-150.917,72.239#26.3#46.24#27.46
-150.733,72.2398#26.3#46.2#27.5
-150.55,72.2404#26.3#46.16#27.54
-150.366,72.2409#26.31#46.12#27.57
-150.182,72.2411#26.31#46.08#27.61
-149.999,72.2412#26.31#46.04#27.65
-149.815,72.2411#26.32#46#27.68
-149.632,72.2409#26.32#45.96#27.72
-149.448,72.2404#26.32#45.92#27.76
-149.264,72.2398#26.33#45.89#27.78
-149.081,72.239#26.33#45.85#27.82
-148.897,72.238#26.33#45.81#27.86
-148.714,72.2368#26.34#45.78#27.88
-148.53,72.2355#26.34#45.75#27.91
-148.347,72.2339#26.35#45.72#27.93
-148.163,72.2322#26.35#45.68#27.97
-147.98,72.2304#26.36#45.65#27.99
-147.796,72.2283#26.36#45.63#28.01
-147.613,72.226#26.36#45.6#28.04
-147.43,72.2236#26.37#45.58#28.05
-147.246,72.221#26.37#45.56#28.07
-147.063,72.2182#26.38#45.54#28.08
-146.88,72.2153#26.39#45.52#28.09
-146.697,72.2121#26.39#45.5#28.11
-146.514,72.2088#26.4#45.48#28.12
-146.331,72.2053#26.4#45.47#28.13
-146.148,72.2017#26.41#45.46#28.13
-145.965,72.1978#26.41#45.45#28.14
-145.783,72.1938#26.42#45.44#28.14
-145.6,72.1896#26.42#45.43#28.15
-145.418,72.1852#26.43#45.42#28.15
-145.235,72.1806#26.43#45.41#28.16
-145.053,72.1759#26.44#45.4#28.16
-144.871,72.171#26.44#45.4#28.16
-144.688,72.1659#26.45#45.39#28.16
-144.506,72.1606#26.45#45.39#28.16
-144.324,72.1551#26.46#45.38#28.16
-144.143,72.1495#26.47#45.38#28.15
-143.961,72.1437#26.48#45.38#28.14
-143.779,72.1377#26.52#45.4#28.08
-143.598,72.1316#26.56#45.41#28.03
-143.417,72.1253#26.69#45.42#27.89
-143.236,72.1187#26.96#45.43#27.61
-143.055,72.1121#27.22#45.44#27.34
-142.874,72.1052#27.53#45.43#27.04
-142.693,72.0982#27.87#45.4#26.73
-142.512,72.091#28.21#45.37#26.42
-142.332,72.0836#28.74#45.33#25.93
-142.152,72.076#29.28#45.28#25.44
-141.971,72.0683#29.77#45.23#25
-141.791,72.0604#30.05#45.17#24.78
-141.612,72.0523#30.31#45.12#24.57
-141.432,72.044#30.42#45.06#24.52
-141.253,72.0356#30.31#45#24.69
-141.073,72.027#30.19#44.95#24.86
-140.894,72.0182#30#44.89#25.11
-140.715,72.0093#29.76#44.83#25.41
-140.536,72.0002#29.51#44.78#25.71
-140.358,71.9909#29.16#44.72#26.12
-140.179,71.9814#28.8#44.65#26.55
-140.001,71.9718#28.44#44.59#26.97
-139.823,71.962#28.23#44.49#27.28
-139.645,71.952#28.03#44.4#27.57
-139.468,71.9419#27.86#44.32#27.82
-139.29,71.9316#27.79#44.31#27.9
-139.113,71.9211#27.72#44.29#27.99
-138.936,71.9104#27.67#44.15#28.18
-161.981,71.9095#26.83#38.97#34.2
-161.804,71.921#26.68#39.23#34.09
-161.628,71.9324#26.52#39.49#33.99
-161.451,71.9436#26.39#39.76#33.85
-161.274,71.9546#26.33#40.04#33.63
-161.096,71.9655#26.26#40.33#33.41
-160.919,71.9762#26.22#40.71#33.07
-160.741,71.9867#26.18#41.22#32.6
-160.563,71.997#26.15#41.73#32.12
-160.385,72.0072#26.13#42.16#31.71
-160.207,72.0172#26.12#42.55#31.33
-160.028,72.027#26.11#42.96#30.93
-159.849,72.0367#26.1#43.13#30.77
-159.67,72.0462#26.09#43.25#30.66
-159.491,72.0555#26.08#43.37#30.55
-159.312,72.0647#26.08#43.63#30.29
-159.132,72.0736#26.08#43.88#30.04
-158.953,72.0824#26.08#44.13#29.79
-158.773,72.0911#26.08#44.36#29.56
-158.593,72.0995#26.07#44.6#29.33
-158.413,72.1078#26.07#44.8#29.13
-158.232,72.1159#26.07#44.98#28.95
-158.052,72.1238#26.07#45.15#28.78
-157.871,72.1316#26.07#45.3#28.63
-157.69,72.1392#26.07#45.43#28.5
-157.509,72.1466#26.08#45.57#28.35
-157.328,72.1538#26.53#45.69#27.78
-157.147,72.1608#27.01#45.82#27.17
-156.965,72.1677#27.5#45.94#26.56
-156.784,72.1744#28#46.03#25.97
-156.602,72.181#28.51#46.13#25.36
-156.42,72.1873#28.87#46.21#24.92
-156.238,72.1935#29.05#46.27#24.68
-156.056,72.1995#29.23#46.33#24.44
-155.874,72.2053#29.32#46.36#24.32
-155.691,72.2109#29.36#46.38#24.26
-155.509,72.2164#29.4#46.4#24.2
-155.326,72.2217#29.39#46.4#24.21
-155.144,72.2268#29.37#46.4#24.23
-154.961,72.2317#29.28#46.4#24.32
-154.778,72.2365#28.91#46.4#24.69
-154.595,72.2411#28.53#46.4#25.07
-154.412,72.2455#28.13#46.39#25.48
-154.229,72.2497#27.7#46.39#25.91
-154.045,72.2537#27.27#46.38#26.35
-153.862,72.2576#27.01#46.38#26.61
-153.678,72.2613#26.81#46.37#26.82
-153.495,72.2648#26.61#46.36#27.03
-153.311,72.2681#26.54#46.36#27.1
-153.128,72.2713#26.47#46.35#27.18
-152.944,72.2742#26.41#46.35#27.24
-152.76,72.277#26.38#46.34#27.28
-152.576,72.2796#26.35#46.33#27.32
-152.393,72.282#26.33#46.31#27.36
-152.209,72.2843#26.32#46.3#27.38
-152.025,72.2864#26.31#46.28#27.41
-151.841,72.2882#26.3#46.26#27.44
-151.657,72.29#26.3#46.24#27.46
-151.472,72.2915#26.3#46.22#27.48
-151.288,72.2928#26.3#46.19#27.51
-151.104,72.294#26.3#46.15#27.55
-150.92,72.295#26.3#46.11#27.59
-150.736,72.2958#26.3#46.07#27.63
-150.552,72.2964#26.31#46.02#27.67
-150.367,72.2969#26.31#45.97#27.72
-150.183,72.2972#26.31#45.93#27.76
-149.999,72.2972#26.31#45.89#27.8
-149.815,72.2972#26.32#45.84#27.84
-149.63,72.2969#26.32#45.8#27.88
-149.446,72.2964#26.32#45.76#27.92
-149.262,72.2958#26.33#45.72#27.95
-149.078,72.295#26.33#45.68#27.99
-148.894,72.294#26.33#45.64#28.03
-148.709,72.2928#26.34#45.6#28.06
-148.525,72.2915#26.34#45.56#28.1
-148.341,72.2899#26.35#45.53#28.12
-148.157,72.2882#26.35#45.49#28.16
-147.973,72.2863#26.36#45.46#28.18
-147.789,72.2843#26.36#45.43#28.21
-147.605,72.282#26.36#45.4#28.24
-147.421,72.2796#26.37#45.37#28.26
-147.237,72.277#26.38#45.35#28.27
-147.054,72.2742#26.38#45.32#28.3
-146.87,72.2712#26.39#45.3#28.31
-146.686,72.2681#26.39#45.28#28.33
-146.503,72.2647#26.4#45.26#28.34
-146.319,72.2612#26.4#45.25#28.35
-146.136,72.2575#26.41#45.23#28.36
-145.952,72.2537#26.41#45.22#28.37
-145.769,72.2496#26.42#45.21#28.37
-145.586,72.2454#26.42#45.19#28.39
-145.403,72.241#26.43#45.18#28.39
-145.22,72.2364#26.43#45.17#28.4
-145.037,72.2317#26.43#45.16#28.41
-144.854,72.2267#26.44#45.15#28.41
-144.671,72.2216#26.45#45.14#28.41
-144.489,72.2163#26.45#45.14#28.41
-144.306,72.2109#26.46#45.13#28.41
-144.124,72.2052#26.47#45.12#28.41
-143.942,72.1994#26.48#45.14#28.38
-143.76,72.1934#26.52#45.17#28.31
-143.578,72.1872#26.55#45.21#28.24
-143.396,72.1809#26.7#45.23#28.07
-143.214,72.1743#26.93#45.23#27.84
-143.032,72.1676#27.18#45.24#27.58
-142.851,72.1608#27.49#45.22#27.29
-142.67,72.1537#27.81#45.2#26.99
-142.489,72.1465#28.15#45.17#26.68
-142.308,72.1391#28.68#45.13#26.19
-142.127,72.1315#29.22#45.09#25.69
-141.946,72.1237#29.69#45.04#25.27
-141.765,72.1158#30.02#44.99#24.99
-141.585,72.1077#30.33#44.94#24.73
-141.405,72.0994#30.43#44.89#24.68
-141.225,72.0909#30.33#44.83#24.84
-141.045,72.0823#30.22#44.77#25.01
-140.865,72.0735#30.03#44.7#25.27
-140.686,72.0645#29.81#44.64#25.55
-140.506,72.0554#29.59#44.58#25.83
-140.327,72.0461#29.2#44.51#26.29
-140.148,72.0366#28.82#44.44#26.74
-139.97,72.0269#28.47#44.37#27.16
-139.791,72.0171#28.25#44.27#27.48
-139.613,72.0071#28.03#44.17#27.8
-139.435,71.9969#27.87#44.12#28.01
-139.257,71.9865#27.79#44.14#28.07
-139.079,71.976#27.72#44.14#28.14
-138.901,71.9653#27.67#43.95#28.38
-138.724,71.9545#27.63#43.61#28.76
-138.547,71.9435#27.6#43.27#29.13
-138.37,71.9323#27.58#42.87#29.55
-138.194,71.9209#27.57#42.47#29.96
-138.017,71.9094#27.56#42.1#30.34
-162.899,71.9039#28.23#36.98#34.79
-162.724,71.9163#28#37.25#34.75
-162.548,71.9285#27.78#37.52#34.7
-162.371,71.9406#27.52#37.91#34.57
-162.195,71.9525#27.23#38.33#34.44
-162.018,71.9642#26.94#38.75#34.31
-161.841,71.9758#26.76#39.02#34.22
-161.664,71.9872#26.59#39.27#34.14
-161.487,71.9984#26.42#39.52#34.06
-161.309,72.0095#26.36#39.8#33.84
-161.131,72.0204#26.29#40.08#33.63
-160.953,72.0311#26.23#40.42#33.35
-160.775,72.0417#26.2#40.95#32.85
-160.596,72.0521#26.16#41.48#32.36
-160.418,72.0623#26.14#41.97#31.89
-160.239,72.0723#26.12#42.41#31.47
-160.06,72.0822#26.11#42.86#31.03
-159.881,72.0919#26.1#43.08#30.82
-159.701,72.1014#26.09#43.17#30.74
-159.521,72.1107#26.09#43.24#30.67
-159.341,72.1199#26.08#43.46#30.46
-159.161,72.1289#26.08#43.71#30.21
-158.981,72.1377#26.08#43.95#29.97
-158.801,72.1464#26.08#44.18#29.74
-158.62,72.1549#26.07#44.4#29.53
-158.439,72.1632#26.07#44.61#29.32
-158.259,72.1713#26.07#44.78#29.15
-158.077,72.1793#26.07#44.94#28.99
-157.896,72.187#26.07#45.09#28.84
-157.715,72.1947#26.08#45.24#28.68
-157.533,72.2021#26.08#45.38#28.54
-157.351,72.2093#26.48#45.52#28
-157.17,72.2164#26.96#45.66#27.38
-156.988,72.2233#27.45#45.79#26.76
-156.805,72.23#27.95#45.9#26.15
-156.623,72.2366#28.46#46#25.54
-156.441,72.243#28.86#46.1#25.04
-156.258,72.2492#29.04#46.16#24.8
-156.075,72.2552#29.22#46.22#24.56
-155.893,72.261#29.32#46.25#24.43
-155.71,72.2667#29.36#46.27#24.37
-155.527,72.2722#29.4#46.29#24.31
-155.343,72.2775#29.39#46.29#24.32
-155.16,72.2826#29.38#46.29#24.33
-154.977,72.2875#29.31#46.3#24.39
-154.793,72.2923#28.93#46.29#24.78
-154.61,72.2969#28.54#46.29#25.17
-154.426,72.3013#28.14#46.28#25.58
-154.242,72.3056#27.71#46.28#26.01
-154.058,72.3096#27.28#46.27#26.45
-153.874,72.3135#27.01#46.27#26.72
-153.69,72.3172#26.81#46.26#26.93
-153.506,72.3207#26.61#46.25#27.14
-153.322,72.324#26.54#46.25#27.21
-153.138,72.3272#26.47#46.24#27.29
-152.953,72.3302#26.4#46.23#27.37
-152.769,72.333#26.37#46.23#27.4
-152.585,72.3356#26.34#46.22#27.44
-152.4,72.338#26.33#46.2#27.47
-152.216,72.3403#26.32#46.18#27.5
-152.031,72.3423#26.31#46.16#27.53
-151.847,72.3442#26.3#46.14#27.56
-151.662,72.346#26.3#46.13#27.57
-151.477,72.3475#26.3#46.11#27.59
-151.292,72.3488#26.3#46.07#27.63
-151.108,72.35#26.3#46.03#27.67
-150.923,72.351#26.3#45.98#27.72
-150.738,72.3518#26.3#45.93#27.77
-150.553,72.3525#26.31#45.88#27.81
-150.368,72.3529#26.31#45.83#27.86
-150.184,72.3532#26.31#45.78#27.91
-149.999,72.3533#26.31#45.74#27.95
-149.814,72.3532#26.32#45.69#27.99
-149.629,72.3529#26.32#45.64#28.04
-149.444,72.3525#26.32#45.6#28.08
-149.26,72.3518#26.33#45.55#28.12
-149.075,72.351#26.33#45.51#28.16
-148.89,72.35#26.34#45.46#28.2
-148.705,72.3488#26.34#45.42#28.24
-148.521,72.3475#26.34#45.38#28.28
-148.336,72.3459#26.35#45.34#28.31
-148.151,72.3442#26.35#45.3#28.35
-147.967,72.3423#26.36#45.26#28.38
-147.782,72.3402#26.36#45.23#28.41
-147.597,72.338#26.37#45.19#28.44
-147.413,72.3355#26.37#45.16#28.47
-147.229,72.3329#26.38#45.13#28.49
-147.044,72.3301#26.38#45.11#28.51
-146.86,72.3272#26.39#45.08#28.53
-146.676,72.324#26.39#45.06#28.55
-146.491,72.3207#26.4#45.04#28.56
-146.307,72.3171#26.4#45.02#28.58
-146.123,72.3134#26.41#45#28.59
-145.939,72.3096#26.41#44.99#28.6
-145.756,72.3055#26.42#44.97#28.61
-145.572,72.3013#26.42#44.96#28.62
-145.388,72.2969#26.43#44.94#28.63
-145.205,72.2923#26.43#44.93#28.64
-145.021,72.2875#26.43#44.92#28.65
-144.838,72.2825#26.44#44.91#28.65
-144.654,72.2774#26.44#44.89#28.67
-144.471,72.2721#26.45#44.88#28.67
-144.288,72.2666#26.46#44.88#28.66
-144.105,72.2609#26.47#44.87#28.66
-143.922,72.2551#26.48#44.89#28.63
-143.74,72.2491#26.51#44.96#28.53
-143.557,72.2429#26.54#45.02#28.44
-143.375,72.2365#26.7#45.04#28.26
-143.192,72.23#26.91#45.04#28.05
-143.01,72.2232#27.12#45.05#27.83
-142.828,72.2163#27.44#45.02#27.54
-142.646,72.2092#27.76#44.99#27.25
-142.465,72.202#28.12#44.95#26.93
-142.283,72.1946#28.62#44.9#26.48
-142.102,72.187#29.14#44.86#26
-141.92,72.1792#29.58#44.81#25.61
-141.739,72.1712#29.93#44.75#25.32
-141.558,72.1631#30.27#44.69#25.04
-141.378,72.1548#30.36#44.64#25
-141.197,72.1463#30.3#44.58#25.12
-141.017,72.1376#30.24#44.52#25.24
-140.836,72.1288#30.06#44.47#25.47
-140.656,72.1198#29.86#44.42#25.72
-140.476,72.1106#29.63#44.36#26.01
-140.297,72.1013#29.24#44.3#26.46
-140.117,72.0917#28.84#44.23#26.93
-139.938,72.082#28.5#44.15#27.35
-139.759,72.0722#28.26#44.05#27.69
-139.58,72.0621#28.02#43.95#28.03
-139.401,72.0519#27.88#43.93#28.19
-139.223,72.0415#27.8#43.97#28.23
-139.045,72.031#27.72#44.01#28.27
-138.867,72.0203#27.67#43.75#28.58
-138.689,72.0094#27.63#43.39#28.98
-138.511,71.9983#27.6#43.04#29.36
-138.334,71.9871#27.58#42.58#29.84
-138.157,71.9757#27.57#42.13#30.3
-137.98,71.9641#27.56#41.7#30.74
-137.803,71.9524#27.55#41.24#31.21
-137.626,71.9404#27.55#40.77#31.68
-137.45,71.9284#27.55#40.34#32.11
-137.274,71.9161#27.55#39.99#32.46
-137.099,71.9037#27.55#39.62#32.83
-163.642,71.9069#28.9#35.85#35.25
-163.467,71.9201#28.82#36.09#35.09
-163.291,71.933#28.67#36.35#34.98
-163.116,71.9458#28.52#36.61#34.87
-162.94,71.9584#28.35#36.87#34.78
-162.763,71.9709#28.13#37.14#34.73
-162.587,71.9831#27.92#37.41#34.67
-162.41,71.9953#27.68#37.74#34.58
-162.233,72.0072#27.38#38.14#34.48
-162.056,72.019#27.08#38.52#34.4
-161.878,72.0306#26.86#38.81#34.33
-161.701,72.042#26.67#39.05#34.28
-161.523,72.0533#26.47#39.29#34.24
-161.345,72.0644#26.39#39.56#34.05
-161.166,72.0753#26.32#39.84#33.84
-160.988,72.0861#26.25#40.12#33.63
-160.809,72.0967#26.21#40.67#33.12
-160.63,72.1071#26.18#41.21#32.61
-160.451,72.1173#26.15#41.72#32.13
-160.271,72.1274#26.13#42.15#31.72
-160.092,72.1373#26.12#42.58#31.3
-159.912,72.147#26.11#42.84#31.05
-159.732,72.1566#26.1#42.93#30.97
-159.552,72.166#26.09#43.02#30.89
-159.371,72.1752#26.09#43.23#30.68
-159.191,72.1842#26.08#43.49#30.43
-159.01,72.193#26.08#43.74#30.18
-158.829,72.2017#26.08#43.97#29.95
-158.648,72.2102#26.08#44.21#29.71
-158.466,72.2186#26.07#44.43#29.5
-158.285,72.2267#26.07#44.58#29.35
-158.103,72.2347#26.07#44.73#29.2
-157.921,72.2425#26.07#44.88#29.05
-157.739,72.2502#26.08#45.04#28.88
-157.557,72.2576#26.09#45.19#28.72
-157.375,72.2649#26.42#45.34#28.24
-157.193,72.272#26.91#45.49#27.6
-157.01,72.2789#27.4#45.64#26.96
-156.827,72.2857#27.91#45.76#26.33
-156.644,72.2922#28.41#45.87#25.72
-156.461,72.2986#28.85#45.98#25.17
-156.278,72.3048#29.03#46.04#24.93
-156.095,72.3109#29.21#46.11#24.68
-155.911,72.3167#29.32#46.15#24.53
-155.728,72.3224#29.36#46.17#24.47
-155.544,72.3279#29.4#46.18#24.42
-155.361,72.3332#29.4#46.18#24.42
-155.177,72.3384#29.38#46.19#24.43
-154.993,72.3434#29.34#46.19#24.47
-154.809,72.3481#28.95#46.18#24.87
-154.624,72.3528#28.56#46.18#25.26
-154.44,72.3572#28.16#46.17#25.67
-154.256,72.3614#27.72#46.17#26.11
-154.071,72.3655#27.29#46.16#26.55
-153.887,72.3694#27#46.16#26.84
-153.702,72.3731#26.81#46.15#27.04
-153.518,72.3766#26.62#46.14#27.24
-153.333,72.38#26.54#46.14#27.32
-153.148,72.3831#26.46#46.13#27.41
-152.963,72.3861#26.4#46.12#27.48
-152.778,72.3889#26.37#46.11#27.52
-152.593,72.3916#26.34#46.1#27.56
-152.408,72.394#26.32#46.09#27.59
-152.223,72.3963#26.31#46.07#27.62
-152.038,72.3983#26.31#46.05#27.64
-151.852,72.4002#26.3#46.03#27.67
-151.667,72.402#26.3#46.01#27.69
-151.482,72.4035#26.3#45.99#27.71
-151.297,72.4049#26.3#45.95#27.75
-151.111,72.406#26.3#45.91#27.79
-150.926,72.407#26.3#45.86#27.84
-150.741,72.4079#26.3#45.8#27.9
-150.555,72.4085#26.31#45.75#27.94
-150.37,72.4089#26.31#45.69#28
-150.184,72.4092#26.31#45.64#28.05
-149.999,72.4093#26.31#45.59#28.1
-149.813,72.4092#26.32#45.53#28.15
-149.628,72.4089#26.32#45.48#28.2
-149.443,72.4085#26.32#45.43#28.25
-149.257,72.4078#26.33#45.38#28.29
-149.072,72.407#26.33#45.34#28.33
-148.886,72.406#26.34#45.29#28.37
-148.701,72.4048#26.34#45.24#28.42
-148.516,72.4035#26.34#45.19#28.47
-148.33,72.4019#26.35#45.15#28.5
-148.145,72.4002#26.35#45.11#28.54
-147.96,72.3983#26.36#45.07#28.57
-147.775,72.3962#26.36#45.03#28.61
-147.59,72.394#26.37#44.99#28.64
-147.405,72.3915#26.37#44.95#28.68
-147.22,72.3889#26.38#44.92#28.7
-147.035,72.3861#26.38#44.89#28.73
-146.85,72.3831#26.39#44.86#28.75
-146.665,72.3799#26.39#44.84#28.77
-146.48,72.3766#26.4#44.81#28.79
-146.295,72.373#26.4#44.79#28.81
-146.111,72.3693#26.41#44.77#28.82
-145.926,72.3654#26.41#44.75#28.84
-145.742,72.3614#26.42#44.74#28.84
-145.557,72.3571#26.42#44.72#28.86
-145.373,72.3527#26.42#44.7#28.88
-145.189,72.3481#26.43#44.69#28.88
-145.005,72.3433#26.43#44.67#28.9
-144.821,72.3383#26.44#44.66#28.9
-144.637,72.3332#26.44#44.65#28.91
-144.453,72.3279#26.45#44.63#28.92
-144.27,72.3224#26.46#44.62#28.92
-144.086,72.3167#26.46#44.61#28.93
-143.903,72.3108#26.48#44.66#28.86
-143.72,72.3048#26.51#44.74#28.75
-143.536,72.2985#26.54#44.83#28.63
-143.353,72.2922#26.69#44.84#28.47
-143.171,72.2856#26.87#44.84#28.29
-142.988,72.2788#27.07#44.84#28.09
-142.805,72.2719#27.39#44.81#27.8
-142.623,72.2648#27.7#44.78#27.52
-142.44,72.2575#28.07#44.74#27.19
-142.258,72.2501#28.56#44.68#26.76
-142.076,72.2424#29.05#44.63#26.32
-141.895,72.2346#29.48#44.57#25.95
-141.713,72.2266#29.85#44.5#25.65
-141.531,72.2185#30.22#44.44#25.34
-141.35,72.2101#30.29#44.38#25.33
-141.169,72.2016#30.28#44.32#25.4
-140.988,72.1929#30.25#44.26#25.49
-140.807,72.1841#30.06#44.2#25.74
-140.627,72.175#29.87#44.14#25.99
-140.446,72.1658#29.63#44.08#26.29
-140.266,72.1565#29.26#44.01#26.73
-140.086,72.1469#28.87#43.95#27.18
-139.906,72.1372#28.55#43.88#27.57
-139.726,72.1273#28.28#43.79#27.93
-139.547,72.1172#28.02#43.7#28.28
-139.368,72.107#27.88#43.74#28.38
-139.189,72.0965#27.79#43.82#28.39
-139.01,72.0859#27.71#43.88#28.41
-138.831,72.0752#27.67#43.54#28.79
-138.653,72.0643#27.63#43.17#29.2
-138.475,72.0532#27.59#42.78#29.63
-138.297,72.0419#27.58#42.27#30.15
-138.119,72.0304#27.57#41.77#30.66
-137.942,72.0188#27.56#41.3#31.14
-137.765,72.0071#27.55#40.83#31.62
-137.588,71.9951#27.55#40.36#32.09
-137.411,71.983#27.54#39.97#32.49
-137.234,71.9707#27.54#39.63#32.83
-137.058,71.9583#27.54#39.29#33.17
-136.882,71.9456#27.55#39#33.45
-136.706,71.9329#27.55#38.74#33.71
-136.531,71.9199#27.55#38.47#33.98
-136.356,71.9068#27.55#38.25#34.2
-164.385,71.907#29.15#34.88#35.97
-164.21,71.9209#29.1#35.09#35.81
-164.035,71.9345#29.05#35.29#35.66
-163.86,71.948#28.98#35.52#35.5
-163.685,71.9613#28.92#35.75#35.33
-163.509,71.9745#28.87#35.98#35.15
-163.333,71.9875#28.73#36.24#35.03
-163.157,72.0003#28.59#36.5#34.91
-162.98,72.013#28.45#36.76#34.79
-162.803,72.0255#28.25#37.03#34.72
-162.626,72.0378#28.06#37.29#34.65
-162.449,72.0499#27.84#37.59#34.57
-162.272,72.0619#27.53#37.96#34.51
-162.094,72.0737#27.22#38.31#34.47
-161.916,72.0854#26.95#38.6#34.45
-161.738,72.0968#26.75#38.84#34.41
-161.559,72.1082#26.55#39.07#34.38
-161.381,72.1193#26.44#39.33#34.23
-161.202,72.1303#26.36#39.6#34.04
-161.023,72.141#26.28#39.87#33.85
-160.843,72.1517#26.24#40.36#33.4
-160.664,72.1621#26.2#40.87#32.93
-160.484,72.1724#26.16#41.37#32.47
-160.304,72.1825#26.14#41.8#32.06
-160.124,72.1924#26.13#42.23#31.64
-159.943,72.2022#26.11#42.55#31.34
-159.763,72.2118#26.1#42.67#31.23
-159.582,72.2212#26.09#42.8#31.11
-159.401,72.2304#26.09#43#30.91
-159.22,72.2395#26.08#43.26#30.66
-159.039,72.2484#26.08#43.52#30.4
-158.857,72.2571#26.08#43.77#30.15
-158.675,72.2656#26.08#44.01#29.91
-158.493,72.274#26.07#44.24#29.69
-158.311,72.2822#26.07#44.39#29.54
-158.129,72.2902#26.07#44.53#29.4
-157.947,72.298#26.07#44.67#29.26
-157.764,72.3057#26.08#44.84#29.08
-157.581,72.3131#26.09#45#28.91
-157.399,72.3204#26.37#45.17#28.46
-157.216,72.3276#26.86#45.33#27.81
-157.032,72.3345#27.35#45.49#27.16
-156.849,72.3413#27.86#45.62#26.52
-156.666,72.3479#28.37#45.74#25.89
-156.482,72.3543#28.84#45.86#25.3
-156.298,72.3605#29.02#45.93#25.05
-156.115,72.3666#29.2#46#24.8
-155.931,72.3725#29.32#46.05#24.63
-155.746,72.3782#29.36#46.06#24.58
-155.562,72.3837#29.4#46.07#24.53
-155.378,72.389#29.4#46.08#24.52
-155.193,72.3942#29.38#46.08#24.54
-155.009,72.3992#29.36#46.08#24.56
-154.824,72.404#28.98#46.07#24.95
-154.639,72.4086#28.58#46.07#25.35
-154.455,72.413#28.17#46.07#25.76
-154.27,72.4173#27.73#46.06#26.21
-154.085,72.4214#27.29#46.05#26.66
-153.899,72.4253#26.99#46.04#26.97
-153.714,72.429#26.81#46.04#27.15
-153.529,72.4325#26.62#46.03#27.35
-153.344,72.4359#26.53#46.03#27.44
-153.158,72.4391#26.46#46.02#27.52
-152.973,72.4421#26.4#46.01#27.59
-152.787,72.4449#26.37#46#27.63
-152.601,72.4475#26.34#45.99#27.67
-152.416,72.45#26.32#45.98#27.7
-152.23,72.4523#26.31#45.95#27.74
-152.044,72.4543#26.3#45.93#27.77
-151.858,72.4563#26.3#45.91#27.79
-151.673,72.458#26.3#45.9#27.8
-151.487,72.4595#26.3#45.88#27.82
-151.301,72.4609#26.3#45.83#27.87
-151.115,72.4621#26.3#45.78#27.92
-150.929,72.4631#26.3#45.73#27.97
-150.743,72.4639#26.3#45.67#28.03
-150.557,72.4645#26.31#45.61#28.08
-150.371,72.465#26.31#45.55#28.14
-150.185,72.4653#26.31#45.49#28.2
-149.999,72.4653#26.31#45.44#28.25
-149.813,72.4653#26.32#45.38#28.3
-149.627,72.465#26.32#45.32#28.36
-149.441,72.4645#26.33#45.27#28.4
-149.255,72.4639#26.33#45.22#28.45
-149.069,72.4631#26.33#45.16#28.51
-148.883,72.4621#26.34#45.11#28.55
-148.697,72.4609#26.34#45.06#28.6
-148.511,72.4595#26.34#45.01#28.65
-148.325,72.458#26.35#44.96#28.69
-148.139,72.4562#26.35#44.91#28.74
-147.953,72.4543#26.36#44.87#28.77
-147.768,72.4522#26.36#44.83#28.81
-147.582,72.45#26.37#44.78#28.85
-147.396,72.4475#26.37#44.74#28.89
-147.211,72.4449#26.38#44.71#28.91
-147.025,72.442#26.38#44.67#28.95
-146.84,72.439#26.39#44.64#28.97
-146.654,72.4359#26.39#44.61#29
-146.469,72.4325#26.4#44.59#29.01
-146.283,72.429#26.4#44.56#29.04
-146.098,72.4252#26.41#44.54#29.05
-145.913,72.4213#26.41#44.52#29.07
-145.728,72.4173#26.41#44.5#29.09
-145.543,72.413#26.42#44.48#29.1
-145.358,72.4085#26.42#44.47#29.11
-145.174,72.4039#26.43#44.45#29.12
-144.989,72.3991#26.43#44.43#29.14
-144.804,72.3941#26.44#44.41#29.15
-144.62,72.389#26.44#44.4#29.16
-144.436,72.3836#26.45#44.38#29.17
-144.251,72.3781#26.46#44.37#29.17
-144.067,72.3724#26.46#44.36#29.18
-143.883,72.3665#26.48#44.43#29.09
-143.699,72.3605#26.5#44.54#28.96
-143.516,72.3542#26.53#44.64#28.83
-143.332,72.3478#26.67#44.65#28.68
-143.149,72.3412#26.83#44.65#28.52
-142.965,72.3344#27.03#44.64#28.33
-142.782,72.3275#27.34#44.6#28.06
-142.599,72.3204#27.65#44.56#27.79
-142.416,72.313#28.03#44.52#27.45
-142.234,72.3056#28.49#44.45#27.06
-142.051,72.2979#28.96#44.4#26.64
-141.869,72.2901#29.38#44.33#26.29
-141.686,72.2821#29.79#44.26#25.95
-141.504,72.2739#30.18#44.19#25.63
-141.322,72.2655#30.24#44.12#25.64
-141.141,72.257#30.27#44.05#25.68
-140.959,72.2483#30.25#43.99#25.76
-140.778,72.2394#30.07#43.92#26.01
-140.597,72.2303#29.89#43.86#26.25
-140.416,72.2211#29.64#43.79#26.57
-140.235,72.2116#29.28#43.73#26.99
-140.054,72.2021#28.92#43.66#27.42
-139.874,72.1923#28.61#43.58#27.81
-139.694,72.1824#28.32#43.49#28.19
-139.514,72.1723#28.05#43.4#28.55
-139.334,72.162#27.92#43.45#28.63
-139.154,72.1515#27.81#43.53#28.66
-138.975,72.1409#27.72#43.55#28.73
-138.796,72.1301#27.67#43.21#29.12
-138.617,72.1191#27.63#42.88#29.49
-138.438,72.108#27.59#42.47#29.94
-138.26,72.0967#27.58#41.93#30.49
-138.082,72.0852#27.56#41.39#31.05
-137.904,72.0736#27.55#40.89#31.56
-137.726,72.0618#27.55#40.41#32.04
-137.549,72.0498#27.54#39.94#32.52
-137.371,72.0376#27.54#39.6#32.86
-137.194,72.0253#27.54#39.3#33.16
-137.018,72.0128#27.54#38.98#33.48
-136.841,72.0001#27.54#38.73#33.73
-136.665,71.9873#27.54#38.48#33.98
-136.489,71.9743#27.55#38.22#34.23
-136.313,71.9612#27.55#38.02#34.43
-136.138,71.9478#27.55#37.81#34.64
-135.962,71.9343#27.55#37.6#34.85
-135.787,71.9207#27.56#37.37#35.07
-135.613,71.9069#27.56#37.14#35.3
-165.128,71.9041#29.21#34.12#36.67
-164.954,71.9187#29.23#34.24#36.53
-164.78,71.933#29.19#34.42#36.39
-164.605,71.9472#29.16#34.6#36.24
-164.43,71.9612#29.12#34.79#36.09
-164.255,71.9751#29.07#34.99#35.94
-164.079,71.9888#29.01#35.2#35.79
-163.904,72.0023#28.97#35.41#35.62
-163.728,72.0157#28.93#35.65#35.42
-163.551,72.0289#28.9#35.88#35.22
