-152.45,54.9011#26.11#28.99#44.9
-152.359,54.9033#26.11#29.05#44.84
-152.268,54.9054#26.1#29.12#44.78
-152.178,54.9074#26.1#29.19#44.71
-152.087,54.9093#26.1#29.26#44.64
-151.996,54.9112#26.09#29.33#44.58
-151.906,54.913#26.13#29.4#44.47
-151.815,54.9147#26.17#29.48#44.35
-151.724,54.9163#26.2#29.55#44.25
-151.633,54.9178#26.24#29.63#44.13
-151.543,54.9193#26.28#29.7#44.02
-151.452,54.9206#26.37#29.77#43.86
-151.361,54.9219#26.5#29.83#43.67
-151.27,54.9231#26.64#29.89#43.47
-151.18,54.9242#26.77#29.96#43.27
-151.089,54.9252#26.91#30.02#43.07
-150.998,54.9262#27.05#30.08#42.87
-150.907,54.9271#27.26#30.14#42.6
-150.817,54.9279#27.47#30.19#42.34
-150.726,54.9286#27.69#30.25#42.06
-150.635,54.9292#27.9#30.3#41.8
-150.544,54.9297#28.11#30.36#41.53
-150.453,54.9302#28.3#30.4#41.3
-150.363,54.9305#28.46#30.45#41.09
-150.272,54.9308#28.61#30.49#40.9
-150.181,54.931#28.77#30.53#40.7
-150.09,54.9312#28.93#30.58#40.49
-149.999,54.9312#29.08#30.62#40.3
-149.909,54.9312#29.14#30.66#40.2
-149.818,54.931#29.19#30.69#40.12
-149.727,54.9308#29.24#30.73#40.03
-149.636,54.9305#29.3#30.76#39.94
-149.545,54.9302#29.35#30.8#39.85
-149.455,54.9297#29.38#30.82#39.8
-149.364,54.9292#29.4#30.85#39.75
-149.273,54.9285#29.41#30.87#39.72
-149.182,54.9278#29.43#30.89#39.68
-149.091,54.9271#29.44#30.91#39.65
-149.001,54.9262#29.46#30.93#39.61
-148.91,54.9252#29.45#30.92#39.63
-148.819,54.9242#29.45#30.91#39.64
-148.728,54.9231#29.44#30.9#39.66
-148.638,54.9219#29.43#30.88#39.69
-148.547,54.9206#29.43#30.87#39.7
-148.456,54.9192#29.4#30.84#39.76
-148.365,54.9178#29.36#30.8#39.84
-148.275,54.9163#29.32#30.76#39.92
-148.184,54.9147#29.28#30.72#40
-148.093,54.913#29.24#30.68#40.08
-148.003,54.9112#29.2#30.63#40.17
-147.912,54.9093#29.08#30.56#40.36
-147.821,54.9074#28.97#30.49#40.54
-147.731,54.9054#28.85#30.41#40.74
-147.64,54.9032#28.74#30.34#40.92
-147.549,54.9011#28.62#30.26#41.12
-153.995,54.9033#26.75#28.55#44.7
-153.904,54.9069#26.68#28.55#44.77
-153.814,54.9104#26.6#28.56#44.84
-153.723,54.9139#26.53#28.57#44.9
-153.632,54.9172#26.45#28.57#44.98
-153.542,54.9205#26.38#28.58#45.04
-153.451,54.9236#26.33#28.59#45.08
-153.361,54.9267#26.3#28.62#45.08
-153.27,54.9298#26.27#28.64#45.09
-153.179,54.9327#26.24#28.66#45.1
-153.089,54.9356#26.21#28.68#45.11
-152.998,54.9383#26.18#28.71#45.11
-152.907,54.941#26.17#28.75#45.08
-152.817,54.9436#26.16#28.79#45.05
-152.726,54.9461#26.14#28.82#45.04
-152.635,54.9486#26.13#28.86#45.01
-152.544,54.9509#26.12#28.9#44.98
-152.454,54.9532#26.11#28.96#44.93
-152.363,54.9554#26.11#29.02#44.87
-152.272,54.9575#26.11#29.08#44.81
-152.181,54.9595#26.1#29.15#44.75
-152.09,54.9615#26.1#29.21#44.69
-151.999,54.9633#26.1#29.27#44.63
-151.909,54.9651#26.14#29.35#44.51
-151.818,54.9668#26.19#29.43#44.38
-151.727,54.9684#26.23#29.5#44.27
-151.636,54.97#26.28#29.58#44.14
-151.545,54.9714#26.33#29.66#44.01
-151.454,54.9728#26.42#29.73#43.85
-151.363,54.9741#26.57#29.79#43.64
-151.272,54.9753#26.71#29.86#43.43
-151.182,54.9764#26.86#29.92#43.22
-151.091,54.9774#27.01#29.98#43.01
-151,54.9784#27.16#30.05#42.79
-150.909,54.9792#27.37#30.11#42.52
-150.818,54.98#27.59#30.16#42.25
-150.727,54.9807#27.81#30.22#41.97
-150.636,54.9813#28.02#30.28#41.7
-150.545,54.9819#28.24#30.34#41.42
-150.454,54.9823#28.42#30.39#41.19
-150.363,54.9827#28.56#30.43#41.01
-150.272,54.983#28.7#30.48#40.82
-150.181,54.9832#28.84#30.53#40.63
-150.09,54.9833#28.98#30.57#40.45
-149.999,54.9834#29.12#30.62#40.26
-149.908,54.9833#29.17#30.66#40.17
-149.818,54.9832#29.22#30.69#40.09
-149.727,54.983#29.27#30.73#40
-149.636,54.9827#29.32#30.76#39.92
-149.545,54.9823#29.36#30.8#39.84
-149.454,54.9819#29.39#30.83#39.78
-149.363,54.9813#29.4#30.85#39.75
-149.272,54.9807#29.42#30.87#39.71
-149.181,54.98#29.43#30.89#39.68
-149.09,54.9792#29.44#30.91#39.65
-148.999,54.9784#29.45#30.94#39.61
-148.908,54.9774#29.44#30.93#39.63
-148.817,54.9764#29.44#30.92#39.64
-148.726,54.9752#29.43#30.91#39.66
-148.635,54.974#29.42#30.9#39.68
-148.545,54.9728#29.41#30.89#39.7
-148.454,54.9714#29.38#30.87#39.75
-148.363,54.9699#29.33#30.83#39.84
-148.272,54.9684#29.29#30.79#39.92
-148.181,54.9668#29.24#30.75#40.01
-148.09,54.9651#29.19#30.71#40.1
-147.999,54.9633#29.14#30.66#40.2
-147.909,54.9615#29.01#30.59#40.4
-147.818,54.9595#28.89#30.52#40.59
-147.727,54.9575#28.76#30.45#40.79
-147.636,54.9554#28.64#30.38#40.98
-147.545,54.9532#28.52#30.31#41.17
-147.455,54.9509#28.37#30.24#41.39
-147.364,54.9485#28.19#30.16#41.65
-147.273,54.9461#28.01#30.09#41.9
-147.182,54.9436#27.84#30.01#42.15
-147.092,54.941#27.66#29.93#42.41
-147.001,54.9383#27.49#29.86#42.65
-146.91,54.9355#27.35#29.82#42.83
-146.82,54.9327#27.22#29.78#43
-146.729,54.9297#27.09#29.74#43.17
-146.638,54.9267#26.95#29.7#43.35
-146.548,54.9236#26.82#29.67#43.51
-146.457,54.9204#26.72#29.64#43.64
-146.366,54.9172#26.66#29.62#43.72
-146.276,54.9138#26.61#29.6#43.79
-146.185,54.9104#26.55#29.57#43.88
-146.095,54.9069#26.49#29.55#43.96
-146.004,54.9033#26.44#29.53#44.03
-155.178,54.9011#28.85#28.5#42.65
-155.087,54.9058#28.75#28.51#42.74
-154.997,54.9103#28.65#28.51#42.84
-154.906,54.9149#28.48#28.51#43.01
-154.816,54.9193#28.3#28.52#43.18
-154.726,54.9236#28.13#28.52#43.35
-154.635,54.9279#27.95#28.52#43.53
-154.545,54.932#27.77#28.53#43.7
-154.454,54.9361#27.6#28.53#43.87
-154.363,54.9401#27.44#28.53#44.03
-154.273,54.9441#27.27#28.54#44.19
-154.182,54.9479#27.11#28.54#44.35
-154.092,54.9517#26.95#28.55#44.5
-154.001,54.9554#26.78#28.55#44.67
-153.91,54.959#26.7#28.55#44.75
-153.82,54.9625#26.63#28.56#44.81
-153.729,54.9659#26.55#28.57#44.88
-153.638,54.9693#26.47#28.57#44.96
-153.548,54.9725#26.4#28.58#45.02
-153.457,54.9757#26.34#28.59#45.07
-153.366,54.9788#26.31#28.61#45.08
-153.275,54.9819#26.28#28.63#45.09
-153.184,54.9848#26.25#28.65#45.1
-153.094,54.9877#26.22#28.67#45.11
-153.003,54.9904#26.19#28.69#45.12
-152.912,54.9931#26.17#28.72#45.11
-152.821,54.9957#26.16#28.76#45.08
-152.73,54.9983#26.15#28.8#45.05
-152.639,55.0007#26.14#28.84#45.02
-152.548,55.0031#26.12#28.88#45
-152.457,55.0053#26.11#28.93#44.96
-152.366,55.0075#26.11#28.99#44.9
-152.276,55.0097#26.11#29.05#44.84
-152.185,55.0117#26.1#29.11#44.79
-152.094,55.0136#26.1#29.16#44.74
-152.003,55.0155#26.1#29.22#44.68
-151.912,55.0173#26.15#29.3#44.55
-151.821,55.019#26.2#29.38#44.42
-151.73,55.0206#26.26#29.46#44.28
-151.639,55.0221#26.32#29.54#44.14
-151.548,55.0236#26.37#29.62#44.01
-151.457,55.025#26.48#29.69#43.83
-151.366,55.0262#26.63#29.75#43.62
-151.275,55.0274#26.79#29.82#43.39
-151.183,55.0286#26.95#29.88#43.17
-151.092,55.0296#27.11#29.95#42.94
-151.001,55.0306#27.26#30.01#42.73
-150.91,55.0314#27.48#30.07#42.45
-150.819,55.0322#27.71#30.13#42.16
-150.728,55.0329#27.93#30.19#41.88
-150.637,55.0335#28.15#30.25#41.6
-150.546,55.0341#28.37#30.32#41.31
-150.455,55.0345#28.54#30.37#41.09
-150.364,55.0349#28.67#30.42#40.91
-150.273,55.0352#28.79#30.47#40.74
-150.182,55.0354#28.91#30.52#40.57
-150.091,55.0355#29.04#30.57#40.39
-149.999,55.0356#29.16#30.62#40.22
-149.908,55.0355#29.2#30.66#40.14
-149.817,55.0354#29.25#30.69#40.06
-149.726,55.0352#29.29#30.73#39.98
-149.635,55.0349#29.33#30.77#39.9
-149.544,55.0345#29.38#30.8#39.82
-149.453,55.0341#29.4#30.83#39.77
-149.362,55.0335#29.41#30.85#39.74
-149.271,55.0329#29.42#30.88#39.7
-149.18,55.0322#29.43#30.9#39.67
-149.089,55.0314#29.44#30.92#39.64
-148.998,55.0305#29.44#30.94#39.62
-148.906,55.0296#29.44#30.93#39.63
-148.815,55.0285#29.43#30.93#39.64
-148.724,55.0274#29.42#30.93#39.65
-148.633,55.0262#29.41#30.92#39.67
-148.542,55.0249#29.4#30.92#39.68
-148.451,55.0236#29.37#30.89#39.74
-148.36,55.0221#29.31#30.85#39.84
-148.269,55.0206#29.25#30.81#39.94
-148.178,55.019#29.19#30.77#40.04
-148.087,55.0173#29.14#30.74#40.12
-147.996,55.0155#29.08#30.69#40.23
-147.905,55.0136#28.94#30.63#40.43
-147.814,55.0117#28.81#30.56#40.63
-147.723,55.0096#28.68#30.5#40.82
-147.632,55.0075#28.55#30.43#41.02
-147.541,55.0053#28.42#30.36#41.22
-147.451,55.003#28.26#30.29#41.45
-147.36,55.0007#28.08#30.21#41.71
-147.269,54.9982#27.9#30.13#41.97
-147.178,54.9957#27.72#30.05#42.23
-147.087,54.9931#27.54#29.97#42.49
-146.996,54.9904#27.36#29.89#42.75
-146.905,54.9876#27.24#29.85#42.91
-146.814,54.9848#27.13#29.81#43.06
-146.724,54.9818#27.01#29.76#43.23
-146.633,54.9788#26.88#29.72#43.4
-146.542,54.9757#26.76#29.68#43.56
-146.451,54.9725#26.68#29.65#43.67
-146.361,54.9692#26.62#29.62#43.76
-146.27,54.9659#26.57#29.6#43.83
-146.179,54.9624#26.52#29.58#43.9
-146.089,54.9589#26.46#29.56#43.98
-145.998,54.9553#26.41#29.53#44.06
-145.907,54.9516#26.38#29.51#44.11
-145.817,54.9479#26.35#29.48#44.17
-145.726,54.944#26.32#29.46#44.22
-145.635,54.9401#26.29#29.43#44.28
-145.545,54.9361#26.26#29.41#44.33
-145.454,54.932#26.24#29.42#44.34
-145.364,54.9278#26.22#29.46#44.32
-145.273,54.9236#26.21#29.5#44.29
-145.183,54.9192#26.19#29.55#44.26
-145.092,54.9148#26.18#29.59#44.23
-145.002,54.9103#26.16#29.64#44.2
-144.912,54.9057#26.15#29.71#44.14
-144.821,54.901#26.15#29.78#44.07
-156.089,54.9018#30.05#28.47#41.48
-155.999,54.9073#29.92#28.48#41.6
-155.909,54.9127#29.81#28.48#41.71
-155.819,54.918#29.69#28.48#41.83
-155.728,54.9233#29.57#28.49#41.94
-155.638,54.9284#29.45#28.49#42.06
-155.548,54.9335#29.33#28.49#42.18
-155.457,54.9385#29.22#28.5#42.28
-155.367,54.9435#29.12#28.5#42.38
-155.276,54.9483#29.03#28.5#42.47
-155.186,54.9531#28.93#28.51#42.56
-155.095,54.9577#28.83#28.51#42.66
-155.005,54.9623#28.73#28.51#42.76
-154.914,54.9668#28.55#28.52#42.93
-154.824,54.9713#28.37#28.52#43.11
-154.733,54.9756#28.19#28.52#43.29
-154.642,54.9799#28.01#28.52#43.47
-154.552,54.9841#27.83#28.53#43.64
-154.461,54.9882#27.66#28.53#43.81
-154.37,54.9922#27.49#28.53#43.98
-154.28,54.9961#27.32#28.54#44.14
-154.189,55#27.16#28.54#44.3
-154.098,55.0037#26.99#28.55#44.46
-154.007,55.0074#26.82#28.55#44.63
-153.917,55.011#26.73#28.55#44.72
-153.826,55.0146#26.65#28.56#44.79
-153.735,55.018#26.57#28.56#44.87
-153.644,55.0214#26.49#28.57#44.94
-153.553,55.0246#26.41#28.57#45.02
-153.462,55.0278#26.35#28.58#45.07
-153.371,55.0309#26.32#28.6#45.08
-153.28,55.034#26.29#28.62#45.09
-153.189,55.0369#26.26#28.63#45.11
-153.098,55.0398#26.23#28.65#45.12
-153.008,55.0426#26.19#28.67#45.14
-152.917,55.0453#26.18#28.7#45.12
-152.826,55.0479#26.17#28.74#45.09
-152.734,55.0504#26.15#28.78#45.07
-152.643,55.0528#26.14#28.82#45.04
-152.552,55.0552#26.13#28.85#45.02
-152.461,55.0575#26.12#28.9#44.98
-152.37,55.0597#26.11#28.95#44.94
-152.279,55.0618#26.11#29.01#44.88
-152.188,55.0639#26.11#29.06#44.83
-152.097,55.0658#26.1#29.12#44.78
-152.006,55.0677#26.1#29.17#44.73
-151.915,55.0695#26.16#29.25#44.59
-151.824,55.0712#26.22#29.33#44.45
-151.732,55.0728#26.29#29.41#44.3
-151.641,55.0743#26.35#29.49#44.16
-151.55,55.0758#26.42#29.58#44
-151.459,55.0771#26.53#29.65#43.82
-151.368,55.0784#26.7#29.71#43.59
-151.277,55.0796#26.87#29.78#43.35
-151.185,55.0808#27.03#29.85#43.12
-151.094,55.0818#27.2#29.91#42.89
-151.003,55.0828#27.37#29.98#42.65
-150.912,55.0836#27.6#30.04#42.36
-150.821,55.0844#27.82#30.1#42.08
-150.729,55.0851#28.05#30.17#41.78
-150.638,55.0857#28.27#30.23#41.5
-150.547,55.0863#28.5#30.3#41.2
-150.456,55.0867#28.66#30.35#40.99
-150.364,55.0871#28.77#30.41#40.82
-150.273,55.0874#28.88#30.46#40.66
-150.182,55.0876#28.99#30.51#40.5
-150.091,55.0877#29.09#30.57#40.34
-149.999,55.0878#29.2#30.62#40.18
-149.908,55.0877#29.24#30.66#40.1
-149.817,55.0876#29.28#30.69#40.03
-149.726,55.0874#29.32#30.73#39.95
-149.634,55.0871#29.35#30.77#39.88
-149.543,55.0867#29.39#30.81#39.8
-149.452,55.0863#29.41#30.84#39.75
-149.361,55.0857#29.42#30.86#39.72
-149.27,55.0851#29.42#30.88#39.7
-149.178,55.0844#29.43#30.9#39.67
-149.087,55.0836#29.43#30.92#39.65
-148.996,55.0827#29.44#30.94#39.62
-148.905,55.0818#29.43#30.94#39.63
-148.814,55.0807#29.42#30.94#39.64
-148.722,55.0796#29.41#30.94#39.65
-148.631,55.0784#29.4#30.94#39.66
-148.54,55.0771#29.39#30.94#39.67
-148.449,55.0758#29.35#30.92#39.73
-148.358,55.0743#29.28#30.88#39.84
-148.266,55.0728#29.22#30.84#39.94
-148.175,55.0711#29.15#30.8#40.05
-148.084,55.0694#29.09#30.76#40.15
-147.993,55.0676#29.02#30.72#40.26
-147.902,55.0658#28.88#30.66#40.46
-147.811,55.0638#28.73#30.6#40.67
-147.72,55.0618#28.59#30.54#40.87
-147.629,55.0597#28.45#30.48#41.07
-147.538,55.0575#28.31#30.42#41.27
-147.446,55.0552#28.15#30.34#41.51
-147.355,55.0528#27.96#30.26#41.78
-147.264,55.0504#27.78#30.17#42.05
-147.173,55.0478#27.6#30.09#42.31
-147.082,55.0452#27.41#30.01#42.58
-146.991,55.0425#27.24#29.93#42.83
-146.9,55.0397#27.14#29.88#42.98
-146.809,55.0369#27.03#29.83#43.14
-146.718,55.0339#26.92#29.79#43.29
-146.628,55.0309#26.82#29.74#43.44
-146.537,55.0278#26.71#29.69#43.6
-146.446,55.0246#26.63#29.66#43.71
-146.355,55.0213#26.58#29.63#43.79
-146.264,55.018#26.53#29.61#43.86
-146.173,55.0145#26.48#29.58#43.94
-146.082,55.011#26.43#29.56#44.01
-145.992,55.0074#26.38#29.53#44.09
-145.901,55.0037#26.35#29.5#44.15
-145.81,54.9999#26.33#29.47#44.2
-145.719,54.9961#26.3#29.45#44.25
-145.629,54.9921#26.27#29.42#44.31
-145.538,54.9881#26.24#29.39#44.37
-145.447,54.984#26.22#29.41#44.37
-145.356,54.9798#26.21#29.45#44.34
-145.266,54.9756#26.2#29.49#44.31
-145.175,54.9712#26.18#29.54#44.28
-145.085,54.9668#26.17#29.58#44.25
-144.994,54.9623#26.15#29.63#44.22
-144.904,54.9577#26.15#29.7#44.15
-144.813,54.953#26.14#29.77#44.09
-144.723,54.9482#26.13#29.85#44.02
-144.632,54.9434#26.12#29.92#43.96
-144.542,54.9385#26.12#29.99#43.89
-144.451,54.9335#26.11#30.05#43.84
-144.361,54.9284#26.11#30.09#43.8
-144.271,54.9232#26.1#30.13#43.77
-144.18,54.918#26.1#30.18#43.72
-144.09,54.9126#26.1#30.22#43.68
-144,54.9072#26.09#30.26#43.65
-143.91,54.9017#26.09#30.3#43.61
-156.911,54.9005#31.37#28.45#40.18
-156.821,54.9067#31.24#28.45#40.31
-156.731,54.9129#31.11#28.45#40.44
-156.641,54.9189#30.97#28.46#40.57
-156.55,54.9249#30.84#28.46#40.7
-156.46,54.9308#30.7#28.46#40.84
-156.37,54.9367#30.57#28.47#40.96
-156.28,54.9424#30.44#28.47#41.09
-156.189,54.9481#30.31#28.47#41.22
-156.099,54.9537#30.18#28.47#41.35
-156.009,54.9592#30.04#28.48#41.48
-155.918,54.9646#29.92#28.48#41.6
-155.828,54.9699#29.8#28.48#41.72
-155.737,54.9752#29.68#28.49#41.83
-155.647,54.9804#29.56#28.49#41.95
-155.556,54.9855#29.43#28.49#42.08
-155.466,54.9905#29.32#28.5#42.18
-155.375,54.9954#29.22#28.5#42.28
-155.285,55.0003#29.11#28.5#42.39
-155.194,55.005#29.01#28.51#42.48
-155.103,55.0097#28.91#28.51#42.58
-155.013,55.0143#28.8#28.51#42.69
-154.922,55.0188#28.63#28.52#42.85
-154.831,55.0233#28.45#28.52#43.03
-154.741,55.0276#28.26#28.52#43.22
-154.65,55.0319#28.08#28.53#43.39
-154.559,55.0361#27.89#28.53#43.58
-154.468,55.0402#27.71#28.53#43.76
-154.377,55.0442#27.54#28.54#43.92
-154.286,55.0482#27.37#28.54#44.09
-154.196,55.052#27.2#28.54#44.26
-154.105,55.0558#27.03#28.55#44.42
-154.014,55.0595#26.86#28.55#44.59
-153.923,55.0631#26.76#28.55#44.69
-153.832,55.0666#26.68#28.56#44.76
-153.741,55.0701#26.6#28.56#44.84
-153.65,55.0735#26.51#28.57#44.92
-153.559,55.0767#26.43#28.57#45
-153.468,55.0799#26.37#28.58#45.05
-153.377,55.0831#26.33#28.59#45.08
-153.286,55.0861#26.3#28.61#45.09
-153.195,55.089#26.27#28.62#45.11
-153.103,55.0919#26.23#28.63#45.14
-153.012,55.0947#26.2#28.65#45.15
-152.921,55.0974#26.18#28.68#45.14
-152.83,55.1#26.17#28.72#45.11
-152.739,55.1026#26.16#28.75#45.09
-152.648,55.105#26.14#28.79#45.07
-152.556,55.1074#26.13#28.83#45.04
-152.465,55.1097#26.12#28.87#45.01
-152.374,55.1119#26.12#28.92#44.96
-152.283,55.114#26.11#28.97#44.92
-152.192,55.116#26.11#29.02#44.87
-152.1,55.118#26.11#29.07#44.82
-152.009,55.1199#26.1#29.12#44.78
-151.918,55.1216#26.17#29.2#44.63
-151.826,55.1234#26.24#29.28#44.48
-151.735,55.125#26.31#29.37#44.32
-151.644,55.1265#26.39#29.45#44.16
-151.553,55.128#26.46#29.53#44.01
-151.461,55.1293#26.58#29.61#43.81
-151.37,55.1306#26.76#29.68#43.56
-151.279,55.1318#26.94#29.74#43.32
-151.187,55.133#27.12#29.81#43.07
-151.096,55.134#27.3#29.87#42.83
-151.005,55.135#27.48#29.94#42.58
-150.913,55.1358#27.71#30.01#42.28
-150.822,55.1366#27.94#30.07#41.99
-150.73,55.1373#28.17#30.14#41.69
-150.639,55.138#28.39#30.21#41.4
-150.548,55.1385#28.62#30.28#41.1
-150.456,55.139#28.79#30.34#40.87
-150.365,55.1393#28.88#30.39#40.73
-150.274,55.1396#28.97#30.45#40.58
-150.182,55.1398#29.06#30.51#40.43
-150.091,55.14#29.15#30.56#40.29
-149.999,55.14#29.24#30.62#40.14
-149.908,55.14#29.27#30.66#40.07
-149.817,55.1398#29.31#30.7#39.99
-149.725,55.1396#29.34#30.73#39.93
-149.634,55.1393#29.37#30.77#39.86
-149.543,55.139#29.41#30.81#39.78
-149.451,55.1385#29.42#30.84#39.74
-149.36,55.138#29.43#30.86#39.71
-149.268,55.1373#29.43#30.88#39.69
-149.177,55.1366#29.43#30.9#39.67
-149.086,55.1358#29.43#30.92#39.65
-148.994,55.135#29.43#30.94#39.63
-148.903,55.134#29.42#30.95#39.63
-148.812,55.133#29.41#30.95#39.64
-148.72,55.1318#29.4#30.96#39.64
-148.629,55.1306#29.38#30.96#39.66
-148.538,55.1293#29.37#30.96#39.67
-148.446,55.128#29.33#30.94#39.73
-148.355,55.1265#29.25#30.91#39.84
-148.264,55.125#29.18#30.87#39.95
-148.172,55.1233#29.11#30.83#40.06
-148.081,55.1216#29.04#30.79#40.17
-147.99,55.1198#28.96#30.75#40.29
-147.899,55.118#28.81#30.7#40.49
-147.807,55.116#28.65#30.64#40.71
-147.716,55.114#28.5#30.58#40.92
-147.625,55.1118#28.35#30.53#41.12
-147.534,55.1096#28.21#30.47#41.32
-147.442,55.1073#28.03#30.39#41.58
-147.351,55.105#27.85#30.3#41.85
-147.26,55.1025#27.66#30.22#42.12
-147.169,55.1#27.48#30.13#42.39
-147.078,55.0974#27.29#30.04#42.67
-146.987,55.0947#27.12#29.96#42.92
-146.895,55.0919#27.03#29.91#43.06
-146.804,55.089#26.94#29.86#43.2
-146.713,55.086#26.84#29.81#43.35
-146.622,55.083#26.75#29.76#43.49
-146.531,55.0799#26.65#29.71#43.64
-146.44,55.0767#26.59#29.67#43.74
-146.349,55.0734#26.54#29.64#43.82
-146.258,55.07#26.49#29.61#43.9
-146.167,55.0666#26.45#29.59#43.96
-146.076,55.0631#26.4#29.56#44.04
-145.985,55.0595#26.35#29.53#44.12
-145.894,55.0558#26.33#29.5#44.17
-145.803,55.052#26.3#29.47#44.23
-145.712,55.0481#26.28#29.44#44.28
-145.622,55.0442#26.25#29.41#44.34
-145.531,55.0401#26.23#29.38#44.39
-145.44,55.036#26.21#29.4#44.39
-145.349,55.0318#26.2#29.44#44.36
-145.258,55.0276#26.19#29.48#44.33
-145.168,55.0232#26.17#29.53#44.3
-145.077,55.0188#26.16#29.57#44.27
-144.986,55.0143#26.15#29.62#44.23
-144.896,55.0097#26.14#29.7#44.16
-144.805,55.005#26.13#29.77#44.1
-144.714,55.0002#26.13#29.85#44.02
-144.624,54.9953#26.12#29.92#43.96
-144.533,54.9904#26.11#29.99#43.9
-144.443,54.9854#26.11#30.05#43.84
-144.352,54.9803#26.11#30.1#43.79
-144.262,54.9751#26.1#30.14#43.76
-144.171,54.9699#26.1#30.19#43.71
-144.081,54.9645#26.09#30.23#43.68
-143.99,54.9591#26.09#30.28#43.63
-143.9,54.9536#26.09#30.31#43.6
-143.81,54.948#26.09#30.34#43.57
-143.719,54.9424#26.09#30.37#43.54
-143.629,54.9366#26.08#30.41#43.51
-143.539,54.9308#26.08#30.44#43.48
-143.449,54.9249#26.08#30.47#43.45
-143.358,54.9189#26.08#30.51#43.41
-143.268,54.9128#26.08#30.54#43.38
-143.178,54.9066#26.08#30.58#43.34
-143.088,54.9004#26.08#30.61#43.31
-157.552,54.9063#32.99#28.43#38.58
-157.462,54.9131#32.76#28.43#38.81
-157.372,54.9198#32.55#28.43#39.02
-157.282,54.9265#32.33#28.43#39.24
-157.192,54.933#32.11#28.44#39.45
-157.102,54.9395#31.9#28.44#39.66
-157.012,54.9459#31.68#28.44#39.88
-156.922,54.9523#31.53#28.45#40.02
-156.832,54.9585#31.4#28.45#40.15
-156.741,54.9647#31.26#28.45#40.29
-156.651,54.9708#31.12#28.46#40.42
-156.561,54.9768#30.98#28.46#40.56
-156.47,54.9827#30.84#28.46#40.7
-156.38,54.9885#30.71#28.47#40.82
-156.29,54.9943#30.57#28.47#40.96
-156.199,55#30.44#28.47#41.09
-156.109,55.0056#30.3#28.47#41.23
-156.018,55.0111#30.17#28.48#41.35
-155.928,55.0165#30.04#28.48#41.48
-155.837,55.0219#29.92#28.48#41.6
-155.746,55.0271#29.79#28.49#41.72
-155.656,55.0323#29.66#28.49#41.85
-155.565,55.0374#29.54#28.49#41.97
-155.474,55.0424#29.41#28.5#42.09
-155.384,55.0474#29.31#28.5#42.19
-155.293,55.0522#29.2#28.5#42.3
-155.202,55.057#29.09#28.51#42.4
-155.111,55.0617#28.99#28.51#42.5
-155.021,55.0663#28.88#28.51#42.61
-154.93,55.0708#28.71#28.52#42.77
-154.839,55.0753#28.52#28.52#42.96
-154.748,55.0796#28.33#28.52#43.15
-154.657,55.0839#28.14#28.53#43.33
-154.566,55.0881#27.95#28.53#43.52
-154.475,55.0922#27.77#28.53#43.7
-154.384,55.0963#27.59#28.54#43.87
-154.293,55.1002#27.42#28.54#44.04
-154.202,55.1041#27.25#28.54#44.21
-154.111,55.1079#27.07#28.55#44.38
-154.02,55.1116#26.89#28.55#44.56
-153.929,55.1152#26.79#28.55#44.66
-153.838,55.1187#26.71#28.56#44.73
-153.747,55.1222#26.62#28.56#44.82
-153.656,55.1256#26.54#28.57#44.89
-153.564,55.1289#26.45#28.57#44.98
-153.473,55.1321#26.38#28.58#45.04
-153.382,55.1352#26.34#28.59#45.07
-153.291,55.1382#26.31#28.6#45.09
-153.2,55.1412#26.28#28.61#45.11
-153.108,55.1441#26.24#28.62#45.14
-153.017,55.1468#26.21#28.63#45.16
-152.926,55.1496#26.19#28.66#45.15
-152.835,55.1522#26.17#28.7#45.13
-152.743,55.1547#26.16#28.73#45.11
-152.652,55.1572#26.15#28.77#45.08
-152.561,55.1596#26.13#28.8#45.07
-152.469,55.1618#26.12#28.84#45.04
-152.378,55.1641#26.12#28.89#44.99
-152.286,55.1662#26.11#28.93#44.96
-152.195,55.1682#26.11#28.98#44.91
-152.104,55.1702#26.11#29.02#44.87
-152.012,55.1721#26.11#29.07#44.82
-151.921,55.1739#26.18#29.15#44.67
-151.829,55.1756#26.26#29.23#44.51
-151.738,55.1772#26.34#29.32#44.34
-151.647,55.1787#26.42#29.41#44.17
-151.555,55.1802#26.51#29.49#44
-151.464,55.1816#26.63#29.57#43.8
-151.372,55.1829#26.82#29.64#43.54
-151.281,55.1841#27.01#29.7#43.29
-151.189,55.1852#27.21#29.77#43.02
-151.098,55.1862#27.4#29.84#42.76
-151.006,55.1872#27.59#29.9#42.51
-150.915,55.1881#27.82#29.97#42.21
-150.823,55.1889#28.05#30.04#41.91
-150.732,55.1896#28.29#30.11#41.6
-150.64,55.1902#28.52#30.18#41.3
-150.549,55.1907#28.75#30.25#41
-150.457,55.1912#28.91#30.32#40.77
-150.366,55.1916#28.98#30.38#40.64
-150.274,55.1919#29.06#30.44#40.5
-150.182,55.1921#29.13#30.5#40.37
-150.091,55.1922#29.2#30.56#40.24
-149.999,55.1922#29.27#30.62#40.11
-149.908,55.1922#29.3#30.66#40.04
-149.816,55.1921#29.33#30.7#39.97
-149.725,55.1919#29.36#30.74#39.9
-149.633,55.1916#29.39#30.78#39.83
-149.542,55.1912#29.42#30.82#39.76
-149.45,55.1907#29.44#30.84#39.72
-149.359,55.1902#29.43#30.87#39.7
-149.267,55.1896#29.43#30.89#39.68
-149.176,55.1889#29.43#30.91#39.66
-149.084,55.1881#29.42#30.93#39.65
-148.993,55.1872#29.42#30.95#39.63
-148.901,55.1862#29.41#30.95#39.64
-148.81,55.1852#29.4#30.96#39.64
-148.718,55.1841#29.38#30.97#39.65
-148.627,55.1828#29.37#30.98#39.65
-148.535,55.1815#29.36#30.99#39.65
-148.444,55.1802#29.3#30.97#39.73
-148.352,55.1787#29.22#30.93#39.85
-148.261,55.1772#29.14#30.9#39.96
-148.169,55.1755#29.07#30.86#40.07
-148.078,55.1738#28.99#30.82#40.19
-147.987,55.172#28.9#30.78#40.32
-147.895,55.1702#28.73#30.73#40.54
-147.804,55.1682#28.57#30.68#40.75
-147.712,55.1662#28.42#30.63#40.95
-147.621,55.164#28.26#30.57#41.17
-147.53,55.1618#28.1#30.52#41.38
-147.438,55.1595#27.92#30.44#41.64
-147.347,55.1571#27.73#30.35#41.92
-147.256,55.1547#27.54#30.26#42.2
-147.164,55.1521#27.35#30.17#42.48
-147.073,55.1495#27.17#30.08#42.75
-146.982,55.1468#27#30#43
-146.89,55.144#26.92#29.94#43.14
-146.799,55.1411#26.84#29.89#43.27
-146.708,55.1382#26.76#29.83#43.41
-146.617,55.1351#26.68#29.78#43.54
-146.526,55.132#26.6#29.72#43.68
-146.434,55.1288#26.55#29.68#43.77
-146.343,55.1255#26.5#29.65#43.85
-146.252,55.1222#26.46#29.62#43.92
-146.161,55.1187#26.41#29.59#44
-146.07,55.1152#26.37#29.56#44.07
-145.979,55.1115#26.33#29.53#44.14
-145.888,55.1078#26.3#29.49#44.21
-145.797,55.104#26.28#29.46#44.26
-145.706,55.1002#26.26#29.43#44.31
-145.615,55.0962#26.24#29.4#44.36
-145.524,55.0922#26.21#29.37#44.42
-145.433,55.0881#26.2#29.39#44.41
-145.342,55.0839#26.19#29.43#44.38
-145.251,55.0796#26.17#29.47#44.36
-145.16,55.0752#26.16#29.52#44.32
-145.069,55.0708#26.15#29.56#44.29
-144.978,55.0663#26.14#29.61#44.25
-144.887,55.0616#26.13#29.69#44.18
-144.797,55.0569#26.13#29.77#44.1
-144.706,55.0522#26.12#29.84#44.04
-144.615,55.0473#26.12#29.92#43.96
-144.524,55.0424#26.11#30#43.89
-144.434,55.0374#26.11#30.05#43.84
-144.343,55.0322#26.1#30.1#43.8
-144.252,55.0271#26.1#30.15#43.75
-144.162,55.0218#26.1#30.2#43.7
-144.071,55.0164#26.09#30.24#43.67
-143.981,55.011#26.09#30.29#43.62
-143.89,55.0055#26.09#30.32#43.59
-143.8,54.9999#26.09#30.36#43.55
-143.709,54.9942#26.08#30.39#43.53
-143.619,54.9885#26.08#30.43#43.49
-143.529,54.9826#26.08#30.46#43.46
-143.438,54.9767#26.08#30.5#43.42
-143.348,54.9707#26.08#30.54#43.38
-143.258,54.9646#26.08#30.57#43.35
-143.167,54.9584#26.08#30.61#43.31
-143.077,54.9522#26.08#30.64#43.28
-142.987,54.9459#26.08#30.68#43.24
-142.897,54.9395#26.08#30.72#43.2
-142.807,54.933#26.07#30.76#43.17
-142.717,54.9264#26.07#30.81#43.12
-142.627,54.9197#26.07#30.85#43.08
-142.537,54.913#26.07#30.89#43.04
-142.447,54.9062#26.07#30.91#43.02
-158.284,54.9004#35.2#28.4#36.4
-158.194,54.9079#34.94#28.41#36.65
-158.104,54.9153#34.68#28.41#36.91
-158.014,54.9226#34.42#28.41#37.17
-157.924,54.9299#34.18#28.41#37.41
-157.834,54.937#33.93#28.42#37.65
-157.744,54.9441#33.69#28.42#37.89
-157.654,54.9511#33.44#28.42#38.14
-157.564,54.958#33.19#28.43#38.38
-157.474,54.9648#32.95#28.43#38.62
-157.384,54.9716#32.74#28.43#38.83
-157.294,54.9782#32.52#28.44#39.04
-157.204,54.9848#32.3#28.44#39.26
-157.113,54.9913#32.07#28.44#39.49
-157.023,54.9977#31.85#28.44#39.71
-156.933,55.0041#31.69#28.45#39.86
-156.842,55.0103#31.55#28.45#40
-156.752,55.0165#31.41#28.45#40.14
-156.662,55.0226#31.27#28.46#40.27
-156.571,55.0286#31.12#28.46#40.42
-156.481,55.0346#30.98#28.46#40.56
-156.39,55.0404#30.85#28.47#40.68
-156.3,55.0462#30.71#28.47#40.82
-156.209,55.0519#30.57#28.47#40.96
-156.118,55.0575#30.43#28.48#41.09
-156.028,55.063#30.29#28.48#41.23
-155.937,55.0684#30.16#28.48#41.36
-155.846,55.0738#30.03#28.48#41.49
-155.756,55.0791#29.9#28.49#41.61
-155.665,55.0843#29.77#28.49#41.74
-155.574,55.0894#29.64#28.49#41.87
-155.483,55.0944#29.51#28.5#41.99
-155.392,55.0994#29.4#28.5#42.1
-155.301,55.1042#29.29#28.5#42.21
-155.211,55.109#29.18#28.51#42.31
-155.12,55.1137#29.06#28.51#42.43
-155.029,55.1183#28.95#28.51#42.54
-154.938,55.1229#28.78#28.52#42.7
-154.847,55.1273#28.59#28.52#42.89
-154.756,55.1317#28.4#28.52#43.08
-154.665,55.136#28.21#28.53#43.26
-154.573,55.1402#28.02#28.53#43.45
-154.482,55.1443#27.82#28.53#43.65
-154.391,55.1483#27.65#28.54#43.81
-154.3,55.1523#27.47#28.54#43.99
-154.209,55.1562#27.29#28.54#44.17
-154.118,55.16#27.11#28.55#44.34
-154.027,55.1637#26.93#28.55#44.52
-153.935,55.1673#26.82#28.55#44.63
-153.844,55.1709#26.73#28.56#44.71
-153.753,55.1743#26.65#28.56#44.79
-153.661,55.1777#26.56#28.57#44.87
-153.57,55.181#26.47#28.57#44.96
-153.479,55.1842#26.39#28.57#45.04
-153.387,55.1873#26.36#28.58#45.06
-153.296,55.1904#26.32#28.59#45.09
-153.205,55.1933#26.28#28.6#45.12
-153.113,55.1962#26.25#28.6#45.15
-153.022,55.199#26.21#28.61#45.18
-152.93,55.2017#26.19#28.64#45.17
-152.839,55.2044#26.18#28.68#45.14
-152.748,55.2069#26.17#28.71#45.12
-152.656,55.2094#26.15#28.75#45.1
-152.565,55.2117#26.14#28.78#45.08
-152.473,55.214#26.13#28.82#45.05
-152.382,55.2163#26.13#28.86#45.01
-152.29,55.2184#26.13#28.91#44.96
-152.199,55.2204#26.13#28.95#44.92
-152.107,55.2224#26.14#28.99#44.87
-152.015,55.2243#26.14#29.03#44.83
-151.924,55.2261#26.22#29.11#44.67
-151.832,55.2278#26.31#29.2#44.49
-151.741,55.2294#26.41#29.28#44.31
-151.649,55.231#26.5#29.36#44.14
-151.558,55.2324#26.59#29.45#43.96
-151.466,55.2338#26.73#29.52#43.75
-151.374,55.2351#26.92#29.59#43.49
-151.283,55.2363#27.12#29.66#43.22
-151.191,55.2374#27.32#29.73#42.95
-151.099,55.2385#27.52#29.8#42.68
-151.008,55.2394#27.71#29.87#42.42
-150.916,55.2403#27.93#29.95#42.12
-150.824,55.2411#28.15#30.02#41.83
-150.733,55.2418#28.36#30.09#41.55
-150.641,55.2424#28.58#30.16#41.26
-150.549,55.243#28.8#30.24#40.96
-150.458,55.2434#28.95#30.3#40.75
-150.366,55.2438#29.01#30.36#40.63
-150.274,55.2441#29.08#30.43#40.49
-150.183,55.2443#29.15#30.49#40.36
-150.091,55.2444#29.22#30.55#40.23
-149.999,55.2445#29.29#30.61#40.1
-149.908,55.2444#29.31#30.65#40.04
-149.816,55.2443#29.34#30.69#39.97
-149.724,55.2441#29.36#30.73#39.91
-149.633,55.2438#29.39#30.77#39.84
-149.541,55.2434#29.42#30.81#39.77
-149.449,55.243#29.43#30.84#39.73
-149.358,55.2424#29.42#30.86#39.72
-149.266,55.2418#29.42#30.88#39.7
-149.174,55.2411#29.41#30.9#39.69
-149.083,55.2403#29.41#30.92#39.67
-148.991,55.2394#29.4#30.94#39.66
-148.899,55.2385#29.39#30.95#39.66
-148.808,55.2374#29.37#30.96#39.67
-148.716,55.2363#29.35#30.97#39.68
-148.625,55.2351#29.33#30.98#39.69
-148.533,55.2338#29.31#30.99#39.7
-148.441,55.2324#29.25#30.98#39.77
-148.35,55.2309#29.16#30.95#39.89
-148.258,55.2294#29.08#30.91#40.01
-148.167,55.2278#28.99#30.88#40.13
-148.075,55.226#28.91#30.85#40.24
-147.983,55.2242#28.81#30.81#40.38
-147.892,55.2224#28.64#30.76#40.6
-147.8,55.2204#28.48#30.71#40.81
-147.709,55.2184#28.31#30.66#41.03
-147.617,55.2162#28.15#30.61#41.24
-147.526,55.214#27.99#30.56#41.45
-147.434,55.2117#27.81#30.48#41.71
-147.343,55.2093#27.62#30.39#41.99
-147.251,55.2069#27.43#30.3#42.27
-147.16,55.2043#27.24#30.21#42.55
-147.068,55.2017#27.05#30.12#42.83
-146.977,55.199#26.89#30.03#43.08
-146.886,55.1962#26.82#29.97#43.21
-146.794,55.1933#26.75#29.91#43.34
-146.703,55.1903#26.69#29.85#43.46
-146.611,55.1873#26.62#29.79#43.59
-146.52,55.1842#26.55#29.73#43.72
-146.429,55.1809#26.5#29.69#43.81
-146.337,55.1777#26.46#29.66#43.88
-146.246,55.1743#26.42#29.62#43.96
-146.155,55.1708#26.38#29.59#44.03
-146.064,55.1673#26.34#29.56#44.1
-145.972,55.1636#26.3#29.52#44.18
-145.881,55.1599#26.28#29.49#44.23
-145.79,55.1561#26.26#29.45#44.29
-145.699,55.1523#26.24#29.42#44.34
-145.608,55.1483#26.22#29.38#44.4
-145.516,55.1443#26.2#29.35#44.45
-145.425,55.1401#26.19#29.38#44.43
-145.334,55.1359#26.18#29.42#44.4
-145.243,55.1316#26.16#29.46#44.38
-145.152,55.1273#26.15#29.51#44.34
-145.061,55.1228#26.14#29.55#44.31
-144.97,55.1183#26.13#29.6#44.27
-144.879,55.1137#26.13#29.68#44.19
-144.788,55.1089#26.12#29.76#44.12
-144.697,55.1042#26.12#29.84#44.04
-144.607,55.0993#26.11#29.92#43.97
-144.516,55.0943#26.11#30#43.89
-144.425,55.0893#26.1#30.06#43.84
-144.334,55.0842#26.1#30.11#43.79
-144.243,55.079#26.1#30.16#43.74
-144.153,55.0737#26.09#30.21#43.7
-144.062,55.0684#26.09#30.25#43.66
-143.971,55.0629#26.09#30.3#43.61
-143.881,55.0574#26.09#30.34#43.57
-143.79,55.0518#26.08#30.37#43.55
-143.699,55.0461#26.08#30.41#43.51
-143.609,55.0403#26.08#30.45#43.47
-143.518,55.0345#26.08#30.48#43.44
-143.428,55.0285#26.08#30.52#43.4
-143.337,55.0225#26.08#30.56#43.36
-143.247,55.0164#26.08#30.6#43.32
-143.156,55.0103#26.08#30.64#43.28
-143.066,55.004#26.08#30.68#43.24
-142.976,54.9977#26.08#30.72#43.2
-142.886,54.9912#26.07#30.76#43.17
-142.795,54.9847#26.07#30.81#43.12
-142.705,54.9781#26.07#30.85#43.08
-142.615,54.9715#26.07#30.89#43.04
-142.525,54.9647#26.07#30.93#43
-142.435,54.9579#26.07#30.95#42.98
-142.345,54.951#26.07#30.96#42.97
-142.255,54.944#26.07#30.97#42.96
-142.165,54.9369#26.07#30.97#42.96
-142.075,54.9298#26.07#30.98#42.95
-141.985,54.9225#26.07#30.99#42.94
-141.895,54.9152#26.07#31.01#42.92
-141.805,54.9078#26.07#31.03#42.9
-141.715,54.9003#26.07#31.05#42.88
-158.836,54.9054#36.97#28.39#34.64
-158.746,54.9134#36.72#28.39#34.89
-158.656,54.9213#36.46#28.39#35.15
-158.566,54.9291#36.21#28.39#35.4
-158.477,54.9368#35.95#28.4#35.65
-158.387,54.9445#35.69#28.4#35.91
-158.297,54.9521#35.43#28.4#36.17
-158.207,54.9596#35.17#28.41#36.42
-158.117,54.967#34.91#28.41#36.68
-158.027,54.9743#34.65#28.41#36.94
-157.937,54.9815#34.4#28.41#37.19
-157.847,54.9887#34.15#28.42#37.43
-157.757,54.9958#33.9#28.42#37.68
-157.666,55.0028#33.65#28.42#37.93
-157.576,55.0097#33.4#28.43#38.17
-157.486,55.0166#33.15#28.43#38.42
-157.396,55.0233#32.93#28.43#38.64
-157.305,55.03#32.7#28.44#38.86
-157.215,55.0366#32.48#28.44#39.08
-157.125,55.0431#32.25#28.44#39.31
-157.034,55.0495#32.03#28.44#39.53
-156.944,55.0559#31.85#28.45#39.7
-156.853,55.0622#31.71#28.45#39.84
-156.763,55.0684#31.56#28.45#39.99
-156.672,55.0745#31.42#28.46#40.12
-156.582,55.0805#31.27#28.46#40.27
-156.491,55.0864#31.12#28.46#40.42
-156.4,55.0923#30.98#28.47#40.55
-156.31,55.0981#30.84#28.47#40.69
-156.219,55.1038#30.7#28.47#40.83
-156.128,55.1094#30.56#28.48#40.96
-156.037,55.1149#30.42#28.48#41.1
-155.946,55.1204#30.28#28.48#41.24
-155.856,55.1257#30.15#28.49#41.36
-155.765,55.131#30.01#28.49#41.5
-155.674,55.1362#29.88#28.49#41.63
-155.583,55.1414#29.75#28.5#41.75
-155.492,55.1464#29.61#28.5#41.89
-155.401,55.1514#29.5#28.5#42
-155.31,55.1562#29.38#28.5#42.12
-155.219,55.161#29.26#28.51#42.23
-155.128,55.1657#29.15#28.51#42.34
-155.037,55.1704#29.03#28.51#42.46
-154.946,55.1749#28.86#28.52#42.62
-154.854,55.1794#28.67#28.52#42.81
-154.763,55.1837#28.47#28.52#43.01
-154.672,55.188#28.27#28.53#43.2
-154.581,55.1923#28.08#28.53#43.39
-154.49,55.1964#27.88#28.53#43.59
-154.398,55.2004#27.7#28.54#43.76
-154.307,55.2044#27.52#28.54#43.94
-154.216,55.2083#27.34#28.54#44.12
-154.124,55.2121#27.16#28.55#44.29
-154.033,55.2158#26.98#28.55#44.47
-153.942,55.2194#26.86#28.56#44.58
-153.85,55.223#26.77#28.56#44.67
-153.759,55.2265#26.68#28.56#44.76
-153.667,55.2298#26.59#28.57#44.84
-153.576,55.2331#26.5#28.57#44.93
-153.484,55.2364#26.41#28.58#45.01
-153.393,55.2395#26.38#28.58#45.04
-153.301,55.2425#26.34#28.59#45.07
-153.21,55.2455#26.3#28.6#45.1
-153.118,55.2484#26.26#28.6#45.14
-153.027,55.2512#26.22#28.61#45.17
-152.935,55.2539#26.2#28.64#45.16
-152.844,55.2565#26.19#28.67#45.14
-152.752,55.2591#26.18#28.7#45.12
-152.66,55.2616#26.16#28.73#45.11
-152.569,55.264#26.15#28.77#45.08
-152.477,55.2663#26.14#28.8#45.06
-152.385,55.2685#26.15#28.84#45.01
-152.294,55.2706#26.16#28.89#44.95
-152.202,55.2727#26.18#28.93#44.89
-152.11,55.2746#26.19#28.97#44.84
-152.019,55.2765#26.2#29.01#44.79
-151.927,55.2783#26.28#29.08#44.64
-151.835,55.28#26.39#29.16#44.45
-151.744,55.2816#26.49#29.24#44.27
-151.652,55.2832#26.59#29.32#44.09
-151.56,55.2847#26.7#29.4#43.9
-151.468,55.286#26.83#29.48#43.69
-151.376,55.2873#27.04#29.55#43.41
-151.285,55.2886#27.24#29.62#43.14
-151.193,55.2897#27.44#29.7#42.86
-151.101,55.2907#27.64#29.77#42.59
-151.009,55.2917#27.84#29.84#42.32
-150.918,55.2926#28.04#29.92#42.04
-150.826,55.2934#28.24#29.99#41.77
-150.734,55.2941#28.44#30.07#41.49
-150.642,55.2947#28.64#30.14#41.22
-150.55,55.2953#28.84#30.22#40.94
-150.459,55.2957#28.98#30.29#40.73
-150.367,55.2961#29.04#30.35#40.61
-150.275,55.2964#29.11#30.41#40.48
-150.183,55.2966#29.17#30.48#40.35
-150.091,55.2967#29.23#30.54#40.23
-149.999,55.2968#29.3#30.61#40.09
-149.908,55.2967#29.32#30.65#40.03
-149.816,55.2966#29.34#30.69#39.97
-149.724,55.2964#29.36#30.73#39.91
-149.632,55.2961#29.39#30.77#39.84
-149.54,55.2957#29.41#30.81#39.78
-149.449,55.2952#29.42#30.84#39.74
-149.357,55.2947#29.41#30.86#39.73
-149.265,55.2941#29.41#30.88#39.71
-149.173,55.2934#29.4#30.9#39.7
-149.081,55.2926#29.39#30.92#39.69
-148.989,55.2917#29.39#30.94#39.67
-148.898,55.2907#29.36#30.95#39.69
-148.806,55.2897#29.34#30.96#39.7
-148.714,55.2885#29.31#30.97#39.72
-148.622,55.2873#29.29#30.98#39.73
-148.531,55.286#29.26#30.99#39.75
-148.439,55.2846#29.19#30.98#39.83
-148.347,55.2832#29.09#30.95#39.96
-148.255,55.2816#29#30.92#40.08
-148.164,55.28#28.9#30.9#40.2
-148.072,55.2783#28.81#30.87#40.32
-147.98,55.2765#28.7#30.83#40.47
-147.888,55.2746#28.53#30.79#40.68
-147.797,55.2726#28.36#30.74#40.9
-147.705,55.2706#28.2#30.69#41.11
-147.613,55.2684#28.03#30.64#41.33
-147.522,55.2662#27.87#30.59#41.54
-147.43,55.2639#27.69#30.52#41.79
-147.338,55.2615#27.52#30.43#42.05
-147.247,55.2591#27.34#30.34#42.32
-147.155,55.2565#27.17#30.26#42.57
-147.064,55.2539#26.99#30.17#42.84
-146.972,55.2512#26.85#30.09#43.06
-146.881,55.2484#26.78#30.02#43.2
-146.789,55.2455#26.71#29.96#43.33
-146.697,55.2425#26.65#29.89#43.46
-146.606,55.2395#26.58#29.83#43.59
-146.514,55.2363#26.52#29.76#43.72
-146.423,55.2331#26.47#29.72#43.81
-146.332,55.2298#26.43#29.68#43.89
-146.24,55.2264#26.39#29.64#43.97
-146.149,55.2229#26.35#29.6#44.05
-146.057,55.2194#26.31#29.56#44.13
-145.966,55.2158#26.28#29.52#44.2
-145.875,55.212#26.26#29.48#44.26
-145.783,55.2082#26.24#29.45#44.31
-145.692,55.2044#26.22#29.41#44.37
-145.601,55.2004#26.2#29.37#44.43
-145.509,55.1963#26.19#29.34#44.47
-145.418,55.1922#26.17#29.37#44.46
-145.327,55.188#26.17#29.41#44.42
-145.236,55.1837#26.16#29.45#44.39
-145.144,55.1793#26.15#29.49#44.36
-145.053,55.1748#26.14#29.54#44.32
-144.962,55.1703#26.13#29.6#44.27
-144.871,55.1657#26.12#29.68#44.2
-144.78,55.161#26.12#29.76#44.12
-144.689,55.1562#26.11#29.85#44.04
-144.598,55.1513#26.11#29.93#43.96
-144.507,55.1463#26.1#30.01#43.89
-144.416,55.1413#26.1#30.06#43.84
-144.325,55.1362#26.1#30.11#43.79
-144.234,55.131#26.09#30.17#43.74
-144.143,55.1257#26.09#30.22#43.69
-144.052,55.1203#26.09#30.27#43.64
-143.962,55.1149#26.09#30.31#43.6
-143.871,55.1093#26.08#30.35#43.57
-143.78,55.1037#26.08#30.39#43.53
-143.689,55.098#26.08#30.43#43.49
-143.599,55.0922#26.08#30.47#43.45
-143.508,55.0864#26.08#30.51#43.41
-143.417,55.0804#26.08#30.55#43.37
-143.327,55.0744#26.08#30.59#43.33
-143.236,55.0683#26.08#30.63#43.29
-143.146,55.0621#26.08#30.67#43.25
-143.055,55.0558#26.08#30.71#43.21
-142.965,55.0495#26.07#30.76#43.17
-142.874,55.043#26.07#30.8#43.13
-142.784,55.0365#26.07#30.85#43.08
-142.693,55.0299#26.07#30.89#43.04
-142.603,55.0232#26.07#30.94#42.99
-142.513,55.0165#26.07#30.98#42.95
-142.423,55.0096#26.07#31#42.93
-142.332,55.0027#26.07#31.01#42.92
-142.242,54.9957#26.07#31.02#42.91
-142.152,54.9886#26.07#31.03#42.9
-142.062,54.9814#26.07#31.04#42.89
-141.972,54.9742#26.07#31.05#42.88
-141.882,54.9669#26.07#31.07#42.86
-141.792,54.9595#26.07#31.1#42.83
-141.702,54.952#26.07#31.12#42.81
-141.612,54.9444#26.07#31.14#42.79
-141.522,54.9368#26.07#31.16#42.77
-141.433,54.929#26.07#31.2#42.73
-141.343,54.9212#26.07#31.26#42.67
-141.253,54.9133#26.07#31.31#42.62
-141.163,54.9053#26.07#31.36#42.57
-159.387,54.9074#38.72#28.37#32.91
-159.298,54.9159#38.47#28.38#33.15
-159.208,54.9242#38.22#28.38#33.4
-159.119,54.9325#37.96#28.38#33.66
-159.029,54.9408#37.71#28.38#33.91
-158.939,54.9489#37.46#28.38#34.16
-158.849,54.957#37.2#28.39#34.41
-158.76,54.965#36.95#28.39#34.66
-158.67,54.9729#36.69#28.39#34.92
-158.58,54.9807#36.44#28.4#35.16
-158.49,54.9885#36.18#28.4#35.42
-158.4,54.9961#35.92#28.4#35.68
-158.31,55.0037#35.66#28.4#35.94
-158.22,55.0112#35.4#28.41#36.19
-158.13,55.0186#35.14#28.41#36.45
-158.04,55.026#34.88#28.41#36.71
-157.949,55.0332#34.62#28.42#36.96
-157.859,55.0404#34.37#28.42#37.21
-157.769,55.0475#34.12#28.42#37.46
-157.679,55.0545#33.86#28.42#37.72
-157.588,55.0615#33.6#28.43#37.97
-157.498,55.0683#33.35#28.43#38.22
-157.407,55.0751#33.12#28.43#38.45
-157.317,55.0818#32.89#28.44#38.67
-157.226,55.0884#32.66#28.44#38.9
-157.136,55.0949#32.43#28.44#39.13
-157.045,55.1014#32.2#28.45#39.35
-156.955,55.1077#32.01#28.45#39.54
-156.864,55.114#31.87#28.45#39.68
-156.773,55.1202#31.72#28.45#39.83
-156.683,55.1263#31.57#28.46#39.97
-156.592,55.1324#31.42#28.46#40.12
-156.501,55.1383#31.27#28.46#40.27
-156.41,55.1442#31.12#28.47#40.41
-156.32,55.15#30.98#28.47#40.55
-156.229,55.1557#30.83#28.47#40.7
-156.138,55.1613#30.69#28.48#40.83
-156.047,55.1669#30.54#28.48#40.98
-155.956,55.1723#30.4#28.48#41.12
-155.865,55.1777#30.26#28.49#41.25
-155.774,55.183#30.13#28.49#41.38
-155.683,55.1882#29.99#28.49#41.52
-155.592,55.1933#29.85#28.5#41.65
-155.501,55.1984#29.71#28.5#41.79
-155.41,55.2034#29.6#28.5#41.9
-155.318,55.2082#29.48#28.51#42.01
-155.227,55.213#29.36#28.51#42.13
-155.136,55.2178#29.24#28.51#42.25
-155.045,55.2224#29.11#28.52#42.37
-154.953,55.227#28.95#28.52#42.53
-154.862,55.2314#28.76#28.52#42.72
-154.771,55.2358#28.56#28.53#42.91
-154.679,55.2401#28.36#28.53#43.11
-154.588,55.2443#28.16#28.53#43.31
-154.497,55.2485#27.96#28.54#43.5
-154.405,55.2525#27.77#28.54#43.69
-154.314,55.2565#27.59#28.54#43.87
-154.222,55.2604#27.41#28.55#44.04
-154.131,55.2642#27.22#28.55#44.23
-154.039,55.2679#27.03#28.55#44.42
-153.948,55.2716#26.9#28.56#44.54
-153.856,55.2751#26.81#28.56#44.63
-153.765,55.2786#26.72#28.57#44.71
-153.673,55.282#26.62#28.57#44.81
-153.582,55.2853#26.53#28.57#44.9
-153.49,55.2885#26.44#28.58#44.98
-153.398,55.2917#26.4#28.58#45.02
-153.307,55.2947#26.36#28.59#45.05
-153.215,55.2977#26.32#28.6#45.08
