-152.818,53.9019#26.12#29.71#44.17
-152.73,53.9044#26.12#29.78#44.1
-152.642,53.9068#26.11#29.85#44.04
-152.554,53.9091#26.1#29.92#43.98
-152.466,53.9114#26.1#29.98#43.92
-152.378,53.9136#26.09#30.04#43.87
-152.29,53.9157#26.09#30.1#43.81
-152.202,53.9178#26.09#30.15#43.76
-152.114,53.9197#26.08#30.21#43.71
-152.026,53.9216#26.08#30.27#43.65
-151.938,53.9234#26.08#30.32#43.6
-151.85,53.9251#26.08#30.36#43.56
-151.762,53.9267#26.08#30.4#43.52
-151.674,53.9283#26.08#30.45#43.47
-151.586,53.9298#26.08#30.49#43.43
-151.498,53.9312#26.07#30.54#43.39
-151.41,53.9325#26.07#30.56#43.37
-151.321,53.9337#26.07#30.59#43.34
-151.233,53.9349#26.07#30.62#43.31
-151.145,53.9359#26.07#30.65#43.28
-151.057,53.9369#26.07#30.67#43.26
-150.969,53.9379#26.09#30.7#43.21
-150.881,53.9387#26.13#30.71#43.16
-150.793,53.9394#26.17#30.73#43.1
-150.705,53.9401#26.21#30.75#43.04
-150.616,53.9407#26.25#30.76#42.99
-150.528,53.9412#26.29#30.78#42.93
-150.44,53.9417#26.4#30.79#42.81
-150.352,53.942#26.53#30.8#42.67
-150.264,53.9423#26.67#30.81#42.52
-150.176,53.9425#26.81#30.82#42.37
-150.088,53.9426#26.95#30.83#42.22
-149.999,53.9427#27.09#30.84#42.07
-149.911,53.9426#27.3#30.83#41.87
-149.823,53.9425#27.51#30.81#41.68
-149.735,53.9423#27.72#30.8#41.48
-149.647,53.942#27.93#30.78#41.29
-149.559,53.9417#28.14#30.77#41.09
-149.471,53.9412#28.33#30.75#40.92
-149.382,53.9407#28.48#30.71#40.81
-149.294,53.9401#28.63#30.67#40.7
-149.206,53.9394#28.79#30.63#40.58
-149.118,53.9387#28.94#30.59#40.47
-149.03,53.9378#29.1#30.56#40.34
-148.942,53.9369#29.18#30.51#40.31
-148.854,53.9359#29.24#30.45#40.31
-148.766,53.9348#29.29#30.4#40.31
-148.677,53.9337#29.34#30.34#40.32
-148.589,53.9325#29.4#30.28#40.32
-148.501,53.9311#29.45#30.23#40.32
-148.413,53.9297#29.47#30.17#40.36
-148.325,53.9283#29.49#30.11#40.4
-148.237,53.9267#29.51#30.06#40.43
-148.149,53.9251#29.53#30#40.47
-148.061,53.9234#29.55#29.94#40.51
-147.973,53.9216#29.56#29.9#40.54
-147.885,53.9197#29.55#29.87#40.58
-147.797,53.9177#29.55#29.84#40.61
-147.709,53.9157#29.55#29.81#40.64
-147.621,53.9136#29.55#29.78#40.67
-147.533,53.9114#29.54#29.75#40.71
-147.445,53.9091#29.52#29.74#40.74
-147.357,53.9068#29.48#29.73#40.79
-147.269,53.9043#29.44#29.72#40.84
-147.181,53.9018#29.41#29.71#40.88
-154.229,53.9026#26.86#28.87#44.27
-154.142,53.9064#26.73#28.89#44.38
-154.054,53.9101#26.61#28.92#44.47
-153.966,53.9137#26.51#28.94#44.55
-153.878,53.9173#26.46#28.98#44.56
-153.79,53.9208#26.41#29.02#44.57
-153.702,53.9241#26.36#29.06#44.58
-153.614,53.9275#26.31#29.1#44.59
-153.526,53.9307#26.26#29.14#44.6
-153.438,53.9338#26.23#29.19#44.58
-153.35,53.9369#26.22#29.25#44.53
-153.262,53.9399#26.2#29.31#44.49
-153.174,53.9428#26.18#29.37#44.45
-153.086,53.9456#26.16#29.43#44.41
-152.998,53.9484#26.14#29.49#44.37
-152.91,53.9511#26.13#29.56#44.31
-152.822,53.9537#26.12#29.63#44.25
-152.734,53.9562#26.12#29.7#44.18
-152.646,53.9586#26.11#29.77#44.12
-152.558,53.961#26.1#29.85#44.05
-152.47,53.9632#26.1#29.91#43.99
-152.382,53.9654#26.09#29.97#43.94
-152.294,53.9676#26.09#30.03#43.88
-152.205,53.9696#26.09#30.09#43.82
-152.117,53.9716#26.08#30.14#43.78
-152.029,53.9734#26.08#30.2#43.72
-151.941,53.9752#26.08#30.25#43.67
-151.853,53.9769#26.08#30.3#43.62
-151.765,53.9786#26.08#30.35#43.57
-151.676,53.9801#26.08#30.39#43.53
-151.588,53.9816#26.08#30.44#43.48
-151.5,53.983#26.07#30.49#43.44
-151.412,53.9843#26.07#30.52#43.41
-151.323,53.9856#26.07#30.55#43.38
-151.235,53.9867#26.07#30.58#43.35
-151.147,53.9878#26.07#30.61#43.32
-151.059,53.9888#26.07#30.63#43.3
-150.97,53.9897#26.09#30.66#43.25
-150.882,53.9906#26.14#30.68#43.18
-150.794,53.9913#26.19#30.69#43.12
-150.706,53.992#26.24#30.71#43.05
-150.617,53.9926#26.29#30.73#42.98
-150.529,53.9931#26.34#30.75#42.91
-150.441,53.9936#26.45#30.76#42.79
-150.353,53.9939#26.6#30.77#42.63
-150.264,53.9942#26.75#30.78#42.47
-150.176,53.9944#26.9#30.79#42.31
-150.088,53.9945#27.05#30.8#42.15
-149.999,53.9946#27.2#30.81#41.99
-149.911,53.9945#27.41#30.81#41.78
-149.823,53.9944#27.63#30.8#41.57
-149.735,53.9942#27.84#30.79#41.37
-149.646,53.9939#28.05#30.78#41.17
-149.558,53.9936#28.27#30.77#40.96
-149.47,53.9931#28.46#30.75#40.79
-149.381,53.9926#28.59#30.72#40.69
-149.293,53.992#28.73#30.68#40.59
-149.205,53.9913#28.87#30.64#40.49
-149.117,53.9906#29.01#30.61#40.38
-149.028,53.9897#29.14#30.57#40.29
-148.94,53.9888#29.22#30.53#40.25
-148.852,53.9878#29.27#30.48#40.25
-148.764,53.9867#29.32#30.43#40.25
-148.675,53.9856#29.37#30.37#40.26
-148.587,53.9843#29.42#30.32#40.26
-148.499,53.983#29.47#30.27#40.26
-148.411,53.9816#29.48#30.21#40.31
-148.323,53.9801#29.5#30.15#40.35
-148.234,53.9786#29.51#30.08#40.41
-148.146,53.9769#29.53#30.02#40.45
-148.058,53.9752#29.54#29.96#40.5
-147.97,53.9734#29.55#29.91#40.54
-147.882,53.9715#29.55#29.88#40.57
-147.793,53.9696#29.54#29.84#40.62
-147.705,53.9675#29.54#29.81#40.65
-147.617,53.9654#29.54#29.78#40.68
-147.529,53.9632#29.53#29.75#40.72
-147.441,53.9609#29.5#29.73#40.77
-147.353,53.9586#29.45#29.72#40.83
-147.265,53.9562#29.41#29.71#40.88
-147.177,53.9536#29.36#29.7#40.94
-147.089,53.951#29.32#29.69#40.99
-147,53.9484#29.28#29.68#41.04
-146.912,53.9456#29.16#29.68#41.16
-146.824,53.9428#29.04#29.67#41.29
-146.736,53.9399#28.92#29.67#41.41
-146.648,53.9369#28.8#29.67#41.53
-146.56,53.9338#28.68#29.66#41.66
-146.472,53.9306#28.55#29.66#41.79
-146.385,53.9274#28.37#29.66#41.97
-146.297,53.9241#28.2#29.66#42.14
-146.209,53.9207#28.02#29.66#42.32
-146.121,53.9172#27.85#29.67#42.48
-146.033,53.9137#27.67#29.67#42.66
-145.945,53.9101#27.52#29.67#42.81
-145.857,53.9064#27.39#29.67#42.94
-145.769,53.9026#27.24#29.67#43.09
-155.29,53.9027#28.16#28.74#43.1
-155.202,53.9074#28.12#28.74#43.14
-155.114,53.9121#28.09#28.74#43.17
-155.027,53.9166#28.05#28.74#43.21
-154.939,53.9212#27.94#28.75#43.31
-154.851,53.9256#27.81#28.75#43.44
-154.763,53.9299#27.67#28.75#43.58
-154.675,53.9342#27.53#28.76#43.71
-154.588,53.9384#27.4#28.76#43.84
-154.5,53.9425#27.26#28.76#43.98
-154.412,53.9465#27.13#28.78#44.09
-154.324,53.9505#27#28.8#44.2
-154.236,53.9544#26.88#28.82#44.3
-154.148,53.9581#26.75#28.84#44.41
-154.06,53.9619#26.62#28.86#44.52
-153.972,53.9655#26.51#28.89#44.6
-153.884,53.969#26.46#28.92#44.62
-153.796,53.9725#26.42#28.96#44.62
-153.708,53.9759#26.37#29#44.63
-153.62,53.9792#26.32#29.04#44.64
-153.532,53.9825#26.27#29.07#44.66
-153.444,53.9856#26.24#29.12#44.64
-153.356,53.9887#26.22#29.18#44.6
-153.268,53.9917#26.2#29.24#44.56
-153.179,53.9946#26.18#29.29#44.53
-153.091,53.9975#26.16#29.35#44.49
-153.003,54.0002#26.14#29.4#44.46
-152.915,54.0029#26.13#29.48#44.39
-152.827,54.0055#26.13#29.55#44.32
-152.738,54.008#26.12#29.62#44.26
-152.65,54.0105#26.11#29.7#44.19
-152.562,54.0128#26.1#29.77#44.13
-152.474,54.0151#26.1#29.84#44.06
-152.385,54.0173#26.09#29.9#44.01
-152.297,54.0194#26.09#29.96#43.95
-152.209,54.0215#26.09#30.02#43.89
-152.121,54.0234#26.08#30.08#43.84
-152.032,54.0253#26.08#30.14#43.78
-151.944,54.0271#26.08#30.19#43.73
-151.856,54.0288#26.08#30.24#43.68
-151.767,54.0305#26.08#30.29#43.63
-151.679,54.032#26.08#30.34#43.58
-151.591,54.0335#26.08#30.39#43.53
-151.502,54.0349#26.07#30.44#43.49
-151.414,54.0362#26.07#30.47#43.46
-151.326,54.0375#26.07#30.5#43.43
-151.237,54.0386#26.07#30.53#43.4
-151.149,54.0397#26.07#30.56#43.37
-151.06,54.0407#26.07#30.6#43.33
-150.972,54.0416#26.09#30.62#43.29
-150.884,54.0425#26.15#30.64#43.21
-150.795,54.0432#26.21#30.66#43.13
-150.707,54.0439#26.27#30.68#43.05
-150.618,54.0445#26.33#30.69#42.98
-150.53,54.045#26.38#30.71#42.91
-150.442,54.0455#26.51#30.73#42.76
-150.353,54.0458#26.67#30.74#42.59
-150.265,54.0461#26.83#30.75#42.42
-150.176,54.0463#26.99#30.76#42.25
-150.088,54.0464#27.15#30.77#42.08
-149.999,54.0465#27.31#30.79#41.9
-149.911,54.0464#27.53#30.78#41.69
-149.823,54.0463#27.75#30.78#41.47
-149.734,54.0461#27.97#30.78#41.25
-149.646,54.0458#28.18#30.77#41.05
-149.557,54.0455#28.4#30.77#40.83
-149.469,54.045#28.58#30.76#40.66
-149.381,54.0445#28.71#30.72#40.57
-149.292,54.0439#28.83#30.69#40.48
-149.204,54.0432#28.95#30.66#40.39
-149.115,54.0425#29.07#30.62#40.31
-149.027,54.0416#29.19#30.59#40.22
-148.939,54.0407#29.26#30.55#40.19
-148.85,54.0397#29.31#30.5#40.19
-148.762,54.0386#29.35#30.46#40.19
-148.673,54.0375#29.4#30.41#40.19
-148.585,54.0362#29.44#30.36#40.2
-148.497,54.0349#29.49#30.32#40.19
-148.408,54.0335#29.5#30.25#40.25
-148.32,54.032#29.51#30.18#40.31
-148.232,54.0304#29.52#30.11#40.37
-148.143,54.0288#29.53#30.05#40.42
-148.055,54.0271#29.54#29.98#40.48
-147.967,54.0253#29.55#29.92#40.53
-147.878,54.0234#29.54#29.89#40.57
-147.79,54.0214#29.54#29.85#40.61
-147.702,54.0194#29.53#29.81#40.66
-147.613,54.0173#29.53#29.77#40.7
-147.525,54.0151#29.52#29.74#40.74
-147.437,54.0128#29.48#29.72#40.8
-147.349,54.0104#29.43#29.71#40.86
-147.26,54.008#29.38#29.7#40.92
-147.172,54.0055#29.32#29.69#40.99
-147.084,54.0029#29.27#29.68#41.05
-146.996,54.0002#29.22#29.66#41.12
-146.908,53.9974#29.09#29.66#41.25
-146.82,53.9946#28.96#29.66#41.38
-146.731,53.9917#28.83#29.65#41.52
-146.643,53.9887#28.7#29.65#41.65
-146.555,53.9856#28.58#29.65#41.77
-146.467,53.9824#28.43#29.64#41.93
-146.379,53.9792#28.25#29.64#42.11
-146.291,53.9759#28.07#29.64#42.29
-146.203,53.9725#27.9#29.64#42.46
-146.115,53.969#27.72#29.64#42.64
-146.027,53.9654#27.54#29.65#42.81
-145.939,53.9618#27.4#29.65#42.95
-145.851,53.9581#27.28#29.65#43.07
-145.763,53.9543#27.15#29.65#43.2
-145.675,53.9504#27.02#29.65#43.33
-145.587,53.9465#26.89#29.65#43.46
-145.499,53.9424#26.76#29.66#43.58
-145.411,53.9383#26.7#29.72#43.58
-145.324,53.9341#26.65#29.79#43.56
-145.236,53.9299#26.59#29.85#43.56
-145.148,53.9255#26.54#29.92#43.54
-145.06,53.9211#26.48#29.99#43.53
-144.972,53.9166#26.43#30.05#43.52
-144.885,53.912#26.4#30.12#43.48
-144.797,53.9073#26.37#30.19#43.44
-144.709,53.9026#26.34#30.25#43.41
-156.175,53.9025#28.63#28.71#42.66
-156.087,53.908#28.57#28.71#42.72
-155.999,53.9135#28.51#28.71#42.78
-155.912,53.9188#28.47#28.71#42.82
-155.824,53.9241#28.42#28.71#42.87
-155.736,53.9294#28.38#28.71#42.91
-155.649,53.9345#28.33#28.71#42.96
-155.561,53.9396#28.29#28.71#43
-155.473,53.9446#28.25#28.71#43.04
-155.386,53.9495#28.21#28.71#43.08
-155.298,53.9543#28.17#28.71#43.12
-155.21,53.9591#28.14#28.71#43.15
-155.122,53.9637#28.1#28.71#43.19
-155.034,53.9683#28.06#28.71#43.23
-154.946,53.9728#27.96#28.71#43.33
-154.858,53.9773#27.83#28.72#43.45
-154.771,53.9816#27.69#28.72#43.59
-154.683,53.9859#27.55#28.72#43.73
-154.595,53.9901#27.41#28.72#43.87
-154.507,53.9942#27.28#28.73#43.99
-154.419,53.9983#27.15#28.74#44.11
-154.331,54.0022#27.02#28.76#44.22
-154.242,54.0061#26.89#28.78#44.33
-154.154,54.0099#26.76#28.79#44.45
-154.066,54.0136#26.63#28.81#44.56
-153.978,54.0173#26.52#28.83#44.65
-153.89,54.0208#26.47#28.87#44.66
-153.802,54.0243#26.42#28.9#44.68
-153.714,54.0277#26.37#28.94#44.69
-153.625,54.031#26.32#28.98#44.7
-153.537,54.0343#26.27#29.01#44.72
-153.449,54.0374#26.24#29.06#44.7
-153.361,54.0405#26.22#29.11#44.67
-153.273,54.0435#26.2#29.16#44.64
-153.184,54.0464#26.18#29.21#44.61
-153.096,54.0493#26.16#29.27#44.57
-153.008,54.0521#26.14#29.32#44.54
-152.919,54.0547#26.13#29.39#44.48
-152.831,54.0573#26.13#29.47#44.4
-152.743,54.0599#26.12#29.54#44.34
-152.654,54.0623#26.11#29.62#44.27
-152.566,54.0647#26.1#29.7#44.2
-152.478,54.067#26.1#29.77#44.13
-152.389,54.0692#26.09#29.83#44.08
-152.301,54.0713#26.09#29.89#44.02
-152.212,54.0733#26.09#29.95#43.96
-152.124,54.0753#26.09#30.01#43.9
-152.035,54.0772#26.08#30.07#43.85
-151.947,54.079#26.08#30.13#43.79
-151.859,54.0807#26.08#30.18#43.74
-151.77,54.0824#26.08#30.23#43.69
-151.682,54.0839#26.08#30.28#43.64
-151.593,54.0854#26.08#30.33#43.59
-151.505,54.0868#26.07#30.39#43.54
-151.416,54.0881#26.07#30.42#43.51
-151.328,54.0894#26.07#30.45#43.48
-151.239,54.0905#26.07#30.49#43.44
-151.151,54.0916#26.07#30.52#43.41
-151.062,54.0926#26.07#30.56#43.37
-150.973,54.0935#26.09#30.59#43.32
-150.885,54.0944#26.16#30.6#43.24
-150.796,54.0951#26.23#30.62#43.15
-150.708,54.0958#26.3#30.64#43.06
-150.619,54.0964#26.36#30.66#42.98
-150.531,54.097#26.43#30.68#42.89
-150.442,54.0974#26.57#30.69#42.74
-150.354,54.0978#26.74#30.71#42.55
-150.265,54.098#26.91#30.72#42.37
-150.177,54.0982#27.08#30.73#42.19
-150.088,54.0984#27.25#30.75#42
-149.999,54.0984#27.42#30.76#41.82
-149.911,54.0984#27.65#30.76#41.59
-149.822,54.0982#27.87#30.76#41.37
-149.734,54.098#28.09#30.77#41.14
-149.645,54.0977#28.31#30.77#40.92
-149.557,54.0974#28.53#30.77#40.7
-149.468,54.0969#28.71#30.76#40.53
-149.38,54.0964#28.82#30.73#40.45
-149.291,54.0958#28.92#30.7#40.38
-149.202,54.0951#29.03#30.67#40.3
-149.114,54.0944#29.13#30.64#40.23
-149.025,54.0935#29.24#30.6#40.16
-148.937,54.0926#29.3#30.57#40.13
-148.848,54.0916#29.34#30.53#40.13
-148.76,54.0905#29.38#30.49#40.13
-148.671,54.0894#29.42#30.45#40.13
-148.583,54.0881#29.46#30.4#40.14
-148.494,54.0868#29.5#30.36#40.14
-148.406,54.0854#29.51#30.29#40.2
-148.317,54.0839#29.52#30.21#40.27
-148.229,54.0823#29.53#30.14#40.33
-148.14,54.0807#29.53#30.07#40.4
-148.052,54.079#29.54#30#40.46
-147.963,54.0772#29.54#29.94#40.52
-147.875,54.0753#29.54#29.89#40.57
-147.787,54.0733#29.53#29.85#40.62
-147.698,54.0713#29.52#29.81#40.67
-147.61,54.0691#29.52#29.77#40.71
-147.521,54.0669#29.51#29.73#40.76
-147.433,54.0646#29.46#29.71#40.83
-147.345,54.0623#29.4#29.7#40.9
-147.256,54.0598#29.34#29.69#40.97
-147.168,54.0573#29.28#29.67#41.05
-147.08,54.0547#29.22#29.66#41.12
-146.991,54.052#29.16#29.65#41.19
-146.903,54.0493#29.02#29.64#41.34
-146.815,54.0464#28.88#29.64#41.48
-146.726,54.0435#28.74#29.64#41.62
-146.638,54.0405#28.6#29.63#41.77
-146.55,54.0374#28.47#29.63#41.9
-146.462,54.0342#28.31#29.62#42.07
-146.373,54.031#28.13#29.62#42.25
-146.285,54.0277#27.95#29.62#42.43
-146.197,54.0243#27.77#29.62#42.61
-146.109,54.0208#27.59#29.62#42.79
-146.021,54.0172#27.41#29.62#42.97
-145.933,54.0136#27.28#29.63#43.09
-145.845,54.0099#27.17#29.63#43.2
-145.756,54.0061#27.06#29.63#43.31
-145.668,54.0022#26.94#29.63#43.43
-145.58,53.9982#26.82#29.63#43.55
-145.492,53.9942#26.71#29.64#43.65
-145.404,53.9901#26.66#29.7#43.64
-145.316,53.9859#26.61#29.77#43.62
-145.228,53.9816#26.55#29.83#43.62
-145.14,53.9772#26.5#29.9#43.6
-145.053,53.9728#26.45#29.97#43.58
-144.965,53.9683#26.4#30.03#43.57
-144.877,53.9637#26.38#30.1#43.52
-144.789,53.959#26.35#30.16#43.49
-144.701,53.9543#26.32#30.23#43.45
-144.613,53.9494#26.29#30.3#43.41
-144.526,53.9445#26.26#30.36#43.38
-144.438,53.9395#26.24#30.39#43.37
-144.35,53.9345#26.22#30.41#43.37
-144.262,53.9293#26.21#30.43#43.36
-144.175,53.9241#26.19#30.45#43.36
-144.087,53.9188#26.18#30.46#43.36
-144,53.9134#26.16#30.48#43.36
-143.912,53.9079#26.16#30.48#43.36
-143.824,53.9024#26.15#30.49#43.36
-156.972,53.9005#29.36#28.68#41.96
-156.884,53.9068#29.28#28.68#42.04
-156.797,53.913#29.2#28.68#42.12
-156.709,53.9191#29.11#28.68#42.21
-156.622,53.9251#29.03#28.68#42.29
-156.534,53.931#28.94#28.68#42.38
-156.447,53.9369#28.87#28.68#42.45
-156.359,53.9427#28.81#28.67#42.52
-156.272,53.9484#28.75#28.67#42.58
-156.184,53.954#28.68#28.67#42.65
-156.096,53.9596#28.62#28.67#42.71
-156.009,53.9651#28.55#28.67#42.78
-155.921,53.9705#28.51#28.67#42.82
-155.833,53.9758#28.46#28.67#42.87
-155.745,53.981#28.41#28.67#42.92
-155.657,53.9862#28.36#28.67#42.97
-155.57,53.9912#28.31#28.67#43.02
-155.482,53.9962#28.27#28.67#43.06
-155.394,54.0011#28.23#28.67#43.1
-155.306,54.006#28.19#28.68#43.13
-155.218,54.0107#28.15#28.68#43.17
-155.13,54.0154#28.11#28.68#43.21
-155.042,54.02#28.07#28.68#43.25
-154.954,54.0246#27.98#28.68#43.34
-154.866,54.029#27.84#28.68#43.48
-154.778,54.0334#27.71#28.68#43.61
-154.69,54.0376#27.57#28.69#43.74
-154.602,54.0418#27.43#28.69#43.88
-154.514,54.046#27.29#28.69#44.02
-154.425,54.05#27.16#28.7#44.14
-154.337,54.054#27.03#28.72#44.25
-154.249,54.0579#26.9#28.73#44.37
-154.161,54.0617#26.77#28.74#44.49
-154.073,54.0654#26.64#28.76#44.6
-153.984,54.0691#26.53#28.77#44.7
-153.896,54.0726#26.48#28.81#44.71
-153.808,54.0761#26.43#28.84#44.73
-153.719,54.0795#26.38#28.88#44.74
-153.631,54.0828#26.33#28.91#44.76
-153.543,54.0861#26.28#28.95#44.77
-153.454,54.0893#26.24#28.99#44.77
-153.366,54.0924#26.22#29.04#44.74
-153.278,54.0954#26.2#29.09#44.71
-153.189,54.0983#26.18#29.14#44.68
-153.101,54.1011#26.16#29.19#44.65
-153.012,54.1039#26.14#29.23#44.63
-152.924,54.1066#26.13#29.31#44.56
-152.835,54.1092#26.13#29.39#44.48
-152.747,54.1117#26.12#29.47#44.41
-152.658,54.1142#26.11#29.55#44.34
-152.57,54.1166#26.1#29.63#44.27
-152.481,54.1188#26.1#29.7#44.2
-152.393,54.121#26.09#29.76#44.15
-152.304,54.1232#26.09#29.82#44.09
-152.216,54.1252#26.09#29.89#44.02
-152.127,54.1272#26.09#29.95#43.96
-152.039,54.1291#26.08#30.01#43.91
-151.95,54.1309#26.08#30.07#43.85
-151.861,54.1326#26.08#30.12#43.8
-151.773,54.1343#26.08#30.17#43.75
-151.684,54.1358#26.08#30.23#43.69
-151.596,54.1373#26.08#30.28#43.64
-151.507,54.1387#26.07#30.34#43.59
-151.418,54.14#26.07#30.37#43.56
-151.33,54.1413#26.07#30.41#43.52
-151.241,54.1425#26.07#30.44#43.49
-151.152,54.1435#26.07#30.48#43.45
-151.064,54.1445#26.07#30.52#43.41
-150.975,54.1455#26.09#30.55#43.36
-150.886,54.1463#26.17#30.57#43.26
-150.798,54.1471#26.25#30.59#43.16
-150.709,54.1478#26.32#30.61#43.07
-150.62,54.1484#26.4#30.62#42.98
-150.532,54.1489#26.48#30.64#42.88
-150.443,54.1493#26.62#30.66#42.72
-150.354,54.1497#26.81#30.67#42.52
-150.266,54.15#26.99#30.69#42.32
-150.177,54.1502#27.17#30.7#42.13
-150.088,54.1503#27.36#30.72#41.92
-149.999,54.1503#27.54#30.73#41.73
-149.911,54.1503#27.76#30.74#41.5
-149.822,54.1502#27.99#30.75#41.26
-149.733,54.15#28.22#30.76#41.02
-149.645,54.1497#28.44#30.76#40.8
-149.556,54.1493#28.67#30.77#40.56
-149.467,54.1489#28.84#30.76#40.4
-149.379,54.1484#28.93#30.74#40.33
-149.29,54.1478#29.02#30.71#40.27
-149.201,54.1471#29.11#30.68#40.21
-149.113,54.1463#29.2#30.65#40.15
-149.024,54.1455#29.29#30.62#40.09
-148.935,54.1445#29.34#30.59#40.07
-148.847,54.1435#29.37#30.55#40.08
-148.758,54.1424#29.41#30.52#40.07
-148.669,54.1413#29.45#30.48#40.07
-148.581,54.14#29.48#30.45#40.07
-148.492,54.1387#29.52#30.41#40.07
-148.403,54.1373#29.52#30.33#40.15
-148.315,54.1358#29.53#30.25#40.22
-148.226,54.1342#29.53#30.17#40.3
-148.137,54.1326#29.54#30.09#40.37
-148.049,54.1309#29.54#30.01#40.45
-147.96,54.1291#29.54#29.95#40.51
-147.872,54.1272#29.53#29.9#40.57
-147.783,54.1252#29.52#29.86#40.62
-147.695,54.1232#29.52#29.81#40.67
-147.606,54.121#29.51#29.77#40.72
-147.518,54.1188#29.5#29.72#40.78
-147.429,54.1165#29.44#29.7#40.86
-147.34,54.1142#29.37#29.69#40.94
-147.252,54.1117#29.31#29.67#41.02
-147.164,54.1092#29.24#29.66#41.1
-147.075,54.1066#29.17#29.65#41.18
-146.987,54.1039#29.09#29.63#41.28
-146.898,54.1011#28.94#29.63#41.43
-146.81,54.0983#28.8#29.62#41.58
-146.721,54.0953#28.65#29.62#41.73
-146.633,54.0923#28.5#29.61#41.89
-146.545,54.0892#28.36#29.61#42.03
-146.456,54.0861#28.2#29.61#42.19
-146.368,54.0828#28.01#29.6#42.39
-146.279,54.0795#27.83#29.6#42.57
-146.191,54.0761#27.64#29.6#42.76
-146.103,54.0726#27.46#29.6#42.94
-146.015,54.069#27.28#29.6#43.12
-145.926,54.0654#27.17#29.61#43.22
-145.838,54.0616#27.07#29.61#43.32
-145.75,54.0578#26.97#29.61#43.42
-145.662,54.0539#26.86#29.61#43.53
-145.573,54.05#26.76#29.61#43.63
-145.485,54.0459#26.66#29.62#43.72
-145.397,54.0418#26.61#29.69#43.7
-145.309,54.0376#26.57#29.75#43.68
-145.221,54.0333#26.52#29.82#43.66
-145.133,54.0289#26.47#29.88#43.65
-145.045,54.0245#26.42#29.94#43.64
-144.957,54.02#26.38#30.01#43.61
-144.869,54.0154#26.35#30.07#43.58
-144.781,54.0107#26.32#30.14#43.54
-144.693,54.0059#26.3#30.2#43.5
-144.605,54.0011#26.27#30.27#43.46
-144.517,53.9962#26.24#30.34#43.42
-144.429,53.9912#26.23#30.36#43.41
-144.341,53.9861#26.21#30.38#43.41
-144.254,53.9809#26.2#30.4#43.4
-144.166,53.9757#26.18#30.41#43.41
-144.078,53.9704#26.17#30.43#43.4
-143.99,53.965#26.16#30.45#43.39
-143.903,53.9595#26.15#30.45#43.4
-143.815,53.954#26.14#30.46#43.4
-143.727,53.9483#26.14#30.46#43.4
-143.64,53.9426#26.13#30.47#43.4
-143.552,53.9368#26.12#30.47#43.41
-143.464,53.931#26.11#30.47#43.42
-143.377,53.925#26.11#30.48#43.41
-143.289,53.919#26.11#30.49#43.4
-143.202,53.9129#26.1#30.5#43.4
-143.115,53.9067#26.1#30.51#43.39
-143.027,53.9005#26.1#30.51#43.39
-157.594,53.906#30.33#28.65#41.02
-157.507,53.9128#30.16#28.65#41.19
-157.42,53.9195#30.04#28.65#41.31
-157.332,53.9262#29.93#28.65#41.42
-157.245,53.9328#29.82#28.65#41.53
-157.157,53.9393#29.7#28.65#41.65
-157.07,53.9457#29.58#28.65#41.77
-156.982,53.952#29.47#28.65#41.88
-156.895,53.9583#29.38#28.65#41.97
-156.807,53.9645#29.29#28.65#42.06
-156.72,53.9706#29.2#28.64#42.16
-156.632,53.9766#29.11#28.64#42.25
-156.544,53.9826#29.02#28.64#42.34
-156.457,53.9885#28.94#28.64#42.42
-156.369,53.9943#28.87#28.64#42.49
-156.281,54#28.81#28.64#42.55
-156.194,54.0056#28.74#28.64#42.62
-156.106,54.0112#28.67#28.64#42.69
-156.018,54.0167#28.6#28.64#42.76
-155.93,54.0221#28.55#28.64#42.81
-155.842,54.0274#28.5#28.64#42.86
-155.754,54.0326#28.45#28.64#42.91
-155.666,54.0378#28.39#28.64#42.97
-155.578,54.0429#28.34#28.64#43.02
-155.49,54.0479#28.29#28.64#43.07
-155.402,54.0528#28.25#28.64#43.11
-155.314,54.0577#28.21#28.64#43.15
-155.226,54.0624#28.17#28.64#43.19
-155.138,54.0671#28.13#28.64#43.23
-155.05,54.0717#28.08#28.64#43.28
-154.962,54.0763#28#28.64#43.36
-154.873,54.0807#27.86#28.65#43.49
-154.785,54.0851#27.72#28.65#43.63
-154.697,54.0894#27.58#28.65#43.77
-154.609,54.0936#27.44#28.65#43.91
-154.521,54.0977#27.3#28.65#44.05
-154.432,54.1018#27.17#28.66#44.17
-154.344,54.1058#27.04#28.67#44.29
-154.256,54.1097#26.91#28.68#44.41
-154.167,54.1135#26.78#28.69#44.53
-154.079,54.1172#26.65#28.7#44.65
-153.99,54.1209#26.53#28.71#44.76
-153.902,54.1244#26.48#28.75#44.77
-153.814,54.1279#26.43#28.78#44.79
-153.725,54.1313#26.38#28.82#44.8
-153.637,54.1347#26.33#28.85#44.82
-153.548,54.1379#26.28#28.89#44.83
-153.46,54.1411#26.24#28.93#44.83
-153.371,54.1442#26.22#28.97#44.81
-153.283,54.1472#26.21#29.02#44.77
-153.194,54.1501#26.19#29.06#44.75
-153.106,54.153#26.17#29.11#44.72
-153.017,54.1558#26.15#29.15#44.7
-152.928,54.1585#26.14#29.22#44.64
-152.84,54.1611#26.13#29.31#44.56
-152.751,54.1636#26.12#29.39#44.49
-152.663,54.1661#26.11#29.47#44.42
-152.574,54.1684#26.1#29.55#44.35
-152.485,54.1707#26.1#29.63#44.27
-152.397,54.1729#26.09#29.69#44.22
-152.308,54.1751#26.09#29.76#44.15
-152.219,54.1771#26.09#29.82#44.09
-152.13,54.1791#26.09#29.88#44.03
-152.042,54.181#26.08#29.95#43.97
-151.953,54.1828#26.08#30.01#43.91
-151.864,54.1845#26.08#30.06#43.86
-151.776,54.1862#26.08#30.12#43.8
-151.687,54.1878#26.08#30.17#43.75
-151.598,54.1892#26.08#30.23#43.69
-151.509,54.1907#26.07#30.28#43.65
-151.42,54.192#26.07#30.32#43.61
-151.332,54.1932#26.07#30.36#43.57
-151.243,54.1944#26.07#30.4#43.53
-151.154,54.1955#26.07#30.44#43.49
-151.065,54.1965#26.07#30.48#43.45
-150.977,54.1974#26.09#30.51#43.4
-150.888,54.1983#26.18#30.53#43.29
-150.799,54.199#26.27#30.55#43.18
-150.71,54.1997#26.35#30.57#43.08
-150.621,54.2003#26.44#30.59#42.97
-150.532,54.2008#26.53#30.61#42.86
-150.444,54.2013#26.68#30.63#42.69
-150.355,54.2016#26.88#30.64#42.48
-150.266,54.2019#27.07#30.66#42.27
-150.177,54.2021#27.26#30.67#42.07
-150.088,54.2022#27.46#30.69#41.85
-149.999,54.2023#27.65#30.71#41.64
-149.911,54.2022#27.88#30.72#41.4
-149.822,54.2021#28.11#30.73#41.16
-149.733,54.2019#28.34#30.74#40.92
-149.644,54.2016#28.57#30.76#40.67
-149.555,54.2013#28.8#30.77#40.43
-149.466,54.2008#28.97#30.77#40.26
-149.378,54.2003#29.04#30.74#40.22
-149.289,54.1997#29.11#30.72#40.17
-149.2,54.199#29.19#30.69#40.12
-149.111,54.1982#29.26#30.66#40.08
-149.022,54.1974#29.33#30.64#40.03
-148.934,54.1965#29.38#30.61#40.01
-148.845,54.1955#29.41#30.58#40.01
-148.756,54.1944#29.44#30.55#40.01
-148.667,54.1932#29.47#30.52#40.01
-148.578,54.192#29.5#30.49#40.01
-148.49,54.1906#29.53#30.45#40.02
-148.401,54.1892#29.53#30.36#40.11
-148.312,54.1877#29.53#30.28#40.19
-148.223,54.1862#29.54#30.2#40.26
-148.135,54.1845#29.54#30.11#40.35
-148.046,54.1828#29.54#30.03#40.43
-147.957,54.181#29.53#29.96#40.51
-147.868,54.1791#29.53#29.91#40.56
-147.78,54.1771#29.52#29.86#40.62
-147.691,54.1751#29.51#29.81#40.68
-147.602,54.1729#29.5#29.76#40.74
-147.514,54.1707#29.49#29.71#40.8
-147.425,54.1684#29.42#29.69#40.89
-147.336,54.166#29.35#29.68#40.97
-147.248,54.1636#29.27#29.66#41.07
-147.159,54.161#29.19#29.65#41.16
-147.071,54.1584#29.12#29.63#41.25
-146.982,54.1557#29.03#29.62#41.35
-146.893,54.153#28.87#29.61#41.52
-146.805,54.1501#28.71#29.61#41.68
-146.716,54.1472#28.56#29.6#41.84
-146.628,54.1442#28.4#29.59#42.01
-146.539,54.1411#28.25#29.59#42.16
-146.451,54.1379#28.08#29.59#42.33
-146.362,54.1346#27.89#29.58#42.53
-146.274,54.1313#27.7#29.58#42.72
-146.185,54.1279#27.52#29.58#42.9
-146.097,54.1244#27.33#29.58#43.09
-146.008,54.1208#27.14#29.58#43.28
-145.92,54.1172#27.05#29.58#43.37
-145.832,54.1134#26.97#29.59#43.44
-145.743,54.1096#26.88#29.59#43.53
-145.655,54.1057#26.79#29.59#43.62
-145.567,54.1017#26.7#29.59#43.71
-145.478,54.0977#26.62#29.61#43.77
-145.39,54.0935#26.57#29.67#43.76
-145.302,54.0893#26.52#29.73#43.75
-145.214,54.085#26.48#29.8#43.72
-145.125,54.0807#26.43#29.86#43.71
-145.037,54.0762#26.38#29.92#43.7
-144.949,54.0717#26.35#29.99#43.66
-144.861,54.0671#26.33#30.05#43.62
-144.773,54.0624#26.3#30.12#43.58
-144.685,54.0576#26.28#30.18#43.54
-144.597,54.0528#26.25#30.24#43.51
-144.509,54.0478#26.23#30.31#43.46
-144.421,54.0428#26.21#30.33#43.46
-144.333,54.0377#26.2#30.35#43.45
-144.245,54.0326#26.19#30.37#43.44
-144.157,54.0273#26.17#30.38#43.45
-144.069,54.022#26.16#30.4#43.44
-143.981,54.0166#26.15#30.42#43.43
-143.893,54.0111#26.14#30.42#43.44
-143.805,54.0056#26.14#30.43#43.43
-143.718,53.9999#26.13#30.44#43.43
-143.63,53.9942#26.12#30.44#43.44
-143.542,53.9884#26.12#30.45#43.43
-143.454,53.9825#26.11#30.45#43.44
-143.367,53.9766#26.11#30.46#43.43
-143.279,53.9705#26.1#30.47#43.43
-143.192,53.9644#26.1#30.48#43.42
-143.104,53.9582#26.1#30.49#43.41
-143.016,53.952#26.09#30.5#43.41
-142.929,53.9456#26.09#30.51#43.4
-142.841,53.9392#26.09#30.52#43.39
-142.754,53.9327#26.09#30.54#43.37
-142.667,53.9261#26.09#30.55#43.36
-142.579,53.9194#26.08#30.56#43.36
-142.492,53.9127#26.08#30.57#43.35
-142.405,53.9059#26.08#30.52#43.4
-158.304,53.9#31.95#28.63#39.42
-158.217,53.9074#31.74#28.63#39.63
-158.13,53.9148#31.54#28.63#39.83
-158.043,53.9221#31.33#28.63#40.04
-157.955,53.9293#31.15#28.63#40.22
-157.868,53.9364#30.98#28.62#40.4
-157.781,53.9435#30.82#28.62#40.56
-157.693,53.9505#30.65#28.62#40.73
-157.606,53.9574#30.48#28.62#40.9
-157.519,53.9642#30.3#28.62#41.08
-157.431,53.971#30.18#28.62#41.2
-157.344,53.9776#30.06#28.62#41.32
-157.256,53.9842#29.94#28.62#41.44
-157.168,53.9908#29.82#28.62#41.56
-157.081,53.9972#29.7#28.62#41.68
-156.993,54.0036#29.58#28.61#41.81
-156.906,54.0098#29.48#28.61#41.91
-156.818,54.016#29.39#28.61#42
-156.73,54.0222#29.3#28.61#42.09
-156.642,54.0282#29.2#28.61#42.19
-156.555,54.0342#29.1#28.61#42.29
-156.467,54.04#29.01#28.61#42.38
-156.379,54.0459#28.94#28.61#42.45
-156.291,54.0516#28.87#28.61#42.52
-156.203,54.0572#28.8#28.61#42.59
-156.115,54.0628#28.72#28.61#42.67
-156.027,54.0683#28.65#28.61#42.74
-155.939,54.0737#28.59#28.61#42.8
-155.851,54.079#28.53#28.61#42.86
-155.763,54.0843#28.48#28.61#42.91
-155.675,54.0895#28.42#28.61#42.97
-155.587,54.0946#28.37#28.61#43.02
-155.499,54.0996#28.31#28.61#43.08
-155.411,54.1045#28.27#28.61#43.12
-155.322,54.1094#28.23#28.61#43.16
-155.234,54.1142#28.18#28.61#43.21
-155.146,54.1188#28.14#28.61#43.25
-155.058,54.1235#28.1#28.61#43.29
-154.969,54.128#28.02#28.61#43.37
-154.881,54.1325#27.88#28.61#43.51
-154.793,54.1368#27.74#28.61#43.65
-154.704,54.1411#27.6#28.62#43.78
-154.616,54.1454#27.46#28.62#43.92
-154.528,54.1495#27.32#28.62#44.06
-154.439,54.1536#27.19#28.62#44.19
-154.351,54.1575#27.06#28.63#44.31
-154.262,54.1614#26.93#28.64#44.43
-154.174,54.1653#26.8#28.65#44.55
-154.085,54.169#26.67#28.65#44.68
-153.997,54.1727#26.54#28.66#44.8
-153.908,54.1763#26.49#28.69#44.82
-153.82,54.1798#26.44#28.73#44.83
-153.731,54.1832#26.39#28.76#44.85
-153.642,54.1865#26.34#28.79#44.87
-153.554,54.1898#26.29#28.83#44.88
-153.465,54.193#26.25#28.86#44.89
-153.376,54.1961#26.23#28.91#44.86
-153.288,54.1991#26.21#28.95#44.84
-153.199,54.202#26.19#28.99#44.82
-153.11,54.2049#26.17#29.03#44.8
-153.022,54.2077#26.15#29.08#44.77
-152.933,54.2104#26.14#29.15#44.71
-152.844,54.213#26.13#29.23#44.64
-152.755,54.2155#26.12#29.32#44.56
-152.667,54.218#26.11#29.4#44.49
-152.578,54.2203#26.11#29.48#44.41
-152.489,54.2226#26.1#29.57#44.33
-152.4,54.2249#26.1#29.63#44.27
-152.311,54.227#26.09#29.7#44.21
-152.223,54.2291#26.09#29.76#44.15
-152.134,54.231#26.09#29.83#44.08
-152.045,54.2329#26.08#29.89#44.03
-151.956,54.2347#26.08#29.95#43.97
-151.867,54.2365#26.08#30.01#43.91
-151.778,54.2381#26.08#30.07#43.85
-151.689,54.2397#26.08#30.13#43.79
-151.601,54.2412#26.08#30.18#43.74
-151.512,54.2426#26.07#30.24#43.69
-151.423,54.2439#26.08#30.28#43.64
-151.334,54.2452#26.09#30.32#43.59
-151.245,54.2463#26.1#30.36#43.54
-151.156,54.2474#26.11#30.4#43.49
-151.067,54.2484#26.11#30.45#43.44
-150.978,54.2494#26.14#30.48#43.38
-150.889,54.2502#26.24#30.5#43.26
-150.8,54.251#26.34#30.53#43.13
-150.711,54.2517#26.44#30.55#43.01
-150.622,54.2523#26.54#30.57#42.89
-150.533,54.2528#26.63#30.59#42.78
-150.444,54.2532#26.8#30.61#42.59
-150.355,54.2536#26.99#30.63#42.38
-150.266,54.2539#27.19#30.65#42.16
-150.177,54.2541#27.39#30.66#41.95
-150.088,54.2542#27.59#30.68#41.73
-149.999,54.2542#27.79#30.7#41.51
-149.91,54.2542#28#30.71#41.29
-149.822,54.2541#28.21#30.73#41.06
-149.733,54.2539#28.42#30.74#40.84
-149.644,54.2536#28.64#30.76#40.6
-149.555,54.2532#28.85#30.77#40.38
-149.466,54.2528#29.01#30.77#40.22
-149.377,54.2523#29.08#30.75#40.17
-149.288,54.2517#29.14#30.73#40.13
-149.199,54.251#29.21#30.71#40.08
-149.11,54.2502#29.28#30.69#40.03
-149.021,54.2494#29.35#30.66#39.99
-148.932,54.2484#29.39#30.64#39.97
-148.843,54.2474#29.42#30.61#39.97
-148.754,54.2463#29.45#30.58#39.97
-148.665,54.2452#29.48#30.55#39.97
-148.576,54.2439#29.51#30.52#39.97
-148.487,54.2426#29.53#30.48#39.99
-148.398,54.2412#29.53#30.4#40.07
-148.309,54.2397#29.53#30.32#40.15
-148.221,54.2381#29.53#30.23#40.24
-148.132,54.2364#29.53#30.15#40.32
-148.043,54.2347#29.53#30.07#40.4
-147.954,54.2329#29.52#30#40.48
-147.865,54.231#29.51#29.94#40.55
-147.776,54.229#29.49#29.89#40.62
-147.687,54.227#29.48#29.83#40.69
-147.599,54.2248#29.47#29.78#40.75
-147.51,54.2226#29.46#29.72#40.82
-147.421,54.2203#29.38#29.7#40.92
-147.332,54.2179#29.3#29.68#41.02
-147.243,54.2155#29.22#29.66#41.12
-147.155,54.2129#29.14#29.64#41.22
-147.066,54.2103#29.06#29.62#41.32
-146.977,54.2076#28.95#29.61#41.44
-146.889,54.2048#28.79#29.6#41.61
-146.8,54.202#28.63#29.59#41.78
-146.711,54.199#28.46#29.58#41.96
-146.622,54.196#28.3#29.58#42.12
-146.534,54.1929#28.14#29.57#42.29
-146.445,54.1897#27.96#29.57#42.47
-146.357,54.1865#27.77#29.57#42.66
-146.268,54.1831#27.58#29.56#42.86
-146.179,54.1797#27.39#29.56#43.05
-146.091,54.1762#27.2#29.56#43.24
-146.002,54.1726#27.01#29.56#43.43
-145.914,54.169#26.94#29.56#43.5
-145.825,54.1652#26.87#29.56#43.57
-145.737,54.1614#26.79#29.57#43.64
-145.648,54.1575#26.72#29.57#43.71
-145.56,54.1535#26.64#29.57#43.79
-145.471,54.1495#26.57#29.59#43.84
-145.383,54.1453#26.53#29.65#43.82
-145.295,54.1411#26.48#29.71#43.81
-145.206,54.1368#26.44#29.78#43.78
-145.118,54.1324#26.4#29.84#43.76
-145.03,54.128#26.35#29.9#43.75
-144.941,54.1234#26.32#29.97#43.71
-144.853,54.1188#26.3#30.03#43.67
-144.765,54.1141#26.28#30.09#43.63
-144.677,54.1093#26.26#30.16#43.58
-144.588,54.1045#26.23#30.22#43.55
-144.5,54.0995#26.21#30.28#43.51
-144.412,54.0945#26.2#30.3#43.5
-144.324,54.0894#26.19#30.32#43.49
-144.236,54.0842#26.18#30.33#43.49
-144.148,54.079#26.17#30.35#43.48
-144.06,54.0736#26.15#30.37#43.48
-143.972,54.0682#26.14#30.38#43.48
-143.884,54.0627#26.14#30.39#43.47
-143.796,54.0572#26.13#30.4#43.47
-143.708,54.0515#26.12#30.41#43.47
-143.62,54.0458#26.12#30.42#43.46
-143.532,54.04#26.11#30.42#43.47
-143.444,54.0341#26.11#30.43#43.46
-143.357,54.0281#26.1#30.44#43.46
-143.269,54.0221#26.1#30.45#43.45
-143.181,54.016#26.1#30.46#43.44
-143.093,54.0098#26.09#30.47#43.44
-143.006,54.0035#26.09#30.48#43.43
-142.918,53.9971#26.09#30.5#43.41
-142.83,53.9907#26.09#30.51#43.4
-142.743,53.9842#26.09#30.53#43.38
-142.655,53.9776#26.08#30.54#43.38
-142.568,53.9709#26.08#30.55#43.37
-142.48,53.9641#26.08#30.55#43.37
-142.393,53.9573#26.08#30.51#43.41
-142.306,53.9504#26.08#30.46#43.46
-142.218,53.9434#26.08#30.41#43.51
-142.131,53.9363#26.08#30.37#43.55
-142.044,53.9292#26.08#30.32#43.6
-141.956,53.922#26.08#30.28#43.64
-141.869,53.9147#26.08#30.24#43.68
-141.782,53.9073#26.07#30.21#43.72
-158.84,53.9049#33.43#28.61#37.96
-158.753,53.9128#33.21#28.61#38.18
-158.665,53.9206#32.99#28.61#38.4
-158.578,53.9284#32.76#28.61#38.63
-158.491,53.9361#32.54#28.6#38.86
-158.404,53.9437#32.34#28.6#39.06
-158.317,53.9513#32.13#28.6#39.27
-158.23,53.9588#31.92#28.6#39.48
-158.142,53.9661#31.72#28.6#39.68
-158.055,53.9735#31.51#28.6#39.89
-157.968,53.9807#31.32#28.59#40.09
-157.88,53.9878#31.14#28.59#40.27
-157.793,53.9949#30.97#28.59#40.44
-157.705,54.0019#30.8#28.59#40.61
-157.618,54.0088#30.62#28.59#40.79
-157.53,54.0157#30.45#28.59#40.96
-157.442,54.0224#30.31#28.59#41.1
-157.355,54.0291#30.19#28.59#41.22
-157.267,54.0357#30.06#28.59#41.35
-157.179,54.0423#29.94#28.58#41.48
-157.092,54.0487#29.82#28.58#41.6
-157.004,54.0551#29.69#28.58#41.73
-156.916,54.0614#29.59#28.58#41.83
-156.828,54.0676#29.49#28.58#41.93
-156.74,54.0737#29.39#28.58#42.03
-156.653,54.0798#29.28#28.58#42.14
-156.565,54.0857#29.18#28.58#42.24
-156.477,54.0916#29.08#28.58#42.34
-156.389,54.0975#29.01#28.58#42.41
-156.301,54.1032#28.93#28.58#42.49
-156.213,54.1089#28.85#28.58#42.57
-156.125,54.1144#28.78#28.58#42.64
-156.036,54.1199#28.7#28.58#42.72
-155.948,54.1254#28.63#28.58#42.79
-155.86,54.1307#28.57#28.58#42.85
-155.772,54.136#28.51#28.58#42.91
-155.684,54.1411#28.46#28.58#42.96
-155.595,54.1463#28.4#28.58#43.02
-155.507,54.1513#28.34#28.58#43.08
-155.419,54.1562#28.29#28.58#43.13
-155.331,54.1611#28.25#28.58#43.17
-155.242,54.1659#28.2#28.58#43.22
-155.154,54.1706#28.16#28.58#43.26
-155.065,54.1752#28.11#28.58#43.31
-154.977,54.1798#28.04#28.58#43.38
-154.889,54.1842#27.9#28.58#43.52
-154.8,54.1886#27.76#28.58#43.66
-154.712,54.1929#27.62#28.58#43.8
-154.623,54.1971#27.47#28.58#43.95
-154.535,54.2013#27.33#28.58#44.09
-154.446,54.2054#27.2#28.59#44.21
-154.357,54.2094#27.07#28.6#44.33
-154.269,54.2133#26.94#28.6#44.46
-154.18,54.2171#26.81#28.61#44.58
-154.092,54.2208#26.68#28.62#44.7
-154.003,54.2245#26.55#28.62#44.83
-153.914,54.2281#26.5#28.66#44.84
-153.825,54.2316#26.45#28.69#44.86
-153.737,54.235#26.4#28.73#44.87
-153.648,54.2384#26.35#28.76#44.89
-153.559,54.2416#26.29#28.79#44.92
-153.47,54.2448#26.25#28.83#44.92
-153.382,54.2479#26.23#28.87#44.9
-153.293,54.251#26.21#28.92#44.87
-153.204,54.2539#26.19#28.96#44.85
-153.115,54.2568#26.17#29#44.83
-153.026,54.2595#26.15#29.04#44.81
-152.937,54.2623#26.14#29.11#44.75
-152.849,54.2649#26.13#29.19#44.68
-152.76,54.2674#26.12#29.27#44.61
-152.671,54.2699#26.11#29.35#44.54
-152.582,54.2723#26.11#29.43#44.46
-152.493,54.2746#26.1#29.51#44.39
-152.404,54.2768#26.1#29.57#44.33
-152.315,54.2789#26.09#29.64#44.27
-152.226,54.281#26.09#29.71#44.2
-152.137,54.283#26.09#29.78#44.13
-152.048,54.2849#26.08#29.84#44.08
-151.959,54.2867#26.08#29.91#44.01
-151.87,54.2884#26.08#29.97#43.95
-151.781,54.2901#26.08#30.02#43.9
-151.692,54.2916#26.08#30.08#43.84
-151.603,54.2931#26.08#30.14#43.78
-151.514,54.2946#26.08#30.2#43.72
-151.425,54.2959#26.09#30.24#43.67
-151.336,54.2971#26.11#30.29#43.6
-151.247,54.2983#26.12#30.33#43.55
-151.158,54.2994#26.14#30.37#43.49
-151.069,54.3004#26.16#30.42#43.42
-150.98,54.3013#26.2#30.45#43.35
-150.89,54.3022#26.3#30.48#43.22
-150.801,54.303#26.41#30.5#43.09
-150.712,54.3036#26.52#30.53#42.95
-150.623,54.3043#26.63#30.55#42.82
-150.534,54.3048#26.74#30.58#42.68
-150.445,54.3052#26.91#30.6#42.49
-150.356,54.3056#27.11#30.62#42.27
-150.267,54.3059#27.31#30.63#42.06
-150.178,54.3061#27.51#30.65#41.84
-150.089,54.3062#27.72#30.67#41.61
-149.999,54.3062#27.92#30.69#41.39
-149.91,54.3062#28.11#30.71#41.18
-149.821,54.3061#28.31#30.72#40.97
-149.732,54.3059#28.51#30.74#40.75
-149.643,54.3056#28.7#30.76#40.54
-149.554,54.3052#28.9#30.77#40.33
-149.465,54.3048#29.05#30.78#40.17
-149.376,54.3042#29.11#30.76#40.13
-149.287,54.3036#29.17#30.74#40.09
-149.198,54.303#29.24#30.73#40.03
-149.108,54.3022#29.3#30.71#39.99
-149.019,54.3013#29.37#30.69#39.94
-148.93,54.3004#29.4#30.67#39.93
-148.841,54.2994#29.43#30.64#39.93
-148.752,54.2983#29.45#30.61#39.94
-148.663,54.2971#29.48#30.58#39.94
-148.574,54.2959#29.5#30.55#39.95
-148.485,54.2945#29.53#30.51#39.96
-148.396,54.2931#29.52#30.43#40.05
-148.307,54.2916#29.52#30.35#40.13
-148.218,54.2901#29.52#30.27#40.21
-148.129,54.2884#29.52#30.2#40.28
-148.04,54.2867#29.52#30.12#40.36
-147.951,54.2848#29.51#30.05#40.44
-147.862,54.2829#29.48#29.99#40.53
-147.773,54.281#29.46#29.93#40.61
-147.684,54.2789#29.44#29.87#40.69
-147.595,54.2768#29.42#29.81#40.77
-147.506,54.2745#29.4#29.75#40.85
-147.417,54.2722#29.32#29.72#40.96
-147.328,54.2699#29.22#29.7#41.08
-147.239,54.2674#29.13#29.68#41.19
-147.15,54.2648#29.04#29.66#41.3
-147.061,54.2622#28.95#29.63#41.42
-146.973,54.2595#28.84#29.61#41.55
-146.884,54.2567#28.67#29.61#41.72
-146.795,54.2539#28.51#29.6#41.89
-146.706,54.2509#28.34#29.59#42.07
-146.617,54.2479#28.18#29.58#42.24
-146.528,54.2448#28.01#29.57#42.42
-146.44,54.2416#27.84#29.56#42.6
-146.351,54.2383#27.66#29.56#42.78
-146.262,54.235#27.47#29.56#42.97
-146.173,54.2316#27.29#29.56#43.15
-146.085,54.228#27.1#29.55#43.35
-145.996,54.2245#26.92#29.55#43.53
-145.907,54.2208#26.85#29.55#43.6
-145.819,54.217#26.79#29.55#43.66
-145.73,54.2132#26.72#29.55#43.73
-145.642,54.2093#26.65#29.55#43.8
-145.553,54.2053#26.58#29.55#43.87
-145.464,54.2012#26.52#29.57#43.91
-145.376,54.1971#26.48#29.63#43.89
-145.287,54.1929#26.44#29.7#43.86
-145.199,54.1886#26.4#29.76#43.84
-145.11,54.1842#26.36#29.82#43.82
-145.022,54.1797#26.32#29.88#43.8
-144.933,54.1752#26.3#29.94#43.76
-144.845,54.1705#26.28#30.01#43.71
-144.757,54.1658#26.26#30.07#43.67
-144.668,54.161#26.24#30.13#43.63
-144.58,54.1562#26.22#30.19#43.59
-144.492,54.1512#26.2#30.25#43.55
-144.403,54.1462#26.19#30.27#43.54
-144.315,54.1411#26.18#30.29#43.53
-144.227,54.1359#26.17#30.3#43.53
-144.139,54.1306#26.16#30.32#43.52
-144.051,54.1253#26.14#30.34#43.52
-143.962,54.1199#26.14#30.35#43.51
-143.874,54.1144#26.13#30.36#43.51
-143.786,54.1088#26.13#30.37#43.5
-143.698,54.1031#26.12#30.38#43.5
-143.61,54.0974#26.11#30.39#43.5
-143.522,54.0916#26.11#30.4#43.49
-143.434,54.0857#26.1#30.41#43.49
-143.346,54.0797#26.1#30.43#43.47
-143.258,54.0736#26.1#30.44#43.46
-143.171,54.0675#26.1#30.45#43.45
-143.083,54.0613#26.09#30.46#43.45
-142.995,54.055#26.09#30.47#43.44
-142.907,54.0486#26.09#30.48#43.43
-142.819,54.0422#26.09#30.5#43.41
-142.732,54.0356#26.08#30.51#43.41
-142.644,54.029#26.08#30.53#43.39
-142.556,54.0224#26.08#30.54#43.38
-142.469,54.0156#26.08#30.54#43.38
-142.381,54.0087#26.08#30.5#43.42
-142.294,54.0018#26.08#30.45#43.47
-142.206,53.9948#26.08#30.41#43.51
-142.119,53.9877#26.08#30.36#43.56
-142.031,53.9806#26.08#30.32#43.6
-141.944,53.9734#26.08#30.28#43.64
-141.857,53.966#26.07#30.25#43.68
-141.769,53.9587#26.07#30.22#43.71
-141.682,53.9512#26.07#30.19#43.74
-141.595,53.9436#26.07#30.16#43.77
-141.508,53.936#26.07#30.13#43.8
-141.421,53.9283#26.07#30.15#43.78
-141.333,53.9205#26.07#30.17#43.76
-141.246,53.9127#26.07#30.2#43.73
-141.159,53.9048#26.07#30.22#43.71
-159.375,53.9068#35.07#28.6#36.33
-159.288,53.9152#34.82#28.59#36.59
-159.201,53.9236#34.58#28.59#36.83
-159.114,53.9318#34.34#28.59#37.07
-159.027,53.94#34.1#28.58#37.32
-158.94,53.9481#33.87#28.58#37.55
-158.853,53.9561#33.65#28.58#37.77
-158.766,53.9641#33.42#28.58#38
-158.679,53.9719#33.19#28.58#38.23
-158.592,53.9797#32.96#28.57#38.47
-158.504,53.9874#32.73#28.57#38.7
-158.417,53.9951#32.52#28.57#38.91
-158.33,54.0026#32.31#28.57#39.12
-158.242,54.0101#32.11#28.57#39.32
