-153.468,63.9029#27.1#28.83#44.07
-153.344,63.9062#26.98#28.8#44.22
-153.22,63.9093#26.85#28.76#44.39
-153.097,63.9123#26.73#28.72#44.55
-152.973,63.9152#26.62#28.68#44.7
-152.849,63.9179#26.56#28.66#44.78
-152.726,63.9206#26.5#28.65#44.85
-152.602,63.9231#26.43#28.63#44.94
-152.478,63.9255#26.38#28.61#45.01
-152.354,63.9278#26.36#28.6#45.04
-152.23,63.93#26.34#28.6#45.06
-152.107,63.9321#26.33#28.59#45.08
-151.983,63.934#26.32#28.58#45.1
-151.859,63.9358#26.36#28.58#45.06
-151.735,63.9375#26.4#28.57#45.03
-151.611,63.9391#26.45#28.57#44.98
-151.487,63.9406#26.5#28.57#44.93
-151.363,63.942#26.63#28.57#44.8
-151.239,63.9432#26.76#28.57#44.67
-151.115,63.9443#26.89#28.56#44.55
-150.991,63.9453#27.02#28.56#44.42
-150.867,63.9462#27.21#28.58#44.21
-150.743,63.947#27.41#28.59#44
-150.619,63.9476#27.6#28.6#43.8
-150.495,63.9481#27.79#28.62#43.59
-150.371,63.9486#28.01#28.66#43.33
-150.247,63.9489#28.23#28.7#43.07
-150.123,63.949#28.44#28.75#42.81
-149.999,63.9491#28.66#28.79#42.55
-149.875,63.949#28.71#28.87#42.42
-149.751,63.9488#28.77#28.94#42.29
-149.627,63.9486#28.82#29.02#42.16
-149.503,63.9481#28.88#29.09#42.03
-149.379,63.9476#28.79#29.15#42.06
-149.255,63.947#28.69#29.21#42.1
-149.131,63.9462#28.59#29.28#42.13
-149.007,63.9453#28.49#29.34#42.17
-148.883,63.9443#28.35#29.38#42.27
-148.759,63.9432#28.2#29.42#42.38
-148.635,63.9419#28.06#29.46#42.48
-148.511,63.9406#27.91#29.51#42.58
-148.387,63.9391#27.78#29.54#42.68
-148.263,63.9375#27.66#29.58#42.76
-148.14,63.9358#27.54#29.61#42.85
-148.016,63.934#27.41#29.65#42.94
-147.892,63.932#27.36#29.68#42.96
-147.768,63.93#27.33#29.7#42.97
-147.644,63.9278#27.29#29.73#42.98
-147.52,63.9255#27.26#29.76#42.98
-147.397,63.9231#27.25#29.76#42.99
-147.273,63.9206#27.25#29.75#43
-147.149,63.9179#27.25#29.75#43
-147.025,63.9151#27.26#29.75#42.99
-146.902,63.9123#27.25#29.68#43.07
-146.778,63.9093#27.25#29.61#43.14
-146.654,63.9061#27.24#29.54#43.22
-146.531,63.9029#27.24#29.46#43.3
-155.082,63.9045#30.85#30.15#39
-154.958,63.9092#30.55#30.1#39.35
-154.835,63.9139#30.2#30.01#39.79
-154.712,63.9184#29.84#29.91#40.25
-154.588,63.9228#29.48#29.82#40.7
-154.465,63.9271#29.13#29.71#41.16
-154.341,63.9313#28.8#29.56#41.64
-154.217,63.9354#28.46#29.42#42.12
-154.094,63.9393#28.13#29.28#42.59
-153.97,63.9432#27.83#29.15#43.02
-153.846,63.9469#27.63#29.06#43.31
-153.723,63.9505#27.44#28.97#43.59
-153.599,63.9539#27.24#28.88#43.88
-153.475,63.9573#27.06#28.8#44.14
-153.351,63.9605#26.94#28.77#44.29
-153.227,63.9637#26.82#28.73#44.45
-153.103,63.9667#26.7#28.69#44.61
-152.979,63.9696#26.59#28.66#44.75
-152.856,63.9723#26.53#28.64#44.83
-152.732,63.975#26.47#28.62#44.91
-152.607,63.9775#26.41#28.61#44.98
-152.483,63.9799#26.36#28.59#45.05
-152.359,63.9822#26.34#28.58#45.08
-152.235,63.9844#26.32#28.58#45.1
-152.111,63.9865#26.3#28.57#45.13
-151.987,63.9884#26.29#28.56#45.15
-151.863,63.9903#26.32#28.56#45.12
-151.739,63.992#26.36#28.56#45.08
-151.615,63.9936#26.39#28.55#45.06
-151.49,63.9951#26.43#28.55#45.02
-151.366,63.9964#26.56#28.55#44.89
-151.242,63.9977#26.68#28.55#44.77
-151.118,63.9988#26.81#28.55#44.64
-150.993,63.9998#26.94#28.55#44.51
-150.869,64.0007#27.12#28.56#44.32
-150.745,64.0014#27.31#28.58#44.11
-150.621,64.0021#27.49#28.59#43.92
-150.496,64.0026#27.68#28.61#43.71
-150.372,64.003#27.91#28.65#43.44
-150.248,64.0033#28.14#28.7#43.16
-150.124,64.0035#28.37#28.75#42.88
-149.999,64.0036#28.6#28.79#42.61
-149.875,64.0035#28.68#28.87#42.45
-149.751,64.0033#28.76#28.95#42.29
-149.626,64.003#28.85#29.02#42.13
-149.502,64.0026#28.93#29.1#41.97
-149.378,64.0021#28.84#29.16#42
-149.254,64.0014#28.75#29.21#42.04
-149.129,64.0007#28.65#29.27#42.08
-149.005,63.9998#28.56#29.33#42.11
-148.881,63.9988#28.43#29.37#42.2
-148.757,63.9976#28.3#29.41#42.29
-148.632,63.9964#28.17#29.45#42.38
-148.508,63.995#28.03#29.49#42.48
-148.384,63.9936#27.9#29.53#42.57
-148.26,63.992#27.77#29.56#42.67
-148.136,63.9903#27.64#29.59#42.77
-148.011,63.9884#27.51#29.63#42.86
-147.887,63.9865#27.45#29.65#42.9
-147.763,63.9844#27.4#29.68#42.92
-147.639,63.9822#27.35#29.7#42.95
-147.515,63.9799#27.3#29.73#42.97
-147.391,63.9775#27.29#29.72#42.99
-147.267,63.975#27.29#29.71#43
-147.143,63.9723#27.28#29.7#43.02
-147.019,63.9695#27.28#29.69#43.03
-146.895,63.9666#27.27#29.62#43.11
-146.771,63.9636#27.26#29.53#43.21
-146.647,63.9605#27.25#29.45#43.3
-146.523,63.9573#27.24#29.37#43.39
-146.4,63.9539#27.21#29.23#43.56
-146.276,63.9504#27.17#29.07#43.76
-146.152,63.9468#27.13#28.91#43.96
-146.028,63.9431#27.09#28.75#44.16
-145.905,63.9393#27.03#28.63#44.34
-145.781,63.9353#26.97#28.52#44.51
-145.657,63.9313#26.9#28.4#44.7
-145.534,63.9271#26.84#28.29#44.87
-145.41,63.9228#26.79#28.27#44.94
-145.287,63.9184#26.75#28.28#44.97
-145.163,63.9138#26.71#28.3#44.99
-145.04,63.9092#26.67#28.31#45.02
-144.917,63.9044#26.64#28.36#45
-156.326,63.9045#33.28#30.22#36.5
-156.203,63.9105#33.05#30.23#36.72
-156.08,63.9163#32.82#30.23#36.95
-155.957,63.922#32.59#30.23#37.18
-155.833,63.9276#32.35#30.24#37.41
-155.71,63.9331#32.11#30.24#37.65
-155.587,63.9384#31.87#30.24#37.89
-155.463,63.9437#31.62#30.23#38.15
-155.34,63.9488#31.35#30.2#38.45
-155.216,63.9538#31.08#30.17#38.75
-155.093,63.9587#30.81#30.13#39.06
-154.969,63.9635#30.52#30.08#39.4
-154.845,63.9682#30.16#29.98#39.86
-154.722,63.9727#29.8#29.87#40.33
-154.598,63.9771#29.44#29.77#40.79
-154.474,63.9814#29.09#29.65#41.26
-154.35,63.9856#28.75#29.51#41.74
-154.227,63.9897#28.42#29.36#42.22
-154.103,63.9937#28.09#29.22#42.69
-153.979,63.9975#27.78#29.08#43.14
-153.855,64.0012#27.59#29#43.41
-153.731,64.0048#27.39#28.92#43.69
-153.607,64.0083#27.2#28.84#43.96
-153.483,64.0117#27.02#28.77#44.21
-153.358,64.0149#26.9#28.73#44.37
-153.234,64.0181#26.78#28.7#44.52
-153.11,64.0211#26.67#28.66#44.67
-152.986,64.024#26.56#28.63#44.81
-152.862,64.0267#26.5#28.62#44.88
-152.737,64.0294#26.44#28.6#44.96
-152.613,64.0319#26.39#28.58#45.03
-152.489,64.0344#26.33#28.57#45.1
-152.365,64.0367#26.31#28.56#45.13
-152.24,64.0389#26.3#28.56#45.14
-152.116,64.0409#26.28#28.55#45.17
-151.991,64.0429#26.26#28.54#45.2
-151.867,64.0447#26.29#28.54#45.17
-151.743,64.0464#26.31#28.54#45.15
-151.618,64.048#26.34#28.53#45.13
-151.494,64.0495#26.36#28.53#45.11
-151.369,64.0509#26.49#28.53#44.98
-151.245,64.0521#26.61#28.53#44.86
-151.12,64.0532#26.74#28.53#44.73
-150.996,64.0543#26.86#28.53#44.61
-150.871,64.0551#27.04#28.54#44.42
-150.747,64.0559#27.21#28.56#44.23
-150.622,64.0566#27.38#28.58#44.04
-150.497,64.0571#27.56#28.6#43.84
-150.373,64.0575#27.81#28.65#43.54
-150.248,64.0578#28.05#28.69#43.26
-150.124,64.058#28.3#28.74#42.96
-149.999,64.058#28.55#28.79#42.66
-149.875,64.058#28.65#28.87#42.48
-149.75,64.0578#28.76#28.95#42.29
-149.626,64.0575#28.87#29.03#42.1
-149.501,64.0571#28.97#29.11#41.92
-149.376,64.0566#28.89#29.16#41.95
-149.252,64.0559#28.8#29.21#41.99
-149.127,64.0551#28.72#29.26#42.02
-149.003,64.0542#28.64#29.32#42.04
-148.878,64.0532#28.52#29.36#42.12
-148.754,64.0521#28.4#29.4#42.2
-148.629,64.0509#28.28#29.44#42.28
-148.505,64.0495#28.16#29.48#42.36
-148.38,64.048#28.02#29.51#42.47
-148.256,64.0464#27.88#29.54#42.58
-148.131,64.0447#27.74#29.57#42.69
-148.007,64.0429#27.6#29.6#42.8
-147.883,64.0409#27.53#29.63#42.84
-147.758,64.0388#27.46#29.65#42.89
-147.634,64.0367#27.4#29.67#42.93
-147.51,64.0343#27.34#29.7#42.96
-147.385,64.0319#27.32#29.68#43
-147.261,64.0294#27.32#29.67#43.01
-147.137,64.0267#27.31#29.65#43.04
-147.013,64.0239#27.31#29.63#43.06
-146.888,64.021#27.29#29.55#43.16
-146.764,64.018#27.27#29.46#43.27
-146.64,64.0149#27.26#29.37#43.37
-146.516,64.0116#27.24#29.28#43.48
-146.392,64.0083#27.2#29.12#43.68
-146.268,64.0048#27.15#28.96#43.89
-146.144,64.0012#27.11#28.8#44.09
-146.02,63.9974#27.06#28.64#44.3
-145.896,63.9936#27#28.53#44.47
-145.772,63.9896#26.94#28.43#44.63
-145.648,63.9856#26.87#28.33#44.8
-145.524,63.9814#26.8#28.22#44.98
-145.4,63.9771#26.76#28.22#45.02
-145.277,63.9726#26.73#28.23#45.04
-145.153,63.9681#26.69#28.25#45.06
-145.029,63.9634#26.65#28.26#45.09
-144.906,63.9587#26.64#28.31#45.05
-144.782,63.9538#26.62#28.36#45.02
-144.659,63.9488#26.61#28.41#44.98
-144.535,63.9436#26.6#28.47#44.93
-144.412,63.9384#26.59#28.51#44.9
-144.288,63.933#26.59#28.56#44.85
-144.165,63.9275#26.58#28.61#44.81
-144.042,63.9219#26.58#28.66#44.76
-143.919,63.9162#26.58#28.72#44.7
-143.796,63.9104#26.58#28.78#44.64
-143.673,63.9045#26.58#28.84#44.58
-157.324,63.9068#34.95#30.15#34.9
-157.201,63.9137#34.73#30.16#35.11
-157.078,63.9205#34.51#30.18#35.31
-156.955,63.9271#34.29#30.19#35.52
-156.832,63.9337#34.07#30.19#35.74
-156.709,63.9401#33.85#30.2#35.95
-156.586,63.9464#33.63#30.21#36.16
-156.463,63.9526#33.41#30.21#36.38
-156.34,63.9587#33.19#30.22#36.59
-156.216,63.9646#32.98#30.22#36.8
-156.093,63.9705#32.76#30.22#37.02
-155.969,63.9762#32.55#30.23#37.22
-155.846,63.9818#32.31#30.23#37.46
-155.722,63.9873#32.07#30.23#37.7
-155.599,63.9927#31.83#30.23#37.94
-155.475,63.9979#31.58#30.23#38.19
-155.351,64.003#31.31#30.19#38.5
-155.228,64.0081#31.04#30.15#38.81
-155.104,64.013#30.77#30.11#39.12
-154.98,64.0178#30.49#30.05#39.46
-154.856,64.0224#30.13#29.94#39.93
-154.732,64.027#29.77#29.83#40.4
-154.608,64.0314#29.41#29.72#40.87
-154.484,64.0357#29.05#29.6#41.35
-154.36,64.0399#28.71#29.45#41.84
-154.236,64.044#28.38#29.3#42.32
-154.112,64.048#28.05#29.15#42.8
-153.987,64.0518#27.73#29.01#43.26
-153.863,64.0556#27.54#28.94#43.52
-153.739,64.0592#27.35#28.87#43.78
-153.615,64.0627#27.16#28.8#44.04
-153.49,64.0661#26.98#28.74#44.28
-153.366,64.0693#26.86#28.7#44.44
-153.241,64.0725#26.75#28.67#44.58
-153.117,64.0755#26.64#28.64#44.72
-152.992,64.0784#26.53#28.61#44.86
-152.868,64.0812#26.47#28.59#44.94
-152.743,64.0838#26.42#28.58#45
-152.619,64.0864#26.36#28.56#45.08
-152.494,64.0888#26.31#28.55#45.14
-152.37,64.0911#26.29#28.54#45.17
-152.245,64.0933#26.27#28.54#45.19
-152.12,64.0954#26.25#28.53#45.22
-151.996,64.0973#26.24#28.52#45.24
-151.871,64.0992#26.25#28.52#45.23
-151.746,64.1009#26.27#28.52#45.21
-151.622,64.1025#26.28#28.52#45.2
-151.497,64.104#26.3#28.51#45.19
-151.372,64.1054#26.42#28.51#45.07
-151.247,64.1066#26.54#28.51#44.95
-151.123,64.1077#26.66#28.51#44.83
-150.998,64.1087#26.78#28.51#44.71
-150.873,64.1096#26.95#28.53#44.52
-150.748,64.1104#27.11#28.55#44.34
-150.623,64.1111#27.28#28.57#44.15
-150.499,64.1116#27.44#28.59#43.97
-150.374,64.112#27.7#28.64#43.66
-150.249,64.1123#27.97#28.69#43.34
-150.124,64.1125#28.23#28.74#43.03
-149.999,64.1125#28.49#28.8#42.71
-149.874,64.1125#28.62#28.88#42.5
-149.75,64.1123#28.76#28.96#42.28
-149.625,64.112#28.89#29.04#42.07
-149.5,64.1116#29.02#29.12#41.86
-149.375,64.111#28.94#29.16#41.9
-149.25,64.1104#28.86#29.21#41.93
-149.125,64.1096#28.79#29.26#41.95
-149.001,64.1087#28.71#29.3#41.99
-148.876,64.1077#28.6#29.34#42.06
-148.751,64.1066#28.5#29.38#42.12
-148.626,64.1053#28.39#29.42#42.19
-148.502,64.104#28.28#29.46#42.26
-148.377,64.1025#28.13#29.49#42.38
-148.252,64.1009#27.99#29.52#42.49
-148.127,64.0992#27.84#29.55#42.61
-148.003,64.0973#27.69#29.58#42.73
-147.878,64.0954#27.61#29.6#42.79
-147.753,64.0933#27.53#29.62#42.85
-147.629,64.0911#27.45#29.65#42.9
-147.504,64.0888#27.37#29.67#42.96
-147.38,64.0863#27.36#29.65#42.99
-147.255,64.0838#27.35#29.62#43.03
-147.131,64.0811#27.34#29.6#43.06
-147.006,64.0783#27.33#29.58#43.09
-146.882,64.0754#27.31#29.48#43.21
-146.757,64.0724#27.29#29.38#43.33
-146.633,64.0693#27.27#29.28#43.45
-146.508,64.066#27.24#29.19#43.57
-146.384,64.0626#27.19#29.02#43.79
-146.26,64.0591#27.14#28.85#44.01
-146.135,64.0555#27.09#28.69#44.22
-146.011,64.0518#27.04#28.52#44.44
-145.887,64.0479#26.97#28.43#44.6
-145.763,64.044#26.9#28.34#44.76
-145.639,64.0399#26.84#28.25#44.91
-145.515,64.0357#26.77#28.16#45.07
-145.39,64.0314#26.74#28.16#45.1
-145.266,64.0269#26.71#28.18#45.11
-145.142,64.0224#26.68#28.2#45.12
-145.019,64.0177#26.64#28.22#45.14
-144.895,64.0129#26.63#28.26#45.11
-144.771,64.008#26.62#28.31#45.07
-144.647,64.003#26.61#28.36#45.03
-144.523,63.9978#26.59#28.41#45
-144.4,63.9926#26.59#28.46#44.95
-144.276,63.9872#26.59#28.5#44.91
-144.153,63.9817#26.58#28.55#44.87
-144.029,63.9761#26.58#28.6#44.82
-143.906,63.9704#26.58#28.65#44.77
-143.782,63.9645#26.58#28.71#44.71
-143.659,63.9586#26.58#28.77#44.65
-143.536,63.9525#26.58#28.83#44.59
-143.412,63.9463#26.59#28.91#44.5
-143.289,63.94#26.59#29#44.41
-143.166,63.9336#26.59#29.1#44.31
-143.043,63.9271#26.6#29.19#44.21
-142.92,63.9204#26.6#29.33#44.07
-142.797,63.9136#26.61#29.48#43.91
-142.674,63.9067#26.61#29.64#43.75
-158.322,63.9015#36.74#29.9#33.36
-158.2,63.9093#36.49#29.95#33.56
-158.077,63.917#36.24#30#33.76
-157.954,63.9246#36#30.05#33.95
-157.832,63.9321#35.76#30.07#34.17
-157.709,63.9395#35.52#30.09#34.39
-157.586,63.9467#35.28#30.12#34.6
-157.463,63.9538#35.05#30.13#34.82
-157.34,63.9608#34.83#30.15#35.02
-157.217,63.9678#34.61#30.16#35.23
-157.094,63.9745#34.39#30.17#35.44
-156.97,63.9812#34.16#30.18#35.66
-156.847,63.9878#33.95#30.19#35.86
-156.724,63.9942#33.73#30.19#36.08
-156.6,64.0005#33.51#30.2#36.29
-156.477,64.0067#33.3#30.21#36.49
-156.353,64.0128#33.09#30.21#36.7
-156.23,64.0188#32.9#30.21#36.89
-156.106,64.0246#32.7#30.22#37.08
-155.982,64.0304#32.51#30.22#37.27
-155.859,64.036#32.26#30.22#37.52
-155.735,64.0415#32.02#30.22#37.76
-155.611,64.0469#31.78#30.23#37.99
-155.487,64.0521#31.54#30.22#38.24
-155.363,64.0573#31.27#30.18#38.55
-155.239,64.0623#31#30.13#38.87
-155.115,64.0672#30.73#30.08#39.19
-154.991,64.072#30.46#30.03#39.51
-154.867,64.0767#30.1#29.91#39.99
-154.742,64.0813#29.73#29.79#40.48
-154.618,64.0857#29.37#29.67#40.96
-154.494,64.0901#29.01#29.55#41.44
-154.369,64.0943#28.67#29.4#41.93
-154.245,64.0984#28.34#29.25#42.41
-154.121,64.1023#28.01#29.09#42.9
-153.996,64.1062#27.68#28.94#43.38
-153.872,64.1099#27.49#28.88#43.63
-153.747,64.1136#27.3#28.82#43.88
-153.622,64.1171#27.12#28.76#44.12
-153.498,64.1204#26.93#28.7#44.37
-153.373,64.1237#26.82#28.67#44.51
-153.248,64.1269#26.71#28.64#44.65
-153.124,64.1299#26.6#28.61#44.79
-152.999,64.1328#26.49#28.58#44.93
-152.874,64.1356#26.44#28.57#44.99
-152.749,64.1383#26.39#28.55#45.06
-152.625,64.1408#26.34#28.54#45.12
-152.5,64.1433#26.28#28.53#45.19
-152.375,64.1456#26.27#28.52#45.21
-152.25,64.1478#26.25#28.52#45.23
-152.125,64.1499#26.23#28.51#45.26
-152,64.1518#26.22#28.51#45.27
-151.875,64.1537#26.22#28.5#45.28
-151.75,64.1554#26.23#28.5#45.27
-151.625,64.157#26.24#28.5#45.26
-151.5,64.1585#26.25#28.5#45.25
-151.375,64.1598#26.36#28.5#45.14
-151.25,64.1611#26.48#28.5#45.02
-151.125,64.1622#26.6#28.5#44.9
-151,64.1632#26.72#28.5#44.78
-150.875,64.1641#26.87#28.52#44.61
-150.75,64.1649#27.03#28.54#44.43
-150.625,64.1656#27.19#28.56#44.25
-150.5,64.1661#27.35#28.59#44.06
-150.375,64.1665#27.61#28.64#43.75
-150.249,64.1668#27.88#28.7#43.42
-150.124,64.167#28.15#28.75#43.1
-149.999,64.167#28.42#28.81#42.77
-149.874,64.167#28.57#28.89#42.54
-149.749,64.1668#28.72#28.96#42.32
-149.624,64.1665#28.88#29.04#42.08
-149.499,64.1661#29.03#29.12#41.85
-149.374,64.1655#28.97#29.17#41.86
-149.249,64.1649#28.9#29.21#41.89
-149.124,64.1641#28.84#29.25#41.91
-148.998,64.1632#28.78#29.3#41.92
-148.873,64.1622#28.68#29.33#41.99
-148.748,64.1611#28.59#29.37#42.04
-148.623,64.1598#28.49#29.41#42.1
-148.498,64.1585#28.39#29.44#42.17
-148.373,64.157#28.24#29.47#42.29
-148.248,64.1554#28.09#29.5#42.41
-148.123,64.1536#27.94#29.53#42.53
-147.998,64.1518#27.79#29.56#42.65
-147.873,64.1498#27.69#29.58#42.73
-147.749,64.1477#27.6#29.6#42.8
-147.624,64.1455#27.5#29.62#42.88
-147.499,64.1432#27.41#29.64#42.95
-147.374,64.1408#27.4#29.61#42.99
-147.249,64.1382#27.38#29.58#43.04
-147.124,64.1356#27.37#29.55#43.08
-146.999,64.1328#27.36#29.52#43.12
-146.875,64.1299#27.33#29.41#43.26
-146.75,64.1268#27.3#29.3#43.4
-146.625,64.1237#27.27#29.2#43.53
-146.501,64.1204#27.24#29.09#43.67
-146.376,64.117#27.19#28.92#43.89
-146.251,64.1135#27.13#28.75#44.12
-146.127,64.1099#27.07#28.57#44.36
-146.002,64.1062#27.02#28.4#44.58
-145.878,64.1023#26.94#28.33#44.73
-145.754,64.0983#26.87#28.25#44.88
-145.629,64.0942#26.8#28.18#45.02
-145.505,64.09#26.73#28.1#45.17
-145.38,64.0857#26.71#28.11#45.18
-145.256,64.0812#26.68#28.13#45.19
-145.132,64.0767#26.66#28.15#45.19
-145.008,64.072#26.63#28.17#45.2
-144.884,64.0672#26.62#28.21#45.17
-144.76,64.0623#26.61#28.26#45.13
-144.636,64.0572#26.6#28.31#45.09
-144.512,64.0521#26.59#28.36#45.05
-144.388,64.0468#26.59#28.4#45.01
-144.264,64.0414#26.59#28.44#44.97
-144.14,64.0359#26.58#28.49#44.93
-144.016,64.0303#26.58#28.53#44.89
-143.892,64.0246#26.58#28.59#44.83
-143.769,64.0187#26.58#28.64#44.78
-143.645,64.0127#26.59#28.7#44.71
-143.522,64.0066#26.59#28.76#44.65
-143.398,64.0004#26.59#28.84#44.57
-143.275,63.9941#26.59#28.93#44.48
-143.151,63.9877#26.6#29.02#44.38
-143.028,63.9811#26.6#29.11#44.29
-142.905,63.9745#26.61#29.25#44.14
-142.782,63.9677#26.61#29.41#43.98
-142.659,63.9608#26.62#29.56#43.82
-142.536,63.9537#26.62#29.72#43.66
-142.413,63.9466#26.63#29.83#43.54
-142.29,63.9394#26.63#29.92#43.45
-142.167,63.932#26.64#30.01#43.35
-142.044,63.9245#26.64#30.11#43.25
-141.921,63.9169#26.65#30.16#43.19
-141.799,63.9092#26.65#30.2#43.15
-141.676,63.9014#26.66#30.24#43.1
-159.075,63.9059#38.14#29.47#32.39
-158.953,63.9144#37.88#29.54#32.58
-158.83,63.9228#37.62#29.62#32.76
-158.708,63.9311#37.37#29.7#32.93
-158.585,63.9393#37.11#29.78#33.11
-158.463,63.9474#36.86#29.85#33.29
-158.34,63.9554#36.61#29.91#33.48
-158.217,63.9632#36.36#29.96#33.68
-158.094,63.9709#36.12#30.01#33.87
-157.972,63.9786#35.87#30.05#34.08
-157.849,63.986#35.64#30.07#34.29
-157.725,63.9934#35.4#30.09#34.51
-157.602,64.0007#35.16#30.11#34.73
-157.479,64.0078#34.93#30.13#34.94
-157.356,64.0149#34.71#30.14#35.15
-157.232,64.0218#34.48#30.16#35.36
-157.109,64.0286#34.26#30.17#35.57
-156.986,64.0353#34.04#30.18#35.78
-156.862,64.0418#33.82#30.18#36
-156.738,64.0483#33.61#30.19#36.2
-156.615,64.0546#33.39#30.2#36.41
-156.491,64.0609#33.18#30.2#36.62
-156.367,64.067#32.99#30.21#36.8
-156.243,64.0729#32.81#30.21#36.98
-156.119,64.0788#32.64#30.21#37.15
-155.995,64.0846#32.46#30.22#37.32
-155.871,64.0902#32.22#30.22#37.56
-155.747,64.0957#31.98#30.22#37.8
-155.623,64.1011#31.74#30.22#38.04
-155.499,64.1064#31.5#30.22#38.28
-155.375,64.1115#31.23#30.17#38.6
-155.25,64.1166#30.96#30.12#38.92
-155.126,64.1215#30.7#30.06#39.24
-155.002,64.1263#30.43#30.01#39.56
-154.877,64.131#30.06#29.88#40.06
-154.753,64.1356#29.7#29.76#40.54
-154.628,64.1401#29.33#29.63#41.04
-154.503,64.1444#28.97#29.5#41.53
-154.379,64.1486#28.64#29.34#42.02
-154.254,64.1527#28.3#29.19#42.51
-154.129,64.1567#27.97#29.04#42.99
-154.005,64.1606#27.63#28.89#43.48
-153.88,64.1643#27.45#28.84#43.71
-153.755,64.1679#27.27#28.79#43.94
-153.63,64.1715#27.09#28.74#44.17
-153.505,64.1749#26.91#28.68#44.41
-153.38,64.1781#26.8#28.66#44.54
-153.256,64.1813#26.69#28.63#44.68
-153.131,64.1843#26.59#28.6#44.81
-153.006,64.1872#26.49#28.57#44.94
-152.88,64.19#26.43#28.56#45.01
-152.755,64.1927#26.38#28.55#45.07
-152.63,64.1953#26.34#28.54#45.12
-152.505,64.1977#26.29#28.52#45.19
-152.38,64.2#26.27#28.52#45.21
-152.255,64.2022#26.25#28.51#45.24
-152.13,64.2043#26.24#28.51#45.25
-152.004,64.2063#26.22#28.5#45.28
-151.879,64.2081#26.23#28.5#45.27
-151.754,64.2099#26.23#28.5#45.27
-151.629,64.2115#26.24#28.5#45.26
-151.503,64.213#26.25#28.5#45.25
-151.378,64.2143#26.35#28.5#45.15
-151.253,64.2156#26.45#28.5#45.05
-151.127,64.2167#26.56#28.5#44.94
-151.002,64.2177#26.67#28.5#44.83
-150.877,64.2186#26.82#28.53#44.65
-150.751,64.2194#26.97#28.55#44.48
-150.626,64.2201#27.13#28.58#44.29
-150.501,64.2206#27.29#28.6#44.11
-150.375,64.221#27.54#28.66#43.8
-150.25,64.2213#27.8#28.71#43.49
-150.125,64.2215#28.06#28.77#43.17
-149.999,64.2216#28.31#28.83#42.86
-149.874,64.2215#28.48#28.9#42.62
-149.748,64.2213#28.65#28.97#42.38
-149.623,64.221#28.82#29.05#42.13
-149.498,64.2206#28.99#29.12#41.89
-149.372,64.2201#28.95#29.17#41.88
-149.247,64.2194#28.92#29.21#41.87
-149.122,64.2186#28.88#29.25#41.87
-148.996,64.2177#28.84#29.29#41.87
-148.871,64.2167#28.75#29.33#41.92
-148.746,64.2156#28.66#29.36#41.98
-148.62,64.2143#28.57#29.4#42.03
-148.495,64.213#28.48#29.43#42.09
-148.37,64.2115#28.33#29.46#42.21
-148.244,64.2099#28.19#29.49#42.32
-148.119,64.2081#28.04#29.51#42.45
-147.994,64.2063#27.9#29.54#42.56
-147.869,64.2043#27.79#29.55#42.66
-147.744,64.2022#27.69#29.57#42.74
-147.618,64.2#27.58#29.59#42.83
-147.493,64.1977#27.48#29.6#42.92
-147.368,64.1952#27.45#29.56#42.99
-147.243,64.1927#27.43#29.53#43.04
-147.118,64.19#27.4#29.49#43.11
-146.993,64.1872#27.38#29.45#43.17
-146.868,64.1843#27.34#29.34#43.32
-146.743,64.1812#27.31#29.23#43.46
-146.618,64.1781#27.28#29.11#43.61
-146.493,64.1748#27.24#29#43.76
-146.368,64.1714#27.18#28.83#43.99
-146.243,64.1679#27.12#28.66#44.22
-146.118,64.1643#27.05#28.48#44.47
-145.994,64.1605#26.99#28.32#44.69
-145.869,64.1567#26.92#28.25#44.83
-145.744,64.1527#26.85#28.18#44.97
-145.62,64.1486#26.77#28.11#45.12
-145.495,64.1443#26.7#28.04#45.26
-145.37,64.14#26.68#28.06#45.26
-145.246,64.1355#26.66#28.08#45.26
-145.121,64.131#26.65#28.1#45.25
-144.997,64.1263#26.63#28.12#45.25
-144.872,64.1215#26.62#28.16#45.22
-144.748,64.1165#26.61#28.21#45.18
-144.624,64.1115#26.6#28.26#45.14
-144.5,64.1063#26.59#28.31#45.1
-144.375,64.101#26.59#28.35#45.06
-144.251,64.0956#26.58#28.39#45.03
-144.127,64.0901#26.58#28.43#44.99
-144.003,64.0845#26.58#28.47#44.95
-143.879,64.0787#26.58#28.52#44.9
-143.755,64.0729#26.59#28.57#44.84
-143.631,64.0669#26.59#28.63#44.78
-143.508,64.0608#26.59#28.68#44.73
-143.384,64.0546#26.59#28.77#44.64
-143.26,64.0482#26.6#28.85#44.55
-143.137,64.0418#26.6#28.94#44.46
-143.013,64.0352#26.61#29.03#44.36
-142.889,64.0285#26.61#29.18#44.21
-142.766,64.0217#26.61#29.33#44.06
-142.643,64.0148#26.62#29.49#43.89
-142.519,64.0078#26.62#29.64#43.74
-142.396,64.0006#26.63#29.74#43.63
-142.273,63.9933#26.63#29.82#43.55
-142.15,63.986#26.64#29.9#43.46
-142.027,63.9785#26.65#29.99#43.36
-141.904,63.9708#26.65#30.03#43.32
-141.781,63.9631#26.66#30.06#43.28
-141.658,63.9553#26.66#30.09#43.25
-141.536,63.9473#26.67#30.13#43.2
-141.413,63.9392#26.67#30.16#43.17
-141.291,63.931#26.68#30.2#43.12
-141.168,63.9227#26.68#30.24#43.08
-141.046,63.9143#26.69#30.28#43.03
-140.923,63.9058#26.7#30.3#43
-159.828,63.906#39.78#29.25#30.97
-159.706,63.9152#39.45#29.27#31.28
-159.584,63.9243#39.13#29.28#31.59
-159.462,63.9333#38.82#29.31#31.87
-159.339,63.9422#38.55#29.37#32.08
-159.217,63.951#38.29#29.42#32.29
-159.095,63.9597#38.02#29.48#32.5
-158.972,63.9682#37.76#29.54#32.7
-158.849,63.9767#37.5#29.63#32.87
-158.727,63.985#37.24#29.71#33.05
-158.604,63.9932#36.99#29.79#33.22
-158.481,64.0013#36.73#29.87#33.4
-158.358,64.0093#36.49#29.92#33.59
-158.235,64.0171#36.24#29.96#33.8
-158.112,64.0249#36#30.01#33.99
-157.989,64.0325#35.75#30.05#34.2
-157.865,64.04#35.51#30.07#34.42
-157.742,64.0474#35.28#30.09#34.63
-157.619,64.0547#35.04#30.11#34.85
-157.495,64.0619#34.81#30.13#35.06
-157.372,64.0689#34.58#30.14#35.28
-157.248,64.0758#34.36#30.15#35.49
-157.124,64.0827#34.14#30.16#35.7
-157.001,64.0894#33.92#30.17#35.91
-156.877,64.0959#33.7#30.18#36.12
-156.753,64.1024#33.49#30.19#36.32
-156.629,64.1088#33.27#30.19#36.54
-156.505,64.115#33.06#30.2#36.74
-156.381,64.1211#32.89#30.2#36.91
-156.257,64.1271#32.73#30.2#37.07
-156.133,64.133#32.57#30.21#37.22
-156.008,64.1388#32.41#30.21#37.38
-155.884,64.1444#32.18#30.21#37.61
-155.76,64.1499#31.94#30.21#37.85
-155.635,64.1553#31.69#30.21#38.1
-155.511,64.1606#31.45#30.21#38.34
-155.386,64.1658#31.19#30.15#38.66
-155.262,64.1709#30.92#30.09#38.99
-155.137,64.1758#30.65#30.03#39.32
-155.012,64.1806#30.39#29.97#39.64
-154.888,64.1853#30.03#29.84#40.13
-154.763,64.1899#29.67#29.71#40.62
-154.638,64.1944#29.31#29.58#41.11
-154.513,64.1987#28.94#29.44#41.62
-154.388,64.203#28.61#29.3#42.09
-154.263,64.2071#28.28#29.16#42.56
-154.139,64.2111#27.94#29.02#43.04
-154.013,64.215#27.61#28.88#43.51
-153.888,64.2187#27.42#28.82#43.76
-153.763,64.2224#27.24#28.77#43.99
-153.638,64.2259#27.07#28.72#44.21
-153.513,64.2293#26.89#28.67#44.44
-153.388,64.2326#26.78#28.64#44.58
-153.263,64.2357#26.68#28.62#44.7
-153.137,64.2388#26.58#28.59#44.83
-153.012,64.2417#26.48#28.56#44.96
-152.887,64.2445#26.43#28.55#45.02
-152.761,64.2472#26.38#28.54#45.08
-152.636,64.2497#26.34#28.53#45.13
-152.511,64.2522#26.29#28.52#45.19
-152.385,64.2545#26.27#28.51#45.22
-152.26,64.2567#26.26#28.51#45.23
-152.134,64.2588#26.24#28.51#45.25
-152.009,64.2608#26.22#28.5#45.28
-151.883,64.2626#26.23#28.5#45.27
-151.758,64.2644#26.23#28.5#45.27
-151.632,64.266#26.24#28.49#45.27
-151.507,64.2675#26.24#28.49#45.27
-151.381,64.2689#26.33#28.5#45.17
-151.256,64.2701#26.43#28.5#45.07
-151.13,64.2712#26.52#28.5#44.98
-151.004,64.2723#26.62#28.51#44.87
-150.879,64.2732#26.77#28.53#44.7
-150.753,64.2739#26.92#28.56#44.52
-150.627,64.2746#27.07#28.59#44.34
-150.502,64.2751#27.22#28.62#44.16
-150.376,64.2755#27.47#28.67#43.86
-150.251,64.2758#27.71#28.73#43.56
-150.125,64.276#27.96#28.79#43.25
-149.999,64.2761#28.21#28.85#42.94
-149.874,64.276#28.39#28.92#42.69
-149.748,64.2758#28.58#28.99#42.43
-149.622,64.2755#28.76#29.05#42.19
-149.497,64.2751#28.95#29.12#41.93
-149.371,64.2746#28.94#29.16#41.9
-149.245,64.2739#28.93#29.2#41.87
-149.12,64.2732#28.92#29.24#41.84
-148.994,64.2723#28.91#29.28#41.81
-148.868,64.2712#28.82#29.32#41.86
-148.743,64.2701#28.74#29.35#41.91
-148.617,64.2688#28.65#29.39#41.96
-148.492,64.2675#28.57#29.42#42.01
-148.366,64.266#28.42#29.45#42.13
-148.241,64.2644#28.28#29.47#42.25
-148.115,64.2626#28.14#29.5#42.36
-147.99,64.2608#28#29.52#42.48
-147.864,64.2588#27.89#29.53#42.58
-147.739,64.2567#27.77#29.54#42.69
-147.613,64.2545#27.66#29.55#42.79
-147.488,64.2522#27.55#29.56#42.89
-147.362,64.2497#27.51#29.52#42.97
-147.237,64.2471#27.47#29.47#43.06
-147.112,64.2445#27.44#29.43#43.13
-146.986,64.2416#27.4#29.38#43.22
-146.861,64.2387#27.36#29.27#43.37
-146.736,64.2357#27.32#29.15#43.53
-146.611,64.2325#27.28#29.03#43.69
-146.485,64.2292#27.24#28.91#43.85
-146.36,64.2258#27.17#28.76#44.07
-146.235,64.2223#27.11#28.6#44.29
-146.11,64.2187#27.04#28.44#44.52
-145.985,64.2149#26.98#28.29#44.73
-145.86,64.211#26.91#28.22#44.87
-145.735,64.207#26.84#28.16#45
-145.61,64.2029#26.78#28.09#45.13
-145.485,64.1987#26.71#28.03#45.26
-145.36,64.1943#26.69#28.05#45.26
-145.235,64.1899#26.67#28.06#45.27
-145.111,64.1853#26.65#28.08#45.27
-144.986,64.1806#26.63#28.09#45.28
-144.861,64.1758#26.62#28.14#45.24
-144.737,64.1708#26.61#28.18#45.21
-144.612,64.1657#26.6#28.22#45.18
-144.488,64.1606#26.59#28.26#45.15
-144.363,64.1553#26.59#28.29#45.12
-144.239,64.1499#26.59#28.33#45.08
-144.114,64.1443#26.58#28.36#45.06
-143.99,64.1387#26.58#28.4#45.02
-143.866,64.1329#26.58#28.45#44.97
-143.742,64.127#26.59#28.51#44.9
-143.618,64.121#26.59#28.56#44.85
-143.493,64.1149#26.59#28.61#44.8
-143.369,64.1087#26.6#28.69#44.71
-143.245,64.1023#26.6#28.78#44.62
-143.122,64.0959#26.6#28.86#44.54
-142.998,64.0893#26.61#28.95#44.44
-142.874,64.0826#26.61#29.1#44.29
-142.75,64.0758#26.62#29.26#44.12
-142.627,64.0688#26.62#29.41#43.97
-142.503,64.0618#26.63#29.57#43.8
-142.38,64.0546#26.63#29.64#43.73
-142.256,64.0473#26.64#29.72#43.64
-142.133,64.0399#26.64#29.79#43.57
-142.01,64.0324#26.65#29.87#43.48
-141.887,64.0248#26.65#29.9#43.45
-141.763,64.017#26.66#29.92#43.42
-141.64,64.0092#26.67#29.95#43.38
-141.517,64.0012#26.67#29.98#43.35
-141.395,63.9931#26.68#30#43.32
-141.272,63.9849#26.68#30.03#43.29
-141.149,63.9766#26.69#30.06#43.25
-141.026,63.9681#26.69#30.1#43.21
-140.904,63.9596#26.7#30.1#43.2
-140.781,63.9509#26.71#30.1#43.19
-140.659,63.9421#26.71#30.1#43.19
-140.537,63.9332#26.72#30.1#43.18
-140.414,63.9242#26.72#30.1#43.18
-140.292,63.9151#26.73#30.11#43.16
-140.17,63.9058#26.74#30.12#43.14
-160.581,63.9017#41.73#29.28#28.99
-160.459,63.9116#41.4#29.26#29.34
-160.338,63.9214#41.04#29.25#29.71
-160.216,63.9312#40.68#29.24#30.08
-160.094,63.9408#40.32#29.23#30.45
-159.972,63.9502#39.97#29.23#30.8
-159.849,63.9596#39.64#29.25#31.11
-159.727,63.9689#39.32#29.26#31.42
-159.605,63.978#39.01#29.28#31.71
-159.482,63.9871#38.7#29.31#31.99
-159.36,63.996#38.43#29.36#32.21
-159.237,64.0048#38.17#29.42#32.41
-159.114,64.0135#37.9#29.49#32.61
-158.991,64.022#37.63#29.55#32.82
-158.869,64.0305#37.38#29.63#32.99
-158.746,64.0388#37.12#29.72#33.16
-158.623,64.0471#36.86#29.8#33.34
-158.499,64.0552#36.61#29.89#33.5
-158.376,64.0632#36.36#29.93#33.71
-158.253,64.071#36.12#29.97#33.91
-158.13,64.0788#35.87#30.01#34.12
-158.006,64.0865#35.63#30.05#34.32
-157.883,64.094#35.39#30.07#34.54
-157.759,64.1014#35.16#30.09#34.75
-157.635,64.1087#34.92#30.11#34.97
-157.512,64.1159#34.69#30.13#35.18
-157.388,64.123#34.46#30.14#35.4
-157.264,64.1299#34.24#30.15#35.61
-157.14,64.1367#34.02#30.16#35.82
-157.016,64.1435#33.79#30.17#36.04
-156.892,64.1501#33.58#30.18#36.24
-156.768,64.1565#33.37#30.18#36.45
-156.643,64.1629#33.16#30.19#36.65
-156.519,64.1692#32.96#30.19#36.85
-156.395,64.1753#32.79#30.2#37.01
-156.27,64.1813#32.64#30.2#37.16
-156.146,64.1872#32.48#30.21#37.31
-156.021,64.193#32.32#30.21#37.47
-155.897,64.1986#32.1#30.21#37.69
-155.772,64.2042#31.86#30.2#37.94
-155.648,64.2096#31.63#30.19#38.18
-155.523,64.2149#31.39#30.19#38.42
-155.398,64.2201#31.13#30.13#38.74
-155.273,64.2252#30.87#30.06#39.07
-155.148,64.2301#30.61#29.99#39.4
-155.023,64.2349#30.35#29.92#39.73
-154.898,64.2397#30#29.79#40.21
-154.773,64.2443#29.64#29.66#40.7
-154.648,64.2487#29.28#29.52#41.2
-154.523,64.2531#28.92#29.39#41.69
-154.398,64.2573#28.58#29.25#42.17
-154.273,64.2615#28.25#29.12#42.63
-154.148,64.2655#27.92#28.99#43.09
-154.022,64.2693#27.59#28.86#43.55
-153.897,64.2731#27.39#28.8#43.81
-153.772,64.2768#27.22#28.76#44.02
-153.646,64.2803#27.04#28.71#44.25
-153.521,64.2837#26.87#28.66#44.47
-153.395,64.287#26.76#28.63#44.61
-153.27,64.2902#26.67#28.61#44.72
-153.144,64.2932#26.57#28.58#44.85
-153.019,64.2961#26.48#28.56#44.96
-152.893,64.299#26.43#28.55#45.02
-152.767,64.3016#26.38#28.54#45.08
-152.642,64.3042#26.34#28.53#45.13
-152.516,64.3067#26.29#28.52#45.19
-152.39,64.309#26.27#28.51#45.22
-152.265,64.3112#26.26#28.51#45.23
-152.139,64.3133#26.24#28.5#45.26
-152.013,64.3153#26.23#28.5#45.27
-151.887,64.3172#26.23#28.5#45.27
-151.762,64.3189#26.23#28.49#45.28
-151.636,64.3205#26.24#28.49#45.27
-151.51,64.322#26.24#28.49#45.27
-151.384,64.3234#26.32#28.49#45.19
-151.258,64.3246#26.4#28.5#45.1
-151.132,64.3258#26.48#28.51#45.01
-151.007,64.3268#26.57#28.51#44.92
-150.881,64.3277#26.71#28.54#44.75
-150.755,64.3285#26.86#28.57#44.57
-150.629,64.3291#27.01#28.6#44.39
-150.503,64.3297#27.16#28.63#44.21
-150.377,64.3301#27.4#28.69#43.91
-150.251,64.3304#27.63#28.75#43.62
-150.125,64.3306#27.87#28.81#43.32
-149.999,64.3306#28.1#28.87#43.03
-149.873,64.3306#28.3#28.93#42.77
-149.747,64.3304#28.51#29#42.49
-149.621,64.3301#28.71#29.06#42.23
-149.496,64.3297#28.91#29.12#41.97
-149.37,64.3291#28.92#29.16#41.92
-149.244,64.3285#28.94#29.2#41.86
-149.118,64.3277#28.96#29.24#41.8
-148.992,64.3268#28.97#29.28#41.75
-148.866,64.3258#28.89#29.31#41.8
-148.74,64.3246#28.82#29.34#41.84
-148.614,64.3234#28.74#29.38#41.88
-148.488,64.322#28.65#29.41#41.94
-148.363,64.3205#28.52#29.43#42.05
-148.237,64.3189#28.38#29.46#42.16
-148.111,64.3171#28.24#29.48#42.28
-147.985,64.3153#28.11#29.5#42.39
-147.859,64.3133#27.98#29.51#42.51
-147.734,64.3112#27.86#29.51#42.63
-147.608,64.309#27.73#29.52#42.75
-147.482,64.3066#27.62#29.52#42.86
-147.357,64.3042#27.57#29.47#42.96
-147.231,64.3016#27.52#29.42#43.06
-147.105,64.2989#27.47#29.37#43.16
-146.98,64.2961#27.42#29.31#43.27
-146.854,64.2932#27.37#29.19#43.44
-146.729,64.2901#27.33#29.07#43.6
-146.603,64.2869#27.28#28.95#43.77
-146.478,64.2837#27.23#28.83#43.94
-146.352,64.2802#27.17#28.69#44.14
-146.227,64.2767#27.1#28.54#44.36
-146.101,64.2731#27.03#28.39#44.58
-145.976,64.2693#26.97#28.26#44.77
-145.851,64.2654#26.91#28.2#44.89
-145.726,64.2614#26.84#28.14#45.02
-145.6,64.2573#26.78#28.07#45.15
-145.475,64.253#26.72#28.02#45.26
-145.35,64.2487#26.71#28.04#45.25
-145.225,64.2442#26.69#28.05#45.26
-145.1,64.2396#26.67#28.06#45.27
-144.975,64.2349#26.65#28.08#45.27
-144.85,64.2301#26.64#28.12#45.24
-144.725,64.2251#26.63#28.16#45.21
-144.6,64.22#26.62#28.2#45.18
-144.476,64.2148#26.61#28.24#45.15
-144.351,64.2095#26.61#28.27#45.12
-144.226,64.2041#26.61#28.3#45.09
-144.102,64.1986#26.6#28.34#45.06
-143.977,64.1929#26.6#28.37#45.03
-143.852,64.1871#26.6#28.42#44.98
-143.728,64.1812#26.6#28.46#44.94
-143.604,64.1752#26.6#28.51#44.89
-143.479,64.1691#26.6#28.56#44.84
-143.355,64.1628#26.61#28.63#44.76
-143.231,64.1565#26.61#28.71#44.68
-143.107,64.15#26.61#28.79#44.6
-142.983,64.1434#26.61#28.87#44.52
-142.859,64.1367#26.62#29.03#44.35
-142.735,64.1298#26.62#29.18#44.2
-142.611,64.1229#26.63#29.34#44.03
-142.487,64.1158#26.63#29.48#43.89
-142.363,64.1086#26.64#29.55#43.81
-142.239,64.1013#26.64#29.61#43.75
-142.116,64.0939#26.65#29.68#43.67
-141.992,64.0864#26.65#29.75#43.6
-141.869,64.0787#26.66#29.76#43.58
-141.746,64.0709#26.66#29.78#43.56
-141.622,64.0631#26.67#29.8#43.53
-141.499,64.0551#26.68#29.82#43.5
-141.376,64.047#26.68#29.84#43.48
-141.253,64.0387#26.69#29.86#43.45
-141.13,64.0304#26.69#29.88#43.43
-141.007,64.0219#26.7#29.91#43.39
-140.884,64.0134#26.71#29.91#43.38
-140.761,64.0047#26.71#29.91#43.38
-140.639,63.9959#26.72#29.91#43.37
-140.516,63.9869#26.72#29.91#43.37
-140.394,63.9779#26.73#29.93#43.34
-140.271,63.9688#26.74#29.94#43.32
-140.149,63.9595#26.74#29.96#43.3
-140.027,63.9501#26.75#29.97#43.28
-139.905,63.9406#26.75#29.99#43.26
-139.783,63.931#26.76#30.01#43.23
-139.661,63.9213#26.77#30.03#43.2
-139.539,63.9115#26.77#30.05#43.18
-139.417,63.9015#26.78#30.03#43.19
-161.212,63.9037#42.97#29.48#27.55
-161.091,63.9142#42.75#29.41#27.84
-160.969,63.9246#42.5#29.35#28.15
-160.848,63.9349#42.2#29.33#28.47
-160.726,63.9451#41.89#29.3#28.81
-160.604,63.9552#41.58#29.28#29.14
-160.482,63.9652#41.25#29.25#29.5
-160.36,63.975#40.89#29.24#29.87
-160.238,63.9848#40.53#29.23#30.24
-160.115,63.9944#40.17#29.22#30.61
-159.993,64.0039#39.82#29.22#30.96
-159.871,64.0133#39.5#29.24#31.26
-159.748,64.0226#39.19#29.26#31.55
-159.625,64.0317#38.88#29.28#31.84
-159.503,64.0408#38.58#29.3#32.12
-159.38,64.0497#38.31#29.36#32.33
-159.257,64.0585#38.05#29.43#32.52
-159.134,64.0673#37.78#29.49#32.73
-159.011,64.0758#37.51#29.56#32.93
-158.888,64.0843#37.25#29.64#33.11
-158.765,64.0927#37#29.73#33.27
-158.641,64.1009#36.74#29.81#33.45
-158.518,64.1091#36.49#29.9#33.61
-158.394,64.1171#36.24#29.95#33.81
-158.271,64.125#35.99#29.98#34.03
-158.147,64.1328#35.75#30.02#34.23
-158.023,64.1404#35.5#30.05#34.45
-157.9,64.148#35.27#30.07#34.66
-157.776,64.1554#35.03#30.09#34.88
-157.652,64.1627#34.8#30.11#35.09
-157.528,64.1699#34.56#30.13#35.31
-157.404,64.177#34.34#30.14#35.52
-157.28,64.184#34.11#30.15#35.74
-157.155,64.1908#33.89#30.16#35.95
-157.031,64.1976#33.67#30.17#36.16
-156.907,64.2042#33.47#30.18#36.35
-156.782,64.2107#33.26#30.18#36.56
-156.658,64.2171#33.07#30.19#36.74
-156.533,64.2233#32.87#30.2#36.93
-156.409,64.2295#32.7#30.2#37.1
-156.284,64.2355#32.55#30.2#37.25
-156.159,64.2414#32.39#30.21#37.4
-156.035,64.2472#32.23#30.21#37.56
-155.91,64.2529#32.02#30.2#37.78
-155.785,64.2584#31.79#30.19#38.02
-155.66,64.2639#31.56#30.18#38.26
-155.535,64.2692#31.33#30.16#38.51
-155.41,64.2744#31.08#30.11#38.81
-155.285,64.2795#30.82#30.03#39.15
-155.16,64.2844#30.57#29.95#39.48
-155.034,64.2893#30.31#29.87#39.82
-154.909,64.294#29.98#29.75#40.27
-154.784,64.2986#29.61#29.61#40.78
-154.659,64.3031#29.25#29.47#41.28
-154.533,64.3075#28.89#29.33#41.78
-154.408,64.3117#28.55#29.2#42.25
-154.282,64.3158#28.22#29.08#42.7
-154.157,64.3199#27.9#28.96#43.14
-154.031,64.3238#27.57#28.85#43.58
-153.906,64.3275#27.36#28.78#43.86
-153.78,64.3312#27.19#28.74#44.07
-153.654,64.3347#27.02#28.69#44.29
-153.528,64.3381#26.85#28.65#44.5
-153.403,64.3414#26.74#28.62#44.64
-153.277,64.3446#26.65#28.6#44.75
-153.151,64.3477#26.56#28.58#44.86
-153.025,64.3506#26.47#28.55#44.98
-152.899,64.3534#26.42#28.54#45.04
-152.774,64.3561#26.38#28.53#45.09
-152.648,64.3587#26.34#28.52#45.14
-152.522,64.3612#26.29#28.51#45.2
-152.396,64.3635#26.28#28.51#45.21
-152.27,64.3657#26.26#28.5#45.24
-152.144,64.3678#26.25#28.5#45.25
-152.018,64.3698#26.23#28.49#45.28
-151.892,64.3717#26.23#28.49#45.28
-151.766,64.3734#26.23#28.49#45.28
-151.639,64.375#26.24#28.49#45.27
-151.513,64.3765#26.24#28.49#45.27
-151.387,64.3779#26.3#28.49#45.21
-151.261,64.3792#26.38#28.5#45.12
-151.135,64.3803#26.45#28.51#45.04
-151.009,64.3813#26.52#28.52#44.96
-150.883,64.3822#26.66#28.55#44.79
-150.756,64.383#26.81#28.58#44.61
-150.63,64.3837#26.95#28.61#44.44
-150.504,64.3842#27.1#28.64#44.26
-150.378,64.3846#27.32#28.7#43.98
-150.252,64.3849#27.55#28.76#43.69
-150.125,64.3851#27.77#28.83#43.4
-149.999,64.3852#28#28.89#43.11
-149.873,64.3851#28.21#28.95#42.84
-149.747,64.3849#28.43#29.01#42.56
-149.621,64.3846#28.65#29.06#42.29
-149.494,64.3842#28.87#29.12#42.01
-149.368,64.3837#28.91#29.16#41.93
-149.242,64.383#28.96#29.2#41.84
-149.116,64.3822#29#29.24#41.76
-148.99,64.3813#29.04#29.27#41.69
-148.864,64.3803#28.96#29.3#41.74
-148.737,64.3792#28.89#29.33#41.78
-148.611,64.3779#28.82#29.37#41.81
-148.485,64.3765#28.74#29.4#41.86
-148.359,64.375#28.61#29.42#41.97
-148.233,64.3734#28.48#29.44#42.08
-148.107,64.3717#28.35#29.46#42.19
-147.981,64.3698#28.21#29.48#42.31
-147.855,64.3678#28.08#29.48#42.44
-147.729,64.3657#27.94#29.48#42.58
-147.603,64.3635#27.81#29.48#42.71
-147.477,64.3611#27.69#29.48#42.83
-147.351,64.3587#27.62#29.42#42.96
-147.225,64.3561#27.56#29.36#43.08
-147.099,64.3534#27.5#29.31#43.19
-146.973,64.3506#27.44#29.24#43.32
-146.847,64.3476#27.39#29.12#43.49
-146.721,64.3446#27.33#28.99#43.68
-146.596,64.3414#27.28#28.87#43.85
-146.47,64.3381#27.23#28.75#44.02
-146.344,64.3347#27.16#28.62#44.22
-146.219,64.3311#27.09#28.48#44.43
-146.093,64.3275#27.02#28.35#44.63
-145.967,64.3237#26.95#28.23#44.82
-145.842,64.3198#26.9#28.17#44.93
-145.716,64.3158#26.84#28.11#45.05
-145.591,64.3117#26.78#28.05#45.17
-145.465,64.3074#26.74#28.01#45.25
-145.34,64.303#26.72#28.03#45.25
-145.215,64.2985#26.7#28.04#45.26
-145.089,64.2939#26.68#28.05#45.27
-144.964,64.2892#26.67#28.07#45.26
-144.839,64.2844#26.66#28.11#45.23
-144.714,64.2794#26.65#28.14#45.21
-144.589,64.2743#26.64#28.18#45.18
-144.463,64.2691#26.63#28.21#45.16
-144.338,64.2638#26.63#28.24#45.13
-144.214,64.2584#26.63#28.28#45.09
-144.089,64.2528#26.63#28.31#45.06
-143.964,64.2471#26.62#28.34#45.04
-143.839,64.2413#26.62#28.38#45
-143.714,64.2354#26.63#28.43#44.94
-143.59,64.2294#26.63#28.47#44.9
-143.465,64.2232#26.63#28.52#44.85
-143.34,64.217#26.63#28.6#44.77
-143.216,64.2106#26.63#28.67#44.7
-143.092,64.2041#26.63#28.75#44.62
-142.967,64.1975#26.63#28.84#44.53
-142.843,64.1907#26.64#28.98#44.38
-142.719,64.1839#26.64#29.13#44.23
-142.595,64.1769#26.64#29.27#44.09
-142.471,64.1698#26.65#29.4#43.95
-142.347,64.1626#26.65#29.45#43.9
-142.223,64.1553#26.65#29.51#43.84
-142.099,64.1479#26.65#29.57#43.78
-141.975,64.1403#26.66#29.62#43.72
-141.851,64.1327#26.66#29.62#43.72
-141.728,64.1249#26.67#29.63#43.7
-141.604,64.117#26.67#29.65#43.68
-141.481,64.109#26.68#29.66#43.66
-141.357,64.1008#26.69#29.67#43.64
-141.234,64.0926#26.69#29.68#43.63
-141.111,64.0842#26.7#29.7#43.6
-140.987,64.0757#26.7#29.71#43.59
-140.864,64.0671#26.71#29.72#43.57
-140.741,64.0584#26.72#29.72#43.56
-140.619,64.0496#26.72#29.73#43.55
-140.496,64.0407#26.73#29.73#43.54
-140.373,64.0316#26.73#29.75#43.52
-140.25,64.0225#26.74#29.78#43.48
-140.128,64.0132#26.75#29.8#43.45
-140.005,64.0038#26.75#29.81#43.44
-139.883,63.9943#26.76#29.84#43.4
-139.761,63.9846#26.76#29.86#43.38
-139.639,63.9749#26.77#29.88#43.35
-139.517,63.965#26.78#29.9#43.32
-139.395,63.9551#26.78#29.88#43.34
-139.273,63.945#26.79#29.84#43.37
-139.151,63.9348#26.8#29.81#43.39
-139.029,63.9245#26.8#29.78#43.42
-138.908,63.9141#26.81#29.7#43.49
-138.786,63.9035#26.81#29.61#43.58
-161.844,63.9026#43.76#30.19#26.05
-161.722,63.9137#43.61#30#26.39
-161.601,63.9247#43.46#29.8#26.74
-161.48,63.9356#43.3#29.63#27.07
-161.358,63.9464#43.08#29.56#27.36
-161.236,63.9571#42.85#29.49#27.66
-161.115,63.9676#42.63#29.42#27.95
-160.993,63.9781#42.39#29.35#28.26
