-152.15,65.9009#28.14#28.6#43.26
-152.016,65.9029#28.15#28.62#43.23
-151.881,65.9048#28.16#28.65#43.19
-151.747,65.9065#28.18#28.68#43.14
-151.613,65.9081#28.19#28.72#43.09
-151.478,65.9096#28.2#28.75#43.05
-151.344,65.911#28.22#28.78#43
-151.209,65.9122#28.24#28.82#42.94
-151.075,65.9133#28.25#28.85#42.9
-150.941,65.9142#28.28#28.87#42.85
-150.806,65.9151#28.31#28.89#42.8
-150.672,65.9158#28.34#28.91#42.75
-150.537,65.9164#28.37#28.93#42.7
-150.403,65.9168#28.41#28.95#42.64
-150.268,65.9171#28.46#28.96#42.58
-150.134,65.9173#28.5#28.98#42.52
-149.999,65.9174#28.55#29#42.45
-149.865,65.9173#28.66#29.01#42.33
-149.73,65.9171#28.76#29.03#42.21
-149.596,65.9168#28.87#29.04#42.09
-149.461,65.9164#28.97#29.05#41.98
-149.327,65.9158#29.04#29.06#41.9
-149.192,65.9151#29.11#29.06#41.83
-149.058,65.9142#29.18#29.07#41.75
-148.923,65.9133#29.25#29.06#41.69
-148.789,65.9122#29.33#29.04#41.63
-148.654,65.9109#29.41#29.02#41.57
-148.52,65.9096#29.49#29#41.51
-148.386,65.9081#29.67#28.95#41.38
-148.251,65.9065#29.86#28.89#41.25
-148.117,65.9048#30.06#28.84#41.1
-147.982,65.9029#30.25#28.78#40.97
-147.848,65.9009#30.45#28.73#40.82
-154.439,65.9021#28.87#28.58#42.55
-154.305,65.9063#28.72#28.57#42.71
-154.171,65.9103#28.56#28.56#42.88
-154.037,65.9143#28.41#28.55#43.04
-153.903,65.9181#28.33#28.55#43.12
-153.769,65.9217#28.28#28.54#43.18
-153.634,65.9253#28.22#28.54#43.24
-153.5,65.9287#28.17#28.54#43.29
-153.366,65.932#28.16#28.54#43.3
-153.231,65.9351#28.15#28.54#43.31
-153.097,65.9382#28.14#28.54#43.32
-152.962,65.9411#28.14#28.54#43.32
-152.828,65.9438#28.14#28.54#43.32
-152.694,65.9465#28.15#28.55#43.3
-152.559,65.949#28.16#28.56#43.28
-152.424,65.9514#28.17#28.57#43.26
-152.29,65.9536#28.18#28.59#43.23
-152.155,65.9558#28.19#28.61#43.2
-152.021,65.9578#28.2#28.63#43.17
-151.886,65.9596#28.21#28.66#43.13
-151.751,65.9614#28.23#28.7#43.07
-151.617,65.963#28.24#28.74#43.02
-151.482,65.9645#28.25#28.77#42.98
-151.347,65.9658#28.27#28.8#42.93
-151.212,65.9671#28.29#28.83#42.88
-151.078,65.9682#28.31#28.85#42.84
-150.943,65.9691#28.34#28.88#42.78
-150.808,65.97#28.37#28.9#42.73
-150.673,65.9707#28.4#28.92#42.68
-150.538,65.9713#28.43#28.93#42.64
-150.404,65.9717#28.48#28.95#42.57
-150.269,65.972#28.52#28.97#42.51
-150.134,65.9722#28.57#28.98#42.45
-149.999,65.9723#28.61#29#42.39
-149.864,65.9722#28.7#29.01#42.29
-149.73,65.972#28.79#29.03#42.18
-149.595,65.9717#28.88#29.05#42.07
-149.46,65.9712#28.97#29.06#41.97
-149.325,65.9707#29.04#29.06#41.9
-149.19,65.97#29.1#29.06#41.84
-149.056,65.9691#29.17#29.07#41.76
-148.921,65.9681#29.24#29.06#41.7
-148.786,65.967#29.31#29.03#41.66
-148.651,65.9658#29.39#29.01#41.6
-148.517,65.9645#29.46#28.99#41.55
-148.382,65.963#29.65#28.94#41.41
-148.247,65.9614#29.86#28.88#41.26
-148.112,65.9596#30.07#28.83#41.1
-147.978,65.9577#30.27#28.78#40.95
-147.843,65.9557#30.5#28.73#40.77
-147.708,65.9536#30.72#28.69#40.59
-147.574,65.9514#30.93#28.64#40.43
-147.439,65.949#31.07#28.61#40.32
-147.305,65.9465#31.1#28.58#40.32
-147.17,65.9438#31.14#28.56#40.3
-147.036,65.941#31.18#28.53#40.29
-146.901,65.9381#31.16#28.51#40.33
-146.767,65.9351#31.13#28.49#40.38
-146.633,65.9319#31.1#28.48#40.42
-146.498,65.9287#31.06#28.46#40.48
-146.364,65.9252#31#28.44#40.56
-146.23,65.9217#30.94#28.42#40.64
-146.096,65.918#30.87#28.41#40.72
-145.961,65.9142#30.82#28.39#40.79
-145.827,65.9103#30.77#28.38#40.85
-145.693,65.9062#30.73#28.36#40.91
-145.559,65.902#30.68#28.34#40.98
-155.924,65.9022#30.14#29.16#40.7
-155.79,65.9078#30.07#29.05#40.88
-155.656,65.9133#29.99#28.94#41.07
-155.523,65.9186#29.91#28.84#41.25
-155.389,65.9239#29.84#28.79#41.37
-155.255,65.929#29.76#28.74#41.5
-155.121,65.9339#29.69#28.7#41.61
-154.987,65.9388#29.61#28.66#41.73
-154.852,65.9435#29.43#28.64#41.93
-154.718,65.948#29.25#28.62#42.13
-154.584,65.9525#29.08#28.6#42.32
-154.45,65.9568#28.91#28.58#42.51
-154.315,65.961#28.76#28.57#42.67
-154.181,65.9651#28.6#28.56#42.84
-154.046,65.969#28.45#28.55#43
-153.912,65.9728#28.37#28.55#43.08
-153.777,65.9765#28.32#28.55#43.13
-153.643,65.9801#28.27#28.54#43.19
-153.508,65.9835#28.22#28.54#43.24
-153.374,65.9868#28.21#28.54#43.25
-153.239,65.9899#28.2#28.54#43.26
-153.104,65.993#28.19#28.54#43.27
-152.969,65.9959#28.18#28.54#43.28
-152.835,65.9987#28.19#28.55#43.26
-152.7,66.0013#28.2#28.56#43.24
-152.565,66.0038#28.2#28.56#43.24
-152.43,66.0062#28.21#28.58#43.21
-152.295,66.0085#28.23#28.6#43.17
-152.16,66.0106#28.24#28.62#43.14
-152.025,66.0126#28.25#28.64#43.11
-151.89,66.0145#28.26#28.68#43.06
-151.755,66.0163#28.28#28.71#43.01
-151.62,66.0179#28.29#28.75#42.96
-151.485,66.0194#28.3#28.79#42.91
-151.35,66.0207#28.33#28.81#42.86
-151.215,66.0219#28.35#28.84#42.81
-151.08,66.023#28.37#28.86#42.77
-150.945,66.024#28.39#28.88#42.73
-150.81,66.0249#28.43#28.9#42.67
-150.675,66.0256#28.46#28.92#42.62
-150.54,66.0262#28.5#28.94#42.56
-150.405,66.0266#28.54#28.95#42.51
-150.269,66.0269#28.58#28.97#42.45
-150.134,66.0271#28.63#28.99#42.38
-149.999,66.0272#28.67#29#42.33
-149.864,66.0271#28.75#29.02#42.23
-149.729,66.0269#28.82#29.03#42.15
-149.594,66.0266#28.9#29.05#42.05
-149.459,66.0261#28.97#29.06#41.97
-149.324,66.0256#29.03#29.06#41.91
-149.188,66.0248#29.1#29.07#41.83
-149.053,66.024#29.16#29.07#41.77
-148.918,66.023#29.23#29.06#41.71
-148.783,66.0219#29.3#29.03#41.67
-148.648,66.0207#29.37#29.01#41.62
-148.513,66.0193#29.44#28.98#41.58
-148.378,66.0179#29.64#28.93#41.43
-148.243,66.0162#29.86#28.88#41.26
-148.108,66.0145#30.08#28.82#41.1
-147.973,66.0126#30.3#28.77#40.93
-147.838,66.0106#30.54#28.73#40.73
-147.703,66.0085#30.79#28.7#40.51
-147.568,66.0062#31.03#28.66#40.31
-147.433,66.0038#31.17#28.63#40.2
-147.298,66.0013#31.21#28.61#40.18
-147.164,65.9986#31.25#28.59#40.16
-147.029,65.9959#31.29#28.56#40.15
-146.894,65.9929#31.27#28.55#40.18
-146.759,65.9899#31.25#28.53#40.22
-146.625,65.9867#31.22#28.51#40.27
-146.49,65.9834#31.19#28.5#40.31
-146.355,65.98#31.12#28.48#40.4
-146.221,65.9765#31.06#28.47#40.47
-146.086,65.9728#31#28.45#40.55
-145.952,65.969#30.94#28.43#40.63
-145.817,65.965#30.89#28.42#40.69
-145.683,65.961#30.84#28.4#40.76
-145.549,65.9568#30.8#28.39#40.81
-145.414,65.9524#30.76#28.34#40.9
-145.28,65.948#30.73#28.28#40.99
-145.146,65.9434#30.7#28.22#41.08
-145.012,65.9387#30.67#28.16#41.17
-144.878,65.9339#30.64#28.1#41.26
-144.744,65.9289#30.61#28.04#41.35
-144.61,65.9238#30.59#27.98#41.43
-144.476,65.9186#30.56#27.93#41.51
-144.342,65.9132#30.54#27.91#41.55
-144.208,65.9078#30.51#27.9#41.59
-144.074,65.9022#30.49#27.88#41.63
-157.141,65.9006#30.25#30.19#39.56
-157.008,65.9073#30.24#30.15#39.61
-156.874,65.914#30.26#30.05#39.69
-156.741,65.9205#30.28#29.95#39.77
-156.607,65.9268#30.31#29.84#39.85
-156.473,65.9331#30.33#29.72#39.95
-156.34,65.9392#30.27#29.56#40.17
-156.206,65.9452#30.22#29.4#40.38
-156.072,65.9511#30.18#29.24#40.58
-155.938,65.9568#30.12#29.11#40.77
-155.804,65.9624#30.04#29.01#40.95
-155.67,65.9679#29.97#28.92#41.11
-155.535,65.9733#29.9#28.83#41.27
-155.401,65.9785#29.83#28.77#41.4
-155.267,65.9836#29.76#28.73#41.51
-155.133,65.9886#29.69#28.69#41.62
-154.998,65.9934#29.62#28.65#41.73
-154.864,65.9982#29.45#28.63#41.92
-154.729,66.0027#29.28#28.61#42.11
-154.595,66.0072#29.11#28.59#42.3
-154.46,66.0115#28.95#28.58#42.47
-154.325,66.0157#28.8#28.57#42.63
-154.191,66.0198#28.65#28.56#42.79
-154.056,66.0238#28.5#28.56#42.94
-153.921,66.0276#28.41#28.55#43.04
-153.786,66.0313#28.36#28.55#43.09
-153.651,66.0348#28.31#28.55#43.14
-153.517,66.0383#28.26#28.54#43.2
-153.382,66.0416#28.25#28.54#43.21
-153.247,66.0448#28.24#28.54#43.22
-153.112,66.0478#28.23#28.54#43.23
-152.976,66.0507#28.23#28.54#43.23
-152.841,66.0535#28.24#28.55#43.21
-152.706,66.0562#28.24#28.56#43.2
-152.571,66.0587#28.25#28.57#43.18
-152.436,66.0611#28.26#28.59#43.15
-152.301,66.0634#28.27#28.61#43.12
-152.165,66.0655#28.29#28.63#43.08
-152.03,66.0675#28.3#28.66#43.04
-151.895,66.0694#28.31#28.69#43
-151.76,66.0711#28.33#28.73#42.94
-151.624,66.0728#28.34#28.77#42.89
-151.489,66.0742#28.36#28.8#42.84
-151.353,66.0756#28.38#28.83#42.79
-151.218,66.0768#28.4#28.85#42.75
-151.083,66.0779#28.42#28.87#42.71
-150.947,66.0789#28.45#28.89#42.66
-150.812,66.0798#28.49#28.91#42.6
-150.676,66.0805#28.52#28.92#42.56
-150.541,66.0811#28.56#28.94#42.5
-150.406,66.0815#28.6#28.96#42.44
-150.27,66.0818#28.65#28.97#42.38
-150.135,66.082#28.69#28.99#42.32
-149.999,66.0821#28.74#29#42.26
-149.864,66.082#28.79#29.02#42.19
-149.728,66.0818#28.85#29.04#42.11
-149.593,66.0815#28.91#29.05#42.04
-149.457,66.0811#28.97#29.06#41.97
-149.322,66.0805#29.03#29.06#41.91
-149.186,66.0798#29.09#29.07#41.84
-149.051,66.0789#29.15#29.07#41.78
-148.916,66.0779#29.21#29.05#41.74
-148.78,66.0768#29.28#29.03#41.69
-148.645,66.0756#29.34#29#41.66
-148.509,66.0742#29.41#28.98#41.61
-148.374,66.0727#29.63#28.92#41.45
-148.239,66.0711#29.86#28.87#41.27
-148.103,66.0694#30.08#28.81#41.11
-147.968,66.0675#30.32#28.76#40.92
-147.833,66.0655#30.59#28.74#40.67
-147.698,66.0633#30.86#28.71#40.43
-147.562,66.0611#31.12#28.68#40.2
-147.427,66.0587#31.27#28.65#40.08
-147.292,66.0561#31.31#28.63#40.06
-147.157,66.0535#31.35#28.62#40.03
-147.022,66.0507#31.4#28.6#40
-146.887,66.0478#31.39#28.58#40.03
-146.752,66.0447#31.36#28.57#40.07
-146.617,66.0415#31.34#28.55#40.11
-146.482,66.0382#31.31#28.54#40.15
-146.347,66.0348#31.25#28.52#40.23
-146.212,66.0312#31.19#28.51#40.3
-146.077,66.0275#31.12#28.49#40.39
-145.942,66.0237#31.06#28.48#40.46
-145.808,66.0198#31.01#28.46#40.53
-145.673,66.0157#30.96#28.45#40.59
-145.538,66.0115#30.91#28.43#40.66
-145.404,66.0072#30.88#28.38#40.74
-145.269,66.0027#30.84#28.32#40.84
-145.135,65.9981#30.81#28.25#40.94
-145,65.9934#30.78#28.19#41.03
-144.866,65.9885#30.75#28.13#41.12
-144.731,65.9836#30.73#28.06#41.21
-144.597,65.9784#30.7#28#41.3
-144.463,65.9732#30.67#27.95#41.38
-144.329,65.9679#30.65#27.93#41.42
-144.195,65.9624#30.62#27.91#41.47
-144.061,65.9567#30.6#27.9#41.5
-143.927,65.951#30.57#27.89#41.54
-143.793,65.9451#30.55#27.89#41.56
-143.659,65.9391#30.53#27.89#41.58
-143.525,65.933#30.5#27.89#41.61
-143.391,65.9268#30.48#27.9#41.62
-143.258,65.9204#30.46#27.91#41.63
-143.124,65.9139#30.43#27.92#41.65
-142.991,65.9072#30.41#27.93#41.66
-142.857,65.9005#30.39#27.95#41.66
-158.091,65.904#30.88#30.25#38.87
-157.958,65.9117#30.72#30.26#39.02
-157.825,65.9192#30.56#30.26#39.18
-157.692,65.9266#30.4#30.26#39.34
-157.558,65.9339#30.24#30.27#39.49
-157.425,65.9411#30.16#30.25#39.59
-157.291,65.9481#30.16#30.21#39.63
-157.158,65.955#30.15#30.18#39.67
-157.024,65.9618#30.15#30.14#39.71
-156.89,65.9684#30.17#30.04#39.79
-156.756,65.975#30.21#29.92#39.87
-156.622,65.9814#30.25#29.81#39.94
-156.488,65.9876#30.28#29.68#40.04
-156.354,65.9938#30.23#29.52#40.25
-156.22,65.9998#30.19#29.36#40.45
-156.086,66.0057#30.14#29.2#40.66
-155.952,66.0114#30.09#29.06#40.85
-155.817,66.017#30.02#28.98#41
-155.683,66.0226#29.95#28.89#41.16
-155.549,66.0279#29.89#28.81#41.3
-155.414,66.0332#29.82#28.76#41.42
-155.279,66.0383#29.76#28.72#41.52
-155.145,66.0433#29.69#28.68#41.63
-155.01,66.0481#29.63#28.64#41.73
-154.875,66.0529#29.47#28.62#41.91
-154.74,66.0575#29.31#28.61#42.08
-154.606,66.0619#29.14#28.59#42.27
-154.471,66.0663#28.98#28.58#42.44
-154.336,66.0705#28.83#28.57#42.6
-154.201,66.0746#28.69#28.56#42.75
-154.066,66.0785#28.54#28.56#42.9
-153.93,66.0824#28.44#28.55#43.01
-153.795,66.0861#28.4#28.55#43.05
-153.66,66.0896#28.35#28.55#43.1
-153.525,66.0931#28.3#28.55#43.15
-153.39,66.0964#28.29#28.55#43.16
-153.254,66.0996#28.28#28.55#43.17
-153.119,66.1026#28.28#28.55#43.17
-152.984,66.1056#28.27#28.55#43.18
-152.848,66.1083#28.28#28.56#43.16
-152.713,66.111#28.29#28.57#43.14
-152.577,66.1135#28.3#28.58#43.12
-152.442,66.116#28.31#28.6#43.09
-152.306,66.1182#28.32#28.62#43.06
-152.171,66.1204#28.34#28.65#43.01
-152.035,66.1224#28.35#28.67#42.98
-151.899,66.1243#28.36#28.71#42.93
-151.764,66.126#28.38#28.74#42.88
-151.628,66.1277#28.39#28.78#42.83
-151.492,66.1292#28.41#28.82#42.77
-151.357,66.1305#28.43#28.84#42.73
-151.221,66.1318#28.46#28.86#42.68
-151.085,66.1329#28.48#28.88#42.64
-150.949,66.1338#28.51#28.9#42.59
-150.814,66.1347#28.55#28.91#42.54
-150.678,66.1354#28.58#28.93#42.49
-150.542,66.136#28.62#28.95#42.43
-150.406,66.1364#28.66#28.96#42.38
-150.271,66.1368#28.71#28.98#42.31
-150.135,66.137#28.75#28.99#42.26
-149.999,66.137#28.79#29.01#42.2
-149.863,66.1369#28.84#29.03#42.13
-149.728,66.1368#28.88#29.04#42.08
-149.592,66.1364#28.92#29.06#42.02
-149.456,66.136#28.97#29.07#41.96
-149.32,66.1354#29.03#29.07#41.9
-149.185,66.1347#29.08#29.07#41.85
-149.049,66.1338#29.14#29.07#41.79
-148.913,66.1328#29.2#29.05#41.75
-148.777,66.1317#29.26#29.02#41.72
-148.642,66.1305#29.32#29#41.68
-148.506,66.1291#29.38#28.97#41.65
-148.37,66.1276#29.61#28.92#41.47
-148.235,66.126#29.86#28.86#41.28
-148.099,66.1243#30.1#28.8#41.1
-147.963,66.1224#30.35#28.76#40.89
-147.828,66.1203#30.64#28.74#40.62
-147.692,66.1182#30.93#28.72#40.35
-147.557,66.1159#31.22#28.7#40.08
-147.421,66.1135#31.37#28.68#39.95
-147.286,66.111#31.41#28.66#39.93
-147.15,66.1083#31.46#28.64#39.9
-147.015,66.1055#31.51#28.63#39.86
-146.879,66.1026#31.5#28.61#39.89
-146.744,66.0995#31.48#28.6#39.92
-146.609,66.0964#31.47#28.59#39.94
-146.473,66.093#31.44#28.58#39.98
-146.338,66.0896#31.38#28.56#40.06
-146.203,66.086#31.31#28.55#40.14
-146.068,66.0823#31.24#28.54#40.22
-145.933,66.0785#31.18#28.52#40.3
-145.798,66.0745#31.13#28.51#40.36
-145.663,66.0704#31.08#28.49#40.43
-145.528,66.0662#31.03#28.47#40.5
-145.393,66.0619#30.99#28.42#40.59
-145.258,66.0574#30.96#28.35#40.69
-145.123,66.0528#30.93#28.28#40.79
-144.988,66.0481#30.89#28.22#40.89
-144.854,66.0432#30.87#28.15#40.98
-144.719,66.0382#30.84#28.08#41.08
-144.584,66.0331#30.81#28.01#41.18
-144.45,66.0279#30.78#27.97#41.25
-144.315,66.0225#30.76#27.95#41.29
-144.181,66.017#30.73#27.93#41.34
-144.047,66.0113#30.71#27.91#41.38
-143.912,66.0056#30.68#27.9#41.42
-143.778,65.9997#30.66#27.9#41.44
-143.644,65.9937#30.63#27.91#41.46
-143.51,65.9875#30.61#27.91#41.48
-143.376,65.9813#30.58#27.91#41.51
-143.242,65.9749#30.56#27.92#41.52
-143.108,65.9684#30.54#27.93#41.53
-142.974,65.9617#30.51#27.94#41.55
-142.841,65.9549#30.49#27.96#41.55
-142.707,65.948#30.47#27.97#41.56
-142.573,65.941#30.44#27.99#41.57
-142.44,65.9338#30.42#27.96#41.62
-142.307,65.9266#30.39#27.86#41.75
-142.173,65.9191#30.37#27.76#41.87
-142.04,65.9116#30.35#27.67#41.98
-141.907,65.9039#30.32#27.58#42.1
-159.042,65.9011#32#30.19#37.81
-158.909,65.9096#31.81#30.21#37.98
-158.776,65.9181#31.62#30.22#38.16
-158.643,65.9264#31.43#30.23#38.34
-158.51,65.9346#31.24#30.24#38.52
-158.377,65.9426#31.07#30.24#38.69
-158.244,65.9506#30.91#30.25#38.84
-158.11,65.9584#30.75#30.25#39
-157.977,65.9661#30.59#30.26#39.15
-157.843,65.9736#30.43#30.26#39.31
-157.71,65.981#30.28#30.27#39.45
-157.576,65.9883#30.13#30.27#39.6
-157.442,65.9955#30.04#30.25#39.71
-157.309,66.0026#30.05#30.21#39.74
-157.175,66.0095#30.05#30.17#39.78
-157.041,66.0163#30.06#30.12#39.82
-156.906,66.0229#30.09#30.02#39.89
-156.772,66.0295#30.13#29.9#39.97
-156.638,66.0359#30.18#29.78#40.04
-156.504,66.0422#30.23#29.65#40.12
-156.369,66.0483#30.19#29.49#40.32
-156.235,66.0544#30.15#29.32#40.53
-156.1,66.0603#30.11#29.15#40.74
-155.966,66.066#30.06#29.01#40.93
-155.831,66.0717#30#28.94#41.06
-155.696,66.0772#29.93#28.86#41.21
-155.562,66.0826#29.87#28.79#41.34
-155.427,66.0878#29.81#28.74#41.45
-155.292,66.093#29.75#28.71#41.54
-155.157,66.098#29.7#28.67#41.63
-155.022,66.1028#29.64#28.63#41.73
-154.887,66.1076#29.49#28.62#41.89
-154.752,66.1122#29.33#28.6#42.07
-154.616,66.1167#29.17#28.59#42.24
-154.481,66.121#29.02#28.58#42.4
-154.346,66.1253#28.87#28.57#42.56
-154.211,66.1294#28.73#28.56#42.71
-154.075,66.1333#28.58#28.56#42.86
-153.94,66.1372#28.48#28.55#42.97
-153.804,66.1409#28.43#28.55#43.02
-153.669,66.1445#28.38#28.55#43.07
-153.533,66.1479#28.33#28.55#43.12
-153.398,66.1512#28.31#28.55#43.14
-153.262,66.1544#28.3#28.56#43.14
-153.126,66.1575#28.3#28.56#43.14
-152.991,66.1604#28.29#28.56#43.15
-152.855,66.1632#28.29#28.58#43.13
-152.719,66.1659#28.3#28.59#43.11
-152.583,66.1684#28.31#28.6#43.09
-152.447,66.1708#28.31#28.62#43.07
-152.312,66.1731#28.33#28.65#43.02
-152.176,66.1753#28.34#28.68#42.98
-152.04,66.1773#28.35#28.71#42.94
-151.904,66.1792#28.36#28.75#42.89
-151.768,66.1809#28.38#28.78#42.84
-151.632,66.1826#28.39#28.82#42.79
-151.496,66.1841#28.4#28.86#42.74
-151.36,66.1854#28.43#28.88#42.69
-151.224,66.1867#28.46#28.9#42.64
-151.088,66.1878#28.48#28.92#42.6
-150.952,66.1888#28.51#28.94#42.55
-150.816,66.1896#28.55#28.96#42.49
-150.68,66.1903#28.59#28.98#42.43
-150.544,66.1909#28.63#29#42.37
-150.407,66.1914#28.67#29.01#42.32
-150.271,66.1917#28.71#29.03#42.26
-150.135,66.1919#28.75#29.04#42.21
-149.999,66.1919#28.79#29.06#42.15
-149.863,66.1919#28.83#29.08#42.09
-149.727,66.1917#28.88#29.09#42.03
-149.591,66.1914#28.92#29.11#41.97
-149.455,66.1909#28.96#29.12#41.92
-149.319,66.1903#29.01#29.12#41.87
-149.183,66.1896#29.06#29.12#41.82
-149.047,66.1887#29.11#29.12#41.77
-148.91,66.1878#29.17#29.1#41.73
-148.774,66.1867#29.22#29.08#41.7
-148.638,66.1854#29.28#29.05#41.67
-148.502,66.184#29.33#29.02#41.65
-148.366,66.1825#29.57#28.97#41.46
-148.23,66.1809#29.81#28.92#41.27
-148.094,66.1792#30.05#28.86#41.09
-147.959,66.1773#30.31#28.82#40.87
-147.823,66.1752#30.61#28.8#40.59
-147.687,66.1731#30.91#28.78#40.31
-147.551,66.1708#31.22#28.76#40.02
-147.415,66.1684#31.37#28.74#39.89
-147.279,66.1658#31.44#28.73#39.83
-147.143,66.1632#31.5#28.71#39.79
-147.008,66.1604#31.56#28.69#39.75
-146.872,66.1574#31.56#28.68#39.76
-146.736,66.1544#31.56#28.66#39.78
-146.601,66.1512#31.55#28.65#39.8
-146.465,66.1479#31.54#28.63#39.83
-146.33,66.1444#31.48#28.62#39.9
-146.194,66.1408#31.42#28.6#39.98
-146.059,66.1371#31.36#28.58#40.06
-145.923,66.1333#31.3#28.57#40.13
-145.788,66.1293#31.25#28.55#40.2
-145.652,66.1252#31.2#28.53#40.27
-145.517,66.121#31.14#28.52#40.34
-145.382,66.1166#31.11#28.45#40.44
-145.247,66.1121#31.07#28.38#40.55
-145.112,66.1075#31.04#28.31#40.65
-144.976,66.1028#31.01#28.24#40.75
-144.841,66.0979#30.98#28.17#40.85
-144.706,66.0929#30.95#28.1#40.95
-144.572,66.0878#30.92#28.03#41.05
-144.437,66.0825#30.89#27.98#41.13
-144.302,66.0771#30.87#27.96#41.17
-144.167,66.0716#30.84#27.94#41.22
-144.033,66.066#30.82#27.92#41.26
-143.898,66.0602#30.79#27.92#41.29
-143.763,66.0543#30.76#27.92#41.32
-143.629,66.0483#30.74#27.92#41.34
-143.495,66.0421#30.71#27.92#41.37
-143.36,66.0358#30.69#27.93#41.38
-143.226,66.0294#30.67#27.94#41.39
-143.092,66.0229#30.64#27.94#41.42
-142.958,66.0162#30.62#27.95#41.43
-142.824,66.0094#30.59#27.97#41.44
-142.69,66.0025#30.57#27.98#41.45
-142.556,65.9954#30.54#27.99#41.47
-142.422,65.9883#30.52#27.94#41.54
-142.288,65.9809#30.5#27.85#41.65
-142.155,65.9735#30.47#27.75#41.78
-142.021,65.966#30.45#27.65#41.9
-141.888,65.9583#30.42#27.57#42.01
-141.755,65.9505#30.4#27.48#42.12
-141.621,65.9425#30.37#27.39#42.24
-141.488,65.9345#30.35#27.31#42.34
-141.355,65.9263#30.32#27.31#42.37
-141.222,65.918#30.3#27.32#42.38
-141.089,65.9095#30.28#27.32#42.4
-140.956,65.901#30.25#27.34#42.41
-159.859,65.9011#32.88#30.08#37.04
-159.727,65.9105#32.69#30.1#37.21
-159.594,65.9197#32.51#30.13#37.36
-159.462,65.9288#32.33#30.15#37.52
-159.329,65.9377#32.18#30.17#37.65
-159.196,65.9466#32.02#30.18#37.8
-159.063,65.9553#31.87#30.2#37.93
-158.93,65.9639#31.69#30.21#38.1
-158.797,65.9723#31.5#30.22#38.28
-158.664,65.9807#31.3#30.23#38.47
-158.53,65.9889#31.11#30.24#38.65
-158.397,65.9969#30.94#30.25#38.81
-158.263,66.0049#30.78#30.25#38.97
-158.129,66.0127#30.61#30.26#39.13
-157.996,66.0204#30.45#30.26#39.29
-157.862,66.028#30.3#30.27#39.43
-157.728,66.0354#30.16#30.27#39.57
-157.594,66.0428#30.02#30.27#39.71
-157.46,66.05#29.92#30.26#39.82
-157.326,66.057#29.93#30.21#39.86
-157.192,66.064#29.95#30.16#39.89
-157.057,66.0708#29.96#30.11#39.93
-156.923,66.0775#30#30.01#39.99
-156.788,66.084#30.05#29.88#40.07
-156.654,66.0904#30.11#29.75#40.14
-156.519,66.0967#30.16#29.61#40.23
-156.384,66.1029#30.14#29.45#40.41
-156.25,66.1089#30.1#29.28#40.62
-156.115,66.1149#30.07#29.11#40.82
-155.98,66.1207#30.03#28.96#41.01
-155.845,66.1263#29.97#28.89#41.14
-155.71,66.1318#29.91#28.83#41.26
-155.575,66.1372#29.86#28.77#41.37
-155.44,66.1425#29.8#28.73#41.47
-155.304,66.1477#29.75#28.7#41.55
-155.169,66.1527#29.69#28.66#41.65
-155.034,66.1575#29.64#28.63#41.73
-154.898,66.1623#29.51#28.62#41.87
-154.763,66.1669#29.35#28.6#42.05
-154.627,66.1714#29.19#28.59#42.22
-154.492,66.1758#29.03#28.58#42.39
-154.356,66.18#28.88#28.58#42.54
-154.221,66.1841#28.73#28.57#42.7
-154.085,66.1881#28.59#28.57#42.84
-153.949,66.192#28.47#28.57#42.96
-153.813,66.1957#28.42#28.57#43.01
-153.677,66.1993#28.37#28.57#43.06
-153.542,66.2027#28.32#28.57#43.11
-153.406,66.2061#28.3#28.57#43.13
-153.27,66.2093#28.29#28.58#43.13
-153.134,66.2123#28.28#28.59#43.13
-152.998,66.2153#28.28#28.59#43.13
-152.862,66.2181#28.28#28.61#43.11
-152.726,66.2208#28.29#28.62#43.09
-152.589,66.2233#28.3#28.64#43.06
-152.453,66.2257#28.3#28.66#43.04
-152.317,66.228#28.32#28.69#42.99
-152.181,66.2302#28.33#28.72#42.95
-152.045,66.2322#28.34#28.75#42.91
-151.908,66.2341#28.35#28.79#42.86
-151.772,66.2358#28.37#28.83#42.8
-151.636,66.2375#28.38#28.87#42.75
-151.499,66.239#28.4#28.9#42.7
-151.363,66.2404#28.43#28.93#42.64
-151.227,66.2416#28.45#28.95#42.6
-151.09,66.2427#28.48#28.97#42.55
-150.954,66.2437#28.51#28.99#42.5
-150.818,66.2445#28.55#29.01#42.44
-150.681,66.2453#28.59#29.03#42.38
-150.545,66.2458#28.63#29.04#42.33
-150.408,66.2463#28.67#29.06#42.27
-150.272,66.2466#28.71#29.08#42.21
-150.136,66.2468#28.75#29.09#42.16
-149.999,66.2469#28.79#29.11#42.1
-149.863,66.2468#28.83#29.13#42.04
-149.726,66.2466#28.87#29.14#41.99
-149.59,66.2463#28.91#29.16#41.93
-149.453,66.2458#28.95#29.17#41.88
-149.317,66.2453#29#29.17#41.83
-149.181,66.2445#29.04#29.17#41.79
-149.044,66.2437#29.09#29.17#41.74
-148.908,66.2427#29.14#29.15#41.71
-148.772,66.2416#29.19#29.13#41.68
-148.635,66.2403#29.24#29.1#41.66
-148.499,66.239#29.29#29.07#41.64
-148.363,66.2375#29.52#29.03#41.45
-148.226,66.2358#29.76#28.98#41.26
-148.09,66.2341#29.99#28.94#41.07
-147.954,66.2322#30.25#28.9#40.85
-147.817,66.2301#30.56#28.88#40.56
-147.681,66.228#30.86#28.87#40.27
-147.545,66.2257#31.17#28.85#39.98
-147.409,66.2233#31.32#28.83#39.85
-147.273,66.2207#31.41#28.82#39.77
-147.137,66.218#31.49#28.8#39.71
-147.001,66.2152#31.56#28.79#39.65
-146.865,66.2123#31.57#28.78#39.65
-146.729,66.2092#31.57#28.76#39.67
-146.593,66.206#31.57#28.75#39.68
-146.457,66.2027#31.55#28.73#39.72
-146.321,66.1992#31.5#28.72#39.78
-146.185,66.1956#31.45#28.7#39.85
-146.049,66.1919#31.39#28.69#39.92
-145.913,66.1881#31.34#28.67#39.99
-145.778,66.1841#31.29#28.65#40.06
-145.642,66.18#31.24#28.63#40.13
-145.506,66.1757#31.19#28.61#40.2
-145.371,66.1714#31.16#28.53#40.31
-145.235,66.1669#31.13#28.46#40.41
-145.1,66.1622#31.1#28.38#40.52
-144.965,66.1575#31.08#28.3#40.62
-144.829,66.1526#31.06#28.22#40.72
-144.694,66.1476#31.04#28.14#40.82
-144.559,66.1424#31.01#28.06#40.93
-144.424,66.1372#31#28.01#40.99
-144.288,66.1318#30.98#27.98#41.04
-144.153,66.1262#30.95#27.96#41.09
-144.018,66.1206#30.92#27.94#41.14
-143.883,66.1148#30.9#27.93#41.17
-143.749,66.1089#30.87#27.93#41.2
-143.614,66.1028#30.85#27.93#41.22
-143.479,66.0967#30.82#27.93#41.25
-143.345,66.0904#30.79#27.94#41.27
-143.21,66.0839#30.77#27.95#41.28
-143.076,66.0774#30.74#27.95#41.31
-142.941,66.0707#30.72#27.96#41.32
-142.807,66.0639#30.69#27.97#41.34
-142.673,66.0569#30.67#27.99#41.34
-142.538,66.0499#30.65#28#41.35
-142.404,66.0427#30.62#27.93#41.45
-142.27,66.0354#30.6#27.83#41.57
-142.136,66.0279#30.57#27.74#41.69
-142.003,66.0203#30.55#27.64#41.81
-141.869,66.0126#30.52#27.55#41.93
-141.735,66.0048#30.5#27.47#42.03
-141.602,65.9968#30.47#27.38#42.15
-141.468,65.9888#30.45#27.32#42.23
-141.335,65.9806#30.42#27.32#42.26
-141.202,65.9722#30.4#27.32#42.28
-141.068,65.9638#30.37#27.32#42.31
-140.935,65.9552#30.35#27.34#42.31
-140.802,65.9465#30.32#27.38#42.3
-140.669,65.9376#30.3#27.42#42.28
-140.537,65.9287#30.27#27.46#42.27
-140.404,65.9196#30.25#27.51#42.24
-140.271,65.9104#30.22#27.56#42.22
-140.139,65.901#30.2#27.6#42.2
-160.545,65.9066#33.71#29.86#36.43
-160.413,65.9165#33.51#29.91#36.58
-160.28,65.9264#33.31#29.96#36.73
-160.148,65.9361#33.11#30.01#36.88
-160.015,65.9457#32.91#30.06#37.03
-159.883,65.9552#32.73#30.09#37.18
-159.75,65.9646#32.55#30.11#37.34
-159.617,65.9738#32.37#30.14#37.49
-159.484,65.9829#32.2#30.16#37.64
-159.351,65.9919#32.05#30.18#37.77
-159.218,66.0008#31.89#30.19#37.92
-159.084,66.0095#31.74#30.2#38.06
-158.951,66.0181#31.57#30.22#38.21
-158.817,66.0266#31.38#30.23#38.39
-158.684,66.0349#31.18#30.24#38.58
-158.55,66.0432#30.98#30.24#38.78
-158.416,66.0513#30.8#30.25#38.95
-158.283,66.0592#30.64#30.26#39.1
-158.149,66.0671#30.48#30.26#39.26
-158.015,66.0748#30.32#30.27#39.41
-157.88,66.0824#30.18#30.27#39.55
-157.746,66.0899#30.04#30.27#39.69
-157.612,66.0972#29.9#30.28#39.82
-157.478,66.1044#29.8#30.27#39.93
-157.343,66.1115#29.82#30.22#39.96
-157.208,66.1184#29.84#30.16#40
-157.074,66.1253#29.87#30.1#40.03
-156.939,66.132#29.91#30#40.09
-156.804,66.1385#29.97#29.86#40.17
-156.669,66.145#30.04#29.72#40.24
-156.535,66.1513#30.1#29.57#40.33
-156.4,66.1575#30.1#29.41#40.49
-156.264,66.1635#30.07#29.25#40.68
-156.129,66.1695#30.04#29.09#40.87
-155.994,66.1753#30.01#28.94#41.05
-155.859,66.181#29.95#28.88#41.17
-155.723,66.1865#29.9#28.83#41.27
-155.588,66.1919#29.84#28.77#41.39
-155.453,66.1972#29.79#28.72#41.49
-155.317,66.2024#29.74#28.69#41.57
-155.181,66.2074#29.69#28.67#41.64
-155.046,66.2123#29.64#28.64#41.72
-154.91,66.217#29.51#28.62#41.87
-154.774,66.2217#29.35#28.61#42.04
-154.638,66.2262#29.19#28.6#42.21
-154.503,66.2306#29.03#28.59#42.38
-154.367,66.2348#28.89#28.58#42.53
-154.231,66.2389#28.74#28.58#42.68
-154.095,66.2429#28.59#28.58#42.83
-153.959,66.2468#28.47#28.58#42.95
-153.822,66.2505#28.42#28.58#43
-153.686,66.2541#28.37#28.58#43.05
-153.55,66.2576#28.32#28.59#43.09
-153.414,66.2609#28.29#28.59#43.12
-153.278,66.2641#28.28#28.6#43.12
-153.141,66.2672#28.27#28.61#43.12
-153.005,66.2701#28.26#28.62#43.12
-152.868,66.273#28.27#28.64#43.09
-152.732,66.2756#28.28#28.66#43.06
-152.596,66.2782#28.28#28.68#43.04
-152.459,66.2806#28.29#28.7#43.01
-152.323,66.2829#28.3#28.73#42.97
-152.186,66.2851#28.32#28.77#42.91
-152.049,66.2871#28.33#28.8#42.87
-151.913,66.289#28.34#28.84#42.82
-151.776,66.2908#28.36#28.87#42.77
-151.64,66.2924#28.38#28.91#42.71
-151.503,66.2939#28.39#28.95#42.66
-151.366,66.2953#28.42#28.97#42.61
-151.23,66.2965#28.45#28.99#42.56
-151.093,66.2977#28.48#29.01#42.51
-150.956,66.2986#28.52#29.04#42.44
-150.82,66.2995#28.56#29.05#42.39
-150.683,66.3002#28.6#29.07#42.33
-150.546,66.3008#28.64#29.09#42.27
-150.409,66.3013#28.68#29.11#42.21
-150.273,66.3016#28.72#29.13#42.15
-150.136,66.3018#28.75#29.14#42.11
-149.999,66.3018#28.79#29.16#42.05
-149.862,66.3018#28.83#29.18#41.99
-149.726,66.3016#28.87#29.19#41.94
-149.589,66.3013#28.91#29.21#41.88
-149.452,66.3008#28.94#29.22#41.84
-149.315,66.3002#28.98#29.22#41.8
-149.179,66.2995#29.02#29.22#41.76
-149.042,66.2986#29.06#29.22#41.72
-148.905,66.2976#29.1#29.2#41.7
-148.769,66.2965#29.15#29.18#41.67
-148.632,66.2953#29.19#29.15#41.66
-148.495,66.2939#29.24#29.12#41.64
-148.359,66.2924#29.47#29.09#41.44
-148.222,66.2908#29.7#29.05#41.25
-148.085,66.289#29.93#29.01#41.06
-147.949,66.2871#30.19#28.98#40.83
-147.812,66.285#30.5#28.97#40.53
-147.676,66.2829#30.81#28.95#40.24
-147.539,66.2806#31.12#28.94#39.94
-147.403,66.2782#31.28#28.92#39.8
-147.266,66.2756#31.38#28.91#39.71
-147.13,66.2729#31.48#28.9#39.62
-146.993,66.2701#31.57#28.89#39.54
-146.857,66.2672#31.57#28.87#39.56
-146.721,66.2641#31.58#28.86#39.56
-146.585,66.2609#31.59#28.85#39.56
-146.448,66.2575#31.57#28.84#39.59
-146.312,66.2541#31.52#28.82#39.66
-146.176,66.2505#31.48#28.8#39.72
-146.04,66.2467#31.43#28.79#39.78
-145.904,66.2429#31.38#28.77#39.85
-145.768,66.2389#31.32#28.75#39.93
-145.632,66.2348#31.27#28.73#40
-145.496,66.2305#31.22#28.71#40.07
-145.36,66.2261#31.19#28.63#40.18
-145.224,66.2216#31.16#28.55#40.29
-145.088,66.217#31.13#28.47#40.4
-144.953,66.2122#31.1#28.39#40.51
-144.817,66.2073#31.08#28.31#40.61
-144.681,66.2023#31.05#28.23#40.72
-144.546,66.1971#31.03#28.15#40.82
-144.41,66.1918#31.01#28.1#40.89
-144.275,66.1864#30.99#28.07#40.94
-144.14,66.1809#30.97#28.04#40.99
-144.004,66.1752#30.95#28.01#41.04
-143.869,66.1694#30.94#28#41.06
-143.734,66.1635#30.92#27.99#41.09
-143.599,66.1574#30.91#27.98#41.11
-143.464,66.1512#30.89#27.97#41.14
-143.329,66.1449#30.88#27.97#41.15
-143.194,66.1385#30.86#27.97#41.17
-143.059,66.1319#30.85#27.96#41.19
-142.924,66.1252#30.82#27.97#41.21
-142.79,66.1184#30.8#27.98#41.22
-142.655,66.1114#30.77#27.99#41.24
-142.521,66.1043#30.75#28#41.25
-142.386,66.0971#30.72#27.92#41.36
-142.252,66.0898#30.7#27.82#41.48
-142.118,66.0823#30.67#27.72#41.61
-141.984,66.0747#30.65#27.62#41.73
-141.85,66.067#30.62#27.54#41.84
-141.716,66.0591#30.6#27.46#41.94
-141.582,66.0512#30.57#27.38#42.05
-141.448,66.0431#30.54#27.32#42.14
-141.314,66.0348#30.52#27.32#42.16
-141.181,66.0265#30.49#27.32#42.19
-141.047,66.018#30.47#27.32#42.21
-140.914,66.0094#30.44#27.34#42.22
-140.781,66.0006#30.42#27.39#42.19
-140.648,65.9918#30.39#27.43#42.18
-140.514,65.9828#30.37#27.47#42.16
-140.381,65.9737#30.34#27.52#42.14
-140.249,65.9645#30.32#27.56#42.12
-140.116,65.9551#30.29#27.61#42.1
-139.983,65.9456#30.27#27.65#42.08
-139.851,65.936#30.24#27.7#42.06
-139.718,65.9263#30.22#27.75#42.03
-139.586,65.9164#30.19#27.8#42.01
-139.454,65.9064#30.17#27.84#41.99
-161.23,65.9086#34.58#29.72#35.7
-161.098,65.9192#34.35#29.7#35.95
-160.966,65.9297#34.13#29.7#36.17
-160.834,65.9401#33.93#29.76#36.31
-160.702,65.9504#33.72#29.82#36.46
-160.569,65.9605#33.52#29.88#36.6
-160.437,65.9705#33.32#29.94#36.74
-160.304,65.9804#33.12#29.99#36.89
-160.172,65.9902#32.94#30.03#37.03
-160.039,65.9998#32.75#30.07#37.18
-159.906,66.0093#32.57#30.1#37.33
-159.773,66.0187#32.4#30.12#37.48
-159.639,66.0279#32.23#30.15#37.62
-159.506,66.0371#32.07#30.17#37.76
-159.373,66.0461#31.91#30.18#37.91
-159.239,66.055#31.76#30.2#38.04
-159.106,66.0637#31.61#30.21#38.18
-158.972,66.0723#31.45#30.22#38.33
-158.838,66.0808#31.25#30.23#38.52
-158.704,66.0892#31.05#30.24#38.71
-158.57,66.0975#30.85#30.25#38.9
-158.436,66.1056#30.67#30.26#39.07
-158.302,66.1136#30.51#30.26#39.23
-158.168,66.1214#30.35#30.27#39.38
-158.033,66.1292#30.18#30.27#39.55
-157.899,66.1368#30.04#30.28#39.68
-157.765,66.1443#29.92#30.28#39.8
-157.63,66.1516#29.79#30.28#39.93
-157.495,66.1589#29.67#30.27#40.06
-157.36,66.166#29.7#30.21#40.09
-157.226,66.1729#29.74#30.14#40.12
-157.091,66.1798#29.77#30.07#40.16
-156.956,66.1865#29.82#29.97#40.21
-156.82,66.1931#29.89#29.83#40.28
-156.685,66.1995#29.97#29.68#40.35
-156.55,66.2059#30.04#29.53#40.43
-156.415,66.2121#30.05#29.38#40.57
-156.279,66.2182#30.03#29.23#40.74
-156.144,66.2241#30.01#29.08#40.91
-156.008,66.2299#29.98#28.93#41.09
-155.873,66.2356#29.93#28.87#41.2
-155.737,66.2412#29.88#28.82#41.3
-155.601,66.2466#29.83#28.77#41.4
-155.465,66.2519#29.78#28.72#41.5
-155.33,66.2571#29.73#28.69#41.58
-155.194,66.2621#29.68#28.67#41.65
-155.058,66.267#29.63#28.64#41.73
-154.922,66.2718#29.52#28.62#41.86
-154.786,66.2764#29.36#28.61#42.03
-154.649,66.281#29.2#28.6#42.2
-154.513,66.2853#29.04#28.59#42.37
-154.377,66.2896#28.89#28.59#42.52
-154.241,66.2937#28.74#28.59#42.67
-154.104,66.2977#28.59#28.59#42.82
-153.968,66.3016#28.46#28.59#42.95
-153.832,66.3053#28.41#28.59#43
-153.695,66.3089#28.36#28.6#43.04
-153.559,66.3124#28.31#28.6#43.09
-153.422,66.3158#28.28#28.61#43.11
-153.285,66.319#28.27#28.62#43.11
-153.149,66.3221#28.26#28.63#43.11
-153.012,66.325#28.25#28.64#43.11
-152.875,66.3278#28.26#28.67#43.07
-152.739,66.3305#28.27#28.69#43.04
-152.602,66.3331#28.27#28.71#43.02
-152.465,66.3355#28.28#28.74#42.98
-152.328,66.3378#28.29#28.77#42.94
-152.191,66.34#28.3#28.81#42.89
-152.054,66.342#28.32#28.84#42.84
-151.917,66.3439#28.33#28.88#42.79
-151.781,66.3457#28.35#28.92#42.73
-151.644,66.3474#28.37#28.95#42.68
-151.507,66.3489#28.39#28.99#42.62
-151.37,66.3502#28.42#29.01#42.57
-151.233,66.3515#28.45#29.04#42.51
-151.096,66.3526#28.48#29.06#42.46
-150.959,66.3536#28.52#29.08#42.4
-150.822,66.3544#28.56#29.1#42.34
-150.684,66.3552#28.6#29.12#42.28
-150.547,66.3558#28.64#29.14#42.22
-150.41,66.3562#28.68#29.16#42.16
-150.273,66.3565#28.72#29.18#42.1
-150.136,66.3567#28.76#29.19#42.05
-149.999,66.3568#28.79#29.21#42
-149.862,66.3567#28.83#29.23#41.94
-149.725,66.3565#28.86#29.25#41.89
-149.588,66.3562#28.9#29.26#41.84
-149.451,66.3558#28.94#29.27#41.79
-149.314,66.3552#28.97#29.27#41.76
-149.177,66.3544#29#29.27#41.73
-149.04,66.3536#29.04#29.27#41.69
-148.903,66.3526#29.07#29.25#41.68
-148.766,66.3515#29.11#29.23#41.66
-148.629,66.3502#29.15#29.2#41.65
-148.492,66.3488#29.2#29.18#41.62
-148.355,66.3473#29.43#29.15#41.42
-148.218,66.3457#29.65#29.11#41.24
-148.081,66.3439#29.88#29.08#41.04
-147.944,66.342#30.14#29.06#40.8
-147.807,66.34#30.45#29.05#40.5
-147.67,66.3378#30.76#29.04#40.2
-147.533,66.3355#31.07#29.02#39.91
-147.397,66.3331#31.24#29.01#39.75
-147.26,66.3305#31.35#29#39.65
-147.123,66.3278#31.47#28.99#39.54
-146.986,66.325#31.57#28.98#39.45
-146.85,66.322#31.58#28.97#39.45
-146.713,66.3189#31.59#28.96#39.45
-146.576,66.3157#31.6#28.95#39.45
-146.44,66.3124#31.59#28.94#39.47
-146.303,66.3089#31.55#28.92#39.53
-146.167,66.3053#31.51#28.91#39.58
-146.03,66.3016#31.46#28.89#39.65
-145.894,66.2977#31.41#28.87#39.72
-145.758,66.2937#31.36#28.85#39.79
-145.621,66.2896#31.3#28.83#39.87
-145.485,66.2853#31.25#28.81#39.94
-145.349,66.2809#31.22#28.73#40.05
-145.213,66.2764#31.18#28.65#40.17
-145.077,66.2717#31.15#28.56#40.29
-144.941,66.2669#31.12#28.48#40.4
-144.805,66.262#31.09#28.4#40.51
-144.669,66.257#31.07#28.32#40.61
-144.533,66.2518#31.05#28.23#40.72
-144.397,66.2465#31.02#28.19#40.79
-144.261,66.2411#31#28.16#40.84
-144.126,66.2355#30.98#28.13#40.89
-143.99,66.2298#30.96#28.1#40.94
-143.854,66.224#30.95#28.09#40.96
-143.719,66.2181#30.93#28.08#40.99
-143.584,66.212#30.91#28.07#41.02
-143.448,66.2058#30.9#28.06#41.04
-143.313,66.1995#30.88#28.06#41.06
-143.178,66.193#30.87#28.05#41.08
-143.043,66.1864#30.85#28.05#41.1
-142.908,66.1797#30.84#28.05#41.11
-142.773,66.1729#30.83#28.05#41.12
-142.638,66.1659#30.81#28.05#41.14
-142.503,66.1588#30.8#28.05#41.15
-142.368,66.1515#30.79#27.94#41.27
-142.234,66.1442#30.78#27.82#41.4
-142.099,66.1367#30.76#27.71#41.53
-141.965,66.1291#30.75#27.61#41.64
-141.83,66.1213#30.72#27.53#41.75
-141.696,66.1135#30.69#27.45#41.86
-141.562,66.1055#30.67#27.37#41.96
-141.428,66.0974#30.64#27.33#42.03
-141.294,66.0891#30.62#27.32#42.06
-141.16,66.0807#30.59#27.32#42.09
-141.026,66.0722#30.56#27.31#42.13
-140.893,66.0636#30.54#27.35#42.11
-140.759,66.0548#30.51#27.39#42.1
-140.626,66.046#30.49#27.43#42.08
-140.492,66.037#30.46#27.48#42.06
-140.359,66.0278#30.44#27.52#42.04
-140.226,66.0186#30.41#27.57#42.02
-140.093,66.0092#30.39#27.61#42
-139.96,65.9997#30.36#27.66#41.98
-139.827,65.99#30.34#27.71#41.95
-139.694,65.9803#30.31#27.75#41.94
-139.561,65.9704#30.29#27.8#41.91
-139.429,65.9604#30.26#27.84#41.9
-139.297,65.9503#30.24#27.88#41.88
-139.164,65.94#30.21#27.91#41.88
-139.032,65.9296#30.19#27.95#41.86
-138.9,65.9191#30.16#27.97#41.87
-138.768,65.9085#30.14#27.99#41.87
-161.916,65.9073#35.48#30.37#34.15
-161.784,65.9186#35.27#30.18#34.55
-161.652,65.9297#35.05#29.99#34.96
-161.521,65.9408#34.84#29.81#35.35
-161.389,65.9517#34.61#29.76#35.63
-161.257,65.9625#34.39#29.75#35.86
-161.124,65.9731#34.16#29.74#36.1
-160.992,65.9836#33.93#29.73#36.34
-160.859,65.994#33.73#29.79#36.48
-160.727,66.0043#33.52#29.85#36.63
-160.594,66.0145#33.32#29.91#36.77
-160.461,66.0245#33.12#29.97#36.91
-160.328,66.0344#32.94#30.01#37.05
-160.195,66.0442#32.76#30.05#37.19
-160.062,66.0539#32.59#30.08#37.33
-159.929,66.0634#32.42#30.11#37.47
-159.796,66.0728#32.25#30.13#37.62
-159.662,66.0821#32.09#30.16#37.75
-159.529,66.0912#31.93#30.18#37.89
-159.395,66.1003#31.78#30.19#38.03
-159.261,66.1092#31.63#30.21#38.16
-159.127,66.1179#31.48#30.22#38.3
-158.993,66.1266#31.33#30.23#38.44
-158.859,66.1351#31.13#30.24#38.63
-158.725,66.1435#30.93#30.25#38.82
-158.591,66.1518#30.72#30.25#39.03
-158.456,66.1599#30.54#30.26#39.2
-158.322,66.1679#30.38#30.27#39.35
-158.187,66.1758#30.22#30.27#39.51
-158.053,66.1836#30.06#30.28#39.66
-157.918,66.1912#29.92#30.28#39.8
-157.783,66.1987#29.8#30.27#39.93
-157.648,66.2061#29.68#30.27#40.05
-157.513,66.2133#29.56#30.26#40.18
-157.378,66.2204#29.59#30.19#40.22
-157.243,66.2274#29.63#30.12#40.25
-157.107,66.2343#29.68#30.04#40.28
-156.972,66.241#29.73#29.94#40.33
-156.837,66.2476#29.81#29.79#40.4
-156.701,66.2541#29.9#29.64#40.46
-156.566,66.2605#29.98#29.49#40.53
-156.43,66.2667#30.01#29.34#40.65
-156.294,66.2728#29.99#29.2#40.81
-156.158,66.2787#29.97#29.06#40.97
-156.023,66.2846#29.96#28.93#41.11
-155.887,66.2903#29.91#28.86#41.23
-155.751,66.2958#29.87#28.81#41.32
-155.615,66.3013#29.82#28.76#41.42
-155.479,66.3066#29.77#28.72#41.51
-155.342,66.3118#29.72#28.69#41.59
-155.206,66.3168#29.67#28.67#41.66
-155.07,66.3218#29.63#28.64#41.73
-154.933,66.3265#29.52#28.63#41.85
-154.797,66.3312#29.37#28.62#42.01
-154.661,66.3357#29.21#28.61#42.18
-154.524,66.3401#29.05#28.6#42.35
-154.387,66.3444#28.89#28.6#42.51
-154.251,66.3485#28.74#28.6#42.66
-154.114,66.3526#28.59#28.6#42.81
-153.977,66.3564#28.46#28.6#42.94
-153.841,66.3602#28.41#28.61#42.98
-153.704,66.3638#28.36#28.61#43.03
-153.567,66.3673#28.3#28.62#43.08
-153.43,66.3706#28.27#28.63#43.1
-153.293,66.3739#28.26#28.64#43.1
-153.156,66.377#28.25#28.66#43.09
-153.019,66.3799#28.24#28.67#43.09
-152.882,66.3827#28.25#28.69#43.06
-152.745,66.3854#28.25#28.72#43.03
-152.608,66.388#28.26#28.75#42.99
-152.471,66.3905#28.27#28.77#42.96
-152.334,66.3928#28.28#28.81#42.91
-152.197,66.3949#28.29#28.85#42.86
-152.059,66.397#28.31#28.89#42.8
-151.922,66.3989#28.32#28.93#42.75
-151.785,66.4007#28.34#28.96#42.7
-151.648,66.4023#28.36#29#42.64
-151.51,66.4038#28.38#29.03#42.59
-151.373,66.4052#28.42#29.06#42.52
-151.236,66.4065#28.45#29.08#42.47
-151.098,66.4076#28.48#29.11#42.41
-150.961,66.4086#28.52#29.13#42.35
-150.824,66.4094#28.56#29.15#42.29
-150.686,66.4101#28.61#29.17#42.22
-150.549,66.4107#28.65#29.19#42.16
-150.411,66.4112#28.69#29.21#42.1
-150.274,66.4115#28.72#29.23#42.05
-150.137,66.4117#28.76#29.24#42
-149.999,66.4118#28.79#29.26#41.95
-149.862,66.4117#28.83#29.28#41.89
-149.724,66.4115#28.86#29.3#41.84
-149.587,66.4112#28.89#29.31#41.8
-149.45,66.4107#28.93#29.32#41.75
-149.312,66.4101#28.95#29.32#41.73
-149.175,66.4094#28.98#29.32#41.7
-149.037,66.4086#29.01#29.32#41.67
-148.9,66.4076#29.04#29.3#41.66
-148.763,66.4064#29.07#29.28#41.65
-148.625,66.4052#29.11#29.25#41.64
-148.488,66.4038#29.16#29.23#41.61
-148.351,66.4023#29.38#29.2#41.42
-148.213,66.4006#29.6#29.18#41.22
-148.076,66.3989#29.82#29.16#41.02
-147.939,66.3969#30.08#29.14#40.78
-147.802,66.3949#30.4#29.13#40.47
-147.665,66.3927#30.71#29.12#40.17
-147.527,66.3904#31.02#29.11#39.87
-147.39,66.388#31.19#29.1#39.71
-147.253,66.3854#31.33#29.1#39.57
-147.116,66.3827#31.46#29.09#39.45
-146.979,66.3799#31.57#29.08#39.35
-146.842,66.3769#31.59#29.07#39.34
-146.705,66.3738#31.6#29.06#39.34
-146.568,66.3706#31.62#29.05#39.33
-146.431,66.3672#31.61#29.04#39.35
-146.294,66.3638#31.57#29.02#39.41
-146.158,66.3601#31.54#29.01#39.45
-146.021,66.3564#31.5#28.99#39.51
-145.884,66.3525#31.44#28.98#39.58
-145.747,66.3485#31.39#28.96#39.65
-145.611,66.3444#31.33#28.94#39.73
-145.474,66.3401#31.28#28.9#39.82
-145.338,66.3357#31.24#28.82#39.94
-145.201,66.3311#31.21#28.74#40.05
-145.065,66.3265#31.17#28.66#40.17
-144.929,66.3217#31.14#28.57#40.29
-144.792,66.3168#31.11#28.49#40.4
-144.656,66.3117#31.09#28.41#40.5
-144.52,66.3065#31.06#28.32#40.62
-144.384,66.3012#31.04#28.28#40.68
-144.248,66.2958#31.01#28.25#40.74
-144.112,66.2902#30.99#28.22#40.79
-143.976,66.2845#30.97#28.19#40.84
-143.84,66.2787#30.95#28.18#40.87
-143.704,66.2727#30.94#28.17#40.89
-143.568,66.2666#30.92#28.16#40.92
-143.433,66.2604#30.9#28.15#40.95
-143.297,66.254#30.89#28.14#40.97
