-154.267,70.9033#27.9#45.43#26.67
-154.097,70.9074#27.59#45.48#26.93
-153.927,70.9113#27.37#45.53#27.1
-153.756,70.915#27.24#45.57#27.19
-153.586,70.9186#27.12#45.62#27.26
-153.416,70.922#27.01#45.66#27.33
-153.245,70.9252#26.92#45.7#27.38
-153.075,70.9283#26.83#45.74#27.43
-152.904,70.9312#26.74#45.78#27.48
-152.733,70.934#26.65#45.82#27.53
-152.563,70.9365#26.56#45.85#27.59
-152.392,70.939#26.49#45.89#27.62
-152.221,70.9412#26.44#45.92#27.64
-152.05,70.9433#26.4#45.96#27.64
-151.88,70.9452#26.37#45.98#27.65
-151.709,70.9469#26.35#46.01#27.64
-151.538,70.9485#26.33#46.04#27.63
-151.367,70.9499#26.32#46.06#27.62
-151.196,70.9512#26.32#46.09#27.59
-151.025,70.9523#26.31#46.11#27.58
-150.854,70.9532#26.31#46.14#27.55
-150.683,70.9539#26.31#46.16#27.53
-150.512,70.9545#26.3#46.19#27.51
-150.341,70.9549#26.31#46.22#27.47
-150.17,70.9552#26.31#46.24#27.45
-149.999,70.9553#26.31#46.27#27.42
-149.828,70.9552#26.31#46.3#27.39
-149.657,70.9549#26.31#46.32#27.37
-149.486,70.9545#26.32#46.35#27.33
-149.315,70.9539#26.32#46.38#27.3
-149.144,70.9532#26.32#46.4#27.28
-148.973,70.9523#26.33#46.42#27.25
-148.802,70.9512#26.33#46.44#27.23
-148.631,70.9499#26.34#46.46#27.2
-148.46,70.9485#26.34#46.48#27.18
-148.289,70.9469#26.35#46.5#27.15
-148.118,70.9452#26.35#46.51#27.14
-147.947,70.9433#26.36#46.52#27.12
-147.777,70.9412#26.36#46.53#27.11
-147.606,70.9389#26.37#46.54#27.09
-147.435,70.9365#26.37#46.55#27.08
-147.264,70.9339#26.38#46.56#27.06
-147.094,70.9312#26.38#46.57#27.05
-146.923,70.9283#26.39#46.58#27.03
-146.753,70.9252#26.39#46.59#27.02
-146.582,70.922#26.4#46.6#27
-146.412,70.9185#26.41#46.6#26.99
-146.242,70.915#26.41#46.61#26.98
-146.071,70.9112#26.42#46.62#26.96
-145.901,70.9073#26.43#46.63#26.94
-145.731,70.9033#26.43#46.63#26.94
-156.151,70.9031#28.95#44.81#26.24
-155.981,70.909#29.08#44.9#26.02
-155.812,70.9148#29.11#44.99#25.9
-155.642,70.9203#29.15#45.07#25.78
-155.472,70.9257#29.18#45.16#25.66
-155.302,70.931#29.18#45.23#25.59
-155.132,70.9361#29.19#45.3#25.51
-154.961,70.941#29.13#45.37#25.5
-154.791,70.9457#28.83#45.43#25.74
-154.621,70.9503#28.53#45.49#25.98
-154.45,70.9547#28.23#45.54#26.23
-154.28,70.959#27.93#45.59#26.48
-154.109,70.963#27.62#45.64#26.74
-153.938,70.967#27.38#45.69#26.93
-153.768,70.9707#27.25#45.73#27.02
-153.597,70.9743#27.12#45.77#27.11
-153.426,70.9777#27.01#45.81#27.18
-153.255,70.981#26.91#45.85#27.24
-153.084,70.984#26.81#45.89#27.3
-152.913,70.987#26.72#45.92#27.36
-152.742,70.9897#26.63#45.96#27.41
-152.57,70.9923#26.54#45.99#27.47
-152.399,70.9947#26.47#46.02#27.51
-152.228,70.997#26.43#46.05#27.52
-152.057,70.9991#26.39#46.08#27.53
-151.885,71.001#26.36#46.11#27.53
-151.714,71.0027#26.35#46.13#27.52
-151.542,71.0043#26.33#46.16#27.51
-151.371,71.0057#26.32#46.18#27.5
-151.2,71.007#26.31#46.2#27.49
-151.028,71.0081#26.31#46.22#27.47
-150.857,71.009#26.31#46.25#27.44
-150.685,71.0097#26.3#46.27#27.43
-150.514,71.0103#26.3#46.3#27.4
-150.342,71.0107#26.31#46.32#27.37
-150.17,71.011#26.31#46.34#27.35
-149.999,71.0111#26.31#46.37#27.32
-149.827,71.011#26.31#46.39#27.3
-149.656,71.0107#26.31#46.41#27.28
-149.484,71.0103#26.32#46.44#27.24
-149.313,71.0097#26.32#46.46#27.22
-149.141,71.009#26.32#46.48#27.2
-148.97,71.0081#26.33#46.5#27.17
-148.798,71.007#26.33#46.52#27.15
-148.627,71.0057#26.34#46.54#27.12
-148.455,71.0043#26.34#46.55#27.11
-148.284,71.0027#26.35#46.56#27.09
-148.113,71.001#26.35#46.57#27.08
-147.941,70.999#26.36#46.58#27.06
-147.77,70.9969#26.36#46.59#27.05
-147.599,70.9947#26.37#46.6#27.03
-147.427,70.9923#26.37#46.61#27.02
-147.256,70.9897#26.38#46.62#27
-147.085,70.9869#26.38#46.62#27
-146.914,70.984#26.39#46.63#26.98
-146.743,70.9809#26.39#46.64#26.97
-146.572,70.9777#26.4#46.64#26.96
-146.401,70.9742#26.41#46.65#26.94
-146.23,70.9707#26.41#46.66#26.93
-146.06,70.9669#26.42#46.66#26.92
-145.889,70.963#26.43#46.67#26.9
-145.718,70.9589#26.43#46.67#26.9
-145.548,70.9547#26.44#46.68#26.88
-145.377,70.9502#26.46#46.68#26.86
-145.207,70.9457#26.47#46.69#26.84
-145.036,70.9409#26.49#46.69#26.82
-144.866,70.936#26.59#46.69#26.72
-144.696,70.9309#26.71#46.69#26.6
-144.526,70.9257#26.83#46.7#26.47
-144.356,70.9203#27.09#46.7#26.21
-144.186,70.9147#27.38#46.69#25.93
-144.017,70.909#27.67#46.69#25.64
-143.847,70.9031#28.06#46.69#25.25
-157.526,70.9054#26.07#44.23#29.7
-157.357,70.9126#26.44#44.37#29.19
-157.188,70.9197#26.87#44.5#28.63
-157.018,70.9266#27.3#44.63#28.07
-156.849,70.9333#27.74#44.7#27.56
-156.679,70.9399#28.19#44.77#27.04
-156.509,70.9463#28.63#44.83#26.54
-156.339,70.9525#28.79#44.92#26.29
-156.169,70.9586#28.94#45.01#26.05
-155.999,70.9645#29.08#45.1#25.82
-155.829,70.9703#29.12#45.18#25.7
-155.659,70.9759#29.15#45.26#25.59
-155.488,70.9813#29.19#45.35#25.46
-155.318,70.9866#29.19#45.41#25.4
-155.147,70.9916#29.2#45.48#25.32
-154.976,70.9966#29.17#45.55#25.28
-154.805,71.0013#28.87#45.6#25.53
-154.635,71.0059#28.57#45.66#25.77
-154.464,71.0103#28.27#45.71#26.02
-154.292,71.0146#27.96#45.76#26.28
-154.121,71.0187#27.66#45.8#26.54
-153.95,71.0226#27.4#45.85#26.75
-153.779,71.0264#27.27#45.89#26.84
-153.607,71.03#27.13#45.92#26.95
-153.436,71.0334#27.01#45.96#27.03
-153.265,71.0367#26.91#46#27.09
-153.093,71.0398#26.8#46.03#27.17
-152.921,71.0427#26.7#46.06#27.24
-152.75,71.0455#26.61#46.09#27.3
-152.578,71.0481#26.52#46.12#27.36
-152.406,71.0505#26.45#46.15#27.4
-152.235,71.0528#26.42#46.18#27.4
-152.063,71.0548#26.38#46.2#27.42
-151.891,71.0568#26.36#46.23#27.41
-151.719,71.0585#26.34#46.25#27.41
-151.547,71.0601#26.33#46.28#27.39
-151.375,71.0615#26.32#46.3#27.38
-151.203,71.0628#26.31#46.32#27.37
-151.031,71.0639#26.31#46.34#27.35
-150.859,71.0648#26.3#46.36#27.34
-150.687,71.0656#26.3#46.38#27.32
-150.515,71.0661#26.3#46.4#27.3
-150.343,71.0666#26.3#46.42#27.28
-150.171,71.0668#26.31#46.44#27.25
-149.999,71.0669#26.31#46.46#27.23
-149.827,71.0668#26.31#46.48#27.21
-149.655,71.0666#26.31#46.5#27.19
-149.483,71.0661#26.32#46.53#27.15
-149.311,71.0656#26.32#46.54#27.14
-149.139,71.0648#26.32#46.56#27.12
-148.967,71.0639#26.33#46.58#27.09
-148.795,71.0628#26.33#46.59#27.08
-148.623,71.0615#26.34#46.61#27.05
-148.451,71.0601#26.34#46.62#27.04
-148.279,71.0585#26.35#46.63#27.02
-148.107,71.0567#26.35#46.64#27.01
-147.935,71.0548#26.36#46.65#26.99
-147.763,71.0527#26.36#46.65#26.99
-147.591,71.0505#26.37#46.66#26.97
-147.42,71.048#26.37#46.67#26.96
-147.248,71.0454#26.38#46.67#26.95
-147.076,71.0427#26.38#46.68#26.94
-146.905,71.0397#26.39#46.68#26.93
-146.733,71.0366#26.39#46.69#26.92
-146.562,71.0334#26.4#46.69#26.91
-146.39,71.0299#26.41#46.7#26.89
-146.219,71.0264#26.41#46.7#26.89
-146.048,71.0226#26.42#46.71#26.87
-145.877,71.0187#26.42#46.71#26.87
-145.705,71.0146#26.43#46.71#26.86
-145.534,71.0103#26.44#46.72#26.84
-145.363,71.0059#26.45#46.72#26.83
-145.192,71.0013#26.47#46.72#26.81
-145.022,70.9965#26.49#46.72#26.79
-144.851,70.9916#26.57#46.72#26.71
-144.68,70.9865#26.66#46.73#26.61
-144.51,70.9812#26.76#46.73#26.51
-144.339,70.9758#27.03#46.73#26.24
-144.169,70.9702#27.31#46.72#25.97
-143.999,70.9645#27.59#46.72#25.69
-143.829,70.9586#27.98#46.72#25.3
-143.659,70.9525#28.36#46.71#24.93
-143.489,70.9462#28.76#46.71#24.53
-143.319,70.9398#29.22#46.7#24.08
-143.149,70.9332#29.67#46.69#23.64
-142.98,70.9265#30.08#46.68#23.24
-142.81,70.9196#30.23#46.66#23.11
-142.641,70.9125#30.37#46.64#22.99
-142.472,70.9053#30.46#46.63#22.91
-158.732,70.9054#26.07#43.3#30.63
-158.564,70.9138#26.07#43.49#30.44
-158.395,70.922#26.07#43.67#30.26
-158.226,70.9301#26.07#43.83#30.1
-158.057,70.938#26.07#43.99#29.94
-157.887,70.9457#26.07#44.14#29.79
-157.718,70.9533#26.07#44.29#29.64
-157.549,70.9607#26.07#44.43#29.5
-157.379,70.968#26.38#44.56#29.06
-157.209,70.9751#26.81#44.69#28.5
-157.039,70.982#27.25#44.81#27.94
-156.869,70.9887#27.69#44.9#27.41
-156.699,70.9953#28.14#44.97#26.89
-156.529,71.0018#28.58#45.05#26.37
-156.358,71.008#28.78#45.13#26.09
-156.188,71.0141#28.92#45.21#25.87
-156.017,71.0201#29.07#45.3#25.63
-155.846,71.0258#29.12#45.38#25.5
-155.675,71.0314#29.16#45.45#25.39
-155.505,71.0369#29.2#45.53#25.27
-155.334,71.0421#29.21#45.6#25.19
-155.162,71.0472#29.21#45.66#25.13
-154.991,71.0522#29.21#45.73#25.06
-154.82,71.057#28.9#45.78#25.32
-154.648,71.0616#28.6#45.83#25.57
-154.477,71.066#28.3#45.88#25.82
-154.305,71.0703#27.99#45.92#26.09
-154.134,71.0744#27.69#45.96#26.35
-153.962,71.0783#27.42#46.01#26.57
-153.79,71.0821#27.28#46.04#26.68
-153.618,71.0857#27.14#46.08#26.78
-153.446,71.0891#27.01#46.11#26.88
-153.274,71.0924#26.9#46.14#26.96
-153.102,71.0955#26.79#46.17#27.04
-152.93,71.0985#26.69#46.2#27.11
-152.758,71.1012#26.59#46.23#27.18
-152.586,71.1038#26.5#46.26#27.24
-152.414,71.1063#26.43#46.28#27.29
-152.241,71.1085#26.4#46.3#27.3
-152.069,71.1106#26.37#46.32#27.31
-151.897,71.1126#26.35#46.34#27.31
-151.724,71.1143#26.34#46.36#27.3
-151.552,71.1159#26.32#46.38#27.3
-151.379,71.1174#26.31#46.4#27.29
-151.207,71.1186#26.31#46.42#27.27
-151.034,71.1197#26.31#46.43#27.26
-150.862,71.1206#26.3#46.45#27.25
-150.689,71.1214#26.3#46.47#27.23
-150.517,71.122#26.3#46.48#27.22
-150.344,71.1224#26.3#46.5#27.2
-150.172,71.1226#26.31#46.52#27.17
-149.999,71.1227#26.31#46.54#27.15
-149.826,71.1226#26.31#46.55#27.14
-149.654,71.1224#26.31#46.57#27.12
-149.481,71.122#26.32#46.59#27.09
-149.309,71.1214#26.32#46.61#27.07
-149.136,71.1206#26.32#46.63#27.05
-148.964,71.1197#26.33#46.64#27.03
-148.791,71.1186#26.33#46.65#27.02
-148.619,71.1173#26.34#46.67#26.99
-148.446,71.1159#26.34#46.68#26.98
-148.274,71.1143#26.35#46.69#26.96
-148.101,71.1125#26.35#46.7#26.95
-147.929,71.1106#26.36#46.7#26.94
-147.757,71.1085#26.36#46.71#26.93
-147.584,71.1062#26.37#46.72#26.91
-147.412,71.1038#26.37#46.72#26.91
-147.24,71.1012#26.38#46.73#26.89
-147.068,71.0984#26.38#46.73#26.89
-146.895,71.0955#26.39#46.73#26.88
-146.723,71.0924#26.39#46.73#26.88
-146.551,71.0891#26.4#46.74#26.86
-146.38,71.0857#26.41#46.74#26.85
-146.208,71.0821#26.41#46.74#26.85
-146.036,71.0783#26.42#46.75#26.83
-145.864,71.0743#26.42#46.75#26.83
-145.693,71.0702#26.43#46.75#26.82
-145.521,71.0659#26.44#46.75#26.81
-145.349,71.0615#26.45#46.75#26.8
-145.178,71.0569#26.46#46.76#26.78
-145.007,71.0521#26.48#46.76#26.76
-144.835,71.0472#26.54#46.76#26.7
-144.664,71.0421#26.61#46.76#26.63
-144.493,71.0368#26.69#46.76#26.55
-144.322,71.0314#26.96#46.76#26.28
-144.152,71.0257#27.24#46.75#26.01
-143.981,71.02#27.53#46.75#25.72
-143.81,71.014#27.89#46.75#25.36
-143.64,71.0079#28.25#46.74#25.01
-143.469,71.0017#28.64#46.74#24.62
-143.299,70.9952#29.12#46.73#24.15
-143.129,70.9886#29.6#46.72#23.68
-142.959,70.9819#30.01#46.71#23.28
-142.789,70.975#30.2#46.69#23.11
-142.619,70.9679#30.39#46.68#22.93
-142.449,70.9606#30.47#46.67#22.86
-142.28,70.9532#30.35#46.65#23
-142.11,70.9456#30.22#46.63#23.15
-141.941,70.9379#30.04#46.62#23.34
-141.772,70.93#29.78#46.6#23.62
-141.603,70.9219#29.52#46.58#23.9
-141.434,70.9137#29.22#46.56#24.22
-141.266,70.9053#28.9#46.53#24.57
-159.77,70.9066#26.08#41.97#31.95
-159.602,70.916#26.08#42.42#31.5
-159.433,70.9253#26.08#42.77#31.15
-159.265,70.9343#26.07#42.95#30.98
-159.096,70.9432#26.07#43.13#30.8
-158.927,70.952#26.07#43.31#30.62
-158.758,70.9606#26.07#43.5#30.43
-158.589,70.969#26.07#43.69#30.24
-158.42,70.9772#26.07#43.87#30.06
-158.25,70.9853#26.07#44.04#29.89
-158.081,70.9932#26.07#44.2#29.73
-157.911,71.001#26.07#44.35#29.58
-157.741,71.0086#26.07#44.49#29.44
-157.571,71.016#26.07#44.62#29.31
-157.401,71.0233#26.32#44.75#28.93
-157.231,71.0304#26.76#44.88#28.36
-157.06,71.0374#27.2#45#27.8
-156.89,71.0441#27.64#45.09#27.27
-156.719,71.0508#28.09#45.18#26.73
-156.548,71.0572#28.53#45.26#26.21
-156.377,71.0635#28.76#45.34#25.9
-156.206,71.0696#28.91#45.42#25.67
-156.035,71.0756#29.06#45.5#25.44
-155.864,71.0814#29.12#45.57#25.31
-155.693,71.087#29.16#45.65#25.19
-155.521,71.0924#29.2#45.72#25.08
-155.35,71.0977#29.22#45.78#25
-155.178,71.1028#29.23#45.84#24.93
-155.006,71.1078#29.24#45.9#24.86
-154.834,71.1126#28.94#45.94#25.12
-154.662,71.1172#28.64#45.98#25.38
-154.49,71.1217#28.33#46.02#25.65
-154.318,71.126#28.02#46.05#25.93
-154.146,71.1301#27.71#46.08#26.21
-153.974,71.134#27.43#46.12#26.45
-153.802,71.1378#27.28#46.14#26.58
-153.629,71.1414#27.14#46.17#26.69
-153.457,71.1449#27#46.2#26.8
-153.284,71.1482#26.89#46.22#26.89
-153.112,71.1513#26.78#46.24#26.98
-152.939,71.1542#26.67#46.27#27.06
-152.766,71.157#26.58#46.29#27.13
-152.594,71.1596#26.49#46.31#27.2
-152.421,71.1621#26.43#46.33#27.24
-152.248,71.1643#26.4#46.35#27.25
-152.075,71.1664#26.37#46.37#27.26
-151.902,71.1684#26.35#46.39#27.26
-151.729,71.1701#26.33#46.41#27.26
-151.556,71.1717#26.32#46.42#27.26
-151.383,71.1732#26.31#46.44#27.25
-151.21,71.1744#26.31#46.45#27.24
-151.037,71.1755#26.3#46.47#27.23
-150.864,71.1765#26.3#46.48#27.22
-150.691,71.1772#26.3#46.5#27.2
-150.518,71.1778#26.3#46.52#27.18
-150.345,71.1782#26.3#46.53#27.17
-150.172,71.1785#26.31#46.55#27.14
-149.999,71.1786#26.31#46.56#27.13
-149.826,71.1785#26.31#46.58#27.11
-149.653,71.1782#26.31#46.6#27.09
-149.48,71.1778#26.32#46.61#27.07
-149.307,71.1772#26.32#46.63#27.05
-149.133,71.1765#26.32#46.64#27.04
-148.96,71.1755#26.33#46.66#27.01
-148.787,71.1744#26.33#46.67#27
-148.614,71.1732#26.34#46.68#26.98
-148.441,71.1717#26.34#46.69#26.97
-148.268,71.1701#26.35#46.7#26.95
-148.095,71.1684#26.35#46.7#26.95
-147.923,71.1664#26.36#46.71#26.93
-147.75,71.1643#26.36#46.72#26.92
-147.577,71.162#26.37#46.72#26.91
-147.404,71.1596#26.37#46.73#26.9
-147.231,71.157#26.38#46.73#26.89
-147.059,71.1542#26.38#46.74#26.88
-146.886,71.1512#26.39#46.74#26.87
-146.714,71.1481#26.39#46.75#26.86
-146.541,71.1448#26.4#46.75#26.85
-146.369,71.1414#26.41#46.76#26.83
-146.196,71.1378#26.41#46.76#26.83
-146.024,71.134#26.42#46.77#26.81
-145.852,71.13#26.42#46.77#26.81
-145.68,71.1259#26.43#46.77#26.8
-145.507,71.1216#26.44#46.78#26.78
-145.335,71.1172#26.45#46.78#26.77
-145.164,71.1125#26.46#46.78#26.76
-144.992,71.1077#26.47#46.79#26.74
-144.82,71.1028#26.51#46.79#26.7
-144.648,71.0977#26.55#46.79#26.66
-144.477,71.0924#26.63#46.79#26.58
-144.305,71.0869#26.9#46.79#26.31
-144.134,71.0813#27.17#46.78#26.05
-143.963,71.0755#27.46#46.78#25.76
-143.792,71.0695#27.79#46.78#25.43
-143.621,71.0634#28.14#46.77#25.09
-143.45,71.0571#28.53#46.77#24.7
-143.279,71.0507#29.04#46.76#24.2
-143.108,71.0441#29.54#46.75#23.71
-142.938,71.0373#29.95#46.74#23.31
-142.767,71.0303#30.18#46.73#23.09
-142.597,71.0232#30.41#46.72#22.87
-142.427,71.016#30.49#46.7#22.81
-142.257,71.0085#30.37#46.69#22.94
-142.087,71.0009#30.25#46.67#23.08
-141.917,70.9931#30.07#46.66#23.27
-141.748,70.9852#29.83#46.64#23.53
-141.578,70.9771#29.59#46.62#23.79
-141.409,70.9689#29.29#46.6#24.11
-141.24,70.9604#28.94#46.58#24.48
-141.071,70.9519#28.6#46.55#24.85
-140.902,70.9431#28.35#46.52#25.13
-140.733,70.9342#28.17#46.49#25.34
-140.564,70.9251#27.99#46.45#25.56
-140.396,70.9159#27.88#46.4#25.72
-140.228,70.9065#27.82#46.35#25.83
-160.807,70.9017#26.12#39.56#34.32
-160.64,70.9121#26.11#39.97#33.92
-160.472,70.9224#26.1#40.39#33.51
-160.304,70.9324#26.09#40.84#33.07
-160.136,70.9423#26.09#41.3#32.61
-159.968,70.9521#26.08#41.76#32.16
-159.799,70.9616#26.08#42.21#31.71
-159.63,70.9711#26.08#42.65#31.27
-159.461,70.9803#26.08#43.03#30.89
-159.292,70.9894#26.07#43.19#30.74
-159.123,70.9983#26.07#43.34#30.59
-158.954,71.0071#26.07#43.5#30.43
-158.784,71.0157#26.07#43.7#30.23
-158.615,71.0242#26.07#43.89#30.04
-158.445,71.0324#26.07#44.08#29.85
-158.275,71.0406#26.07#44.24#29.69
-158.105,71.0485#26.07#44.4#29.53
-157.935,71.0563#26.07#44.55#29.38
-157.764,71.0639#26.07#44.69#29.24
-157.594,71.0714#26.07#44.82#29.11
-157.423,71.0787#26.27#44.95#28.78
-157.252,71.0858#26.7#45.07#28.23
-157.081,71.0928#27.14#45.19#27.67
-156.91,71.0996#27.59#45.29#27.12
-156.739,71.1062#28.03#45.38#26.59
-156.568,71.1127#28.48#45.45#26.07
-156.396,71.119#28.75#45.52#25.73
-156.225,71.1251#28.9#45.58#25.52
-156.053,71.1311#29.05#45.64#25.31
-155.882,71.1369#29.13#45.7#25.17
-155.71,71.1425#29.17#45.77#25.06
-155.538,71.148#29.21#45.83#24.96
-155.366,71.1533#29.23#45.88#24.89
-155.193,71.1584#29.24#45.93#24.83
-155.021,71.1634#29.24#45.97#24.79
-154.849,71.1682#28.98#46.01#25.01
-154.676,71.1729#28.67#46.05#25.28
-154.504,71.1773#28.36#46.09#25.55
-154.331,71.1816#28.05#46.12#25.83
-154.159,71.1858#27.74#46.15#26.11
-153.986,71.1897#27.43#46.18#26.39
-153.813,71.1935#27.28#46.21#26.51
-153.64,71.1972#27.13#46.23#26.64
-153.467,71.2006#26.99#46.26#26.75
-153.294,71.2039#26.87#46.28#26.85
-153.121,71.207#26.76#46.3#26.94
-152.948,71.21#26.65#46.32#27.03
-152.775,71.2128#26.57#46.34#27.09
-152.602,71.2154#26.48#46.36#27.16
-152.428,71.2179#26.42#46.38#27.2
-152.255,71.2201#26.39#46.4#27.21
-152.082,71.2223#26.37#46.41#27.22
-151.908,71.2242#26.35#46.43#27.22
-151.735,71.226#26.33#46.45#27.22
-151.561,71.2276#26.32#46.46#27.22
-151.388,71.229#26.31#46.48#27.21
-151.214,71.2303#26.31#46.49#27.2
-151.041,71.2314#26.3#46.51#27.19
-150.867,71.2323#26.3#46.52#27.18
-150.693,71.2331#26.3#46.53#27.17
-150.52,71.2337#26.3#46.55#27.15
-150.346,71.2341#26.3#46.56#27.14
-150.173,71.2343#26.31#46.58#27.11
-149.999,71.2344#26.31#46.59#27.1
-149.825,71.2343#26.31#46.6#27.09
-149.652,71.2341#26.31#46.62#27.07
-149.478,71.2337#26.32#46.63#27.05
-149.304,71.2331#26.32#46.65#27.03
-149.131,71.2323#26.32#46.66#27.02
-148.957,71.2314#26.33#46.67#27
-148.784,71.2303#26.33#46.68#26.99
-148.61,71.229#26.34#46.69#26.97
-148.437,71.2276#26.34#46.7#26.96
-148.263,71.2259#26.35#46.71#26.94
-148.09,71.2242#26.35#46.71#26.94
-147.916,71.2222#26.36#46.72#26.92
-147.743,71.2201#26.36#46.72#26.92
-147.57,71.2178#26.37#46.73#26.9
-147.396,71.2154#26.37#46.73#26.9
-147.223,71.2128#26.38#46.74#26.88
-147.05,71.21#26.38#46.74#26.88
-146.877,71.207#26.39#46.75#26.86
-146.704,71.2039#26.4#46.75#26.85
-146.531,71.2006#26.4#46.75#26.85
-146.358,71.1971#26.41#46.76#26.83
-146.185,71.1935#26.41#46.76#26.83
-146.012,71.1897#26.42#46.76#26.82
-145.839,71.1857#26.42#46.77#26.81
-145.667,71.1816#26.43#46.77#26.8
-145.494,71.1773#26.44#46.77#26.79
-145.321,71.1728#26.45#46.77#26.78
-145.149,71.1682#26.45#46.78#26.77
-144.977,71.1634#26.47#46.78#26.75
-144.804,71.1584#26.5#46.78#26.72
-144.632,71.1532#26.54#46.78#26.68
-144.46,71.1479#26.62#46.78#26.6
-144.288,71.1425#26.87#46.79#26.34
-144.116,71.1368#27.12#46.79#26.09
-143.945,71.131#27.39#46.79#25.82
-143.773,71.125#27.71#46.79#25.5
-143.601,71.1189#28.03#46.79#25.18
-143.43,71.1126#28.43#46.79#24.78
-143.259,71.1061#28.96#46.79#24.25
-143.088,71.0995#29.49#46.78#23.73
-142.916,71.0927#29.9#46.77#23.33
-142.746,71.0857#30.18#46.76#23.06
-142.575,71.0786#30.45#46.75#22.8
-142.404,71.0713#30.5#46.74#22.76
-142.234,71.0638#30.4#46.73#22.87
-142.063,71.0562#30.29#46.71#23
-141.893,71.0484#30.11#46.7#23.19
-141.723,71.0405#29.89#46.68#23.43
-141.553,71.0323#29.66#46.66#23.68
-141.383,71.0241#29.34#46.64#24.02
-141.213,71.0156#28.98#46.62#24.4
-141.044,71.007#28.63#46.6#24.77
-140.875,70.9982#28.38#46.57#25.05
-140.705,70.9893#28.18#46.53#25.29
-140.536,70.9802#27.99#46.5#25.51
-140.368,70.9709#27.89#46.45#25.66
-140.199,70.9615#27.82#46.4#25.78
-140.03,70.9519#27.75#46.35#25.9
-139.862,70.9422#27.71#46.26#26.03
-139.694,70.9323#27.68#46.16#26.16
-139.526,70.9222#27.65#46.06#26.29
-139.358,70.912#27.64#45.89#26.47
-139.19,70.9016#27.63#45.72#26.65
-161.677,70.9021#26.24#38.26#35.5
-161.51,70.9133#26.19#38.49#35.32
-161.343,70.9244#26.17#38.76#35.07
-161.175,70.9352#26.15#39.02#34.83
-161.007,70.946#26.13#39.29#34.58
-160.84,70.9566#26.12#39.7#34.18
-160.671,70.967#26.11#40.14#33.75
-160.503,70.9772#26.1#40.58#33.32
-160.335,70.9873#26.09#41.05#32.86
-160.166,70.9973#26.09#41.53#32.38
-159.997,71.007#26.08#42.01#31.91
-159.828,71.0166#26.08#42.45#31.47
-159.659,71.0261#26.08#42.88#31.04
-159.49,71.0354#26.08#43.29#30.63
-159.32,71.0445#26.07#43.43#30.5
-159.151,71.0535#26.07#43.57#30.36
-158.981,71.0622#26.07#43.7#30.23
-158.811,71.0709#26.07#43.9#30.03
-158.641,71.0794#26.07#44.1#29.83
-158.47,71.0877#26.07#44.29#29.64
-158.3,71.0958#26.07#44.45#29.48
-158.129,71.1038#26.07#44.61#29.32
-157.958,71.1116#26.07#44.75#29.18
-157.788,71.1192#26.07#44.86#29.07
-157.617,71.1267#26.07#44.98#28.95
-157.445,71.134#26.21#45.09#28.7
-157.274,71.1412#26.65#45.2#28.15
-157.103,71.1482#27.09#45.3#27.61
-156.931,71.155#27.53#45.39#27.08
-156.759,71.1617#27.98#45.47#26.55
-156.588,71.1681#28.43#45.54#26.03
-156.416,71.1745#28.74#45.61#25.65
-156.244,71.1806#28.89#45.67#25.44
-156.072,71.1866#29.04#45.73#25.23
-155.899,71.1924#29.13#45.79#25.08
-155.727,71.1981#29.18#45.85#24.97
-155.554,71.2036#29.22#45.91#24.87
-155.382,71.2089#29.24#45.96#24.8
-155.209,71.2141#29.25#46#24.75
-155.036,71.2191#29.25#46.05#24.7
-154.864,71.2239#29.01#46.09#24.9
-154.691,71.2285#28.7#46.12#25.18
-154.518,71.233#28.4#46.16#25.44
-154.344,71.2373#28.08#46.19#25.73
-154.171,71.2415#27.76#46.22#26.02
-153.998,71.2454#27.44#46.24#26.32
-153.825,71.2493#27.28#46.27#26.45
-153.651,71.2529#27.13#46.29#26.58
-153.478,71.2564#26.97#46.32#26.71
-153.304,71.2597#26.86#46.34#26.8
-153.131,71.2628#26.74#46.36#26.9
-152.957,71.2658#26.63#46.38#26.99
-152.783,71.2686#26.55#46.39#27.06
-152.609,71.2712#26.47#46.41#27.12
-152.436,71.2737#26.42#46.43#27.15
-152.262,71.276#26.39#46.45#27.16
-152.088,71.2781#26.36#46.46#27.18
-151.914,71.28#26.34#46.48#27.18
-151.74,71.2818#26.33#46.49#27.18
-151.566,71.2834#26.32#46.51#27.17
-151.392,71.2849#26.31#46.52#27.17
-151.218,71.2861#26.31#46.53#27.16
-151.044,71.2872#26.3#46.54#27.16
-150.87,71.2882#26.3#46.56#27.14
-150.695,71.2889#26.3#46.57#27.13
-150.521,71.2895#26.3#46.58#27.12
-150.347,71.2899#26.3#46.59#27.11
-150.173,71.2902#26.31#46.6#27.09
-149.999,71.2903#26.31#46.62#27.07
-149.825,71.2902#26.31#46.63#27.06
-149.651,71.2899#26.31#46.64#27.05
-149.476,71.2895#26.32#46.66#27.02
-149.302,71.2889#26.32#46.67#27.01
-149.128,71.2882#26.32#46.68#27
-148.954,71.2872#26.33#46.69#26.98
-148.78,71.2861#26.33#46.7#26.97
-148.606,71.2848#26.34#46.71#26.95
-148.432,71.2834#26.34#46.71#26.95
-148.258,71.2818#26.35#46.72#26.93
-148.084,71.28#26.35#46.72#26.93
-147.91,71.278#26.36#46.73#26.91
-147.736,71.2759#26.36#46.73#26.91
-147.562,71.2736#26.37#46.74#26.89
-147.388,71.2712#26.37#46.74#26.89
-147.215,71.2685#26.38#46.74#26.88
-147.041,71.2657#26.38#46.75#26.87
-146.867,71.2628#26.39#46.75#26.86
-146.694,71.2596#26.4#46.75#26.85
-146.52,71.2563#26.4#46.75#26.85
-146.347,71.2529#26.41#46.76#26.83
-146.173,71.2492#26.41#46.76#26.83
-146,71.2454#26.42#46.76#26.82
-145.827,71.2414#26.42#46.76#26.82
-145.653,71.2373#26.43#46.76#26.81
-145.48,71.233#26.44#46.76#26.8
-145.307,71.2285#26.45#46.77#26.78
-145.134,71.2238#26.45#46.77#26.78
-144.961,71.219#26.47#46.77#26.76
-144.789,71.214#26.5#46.77#26.73
-144.616,71.2088#26.53#46.77#26.7
-144.443,71.2035#26.63#46.77#26.6
-144.271,71.198#26.85#46.77#26.38
-144.099,71.1924#27.07#46.77#26.16
-143.926,71.1865#27.34#46.77#25.89
-143.754,71.1806#27.65#46.77#25.58
-143.582,71.1744#27.97#46.77#25.26
-143.41,71.1681#28.38#46.77#24.85
-143.238,71.1616#28.89#46.77#24.34
-143.067,71.1549#29.4#46.77#23.83
-142.895,71.1481#29.8#46.76#23.44
-142.724,71.1411#30.12#46.76#23.12
-142.552,71.1339#30.43#46.76#22.81
-142.381,71.1266#30.48#46.75#22.77
-142.21,71.1191#30.41#46.75#22.84
-142.039,71.1115#30.32#46.74#22.94
-141.869,71.1037#30.15#46.74#23.11
-141.698,71.0957#29.95#46.72#23.33
-141.528,71.0876#29.74#46.71#23.55
-141.357,71.0792#29.39#46.69#23.92
-141.187,71.0708#29.02#46.67#24.31
-141.017,71.0621#28.65#46.65#24.7
-140.847,71.0533#28.41#46.61#24.98
-140.678,71.0444#28.19#46.58#25.23
-140.508,71.0353#27.98#46.55#25.47
-140.339,71.026#27.9#46.5#25.6
-140.17,71.0165#27.82#46.45#25.73
-140.001,71.0069#27.75#46.4#25.85
-139.832,70.9971#27.72#46.3#25.98
-139.663,70.9872#27.68#46.2#26.12
-139.495,70.9771#27.65#46.1#26.25
-139.326,70.9668#27.64#45.92#26.44
-139.158,70.9564#27.63#45.74#26.63
-138.99,70.9459#27.62#45.56#26.82
-138.823,70.9351#27.61#45.3#27.09
-138.655,70.9242#27.61#45.04#27.35
-138.488,70.9132#27.61#44.78#27.61
-138.321,70.9019#27.61#44.43#27.96
-162.38,70.9101#26.53#37.3#36.17
-162.213,70.922#26.44#37.6#35.96
-162.046,70.9338#26.35#37.9#35.75
-161.879,70.9453#26.29#38.15#35.56
-161.712,70.9567#26.25#38.39#35.36
-161.544,70.968#26.2#38.63#35.17
-161.376,70.9791#26.17#38.89#34.94
-161.208,70.99#26.15#39.16#34.69
-161.04,71.0008#26.13#39.43#34.44
-160.872,71.0114#26.12#39.83#34.05
-160.703,71.0218#26.11#40.29#33.6
-160.534,71.0321#26.1#40.76#33.14
-160.366,71.0422#26.09#41.25#32.66
-160.196,71.0522#26.09#41.74#32.17
-160.027,71.062#26.08#42.25#31.67
-159.858,71.0716#26.08#42.69#31.23
-159.688,71.0811#26.08#43.11#30.81
-159.518,71.0904#26.08#43.53#30.39
-159.348,71.0996#26.07#43.68#30.25
-159.178,71.1086#26.07#43.78#30.15
-159.008,71.1174#26.07#43.87#30.06
-158.837,71.1261#26.07#44.05#29.88
-158.667,71.1345#26.07#44.23#29.7
-158.496,71.1429#26.07#44.41#29.52
-158.325,71.151#26.07#44.55#29.38
-158.154,71.1591#26.07#44.69#29.24
-157.982,71.1669#26.07#44.84#29.09
-157.811,71.1746#26.07#44.95#28.98
-157.64,71.1821#26.07#45.07#28.86
-157.468,71.1894#26.15#45.19#28.66
-157.296,71.1966#26.59#45.29#28.12
-157.124,71.2036#27.03#45.39#27.58
-156.952,71.2104#27.48#45.48#27.04
-156.78,71.2171#27.93#45.56#26.51
-156.608,71.2236#28.39#45.63#25.98
-156.435,71.23#28.73#45.7#25.57
-156.263,71.2361#28.88#45.76#25.36
-156.09,71.2422#29.04#45.82#25.14
-155.917,71.248#29.14#45.88#24.98
-155.744,71.2537#29.18#45.93#24.89
-155.571,71.2592#29.23#45.99#24.78
-155.398,71.2645#29.25#46.04#24.71
-155.225,71.2697#29.25#46.08#24.67
-155.052,71.2747#29.26#46.13#24.61
-154.878,71.2795#29.04#46.16#24.8
-154.705,71.2842#28.74#46.2#25.06
-154.531,71.2887#28.43#46.23#25.34
-154.358,71.293#28.11#46.26#25.63
-154.184,71.2972#27.78#46.28#25.94
-154.01,71.3012#27.46#46.31#26.23
-153.836,71.305#27.28#46.33#26.39
-153.662,71.3086#27.12#46.35#26.53
-153.488,71.3121#26.96#46.38#26.66
-153.314,71.3154#26.84#46.39#26.77
-153.14,71.3186#26.72#46.41#26.87
-152.966,71.3216#26.61#46.43#26.96
-152.792,71.3244#26.54#46.45#27.01
-152.617,71.327#26.47#46.46#27.07
-152.443,71.3295#26.41#46.48#27.11
-152.269,71.3318#26.38#46.49#27.13
-152.094,71.3339#26.36#46.51#27.13
-151.92,71.3359#26.34#46.52#27.14
-151.745,71.3376#26.33#46.54#27.13
-151.571,71.3393#26.32#46.55#27.13
-151.396,71.3407#26.31#46.56#27.13
-151.222,71.342#26.31#46.57#27.12
-151.047,71.3431#26.3#46.58#27.12
-150.872,71.344#26.3#46.59#27.11
-150.698,71.3448#26.3#46.6#27.1
-150.523,71.3454#26.3#46.61#27.09
-150.348,71.3458#26.3#46.62#27.08
-150.174,71.3461#26.31#46.63#27.06
-149.999,71.3461#26.31#46.64#27.05
-149.824,71.3461#26.31#46.65#27.04
-149.65,71.3458#26.31#46.67#27.02
-149.475,71.3454#26.32#46.68#27
-149.3,71.3448#26.32#46.69#26.99
-149.126,71.344#26.33#46.7#26.97
-148.951,71.3431#26.33#46.7#26.97
-148.776,71.342#26.33#46.71#26.96
-148.602,71.3407#26.34#46.72#26.94
-148.427,71.3392#26.34#46.72#26.94
-148.253,71.3376#26.35#46.73#26.92
-148.078,71.3358#26.35#46.73#26.92
-147.904,71.3339#26.36#46.74#26.9
-147.729,71.3317#26.36#46.74#26.9
-147.555,71.3294#26.37#46.74#26.89
-147.38,71.327#26.37#46.75#26.88
-147.206,71.3243#26.38#46.75#26.87
-147.032,71.3215#26.38#46.75#26.87
-146.858,71.3186#26.39#46.75#26.86
-146.684,71.3154#26.4#46.75#26.85
-146.51,71.3121#26.4#46.75#26.85
-146.335,71.3086#26.41#46.76#26.83
-146.162,71.3049#26.41#46.76#26.83
-145.988,71.3011#26.42#46.76#26.82
-145.814,71.2971#26.42#46.76#26.82
-145.64,71.293#26.43#46.76#26.81
-145.467,71.2886#26.44#46.76#26.8
-145.293,71.2841#26.44#46.76#26.8
-145.12,71.2795#26.45#46.76#26.79
-144.946,71.2746#26.47#46.76#26.77
-144.773,71.2696#26.5#46.76#26.74
-144.6,71.2645#26.53#46.76#26.71
-144.427,71.2591#26.62#46.76#26.62
-144.254,71.2536#26.82#46.76#26.42
-144.081,71.2479#27.02#46.76#26.22
-143.908,71.2421#27.28#46.75#25.97
-143.735,71.2361#27.59#46.75#25.66
-143.563,71.2299#27.9#46.75#25.35
-143.39,71.2235#28.32#46.75#24.93
-143.218,71.217#28.8#46.74#24.46
-143.046,71.2104#29.29#46.74#23.97
-142.874,71.2035#29.68#46.74#23.58
-142.702,71.1965#30.03#46.73#23.24
-142.53,71.1893#30.37#46.73#22.9
-142.358,71.182#30.41#46.72#22.87
-142.187,71.1745#30.38#46.71#22.91
-142.015,71.1668#30.33#46.71#22.96
-141.844,71.159#30.16#46.7#23.14
-141.673,71.1509#29.98#46.7#23.32
-141.502,71.1428#29.79#46.69#23.52
-141.331,71.1344#29.43#46.68#23.89
-141.161,71.1259#29.05#46.68#24.27
-140.99,71.1173#28.68#46.67#24.65
-140.82,71.1085#28.43#46.66#24.91
-140.65,71.0995#28.19#46.63#25.18
-140.48,71.0903#27.98#46.6#25.42
-140.31,71.081#27.9#46.55#25.55
-140.14,71.0715#27.82#46.5#25.68
-139.971,71.0619#27.75#46.44#25.81
-139.801,71.0521#27.72#46.34#25.94
-139.632,71.0421#27.68#46.24#26.08
-139.463,71.032#27.65#46.13#26.22
-139.295,71.0217#27.64#45.95#26.41
-139.126,71.0112#27.62#45.77#26.61
-138.958,71.0006#27.61#45.56#26.83
-138.79,70.9899#27.61#45.3#27.09
-138.622,70.9789#27.61#45.04#27.35
-138.454,70.9678#27.6#44.75#27.65
-138.286,70.9566#27.6#44.4#28
-138.119,70.9452#27.6#44.05#28.35
-137.952,70.9336#27.6#43.71#28.69
-137.785,70.9219#27.61#43.41#28.98
-137.618,70.91#27.61#43.11#29.28
-163.25,70.9027#27.81#36.16#36.03
-163.083,70.9154#27.45#36.38#36.17
-162.917,70.9279#27.16#36.62#36.22
-162.751,70.9403#26.94#36.86#36.2
-162.584,70.9526#26.72#37.1#36.18
-162.417,70.9646#26.56#37.37#36.07
-162.249,70.9766#26.47#37.69#35.84
-162.082,70.9883#26.37#38#35.63
-161.914,70.9999#26.3#38.28#35.42
-161.747,71.0114#26.26#38.52#35.22
-161.578,71.0227#26.21#38.76#35.03
-161.41,71.0338#26.18#39.01#34.81
-161.242,71.0447#26.16#39.29#34.55
-161.073,71.0556#26.13#39.57#34.3
-160.904,71.0662#26.12#39.96#33.92
-160.735,71.0767#26.11#40.44#33.45
-160.566,71.087#26.1#40.93#32.97
-160.397,71.0971#26.09#41.44#32.47
-160.227,71.1071#26.09#41.95#31.96
-160.057,71.117#26.08#42.43#31.49
-159.887,71.1266#26.08#42.84#31.08
-159.717,71.1362#26.08#43.21#30.71
-159.547,71.1455#26.08#43.58#30.34
-159.376,71.1547#26.08#43.75#30.17
-159.206,71.1637#26.07#43.85#30.08
-159.035,71.1725#26.07#43.95#29.98
-158.864,71.1812#26.07#44.12#29.81
-158.693,71.1898#26.07#44.3#29.63
-158.521,71.1981#26.07#44.48#29.45
-158.35,71.2063#26.07#44.63#29.3
-158.178,71.2143#26.07#44.78#29.15
-158.007,71.2222#26.07#44.93#29
-157.835,71.2299#26.07#45.05#28.88
-157.663,71.2374#26.07#45.16#28.77
-157.49,71.2448#26.1#45.28#28.62
-157.318,71.252#26.54#45.38#28.08
-157.146,71.259#26.98#45.48#27.54
-156.973,71.2659#27.42#45.57#27.01
-156.8,71.2726#27.88#45.65#26.47
-156.628,71.2791#28.34#45.72#25.94
-156.455,71.2855#28.71#45.79#25.5
-156.282,71.2917#28.87#45.85#25.28
-156.108,71.2977#29.03#45.91#25.06
-155.935,71.3036#29.14#45.97#24.89
-155.762,71.3093#29.19#46.02#24.79
-155.588,71.3148#29.24#46.07#24.69
-155.415,71.3201#29.26#46.12#24.62
-155.241,71.3253#29.26#46.16#24.58
-155.067,71.3303#29.27#46.2#24.53
-154.893,71.3352#29.08#46.24#24.68
-154.719,71.3399#28.77#46.27#24.96
-154.545,71.3444#28.46#46.3#25.24
-154.371,71.3487#28.14#46.33#25.53
-154.197,71.3529#27.81#46.35#25.84
-154.022,71.3569#27.47#46.38#26.15
-153.848,71.3607#27.29#46.4#26.31
-153.673,71.3644#27.12#46.42#26.46
-153.499,71.3679#26.95#46.44#26.61
-153.324,71.3712#26.83#46.45#26.72
-153.15,71.3744#26.71#46.47#26.82
-152.975,71.3774#26.59#46.49#26.92
-152.8,71.3802#26.53#46.5#26.97
-152.625,71.3828#26.46#46.52#27.02
-152.451,71.3853#26.4#46.53#27.07
-152.276,71.3876#26.38#46.54#27.08
-152.101,71.3897#26.35#46.56#27.09
-151.926,71.3917#26.33#46.57#27.1
-151.751,71.3935#26.32#46.58#27.1
-151.575,71.3951#26.31#46.59#27.1
-151.4,71.3966#26.31#46.6#27.09
-151.225,71.3978#26.3#46.61#27.09
-151.05,71.399#26.3#46.62#27.08
-150.875,71.3999#26.3#46.63#27.07
-150.7,71.4007#26.3#46.64#27.06
-150.525,71.4013#26.3#46.65#27.05
-150.349,71.4017#26.31#46.65#27.04
-150.174,71.4019#26.31#46.66#27.03
-149.999,71.402#26.31#46.67#27.02
-149.824,71.4019#26.31#46.68#27.01
-149.648,71.4017#26.32#46.69#26.99
-149.473,71.4013#26.32#46.7#26.98
-149.298,71.4007#26.32#46.7#26.98
-149.123,71.3999#26.33#46.71#26.96
-148.948,71.3989#26.33#46.72#26.95
-148.773,71.3978#26.33#46.72#26.95
-148.597,71.3965#26.34#46.73#26.93
-148.422,71.3951#26.34#46.74#26.92
-148.247,71.3935#26.35#46.74#26.91
-148.072,71.3917#26.35#46.74#26.91
-147.897,71.3897#26.36#46.74#26.9
-147.722,71.3876#26.36#46.75#26.89
-147.547,71.3853#26.37#46.75#26.88
-147.372,71.3828#26.37#46.75#26.88
-147.198,71.3801#26.38#46.75#26.87
-147.023,71.3773#26.38#46.75#26.87
-146.848,71.3743#26.39#46.75#26.86
-146.673,71.3712#26.4#46.76#26.84
-146.499,71.3679#26.4#46.76#26.84
-146.324,71.3644#26.41#46.75#26.84
-146.15,71.3607#26.41#46.75#26.84
-145.975,71.3569#26.42#46.75#26.83
-145.801,71.3528#26.42#46.75#26.83
-145.627,71.3487#26.43#46.75#26.82
-145.453,71.3443#26.44#46.75#26.81
-145.279,71.3398#26.44#46.75#26.81
-145.105,71.3351#26.45#46.75#26.8
-144.931,71.3303#26.47#46.75#26.78
-144.757,71.3253#26.49#46.75#26.76
-144.583,71.3201#26.52#46.74#26.74
-144.41,71.3147#26.62#46.74#26.64
-144.236,71.3092#26.79#46.74#26.47
-144.063,71.3035#26.97#46.74#26.29
-143.889,71.2976#27.23#46.74#26.03
-143.716,71.2916#27.53#46.73#25.74
-143.543,71.2854#27.83#46.73#25.44
-143.37,71.279#28.25#46.73#25.02
-143.197,71.2725#28.72#46.72#24.56
-143.025,71.2658#29.19#46.72#24.09
-142.852,71.2589#29.58#46.71#23.71
-142.68,71.2519#29.95#46.7#23.35
-142.507,71.2447#30.32#46.7#22.98
-142.335,71.2373#30.35#46.69#22.96
-142.163,71.2298#30.36#46.68#22.96
-141.991,71.2221#30.35#46.67#22.98
-141.82,71.2142#30.17#46.66#23.17
-141.648,71.2062#30#46.65#23.35
-141.477,71.198#29.8#46.65#23.55
-141.305,71.1896#29.45#46.64#23.91
-141.134,71.1811#29.09#46.63#24.28
-140.963,71.1724#28.75#46.61#24.64
-140.792,71.1636#28.49#46.6#24.91
-140.622,71.1546#28.23#46.58#25.19
-140.451,71.1454#28.02#46.56#25.42
-140.281,71.136#27.92#46.53#25.55
-140.111,71.1265#27.83#46.5#25.67
-139.941,71.1169#27.76#46.46#25.78
-139.771,71.107#27.72#46.38#25.9
-139.601,71.097#27.68#46.29#26.03
-139.432,71.0869#27.65#46.15#26.2
-139.263,71.0765#27.63#45.97#26.4
-139.094,71.0661#27.62#45.79#26.59
-138.925,71.0554#27.61#45.57#26.82
-138.756,71.0446#27.61#45.3#27.09
-138.588,71.0336#27.6#45.03#27.37
-138.419,71.0225#27.6#44.72#27.68
-138.251,71.0112#27.6#44.37#28.03
-138.084,70.9998#27.6#44.01#28.39
-137.916,70.9882#27.6#43.67#28.73
-137.748,70.9764#27.6#43.35#29.05
-137.581,70.9645#27.6#43.03#29.37
-137.414,70.9524#27.61#42.79#29.6
-137.247,70.9402#27.61#42.6#29.79
-137.081,70.9278#27.61#42.39#30
-136.914,70.9152#27.61#42.02#30.37
-136.748,70.9025#27.62#41.51#30.87
-163.953,70.9044#29.08#35.31#35.61
-163.787,70.9178#28.82#35.53#35.65
-163.621,70.931#28.57#35.74#35.69
-163.455,70.9441#28.29#35.96#35.75
-163.289,70.957#27.93#36.19#35.88
-163.122,70.9697#27.56#36.43#36.01
-162.955,70.9823#27.23#36.66#36.11
-162.788,70.9948#27#36.91#36.09
-162.621,71.007#26.77#37.16#36.07
-162.454,71.0192#26.58#37.44#35.98
-162.286,71.0311#26.49#37.77#35.74
-162.118,71.0429#26.4#38.1#35.5
-161.95,71.0545#26.32#38.41#35.27
-161.782,71.066#26.27#38.65#35.08
-161.613,71.0773#26.22#38.89#34.89
-161.444,71.0885#26.18#39.14#34.68
-161.275,71.0995#26.16#39.42#34.42
-161.106,71.1103#26.14#39.71#34.15
-160.937,71.121#26.12#40.07#33.81
-160.767,71.1315#26.11#40.57#33.32
-160.598,71.1419#26.1#41.06#32.84
-160.428,71.1521#26.09#41.54#32.37
-160.258,71.1621#26.09#41.99#31.92
-160.087,71.172#26.09#42.43#31.48
-159.917,71.1817#26.08#42.83#31.09
-159.746,71.1912#26.08#43.2#30.72
-159.575,71.2006#26.08#43.57#30.35
-159.404,71.2098#26.08#43.79#30.13
-159.233,71.2188#26.07#43.91#30.02
-159.062,71.2277#26.07#44.03#29.9
-158.891,71.2364#26.07#44.19#29.74
-158.719,71.245#26.07#44.38#29.55
-158.547,71.2533#26.07#44.56#29.37
-158.375,71.2616#26.07#44.72#29.21
-158.203,71.2696#26.07#44.87#29.06
-158.031,71.2775#26.07#45.01#28.92
-157.858,71.2852#26.07#45.14#28.79
-157.686,71.2928#26.07#45.25#28.68
-157.513,71.3002#26.07#45.37#28.56
-157.34,71.3074#26.48#45.47#28.05
-157.167,71.3144#26.92#45.57#27.51
-156.994,71.3213#27.37#45.67#26.96
-156.821,71.328#27.83#45.74#26.43
-156.648,71.3346#28.29#45.81#25.9
-156.474,71.341#28.7#45.89#25.41
-156.301,71.3472#28.86#45.94#25.2
-156.127,71.3532#29.02#46#24.98
-155.953,71.3591#29.15#46.05#24.8
-155.779,71.3648#29.2#46.11#24.69
-155.605,71.3704#29.24#46.16#24.6
-155.431,71.3758#29.27#46.2#24.53
-155.257,71.381#29.28#46.24#24.48
-155.083,71.386#29.28#46.28#24.44
-154.908,71.3909#29.11#46.31#24.58
-154.734,71.3956#28.8#46.34#24.86
-154.559,71.4001#28.49#46.37#25.14
-154.384,71.4044#28.17#46.4#25.43
-154.21,71.4086#27.83#46.42#25.75
-154.035,71.4126#27.49#46.44#26.07
-153.86,71.4165#27.29#46.46#26.25
-153.685,71.4202#27.12#46.48#26.4
-153.51,71.4237#26.94#46.5#26.56
-153.335,71.427#26.81#46.51#26.68
-153.159,71.4302#26.69#46.53#26.78
-152.984,71.4332#26.57#46.54#26.89
-152.809,71.436#26.51#46.55#26.94
-152.633,71.4386#26.45#46.57#26.98
-152.458,71.4411#26.4#46.58#27.02
-152.283,71.4434#26.37#46.59#27.04
-152.107,71.4456#26.35#46.6#27.05
-151.932,71.4476#26.33#46.61#27.06
-151.756,71.4493#26.32#46.62#27.06
-151.58,71.451#26.31#46.63#27.06
-151.405,71.4524#26.31#46.64#27.05
-151.229,71.4537#26.3#46.65#27.05
-151.053,71.4548#26.3#46.66#27.04
-150.878,71.4558#26.3#46.66#27.04
-150.702,71.4565#26.3#46.67#27.03
-150.526,71.4571#26.3#46.68#27.02
-150.35,71.4576#26.31#46.69#27
-150.175,71.4578#26.31#46.69#27
-149.999,71.4579#26.31#46.7#26.99
-149.823,71.4578#26.31#46.7#26.99
-149.647,71.4576#26.32#46.71#26.97
-149.472,71.4571#26.32#46.72#26.96
-149.296,71.4565#26.32#46.72#26.96
-149.12,71.4558#26.33#46.73#26.94
-148.944,71.4548#26.33#46.73#26.94
-148.769,71.4537#26.33#46.74#26.93
-148.593,71.4524#26.34#46.74#26.92
-148.417,71.451#26.34#46.75#26.91
-148.242,71.4493#26.35#46.75#26.9
-148.066,71.4475#26.35#46.75#26.9
-147.891,71.4456#26.36#46.75#26.89
-147.715,71.4434#26.36#46.75#26.89
-147.54,71.4411#26.37#46.76#26.87
-147.364,71.4386#26.37#46.76#26.87
-147.189,71.436#26.38#46.76#26.86
-147.014,71.4331#26.38#46.76#26.86
-146.838,71.4301#26.39#46.76#26.85
-146.663,71.427#26.4#46.76#26.84
-146.488,71.4236#26.4#46.76#26.84
-146.313,71.4201#26.41#46.75#26.84
-146.138,71.4164#26.41#46.75#26.84
-145.963,71.4126#26.42#46.75#26.83
-145.788,71.4086#26.42#46.75#26.83
-145.614,71.4044#26.43#46.75#26.82
-145.439,71.4#26.44#46.74#26.82
-145.264,71.3955#26.44#46.74#26.82
-145.09,71.3908#26.45#46.74#26.81
-144.915,71.3859#26.47#46.74#26.79
-144.741,71.3809#26.49#46.73#26.78
-144.567,71.3757#26.51#46.73#26.76
-144.393,71.3703#26.61#46.73#26.66
-144.219,71.3648#26.76#46.72#26.52
-144.045,71.3591#26.91#46.72#26.37
-143.871,71.3532#27.17#46.72#26.11
-143.697,71.3471#27.47#46.71#25.82
-143.524,71.3409#27.77#46.71#25.52
-143.35,71.3345#28.18#46.7#25.12
-143.177,71.328#28.63#46.7#24.67
-143.004,71.3212#29.07#46.69#24.24
-142.83,71.3144#29.48#46.68#23.84
-142.658,71.3073#29.88#46.68#23.44
-142.485,71.3001#30.24#46.67#23.09
-142.312,71.2927#30.3#46.66#23.04
-142.139,71.2851#30.35#46.65#23
-141.967,71.2774#30.35#46.64#23.01
-141.795,71.2695#30.19#46.62#23.19
-141.623,71.2615#30.02#46.61#23.37
-141.451,71.2532#29.81#46.6#23.59
-141.279,71.2449#29.48#46.59#23.93
-141.107,71.2363#29.14#46.57#24.29
-140.936,71.2276#28.82#46.56#24.62
-140.765,71.2187#28.55#46.54#24.91
-140.593,71.2097#28.27#46.52#25.21
-140.422,71.2004#28.07#46.5#25.43
-140.252,71.1911#27.95#46.46#25.59
-140.081,71.1815#27.85#46.43#25.72
-139.911,71.1718#27.77#46.37#25.86
-139.74,71.162#27.72#46.3#25.98
-139.57,71.1519#27.68#46.22#26.1
-139.4,71.1417#27.65#46.09#26.26
-139.231,71.1314#27.63#45.93#26.44
-139.061,71.1209#27.62#45.77#26.61
-138.892,71.1102#27.61#45.55#26.84
-138.723,71.0994#27.6#45.29#27.11
-138.554,71.0884#27.6#45.02#27.38
-138.385,71.0772#27.6#44.69#27.71
-138.216,71.0659#27.6#44.33#28.07
-138.048,71.0544#27.6#43.97#28.43
-137.88,71.0428#27.6#43.62#28.78
-137.712,71.031#27.6#43.27#29.13
-137.544,71.019#27.6#42.94#29.46
-137.377,71.0069#27.6#42.75#29.65
-137.21,70.9946#27.61#42.61#29.78
-137.043,70.9822#27.61#42.44#29.95
-136.876,70.9696#27.61#42.03#30.36
-136.709,70.9568#27.61#41.53#30.86
-136.543,70.9439#27.62#41.03#31.35
-136.377,70.9308#27.62#40.61#31.77
-136.211,70.9176#27.62#40.22#32.16
-136.045,70.9042#27.62#39.85#32.53
-164.656,70.9033#29.56#34.4#36.04
-164.491,70.9174#29.54#34.66#35.8
-164.326,70.9313#29.42#34.88#35.7
-164.16,70.945#29.3#35.11#35.59
-163.994,70.9586#29.17#35.33#35.5
