-153.097,61.9029#29.05#30.15#40.8
-152.982,61.9057#28.93#30.13#40.94
-152.867,61.9085#28.9#30.07#41.03
-152.753,61.9111#28.88#30#41.12
-152.638,61.9137#28.85#29.94#41.21
-152.524,61.9161#28.83#29.87#41.3
-152.409,61.9184#28.86#29.78#41.36
-152.295,61.9207#28.9#29.69#41.41
-152.18,61.9228#28.94#29.59#41.47
-152.065,61.9248#28.98#29.49#41.53
-151.951,61.9267#28.99#29.41#41.6
-151.836,61.9284#28.96#29.35#41.69
-151.721,61.9301#28.92#29.29#41.79
-151.606,61.9317#28.89#29.23#41.88
-151.492,61.9331#28.86#29.17#41.97
-151.377,61.9345#28.73#29.15#42.12
-151.262,61.9357#28.61#29.13#42.26
-151.147,61.9369#28.49#29.11#42.4
-151.033,61.9379#28.37#29.09#42.54
-150.918,61.9388#28.21#29.08#42.71
-150.803,61.9396#28.04#29.07#42.89
-150.688,61.9403#27.87#29.06#43.07
-150.573,61.9409#27.7#29.06#43.24
-150.459,61.9414#27.52#29.05#43.43
-150.344,61.9418#27.34#29.06#43.6
-150.229,61.9421#27.16#29.06#43.78
-150.114,61.9422#26.97#29.06#43.97
-149.999,61.9423#26.79#29.06#44.15
-149.884,61.9422#26.69#29.07#44.24
-149.77,61.9421#26.6#29.08#44.32
-149.655,61.9418#26.5#29.08#44.42
-149.54,61.9414#26.4#29.09#44.51
-149.425,61.9409#26.34#29.1#44.56
-149.31,61.9403#26.31#29.11#44.58
-149.196,61.9396#26.27#29.11#44.62
-149.081,61.9388#26.23#29.12#44.65
-148.966,61.9379#26.2#29.14#44.66
-148.851,61.9369#26.18#29.16#44.66
-148.736,61.9357#26.16#29.19#44.65
-148.622,61.9345#26.15#29.21#44.64
-148.507,61.9331#26.13#29.23#44.64
-148.392,61.9317#26.12#29.29#44.59
-148.277,61.9301#26.11#29.34#44.55
-148.163,61.9284#26.11#29.4#44.49
-148.048,61.9266#26.1#29.45#44.45
-147.933,61.9247#26.09#29.53#44.38
-147.819,61.9227#26.09#29.63#44.28
-147.704,61.9206#26.09#29.73#44.18
-147.589,61.9184#26.08#29.83#44.09
-147.475,61.9161#26.08#29.92#44
-147.36,61.9136#26.1#30.02#43.88
-147.246,61.9111#26.11#30.12#43.77
-147.131,61.9085#26.13#30.22#43.65
-147.017,61.9057#26.14#30.32#43.54
-146.902,61.9028#26.19#30.41#43.4
-154.82,61.9008#32.29#30.15#37.56
-154.706,61.9053#32.06#30.16#37.78
-154.592,61.9097#31.83#30.17#38
-154.477,61.914#31.59#30.18#38.23
-154.363,61.9181#31.31#30.19#38.5
-154.249,61.9222#31.03#30.2#38.77
-154.134,61.9261#30.75#30.2#39.05
-154.02,61.93#30.47#30.21#39.32
-153.905,61.9337#30.24#30.22#39.54
-153.791,61.9373#30.01#30.23#39.76
-153.676,61.9408#29.79#30.23#39.98
-153.561,61.9442#29.57#30.24#40.19
-153.447,61.9475#29.38#30.23#40.39
-153.332,61.9507#29.25#30.21#40.54
-153.217,61.9538#29.11#30.19#40.7
-153.103,61.9568#28.97#30.17#40.86
-152.988,61.9597#28.85#30.15#41
-152.873,61.9624#28.82#30.08#41.1
-152.758,61.9651#28.8#30.01#41.19
-152.644,61.9676#28.77#29.94#41.29
-152.529,61.9701#28.75#29.87#41.38
-152.414,61.9724#28.78#29.78#41.44
-152.299,61.9746#28.83#29.68#41.49
-152.184,61.9767#28.88#29.58#41.54
-152.069,61.9787#28.94#29.48#41.58
-151.954,61.9806#28.96#29.4#41.64
-151.84,61.9824#28.95#29.35#41.7
-151.725,61.9841#28.93#29.29#41.78
-151.61,61.9857#28.92#29.24#41.84
-151.495,61.9871#28.9#29.19#41.91
-151.38,61.9885#28.79#29.17#42.04
-151.265,61.9897#28.67#29.15#42.18
-151.15,61.9909#28.55#29.13#42.32
-151.035,61.9919#28.43#29.11#42.46
-150.92,61.9928#28.29#29.1#42.61
-150.805,61.9936#28.12#29.1#42.78
-150.69,61.9943#27.96#29.09#42.95
-150.575,61.9949#27.8#29.09#43.11
-150.459,61.9954#27.62#29.08#43.3
-150.344,61.9958#27.43#29.09#43.48
-150.229,61.9961#27.24#29.09#43.67
-150.114,61.9962#27.05#29.09#43.86
-149.999,61.9963#26.86#29.09#44.05
-149.884,61.9962#26.75#29.1#44.15
-149.769,61.9961#26.64#29.11#44.25
-149.654,61.9958#26.53#29.12#44.35
-149.539,61.9954#26.43#29.12#44.45
-149.424,61.9949#26.36#29.13#44.51
-149.309,61.9943#26.32#29.14#44.54
-149.194,61.9936#26.28#29.15#44.57
-149.079,61.9928#26.24#29.16#44.6
-148.964,61.9919#26.21#29.17#44.62
-148.849,61.9909#26.19#29.2#44.61
-148.734,61.9897#26.17#29.23#44.6
-148.619,61.9885#26.15#29.25#44.6
-148.504,61.9871#26.13#29.28#44.59
-148.389,61.9857#26.12#29.34#44.54
-148.274,61.9841#26.12#29.4#44.48
-148.159,61.9824#26.11#29.46#44.43
-148.044,61.9806#26.1#29.52#44.38
-147.929,61.9787#26.1#29.6#44.3
-147.814,61.9767#26.09#29.7#44.21
-147.699,61.9746#26.09#29.8#44.11
-147.585,61.9724#26.08#29.89#44.03
-147.47,61.97#26.09#29.99#43.92
-147.355,61.9676#26.1#30.08#43.82
-147.24,61.9651#26.12#30.17#43.71
-147.125,61.9624#26.14#30.27#43.59
-147.011,61.9596#26.16#30.36#43.48
-146.896,61.9568#26.21#30.45#43.34
-146.781,61.9538#26.26#30.53#43.21
-146.666,61.9507#26.32#30.62#43.06
-146.552,61.9475#26.37#30.7#42.93
-146.437,61.9442#26.45#30.79#42.76
-146.323,61.9408#26.53#30.89#42.58
-146.208,61.9373#26.62#30.98#42.4
-146.093,61.9336#26.7#31.07#42.23
-145.979,61.9299#26.78#31.16#42.06
-145.865,61.9261#26.85#31.25#41.9
-145.75,61.9221#26.92#31.34#41.74
-145.636,61.9181#26.99#31.43#41.58
-145.521,61.9139#27.06#31.52#41.42
-145.407,61.9096#27.11#31.6#41.29
-145.293,61.9053#27.15#31.67#41.18
-145.178,61.9008#27.19#31.75#41.06
-155.972,61.9038#35.38#29.99#34.63
-155.858,61.9094#35.04#30.02#34.94
-155.744,61.9148#34.7#30.04#35.26
-155.63,61.9202#34.36#30.07#35.57
-155.516,61.9254#34.02#30.09#35.89
-155.402,61.9306#33.7#30.11#36.19
-155.287,61.9356#33.39#30.13#36.48
-155.173,61.9405#33.07#30.14#36.79
-155.059,61.9453#32.76#30.16#37.08
-154.944,61.95#32.49#30.17#37.34
-154.83,61.9546#32.25#30.18#37.57
-154.715,61.9591#32.01#30.19#37.8
-154.601,61.9635#31.77#30.2#38.03
-154.486,61.9678#31.53#30.22#38.25
-154.372,61.972#31.25#30.22#38.53
-154.257,61.976#30.97#30.23#38.8
-154.142,61.98#30.69#30.24#39.07
-154.028,61.9838#30.41#30.25#39.34
-153.913,61.9876#30.17#30.25#39.58
-153.798,61.9912#29.94#30.26#39.8
-153.683,61.9947#29.72#30.27#40.01
-153.569,61.9982#29.5#30.27#40.23
-153.454,62.0015#29.31#30.27#40.42
-153.339,62.0047#29.17#30.24#40.59
-153.224,62.0078#29.03#30.22#40.75
-153.109,62.0107#28.9#30.19#40.91
-152.994,62.0136#28.77#30.17#41.06
-152.879,62.0164#28.75#30.09#41.16
-152.764,62.019#28.72#30.02#41.26
-152.649,62.0216#28.7#29.94#41.36
-152.534,62.024#28.67#29.86#41.47
-152.419,62.0264#28.71#29.77#41.52
-152.304,62.0286#28.77#29.67#41.56
-152.189,62.0307#28.83#29.57#41.6
-152.074,62.0327#28.89#29.47#41.64
-151.958,62.0346#28.94#29.39#41.67
-151.843,62.0364#28.94#29.34#41.72
-151.728,62.0381#28.94#29.29#41.77
-151.613,62.0397#28.95#29.25#41.8
-151.498,62.0411#28.95#29.2#41.85
-151.382,62.0425#28.84#29.18#41.98
-151.267,62.0437#28.73#29.17#42.1
-151.152,62.0449#28.61#29.15#42.24
-151.037,62.0459#28.5#29.13#42.37
-150.921,62.0468#28.36#29.12#42.52
-150.806,62.0477#28.21#29.12#42.67
-150.691,62.0484#28.05#29.12#42.83
-150.576,62.049#27.9#29.11#42.99
-150.46,62.0494#27.73#29.11#43.16
-150.345,62.0498#27.52#29.12#43.36
-150.23,62.0501#27.32#29.12#43.56
-150.115,62.0503#27.12#29.12#43.76
-149.999,62.0503#26.92#29.13#43.95
-149.884,62.0503#26.8#29.13#44.07
-149.769,62.0501#26.69#29.14#44.17
-149.653,62.0498#26.57#29.15#44.28
-149.538,62.0494#26.45#29.15#44.4
-149.423,62.049#26.38#29.16#44.46
-149.308,62.0484#26.34#29.17#44.49
-149.192,62.0476#26.3#29.18#44.52
-149.077,62.0468#26.26#29.19#44.55
-148.962,62.0459#26.22#29.21#44.57
-148.847,62.0449#26.2#29.24#44.56
-148.731,62.0437#26.18#29.27#44.55
-148.616,62.0425#26.16#29.3#44.54
-148.501,62.0411#26.14#29.33#44.53
-148.386,62.0397#26.13#29.39#44.48
-148.271,62.0381#26.12#29.45#44.43
-148.155,62.0364#26.11#29.51#44.38
-148.04,62.0346#26.1#29.58#44.32
-147.925,62.0327#26.1#29.66#44.24
-147.81,62.0307#26.09#29.76#44.15
-147.695,62.0286#26.09#29.86#44.05
-147.58,62.0263#26.09#29.96#43.95
-147.465,62.024#26.09#30.06#43.85
-147.35,62.0216#26.11#30.14#43.75
-147.235,62.019#26.13#30.23#43.64
-147.12,62.0163#26.15#30.31#43.54
-147.005,62.0136#26.17#30.4#43.43
-146.89,62.0107#26.23#30.48#43.29
-146.775,62.0077#26.29#30.57#43.14
-146.66,62.0046#26.35#30.65#43
-146.545,62.0014#26.41#30.74#42.85
-146.43,61.9981#26.49#30.82#42.69
-146.315,61.9947#26.58#30.91#42.51
-146.2,61.9912#26.66#31#42.34
-146.086,61.9875#26.75#31.08#42.17
-145.971,61.9838#26.83#31.17#42
-145.856,61.9799#26.89#31.25#41.86
-145.742,61.976#26.96#31.34#41.7
-145.627,61.9719#27.02#31.42#41.56
-145.512,61.9677#27.09#31.51#41.4
-145.398,61.9635#27.13#31.58#41.29
-145.283,61.9591#27.17#31.65#41.18
-145.169,61.9546#27.21#31.72#41.07
-145.054,61.95#27.25#31.79#40.96
-144.94,61.9453#27.27#31.85#40.88
-144.826,61.9405#27.28#31.9#40.82
-144.711,61.9355#27.3#31.95#40.75
-144.597,61.9305#27.31#32#40.69
-144.483,61.9254#27.32#32.05#40.63
-144.368,61.9201#27.29#32.11#40.6
-144.254,61.9148#27.26#32.17#40.57
-144.14,61.9093#27.23#32.24#40.53
-144.026,61.9037#27.21#32.3#40.49
-157.011,61.9025#38.22#29.53#32.25
-156.897,61.909#37.91#29.59#32.5
-156.783,61.9155#37.59#29.65#32.76
-156.669,61.9218#37.28#29.72#33
-156.555,61.928#36.96#29.78#33.26
-156.441,61.9341#36.64#29.84#33.52
-156.327,61.9401#36.32#29.89#33.79
-156.213,61.946#35.99#29.94#34.07
-156.099,61.9518#35.67#29.99#34.34
-155.984,61.9575#35.34#30.03#34.63
-155.87,61.9631#35#30.06#34.94
-155.756,61.9686#34.65#30.08#35.27
-155.641,61.9739#34.31#30.11#35.58
-155.527,61.9792#33.97#30.13#35.9
-155.412,61.9843#33.65#30.15#36.2
-155.298,61.9894#33.34#30.16#36.5
-155.183,61.9943#33.04#30.18#36.78
-155.069,61.9991#32.73#30.19#37.08
-154.954,62.0039#32.45#30.21#37.34
-154.84,62.0085#32.21#30.22#37.57
-154.725,62.013#31.96#30.23#37.81
-154.61,62.0174#31.71#30.24#38.05
-154.495,62.0217#31.46#30.25#38.29
-154.38,62.0258#31.18#30.26#38.56
-154.266,62.0299#30.9#30.27#38.83
-154.151,62.0339#30.62#30.27#39.11
-154.036,62.0377#30.34#30.28#39.38
-153.921,62.0415#30.1#30.29#39.61
-153.806,62.0451#29.88#30.3#39.82
-153.691,62.0486#29.65#30.3#40.05
-153.576,62.0521#29.42#30.31#40.27
-153.461,62.0554#29.23#30.3#40.47
-153.346,62.0586#29.09#30.27#40.64
-153.23,62.0617#28.96#30.25#40.79
-153.115,62.0647#28.83#30.22#40.95
-153,62.0676#28.69#30.18#41.13
-152.885,62.0703#28.67#30.1#41.23
-152.77,62.073#28.64#30.02#41.34
-152.654,62.0756#28.62#29.94#41.44
-152.539,62.078#28.59#29.86#41.55
-152.424,62.0804#28.63#29.76#41.61
-152.308,62.0826#28.7#29.66#41.64
-152.193,62.0847#28.78#29.56#41.66
-152.078,62.0867#28.85#29.46#41.69
-151.962,62.0886#28.91#29.38#41.71
-151.847,62.0904#28.93#29.34#41.73
-151.732,62.0921#28.95#29.3#41.75
-151.616,62.0937#28.98#29.26#41.76
-151.501,62.0952#29#29.22#41.78
-151.385,62.0965#28.89#29.2#41.91
-151.27,62.0978#28.78#29.19#42.03
-151.154,62.0989#28.68#29.17#42.15
-151.039,62.0999#28.57#29.15#42.28
-150.923,62.1009#28.43#29.15#42.42
-150.808,62.1017#28.29#29.15#42.56
-150.692,62.1024#28.14#29.14#42.72
-150.577,62.103#28#29.14#42.86
-150.461,62.1035#27.83#29.14#43.03
-150.346,62.1039#27.62#29.15#43.23
-150.23,62.1041#27.41#29.15#43.44
-150.115,62.1043#27.19#29.15#43.66
-149.999,62.1044#26.98#29.16#43.86
-149.884,62.1043#26.86#29.17#43.97
-149.768,62.1041#26.73#29.17#44.1
-149.653,62.1039#26.6#29.18#44.22
-149.537,62.1035#26.48#29.19#44.33
-149.422,62.103#26.41#29.2#44.39
-149.306,62.1024#26.36#29.21#44.43
-149.191,62.1017#26.31#29.22#44.47
-149.075,62.1009#26.27#29.23#44.5
-148.96,62.0999#26.23#29.24#44.53
-148.844,62.0989#26.21#29.28#44.51
-148.729,62.0978#26.19#29.31#44.5
-148.613,62.0965#26.16#29.34#44.5
-148.498,62.0951#26.14#29.38#44.48
-148.382,62.0937#26.13#29.44#44.43
-148.267,62.0921#26.12#29.51#44.37
-148.152,62.0904#26.11#29.57#44.32
-148.036,62.0886#26.1#29.64#44.26
-147.921,62.0867#26.1#29.73#44.17
-147.805,62.0847#26.09#29.83#44.08
-147.69,62.0826#26.09#29.93#43.98
-147.575,62.0803#26.09#30.03#43.88
-147.46,62.078#26.09#30.12#43.79
-147.344,62.0755#26.12#30.2#43.68
-147.229,62.073#26.14#30.28#43.58
-147.114,62.0703#26.16#30.36#43.48
-146.999,62.0675#26.19#30.44#43.37
-146.883,62.0646#26.25#30.52#43.23
-146.768,62.0617#26.32#30.6#43.08
-146.653,62.0586#26.38#30.68#42.94
-146.538,62.0553#26.45#30.77#42.78
-146.423,62.052#26.53#30.85#42.62
-146.308,62.0486#26.62#30.93#42.45
-146.193,62.0451#26.71#31.01#42.28
-146.078,62.0414#26.8#31.1#42.1
-145.963,62.0377#26.88#31.18#41.94
-145.848,62.0338#26.94#31.26#41.8
-145.733,62.0299#26.99#31.34#41.67
-145.618,62.0258#27.05#31.42#41.53
-145.503,62.0216#27.11#31.5#41.39
-145.389,62.0173#27.15#31.56#41.29
-145.274,62.0129#27.19#31.62#41.19
-145.159,62.0084#27.23#31.69#41.08
-145.044,62.0038#27.26#31.75#40.99
-144.93,61.9991#27.28#31.8#40.92
-144.815,61.9942#27.29#31.85#40.86
-144.701,61.9893#27.3#31.89#40.81
-144.586,61.9843#27.31#31.93#40.76
-144.472,61.9791#27.31#31.98#40.71
-144.357,61.9739#27.27#32.04#40.69
-144.243,61.9685#27.24#32.09#40.67
-144.128,61.963#27.21#32.15#40.64
-144.014,61.9574#27.18#32.21#40.61
-143.9,61.9518#27.12#32.33#40.55
-143.786,61.946#27.06#32.44#40.5
-143.672,61.9401#27#32.56#40.44
-143.558,61.9341#26.94#32.68#40.38
-143.443,61.9279#26.89#32.82#40.29
-143.329,61.9217#26.85#32.97#40.18
-143.216,61.9154#26.81#33.13#40.06
-143.102,61.909#26.77#33.3#39.93
-142.988,61.9024#26.73#33.47#39.8
-157.821,61.9073#40.58#29.34#30.08
-157.708,61.9146#40.16#29.36#30.48
-157.594,61.9218#39.76#29.38#30.86
-157.48,61.9288#39.37#29.4#31.23
-157.367,61.9358#39.07#29.45#31.48
-157.253,61.9427#38.77#29.49#31.74
-157.139,61.9495#38.47#29.54#31.99
-157.025,61.9561#38.17#29.58#32.25
-156.911,61.9627#37.86#29.64#32.5
-156.797,61.9691#37.54#29.71#32.75
-156.682,61.9754#37.23#29.77#33
-156.568,61.9817#36.91#29.84#33.25
-156.454,61.9878#36.59#29.9#33.51
-156.34,61.9938#36.27#29.94#33.79
-156.225,61.9997#35.94#29.99#34.07
-156.111,62.0055#35.62#30.03#34.35
-155.996,62.0112#35.29#30.07#34.64
-155.882,62.0168#34.95#30.1#34.95
-155.767,62.0223#34.61#30.12#35.27
-155.653,62.0277#34.26#30.14#35.6
-155.538,62.033#33.92#30.17#35.91
-155.423,62.0381#33.61#30.19#36.2
-155.309,62.0432#33.3#30.2#36.5
-155.194,62.0481#33#30.22#36.78
-155.079,62.0529#32.7#30.23#37.07
-154.964,62.0577#32.42#30.24#37.34
-154.849,62.0623#32.17#30.25#37.58
-154.734,62.0668#31.91#30.26#37.83
-154.619,62.0712#31.66#30.27#38.07
-154.504,62.0755#31.4#30.29#38.31
-154.389,62.0797#31.12#30.29#38.59
-154.274,62.0838#30.84#30.3#38.86
-154.159,62.0878#30.56#30.31#39.13
-154.044,62.0916#30.28#30.32#39.4
-153.929,62.0954#30.03#30.32#39.65
-153.813,62.099#29.81#30.33#39.86
-153.698,62.1026#29.58#30.34#40.08
-153.583,62.106#29.35#30.34#40.31
-153.468,62.1093#29.15#30.34#40.51
-153.352,62.1125#29.02#30.31#40.67
-153.237,62.1157#28.89#30.27#40.84
-153.121,62.1186#28.75#30.24#41.01
-153.006,62.1215#28.62#30.2#41.18
-152.891,62.1243#28.59#30.12#41.29
-152.775,62.127#28.56#30.03#41.41
-152.66,62.1296#28.54#29.94#41.52
-152.544,62.132#28.51#29.86#41.63
-152.429,62.1344#28.55#29.76#41.69
-152.313,62.1366#28.64#29.65#41.71
-152.197,62.1387#28.72#29.55#41.73
-152.082,62.1407#28.8#29.45#41.75
-151.966,62.1426#28.88#29.36#41.76
-151.851,62.1444#28.92#29.33#41.75
-151.735,62.1461#28.96#29.3#41.74
-151.619,62.1477#29#29.27#41.73
-151.504,62.1492#29.05#29.23#41.72
-151.388,62.1506#28.95#29.22#41.83
-151.272,62.1518#28.84#29.21#41.95
-151.157,62.153#28.74#29.19#42.07
-151.041,62.154#28.63#29.18#42.19
-150.925,62.1549#28.51#29.17#42.32
-150.809,62.1557#28.37#29.17#42.46
-150.694,62.1564#28.23#29.17#42.6
-150.578,62.157#28.09#29.17#42.74
-150.462,62.1575#27.93#29.17#42.9
-150.347,62.1579#27.71#29.17#43.12
-150.231,62.1582#27.49#29.18#43.33
-150.115,62.1584#27.27#29.18#43.55
-149.999,62.1584#27.05#29.19#43.76
-149.884,62.1584#26.91#29.2#43.89
-149.768,62.1582#26.78#29.2#44.02
-149.652,62.1579#26.64#29.21#44.15
-149.536,62.1575#26.5#29.22#44.28
-149.421,62.157#26.43#29.23#44.34
-149.305,62.1564#26.38#29.24#44.38
-149.189,62.1557#26.33#29.25#44.42
-149.073,62.1549#26.28#29.26#44.46
-148.958,62.154#26.24#29.28#44.48
-148.842,62.1529#26.22#29.32#44.46
-148.726,62.1518#26.19#29.35#44.46
-148.611,62.1505#26.17#29.39#44.44
-148.495,62.1492#26.14#29.42#44.44
-148.379,62.1477#26.14#29.49#44.37
-148.264,62.1461#26.13#29.56#44.31
-148.148,62.1444#26.12#29.63#44.25
-148.032,62.1426#26.11#29.7#44.19
-147.917,62.1407#26.1#29.79#44.11
-147.801,62.1387#26.1#29.89#44.01
-147.685,62.1366#26.09#30#43.91
-147.57,62.1343#26.09#30.1#43.81
-147.454,62.132#26.1#30.19#43.71
-147.339,62.1295#26.12#30.26#43.62
-147.223,62.127#26.15#30.33#43.52
-147.108,62.1243#26.18#30.41#43.41
-146.992,62.1215#26.21#30.48#43.31
-146.877,62.1186#26.28#30.56#43.16
-146.762,62.1156#26.35#30.64#43.01
-146.646,62.1125#26.42#30.72#42.86
-146.531,62.1093#26.49#30.8#42.71
-146.416,62.106#26.57#30.87#42.56
-146.3,62.1025#26.66#30.95#42.39
-146.185,62.099#26.76#31.03#42.21
-146.07,62.0953#26.85#31.11#42.04
-145.955,62.0916#26.92#31.19#41.89
-145.84,62.0877#26.98#31.26#41.76
-145.724,62.0837#27.03#31.34#41.63
-145.609,62.0797#27.08#31.41#41.51
-145.494,62.0755#27.13#31.49#41.38
-145.379,62.0712#27.17#31.54#41.29
-145.264,62.0668#27.21#31.6#41.19
-145.149,62.0622#27.24#31.65#41.11
-145.034,62.0576#27.28#31.71#41.01
-144.92,62.0529#27.29#31.75#40.96
-144.805,62.0481#27.3#31.79#40.91
-144.69,62.0431#27.3#31.83#40.87
-144.575,62.038#27.3#31.86#40.84
-144.461,62.0329#27.29#31.91#40.8
-144.346,62.0276#27.25#31.96#40.79
-144.231,62.0222#27.22#32.01#40.77
-144.117,62.0168#27.18#32.07#40.75
-144.002,62.0112#27.14#32.12#40.74
-143.888,62.0055#27.08#32.24#40.68
-143.773,61.9997#27.02#32.36#40.62
-143.659,61.9937#26.96#32.48#40.56
-143.545,61.9877#26.9#32.6#40.5
-143.43,61.9816#26.85#32.74#40.41
-143.316,61.9754#26.82#32.89#40.29
-143.202,61.969#26.78#33.04#40.18
-143.088,61.9626#26.75#33.19#40.06
-142.974,61.956#26.72#33.36#39.92
-142.86,61.9494#26.7#33.58#39.72
-142.746,61.9426#26.69#33.8#39.51
-142.632,61.9357#26.68#34.02#39.3
-142.518,61.9287#26.67#34.24#39.09
-142.404,61.9217#26.66#34.5#38.84
-142.291,61.9145#26.66#34.77#38.57
-142.177,61.9072#26.66#35.04#38.3
-158.632,61.9066#43.2#29.29#27.51
-158.519,61.9147#42.93#29.3#27.77
-158.405,61.9226#42.55#29.31#28.14
-158.292,61.9305#42.14#29.32#28.54
-158.178,61.9382#41.73#29.33#28.94
-158.065,61.9458#41.31#29.34#29.35
-157.951,61.9534#40.89#29.35#29.76
-157.837,61.9608#40.49#29.37#30.14
-157.723,61.9681#40.1#29.4#30.5
-157.609,61.9753#39.7#29.42#30.88
-157.495,61.9824#39.32#29.44#31.24
-157.381,61.9894#39.02#29.49#31.49
-157.267,61.9963#38.72#29.54#31.74
-157.153,62.003#38.42#29.59#31.99
-157.039,62.0097#38.12#29.63#32.25
-156.925,62.0163#37.81#29.7#32.49
-156.81,62.0227#37.49#29.76#32.75
-156.696,62.0291#37.18#29.83#32.99
-156.581,62.0353#36.86#29.9#33.24
-156.467,62.0415#36.54#29.96#33.5
-156.352,62.0475#36.22#30#33.78
-156.238,62.0534#35.9#30.04#34.06
-156.123,62.0593#35.57#30.08#34.35
-156.008,62.065#35.25#30.11#34.64
-155.894,62.0706#34.9#30.14#34.96
-155.779,62.0761#34.56#30.16#35.28
-155.664,62.0815#34.22#30.18#35.6
-155.549,62.0867#33.87#30.21#35.92
-155.434,62.0919#33.56#30.22#36.22
-155.319,62.097#33.26#30.24#36.5
-155.204,62.1019#32.96#30.25#36.79
-155.089,62.1068#32.67#30.27#37.06
-154.974,62.1115#32.38#30.28#37.34
-154.859,62.1161#32.12#30.29#37.59
-154.744,62.1207#31.86#30.3#37.84
-154.629,62.1251#31.6#30.31#38.09
-154.513,62.1294#31.34#30.32#38.34
-154.398,62.1336#31.06#30.33#38.61
-154.283,62.1377#30.78#30.34#38.88
-154.167,62.1417#30.5#30.34#39.16
-154.052,62.1455#30.22#30.35#39.43
-153.937,62.1493#29.97#30.36#39.67
-153.821,62.153#29.74#30.37#39.89
-153.706,62.1565#29.51#30.37#40.12
-153.59,62.16#29.28#30.38#40.34
-153.475,62.1633#29.08#30.37#40.55
-153.359,62.1665#28.94#30.33#40.73
-153.243,62.1696#28.81#30.29#40.9
-153.128,62.1726#28.68#30.25#41.07
-153.012,62.1755#28.55#30.2#41.25
-152.896,62.1783#28.51#30.11#41.38
-152.781,62.181#28.48#30.02#41.5
-152.665,62.1836#28.46#29.93#41.61
-152.549,62.186#28.43#29.84#41.73
-152.434,62.1884#28.47#29.74#41.79
-152.318,62.1906#28.55#29.64#41.81
-152.202,62.1927#28.64#29.54#41.82
-152.086,62.1948#28.72#29.44#41.84
-151.97,62.1967#28.8#29.36#41.84
-151.854,62.1985#28.85#29.33#41.82
-151.739,62.2002#28.9#29.3#41.8
-151.623,62.2018#28.95#29.27#41.78
-151.507,62.2032#29.01#29.24#41.75
-151.391,62.2046#28.93#29.22#41.85
-151.275,62.2059#28.84#29.21#41.95
-151.159,62.207#28.76#29.2#42.04
-151.043,62.208#28.67#29.18#42.15
-150.927,62.209#28.56#29.18#42.26
-150.811,62.2098#28.42#29.18#42.4
-150.695,62.2105#28.29#29.18#42.53
-150.579,62.2111#28.16#29.18#42.66
-150.463,62.2116#28#29.18#42.82
-150.347,62.212#27.79#29.18#43.03
-150.231,62.2123#27.58#29.19#43.23
-150.115,62.2124#27.37#29.19#43.44
-149.999,62.2125#27.15#29.2#43.65
-149.883,62.2124#27.01#29.21#43.78
-149.767,62.2123#26.86#29.21#43.93
-149.651,62.212#26.72#29.22#44.06
-149.535,62.2116#26.57#29.23#44.2
-149.419,62.2111#26.48#29.24#44.28
-149.303,62.2105#26.43#29.26#44.31
-149.187,62.2098#26.37#29.27#44.36
-149.071,62.209#26.31#29.28#44.41
-148.956,62.208#26.26#29.3#44.44
-148.84,62.207#26.24#29.34#44.42
-148.724,62.2058#26.21#29.38#44.41
-148.608,62.2046#26.18#29.42#44.4
-148.492,62.2032#26.16#29.46#44.38
-148.376,62.2017#26.14#29.53#44.33
-148.26,62.2001#26.13#29.61#44.26
-148.144,62.1985#26.12#29.68#44.2
-148.028,62.1966#26.11#29.75#44.14
-147.912,62.1947#26.11#29.84#44.05
-147.797,62.1927#26.1#29.94#43.96
-147.681,62.1906#26.1#30.04#43.86
-147.565,62.1883#26.1#30.14#43.76
-147.449,62.186#26.11#30.23#43.66
-147.334,62.1835#26.14#30.3#43.56
-147.218,62.181#26.17#30.37#43.46
-147.102,62.1783#26.2#30.44#43.36
-146.986,62.1755#26.23#30.51#43.26
-146.871,62.1726#26.31#30.59#43.1
-146.755,62.1696#26.38#30.67#42.95
-146.64,62.1665#26.45#30.74#42.81
-146.524,62.1632#26.53#30.82#42.65
-146.408,62.1599#26.61#30.9#42.49
-146.293,62.1565#26.71#30.97#42.32
-146.177,62.1529#26.8#31.05#42.15
-146.062,62.1493#26.9#31.12#41.98
-145.947,62.1455#26.97#31.19#41.84
-145.831,62.1416#27.02#31.26#41.72
-145.716,62.1376#27.06#31.34#41.6
-145.6,62.1335#27.11#31.41#41.48
-145.485,62.1293#27.16#31.48#41.36
-145.37,62.125#27.19#31.52#41.29
-145.255,62.1206#27.23#31.57#41.2
-145.14,62.1161#27.26#31.62#41.12
-145.024,62.1115#27.3#31.67#41.03
-144.909,62.1067#27.3#31.7#41
-144.794,62.1019#27.3#31.73#40.97
-144.679,62.0969#27.3#31.76#40.94
-144.564,62.0918#27.3#31.8#40.9
-144.449,62.0867#27.28#31.84#40.88
-144.334,62.0814#27.24#31.88#40.88
-144.22,62.076#27.19#31.93#40.88
-144.105,62.0705#27.15#31.98#40.87
-143.99,62.0649#27.11#32.04#40.85
-143.875,62.0592#27.04#32.16#40.8
-143.761,62.0534#26.98#32.28#40.74
-143.646,62.0474#26.91#32.4#40.69
-143.532,62.0414#26.85#32.52#40.63
-143.417,62.0353#26.81#32.66#40.53
-143.303,62.029#26.79#32.8#40.41
-143.188,62.0227#26.76#32.94#40.3
-143.074,62.0162#26.73#33.09#40.18
-142.96,62.0096#26.7#33.26#40.04
-142.846,62.003#26.69#33.48#39.83
-142.731,61.9962#26.68#33.69#39.63
-142.617,61.9893#26.67#33.91#39.42
-142.503,61.9823#26.66#34.12#39.22
-142.389,61.9752#26.66#34.39#38.95
-142.275,61.968#26.66#34.66#38.68
-142.161,61.9607#26.65#34.93#38.42
-142.048,61.9533#26.65#35.2#38.15
-141.934,61.9457#26.65#35.5#37.85
-141.82,61.9381#26.65#35.82#37.53
-141.707,61.9304#26.65#36.13#37.22
-141.593,61.9225#26.66#36.45#36.89
-141.48,61.9146#26.66#36.78#36.56
-141.366,61.9065#26.66#37.17#36.17
-159.443,61.9006#45#29.26#25.74
-159.33,61.9094#44.74#29.27#25.99
-159.217,61.9181#44.48#29.28#26.24
-159.103,61.9267#44.22#29.29#26.49
-158.99,61.9352#43.96#29.3#26.74
-158.877,61.9436#43.69#29.31#27
-158.763,61.9518#43.42#29.32#27.26
-158.65,61.96#43.15#29.33#27.52
-158.536,61.9681#42.89#29.34#27.77
-158.422,61.976#42.52#29.35#28.13
-158.308,61.9839#42.09#29.36#28.55
-158.195,61.9917#41.66#29.37#28.97
-158.081,61.9993#41.22#29.38#29.4
-157.967,62.0068#40.79#29.39#29.82
-157.853,62.0143#40.41#29.41#30.18
-157.739,62.0216#40.03#29.44#30.53
-157.625,62.0288#39.65#29.46#30.89
-157.51,62.0359#39.28#29.49#31.23
-157.396,62.043#38.97#29.54#31.49
-157.282,62.0499#38.67#29.59#31.74
-157.167,62.0567#38.37#29.64#31.99
-157.053,62.0633#38.07#29.69#32.24
-156.938,62.0699#37.76#29.75#32.49
-156.824,62.0764#37.44#29.82#32.74
-156.709,62.0828#37.13#29.88#32.99
-156.595,62.089#36.81#29.95#33.24
-156.48,62.0952#36.5#30.01#33.49
-156.365,62.1012#36.17#30.05#33.78
-156.25,62.1072#35.85#30.09#34.06
-156.135,62.113#35.52#30.12#34.36
-156.021,62.1187#35.2#30.15#34.65
-155.906,62.1243#34.86#30.18#34.96
-155.791,62.1298#34.51#30.2#35.29
-155.675,62.1352#34.17#30.22#35.61
-155.56,62.1405#33.83#30.24#35.93
-155.445,62.1457#33.51#30.26#36.23
-155.33,62.1508#33.22#30.28#36.5
-155.215,62.1558#32.93#30.29#36.78
-155.1,62.1606#32.64#30.3#37.06
-154.984,62.1654#32.35#30.31#37.34
-154.869,62.17#32.09#30.32#37.59
-154.753,62.1745#31.82#30.33#37.85
-154.638,62.179#31.55#30.34#38.11
-154.523,62.1833#31.28#30.35#38.37
-154.407,62.1875#31#30.35#38.65
-154.291,62.1916#30.72#30.36#38.92
-154.176,62.1956#30.44#30.37#39.19
-154.06,62.1995#30.16#30.37#39.47
-153.945,62.2032#29.91#30.38#39.71
-153.829,62.2069#29.68#30.38#39.94
-153.713,62.2105#29.45#30.38#40.17
-153.597,62.2139#29.22#30.38#40.4
-153.482,62.2173#29.01#30.37#40.62
-153.366,62.2205#28.88#30.32#40.8
-153.25,62.2236#28.74#30.27#40.99
-153.134,62.2266#28.61#30.23#41.16
-153.018,62.2295#28.47#30.18#41.35
-152.902,62.2323#28.43#30.09#41.48
-152.786,62.235#28.4#29.99#41.61
-152.67,62.2376#28.38#29.9#41.72
-152.554,62.24#28.35#29.8#41.85
-152.438,62.2424#28.39#29.71#41.9
-152.322,62.2446#28.47#29.62#41.91
-152.206,62.2468#28.55#29.52#41.93
-152.09,62.2488#28.63#29.43#41.94
-151.974,62.2507#28.7#29.35#41.95
-151.858,62.2525#28.77#29.33#41.9
-151.742,62.2542#28.83#29.3#41.87
-151.626,62.2558#28.9#29.27#41.83
-151.51,62.2573#28.96#29.24#41.8
-151.394,62.2587#28.9#29.23#41.87
-151.277,62.2599#28.84#29.22#41.94
-151.161,62.2611#28.77#29.2#42.03
-151.045,62.2621#28.71#29.19#42.1
-150.929,62.263#28.6#29.19#42.21
-150.813,62.2639#28.47#29.19#42.34
-150.697,62.2646#28.35#29.19#42.46
-150.58,62.2652#28.22#29.19#42.59
-150.464,62.2657#28.07#29.19#42.74
-150.348,62.2661#27.87#29.19#42.94
-150.232,62.2663#27.66#29.2#43.14
-150.115,62.2665#27.46#29.2#43.34
-149.999,62.2665#27.26#29.21#43.53
-149.883,62.2665#27.1#29.22#43.68
-149.767,62.2663#26.95#29.23#43.82
-149.651,62.2661#26.79#29.23#43.98
-149.534,62.2657#26.64#29.24#44.12
-149.418,62.2652#26.54#29.26#44.2
-149.302,62.2646#26.47#29.27#44.26
-149.186,62.2639#26.4#29.29#44.31
-149.07,62.263#26.34#29.3#44.36
-148.953,62.2621#26.28#29.33#44.39
-148.837,62.2611#26.25#29.37#44.38
-148.721,62.2599#26.22#29.41#44.37
-148.605,62.2586#26.19#29.46#44.35
-148.489,62.2573#26.17#29.5#44.33
-148.373,62.2558#26.15#29.58#44.27
-148.256,62.2542#26.14#29.65#44.21
-148.14,62.2525#26.13#29.72#44.15
-148.024,62.2507#26.11#29.8#44.09
-147.908,62.2488#26.11#29.89#44
-147.792,62.2467#26.11#29.98#43.91
-147.676,62.2446#26.11#30.08#43.81
-147.56,62.2424#26.11#30.17#43.72
-147.444,62.24#26.13#30.25#43.62
-147.328,62.2375#26.16#30.32#43.52
-147.212,62.235#26.2#30.39#43.41
-147.096,62.2323#26.23#30.46#43.31
-146.98,62.2295#26.27#30.53#43.2
-146.864,62.2266#26.35#30.61#43.04
-146.749,62.2236#26.42#30.68#42.9
-146.633,62.2204#26.5#30.75#42.75
-146.517,62.2172#26.57#30.83#42.6
-146.401,62.2139#26.66#30.9#42.44
-146.285,62.2104#26.75#30.97#42.28
-146.17,62.2069#26.84#31.04#42.12
-146.054,62.2032#26.93#31.12#41.95
-145.938,62.1994#27#31.18#41.82
-145.823,62.1955#27.04#31.25#41.71
-145.707,62.1915#27.09#31.31#41.6
-145.592,62.1874#27.13#31.38#41.49
-145.476,62.1832#27.17#31.44#41.39
-145.361,62.1789#27.21#31.48#41.31
-145.245,62.1745#27.24#31.53#41.23
-145.13,62.17#27.28#31.57#41.15
-145.014,62.1653#27.31#31.62#41.07
-144.899,62.1606#27.31#31.65#41.04
-144.784,62.1557#27.31#31.68#41.01
-144.669,62.1507#27.3#31.7#41
-144.553,62.1456#27.29#31.73#40.98
-144.438,62.1405#27.27#31.76#40.97
-144.323,62.1352#27.22#31.8#40.98
-144.208,62.1298#27.17#31.85#40.98
-144.093,62.1243#27.12#31.89#40.99
-143.978,62.1186#27.07#31.95#40.98
-143.863,62.1129#27#32.07#40.93
-143.748,62.1071#26.94#32.2#40.86
-143.633,62.1011#26.87#32.32#40.81
-143.519,62.0951#26.81#32.44#40.75
-143.404,62.0889#26.78#32.57#40.65
-143.289,62.0827#26.76#32.71#40.53
-143.175,62.0763#26.73#32.84#40.43
-143.06,62.0698#26.71#32.98#40.31
-142.946,62.0633#26.69#33.16#40.15
-142.831,62.0566#26.68#33.37#39.95
-142.717,62.0498#26.67#33.58#39.75
-142.602,62.0429#26.66#33.8#39.54
-142.488,62.0359#26.65#34.02#39.33
-142.374,62.0287#26.65#34.29#39.06
-142.26,62.0215#26.65#34.56#38.79
-142.146,62.0142#26.65#34.83#38.52
-142.032,62.0068#26.65#35.1#38.25
-141.918,61.9992#26.65#35.4#37.95
-141.804,61.9916#26.65#35.72#37.63
-141.69,61.9838#26.65#36.03#37.32
-141.576,61.9759#26.65#36.35#37
-141.463,61.968#26.66#36.69#36.65
-141.349,61.9599#26.66#37.08#36.26
-141.235,61.9517#26.67#37.48#35.85
-141.122,61.9435#26.67#37.87#35.46
-141.009,61.9351#26.68#38.26#35.06
-140.895,61.9266#26.68#38.56#34.76
-140.782,61.918#26.69#38.86#34.45
-140.669,61.9093#26.69#39.18#34.13
-140.556,61.9005#26.7#39.5#33.8
-160.027,61.9081#45.98#29.26#24.76
-159.914,61.9175#45.79#29.27#24.94
-159.801,61.9267#45.58#29.28#25.14
-159.688,61.9359#45.38#29.29#25.33
-159.575,61.9449#45.17#29.29#25.54
-159.462,61.9538#44.94#29.3#25.76
-159.349,61.9627#44.68#29.31#26.01
-159.235,61.9714#44.41#29.32#26.27
-159.122,61.98#44.14#29.33#26.53
-159.008,61.9885#43.88#29.34#26.78
-158.894,61.9969#43.61#29.35#27.04
-158.781,62.0052#43.36#29.36#27.28
-158.667,62.0134#43.1#29.36#27.54
-158.553,62.0215#42.85#29.37#27.78
-158.439,62.0295#42.49#29.38#28.13
-158.325,62.0374#42.05#29.39#28.56
-158.211,62.0451#41.59#29.4#29.01
-158.097,62.0528#41.13#29.41#29.46
-157.983,62.0604#40.68#29.42#29.9
-157.869,62.0678#40.32#29.45#30.23
-157.754,62.0751#39.95#29.48#30.57
-157.64,62.0824#39.59#29.5#30.91
-157.525,62.0895#39.24#29.53#31.23
-157.411,62.0965#38.92#29.58#31.5
-157.296,62.1035#38.62#29.63#31.75
-157.182,62.1103#38.32#29.69#31.99
-157.067,62.117#38.02#29.74#32.24
-156.952,62.1236#37.71#29.8#32.49
-156.838,62.1301#37.39#29.87#32.74
-156.723,62.1364#37.08#29.94#32.98
-156.608,62.1427#36.76#30.01#33.23
-156.493,62.1489#36.45#30.07#33.48
-156.378,62.1549#36.12#30.11#33.77
-156.263,62.1609#35.8#30.13#34.07
-156.148,62.1667#35.48#30.16#34.36
-156.033,62.1725#35.15#30.19#34.66
-155.917,62.1781#34.81#30.21#34.98
-155.802,62.1836#34.47#30.23#35.3
-155.687,62.189#34.13#30.25#35.62
-155.572,62.1943#33.78#30.27#35.95
-155.456,62.1995#33.46#30.28#36.26
-155.341,62.2046#33.18#30.3#36.52
-155.225,62.2096#32.89#30.31#36.8
-155.11,62.2145#32.61#30.32#37.07
-154.994,62.2192#32.33#30.33#37.34
-154.879,62.2239#32.06#30.34#37.6
-154.763,62.2284#31.78#30.35#37.87
-154.647,62.2329#31.51#30.36#38.13
-154.532,62.2372#31.23#30.36#38.41
-154.416,62.2414#30.95#30.37#38.68
-154.3,62.2455#30.67#30.38#38.95
-154.184,62.2495#30.39#30.38#39.23
-154.068,62.2534#30.1#30.39#39.51
-153.953,62.2572#29.84#30.39#39.77
-153.837,62.2609#29.62#30.39#39.99
-153.721,62.2644#29.39#30.38#40.23
-153.605,62.2679#29.17#30.38#40.45
-153.489,62.2712#28.95#30.37#40.68
-153.373,62.2745#28.81#30.31#40.88
-153.257,62.2776#28.67#30.26#41.07
-153.14,62.2806#28.54#30.21#41.25
-153.024,62.2835#28.4#30.15#41.45
-152.908,62.2863#28.35#30.06#41.59
-152.792,62.289#28.32#29.96#41.72
-152.676,62.2916#28.3#29.87#41.83
-152.56,62.2941#28.28#29.77#41.95
-152.443,62.2964#28.3#29.68#42.02
-152.327,62.2987#28.38#29.59#42.03
-152.211,62.3008#28.45#29.51#42.04
-152.095,62.3028#28.53#29.42#42.05
-151.978,62.3048#28.61#29.35#42.04
-151.862,62.3066#28.68#29.32#42
-151.746,62.3083#28.76#29.3#41.94
-151.629,62.3099#28.83#29.27#41.9
-151.513,62.3114#28.91#29.24#41.85
-151.396,62.3127#28.88#29.23#41.89
-151.28,62.314#28.83#29.22#41.95
-151.164,62.3151#28.79#29.21#42
-151.047,62.3162#28.74#29.2#42.06
-150.931,62.3171#28.65#29.19#42.16
-150.814,62.3179#28.53#29.2#42.27
-150.698,62.3187#28.4#29.2#42.4
-150.582,62.3193#28.28#29.2#42.52
-150.465,62.3198#28.14#29.2#42.66
-150.349,62.3201#27.94#29.2#42.86
-150.232,62.3204#27.75#29.21#43.04
-150.116,62.3206#27.56#29.21#43.23
-149.999,62.3206#27.37#29.22#43.41
-149.883,62.3206#27.2#29.23#43.57
-149.766,62.3204#27.03#29.24#43.73
-149.65,62.3201#26.87#29.24#43.89
-149.533,62.3198#26.7#29.25#44.05
-149.417,62.3193#26.6#29.27#44.13
-149.301,62.3187#26.52#29.29#44.19
-149.184,62.3179#26.44#29.3#44.26
-149.068,62.3171#26.36#29.32#44.32
-148.951,62.3162#26.31#29.35#44.34
-148.835,62.3151#26.27#29.4#44.33
-148.718,62.314#26.24#29.44#44.32
-148.602,62.3127#26.21#29.49#44.3
-148.486,62.3113#26.18#29.54#44.28
-148.369,62.3099#26.16#29.62#44.22
-148.253,62.3083#26.15#29.69#44.16
-148.137,62.3066#26.13#29.77#44.1
-148.02,62.3047#26.12#29.84#44.04
-147.904,62.3028#26.12#29.93#43.95
-147.788,62.3008#26.12#30.02#43.86
-147.671,62.2986#26.12#30.11#43.77
-147.555,62.2964#26.13#30.2#43.67
-147.439,62.294#26.15#30.28#43.57
-147.323,62.2916#26.19#30.35#43.46
-147.206,62.289#26.23#30.41#43.36
-147.09,62.2863#26.27#30.48#43.25
-146.974,62.2835#26.31#30.55#43.14
-146.858,62.2806#26.39#30.62#42.99
-146.742,62.2776#26.47#30.69#42.84
-146.626,62.2744#26.54#30.76#42.7
-146.51,62.2712#26.62#30.84#42.54
-146.394,62.2678#26.7#30.9#42.4
-146.278,62.2644#26.79#30.97#42.24
-146.162,62.2608#26.87#31.04#42.09
-146.046,62.2571#26.96#31.11#41.93
-145.93,62.2534#27.02#31.17#41.81
-145.814,62.2495#27.06#31.22#41.72
-145.698,62.2455#27.1#31.28#41.62
-145.583,62.2414#27.15#31.34#41.51
-145.467,62.2371#27.19#31.39#41.42
-145.351,62.2328#27.22#31.42#41.36
-145.236,62.2284#27.25#31.45#41.3
-145.12,62.2238#27.28#31.49#41.23
-145.004,62.2192#27.31#31.53#41.16
-144.889,62.2144#27.3#31.55#41.15
-144.773,62.2095#27.29#31.58#41.13
-144.658,62.2046#27.28#31.61#41.11
-144.542,62.1995#27.27#31.63#41.1
-144.427,62.1943#27.24#31.67#41.09
-144.312,62.189#27.19#31.72#41.09
-144.196,62.1836#27.14#31.76#41.1
-144.081,62.178#27.09#31.8#41.11
-143.966,62.1724#27.03#31.87#41.1
-143.851,62.1667#26.97#31.99#41.04
-143.736,62.1608#26.9#32.12#40.98
-143.621,62.1549#26.83#32.24#40.93
-143.506,62.1488#26.76#32.36#40.88
-143.391,62.1426#26.74#32.49#40.77
-143.276,62.1364#26.73#32.61#40.66
-143.161,62.13#26.71#32.74#40.55
-143.046,62.1235#26.69#32.87#40.44
-142.931,62.1169#26.68#33.05#40.27
-142.817,62.1102#26.67#33.26#40.07
-142.702,62.1034#26.66#33.47#39.87
-142.588,62.0965#26.65#33.68#39.67
-142.473,62.0894#26.65#33.91#39.44
-142.359,62.0823#26.65#34.18#39.17
-142.244,62.0751#26.64#34.45#38.91
-142.13,62.0677#26.64#34.72#38.64
-142.016,62.0603#26.64#34.99#38.37
-141.902,62.0527#26.64#35.3#38.06
-141.787,62.045#26.65#35.62#37.73
-141.673,62.0373#26.65#35.93#37.42
-141.559,62.0294#26.65#36.25#37.1
-141.446,62.0214#26.66#36.6#36.74
-141.332,62.0133#26.66#37#36.34
-141.218,62.0051#26.67#37.39#35.94
-141.104,61.9968#26.67#37.79#35.54
-140.991,61.9884#26.68#38.17#35.15
-140.877,61.9799#26.68#38.43#34.89
-140.763,61.9713#26.69#38.7#34.61
-140.65,61.9626#26.69#38.98#34.33
-140.537,61.9537#26.7#39.28#34.02
-140.423,61.9448#26.71#39.36#33.93
-140.31,61.9358#26.71#39.34#33.95
-140.197,61.9266#26.72#39.32#33.96
-140.084,61.9174#26.72#39.3#33.98
-139.971,61.908#26.73#39.28#33.99
-160.725,61.9029#46.65#29.31#24.04
-160.612,61.9129#46.57#29.3#24.13
-160.499,61.9228#46.5#29.29#24.21
-160.387,61.9326#46.36#29.29#24.35
-160.274,61.9423#46.22#29.3#24.48
-160.161,61.9518#46.07#29.3#24.63
-160.047,61.9613#45.92#29.3#24.78
-159.934,61.9707#45.74#29.31#24.95
-159.821,61.98#45.53#29.31#25.16
-159.708,61.9891#45.32#29.32#25.36
-159.594,61.9982#45.1#29.33#25.57
-159.481,62.0071#44.88#29.34#25.78
-159.367,62.016#44.61#29.35#26.04
-159.254,62.0247#44.34#29.35#26.31
-159.14,62.0333#44.07#29.36#26.57
-159.026,62.0419#43.8#29.37#26.83
-158.912,62.0503#43.54#29.38#27.08
-158.798,62.0586#43.29#29.39#27.32
-158.684,62.0668#43.04#29.4#27.56
-158.57,62.0749#42.8#29.41#27.79
-158.456,62.0829#42.47#29.42#28.11
-158.342,62.0908#42.01#29.43#28.56
-158.228,62.0986#41.53#29.44#29.03
-158.113,62.1063#41.06#29.45#29.49
-157.999,62.1139#40.57#29.46#29.97
-157.884,62.1213#40.22#29.49#30.29
-157.77,62.1287#39.87#29.52#30.61
-157.655,62.136#39.53#29.55#30.92
-157.541,62.1431#39.19#29.58#31.23
-157.426,62.1501#38.87#29.62#31.51
-157.311,62.1571#38.57#29.68#31.75
-157.196,62.1639#38.27#29.73#32
-157.081,62.1706#37.97#29.79#32.24
-156.966,62.1772#37.66#29.85#32.49
-156.851,62.1837#37.34#29.91#32.75
-156.736,62.1901#37.03#29.98#32.99
-156.621,62.1964#36.71#30.04#33.25
-156.506,62.2026#36.4#30.1#33.5
-156.391,62.2087#36.08#30.13#33.79
-156.276,62.2146#35.75#30.16#34.09
-156.16,62.2205#35.43#30.18#34.39
-156.045,62.2262#35.11#30.21#34.68
-155.929,62.2319#34.77#30.23#35
-155.814,62.2374#34.43#30.25#35.32
-155.698,62.2428#34.09#30.27#35.64
-155.583,62.2482#33.74#30.29#35.97
-155.467,62.2534#33.42#30.3#36.28
-155.352,62.2585#33.14#30.32#36.54
-155.236,62.2634#32.86#30.33#36.81
-155.12,62.2683#32.58#30.34#37.08
-155.004,62.2731#32.3#30.35#37.35
-154.889,62.2778#32.02#30.36#37.62
-154.773,62.2823#31.74#30.37#37.89
-154.657,62.2868#31.46#30.37#38.17
-154.541,62.2911#31.18#30.38#38.44
-154.425,62.2953#30.9#30.39#38.71
-154.309,62.2994#30.61#30.39#39
-154.193,62.3035#30.33#30.4#39.27
-154.077,62.3074#30.05#30.41#39.54
-153.961,62.3111#29.78#30.41#39.81
-153.844,62.3148#29.56#30.4#40.04
-153.728,62.3184#29.33#30.39#40.28
-153.612,62.3219#29.11#30.38#40.51
-153.496,62.3252#28.88#30.37#40.75
-153.38,62.3285#28.74#30.31#40.95
-153.263,62.3316#28.6#30.25#41.15
-153.147,62.3346#28.46#30.19#41.35
-153.031,62.3375#28.32#30.13#41.55
-152.914,62.3403#28.27#30.04#41.69
-152.798,62.343#28.24#29.94#41.82
-152.681,62.3456#28.22#29.84#41.94
-152.565,62.3481#28.2#29.74#42.06
-152.448,62.3505#28.21#29.65#42.14
-152.332,62.3527#28.29#29.57#42.14
-152.215,62.3549#28.36#29.49#42.15
-152.099,62.3569#28.43#29.42#42.15
-151.982,62.3588#28.51#29.35#42.14
-151.866,62.3606#28.6#29.32#42.08
-151.749,62.3624#28.69#29.3#42.01
-151.633,62.364#28.77#29.27#41.96
-151.516,62.3654#28.86#29.25#41.89
-151.399,62.3668#28.85#29.23#41.92
-151.283,62.3681#28.83#29.22#41.95
-151.166,62.3692#28.8#29.22#41.98
-151.049,62.3703#28.78#29.21#42.01
-150.933,62.3712#28.7#29.2#42.1
-150.816,62.372#28.58#29.2#42.22
-150.699,62.3728#28.46#29.2#42.34
-150.583,62.3734#28.34#29.21#42.45
-150.466,62.3739#28.2#29.21#42.59
-150.349,62.3742#28.02#29.21#42.77
-150.233,62.3745#27.84#29.22#42.94
-150.116,62.3747#27.65#29.22#43.13
-149.999,62.3747#27.47#29.23#43.3
-149.883,62.3747#27.3#29.24#43.46
-149.766,62.3745#27.12#29.25#43.63
-149.649,62.3742#26.94#29.26#43.8
-149.533,62.3739#26.77#29.26#43.97
-149.416,62.3734#26.66#29.28#44.06
-149.299,62.3728#26.57#29.3#44.13
-149.182,62.372#26.48#29.32#44.2
-149.066,62.3712#26.39#29.34#44.27
-148.949,62.3703#26.33#29.38#44.29
-148.832,62.3692#26.29#29.43#44.28
-148.716,62.3681#26.26#29.48#44.26
-148.599,62.3668#26.22#29.53#44.25
-148.483,62.3654#26.19#29.58#44.23
-148.366,62.3639#26.17#29.66#44.17
-148.249,62.3623#26.16#29.73#44.11
-148.133,62.3606#26.14#29.81#44.05
-148.016,62.3588#26.12#29.89#43.99
-147.9,62.3569#26.13#29.97#43.9
-147.783,62.3548#26.13#30.06#43.81
-147.667,62.3527#26.14#30.14#43.72
-147.55,62.3504#26.14#30.23#43.63
-147.434,62.3481#26.17#30.3#43.53
-147.317,62.3456#26.21#30.37#43.42
-147.201,62.343#26.26#30.43#43.31
-147.084,62.3403#26.3#30.5#43.2
-146.968,62.3375#26.35#30.57#43.08
-146.852,62.3346#26.43#30.64#42.93
-146.735,62.3316#26.51#30.7#42.79
-146.619,62.3284#26.59#30.77#42.64
-146.503,62.3252#26.67#30.84#42.49
-146.387,62.3218#26.75#30.91#42.34
-146.27,62.3184#26.82#30.97#42.21
-146.154,62.3148#26.9#31.04#42.06
-146.038,62.3111#26.98#31.1#41.92
-145.922,62.3073#27.04#31.15#41.81
-145.806,62.3034#27.08#31.2#41.72
-145.69,62.2994#27.12#31.25#41.63
-145.574,62.2953#27.16#31.29#41.55
-145.458,62.291#27.2#31.33#41.47
-145.342,62.2867#27.22#31.36#41.42
-145.226,62.2823#27.25#31.38#41.37
-145.11,62.2777#27.28#31.41#41.31
-144.994,62.273#27.3#31.44#41.26
-144.878,62.2683#27.28#31.46#41.26
-144.763,62.2634#27.27#31.48#41.25
-144.647,62.2584#27.26#31.51#41.23
-144.531,62.2533#27.24#31.53#41.23
-144.416,62.2481#27.2#31.58#41.22
-144.3,62.2428#27.15#31.62#41.23
-144.185,62.2373#27.1#31.67#41.23
-144.069,62.2318#27.05#31.72#41.23
-143.954,62.2262#26.99#31.8#41.21
-143.838,62.2204#26.93#31.92#41.15
-143.723,62.2146#26.87#32.04#41.09
-143.608,62.2086#26.8#32.16#41.04
-143.492,62.2025#26.74#32.28#40.98
-143.377,62.1963#26.73#32.4#40.87
-143.262,62.19#26.71#32.53#40.76
-143.147,62.1837#26.69#32.65#40.66
-143.032,62.1771#26.68#32.78#40.54
-142.917,62.1705#26.67#32.96#40.37
-142.802,62.1638#26.66#33.16#40.18
-142.687,62.157#26.65#33.36#39.99
-142.573,62.1501#26.64#33.57#39.79
-142.458,62.143#26.64#33.8#39.56
-142.343,62.1359#26.64#34.07#39.29
-142.229,62.1286#26.64#34.34#39.02
-142.114,62.1212#26.64#34.61#38.75
-142,62.1138#26.64#34.88#38.48
-141.885,62.1062#26.64#35.2#38.16
-141.771,62.0985#26.65#35.51#37.84
-141.657,62.0907#26.65#35.83#37.52
-141.543,62.0828#26.65#36.15#37.2
