-154.05,69.903#27.25#40.99#31.76
-153.889,69.9069#27.11#41.1#31.79
-153.727,69.9106#27.04#41.21#31.75
-153.565,69.9141#26.97#41.31#31.72
-153.404,69.9175#26.93#41.41#31.66
-153.242,69.9207#26.91#41.52#31.57
-153.08,69.9238#26.9#41.62#31.48
-152.918,69.9267#26.88#41.72#31.4
-152.756,69.9295#26.87#41.82#31.31
-152.594,69.9321#26.85#41.92#31.23
-152.432,69.9345#26.82#42.02#31.16
-152.27,69.9368#26.78#42.12#31.1
-152.108,69.9389#26.73#42.21#31.06
-151.946,69.9409#26.68#42.29#31.03
-151.784,69.9427#26.61#42.32#31.07
-151.622,69.9443#26.54#42.35#31.11
-151.46,69.9458#26.48#42.39#31.13
-151.297,69.9472#26.44#42.47#31.09
-151.135,69.9484#26.41#42.56#31.03
-150.973,69.9494#26.37#42.64#30.99
-150.811,69.9502#26.36#42.73#30.91
-150.648,69.951#26.35#42.81#30.84
-150.486,69.9515#26.33#42.9#30.77
-150.324,69.9519#26.33#42.98#30.69
-150.161,69.9521#26.32#43.06#30.62
-149.999,69.9522#26.32#43.15#30.53
-149.837,69.9521#26.32#43.23#30.45
-149.674,69.9519#26.32#43.31#30.37
-149.512,69.9515#26.32#43.38#30.3
-149.35,69.9509#26.32#43.46#30.22
-149.187,69.9502#26.33#43.54#30.13
-149.025,69.9494#26.33#43.62#30.05
-148.863,69.9483#26.33#43.69#29.98
-148.701,69.9472#26.34#43.76#29.9
-148.538,69.9458#26.34#43.83#29.83
-148.376,69.9443#26.35#43.89#29.76
-148.214,69.9427#26.35#43.96#29.69
-148.052,69.9409#26.36#44.02#29.62
-147.89,69.9389#26.36#44.08#29.56
-147.728,69.9368#26.37#44.13#29.5
-147.566,69.9345#26.37#44.18#29.45
-147.404,69.932#26.38#44.23#29.39
-147.242,69.9294#26.38#44.28#29.34
-147.08,69.9267#26.39#44.32#29.29
-146.918,69.9238#26.39#44.37#29.24
-146.756,69.9207#26.4#44.41#29.19
-146.594,69.9175#26.41#44.45#29.14
-146.433,69.9141#26.42#44.47#29.11
-146.271,69.9105#26.44#44.47#29.09
-146.109,69.9068#26.47#44.47#29.06
-145.948,69.903#26.52#44.48#29
-156,69.9#29.02#39.82#31.16
-155.839,69.9057#29.02#39.96#31.02
-155.677,69.9113#29.03#40.11#30.86
-155.516,69.9167#29.04#40.26#30.7
-155.355,69.922#29.02#40.38#30.6
-155.194,69.9271#29#40.51#30.49
-155.032,69.9321#28.98#40.63#30.39
-154.871,69.9369#28.72#40.75#30.53
-154.709,69.9415#28.42#40.87#30.71
-154.547,69.946#28.11#40.99#30.9
-154.385,69.9503#27.83#41.11#31.06
-154.223,69.9545#27.56#41.22#31.22
-154.062,69.9585#27.29#41.34#31.37
-153.9,69.9624#27.14#41.45#31.41
-153.738,69.9661#27.06#41.56#31.38
-153.575,69.9697#26.99#41.66#31.35
-153.413,69.973#26.94#41.76#31.3
-153.251,69.9763#26.92#41.87#31.21
-153.089,69.9794#26.91#41.97#31.12
-152.926,69.9823#26.89#42.07#31.04
-152.764,69.985#26.87#42.17#30.96
-152.602,69.9876#26.85#42.27#30.88
-152.439,69.9901#26.82#42.37#30.81
-152.277,69.9924#26.77#42.47#30.76
-152.114,69.9945#26.72#42.56#30.72
-151.952,69.9965#26.66#42.63#30.71
-151.789,69.9983#26.59#42.65#30.76
-151.626,70#26.52#42.67#30.81
-151.464,70.0015#26.46#42.69#30.85
-151.301,70.0028#26.43#42.78#30.79
-151.138,70.004#26.4#42.86#30.74
-150.976,70.005#26.37#42.93#30.7
-150.813,70.0059#26.35#43.02#30.63
-150.65,70.0066#26.34#43.1#30.56
-150.487,70.0071#26.33#43.18#30.49
-150.325,70.0075#26.33#43.26#30.41
-150.162,70.0078#26.32#43.34#30.34
-149.999,70.0079#26.32#43.42#30.26
-149.836,70.0078#26.32#43.5#30.18
-149.673,70.0075#26.32#43.58#30.1
-149.511,70.0071#26.32#43.66#30.02
-149.348,70.0066#26.32#43.73#29.95
-149.185,70.0059#26.33#43.81#29.86
-149.022,70.005#26.33#43.88#29.79
-148.86,70.004#26.33#43.95#29.72
-148.697,70.0028#26.34#44.02#29.64
-148.534,70.0014#26.34#44.08#29.58
-148.372,69.9999#26.35#44.15#29.5
-148.209,69.9983#26.35#44.21#29.44
-148.046,69.9965#26.36#44.27#29.37
-147.884,69.9945#26.36#44.32#29.32
-147.721,69.9924#26.37#44.37#29.26
-147.559,69.9901#26.37#44.42#29.21
-147.396,69.9876#26.38#44.46#29.16
-147.234,69.985#26.38#44.51#29.11
-147.072,69.9822#26.39#44.55#29.06
-146.909,69.9793#26.39#44.59#29.02
-146.747,69.9762#26.4#44.63#28.97
-146.585,69.973#26.41#44.67#28.92
-146.423,69.9696#26.42#44.69#28.89
-146.26,69.9661#26.44#44.7#28.86
-146.098,69.9624#26.46#44.71#28.83
-145.936,69.9585#26.51#44.72#28.77
-145.774,69.9545#26.62#44.74#28.64
-145.613,69.9503#26.73#44.77#28.5
-145.451,69.946#26.9#44.79#28.31
-145.289,69.9415#27.18#44.81#28.01
-145.127,69.9368#27.46#44.84#27.7
-144.966,69.932#27.76#44.86#27.38
-144.804,69.927#28.15#44.88#26.97
-144.643,69.9219#28.54#44.89#26.57
-144.482,69.9167#28.94#44.9#26.16
-144.32,69.9112#29.36#44.89#25.75
-144.159,69.9056#29.78#44.88#25.34
-157.305,69.9037#26.57#38.78#34.65
-157.144,69.9107#26.97#38.93#34.1
-156.984,69.9175#27.38#39.09#33.53
-156.823,69.9242#27.8#39.26#32.94
-156.662,69.9307#28.22#39.44#32.34
-156.501,69.9371#28.63#39.61#31.76
-156.339,69.9433#28.76#39.79#31.45
-156.178,69.9494#28.88#39.96#31.16
-156.017,69.9553#29#40.14#30.86
-155.855,69.9611#29.02#40.29#30.69
-155.694,69.9667#29.03#40.44#30.53
-155.532,69.9721#29.04#40.59#30.37
-155.37,69.9774#29.03#40.72#30.25
-155.208,69.9825#29.01#40.85#30.14
-155.046,69.9875#28.99#40.97#30.04
-154.884,69.9923#28.76#41.09#30.15
-154.722,69.997#28.46#41.21#30.33
-154.56,70.0015#28.15#41.33#30.52
-154.398,70.0058#27.87#41.45#30.68
-154.235,70.01#27.6#41.57#30.83
-154.073,70.014#27.34#41.68#30.98
-153.911,70.0179#27.17#41.8#31.03
-153.748,70.0216#27.09#41.9#31.01
-153.586,70.0252#27.01#42.01#30.98
-153.423,70.0286#26.96#42.11#30.93
-153.26,70.0318#26.94#42.22#30.84
-153.098,70.0349#26.92#42.32#30.76
-152.935,70.0379#26.9#42.42#30.68
-152.772,70.0406#26.88#42.52#30.6
-152.609,70.0432#26.85#42.62#30.53
-152.446,70.0457#26.82#42.72#30.46
-152.283,70.048#26.76#42.82#30.42
-152.12,70.0501#26.71#42.91#30.38
-151.957,70.0521#26.64#42.98#30.38
-151.794,70.0539#26.57#42.98#30.45
-151.631,70.0556#26.5#42.99#30.51
-151.468,70.0571#26.44#43#30.56
-151.305,70.0584#26.41#43.08#30.51
-151.142,70.0596#26.39#43.15#30.46
-150.978,70.0607#26.36#43.23#30.41
-150.815,70.0615#26.35#43.31#30.34
-150.652,70.0622#26.34#43.39#30.27
-150.489,70.0628#26.32#43.47#30.21
-150.325,70.0632#26.32#43.55#30.13
-150.162,70.0634#26.32#43.63#30.05
-149.999,70.0635#26.32#43.7#29.98
-149.836,70.0634#26.32#43.78#29.9
-149.673,70.0632#26.32#43.85#29.83
-149.509,70.0628#26.32#43.93#29.75
-149.346,70.0622#26.32#44#29.68
-149.183,70.0615#26.33#44.07#29.6
-149.02,70.0606#26.33#44.15#29.52
-148.856,70.0596#26.33#44.21#29.46
-148.693,70.0584#26.34#44.28#29.38
-148.53,70.0571#26.34#44.34#29.32
-148.367,70.0556#26.35#44.4#29.25
-148.204,70.0539#26.35#44.46#29.19
-148.041,70.0521#26.36#44.51#29.13
-147.878,70.0501#26.36#44.56#29.08
-147.715,70.048#26.37#44.61#29.02
-147.552,70.0457#26.37#44.65#28.98
-147.389,70.0432#26.38#44.7#28.92
-147.226,70.0406#26.38#44.74#28.88
-147.063,70.0378#26.39#44.77#28.84
-146.9,70.0349#26.39#44.81#28.8
-146.738,70.0318#26.4#44.85#28.75
-146.575,70.0286#26.41#44.89#28.7
-146.412,70.0251#26.42#44.91#28.67
-146.25,70.0216#26.43#44.92#28.65
-146.087,70.0179#26.45#44.94#28.61
-145.925,70.014#26.5#44.95#28.55
-145.762,70.01#26.58#44.97#28.45
-145.6,70.0058#26.67#45#28.33
-145.438,70.0014#26.83#45.02#28.15
-145.276,69.9969#27.1#45.04#27.86
-145.114,69.9923#27.38#45.06#27.56
-144.952,69.9874#27.68#45.08#27.24
-144.79,69.9825#28.04#45.09#26.87
-144.628,69.9773#28.41#45.1#26.49
-144.466,69.972#28.8#45.11#26.09
-144.304,69.9666#29.26#45.1#25.64
-144.143,69.961#29.7#45.08#25.22
-143.981,69.9552#30.11#45.07#24.82
-143.82,69.9493#30.28#45.03#24.69
-143.659,69.9433#30.44#44.99#24.57
-143.497,69.937#30.58#44.95#24.47
-143.336,69.9307#30.46#44.88#24.66
-143.175,69.9241#30.33#44.81#24.86
-143.014,69.9174#30.2#44.75#25.05
-142.854,69.9106#29.95#44.66#25.39
-142.693,69.9036#29.69#44.58#25.73
-158.45,69.9054#26.08#38.05#35.87
-158.29,69.9135#26.08#38.19#35.73
-158.129,69.9215#26.07#38.33#35.6
-157.969,69.9292#26.07#38.47#35.46
-157.808,69.9369#26.07#38.62#35.31
-157.647,69.9444#26.07#38.76#35.17
-157.487,69.9517#26.11#38.91#34.98
-157.326,69.9589#26.52#39.07#34.41
-157.164,69.9659#26.92#39.22#33.86
-157.003,69.9727#27.33#39.38#33.29
-156.842,69.9795#27.75#39.56#32.69
-156.68,69.986#28.17#39.74#32.09
-156.519,69.9924#28.59#39.92#31.49
-156.357,69.9986#28.74#40.1#31.16
-156.196,70.0047#28.87#40.28#30.85
-156.034,70.0107#28.99#40.46#30.55
-155.872,70.0164#29.03#40.62#30.35
-155.71,70.022#29.03#40.77#30.2
-155.548,70.0275#29.04#40.93#30.03
-155.385,70.0328#29.03#41.06#29.91
-155.223,70.0379#29.01#41.19#29.8
-155.061,70.0429#28.99#41.31#29.7
-154.898,70.0478#28.8#41.44#29.76
-154.736,70.0524#28.49#41.56#29.95
-154.573,70.057#28.19#41.68#30.13
-154.41,70.0613#27.91#41.79#30.3
-154.248,70.0655#27.65#41.91#30.44
-154.085,70.0696#27.38#42.03#30.59
-153.922,70.0734#27.2#42.14#30.66
-153.759,70.0772#27.12#42.25#30.63
-153.596,70.0807#27.03#42.36#30.61
-153.433,70.0842#26.97#42.46#30.57
-153.27,70.0874#26.95#42.57#30.48
-153.106,70.0905#26.93#42.67#30.4
-152.943,70.0934#26.91#42.77#30.32
-152.78,70.0962#26.88#42.87#30.25
-152.616,70.0988#26.85#42.98#30.17
-152.453,70.1013#26.81#43.08#30.11
-152.29,70.1036#26.75#43.17#30.08
-152.126,70.1057#26.69#43.26#30.05
-151.963,70.1077#26.63#43.33#30.04
-151.799,70.1096#26.56#43.32#30.12
-151.636,70.1112#26.48#43.31#30.21
-151.472,70.1127#26.42#43.31#30.27
-151.308,70.1141#26.4#43.38#30.22
-151.145,70.1153#26.37#43.44#30.19
-150.981,70.1163#26.35#43.51#30.14
-150.817,70.1172#26.34#43.59#30.07
-150.654,70.1179#26.33#43.67#30
-150.49,70.1185#26.32#43.74#29.94
-150.326,70.1189#26.32#43.82#29.86
-150.163,70.1191#26.32#43.89#29.79
-149.999,70.1192#26.31#43.97#29.72
-149.835,70.1191#26.31#44.04#29.65
-149.672,70.1189#26.32#44.12#29.56
-149.508,70.1185#26.32#44.19#29.49
-149.344,70.1179#26.32#44.26#29.42
-149.181,70.1172#26.32#44.33#29.35
-149.017,70.1163#26.33#44.4#29.27
-148.853,70.1153#26.33#44.47#29.2
-148.69,70.1141#26.34#44.53#29.13
-148.526,70.1127#26.34#44.59#29.07
-148.362,70.1112#26.35#44.65#29
-148.199,70.1095#26.35#44.7#28.95
-148.035,70.1077#26.36#44.76#28.88
-147.872,70.1057#26.36#44.8#28.84
-147.708,70.1036#26.37#44.85#28.78
-147.545,70.1013#26.37#44.89#28.74
-147.382,70.0988#26.38#44.93#28.69
-147.218,70.0962#26.38#44.96#28.66
-147.055,70.0934#26.39#45#28.61
-146.892,70.0905#26.39#45.04#28.57
-146.728,70.0874#26.4#45.07#28.53
-146.565,70.0841#26.41#45.1#28.49
-146.402,70.0807#26.42#45.13#28.45
-146.239,70.0771#26.43#45.15#28.42
-146.076,70.0734#26.44#45.17#28.39
-145.913,70.0695#26.48#45.19#28.33
-145.75,70.0655#26.54#45.21#28.25
-145.588,70.0613#26.6#45.22#28.18
-145.425,70.0569#26.76#45.24#28
-145.262,70.0524#27.03#45.26#27.71
-145.1,70.0477#27.3#45.28#27.42
-144.937,70.0429#27.59#45.29#27.12
-144.775,70.0379#27.94#45.3#26.76
-144.613,70.0327#28.29#45.31#26.4
-144.45,70.0274#28.68#45.32#26
-144.288,70.022#29.16#45.3#25.54
-144.126,70.0164#29.63#45.29#25.08
-143.964,70.0106#30.04#45.27#24.69
-143.802,70.0046#30.25#45.23#24.52
-143.641,69.9986#30.45#45.19#24.36
-143.479,69.9923#30.6#45.15#24.25
-143.317,69.9859#30.48#45.09#24.43
-143.156,69.9794#30.36#45.03#24.61
-142.995,69.9727#30.24#44.96#24.8
-142.834,69.9658#30#44.88#25.12
-142.672,69.9588#29.76#44.8#25.44
-142.511,69.9516#29.51#44.71#25.78
-142.351,69.9443#29.19#44.67#26.14
-142.19,69.9368#28.87#44.64#26.49
-142.029,69.9292#28.55#44.62#26.83
-141.869,69.9214#28.35#44.55#27.1
-141.708,69.9134#28.18#44.47#27.35
-141.548,69.9053#28.02#44.39#27.59
-159.435,69.9085#26.09#37.43#36.48
-159.275,69.9175#26.09#37.59#36.32
-159.115,69.9264#26.08#37.74#36.18
-158.955,69.9352#26.08#37.89#36.03
-158.795,69.9437#26.08#38.03#35.89
-158.634,69.9522#26.08#38.18#35.74
-158.474,69.9604#26.08#38.32#35.6
-158.313,69.9686#26.07#38.46#35.47
-158.152,69.9765#26.07#38.61#35.32
-157.991,69.9844#26.07#38.75#35.18
-157.83,69.992#26.07#38.9#35.03
-157.669,69.9995#26.07#39.04#34.89
-157.508,70.0069#26.07#39.19#34.74
-157.346,70.0141#26.46#39.35#34.19
-157.185,70.0211#26.87#39.51#33.62
-157.023,70.028#27.28#39.68#33.04
-156.861,70.0347#27.7#39.86#32.44
-156.699,70.0413#28.12#40.05#31.83
-156.537,70.0477#28.54#40.23#31.23
-156.375,70.0539#28.73#40.42#30.85
-156.213,70.0601#28.86#40.6#30.54
-156.051,70.066#28.98#40.79#30.23
-155.888,70.0718#29.03#40.95#30.02
-155.726,70.0774#29.04#41.11#29.85
-155.563,70.0829#29.05#41.26#29.69
-155.401,70.0882#29.04#41.4#29.56
-155.238,70.0934#29.02#41.53#29.45
-155.075,70.0984#29#41.65#29.35
-154.912,70.1032#28.83#41.78#29.39
-154.749,70.1079#28.53#41.9#29.57
-154.586,70.1124#28.23#42.02#29.75
-154.423,70.1168#27.95#42.13#29.92
-154.26,70.121#27.69#42.24#30.07
-154.096,70.1251#27.42#42.35#30.23
-153.933,70.129#27.23#42.46#30.31
-153.77,70.1327#27.14#42.56#30.3
-153.606,70.1363#27.05#42.66#30.29
-153.443,70.1397#26.98#42.75#30.27
-153.279,70.143#26.96#42.85#30.19
-153.115,70.1461#26.94#42.94#30.12
-152.952,70.149#26.91#43.04#30.05
-152.788,70.1518#26.88#43.13#29.99
-152.624,70.1545#26.84#43.22#29.94
-152.46,70.1569#26.8#43.31#29.89
-152.296,70.1592#26.74#43.4#29.86
-152.132,70.1614#26.67#43.48#29.85
-151.968,70.1634#26.61#43.55#29.84
-151.804,70.1652#26.54#43.54#29.92
-151.64,70.1669#26.47#43.53#30
-151.476,70.1684#26.41#43.53#30.06
-151.312,70.1698#26.39#43.6#30.01
-151.148,70.1709#26.37#43.66#29.97
-150.984,70.172#26.35#43.73#29.92
-150.82,70.1729#26.34#43.8#29.86
-150.656,70.1736#26.33#43.88#29.79
-150.491,70.1741#26.32#43.95#29.73
-150.327,70.1745#26.32#44.02#29.66
-150.163,70.1748#26.31#44.09#29.6
-149.999,70.1748#26.31#44.16#29.53
-149.835,70.1748#26.31#44.23#29.46
-149.671,70.1745#26.32#44.3#29.38
-149.506,70.1741#26.32#44.37#29.31
-149.342,70.1736#26.32#44.44#29.24
-149.178,70.1728#26.32#44.51#29.17
-149.014,70.172#26.33#44.58#29.09
-148.85,70.1709#26.33#44.64#29.03
-148.686,70.1697#26.34#44.7#28.96
-148.522,70.1684#26.34#44.76#28.9
-148.358,70.1669#26.35#44.81#28.84
-148.194,70.1652#26.35#44.86#28.79
-148.03,70.1634#26.36#44.92#28.72
-147.866,70.1614#26.36#44.96#28.68
-147.702,70.1592#26.37#45#28.63
-147.538,70.1569#26.37#45.05#28.58
-147.374,70.1544#26.38#45.09#28.53
-147.21,70.1518#26.38#45.13#28.49
-147.046,70.149#26.39#45.16#28.45
-146.883,70.1461#26.39#45.2#28.41
-146.719,70.1429#26.4#45.24#28.36
-146.555,70.1397#26.41#45.28#28.31
-146.392,70.1363#26.41#45.31#28.28
-146.228,70.1327#26.42#45.34#28.24
-146.065,70.1289#26.43#45.37#28.2
-145.902,70.125#26.46#45.39#28.15
-145.738,70.121#26.5#45.42#28.08
-145.575,70.1168#26.54#45.44#28.02
-145.412,70.1124#26.69#45.46#27.85
-145.249,70.1079#26.95#45.48#27.57
-145.086,70.1032#27.22#45.5#27.28
-144.923,70.0983#27.51#45.51#26.98
-144.76,70.0933#27.83#45.52#26.65
-144.597,70.0881#28.16#45.52#26.32
-144.435,70.0828#28.56#45.52#25.92
-144.272,70.0773#29.06#45.51#25.43
-144.11,70.0717#29.56#45.5#24.94
-143.947,70.0659#29.97#45.48#24.55
-143.785,70.06#30.22#45.44#24.34
-143.623,70.0539#30.46#45.4#24.14
-143.461,70.0476#30.61#45.36#24.03
-143.299,70.0412#30.51#45.3#24.19
-143.137,70.0346#30.4#45.24#24.36
-142.975,70.0279#30.27#45.17#24.56
-142.813,70.021#30.05#45.1#24.85
-142.652,70.014#29.83#45.02#25.15
-142.49,70.0068#29.59#44.94#25.47
-142.329,69.9994#29.25#44.89#25.86
-142.168,69.9919#28.91#44.85#26.24
-142.007,69.9843#28.58#44.81#26.61
-141.846,69.9764#28.39#44.75#26.86
-141.685,69.9685#28.2#44.67#27.13
-141.524,69.9603#28.02#44.6#27.38
-141.364,69.9521#27.94#44.51#27.55
-141.203,69.9436#27.87#44.42#27.71
-141.043,69.935#27.81#44.33#27.86
-140.883,69.9263#27.77#44.23#28
-140.723,69.9174#27.74#44.12#28.14
-140.563,69.9084#27.71#44.02#28.27
-160.42,69.9057#26.13#36.23#37.64
-160.261,69.9157#26.12#36.45#37.43
-160.101,69.9256#26.11#36.67#37.22
-159.941,69.9352#26.1#36.9#37
-159.782,69.9448#26.1#37.18#36.72
-159.622,69.9541#26.09#37.45#36.46
-159.462,69.9634#26.09#37.7#36.21
-159.301,69.9724#26.08#37.86#36.06
-159.141,69.9814#26.08#38.01#35.91
-158.98,69.9901#26.08#38.16#35.76
-158.82,69.9987#26.08#38.3#35.62
-158.659,70.0072#26.08#38.45#35.47
-158.498,70.0155#26.08#38.59#35.33
-158.337,70.0236#26.07#38.74#35.19
-158.175,70.0316#26.07#38.88#35.05
-158.014,70.0395#26.07#39.03#34.9
-157.852,70.0471#26.07#39.18#34.75
-157.691,70.0547#26.07#39.33#34.6
-157.529,70.062#26.07#39.48#34.45
-157.367,70.0693#26.41#39.64#33.95
-157.205,70.0763#26.82#39.8#33.38
-157.043,70.0832#27.23#39.97#32.8
-156.881,70.09#27.65#40.16#32.19
-156.719,70.0966#28.07#40.35#31.58
-156.556,70.103#28.49#40.54#30.97
-156.394,70.1093#28.72#40.73#30.55
-156.231,70.1154#28.85#40.92#30.23
-156.068,70.1214#28.97#41.1#29.93
-155.905,70.1272#29.03#41.27#29.7
-155.742,70.1328#29.04#41.42#29.54
-155.579,70.1383#29.05#41.56#29.39
-155.416,70.1436#29.05#41.7#29.25
-155.253,70.1488#29.03#41.82#29.15
-155.09,70.1538#29.02#41.94#29.04
-154.926,70.1587#28.87#42.06#29.07
-154.763,70.1634#28.57#42.17#29.26
-154.599,70.1679#28.28#42.28#29.44
-154.436,70.1723#27.99#42.39#29.62
-154.272,70.1765#27.72#42.5#29.78
-154.108,70.1806#27.46#42.6#29.94
-153.944,70.1845#27.25#42.71#30.04
-153.78,70.1883#27.16#42.8#30.04
-153.616,70.1919#27.07#42.9#30.03
-153.452,70.1953#26.99#42.99#30.02
-153.288,70.1986#26.97#43.08#29.95
-153.124,70.2017#26.94#43.17#29.89
-152.96,70.2046#26.91#43.26#29.83
-152.796,70.2074#26.87#43.35#29.78
-152.631,70.2101#26.83#43.44#29.73
-152.467,70.2126#26.79#43.53#29.68
-152.303,70.2149#26.72#43.61#29.67
-152.138,70.217#26.65#43.69#29.66
-151.974,70.219#26.59#43.76#29.65
-151.809,70.2209#26.52#43.75#29.73
-151.645,70.2225#26.46#43.75#29.79
-151.48,70.2241#26.4#43.76#29.84
-151.316,70.2254#26.38#43.82#29.8
-151.151,70.2266#26.36#43.88#29.76
-150.987,70.2277#26.35#43.94#29.71
-150.822,70.2285#26.34#44.01#29.65
-150.658,70.2293#26.33#44.08#29.59
-150.493,70.2298#26.32#44.15#29.53
-150.328,70.2302#26.32#44.22#29.46
-150.164,70.2305#26.31#44.29#29.4
-149.999,70.2305#26.31#44.36#29.33
-149.834,70.2304#26.31#44.42#29.27
-149.67,70.2302#26.32#44.49#29.19
-149.505,70.2298#26.32#44.56#29.12
-149.34,70.2292#26.32#44.62#29.06
-149.176,70.2285#26.32#44.69#28.99
-149.011,70.2276#26.33#44.75#28.92
-148.847,70.2266#26.33#44.81#28.86
-148.682,70.2254#26.34#44.87#28.79
-148.517,70.224#26.34#44.92#28.74
-148.353,70.2225#26.35#44.97#28.68
-148.188,70.2208#26.35#45.02#28.63
-148.024,70.219#26.36#45.07#28.57
-147.86,70.217#26.36#45.11#28.53
-147.695,70.2148#26.37#45.15#28.48
-147.531,70.2125#26.37#45.19#28.44
-147.366,70.21#26.38#45.23#28.39
-147.202,70.2074#26.38#45.27#28.35
-147.038,70.2046#26.39#45.3#28.31
-146.874,70.2016#26.39#45.33#28.28
-146.71,70.1985#26.4#45.37#28.23
-146.546,70.1953#26.41#45.4#28.19
-146.382,70.1918#26.41#45.43#28.16
-146.218,70.1882#26.42#45.46#28.12
-146.054,70.1845#26.43#45.49#28.08
-145.89,70.1806#26.46#45.51#28.03
-145.726,70.1765#26.49#45.53#27.98
-145.562,70.1723#26.53#45.56#27.91
-145.399,70.1679#26.69#45.58#27.73
-145.235,70.1633#26.92#45.6#27.48
-145.072,70.1586#27.16#45.62#27.22
-144.908,70.1538#27.44#45.64#26.92
-144.745,70.1487#27.75#45.66#26.59
-144.582,70.1436#28.06#45.67#26.27
-144.419,70.1382#28.46#45.68#25.86
-144.256,70.1327#28.97#45.67#25.36
-144.093,70.1271#29.48#45.67#24.85
-143.93,70.1213#29.9#45.66#24.44
-143.767,70.1153#30.2#45.64#24.16
-143.604,70.1092#30.49#45.61#23.9
-143.442,70.1029#30.63#45.57#23.8
-143.279,70.0965#30.53#45.51#23.96
-143.117,70.0899#30.44#45.45#24.11
-142.955,70.0831#30.31#45.39#24.3
-142.793,70.0762#30.11#45.31#24.58
-142.631,70.0692#29.9#45.24#24.86
-142.469,70.0619#29.66#45.16#25.18
-142.307,70.0546#29.31#45.11#25.58
-142.145,70.047#28.95#45.06#25.99
-141.984,70.0394#28.62#45.01#26.37
-141.823,70.0315#28.41#44.94#26.65
-141.661,70.0235#28.21#44.87#26.92
-141.5,70.0154#28.02#44.8#27.18
-141.339,70.0071#27.95#44.72#27.33
-141.178,69.9986#27.88#44.63#27.49
-141.018,69.99#27.81#44.54#27.65
-140.857,69.9812#27.77#44.44#27.79
-140.697,69.9723#27.74#44.33#27.93
-140.536,69.9633#27.71#44.23#28.06
-140.376,69.954#27.7#44.11#28.19
-140.216,69.9446#27.69#43.97#28.34
-140.057,69.9351#27.67#43.84#28.49
-139.897,69.9254#27.67#43.68#28.65
-139.737,69.9156#27.67#43.5#28.83
-139.578,69.9056#27.66#43.32#29.02
-161.246,69.9081#26.27#35.46#38.27
-161.087,69.9189#26.23#35.64#38.13
-160.928,69.9295#26.19#35.82#37.99
-160.768,69.94#26.17#36.02#37.81
-160.609,69.9503#26.15#36.21#37.64
-160.449,69.9605#26.13#36.42#37.45
-160.29,69.9705#26.12#36.64#37.24
-160.13,69.9803#26.11#36.86#37.03
-159.97,69.99#26.1#37.1#36.8
-159.809,69.9996#26.1#37.39#36.51
-159.649,70.009#26.09#37.68#36.23
-159.488,70.0183#26.09#37.97#35.94
-159.328,70.0274#26.08#38.13#35.79
-159.167,70.0363#26.08#38.28#35.64
-159.006,70.0451#26.08#38.43#35.49
-158.845,70.0537#26.08#38.57#35.35
-158.683,70.0622#26.08#38.72#35.2
-158.522,70.0705#26.07#38.87#35.06
-158.36,70.0787#26.07#39.01#34.92
-158.199,70.0867#26.07#39.16#34.77
-158.037,70.0946#26.07#39.31#34.62
-157.875,70.1023#26.07#39.46#34.47
-157.713,70.1098#26.07#39.61#34.32
-157.551,70.1172#26.07#39.77#34.16
-157.388,70.1245#26.36#39.94#33.7
-157.226,70.1315#26.77#40.12#33.11
-157.063,70.1385#27.18#40.29#32.53
-156.901,70.1452#27.6#40.48#31.92
-156.738,70.1518#28.02#40.67#31.31
-156.575,70.1583#28.45#40.85#30.7
-156.412,70.1646#28.71#41.03#30.26
-156.249,70.1707#28.83#41.21#29.96
-156.085,70.1767#28.96#41.39#29.65
-155.922,70.1825#29.03#41.55#29.42
-155.759,70.1882#29.04#41.7#29.26
-155.595,70.1937#29.05#41.84#29.11
-155.432,70.1991#29.06#41.97#28.97
-155.268,70.2043#29.04#42.09#28.87
-155.104,70.2093#29.03#42.21#28.76
-154.94,70.2142#28.91#42.33#28.76
-154.776,70.2189#28.62#42.44#28.94
-154.612,70.2234#28.32#42.54#29.14
-154.448,70.2278#28.03#42.65#29.32
-154.284,70.2321#27.76#42.75#29.49
-154.12,70.2362#27.49#42.86#29.65
-153.956,70.2401#27.27#42.96#29.77
-153.791,70.2438#27.17#43.05#29.78
-153.627,70.2474#27.08#43.14#29.78
-153.462,70.2509#27#43.23#29.77
-153.298,70.2542#26.97#43.32#29.71
-153.133,70.2573#26.94#43.41#29.65
-152.968,70.2603#26.91#43.49#29.6
-152.804,70.2631#26.86#43.58#29.56
-152.639,70.2657#26.82#43.66#29.52
-152.474,70.2682#26.77#43.75#29.48
-152.309,70.2705#26.7#43.82#29.48
-152.145,70.2727#26.63#43.9#29.47
-151.98,70.2747#26.57#43.97#29.46
-151.815,70.2765#26.51#43.97#29.52
-151.65,70.2782#26.45#43.97#29.58
-151.485,70.2797#26.4#43.98#29.62
-151.32,70.2811#26.38#44.04#29.58
-151.155,70.2823#26.36#44.1#29.54
-150.99,70.2833#26.34#44.16#29.5
-150.825,70.2842#26.33#44.23#29.44
-150.659,70.2849#26.32#44.29#29.39
-150.494,70.2855#26.32#44.36#29.32
-150.329,70.2859#26.31#44.42#29.27
-150.164,70.2861#26.31#44.49#29.2
-149.999,70.2862#26.31#44.55#29.14
-149.834,70.2861#26.31#44.62#29.07
-149.669,70.2859#26.32#44.68#29
-149.504,70.2855#26.32#44.74#28.94
-149.339,70.2849#26.32#44.8#28.88
-149.173,70.2842#26.32#44.87#28.81
-149.008,70.2833#26.33#44.93#28.74
-148.843,70.2823#26.33#44.98#28.69
-148.678,70.2811#26.34#45.04#28.62
-148.513,70.2797#26.34#45.09#28.57
-148.348,70.2782#26.35#45.14#28.51
-148.183,70.2765#26.35#45.18#28.47
-148.018,70.2747#26.36#45.22#28.42
-147.853,70.2727#26.36#45.26#28.38
-147.689,70.2705#26.37#45.3#28.33
-147.524,70.2682#26.37#45.34#28.29
-147.359,70.2657#26.38#45.37#28.25
-147.194,70.263#26.38#45.4#28.22
-147.029,70.2602#26.39#45.44#28.17
-146.865,70.2573#26.39#45.47#28.14
-146.7,70.2541#26.4#45.5#28.1
-146.536,70.2508#26.41#45.53#28.06
-146.371,70.2474#26.41#45.56#28.03
-146.207,70.2438#26.42#45.58#28
-146.042,70.24#26.43#45.61#27.96
-145.878,70.2361#26.46#45.63#27.91
-145.714,70.232#26.49#45.65#27.86
-145.55,70.2278#26.52#45.67#27.81
-145.386,70.2234#26.68#45.69#27.63
-145.222,70.2188#26.89#45.71#27.4
-145.058,70.2141#27.1#45.73#27.17
-144.894,70.2092#27.38#45.75#26.87
-144.73,70.2042#27.68#45.76#26.56
-144.566,70.199#27.98#45.77#26.25
-144.403,70.1936#28.39#45.78#25.83
-144.239,70.1881#28.88#45.77#25.35
-144.076,70.1825#29.37#45.77#24.86
-143.912,70.1766#29.77#45.76#24.47
-143.749,70.1707#30.09#45.73#24.18
-143.586,70.1645#30.41#45.71#23.88
-143.423,70.1582#30.55#45.68#23.77
-143.26,70.1518#30.5#45.64#23.86
-143.097,70.1451#30.44#45.6#23.96
-142.935,70.1384#30.33#45.55#24.12
-142.772,70.1315#30.15#45.49#24.36
-142.61,70.1244#29.97#45.43#24.6
-142.447,70.1171#29.72#45.37#24.91
-142.285,70.1097#29.36#45.32#25.32
-142.123,70.1022#28.99#45.26#25.75
-141.961,70.0945#28.66#45.2#26.14
-141.799,70.0866#28.44#45.14#26.42
-141.638,70.0786#28.22#45.08#26.7
-141.476,70.0704#28.03#45.01#26.96
-141.315,70.0621#27.95#44.92#27.13
-141.153,70.0536#27.88#44.84#27.28
-140.992,70.045#27.81#44.75#27.44
-140.831,70.0362#27.77#44.65#27.58
-140.67,70.0272#27.74#44.55#27.71
-140.51,70.0181#27.71#44.44#27.85
-140.349,70.0089#27.69#44.32#27.99
-140.189,69.9995#27.68#44.19#28.13
-140.028,69.9899#27.67#44.05#28.28
-139.868,69.9802#27.67#43.89#28.44
-139.708,69.9703#27.66#43.71#28.63
-139.549,69.9603#27.66#43.54#28.8
-139.389,69.9502#27.66#43.33#29.01
-139.23,69.9398#27.66#43.11#29.23
-139.07,69.9294#27.66#42.89#29.45
-138.911,69.9187#27.66#42.7#29.64
-138.752,69.908#27.66#42.54#29.8
-162.071,69.9064#26.68#34.79#38.53
-161.913,69.9179#26.56#34.94#38.5
-161.754,69.9293#26.46#35.11#38.43
-161.596,69.9406#26.37#35.27#38.36
-161.437,69.9517#26.3#35.44#38.26
-161.277,69.9627#26.26#35.62#38.12
-161.118,69.9735#26.22#35.8#37.98
-160.958,69.9841#26.19#35.99#37.82
-160.799,69.9946#26.17#36.19#37.64
-160.639,70.005#26.15#36.39#37.46
-160.479,70.0152#26.13#36.6#37.27
-160.319,70.0252#26.12#36.83#37.05
-160.158,70.0351#26.11#37.06#36.83
-159.998,70.0449#26.1#37.29#36.61
-159.837,70.0544#26.09#37.6#36.31
-159.676,70.0639#26.09#37.91#36
-159.515,70.0731#26.08#38.23#35.69
-159.354,70.0823#26.08#38.39#35.53
-159.193,70.0912#26.08#38.55#35.37
-159.031,70.1001#26.08#38.7#35.22
-158.87,70.1087#26.08#38.84#35.08
-158.708,70.1172#26.08#39#34.92
-158.546,70.1256#26.07#39.16#34.77
-158.384,70.1338#26.07#39.32#34.61
-158.222,70.1418#26.07#39.48#34.45
-158.06,70.1497#26.07#39.64#34.29
-157.897,70.1574#26.07#39.8#34.13
-157.735,70.165#26.07#39.96#33.97
-157.572,70.1724#26.07#40.13#33.8
-157.409,70.1797#26.3#40.3#33.4
-157.246,70.1868#26.72#40.47#32.81
-157.083,70.1937#27.13#40.65#32.22
-156.92,70.2005#27.55#40.83#31.62
-156.757,70.2071#27.97#41#31.03
-156.594,70.2136#28.4#41.16#30.44
-156.43,70.2199#28.69#41.33#29.98
-156.267,70.2261#28.82#41.5#29.68
-156.103,70.2321#28.95#41.67#29.38
-155.939,70.2379#29.03#41.83#29.14
-155.775,70.2436#29.05#41.98#28.97
-155.611,70.2491#29.06#42.12#28.82
-155.447,70.2545#29.06#42.25#28.69
-155.283,70.2597#29.05#42.37#28.58
-155.119,70.2648#29.04#42.48#28.48
-154.955,70.2696#28.95#42.6#28.45
-154.79,70.2744#28.66#42.7#28.64
-154.626,70.2789#28.36#42.81#28.83
-154.461,70.2834#28.07#42.91#29.02
-154.296,70.2876#27.8#43.01#29.19
-154.132,70.2917#27.52#43.11#29.37
-153.967,70.2956#27.29#43.21#29.5
-153.802,70.2994#27.19#43.3#29.51
-153.637,70.303#27.1#43.38#29.52
-153.472,70.3065#27.01#43.47#29.52
-153.307,70.3098#26.98#43.56#29.46
-153.142,70.3129#26.94#43.64#29.42
-152.977,70.3159#26.9#43.72#29.38
-152.812,70.3187#26.86#43.8#29.34
-152.647,70.3213#26.81#43.88#29.31
-152.481,70.3238#26.75#43.96#29.29
-152.316,70.3262#26.68#44.04#29.28
-152.151,70.3283#26.61#44.11#29.28
-151.985,70.3303#26.54#44.18#29.28
-151.82,70.3322#26.49#44.19#29.32
-151.654,70.3339#26.44#44.2#29.36
-151.489,70.3354#26.39#44.21#29.4
-151.324,70.3368#26.37#44.26#29.37
-151.158,70.338#26.36#44.32#29.32
-150.992,70.339#26.34#44.37#29.29
-150.827,70.3399#26.33#44.44#29.23
-150.661,70.3406#26.32#44.5#29.18
-150.496,70.3412#26.31#44.56#29.13
-150.33,70.3416#26.31#44.62#29.07
-150.165,70.3418#26.31#44.68#29.01
-149.999,70.3419#26.31#44.74#28.95
-149.833,70.3418#26.31#44.81#28.88
-149.668,70.3416#26.31#44.87#28.82
-149.502,70.3412#26.32#44.93#28.75
-149.337,70.3406#26.32#44.99#28.69
-149.171,70.3399#26.32#45.04#28.64
-149.005,70.339#26.33#45.1#28.57
-148.84,70.338#26.33#45.15#28.52
-148.674,70.3368#26.34#45.2#28.46
-148.509,70.3354#26.34#45.25#28.41
-148.343,70.3339#26.35#45.3#28.35
-148.178,70.3322#26.35#45.34#28.31
-148.013,70.3303#26.36#45.38#28.26
-147.847,70.3283#26.36#45.41#28.23
-147.682,70.3261#26.37#45.45#28.18
-147.517,70.3238#26.37#45.48#28.15
-147.351,70.3213#26.38#45.51#28.11
-147.186,70.3187#26.38#45.54#28.08
-147.021,70.3158#26.39#45.57#28.04
-146.856,70.3129#26.39#45.6#28.01
-146.691,70.3097#26.4#45.63#27.97
-146.526,70.3064#26.41#45.66#27.93
-146.361,70.303#26.41#45.68#27.91
-146.196,70.2994#26.42#45.71#27.87
-146.031,70.2956#26.43#45.73#27.84
-145.866,70.2917#26.46#45.75#27.79
-145.701,70.2876#26.48#45.77#27.75
-145.537,70.2833#26.51#45.79#27.7
-145.372,70.2789#26.66#45.81#27.53
-145.208,70.2743#26.85#45.82#27.33
-145.043,70.2696#27.04#45.84#27.12
-144.879,70.2647#27.31#45.85#26.84
-144.715,70.2596#27.61#45.87#26.52
-144.551,70.2544#27.91#45.88#26.21
-144.387,70.2491#28.32#45.88#25.8
-144.223,70.2435#28.78#45.87#25.35
-144.059,70.2379#29.25#45.87#24.88
-143.895,70.232#29.65#45.85#24.5
-143.731,70.226#29.99#45.83#24.18
-143.568,70.2198#30.33#45.81#23.86
-143.404,70.2135#30.47#45.78#23.75
-143.241,70.2071#30.46#45.74#23.8
-143.078,70.2004#30.44#45.7#23.86
-142.915,70.1936#30.34#45.65#24.01
-142.752,70.1867#30.17#45.6#24.23
-142.589,70.1796#29.99#45.54#24.47
-142.426,70.1723#29.74#45.49#24.77
-142.263,70.1649#29.4#45.44#25.16
-142.101,70.1573#29.04#45.39#25.57
-141.938,70.1496#28.73#45.34#25.93
-141.776,70.1417#28.48#45.29#26.23
-141.614,70.1337#28.24#45.25#26.51
-141.452,70.1255#28.05#45.19#26.76
-141.29,70.1171#27.96#45.12#26.92
-141.128,70.1086#27.88#45.05#27.07
-140.967,70.0999#27.81#44.96#27.23
-140.805,70.0911#27.78#44.86#27.36
-140.644,70.0822#27.74#44.76#27.5
-140.483,70.073#27.71#44.65#27.64
-140.322,70.0638#27.69#44.53#27.78
-140.161,70.0543#27.68#44.4#27.92
-140,70.0447#27.67#44.27#28.06
-139.84,70.035#27.66#44.1#28.24
-139.679,70.0251#27.66#43.93#28.41
-139.519,70.015#27.66#43.76#28.58
-139.359,70.0048#27.66#43.54#28.8
-139.199,69.9945#27.66#43.33#29.01
-139.04,69.984#27.66#43.11#29.23
-138.88,69.9733#27.66#42.94#29.4
-138.721,69.9625#27.66#42.79#29.55
-138.561,69.9516#27.66#42.64#29.7
-138.402,69.9405#27.66#42.33#30.01
-138.244,69.9292#27.67#41.94#30.39
-138.085,69.9178#27.67#41.55#30.78
-137.927,69.9062#27.67#41.1#31.23
-162.897,69.9006#27.38#34.25#38.37
-162.739,69.9129#27.25#34.38#38.37
-162.581,69.9251#27.11#34.51#38.38
-162.423,69.9371#26.97#34.65#38.38
-162.264,69.949#26.82#34.79#38.39
-162.105,69.9608#26.66#34.94#38.4
-161.947,69.9724#26.53#35.09#38.38
-161.787,69.9838#26.45#35.25#38.3
-161.628,69.9951#26.36#35.42#38.22
-161.469,70.0062#26.29#35.59#38.12
-161.309,70.0172#26.25#35.78#37.97
-161.149,70.0281#26.22#35.97#37.81
-160.989,70.0388#26.18#36.15#37.67
-160.829,70.0493#26.16#36.36#37.48
-160.669,70.0597#26.14#36.57#37.29
-160.509,70.0699#26.12#36.78#37.1
-160.348,70.08#26.11#37.02#36.87
-160.187,70.0899#26.11#37.25#36.64
-160.026,70.0997#26.1#37.49#36.41
-159.865,70.1093#26.09#37.8#36.11
-159.704,70.1187#26.09#38.13#35.78
-159.542,70.128#26.08#38.46#35.46
-159.381,70.1372#26.08#38.67#35.25
-159.219,70.1462#26.08#38.83#35.09
-159.057,70.155#26.08#39#34.92
-158.895,70.1637#26.08#39.17#34.75
-158.733,70.1723#26.08#39.33#34.59
-158.571,70.1806#26.07#39.49#34.44
-158.408,70.1889#26.07#39.66#34.27
-158.246,70.1969#26.07#39.82#34.11
-158.083,70.2048#26.07#39.98#33.95
-157.92,70.2126#26.07#40.15#33.78
-157.757,70.2202#26.07#40.32#33.61
-157.594,70.2276#26.07#40.48#33.45
-157.431,70.2349#26.25#40.65#33.1
-157.267,70.242#26.66#40.83#32.51
-157.104,70.249#27.08#41.01#31.91
-156.94,70.2558#27.5#41.18#31.32
-156.776,70.2624#27.92#41.33#30.75
-156.613,70.2689#28.35#41.48#30.17
-156.449,70.2753#28.68#41.63#29.69
-156.285,70.2814#28.81#41.8#29.39
-156.12,70.2875#28.94#41.96#29.1
-155.956,70.2933#29.04#42.12#28.84
-155.792,70.299#29.05#42.26#28.69
-155.627,70.3046#29.06#42.4#28.54
-155.463,70.3099#29.07#42.53#28.4
-155.298,70.3152#29.06#42.64#28.3
-155.134,70.3202#29.05#42.76#28.19
-154.969,70.3251#28.99#42.87#28.14
-154.804,70.3299#28.7#42.97#28.33
-154.639,70.3345#28.4#43.07#28.53
-154.474,70.3389#28.11#43.17#28.72
-154.309,70.3432#27.84#43.27#28.89
-154.144,70.3473#27.56#43.36#29.08
-153.978,70.3512#27.3#43.46#29.24
-153.813,70.355#27.21#43.54#29.25
-153.648,70.3586#27.11#43.63#29.26
-153.482,70.3621#27.03#43.71#29.26
-153.317,70.3654#26.99#43.79#29.22
-153.151,70.3685#26.94#43.87#29.19
-152.986,70.3715#26.9#43.95#29.15
-152.82,70.3743#26.85#44.03#29.12
-152.654,70.377#26.79#44.1#29.11
-152.489,70.3795#26.74#44.18#29.08
-152.323,70.3818#26.67#44.25#29.08
-152.157,70.384#26.59#44.32#29.09
-151.991,70.386#26.52#44.38#29.1
-151.825,70.3879#26.48#44.4#29.12
-151.659,70.3896#26.43#44.42#29.15
-151.493,70.3911#26.38#44.43#29.19
-151.327,70.3925#26.37#44.49#29.14
-151.161,70.3937#26.35#44.54#29.11
-150.995,70.3947#26.33#44.59#29.08
-150.829,70.3956#26.33#44.65#29.02
-150.663,70.3963#26.32#44.71#28.97
-150.497,70.3969#26.31#44.77#28.92
-150.331,70.3973#26.31#44.82#28.87
-150.165,70.3976#26.31#44.88#28.81
-149.999,70.3976#26.31#44.94#28.75
-149.833,70.3976#26.31#45#28.69
-149.667,70.3973#26.31#45.05#28.64
-149.501,70.3969#26.32#45.11#28.57
-149.335,70.3963#26.32#45.17#28.51
-149.169,70.3956#26.32#45.22#28.46
-149.003,70.3947#26.33#45.28#28.39
-148.837,70.3937#26.33#45.32#28.35
-148.671,70.3925#26.34#45.37#28.29
-148.505,70.3911#26.34#45.42#28.24
-148.339,70.3896#26.35#45.46#28.19
-148.173,70.3879#26.35#45.49#28.16
-148.007,70.386#26.36#45.53#28.11
-147.841,70.384#26.36#45.56#28.08
-147.675,70.3818#26.37#45.6#28.03
-147.509,70.3795#26.37#45.63#28
-147.344,70.377#26.38#45.65#27.97
-147.178,70.3743#26.38#45.68#27.94
-147.012,70.3715#26.39#45.71#27.9
-146.847,70.3685#26.39#45.73#27.88
-146.681,70.3653#26.4#45.76#27.84
-146.516,70.362#26.41#45.79#27.8
-146.35,70.3586#26.41#45.81#27.78
-146.185,70.3549#26.42#45.83#27.75
-146.019,70.3512#26.43#45.85#27.72
-145.854,70.3472#26.45#45.87#27.68
-145.689,70.3431#26.48#45.89#27.63
-145.524,70.3388#26.5#45.9#27.6
-145.359,70.3344#26.65#45.92#27.43
-145.194,70.3298#26.81#45.93#27.26
-145.029,70.3251#26.98#45.95#27.07
-144.864,70.3202#27.25#45.96#26.79
-144.7,70.3151#27.54#45.97#26.49
-144.535,70.3099#27.84#45.98#26.18
-144.37,70.3045#28.24#45.98#25.78
-144.206,70.2989#28.68#45.97#25.35
-144.042,70.2932#29.13#45.97#24.9
-143.877,70.2874#29.53#45.95#24.52
-143.713,70.2814#29.9#45.93#24.17
-143.549,70.2752#30.27#45.91#23.82
-143.385,70.2688#30.4#45.88#23.72
-143.222,70.2624#30.43#45.84#23.73
-143.058,70.2557#30.45#45.8#23.75
-142.894,70.2489#30.35#45.76#23.89
-142.731,70.2419#30.19#45.7#24.11
-142.567,70.2348#30.03#45.65#24.32
-142.404,70.2275#29.77#45.6#24.63
-142.241,70.2201#29.44#45.55#25.01
-142.078,70.2125#29.1#45.51#25.39
-141.915,70.2047#28.8#45.46#25.74
-141.752,70.1968#28.54#45.41#26.05
-141.59,70.1887#28.29#45.37#26.34
-141.427,70.1805#28.1#45.31#26.59
-141.265,70.1722#28#45.24#26.76
-141.103,70.1636#27.9#45.17#26.93
-140.941,70.1549#27.83#45.1#27.07
-140.779,70.1461#27.78#45.02#27.2
-140.617,70.1371#27.74#44.93#27.33
-140.456,70.1279#27.71#44.84#27.45
-140.294,70.1186#27.69#44.72#27.59
-140.133,70.1092#27.68#44.61#27.71
-139.972,70.0995#27.67#44.47#27.86
-139.811,70.0898#27.66#44.31#28.03
-139.65,70.0798#27.66#44.14#28.2
-139.489,70.0698#27.65#43.97#28.38
-139.329,70.0595#27.65#43.76#28.59
-139.169,70.0492#27.65#43.54#28.81
-139.009,70.0386#27.65#43.33#29.02
-138.849,70.0279#27.66#43.19#29.15
-138.689,70.0171#27.66#43.05#29.29
-138.529,70.0061#27.66#42.91#29.43
-138.37,69.995#27.66#42.56#29.78
-138.211,69.9837#27.66#42.16#30.18
-138.051,69.9722#27.67#41.77#30.56
-137.893,69.9606#27.67#41.28#31.05
-137.734,69.9489#27.67#40.76#31.57
-137.575,69.937#27.67#40.24#32.09
-137.417,69.9249#27.68#39.77#32.55
-137.259,69.9127#27.68#39.35#32.97
-137.101,69.9004#27.68#38.94#33.38
-163.564,69.9038#27.83#33.87#38.3
-163.407,69.9168#27.72#33.99#38.29
-163.249,69.9296#27.61#34.12#38.27
-163.091,69.9423#27.51#34.24#38.25
-162.933,69.9548#27.39#34.37#38.24
-162.775,69.9672#27.25#34.51#38.24
-162.616,69.9794#27.11#34.65#38.24
-162.458,69.9915#26.96#34.79#38.25
-162.299,70.0034#26.81#34.93#38.26
-162.14,70.0152#26.65#35.08#38.27
-161.98,70.0268#26.5#35.23#38.27
-161.821,70.0383#26.43#35.4#38.17
-161.661,70.0496#26.35#35.57#38.08
-161.501,70.0608#26.28#35.74#37.98
-161.341,70.0718#26.25#35.93#37.82
-161.181,70.0827#26.21#36.13#37.66
-161.021,70.0934#26.17#36.32#37.51
-160.86,70.104#26.15#36.53#37.32
-160.699,70.1144#26.14#36.75#37.11
-160.538,70.1246#26.12#36.97#36.91
-160.377,70.1347#26.11#37.2#36.69
-160.216,70.1447#26.1#37.44#36.46
-160.055,70.1545#26.1#37.68#36.22
-159.893,70.1641#26.09#37.99#35.92
-159.731,70.1736#26.09#38.34#35.57
-159.57,70.1829#26.08#38.7#35.22
-159.408,70.1921#26.08#38.95#34.97
-159.245,70.2012#26.08#39.13#34.79
-159.083,70.21#26.08#39.32#34.6
-158.921,70.2187#26.08#39.49#34.43
-158.758,70.2273#26.08#39.66#34.26
-158.595,70.2357#26.07#39.83#34.1
-158.432,70.2439#26.07#40#33.93
-158.269,70.252#26.07#40.16#33.77
-158.106,70.26#26.07#40.33#33.6
-157.943,70.2677#26.07#40.5#33.43
-157.779,70.2753#26.07#40.67#33.26
-157.616,70.2828#26.07#40.84#33.09
-157.452,70.2901#26.19#41.01#32.8
-157.288,70.2973#26.61#41.19#32.2
-157.124,70.3042#27.03#41.36#31.61
-156.96,70.3111#27.45#41.53#31.02
-156.796,70.3177#27.87#41.67#30.46
-156.632,70.3243#28.3#41.8#29.9
-156.467,70.3306#28.67#41.93#29.4
-156.303,70.3368#28.8#42.09#29.11
-156.138,70.3428#28.93#42.25#28.82
-155.973,70.3487#29.04#42.4#28.56
-155.809,70.3544#29.05#42.54#28.41
-155.644,70.36#29.07#42.68#28.25
-155.479,70.3654#29.08#42.81#28.11
-155.314,70.3706#29.07#42.92#28.01
-155.148,70.3757#29.06#43.03#27.91
-154.983,70.3806#29.03#43.14#27.83
-154.818,70.3854#28.74#43.24#28.02
-154.652,70.39#28.45#43.34#28.21
-154.487,70.3944#28.16#43.43#28.41
-154.321,70.3987#27.88#43.53#28.59
-154.156,70.4028#27.59#43.62#28.79
-153.99,70.4068#27.32#43.71#28.97
-153.824,70.4106#27.23#43.79#28.98
-153.658,70.4142#27.13#43.87#29
-153.492,70.4177#27.04#43.95#29.01
-153.326,70.421#26.99#44.03#28.98
-153.16,70.4242#26.95#44.11#28.94
-152.994,70.4272#26.9#44.18#28.92
-152.828,70.43#26.84#44.25#28.91
-152.662,70.4326#26.78#44.33#28.89
-152.496,70.4352#26.72#44.4#28.88
-152.33,70.4375#26.65#44.46#28.89
-152.163,70.4397#26.57#44.53#28.9
-151.997,70.4417#26.5#44.59#28.91
-151.831,70.4436#26.46#44.62#28.92
-151.664,70.4453#26.42#44.64#28.94
-151.498,70.4468#26.38#44.66#28.96
-151.331,70.4482#26.36#44.71#28.93
-151.165,70.4494#26.35#44.76#28.89
-150.998,70.4504#26.33#44.8#28.87
-150.832,70.4513#26.32#44.86#28.82
-150.665,70.4521#26.32#44.92#28.76
-150.499,70.4526#26.31#44.97#28.72
-150.332,70.453#26.31#45.03#28.66
-150.166,70.4533#26.31#45.08#28.61
-149.999,70.4534#26.31#45.13#28.56
-149.832,70.4533#26.31#45.19#28.5
-149.666,70.453#26.31#45.24#28.45
-149.499,70.4526#26.32#45.3#28.38
-149.333,70.4521#26.32#45.35#28.33
-149.166,70.4513#26.32#45.4#28.28
-149,70.4504#26.33#45.45#28.22
-148.833,70.4494#26.33#45.5#28.17
-148.667,70.4482#26.34#45.54#28.12
-148.5,70.4468#26.34#45.58#28.08
-148.334,70.4452#26.35#45.62#28.03
-148.167,70.4435#26.35#45.65#28
-148.001,70.4417#26.36#45.69#27.95
-147.835,70.4397#26.36#45.72#27.92
-147.668,70.4375#26.37#45.74#27.89
-147.502,70.4351#26.37#45.77#27.86
-147.336,70.4326#26.38#45.8#27.82
-147.17,70.4299#26.38#45.82#27.8
-147.004,70.4271#26.39#45.84#27.77
-146.838,70.4241#26.39#45.87#27.74
-146.671,70.421#26.4#45.89#27.71
-146.506,70.4177#26.41#45.91#27.68
-146.34,70.4142#26.41#45.93#27.66
-146.174,70.4105#26.42#45.95#27.63
-146.008,70.4067#26.43#45.97#27.6
-145.842,70.4028#26.45#45.99#27.56
-145.677,70.3987#26.47#46#27.53
-145.511,70.3944#26.5#46.02#27.48
-145.345,70.3899#26.62#46.03#27.35
-145.18,70.3853#26.76#46.04#27.2
-145.015,70.3806#26.91#46.06#27.03
-144.849,70.3757#27.18#46.07#26.75
-144.684,70.3706#27.47#46.07#26.46
-144.519,70.3653#27.76#46.08#26.16
-144.354,70.3599#28.16#46.08#25.76
-144.189,70.3544#28.58#46.07#25.35
-144.024,70.3486#29.01#46.07#24.92
-143.86,70.3428#29.41#46.05#24.54
-143.695,70.3367#29.81#46.03#24.16
-143.531,70.3305#30.2#46.01#23.79
-143.366,70.3242#30.34#45.98#23.68
-143.202,70.3177#30.41#45.95#23.64
-143.038,70.311#30.47#45.91#23.62
-142.874,70.3042#30.37#45.86#23.77
-142.71,70.2972#30.21#45.81#23.98
-142.546,70.29#30.06#45.76#24.18
-142.382,70.2827#29.79#45.71#24.5
-142.219,70.2753#29.48#45.67#24.85
-142.055,70.2676#29.17#45.62#25.21
-141.892,70.2599#28.88#45.58#25.54
-141.729,70.2519#28.6#45.53#25.87
-141.566,70.2438#28.33#45.49#26.18
-141.403,70.2356#28.15#45.43#26.42
-141.24,70.2272#28.03#45.37#26.6
-141.077,70.2186#27.92#45.3#26.78
-140.915,70.2099#27.84#45.23#26.93
-140.753,70.201#27.79#45.15#27.06
-140.59,70.192#27.75#45.06#27.19
-140.428,70.1828#27.71#44.97#27.32
-140.267,70.1735#27.7#44.86#27.44
-140.105,70.164#27.68#44.75#27.57
-139.943,70.1544#27.67#44.63#27.7
-139.782,70.1446#27.66#44.48#27.86
-139.621,70.1346#27.65#44.33#28.02
