-151.99,60.9017#28.49#29.64#41.87
-151.879,60.9035#28.29#29.58#42.13
-151.769,60.9052#28.09#29.53#42.38
-151.658,60.9068#27.89#29.47#42.64
-151.548,60.9083#27.69#29.41#42.9
-151.437,60.9097#27.5#29.34#43.16
-151.326,60.911#27.33#29.25#43.42
-151.216,60.9122#27.15#29.17#43.68
-151.105,60.9133#26.97#29.09#43.94
-150.995,60.9143#26.8#29#44.2
-150.884,60.9151#26.71#28.95#44.34
-150.774,60.9159#26.61#28.89#44.5
-150.663,60.9166#26.52#28.84#44.64
-150.552,60.9172#26.43#28.78#44.79
-150.442,60.9176#26.36#28.74#44.9
-150.331,60.918#26.33#28.72#44.95
-150.221,60.9182#26.29#28.7#45.01
-150.11,60.9184#26.25#28.69#45.06
-149.999,60.9185#26.21#28.67#45.12
-149.889,60.9184#26.2#28.66#45.14
-149.778,60.9182#26.18#28.66#45.16
-149.667,60.918#26.16#28.65#45.19
-149.557,60.9176#26.14#28.64#45.22
-149.446,60.9172#26.13#28.64#45.23
-149.336,60.9166#26.12#28.64#45.24
-149.225,60.9159#26.11#28.65#45.24
-149.114,60.9151#26.11#28.65#45.24
-149.004,60.9142#26.1#28.65#45.25
-148.893,60.9133#26.09#28.66#45.25
-148.783,60.9122#26.09#28.67#45.24
-148.672,60.911#26.09#28.68#45.23
-148.562,60.9097#26.08#28.69#45.23
-148.451,60.9083#26.08#28.71#45.21
-148.341,60.9068#26.08#28.73#45.19
-148.23,60.9052#26.08#28.76#45.16
-148.12,60.9035#26.08#28.78#45.14
-148.009,60.9016#26.08#28.81#45.11
-154.093,60.9011#31.9#29.66#38.44
-153.983,60.9049#31.69#29.67#38.64
-153.872,60.9086#31.54#29.68#38.78
-153.762,60.9122#31.38#29.68#38.94
-153.652,60.9157#31.23#29.69#39.08
-153.541,60.919#31.07#29.7#39.23
-153.431,60.9223#30.91#29.7#39.39
-153.32,60.9255#30.74#29.71#39.55
-153.21,60.9285#30.57#29.71#39.72
-153.099,60.9315#30.41#29.71#39.88
-152.989,60.9344#30.24#29.72#40.04
-152.878,60.9371#30.05#29.72#40.23
-152.768,60.9398#29.86#29.72#40.42
-152.657,60.9423#29.67#29.73#40.6
-152.547,60.9447#29.48#29.73#40.79
-152.436,60.9471#29.3#29.72#40.98
-152.325,60.9493#29.11#29.7#41.19
-152.215,60.9514#28.92#29.68#41.4
-152.104,60.9535#28.74#29.66#41.6
-151.993,60.9554#28.55#29.63#41.82
-151.883,60.9572#28.36#29.57#42.07
-151.772,60.9589#28.16#29.51#42.33
-151.661,60.9605#27.97#29.44#42.59
-151.55,60.962#27.78#29.38#42.84
-151.44,60.9634#27.59#29.31#43.1
-151.329,60.9647#27.41#29.22#43.37
-151.218,60.9659#27.22#29.14#43.64
-151.107,60.967#27.04#29.05#43.91
-150.997,60.968#26.85#28.97#44.18
-150.886,60.9689#26.75#28.91#44.34
-150.775,60.9697#26.65#28.86#44.49
-150.664,60.9704#26.55#28.81#44.64
-150.553,60.9709#26.45#28.76#44.79
-150.443,60.9714#26.38#28.73#44.89
-150.332,60.9718#26.34#28.71#44.95
-150.221,60.972#26.3#28.7#45
-150.11,60.9722#26.26#28.68#45.06
-149.999,60.9722#26.22#28.66#45.12
-149.888,60.9722#26.2#28.66#45.14
-149.778,60.972#26.18#28.65#45.17
-149.667,60.9718#26.17#28.65#45.18
-149.556,60.9714#26.15#28.64#45.21
-149.445,60.9709#26.13#28.64#45.23
-149.334,60.9703#26.12#28.64#45.24
-149.224,60.9697#26.12#28.65#45.23
-149.113,60.9689#26.11#28.65#45.24
-149.002,60.968#26.1#28.65#45.25
-148.891,60.967#26.1#28.66#45.24
-148.78,60.9659#26.09#28.67#45.24
-148.67,60.9647#26.09#28.68#45.23
-148.559,60.9634#26.09#28.69#45.22
-148.448,60.962#26.08#28.71#45.21
-148.337,60.9605#26.08#28.73#45.19
-148.227,60.9589#26.08#28.76#45.16
-148.116,60.9572#26.08#28.78#45.14
-148.005,60.9554#26.08#28.81#45.11
-147.895,60.9534#26.08#28.87#45.05
-147.784,60.9514#26.07#28.94#44.99
-147.673,60.9493#26.07#29#44.93
-147.563,60.947#26.07#29.07#44.86
-147.452,60.9447#26.07#29.16#44.77
-147.341,60.9423#26.07#29.29#44.64
-147.231,60.9397#26.07#29.41#44.52
-147.12,60.9371#26.07#29.54#44.39
-147.01,60.9343#26.07#29.66#44.27
-146.899,60.9315#26.07#29.83#44.1
-146.789,60.9285#26.07#29.99#43.94
-146.678,60.9254#26.07#30.15#43.78
-146.568,60.9223#26.07#30.32#43.61
-146.457,60.919#26.08#30.48#43.44
-146.347,60.9156#26.09#30.65#43.26
-146.237,60.9122#26.11#30.82#43.07
-146.126,60.9086#26.12#30.99#42.89
-146.016,60.9049#26.14#31.15#42.71
-145.906,60.9011#26.19#31.31#42.5
-155.424,60.9012#35.23#29.36#35.41
-155.314,60.9062#34.89#29.41#35.7
-155.204,60.9112#34.55#29.45#36
-155.094,60.916#34.21#29.5#36.29
-154.984,60.9207#33.88#29.54#36.58
-154.873,60.9253#33.6#29.56#36.84
-154.763,60.9298#33.31#29.58#37.11
-154.653,60.9343#33.03#29.6#37.37
-154.542,60.9386#32.74#29.62#37.64
-154.432,60.9428#32.5#29.63#37.87
-154.322,60.9469#32.29#29.65#38.06
-154.211,60.9509#32.08#29.66#38.26
-154.101,60.9548#31.87#29.67#38.46
-153.99,60.9586#31.66#29.68#38.66
-153.88,60.9623#31.5#29.69#38.81
-153.769,60.9658#31.34#29.69#38.97
-153.659,60.9693#31.17#29.7#39.13
-153.548,60.9727#31.01#29.71#39.28
-153.437,60.976#30.84#29.71#39.45
-153.327,60.9792#30.68#29.71#39.61
-153.216,60.9822#30.52#29.72#39.76
-153.105,60.9852#30.35#29.72#39.93
-152.995,60.9881#30.19#29.73#40.08
-152.884,60.9908#30.02#29.73#40.25
-152.773,60.9935#29.85#29.73#40.42
-152.662,60.996#29.68#29.73#40.59
-152.552,60.9985#29.51#29.74#40.75
-152.441,61.0008#29.33#29.72#40.95
-152.33,61.003#29.15#29.7#41.15
-152.219,61.0052#28.97#29.68#41.35
-152.108,61.0072#28.79#29.65#41.56
-151.997,61.0091#28.61#29.62#41.77
-151.886,61.011#28.42#29.56#42.02
-151.775,61.0127#28.24#29.49#42.27
-151.664,61.0143#28.06#29.42#42.52
-151.554,61.0158#27.87#29.35#42.78
-151.443,61.0172#27.69#29.27#43.04
-151.332,61.0185#27.49#29.19#43.32
-151.221,61.0197#27.3#29.1#43.6
-151.11,61.0208#27.11#29.01#43.88
-150.999,61.0218#26.91#28.93#44.16
-150.888,61.0227#26.8#28.88#44.32
-150.777,61.0235#26.69#28.84#44.47
-150.666,61.0241#26.59#28.79#44.62
-150.554,61.0247#26.48#28.75#44.77
-150.443,61.0252#26.4#28.72#44.88
-150.332,61.0255#26.36#28.7#44.94
-150.221,61.0258#26.32#28.69#44.99
-150.11,61.026#26.27#28.67#45.06
-149.999,61.026#26.23#28.65#45.12
-149.888,61.026#26.21#28.65#45.14
-149.777,61.0258#26.19#28.65#45.16
-149.666,61.0255#26.17#28.64#45.19
-149.555,61.0252#26.15#28.64#45.21
-149.444,61.0247#26.14#28.64#45.22
-149.333,61.0241#26.13#28.64#45.23
-149.222,61.0234#26.12#28.64#45.24
-149.111,61.0227#26.11#28.65#45.24
-149,61.0218#26.1#28.65#45.25
-148.889,61.0208#26.1#28.66#45.24
-148.778,61.0197#26.09#28.67#45.24
-148.667,61.0185#26.09#28.68#45.23
-148.556,61.0172#26.09#28.69#45.22
-148.445,61.0158#26.08#28.71#45.21
-148.334,61.0143#26.08#28.73#45.19
-148.223,61.0127#26.08#28.76#45.16
-148.112,61.0109#26.08#28.78#45.14
-148.001,61.0091#26.08#28.8#45.12
-147.89,61.0072#26.08#28.87#45.05
-147.78,61.0052#26.07#28.94#44.99
-147.669,61.003#26.07#29.01#44.92
-147.558,61.0008#26.07#29.08#44.85
-147.447,60.9984#26.07#29.17#44.76
-147.336,60.996#26.07#29.3#44.63
-147.225,60.9934#26.07#29.43#44.5
-147.115,60.9908#26.07#29.55#44.38
-147.004,60.988#26.07#29.68#44.25
-146.893,60.9852#26.07#29.84#44.09
-146.782,60.9822#26.07#30.01#43.92
-146.672,60.9791#26.07#30.17#43.76
-146.561,60.9759#26.07#30.34#43.59
-146.451,60.9727#26.08#30.5#43.42
-146.34,60.9693#26.1#30.66#43.24
-146.229,60.9658#26.12#30.82#43.06
-146.119,60.9622#26.14#30.99#42.87
-146.008,60.9585#26.16#31.15#42.69
-145.898,60.9547#26.21#31.3#42.49
-145.787,60.9508#26.27#31.45#42.28
-145.677,60.9468#26.32#31.6#42.08
-145.567,60.9427#26.38#31.76#41.86
-145.456,60.9385#26.45#31.92#41.63
-145.346,60.9342#26.54#32.1#41.36
-145.236,60.9298#26.62#32.28#41.1
-145.125,60.9253#26.71#32.45#40.84
-145.015,60.9207#26.8#32.63#40.57
-144.905,60.9159#26.87#32.78#40.35
-144.795,60.9111#26.94#32.92#40.14
-144.685,60.9062#27.01#33.06#39.93
-144.575,60.9011#27.09#33.21#39.7
-156.425,60.9047#38.28#28.9#32.82
-156.315,60.9107#37.92#28.95#33.13
-156.205,60.9166#37.57#28.99#33.44
-156.095,60.9223#37.22#29.04#33.74
-155.985,60.928#36.87#29.08#34.05
-155.875,60.9335#36.53#29.15#34.32
-155.765,60.939#36.2#29.21#34.59
-155.655,60.9443#35.87#29.27#34.86
-155.545,60.9496#35.54#29.34#35.12
-155.435,60.9547#35.2#29.39#35.41
-155.324,60.9598#34.86#29.43#35.71
-155.214,60.9647#34.51#29.47#36.02
-155.104,60.9695#34.17#29.52#36.31
-154.993,60.9743#33.83#29.55#36.62
-154.883,60.9789#33.55#29.57#36.88
-154.772,60.9834#33.27#29.59#37.14
-154.662,60.9879#33#29.61#37.39
-154.551,60.9922#32.72#29.63#37.65
-154.441,60.9964#32.48#29.65#37.87
-154.33,61.0005#32.27#29.66#38.07
-154.219,61.0045#32.05#29.67#38.28
-154.109,61.0084#31.84#29.68#38.48
-153.998,61.0122#31.63#29.69#38.68
-153.887,61.0159#31.46#29.7#38.84
-153.777,61.0195#31.29#29.7#39.01
-153.666,61.023#31.12#29.71#39.17
-153.555,61.0264#30.95#29.71#39.34
-153.444,61.0297#30.78#29.72#39.5
-153.333,61.0329#30.62#29.72#39.66
-153.222,61.0359#30.46#29.73#39.81
-153.111,61.0389#30.3#29.73#39.97
-153,61.0418#30.14#29.73#40.13
-152.89,61.0445#29.99#29.74#40.27
-152.779,61.0472#29.83#29.74#40.43
-152.668,61.0497#29.68#29.74#40.58
-152.557,61.0522#29.53#29.74#40.73
-152.445,61.0545#29.37#29.73#40.9
-152.334,61.0568#29.19#29.7#41.11
-152.223,61.0589#29.02#29.67#41.31
-152.112,61.061#28.84#29.65#41.51
-152.001,61.0629#28.67#29.62#41.71
-151.89,61.0647#28.49#29.54#41.97
-151.779,61.0664#28.31#29.47#42.22
-151.668,61.0681#28.14#29.4#42.46
-151.557,61.0696#27.97#29.32#42.71
-151.445,61.071#27.78#29.24#42.98
-151.334,61.0723#27.58#29.15#43.27
-151.223,61.0735#27.38#29.06#43.56
-151.112,61.0746#27.17#28.98#43.85
-151.001,61.0756#26.97#28.89#44.14
-150.889,61.0765#26.85#28.85#44.3
-150.778,61.0772#26.74#28.81#44.45
-150.667,61.0779#26.62#28.77#44.61
-150.556,61.0785#26.5#28.74#44.76
-150.444,61.079#26.42#28.71#44.87
-150.333,61.0793#26.38#28.69#44.93
-150.222,61.0796#26.33#28.68#44.99
-150.111,61.0797#26.29#28.66#45.05
-149.999,61.0798#26.24#28.65#45.11
-149.888,61.0797#26.22#28.65#45.13
-149.777,61.0796#26.2#28.64#45.16
-149.666,61.0793#26.18#28.64#45.18
-149.554,61.079#26.15#28.64#45.21
-149.443,61.0785#26.14#28.64#45.22
-149.332,61.0779#26.13#28.64#45.23
-149.221,61.0772#26.12#28.64#45.24
-149.109,61.0765#26.11#28.65#45.24
-148.998,61.0756#26.1#28.65#45.25
-148.887,61.0746#26.1#28.66#45.24
-148.776,61.0735#26.09#28.67#45.24
-148.664,61.0723#26.09#28.68#45.23
-148.553,61.071#26.09#28.69#45.22
-148.442,61.0696#26.08#28.71#45.21
-148.331,61.068#26.08#28.73#45.19
-148.22,61.0664#26.08#28.76#45.16
-148.109,61.0647#26.08#28.78#45.14
-147.997,61.0629#26.08#28.8#45.12
-147.886,61.0609#26.08#28.87#45.05
-147.775,61.0589#26.07#28.94#44.99
-147.664,61.0568#26.07#29.01#44.92
-147.553,61.0545#26.07#29.08#44.85
-147.442,61.0522#26.07#29.18#44.75
-147.331,61.0497#26.07#29.31#44.62
-147.22,61.0472#26.07#29.44#44.49
-147.109,61.0445#26.07#29.57#44.36
-146.998,61.0417#26.07#29.7#44.23
-146.887,61.0389#26.07#29.86#44.07
-146.776,61.0359#26.07#30.02#43.91
-146.665,61.0328#26.07#30.19#43.74
-146.555,61.0296#26.07#30.35#43.58
-146.444,61.0263#26.08#30.51#43.41
-146.333,61.023#26.11#30.67#43.22
-146.222,61.0195#26.13#30.83#43.04
-146.111,61.0159#26.15#30.98#42.87
-146.001,61.0122#26.17#31.14#42.69
-145.89,61.0084#26.24#31.29#42.47
-145.779,61.0045#26.3#31.45#42.25
-145.669,61.0005#26.36#31.6#42.04
-145.558,60.9963#26.42#31.75#41.83
-145.447,60.9921#26.49#31.91#41.6
-145.337,60.9878#26.58#32.09#41.33
-145.226,60.9834#26.67#32.27#41.06
-145.116,60.9788#26.76#32.44#40.8
-145.005,60.9742#26.85#32.62#40.53
-144.895,60.9695#26.92#32.75#40.33
-144.785,60.9646#26.98#32.88#40.14
-144.674,60.9597#27.05#33.02#39.93
-144.564,60.9547#27.12#33.15#39.73
-144.454,60.9495#27.18#33.3#39.52
-144.344,60.9443#27.22#33.47#39.31
-144.233,60.9389#27.26#33.65#39.09
-144.123,60.9335#27.3#33.82#38.88
-144.013,60.9279#27.34#34#38.66
-143.903,60.9223#27.35#34.16#38.49
-143.793,60.9165#27.37#34.31#38.32
-143.683,60.9106#27.38#34.47#38.15
-143.573,60.9047#27.4#34.62#37.98
-157.317,60.9067#41.16#28.8#30.04
-157.207,60.9135#40.73#28.8#30.47
-157.097,60.9201#40.3#28.81#30.89
-156.987,60.9267#39.89#28.81#31.3
-156.877,60.9332#39.56#28.83#31.61
-156.768,60.9396#39.23#28.85#31.92
-156.658,60.9459#38.9#28.87#32.23
-156.548,60.9521#38.57#28.88#32.55
-156.438,60.9582#38.23#28.92#32.85
-156.327,60.9641#37.88#28.97#33.15
-156.217,60.97#37.53#29.01#33.46
-156.107,60.9758#37.18#29.06#33.76
-155.997,60.9815#36.83#29.11#34.06
-155.887,60.987#36.5#29.17#34.33
-155.776,60.9925#36.17#29.24#34.59
-155.666,60.9979#35.84#29.3#34.86
-155.555,61.0031#35.51#29.37#35.12
-155.445,61.0083#35.17#29.42#35.41
-155.335,61.0133#34.83#29.46#35.71
-155.224,61.0183#34.48#29.5#36.02
-155.113,61.0231#34.13#29.53#36.34
-155.003,61.0279#33.78#29.57#36.65
-154.892,61.0325#33.5#29.59#36.91
-154.782,61.037#33.23#29.61#37.16
-154.671,61.0415#32.96#29.63#37.41
-154.56,61.0458#32.7#29.65#37.65
-154.449,61.05#32.45#29.66#37.89
-154.338,61.0541#32.24#29.67#38.09
-154.228,61.0582#32.03#29.68#38.29
-154.117,61.0621#31.81#29.69#38.5
-154.006,61.0659#31.6#29.7#38.7
-153.895,61.0696#31.42#29.71#38.87
-153.784,61.0732#31.24#29.71#39.05
-153.673,61.0767#31.06#29.72#39.22
-153.562,61.0801#30.88#29.72#39.4
-153.451,61.0834#30.71#29.73#39.56
-153.34,61.0866#30.56#29.73#39.71
-153.229,61.0896#30.4#29.74#39.86
-153.117,61.0926#30.25#29.74#40.01
-153.006,61.0955#30.09#29.74#40.17
-152.895,61.0983#29.95#29.75#40.3
-152.784,61.1009#29.82#29.75#40.43
-152.673,61.1035#29.68#29.75#40.57
-152.561,61.1059#29.55#29.75#40.7
-152.45,61.1083#29.4#29.74#40.86
-152.339,61.1105#29.23#29.71#41.06
-152.228,61.1127#29.06#29.67#41.27
-152.116,61.1147#28.89#29.64#41.47
-152.005,61.1167#28.72#29.61#41.67
-151.894,61.1185#28.56#29.53#41.91
-151.782,61.1202#28.39#29.45#42.16
-151.671,61.1218#28.22#29.37#42.41
-151.56,61.1234#28.06#29.3#42.64
-151.448,61.1248#27.87#29.21#42.92
-151.337,61.1261#27.66#29.12#43.22
-151.225,61.1273#27.45#29.03#43.52
-151.114,61.1284#27.24#28.94#43.82
-151.002,61.1294#27.03#28.85#44.12
-150.891,61.1303#26.9#28.81#44.29
-150.78,61.131#26.78#28.78#44.44
-150.668,61.1317#26.65#28.75#44.6
-150.557,61.1323#26.52#28.72#44.76
-150.445,61.1328#26.44#28.7#44.86
-150.334,61.1331#26.39#28.68#44.93
-150.222,61.1334#26.35#28.67#44.98
-150.111,61.1336#26.3#28.66#45.04
-149.999,61.1336#26.25#28.64#45.11
-149.888,61.1336#26.23#28.64#45.13
-149.776,61.1334#26.21#28.64#45.15
-149.665,61.1331#26.18#28.64#45.18
-149.553,61.1328#26.16#28.63#45.21
-149.442,61.1323#26.14#28.64#45.22
-149.33,61.1317#26.13#28.64#45.23
-149.219,61.131#26.12#28.64#45.24
-149.108,61.1303#26.11#28.65#45.24
-148.996,61.1294#26.1#28.65#45.25
-148.885,61.1284#26.1#28.66#45.24
-148.773,61.1273#26.1#28.67#45.23
-148.662,61.1261#26.09#28.68#45.23
-148.55,61.1248#26.09#28.69#45.22
-148.439,61.1233#26.08#28.71#45.21
-148.328,61.1218#26.08#28.73#45.19
-148.216,61.1202#26.08#28.75#45.17
-148.105,61.1185#26.08#28.78#45.14
-147.994,61.1166#26.08#28.8#45.12
-147.882,61.1147#26.08#28.88#45.04
-147.771,61.1127#26.07#28.95#44.98
-147.66,61.1105#26.07#29.02#44.91
-147.548,61.1083#26.07#29.09#44.84
-147.437,61.1059#26.07#29.19#44.74
-147.326,61.1035#26.07#29.32#44.61
-147.215,61.1009#26.07#29.45#44.48
-147.103,61.0982#26.07#29.58#44.35
-146.992,61.0955#26.07#29.71#44.22
-146.881,61.0926#26.07#29.88#44.05
-146.77,61.0896#26.07#30.04#43.89
-146.659,61.0865#26.07#30.21#43.72
-146.548,61.0833#26.07#30.37#43.56
-146.437,61.08#26.09#30.53#43.38
-146.326,61.0766#26.11#30.68#43.21
-146.215,61.0731#26.14#30.83#43.03
-146.104,61.0695#26.17#30.98#42.85
-145.993,61.0658#26.19#31.14#42.67
-145.882,61.062#26.26#31.29#42.45
-145.771,61.0581#26.33#31.44#42.23
-145.66,61.0541#26.39#31.59#42.02
-145.549,61.05#26.46#31.74#41.8
-145.439,61.0457#26.54#31.91#41.55
-145.328,61.0414#26.63#32.08#41.29
-145.217,61.037#26.72#32.26#41.02
-145.106,61.0324#26.82#32.43#40.75
-144.996,61.0278#26.9#32.6#40.5
-144.885,61.0231#26.96#32.73#40.31
-144.775,61.0182#27.02#32.85#40.13
-144.664,61.0133#27.09#32.97#39.94
-144.554,61.0082#27.15#33.1#39.75
-144.443,61.003#27.2#33.24#39.56
-144.333,60.9978#27.24#33.41#39.35
-144.222,60.9924#27.28#33.57#39.15
-144.112,60.987#27.32#33.74#38.94
-144.002,60.9814#27.36#33.91#38.73
-143.892,60.9757#27.36#34.07#38.57
-143.781,60.9699#27.37#34.23#38.4
-143.671,60.9641#27.39#34.39#38.22
-143.561,60.9581#27.4#34.55#38.05
-143.451,60.952#27.39#34.73#37.88
-143.341,60.9458#27.36#34.92#37.72
-143.231,60.9395#27.33#35.11#37.56
-143.121,60.9331#27.3#35.31#37.39
-143.011,60.9267#27.27#35.51#37.22
-142.902,60.9201#27.22#35.73#37.05
-142.792,60.9134#27.16#35.96#36.88
-142.682,60.9066#27.1#36.19#36.71
-158.208,60.9018#43.84#28.77#27.39
-158.098,60.9095#43.56#28.78#27.66
-157.989,60.917#43.27#28.78#27.95
-157.879,60.9244#42.94#28.79#28.27
-157.77,60.9317#42.6#28.79#28.61
-157.66,60.9389#42.26#28.79#28.95
-157.55,60.9461#41.91#28.8#29.29
-157.44,60.9531#41.52#28.8#29.68
-157.331,60.96#41.09#28.81#30.1
-157.221,60.9668#40.67#28.81#30.52
-157.111,60.9735#40.24#28.82#30.94
-157.001,60.9801#39.81#28.82#31.37
-156.891,60.9866#39.48#28.84#31.68
-156.781,60.993#39.16#28.86#31.98
-156.67,60.9993#38.83#28.88#32.29
-156.56,61.0055#38.51#28.9#32.59
-156.45,61.0116#38.18#28.93#32.89
-156.34,61.0176#37.83#28.98#33.19
-156.229,61.0235#37.48#29.03#33.49
-156.119,61.0293#37.14#29.08#33.78
-156.008,61.0349#36.8#29.14#34.06
-155.898,61.0405#36.47#29.2#34.33
-155.787,61.046#36.14#29.27#34.59
-155.677,61.0514#35.81#29.33#34.86
-155.566,61.0566#35.49#29.4#35.11
-155.456,61.0618#35.15#29.45#35.4
-155.345,61.0669#34.79#29.49#35.72
-155.234,61.0718#34.44#29.52#36.04
-155.123,61.0767#34.09#29.55#36.36
-155.013,61.0814#33.73#29.59#36.68
-154.902,61.0861#33.45#29.61#36.94
-154.791,61.0906#33.19#29.62#37.19
-154.68,61.0951#32.93#29.64#37.43
-154.569,61.0994#32.67#29.66#37.67
-154.458,61.1037#32.43#29.67#37.9
-154.347,61.1078#32.21#29.68#38.11
-154.236,61.1118#32#29.69#38.31
-154.125,61.1157#31.79#29.7#38.51
-154.014,61.1196#31.57#29.71#38.72
-153.902,61.1233#31.38#29.72#38.9
-153.791,61.1269#31.2#29.72#39.08
-153.68,61.1304#31.01#29.73#39.26
-153.569,61.1338#30.82#29.73#39.45
-153.458,61.1371#30.65#29.74#39.61
-153.346,61.1403#30.5#29.74#39.76
-153.235,61.1434#30.34#29.74#39.92
-153.124,61.1463#30.19#29.75#40.06
-153.012,61.1492#30.04#29.75#40.21
-152.901,61.152#29.92#29.75#40.33
-152.789,61.1547#29.8#29.76#40.44
-152.678,61.1572#29.69#29.76#40.55
-152.566,61.1597#29.57#29.76#40.67
-152.455,61.1621#29.44#29.75#40.81
-152.343,61.1643#29.27#29.71#41.02
-152.232,61.1665#29.11#29.67#41.22
-152.12,61.1685#28.94#29.64#41.42
-152.009,61.1704#28.78#29.6#41.62
-151.897,61.1723#28.62#29.52#41.86
-151.786,61.174#28.46#29.44#42.1
-151.674,61.1756#28.3#29.36#42.34
-151.563,61.1772#28.14#29.27#42.59
-151.451,61.1786#27.96#29.19#42.85
-151.339,61.1799#27.75#29.1#43.15
-151.228,61.1811#27.53#29.01#43.46
-151.116,61.1822#27.32#28.92#43.76
-151.004,61.1832#27.11#28.83#44.06
-150.893,61.1841#26.97#28.8#44.23
-150.781,61.1849#26.84#28.78#44.38
-150.669,61.1855#26.7#28.75#44.55
-150.558,61.1861#26.57#28.72#44.71
-150.446,61.1866#26.48#28.7#44.82
-150.334,61.187#26.42#28.69#44.89
-150.223,61.1872#26.37#28.68#44.95
-150.111,61.1874#26.32#28.67#45.01
-149.999,61.1874#26.27#28.65#45.08
-149.888,61.1874#26.24#28.65#45.11
-149.776,61.1872#26.22#28.65#45.13
-149.664,61.187#26.19#28.65#45.16
-149.553,61.1866#26.17#28.65#45.18
-149.441,61.1861#26.15#28.65#45.2
-149.329,61.1855#26.14#28.65#45.21
-149.218,61.1849#26.13#28.66#45.21
-149.106,61.1841#26.12#28.66#45.22
-148.994,61.1832#26.11#28.66#45.23
-148.883,61.1822#26.1#28.67#45.23
-148.771,61.1811#26.1#28.68#45.22
-148.659,61.1799#26.09#28.69#45.22
-148.548,61.1786#26.09#28.7#45.21
-148.436,61.1771#26.09#28.72#45.19
-148.324,61.1756#26.08#28.74#45.18
-148.213,61.174#26.08#28.76#45.16
-148.101,61.1723#26.08#28.79#45.13
-147.99,61.1704#26.08#28.81#45.11
-147.878,61.1685#26.08#28.88#45.04
-147.767,61.1664#26.08#28.96#44.96
-147.655,61.1643#26.07#29.03#44.9
-147.544,61.162#26.07#29.1#44.83
-147.432,61.1597#26.07#29.2#44.73
-147.321,61.1572#26.07#29.34#44.59
-147.209,61.1546#26.07#29.47#44.46
-147.098,61.152#26.07#29.6#44.33
-146.986,61.1492#26.07#29.73#44.2
-146.875,61.1463#26.07#29.9#44.03
-146.764,61.1433#26.07#30.06#43.87
-146.652,61.1402#26.07#30.22#43.71
-146.541,61.137#26.07#30.39#43.54
-146.43,61.1337#26.09#30.54#43.37
-146.319,61.1303#26.12#30.69#43.19
-146.207,61.1268#26.15#30.83#43.02
-146.096,61.1232#26.18#30.98#42.84
-145.985,61.1195#26.21#31.13#42.66
-145.874,61.1157#26.29#31.28#42.43
-145.763,61.1118#26.36#31.43#42.21
-145.652,61.1077#26.43#31.58#41.99
-145.541,61.1036#26.5#31.73#41.77
-145.43,61.0994#26.59#31.9#41.51
-145.319,61.095#26.68#32.07#41.25
-145.208,61.0906#26.77#32.25#40.98
-145.097,61.086#26.87#32.42#40.71
-144.986,61.0814#26.96#32.59#40.45
-144.875,61.0766#27.01#32.7#40.29
-144.764,61.0718#27.06#32.81#40.13
-144.654,61.0668#27.12#32.92#39.96
-144.543,61.0617#27.18#33.04#39.78
-144.432,61.0566#27.22#33.18#39.6
-144.322,61.0513#27.26#33.34#39.4
-144.211,61.0459#27.3#33.5#39.2
-144.101,61.0405#27.33#33.66#39.01
-143.99,61.0349#27.37#33.82#38.81
-143.88,61.0292#27.37#33.99#38.64
-143.769,61.0234#27.38#34.15#38.47
-143.659,61.0175#27.39#34.31#38.3
-143.549,61.0115#27.39#34.48#38.13
-143.438,61.0054#27.38#34.66#37.96
-143.328,60.9992#27.34#34.85#37.81
-143.218,60.9929#27.3#35.04#37.66
-143.108,60.9865#27.27#35.24#37.49
-142.998,60.98#27.24#35.43#37.33
-142.888,60.9734#27.18#35.66#37.16
-142.778,60.9667#27.12#35.89#36.99
-142.668,60.9599#27.06#36.12#36.82
-142.558,60.953#27#36.35#36.65
-142.448,60.946#26.95#36.59#36.46
-142.339,60.9389#26.91#36.86#36.23
-142.229,60.9316#26.87#37.12#36.01
-142.119,60.9243#26.83#37.39#35.78
-142.01,60.9169#26.79#37.66#35.55
-141.9,60.9094#26.77#37.95#35.28
-141.791,60.9017#26.76#38.25#34.99
-158.88,60.9071#45.4#28.75#25.85
-158.771,60.9153#45.15#28.76#26.09
-158.662,60.9235#44.9#28.76#26.34
-158.552,60.9315#44.65#28.77#26.58
-158.443,60.9395#44.38#28.77#26.85
-158.333,60.9473#44.1#28.78#27.12
-158.224,60.955#43.82#28.78#27.4
-158.114,60.9627#43.54#28.78#27.68
-158.004,60.9702#43.27#28.79#27.94
-157.894,60.9777#42.92#28.79#28.29
-157.785,60.985#42.57#28.8#28.63
-157.675,60.9922#42.21#28.8#28.99
-157.565,60.9994#41.85#28.8#29.35
-157.455,61.0064#41.46#28.81#29.73
-157.345,61.0133#41.03#28.81#30.16
-157.235,61.0201#40.6#28.82#30.58
-157.125,61.0269#40.17#28.82#31.01
-157.014,61.0335#39.75#28.83#31.42
-156.904,61.04#39.41#28.85#31.74
-156.794,61.0464#39.09#28.87#32.04
-156.683,61.0527#38.77#28.89#32.34
-156.573,61.0589#38.45#28.91#32.64
-156.462,61.0651#38.12#28.95#32.93
-156.352,61.0711#37.78#29#33.22
-156.241,61.077#37.44#29.05#33.51
-156.131,61.0828#37.1#29.11#33.79
-156.02,61.0884#36.76#29.16#34.08
-155.909,61.094#36.43#29.23#34.34
-155.799,61.0995#36.11#29.29#34.6
-155.688,61.1049#35.78#29.36#34.86
-155.577,61.1102#35.46#29.43#35.11
-155.466,61.1154#35.12#29.49#35.39
-155.355,61.1204#34.76#29.52#35.72
-155.244,61.1254#34.4#29.55#36.05
-155.133,61.1303#34.04#29.57#36.39
-155.022,61.135#33.68#29.6#36.72
-154.911,61.1397#33.41#29.62#36.97
-154.8,61.1443#33.15#29.64#37.21
-154.689,61.1487#32.9#29.66#37.44
-154.578,61.1531#32.64#29.67#37.69
-154.467,61.1573#32.4#29.69#37.91
-154.355,61.1614#32.19#29.7#38.11
-154.244,61.1655#31.97#29.71#38.32
-154.133,61.1694#31.75#29.72#38.53
-154.021,61.1732#31.54#29.73#38.73
-153.91,61.177#31.34#29.73#38.93
-153.799,61.1806#31.15#29.74#39.11
-153.687,61.1841#30.95#29.75#39.3
-153.576,61.1875#30.76#29.75#39.49
-153.464,61.1908#30.58#29.76#39.66
-153.353,61.194#30.43#29.77#39.8
-153.241,61.1971#30.28#29.77#39.95
-153.13,61.2001#30.12#29.78#40.1
-153.018,61.203#29.97#29.78#40.25
-152.906,61.2058#29.86#29.78#40.36
-152.795,61.2084#29.75#29.78#40.47
-152.683,61.211#29.65#29.78#40.57
-152.571,61.2135#29.54#29.78#40.68
-152.46,61.2158#29.42#29.76#40.82
-152.348,61.2181#29.27#29.72#41.01
-152.236,61.2203#29.12#29.68#41.2
-152.125,61.2223#28.97#29.64#41.39
-152.013,61.2242#28.83#29.59#41.58
-151.901,61.2261#28.67#29.51#41.82
-151.789,61.2278#28.52#29.43#42.05
-151.677,61.2294#28.36#29.35#42.29
-151.566,61.231#28.21#29.26#42.53
-151.454,61.2324#28.03#29.18#42.79
-151.342,61.2337#27.83#29.1#43.07
-151.23,61.2349#27.62#29.01#43.37
-151.118,61.236#27.42#28.93#43.65
-151.006,61.237#27.21#28.85#43.94
-150.894,61.2379#27.07#28.82#44.11
-150.783,61.2387#26.92#28.8#44.28
-150.671,61.2394#26.78#28.77#44.45
-150.559,61.24#26.64#28.74#44.62
-150.447,61.2404#26.53#28.73#44.74
-150.335,61.2408#26.47#28.71#44.82
-150.223,61.2411#26.41#28.7#44.89
-150.111,61.2412#26.35#28.69#44.96
-149.999,61.2413#26.29#28.68#45.03
-149.887,61.2412#26.26#28.68#45.06
-149.775,61.2411#26.23#28.68#45.09
-149.664,61.2408#26.21#28.68#45.11
-149.552,61.2404#26.18#28.68#45.14
-149.44,61.2399#26.16#28.68#45.16
-149.328,61.2394#26.15#28.69#45.16
-149.216,61.2387#26.14#28.69#45.17
-149.104,61.2379#26.12#28.69#45.19
-148.992,61.237#26.11#28.7#45.19
-148.88,61.236#26.11#28.71#45.18
-148.768,61.2349#26.1#28.72#45.18
-148.657,61.2337#26.1#28.73#45.17
-148.545,61.2324#26.09#28.74#45.17
-148.433,61.2309#26.09#28.75#45.16
-148.321,61.2294#26.08#28.78#45.14
-148.209,61.2278#26.08#28.8#45.12
-148.098,61.2261#26.08#28.83#45.09
-147.986,61.2242#26.08#28.86#45.06
-147.874,61.2223#26.08#28.93#44.99
-147.762,61.2202#26.08#29#44.92
-147.651,61.2181#26.07#29.08#44.85
-147.539,61.2158#26.07#29.15#44.78
-147.427,61.2134#26.07#29.26#44.67
-147.315,61.211#26.07#29.39#44.54
-147.204,61.2084#26.07#29.52#44.41
-147.092,61.2057#26.07#29.65#44.28
-146.981,61.2029#26.07#29.78#44.15
-146.869,61.2001#26.07#29.94#43.99
-146.757,61.1971#26.08#30.1#43.82
-146.646,61.194#26.08#30.25#43.67
-146.534,61.1908#26.08#30.41#43.51
-146.423,61.1875#26.1#30.56#43.34
-146.311,61.184#26.14#30.7#43.16
-146.2,61.1805#26.17#30.84#42.99
-146.089,61.1769#26.2#30.98#42.82
-145.977,61.1732#26.24#31.13#42.63
-145.866,61.1694#26.32#31.27#42.41
-145.755,61.1654#26.39#31.42#42.19
-145.643,61.1614#26.47#31.57#41.96
-145.532,61.1573#26.54#31.73#41.73
-145.421,61.153#26.63#31.89#41.48
-145.31,61.1487#26.73#32.06#41.21
-145.198,61.1442#26.83#32.23#40.94
-145.087,61.1396#26.92#32.41#40.67
-144.976,61.135#27.01#32.56#40.43
-144.865,61.1302#27.05#32.66#40.29
-144.754,61.1254#27.1#32.77#40.13
-144.643,61.1204#27.15#32.87#39.98
-144.532,61.1153#27.2#32.98#39.82
-144.422,61.1101#27.24#33.12#39.64
-144.311,61.1048#27.28#33.27#39.45
-144.2,61.0995#27.32#33.42#39.26
-144.089,61.094#27.35#33.57#39.08
-143.978,61.0884#27.38#33.73#38.89
-143.868,61.0827#27.38#33.9#38.72
-143.757,61.0769#27.38#34.07#38.55
-143.647,61.071#27.38#34.24#38.38
-143.536,61.065#27.39#34.4#38.21
-143.426,61.0589#27.36#34.59#38.05
-143.315,61.0527#27.32#34.78#37.9
-143.205,61.0463#27.28#34.97#37.75
-143.095,61.0399#27.24#35.17#37.59
-142.984,61.0334#27.2#35.36#37.44
-142.874,61.0268#27.14#35.59#37.27
-142.764,61.0201#27.07#35.82#37.11
-142.654,61.0132#27.01#36.05#36.94
-142.544,61.0063#26.95#36.28#36.77
-142.434,60.9993#26.91#36.53#36.56
-142.324,60.9921#26.87#36.79#36.34
-142.214,60.9849#26.84#37.06#36.1
-142.104,60.9776#26.81#37.32#35.87
-141.994,60.9701#26.77#37.59#35.64
-141.885,60.9626#26.76#37.89#35.35
-141.775,60.955#26.75#38.19#35.06
-141.665,60.9472#26.74#38.48#34.78
-141.556,60.9394#26.73#38.78#34.49
-141.446,60.9314#26.72#39.14#34.14
-141.337,60.9234#26.72#39.58#33.7
-141.228,60.9152#26.71#40.02#33.27
-141.118,60.907#26.71#40.47#32.82
-159.553,60.9085#46.46#28.74#24.8
-159.444,60.9173#46.32#28.74#24.94
-159.335,60.9261#46.15#28.75#25.1
-159.225,60.9348#45.98#28.75#25.27
-159.116,60.9434#45.8#28.75#25.45
-159.007,60.9518#45.63#28.76#25.61
-158.897,60.9602#45.38#28.76#25.86
-158.788,60.9685#45.13#28.77#26.1
-158.678,60.9766#44.87#28.77#26.36
-158.569,60.9847#44.62#28.77#26.61
-158.459,60.9927#44.35#28.78#26.87
-158.349,61.0005#44.08#28.78#27.14
-158.239,61.0083#43.8#28.79#27.41
-158.13,61.0159#43.53#28.79#27.68
-158.02,61.0235#43.25#28.79#27.96
-157.91,61.0309#42.91#28.8#28.29
-157.8,61.0383#42.54#28.8#28.66
-157.69,61.0455#42.16#28.81#29.03
-157.579,61.0527#41.79#28.81#29.4
-157.469,61.0597#41.39#28.82#29.79
-157.359,61.0667#40.97#28.82#30.21
-157.249,61.0735#40.54#28.82#30.64
-157.138,61.0802#40.11#28.83#31.06
-157.028,61.0869#39.68#28.83#31.49
-156.917,61.0934#39.34#28.85#31.81
-156.807,61.0998#39.02#28.88#32.1
-156.696,61.1062#38.7#28.9#32.4
-156.586,61.1124#38.39#28.93#32.68
-156.475,61.1185#38.07#28.96#32.97
-156.364,61.1245#37.73#29.02#33.25
-156.254,61.1304#37.4#29.07#33.53
-156.143,61.1363#37.06#29.13#33.81
-156.032,61.142#36.73#29.19#34.08
-155.921,61.1476#36.4#29.25#34.35
-155.81,61.1531#36.07#29.32#34.61
-155.699,61.1585#35.75#29.39#34.86
-155.588,61.1638#35.43#29.46#35.11
-155.477,61.1689#35.09#29.52#35.39
-155.366,61.174#34.73#29.55#35.72
-155.255,61.179#34.37#29.58#36.05
-155.143,61.1839#34#29.6#36.4
-155.032,61.1887#33.64#29.63#36.73
-154.921,61.1933#33.36#29.65#36.99
-154.809,61.1979#33.11#29.67#37.22
-154.698,61.2024#32.86#29.69#37.45
-154.587,61.2067#32.61#29.7#37.69
-154.475,61.211#32.37#29.72#37.91
-154.364,61.2151#32.15#29.73#38.12
-154.252,61.2192#31.93#29.74#38.33
-154.141,61.2231#31.7#29.75#38.55
-154.029,61.2269#31.48#29.76#38.76
-153.918,61.2307#31.28#29.77#38.95
-153.806,61.2343#31.08#29.77#39.15
-153.694,61.2378#30.89#29.78#39.33
-153.583,61.2412#30.69#29.79#39.52
-153.471,61.2445#30.51#29.79#39.7
-153.359,61.2477#30.35#29.8#39.85
-153.248,61.2509#30.2#29.8#40
-153.136,61.2538#30.05#29.81#40.14
-153.024,61.2567#29.9#29.81#40.29
-152.912,61.2595#29.79#29.81#40.4
-152.8,61.2622#29.7#29.81#40.49
-152.688,61.2648#29.6#29.8#40.6
-152.576,61.2673#29.51#29.8#40.69
-152.465,61.2696#29.4#29.78#40.82
-152.353,61.2719#29.27#29.73#41
-152.241,61.2741#29.13#29.68#41.19
-152.129,61.2761#29#29.63#41.37
-152.017,61.2781#28.88#29.59#41.53
-151.905,61.2799#28.73#29.51#41.76
-151.793,61.2816#28.58#29.42#42
-151.681,61.2833#28.42#29.34#42.24
-151.569,61.2848#28.27#29.25#42.48
-151.457,61.2862#28.1#29.17#42.73
-151.345,61.2875#27.91#29.09#43
-151.233,61.2887#27.71#29.02#43.27
-151.12,61.2898#27.51#28.94#43.55
-151.008,61.2908#27.32#28.87#43.81
-150.896,61.2917#27.16#28.84#44
-150.784,61.2925#27.01#28.81#44.18
-150.672,61.2932#26.86#28.79#44.35
-150.56,61.2938#26.71#28.77#44.52
-150.448,61.2943#26.59#28.75#44.66
-150.336,61.2946#26.52#28.74#44.74
-150.224,61.2949#26.45#28.73#44.82
-150.111,61.2951#26.38#28.72#44.9
-149.999,61.2951#26.31#28.71#44.98
-149.887,61.2951#26.28#28.71#45.01
-149.775,61.2949#26.25#28.71#45.04
-149.663,61.2946#26.22#28.71#45.07
-149.551,61.2943#26.19#28.71#45.1
-149.439,61.2938#26.17#28.71#45.12
-149.327,61.2932#26.16#28.72#45.12
-149.214,61.2925#26.14#28.72#45.14
-149.102,61.2917#26.13#28.73#45.14
-148.99,61.2908#26.12#28.73#45.15
-148.878,61.2898#26.11#28.74#45.15
-148.766,61.2887#26.1#28.75#45.15
-148.654,61.2875#26.1#28.76#45.14
-148.542,61.2862#26.09#28.77#45.14
-148.43,61.2848#26.09#28.79#45.12
-148.318,61.2832#26.09#28.82#45.09
-148.206,61.2816#26.08#28.84#45.08
-148.094,61.2799#26.08#28.87#45.05
-147.982,61.278#26.08#28.9#45.02
-147.87,61.2761#26.08#28.98#44.94
-147.758,61.274#26.08#29.05#44.87
-147.646,61.2719#26.08#29.13#44.79
-147.534,61.2696#26.07#29.2#44.73
-147.422,61.2672#26.07#29.32#44.61
-147.31,61.2648#26.07#29.45#44.48
-147.198,61.2622#26.07#29.57#44.36
-147.086,61.2595#26.07#29.7#44.23
-146.975,61.2567#26.07#29.84#44.09
-146.863,61.2538#26.08#29.99#43.93
-146.751,61.2508#26.08#30.14#43.78
-146.639,61.2477#26.09#30.29#43.62
-146.528,61.2445#26.09#30.44#43.47
-146.416,61.2412#26.12#30.58#43.3
-146.304,61.2378#26.16#30.72#43.12
-146.193,61.2342#26.2#30.86#42.94
-146.081,61.2306#26.24#31#42.76
-145.969,61.2269#26.28#31.14#42.58
-145.858,61.223#26.36#31.28#42.36
-145.746,61.2191#26.44#31.43#42.13
-145.635,61.2151#26.52#31.57#41.91
-145.523,61.2109#26.59#31.72#41.69
-145.412,61.2067#26.68#31.88#41.44
-145.301,61.2023#26.77#32.05#41.18
-145.189,61.1978#26.87#32.22#40.91
-145.078,61.1933#26.96#32.38#40.66
-144.967,61.1886#27.04#32.53#40.43
-144.855,61.1838#27.09#32.63#40.28
-144.744,61.1789#27.14#32.72#40.14
-144.633,61.174#27.18#32.82#40
-144.522,61.1689#27.23#32.92#39.85
-144.411,61.1637#27.27#33.05#39.68
-144.3,61.1584#27.3#33.2#39.5
-144.189,61.153#27.34#33.34#39.32
-144.078,61.1475#27.37#33.49#39.14
-143.967,61.1419#27.4#33.65#38.95
-143.856,61.1362#27.39#33.82#38.79
-143.745,61.1304#27.39#33.99#38.62
-143.634,61.1245#27.38#34.16#38.46
-143.524,61.1184#27.38#34.33#38.29
-143.413,61.1123#27.34#34.52#38.14
-143.302,61.1061#27.3#34.71#37.99
-143.192,61.0998#27.25#34.9#37.85
-143.081,61.0933#27.21#35.09#37.7
-142.971,61.0868#27.16#35.29#37.55
-142.86,61.0802#27.09#35.52#37.39
-142.75,61.0734#27.03#35.75#37.22
-142.64,61.0666#26.97#35.98#37.05
-142.529,61.0596#26.9#36.21#36.89
-142.419,61.0526#26.87#36.46#36.67
-142.309,61.0454#26.84#36.73#36.43
-142.199,61.0382#26.81#36.99#36.2
-142.089,61.0308#26.79#37.26#35.95
-141.979,61.0234#26.76#37.53#35.71
-141.869,61.0158#26.75#37.83#35.42
-141.759,61.0082#26.74#38.13#35.13
-141.649,61.0004#26.73#38.42#34.85
-141.54,60.9926#26.72#38.72#34.56
-141.43,60.9846#26.71#39.1#34.19
-141.32,60.9765#26.71#39.52#33.77
-141.211,60.9684#26.71#39.94#33.35
-141.101,60.9601#26.71#40.38#32.91
-140.992,60.9517#26.7#40.82#32.48
-140.883,60.9433#26.71#41.33#31.96
-140.773,60.9347#26.71#41.84#31.45
-140.664,60.926#26.71#42.34#30.95
-140.555,60.9172#26.71#42.83#30.46
-140.446,60.9084#26.72#43.13#30.15
-160.225,60.906#46.85#28.75#24.4
-160.116,60.9155#46.82#28.74#24.44
-160.008,60.9249#46.79#28.74#24.47
-159.899,60.9342#46.71#28.74#24.55
-159.789,60.9434#46.62#28.75#24.63
-159.68,60.9525#46.53#28.75#24.72
-159.571,60.9615#46.43#28.75#24.82
-159.462,60.9704#46.31#28.75#24.94
-159.353,60.9792#46.14#28.75#25.11
-159.243,60.9879#45.96#28.76#25.28
-159.134,60.9965#45.78#28.76#25.46
-159.024,61.0049#45.6#28.76#25.64
-158.914,61.0133#45.36#28.77#25.87
-158.805,61.0216#45.1#28.77#26.13
-158.695,61.0298#44.84#28.78#26.38
-158.585,61.0379#44.59#28.78#26.63
-158.475,61.0459#44.32#28.78#26.9
-158.365,61.0537#44.05#28.79#27.16
-158.255,61.0615#43.78#28.79#27.43
-158.145,61.0692#43.51#28.8#27.69
-158.035,61.0768#43.24#28.8#27.96
-157.925,61.0842#42.9#28.81#28.29
-157.815,61.0916#42.51#28.81#28.68
-157.705,61.0989#42.12#28.81#29.07
-157.594,61.106#41.73#28.82#29.45
-157.484,61.1131#41.33#28.82#29.85
-157.373,61.12#40.9#28.83#30.27
-157.263,61.1269#40.47#28.83#30.7
-157.152,61.1336#40.05#28.84#31.11
-157.042,61.1403#39.62#28.84#31.54
-156.931,61.1468#39.26#28.86#31.88
-156.82,61.1533#38.95#28.89#32.16
-156.709,61.1596#38.64#28.91#32.45
-156.598,61.1659#38.33#28.95#32.72
-156.488,61.172#38.02#28.98#33
-156.377,61.178#37.68#29.05#33.27
-156.266,61.1839#37.35#29.11#33.54
-156.155,61.1898#37.01#29.17#33.82
-156.044,61.1955#36.68#29.23#34.09
-155.932,61.2011#36.35#29.3#34.35
-155.821,61.2066#36.02#29.37#34.61
-155.71,61.212#35.7#29.43#34.87
-155.599,61.2173#35.37#29.5#35.13
-155.487,61.2225#35.04#29.56#35.4
-155.376,61.2276#34.68#29.59#35.73
-155.265,61.2326#34.32#29.61#36.07
-155.153,61.2375#33.96#29.64#36.4
-155.042,61.2423#33.59#29.67#36.74
-154.93,61.247#33.31#29.69#37
-154.819,61.2515#33.06#29.7#37.24
-154.707,61.256#32.82#29.72#37.46
-154.596,61.2604#32.58#29.74#37.68
-154.484,61.2646#32.34#29.75#37.91
-154.372,61.2688#32.11#29.76#38.13
-154.261,61.2729#31.89#29.77#38.34
-154.149,61.2768#31.66#29.78#38.56
-154.037,61.2806#31.42#29.79#38.79
-153.925,61.2844#31.22#29.8#38.98
-153.813,61.288#31.02#29.81#39.17
-153.702,61.2915#30.82#29.82#39.36
-153.59,61.295#30.62#29.82#39.56
-153.478,61.2983#30.43#29.83#39.74
-153.366,61.3015#30.28#29.83#39.89
-153.254,61.3046#30.13#29.84#40.03
-153.142,61.3076#29.98#29.84#40.18
-153.03,61.3105#29.83#29.85#40.32
-152.918,61.3133#29.73#29.84#40.43
-152.806,61.316#29.64#29.83#40.53
-152.694,61.3186#29.56#29.82#40.62
-152.582,61.3211#29.47#29.81#40.72
-152.469,61.3234#29.38#29.79#40.83
-152.357,61.3257#29.26#29.74#41
-152.245,61.3279#29.15#29.69#41.16
-152.133,61.3299#29.03#29.63#41.34
-152.021,61.3319#28.92#29.58#41.5
-151.909,61.3337#28.78#29.5#41.72
-151.796,61.3355#28.63#29.41#41.96
-151.684,61.3371#28.49#29.33#42.18
-151.572,61.3386#28.34#29.24#42.42
-151.46,61.3401#28.18#29.16#42.66
-151.347,61.3414#27.99#29.09#42.92
-151.235,61.3426#27.8#29.02#43.18
-151.123,61.3437#27.61#28.95#43.44
-151.01,61.3447#27.42#28.88#43.7
-150.898,61.3456#27.26#28.86#43.88
-150.786,61.3464#27.1#28.83#44.07
-150.673,61.3471#26.94#28.81#44.25
-150.561,61.3477#26.77#28.79#44.44
-150.449,61.3481#26.65#28.77#44.58
-150.336,61.3485#26.57#28.76#44.67
-150.224,61.3488#26.49#28.75#44.76
-150.112,61.3489#26.41#28.75#44.84
-149.999,61.349#26.33#28.74#44.93
-149.887,61.3489#26.3#28.74#44.96
-149.775,61.3488#26.27#28.74#44.99
-149.662,61.3485#26.23#28.74#45.03
-149.55,61.3481#26.2#28.74#45.06
-149.438,61.3476#26.18#28.74#45.08
-149.325,61.3471#26.16#28.75#45.09
-149.213,61.3464#26.15#28.75#45.1
-149.101,61.3456#26.13#28.76#45.11
-148.988,61.3447#26.12#28.76#45.12
-148.876,61.3437#26.11#28.77#45.12
-148.764,61.3426#26.11#28.78#45.11
-148.651,61.3414#26.1#28.79#45.11
-148.539,61.34#26.09#28.8#45.11
-148.427,61.3386#26.09#28.82#45.09
-148.315,61.3371#26.09#28.85#45.06
-148.202,61.3354#26.08#28.88#45.04
-148.09,61.3337#26.08#28.91#45.01
-147.978,61.3319#26.08#28.95#44.97
-147.866,61.3299#26.08#29.02#44.9
-147.753,61.3278#26.08#29.1#44.82
-147.641,61.3257#26.08#29.18#44.74
-147.529,61.3234#26.07#29.26#44.67
-147.417,61.321#26.07#29.37#44.56
-147.305,61.3186#26.07#29.5#44.43
-147.193,61.316#26.07#29.63#44.3
-147.081,61.3133#26.07#29.76#44.17
-146.969,61.3105#26.07#29.89#44.04
-146.857,61.3076#26.08#30.03#43.89
-146.745,61.3046#26.09#30.18#43.73
-146.633,61.3015#26.1#30.32#43.58
-146.521,61.2982#26.11#30.47#43.42
-146.409,61.2949#26.15#30.61#43.24
-146.297,61.2915#26.19#30.74#43.07
-146.185,61.288#26.23#30.88#42.89
-146.073,61.2843#26.27#31.01#42.72
-145.961,61.2806#26.33#31.15#42.52
-145.85,61.2768#26.41#31.29#42.3
-145.738,61.2728#26.49#31.43#42.08
-145.626,61.2687#26.56#31.57#41.87
-145.515,61.2646#26.64#31.72#41.64
-145.403,61.2603#26.73#31.87#41.4
-145.291,61.256#26.82#32.03#41.15
-145.18,61.2515#26.9#32.19#40.91
-145.068,61.2469#26.99#32.36#40.65
-144.957,61.2422#27.07#32.49#40.44
-144.845,61.2374#27.11#32.59#40.3
-144.734,61.2326#27.16#32.68#40.16
-144.622,61.2276#27.2#32.77#40.03
-144.511,61.2225#27.25#32.87#39.88
-144.4,61.2173#27.28#33#39.72
-144.289,61.212#27.31#33.14#39.55
-144.177,61.2065#27.34#33.28#39.38
-144.066,61.201#27.38#33.42#39.2
-143.955,61.1954#27.39#33.57#39.04
-143.844,61.1897#27.39#33.74#38.87
-143.733,61.1839#27.38#33.91#38.71
-143.622,61.1779#27.37#34.08#38.55
-143.511,61.1719#27.37#34.26#38.37
-143.4,61.1658#27.32#34.45#38.23
-143.289,61.1595#27.28#34.64#38.08
-143.179,61.1532#27.23#34.83#37.94
-143.068,61.1468#27.18#35.02#37.8
-142.957,61.1402#27.12#35.22#37.66
-142.846,61.1336#27.05#35.45#37.5
-142.736,61.1268#26.99#35.68#37.33
-142.625,61.1199#26.92#35.91#37.17
-142.515,61.113#26.85#36.13#37.02
-142.404,61.1059#26.83#36.39#36.78
-142.294,61.0988#26.81#36.66#36.53
-142.184,61.0915#26.79#36.92#36.29
-142.074,61.0841#26.77#37.19#36.04
-141.963,61.0767#26.75#37.47#35.78
-141.853,61.0691#26.74#37.77#35.49
-141.743,61.0614#26.73#38.07#35.2
-141.633,61.0536#26.72#38.37#34.91
-141.523,61.0458#26.71#38.66#34.63
-141.413,61.0378#26.71#39.04#34.25
-141.304,61.0297#26.7#39.45#33.85
-141.194,61.0215#26.7#39.86#33.44
-141.084,61.0132#26.7#40.28#33.02
-140.975,61.0048#26.7#40.73#32.57
-140.865,60.9963#26.7#41.27#32.03
-140.756,60.9878#26.71#41.8#31.49
-140.646,60.9791#26.71#42.32#30.97
-140.537,60.9703#26.71#42.84#30.45
-140.427,60.9614#26.72#43.08#30.2
-140.318,60.9524#26.72#43.18#30.1
-140.209,60.9433#26.73#43.3#29.97
-140.1,60.9341#26.73#43.43#29.84
-139.991,60.9248#26.73#43.56#29.71
-139.882,60.9154#26.74#43.69#29.57
-139.773,60.9059#26.75#43.82#29.43
-160.789,60.9099#46.92#28.8#24.28
-160.68,60.9199#46.92#28.79#24.29
-160.572,60.9298#46.92#28.77#24.31
-160.463,60.9396#46.9#28.76#24.34
-160.354,60.9493#46.88#28.76#24.36
-160.245,60.9589#46.85#28.76#24.39
-160.136,60.9685#46.81#28.75#24.44
-160.027,60.9779#46.78#28.75#24.47
-159.918,60.9872#46.7#28.75#24.55
-159.808,60.9964#46.61#28.75#24.64
-159.699,61.0055#46.51#28.75#24.74
-159.59,61.0145#46.42#28.76#24.82
-159.48,61.0234#46.3#28.76#24.94
-159.371,61.0322#46.12#28.76#25.12
-159.261,61.041#45.94#28.76#25.3
-159.151,61.0496#45.76#28.77#25.47
-159.042,61.0581#45.57#28.77#25.66
-158.932,61.0665#45.34#28.78#25.88
-158.822,61.0748#45.08#28.78#26.14
-158.712,61.083#44.82#28.78#26.4
-158.602,61.0911#44.55#28.79#26.66
-158.492,61.0991#44.29#28.79#26.92
-158.382,61.107#44.02#28.8#27.18
-158.271,61.1148#43.75#28.8#27.45
-158.161,61.1224#43.49#28.8#27.71
-158.051,61.13#43.23#28.81#27.96
-157.94,61.1375#42.89#28.81#28.3
-157.83,61.1449#42.49#28.82#28.69
-157.719,61.1522#42.09#28.82#29.09
-157.609,61.1594#41.68#28.83#29.49
-157.498,61.1664#41.26#28.83#29.91
-157.388,61.1734#40.83#28.84#30.33
