-154.008,68.9018#26.79#35.39#37.82
-153.854,68.9056#26.71#35.51#37.78
-153.7,68.9093#26.63#35.62#37.75
-153.547,68.9128#26.56#35.73#37.71
-153.393,68.9161#26.55#35.84#37.61
-153.239,68.9193#26.58#35.94#37.48
-153.085,68.9224#26.61#36.04#37.35
-152.931,68.9253#26.64#36.15#37.21
-152.777,68.9281#26.67#36.25#37.08
-152.623,68.9307#26.71#36.36#36.93
-152.469,68.9331#26.74#36.46#36.8
-152.314,68.9354#26.76#36.56#36.68
-152.16,68.9376#26.79#36.65#36.56
-152.006,68.9396#26.81#36.75#36.44
-151.852,68.9415#26.82#36.84#36.34
-151.697,68.9432#26.82#36.92#36.26
-151.543,68.9448#26.82#37.01#36.17
-151.389,68.9462#26.79#37.09#36.12
-151.234,68.9475#26.76#37.17#36.07
-151.08,68.9486#26.73#37.25#36.02
-150.926,68.9496#26.68#37.33#35.99
-150.771,68.9504#26.62#37.4#35.98
-150.617,68.9511#26.56#37.48#35.96
-150.462,68.9516#26.51#37.55#35.94
-150.308,68.9519#26.48#37.62#35.9
-150.153,68.9522#26.45#37.7#35.85
-149.999,68.9522#26.41#37.77#35.82
-149.845,68.9522#26.4#37.84#35.76
-149.69,68.9519#26.39#37.91#35.7
-149.536,68.9516#26.38#37.98#35.64
-149.381,68.951#26.37#38.05#35.58
-149.227,68.9504#26.37#38.12#35.51
-149.072,68.9495#26.37#38.19#35.44
-148.918,68.9486#26.37#38.26#35.37
-148.764,68.9475#26.37#38.32#35.31
-148.609,68.9462#26.37#38.39#35.24
-148.455,68.9448#26.37#38.45#35.18
-148.301,68.9432#26.37#38.52#35.11
-148.146,68.9415#26.38#38.58#35.04
-147.992,68.9396#26.38#38.65#34.97
-147.838,68.9376#26.39#38.7#34.91
-147.684,68.9354#26.39#38.75#34.86
-147.53,68.9331#26.4#38.81#34.79
-147.375,68.9306#26.42#38.85#34.73
-147.221,68.928#26.43#38.89#34.68
-147.067,68.9253#26.45#38.94#34.61
-146.913,68.9223#26.53#38.98#34.49
-146.759,68.9193#26.65#39.02#34.33
-146.605,68.9161#26.78#39.05#34.17
-146.451,68.9127#26.95#39.09#33.96
-146.298,68.9092#27.23#39.13#33.64
-146.144,68.9056#27.51#39.17#33.32
-145.99,68.9018#27.79#39.21#33
-155.71,68.9054#28.98#34.35#36.67
-155.556,68.9108#28.98#34.47#36.55
-155.403,68.9161#28.97#34.59#36.44
-155.249,68.9213#28.93#34.71#36.36
-155.096,68.9263#28.9#34.84#36.26
-154.942,68.9311#28.76#34.96#36.28
-154.788,68.9358#28.43#35.08#36.49
-154.635,68.9404#28.1#35.2#36.7
-154.481,68.9448#27.77#35.33#36.9
-154.327,68.9491#27.45#35.44#37.11
-154.173,68.9532#27.14#35.56#37.3
-154.019,68.9571#26.83#35.68#37.49
-153.865,68.9609#26.72#35.79#37.49
-153.71,68.9646#26.65#35.9#37.45
-153.556,68.9681#26.58#36.01#37.41
-153.402,68.9715#26.57#36.12#37.31
-153.248,68.9747#26.6#36.22#37.18
-153.093,68.9778#26.63#36.33#37.04
-152.939,68.9807#26.66#36.43#36.91
-152.784,68.9835#26.69#36.53#36.78
-152.63,68.9861#26.72#36.64#36.64
-152.475,68.9885#26.75#36.74#36.51
-152.321,68.9909#26.77#36.84#36.39
-152.166,68.993#26.8#36.93#36.27
-152.011,68.9951#26.82#37.03#36.15
-151.857,68.9969#26.82#37.11#36.07
-151.702,68.9987#26.82#37.2#35.98
-151.547,69.0002#26.81#37.29#35.9
-151.392,69.0017#26.79#37.37#35.84
-151.238,69.0029#26.75#37.45#35.8
-151.083,69.004#26.71#37.53#35.76
-150.928,69.005#26.66#37.61#35.73
-150.773,69.0058#26.6#37.68#35.72
-150.618,69.0065#26.54#37.75#35.71
-150.464,69.007#26.49#37.83#35.68
-150.309,69.0074#26.46#37.9#35.64
-150.154,69.0076#26.43#37.98#35.59
-149.999,69.0077#26.4#38.05#35.55
-149.844,69.0076#26.39#38.12#35.49
-149.689,69.0074#26.38#38.19#35.43
-149.534,69.007#26.37#38.26#35.37
-149.38,69.0065#26.37#38.33#35.3
-149.225,69.0058#26.36#38.4#35.24
-149.07,69.005#26.36#38.47#35.17
-148.915,69.004#26.36#38.54#35.1
-148.76,69.0029#26.36#38.6#35.04
-148.606,69.0016#26.36#38.67#34.97
-148.451,69.0002#26.37#38.73#34.9
-148.296,68.9986#26.37#38.8#34.83
-148.141,68.9969#26.37#38.87#34.76
-147.987,68.995#26.38#38.93#34.69
-147.832,68.993#26.38#38.99#34.63
-147.677,68.9908#26.39#39.04#34.57
-147.523,68.9885#26.39#39.09#34.52
-147.368,68.986#26.41#39.14#34.45
-147.214,68.9834#26.42#39.18#34.4
-147.059,68.9807#26.44#39.22#34.34
-146.905,68.9777#26.51#39.26#34.23
-146.751,68.9747#26.61#39.3#34.09
-146.596,68.9714#26.71#39.34#33.95
-146.442,68.9681#26.88#39.38#33.74
-146.288,68.9646#27.15#39.43#33.42
-146.133,68.9609#27.42#39.47#33.11
-145.979,68.9571#27.7#39.51#32.79
-145.825,68.9531#28.08#39.55#32.37
-145.671,68.949#28.45#39.59#31.96
-145.517,68.9447#28.83#39.63#31.54
-145.363,68.9403#29.26#39.66#31.08
-145.21,68.9358#29.69#39.69#30.62
-145.056,68.9311#30.11#39.72#30.17
-144.902,68.9262#30.36#39.75#29.89
-144.749,68.9212#30.49#39.79#29.72
-144.595,68.9161#30.62#39.82#29.56
-144.442,68.9108#30.65#39.83#29.52
-144.288,68.9053#30.53#39.83#29.64
-157.105,68.9048#27.09#33.62#39.29
-156.952,68.9116#27.47#33.71#38.82
-156.799,68.9182#27.86#33.81#38.33
-156.646,68.9247#28.25#33.91#37.84
-156.493,68.9311#28.63#34.01#37.36
-156.339,68.9373#28.74#34.14#37.12
-156.186,68.9433#28.85#34.27#36.88
-156.032,68.9492#28.96#34.4#36.64
-155.879,68.955#28.98#34.52#36.5
-155.725,68.9606#28.98#34.64#36.38
-155.571,68.966#28.99#34.76#36.25
-155.418,68.9713#28.97#34.88#36.15
-155.264,68.9765#28.94#35.01#36.05
-155.11,68.9815#28.91#35.13#35.96
-154.956,68.9864#28.79#35.25#35.96
-154.801,68.9911#28.46#35.37#36.17
-154.647,68.9957#28.13#35.49#36.38
-154.493,69.0001#27.79#35.62#36.59
-154.338,69.0044#27.48#35.73#36.79
-154.184,69.0085#27.17#35.85#36.98
-154.03,69.0125#26.86#35.97#37.17
-153.875,69.0163#26.74#36.08#37.18
-153.72,69.02#26.67#36.19#37.14
-153.566,69.0235#26.6#36.3#37.1
-153.411,69.0269#26.59#36.4#37.01
-153.256,69.0301#26.62#36.51#36.87
-153.102,69.0332#26.65#36.61#36.74
-152.947,69.0361#26.68#36.71#36.61
-152.792,69.0389#26.71#36.82#36.47
-152.637,69.0415#26.73#36.92#36.35
-152.482,69.044#26.76#37.02#36.22
-152.327,69.0463#26.78#37.11#36.11
-152.172,69.0485#26.8#37.21#35.99
-152.017,69.0505#26.82#37.3#35.88
-151.862,69.0524#26.82#37.39#35.79
-151.707,69.0541#26.82#37.48#35.7
-151.551,69.0557#26.81#37.56#35.63
-151.396,69.0571#26.78#37.64#35.58
-151.241,69.0584#26.73#37.73#35.54
-151.086,69.0595#26.69#37.81#35.5
-150.931,69.0605#26.64#37.88#35.48
-150.775,69.0613#26.57#37.96#35.47
-150.62,69.062#26.51#38.03#35.46
-150.465,69.0625#26.46#38.1#35.44
-150.31,69.0629#26.44#38.18#35.38
-150.154,69.0631#26.41#38.25#35.34
-149.999,69.0632#26.39#38.33#35.28
-149.844,69.0631#26.38#38.4#35.22
-149.688,69.0629#26.37#38.47#35.16
-149.533,69.0625#26.36#38.54#35.1
-149.378,69.062#26.36#38.61#35.03
-149.223,69.0613#26.36#38.68#34.96
-149.067,69.0605#26.36#38.75#34.89
-148.912,69.0595#26.36#38.82#34.82
-148.757,69.0584#26.36#38.89#34.75
-148.602,69.0571#26.36#38.95#34.69
-148.447,69.0557#26.36#39.02#34.62
-148.291,69.0541#26.37#39.09#34.54
-148.136,69.0524#26.37#39.15#34.48
-147.981,69.0505#26.37#39.22#34.41
-147.826,69.0485#26.38#39.27#34.35
-147.671,69.0463#26.39#39.32#34.29
-147.516,69.0439#26.39#39.38#34.23
-147.361,69.0415#26.4#39.42#34.18
-147.206,69.0388#26.42#39.46#34.12
-147.051,69.0361#26.43#39.5#34.07
-146.897,69.0331#26.48#39.54#33.98
-146.742,69.03#26.56#39.59#33.85
-146.587,69.0268#26.64#39.63#33.73
-146.432,69.0234#26.8#39.67#33.53
-146.278,69.0199#27.06#39.72#33.22
-146.123,69.0162#27.33#39.77#32.9
-145.968,69.0124#27.62#39.81#32.57
-145.814,69.0084#27.97#39.86#32.17
-145.66,69.0043#28.32#39.9#31.78
-145.505,69#28.68#39.94#31.38
-145.351,68.9956#29.13#39.98#30.89
-145.197,68.991#29.59#40.02#30.39
-145.043,68.9863#30.03#40.05#29.92
-144.888,68.9815#30.29#40.09#29.62
-144.734,68.9764#30.47#40.13#29.4
-144.581,68.9713#30.64#40.16#29.2
-144.427,68.966#30.67#40.18#29.15
-144.273,68.9605#30.55#40.18#29.27
-144.119,68.9549#30.43#40.18#29.39
-143.966,68.9491#30.28#40.16#29.56
-143.812,68.9432#30.04#40.05#29.91
-143.659,68.9372#29.8#39.94#30.26
-143.505,68.931#29.55#39.83#30.62
-143.352,68.9246#29.25#39.72#31.03
-143.199,68.9181#28.94#39.61#31.45
-143.046,68.9115#28.65#39.51#31.84
-142.893,68.9047#28.44#39.4#32.16
-158.347,68.9001#26.11#33.14#40.75
-158.195,68.9081#26.11#33.22#40.67
-158.042,68.9159#26.11#33.3#40.59
-157.889,68.9236#26.1#33.38#40.52
-157.737,68.9311#26.1#33.47#40.43
-157.584,68.9385#26.1#33.56#40.34
-157.431,68.9458#26.27#33.66#40.07
-157.277,68.9529#26.66#33.76#39.58
-157.124,68.9598#27.04#33.86#39.1
-156.971,68.9666#27.42#33.96#38.62
-156.817,68.9733#27.81#34.06#38.13
-156.664,68.9798#28.2#34.16#37.64
-156.51,68.9862#28.59#34.27#37.14
-156.356,68.9924#28.72#34.4#36.88
-156.203,68.9985#28.84#34.54#36.62
-156.049,69.0044#28.95#34.67#36.38
-155.895,69.0101#28.98#34.8#36.22
-155.741,69.0158#28.99#34.93#36.08
-155.586,69.0212#28.99#35.05#35.96
-155.432,69.0266#28.98#35.17#35.85
-155.278,69.0317#28.95#35.3#35.75
-155.123,69.0368#28.91#35.42#35.67
-154.969,69.0417#28.82#35.54#35.64
-154.814,69.0464#28.49#35.67#35.84
-154.66,69.051#28.15#35.79#36.06
-154.505,69.0554#27.82#35.91#36.27
-154.35,69.0597#27.51#36.02#36.47
-154.195,69.0638#27.2#36.14#36.66
-154.04,69.0678#26.89#36.25#36.86
-153.886,69.0716#26.76#36.36#36.88
-153.731,69.0753#26.69#36.47#36.84
-153.575,69.0789#26.63#36.58#36.79
-153.42,69.0822#26.61#36.69#36.7
-153.265,69.0855#26.64#36.79#36.57
-153.11,69.0886#26.68#36.89#36.43
-152.955,69.0915#26.7#37#36.3
-152.799,69.0943#26.73#37.1#36.17
-152.644,69.0969#26.75#37.2#36.05
-152.489,69.0994#26.77#37.3#35.93
-152.333,69.1017#26.79#37.39#35.82
-152.178,69.1039#26.81#37.49#35.7
-152.022,69.106#26.83#37.58#35.59
-151.867,69.1078#26.83#37.67#35.5
-151.711,69.1096#26.81#37.75#35.44
-151.556,69.1112#26.8#37.84#35.36
-151.4,69.1126#26.77#37.92#35.31
-151.244,69.1139#26.72#38#35.28
-151.089,69.115#26.67#38.08#35.25
-150.933,69.116#26.62#38.16#35.22
-150.777,69.1168#26.55#38.24#35.21
-150.622,69.1175#26.49#38.31#35.2
-150.466,69.118#26.43#38.38#35.19
-150.31,69.1184#26.42#38.46#35.12
-150.155,69.1186#26.4#38.54#35.06
-149.999,69.1187#26.38#38.61#35.01
-149.843,69.1186#26.37#38.68#34.95
-149.688,69.1184#26.36#38.75#34.89
-149.532,69.118#26.35#38.82#34.83
-149.376,69.1175#26.35#38.89#34.76
-149.221,69.1168#26.35#38.96#34.69
-149.065,69.116#26.35#39.04#34.61
-148.909,69.115#26.35#39.1#34.55
-148.754,69.1139#26.35#39.17#34.48
-148.598,69.1126#26.36#39.23#34.41
-148.442,69.1111#26.36#39.3#34.34
-148.287,69.1096#26.36#39.37#34.27
-148.131,69.1078#26.37#39.44#34.19
-147.976,69.1059#26.37#39.5#34.13
-147.82,69.1039#26.38#39.56#34.06
-147.665,69.1017#26.38#39.61#34.01
-147.509,69.0994#26.39#39.66#33.95
-147.354,69.0969#26.4#39.7#33.9
-147.199,69.0943#26.41#39.74#33.85
-147.043,69.0915#26.42#39.79#33.79
-146.888,69.0885#26.46#39.83#33.71
-146.733,69.0854#26.51#39.87#33.62
-146.578,69.0822#26.56#39.91#33.53
-146.423,69.0788#26.72#39.96#33.32
-146.268,69.0753#26.98#40.02#33
-146.113,69.0716#27.24#40.07#32.69
-145.958,69.0678#27.52#40.12#32.36
-145.803,69.0638#27.85#40.17#31.98
-145.648,69.0596#28.19#40.22#31.59
-145.493,69.0553#28.53#40.26#31.21
-145.338,69.0509#29.01#40.31#30.68
-145.184,69.0463#29.49#40.35#30.16
-145.029,69.0416#29.96#40.38#29.66
-144.875,69.0367#30.23#40.43#29.34
-144.72,69.0317#30.45#40.47#29.08
-144.566,69.0265#30.66#40.51#28.83
-144.412,69.0212#30.68#40.53#28.79
-144.257,69.0157#30.58#40.53#28.89
-144.103,69.0101#30.47#40.53#29
-143.949,69.0043#30.32#40.5#29.18
-143.795,68.9984#30.1#40.39#29.51
-143.642,68.9923#29.87#40.27#29.86
-143.488,68.9861#29.63#40.16#30.21
-143.334,68.9797#29.31#40.05#30.64
-143.181,68.9732#28.99#39.94#31.07
-143.027,68.9666#28.68#39.82#31.5
-142.874,68.9597#28.48#39.71#31.81
-142.721,68.9528#28.31#39.59#32.1
-142.567,68.9457#28.14#39.48#32.38
-142.414,68.9384#28.03#39.36#32.61
-142.261,68.931#27.97#39.25#32.78
-142.109,68.9235#27.91#39.13#32.96
-141.956,68.9158#27.86#39.02#33.12
-141.803,68.908#27.84#38.92#33.24
-141.651,68.9#27.81#38.81#33.38
-159.284,68.9039#26.16#32.97#40.87
-159.132,68.9128#26.15#33.04#40.81
-158.98,68.9215#26.13#33.11#40.76
-158.828,68.9301#26.13#33.16#40.71
-158.675,68.9385#26.12#33.21#40.67
-158.522,68.9468#26.11#33.26#40.63
-158.37,68.955#26.11#33.34#40.55
-158.217,68.963#26.1#33.42#40.48
-158.064,68.9708#26.1#33.51#40.39
-157.911,68.9785#26.1#33.6#40.3
-157.757,68.9861#26.1#33.7#40.2
-157.604,68.9935#26.1#33.79#40.11
-157.451,69.0008#26.22#33.89#39.89
-157.297,69.0079#26.6#34#39.4
-157.143,69.0149#26.99#34.1#38.91
-156.99,69.0217#27.37#34.21#38.42
-156.836,69.0284#27.76#34.31#37.93
-156.682,69.0349#28.16#34.42#37.42
-156.528,69.0413#28.55#34.53#36.92
-156.374,69.0475#28.71#34.66#36.63
-156.219,69.0536#28.82#34.8#36.38
-156.065,69.0595#28.94#34.95#36.11
-155.911,69.0653#28.98#35.08#35.94
-155.756,69.071#28.99#35.21#35.8
-155.602,69.0765#28.99#35.34#35.67
-155.447,69.0818#28.98#35.47#35.55
-155.292,69.087#28.95#35.59#35.46
-155.137,69.092#28.92#35.71#35.37
-154.982,69.0969#28.86#35.84#35.3
-154.827,69.1017#28.52#35.96#35.52
-154.672,69.1063#28.18#36.08#35.74
-154.517,69.1107#27.85#36.2#35.95
-154.362,69.115#27.53#36.31#36.16
-154.207,69.1192#27.23#36.43#36.34
-154.051,69.1232#26.92#36.54#36.54
-153.896,69.127#26.77#36.65#36.58
-153.741,69.1307#26.71#36.76#36.53
-153.585,69.1342#26.65#36.87#36.48
-153.43,69.1376#26.63#36.97#36.4
-153.274,69.1409#26.66#37.07#36.27
-153.118,69.144#26.69#37.18#36.13
-152.963,69.1469#26.72#37.28#36
-152.807,69.1497#26.74#37.38#35.88
-152.651,69.1524#26.76#37.48#35.76
-152.495,69.1549#26.78#37.58#35.64
-152.34,69.1572#26.79#37.67#35.54
-152.184,69.1594#26.81#37.77#35.42
-152.028,69.1614#26.83#37.86#35.31
-151.872,69.1633#26.82#37.95#35.23
-151.716,69.165#26.8#38.04#35.16
-151.56,69.1666#26.79#38.13#35.08
-151.404,69.1681#26.75#38.21#35.04
-151.248,69.1694#26.7#38.3#35
-151.092,69.1705#26.65#38.38#34.97
-150.936,69.1715#26.59#38.46#34.95
-150.78,69.1723#26.53#38.54#34.93
-150.623,69.173#26.47#38.62#34.91
-150.467,69.1735#26.42#38.69#34.89
-150.311,69.1739#26.41#38.77#34.82
-150.155,69.1741#26.39#38.85#34.76
-149.999,69.1742#26.38#38.93#34.69
-149.843,69.1741#26.37#39#34.63
-149.687,69.1739#26.36#39.07#34.57
-149.531,69.1735#26.35#39.14#34.51
-149.375,69.173#26.35#39.22#34.43
-149.218,69.1723#26.35#39.29#34.36
-149.062,69.1715#26.35#39.37#34.28
-148.906,69.1705#26.35#39.44#34.21
-148.75,69.1693#26.35#39.5#34.15
-148.594,69.1681#26.35#39.57#34.08
-148.438,69.1666#26.36#39.63#34.01
-148.282,69.165#26.36#39.7#33.94
-148.126,69.1633#26.37#39.77#33.86
-147.97,69.1614#26.37#39.84#33.79
-147.814,69.1594#26.37#39.89#33.74
-147.658,69.1572#26.38#39.94#33.68
-147.503,69.1548#26.38#39.99#33.63
-147.347,69.1523#26.39#40.03#33.58
-147.191,69.1497#26.4#40.07#33.53
-147.035,69.1469#26.41#40.11#33.48
-146.88,69.1439#26.44#40.15#33.41
-146.724,69.1408#26.47#40.19#33.34
-146.568,69.1376#26.51#40.23#33.26
-146.413,69.1342#26.66#40.27#33.07
-146.257,69.1307#26.91#40.32#32.77
-146.102,69.127#27.16#40.38#32.46
-145.947,69.1231#27.43#40.43#32.14
-145.791,69.1191#27.74#40.48#31.78
-145.636,69.115#28.05#40.53#31.42
-145.481,69.1107#28.39#40.58#31.03
-145.326,69.1062#28.89#40.63#30.48
-145.171,69.1016#29.39#40.68#29.93
-145.016,69.0969#29.89#40.72#29.39
-144.861,69.092#30.18#40.77#29.05
-144.706,69.0869#30.44#40.81#28.75
-144.551,69.0817#30.69#40.86#28.45
-144.397,69.0764#30.7#40.88#28.42
-144.242,69.0709#30.6#40.88#28.52
-144.087,69.0653#30.5#40.89#28.61
-143.933,69.0595#30.36#40.84#28.8
-143.779,69.0535#30.15#40.72#29.13
-143.624,69.0474#29.95#40.61#29.44
-143.47,69.0412#29.71#40.49#29.8
-143.316,69.0348#29.37#40.38#30.25
-143.162,69.0283#29.04#40.26#30.7
-143.008,69.0216#28.71#40.14#31.15
-142.855,69.0148#28.51#40.02#31.47
-142.701,69.0078#28.33#39.9#31.77
-142.547,69.0007#28.14#39.78#32.08
-142.394,68.9934#28.04#39.66#32.3
-142.241,68.986#27.98#39.54#32.48
-142.087,68.9784#27.91#39.42#32.67
-141.934,68.9707#27.86#39.31#32.83
-141.781,68.9629#27.84#39.2#32.96
-141.628,68.9549#27.81#39.1#33.09
-141.476,68.9467#27.78#38.99#33.23
-141.323,68.9384#27.77#38.88#33.35
-141.171,68.93#27.76#38.76#33.48
-141.018,68.9214#27.76#38.65#33.59
-140.866,68.9127#27.75#38.53#33.72
-140.714,68.9038#27.75#38.41#33.84
-160.221,68.9022#26.3#32.7#41
-160.07,68.912#26.26#32.75#40.99
-159.918,68.9216#26.23#32.81#40.96
-159.766,68.9311#26.21#32.88#40.91
-159.614,68.9404#26.18#32.95#40.87
-159.462,68.9496#26.16#33.02#40.82
-159.309,68.9586#26.15#33.1#40.75
-159.157,68.9675#26.14#33.18#40.68
-159.004,68.9763#26.13#33.26#40.61
-158.851,68.9849#26.12#33.32#40.56
-158.698,68.9934#26.11#33.38#40.51
-158.545,69.0017#26.11#33.45#40.44
-158.392,69.0099#26.1#33.54#40.36
-158.239,69.0179#26.1#33.63#40.27
-158.086,69.0258#26.1#33.72#40.18
-157.932,69.0335#26.09#33.81#40.1
-157.778,69.0411#26.09#33.92#39.99
-157.625,69.0485#26.09#34.02#39.89
-157.471,69.0558#26.16#34.12#39.72
-157.317,69.0629#26.55#34.23#39.22
-157.163,69.0699#26.94#34.34#38.72
-157.009,69.0768#27.32#34.45#38.23
-156.854,69.0835#27.71#34.56#37.73
-156.7,69.09#28.11#34.67#37.22
-156.545,69.0964#28.5#34.78#36.72
-156.391,69.1027#28.7#34.92#36.38
-156.236,69.1088#28.81#35.07#36.12
-156.082,69.1147#28.92#35.22#35.86
-155.927,69.1205#28.98#35.36#35.66
-155.772,69.1262#28.99#35.5#35.51
-155.617,69.1317#28.99#35.63#35.38
-155.462,69.137#28.99#35.76#35.25
-155.306,69.1423#28.96#35.88#35.16
-155.151,69.1473#28.93#36.01#35.06
-154.996,69.1522#28.89#36.13#34.98
-154.841,69.157#28.55#36.25#35.2
-154.685,69.1616#28.22#36.37#35.41
-154.53,69.166#27.88#36.49#35.63
-154.374,69.1704#27.57#36.6#35.83
-154.218,69.1745#27.27#36.72#36.01
-154.062,69.1785#26.96#36.83#36.21
-153.907,69.1824#26.8#36.94#36.26
-153.751,69.1861#26.74#37.05#36.21
-153.595,69.1896#26.68#37.15#36.17
-153.439,69.193#26.66#37.26#36.08
-153.283,69.1963#26.68#37.36#35.96
-153.127,69.1994#26.71#37.46#35.83
-152.971,69.2024#26.73#37.56#35.71
-152.815,69.2052#26.75#37.66#35.59
-152.658,69.2078#26.77#37.76#35.47
-152.502,69.2103#26.79#37.86#35.35
-152.346,69.2127#26.8#37.96#35.24
-152.19,69.2148#26.81#38.05#35.14
-152.033,69.2169#26.83#38.14#35.03
-151.877,69.2188#26.81#38.24#34.95
-151.721,69.2205#26.79#38.33#34.88
-151.564,69.2221#26.77#38.42#34.81
-151.408,69.2236#26.73#38.51#34.76
-151.251,69.2248#26.68#38.59#34.73
-151.095,69.226#26.63#38.68#34.69
-150.938,69.227#26.57#38.77#34.66
-150.782,69.2278#26.52#38.85#34.63
-150.625,69.2285#26.46#38.93#34.61
-150.469,69.229#26.42#39#34.58
-150.312,69.2294#26.4#39.09#34.51
-150.156,69.2296#26.39#39.17#34.44
-149.999,69.2297#26.37#39.25#34.38
-149.842,69.2296#26.36#39.32#34.32
-149.686,69.2294#26.36#39.4#34.24
-149.529,69.229#26.35#39.47#34.18
-149.373,69.2285#26.35#39.55#34.1
-149.216,69.2278#26.35#39.62#34.03
-149.06,69.227#26.35#39.7#33.95
-148.903,69.226#26.35#39.77#33.88
-148.747,69.2248#26.35#39.84#33.81
-148.59,69.2235#26.35#39.91#33.74
-148.434,69.2221#26.36#39.98#33.66
-148.277,69.2205#26.36#40.05#33.59
-148.121,69.2188#26.36#40.12#33.52
-147.965,69.2169#26.37#40.18#33.45
-147.808,69.2148#26.37#40.24#33.39
-147.652,69.2126#26.38#40.29#33.33
-147.496,69.2103#26.38#40.34#33.28
-147.34,69.2078#26.39#40.38#33.23
-147.183,69.2051#26.4#40.43#33.17
-147.027,69.2023#26.41#40.47#33.12
-146.871,69.1994#26.44#40.51#33.05
-146.715,69.1963#26.47#40.55#32.98
-146.559,69.193#26.5#40.59#32.91
-146.403,69.1896#26.65#40.63#32.72
-146.247,69.186#26.88#40.67#32.45
-146.091,69.1823#27.1#40.71#32.19
-145.936,69.1785#27.36#40.75#31.89
-145.78,69.1745#27.66#40.8#31.54
-145.624,69.1703#27.97#40.85#31.18
-145.469,69.166#28.31#40.9#30.79
-145.313,69.1615#28.79#40.95#30.26
-145.158,69.1569#29.28#41#29.72
-145.002,69.1522#29.78#41.04#29.18
-144.847,69.1472#30.08#41.09#28.83
-144.692,69.1422#30.38#41.14#28.48
-144.536,69.137#30.68#41.19#28.13
-144.381,69.1316#30.69#41.21#28.1
-144.226,69.1261#30.62#41.22#28.16
-144.071,69.1205#30.54#41.23#28.23
-143.917,69.1146#30.4#41.18#28.42
-143.762,69.1087#30.21#41.06#28.73
-143.607,69.1026#30.03#40.94#29.03
-143.453,69.0963#29.78#40.82#29.4
-143.298,69.0899#29.43#40.7#29.87
-143.144,69.0834#29.09#40.58#30.33
-142.989,69.0767#28.75#40.46#30.79
-142.835,69.0698#28.54#40.33#31.13
-142.681,69.0628#28.34#40.21#31.45
-142.527,69.0557#28.14#40.08#31.78
-142.373,69.0484#28.05#39.96#31.99
-142.22,69.041#27.98#39.83#32.19
-142.066,69.0334#27.91#39.71#32.38
-141.913,69.0257#27.86#39.59#32.55
-141.759,69.0178#27.83#39.49#32.68
-141.606,69.0098#27.8#39.38#32.82
-141.453,69.0016#27.78#39.27#32.95
-141.3,68.9933#27.77#39.16#33.07
-141.147,68.9848#27.76#39.04#33.2
-140.994,68.9762#27.75#38.93#33.32
-140.841,68.9674#27.75#38.81#33.44
-140.689,68.9585#27.74#38.7#33.56
-140.536,68.9495#27.74#38.58#33.68
-140.384,68.9403#27.74#38.45#33.81
-140.232,68.931#27.74#38.33#33.93
-140.08,68.9215#27.74#38.2#34.06
-139.928,68.9118#27.74#38.05#34.21
-139.777,68.9021#27.75#37.88#34.37
-161.007,68.9056#26.67#32.6#40.73
-160.856,68.9161#26.57#32.63#40.8
-160.704,68.9265#26.48#32.66#40.86
-160.553,68.9367#26.39#32.69#40.92
-160.401,68.9468#26.33#32.74#40.93
-160.249,68.9568#26.29#32.79#40.92
-160.097,68.9666#26.25#32.85#40.9
-159.945,68.9762#26.22#32.91#40.87
-159.792,68.9857#26.19#32.99#40.82
-159.64,68.9951#26.17#33.07#40.76
-159.487,69.0043#26.15#33.15#40.7
-159.334,69.0134#26.14#33.23#40.63
-159.181,69.0223#26.13#33.31#40.56
-159.028,69.0311#26.12#33.4#40.48
-158.875,69.0397#26.12#33.48#40.4
-158.722,69.0482#26.11#33.56#40.33
-158.568,69.0565#26.1#33.64#40.26
-158.415,69.0647#26.1#33.73#40.17
-158.261,69.0728#26.1#33.83#40.07
-158.107,69.0807#26.09#33.93#39.98
-157.953,69.0884#26.09#34.03#39.88
-157.799,69.096#26.09#34.13#39.78
-157.645,69.1035#26.09#34.24#39.67
-157.491,69.1108#26.11#34.36#39.53
-157.337,69.118#26.5#34.47#39.03
-157.182,69.125#26.88#34.59#38.53
-157.028,69.1318#27.27#34.71#38.02
-156.873,69.1386#27.67#34.83#37.5
-156.718,69.1451#28.06#34.95#36.99
-156.563,69.1515#28.46#35.07#36.47
-156.408,69.1578#28.69#35.21#36.1
-156.253,69.1639#28.8#35.36#35.84
-156.098,69.1699#28.91#35.51#35.58
-155.943,69.1757#28.99#35.66#35.35
-155.787,69.1814#28.99#35.79#35.22
-155.632,69.1869#28.99#35.92#35.09
-155.477,69.1923#28.99#36.06#34.95
-155.321,69.1975#28.96#36.18#34.86
-155.165,69.2026#28.93#36.3#34.77
-155.01,69.2075#28.9#36.42#34.68
-154.854,69.2123#28.59#36.54#34.87
-154.698,69.2169#28.25#36.66#35.09
-154.542,69.2214#27.92#36.78#35.3
-154.386,69.2257#27.61#36.89#35.5
-154.23,69.2299#27.31#37#35.69
-154.074,69.2339#27#37.12#35.88
-153.917,69.2378#26.83#37.23#35.94
-153.761,69.2415#26.77#37.33#35.9
-153.605,69.245#26.72#37.44#35.84
-153.448,69.2485#26.68#37.54#35.78
-153.292,69.2517#26.71#37.64#35.65
-153.135,69.2548#26.73#37.74#35.53
-152.979,69.2578#26.75#37.84#35.41
-152.822,69.2606#26.76#37.94#35.3
-152.666,69.2633#26.78#38.04#35.18
-152.509,69.2658#26.8#38.14#35.06
-152.352,69.2681#26.81#38.24#34.95
-152.196,69.2703#26.81#38.33#34.86
-152.039,69.2724#26.82#38.43#34.75
-151.882,69.2743#26.81#38.52#34.67
-151.725,69.276#26.78#38.61#34.61
-151.568,69.2776#26.76#38.71#34.53
-151.412,69.2791#26.71#38.8#34.49
-151.255,69.2804#26.66#38.89#34.45
-151.098,69.2815#26.6#38.98#34.42
-150.941,69.2825#26.55#39.07#34.38
-150.784,69.2833#26.5#39.15#34.35
-150.627,69.284#26.45#39.23#34.32
-150.47,69.2845#26.41#39.32#34.27
-150.313,69.2849#26.39#39.4#34.21
-150.156,69.2851#26.38#39.48#34.14
-149.999,69.2852#26.36#39.57#34.07
-149.842,69.2851#26.36#39.64#34
-149.685,69.2849#26.35#39.72#33.93
-149.528,69.2845#26.34#39.8#33.86
-149.371,69.284#26.34#39.88#33.78
-149.214,69.2833#26.34#39.95#33.71
-149.057,69.2825#26.34#40.03#33.63
-148.9,69.2815#26.35#40.11#33.54
-148.743,69.2803#26.35#40.18#33.47
-148.586,69.279#26.35#40.24#33.41
-148.43,69.2776#26.35#40.32#33.33
-148.273,69.276#26.36#40.39#33.25
-148.116,69.2743#26.36#40.46#33.18
-147.959,69.2724#26.37#40.53#33.1
-147.802,69.2703#26.37#40.59#33.04
-147.646,69.2681#26.38#40.64#32.98
-147.489,69.2657#26.38#40.69#32.93
-147.332,69.2632#26.39#40.74#32.87
-147.176,69.2606#26.4#40.78#32.82
-147.019,69.2578#26.41#40.82#32.77
-146.863,69.2548#26.43#40.87#32.7
-146.706,69.2517#26.46#40.91#32.63
-146.55,69.2484#26.49#40.95#32.56
-146.393,69.245#26.64#40.98#32.38
-146.237,69.2414#26.84#41.01#32.15
-146.081,69.2377#27.04#41.04#31.92
-145.924,69.2338#27.29#41.08#31.63
-145.768,69.2298#27.59#41.13#31.28
-145.612,69.2256#27.88#41.18#30.94
-145.456,69.2213#28.23#41.22#30.55
-145.3,69.2169#28.7#41.27#30.03
-145.144,69.2122#29.17#41.31#29.52
-144.989,69.2075#29.63#41.36#29.01
-144.833,69.2025#29.96#41.4#28.64
-144.677,69.1975#30.28#41.45#28.27
-144.522,69.1922#30.6#41.5#27.9
-144.366,69.1869#30.62#41.51#27.87
-144.211,69.1813#30.58#41.52#27.9
-144.055,69.1757#30.54#41.52#27.94
-143.9,69.1698#30.41#41.46#28.13
-143.745,69.1639#30.24#41.35#28.41
-143.59,69.1577#30.07#41.24#28.69
-143.435,69.1515#29.82#41.13#29.05
-143.28,69.145#29.48#41.01#29.51
-143.125,69.1385#29.13#40.89#29.98
-142.97,69.1318#28.81#40.77#30.42
-142.816,69.1249#28.58#40.64#30.78
-142.661,69.1179#28.35#40.51#31.14
-142.507,69.1107#28.13#40.38#31.49
-142.353,69.1034#28.05#40.25#31.7
-142.199,69.0959#27.98#40.12#31.9
-142.045,69.0883#27.91#40#32.09
-141.891,69.0806#27.86#39.88#32.26
-141.737,69.0727#27.83#39.77#32.4
-141.583,69.0646#27.8#39.66#32.54
-141.43,69.0564#27.77#39.55#32.68
-141.276,69.0481#27.76#39.44#32.8
-141.123,69.0396#27.75#39.33#32.92
-140.97,69.031#27.74#39.21#33.05
-140.817,69.0222#27.74#39.1#33.16
-140.664,69.0133#27.74#38.98#33.28
-140.511,69.0042#27.73#38.86#33.41
-140.358,68.995#27.73#38.74#33.53
-140.206,68.9856#27.73#38.62#33.65
-140.054,68.9761#27.73#38.49#33.78
-139.901,68.9665#27.74#38.33#33.93
-139.749,68.9567#27.74#38.16#34.1
-139.597,68.9467#27.74#37.98#34.28
-139.445,68.9366#27.74#37.8#34.46
-139.294,68.9264#27.75#37.63#34.62
-139.142,68.916#27.75#37.45#34.8
-138.991,68.9055#27.75#37.27#34.98
-161.793,68.9052#27.32#32.57#40.11
-161.642,68.9164#27.2#32.57#40.23
-161.491,68.9276#27.07#32.57#40.36
-161.34,68.9385#26.92#32.61#40.47
-161.188,68.9494#26.78#32.64#40.58
-161.037,68.9601#26.64#32.68#40.68
-160.885,68.9706#26.54#32.71#40.75
-160.733,68.981#26.45#32.74#40.81
-160.581,68.9913#26.37#32.78#40.85
-160.429,69.0014#26.31#32.82#40.87
-160.276,69.0114#26.28#32.88#40.84
-160.124,69.0212#26.24#32.95#40.81
-159.971,69.0309#26.2#33.01#40.79
-159.819,69.0404#26.18#33.1#40.72
-159.666,69.0498#26.16#33.18#40.66
-159.513,69.059#26.15#33.27#40.58
-159.359,69.0681#26.14#33.35#40.51
-159.206,69.0771#26.13#33.44#40.43
-159.053,69.0859#26.12#33.54#40.34
-158.899,69.0945#26.11#33.63#40.26
-158.745,69.103#26.1#33.72#40.18
-158.592,69.1114#26.1#33.82#40.08
-158.438,69.1196#26.09#33.93#39.98
-158.284,69.1277#26.09#34.05#39.86
-158.129,69.1356#26.09#34.16#39.75
-157.975,69.1434#26.09#34.27#39.64
-157.821,69.151#26.09#34.39#39.52
-157.666,69.1585#26.09#34.52#39.39
-157.511,69.1658#26.08#34.64#39.28
-157.357,69.173#26.44#34.76#38.8
-157.202,69.18#26.83#34.88#38.29
-157.047,69.1869#27.22#35.01#37.77
-156.892,69.1937#27.62#35.13#37.25
-156.736,69.2002#28.01#35.25#36.74
-156.581,69.2067#28.41#35.37#36.22
-156.426,69.213#28.67#35.5#35.83
-156.27,69.2191#28.79#35.66#35.55
-156.115,69.2251#28.9#35.81#35.29
-155.959,69.2309#28.99#35.95#35.06
-155.803,69.2366#28.99#36.09#34.92
-155.647,69.2422#29#36.22#34.78
-155.491,69.2476#29#36.35#34.65
-155.335,69.2528#28.97#36.48#34.55
-155.179,69.2579#28.94#36.6#34.46
-155.023,69.2628#28.91#36.72#34.37
-154.867,69.2676#28.62#36.83#34.55
-154.711,69.2722#28.29#36.95#34.76
-154.554,69.2767#27.96#37.07#34.97
-154.398,69.2811#27.65#37.18#35.17
-154.241,69.2852#27.35#37.29#35.36
-154.085,69.2893#27.05#37.41#35.54
-153.928,69.2931#26.86#37.52#35.62
-153.771,69.2969#26.8#37.62#35.58
-153.615,69.3005#26.75#37.72#35.53
-153.458,69.3039#26.71#37.83#35.46
-153.301,69.3072#26.73#37.93#35.34
-153.144,69.3103#26.74#38.02#35.24
-152.987,69.3132#26.76#38.12#35.12
-152.83,69.3161#26.77#38.22#35.01
-152.673,69.3187#26.79#38.32#34.89
-152.516,69.3212#26.8#38.42#34.78
-152.359,69.3236#26.81#38.52#34.67
-152.202,69.3258#26.82#38.61#34.57
-152.044,69.3279#26.82#38.71#34.47
-151.887,69.3298#26.8#38.81#34.39
-151.73,69.3315#26.77#38.9#34.33
-151.573,69.3331#26.74#39#34.26
-151.415,69.3346#26.7#39.09#34.21
-151.258,69.3359#26.64#39.19#34.17
-151.101,69.337#26.58#39.28#34.14
-150.943,69.338#26.53#39.37#34.1
-150.786,69.3388#26.48#39.46#34.06
-150.629,69.3395#26.44#39.54#34.02
-150.471,69.3401#26.4#39.63#33.97
-150.314,69.3404#26.39#39.71#33.9
-150.156,69.3407#26.37#39.8#33.83
-149.999,69.3407#26.36#39.89#33.75
-149.842,69.3407#26.35#39.97#33.68
-149.684,69.3404#26.35#40.04#33.61
-149.527,69.3401#26.34#40.12#33.54
-149.369,69.3395#26.34#40.2#33.46
-149.212,69.3388#26.34#40.28#33.38
-149.055,69.338#26.34#40.37#33.29
-148.897,69.337#26.34#40.44#33.22
-148.74,69.3359#26.35#40.51#33.14
-148.583,69.3346#26.35#40.58#33.07
-148.425,69.3331#26.35#40.66#32.99
-148.268,69.3315#26.36#40.73#32.91
-148.111,69.3298#26.36#40.81#32.83
-147.954,69.3278#26.37#40.88#32.75
-147.796,69.3258#26.37#40.93#32.7
-147.639,69.3236#26.38#40.99#32.63
-147.482,69.3212#26.38#41.05#32.57
-147.325,69.3187#26.39#41.09#32.52
-147.168,69.316#26.4#41.14#32.46
-147.011,69.3132#26.4#41.18#32.42
-146.854,69.3102#26.43#41.22#32.35
-146.697,69.3071#26.46#41.26#32.28
-146.54,69.3038#26.48#41.31#32.21
-146.383,69.3004#26.62#41.33#32.05
-146.227,69.2968#26.8#41.35#31.85
-146.07,69.2931#26.98#41.37#31.65
-145.913,69.2892#27.22#41.41#31.37
-145.757,69.2852#27.51#41.45#31.04
-145.6,69.281#27.8#41.5#30.7
-145.444,69.2767#28.15#41.54#30.31
-145.287,69.2722#28.59#41.59#29.82
-145.131,69.2675#29.04#41.63#29.33
-144.975,69.2628#29.48#41.67#28.85
-144.819,69.2578#29.83#41.71#28.46
-144.663,69.2527#30.18#41.76#28.06
-144.507,69.2475#30.52#41.8#27.68
-144.351,69.2421#30.55#41.81#27.64
-144.195,69.2366#30.55#41.81#27.64
-144.039,69.2309#30.55#41.82#27.63
-143.883,69.225#30.43#41.74#27.83
-143.728,69.219#30.27#41.64#28.09
-143.572,69.2129#30.1#41.54#28.36
-143.417,69.2066#29.85#41.43#28.72
-143.262,69.2002#29.53#41.31#29.16
-143.106,69.1936#29.2#41.19#29.61
-142.951,69.1868#28.89#41.07#30.04
-142.796,69.18#28.65#40.95#30.4
-142.641,69.1729#28.41#40.82#30.77
-142.487,69.1657#28.18#40.69#31.13
-142.332,69.1584#28.09#40.57#31.34
-142.177,69.1509#28#40.45#31.55
-142.023,69.1433#27.91#40.32#31.77
-141.869,69.1355#27.87#40.19#31.94
-141.715,69.1276#27.83#40.07#32.1
-141.56,69.1195#27.79#39.95#32.26
-141.406,69.1113#27.77#39.83#32.4
-141.253,69.1029#27.75#39.72#32.53
-141.099,69.0944#27.74#39.61#32.65
-140.945,69.0858#27.73#39.49#32.78
-140.792,69.077#27.73#39.38#32.89
-140.639,69.068#27.73#39.26#33.01
-140.485,69.0589#27.72#39.15#33.13
-140.332,69.0497#27.73#39.03#33.24
-140.18,69.0403#27.73#38.9#33.37
-140.027,69.0307#27.73#38.78#33.49
-139.874,69.0211#27.73#38.61#33.66
-139.722,69.0112#27.73#38.43#33.84
-139.569,69.0013#27.73#38.25#34.02
-139.417,68.9911#27.74#38.07#34.19
-139.265,68.9809#27.74#37.89#34.37
-139.113,68.9705#27.74#37.71#34.55
-138.962,68.9599#27.75#37.53#34.72
-138.81,68.9492#27.75#37.36#34.89
-138.659,68.9384#27.75#37.19#35.06
-138.507,68.9274#27.76#37.03#35.21
-138.356,68.9163#27.76#36.87#35.37
-138.205,68.905#27.76#36.71#35.53
-162.578,68.9009#27.79#32.6#39.61
-162.428,68.9129#27.71#32.61#39.68
-162.277,68.9247#27.62#32.62#39.76
-162.126,68.9365#27.52#32.63#39.85
-161.975,68.948#27.43#32.64#39.93
-161.824,68.9595#27.3#32.64#40.06
-161.673,68.9708#27.17#32.64#40.19
-161.522,68.9819#27.04#32.64#40.32
-161.37,68.9929#26.9#32.67#40.43
-161.218,69.0038#26.75#32.71#40.54
-161.066,69.0145#26.61#32.75#40.64
-160.914,69.0251#26.5#32.79#40.71
-160.762,69.0355#26.43#32.83#40.74
-160.609,69.0458#26.36#32.86#40.78
-160.457,69.0559#26.3#32.91#40.79
-160.304,69.0659#26.26#32.97#40.77
-160.151,69.0758#26.22#33.04#40.74
-159.998,69.0855#26.19#33.11#40.7
-159.845,69.0951#26.17#33.2#40.63
-159.692,69.1045#26.16#33.29#40.55
-159.538,69.1138#26.14#33.38#40.48
-159.385,69.1229#26.13#33.5#40.37
-159.231,69.1319#26.12#33.61#40.27
-159.077,69.1407#26.11#33.73#40.16
-158.923,69.1494#26.11#33.85#40.04
-158.769,69.1579#26.1#33.97#39.93
-158.615,69.1663#26.1#34.09#39.81
-158.461,69.1745#26.09#34.21#39.7
-158.306,69.1826#26.09#34.32#39.59
-158.151,69.1906#26.09#34.44#39.47
-157.997,69.1984#26.09#34.56#39.35
-157.842,69.206#26.09#34.68#39.23
-157.687,69.2135#26.08#34.8#39.12
-157.532,69.2209#26.08#34.92#39
-157.377,69.2281#26.39#35.05#38.56
-157.221,69.2351#26.78#35.17#38.05
-157.066,69.242#27.17#35.3#37.53
-156.91,69.2488#27.57#35.42#37.01
-156.755,69.2554#27.97#35.54#36.49
-156.599,69.2618#28.37#35.66#35.97
-156.443,69.2681#28.66#35.8#35.54
-156.287,69.2743#28.78#35.95#35.27
-156.131,69.2803#28.89#36.1#35.01
-155.975,69.2862#28.99#36.25#34.76
-155.819,69.2919#28.99#36.38#34.63
-155.663,69.2974#29#36.52#34.48
-155.507,69.3028#29#36.65#34.35
-155.35,69.3081#28.97#36.77#34.26
-155.194,69.3132#28.94#36.89#34.17
-155.037,69.3181#28.91#37.01#34.08
-154.88,69.3229#28.66#37.13#34.21
-154.724,69.3276#28.33#37.24#34.43
-154.567,69.3321#28#37.36#34.64
-154.41,69.3364#27.68#37.47#34.85
-154.253,69.3406#27.39#37.58#35.03
-154.096,69.3447#27.09#37.7#35.21
-153.939,69.3485#26.89#37.8#35.31
-153.782,69.3523#26.83#37.91#35.26
-153.625,69.3559#26.78#38.01#35.21
-153.467,69.3593#26.74#38.11#35.15
-153.31,69.3626#26.75#38.21#35.04
-153.153,69.3657#26.76#38.31#34.93
-152.995,69.3687#26.77#38.41#34.82
-152.838,69.3715#26.79#38.5#34.71
-152.68,69.3742#26.8#38.6#34.6
-152.523,69.3767#26.81#38.7#34.49
-152.365,69.3791#26.82#38.8#34.38
-152.208,69.3813#26.82#38.9#34.28
-152.05,69.3834#26.82#38.99#34.19
-151.892,69.3853#26.79#39.09#34.12
-151.735,69.387#26.76#39.19#34.05
-151.577,69.3886#26.73#39.29#33.98
-151.419,69.3901#26.68#39.39#33.93
-151.262,69.3914#26.62#39.48#33.9
-151.104,69.3925#26.56#39.58#33.86
-150.946,69.3935#26.51#39.67#33.82
-150.788,69.3944#26.47#39.76#33.77
-150.63,69.3951#26.43#39.85#33.72
-150.473,69.3956#26.39#39.94#33.67
-150.315,69.396#26.38#40.03#33.59
-150.157,69.3962#26.37#40.12#33.51
-149.999,69.3963#26.35#40.2#33.45
-149.841,69.3962#26.35#40.29#33.36
-149.683,69.396#26.34#40.37#33.29
-149.525,69.3956#26.34#40.45#33.21
-149.368,69.3951#26.34#40.53#33.13
-149.21,69.3944#26.34#40.62#33.04
-149.052,69.3935#26.34#40.7#32.96
-148.894,69.3925#26.34#40.77#32.89
-148.736,69.3914#26.35#40.85#32.8
-148.579,69.3901#26.35#40.92#32.73
-148.421,69.3886#26.35#41#32.65
-148.263,69.387#26.36#41.08#32.56
-148.106,69.3853#26.36#41.15#32.49
-147.948,69.3833#26.37#41.22#32.41
-147.79,69.3813#26.37#41.28#32.35
-147.633,69.3791#26.38#41.34#32.28
-147.475,69.3767#26.38#41.4#32.22
-147.318,69.3742#26.39#41.45#32.16
-147.16,69.3715#26.4#41.49#32.11
-147.003,69.3687#26.4#41.54#32.06
-146.845,69.3657#26.43#41.58#31.99
-146.688,69.3626#26.45#41.62#31.93
-146.531,69.3593#26.47#41.66#31.87
-146.373,69.3558#26.6#41.68#31.72
-146.216,69.3522#26.75#41.69#31.56
-146.059,69.3485#26.91#41.7#31.39
-145.902,69.3446#27.15#41.73#31.12
-145.745,69.3406#27.43#41.78#30.79
-145.588,69.3364#27.72#41.82#30.46
-145.431,69.332#28.07#41.86#30.07
-145.274,69.3275#28.49#41.9#29.61
-145.118,69.3229#28.92#41.94#29.14
-144.961,69.3181#29.34#41.99#28.67
-144.804,69.3131#29.71#42.02#28.27
-144.648,69.308#30.09#42.06#27.85
-144.492,69.3028#30.44#42.1#27.46
-144.335,69.2973#30.49#42.1#27.41
-144.179,69.2918#30.53#42.1#27.37
-144.023,69.2861#30.57#42.11#27.32
-143.867,69.2802#30.44#42.03#27.53
-143.711,69.2742#30.29#41.93#27.78
-143.555,69.2681#30.14#41.83#28.03
-143.399,69.2618#29.88#41.72#28.4
-143.243,69.2553#29.58#41.61#28.81
-143.088,69.2487#29.27#41.5#29.23
-142.932,69.2419#28.97#41.38#29.65
-142.777,69.235#28.72#41.25#30.03
-142.621,69.228#28.46#41.13#30.41
-142.466,69.2208#28.24#41#30.76
-142.311,69.2134#28.13#40.9#30.97
-142.156,69.2059#28.02#40.79#31.19
-142.001,69.1983#27.92#40.68#31.4
-141.847,69.1905#27.88#40.55#31.57
-141.692,69.1825#27.83#40.43#31.74
-141.538,69.1744#27.79#40.31#31.9
-141.383,69.1662#27.77#40.18#32.05
-141.229,69.1578#27.75#40.06#32.19
-141.075,69.1493#27.74#39.94#32.32
-140.921,69.1406#27.73#39.81#32.46
-140.767,69.1317#27.73#39.68#32.59
-140.613,69.1228#27.72#39.56#32.72
-140.46,69.1136#27.72#39.43#32.85
-140.306,69.1044#27.72#39.31#32.97
-140.153,69.0949#27.72#39.19#33.09
-140,69.0854#27.72#39.07#33.21
-139.847,69.0757#27.72#38.89#33.39
-139.694,69.0658#27.72#38.7#33.58
-139.541,69.0558#27.73#38.52#33.75
-139.389,69.0457#27.73#38.34#33.93
-139.236,69.0354#27.73#38.15#34.12
-139.084,69.025#27.73#37.97#34.3
-138.932,69.0144#27.74#37.79#34.47
-138.78,69.0037#27.74#37.62#34.64
-138.628,68.9928#27.74#37.45#34.81
-138.477,68.9818#27.75#37.28#34.97
-138.325,68.9706#27.75#37.12#35.13
-138.174,68.9593#27.76#36.95#35.29
-138.023,68.9479#27.76#36.79#35.45
-137.872,68.9363#27.76#36.54#35.7
-137.721,68.9246#27.77#36.27#35.96
-137.57,68.9127#27.77#36#36.23
-137.42,68.9007#27.77#35.75#36.48
-163.213,68.9054#28.09#32.52#39.39
-163.063,68.918#28#32.56#39.44
-162.913,68.9305#27.91#32.58#39.51
-162.763,68.9428#27.83#32.61#39.56
-162.612,68.955#27.76#32.63#39.61
-162.461,68.967#27.68#32.66#39.66
-162.31,68.9789#27.59#32.67#39.74
-162.159,68.9907#27.5#32.68#39.82
-162.008,69.0023#27.4#32.7#39.9
-161.856,69.0138#27.27#32.7#40.03
-161.704,69.0251#27.14#32.71#40.15
-161.553,69.0363#27.01#32.71#40.28
-161.401,69.0473#26.87#32.74#40.39
-161.248,69.0582#26.72#32.78#40.5
-161.096,69.069#26.58#32.83#40.59
-160.944,69.0796#26.46#32.87#40.67
-160.791,69.09#26.4#32.91#40.69
-160.638,69.1003#26.33#32.94#40.73
-160.485,69.1105#26.28#32.99#40.73
-160.332,69.1205#26.25#33.07#40.68
-160.179,69.1304#26.21#33.17#40.62
-160.025,69.1402#26.18#33.27#40.55
-159.872,69.1497#26.17#33.39#40.44
-159.718,69.1592#26.15#33.51#40.34
-159.564,69.1685#26.14#33.63#40.23
-159.41,69.1776#26.13#33.75#40.12
-159.256,69.1866#26.12#33.88#40
-159.102,69.1955#26.11#34#39.89
-158.947,69.2042#26.1#34.12#39.78
-158.793,69.2128#26.1#34.24#39.66
-158.638,69.2212#26.1#34.36#39.54
-158.484,69.2294#26.09#34.49#39.42
-158.329,69.2375#26.09#34.6#39.31
-158.174,69.2455#26.09#34.72#39.19
-158.019,69.2533#26.09#34.84#39.07
-157.863,69.261#26.08#34.96#38.96
-157.708,69.2685#26.08#35.09#38.83
-157.552,69.2759#26.08#35.21#38.71
-157.397,69.2831#26.34#35.34#38.32
-157.241,69.2902#26.73#35.46#37.81
-157.085,69.2971#27.13#35.59#37.28
-156.929,69.3039#27.52#35.71#36.77
-156.773,69.3105#27.92#35.84#36.24
-156.617,69.317#28.32#35.96#35.72
-156.461,69.3233#28.65#36.09#35.26
-156.305,69.3295#28.77#36.25#34.98
-156.148,69.3355#28.88#36.4#34.72
-155.992,69.3414#28.99#36.55#34.46
-155.835,69.3471#29#36.68#34.32
-155.678,69.3527#29#36.81#34.19
-155.522,69.3581#29#36.95#34.05
-155.365,69.3634#28.98#37.07#33.95
-155.208,69.3685#28.95#37.19#33.86
-155.051,69.3734#28.92#37.31#33.77
-154.894,69.3783#28.69#37.42#33.89
-154.737,69.3829#28.36#37.53#34.11
-154.579,69.3874#28.03#37.65#34.32
-154.422,69.3918#27.72#37.76#34.52
-154.265,69.396#27.42#37.87#34.71
-154.107,69.4001#27.13#37.98#34.89
-153.95,69.404#26.91#38.09#35
-153.792,69.4077#26.86#38.2#34.94
-153.635,69.4113#26.81#38.3#34.89
-153.477,69.4147#26.76#38.4#34.84
-153.319,69.418#26.77#38.49#34.74
-153.161,69.4212#26.78#38.59#34.63
-153.004,69.4242#26.78#38.69#34.53
-152.846,69.427#26.8#38.79#34.41
-152.688,69.4297#26.81#38.88#34.31
-152.53,69.4322#26.82#38.98#34.2
-152.372,69.4346#26.82#39.08#34.1
-152.214,69.4368#26.82#39.18#34
-152.056,69.4389#26.82#39.28#33.9
-151.898,69.4408#26.79#39.38#33.83
-151.74,69.4426#26.75#39.48#33.77
-151.581,69.4442#26.71#39.58#33.71
-151.423,69.4456#26.66#39.68#33.66
-151.265,69.4469#26.6#39.78#33.62
-151.107,69.4481#26.54#39.88#33.58
-150.949,69.4491#26.48#39.97#33.55
-150.79,69.4499#26.45#40.07#33.48
-150.632,69.4506#26.41#40.16#33.43
-150.474,69.4511#26.38#40.25#33.37
-150.316,69.4515#26.37#40.34#33.29
-150.157,69.4518#26.36#40.43#33.21
-149.999,69.4518#26.35#40.52#33.13
-149.841,69.4518#26.34#40.61#33.05
-149.682,69.4515#26.34#40.69#32.97
-149.524,69.4511#26.34#40.78#32.88
-149.366,69.4506#26.34#40.86#32.8
-149.208,69.4499#26.34#40.95#32.71
-149.049,69.4491#26.34#41.03#32.63
-148.891,69.4481#26.34#41.11#32.55
-148.733,69.4469#26.34#41.19#32.47
-148.575,69.4456#26.35#41.26#32.39
-148.417,69.4442#26.35#41.34#32.31
-148.258,69.4425#26.36#41.42#32.22
-148.1,69.4408#26.36#41.5#32.14
-147.942,69.4389#26.36#41.57#32.07
-147.784,69.4368#26.37#41.63#32
-147.626,69.4346#26.37#41.69#31.94
-147.468,69.4322#26.38#41.75#31.87
-147.31,69.4297#26.39#41.8#31.81
-147.152,69.427#26.39#41.85#31.76
-146.994,69.4241#26.4#41.9#31.7
-146.837,69.4211#26.42#41.94#31.64
-146.679,69.418#26.44#41.98#31.58
-146.521,69.4147#26.46#42.02#31.52
-146.363,69.4113#26.58#42.03#31.39
-146.206,69.4077#26.71#42.03#31.26
-146.048,69.4039#26.84#42.03#31.13
-145.891,69.4#27.07#42.06#30.87
-145.733,69.3959#27.35#42.1#30.55
-145.576,69.3917#27.64#42.14#30.22
-145.419,69.3874#27.98#42.18#29.84
-145.261,69.3829#28.38#42.22#29.4
-145.104,69.3782#28.79#42.26#28.95
-144.947,69.3734#29.2#42.3#28.5
