-152.289,72.9005#26.31#44.46#29.23
-152.099,72.9027#26.3#44.59#29.11
-151.908,72.9046#26.3#44.63#29.07
-151.717,72.9064#26.3#44.58#29.12
-151.526,72.908#26.3#44.52#29.18
-151.335,72.9094#26.3#44.43#29.27
-151.145,72.9106#26.3#44.34#29.36
-150.954,72.9116#26.3#44.24#29.46
-150.763,72.9125#26.31#44.14#29.55
-150.572,72.9131#26.31#44.04#29.65
-150.381,72.9136#26.31#43.94#29.75
-150.19,72.9139#26.31#43.85#29.84
-149.999,72.914#26.32#43.75#29.93
-149.808,72.9139#26.32#43.66#30.02
-149.617,72.9136#26.32#43.58#30.1
-149.426,72.9131#26.33#43.49#30.18
-149.235,72.9125#26.33#43.4#30.27
-149.044,72.9116#26.33#43.31#30.36
-148.853,72.9106#26.34#43.23#30.43
-148.662,72.9094#26.34#43.14#30.52
-148.471,72.908#26.35#43.06#30.59
-148.28,72.9064#26.35#42.98#30.67
-148.09,72.9046#26.35#42.9#30.75
-147.899,72.9027#26.36#42.82#30.82
-147.708,72.9005#26.36#42.75#30.89
-155.159,72.9019#29.33#44.32#26.35
-154.969,72.9068#29.21#44.3#26.49
-154.778,72.9116#28.76#44.28#26.96
-154.588,72.9162#28.32#44.26#27.42
-154.398,72.9206#27.88#44.24#27.88
-154.207,72.9248#27.44#44.22#28.34
-154.016,72.9288#27.01#44.2#28.79
-153.826,72.9326#26.82#44.18#29
-153.635,72.9363#26.66#44.16#29.18
-153.444,72.9397#26.52#44.15#29.33
-153.253,72.943#26.46#44.13#29.41
-153.062,72.9461#26.4#44.11#29.49
-152.871,72.949#26.36#44.09#29.55
-152.68,72.9517#26.34#44.07#29.59
-152.488,72.9543#26.32#44.06#29.62
-152.297,72.9566#26.31#44.23#29.46
-152.106,72.9588#26.3#44.39#29.31
-151.914,72.9607#26.3#44.46#29.24
-151.723,72.9625#26.3#44.39#29.31
-151.531,72.9641#26.3#44.33#29.37
-151.34,72.9655#26.3#44.23#29.47
-151.148,72.9667#26.3#44.13#29.57
-150.957,72.9678#26.3#44.03#29.67
-150.765,72.9686#26.31#43.92#29.77
-150.574,72.9693#26.31#43.82#29.87
-150.382,72.9697#26.31#43.72#29.97
-150.19,72.97#26.31#43.62#30.07
-149.999,72.9701#26.32#43.52#30.16
-149.807,72.97#26.32#43.43#30.25
-149.616,72.9697#26.32#43.33#30.35
-149.424,72.9692#26.33#43.24#30.43
-149.232,72.9686#26.33#43.15#30.52
-149.041,72.9677#26.34#43.06#30.6
-148.849,72.9667#26.34#42.97#30.69
-148.658,72.9655#26.34#42.88#30.78
-148.466,72.9641#26.35#42.79#30.86
-148.275,72.9625#26.35#42.71#30.94
-148.083,72.9607#26.35#42.62#31.03
-147.892,72.9587#26.36#42.54#31.1
-147.7,72.9566#26.36#42.46#31.18
-147.509,72.9542#26.37#42.38#31.25
-147.318,72.9517#26.37#42.31#31.32
-147.127,72.949#26.38#42.24#31.38
-146.936,72.9461#26.38#42.18#31.44
-146.745,72.943#26.38#42.13#31.49
-146.554,72.9397#26.39#42.08#31.53
-146.363,72.9362#26.39#42.04#31.57
-146.172,72.9326#26.4#42#31.6
-145.981,72.9287#26.4#41.96#31.64
-145.791,72.9247#26.41#41.92#31.67
-145.6,72.9205#26.41#41.89#31.7
-145.41,72.9161#26.42#41.86#31.72
-145.219,72.9115#26.42#41.82#31.76
-145.029,72.9067#26.43#41.78#31.79
-144.839,72.9018#26.43#41.75#31.82
-156.887,72.9047#27.88#43.93#28.19
-156.698,72.9113#28.39#44.16#27.45
-156.508,72.9178#28.89#44.39#26.72
-156.318,72.924#29.08#44.32#26.6
-156.128,72.9301#29.25#44.23#26.52
-155.938,72.936#29.37#44.16#26.47
-155.748,72.9417#29.39#44.13#26.48
-155.557,72.9472#29.41#44.11#26.48
-155.367,72.9526#29.38#44.09#26.53
-155.176,72.9577#29.32#44.07#26.61
-154.985,72.9627#29.23#44.05#26.72
-154.794,72.9675#28.78#44.03#27.19
-154.603,72.9721#28.33#44#27.67
-154.412,72.9765#27.89#43.98#28.13
-154.221,72.9807#27.46#43.96#28.58
-154.03,72.9848#27.03#43.94#29.03
-153.838,72.9886#26.83#43.92#29.25
-153.647,72.9923#26.66#43.91#29.43
-153.456,72.9958#26.52#43.89#29.59
-153.264,72.999#26.46#43.87#29.67
-153.072,73.0021#26.4#43.86#29.74
-152.88,73.0051#26.36#43.84#29.8
-152.689,73.0078#26.34#43.82#29.84
-152.497,73.0103#26.32#43.8#29.88
-152.305,73.0127#26.31#43.99#29.7
-152.113,73.0148#26.3#44.19#29.51
-151.921,73.0168#26.3#44.28#29.42
-151.729,73.0186#26.3#44.21#29.49
-151.537,73.0202#26.3#44.14#29.56
-151.344,73.0216#26.3#44.04#29.66
-151.152,73.0228#26.3#43.93#29.77
-150.96,73.0239#26.3#43.82#29.88
-150.768,73.0247#26.31#43.71#29.98
-150.576,73.0254#26.31#43.6#30.09
-150.383,73.0258#26.31#43.49#30.2
-150.191,73.0261#26.31#43.39#30.3
-149.999,73.0262#26.32#43.28#30.4
-149.807,73.0261#26.32#43.19#30.49
-149.614,73.0258#26.32#43.09#30.59
-149.422,73.0254#26.33#42.99#30.68
-149.23,73.0247#26.33#42.89#30.78
-149.038,73.0239#26.34#42.8#30.86
-148.845,73.0228#26.34#42.71#30.95
-148.653,73.0216#26.34#42.61#31.05
-148.461,73.0202#26.35#42.52#31.13
-148.269,73.0186#26.35#42.43#31.22
-148.077,73.0168#26.36#42.34#31.3
-147.885,73.0148#26.36#42.26#31.38
-147.693,73.0127#26.36#42.17#31.47
-147.501,73.0103#26.37#42.09#31.54
-147.309,73.0078#26.37#42.01#31.62
-147.117,73.005#26.38#41.94#31.68
-146.925,73.0021#26.38#41.87#31.75
-146.734,72.999#26.38#41.82#31.8
-146.542,72.9957#26.39#41.78#31.83
-146.351,72.9922#26.39#41.73#31.88
-146.159,72.9886#26.4#41.69#31.91
-145.968,72.9847#26.4#41.64#31.96
-145.776,72.9807#26.41#41.61#31.98
-145.585,72.9764#26.41#41.57#32.02
-145.394,72.972#26.42#41.53#32.05
-145.203,72.9674#26.42#41.49#32.09
-145.012,72.9626#26.42#41.45#32.13
-144.822,72.9577#26.43#41.41#32.16
-144.631,72.9525#26.43#41.38#32.19
-144.44,72.9472#26.44#41.34#32.22
-144.25,72.9416#26.44#41.31#32.25
-144.06,72.9359#26.45#41.28#32.27
-143.87,72.93#26.45#41.3#32.25
-143.68,72.9239#26.46#41.36#32.18
-143.49,72.9177#26.47#41.42#32.11
-143.3,72.9112#26.49#41.41#32.1
-143.11,72.9046#26.51#41.41#32.08
-158.426,72.9005#26.09#41.45#32.46
-158.237,72.9086#26.1#41.67#32.23
-158.048,72.9165#26.11#41.9#31.99
-157.859,72.9243#26.14#42.19#31.67
-157.669,72.9319#26.18#42.49#31.33
-157.48,72.9393#26.28#42.8#30.92
-157.29,72.9465#26.8#43.11#30.09
-157.1,72.9535#27.32#43.43#29.25
-156.91,72.9604#27.83#43.71#28.46
-156.72,72.967#28.34#43.95#27.71
-156.53,72.9735#28.84#44.19#26.97
-156.339,72.9798#29.07#44.13#26.8
-156.149,72.9859#29.24#44.01#26.75
-155.958,72.9918#29.37#43.91#26.72
-155.767,72.9976#29.39#43.88#26.73
-155.576,73.0031#29.41#43.86#26.73
-155.385,73.0085#29.38#43.84#26.78
-155.193,73.0136#29.32#43.82#26.86
-155.002,73.0186#29.26#43.8#26.94
-154.81,73.0234#28.81#43.77#27.42
-154.619,73.028#28.35#43.75#27.9
-154.427,73.0325#27.91#43.73#28.36
-154.235,73.0367#27.48#43.71#28.81
-154.043,73.0408#27.05#43.69#29.26
-153.851,73.0446#26.83#43.67#29.5
-153.659,73.0483#26.67#43.65#29.68
-153.467,73.0518#26.52#43.64#29.84
-153.275,73.0551#26.46#43.62#29.92
-153.083,73.0582#26.4#43.6#30
-152.89,73.0611#26.36#43.58#30.06
-152.698,73.0639#26.34#43.56#30.1
-152.505,73.0664#26.32#43.54#30.14
-152.313,73.0688#26.31#43.76#29.93
-152.12,73.0709#26.3#43.99#29.71
-151.927,73.0729#26.3#44.1#29.6
-151.735,73.0747#26.3#44.02#29.68
-151.542,73.0763#26.3#43.94#29.76
-151.349,73.0777#26.3#43.84#29.86
-151.156,73.079#26.3#43.73#29.97
-150.963,73.08#26.3#43.61#30.09
-150.77,73.0808#26.31#43.49#30.2
-150.578,73.0815#26.31#43.37#30.32
-150.385,73.082#26.31#43.26#30.43
-150.192,73.0823#26.31#43.16#30.53
-149.999,73.0824#26.32#43.05#30.63
-149.806,73.0823#26.32#42.95#30.73
-149.613,73.082#26.33#42.84#30.83
-149.42,73.0815#26.33#42.74#30.93
-149.227,73.0808#26.33#42.64#31.03
-149.034,73.08#26.34#42.54#31.12
-148.841,73.0789#26.34#42.44#31.22
-148.649,73.0777#26.34#42.35#31.31
-148.456,73.0763#26.35#42.25#31.4
-148.263,73.0747#26.35#42.16#31.49
-148.07,73.0729#26.36#42.06#31.58
-147.878,73.0709#26.36#41.97#31.67
-147.685,73.0687#26.36#41.88#31.76
-147.492,73.0664#26.37#41.8#31.83
-147.3,73.0638#26.37#41.71#31.92
-147.107,73.0611#26.38#41.64#31.98
-146.915,73.0582#26.38#41.57#32.05
-146.723,73.055#26.38#41.52#32.1
-146.53,73.0517#26.39#41.47#32.14
-146.338,73.0482#26.39#41.42#32.19
-146.146,73.0446#26.4#41.37#32.23
-145.954,73.0407#26.4#41.33#32.27
-145.762,73.0366#26.41#41.29#32.3
-145.57,73.0324#26.41#41.25#32.34
-145.379,73.028#26.42#41.2#32.38
-145.187,73.0234#26.42#41.16#32.42
-144.996,73.0186#26.42#41.12#32.46
-144.804,73.0136#26.43#41.08#32.49
-144.613,73.0084#26.43#41.04#32.53
-144.422,73.003#26.44#41#32.56
-144.231,72.9975#26.44#40.97#32.59
-144.04,72.9917#26.45#40.93#32.62
-143.849,72.9858#26.45#40.94#32.61
-143.658,72.9797#26.46#40.96#32.58
-143.468,72.9734#26.47#40.99#32.54
-143.278,72.967#26.48#40.98#32.54
-143.087,72.9603#26.5#40.98#32.52
-142.897,72.9534#26.57#40.97#32.46
-142.707,72.9464#26.68#40.94#32.38
-142.518,72.9392#26.8#40.92#32.28
-142.328,72.9318#27.09#40.86#32.05
-142.139,72.9242#27.39#40.8#31.81
-141.95,72.9164#27.73#40.74#31.53
-141.761,72.9085#28.15#40.67#31.18
-141.572,72.9004#28.59#40.61#30.8
-159.587,72.9032#26.15#39.77#34.08
-159.399,72.9124#26.12#39.98#33.9
-159.21,72.9215#26.11#40.19#33.7
-159.021,72.9304#26.1#40.4#33.5
-158.832,72.9391#26.09#40.62#33.29
-158.643,72.9476#26.09#40.83#33.08
-158.454,72.956#26.09#41.05#32.86
-158.265,72.9641#26.1#41.31#32.59
-158.075,72.9721#26.11#41.57#32.32
-157.885,72.9799#26.15#41.87#31.98
-157.695,72.9875#26.19#42.19#31.62
-157.505,72.9949#26.23#42.51#31.26
-157.315,73.0022#26.75#42.84#30.41
-157.124,73.0092#27.27#43.17#29.56
-156.933,73.0161#27.79#43.48#28.73
-156.742,73.0228#28.29#43.73#27.98
-156.552,73.0293#28.79#43.98#27.23
-156.36,73.0356#29.05#43.95#27
-156.169,73.0417#29.22#43.8#26.98
-155.978,73.0476#29.38#43.67#26.95
-155.786,73.0534#29.39#43.64#26.97
-155.595,73.059#29.41#43.61#26.98
-155.403,73.0643#29.38#43.59#27.03
-155.211,73.0695#29.32#43.56#27.12
-155.019,73.0745#29.25#43.54#27.21
-154.827,73.0794#28.83#43.52#27.65
-154.634,73.084#28.37#43.5#28.13
-154.442,73.0884#27.92#43.48#28.6
-154.25,73.0927#27.5#43.45#29.05
-154.057,73.0967#27.08#43.43#29.49
-153.864,73.1006#26.84#43.4#29.76
-153.672,73.1043#26.67#43.38#29.95
-153.479,73.1078#26.52#43.36#30.12
-153.286,73.1111#26.46#43.34#30.2
-153.093,73.1143#26.4#43.31#30.29
-152.9,73.1172#26.36#43.29#30.35
-152.707,73.1199#26.34#43.26#30.4
-152.514,73.1225#26.32#43.24#30.44
-152.32,73.1249#26.31#43.44#30.25
-152.127,73.127#26.3#43.66#30.04
-151.934,73.129#26.3#43.77#29.93
-151.74,73.1308#26.3#43.68#30.02
-151.547,73.1324#26.3#43.59#30.11
-151.354,73.1339#26.3#43.47#30.23
-151.16,73.1351#26.3#43.36#30.34
-150.967,73.1361#26.3#43.24#30.46
-150.773,73.137#26.31#43.12#30.57
-150.579,73.1376#26.31#43#30.69
-150.386,73.1381#26.31#42.88#30.81
-150.192,73.1384#26.32#42.78#30.9
-149.999,73.1385#26.32#42.67#31.01
-149.805,73.1384#26.32#42.57#31.11
-149.612,73.1381#26.33#42.47#31.2
-149.418,73.1376#26.33#42.37#31.3
-149.225,73.137#26.33#42.27#31.4
-149.031,73.1361#26.34#42.17#31.49
-148.838,73.1351#26.34#42.08#31.58
-148.644,73.1338#26.34#41.99#31.67
-148.451,73.1324#26.35#41.89#31.76
-148.257,73.1308#26.35#41.8#31.85
-148.064,73.129#26.36#41.71#31.93
-147.87,73.127#26.36#41.63#32.01
-147.677,73.1248#26.36#41.54#32.1
-147.484,73.1225#26.37#41.46#32.17
-147.291,73.1199#26.37#41.38#32.25
-147.098,73.1172#26.38#41.3#32.32
-146.905,73.1142#26.38#41.24#32.38
-146.712,73.1111#26.38#41.19#32.43
-146.519,73.1078#26.39#41.14#32.47
-146.326,73.1043#26.39#41.09#32.52
-146.133,73.1006#26.4#41.05#32.55
-145.941,73.0967#26.4#41#32.6
-145.748,73.0926#26.41#40.96#32.63
-145.556,73.0884#26.41#40.92#32.67
-145.363,73.0839#26.41#40.88#32.71
-145.171,73.0793#26.42#40.83#32.75
-144.979,73.0745#26.42#40.79#32.79
-144.787,73.0695#26.43#40.75#32.82
-144.595,73.0643#26.43#40.7#32.87
-144.403,73.0589#26.44#40.66#32.9
-144.211,73.0533#26.44#40.62#32.94
-144.02,73.0476#26.45#40.58#32.97
-143.828,73.0416#26.45#40.57#32.98
-143.637,73.0355#26.46#40.56#32.98
-143.446,73.0292#26.47#40.56#32.97
-143.255,73.0227#26.48#40.56#32.96
-143.064,73.016#26.49#40.55#32.96
-142.874,73.0091#26.55#40.53#32.92
-142.683,73.0021#26.64#40.51#32.85
-142.493,72.9948#26.74#40.49#32.77
-142.303,72.9874#27.04#40.43#32.53
-142.113,72.9798#27.34#40.37#32.29
-141.923,72.972#27.68#40.3#32.02
-141.733,72.964#28.08#40.24#31.68
-141.544,72.9559#28.49#40.18#31.33
-141.354,72.9475#28.97#40.12#30.91
-141.165,72.939#29.46#40.06#30.48
-140.976,72.9303#29.9#40.01#30.09
-140.788,72.9214#30.08#39.95#29.97
-140.599,72.9123#30.24#39.9#29.86
-140.411,72.9031#30.25#39.84#29.91
-160.56,72.9094#26.44#38.08#35.48
-160.372,72.9195#26.35#38.38#35.27
-160.184,72.9296#26.28#38.7#35.02
-159.996,72.9394#26.22#39.01#34.77
-159.807,72.949#26.19#39.22#34.59
-159.619,72.9585#26.16#39.43#34.41
-159.43,72.9678#26.13#39.62#34.25
-159.241,72.9769#26.12#39.82#34.06
-159.051,72.9858#26.1#40.02#33.88
-158.862,72.9946#26.1#40.22#33.68
-158.672,73.0031#26.09#40.43#33.48
-158.482,73.0115#26.08#40.65#33.27
-158.292,73.0197#26.1#40.93#32.97
-158.102,73.0277#26.12#41.23#32.65
-157.911,73.0355#26.15#41.54#32.31
-157.721,73.0431#26.2#41.88#31.92
-157.53,73.0506#26.24#42.22#31.54
-157.339,73.0578#26.69#42.56#30.75
-157.148,73.0649#27.22#42.91#29.87
-156.957,73.0718#27.74#43.24#29.02
-156.765,73.0785#28.24#43.51#28.25
-156.574,73.085#28.74#43.78#27.48
-156.382,73.0914#29.04#43.78#27.18
-156.19,73.0975#29.21#43.59#27.2
-155.998,73.1035#29.38#43.4#27.22
-155.806,73.1092#29.39#43.37#27.24
-155.613,73.1148#29.4#43.33#27.27
-155.421,73.1202#29.38#43.29#27.33
-155.228,73.1254#29.31#43.26#27.43
-155.036,73.1305#29.24#43.23#27.53
-154.843,73.1353#28.86#43.2#27.94
-154.65,73.1399#28.4#43.17#28.43
-154.457,73.1444#27.95#43.14#28.91
-154.264,73.1487#27.52#43.11#29.37
-154.071,73.1528#27.1#43.08#29.82
-153.877,73.1566#26.84#43.05#30.11
-153.684,73.1603#26.68#43.03#30.29
-153.491,73.1639#26.53#43.01#30.46
-153.297,73.1672#26.47#42.99#30.54
-153.103,73.1703#26.41#42.96#30.63
-152.91,73.1733#26.36#42.94#30.7
-152.716,73.176#26.34#42.91#30.75
-152.522,73.1786#26.32#42.89#30.79
-152.328,73.181#26.31#43.06#30.63
-152.134,73.1831#26.31#43.25#30.44
-151.94,73.1851#26.3#43.35#30.35
-151.746,73.1869#26.3#43.25#30.45
-151.552,73.1886#26.3#43.15#30.55
-151.358,73.19#26.3#43.04#30.66
-151.164,73.1912#26.3#42.93#30.77
-150.97,73.1923#26.3#42.81#30.89
-150.776,73.1931#26.31#42.69#31
-150.581,73.1938#26.31#42.57#31.12
-150.387,73.1943#26.31#42.46#31.23
-150.193,73.1946#26.32#42.36#31.32
-149.999,73.1946#26.32#42.25#31.43
-149.805,73.1945#26.32#42.15#31.53
-149.61,73.1943#26.33#42.06#31.61
-149.416,73.1938#26.33#41.96#31.71
-149.222,73.1931#26.33#41.86#31.81
-149.028,73.1923#26.34#41.77#31.89
-148.834,73.1912#26.34#41.68#31.98
-148.639,73.19#26.34#41.59#32.07
-148.445,73.1885#26.35#41.5#32.15
-148.251,73.1869#26.35#41.41#32.24
-148.057,73.1851#26.36#41.32#32.32
-147.863,73.1831#26.36#41.24#32.4
-147.669,73.1809#26.36#41.15#32.49
-147.475,73.1786#26.37#41.07#32.56
-147.282,73.176#26.37#40.99#32.64
-147.088,73.1732#26.38#40.92#32.7
-146.894,73.1703#26.38#40.86#32.76
-146.701,73.1671#26.38#40.81#32.81
-146.507,73.1638#26.39#40.76#32.85
-146.314,73.1603#26.39#40.72#32.89
-146.12,73.1566#26.4#40.67#32.93
-145.927,73.1527#26.4#40.63#32.97
-145.734,73.1486#26.41#40.59#33
-145.541,73.1443#26.41#40.56#33.03
-145.348,73.1399#26.41#40.52#33.07
-145.155,73.1352#26.42#40.47#33.11
-144.962,73.1304#26.42#40.43#33.15
-144.769,73.1254#26.43#40.39#33.18
-144.577,73.1202#26.43#40.35#33.22
-144.384,73.1148#26.44#40.31#33.25
-144.192,73.1092#26.44#40.27#33.29
-144,73.1034#26.45#40.23#33.32
-143.808,73.0974#26.45#40.19#33.36
-143.616,73.0913#26.46#40.16#33.38
-143.424,73.085#26.46#40.14#33.4
-143.232,73.0784#26.47#40.13#33.4
-143.041,73.0717#26.48#40.12#33.4
-142.85,73.0648#26.53#40.1#33.37
-142.659,73.0577#26.59#40.08#33.33
-142.468,73.0505#26.7#40.05#33.25
-142.277,73.043#26.99#39.99#33.02
-142.086,73.0354#27.28#39.93#32.79
-141.896,73.0276#27.62#39.87#32.51
-141.705,73.0196#28#39.81#32.19
-141.515,73.0114#28.39#39.75#31.86
-141.325,73.003#28.9#39.7#31.4
-141.136,72.9945#29.42#39.64#30.94
-140.946,72.9857#29.85#39.59#30.56
-140.757,72.9768#30.07#39.54#30.39
-140.568,72.9677#30.27#39.49#30.24
-140.379,72.9584#30.26#39.44#30.3
-140.19,72.9489#30.12#39.39#30.49
-140.002,72.9393#29.98#39.34#30.68
-139.813,72.9294#29.7#39.29#31.01
-139.625,72.9194#29.41#39.24#31.35
-139.438,72.9092#29.1#39.18#31.72
-161.534,72.9107#27.72#36.66#35.62
-161.347,72.9218#27.44#36.88#35.68
-161.159,72.9327#27.14#37.09#35.77
-160.971,72.9435#26.86#37.32#35.82
-160.783,72.9541#26.69#37.57#35.74
-160.595,72.9645#26.51#37.82#35.67
-160.407,72.9747#26.38#38.1#35.52
-160.218,72.9848#26.31#38.41#35.28
-160.029,72.9947#26.24#38.71#35.05
-159.84,73.0043#26.2#38.91#34.89
-159.651,73.0138#26.17#39.09#34.74
-159.461,73.0232#26.14#39.27#34.59
-159.272,73.0323#26.12#39.46#34.42
-159.082,73.0412#26.11#39.64#34.25
-158.892,73.05#26.1#39.83#34.07
-158.701,73.0586#26.09#40.04#33.87
-158.511,73.067#26.08#40.24#33.68
-158.32,73.0752#26.1#40.55#33.35
-158.129,73.0832#26.12#40.87#33.01
-157.938,73.0911#26.15#41.21#32.64
-157.747,73.0988#26.2#41.56#32.24
-157.555,73.1062#26.25#41.89#31.86
-157.364,73.1135#26.64#42.23#31.13
-157.172,73.1206#27.17#42.56#30.27
-156.98,73.1275#27.69#42.89#29.42
-156.788,73.1343#28.19#43.14#28.67
-156.596,73.1408#28.69#43.39#27.92
-156.403,73.1472#29.03#43.42#27.55
-156.211,73.1533#29.19#43.25#27.56
-156.018,73.1593#29.36#43.07#27.57
-155.825,73.1651#29.38#43.02#27.6
-155.632,73.1707#29.39#42.98#27.63
-155.439,73.1761#29.37#42.95#27.68
-155.246,73.1814#29.3#42.92#27.78
-155.053,73.1864#29.23#42.89#27.88
-154.859,73.1912#28.88#42.85#28.27
-154.666,73.1959#28.43#42.82#28.75
-154.472,73.2004#27.98#42.79#29.23
-154.278,73.2047#27.55#42.76#29.69
-154.085,73.2088#27.13#42.73#30.14
-153.891,73.2127#26.85#42.71#30.44
-153.697,73.2164#26.69#42.68#30.63
-153.502,73.2199#26.53#42.66#30.81
-153.308,73.2232#26.47#42.64#30.89
-153.114,73.2264#26.41#42.61#30.98
-152.92,73.2293#26.36#42.59#31.05
-152.725,73.2321#26.34#42.56#31.1
-152.531,73.2347#26.32#42.54#31.14
-152.336,73.2371#26.31#42.67#31.02
-152.142,73.2393#26.31#42.83#30.86
-151.947,73.2413#26.3#42.92#30.78
-151.752,73.2431#26.3#42.82#30.88
-151.558,73.2447#26.3#42.72#30.98
-151.363,73.2461#26.3#42.61#31.09
-151.168,73.2474#26.3#42.5#31.2
-150.973,73.2484#26.3#42.38#31.32
-150.778,73.2493#26.31#42.26#31.43
-150.583,73.2499#26.31#42.15#31.54
-150.389,73.2504#26.31#42.04#31.65
-150.194,73.2507#26.32#41.94#31.74
-149.999,73.2508#26.32#41.84#31.84
-149.804,73.2507#26.32#41.74#31.94
-149.609,73.2504#26.33#41.64#32.03
-149.414,73.2499#26.33#41.55#32.12
-149.219,73.2493#26.33#41.46#32.21
-149.024,73.2484#26.34#41.37#32.29
-148.83,73.2474#26.34#41.28#32.38
-148.635,73.2461#26.34#41.19#32.47
-148.44,73.2447#26.35#41.1#32.55
-148.245,73.2431#26.35#41.02#32.63
-148.051,73.2412#26.36#40.93#32.71
-147.856,73.2392#26.36#40.85#32.79
-147.661,73.237#26.36#40.77#32.87
-147.467,73.2347#26.37#40.69#32.94
-147.272,73.2321#26.37#40.61#33.02
-147.078,73.2293#26.38#40.54#33.08
-146.884,73.2264#26.38#40.48#33.14
-146.689,73.2232#26.38#40.43#33.19
-146.495,73.2199#26.39#40.39#33.22
-146.301,73.2163#26.39#40.34#33.27
-146.107,73.2126#26.4#40.3#33.3
-145.913,73.2087#26.4#40.26#33.34
-145.719,73.2046#26.4#40.22#33.38
-145.525,73.2003#26.41#40.18#33.41
-145.332,73.1959#26.41#40.14#33.45
-145.138,73.1912#26.42#40.1#33.48
-144.945,73.1863#26.42#40.06#33.52
-144.752,73.1813#26.43#40.02#33.55
-144.558,73.1761#26.43#39.98#33.59
-144.365,73.1706#26.44#39.94#33.62
-144.172,73.165#26.44#39.9#33.66
-143.979,73.1592#26.45#39.87#33.68
-143.787,73.1533#26.45#39.83#33.72
-143.594,73.1471#26.46#39.79#33.75
-143.402,73.1407#26.46#39.76#33.78
-143.21,73.1342#26.47#39.75#33.78
-143.018,73.1274#26.48#39.73#33.79
-142.826,73.1205#26.52#39.7#33.78
-142.634,73.1134#26.55#39.67#33.78
-142.442,73.1061#26.66#39.63#33.71
-142.251,73.0987#26.94#39.56#33.5
-142.06,73.091#27.22#39.5#33.28
-141.869,73.0831#27.56#39.44#33
-141.678,73.0751#27.91#39.38#32.71
-141.487,73.0669#28.29#39.33#32.38
-141.296,73.0585#28.84#39.28#31.88
-141.106,73.0499#29.39#39.23#31.38
-140.916,73.0411#29.81#39.18#31.01
-140.726,73.0322#30.07#39.13#30.8
-140.536,73.023#30.32#39.08#30.6
-140.347,73.0137#30.27#39.04#30.69
-140.157,73.0042#30.14#38.99#30.87
-139.968,72.9945#29.99#38.94#31.07
-139.78,72.9847#29.73#38.9#31.37
-139.591,72.9746#29.47#38.85#31.68
-139.402,72.9644#29.14#38.8#32.06
-139.214,72.954#28.76#38.73#32.51
-139.026,72.9434#28.39#38.66#32.95
-138.839,72.9326#28.16#38.47#33.37
-138.651,72.9217#27.96#38.25#33.79
-138.464,72.9105#27.79#38#34.21
-162.507,72.9071#28.75#35.5#35.75
-162.321,72.9192#28.61#35.68#35.71
-162.134,72.9311#28.47#35.87#35.66
-161.947,72.9428#28.31#36.05#35.64
-161.76,72.9543#28.09#36.25#35.66
-161.572,72.9656#27.87#36.44#35.69
-161.384,72.9768#27.6#36.65#35.75
-161.196,72.9878#27.29#36.86#35.85
-161.008,72.9986#26.97#37.08#35.95
-160.819,73.0092#26.77#37.33#35.9
-160.631,73.0197#26.58#37.57#35.85
-160.442,73.0299#26.41#37.83#35.76
-160.252,73.04#26.34#38.12#35.54
-160.063,73.0499#26.27#38.4#35.33
-159.873,73.0596#26.22#38.61#35.17
-159.683,73.0692#26.18#38.77#35.05
-159.493,73.0785#26.15#38.92#34.93
-159.303,73.0877#26.13#39.1#34.77
-159.112,73.0967#26.11#39.27#34.62
-158.921,73.1055#26.1#39.46#34.44
-158.73,73.1141#26.1#39.67#34.23
-158.539,73.1225#26.09#39.88#34.03
-158.348,73.1308#26.11#40.18#33.71
-158.156,73.1388#26.13#40.5#33.37
-157.965,73.1467#26.16#40.83#33.01
-157.773,73.1544#26.21#41.15#32.64
-157.581,73.1619#26.27#41.47#32.26
-157.389,73.1692#26.59#41.8#31.61
-157.196,73.1763#27.11#42.12#30.77
-157.004,73.1833#27.64#42.44#29.92
-156.811,73.19#28.14#42.7#29.16
-156.618,73.1966#28.64#42.96#28.4
-156.425,73.203#29.01#43.06#27.93
-156.232,73.2092#29.18#42.9#27.92
-156.038,73.2152#29.34#42.74#27.92
-155.845,73.221#29.38#42.68#27.94
-155.651,73.2266#29.38#42.64#27.98
-155.458,73.232#29.36#42.61#28.03
-155.264,73.2373#29.29#42.57#28.14
-155.07,73.2423#29.22#42.54#28.24
-154.876,73.2472#28.9#42.51#28.59
-154.682,73.2519#28.45#42.48#29.07
-154.487,73.2564#28#42.45#29.55
-154.293,73.2607#27.58#42.42#30
-154.098,73.2648#27.15#42.39#30.46
-153.904,73.2687#26.86#42.36#30.78
-153.709,73.2724#26.7#42.33#30.97
-153.514,73.276#26.54#42.31#31.15
-153.319,73.2793#26.47#42.29#31.24
-153.125,73.2825#26.41#42.27#31.32
-152.93,73.2854#26.36#42.24#31.4
-152.734,73.2882#26.34#42.22#31.44
-152.539,73.2908#26.32#42.19#31.49
-152.344,73.2932#26.31#42.29#31.4
-152.149,73.2954#26.31#42.42#31.27
-151.954,73.2974#26.3#42.5#31.2
-151.758,73.2992#26.3#42.39#31.31
-151.563,73.3008#26.3#42.29#31.41
-151.367,73.3023#26.3#42.18#31.52
-151.172,73.3035#26.3#42.07#31.63
-150.976,73.3046#26.3#41.96#31.74
-150.781,73.3054#26.31#41.84#31.85
-150.585,73.3061#26.31#41.72#31.97
-150.39,73.3066#26.31#41.62#32.07
-150.194,73.3069#26.32#41.52#32.16
-149.999,73.307#26.32#41.42#32.26
-149.803,73.3069#26.32#41.32#32.36
-149.608,73.3066#26.33#41.23#32.44
-149.412,73.3061#26.33#41.14#32.53
-149.217,73.3054#26.33#41.05#32.62
-149.021,73.3046#26.34#40.96#32.7
-148.826,73.3035#26.34#40.87#32.79
-148.63,73.3023#26.34#40.79#32.87
-148.435,73.3008#26.35#40.71#32.94
-148.239,73.2992#26.35#40.62#33.03
-148.044,73.2974#26.36#40.54#33.1
-147.849,73.2954#26.36#40.46#33.18
-147.653,73.2932#26.36#40.38#33.26
-147.458,73.2908#26.37#40.3#33.33
-147.263,73.2882#26.37#40.23#33.4
-147.068,73.2854#26.38#40.16#33.46
-146.873,73.2824#26.38#40.1#33.52
-146.678,73.2793#26.38#40.06#33.56
-146.483,73.2759#26.39#40.01#33.6
-146.288,73.2724#26.39#39.97#33.64
-146.094,73.2686#26.4#39.92#33.68
-145.899,73.2647#26.4#39.88#33.72
-145.705,73.2606#26.4#39.85#33.75
-145.51,73.2563#26.41#39.81#33.78
-145.316,73.2518#26.41#39.77#33.82
-145.122,73.2471#26.42#39.73#33.85
-144.928,73.2423#26.42#39.69#33.89
-144.734,73.2372#26.43#39.65#33.92
-144.54,73.232#26.43#39.62#33.95
-144.346,73.2265#26.44#39.58#33.98
-144.153,73.2209#26.44#39.54#34.02
-143.959,73.2151#26.45#39.5#34.05
-143.766,73.2091#26.45#39.46#34.09
-143.573,73.2029#26.46#39.43#34.11
-143.38,73.1965#26.46#39.4#34.14
-143.187,73.1899#26.47#39.38#34.15
-142.994,73.1832#26.48#39.37#34.15
-142.801,73.1762#26.51#39.33#34.16
-142.609,73.1691#26.55#39.3#34.15
-142.417,73.1618#26.68#39.26#34.06
-142.225,73.1543#26.93#39.19#33.88
-142.033,73.1466#27.19#39.13#33.68
-141.841,73.1387#27.51#39.06#33.43
-141.65,73.1307#27.85#39#33.15
-141.458,73.1224#28.24#38.94#32.82
-141.267,73.114#28.79#38.88#32.33
-141.076,73.1054#29.36#38.82#31.82
-140.885,73.0966#29.78#38.77#31.45
-140.695,73.0876#30.09#38.72#31.19
-140.505,73.0784#30.39#38.68#30.93
-140.314,73.0691#30.29#38.63#31.08
-140.125,73.0595#30.17#38.59#31.24
-139.935,73.0498#30.01#38.55#31.44
-139.745,73.0399#29.77#38.51#31.72
-139.556,73.0298#29.53#38.47#32
-139.367,73.0196#29.17#38.41#32.42
-139.178,73.0091#28.78#38.35#32.87
-138.99,72.9985#28.4#38.28#33.32
-138.801,72.9877#28.17#38.09#33.74
-138.613,72.9767#27.95#37.89#34.16
-138.426,72.9655#27.79#37.64#34.57
-138.238,72.9542#27.72#37.31#34.97
-138.051,72.9426#27.64#36.99#35.37
-137.864,72.9309#27.6#36.72#35.68
-137.677,72.919#27.56#36.47#35.97
-137.49,72.907#27.53#36.23#36.24
-163.294,72.9117#28.69#34.55#36.76
-163.108,72.9245#28.76#34.77#36.47
-162.922,72.9372#28.79#34.97#36.24
-162.736,72.9496#28.78#35.14#36.08
-162.549,72.9619#28.78#35.31#35.91
-162.362,72.974#28.69#35.49#35.82
-162.174,72.9859#28.56#35.66#35.78
-161.987,72.9977#28.42#35.84#35.74
-161.799,73.0092#28.22#36.03#35.75
-161.611,73.0206#28.02#36.22#35.76
-161.422,73.0318#27.77#36.42#35.81
-161.234,73.0429#27.44#36.63#35.93
-161.045,73.0537#27.1#36.85#36.05
-160.855,73.0644#26.87#37.08#36.05
-160.666,73.0748#26.65#37.33#36.02
-160.476,73.0851#26.45#37.57#35.98
-160.287,73.0953#26.38#37.84#35.78
-160.097,73.1052#26.3#38.1#35.6
-159.906,73.1149#26.24#38.31#35.45
-159.716,73.1245#26.2#38.47#35.33
-159.525,73.1339#26.16#38.63#35.21
-159.334,73.1431#26.14#38.8#35.06
-159.143,73.1521#26.12#38.98#34.9
-158.951,73.1609#26.11#39.16#34.73
-158.76,73.1696#26.1#39.36#34.54
-158.568,73.178#26.1#39.56#34.34
-158.376,73.1863#26.11#39.83#34.06
-158.184,73.1944#26.14#40.14#33.72
-157.992,73.2023#26.17#40.44#33.39
-157.799,73.21#26.22#40.75#33.03
-157.606,73.2175#26.28#41.06#32.66
-157.414,73.2249#26.54#41.37#32.09
-157.221,73.232#27.06#41.68#31.26
-157.027,73.239#27.58#42#30.42
-156.834,73.2458#28.09#42.27#29.64
-156.64,73.2524#28.59#42.53#28.88
-156.447,73.2588#29#42.69#28.31
-156.253,73.265#29.16#42.55#28.29
-156.059,73.271#29.32#42.41#28.27
-155.865,73.2768#29.37#42.34#28.29
-155.671,73.2825#29.37#42.3#28.33
-155.476,73.2879#29.36#42.26#28.38
-155.282,73.2932#29.28#42.23#28.49
-155.087,73.2983#29.21#42.2#28.59
-154.892,73.3032#28.93#42.17#28.9
-154.698,73.3079#28.48#42.13#29.39
-154.503,73.3124#28.03#42.1#29.87
-154.308,73.3167#27.61#42.07#30.32
-154.112,73.3208#27.18#42.04#30.78
-153.917,73.3247#26.87#42.01#31.12
-153.722,73.3285#26.71#41.99#31.3
-153.526,73.332#26.55#41.96#31.49
-153.331,73.3354#26.47#41.94#31.59
-153.135,73.3386#26.41#41.92#31.67
-152.94,73.3415#26.36#41.89#31.75
-152.744,73.3443#26.34#41.87#31.79
-152.548,73.3469#26.32#41.84#31.84
-152.352,73.3493#26.31#41.91#31.78
-152.156,73.3515#26.31#42.02#31.67
-151.96,73.3535#26.3#42.08#31.62
-151.764,73.3554#26.3#41.96#31.74
-151.568,73.357#26.3#41.85#31.85
-151.372,73.3584#26.3#41.74#31.96
-151.176,73.3597#26.3#41.64#32.06
-150.98,73.3607#26.3#41.53#32.17
-150.784,73.3616#26.31#41.41#32.28
-150.587,73.3623#26.31#41.3#32.39
-150.391,73.3628#26.31#41.2#32.49
-150.195,73.363#26.32#41.1#32.58
-149.999,73.3631#26.32#41#32.68
-149.803,73.363#26.32#40.91#32.77
-149.606,73.3628#26.33#40.82#32.85
-149.41,73.3623#26.33#40.73#32.94
-149.214,73.3616#26.33#40.64#33.03
-149.018,73.3607#26.34#40.56#33.1
-148.822,73.3597#26.34#40.47#33.19
-148.625,73.3584#26.35#40.39#33.26
-148.429,73.357#26.35#40.31#33.34
-148.233,73.3553#26.35#40.23#33.42
-148.037,73.3535#26.36#40.15#33.49
-147.841,73.3515#26.36#40.07#33.57
-147.645,73.3493#26.36#40#33.64
-147.45,73.3469#26.37#39.92#33.71
-147.254,73.3443#26.37#39.85#33.78
-147.058,73.3415#26.38#39.78#33.84
-146.862,73.3385#26.38#39.73#33.89
-146.667,73.3353#26.38#39.68#33.94
-146.471,73.332#26.39#39.64#33.97
-146.276,73.3284#26.39#39.59#34.02
-146.08,73.3247#26.4#39.55#34.05
-145.885,73.3208#26.4#39.51#34.09
-145.69,73.3166#26.4#39.47#34.13
-145.495,73.3123#26.41#39.44#34.15
-145.3,73.3078#26.41#39.4#34.19
-145.105,73.3031#26.42#39.36#34.22
-144.91,73.2982#26.42#39.32#34.26
-144.716,73.2931#26.43#39.29#34.28
-144.521,73.2879#26.43#39.25#34.32
-144.327,73.2824#26.44#39.21#34.35
-144.133,73.2768#26.44#39.17#34.39
-143.939,73.2709#26.44#39.14#34.42
-143.745,73.2649#26.45#39.1#34.45
-143.551,73.2587#26.45#39.06#34.49
-143.357,73.2523#26.46#39.04#34.5
-143.164,73.2457#26.47#39.02#34.51
-142.97,73.2389#26.48#39#34.52
-142.777,73.2319#26.51#38.97#34.52
-142.584,73.2248#26.55#38.94#34.51
-142.391,73.2175#26.68#38.89#34.43
-142.198,73.2099#26.91#38.82#34.27
-142.006,73.2022#27.14#38.76#34.1
-141.814,73.1943#27.47#38.7#33.83
-141.621,73.1862#27.81#38.64#33.55
-141.429,73.1779#28.21#38.58#33.21
-141.238,73.1695#28.75#38.52#32.73
-141.046,73.1608#29.29#38.47#32.24
-140.855,73.152#29.69#38.41#31.9
-140.664,73.143#30.04#38.36#31.6
-140.473,73.1338#30.33#38.31#31.36
-140.282,73.1244#30.26#38.26#31.48
-140.091,73.1148#30.18#38.21#31.61
-139.901,73.1051#30.03#38.17#31.8
-139.711,73.0951#29.82#38.12#32.06
-139.521,73.085#29.6#38.09#32.31
-139.332,73.0747#29.2#38.03#32.77
-139.142,73.0642#28.79#37.97#33.24
-138.953,73.0536#28.42#37.88#33.7
-138.764,73.0427#28.18#37.72#34.1
-138.575,73.0317#27.94#37.54#34.52
-138.387,73.0205#27.8#37.28#34.92
-138.199,73.0091#27.72#36.97#35.31
-138.011,72.9975#27.64#36.65#35.71
-137.823,72.9858#27.6#36.41#35.99
-137.636,72.9738#27.56#36.17#36.27
-137.449,72.9617#27.53#35.95#36.52
-137.262,72.9495#27.52#35.77#36.71
-137.076,72.937#27.5#35.59#36.91
-136.889,72.9244#27.5#35.43#37.07
-136.703,72.9115#27.49#35.29#37.22
-164.082,72.9131#28.31#33.64#38.05
-163.896,72.9267#28.41#33.8#37.79
-163.711,72.9401#28.5#33.98#37.52
-163.525,72.9533#28.59#34.16#37.25
-163.338,72.9663#28.66#34.37#36.97
-163.152,72.9792#28.72#34.58#36.7
-162.965,72.9918#28.78#34.79#36.43
-162.778,73.0043#28.79#34.96#36.25
-162.59,73.0167#28.81#35.12#36.07
-162.403,73.0288#28.76#35.29#35.95
-162.215,73.0408#28.64#35.47#35.89
-162.027,73.0526#28.51#35.64#35.85
-161.838,73.0642#28.33#35.82#35.85
-161.649,73.0756#28.15#36.01#35.84
-161.46,73.0868#27.94#36.2#35.86
-161.271,73.0979#27.6#36.4#36
-161.082,73.1088#27.25#36.61#36.14
-160.892,73.1195#26.98#36.83#36.19
-160.702,73.13#26.76#37.07#36.17
-160.512,73.1403#26.54#37.3#36.16
-160.321,73.1505#26.44#37.56#36
-160.131,73.1605#26.35#37.81#35.84
-159.94,73.1703#26.27#38.03#35.7
-159.748,73.1799#26.23#38.19#35.58
-159.557,73.1893#26.18#38.35#35.47
-159.366,73.1985#26.15#38.51#35.34
-159.174,73.2075#26.13#38.68#35.19
-158.982,73.2164#26.11#38.86#35.03
-158.79,73.2251#26.11#39.05#34.84
-158.597,73.2336#26.11#39.25#34.64
-158.405,73.2419#26.12#39.49#34.39
-158.212,73.25#26.15#39.78#34.07
-158.019,73.2579#26.18#40.06#33.76
-157.826,73.2657#26.23#40.36#33.41
-157.632,73.2732#26.29#40.65#33.06
-157.439,73.2806#26.49#40.95#32.56
-157.245,73.2878#27.01#41.25#31.74
-157.051,73.2947#27.53#41.55#30.92
-156.857,73.3015#28.03#41.83#30.14
-156.663,73.3082#28.54#42.11#29.35
-156.469,73.3146#28.98#42.32#28.7
-156.274,73.3208#29.14#42.19#28.67
-156.08,73.3269#29.3#42.07#28.63
-155.885,73.3327#29.36#42#28.64
-155.69,73.3384#29.36#41.96#28.68
-155.495,73.3438#29.35#41.92#28.73
-155.3,73.3491#29.28#41.89#28.83
-155.105,73.3542#29.2#41.85#28.95
-154.909,73.3591#28.95#41.82#29.23
-154.714,73.3638#28.51#41.79#29.7
-154.518,73.3684#28.06#41.76#30.18
-154.322,73.3727#27.63#41.72#30.65
-154.126,73.3768#27.21#41.69#31.1
-153.931,73.3808#26.88#41.66#31.46
-153.735,73.3845#26.71#41.64#31.65
-153.538,73.3881#26.55#41.61#31.84
-153.342,73.3915#26.47#41.59#31.94
-153.146,73.3946#26.42#41.57#32.01
-152.95,73.3976#26.37#41.54#32.09
-152.753,73.4004#26.34#41.52#32.14
-152.557,73.403#26.32#41.49#32.19
-152.36,73.4054#26.31#41.54#32.15
-152.164,73.4077#26.31#41.61#32.08
-151.967,73.4097#26.3#41.65#32.05
-151.77,73.4115#26.3#41.54#32.16
-151.574,73.4132#26.3#41.42#32.28
-151.377,73.4146#26.3#41.31#32.39
-151.18,73.4159#26.3#41.21#32.49
-150.983,73.4169#26.3#41.1#32.6
-150.786,73.4178#26.31#40.99#32.7
-150.589,73.4185#26.31#40.88#32.81
-150.393,73.4189#26.31#40.77#32.92
-150.196,73.4192#26.32#40.68#33
-149.999,73.4193#26.32#40.59#33.09
-149.802,73.4192#26.32#40.5#33.18
-149.605,73.4189#26.33#40.41#33.26
-149.408,73.4185#26.33#40.32#33.35
-149.211,73.4178#26.33#40.24#33.43
-149.014,73.4169#26.34#40.15#33.51
-148.818,73.4158#26.34#40.07#33.59
-148.621,73.4146#26.35#39.99#33.66
-148.424,73.4131#26.35#39.91#33.74
-148.227,73.4115#26.35#39.84#33.81
-148.031,73.4097#26.36#39.76#33.88
-147.834,73.4076#26.36#39.68#33.96
-147.637,73.4054#26.36#39.61#34.03
-147.441,73.403#26.37#39.54#34.09
-147.244,73.4004#26.37#39.47#34.16
-147.048,73.3976#26.37#39.4#34.23
-146.852,73.3946#26.38#39.35#34.27
-146.655,73.3914#26.38#39.3#34.32
-146.459,73.3881#26.39#39.26#34.35
-146.263,73.3845#26.39#39.21#34.4
-146.067,73.3807#26.39#39.17#34.44
-145.871,73.3768#26.4#39.13#34.47
-145.675,73.3726#26.4#39.1#34.5
-145.48,73.3683#26.41#39.07#34.52
-145.284,73.3638#26.41#39.03#34.56
-145.088,73.3591#26.42#38.99#34.59
-144.893,73.3542#26.42#38.95#34.63
-144.698,73.3491#26.43#38.92#34.65
-144.503,73.3438#26.43#38.88#34.69
-144.308,73.3383#26.43#38.84#34.73
-144.113,73.3326#26.44#38.81#34.75
-143.918,73.3268#26.44#38.77#34.79
-143.723,73.3207#26.45#38.73#34.82
-143.529,73.3145#26.45#38.7#34.85
-143.334,73.3081#26.46#38.68#34.86
-143.14,73.3015#26.47#38.66#34.87
-142.946,73.2947#26.48#38.64#34.88
-142.752,73.2877#26.51#38.6#34.89
-142.559,73.2805#26.54#38.57#34.89
-142.365,73.2731#26.68#38.52#34.8
-142.172,73.2656#26.88#38.46#34.66
-141.979,73.2578#27.1#38.4#34.5
-141.786,73.2499#27.43#38.33#34.24
-141.593,73.2418#27.76#38.27#33.97
-141.4,73.2335#28.18#38.22#33.6
-141.208,73.225#28.69#38.16#33.15
-141.016,73.2163#29.21#38.11#32.68
-140.824,73.2074#29.61#38.06#32.33
-140.632,73.1984#29.98#38.01#32.01
-140.44,73.1892#30.24#37.96#31.8
-140.249,73.1797#30.22#37.91#31.87
-140.058,73.1701#30.18#37.87#31.95
-139.867,73.1603#30.03#37.82#32.15
-139.676,73.1504#29.83#37.78#32.39
-139.486,73.1402#29.61#37.74#32.65
-139.296,73.1299#29.21#37.66#33.13
-139.106,73.1194#28.8#37.6#33.6
-138.916,73.1087#28.45#37.5#34.05
-138.726,73.0978#28.18#37.35#34.47
-138.537,73.0867#27.92#37.21#34.87
-138.348,73.0755#27.8#36.93#35.27
-138.16,73.064#27.71#36.63#35.66
-137.971,73.0524#27.64#36.33#36.03
-137.783,73.0406#27.59#36.1#36.31
-137.595,73.0287#27.55#35.87#36.58
-137.407,73.0165#27.53#35.67#36.8
-137.22,73.0042#27.51#35.5#36.99
-137.033,72.9917#27.5#35.32#37.18
-136.846,72.979#27.49#35.18#37.33
-136.659,72.9661#27.49#35.04#37.47
-136.473,72.9531#27.49#34.91#37.6
-136.287,72.9399#27.49#34.79#37.72
-136.101,72.9265#27.49#34.67#37.84
-135.916,72.9129#27.49#34.56#37.95
-164.869,72.9113#27.76#33.15#39.09
-164.684,72.9256#27.86#33.21#38.93
-164.499,72.9398#27.97#33.26#38.77
-164.314,72.9537#28.1#33.37#38.53
-164.128,72.9675#28.23#33.49#38.28
-163.942,72.9811#28.35#33.62#38.03
-163.756,72.9946#28.44#33.8#37.76
-163.57,73.0078#28.53#33.98#37.49
-163.383,73.0209#28.62#34.18#37.2
-163.196,73.0338#28.69#34.4#36.91
-163.008,73.0465#28.77#34.61#36.62
-162.82,73.0591#28.8#34.78#36.42
-162.632,73.0715#28.84#34.93#36.23
-162.444,73.0836#28.83#35.1#36.07
-162.256,73.0956#28.71#35.27#36.02
-162.067,73.1075#28.59#35.44#35.97
-161.878,73.1191#28.44#35.61#35.95
-161.688,73.1306#28.26#35.79#35.95
-161.499,73.1419#28.08#35.97#35.95
-161.309,73.153#27.75#36.17#36.08
-161.119,73.1639#27.42#36.37#36.21
-160.929,73.1746#27.13#36.58#36.29
-160.738,73.1852#26.9#36.81#36.29
-160.547,73.1956#26.65#37.04#36.31
-160.356,73.2057#26.52#37.28#36.2
-160.165,73.2157#26.41#37.52#36.07
-159.973,73.2256#26.3#37.75#35.95
-159.781,73.2352#26.26#37.91#35.83
-159.589,73.2446#26.2#38.07#35.73
-159.397,73.2539#26.17#38.23#35.6
-159.205,73.263#26.15#38.39#35.46
-159.012,73.2719#26.12#38.56#35.32
-158.819,73.2806#26.12#38.75#35.13
-158.626,73.2891#26.12#38.93#34.95
-158.433,73.2974#26.13#39.15#34.72
-158.24,73.3056#26.16#39.42#34.42
-158.046,73.3135#26.19#39.68#34.13
-157.852,73.3213#26.24#39.96#33.8
-157.658,73.3289#26.3#40.24#33.46
-157.464,73.3363#26.44#40.52#33.04
-157.27,73.3435#26.96#40.82#32.22
-157.075,73.3505#27.47#41.11#31.42
-156.881,73.3573#27.98#41.39#30.63
-156.686,73.3639#28.48#41.67#29.85
-156.491,73.3704#28.97#41.94#29.09
-156.296,73.3766#29.13#41.83#29.04
-156.1,73.3827#29.28#41.72#29
-155.905,73.3886#29.36#41.65#28.99
-155.71,73.3943#29.35#41.61#29.04
-155.514,73.3998#29.34#41.58#29.08
-155.318,73.4051#29.27#41.54#29.19
-155.122,73.4102#29.19#41.51#29.3
-154.926,73.4151#28.98#41.48#29.54
-154.73,73.4198#28.53#41.44#30.03
-154.534,73.4244#28.09#41.41#30.5
-154.337,73.4287#27.66#41.38#30.96
-154.141,73.4329#27.23#41.35#31.42
-153.944,73.4368#26.88#41.31#31.81
-153.747,73.4406#26.72#41.29#31.99
-153.551,73.4442#26.56#41.26#32.18
-153.354,73.4476#26.48#41.24#32.28
-153.157,73.4508#26.42#41.22#32.36
-152.96,73.4537#26.37#41.2#32.43
-152.763,73.4566#26.35#41.17#32.48
-152.566,73.4592#26.32#41.14#32.54
-152.368,73.4616#26.31#41.16#32.53
-152.171,73.4638#26.31#41.21#32.48
-151.974,73.4658#26.3#41.23#32.47
-151.776,73.4677#26.3#41.11#32.59
-151.579,73.4693#26.3#40.99#32.71
-151.382,73.4708#26.3#40.88#32.82
-151.184,73.472#26.3#40.77#32.93
-150.987,73.4731#26.3#40.67#33.03
-150.789,73.474#26.31#40.56#33.13
-150.591,73.4746#26.31#40.45#33.24
-150.394,73.4751#26.31#40.35#33.34
-150.196,73.4754#26.32#40.26#33.42
-149.999,73.4755#26.32#40.17#33.51
-149.801,73.4754#26.32#40.08#33.6
-149.604,73.4751#26.33#40#33.67
-149.406,73.4746#26.33#39.91#33.76
-149.209,73.474#26.33#39.83#33.84
-149.011,73.4731#26.34#39.75#33.91
-148.813,73.472#26.34#39.67#33.99
-148.616,73.4708#26.35#39.59#34.06
-148.419,73.4693#26.35#39.52#34.13
-148.221,73.4677#26.35#39.44#34.21
-148.024,73.4658#26.36#39.37#34.27
-147.826,73.4638#26.36#39.3#34.34
-147.629,73.4616#26.36#39.22#34.42
-147.432,73.4591#26.37#39.15#34.48
-147.235,73.4565#26.37#39.09#34.54
-147.038,73.4537#26.37#39.02#34.61
-146.841,73.4507#26.38#38.97#34.65
-146.644,73.4475#26.38#38.93#34.69
-146.447,73.4441#26.39#38.88#34.73
-146.25,73.4406#26.39#38.84#34.77
-146.053,73.4368#26.39#38.8#34.81
-145.857,73.4328#26.4#38.76#34.84
-145.66,73.4287#26.4#38.73#34.87
-145.464,73.4243#26.41#38.7#34.89
-145.268,73.4198#26.41#38.66#34.93
-145.072,73.415#26.42#38.62#34.96
-144.875,73.4101#26.42#38.58#35
-144.68,73.405#26.43#38.55#35.02
-144.484,73.3997#26.43#38.51#35.06
-144.288,73.3942#26.43#38.48#35.09
-144.092,73.3885#26.44#38.44#35.12
-143.897,73.3826#26.44#38.4#35.16
-143.702,73.3766#26.45#38.37#35.18
-143.507,73.3703#26.45#38.33#35.22
-143.312,73.3639#26.46#38.31#35.23
-143.117,73.3572#26.47#38.3#35.23
-142.922,73.3504#26.48#38.27#35.25
-142.728,73.3434#26.51#38.24#35.25
-142.533,73.3362#26.53#38.2#35.27
-142.339,73.3288#26.68#38.15#35.17
-142.145,73.3212#26.85#38.09#35.06
-141.951,73.3134#27.06#38.03#34.91
-141.758,73.3055#27.39#37.97#34.64
-141.564,73.2973#27.71#37.91#34.38
-141.371,73.289#28.14#37.86#34
-141.178,73.2805#28.63#37.81#33.56
-140.985,73.2718#29.12#37.76#33.12
-140.793,73.2629#29.53#37.71#32.76
-140.6,73.2538#29.94#37.66#32.4
-140.408,73.2445#30.16#37.61#32.23
-140.216,73.2351#30.18#37.56#32.26
-140.024,73.2254#30.19#37.52#32.29
-139.833,73.2156#30.03#37.48#32.49
-139.642,73.2056#29.84#37.44#32.72
-139.45,73.1954#29.6#37.39#33.01
-139.26,73.1851#29.22#37.31#33.47
-139.069,73.1745#28.83#37.24#33.93
-138.879,73.1638#28.5#37.13#34.37
-138.689,73.1528#28.21#36.99#34.8
-138.499,73.1417#27.93#36.85#35.22
-138.309,73.1304#27.82#36.57#35.61
-138.12,73.119#27.72#36.28#36
-137.931,73.1073#27.64#36.01#36.35
-137.742,73.0955#27.59#35.8#36.61
-137.553,73.0835#27.55#35.58#36.87
-137.365,73.0713#27.53#35.4#37.07
-137.177,73.0589#27.51#35.23#37.26
-136.989,73.0464#27.5#35.06#37.44
-136.802,73.0337#27.49#34.93#37.58
-136.615,73.0207#27.49#34.8#37.71
-136.428,73.0077#27.48#34.68#37.84
-136.242,72.9944#27.48#34.57#37.95
-136.055,72.981#27.48#34.46#38.06
-135.869,72.9674#27.48#34.36#38.16
-135.684,72.9536#27.48#34.27#38.25
-135.498,72.9396#27.49#34.17#38.34
-135.313,72.9255#27.49#33.91#38.6
-135.129,72.9111#27.49#33.65#38.86
-165.656,72.9064#27.98#32.88#39.14
-165.472,72.9214#27.83#32.92#39.25
-165.288,72.9363#27.73#32.97#39.3
-165.103,72.951#27.63#33.02#39.35
-164.918,72.9656#27.62#33.07#39.31
-164.733,72.9799#27.74#33.11#39.15
-164.547,72.9941#27.86#33.14#39
-164.361,73.0081#28#33.23#38.77
-164.175,73.0219#28.14#33.33#38.53
-163.989,73.0356#28.28#33.44#38.28
-163.802,73.0491#28.38#33.62#38
-163.615,73.0624#28.48#33.8#37.72
-163.427,73.0755#28.57#34#37.43
-163.24,73.0885#28.65#34.21#37.14
-163.052,73.1012#28.73#34.42#36.85
-162.863,73.1138#28.79#34.59#36.62
