-152.221,56.9009#28.84#28.84#42.32
-152.124,56.9029#28.94#28.87#42.19
-152.028,56.9048#29.04#28.91#42.05
-151.931,56.9066#29.09#28.95#41.96
-151.835,56.9083#29.11#29#41.89
-151.738,56.91#29.14#29.05#41.81
-151.642,56.9115#29.16#29.1#41.74
-151.545,56.913#29.19#29.15#41.66
-151.448,56.9144#29.2#29.2#41.6
-151.352,56.9157#29.2#29.25#41.55
-151.255,56.9169#29.2#29.31#41.49
-151.159,56.918#29.19#29.36#41.45
-151.062,56.919#29.19#29.41#41.4
-150.966,56.9199#29.18#29.46#41.36
-150.869,56.9208#29.16#29.5#41.34
-150.772,56.9215#29.14#29.55#41.31
-150.676,56.9222#29.13#29.59#41.28
-150.579,56.9228#29.11#29.63#41.26
-150.482,56.9233#29.08#29.68#41.24
-150.386,56.9237#29.03#29.74#41.23
-150.289,56.924#28.98#29.8#41.22
-150.193,56.9242#28.93#29.85#41.22
-150.096,56.9243#28.88#29.91#41.21
-149.999,56.9244#28.83#29.97#41.2
-149.903,56.9243#28.72#30.03#41.25
-149.806,56.9242#28.6#30.09#41.31
-149.71,56.924#28.48#30.16#41.36
-149.613,56.9237#28.36#30.22#41.42
-149.516,56.9233#28.24#30.28#41.48
-149.42,56.9228#28.08#30.33#41.59
-149.323,56.9222#27.91#30.39#41.7
-149.226,56.9215#27.74#30.44#41.82
-149.13,56.9208#27.57#30.5#41.93
-149.033,56.9199#27.41#30.55#42.04
-148.937,56.919#27.26#30.6#42.14
-148.84,56.918#27.13#30.64#42.23
-148.744,56.9169#27#30.69#42.31
-148.647,56.9157#26.87#30.73#42.4
-148.55,56.9144#26.74#30.78#42.48
-148.454,56.913#26.65#30.81#42.54
-148.357,56.9115#26.6#30.83#42.57
-148.261,56.91#26.54#30.85#42.61
-148.164,56.9083#26.49#30.87#42.64
-148.068,56.9066#26.43#30.89#42.68
-147.971,56.9048#26.38#30.91#42.71
-147.875,56.9029#26.35#30.9#42.75
-147.778,56.9009#26.32#30.9#42.78
-153.961,56.9024#28.97#28.65#42.38
-153.865,56.906#28.8#28.66#42.54
-153.769,56.9095#28.63#28.66#42.71
-153.672,56.9129#28.46#28.67#42.87
-153.576,56.9162#28.3#28.67#43.03
-153.479,56.9195#28.16#28.67#43.17
-153.383,56.9226#28.15#28.68#43.17
-153.287,56.9257#28.14#28.68#43.18
-153.19,56.9287#28.13#28.69#43.18
-153.094,56.9316#28.12#28.69#43.19
-152.997,56.9344#28.11#28.69#43.2
-152.9,56.9371#28.22#28.71#43.07
-152.804,56.9397#28.32#28.72#42.96
-152.707,56.9422#28.43#28.73#42.84
-152.611,56.9447#28.53#28.75#42.72
-152.514,56.947#28.63#28.76#42.61
-152.418,56.9493#28.73#28.79#42.48
-152.321,56.9515#28.82#28.83#42.35
-152.224,56.9536#28.9#28.86#42.24
-152.128,56.9556#28.99#28.9#42.11
-152.031,56.9575#29.08#28.93#41.99
-151.934,56.9593#29.12#28.98#41.9
-151.838,56.9611#29.14#29.03#41.83
-151.741,56.9627#29.16#29.08#41.76
-151.644,56.9643#29.18#29.13#41.69
-151.548,56.9657#29.2#29.18#41.62
-151.451,56.9671#29.2#29.23#41.57
-151.354,56.9684#29.2#29.27#41.53
-151.257,56.9696#29.19#29.32#41.49
-151.161,56.9707#29.18#29.36#41.46
-151.064,56.9717#29.18#29.41#41.41
-150.967,56.9727#29.17#29.45#41.38
-150.87,56.9735#29.15#29.5#41.35
-150.774,56.9743#29.13#29.54#41.33
-150.677,56.9749#29.11#29.58#41.31
-150.58,56.9755#29.09#29.62#41.29
-150.483,56.976#29.06#29.67#41.27
-150.387,56.9764#29.01#29.72#41.27
-150.29,56.9767#28.95#29.78#41.27
-150.193,56.9769#28.89#29.83#41.28
-150.096,56.9771#28.84#29.88#41.28
-149.999,56.9771#28.78#29.94#41.28
-149.903,56.9771#28.65#30#41.35
-149.806,56.9769#28.53#30.06#41.41
-149.709,56.9767#28.4#30.13#41.47
-149.612,56.9764#28.28#30.19#41.53
-149.515,56.976#28.15#30.25#41.6
-149.419,56.9755#27.99#30.31#41.7
-149.322,56.9749#27.81#30.36#41.83
-149.225,56.9743#27.64#30.41#41.95
-149.128,56.9735#27.47#30.47#42.06
-149.032,56.9727#27.3#30.52#42.18
-148.935,56.9717#27.16#30.57#42.27
-148.838,56.9707#27.05#30.62#42.33
-148.741,56.9696#26.93#30.66#42.41
-148.645,56.9684#26.81#30.71#42.48
-148.548,56.9671#26.7#30.76#42.54
-148.451,56.9657#26.61#30.79#42.6
-148.354,56.9642#26.56#30.81#42.63
-148.258,56.9627#26.51#30.83#42.66
-148.161,56.961#26.46#30.85#42.69
-148.064,56.9593#26.4#30.88#42.72
-147.968,56.9575#26.36#30.89#42.75
-147.871,56.9556#26.33#30.88#42.79
-147.774,56.9535#26.3#30.88#42.82
-147.678,56.9515#26.27#30.87#42.86
-147.581,56.9493#26.25#30.86#42.89
-147.485,56.947#26.22#30.86#42.92
-147.388,56.9446#26.21#30.84#42.95
-147.291,56.9422#26.19#30.82#42.99
-147.195,56.9397#26.18#30.81#43.01
-147.098,56.937#26.16#30.79#43.05
-147.002,56.9343#26.15#30.77#43.08
-146.905,56.9315#26.14#30.75#43.11
-146.809,56.9286#26.13#30.73#43.14
-146.712,56.9256#26.13#30.71#43.16
-146.616,56.9226#26.12#30.69#43.19
-146.519,56.9194#26.11#30.66#43.23
-146.423,56.9162#26.11#30.64#43.25
-146.327,56.9128#26.1#30.62#43.28
-146.23,56.9094#26.1#30.6#43.3
-146.134,56.9059#26.1#30.57#43.33
-146.038,56.9023#26.09#30.55#43.36
-155.22,56.9001#32.31#28.61#39.08
-155.124,56.9048#32.1#28.61#39.29
-155.028,56.9095#31.9#28.62#39.48
-154.932,56.914#31.64#28.62#39.74
-154.835,56.9185#31.37#28.62#40.01
-154.739,56.9229#31.1#28.63#40.27
-154.643,56.9272#30.84#28.63#40.53
-154.546,56.9315#30.57#28.63#40.8
-154.45,56.9356#30.31#28.64#41.05
-154.354,56.9397#30.05#28.64#41.31
-154.257,56.9436#29.8#28.65#41.55
-154.161,56.9475#29.55#28.65#41.8
-154.064,56.9513#29.3#28.65#42.05
-153.968,56.955#29.07#28.66#42.27
-153.871,56.9586#28.91#28.66#42.43
-153.775,56.9621#28.75#28.67#42.58
-153.678,56.9655#28.58#28.67#42.75
-153.582,56.9689#28.42#28.67#42.91
-153.485,56.9721#28.28#28.68#43.04
-153.389,56.9753#28.27#28.68#43.05
-153.292,56.9783#28.26#28.68#43.06
-153.195,56.9813#28.26#28.69#43.05
-153.099,56.9842#28.25#28.69#43.06
-153.002,56.987#28.24#28.7#43.06
-152.905,56.9897#28.34#28.71#42.95
-152.809,56.9924#28.44#28.73#42.83
-152.712,56.9949#28.54#28.74#42.72
-152.615,56.9974#28.64#28.76#42.6
-152.518,56.9997#28.74#28.77#42.49
-152.422,57.002#28.82#28.81#42.37
-152.325,57.0042#28.9#28.84#42.26
-152.228,57.0063#28.97#28.88#42.15
-152.131,57.0083#29.04#28.92#42.04
-152.034,57.0102#29.11#28.95#41.94
-151.938,57.012#29.15#29#41.85
-151.841,57.0138#29.16#29.05#41.79
-151.744,57.0154#29.18#29.1#41.72
-151.647,57.017#29.19#29.15#41.66
-151.55,57.0185#29.21#29.2#41.59
-151.453,57.0198#29.21#29.25#41.54
-151.356,57.0211#29.2#29.29#41.51
-151.26,57.0223#29.19#29.33#41.48
-151.163,57.0235#29.18#29.37#41.45
-151.066,57.0245#29.17#29.41#41.42
-150.969,57.0254#29.15#29.45#41.4
-150.872,57.0263#29.13#29.49#41.38
-150.775,57.027#29.11#29.53#41.36
-150.678,57.0277#29.09#29.57#41.34
-150.581,57.0283#29.07#29.61#41.32
-150.484,57.0288#29.04#29.66#41.3
-150.387,57.0292#28.98#29.71#41.31
-150.29,57.0295#28.92#29.75#41.33
-150.193,57.0297#28.85#29.8#41.35
-150.096,57.0298#28.79#29.85#41.36
-149.999,57.0299#28.73#29.9#41.37
-149.902,57.0298#28.59#29.97#41.44
-149.805,57.0297#28.46#30.03#41.51
-149.709,57.0295#28.32#30.1#41.58
-149.612,57.0292#28.19#30.16#41.65
-149.515,57.0288#28.06#30.23#41.71
-149.418,57.0283#27.89#30.28#41.83
-149.321,57.0277#27.71#30.33#41.96
-149.224,57.027#27.54#30.39#42.07
-149.127,57.0263#27.36#30.44#42.2
-149.03,57.0254#27.19#30.49#42.32
-148.933,57.0245#27.06#30.55#42.39
-148.836,57.0234#26.96#30.59#42.45
-148.739,57.0223#26.86#30.64#42.5
-148.642,57.0211#26.75#30.69#42.56
-148.545,57.0198#26.65#30.74#42.61
-148.449,57.0184#26.57#30.77#42.66
-148.352,57.017#26.52#30.79#42.69
-148.255,57.0154#26.48#30.82#42.7
-148.158,57.0138#26.43#30.84#42.73
-148.061,57.012#26.38#30.86#42.76
-147.964,57.0102#26.34#30.87#42.79
-147.867,57.0083#26.31#30.86#42.83
-147.771,57.0063#26.28#30.85#42.87
-147.674,57.0042#26.26#30.85#42.89
-147.577,57.002#26.23#30.84#42.93
-147.48,56.9997#26.21#30.83#42.96
-147.384,56.9973#26.2#30.81#42.99
-147.287,56.9949#26.18#30.8#43.02
-147.19,56.9923#26.17#30.78#43.05
-147.093,56.9897#26.16#30.76#43.08
-146.997,56.987#26.14#30.75#43.11
-146.9,56.9842#26.14#30.73#43.13
-146.803,56.9813#26.13#30.72#43.15
-146.707,56.9783#26.12#30.71#43.17
-146.61,56.9752#26.12#30.69#43.19
-146.514,56.9721#26.11#30.68#43.21
-146.417,56.9688#26.1#30.66#43.24
-146.32,56.9655#26.1#30.64#43.26
-146.224,56.962#26.1#30.62#43.28
-146.127,56.9585#26.09#30.61#43.3
-146.031,56.9549#26.09#30.59#43.32
-145.934,56.9512#26.09#30.57#43.34
-145.838,56.9474#26.09#30.55#43.36
-145.741,56.9436#26.08#30.52#43.4
-145.645,56.9396#26.08#30.5#43.42
-145.549,56.9356#26.08#30.48#43.44
-145.452,56.9314#26.08#30.48#43.44
-145.356,56.9272#26.08#30.53#43.39
-145.26,56.9229#26.08#30.57#43.35
-145.163,56.9185#26.08#30.62#43.3
-145.067,56.914#26.08#30.66#43.26
-144.971,56.9094#26.08#30.72#43.2
-144.875,56.9047#26.07#30.81#43.12
-144.779,56.9#26.07#30.89#43.04
-156.19,56.9001#34.66#28.57#36.77
-156.094,56.9057#34.43#28.58#36.99
-155.998,56.9113#34.21#28.58#37.21
-155.902,56.9168#33.97#28.58#37.45
-155.806,56.9221#33.74#28.59#37.67
-155.71,56.9274#33.5#28.59#37.91
-155.614,56.9326#33.26#28.6#38.14
-155.518,56.9377#33.02#28.6#38.38
-155.422,56.9428#32.81#28.6#38.59
-155.325,56.9477#32.6#28.61#38.79
-155.229,56.9526#32.39#28.61#39
-155.133,56.9573#32.19#28.61#39.2
-155.036,56.962#31.98#28.62#39.4
-154.94,56.9666#31.73#28.62#39.65
-154.844,56.9711#31.47#28.63#39.9
-154.747,56.9755#31.2#28.63#40.17
-154.651,56.9798#30.94#28.63#40.43
-154.554,56.984#30.67#28.64#40.69
-154.458,56.9882#30.41#28.64#40.95
-154.361,56.9922#30.16#28.65#41.19
-154.265,56.9962#29.91#28.65#41.44
-154.168,57.0001#29.66#28.65#41.69
-154.071,57.0039#29.41#28.66#41.93
-153.975,57.0076#29.18#28.66#42.16
-153.878,57.0112#29.02#28.66#42.32
-153.781,57.0147#28.86#28.67#42.47
-153.685,57.0182#28.7#28.67#42.63
-153.588,57.0215#28.54#28.68#42.78
-153.491,57.0248#28.4#28.68#42.92
-153.394,57.0279#28.39#28.68#42.93
-153.298,57.031#28.39#28.69#42.92
-153.201,57.034#28.38#28.69#42.93
-153.104,57.0369#28.38#28.7#42.92
-153.007,57.0397#28.37#28.7#42.93
-152.91,57.0424#28.47#28.72#42.81
-152.813,57.0451#28.56#28.73#42.71
-152.717,57.0476#28.66#28.75#42.59
-152.62,57.0501#28.76#28.77#42.47
-152.523,57.0524#28.85#28.79#42.36
-152.426,57.0547#28.92#28.82#42.26
-152.329,57.0569#28.98#28.86#42.16
-152.232,57.059#29.04#28.9#42.06
-152.135,57.061#29.1#28.94#41.96
-152.038,57.0629#29.15#28.98#41.87
-151.941,57.0648#29.18#29.02#41.8
-151.844,57.0665#29.19#29.07#41.74
-151.747,57.0682#29.2#29.13#41.67
-151.65,57.0697#29.21#29.18#41.61
-151.553,57.0712#29.22#29.23#41.55
-151.456,57.0726#29.21#29.27#41.52
-151.359,57.0739#29.2#29.31#41.49
-151.262,57.0751#29.19#29.34#41.47
-151.165,57.0762#29.17#29.38#41.45
-151.068,57.0772#29.16#29.41#41.43
-150.97,57.0782#29.14#29.45#41.41
-150.873,57.079#29.12#29.49#41.39
-150.776,57.0798#29.1#29.53#41.37
-150.679,57.0804#29.08#29.56#41.36
-150.582,57.081#29.05#29.6#41.35
-150.485,57.0815#29.02#29.64#41.34
-150.388,57.0819#28.95#29.69#41.36
-150.291,57.0822#28.88#29.73#41.39
-150.194,57.0825#28.81#29.78#41.41
-150.097,57.0826#28.74#29.82#41.44
-149.999,57.0826#28.67#29.87#41.46
-149.902,57.0826#28.53#29.93#41.54
-149.805,57.0825#28.39#30#41.61
-149.708,57.0822#28.25#30.07#41.68
-149.611,57.0819#28.1#30.13#41.77
-149.514,57.0815#27.96#30.2#41.84
-149.417,57.081#27.79#30.25#41.96
-149.32,57.0804#27.61#30.31#42.08
-149.223,57.0798#27.44#30.36#42.2
-149.125,57.079#27.26#30.41#42.33
-149.028,57.0782#27.08#30.47#42.45
-148.931,57.0772#26.97#30.52#42.51
-148.834,57.0762#26.87#30.57#42.56
-148.737,57.0751#26.78#30.62#42.6
-148.64,57.0739#26.69#30.67#42.64
-148.543,57.0726#26.6#30.72#42.68
-148.446,57.0712#26.53#30.76#42.71
-148.349,57.0697#26.49#30.78#42.73
-148.252,57.0681#26.44#30.8#42.76
-148.155,57.0665#26.4#30.82#42.78
-148.058,57.0647#26.35#30.84#42.81
-147.961,57.0629#26.31#30.85#42.84
-147.864,57.061#26.29#30.84#42.87
-147.767,57.059#26.27#30.83#42.9
-147.67,57.0569#26.24#30.82#42.94
-147.573,57.0547#26.22#30.81#42.97
-147.476,57.0524#26.2#30.8#43
-147.379,57.05#26.18#30.79#43.03
-147.282,57.0476#26.17#30.77#43.06
-147.185,57.045#26.16#30.76#43.08
-147.088,57.0424#26.15#30.74#43.11
-146.992,57.0397#26.14#30.72#43.14
-146.895,57.0369#26.13#30.72#43.15
-146.798,57.034#26.12#30.71#43.17
-146.701,57.031#26.12#30.71#43.17
-146.604,57.0279#26.11#30.7#43.19
-146.508,57.0247#26.11#30.69#43.2
-146.411,57.0215#26.1#30.68#43.22
-146.314,57.0181#26.1#30.67#43.23
-146.217,57.0147#26.1#30.65#43.25
-146.121,57.0111#26.09#30.64#43.27
-146.024,57.0075#26.09#30.62#43.29
-145.927,57.0038#26.09#30.61#43.3
-145.831,57#26.09#30.59#43.32
-145.734,56.9962#26.08#30.58#43.34
-145.638,56.9922#26.08#30.56#43.36
-145.541,56.9881#26.08#30.54#43.38
-145.445,56.984#26.08#30.56#43.36
-145.348,56.9798#26.08#30.6#43.32
-145.252,56.9754#26.08#30.65#43.27
-145.155,56.971#26.08#30.69#43.23
-145.059,56.9665#26.08#30.74#43.18
-144.962,56.9619#26.07#30.8#43.13
-144.866,56.9573#26.07#30.88#43.05
-144.77,56.9525#26.07#30.97#42.96
-144.674,56.9477#26.07#31.05#42.88
-144.577,56.9427#26.07#31.14#42.79
-144.481,56.9377#26.07#31.23#42.7
-144.385,56.9326#26.07#31.3#42.63
-144.289,56.9274#26.07#31.38#42.55
-144.193,56.9221#26.07#31.46#42.47
-144.096,56.9167#26.07#31.54#42.39
-144,56.9112#26.07#31.62#42.31
-143.904,56.9057#26.07#31.7#42.23
-143.808,56.9#26.07#31.77#42.16
-156.969,56.9041#36.75#28.55#34.7
-156.873,56.9105#36.49#28.55#34.96
-156.777,56.9168#36.23#28.55#35.22
-156.681,56.9229#35.97#28.56#35.47
-156.585,56.929#35.71#28.56#35.73
-156.489,56.935#35.45#28.56#35.99
-156.393,56.941#35.22#28.57#36.21
-156.297,56.9468#35#28.57#36.43
-156.201,56.9525#34.77#28.58#36.65
-156.105,56.9582#34.55#28.58#36.87
-156.009,56.9637#34.32#28.58#37.1
-155.912,56.9692#34.08#28.59#37.33
-155.816,56.9746#33.84#28.59#37.57
-155.72,56.9799#33.6#28.59#37.81
-155.623,56.9851#33.36#28.6#38.04
-155.527,56.9902#33.11#28.6#38.29
-155.431,56.9953#32.9#28.61#38.49
-155.334,57.0002#32.69#28.61#38.7
-155.238,57.0051#32.48#28.61#38.91
-155.141,57.0099#32.27#28.62#39.11
-155.045,57.0145#32.06#28.62#39.32
-154.948,57.0191#31.83#28.62#39.55
-154.852,57.0236#31.56#28.63#39.81
-154.755,57.0281#31.3#28.63#40.07
-154.658,57.0324#31.04#28.64#40.32
-154.562,57.0366#30.77#28.64#40.59
-154.465,57.0408#30.52#28.64#40.84
-154.368,57.0448#30.27#28.65#41.08
-154.272,57.0488#30.02#28.65#41.33
-154.175,57.0527#29.77#28.66#41.57
-154.078,57.0565#29.52#28.66#41.82
-153.981,57.0602#29.29#28.66#42.05
-153.885,57.0638#29.13#28.67#42.2
-153.788,57.0674#28.97#28.67#42.36
-153.691,57.0708#28.82#28.68#42.5
-153.594,57.0742#28.66#28.68#42.66
-153.497,57.0774#28.51#28.68#42.81
-153.4,57.0806#28.51#28.69#42.8
-153.303,57.0837#28.51#28.69#42.8
-153.206,57.0867#28.51#28.7#42.79
-153.109,57.0896#28.51#28.7#42.79
-153.012,57.0924#28.51#28.7#42.79
-152.915,57.0951#28.59#28.72#42.69
-152.818,57.0978#28.68#28.74#42.58
-152.721,57.1003#28.78#28.76#42.46
-152.624,57.1028#28.87#28.78#42.35
-152.527,57.1052#28.96#28.8#42.24
-152.43,57.1074#29.02#28.83#42.15
-152.333,57.1096#29.07#28.87#42.06
-152.236,57.1117#29.11#28.92#41.97
-152.139,57.1137#29.15#28.96#41.89
-152.041,57.1157#29.19#29#41.81
-151.944,57.1175#29.21#29.05#41.74
-151.847,57.1193#29.21#29.1#41.69
-151.75,57.1209#29.22#29.15#41.63
-151.653,57.1225#29.22#29.2#41.58
-151.555,57.124#29.23#29.25#41.52
-151.458,57.1253#29.22#29.3#41.48
-151.361,57.1266#29.2#29.32#41.48
-151.264,57.1279#29.18#29.35#41.47
-151.167,57.129#29.16#29.38#41.46
-151.069,57.13#29.15#29.41#41.44
-150.972,57.1309#29.13#29.44#41.43
-150.875,57.1318#29.1#29.48#41.42
-150.778,57.1326#29.08#29.52#41.4
-150.68,57.1332#29.06#29.56#41.38
-150.583,57.1338#29.04#29.59#41.37
-150.486,57.1343#29.01#29.63#41.36
-150.389,57.1347#28.93#29.67#41.4
-150.291,57.135#28.85#29.71#41.44
-150.194,57.1352#28.77#29.75#41.48
-150.097,57.1354#28.7#29.79#41.51
-149.999,57.1354#28.62#29.83#41.55
-149.902,57.1354#28.47#29.9#41.63
-149.805,57.1352#28.32#29.97#41.71
-149.708,57.135#28.17#30.04#41.79
-149.61,57.1347#28.02#30.1#41.88
-149.513,57.1343#27.87#30.17#41.96
-149.416,57.1338#27.69#30.23#42.08
-149.318,57.1332#27.51#30.28#42.21
-149.221,57.1325#27.33#30.33#42.34
-149.124,57.1318#27.15#30.39#42.46
-149.027,57.1309#26.97#30.44#42.59
-148.929,57.13#26.87#30.49#42.64
-148.832,57.129#26.79#30.55#42.66
-148.735,57.1278#26.71#30.6#42.69
-148.638,57.1266#26.63#30.65#42.72
-148.541,57.1253#26.55#30.7#42.75
-148.443,57.1239#26.5#30.74#42.76
-148.346,57.1225#26.45#30.76#42.79
-148.249,57.1209#26.41#30.78#42.81
-148.152,57.1192#26.37#30.8#42.83
-148.055,57.1175#26.32#30.82#42.86
-147.957,57.1156#26.29#30.83#42.88
-147.86,57.1137#26.27#30.82#42.91
-147.763,57.1117#26.25#30.81#42.94
-147.666,57.1096#26.23#30.8#42.97
-147.569,57.1074#26.2#30.79#43.01
-147.472,57.1051#26.19#30.78#43.03
-147.375,57.1028#26.17#30.76#43.07
-147.278,57.1003#26.16#30.75#43.09
-147.181,57.0977#26.15#30.73#43.12
-147.084,57.0951#26.14#30.72#43.14
-146.987,57.0924#26.13#30.7#43.17
-146.89,57.0895#26.13#30.71#43.16
-146.793,57.0866#26.12#30.71#43.17
-146.696,57.0836#26.11#30.71#43.18
-146.599,57.0806#26.11#30.71#43.18
-146.502,57.0774#26.1#30.71#43.19
-146.405,57.0741#26.1#30.7#43.2
-146.308,57.0708#26.1#30.69#43.21
-146.211,57.0673#26.09#30.68#43.23
-146.114,57.0638#26.09#30.67#43.24
-146.017,57.0602#26.09#30.66#43.25
-145.921,57.0565#26.09#30.65#43.26
-145.824,57.0527#26.08#30.64#43.28
-145.727,57.0488#26.08#30.63#43.29
-145.63,57.0448#26.08#30.62#43.3
-145.534,57.0407#26.08#30.61#43.31
-145.437,57.0366#26.08#30.63#43.29
-145.34,57.0323#26.08#30.68#43.24
-145.244,57.028#26.08#30.72#43.2
-145.147,57.0236#26.08#30.77#43.15
-145.051,57.0191#26.07#30.81#43.12
-144.954,57.0145#26.07#30.87#43.06
-144.857,57.0098#26.07#30.96#42.97
-144.761,57.005#26.07#31.04#42.89
-144.665,57.0002#26.07#31.12#42.81
-144.568,56.9952#26.07#31.21#42.72
-144.472,56.9902#26.07#31.29#42.64
-144.375,56.9851#26.07#31.37#42.56
-144.279,56.9798#26.07#31.45#42.48
-144.183,56.9745#26.07#31.53#42.4
-144.086,56.9691#26.07#31.61#42.32
-143.99,56.9637#26.07#31.68#42.25
-143.894,56.9581#26.07#31.76#42.17
-143.798,56.9525#26.07#31.83#42.1
-143.702,56.9467#26.07#31.9#42.03
-143.606,56.9409#26.07#31.98#41.95
-143.51,56.935#26.07#32.05#41.88
-143.414,56.929#26.07#32.12#41.81
-143.318,56.9229#26.07#32.19#41.74
-143.222,56.9167#26.07#32.26#41.67
-143.126,56.9104#26.07#32.33#41.6
-143.03,56.9041#26.07#32.4#41.53
-157.747,56.9024#39.41#28.52#32.07
-157.652,56.9095#39.04#28.52#32.44
-157.556,56.9165#38.66#28.53#32.81
-157.46,56.9233#38.31#28.53#33.16
-157.364,56.9301#38.02#28.53#33.45
-157.268,56.9369#37.73#28.54#33.73
-157.173,56.9435#37.44#28.54#34.02
-157.077,56.95#37.16#28.55#34.29
-156.981,56.9565#36.87#28.55#34.58
-156.885,56.9629#36.61#28.55#34.84
-156.789,56.9691#36.35#28.56#35.09
-156.692,56.9753#36.09#28.56#35.35
-156.596,56.9814#35.83#28.56#35.61
-156.5,56.9874#35.57#28.57#35.86
-156.404,56.9934#35.34#28.57#36.09
-156.308,56.9992#35.12#28.58#36.3
-156.211,57.005#34.89#28.58#36.53
-156.115,57.0106#34.66#28.58#36.76
-156.019,57.0162#34.43#28.59#36.98
-155.922,57.0217#34.19#28.59#37.22
-155.826,57.0271#33.94#28.59#37.47
-155.729,57.0324#33.7#28.6#37.7
-155.633,57.0376#33.45#28.6#37.95
-155.536,57.0428#33.21#28.61#38.18
-155.44,57.0478#32.99#28.61#38.4
-155.343,57.0528#32.78#28.61#38.61
-155.247,57.0576#32.57#28.62#38.81
-155.15,57.0624#32.36#28.62#39.02
-155.053,57.0671#32.15#28.62#39.23
-154.957,57.0717#31.92#28.63#39.45
-154.86,57.0762#31.65#28.63#39.72
-154.763,57.0806#31.39#28.64#39.97
-154.666,57.085#31.13#28.64#40.23
-154.57,57.0892#30.88#28.64#40.48
-154.473,57.0934#30.62#28.65#40.73
-154.376,57.0975#30.37#28.65#40.98
-154.279,57.1014#30.12#28.66#41.22
-154.182,57.1053#29.87#28.66#41.47
-154.085,57.1091#29.63#28.66#41.71
-153.988,57.1129#29.39#28.67#41.94
-153.891,57.1165#29.24#28.67#42.09
-153.794,57.12#29.09#28.67#42.24
-153.697,57.1235#28.93#28.68#42.39
-153.6,57.1268#28.78#28.68#42.54
-153.503,57.1301#28.63#28.69#42.68
-153.406,57.1333#28.63#28.69#42.68
-153.309,57.1364#28.63#28.69#42.68
-153.212,57.1394#28.63#28.7#42.67
-153.115,57.1423#28.64#28.7#42.66
-153.017,57.1451#28.64#28.71#42.65
-152.92,57.1478#28.71#28.72#42.57
-152.823,57.1505#28.8#28.75#42.45
-152.726,57.153#28.89#28.77#42.34
-152.629,57.1555#28.98#28.79#42.23
-152.531,57.1579#29.07#28.81#42.12
-152.434,57.1602#29.12#28.85#42.03
-152.337,57.1624#29.15#28.89#41.96
-152.239,57.1645#29.18#28.93#41.89
-152.142,57.1665#29.21#28.98#41.81
-152.045,57.1684#29.23#29.02#41.75
-151.948,57.1703#29.24#29.07#41.69
-151.85,57.172#29.24#29.12#41.64
-151.753,57.1737#29.24#29.17#41.59
-151.655,57.1752#29.24#29.23#41.53
-151.558,57.1767#29.24#29.28#41.48
-151.461,57.1781#29.22#29.32#41.46
-151.363,57.1794#29.2#29.34#41.46
-151.266,57.1806#29.18#29.37#41.45
-151.169,57.1818#29.16#29.39#41.45
-151.071,57.1828#29.14#29.41#41.45
-150.974,57.1837#29.11#29.44#41.45
-150.876,57.1846#29.09#29.47#41.44
-150.779,57.1853#29.06#29.51#41.43
-150.681,57.186#29.04#29.55#41.41
-150.584,57.1866#29.02#29.58#41.4
-150.487,57.1871#28.98#29.62#41.4
-150.389,57.1875#28.9#29.66#41.44
-150.292,57.1878#28.81#29.69#41.5
-150.194,57.188#28.73#29.73#41.54
-150.097,57.1882#28.65#29.77#41.58
-149.999,57.1882#28.56#29.8#41.64
-149.902,57.1882#28.4#29.87#41.73
-149.805,57.188#28.25#29.94#41.81
-149.707,57.1878#28.09#30.01#41.9
-149.61,57.1875#27.93#30.07#42
-149.512,57.1871#27.77#30.14#42.09
-149.415,57.1866#27.59#30.2#42.21
-149.317,57.186#27.41#30.25#42.34
-149.22,57.1853#27.23#30.31#42.46
-149.122,57.1846#27.05#30.36#42.59
-149.025,57.1837#26.87#30.41#42.72
-148.928,57.1828#26.77#30.47#42.76
-148.83,57.1817#26.7#30.52#42.78
-148.733,57.1806#26.64#30.58#42.78
-148.635,57.1794#26.57#30.63#42.8
-148.538,57.1781#26.51#30.68#42.81
-148.441,57.1767#26.46#30.72#42.82
-148.343,57.1752#26.42#30.74#42.84
-148.246,57.1737#26.38#30.76#42.86
-148.149,57.172#26.34#30.78#42.88
-148.051,57.1702#26.3#30.8#42.9
-147.954,57.1684#26.27#30.81#42.92
-147.857,57.1665#26.25#30.8#42.95
-147.759,57.1645#26.23#30.78#42.99
-147.662,57.1623#26.21#30.77#43.02
-147.565,57.1601#26.19#30.76#43.05
-147.467,57.1579#26.17#30.75#43.08
-147.37,57.1555#26.16#30.73#43.11
-147.273,57.153#26.15#30.72#43.13
-147.176,57.1505#26.14#30.71#43.15
-147.079,57.1478#26.13#30.69#43.18
-146.981,57.1451#26.12#30.68#43.2
-146.884,57.1423#26.12#30.69#43.19
-146.787,57.1393#26.11#30.7#43.19
-146.69,57.1363#26.11#30.71#43.18
-146.593,57.1332#26.1#30.72#43.18
-146.496,57.1301#26.1#30.72#43.18
-146.399,57.1268#26.1#30.72#43.18
-146.302,57.1234#26.09#30.72#43.19
-146.205,57.12#26.09#30.71#43.2
-146.108,57.1164#26.09#30.71#43.2
-146.011,57.1128#26.09#30.7#43.21
-145.914,57.1091#26.08#30.7#43.22
-145.817,57.1053#26.08#30.69#43.23
-145.72,57.1014#26.08#30.69#43.23
-145.623,57.0974#26.08#30.68#43.24
-145.526,57.0933#26.08#30.68#43.24
-145.429,57.0892#26.08#30.71#43.21
-145.332,57.0849#26.08#30.75#43.17
-145.236,57.0806#26.08#30.8#43.12
-145.139,57.0762#26.08#30.84#43.08
-145.042,57.0716#26.07#30.88#43.05
-144.945,57.067#26.07#30.95#42.98
-144.849,57.0623#26.07#31.03#42.9
-144.752,57.0576#26.07#31.11#42.82
-144.656,57.0527#26.07#31.19#42.74
-144.559,57.0477#26.07#31.28#42.65
-144.462,57.0427#26.07#31.36#42.57
-144.366,57.0376#26.07#31.43#42.5
-144.269,57.0323#26.07#31.51#42.42
-144.173,57.027#26.07#31.59#42.34
-144.076,57.0216#26.07#31.67#42.26
-143.98,57.0161#26.07#31.75#42.18
-143.884,57.0106#26.07#31.82#42.11
-143.787,57.0049#26.07#31.89#42.04
-143.691,56.9991#26.07#31.96#41.97
-143.595,56.9933#26.07#32.04#41.89
-143.499,56.9874#26.07#32.11#41.82
-143.402,56.9813#26.07#32.18#41.75
-143.306,56.9752#26.07#32.25#41.68
-143.21,56.9691#26.07#32.32#41.61
-143.114,56.9628#26.07#32.39#41.54
-143.018,56.9564#26.07#32.46#41.47
-142.922,56.9499#26.07#32.55#41.38
-142.826,56.9434#26.07#32.63#41.3
-142.73,56.9368#26.07#32.72#41.21
-142.634,56.9301#26.07#32.81#41.12
-142.539,56.9233#26.07#32.89#41.04
-142.443,56.9164#26.08#33#40.92
-142.347,56.9094#26.1#33.13#40.77
-142.251,56.9023#26.12#33.25#40.63
-158.43,56.9027#42.32#28.5#29.18
-158.335,56.9104#41.91#28.5#29.59
-158.239,56.918#41.51#28.51#29.98
-158.143,56.9255#41.11#28.51#30.38
-158.048,56.9329#40.71#28.51#30.78
-157.952,56.9402#40.32#28.52#31.16
-157.856,56.9475#39.94#28.52#31.54
-157.76,56.9547#39.56#28.52#31.92
-157.665,56.9617#39.18#28.53#32.29
-157.569,56.9687#38.8#28.53#32.67
-157.473,56.9756#38.44#28.53#33.03
-157.377,56.9824#38.15#28.54#33.31
-157.281,56.9892#37.86#28.54#33.6
-157.185,56.9958#37.57#28.54#33.89
-157.089,57.0024#37.28#28.55#34.17
-156.992,57.0088#37#28.55#34.45
-156.896,57.0152#36.74#28.56#34.7
-156.8,57.0215#36.48#28.56#34.96
-156.704,57.0277#36.22#28.56#35.22
-156.607,57.0338#35.96#28.57#35.47
-156.511,57.0399#35.7#28.57#35.73
-156.415,57.0458#35.46#28.57#35.97
-156.318,57.0516#35.23#28.58#36.19
-156.222,57.0574#35#28.58#36.42
-156.125,57.0631#34.77#28.59#36.64
-156.029,57.0687#34.54#28.59#36.87
-155.932,57.0742#34.3#28.59#37.11
-155.836,57.0796#34.05#28.6#37.35
-155.739,57.0849#33.8#28.6#37.6
-155.642,57.0901#33.55#28.6#37.85
-155.546,57.0953#33.3#28.61#38.09
-155.449,57.1003#33.07#28.61#38.32
-155.352,57.1053#32.86#28.62#38.52
-155.256,57.1102#32.65#28.62#38.73
-155.159,57.115#32.44#28.62#38.94
-155.062,57.1197#32.23#28.63#39.14
-154.965,57.1243#32#28.63#39.37
-154.868,57.1288#31.75#28.63#39.62
-154.771,57.1332#31.49#28.64#39.87
-154.674,57.1376#31.23#28.64#40.13
-154.577,57.1418#30.98#28.65#40.37
-154.48,57.146#30.72#28.65#40.63
-154.383,57.1501#30.48#28.65#40.87
-154.286,57.1541#30.23#28.66#41.11
-154.189,57.158#29.98#28.66#41.36
-154.092,57.1618#29.74#28.67#41.59
-153.995,57.1655#29.49#28.67#41.84
-153.898,57.1692#29.35#28.67#41.98
-153.801,57.1727#29.2#28.68#42.12
-153.703,57.1762#29.05#28.68#42.27
-153.606,57.1795#28.9#28.69#42.41
-153.509,57.1828#28.76#28.69#42.55
-153.412,57.186#28.75#28.69#42.56
-153.314,57.1891#28.75#28.7#42.55
-153.217,57.1921#28.76#28.7#42.54
-153.12,57.195#28.76#28.71#42.53
-153.023,57.1978#28.76#28.71#42.53
-152.925,57.2006#28.83#28.73#42.44
-152.828,57.2032#28.91#28.76#42.33
-152.73,57.2058#28.99#28.78#42.23
-152.633,57.2083#29.07#28.8#42.13
-152.536,57.2106#29.15#28.83#42.02
-152.438,57.2129#29.18#28.86#41.96
-152.341,57.2151#29.2#28.91#41.89
-152.243,57.2172#29.22#28.96#41.82
-152.146,57.2193#29.23#29#41.77
-152.048,57.2212#29.25#29.05#41.7
-151.951,57.223#29.25#29.09#41.66
-151.853,57.2248#29.25#29.14#41.61
-151.756,57.2265#29.24#29.19#41.57
-151.658,57.228#29.23#29.24#41.53
-151.561,57.2295#29.22#29.29#41.49
-151.463,57.2309#29.21#29.33#41.46
-151.366,57.2322#29.19#29.35#41.46
-151.268,57.2334#29.16#29.37#41.47
-151.171,57.2345#29.14#29.4#41.46
-151.073,57.2356#29.12#29.42#41.46
-150.975,57.2365#29.09#29.44#41.47
-150.878,57.2374#29.06#29.48#41.46
-150.78,57.2381#29.03#29.51#41.46
-150.683,57.2388#29#29.54#41.46
-150.585,57.2394#28.97#29.58#41.45
-150.487,57.2399#28.93#29.61#41.46
-150.39,57.2403#28.84#29.65#41.51
-150.292,57.2406#28.75#29.68#41.57
-150.195,57.2408#28.65#29.72#41.63
-150.097,57.241#28.56#29.75#41.69
-149.999,57.241#28.47#29.79#41.74
-149.902,57.241#28.31#29.85#41.84
-149.804,57.2408#28.15#29.92#41.93
-149.707,57.2406#27.99#29.98#42.03
-149.609,57.2403#27.83#30.05#42.12
-149.511,57.2399#27.67#30.11#42.22
-149.414,57.2394#27.5#30.17#42.33
-149.316,57.2388#27.33#30.22#42.45
-149.219,57.2381#27.16#30.28#42.56
-149.121,57.2374#26.99#30.33#42.68
-149.023,57.2365#26.82#30.39#42.79
-148.926,57.2356#26.73#30.44#42.83
-148.828,57.2345#26.67#30.49#42.84
-148.731,57.2334#26.61#30.54#42.85
-148.633,57.2322#26.54#30.59#42.87
-148.536,57.2309#26.48#30.65#42.87
-148.438,57.2295#26.43#30.68#42.89
-148.34,57.228#26.39#30.7#42.91
-148.243,57.2264#26.36#30.72#42.92
-148.145,57.2248#26.32#30.74#42.94
-148.048,57.223#26.28#30.77#42.95
-147.95,57.2212#26.25#30.77#42.98
-147.853,57.2192#26.23#30.76#43.01
-147.756,57.2172#26.22#30.75#43.03
-147.658,57.2151#26.2#30.74#43.06
-147.561,57.2129#26.18#30.73#43.09
-147.463,57.2106#26.17#30.72#43.11
-147.366,57.2082#26.16#30.71#43.13
-147.268,57.2058#26.15#30.7#43.15
-147.171,57.2032#26.14#30.68#43.18
-147.074,57.2005#26.13#30.67#43.2
-146.976,57.1978#26.12#30.67#43.21
-146.879,57.195#26.12#30.68#43.2
-146.782,57.1921#26.11#30.7#43.19
-146.684,57.189#26.11#30.71#43.18
-146.587,57.1859#26.1#30.73#43.17
-146.49,57.1828#26.1#30.74#43.16
-146.393,57.1795#26.09#30.74#43.17
-146.295,57.1761#26.09#30.74#43.17
-146.198,57.1727#26.09#30.74#43.17
-146.101,57.1691#26.09#30.74#43.17
-146.004,57.1655#26.08#30.74#43.18
-145.907,57.1618#26.08#30.74#43.18
-145.81,57.1579#26.08#30.74#43.18
-145.713,57.154#26.08#30.75#43.17
-145.616,57.15#26.08#30.75#43.17
-145.518,57.146#26.08#30.74#43.18
-145.421,57.1418#26.08#30.78#43.14
-145.324,57.1375#26.08#30.83#43.09
-145.228,57.1332#26.08#30.87#43.05
-145.131,57.1288#26.07#30.91#43.02
-145.034,57.1242#26.07#30.96#42.97
-144.937,57.1196#26.07#31.03#42.9
-144.84,57.1149#26.07#31.1#42.83
-144.743,57.1101#26.07#31.18#42.75
-144.646,57.1052#26.07#31.26#42.67
-144.55,57.1003#26.07#31.34#42.59
-144.453,57.0952#26.07#31.42#42.51
-144.356,57.0901#26.07#31.5#42.43
-144.26,57.0848#26.07#31.58#42.35
-144.163,57.0795#26.07#31.65#42.28
-144.066,57.0741#26.07#31.73#42.2
-143.97,57.0686#26.07#31.81#42.12
-143.873,57.063#26.07#31.88#42.05
-143.777,57.0573#26.07#31.95#41.98
-143.68,57.0516#26.07#32.02#41.91
-143.584,57.0457#26.07#32.1#41.83
-143.488,57.0398#26.07#32.17#41.76
-143.391,57.0337#26.07#32.24#41.69
-143.295,57.0276#26.07#32.31#41.62
-143.199,57.0214#26.07#32.38#41.55
-143.103,57.0151#26.07#32.45#41.48
-143.006,57.0088#26.07#32.52#41.41
-142.91,57.0023#26.07#32.61#41.32
-142.814,56.9957#26.07#32.71#41.22
-142.718,56.9891#26.07#32.8#41.13
-142.622,56.9824#26.07#32.89#41.04
-142.526,56.9755#26.07#32.97#40.96
-142.43,56.9686#26.09#33.1#40.81
-142.334,56.9617#26.11#33.23#40.66
-142.238,56.9546#26.13#33.36#40.51
-142.143,56.9474#26.15#33.49#40.36
-142.047,56.9402#26.17#33.62#40.21
-141.951,56.9328#26.21#33.76#40.03
-141.855,56.9254#26.28#33.93#39.79
-141.76,56.9179#26.34#34.1#39.56
-141.664,56.9103#26.41#34.28#39.31
-141.569,56.9026#26.47#34.45#39.08
-159.017,56.9068#44.16#28.48#27.36
-158.922,56.915#43.9#28.48#27.62
-158.827,56.9232#43.63#28.49#27.88
-158.731,56.9312#43.35#28.49#28.16
-158.636,56.9392#43.07#28.49#28.44
-158.54,56.9471#42.79#28.5#28.71
-158.444,56.9548#42.43#28.5#29.07
-158.349,56.9625#42.04#28.5#29.46
-158.253,56.9702#41.64#28.51#29.85
-158.157,56.9777#41.25#28.51#30.24
-158.061,56.9851#40.86#28.51#30.63
-157.965,56.9925#40.47#28.52#31.01
-157.869,56.9997#40.09#28.52#31.39
-157.773,57.0069#39.71#28.53#31.76
-157.677,57.014#39.32#28.53#32.15
-157.581,57.021#38.94#28.53#32.53
-157.485,57.0279#38.57#28.54#32.89
-157.389,57.0348#38.28#28.54#33.18
-157.293,57.0415#37.99#28.54#33.47
-157.197,57.0482#37.7#28.55#33.75
-157.101,57.0547#37.41#28.55#34.04
-157.004,57.0612#37.13#28.56#34.31
-156.908,57.0676#36.86#28.56#34.58
-156.812,57.0739#36.6#28.56#34.84
-156.715,57.0801#36.34#28.57#35.09
-156.619,57.0862#36.08#28.57#35.35
-156.522,57.0923#35.82#28.57#35.61
-156.426,57.0982#35.59#28.58#35.83
-156.329,57.1041#35.35#28.58#36.07
-156.232,57.1099#35.12#28.58#36.3
-156.136,57.1156#34.89#28.59#36.52
-156.039,57.1212#34.65#28.59#36.76
-155.942,57.1267#34.41#28.6#36.99
-155.846,57.1321#34.16#28.6#37.24
-155.749,57.1374#33.9#28.6#37.5
-155.652,57.1427#33.65#28.61#37.74
-155.555,57.1478#33.4#28.61#37.99
-155.458,57.1529#33.16#28.62#38.22
-155.361,57.1579#32.95#28.62#38.43
-155.264,57.1627#32.74#28.62#38.64
-155.168,57.1675#32.53#28.63#38.84
-155.071,57.1723#32.32#28.63#39.05
-154.973,57.1769#32.09#28.63#39.28
-154.876,57.1814#31.84#28.64#39.52
-154.779,57.1859#31.59#28.64#39.77
-154.682,57.1902#31.33#28.65#40.02
-154.585,57.1945#31.08#28.65#40.27
-154.488,57.1987#30.83#28.65#40.52
-154.391,57.2027#30.59#28.66#40.75
-154.294,57.2067#30.34#28.66#41
-154.196,57.2106#30.1#28.67#41.23
-154.099,57.2145#29.85#28.67#41.48
-154.002,57.2182#29.61#28.67#41.72
-153.904,57.2218#29.46#28.68#41.86
-153.807,57.2254#29.32#28.68#42
-153.71,57.2288#29.18#28.68#42.14
-153.612,57.2322#29.04#28.69#42.27
-153.515,57.2355#28.9#28.69#42.41
-153.418,57.2387#28.88#28.7#42.42
-153.32,57.2418#28.88#28.71#42.41
-153.223,57.2448#28.88#28.71#42.41
-153.125,57.2477#28.88#28.72#42.4
-153.028,57.2506#28.88#28.73#42.39
-152.93,57.2533#28.93#28.75#42.32
-152.833,57.256#29#28.77#42.23
-152.735,57.2585#29.06#28.8#42.14
-152.638,57.261#29.13#28.82#42.05
-152.54,57.2634#29.19#28.85#41.96
-152.442,57.2657#29.22#28.89#41.89
-152.345,57.2679#29.23#28.94#41.83
-152.247,57.27#29.24#28.98#41.78
-152.149,57.272#29.25#29.03#41.72
-152.052,57.274#29.26#29.07#41.67
-151.954,57.2758#29.26#29.12#41.62
-151.857,57.2776#29.25#29.17#41.58
-151.759,57.2793#29.23#29.21#41.56
-151.661,57.2808#29.22#29.26#41.52
-151.563,57.2823#29.21#29.3#41.49
-151.466,57.2837#29.2#29.34#41.46
-151.368,57.285#29.17#29.36#41.47
-151.27,57.2862#29.15#29.38#41.47
-151.173,57.2874#29.12#29.4#41.48
-151.075,57.2884#29.1#29.42#41.48
-150.977,57.2893#29.07#29.45#41.48
-150.879,57.2902#29.03#29.48#41.49
-150.782,57.291#28.99#29.51#41.5
-150.684,57.2916#28.96#29.54#41.5
-150.586,57.2922#28.92#29.57#41.51
-150.488,57.2927#28.88#29.6#41.52
-150.39,57.2931#28.78#29.64#41.58
-150.293,57.2934#28.68#29.67#41.65
-150.195,57.2937#28.58#29.71#41.71
-150.097,57.2938#28.48#29.74#41.78
-149.999,57.2938#28.38#29.78#41.84
-149.902,57.2938#28.22#29.84#41.94
-149.804,57.2937#28.05#29.9#42.05
-149.706,57.2934#27.89#29.96#42.15
-149.608,57.2931#27.73#30.02#42.25
-149.511,57.2927#27.57#30.08#42.35
-149.413,57.2922#27.41#30.13#42.46
-149.315,57.2916#27.25#30.19#42.56
-149.217,57.291#27.09#30.25#42.66
-149.119,57.2902#26.94#30.3#42.76
-149.022,57.2893#26.78#30.36#42.86
-148.924,57.2884#26.7#30.41#42.89
-148.826,57.2873#26.64#30.46#42.9
-148.728,57.2862#26.58#30.51#42.91
-148.631,57.285#26.52#30.56#42.92
-148.533,57.2837#26.45#30.61#42.94
-148.435,57.2823#26.41#30.64#42.95
-148.338,57.2808#26.38#30.66#42.96
-148.24,57.2792#26.34#30.68#42.98
-148.142,57.2776#26.3#30.7#43
-148.045,57.2758#26.27#30.72#43.01
-147.947,57.274#26.24#30.73#43.03
-147.849,57.272#26.23#30.72#43.05
-147.752,57.27#26.21#30.71#43.08
-147.654,57.2679#26.19#30.7#43.11
-147.556,57.2657#26.17#30.7#43.13
-147.459,57.2634#26.16#30.69#43.15
-147.361,57.261#26.15#30.68#43.17
-147.264,57.2585#26.14#30.67#43.19
-147.166,57.2559#26.13#30.67#43.2
-147.069,57.2533#26.12#30.66#43.22
-146.971,57.2505#26.12#30.66#43.22
-146.874,57.2477#26.11#30.68#43.21
-146.776,57.2448#26.11#30.7#43.19
-146.679,57.2418#26.1#30.71#43.19
-146.581,57.2387#26.1#30.73#43.17
-146.484,57.2355#26.09#30.75#43.16
-146.386,57.2322#26.09#30.75#43.16
-146.289,57.2288#26.09#30.76#43.15
-146.192,57.2253#26.09#30.77#43.14
-146.094,57.2218#26.09#30.77#43.14
-145.997,57.2181#26.08#30.77#43.15
-145.9,57.2144#26.08#30.78#43.14
-145.803,57.2106#26.08#30.79#43.13
-145.705,57.2067#26.08#30.8#43.12
-145.608,57.2027#26.08#30.8#43.12
-145.511,57.1986#26.08#30.81#43.11
-145.414,57.1944#26.08#30.85#43.07
-145.317,57.1902#26.08#30.9#43.02
-145.219,57.1858#26.07#30.94#42.99
-145.122,57.1814#26.07#30.99#42.94
-145.025,57.1768#26.07#31.03#42.9
-144.928,57.1722#26.07#31.1#42.83
-144.831,57.1675#26.07#31.18#42.75
-144.734,57.1627#26.07#31.26#42.67
-144.637,57.1578#26.07#31.33#42.6
-144.54,57.1528#26.07#31.41#42.52
-144.444,57.1477#26.07#31.49#42.44
-144.347,57.1426#26.07#31.56#42.37
-144.25,57.1373#26.07#31.64#42.29
-144.153,57.132#26.07#31.72#42.21
-144.056,57.1266#26.07#31.79#42.14
-143.96,57.1211#26.07#31.87#42.06
-143.863,57.1155#26.07#31.94#41.99
-143.766,57.1098#26.07#32.01#41.92
-143.67,57.104#26.07#32.09#41.84
-143.573,57.0982#26.07#32.16#41.77
-143.477,57.0922#26.07#32.23#41.7
-143.38,57.0862#26.07#32.3#41.63
-143.284,57.08#26.07#32.37#41.56
-143.187,57.0738#26.07#32.44#41.49
-143.091,57.0675#26.07#32.51#41.42
-142.995,57.0611#26.07#32.59#41.34
-142.898,57.0546#26.07#32.68#41.25
-142.802,57.0481#26.07#32.78#41.15
-142.706,57.0414#26.07#32.87#41.06
-142.61,57.0347#26.07#32.96#40.97
-142.513,57.0278#26.07#33.06#40.87
-142.417,57.0209#26.09#33.2#40.71
-142.321,57.0139#26.12#33.34#40.54
-142.225,57.0068#26.15#33.48#40.37
-142.129,56.9997#26.17#33.62#40.21
-142.033,56.9924#26.19#33.76#40.05
-141.938,56.985#26.25#33.92#39.83
-141.842,56.9776#26.32#34.09#39.59
-141.746,56.9701#26.39#34.26#39.35
-141.65,56.9624#26.46#34.43#39.11
-141.554,56.9547#26.53#34.6#38.87
-141.459,56.947#26.61#34.77#38.62
-141.363,56.9391#26.72#34.94#38.34
-141.268,56.9311#26.82#35.12#38.06
-141.172,56.9231#26.93#35.29#37.78
-141.077,56.9149#27.03#35.46#37.51
-140.981,56.9067#27.13#35.63#37.24
-159.605,56.9077#45.6#28.47#25.93
-159.51,56.9164#45.46#28.47#26.07
-159.414,56.9251#45.23#28.47#26.3
-159.319,56.9337#45#28.47#26.53
-159.224,56.9422#44.76#28.48#26.76
-159.128,56.9506#44.53#28.48#26.99
-159.033,56.9589#44.3#28.48#27.22
-158.937,56.9671#44.04#28.49#27.47
-158.841,56.9753#43.76#28.49#27.75
-158.746,56.9833#43.47#28.49#28.04
-158.65,56.9913#43.18#28.5#28.32
-158.554,56.9992#42.89#28.5#28.61
-158.459,57.007#42.55#28.5#28.95
-158.363,57.0147#42.16#28.51#29.33
-158.267,57.0224#41.77#28.51#29.72
-158.171,57.0299#41.39#28.51#30.1
-158.075,57.0374#41.01#28.52#30.47
-157.979,57.0447#40.62#28.52#30.86
-157.883,57.052#40.24#28.52#31.24
-157.787,57.0592#39.85#28.53#31.62
-157.69,57.0663#39.47#28.53#32
-157.594,57.0733#39.08#28.54#32.38
-157.498,57.0803#38.69#28.54#32.77
-157.402,57.0871#38.4#28.54#33.06
-157.305,57.0938#38.12#28.55#33.33
-157.209,57.1005#37.83#28.55#33.62
-157.113,57.1071#37.54#28.55#33.91
-157.016,57.1136#37.26#28.56#34.18
-156.92,57.12#36.99#28.56#34.45
-156.823,57.1263#36.73#28.57#34.7
-156.726,57.1325#36.47#28.57#34.96
-156.63,57.1387#36.21#28.57#35.22
-156.533,57.1447#35.95#28.58#35.47
-156.436,57.1507#35.71#28.58#35.71
-156.34,57.1566#35.47#28.58#35.95
-156.243,57.1623#35.24#28.59#36.17
-156.146,57.168#35#28.59#36.41
-156.049,57.1736#34.76#28.6#36.64
-155.952,57.1792#34.52#28.6#36.88
-155.856,57.1846#34.26#28.6#37.14
-155.759,57.1899#34.01#28.61#37.38
-155.662,57.1952#33.75#28.61#37.64
-155.565,57.2004#33.49#28.61#37.9
-155.468,57.2054#33.25#28.62#38.13
-155.371,57.2104#33.04#28.62#38.34
-155.273,57.2153#32.83#28.63#38.54
-155.176,57.2201#32.62#28.63#38.75
-155.079,57.2249#32.4#28.63#38.97
-154.982,57.2295#32.18#28.64#39.18
-154.885,57.234#31.93#28.64#39.43
-154.787,57.2385#31.69#28.64#39.67
-154.69,57.2428#31.44#28.65#39.91
-154.593,57.2471#31.19#28.65#40.16
-154.496,57.2513#30.95#28.66#40.39
-154.398,57.2554#30.7#28.66#40.64
-154.301,57.2594#30.46#28.66#40.88
-154.203,57.2633#30.22#28.67#41.11
-154.106,57.2671#29.98#28.67#41.35
-154.009,57.2709#29.73#28.68#41.59
-153.911,57.2745#29.59#28.68#41.73
-153.814,57.2781#29.45#28.68#41.87
-153.716,57.2816#29.31#28.69#42
-153.618,57.2849#29.17#28.69#42.14
-153.521,57.2882#29.04#28.7#42.26
-153.423,57.2914#29.01#28.7#42.29
-153.326,57.2945#29.01#28.71#42.28
-153.228,57.2976#29#28.72#42.28
-153.13,57.3005#29#28.73#42.27
-153.033,57.3033#29#28.74#42.26
-152.935,57.3061#29.03#28.76#42.21
-152.837,57.3087#29.09#28.79#42.12
-152.74,57.3113#29.14#28.82#42.04
-152.642,57.3138#29.19#28.84#41.97
-152.544,57.3162#29.23#28.87#41.9
-152.447,57.3185#29.26#28.91#41.83
-152.349,57.3207#29.26#28.96#41.78
-152.251,57.3228#29.26#29.01#41.73
-152.153,57.3248#29.26#29.05#41.69
-152.055,57.3268#29.27#29.1#41.63
-151.958,57.3286#29.26#29.15#41.59
-151.86,57.3304#29.25#29.19#41.56
-151.762,57.3321#29.23#29.23#41.54
-151.664,57.3336#29.22#29.28#41.5
-151.566,57.3351#29.2#29.32#41.48
-151.468,57.3365#29.18#29.35#41.47
-151.37,57.3378#29.16#29.37#41.47
-151.272,57.3391#29.13#29.39#41.48
-151.175,57.3402#29.1#29.41#41.49
-151.077,57.3412#29.08#29.43#41.49
-150.979,57.3422#29.05#29.45#41.5
-150.881,57.343#29#29.48#41.52
-150.783,57.3438#28.96#29.51#41.53
-150.685,57.3445#28.92#29.54#41.54
-150.587,57.3451#28.87#29.57#41.56
-150.489,57.3456#28.82#29.59#41.59
-150.391,57.346#28.72#29.63#41.65
-150.293,57.3463#28.61#29.66#41.73
-150.195,57.3465#28.5#29.69#41.81
-150.097,57.3466#28.39#29.73#41.88
-149.999,57.3467#28.29#29.76#41.95
-149.901,57.3466#28.12#29.82#42.06
-149.804,57.3465#27.96#29.87#42.17
-149.706,57.3463#27.79#29.93#42.28
-149.608,57.346#27.63#29.99#42.38
-149.51,57.3455#27.46#30.04#42.5
-149.412,57.3451#27.32#30.1#42.58
-149.314,57.3445#27.17#30.16#42.67
-149.216,57.3438#27.03#30.21#42.76
-149.118,57.343#26.88#30.27#42.85
-149.02,57.3422#26.74#30.33#42.93
-148.922,57.3412#26.66#30.38#42.96
-148.824,57.3402#26.6#30.42#42.98
-148.726,57.339#26.54#30.47#42.99
-148.628,57.3378#26.49#30.52#42.99
-148.531,57.3365#26.43#30.56#43.01
-148.433,57.3351#26.39#30.59#43.02
-148.335,57.3336#26.36#30.61#43.03
-148.237,57.332#26.32#30.64#43.04
-148.139,57.3304#26.29#30.66#43.05
-148.041,57.3286#26.25#30.68#43.07
-147.943,57.3268#26.23#30.68#43.09
-147.846,57.3248#26.22#30.68#43.1
-147.748,57.3228#26.2#30.67#43.13
-147.65,57.3207#26.18#30.67#43.15
-147.552,57.3185#26.17#30.66#43.17
-147.455,57.3161#26.15#30.66#43.19
