-150.293,67.9#30.45#26.08#43.47
-150.146,67.9002#30.4#26.08#43.52
-149.999,67.9002#30.34#26.08#43.58
-149.852,67.9002#30.29#26.08#43.63
-149.705,67.9#30.23#26.08#43.69
-153.97,67.9038#32.44#26.08#41.48
-153.823,67.9076#32.32#26.08#41.6
-153.676,67.9112#32.21#26.08#41.71
-153.53,67.9146#32.09#26.08#41.83
-153.383,67.918#31.98#26.08#41.94
-153.236,67.9212#31.88#26.08#42.04
-153.089,67.9242#31.77#26.08#42.15
-152.942,67.9271#31.66#26.08#42.26
-152.795,67.9299#31.57#26.08#42.35
-152.648,67.9325#31.47#26.08#42.45
-152.501,67.935#31.37#26.08#42.55
-152.354,67.9373#31.28#26.08#42.64
-152.207,67.9395#31.19#26.08#42.73
-152.06,67.9416#31.11#26.08#42.81
-151.913,67.9435#31.02#26.08#42.9
-151.766,67.9453#30.94#26.08#42.98
-151.619,67.9469#30.86#26.08#43.06
-151.472,67.9484#30.78#26.08#43.14
-151.324,67.9498#30.7#26.08#43.22
-151.177,67.951#30.62#26.08#43.3
-151.03,67.952#30.55#26.08#43.37
-150.883,67.953#30.48#26.08#43.44
-150.736,67.9537#30.42#26.08#43.5
-150.588,67.9544#30.36#26.08#43.56
-150.441,67.9549#30.3#26.08#43.62
-150.294,67.9552#30.24#26.08#43.68
-150.146,67.9554#30.18#26.08#43.74
-149.999,67.9555#30.13#26.08#43.79
-149.852,67.9554#30.08#26.08#43.84
-149.704,67.9552#30.03#26.08#43.89
-149.557,67.9549#29.98#26.08#43.94
-149.41,67.9544#29.93#26.08#43.99
-149.263,67.9537#29.88#26.08#44.04
-149.115,67.953#29.83#26.08#44.09
-148.968,67.952#29.78#26.08#44.14
-148.821,67.951#29.74#26.08#44.18
-148.674,67.9498#29.69#26.08#44.23
-148.526,67.9484#29.65#26.08#44.27
-148.379,67.9469#29.6#26.08#44.32
-148.232,67.9453#29.56#26.09#44.35
-148.085,67.9435#29.52#26.09#44.39
-147.938,67.9416#29.47#26.09#44.44
-147.791,67.9395#29.43#26.09#44.48
-147.644,67.9373#29.39#26.09#44.52
-147.497,67.935#29.35#26.09#44.56
-147.35,67.9325#29.31#26.09#44.6
-147.203,67.9299#29.27#26.09#44.64
-147.056,67.9271#29.23#26.09#44.68
-146.909,67.9242#29.19#26.09#44.72
-146.762,67.9211#29.15#26.09#44.76
-146.615,67.9179#29.11#26.09#44.8
-146.469,67.9146#29.07#26.09#44.84
-146.322,67.9111#29.02#26.09#44.89
-146.175,67.9075#28.98#26.09#44.93
-146.029,67.9038#28.93#26.09#44.98
-155.739,67.9027#33.32#26.08#40.6
-155.593,67.9082#33.23#26.08#40.69
-155.447,67.9135#33.13#26.08#40.79
-155.3,67.9187#33.04#26.08#40.88
-155.154,67.9237#32.95#26.08#40.97
-155.007,67.9286#32.87#26.08#41.05
-154.861,67.9334#32.78#26.08#41.14
-154.714,67.938#32.7#26.08#41.22
-154.567,67.9425#32.61#26.08#41.31
-154.42,67.9468#32.52#26.08#41.4
-154.274,67.951#32.41#26.08#41.51
-154.127,67.955#32.31#26.08#41.61
-153.98,67.9589#32.2#26.08#41.72
-153.833,67.9627#32.09#26.08#41.83
-153.686,67.9663#31.97#26.08#41.95
-153.539,67.9698#31.86#26.08#42.06
-153.392,67.9732#31.75#26.08#42.17
-153.244,67.9764#31.64#26.08#42.28
-153.097,67.9794#31.54#26.08#42.38
-152.95,67.9823#31.43#26.08#42.49
-152.803,67.9851#31.34#26.08#42.58
-152.655,67.9877#31.24#26.08#42.68
-152.508,67.9902#31.14#26.08#42.78
-152.361,67.9926#31.05#26.08#42.87
-152.213,67.9948#30.97#26.08#42.95
-152.066,67.9969#30.88#26.08#43.04
-151.918,67.9988#30.8#26.08#43.12
-151.771,68.0006#30.71#26.08#43.21
-151.623,68.0022#30.63#26.08#43.29
-151.475,68.0037#30.55#26.08#43.37
-151.328,68.005#30.48#26.08#43.44
-151.18,68.0063#30.4#26.08#43.52
-151.033,68.0073#30.33#26.08#43.59
-150.885,68.0082#30.26#26.08#43.66
-150.737,68.009#30.2#26.08#43.72
-150.59,68.0097#30.14#26.08#43.78
-150.442,68.0102#30.08#26.08#43.84
-150.294,68.0105#30.03#26.08#43.89
-150.147,68.0107#29.97#26.08#43.95
-149.999,68.0108#29.92#26.08#44
-149.851,68.0107#29.87#26.08#44.05
-149.704,68.0105#29.82#26.08#44.1
-149.556,68.0102#29.78#26.08#44.14
-149.408,68.0097#29.73#26.08#44.19
-149.261,68.009#29.68#26.08#44.24
-149.113,68.0082#29.63#26.08#44.29
-148.965,68.0073#29.59#26.08#44.33
-148.818,68.0062#29.54#26.08#44.38
-148.67,68.005#29.5#26.08#44.42
-148.523,68.0037#29.46#26.08#44.46
-148.375,68.0022#29.41#26.08#44.51
-148.228,68.0005#29.37#26.09#44.54
-148.08,67.9988#29.33#26.09#44.58
-147.933,67.9968#29.29#26.09#44.62
-147.785,67.9948#29.25#26.09#44.66
-147.638,67.9926#29.21#26.09#44.7
-147.49,67.9902#29.17#26.09#44.74
-147.343,67.9877#29.13#26.09#44.78
-147.196,67.9851#29.09#26.09#44.82
-147.048,67.9823#29.06#26.09#44.85
-146.901,67.9794#29.02#26.09#44.89
-146.754,67.9763#28.98#26.09#44.93
-146.607,67.9731#28.94#26.09#44.97
-146.459,67.9698#28.9#26.09#45.01
-146.312,67.9663#28.86#26.09#45.05
-146.165,67.9627#28.82#26.09#45.09
-146.018,67.9589#28.78#26.09#45.13
-145.871,67.955#28.73#26.09#45.18
-145.725,67.9509#28.69#26.09#45.22
-145.578,67.9467#28.64#26.09#45.27
-145.431,67.9424#28.6#26.09#45.31
-145.284,67.9379#28.56#26.09#45.35
-145.138,67.9333#28.51#26.09#45.4
-144.991,67.9286#28.47#26.09#45.44
-144.844,67.9237#28.43#26.1#45.47
-144.698,67.9186#28.4#26.1#45.5
-144.552,67.9135#28.36#26.1#45.54
-144.405,67.9081#28.33#26.1#45.57
-144.259,67.9027#28.29#26.1#45.61
-157.07,67.9022#33.93#26.08#39.99
-156.924,67.9089#33.82#26.08#40.1
-156.778,67.9155#33.72#26.08#40.2
-156.632,67.922#33.62#26.08#40.3
-156.486,67.9283#33.52#26.08#40.4
-156.339,67.9345#33.43#26.08#40.49
-156.193,67.9405#33.34#26.08#40.58
-156.047,67.9464#33.25#26.08#40.67
-155.9,67.9521#33.15#26.08#40.77
-155.754,67.9577#33.06#26.08#40.86
-155.607,67.9632#32.97#26.08#40.95
-155.461,67.9686#32.88#26.08#41.04
-155.314,67.9737#32.79#26.08#41.13
-155.167,67.9788#32.7#26.08#41.22
-155.02,67.9837#32.62#26.08#41.3
-154.873,67.9885#32.53#26.08#41.39
-154.726,67.9931#32.45#26.08#41.47
-154.579,67.9976#32.36#26.08#41.56
-154.432,68.0019#32.27#26.08#41.65
-154.285,68.0061#32.17#26.08#41.75
-154.137,68.0102#32.07#26.08#41.85
-153.99,68.0141#31.96#26.08#41.96
-153.843,68.0179#31.85#26.08#42.07
-153.695,68.0215#31.74#26.08#42.18
-153.548,68.025#31.63#26.08#42.29
-153.4,68.0284#31.52#26.08#42.4
-153.253,68.0316#31.41#26.08#42.51
-153.105,68.0346#31.31#26.08#42.61
-152.958,68.0376#31.21#26.08#42.71
-152.81,68.0403#31.11#26.08#42.81
-152.662,68.043#31.01#26.08#42.91
-152.514,68.0455#30.91#26.08#43.01
-152.367,68.0478#30.83#26.08#43.09
-152.219,68.05#30.74#26.08#43.18
-152.071,68.0521#30.65#26.08#43.27
-151.923,68.054#30.57#26.08#43.35
-151.775,68.0558#30.49#26.08#43.43
-151.627,68.0575#30.41#26.08#43.51
-151.479,68.059#30.33#26.08#43.59
-151.331,68.0603#30.25#26.08#43.67
-151.183,68.0615#30.18#26.08#43.74
-151.035,68.0626#30.11#26.08#43.81
-150.887,68.0635#30.04#26.08#43.88
-150.739,68.0643#29.98#26.08#43.94
-150.591,68.065#29.92#26.08#44
-150.443,68.0655#29.87#26.08#44.05
-150.295,68.0658#29.81#26.08#44.11
-150.147,68.066#29.76#26.08#44.16
-149.999,68.0661#29.71#26.08#44.21
-149.851,68.066#29.66#26.08#44.26
-149.703,68.0658#29.62#26.08#44.3
-149.555,68.0655#29.57#26.08#44.35
-149.407,68.065#29.53#26.08#44.39
-149.259,68.0643#29.48#26.08#44.44
-149.111,68.0635#29.44#26.08#44.48
-148.963,68.0626#29.39#26.08#44.53
-148.815,68.0615#29.35#26.08#44.57
-148.667,68.0603#29.31#26.08#44.61
-148.519,68.0589#29.27#26.08#44.65
-148.371,68.0574#29.22#26.08#44.7
-148.223,68.0558#29.18#26.08#44.74
-148.075,68.054#29.14#26.09#44.77
-147.927,68.0521#29.1#26.09#44.81
-147.779,68.05#29.07#26.09#44.84
-147.632,68.0478#29.03#26.09#44.88
-147.484,68.0454#28.99#26.09#44.92
-147.336,68.0429#28.95#26.09#44.96
-147.188,68.0403#28.92#26.09#44.99
-147.041,68.0375#28.88#26.09#45.03
-146.893,68.0346#28.85#26.09#45.06
-146.745,68.0315#28.81#26.09#45.1
-146.598,68.0283#28.77#26.09#45.14
-146.45,68.025#28.74#26.09#45.17
-146.303,68.0215#28.7#26.09#45.21
-146.155,68.0178#28.66#26.09#45.25
-146.008,68.0141#28.62#26.09#45.29
-145.861,68.0101#28.58#26.09#45.33
-145.713,68.0061#28.53#26.09#45.38
-145.566,68.0019#28.49#26.09#45.42
-145.419,67.9975#28.45#26.09#45.46
-145.272,67.993#28.41#26.09#45.5
-145.125,67.9884#28.37#26.09#45.54
-144.978,67.9836#28.33#26.09#45.58
-144.831,67.9787#28.29#26.09#45.62
-144.684,67.9737#28.26#26.1#45.64
-144.538,67.9685#28.23#26.1#45.67
-144.391,67.9632#28.19#26.1#45.71
-144.244,67.9577#28.16#26.1#45.74
-144.098,67.9521#28.13#26.1#45.77
-143.951,67.9463#28.09#26.1#45.81
-143.805,67.9404#28.06#26.1#45.84
-143.659,67.9344#28.02#26.1#45.88
-143.513,67.9282#27.99#26.1#45.91
-143.366,67.9219#27.96#26.1#45.94
-143.22,67.9154#27.93#26.1#45.97
-143.074,67.9088#27.89#26.1#46.01
-142.929,67.9021#27.86#26.1#46.04
-158.109,67.9059#34.3#26.08#39.62
-157.963,67.9136#34.27#26.08#39.65
-157.817,67.9212#34.17#26.08#39.75
-157.672,67.9286#34.06#26.08#39.86
-157.526,67.9359#33.96#26.08#39.96
-157.38,67.9431#33.86#26.08#40.06
-157.234,67.9502#33.76#26.08#40.16
-157.088,67.957#33.66#26.08#40.26
-156.942,67.9638#33.56#26.08#40.36
-156.795,67.9704#33.46#26.08#40.46
-156.649,67.9769#33.36#26.08#40.56
-156.502,67.9832#33.26#26.08#40.66
-156.356,67.9894#33.17#26.08#40.75
-156.209,67.9954#33.08#26.08#40.84
-156.062,68.0014#32.99#26.08#40.93
-155.915,68.0071#32.89#26.08#41.03
-155.769,68.0128#32.8#26.08#41.12
-155.622,68.0182#32.71#26.08#41.21
-155.475,68.0236#32.63#26.08#41.29
-155.327,68.0288#32.54#26.08#41.38
-155.18,68.0339#32.45#26.08#41.47
-155.033,68.0388#32.37#26.08#41.55
-154.886,68.0436#32.28#26.08#41.64
-154.738,68.0482#32.2#26.08#41.72
-154.591,68.0527#32.12#26.08#41.8
-154.443,68.0571#32.03#26.08#41.89
-154.296,68.0613#31.93#26.08#41.99
-154.148,68.0653#31.82#26.08#42.1
-154,68.0693#31.72#26.08#42.2
-153.853,68.0731#31.61#26.08#42.31
-153.705,68.0767#31.5#26.08#42.42
-153.557,68.0802#31.39#26.08#42.53
-153.409,68.0836#31.29#26.08#42.63
-153.261,68.0868#31.18#26.08#42.74
-153.113,68.0899#31.08#26.08#42.84
-152.965,68.0928#30.98#26.08#42.94
-152.817,68.0956#30.88#26.08#43.04
-152.669,68.0982#30.78#26.08#43.14
-152.521,68.1007#30.69#26.08#43.23
-152.373,68.1031#30.6#26.08#43.32
-152.225,68.1053#30.51#26.08#43.41
-152.076,68.1074#30.43#26.08#43.49
-151.928,68.1093#30.34#26.08#43.58
-151.78,68.1111#30.26#26.08#43.66
-151.631,68.1127#30.18#26.08#43.74
-151.483,68.1143#30.1#26.08#43.82
-151.335,68.1156#30.03#26.08#43.89
-151.186,68.1168#29.96#26.08#43.96
-151.038,68.1179#29.89#26.08#44.03
-150.89,68.1188#29.82#26.08#44.1
-150.741,68.1196#29.76#26.08#44.16
-150.593,68.1203#29.71#26.08#44.21
-150.444,68.1208#29.65#26.08#44.27
-150.296,68.1211#29.6#26.08#44.32
-150.148,68.1213#29.55#26.08#44.37
-149.999,68.1214#29.5#26.08#44.42
-149.851,68.1213#29.46#26.08#44.46
-149.702,68.1211#29.41#26.08#44.51
-149.554,68.1208#29.37#26.08#44.55
-149.405,68.1203#29.33#26.08#44.59
-149.257,68.1196#29.28#26.08#44.64
-149.109,68.1188#29.24#26.08#44.68
-148.96,68.1179#29.2#26.08#44.72
-148.812,68.1168#29.16#26.08#44.76
-148.663,68.1156#29.12#26.08#44.8
-148.515,68.1142#29.08#26.08#44.84
-148.367,68.1127#29.04#26.08#44.88
-148.218,68.1111#29#26.08#44.92
-148.07,68.1093#28.96#26.09#44.95
-147.922,68.1074#28.92#26.09#44.99
-147.774,68.1053#28.88#26.09#45.03
-147.625,68.1031#28.85#26.09#45.06
-147.477,68.1007#28.81#26.09#45.1
-147.329,68.0982#28.78#26.09#45.13
-147.181,68.0955#28.74#26.09#45.17
-147.033,68.0927#28.71#26.09#45.2
-146.885,68.0898#28.68#26.09#45.23
-146.737,68.0867#28.64#26.09#45.27
-146.589,68.0835#28.61#26.09#45.3
-146.441,68.0802#28.57#26.09#45.34
-146.293,68.0767#28.53#26.09#45.38
-146.145,68.073#28.5#26.09#45.41
-145.998,68.0692#28.46#26.09#45.45
-145.85,68.0653#28.42#26.09#45.49
-145.702,68.0612#28.38#26.09#45.53
-145.555,68.057#28.34#26.09#45.57
-145.407,68.0526#28.3#26.09#45.61
-145.26,68.0481#28.26#26.09#45.65
-145.112,68.0435#28.22#26.09#45.69
-144.965,68.0387#28.19#26.09#45.72
-144.818,68.0338#28.15#26.09#45.76
-144.671,68.0287#28.12#26.1#45.78
-144.524,68.0235#28.09#26.1#45.81
-144.377,68.0182#28.06#26.1#45.84
-144.23,68.0127#28.03#26.1#45.87
-144.083,68.0071#28#26.1#45.9
-143.936,68.0013#27.97#26.1#45.93
-143.789,67.9954#27.94#26.1#45.96
-143.642,67.9893#27.9#26.1#46
-143.496,67.9831#27.87#26.1#46.03
-143.349,67.9768#27.84#26.1#46.06
-143.203,67.9703#27.82#26.1#46.08
-143.057,67.9637#27.79#26.1#46.11
-142.91,67.957#27.76#26.1#46.14
-142.764,67.9501#27.73#26.11#46.16
-142.618,67.943#27.7#26.11#46.19
-142.472,67.9359#27.67#26.11#46.22
-142.326,67.9285#27.64#26.11#46.25
-142.181,67.9211#27.61#26.11#46.28
-142.035,67.9135#27.58#26.11#46.31
-141.89,67.9058#27.55#26.11#46.34
-159.148,67.9025#33.98#26.08#39.94
-159.003,67.9112#33.99#26.08#39.93
-158.857,67.9198#34#26.08#39.92
-158.712,67.9282#34.01#26.08#39.91
-158.566,67.9365#34.03#26.08#39.89
-158.421,67.9447#34.03#26.08#39.89
-158.275,67.9527#34.03#26.08#39.89
-158.129,67.9606#34.02#26.08#39.9
-157.983,67.9683#34#26.08#39.92
-157.837,67.976#33.9#26.08#40.02
-157.691,67.9834#33.79#26.08#40.13
-157.545,67.9908#33.69#26.08#40.23
-157.399,67.9979#33.59#26.08#40.33
-157.252,68.005#33.49#26.08#40.43
-157.106,68.0119#33.39#26.08#40.53
-156.959,68.0187#33.29#26.08#40.63
-156.813,68.0253#33.19#26.08#40.73
-156.666,68.0318#33.09#26.08#40.83
-156.519,68.0381#33#26.08#40.92
-156.372,68.0444#32.9#26.08#41.02
-156.225,68.0504#32.81#26.08#41.11
-156.078,68.0563#32.72#26.08#41.2
-155.931,68.0621#32.64#26.08#41.28
-155.783,68.0678#32.55#26.08#41.37
-155.636,68.0733#32.46#26.08#41.46
-155.489,68.0786#32.37#26.08#41.55
-155.341,68.0839#32.28#26.08#41.64
-155.194,68.0889#32.2#26.08#41.72
-155.046,68.0939#32.11#26.08#41.81
-154.898,68.0987#32.03#26.08#41.89
-154.751,68.1033#31.95#26.08#41.97
-154.603,68.1078#31.87#26.08#42.05
-154.455,68.1122#31.78#26.08#42.14
-154.307,68.1164#31.68#26.08#42.24
-154.159,68.1205#31.58#26.08#42.34
-154.011,68.1244#31.49#26.08#42.43
-153.863,68.1282#31.38#26.08#42.54
-153.714,68.1319#31.27#26.08#42.65
-153.566,68.1354#31.16#26.08#42.76
-153.418,68.1388#31.06#26.08#42.86
-153.27,68.142#30.96#26.08#42.96
-153.121,68.1451#30.86#26.08#43.06
-152.973,68.148#30.76#26.08#43.16
-152.824,68.1508#30.66#26.08#43.26
-152.676,68.1535#30.57#26.08#43.35
-152.527,68.156#30.47#26.08#43.45
-152.379,68.1584#30.39#26.08#43.53
-152.23,68.1606#30.31#26.08#43.61
-152.082,68.1627#30.23#26.08#43.69
-151.933,68.1646#30.15#26.08#43.77
-151.784,68.1664#30.07#26.08#43.85
-151.636,68.168#29.99#26.08#43.93
-151.487,68.1696#29.91#26.08#44.01
-151.338,68.1709#29.84#26.08#44.08
-151.189,68.1721#29.77#26.08#44.15
-151.041,68.1732#29.71#26.08#44.21
-150.892,68.1741#29.65#26.08#44.27
-150.743,68.1749#29.59#26.08#44.33
-150.594,68.1756#29.53#26.08#44.39
-150.446,68.1761#29.48#26.08#44.44
-150.297,68.1764#29.43#26.08#44.49
-150.148,68.1767#29.39#26.08#44.53
-149.999,68.1767#29.34#26.08#44.58
-149.85,68.1767#29.3#26.08#44.62
-149.701,68.1764#29.26#26.08#44.66
-149.553,68.1761#29.21#26.08#44.71
-149.404,68.1756#29.17#26.08#44.75
-149.255,68.1749#29.13#26.08#44.79
-149.106,68.1741#29.09#26.08#44.83
-148.957,68.1732#29.05#26.08#44.87
-148.809,68.1721#29.01#26.08#44.91
-148.66,68.1709#28.97#26.08#44.95
-148.511,68.1695#28.93#26.08#44.99
-148.362,68.168#28.89#26.08#45.03
-148.214,68.1664#28.85#26.08#45.07
-148.065,68.1646#28.81#26.08#45.11
-147.916,68.1626#28.77#26.09#45.14
-147.768,68.1606#28.74#26.09#45.17
-147.619,68.1583#28.7#26.09#45.21
-147.471,68.156#28.66#26.09#45.25
-147.322,68.1534#28.63#26.09#45.28
-147.174,68.1508#28.6#26.09#45.31
-147.025,68.148#28.56#26.09#45.35
-146.877,68.145#28.53#26.09#45.38
-146.729,68.142#28.49#26.09#45.42
-146.58,68.1387#28.46#26.09#45.45
-146.432,68.1354#28.42#26.09#45.49
-146.284,68.1318#28.38#26.09#45.53
-146.136,68.1282#28.34#26.09#45.57
-145.987,68.1244#28.3#26.09#45.61
-145.839,68.1204#28.26#26.09#45.65
-145.691,68.1164#28.23#26.09#45.68
-145.543,68.1121#28.19#26.09#45.72
-145.395,68.1078#28.15#26.09#45.76
-145.248,68.1033#28.11#26.09#45.8
-145.1,68.0986#28.08#26.09#45.83
-144.952,68.0938#28.04#26.09#45.87
-144.805,68.0889#28.01#26.09#45.9
-144.657,68.0838#27.98#26.09#45.93
-144.509,68.0786#27.95#26.1#45.95
-144.362,68.0732#27.93#26.1#45.97
-144.215,68.0677#27.9#26.1#46
-144.067,68.0621#27.87#26.1#46.03
-143.92,68.0563#27.84#26.1#46.06
-143.773,68.0503#27.81#26.1#46.09
-143.626,68.0443#27.78#26.1#46.12
-143.479,68.0381#27.76#26.1#46.14
-143.332,68.0317#27.73#26.1#46.17
-143.185,68.0252#27.7#26.1#46.2
-143.039,68.0186#27.68#26.1#46.22
-142.892,68.0118#27.65#26.1#46.25
-142.746,68.0049#27.63#26.1#46.27
-142.599,67.9979#27.6#26.11#46.29
-142.453,67.9907#27.57#26.11#46.32
-142.307,67.9833#27.55#26.11#46.34
-142.161,67.9759#27.52#26.11#46.37
-142.015,67.9683#27.49#26.11#46.4
-141.869,67.9605#27.47#26.11#46.42
-141.723,67.9526#27.44#26.11#46.45
-141.577,67.9446#27.42#26.11#46.47
-141.432,67.9364#27.4#26.11#46.49
-141.286,67.9281#27.38#26.12#46.5
-141.141,67.9197#27.36#26.12#46.52
-140.996,67.9111#27.34#26.12#46.54
-140.851,67.9024#27.33#26.12#46.55
-160.041,67.9017#33.7#26.08#40.22
-159.897,67.9113#33.71#26.08#40.21
-159.752,67.9207#33.71#26.08#40.21
-159.607,67.93#33.72#26.08#40.2
-159.462,67.9392#33.72#26.08#40.2
-159.316,67.9482#33.72#26.08#40.2
-159.171,67.957#33.72#26.08#40.2
-159.026,67.9658#33.72#26.08#40.2
-158.88,67.9744#33.73#26.08#40.19
-158.734,67.9829#33.75#26.08#40.17
-158.588,67.9912#33.76#26.08#40.16
-158.442,67.9994#33.76#26.08#40.16
-158.296,68.0074#33.75#26.08#40.17
-158.15,68.0153#33.74#26.08#40.18
-158.004,68.0231#33.73#26.08#40.19
-157.858,68.0307#33.63#26.08#40.29
-157.711,68.0382#33.52#26.08#40.4
-157.565,68.0456#33.42#26.08#40.5
-157.418,68.0528#33.32#26.08#40.6
-157.271,68.0598#33.22#26.08#40.7
-157.124,68.0668#33.12#26.08#40.8
-156.977,68.0736#33.02#26.08#40.9
-156.83,68.0802#32.92#26.08#41
-156.683,68.0867#32.83#26.08#41.09
-156.536,68.0931#32.73#26.08#41.19
-156.389,68.0993#32.64#26.08#41.28
-156.241,68.1054#32.55#26.08#41.37
-156.094,68.1113#32.46#26.08#41.46
-155.946,68.1171#32.38#26.08#41.54
-155.798,68.1228#32.29#26.08#41.63
-155.651,68.1283#32.2#26.08#41.72
-155.503,68.1337#32.12#26.08#41.8
-155.355,68.1389#32.04#26.08#41.88
-155.207,68.144#31.95#26.08#41.97
-155.059,68.149#31.87#26.08#42.05
-154.911,68.1538#31.79#26.08#42.13
-154.763,68.1584#31.71#26.08#42.21
-154.615,68.163#31.63#26.08#42.29
-154.466,68.1673#31.55#26.08#42.37
-154.318,68.1716#31.45#26.08#42.47
-154.17,68.1757#31.35#26.08#42.57
-154.021,68.1796#31.26#26.08#42.66
-153.873,68.1834#31.15#26.08#42.77
-153.724,68.1871#31.05#26.08#42.87
-153.575,68.1906#30.94#26.08#42.98
-153.427,68.194#30.84#26.08#43.08
-153.278,68.1972#30.74#26.08#43.18
-153.129,68.2003#30.64#26.08#43.28
-152.981,68.2033#30.55#26.08#43.37
-152.832,68.2061#30.45#26.08#43.47
-152.683,68.2087#30.36#26.08#43.56
-152.534,68.2113#30.27#26.08#43.65
-152.385,68.2136#30.19#26.08#43.73
-152.236,68.2159#30.11#26.08#43.81
-152.087,68.2179#30.03#26.08#43.89
-151.938,68.2199#29.95#26.08#43.97
-151.789,68.2217#29.88#26.08#44.04
-151.64,68.2233#29.8#26.08#44.12
-151.491,68.2249#29.73#26.08#44.19
-151.342,68.2262#29.66#26.08#44.26
-151.193,68.2275#29.59#26.08#44.33
-151.043,68.2285#29.53#26.08#44.39
-150.894,68.2295#29.47#26.08#44.45
-150.745,68.2303#29.42#26.08#44.5
-150.596,68.2309#29.36#26.08#44.56
-150.447,68.2314#29.31#26.08#44.61
-150.297,68.2318#29.27#26.08#44.65
-150.148,68.232#29.22#26.08#44.7
-149.999,68.2321#29.18#26.08#44.74
-149.85,68.232#29.14#26.08#44.78
-149.701,68.2318#29.1#26.08#44.82
-149.551,68.2314#29.06#26.08#44.86
-149.402,68.2309#29.02#26.08#44.9
-149.253,68.2302#28.98#26.08#44.94
-149.104,68.2295#28.94#26.08#44.98
-148.955,68.2285#28.9#26.08#45.02
-148.806,68.2274#28.86#26.08#45.06
-148.656,68.2262#28.82#26.08#45.1
-148.507,68.2248#28.79#26.08#45.13
-148.358,68.2233#28.75#26.08#45.17
-148.209,68.2217#28.71#26.08#45.21
-148.06,68.2199#28.67#26.08#45.25
-147.911,68.2179#28.64#26.09#45.27
-147.762,68.2158#28.6#26.09#45.31
-147.613,68.2136#28.57#26.09#45.34
-147.464,68.2112#28.53#26.09#45.38
-147.315,68.2087#28.5#26.09#45.41
-147.166,68.206#28.47#26.09#45.44
-147.018,68.2032#28.44#26.09#45.47
-146.869,68.2003#28.41#26.09#45.5
-146.72,68.1972#28.37#26.09#45.54
-146.571,68.194#28.34#26.09#45.57
-146.423,68.1906#28.31#26.09#45.6
-146.274,68.187#28.27#26.09#45.64
-146.125,68.1834#28.23#26.09#45.68
-145.977,68.1796#28.2#26.09#45.71
-145.829,68.1756#28.16#26.09#45.75
-145.68,68.1715#28.12#26.09#45.79
-145.532,68.1673#28.08#26.09#45.83
-145.384,68.1629#28.04#26.09#45.87
-145.235,68.1584#28#26.09#45.91
-145.087,68.1537#27.96#26.09#45.95
-144.939,68.1489#27.93#26.09#45.98
-144.791,68.144#27.9#26.09#46.01
-144.643,68.1389#27.86#26.09#46.05
-144.495,68.1336#27.83#26.09#46.08
-144.347,68.1282#27.8#26.1#46.1
-144.2,68.1227#27.77#26.1#46.13
-144.052,68.1171#27.74#26.1#46.16
-143.904,68.1113#27.72#26.1#46.18
-143.757,68.1053#27.69#26.1#46.21
-143.61,68.0992#27.67#26.1#46.23
-143.462,68.093#27.64#26.1#46.26
-143.315,68.0866#27.62#26.1#46.28
-143.168,68.0801#27.59#26.1#46.31
-143.021,68.0735#27.57#26.1#46.33
-142.874,68.0667#27.55#26.1#46.35
-142.727,68.0598#27.53#26.1#46.37
-142.58,68.0527#27.5#26.11#46.39
-142.434,68.0455#27.48#26.11#46.41
-142.287,68.0381#27.46#26.11#46.43
-142.141,68.0306#27.43#26.11#46.46
-141.994,68.023#27.41#26.11#46.48
-141.848,68.0152#27.39#26.11#46.5
-141.702,68.0073#27.37#26.11#46.52
-141.556,67.9993#27.35#26.11#46.54
-141.41,67.9911#27.33#26.11#46.56
-141.264,67.9828#27.31#26.11#46.58
-141.118,67.9743#27.3#26.12#46.58
-140.973,67.9657#27.28#26.12#46.6
-140.827,67.9569#27.27#26.12#46.61
-140.682,67.9481#27.26#26.12#46.62
-140.537,67.939#27.25#26.12#46.63
-140.391,67.9299#27.23#26.12#46.65
-140.246,67.9206#27.22#26.12#46.66
-140.102,67.9111#27.21#26.13#46.66
-139.957,67.9016#27.2#26.13#46.67
-160.791,67.9061#33.48#26.08#40.44
-160.646,67.9164#33.48#26.08#40.44
-160.502,67.9265#33.47#26.08#40.45
-160.357,67.9365#33.47#26.08#40.45
-160.212,67.9464#33.47#26.08#40.45
-160.067,67.9561#33.46#26.08#40.46
-159.922,67.9657#33.46#26.08#40.46
-159.777,67.9752#33.47#26.08#40.45
-159.631,67.9845#33.47#26.08#40.45
-159.486,67.9937#33.47#26.08#40.45
-159.34,68.0027#33.47#26.08#40.45
-159.195,68.0116#33.46#26.08#40.46
-159.049,68.0204#33.46#26.08#40.46
-158.903,68.029#33.47#26.08#40.45
-158.757,68.0375#33.48#26.08#40.44
-158.611,68.0459#33.49#26.08#40.43
-158.464,68.0541#33.5#26.08#40.42
-158.318,68.0621#33.48#26.08#40.44
-158.171,68.0701#33.46#26.08#40.46
-158.025,68.0779#33.45#26.08#40.47
-157.878,68.0855#33.36#26.08#40.56
-157.731,68.093#33.25#26.08#40.67
-157.584,68.1004#33.15#26.08#40.77
-157.437,68.1076#33.04#26.08#40.88
-157.29,68.1147#32.95#26.08#40.97
-157.143,68.1217#32.85#26.08#41.07
-156.995,68.1285#32.76#26.08#41.16
-156.848,68.1351#32.67#26.08#41.25
-156.7,68.1417#32.58#26.08#41.34
-156.553,68.148#32.49#26.08#41.43
-156.405,68.1543#32.4#26.08#41.52
-156.257,68.1604#32.31#26.08#41.61
-156.109,68.1663#32.23#26.08#41.69
-155.962,68.1722#32.14#26.08#41.78
-155.813,68.1778#32.06#26.08#41.86
-155.665,68.1834#31.97#26.08#41.95
-155.517,68.1888#31.89#26.08#42.03
-155.369,68.194#31.8#26.08#42.12
-155.221,68.1991#31.72#26.08#42.2
-155.072,68.2041#31.64#26.08#42.28
-154.924,68.2089#31.56#26.08#42.36
-154.775,68.2136#31.48#26.08#42.44
-154.627,68.2181#31.4#26.08#42.52
-154.478,68.2225#31.32#26.08#42.6
-154.329,68.2267#31.22#26.08#42.7
-154.18,68.2309#31.12#26.08#42.8
-154.032,68.2348#31.02#26.08#42.9
-153.883,68.2386#30.92#26.08#43
-153.734,68.2423#30.82#26.08#43.1
-153.585,68.2458#30.72#26.08#43.2
-153.436,68.2492#30.62#26.08#43.3
-153.287,68.2525#30.52#26.08#43.4
-153.138,68.2556#30.43#26.08#43.49
-152.988,68.2585#30.33#26.08#43.59
-152.839,68.2613#30.25#26.08#43.67
-152.69,68.264#30.16#26.08#43.76
-152.541,68.2665#30.07#26.08#43.85
-152.391,68.2689#29.99#26.08#43.93
-152.242,68.2712#29.91#26.08#44.01
-152.093,68.2732#29.84#26.08#44.08
-151.943,68.2752#29.76#26.08#44.16
-151.794,68.277#29.69#26.08#44.23
-151.644,68.2787#29.62#26.08#44.3
-151.495,68.2802#29.54#26.08#44.38
-151.345,68.2815#29.48#26.08#44.44
-151.196,68.2828#29.42#26.08#44.5
-151.046,68.2839#29.35#26.08#44.57
-150.897,68.2848#29.3#26.08#44.62
-150.747,68.2856#29.24#26.08#44.68
-150.597,68.2862#29.19#26.08#44.73
-150.448,68.2867#29.15#26.08#44.77
-150.298,68.2871#29.1#26.08#44.82
-150.149,68.2873#29.06#26.08#44.86
-149.999,68.2874#29.02#26.08#44.9
-149.849,68.2873#28.98#26.08#44.94
-149.7,68.2871#28.94#26.08#44.98
-149.55,68.2867#28.9#26.08#45.02
-149.401,68.2862#28.87#26.08#45.05
-149.251,68.2856#28.83#26.08#45.09
-149.102,68.2848#28.79#26.08#45.13
-148.952,68.2838#28.75#26.08#45.17
-148.802,68.2828#28.72#26.08#45.2
-148.653,68.2815#28.68#26.08#45.24
-148.503,68.2802#28.64#26.08#45.28
-148.354,68.2786#28.61#26.08#45.31
-148.204,68.277#28.57#26.08#45.35
-148.055,68.2752#28.54#26.08#45.38
-147.906,68.2732#28.5#26.08#45.42
-147.756,68.2711#28.47#26.09#45.44
-147.607,68.2689#28.44#26.09#45.47
-147.458,68.2665#28.41#26.09#45.5
-147.308,68.264#28.38#26.09#45.53
-147.159,68.2613#28.35#26.09#45.56
-147.01,68.2585#28.32#26.09#45.59
-146.861,68.2555#28.29#26.09#45.62
-146.711,68.2524#28.26#26.09#45.65
-146.562,68.2492#28.23#26.09#45.68
-146.413,68.2458#28.19#26.09#45.72
-146.264,68.2423#28.16#26.09#45.75
-146.115,68.2386#28.13#26.09#45.78
-145.967,68.2348#28.09#26.09#45.82
-145.818,68.2308#28.05#26.09#45.86
-145.669,68.2267#28.02#26.09#45.89
-145.52,68.2224#27.98#26.09#45.93
-145.372,68.218#27.94#26.09#45.97
-145.223,68.2135#27.91#26.09#46
-145.074,68.2088#27.87#26.09#46.04
-144.926,68.204#27.84#26.09#46.07
-144.778,68.199#27.81#26.09#46.1
-144.629,68.1939#27.78#26.09#46.13
-144.481,68.1887#27.75#26.09#46.16
-144.333,68.1833#27.72#26.1#46.18
-144.185,68.1778#27.69#26.1#46.21
-144.037,68.1721#27.66#26.1#46.24
-143.889,68.1663#27.63#26.1#46.27
-143.741,68.1603#27.61#26.1#46.29
-143.593,68.1542#27.58#26.1#46.32
-143.445,68.148#27.55#26.1#46.35
-143.298,68.1416#27.52#26.1#46.38
-143.15,68.135#27.5#26.1#46.4
-143.003,68.1284#27.47#26.1#46.43
-142.855,68.1216#27.44#26.1#46.46
-142.708,68.1146#27.43#26.1#46.47
-142.561,68.1075#27.4#26.1#46.5
-142.414,68.1003#27.38#26.11#46.51
-142.267,68.0929#27.37#26.11#46.52
-142.12,68.0854#27.34#26.11#46.55
-141.974,68.0778#27.32#26.11#46.57
-141.827,68.07#27.31#26.11#46.58
-141.68,68.062#27.29#26.11#46.6
-141.534,68.054#27.27#26.11#46.62
-141.388,68.0458#27.26#26.11#46.63
-141.241,68.0374#27.25#26.11#46.64
-141.095,68.0289#27.24#26.12#46.64
-140.949,68.0203#27.22#26.12#46.66
-140.804,68.0115#27.21#26.12#46.67
-140.658,68.0026#27.2#26.12#46.68
-140.512,67.9936#27.19#26.12#46.69
-140.367,67.9844#27.18#26.12#46.7
-140.221,67.9751#27.17#26.12#46.71
-140.076,67.9656#27.16#26.12#46.72
-139.931,67.956#27.15#26.13#46.72
-139.786,67.9463#27.14#26.13#46.73
-139.641,67.9364#27.13#26.13#46.74
-139.497,67.9264#27.12#26.13#46.75
-139.352,67.9162#27.12#26.13#46.75
-139.208,67.906#27.11#26.13#46.76
-161.54,67.9068#33.29#26.08#40.63
-161.396,67.9178#33.28#26.08#40.64
-161.252,67.9286#33.27#26.08#40.65
-161.107,67.9394#33.26#26.08#40.66
-160.963,67.9499#33.25#26.08#40.67
-160.818,67.9604#33.25#26.08#40.67
-160.673,67.9707#33.25#26.08#40.67
-160.528,67.9809#33.24#26.08#40.68
-160.383,67.9909#33.24#26.08#40.68
-160.238,68.0008#33.23#26.08#40.69
-160.093,68.0106#33.22#26.08#40.7
-159.947,68.0202#33.22#26.08#40.7
-159.802,68.0297#33.22#26.08#40.7
-159.656,68.039#33.22#26.08#40.7
-159.51,68.0482#33.22#26.08#40.7
-159.364,68.0573#33.21#26.08#40.71
-159.218,68.0662#33.21#26.08#40.71
-159.072,68.075#33.2#26.08#40.72
-158.926,68.0837#33.2#26.08#40.72
-158.779,68.0922#33.21#26.08#40.71
-158.633,68.1005#33.22#26.08#40.7
-158.486,68.1088#33.23#26.08#40.69
-158.339,68.1169#33.21#26.08#40.71
-158.192,68.1248#33.19#26.08#40.73
-158.045,68.1326#33.18#26.08#40.74
-157.898,68.1403#33.1#26.08#40.82
-157.751,68.1478#33#26.08#40.92
-157.604,68.1552#32.91#26.08#41.01
-157.456,68.1625#32.81#26.08#41.11
-157.309,68.1696#32.72#26.08#41.2
-157.161,68.1765#32.63#26.08#41.29
-157.013,68.1834#32.54#26.08#41.38
-156.866,68.1901#32.45#26.08#41.47
-156.718,68.1966#32.36#26.08#41.56
-156.57,68.203#32.27#26.08#41.65
-156.422,68.2093#32.18#26.08#41.74
-156.274,68.2154#32.09#26.08#41.83
-156.125,68.2214#32#26.08#41.92
-155.977,68.2272#31.91#26.08#42.01
-155.829,68.2329#31.83#26.08#42.09
-155.68,68.2384#31.74#26.08#42.18
-155.532,68.2438#31.66#26.08#42.26
-155.383,68.2491#31.57#26.08#42.35
-155.234,68.2542#31.49#26.08#42.43
-155.085,68.2592#31.41#26.08#42.51
-154.937,68.264#31.33#26.08#42.59
-154.788,68.2687#31.24#26.08#42.68
-154.639,68.2733#31.16#26.08#42.76
-154.49,68.2777#31.08#26.08#42.84
-154.341,68.2819#30.99#26.08#42.93
-154.191,68.286#30.89#26.08#43.03
-154.042,68.29#30.79#26.08#43.13
-153.893,68.2938#30.7#26.08#43.22
-153.744,68.2975#30.6#26.08#43.32
-153.594,68.3011#30.5#26.08#43.42
-153.445,68.3045#30.4#26.08#43.52
-153.295,68.3077#30.31#26.08#43.61
-153.146,68.3108#30.21#26.08#43.71
-152.996,68.3138#30.12#26.08#43.8
-152.847,68.3166#30.04#26.08#43.88
-152.697,68.3193#29.95#26.08#43.97
-152.547,68.3218#29.87#26.08#44.05
-152.398,68.3242#29.79#26.08#44.13
-152.248,68.3265#29.72#26.08#44.2
-152.098,68.3286#29.64#26.08#44.28
-151.948,68.3305#29.57#26.08#44.35
-151.798,68.3323#29.5#26.08#44.42
-151.649,68.334#29.43#26.08#44.49
-151.499,68.3355#29.36#26.08#44.56
-151.349,68.3369#29.3#26.08#44.62
-151.199,68.3381#29.24#26.08#44.68
-151.049,68.3392#29.17#26.08#44.75
-150.899,68.3401#29.12#26.08#44.8
-150.749,68.3409#29.07#26.08#44.85
-150.599,68.3416#29.02#26.08#44.9
-150.449,68.3421#28.98#26.08#44.94
-150.299,68.3425#28.94#26.08#44.98
-150.149,68.3427#28.9#26.08#45.02
-149.999,68.3427#28.86#26.08#45.06
-149.849,68.3427#28.82#26.08#45.1
-149.699,68.3424#28.79#26.08#45.13
-149.549,68.3421#28.75#26.08#45.17
-149.399,68.3416#28.71#26.08#45.21
-149.249,68.3409#28.68#26.08#45.24
-149.099,68.3401#28.64#26.08#45.28
-148.949,68.3392#28.61#26.08#45.31
-148.799,68.3381#28.57#26.08#45.35
-148.649,68.3369#28.54#26.08#45.38
-148.499,68.3355#28.5#26.08#45.42
-148.35,68.334#28.47#26.08#45.45
-148.2,68.3323#28.43#26.08#45.49
-148.05,68.3305#28.4#26.08#45.52
-147.9,68.3285#28.37#26.08#45.55
-147.75,68.3264#28.34#26.08#45.58
-147.601,68.3242#28.31#26.09#45.6
-147.451,68.3218#28.28#26.09#45.63
-147.301,68.3193#28.25#26.09#45.66
-147.152,68.3166#28.22#26.09#45.69
-147.002,68.3138#28.2#26.09#45.71
-146.852,68.3108#28.17#26.09#45.74
-146.703,68.3077#28.14#26.09#45.77
-146.553,68.3044#28.11#26.09#45.8
-146.404,68.301#28.08#26.09#45.83
-146.255,68.2975#28.05#26.09#45.86
-146.105,68.2938#28.02#26.09#45.89
-145.956,68.29#27.98#26.09#45.93
-145.807,68.286#27.95#26.09#45.96
-145.658,68.2819#27.92#26.09#45.99
-145.509,68.2776#27.88#26.09#46.03
-145.359,68.2732#27.85#26.09#46.06
-145.21,68.2687#27.81#26.09#46.1
-145.062,68.264#27.78#26.09#46.13
-144.913,68.2591#27.75#26.09#46.16
-144.764,68.2541#27.72#26.09#46.19
-144.615,68.249#27.7#26.09#46.21
-144.467,68.2438#27.67#26.09#46.24
-144.318,68.2384#27.64#26.09#46.27
-144.17,68.2328#27.62#26.1#46.28
-144.021,68.2271#27.59#26.1#46.31
-143.873,68.2213#27.56#26.1#46.34
-143.725,68.2153#27.54#26.1#46.36
-143.576,68.2092#27.51#26.1#46.39
-143.428,68.2029#27.48#26.1#46.42
-143.28,68.1965#27.46#26.1#46.44
-143.132,68.19#27.44#26.1#46.46
-142.985,68.1833#27.41#26.1#46.49
-142.837,68.1765#27.39#26.1#46.51
-142.689,68.1695#27.36#26.1#46.54
-142.542,68.1624#27.34#26.1#46.56
-142.394,68.1551#27.32#26.1#46.58
-142.247,68.1477#27.3#26.11#46.59
-142.1,68.1402#27.27#26.11#46.62
-141.953,68.1325#27.25#26.11#46.64
-141.806,68.1247#27.23#26.11#46.66
-141.659,68.1168#27.22#26.11#46.67
-141.512,68.1087#27.2#26.11#46.69
-141.365,68.1004#27.19#26.11#46.7
-141.219,68.0921#27.18#26.11#46.71
-141.072,68.0835#27.17#26.11#46.72
-140.926,68.0749#27.17#26.12#46.71
-140.78,68.0661#27.16#26.12#46.72
-140.634,68.0572#27.15#26.12#46.73
-140.488,68.0481#27.14#26.12#46.74
-140.342,68.0389#27.14#26.12#46.74
-140.196,68.0295#27.13#26.12#46.75
-140.051,68.0201#27.12#26.12#46.76
-139.905,68.0104#27.11#26.12#46.77
-139.76,68.0007#27.1#26.13#46.77
-139.615,67.9908#27.1#26.13#46.77
-139.47,67.9807#27.09#26.13#46.78
-139.325,67.9706#27.08#26.13#46.79
-139.18,67.9603#27.08#26.13#46.79
-139.035,67.9498#27.07#26.13#46.8
-138.891,67.9392#27.07#26.14#46.79
-138.747,67.9285#27.06#26.14#46.8
-138.602,67.9177#27.06#26.14#46.8
-138.458,67.9067#27.06#26.14#46.8
-162.289,67.9038#32.9#26.08#41.02
-162.145,67.9155#32.99#26.08#40.93
-162.002,67.9271#33.07#26.08#40.85
-161.858,67.9385#33.07#26.08#40.85
-161.714,67.9498#33.07#26.08#40.85
-161.569,67.961#33.07#26.08#40.85
-161.425,67.972#33.07#26.08#40.85
-161.28,67.9829#33.05#26.08#40.87
-161.136,67.9936#33.04#26.08#40.88
-160.991,68.0042#33.03#26.08#40.89
-160.846,68.0147#33.02#26.08#40.9
-160.701,68.025#33.02#26.08#40.9
-160.555,68.0352#33.01#26.08#40.91
-160.41,68.0453#33#26.08#40.92
-160.264,68.0552#32.99#26.08#40.93
-160.119,68.065#32.99#26.08#40.93
-159.973,68.0746#32.98#26.08#40.94
-159.827,68.0842#32.97#26.08#40.95
-159.681,68.0935#32.97#26.08#40.95
-159.535,68.1028#32.96#26.08#40.96
-159.388,68.1119#32.96#26.08#40.96
-159.242,68.1208#32.95#26.08#40.97
-159.095,68.1296#32.95#26.08#40.97
-158.949,68.1383#32.95#26.08#40.97
-158.802,68.1468#32.97#26.08#40.95
-158.655,68.1552#32.98#26.08#40.94
-158.508,68.1635#33#26.08#40.92
-158.361,68.1716#32.98#26.08#40.94
-158.214,68.1796#32.96#26.08#40.96
-158.066,68.1874#32.94#26.08#40.98
-157.919,68.1951#32.88#26.08#41.04
-157.771,68.2026#32.79#26.08#41.13
-157.623,68.2101#32.69#26.08#41.23
-157.476,68.2173#32.6#26.08#41.32
-157.328,68.2245#32.51#26.08#41.41
-157.18,68.2314#32.41#26.08#41.51
-157.032,68.2383#32.32#26.08#41.6
-156.884,68.245#32.23#26.08#41.69
-156.735,68.2515#32.14#26.08#41.78
-156.587,68.258#32.04#26.08#41.88
-156.438,68.2642#31.95#26.08#41.97
-156.29,68.2704#31.86#26.08#42.06
-156.141,68.2764#31.77#26.08#42.15
-155.993,68.2822#31.69#26.08#42.23
-155.844,68.2879#31.6#26.08#42.32
-155.695,68.2935#31.51#26.08#42.41
-155.546,68.2989#31.42#26.08#42.5
-155.397,68.3042#31.34#26.08#42.58
-155.248,68.3093#31.26#26.08#42.66
-155.099,68.3143#31.17#26.08#42.75
-154.949,68.3192#31.09#26.08#42.83
-154.8,68.3239#31.01#26.08#42.91
-154.651,68.3284#30.93#26.08#42.99
-154.501,68.3328#30.85#26.08#43.07
-154.352,68.3371#30.75#26.08#43.17
-154.202,68.3412#30.66#26.08#43.26
-154.053,68.3452#30.56#26.08#43.36
-153.903,68.3491#30.47#26.08#43.45
-153.753,68.3528#30.37#26.08#43.55
-153.604,68.3563#30.27#26.08#43.65
-153.454,68.3597#30.18#26.08#43.74
-153.304,68.363#30.09#26.08#43.83
-153.154,68.3661#30#26.08#43.92
-153.004,68.3691#29.91#26.08#44.01
-152.854,68.3719#29.83#26.08#44.09
-152.704,68.3746#29.75#26.08#44.17
-152.554,68.3771#29.67#26.08#44.25
-152.404,68.3795#29.59#26.08#44.33
-152.254,68.3818#29.52#26.08#44.4
-152.104,68.3839#29.45#26.08#44.47
-151.953,68.3858#29.38#26.08#44.54
-151.803,68.3877#29.31#26.08#44.61
-151.653,68.3893#29.24#26.08#44.68
-151.503,68.3908#29.17#26.08#44.75
-151.352,68.3922#29.11#26.08#44.81
-151.202,68.3935#29.06#26.08#44.86
-151.052,68.3945#29#26.08#44.92
-150.901,68.3955#28.95#26.08#44.97
-150.751,68.3963#28.9#26.08#45.02
-150.601,68.3969#28.85#26.08#45.07
-150.45,68.3974#28.81#26.08#45.11
-150.3,68.3978#28.77#26.08#45.15
-150.149,68.398#28.73#26.08#45.19
-149.999,68.3981#28.7#26.08#45.22
-149.849,68.398#28.66#26.08#45.26
-149.698,68.3978#28.63#26.08#45.29
-149.548,68.3974#28.59#26.08#45.33
-149.398,68.3969#28.56#26.08#45.36
-149.247,68.3963#28.53#26.08#45.39
-149.097,68.3955#28.49#26.08#45.43
-148.946,68.3945#28.46#26.08#45.46
-148.796,68.3934#28.43#26.08#45.49
-148.646,68.3922#28.39#26.08#45.53
-148.496,68.3908#28.36#26.08#45.56
-148.345,68.3893#28.33#26.08#45.59
-148.195,68.3876#28.3#26.08#45.62
-148.045,68.3858#28.27#26.08#45.65
-147.895,68.3839#28.24#26.08#45.68
-147.744,68.3817#28.21#26.08#45.71
-147.594,68.3795#28.18#26.08#45.74
-147.444,68.3771#28.15#26.09#45.76
-147.294,68.3746#28.12#26.09#45.79
-147.144,68.3719#28.1#26.09#45.81
-146.994,68.369#28.07#26.09#45.84
-146.844,68.3661#28.05#26.09#45.86
-146.694,68.3629#28.02#26.09#45.89
-146.544,68.3597#28#26.09#45.91
-146.395,68.3563#27.97#26.09#45.94
-146.245,68.3527#27.94#26.09#45.97
-146.095,68.349#27.91#26.09#46
-145.945,68.3452#27.88#26.09#46.03
-145.796,68.3412#27.85#26.09#46.06
-145.646,68.3371#27.81#26.09#46.1
-145.497,68.3328#27.78#26.09#46.13
-145.347,68.3284#27.75#26.09#46.16
-145.198,68.3238#27.72#26.09#46.19
-145.049,68.3191#27.69#26.09#46.22
-144.899,68.3143#27.66#26.09#46.25
-144.75,68.3093#27.64#26.09#46.27
-144.601,68.3041#27.61#26.09#46.3
-144.452,68.2988#27.59#26.09#46.32
-144.303,68.2934#27.56#26.09#46.35
-144.154,68.2879#27.54#26.1#46.36
-144.006,68.2821#27.51#26.1#46.39
-143.857,68.2763#27.49#26.1#46.41
-143.708,68.2703#27.47#26.1#46.43
-143.56,68.2642#27.44#26.1#46.46
-143.411,68.2579#27.42#26.1#46.48
-143.263,68.2515#27.4#26.1#46.5
-143.115,68.2449#27.37#26.1#46.53
-142.966,68.2382#27.35#26.1#46.55
-142.818,68.2314#27.33#26.1#46.57
-142.67,68.2244#27.31#26.1#46.59
-142.522,68.2172#27.29#26.1#46.61
-142.375,68.21#27.27#26.1#46.63
-142.227,68.2026#27.25#26.11#46.64
-142.079,68.195#27.23#26.11#46.66
-141.932,68.1873#27.21#26.11#46.68
-141.785,68.1795#27.19#26.11#46.7
-141.637,68.1715#27.17#26.11#46.72
-141.49,68.1634#27.16#26.11#46.73
-141.343,68.1551#27.14#26.11#46.75
-141.196,68.1467#27.13#26.11#46.76
-141.049,68.1382#27.12#26.11#46.77
-140.903,68.1295#27.11#26.11#46.78
-140.756,68.1207#27.1#26.12#46.78
-140.61,68.1117#27.1#26.12#46.78
-140.463,68.1026#27.09#26.12#46.79
-140.317,68.0934#27.09#26.12#46.79
-140.171,68.084#27.08#26.12#46.8
-140.025,68.0745#27.08#26.12#46.8
-139.879,68.0649#27.07#26.12#46.81
-139.734,68.0551#27.07#26.13#46.8
-139.588,68.0452#27.06#26.13#46.81
-139.443,68.0351#27.05#26.13#46.82
-139.297,68.0249#27.05#26.13#46.82
-139.152,68.0146#27.05#26.13#46.82
-139.007,68.0041#27.04#26.13#46.83
-138.863,67.9935#27.04#26.13#46.83
-138.718,67.9827#27.04#26.14#46.82
-138.573,67.9718#27.03#26.14#46.83
-138.429,67.9608#27.03#26.14#46.83
-138.285,67.9497#27.03#26.14#46.83
-138.14,67.9384#27.02#26.14#46.84
-137.997,67.9269#27.02#26.15#46.83
-137.853,67.9154#27.02#26.15#46.83
-137.709,67.9037#27.02#26.15#46.83
-162.895,67.9096#32.33#26.08#41.59
-162.752,67.9218#32.42#26.08#41.5
-162.608,67.934#32.52#26.08#41.4
-162.464,67.946#32.61#26.08#41.31
-162.321,67.9578#32.69#26.08#41.23
-162.177,67.9696#32.77#26.08#41.15
-162.032,67.9812#32.84#26.08#41.08
-161.888,67.9926#32.86#26.08#41.06
-161.744,68.0039#32.86#26.08#41.06
-161.599,68.0151#32.86#26.08#41.06
-161.454,68.0262#32.85#26.08#41.07
-161.309,68.0371#32.84#26.08#41.08
-161.164,68.0479#32.82#26.08#41.1
-161.019,68.0585#32.81#26.08#41.11
-160.874,68.069#32.8#26.08#41.12
-160.728,68.0794#32.79#26.08#41.13
-160.583,68.0896#32.78#26.08#41.14
-160.437,68.0997#32.77#26.08#41.15
-160.291,68.1096#32.76#26.08#41.16
-160.145,68.1194#32.75#26.08#41.17
-159.999,68.1291#32.74#26.08#41.18
-159.852,68.1387#32.74#26.08#41.18
-159.706,68.148#32.74#26.08#41.18
-159.559,68.1573#32.74#26.08#41.18
-159.413,68.1664#32.74#26.08#41.18
-159.266,68.1754#32.74#26.08#41.18
-159.119,68.1842#32.73#26.08#41.19
-158.972,68.1929#32.74#26.08#41.18
-158.825,68.2015#32.75#26.08#41.17
-158.677,68.2099#32.76#26.08#41.16
-158.53,68.2182#32.77#26.08#41.15
-158.383,68.2263#32.76#26.08#41.16
-158.235,68.2343#32.74#26.08#41.18
-158.087,68.2422#32.71#26.08#41.21
-157.939,68.2499#32.66#26.08#41.26
-157.791,68.2575#32.57#26.08#41.35
-157.643,68.2649#32.47#26.08#41.45
-157.495,68.2722#32.38#26.08#41.54
-157.347,68.2793#32.29#26.08#41.63
-157.198,68.2863#32.2#26.08#41.72
-157.05,68.2932#32.11#26.08#41.81
-156.901,68.2999#32.01#26.08#41.91
-156.753,68.3065#31.92#26.08#42
-156.604,68.3129#31.82#26.08#42.1
-156.455,68.3192#31.73#26.08#42.19
-156.306,68.3254#31.64#26.08#42.28
-156.157,68.3314#31.55#26.08#42.37
-156.008,68.3373#31.46#26.08#42.46
-155.859,68.343#31.37#26.08#42.55
-155.71,68.3486#31.28#26.08#42.64
-155.56,68.354#31.19#26.08#42.73
-155.411,68.3593#31.11#26.08#42.81
-155.262,68.3644#31.02#26.08#42.9
-155.112,68.3694#30.94#26.08#42.98
-154.962,68.3743#30.86#26.08#43.06
-154.813,68.379#30.78#26.08#43.14
-154.663,68.3836#30.69#26.08#43.23
-154.513,68.388#30.61#26.08#43.31
-154.363,68.3923#30.52#26.08#43.4
-154.213,68.3965#30.43#26.08#43.49
-154.063,68.4004#30.33#26.08#43.59
-153.913,68.4043#30.24#26.08#43.68
-153.763,68.408#30.14#26.08#43.78
-153.613,68.4116#30.05#26.08#43.87
-153.463,68.415#29.96#26.08#43.96
-153.313,68.4183#29.87#26.08#44.05
-153.162,68.4214#29.78#26.08#44.14
-153.012,68.4244#29.7#26.08#44.22
-152.862,68.4272#29.62#26.08#44.3
-152.711,68.4299#29.54#26.08#44.38
-152.561,68.4324#29.46#26.08#44.46
-152.41,68.4348#29.39#26.08#44.53
-152.26,68.4371#29.32#26.08#44.6
-152.109,68.4392#29.25#26.08#44.67
-151.958,68.4412#29.18#26.08#44.74
-151.808,68.443#29.12#26.08#44.8
-151.657,68.4447#29.05#26.08#44.87
-151.507,68.4462#28.99#26.08#44.93
-151.356,68.4476#28.93#26.08#44.99
-151.205,68.4488#28.88#26.08#45.04
