-152.493,57.9#67.15#26.26#6.58999999999999
-152.394,57.9023#66.83#26.26#6.91
-152.294,57.9044#66.5#26.26#7.23999999999999
-152.194,57.9065#66.18#26.26#7.55999999999999
-152.095,57.9085#65.85#26.27#7.88000000000001
-151.995,57.9104#65.52#26.27#8.21000000000001
-151.895,57.9122#65.15#26.27#8.58
-151.796,57.9139#64.78#26.27#8.95
-151.696,57.9155#64.41#26.28#9.31
-151.596,57.917#64.05#26.28#9.67
-151.496,57.9185#63.67#26.28#10.05
-151.397,57.9198#63.17#26.28#10.55
-151.297,57.921#62.67#26.29#11.04
-151.197,57.9222#62.16#26.29#11.55
-151.097,57.9233#61.66#26.29#12.05
-150.997,57.9242#61.15#26.3#12.55
-150.898,57.9251#60.66#26.3#13.04
-150.798,57.9259#60.17#26.3#13.53
-150.698,57.9266#59.68#26.3#14.02
-150.598,57.9272#59.19#26.31#14.5
-150.498,57.9277#58.71#26.31#14.98
-150.399,57.9281#58.37#26.31#15.32
-150.299,57.9284#58.04#26.31#15.65
-150.199,57.9286#57.7#26.32#15.98
-150.099,57.9288#57.36#26.32#16.32
-149.999,57.9288#57.03#26.32#16.65
-149.9,57.9288#56.7#26.33#16.97
-149.8,57.9286#56.37#26.33#17.3
-149.7,57.9284#56.04#26.33#17.63
-149.6,57.9281#55.71#26.34#17.95
-149.5,57.9277#55.39#26.34#18.27
-149.4,57.9272#55.07#26.34#18.59
-149.301,57.9266#54.75#26.34#18.91
-149.201,57.9259#54.44#26.35#19.21
-149.101,57.9251#54.12#26.35#19.53
-149.001,57.9242#53.8#26.35#19.85
-148.901,57.9232#53.5#26.36#20.14
-148.802,57.9222#53.19#26.36#20.45
-148.702,57.921#52.88#26.36#20.76
-148.602,57.9198#52.58#26.37#21.05
-148.502,57.9184#52.27#26.37#21.36
-148.403,57.917#51.98#26.37#21.65
-148.303,57.9155#51.68#26.38#21.94
-148.203,57.9139#51.39#26.38#22.23
-148.103,57.9122#51.09#26.38#22.53
-148.004,57.9104#50.8#26.39#22.81
-147.904,57.9085#50.58#26.39#23.03
-147.804,57.9065#50.37#26.39#23.24
-147.705,57.9044#50.16#26.4#23.44
-147.605,57.9022#49.95#26.4#23.65
-147.505,57.9#49.74#26.4#23.86
-154.192,57.9004#69.75#26.22#4.03
-154.092,57.9042#69.71#26.22#4.07000000000001
-153.993,57.9079#69.67#26.22#4.11
-153.893,57.9116#69.57#26.22#4.21000000000001
-153.794,57.9151#69.47#26.23#4.3
-153.694,57.9186#69.37#26.23#4.39999999999999
-153.594,57.922#69.27#26.23#4.5
-153.495,57.9252#69.17#26.23#4.59999999999999
-153.395,57.9284#69#26.23#4.77
-153.296,57.9315#68.83#26.24#4.93000000000001
-153.196,57.9345#68.65#26.24#5.11
-153.096,57.9374#68.48#26.24#5.28
-152.996,57.9403#68.3#26.24#5.46000000000001
-152.897,57.943#68.05#26.25#5.7
-152.797,57.9456#67.79#26.25#5.95999999999999
-152.697,57.9482#67.54#26.25#6.20999999999999
-152.597,57.9506#67.28#26.25#6.47
-152.498,57.953#67.03#26.25#6.72
-152.398,57.9552#66.7#26.26#7.03999999999999
-152.298,57.9574#66.37#26.26#7.36999999999999
-152.198,57.9595#66.04#26.26#7.69999999999999
-152.098,57.9615#65.71#26.26#8.03
-151.998,57.9634#65.38#26.27#8.35000000000001
-151.899,57.9652#65.02#26.27#8.71000000000001
-151.799,57.9669#64.66#26.27#9.07000000000001
-151.699,57.9685#64.3#26.27#9.43000000000001
-151.599,57.97#63.95#26.28#9.77
-151.499,57.9714#63.59#26.28#10.13
-151.399,57.9728#63.07#26.28#10.65
-151.299,57.974#62.55#26.28#11.17
-151.199,57.9752#62.03#26.29#11.68
-151.099,57.9762#61.51#26.29#12.2
-150.999,57.9772#60.99#26.29#12.72
-150.899,57.9781#60.51#26.3#13.19
-150.799,57.9789#60.04#26.3#13.66
-150.699,57.9796#59.56#26.3#14.14
-150.599,57.9802#59.09#26.3#14.61
-150.499,57.9807#58.62#26.31#15.07
-150.399,57.9811#58.28#26.31#15.41
-150.299,57.9814#57.95#26.31#15.74
-150.199,57.9817#57.61#26.31#16.08
-150.099,57.9818#57.28#26.32#16.4
-149.999,57.9818#56.94#26.32#16.74
-149.899,57.9818#56.61#26.32#17.07
-149.799,57.9817#56.28#26.33#17.39
-149.699,57.9814#55.95#26.33#17.72
-149.599,57.9811#55.62#26.33#18.05
-149.499,57.9807#55.3#26.33#18.37
-149.399,57.9802#54.98#26.34#18.68
-149.299,57.9796#54.66#26.34#19
-149.199,57.9789#54.34#26.34#19.32
-149.099,57.9781#54.03#26.35#19.62
-149,57.9772#53.71#26.35#19.94
-148.9,57.9762#53.4#26.35#20.25
-148.8,57.9752#53.09#26.36#20.55
-148.7,57.974#52.79#26.36#20.85
-148.6,57.9728#52.48#26.36#21.16
-148.5,57.9714#52.17#26.37#21.46
-148.4,57.97#51.88#26.37#21.75
-148.3,57.9685#51.58#26.37#22.05
-148.2,57.9668#51.28#26.38#22.34
-148.1,57.9651#50.99#26.38#22.63
-148,57.9633#50.69#26.38#22.93
-147.9,57.9614#50.49#26.39#23.12
-147.801,57.9594#50.29#26.39#23.32
-147.701,57.9574#50.09#26.39#23.52
-147.601,57.9552#49.89#26.4#23.71
-147.501,57.9529#49.69#26.4#23.91
-147.401,57.9506#49.58#26.4#24.02
-147.302,57.9481#49.47#26.41#24.12
-147.202,57.9456#49.36#26.41#24.23
-147.102,57.9429#49.25#26.41#24.34
-147.002,57.9402#49.13#26.42#24.45
-146.903,57.9374#49.03#26.42#24.55
-146.803,57.9345#48.93#26.42#24.65
-146.703,57.9315#48.83#26.43#24.74
-146.604,57.9284#48.73#26.43#24.84
-146.504,57.9252#48.63#26.43#24.94
-146.404,57.9219#48.53#26.44#25.03
-146.305,57.9186#48.44#26.44#25.12
-146.205,57.9151#48.35#26.44#25.21
-146.106,57.9115#48.25#26.45#25.3
-146.006,57.9079#48.16#26.45#25.39
-145.907,57.9042#48.07#26.46#25.47
-145.807,57.9003#47.99#26.46#25.55
-155.393,57.9001#69.9#26.19#3.91
-155.293,57.905#69.9#26.19#3.91
-155.194,57.9098#69.89#26.2#3.91
-155.095,57.9146#69.89#26.2#3.91
-154.995,57.9193#69.89#26.2#3.91
-154.896,57.9238#69.89#26.2#3.91
-154.796,57.9283#69.88#26.2#3.92
-154.697,57.9327#69.87#26.2#3.92999999999999
-154.597,57.937#69.86#26.21#3.93000000000001
-154.498,57.9412#69.85#26.21#3.94
-154.398,57.9453#69.81#26.21#3.97999999999999
-154.299,57.9493#69.77#26.21#4.02000000000001
-154.199,57.9532#69.73#26.21#4.06
-154.099,57.9571#69.69#26.22#4.09
-154,57.9608#69.64#26.22#4.14
-153.9,57.9645#69.54#26.22#4.23999999999999
-153.8,57.968#69.44#26.22#4.34
-153.701,57.9715#69.33#26.22#4.45
-153.601,57.9749#69.23#26.23#4.53999999999999
-153.501,57.9782#69.12#26.23#4.64999999999999
-153.401,57.9813#68.94#26.23#4.83
-153.301,57.9844#68.76#26.23#5.00999999999999
-153.201,57.9875#68.58#26.24#5.18000000000001
-153.102,57.9904#68.4#26.24#5.36
-153.002,57.9932#68.21#26.24#5.55000000000001
-152.902,57.9959#67.95#26.24#5.81
-152.802,57.9986#67.69#26.24#6.07000000000001
-152.702,58.0011#67.43#26.25#6.31999999999999
-152.602,58.0036#67.16#26.25#6.59
-152.502,58.0059#66.9#26.25#6.84999999999999
-152.402,58.0082#66.57#26.25#7.18000000000001
-152.302,58.0104#66.23#26.26#7.50999999999999
-152.202,58.0124#65.9#26.26#7.83999999999999
-152.102,58.0144#65.56#26.26#8.17999999999999
-152.002,58.0163#65.23#26.26#8.50999999999999
-151.902,58.0181#64.88#26.27#8.85000000000001
-151.802,58.0199#64.53#26.27#9.2
-151.702,58.0215#64.19#26.27#9.54000000000001
-151.602,58.023#63.85#26.27#9.88
-151.502,58.0244#63.5#26.28#10.22
-151.401,58.0258#62.97#26.28#10.75
-151.301,58.027#62.43#26.28#11.29
-151.201,58.0282#61.9#26.28#11.82
-151.101,58.0293#61.36#26.29#12.35
-151.001,58.0302#60.82#26.29#12.89
-150.901,58.0311#60.36#26.29#13.35
-150.801,58.0319#59.9#26.29#13.81
-150.701,58.0326#59.44#26.3#14.26
-150.6,58.0332#58.99#26.3#14.71
-150.5,58.0337#58.53#26.3#15.17
-150.4,58.0341#58.19#26.31#15.5
-150.3,58.0344#57.86#26.31#15.83
-150.2,58.0347#57.52#26.31#16.17
-150.1,58.0348#57.19#26.31#16.5
-149.999,58.0349#56.85#26.32#16.83
-149.899,58.0348#56.52#26.32#17.16
-149.799,58.0347#56.19#26.32#17.49
-149.699,58.0344#55.86#26.33#17.81
-149.599,58.0341#55.53#26.33#18.14
-149.499,58.0337#55.21#26.33#18.46
-149.398,58.0332#54.89#26.33#18.78
-149.298,58.0326#54.57#26.34#19.09
-149.198,58.0319#54.25#26.34#19.41
-149.098,58.0311#53.93#26.34#19.73
-148.998,58.0302#53.62#26.35#20.03
-148.898,58.0292#53.31#26.35#20.34
-148.798,58.0282#53#26.35#20.65
-148.697,58.027#52.69#26.36#20.95
-148.597,58.0258#52.38#26.36#21.26
-148.497,58.0244#52.07#26.36#21.57
-148.397,58.023#51.78#26.37#21.85
-148.297,58.0215#51.48#26.37#22.15
-148.197,58.0198#51.18#26.37#22.45
-148.097,58.0181#50.89#26.38#22.73
-147.997,58.0163#50.59#26.38#23.03
-147.897,58.0144#50.41#26.38#23.21
-147.797,58.0124#50.21#26.38#23.41
-147.697,58.0103#50.02#26.39#23.59
-147.597,58.0082#49.83#26.39#23.78
-147.497,58.0059#49.64#26.4#23.96
-147.397,58.0035#49.53#26.4#24.07
-147.297,58.0011#49.42#26.4#24.18
-147.197,57.9985#49.31#26.41#24.28
-147.097,57.9959#49.2#26.41#24.39
-146.997,57.9932#49.09#26.41#24.5
-146.897,57.9903#48.99#26.42#24.59
-146.797,57.9874#48.89#26.42#24.69
-146.697,57.9844#48.79#26.42#24.79
-146.598,57.9813#48.68#26.43#24.89
-146.498,57.9781#48.58#26.43#24.99
-146.398,57.9748#48.49#26.43#25.08
-146.298,57.9715#48.39#26.44#25.17
-146.198,57.968#48.3#26.44#25.26
-146.099,57.9644#48.21#26.44#25.35
-145.999,57.9608#48.11#26.45#25.44
-145.899,57.957#48.03#26.45#25.52
-145.8,57.9532#47.94#26.46#25.6
-145.7,57.9493#47.85#26.46#25.69
-145.601,57.9452#47.77#26.46#25.77
-145.501,57.9411#47.68#26.47#25.85
-145.401,57.9369#47.6#26.47#25.93
-145.302,57.9326#47.52#26.47#26.01
-145.202,57.9282#47.44#26.48#26.08
-145.103,57.9238#47.35#26.48#26.17
-145.004,57.9192#47.27#26.49#26.24
-144.904,57.9145#47.2#26.49#26.31
-144.805,57.9098#47.12#26.49#26.39
-144.705,57.9049#47.04#26.5#26.46
-144.606,57.9#46.97#26.5#26.53
-156.296,57.9042#69.9#26.17#3.92999999999999
-156.197,57.91#69.9#26.18#3.91999999999999
-156.097,57.9157#69.9#26.18#3.91999999999999
-155.998,57.9212#69.9#26.18#3.91999999999999
-155.899,57.9267#69.9#26.18#3.91999999999999
-155.8,57.9321#69.9#26.18#3.91999999999999
-155.7,57.9374#69.9#26.18#3.91999999999999
-155.601,57.9427#69.9#26.19#3.91
-155.501,57.9478#69.9#26.19#3.91
-155.402,57.9528#69.9#26.19#3.91
-155.302,57.9578#69.9#26.19#3.91
-155.203,57.9626#69.89#26.19#3.92
-155.103,57.9674#69.89#26.19#3.92
-155.004,57.9721#69.89#26.2#3.91
-154.904,57.9766#69.88#26.2#3.92
-154.805,57.9811#69.87#26.2#3.92999999999999
-154.705,57.9855#69.87#26.2#3.92999999999999
-154.605,57.9898#69.86#26.2#3.94
-154.506,57.994#69.85#26.21#3.94
-154.406,57.9981#69.8#26.21#3.99000000000001
-154.306,58.0022#69.76#26.21#4.03
-154.206,58.0061#69.71#26.21#4.08000000000001
-154.106,58.01#69.67#26.21#4.12
-154.007,58.0137#69.62#26.22#4.16
-153.907,58.0174#69.52#26.22#4.26000000000001
-153.807,58.0209#69.4#26.22#4.38
-153.707,58.0244#69.29#26.22#4.48999999999999
-153.607,58.0278#69.18#26.22#4.59999999999999
-153.507,58.0311#69.07#26.23#4.7
-153.407,58.0343#68.88#26.23#4.89
-153.307,58.0374#68.7#26.23#5.06999999999999
-153.207,58.0404#68.51#26.23#5.25999999999999
-153.107,58.0433#68.32#26.23#5.45
-153.007,58.0461#68.13#26.24#5.63000000000001
-152.907,58.0489#67.86#26.24#5.90000000000001
-152.807,58.0515#67.59#26.24#6.17
-152.707,58.0541#67.32#26.24#6.44000000000001
-152.607,58.0565#67.05#26.25#6.7
-152.506,58.0589#66.77#26.25#6.98
-152.406,58.0612#66.44#26.25#7.31
-152.306,58.0634#66.1#26.25#7.65000000000001
-152.206,58.0654#65.76#26.26#7.97999999999999
-152.106,58.0674#65.42#26.26#8.31999999999999
-152.005,58.0693#65.08#26.26#8.66
-151.905,58.0711#64.74#26.26#9
-151.805,58.0729#64.41#26.27#9.32000000000001
-151.705,58.0745#64.08#26.27#9.65000000000001
-151.604,58.076#63.75#26.27#9.98
-151.504,58.0775#63.41#26.27#10.32
-151.404,58.0788#62.87#26.28#10.85
-151.304,58.0801#62.32#26.28#11.4
-151.203,58.0812#61.77#26.28#11.95
-151.103,58.0823#61.21#26.28#12.51
-151.003,58.0833#60.66#26.29#13.05
-150.902,58.0841#60.21#26.29#13.5
-150.802,58.0849#59.77#26.29#13.94
-150.702,58.0856#59.33#26.29#14.38
-150.601,58.0862#58.88#26.3#14.82
-150.501,58.0867#58.44#26.3#15.26
-150.401,58.0872#58.1#26.3#15.6
-150.3,58.0875#57.77#26.3#15.93
-150.2,58.0877#57.43#26.31#16.26
-150.1,58.0879#57.1#26.31#16.59
-149.999,58.0879#56.77#26.31#16.92
-149.899,58.0879#56.44#26.32#17.24
-149.799,58.0877#56.11#26.32#17.57
-149.698,58.0875#55.78#26.32#17.9
-149.598,58.0872#55.45#26.33#18.22
-149.498,58.0867#55.12#26.33#18.55
-149.397,58.0862#54.8#26.33#18.87
-149.297,58.0856#54.48#26.33#19.19
-149.197,58.0849#54.16#26.34#19.5
-149.096,58.0841#53.84#26.34#19.82
-148.996,58.0832#53.52#26.34#20.14
-148.896,58.0823#53.21#26.35#20.44
-148.795,58.0812#52.9#26.35#20.75
-148.695,58.08#52.59#26.35#21.06
-148.595,58.0788#52.28#26.36#21.36
-148.495,58.0774#51.97#26.36#21.67
-148.394,58.076#51.67#26.36#21.97
-148.294,58.0745#51.38#26.36#22.26
-148.194,58.0728#51.08#26.37#22.55
-148.094,58.0711#50.78#26.37#22.85
-147.993,58.0693#50.5#26.37#23.13
-147.893,58.0674#50.32#26.38#23.3
-147.793,58.0654#50.14#26.38#23.48
-147.693,58.0633#49.96#26.38#23.66
-147.592,58.0611#49.77#26.39#23.84
-147.492,58.0589#49.6#26.39#24.01
-147.392,58.0565#49.49#26.39#24.12
-147.292,58.054#49.38#26.4#24.22
-147.192,58.0515#49.27#26.4#24.33
-147.092,58.0488#49.16#26.4#24.44
-146.992,58.0461#49.05#26.41#24.54
-146.892,58.0433#48.94#26.41#24.65
-146.792,58.0404#48.84#26.42#24.74
-146.692,58.0373#48.74#26.42#24.84
-146.592,58.0342#48.64#26.42#24.94
-146.492,58.031#48.54#26.43#25.03
-146.392,58.0277#48.44#26.43#25.13
-146.292,58.0244#48.35#26.43#25.22
-146.192,58.0209#48.25#26.44#25.31
-146.092,58.0173#48.16#26.44#25.4
-145.992,58.0137#48.07#26.44#25.49
-145.892,58.0099#47.98#26.45#25.57
-145.792,58.0061#47.89#26.45#25.66
-145.693,58.0021#47.81#26.45#25.74
-145.593,57.9981#47.72#26.46#25.82
-145.493,57.994#47.63#26.46#25.91
-145.393,57.9898#47.55#26.47#25.98
-145.294,57.9855#47.47#26.47#26.06
-145.194,57.9811#47.39#26.47#26.14
-145.094,57.9766#47.31#26.48#26.21
-144.995,57.972#47.23#26.48#26.29
-144.895,57.9673#47.15#26.49#26.36
-144.796,57.9626#47.07#26.49#26.44
-144.696,57.9577#47#26.49#26.51
-144.597,57.9528#46.92#26.5#26.58
-144.497,57.9477#46.84#26.5#26.66
-144.398,57.9426#46.77#26.5#26.73
-144.299,57.9374#46.7#26.51#26.79
-144.199,57.9321#46.63#26.51#26.86
-144.1,57.9267#46.55#26.52#26.93
-144.001,57.9212#46.48#26.52#27
-143.901,57.9156#46.41#26.52#27.07
-143.802,57.9099#46.35#26.53#27.12
-143.703,57.9041#46.28#26.53#27.19
-157.199,57.9008#69.9#26.16#3.94
-157.1,57.9074#69.9#26.16#3.94
-157.001,57.9139#69.9#26.16#3.94
-156.902,57.9203#69.9#26.16#3.94
-156.803,57.9266#69.9#26.16#3.94
-156.704,57.9329#69.9#26.17#3.92999999999999
-156.604,57.939#69.9#26.17#3.92999999999999
-156.505,57.9451#69.9#26.17#3.92999999999999
-156.406,57.951#69.9#26.17#3.92999999999999
-156.307,57.9569#69.9#26.17#3.92999999999999
-156.207,57.9627#69.9#26.17#3.92999999999999
-156.108,57.9684#69.9#26.18#3.91999999999999
-156.009,57.974#69.9#26.18#3.91999999999999
-155.909,57.9795#69.9#26.18#3.91999999999999
-155.81,57.9849#69.9#26.18#3.91999999999999
-155.71,57.9902#69.9#26.18#3.91999999999999
-155.611,57.9954#69.9#26.18#3.91999999999999
-155.511,58.0006#69.9#26.19#3.91
-155.411,58.0056#69.9#26.19#3.91
-155.312,58.0106#69.9#26.19#3.91
-155.212,58.0154#69.89#26.19#3.92
-155.112,58.0202#69.89#26.19#3.92
-155.013,58.0249#69.89#26.19#3.92
-154.913,58.0295#69.88#26.2#3.92
-154.813,58.034#69.87#26.2#3.92999999999999
-154.713,58.0384#69.86#26.2#3.94
-154.613,58.0427#69.85#26.2#3.95
-154.513,58.0469#69.84#26.2#3.95999999999999
-154.414,58.051#69.8#26.21#3.99000000000001
-154.314,58.0551#69.75#26.21#4.03999999999999
-154.214,58.059#69.7#26.21#4.09
-154.114,58.0628#69.65#26.21#4.13999999999999
-154.014,58.0666#69.6#26.21#4.19
-153.914,58.0703#69.49#26.22#4.29000000000001
-153.814,58.0738#69.37#26.22#4.41
-153.713,58.0773#69.25#26.22#4.53
-153.613,58.0807#69.13#26.22#4.65000000000001
-153.513,58.084#69.02#26.22#4.76000000000001
-153.413,58.0872#68.83#26.23#4.94
-153.313,58.0903#68.63#26.23#5.14
-153.213,58.0933#68.44#26.23#5.33
-153.112,58.0963#68.24#26.23#5.53
-153.012,58.0991#68.04#26.23#5.72999999999999
-152.912,58.1019#67.77#26.24#5.99000000000001
-152.812,58.1045#67.49#26.24#6.27000000000001
-152.711,58.1071#67.21#26.24#6.55000000000001
-152.611,58.1095#66.93#26.24#6.83
-152.511,58.1119#66.65#26.25#7.09999999999999
-152.41,58.1142#66.31#26.25#7.44
-152.31,58.1164#65.97#26.25#7.78
-152.21,58.1184#65.62#26.25#8.13
-152.109,58.1204#65.27#26.26#8.47
-152.009,58.1223#64.93#26.26#8.80999999999999
-151.909,58.1242#64.6#26.26#9.14
-151.808,58.1259#64.28#26.26#9.45999999999999
-151.708,58.1275#63.96#26.26#9.78
-151.607,58.129#63.64#26.27#10.09
-151.507,58.1305#63.32#26.27#10.41
-151.406,58.1318#62.77#26.27#10.96
-151.306,58.1331#62.21#26.27#11.52
-151.205,58.1343#61.64#26.28#12.08
-151.105,58.1353#61.07#26.28#12.65
-151.004,58.1363#60.5#26.28#13.22
-150.904,58.1372#60.06#26.29#13.65
-150.803,58.138#59.63#26.29#14.08
-150.703,58.1387#59.21#26.29#14.5
-150.602,58.1393#58.78#26.29#14.93
-150.502,58.1398#58.35#26.3#15.35
-150.401,58.1402#58.02#26.3#15.68
-150.301,58.1405#57.68#26.3#16.02
-150.2,58.1408#57.35#26.3#16.35
-150.1,58.1409#57.01#26.31#16.68
-149.999,58.1409#56.68#26.31#17.01
-149.899,58.1409#56.35#26.31#17.34
-149.798,58.1408#56.02#26.32#17.66
-149.698,58.1405#55.69#26.32#17.99
-149.597,58.1402#55.36#26.32#18.32
-149.497,58.1398#55.03#26.32#18.65
-149.396,58.1393#54.71#26.33#18.96
-149.296,58.1387#54.39#26.33#19.28
-149.195,58.138#54.07#26.33#19.6
-149.095,58.1372#53.75#26.34#19.91
-148.994,58.1363#53.43#26.34#20.23
-148.894,58.1353#53.12#26.34#20.54
-148.793,58.1342#52.8#26.35#20.85
-148.693,58.1331#52.49#26.35#21.16
-148.592,58.1318#52.18#26.35#21.47
-148.492,58.1305#51.87#26.35#21.78
-148.391,58.129#51.57#26.36#22.07
-148.291,58.1275#51.28#26.36#22.36
-148.191,58.1259#50.98#26.36#22.66
-148.09,58.1241#50.68#26.37#22.95
-147.99,58.1223#50.4#26.37#23.23
-147.889,58.1204#50.23#26.37#23.4
-147.789,58.1184#50.06#26.38#23.56
-147.689,58.1163#49.89#26.38#23.73
-147.588,58.1141#49.72#26.38#23.9
-147.488,58.1119#49.55#26.39#24.06
-147.388,58.1095#49.44#26.39#24.17
-147.287,58.107#49.33#26.39#24.28
-147.187,58.1045#49.22#26.4#24.38
-147.087,58.1018#49.11#26.4#24.49
-146.987,58.0991#49#26.4#24.6
-146.886,58.0962#48.9#26.41#24.69
-146.786,58.0933#48.8#26.41#24.79
-146.686,58.0903#48.69#26.41#24.9
-146.586,58.0872#48.59#26.42#24.99
-146.486,58.084#48.49#26.42#25.09
-146.385,58.0807#48.4#26.43#25.17
-146.285,58.0773#48.3#26.43#25.27
-146.185,58.0738#48.21#26.43#25.36
-146.085,58.0702#48.11#26.44#25.45
-145.985,58.0666#48.02#26.44#25.54
-145.885,58.0628#47.93#26.44#25.63
-145.785,58.0589#47.85#26.45#25.7
-145.685,58.055#47.76#26.45#25.79
-145.585,58.051#47.67#26.45#25.88
-145.485,58.0468#47.59#26.46#25.95
-145.385,58.0426#47.51#26.46#26.03
-145.286,58.0383#47.42#26.47#26.11
-145.186,58.0339#47.34#26.47#26.19
-145.086,58.0294#47.26#26.47#26.27
-144.986,58.0248#47.18#26.48#26.34
-144.886,58.0201#47.1#26.48#26.42
-144.787,58.0154#47.03#26.49#26.48
-144.687,58.0105#46.95#26.49#26.56
-144.587,58.0055#46.87#26.49#26.64
-144.488,58.0005#46.8#26.5#26.7
-144.388,57.9954#46.73#26.5#26.77
-144.289,57.9901#46.65#26.5#26.85
-144.189,57.9848#46.58#26.51#26.91
-144.09,57.9794#46.51#26.51#26.98
-143.99,57.9739#46.44#26.52#27.04
-143.891,57.9683#46.37#26.52#27.11
-143.791,57.9626#46.3#26.52#27.18
-143.692,57.9568#46.23#26.53#27.24
-143.593,57.951#46.17#26.53#27.3
-143.494,57.945#46.1#26.54#27.36
-143.394,57.9389#46.04#26.54#27.42
-143.295,57.9328#45.98#26.55#27.47
-143.196,57.9266#45.92#26.55#27.53
-143.097,57.9202#45.85#26.55#27.6
-142.998,57.9138#45.79#26.56#27.65
-142.899,57.9073#45.74#26.56#27.7
-142.8,57.9007#45.68#26.57#27.75
-157.904,57.9046#69.9#26.15#3.94999999999999
-157.805,57.9118#69.9#26.15#3.94999999999999
-157.706,57.919#69.9#26.15#3.94999999999999
-157.607,57.926#69.9#26.15#3.94999999999999
-157.508,57.933#69.9#26.15#3.94999999999999
-157.409,57.9399#69.9#26.15#3.94999999999999
-157.31,57.9467#69.9#26.16#3.94
-157.211,57.9534#69.9#26.16#3.94
-157.112,57.96#69.9#26.16#3.94
-157.013,57.9665#69.9#26.16#3.94
-156.914,57.9729#69.9#26.16#3.94
-156.815,57.9793#69.9#26.16#3.94
-156.715,57.9855#69.9#26.16#3.94
-156.616,57.9917#69.9#26.17#3.92999999999999
-156.517,57.9977#69.9#26.17#3.92999999999999
-156.417,58.0037#69.9#26.17#3.92999999999999
-156.318,58.0096#69.9#26.17#3.92999999999999
-156.218,58.0154#69.9#26.17#3.92999999999999
-156.119,58.0211#69.9#26.17#3.92999999999999
-156.019,58.0267#69.9#26.17#3.92999999999999
-155.919,58.0322#69.9#26.18#3.91999999999999
-155.82,58.0376#69.9#26.18#3.91999999999999
-155.72,58.043#69.9#26.18#3.91999999999999
-155.62,58.0482#69.9#26.18#3.91999999999999
-155.521,58.0533#69.9#26.18#3.91999999999999
-155.421,58.0584#69.9#26.18#3.91999999999999
-155.321,58.0634#69.9#26.19#3.91
-155.221,58.0682#69.89#26.19#3.92
-155.121,58.073#69.89#26.19#3.92
-155.021,58.0777#69.89#26.19#3.92
-154.921,58.0823#69.88#26.19#3.93000000000001
-154.821,58.0868#69.87#26.2#3.92999999999999
-154.721,58.0912#69.86#26.2#3.94
-154.621,58.0955#69.85#26.2#3.95
-154.521,58.0998#69.83#26.2#3.97
-154.421,58.1039#69.79#26.2#4.00999999999999
-154.321,58.1079#69.74#26.2#4.06
-154.221,58.1119#69.68#26.21#4.10999999999999
-154.121,58.1158#69.63#26.21#4.16
-154.021,58.1195#69.57#26.21#4.22
-153.92,58.1232#69.47#26.21#4.31999999999999
-153.82,58.1268#69.34#26.21#4.44999999999999
-153.72,58.1303#69.22#26.22#4.56
-153.62,58.1337#69.09#26.22#4.69
-153.519,58.137#68.96#26.22#4.82000000000001
-153.419,58.1402#68.77#26.22#5.01000000000001
-153.319,58.1433#68.57#26.23#5.2
-153.218,58.1463#68.36#26.23#5.41
-153.118,58.1492#68.16#26.23#5.61
-153.018,58.1521#67.95#26.23#5.81999999999999
-152.917,58.1548#67.68#26.23#6.08999999999999
-152.817,58.1575#67.39#26.24#6.37
-152.716,58.1601#67.1#26.24#6.66000000000001
-152.616,58.1625#66.81#26.24#6.95
-152.515,58.1649#66.53#26.24#7.23
-152.415,58.1672#66.18#26.24#7.58
-152.314,58.1694#65.83#26.25#7.92
-152.214,58.1715#65.48#26.25#8.27
-152.113,58.1735#65.13#26.25#8.62
-152.013,58.1754#64.78#26.25#8.97
-151.912,58.1772#64.46#26.26#9.28
-151.811,58.1789#64.15#26.26#9.58999999999999
-151.711,58.1805#63.84#26.26#9.89999999999999
-151.61,58.1821#63.52#26.26#10.22
-151.509,58.1835#63.21#26.27#10.52
-151.409,58.1849#62.65#26.27#11.08
-151.308,58.1861#62.07#26.27#11.66
-151.208,58.1873#61.49#26.27#12.24
-151.107,58.1884#60.91#26.28#12.81
-151.006,58.1894#60.34#26.28#13.38
-150.906,58.1902#59.91#26.28#13.81
-150.805,58.191#59.5#26.28#14.22
-150.704,58.1917#59.09#26.29#14.62
-150.604,58.1923#58.67#26.29#15.04
-150.503,58.1928#58.26#26.29#15.45
-150.402,58.1933#57.92#26.3#15.78
-150.301,58.1936#57.59#26.3#16.11
-150.201,58.1938#57.25#26.3#16.45
-150.1,58.194#56.92#26.3#16.78
-149.999,58.194#56.58#26.31#17.11
-149.899,58.194#56.25#26.31#17.44
-149.798,58.1938#55.92#26.31#17.77
-149.697,58.1936#55.59#26.32#18.09
-149.597,58.1933#55.26#26.32#18.42
-149.496,58.1928#54.93#26.32#18.75
-149.395,58.1923#54.61#26.32#19.07
-149.295,58.1917#54.29#26.33#19.38
-149.194,58.191#53.97#26.33#19.7
-149.093,58.1902#53.65#26.33#20.02
-148.992,58.1893#53.33#26.34#20.33
-148.892,58.1884#53.02#26.34#20.64
-148.791,58.1873#52.71#26.34#20.95
-148.691,58.1861#52.39#26.35#21.26
-148.59,58.1849#52.08#26.35#21.57
-148.489,58.1835#51.77#26.35#21.88
-148.389,58.1821#51.47#26.35#22.18
-148.288,58.1805#51.18#26.36#22.46
-148.187,58.1789#50.88#26.36#22.76
-148.087,58.1772#50.58#26.36#23.06
-147.986,58.1754#50.3#26.37#23.33
-147.886,58.1734#50.14#26.37#23.49
-147.785,58.1714#49.98#26.37#23.65
-147.685,58.1693#49.82#26.38#23.8
-147.584,58.1671#49.66#26.38#23.96
-147.484,58.1649#49.51#26.38#24.11
-147.383,58.1625#49.4#26.39#24.21
-147.283,58.16#49.29#26.39#24.32
-147.182,58.1575#49.18#26.39#24.43
-147.082,58.1548#49.07#26.4#24.53
-146.981,58.1521#48.96#26.4#24.64
-146.881,58.1492#48.85#26.4#24.75
-146.78,58.1463#48.75#26.41#24.84
-146.68,58.1433#48.65#26.41#24.94
-146.58,58.1401#48.55#26.41#25.04
-146.479,58.1369#48.45#26.42#25.13
-146.379,58.1336#48.35#26.42#25.23
-146.279,58.1302#48.26#26.43#25.31
-146.179,58.1267#48.16#26.43#25.41
-146.078,58.1231#48.07#26.43#25.5
-145.978,58.1195#47.97#26.44#25.59
-145.878,58.1157#47.89#26.44#25.67
-145.778,58.1118#47.8#26.44#25.76
-145.678,58.1079#47.71#26.45#25.84
-145.577,58.1039#47.63#26.45#25.92
-145.477,58.0997#47.54#26.45#26.01
-145.377,58.0955#47.46#26.46#26.08
-145.277,58.0912#47.38#26.46#26.16
-145.177,58.0867#47.3#26.47#26.23
-145.077,58.0822#47.22#26.47#26.31
-144.977,58.0776#47.13#26.47#26.4
-144.877,58.073#47.06#26.48#26.46
-144.778,58.0682#46.98#26.48#26.54
-144.678,58.0633#46.9#26.49#26.61
-144.578,58.0583#46.83#26.49#26.68
-144.478,58.0533#46.75#26.49#26.76
-144.378,58.0481#46.68#26.5#26.82
-144.279,58.0429#46.61#26.5#26.89
-144.179,58.0376#46.54#26.5#26.96
-144.079,58.0321#46.46#26.51#27.03
-143.98,58.0266#46.39#26.51#27.1
-143.88,58.021#46.32#26.52#27.16
-143.781,58.0153#46.26#26.52#27.22
-143.681,58.0095#46.19#26.52#27.29
-143.582,58.0036#46.12#26.53#27.35
-143.482,57.9977#46.06#26.53#27.41
-143.383,57.9916#46#26.54#27.46
-143.284,57.9854#45.93#26.54#27.53
-143.184,57.9792#45.87#26.55#27.58
-143.085,57.9729#45.81#26.55#27.64
-142.986,57.9664#45.75#26.55#27.7
-142.887,57.9599#45.7#26.56#27.74
-142.787,57.9533#45.64#26.56#27.8
-142.688,57.9466#45.59#26.57#27.84
-142.589,57.9398#45.53#26.57#27.9
-142.49,57.9329#45.48#26.57#27.95
-142.391,57.926#45.43#26.58#27.99
-142.292,57.9189#45.38#26.58#28.04
-142.194,57.9117#45.33#26.59#28.08
-142.095,57.9045#45.28#26.59#28.13
-158.609,57.9038#69.9#26.14#3.95999999999999
-158.511,57.9116#69.9#26.14#3.95999999999999
-158.412,57.9194#69.9#26.14#3.95999999999999
-158.313,57.9272#69.9#26.14#3.95999999999999
-158.214,57.9348#69.9#26.14#3.95999999999999
-158.116,57.9423#69.9#26.14#3.95999999999999
-158.017,57.9497#69.9#26.14#3.95999999999999
-157.918,57.9571#69.9#26.15#3.94999999999999
-157.819,57.9643#69.9#26.15#3.94999999999999
-157.72,57.9715#69.9#26.15#3.94999999999999
-157.621,57.9786#69.9#26.15#3.94999999999999
-157.522,57.9856#69.9#26.15#3.94999999999999
-157.422,57.9925#69.9#26.15#3.94999999999999
-157.323,57.9993#69.9#26.15#3.94999999999999
-157.224,58.006#69.9#26.16#3.94
-157.125,58.0126#69.9#26.16#3.94
-157.025,58.0191#69.9#26.16#3.94
-156.926,58.0256#69.9#26.16#3.94
-156.826,58.0319#69.9#26.16#3.94
-156.727,58.0382#69.9#26.16#3.94
-156.627,58.0443#69.9#26.16#3.94
-156.528,58.0504#69.9#26.16#3.94
-156.428,58.0564#69.9#26.17#3.92999999999999
-156.329,58.0623#69.9#26.17#3.92999999999999
-156.229,58.0681#69.9#26.17#3.92999999999999
-156.129,58.0738#69.9#26.17#3.92999999999999
-156.03,58.0794#69.9#26.17#3.92999999999999
-155.93,58.085#69.9#26.17#3.92999999999999
-155.83,58.0904#69.9#26.18#3.91999999999999
-155.73,58.0957#69.9#26.18#3.91999999999999
-155.63,58.101#69.9#26.18#3.91999999999999
-155.53,58.1061#69.9#26.18#3.91999999999999
-155.43,58.1112#69.9#26.18#3.91999999999999
-155.33,58.1162#69.9#26.18#3.91999999999999
-155.23,58.1211#69.89#26.19#3.92
-155.13,58.1258#69.89#26.19#3.92
-155.03,58.1305#69.89#26.19#3.92
-154.93,58.1352#69.88#26.19#3.93000000000001
-154.83,58.1397#69.87#26.19#3.94
-154.73,58.1441#69.85#26.19#3.96000000000001
-154.63,58.1484#69.84#26.2#3.95999999999999
-154.529,58.1527#69.83#26.2#3.97
-154.429,58.1568#69.78#26.2#4.02
-154.329,58.1608#69.73#26.2#4.06999999999999
-154.228,58.1648#69.67#26.2#4.13
-154.128,58.1687#69.61#26.21#4.18000000000001
-154.028,58.1724#69.55#26.21#4.24000000000001
-153.927,58.1761#69.44#26.21#4.34999999999999
-153.827,58.1797#69.31#26.21#4.47999999999999
-153.726,58.1832#69.17#26.21#4.62
-153.626,58.1866#69.04#26.22#4.73999999999999
-153.526,58.1899#68.9#26.22#4.88
-153.425,58.1931#68.7#26.22#5.08
-153.325,58.1963#68.48#26.22#5.3
-153.224,58.1993#68.27#26.22#5.51000000000001
-153.123,58.2022#68.05#26.23#5.72
-153.023,58.2051#67.83#26.23#5.94
-152.922,58.2078#67.55#26.23#6.22
-152.822,58.2105#67.26#26.23#6.50999999999999
-152.721,58.2131#66.97#26.24#6.79000000000001
-152.62,58.2155#66.69#26.24#7.07000000000001
-152.52,58.2179#66.4#26.24#7.36
-152.419,58.2202#66.05#26.24#7.71000000000001
-152.318,58.2224#65.69#26.24#8.07000000000001
-152.218,58.2245#65.33#26.25#8.42
-152.117,58.2265#64.96#26.25#8.79000000000001
-152.016,58.2284#64.6#26.25#9.15000000000001
-151.915,58.2302#64.26#26.25#9.48999999999999
-151.815,58.232#63.93#26.26#9.81
-151.714,58.2336#63.6#26.26#10.14
-151.613,58.2351#63.26#26.26#10.48
-151.512,58.2366#62.93#26.26#10.81
-151.411,58.2379#62.4#26.27#11.33
-151.311,58.2392#61.84#26.27#11.89
-151.21,58.2404#61.29#26.27#12.44
-151.109,58.2414#60.74#26.27#12.99
-151.008,58.2424#60.19#26.28#13.53
-150.907,58.2433#59.77#26.28#13.95
-150.806,58.2441#59.37#26.28#14.35
-150.705,58.2448#58.97#26.28#14.75
-150.605,58.2454#58.57#26.29#15.14
-150.504,58.2459#58.16#26.29#15.55
-150.403,58.2463#57.82#26.29#15.89
-150.302,58.2467#57.48#26.3#16.22
-150.201,58.2469#57.15#26.3#16.55
-150.1,58.247#56.81#26.3#16.89
-149.999,58.2471#56.47#26.3#17.23
-149.898,58.247#56.14#26.31#17.55
-149.798,58.2469#55.81#26.31#17.88
-149.697,58.2467#55.48#26.31#18.21
-149.596,58.2463#55.16#26.32#18.52
-149.495,58.2459#54.83#26.32#18.85
-149.394,58.2454#54.51#26.32#19.17
-149.293,58.2448#54.19#26.32#19.49
-149.192,58.2441#53.87#26.33#19.8
-149.092,58.2433#53.55#26.33#20.12
-148.991,58.2424#53.23#26.33#20.44
-148.89,58.2414#52.92#26.34#20.74
-148.789,58.2404#52.61#26.34#21.05
-148.688,58.2392#52.3#26.34#21.36
-148.587,58.2379#51.98#26.34#21.68
-148.487,58.2366#51.68#26.35#21.97
-148.386,58.2351#51.38#26.35#22.27
-148.285,58.2336#51.09#26.35#22.56
-148.184,58.2319#50.8#26.36#22.84
-148.083,58.2302#50.5#26.36#23.14
-147.983,58.2284#50.23#26.36#23.41
-147.882,58.2265#50.08#26.37#23.55
-147.781,58.2245#49.92#26.37#23.71
-147.681,58.2224#49.77#26.37#23.86
-147.58,58.2202#49.61#26.38#24.01
-147.479,58.2179#49.46#26.38#24.16
-147.378,58.2155#49.35#26.38#24.27
-147.278,58.213#49.24#26.39#24.37
-147.177,58.2105#49.13#26.39#24.48
-147.077,58.2078#49.02#26.39#24.59
-146.976,58.205#48.91#26.4#24.69
-146.875,58.2022#48.81#26.4#24.79
-146.775,58.1993#48.71#26.4#24.89
-146.674,58.1962#48.6#26.41#24.99
-146.574,58.1931#48.5#26.41#25.09
-146.473,58.1899#48.4#26.41#25.19
-146.373,58.1866#48.3#26.42#25.28
-146.272,58.1832#48.21#26.42#25.37
-146.172,58.1797#48.12#26.42#25.46
-146.071,58.1761#48.02#26.43#25.55
-145.971,58.1724#47.93#26.43#25.64
-145.871,58.1686#47.84#26.44#25.72
-145.77,58.1648#47.75#26.44#25.81
-145.67,58.1608#47.67#26.44#25.89
-145.57,58.1567#47.58#26.45#25.97
-145.469,58.1526#47.49#26.45#26.06
-145.369,58.1484#47.41#26.45#26.14
-145.269,58.144#47.33#26.46#26.21
-145.169,58.1396#47.25#26.46#26.29
-145.069,58.1351#47.17#26.47#26.36
-144.969,58.1305#47.09#26.47#26.44
-144.868,58.1258#47.01#26.47#26.52
-144.768,58.121#46.94#26.48#26.58
-144.668,58.1161#46.86#26.48#26.66
-144.568,58.1111#46.78#26.49#26.73
-144.468,58.1061#46.71#26.49#26.8
-144.369,58.1009#46.63#26.49#26.88
-144.269,58.0957#46.56#26.5#26.94
-144.169,58.0903#46.49#26.5#27.01
-144.069,58.0849#46.42#26.5#27.08
-143.969,58.0794#46.35#26.51#27.14
-143.869,58.0737#46.28#26.51#27.21
-143.77,58.068#46.21#26.52#27.27
-143.67,58.0622#46.15#26.52#27.33
-143.57,58.0563#46.08#26.52#27.4
-143.471,58.0503#46.01#26.53#27.46
-143.371,58.0443#45.95#26.53#27.52
-143.272,58.0381#45.89#26.54#27.57
-143.172,58.0318#45.83#26.54#27.63
-143.073,58.0255#45.77#26.55#27.68
-142.974,58.0191#45.71#26.55#27.74
-142.874,58.0125#45.66#26.55#27.79
-142.775,58.0059#45.6#26.56#27.84
-142.676,57.9992#45.55#26.56#27.89
-142.576,57.9924#45.49#26.57#27.94
-142.477,57.9855#45.44#26.57#27.99
-142.378,57.9785#45.39#26.58#28.03
-142.279,57.9714#45.34#26.58#28.08
-142.18,57.9643#45.29#26.58#28.13
-142.081,57.957#45.24#26.59#28.17
-141.982,57.9496#45.19#26.59#28.22
-141.883,57.9422#45.14#26.6#28.26
-141.784,57.9347#45.1#26.6#28.3
-141.686,57.9271#45.05#26.61#28.34
-141.587,57.9194#45#26.61#28.39
-141.488,57.9116#44.95#26.61#28.44
-141.389,57.9037#44.9#26.62#28.48
-159.216,57.9069#69.9#26.13#3.97
-159.117,57.9153#69.9#26.13#3.97
-159.019,57.9236#69.9#26.13#3.97
-158.92,57.9319#69.9#26.13#3.97
-158.822,57.9401#69.9#26.13#3.97
-158.723,57.9482#69.9#26.13#3.97
-158.624,57.9562#69.9#26.14#3.95999999999999
-158.525,57.9641#69.9#26.14#3.95999999999999
-158.427,57.9719#69.9#26.14#3.95999999999999
-158.328,57.9796#69.9#26.14#3.95999999999999
-158.229,57.9872#69.9#26.14#3.95999999999999
-158.13,57.9948#69.9#26.14#3.95999999999999
-158.031,58.0022#69.9#26.14#3.95999999999999
-157.932,58.0096#69.9#26.14#3.95999999999999
-157.832,58.0169#69.9#26.15#3.94999999999999
-157.733,58.024#69.9#26.15#3.94999999999999
-157.634,58.0311#69.9#26.15#3.94999999999999
-157.535,58.0381#69.9#26.15#3.94999999999999
-157.435,58.045#69.9#26.15#3.94999999999999
-157.336,58.0519#69.9#26.15#3.94999999999999
-157.236,58.0586#69.9#26.15#3.94999999999999
-157.137,58.0652#69.9#26.15#3.94999999999999
-157.038,58.0718#69.9#26.16#3.94
-156.938,58.0782#69.9#26.16#3.94
-156.838,58.0846#69.9#26.16#3.94
-156.739,58.0909#69.9#26.16#3.94
-156.639,58.097#69.9#26.16#3.94
-156.539,58.1031#69.9#26.16#3.94
-156.44,58.1091#69.9#26.16#3.94
-156.34,58.115#69.9#26.17#3.92999999999999
-156.24,58.1208#69.9#26.17#3.92999999999999
-156.14,58.1266#69.9#26.17#3.92999999999999
-156.04,58.1322#69.9#26.17#3.92999999999999
-155.94,58.1377#69.9#26.17#3.92999999999999
-155.84,58.1432#69.9#26.17#3.92999999999999
-155.74,58.1485#69.9#26.18#3.91999999999999
-155.64,58.1538#69.9#26.18#3.91999999999999
-155.54,58.1589#69.9#26.18#3.91999999999999
-155.44,58.164#69.9#26.18#3.91999999999999
-155.34,58.169#69.9#26.18#3.91999999999999
-155.239,58.1739#69.89#26.18#3.93000000000001
-155.139,58.1787#69.89#26.19#3.92
-155.039,58.1834#69.89#26.19#3.92
-154.939,58.188#69.88#26.19#3.93000000000001
-154.838,58.1925#69.86#26.19#3.95
-154.738,58.197#69.84#26.19#3.97
-154.638,58.2013#69.82#26.19#3.99000000000001
-154.537,58.2056#69.8#26.2#4
-154.437,58.2097#69.75#26.2#4.05
-154.336,58.2138#69.69#26.2#4.11
-154.236,58.2177#69.62#26.2#4.17999999999999
-154.135,58.2216#69.55#26.2#4.25
-154.035,58.2254#69.48#26.21#4.31
-153.934,58.2291#69.37#26.21#4.41999999999999
-153.834,58.2327#69.22#26.21#4.56999999999999
-153.733,58.2362#69.08#26.21#4.71000000000001
-153.632,58.2396#68.93#26.21#4.85999999999999
-153.532,58.2429#68.79#26.22#4.98999999999999
-153.431,58.2461#68.59#26.22#5.19
-153.33,58.2493#68.36#26.22#5.42
-153.23,58.2523#68.13#26.22#5.65000000000001
-153.129,58.2552#67.9#26.22#5.88
-153.028,58.2581#67.67#26.23#6.09999999999999
-152.927,58.2608#67.4#26.23#6.36999999999999
-152.827,58.2635#67.12#26.23#6.64999999999999
-152.726,58.2661#66.84#26.23#6.92999999999999
-152.625,58.2686#66.55#26.24#7.21000000000001
-152.524,58.2709#66.27#26.24#7.49000000000001
-152.423,58.2732#65.92#26.24#7.84
-152.322,58.2754#65.55#26.24#8.21000000000001
-152.221,58.2775#65.17#26.24#8.59
-152.121,58.2796#64.8#26.25#8.95
-152.02,58.2815#64.42#26.25#9.33
-151.919,58.2833#64.07#26.25#9.68000000000001
-151.818,58.285#63.71#26.25#10.04
-151.717,58.2867#63.36#26.26#10.38
-151.616,58.2882#63#26.26#10.74
-151.515,58.2897#62.64#26.26#11.1
-151.414,58.291#62.14#26.26#11.6
-151.313,58.2923#61.61#26.27#12.12
-151.212,58.2934#61.09#26.27#12.64
-151.111,58.2945#60.56#26.27#13.17
-151.01,58.2955#60.04#26.27#13.69
-150.909,58.2964#59.63#26.28#14.09
-150.808,58.2972#59.24#26.28#14.48
-150.707,58.2979#58.85#26.28#14.87
-150.606,58.2985#58.46#26.28#15.26
-150.505,58.299#58.07#26.29#15.64
-150.404,58.2994#57.72#26.29#15.99
-150.303,58.2998#57.38#26.29#16.33
-150.201,58.3#57.04#26.29#16.67
-150.1,58.3001#56.7#26.3#17
-149.999,58.3002#56.36#26.3#17.34
-149.898,58.3001#56.03#26.3#17.67
-149.797,58.3#55.7#26.31#17.99
-149.696,58.2998#55.38#26.31#18.31
-149.595,58.2994#55.05#26.31#18.64
-149.494,58.299#54.72#26.31#18.97
-149.393,58.2985#54.4#26.32#19.28
-149.292,58.2979#54.08#26.32#19.6
-149.191,58.2972#53.77#26.32#19.91
-149.09,58.2964#53.45#26.33#20.22
-148.989,58.2955#53.13#26.33#20.54
-148.888,58.2945#52.82#26.33#20.85
-148.787,58.2934#52.51#26.34#21.15
-148.686,58.2923#52.2#26.34#21.46
-148.585,58.291#51.89#26.34#21.77
-148.484,58.2896#51.58#26.34#22.08
-148.383,58.2882#51.29#26.35#22.36
-148.282,58.2866#51#26.35#22.65
-148.181,58.285#50.72#26.35#22.93
-148.08,58.2833#50.43#26.36#23.21
-147.979,58.2814#50.17#26.36#23.47
-147.878,58.2795#50.01#26.36#23.63
-147.777,58.2775#49.86#26.37#23.77
-147.676,58.2754#49.71#26.37#23.92
-147.576,58.2732#49.56#26.37#24.07
-147.475,58.2709#49.42#26.38#24.2
-147.374,58.2685#49.3#26.38#24.32
-147.273,58.2661#49.19#26.38#24.43
-147.172,58.2635#49.08#26.39#24.53
-147.071,58.2608#48.97#26.39#24.64
-146.971,58.2581#48.86#26.39#24.75
-146.87,58.2552#48.76#26.4#24.84
-146.769,58.2523#48.66#26.4#24.94
-146.668,58.2492#48.55#26.4#25.05
-146.568,58.2461#48.45#26.41#25.14
-146.467,58.2429#48.35#26.41#25.24
-146.366,58.2395#48.26#26.41#25.33
-146.266,58.2361#48.16#26.42#25.42
-146.165,58.2326#48.07#26.42#25.51
-146.064,58.229#47.97#26.42#25.61
-145.964,58.2253#47.88#26.43#25.69
-145.863,58.2216#47.79#26.43#25.78
-145.763,58.2177#47.71#26.44#25.85
-145.662,58.2137#47.62#26.44#25.94
-145.562,58.2097#47.53#26.44#26.03
-145.461,58.2055#47.45#26.45#26.1
-145.361,58.2013#47.37#26.45#26.18
-145.261,58.1969#47.28#26.45#26.27
-145.16,58.1925#47.2#26.46#26.34
-145.06,58.188#47.12#26.46#26.42
-144.96,58.1833#47.04#26.47#26.49
-144.859,58.1786#46.97#26.47#26.56
-144.759,58.1738#46.89#26.47#26.64
-144.659,58.1689#46.81#26.48#26.71
-144.559,58.164#46.74#26.48#26.78
-144.459,58.1589#46.66#26.49#26.85
-144.359,58.1537#46.59#26.49#26.92
-144.259,58.1484#46.52#26.49#26.99
-144.159,58.1431#46.45#26.5#27.05
-144.059,58.1376#46.37#26.5#27.13
-143.959,58.1321#46.3#26.5#27.2
-143.859,58.1265#46.24#26.51#27.25
-143.759,58.1208#46.17#26.51#27.32
-143.659,58.1149#46.1#26.52#27.38
-143.559,58.109#46.03#26.52#27.45
-143.459,58.103#45.97#26.52#27.51
-143.36,58.097#45.91#26.53#27.56
-143.26,58.0908#45.85#26.53#27.62
-143.16,58.0845#45.79#26.54#27.67
-143.061,58.0781#45.73#26.54#27.73
-142.961,58.0717#45.67#26.55#27.78
-142.862,58.0651#45.61#26.55#27.84
-142.762,58.0585#45.56#26.55#27.89
-142.663,58.0518#45.51#26.56#27.93
-142.563,58.045#45.45#26.56#27.99
-142.464,58.038#45.4#26.57#28.03
-142.365,58.031#45.35#26.57#28.08
-142.266,58.024#45.3#26.58#28.12
-142.166,58.0168#45.25#26.58#28.17
-142.067,58.0095#45.2#26.58#28.22
-141.968,58.0021#45.15#26.59#28.26
-141.869,57.9947#45.11#26.59#28.3
-141.77,57.9871#45.06#26.6#28.34
-141.671,57.9795#45.01#26.6#28.39
-141.572,57.9718#44.96#26.61#28.43
-141.473,57.964#44.91#26.61#28.48
-141.375,57.9561#44.86#26.61#28.53
-141.276,57.9481#44.82#26.62#28.56
-141.177,57.94#44.77#26.62#28.61
-141.078,57.9318#44.72#26.63#28.65
-140.98,57.9235#44.67#26.63#28.7
-140.881,57.9152#44.63#26.64#28.73
-140.783,57.9067#44.58#26.64#28.78
-159.823,57.9065#69.9#26.12#3.97999999999999
-159.724,57.9155#69.9#26.12#3.97999999999999
-159.626,57.9244#69.9#26.12#3.97999999999999
-159.528,57.9333#69.9#26.13#3.97
-159.429,57.942#69.9#26.13#3.97
-159.331,57.9506#69.9#26.13#3.97
-159.232,57.9592#69.9#26.13#3.97
-159.133,57.9676#69.9#26.13#3.97
-159.035,57.976#69.9#26.13#3.97
-158.936,57.9843#69.9#26.13#3.97
-158.837,57.9925#69.9#26.13#3.97
-158.738,58.0006#69.9#26.13#3.97
-158.639,58.0086#69.9#26.13#3.97
-158.54,58.0165#69.9#26.14#3.95999999999999
-158.441,58.0243#69.9#26.14#3.95999999999999
-158.342,58.0321#69.9#26.14#3.95999999999999
-158.243,58.0397#69.9#26.14#3.95999999999999
-158.144,58.0473#69.9#26.14#3.95999999999999
-158.045,58.0547#69.9#26.14#3.95999999999999
-157.945,58.0621#69.9#26.14#3.95999999999999
-157.846,58.0694#69.9#26.14#3.95999999999999
-157.747,58.0766#69.9#26.14#3.95999999999999
-157.647,58.0837#69.9#26.15#3.94999999999999
-157.548,58.0907#69.9#26.15#3.94999999999999
-157.448,58.0976#69.9#26.15#3.94999999999999
-157.349,58.1045#69.9#26.15#3.94999999999999
-157.249,58.1112#69.9#26.15#3.94999999999999
-157.149,58.1179#69.9#26.15#3.94999999999999
-157.05,58.1244#69.9#26.15#3.94999999999999
-156.95,58.1309#69.9#26.16#3.94
-156.85,58.1373#69.9#26.16#3.94
-156.75,58.1435#69.9#26.16#3.94
-156.651,58.1497#69.9#26.16#3.94
-156.551,58.1558#69.9#26.16#3.94
-156.451,58.1618#69.9#26.16#3.94
-156.351,58.1677#69.9#26.16#3.94
-156.251,58.1736#69.9#26.17#3.92999999999999
-156.151,58.1793#69.9#26.17#3.92999999999999
-156.051,58.1849#69.9#26.17#3.92999999999999
-155.951,58.1905#69.9#26.17#3.92999999999999
-155.85,58.1959#69.9#26.17#3.92999999999999
-155.75,58.2013#69.9#26.17#3.92999999999999
-155.65,58.2066#69.9#26.17#3.92999999999999
-155.55,58.2118#69.9#26.18#3.91999999999999
-155.449,58.2169#69.89#26.18#3.93000000000001
-155.349,58.2218#69.89#26.18#3.93000000000001
-155.249,58.2267#69.88#26.18#3.94
-155.148,58.2316#69.88#26.18#3.94
-155.048,58.2363#69.87#26.18#3.94999999999999
-154.947,58.2409#69.86#26.19#3.95
-154.847,58.2454#69.84#26.19#3.97
-154.746,58.2499#69.82#26.19#3.99000000000001
-154.646,58.2542#69.79#26.19#4.02
-154.545,58.2585#69.77#26.19#4.04000000000001
-154.445,58.2626#69.72#26.2#4.08
-154.344,58.2667#69.64#26.2#4.16
-154.243,58.2707#69.57#26.2#4.23
-154.143,58.2746#69.49#26.2#4.31
-154.042,58.2783#69.41#26.2#4.39
-153.941,58.282#69.29#26.21#4.5
