-152.15,65.9009#40.28#26.08#33.64
-152.016,65.9029#40.18#26.08#33.74
-151.881,65.9048#40.07#26.09#33.84
-151.747,65.9065#39.96#26.09#33.95
-151.613,65.9081#39.86#26.09#34.05
-151.478,65.9096#39.75#26.09#34.16
-151.344,65.911#39.64#26.09#34.27
-151.209,65.9122#39.53#26.09#34.38
-151.075,65.9133#39.42#26.09#34.49
-150.941,65.9142#39.31#26.09#34.6
-150.806,65.9151#39.21#26.09#34.7
-150.672,65.9158#39.11#26.09#34.8
-150.537,65.9164#39.01#26.09#34.9
-150.403,65.9168#38.9#26.09#35.01
-150.268,65.9171#38.79#26.09#35.12
-150.134,65.9173#38.68#26.09#35.23
-149.999,65.9174#38.57#26.09#35.34
-149.865,65.9173#38.45#26.09#35.46
-149.73,65.9171#38.33#26.09#35.58
-149.596,65.9168#38.21#26.09#35.7
-149.461,65.9164#38.09#26.09#35.82
-149.327,65.9158#37.98#26.09#35.93
-149.192,65.9151#37.87#26.09#36.04
-149.058,65.9142#37.76#26.09#36.15
-148.923,65.9133#37.65#26.09#36.26
-148.789,65.9122#37.55#26.09#36.36
-148.654,65.9109#37.45#26.09#36.46
-148.52,65.9096#37.35#26.1#36.55
-148.386,65.9081#37.25#26.1#36.65
-148.251,65.9065#37.15#26.1#36.75
-148.117,65.9048#37.05#26.1#36.85
-147.982,65.9029#36.95#26.1#36.95
-147.848,65.9009#36.86#26.1#37.04
-154.439,65.9021#41.22#26.08#32.7
-154.305,65.9063#41.17#26.08#32.75
-154.171,65.9103#41.12#26.08#32.8
-154.037,65.9143#41.06#26.08#32.86
-153.903,65.9181#41.01#26.08#32.91
-153.769,65.9217#40.96#26.08#32.96
-153.634,65.9253#40.91#26.08#33.01
-153.5,65.9287#40.86#26.08#33.06
-153.366,65.932#40.82#26.08#33.1
-153.231,65.9351#40.77#26.08#33.15
-153.097,65.9382#40.72#26.08#33.2
-152.962,65.9411#40.67#26.08#33.25
-152.828,65.9438#40.6#26.08#33.32
-152.694,65.9465#40.53#26.08#33.39
-152.559,65.949#40.47#26.08#33.45
-152.424,65.9514#40.38#26.08#33.54
-152.29,65.9536#40.26#26.08#33.66
-152.155,65.9558#40.15#26.08#33.77
-152.021,65.9578#40.04#26.08#33.88
-151.886,65.9596#39.92#26.08#34
-151.751,65.9614#39.81#26.09#34.1
-151.617,65.963#39.69#26.09#34.22
-151.482,65.9645#39.58#26.09#34.33
-151.347,65.9658#39.46#26.09#34.45
-151.212,65.9671#39.34#26.09#34.57
-151.078,65.9682#39.22#26.09#34.69
-150.943,65.9691#39.11#26.09#34.8
-150.808,65.97#39#26.09#34.91
-150.673,65.9707#38.89#26.09#35.02
-150.538,65.9713#38.78#26.09#35.13
-150.404,65.9717#38.67#26.09#35.24
-150.269,65.972#38.55#26.09#35.36
-150.134,65.9722#38.44#26.09#35.47
-149.999,65.9723#38.33#26.09#35.58
-149.864,65.9722#38.21#26.09#35.7
-149.73,65.972#38.09#26.09#35.82
-149.595,65.9717#37.98#26.09#35.93
-149.46,65.9712#37.86#26.09#36.05
-149.325,65.9707#37.75#26.09#36.16
-149.19,65.97#37.64#26.09#36.27
-149.056,65.9691#37.53#26.09#36.38
-148.921,65.9681#37.42#26.09#36.49
-148.786,65.967#37.32#26.09#36.59
-148.651,65.9658#37.22#26.09#36.69
-148.517,65.9645#37.12#26.1#36.78
-148.382,65.963#37.02#26.1#36.88
-148.247,65.9614#36.93#26.1#36.97
-148.112,65.9596#36.83#26.1#37.07
-147.978,65.9577#36.73#26.1#37.17
-147.843,65.9557#36.64#26.1#37.26
-147.708,65.9536#36.55#26.1#37.35
-147.574,65.9514#36.46#26.1#37.44
-147.439,65.949#36.37#26.1#37.53
-147.305,65.9465#36.27#26.1#37.63
-147.17,65.9438#36.17#26.1#37.73
-147.036,65.941#36.07#26.1#37.83
-146.901,65.9381#35.97#26.1#37.93
-146.767,65.9351#35.87#26.1#38.03
-146.633,65.9319#35.77#26.11#38.12
-146.498,65.9287#35.66#26.11#38.23
-146.364,65.9252#35.57#26.11#38.32
-146.23,65.9217#35.47#26.11#38.42
-146.096,65.918#35.37#26.11#38.52
-145.961,65.9142#35.28#26.11#38.61
-145.827,65.9103#35.19#26.11#38.7
-145.693,65.9062#35.1#26.11#38.79
-145.559,65.902#35.01#26.11#38.88
-155.924,65.9022#41.71#26.08#32.21
-155.79,65.9078#41.66#26.08#32.26
-155.656,65.9133#41.61#26.08#32.31
-155.523,65.9186#41.55#26.08#32.37
-155.389,65.9239#41.5#26.08#32.42
-155.255,65.929#41.44#26.08#32.48
-155.121,65.9339#41.38#26.08#32.54
-154.987,65.9388#41.33#26.08#32.59
-154.852,65.9435#41.27#26.08#32.65
-154.718,65.948#41.21#26.08#32.71
-154.584,65.9525#41.16#26.08#32.76
-154.45,65.9568#41.1#26.08#32.82
-154.315,65.961#41.05#26.08#32.87
-154.181,65.9651#40.99#26.08#32.93
-154.046,65.969#40.94#26.08#32.98
-153.912,65.9728#40.89#26.08#33.03
-153.777,65.9765#40.84#26.08#33.08
-153.643,65.9801#40.79#26.08#33.13
-153.508,65.9835#40.75#26.08#33.17
-153.374,65.9868#40.7#26.08#33.22
-153.239,65.9899#40.65#26.08#33.27
-153.104,65.993#40.61#26.08#33.31
-152.969,65.9959#40.56#26.08#33.36
-152.835,65.9987#40.49#26.08#33.43
-152.7,66.0013#40.42#26.08#33.5
-152.565,66.0038#40.36#26.08#33.56
-152.43,66.0062#40.26#26.08#33.66
-152.295,66.0085#40.14#26.08#33.78
-152.16,66.0106#40.02#26.08#33.9
-152.025,66.0126#39.9#26.08#34.02
-151.89,66.0145#39.77#26.08#34.15
-151.755,66.0163#39.65#26.09#34.26
-151.62,66.0179#39.53#26.09#34.38
-151.485,66.0194#39.4#26.09#34.51
-151.35,66.0207#39.28#26.09#34.63
-151.215,66.0219#39.15#26.09#34.76
-151.08,66.023#39.02#26.09#34.89
-150.945,66.024#38.9#26.09#35.01
-150.81,66.0249#38.78#26.09#35.13
-150.675,66.0256#38.67#26.09#35.24
-150.54,66.0262#38.55#26.09#35.36
-150.405,66.0266#38.44#26.09#35.47
-150.269,66.0269#38.32#26.09#35.59
-150.134,66.0271#38.21#26.09#35.7
-149.999,66.0272#38.09#26.09#35.82
-149.864,66.0271#37.97#26.09#35.94
-149.729,66.0269#37.86#26.09#36.05
-149.594,66.0266#37.74#26.09#36.17
-149.459,66.0261#37.63#26.09#36.28
-149.324,66.0256#37.52#26.09#36.39
-149.188,66.0248#37.41#26.09#36.5
-149.053,66.024#37.3#26.09#36.61
-148.918,66.023#37.2#26.09#36.71
-148.783,66.0219#37.1#26.09#36.81
-148.648,66.0207#36.99#26.09#36.92
-148.513,66.0193#36.89#26.09#37.02
-148.378,66.0179#36.8#26.1#37.1
-148.243,66.0162#36.7#26.1#37.2
-148.108,66.0145#36.61#26.1#37.29
-147.973,66.0126#36.51#26.1#37.39
-147.838,66.0106#36.42#26.1#37.48
-147.703,66.0085#36.33#26.1#37.57
-147.568,66.0062#36.24#26.1#37.66
-147.433,66.0038#36.15#26.1#37.75
-147.298,66.0013#36.05#26.1#37.85
-147.164,65.9986#35.95#26.1#37.95
-147.029,65.9959#35.86#26.1#38.04
-146.894,65.9929#35.76#26.1#38.14
-146.759,65.9899#35.66#26.1#38.24
-146.625,65.9867#35.56#26.1#38.34
-146.49,65.9834#35.46#26.11#38.43
-146.355,65.98#35.36#26.11#38.53
-146.221,65.9765#35.26#26.11#38.63
-146.086,65.9728#35.16#26.11#38.73
-145.952,65.969#35.07#26.11#38.82
-145.817,65.965#34.98#26.11#38.91
-145.683,65.961#34.89#26.11#39
-145.549,65.9568#34.81#26.11#39.08
-145.414,65.9524#34.72#26.11#39.17
-145.28,65.948#34.64#26.11#39.25
-145.146,65.9434#34.55#26.12#39.33
-145.012,65.9387#34.47#26.12#39.41
-144.878,65.9339#34.39#26.12#39.49
-144.744,65.9289#34.31#26.12#39.57
-144.61,65.9238#34.23#26.12#39.65
-144.476,65.9186#34.15#26.12#39.73
-144.342,65.9132#34.08#26.12#39.8
-144.208,65.9078#34#26.12#39.88
-144.074,65.9022#33.93#26.12#39.95
-157.141,65.9006#42#26.08#31.92
-157.008,65.9073#41.96#26.08#31.96
-156.874,65.914#41.91#26.08#32.01
-156.741,65.9205#41.87#26.08#32.05
-156.607,65.9268#41.82#26.08#32.1
-156.473,65.9331#41.78#26.08#32.14
-156.34,65.9392#41.73#26.08#32.19
-156.206,65.9452#41.68#26.08#32.24
-156.072,65.9511#41.63#26.08#32.29
-155.938,65.9568#41.58#26.08#32.34
-155.804,65.9624#41.53#26.08#32.39
-155.67,65.9679#41.47#26.08#32.45
-155.535,65.9733#41.42#26.08#32.5
-155.401,65.9785#41.37#26.08#32.55
-155.267,65.9836#41.31#26.08#32.61
-155.133,65.9886#41.26#26.08#32.66
-154.998,65.9934#41.2#26.08#32.72
-154.864,65.9982#41.14#26.08#32.78
-154.729,66.0027#41.09#26.08#32.83
-154.595,66.0072#41.03#26.08#32.89
-154.46,66.0115#40.98#26.08#32.94
-154.325,66.0157#40.93#26.08#32.99
-154.191,66.0198#40.87#26.08#33.05
-154.056,66.0238#40.82#26.08#33.1
-153.921,66.0276#40.77#26.08#33.15
-153.786,66.0313#40.72#26.08#33.2
-153.651,66.0348#40.68#26.08#33.24
-153.517,66.0383#40.63#26.08#33.29
-153.382,66.0416#40.58#26.08#33.34
-153.247,66.0448#40.54#26.08#33.38
-153.112,66.0478#40.49#26.08#33.43
-152.976,66.0507#40.45#26.08#33.47
-152.841,66.0535#40.38#26.08#33.54
-152.706,66.0562#40.31#26.08#33.61
-152.571,66.0587#40.24#26.08#33.68
-152.436,66.0611#40.15#26.08#33.77
-152.301,66.0634#40.02#26.08#33.9
-152.165,66.0655#39.89#26.08#34.03
-152.03,66.0675#39.76#26.08#34.16
-151.895,66.0694#39.63#26.08#34.29
-151.76,66.0711#39.5#26.08#34.42
-151.624,66.0728#39.36#26.09#34.55
-151.489,66.0742#39.23#26.09#34.68
-151.353,66.0756#39.09#26.09#34.82
-151.218,66.0768#38.96#26.09#34.95
-151.083,66.0779#38.82#26.09#35.09
-150.947,66.0789#38.69#26.09#35.22
-150.812,66.0798#38.57#26.09#35.34
-150.676,66.0805#38.45#26.09#35.46
-150.541,66.0811#38.33#26.09#35.58
-150.406,66.0815#38.21#26.09#35.7
-150.27,66.0818#38.09#26.09#35.82
-150.135,66.082#37.97#26.09#35.94
-149.999,66.0821#37.85#26.09#36.06
-149.864,66.082#37.74#26.09#36.17
-149.728,66.0818#37.62#26.09#36.29
-149.593,66.0815#37.51#26.09#36.4
-149.457,66.0811#37.39#26.09#36.52
-149.322,66.0805#37.29#26.09#36.62
-149.186,66.0798#37.18#26.09#36.73
-149.051,66.0789#37.07#26.09#36.84
-148.916,66.0779#36.97#26.09#36.94
-148.78,66.0768#36.87#26.09#37.04
-148.645,66.0756#36.77#26.09#37.14
-148.509,66.0742#36.67#26.09#37.24
-148.374,66.0727#36.57#26.09#37.34
-148.239,66.0711#36.48#26.1#37.42
-148.103,66.0694#36.39#26.1#37.51
-147.968,66.0675#36.29#26.1#37.61
-147.833,66.0655#36.2#26.1#37.7
-147.698,66.0633#36.11#26.1#37.79
-147.562,66.0611#36.02#26.1#37.88
-147.427,66.0587#35.93#26.1#37.97
-147.292,66.0561#35.84#26.1#38.06
-147.157,66.0535#35.74#26.1#38.16
-147.022,66.0507#35.64#26.1#38.26
-146.887,66.0478#35.54#26.1#38.36
-146.752,66.0447#35.44#26.1#38.46
-146.617,66.0415#35.34#26.1#38.56
-146.482,66.0382#35.25#26.1#38.65
-146.347,66.0348#35.15#26.11#38.74
-146.212,66.0312#35.05#26.11#38.84
-146.077,66.0275#34.96#26.11#38.93
-145.942,66.0237#34.86#26.11#39.03
-145.808,66.0198#34.78#26.11#39.11
-145.673,66.0157#34.69#26.11#39.2
-145.538,66.0115#34.6#26.11#39.29
-145.404,66.0072#34.52#26.11#39.37
-145.269,66.0027#34.44#26.11#39.45
-145.135,65.9981#34.36#26.11#39.53
-145,65.9934#34.27#26.12#39.61
-144.866,65.9885#34.19#26.12#39.69
-144.731,65.9836#34.11#26.12#39.77
-144.597,65.9784#34.03#26.12#39.85
-144.463,65.9732#33.96#26.12#39.92
-144.329,65.9679#33.88#26.12#40
-144.195,65.9624#33.81#26.12#40.07
-144.061,65.9567#33.74#26.12#40.14
-143.927,65.951#33.66#26.13#40.21
-143.793,65.9451#33.59#26.13#40.28
-143.659,65.9391#33.51#26.13#40.36
-143.525,65.933#33.43#26.13#40.44
-143.391,65.9268#33.35#26.13#40.52
-143.258,65.9204#33.26#26.13#40.61
-143.124,65.9139#33.18#26.13#40.69
-142.991,65.9072#33.09#26.14#40.77
-142.857,65.9005#33.01#26.14#40.85
-158.091,65.904#42.07#26.08#31.85
-157.958,65.9117#42.06#26.08#31.86
-157.825,65.9192#42.03#26.08#31.89
-157.692,65.9266#42.01#26.08#31.91
-157.558,65.9339#41.98#26.08#31.94
-157.425,65.9411#41.95#26.08#31.97
-157.291,65.9481#41.91#26.08#32.01
-157.158,65.955#41.87#26.08#32.05
-157.024,65.9618#41.83#26.08#32.09
-156.89,65.9684#41.78#26.08#32.14
-156.756,65.975#41.74#26.08#32.18
-156.622,65.9814#41.69#26.08#32.23
-156.488,65.9876#41.65#26.08#32.27
-156.354,65.9938#41.6#26.08#32.32
-156.22,65.9998#41.55#26.08#32.37
-156.086,66.0057#41.5#26.08#32.42
-155.952,66.0114#41.45#26.08#32.47
-155.817,66.017#41.4#26.08#32.52
-155.683,66.0226#41.34#26.08#32.58
-155.549,66.0279#41.29#26.08#32.63
-155.414,66.0332#41.24#26.08#32.68
-155.279,66.0383#41.18#26.08#32.74
-155.145,66.0433#41.13#26.08#32.79
-155.01,66.0481#41.07#26.08#32.85
-154.875,66.0529#41.02#26.08#32.9
-154.74,66.0575#40.96#26.08#32.96
-154.606,66.0619#40.91#26.08#33.01
-154.471,66.0663#40.86#26.08#33.06
-154.336,66.0705#40.8#26.08#33.12
-154.201,66.0746#40.75#26.08#33.17
-154.066,66.0785#40.7#26.08#33.22
-153.93,66.0824#40.65#26.08#33.27
-153.795,66.0861#40.6#26.08#33.32
-153.66,66.0896#40.56#26.08#33.36
-153.525,66.0931#40.51#26.08#33.41
-153.39,66.0964#40.47#26.08#33.45
-153.254,66.0996#40.42#26.08#33.5
-153.119,66.1026#40.38#26.08#33.54
-152.984,66.1056#40.34#26.08#33.58
-152.848,66.1083#40.27#26.08#33.65
-152.713,66.111#40.2#26.08#33.72
-152.577,66.1135#40.13#26.08#33.79
-152.442,66.116#40.03#26.08#33.89
-152.306,66.1182#39.9#26.08#34.02
-152.171,66.1204#39.76#26.08#34.16
-152.035,66.1224#39.62#26.08#34.3
-151.899,66.1243#39.48#26.08#34.44
-151.764,66.126#39.34#26.08#34.58
-151.628,66.1277#39.2#26.08#34.72
-151.492,66.1292#39.06#26.09#34.85
-151.357,66.1305#38.91#26.09#35
-151.221,66.1318#38.77#26.09#35.14
-151.085,66.1329#38.63#26.09#35.28
-150.949,66.1338#38.49#26.09#35.42
-150.814,66.1347#38.36#26.09#35.55
-150.678,66.1354#38.23#26.09#35.68
-150.542,66.136#38.1#26.09#35.81
-150.406,66.1364#37.98#26.09#35.93
-150.271,66.1368#37.85#26.09#36.06
-150.135,66.137#37.73#26.09#36.18
-149.999,66.137#37.61#26.09#36.3
-149.863,66.1369#37.5#26.09#36.41
-149.728,66.1368#37.38#26.09#36.53
-149.592,66.1364#37.27#26.09#36.64
-149.456,66.136#37.16#26.09#36.75
-149.32,66.1354#37.05#26.09#36.86
-149.185,66.1347#36.95#26.09#36.96
-149.049,66.1338#36.84#26.09#37.07
-148.913,66.1328#36.74#26.09#37.17
-148.777,66.1317#36.64#26.09#37.27
-148.642,66.1305#36.54#26.09#37.37
-148.506,66.1291#36.44#26.09#37.47
-148.37,66.1276#36.35#26.09#37.56
-148.235,66.126#36.26#26.1#37.64
-148.099,66.1243#36.16#26.1#37.74
-147.963,66.1224#36.07#26.1#37.83
-147.828,66.1203#35.98#26.1#37.92
-147.692,66.1182#35.9#26.1#38
-147.557,66.1159#35.81#26.1#38.09
-147.421,66.1135#35.72#26.1#38.18
-147.286,66.111#35.62#26.1#38.28
-147.15,66.1083#35.53#26.1#38.37
-147.015,66.1055#35.43#26.1#38.47
-146.879,66.1026#35.33#26.1#38.57
-146.744,66.0995#35.23#26.1#38.67
-146.609,66.0964#35.13#26.1#38.77
-146.473,66.093#35.04#26.1#38.86
-146.338,66.0896#34.94#26.11#38.95
-146.203,66.086#34.84#26.11#39.05
-146.068,66.0823#34.75#26.11#39.14
-145.933,66.0785#34.66#26.11#39.23
-145.798,66.0745#34.57#26.11#39.32
-145.663,66.0704#34.49#26.11#39.4
-145.528,66.0662#34.4#26.11#39.49
-145.393,66.0619#34.32#26.11#39.57
-145.258,66.0574#34.24#26.11#39.65
-145.123,66.0528#34.16#26.11#39.73
-144.988,66.0481#34.08#26.11#39.81
-144.854,66.0432#34#26.12#39.88
-144.719,66.0382#33.92#26.12#39.96
-144.584,66.0331#33.84#26.12#40.04
-144.45,66.0279#33.76#26.12#40.12
-144.315,66.0225#33.69#26.12#40.19
-144.181,66.017#33.62#26.12#40.26
-144.047,66.0113#33.55#26.12#40.33
-143.912,66.0056#33.47#26.12#40.41
-143.778,65.9997#33.4#26.13#40.47
-143.644,65.9937#33.32#26.13#40.55
-143.51,65.9875#33.24#26.13#40.63
-143.376,65.9813#33.16#26.13#40.71
-143.242,65.9749#33.08#26.13#40.79
-143.108,65.9684#32.99#26.13#40.88
-142.974,65.9617#32.91#26.13#40.96
-142.841,65.9549#32.83#26.14#41.03
-142.707,65.948#32.75#26.14#41.11
-142.573,65.941#32.67#26.14#41.19
-142.44,65.9338#32.59#26.14#41.27
-142.307,65.9266#32.5#26.14#41.36
-142.173,65.9191#32.42#26.14#41.44
-142.04,65.9116#32.34#26.15#41.51
-141.907,65.9039#32.26#26.15#41.59
-159.042,65.9011#41.87#26.08#32.05
-158.909,65.9096#41.89#26.08#32.03
-158.776,65.9181#41.9#26.08#32.02
-158.643,65.9264#41.92#26.08#32
-158.51,65.9346#41.94#26.08#31.98
-158.377,65.9426#41.94#26.08#31.98
-158.244,65.9506#41.94#26.08#31.98
-158.11,65.9584#41.93#26.08#31.99
-157.977,65.9661#41.93#26.08#31.99
-157.843,65.9736#41.9#26.08#32.02
-157.71,65.981#41.88#26.08#32.04
-157.576,65.9883#41.85#26.08#32.07
-157.442,65.9955#41.82#26.08#32.1
-157.309,66.0026#41.78#26.08#32.14
-157.175,66.0095#41.74#26.08#32.18
-157.041,66.0163#41.69#26.08#32.23
-156.906,66.0229#41.65#26.08#32.27
-156.772,66.0295#41.6#26.08#32.32
-156.638,66.0359#41.56#26.08#32.36
-156.504,66.0422#41.51#26.08#32.41
-156.369,66.0483#41.46#26.08#32.46
-156.235,66.0544#41.42#26.08#32.5
-156.1,66.0603#41.37#26.08#32.55
-155.966,66.066#41.32#26.08#32.6
-155.831,66.0717#41.27#26.08#32.65
-155.696,66.0772#41.21#26.08#32.71
-155.562,66.0826#41.16#26.08#32.76
-155.427,66.0878#41.11#26.08#32.81
-155.292,66.093#41.06#26.08#32.86
-155.157,66.098#41#26.08#32.92
-155.022,66.1028#40.95#26.08#32.97
-154.887,66.1076#40.89#26.08#33.03
-154.752,66.1122#40.84#26.08#33.08
-154.616,66.1167#40.79#26.08#33.13
-154.481,66.121#40.73#26.08#33.19
-154.346,66.1253#40.68#26.08#33.24
-154.211,66.1294#40.63#26.08#33.29
-154.075,66.1333#40.58#26.08#33.34
-153.94,66.1372#40.52#26.08#33.4
-153.804,66.1409#40.47#26.08#33.45
-153.669,66.1445#40.42#26.08#33.5
-153.533,66.1479#40.36#26.08#33.56
-153.398,66.1512#40.31#26.08#33.61
-153.262,66.1544#40.26#26.08#33.66
-153.126,66.1575#40.21#26.08#33.71
-152.991,66.1604#40.16#26.08#33.76
-152.855,66.1632#40.08#26.08#33.84
-152.719,66.1659#40#26.08#33.92
-152.583,66.1684#39.92#26.08#34
-152.447,66.1708#39.81#26.08#34.11
-152.312,66.1731#39.67#26.08#34.25
-152.176,66.1753#39.53#26.08#34.39
-152.04,66.1773#39.38#26.08#34.54
-151.904,66.1792#39.24#26.08#34.68
-151.768,66.1809#39.09#26.08#34.83
-151.632,66.1826#38.95#26.08#34.97
-151.496,66.1841#38.81#26.08#35.11
-151.36,66.1854#38.66#26.09#35.25
-151.224,66.1867#38.52#26.09#35.39
-151.088,66.1878#38.38#26.09#35.53
-150.952,66.1888#38.24#26.09#35.67
-150.816,66.1896#38.11#26.09#35.8
-150.68,66.1903#37.98#26.09#35.93
-150.544,66.1909#37.86#26.09#36.05
-150.407,66.1914#37.73#26.09#36.18
-150.271,66.1917#37.61#26.09#36.3
-150.135,66.1919#37.49#26.09#36.42
-149.999,66.1919#37.37#26.09#36.54
-149.863,66.1919#37.26#26.09#36.65
-149.727,66.1917#37.15#26.09#36.76
-149.591,66.1914#37.03#26.09#36.88
-149.455,66.1909#36.92#26.09#36.99
-149.319,66.1903#36.82#26.09#37.09
-149.183,66.1896#36.71#26.09#37.2
-149.047,66.1887#36.61#26.09#37.3
-148.91,66.1878#36.51#26.09#37.4
-148.774,66.1867#36.41#26.09#37.5
-148.638,66.1854#36.31#26.09#37.6
-148.502,66.184#36.22#26.09#37.69
-148.366,66.1825#36.12#26.09#37.79
-148.23,66.1809#36.03#26.09#37.88
-148.094,66.1792#35.94#26.1#37.96
-147.959,66.1773#35.85#26.1#38.05
-147.823,66.1752#35.76#26.1#38.14
-147.687,66.1731#35.68#26.1#38.22
-147.551,66.1708#35.59#26.1#38.31
-147.415,66.1684#35.5#26.1#38.4
-147.279,66.1658#35.41#26.1#38.49
-147.143,66.1632#35.31#26.1#38.59
-147.008,66.1604#35.22#26.1#38.68
-146.872,66.1574#35.12#26.1#38.78
-146.736,66.1544#35.02#26.1#38.88
-146.601,66.1512#34.92#26.1#38.98
-146.465,66.1479#34.83#26.1#39.07
-146.33,66.1444#34.73#26.1#39.17
-146.194,66.1408#34.64#26.11#39.25
-146.059,66.1371#34.54#26.11#39.35
-145.923,66.1333#34.45#26.11#39.44
-145.788,66.1293#34.37#26.11#39.52
-145.652,66.1252#34.28#26.11#39.61
-145.517,66.121#34.2#26.11#39.69
-145.382,66.1166#34.12#26.11#39.77
-145.247,66.1121#34.04#26.11#39.85
-145.112,66.1075#33.96#26.11#39.93
-144.976,66.1028#33.88#26.11#40.01
-144.841,66.0979#33.8#26.12#40.08
-144.706,66.0929#33.72#26.12#40.16
-144.572,66.0878#33.64#26.12#40.24
-144.437,66.0825#33.57#26.12#40.31
-144.302,66.0771#33.5#26.12#40.38
-144.167,66.0716#33.43#26.12#40.45
-144.033,66.066#33.36#26.12#40.52
-143.898,66.0602#33.28#26.12#40.6
-143.763,66.0543#33.21#26.12#40.67
-143.629,66.0483#33.13#26.13#40.74
-143.495,66.0421#33.05#26.13#40.82
-143.36,66.0358#32.97#26.13#40.9
-143.226,66.0294#32.89#26.13#40.98
-143.092,66.0229#32.81#26.13#41.06
-142.958,66.0162#32.73#26.13#41.14
-142.824,66.0094#32.65#26.13#41.22
-142.69,66.0025#32.57#26.14#41.29
-142.556,65.9954#32.49#26.14#41.37
-142.422,65.9883#32.41#26.14#41.45
-142.288,65.9809#32.33#26.14#41.53
-142.155,65.9735#32.24#26.14#41.62
-142.021,65.966#32.16#26.14#41.7
-141.888,65.9583#32.09#26.15#41.76
-141.755,65.9505#32.01#26.15#41.84
-141.621,65.9425#31.94#26.15#41.91
-141.488,65.9345#31.87#26.15#41.98
-141.355,65.9263#31.8#26.15#42.05
-141.222,65.918#31.73#26.16#42.11
-141.089,65.9095#31.66#26.16#42.18
-140.956,65.901#31.59#26.16#42.25
-159.859,65.9011#41.6#26.08#32.32
-159.727,65.9105#41.62#26.08#32.3
-159.594,65.9197#41.64#26.08#32.28
-159.462,65.9288#41.66#26.08#32.26
-159.329,65.9377#41.68#26.08#32.24
-159.196,65.9466#41.7#26.08#32.22
-159.063,65.9553#41.72#26.08#32.2
-158.93,65.9639#41.74#26.08#32.18
-158.797,65.9723#41.76#26.08#32.16
-158.664,65.9807#41.78#26.08#32.14
-158.53,65.9889#41.8#26.08#32.12
-158.397,65.9969#41.8#26.08#32.12
-158.263,66.0049#41.8#26.08#32.12
-158.129,66.0127#41.8#26.08#32.12
-157.996,66.0204#41.79#26.08#32.13
-157.862,66.028#41.77#26.08#32.15
-157.728,66.0354#41.74#26.08#32.18
-157.594,66.0428#41.72#26.08#32.2
-157.46,66.05#41.69#26.08#32.23
-157.326,66.057#41.65#26.08#32.27
-157.192,66.064#41.6#26.08#32.32
-157.057,66.0708#41.56#26.08#32.36
-156.923,66.0775#41.52#26.08#32.4
-156.788,66.084#41.47#26.08#32.45
-156.654,66.0904#41.43#26.08#32.49
-156.519,66.0967#41.38#26.08#32.54
-156.384,66.1029#41.33#26.08#32.59
-156.25,66.1089#41.28#26.08#32.64
-156.115,66.1149#41.23#26.08#32.69
-155.98,66.1207#41.19#26.08#32.73
-155.845,66.1263#41.13#26.08#32.79
-155.71,66.1318#41.08#26.08#32.84
-155.575,66.1372#41.03#26.08#32.89
-155.44,66.1425#40.98#26.08#32.94
-155.304,66.1477#40.92#26.08#33
-155.169,66.1527#40.86#26.08#33.06
-155.034,66.1575#40.8#26.08#33.12
-154.898,66.1623#40.74#26.08#33.18
-154.763,66.1669#40.68#26.08#33.24
-154.627,66.1714#40.62#26.08#33.3
-154.492,66.1758#40.56#26.08#33.36
-154.356,66.18#40.5#26.08#33.42
-154.221,66.1841#40.44#26.08#33.48
-154.085,66.1881#40.38#26.08#33.54
-153.949,66.192#40.32#26.08#33.6
-153.813,66.1957#40.26#26.08#33.66
-153.677,66.1993#40.21#26.08#33.71
-153.542,66.2027#40.15#26.08#33.77
-153.406,66.2061#40.09#26.08#33.83
-153.27,66.2093#40.04#26.08#33.88
-153.134,66.2123#39.98#26.08#33.94
-152.998,66.2153#39.93#26.08#33.99
-152.862,66.2181#39.84#26.08#34.08
-152.726,66.2208#39.75#26.08#34.17
-152.589,66.2233#39.66#26.08#34.26
-152.453,66.2257#39.55#26.08#34.37
-152.317,66.228#39.41#26.08#34.51
-152.181,66.2302#39.26#26.08#34.66
-152.045,66.2322#39.12#26.08#34.8
-151.908,66.2341#38.98#26.08#34.94
-151.772,66.2358#38.83#26.08#35.09
-151.636,66.2375#38.69#26.08#35.23
-151.499,66.239#38.55#26.08#35.37
-151.363,66.2404#38.41#26.09#35.5
-151.227,66.2416#38.26#26.09#35.65
-151.09,66.2427#38.12#26.09#35.79
-150.954,66.2437#37.99#26.09#35.92
-150.818,66.2445#37.86#26.09#36.05
-150.681,66.2453#37.74#26.09#36.17
-150.545,66.2458#37.61#26.09#36.3
-150.408,66.2463#37.49#26.09#36.42
-150.272,66.2466#37.37#26.09#36.54
-150.136,66.2468#37.25#26.09#36.66
-149.999,66.2469#37.13#26.09#36.78
-149.863,66.2468#37.02#26.09#36.89
-149.726,66.2466#36.91#26.09#37
-149.59,66.2463#36.8#26.09#37.11
-149.453,66.2458#36.69#26.09#37.22
-149.317,66.2453#36.58#26.09#37.33
-149.181,66.2445#36.48#26.09#37.43
-149.044,66.2437#36.38#26.09#37.53
-148.908,66.2427#36.28#26.09#37.63
-148.772,66.2416#36.18#26.09#37.73
-148.635,66.2403#36.09#26.09#37.82
-148.499,66.239#35.99#26.09#37.92
-148.363,66.2375#35.9#26.09#38.01
-148.226,66.2358#35.81#26.09#38.1
-148.09,66.2341#35.72#26.09#38.19
-147.954,66.2322#35.63#26.1#38.27
-147.817,66.2301#35.54#26.1#38.36
-147.681,66.228#35.46#26.1#38.44
-147.545,66.2257#35.37#26.1#38.53
-147.409,66.2233#35.28#26.1#38.62
-147.273,66.2207#35.19#26.1#38.71
-147.137,66.218#35.1#26.1#38.8
-147.001,66.2152#35.01#26.1#38.89
-146.865,66.2123#34.91#26.1#38.99
-146.729,66.2092#34.81#26.1#39.09
-146.593,66.206#34.71#26.1#39.19
-146.457,66.2027#34.62#26.1#39.28
-146.321,66.1992#34.52#26.1#39.38
-146.185,66.1956#34.43#26.1#39.47
-146.049,66.1919#34.34#26.11#39.55
-145.913,66.1881#34.25#26.11#39.64
-145.778,66.1841#34.17#26.11#39.72
-145.642,66.18#34.08#26.11#39.81
-145.506,66.1757#34#26.11#39.89
-145.371,66.1714#33.92#26.11#39.97
-145.235,66.1669#33.84#26.11#40.05
-145.1,66.1622#33.76#26.11#40.13
-144.965,66.1575#33.68#26.11#40.21
-144.829,66.1526#33.6#26.11#40.29
-144.694,66.1476#33.53#26.12#40.35
-144.559,66.1424#33.45#26.12#40.43
-144.424,66.1372#33.37#26.12#40.51
-144.288,66.1318#33.3#26.12#40.58
-144.153,66.1262#33.24#26.12#40.64
-144.018,66.1206#33.17#26.12#40.71
-143.883,66.1148#33.09#26.12#40.79
-143.749,66.1089#33.02#26.12#40.86
-143.614,66.1028#32.94#26.13#40.93
-143.479,66.0967#32.87#26.13#41
-143.345,66.0904#32.78#26.13#41.09
-143.21,66.0839#32.7#26.13#41.17
-143.076,66.0774#32.62#26.13#41.25
-142.941,66.0707#32.54#26.13#41.33
-142.807,66.0639#32.46#26.13#41.41
-142.673,66.0569#32.39#26.14#41.47
-142.538,66.0499#32.31#26.14#41.55
-142.404,66.0427#32.23#26.14#41.63
-142.27,66.0354#32.15#26.14#41.71
-142.136,66.0279#32.07#26.14#41.79
-142.003,66.0203#31.99#26.14#41.87
-141.869,66.0126#31.91#26.15#41.94
-141.735,66.0048#31.84#26.15#42.01
-141.602,65.9968#31.77#26.15#42.08
-141.468,65.9888#31.69#26.15#42.16
-141.335,65.9806#31.62#26.15#42.23
-141.202,65.9722#31.55#26.15#42.3
-141.068,65.9638#31.48#26.16#42.36
-140.935,65.9552#31.41#26.16#42.43
-140.802,65.9465#31.34#26.16#42.5
-140.669,65.9376#31.27#26.16#42.57
-140.537,65.9287#31.2#26.16#42.64
-140.404,65.9196#31.12#26.17#42.71
-140.271,65.9104#31.05#26.17#42.78
-140.139,65.901#30.97#26.17#42.86
-160.545,65.9066#41.32#26.08#32.6
-160.413,65.9165#41.35#26.08#32.57
-160.28,65.9264#41.37#26.08#32.55
-160.148,65.9361#41.4#26.08#32.52
-160.015,65.9457#41.42#26.08#32.5
-159.883,65.9552#41.44#26.08#32.48
-159.75,65.9646#41.47#26.08#32.45
-159.617,65.9738#41.49#26.08#32.43
-159.484,65.9829#41.51#26.08#32.41
-159.351,65.9919#41.53#26.08#32.39
-159.218,66.0008#41.55#26.08#32.37
-159.084,66.0095#41.57#26.08#32.35
-158.951,66.0181#41.6#26.08#32.32
-158.817,66.0266#41.61#26.08#32.31
-158.684,66.0349#41.63#26.08#32.29
-158.55,66.0432#41.65#26.08#32.27
-158.416,66.0513#41.66#26.08#32.26
-158.283,66.0592#41.66#26.08#32.26
-158.149,66.0671#41.66#26.08#32.26
-158.015,66.0748#41.66#26.08#32.26
-157.88,66.0824#41.63#26.08#32.29
-157.746,66.0899#41.61#26.08#32.31
-157.612,66.0972#41.58#26.08#32.34
-157.478,66.1044#41.56#26.08#32.36
-157.343,66.1115#41.52#26.08#32.4
-157.208,66.1184#41.47#26.08#32.45
-157.074,66.1253#41.43#26.08#32.49
-156.939,66.132#41.39#26.08#32.53
-156.804,66.1385#41.34#26.08#32.58
-156.669,66.145#41.3#26.08#32.62
-156.535,66.1513#41.25#26.08#32.67
-156.4,66.1575#41.2#26.08#32.72
-156.264,66.1635#41.15#26.08#32.77
-156.129,66.1695#41.1#26.08#32.82
-155.994,66.1753#41.05#26.08#32.87
-155.859,66.181#40.99#26.08#32.93
-155.723,66.1865#40.93#26.08#32.99
-155.588,66.1919#40.87#26.08#33.05
-155.453,66.1972#40.82#26.08#33.1
-155.317,66.2024#40.75#26.08#33.17
-155.181,66.2074#40.69#26.08#33.23
-155.046,66.2123#40.63#26.08#33.29
-154.91,66.217#40.57#26.08#33.35
-154.774,66.2217#40.5#26.08#33.42
-154.638,66.2262#40.44#26.08#33.48
-154.503,66.2306#40.38#26.08#33.54
-154.367,66.2348#40.31#26.08#33.61
-154.231,66.2389#40.25#26.08#33.67
-154.095,66.2429#40.18#26.08#33.74
-153.959,66.2468#40.12#26.08#33.8
-153.822,66.2505#40.06#26.08#33.86
-153.686,66.2541#39.99#26.08#33.93
-153.55,66.2576#39.93#26.08#33.99
-153.414,66.2609#39.87#26.08#34.05
-153.278,66.2641#39.81#26.08#34.11
-153.141,66.2672#39.75#26.08#34.17
-153.005,66.2701#39.69#26.08#34.23
-152.868,66.273#39.59#26.08#34.33
-152.732,66.2756#39.5#26.08#34.42
-152.596,66.2782#39.4#26.08#34.52
-152.459,66.2806#39.29#26.08#34.63
-152.323,66.2829#39.14#26.08#34.78
-152.186,66.2851#39#26.08#34.92
-152.049,66.2871#38.86#26.08#35.06
-151.913,66.289#38.71#26.08#35.21
-151.776,66.2908#38.57#26.08#35.35
-151.64,66.2924#38.43#26.08#35.49
-151.503,66.2939#38.29#26.08#35.63
-151.366,66.2953#38.15#26.08#35.77
-151.23,66.2965#38.01#26.09#35.9
-151.093,66.2977#37.87#26.09#36.04
-150.956,66.2986#37.74#26.09#36.17
-150.82,66.2995#37.61#26.09#36.3
-150.683,66.3002#37.49#26.09#36.42
-150.546,66.3008#37.36#26.09#36.55
-150.409,66.3013#37.24#26.09#36.67
-150.273,66.3016#37.12#26.09#36.79
-150.136,66.3018#37.01#26.09#36.9
-149.999,66.3018#36.89#26.09#37.02
-149.862,66.3018#36.78#26.09#37.13
-149.726,66.3016#36.67#26.09#37.24
-149.589,66.3013#36.56#26.09#37.35
-149.452,66.3008#36.45#26.09#37.46
-149.315,66.3002#36.35#26.09#37.56
-149.179,66.2995#36.25#26.09#37.66
-149.042,66.2986#36.15#26.09#37.76
-148.905,66.2976#36.05#26.09#37.86
-148.769,66.2965#35.95#26.09#37.96
-148.632,66.2953#35.86#26.09#38.05
-148.495,66.2939#35.76#26.09#38.15
-148.359,66.2924#35.67#26.09#38.24
-148.222,66.2908#35.59#26.09#38.32
-148.085,66.289#35.5#26.09#38.41
-147.949,66.2871#35.41#26.1#38.49
-147.812,66.285#35.32#26.1#38.58
-147.676,66.2829#35.24#26.1#38.66
-147.539,66.2806#35.15#26.1#38.75
-147.403,66.2782#35.07#26.1#38.83
-147.266,66.2756#34.98#26.1#38.92
-147.13,66.2729#34.88#26.1#39.02
-146.993,66.2701#34.79#26.1#39.11
-146.857,66.2672#34.7#26.1#39.2
-146.721,66.2641#34.6#26.1#39.3
-146.585,66.2609#34.5#26.1#39.4
-146.448,66.2575#34.41#26.1#39.49
-146.312,66.2541#34.32#26.1#39.58
-146.176,66.2505#34.23#26.1#39.67
-146.04,66.2467#34.14#26.11#39.75
-145.904,66.2429#34.05#26.11#39.84
-145.768,66.2389#33.97#26.11#39.92
-145.632,66.2348#33.89#26.11#40
-145.496,66.2305#33.8#26.11#40.09
-145.36,66.2261#33.73#26.11#40.16
-145.224,66.2216#33.65#26.11#40.24
-145.088,66.217#33.57#26.11#40.32
-144.953,66.2122#33.49#26.11#40.4
-144.817,66.2073#33.42#26.11#40.47
-144.681,66.2023#33.34#26.11#40.55
-144.546,66.1971#33.26#26.12#40.62
-144.41,66.1918#33.19#26.12#40.69
-144.275,66.1864#33.12#26.12#40.76
-144.14,66.1809#33.05#26.12#40.83
-144.004,66.1752#32.99#26.12#40.89
-143.869,66.1694#32.91#26.12#40.97
-143.734,66.1635#32.83#26.12#41.05
-143.599,66.1574#32.76#26.12#41.12
-143.464,66.1512#32.68#26.13#41.19
-143.329,66.1449#32.6#26.13#41.27
-143.194,66.1385#32.52#26.13#41.35
-143.059,66.1319#32.44#26.13#41.43
-142.924,66.1252#32.36#26.13#41.51
-142.79,66.1184#32.28#26.13#41.59
-142.655,66.1114#32.2#26.13#41.67
-142.521,66.1043#32.13#26.14#41.73
-142.386,66.0971#32.05#26.14#41.81
-142.252,66.0898#31.97#26.14#41.89
-142.118,66.0823#31.89#26.14#41.97
-141.984,66.0747#31.81#26.14#42.05
-141.85,66.067#31.74#26.14#42.12
-141.716,66.0591#31.67#26.15#42.18
-141.582,66.0512#31.59#26.15#42.26
-141.448,66.0431#31.52#26.15#42.33
-141.314,66.0348#31.45#26.15#42.4
-141.181,66.0265#31.38#26.15#42.47
-141.047,66.018#31.31#26.16#42.53
-140.914,66.0094#31.24#26.16#42.6
-140.781,66.0006#31.17#26.16#42.67
-140.648,65.9918#31.09#26.16#42.75
-140.514,65.9828#31.02#26.16#42.82
-140.381,65.9737#30.95#26.17#42.88
-140.249,65.9645#30.87#26.17#42.96
-140.116,65.9551#30.8#26.17#43.03
-139.983,65.9456#30.72#26.17#43.11
-139.851,65.936#30.64#26.17#43.19
-139.718,65.9263#30.56#26.18#43.26
-139.586,65.9164#30.47#26.18#43.35
-139.454,65.9064#30.39#26.18#43.43
-161.23,65.9086#41.02#26.08#32.9
-161.098,65.9192#41.05#26.08#32.87
-160.966,65.9297#41.07#26.08#32.85
-160.834,65.9401#41.1#26.08#32.82
-160.702,65.9504#41.13#26.08#32.79
-160.569,65.9605#41.16#26.08#32.76
-160.437,65.9705#41.19#26.08#32.73
-160.304,65.9804#41.22#26.08#32.7
-160.172,65.9902#41.24#26.08#32.68
-160.039,65.9998#41.27#26.08#32.65
-159.906,66.0093#41.29#26.08#32.63
-159.773,66.0187#41.31#26.08#32.61
-159.639,66.0279#41.34#26.08#32.58
-159.506,66.0371#41.36#26.08#32.56
-159.373,66.0461#41.38#26.08#32.54
-159.239,66.055#41.4#26.08#32.52
-159.106,66.0637#41.43#26.08#32.49
-158.972,66.0723#41.45#26.08#32.47
-158.838,66.0808#41.47#26.08#32.45
-158.704,66.0892#41.49#26.08#32.43
-158.57,66.0975#41.51#26.08#32.41
-158.436,66.1056#41.52#26.08#32.4
-158.302,66.1136#41.52#26.08#32.4
-158.168,66.1214#41.52#26.08#32.4
-158.033,66.1292#41.52#26.08#32.4
-157.899,66.1368#41.5#26.08#32.42
-157.765,66.1443#41.48#26.08#32.44
-157.63,66.1516#41.45#26.08#32.47
-157.495,66.1589#41.43#26.08#32.49
-157.36,66.166#41.39#26.08#32.53
-157.226,66.1729#41.34#26.08#32.58
-157.091,66.1798#41.3#26.08#32.62
-156.956,66.1865#41.26#26.08#32.66
-156.82,66.1931#41.21#26.08#32.71
-156.685,66.1995#41.16#26.08#32.76
-156.55,66.2059#41.12#26.08#32.8
-156.415,66.2121#41.07#26.08#32.85
-156.279,66.2182#41.01#26.08#32.91
-156.144,66.2241#40.96#26.08#32.96
-156.008,66.2299#40.9#26.08#33.02
-155.873,66.2356#40.84#26.08#33.08
-155.737,66.2412#40.78#26.08#33.14
-155.601,66.2466#40.72#26.08#33.2
-155.465,66.2519#40.66#26.08#33.26
-155.33,66.2571#40.59#26.08#33.33
-155.194,66.2621#40.53#26.08#33.39
-155.058,66.267#40.46#26.08#33.46
-154.922,66.2718#40.39#26.08#33.53
-154.786,66.2764#40.33#26.08#33.59
-154.649,66.281#40.26#26.08#33.66
-154.513,66.2853#40.19#26.08#33.73
-154.377,66.2896#40.12#26.08#33.8
-154.241,66.2937#40.06#26.08#33.86
-154.104,66.2977#39.99#26.08#33.93
-153.968,66.3016#39.92#26.08#34
-153.832,66.3053#39.85#26.08#34.07
-153.695,66.3089#39.79#26.08#34.13
-153.559,66.3124#39.72#26.08#34.2
-153.422,66.3158#39.65#26.08#34.27
-153.285,66.319#39.59#26.08#34.33
-153.149,66.3221#39.52#26.08#34.4
-153.012,66.325#39.45#26.08#34.47
-152.875,66.3278#39.35#26.08#34.57
-152.739,66.3305#39.25#26.08#34.67
-152.602,66.3331#39.14#26.08#34.78
-152.465,66.3355#39.02#26.08#34.9
-152.328,66.3378#38.88#26.08#35.04
-152.191,66.34#38.74#26.08#35.18
-152.054,66.342#38.59#26.08#35.33
-151.917,66.3439#38.45#26.08#35.47
-151.781,66.3457#38.31#26.08#35.61
-151.644,66.3474#38.17#26.08#35.75
-151.507,66.3489#38.03#26.08#35.89
-151.37,66.3502#37.89#26.08#36.03
-151.233,66.3515#37.76#26.08#36.16
-151.096,66.3526#37.62#26.09#36.29
-150.959,66.3536#37.49#26.09#36.42
-150.822,66.3544#37.36#26.09#36.55
-150.684,66.3552#37.24#26.09#36.67
-150.547,66.3558#37.12#26.09#36.79
-150.41,66.3562#37#26.09#36.91
-150.273,66.3565#36.88#26.09#37.03
-150.136,66.3567#36.77#26.09#37.14
-149.999,66.3568#36.65#26.09#37.26
-149.862,66.3567#36.54#26.09#37.37
-149.725,66.3565#36.43#26.09#37.48
-149.588,66.3562#36.32#26.09#37.59
-149.451,66.3558#36.22#26.09#37.69
-149.314,66.3552#36.12#26.09#37.79
-149.177,66.3544#36.02#26.09#37.89
-149.04,66.3536#35.92#26.09#37.99
-148.903,66.3526#35.82#26.09#38.09
-148.766,66.3515#35.72#26.09#38.19
-148.629,66.3502#35.63#26.09#38.28
-148.492,66.3488#35.54#26.09#38.37
-148.355,66.3473#35.45#26.09#38.46
-148.218,66.3457#35.36#26.09#38.55
-148.081,66.3439#35.27#26.09#38.64
-147.944,66.342#35.19#26.09#38.72
-147.807,66.34#35.1#26.1#38.8
-147.67,66.3378#35.02#26.1#38.88
-147.533,66.3355#34.94#26.1#38.96
-147.397,66.3331#34.85#26.1#39.05
-147.26,66.3305#34.76#26.1#39.14
-147.123,66.3278#34.67#26.1#39.23
-146.986,66.325#34.58#26.1#39.32
-146.85,66.322#34.49#26.1#39.41
-146.713,66.3189#34.39#26.1#39.51
-146.576,66.3157#34.29#26.1#39.61
-146.44,66.3124#34.2#26.1#39.7
-146.303,66.3089#34.11#26.1#39.79
-146.167,66.3053#34.02#26.1#39.88
-146.03,66.3016#33.93#26.1#39.97
-145.894,66.2977#33.85#26.11#40.04
-145.758,66.2937#33.77#26.11#40.12
-145.621,66.2896#33.69#26.11#40.2
-145.485,66.2853#33.61#26.11#40.28
-145.349,66.2809#33.53#26.11#40.36
-145.213,66.2764#33.46#26.11#40.43
-145.077,66.2717#33.38#26.11#40.51
-144.941,66.2669#33.31#26.11#40.58
-144.805,66.262#33.23#26.11#40.66
-144.669,66.257#33.16#26.11#40.73
-144.533,66.2518#33.08#26.12#40.8
-144.397,66.2465#33.01#26.12#40.87
-144.261,66.2411#32.94#26.12#40.94
-144.126,66.2355#32.87#26.12#41.01
-143.99,66.2298#32.81#26.12#41.07
-143.854,66.224#32.73#26.12#41.15
-143.719,66.2181#32.66#26.12#41.22
-143.584,66.212#32.58#26.12#41.3
-143.448,66.2058#32.5#26.12#41.38
-143.313,66.1995#32.43#26.13#41.44
-143.178,66.193#32.35#26.13#41.52
-143.043,66.1864#32.27#26.13#41.6
-142.908,66.1797#32.19#26.13#41.68
-142.773,66.1729#32.11#26.13#41.76
-142.638,66.1659#32.03#26.13#41.84
-142.503,66.1588#31.95#26.13#41.92
-142.368,66.1515#31.87#26.14#41.99
-142.234,66.1442#31.79#26.14#42.07
-142.099,66.1367#31.72#26.14#42.14
-141.965,66.1291#31.64#26.14#42.22
-141.83,66.1213#31.56#26.14#42.3
-141.696,66.1135#31.49#26.14#42.37
-141.562,66.1055#31.42#26.15#42.43
-141.428,66.0974#31.35#26.15#42.5
-141.294,66.0891#31.28#26.15#42.57
-141.16,66.0807#31.21#26.15#42.64
-141.026,66.0722#31.14#26.15#42.71
-140.893,66.0636#31.07#26.16#42.77
-140.759,66.0548#30.99#26.16#42.85
-140.626,66.046#30.92#26.16#42.92
-140.492,66.037#30.85#26.16#42.99
-140.359,66.0278#30.77#26.16#43.07
-140.226,66.0186#30.7#26.17#43.13
-140.093,66.0092#30.62#26.17#43.21
-139.96,65.9997#30.54#26.17#43.29
-139.827,65.99#30.46#26.17#43.37
-139.694,65.9803#30.38#26.18#43.44
-139.561,65.9704#30.3#26.18#43.52
-139.429,65.9604#30.22#26.18#43.6
-139.297,65.9503#30.13#26.18#43.69
-139.164,65.94#30.05#26.18#43.77
-139.032,65.9296#29.97#26.19#43.84
-138.9,65.9191#29.88#26.19#43.93
-138.768,65.9085#29.79#26.19#44.02
-161.916,65.9073#40.74#26.08#33.18
-161.784,65.9186#40.76#26.08#33.16
-161.652,65.9297#40.78#26.08#33.14
-161.521,65.9408#40.81#26.08#33.11
-161.389,65.9517#40.83#26.08#33.09
-161.257,65.9625#40.86#26.08#33.06
-161.124,65.9731#40.89#26.08#33.03
-160.992,65.9836#40.92#26.08#33
-160.859,65.994#40.94#26.08#32.98
-160.727,66.0043#40.97#26.08#32.95
-160.594,66.0145#41.01#26.08#32.91
-160.461,66.0245#41.03#26.08#32.89
-160.328,66.0344#41.06#26.08#32.86
-160.195,66.0442#41.09#26.08#32.83
-160.062,66.0539#41.11#26.08#32.81
-159.929,66.0634#41.14#26.08#32.78
-159.796,66.0728#41.16#26.08#32.76
-159.662,66.0821#41.18#26.08#32.74
-159.529,66.0912#41.21#26.08#32.71
-159.395,66.1003#41.23#26.08#32.69
-159.261,66.1092#41.26#26.08#32.66
-159.127,66.1179#41.28#26.08#32.64
-158.993,66.1266#41.3#26.08#32.62
-158.859,66.1351#41.32#26.08#32.6
-158.725,66.1435#41.34#26.08#32.58
-158.591,66.1518#41.37#26.08#32.55
-158.456,66.1599#41.38#26.08#32.54
-158.322,66.1679#41.38#26.08#32.54
-158.187,66.1758#41.39#26.08#32.53
-158.053,66.1836#41.39#26.08#32.53
-157.918,66.1912#41.38#26.08#32.54
-157.783,66.1987#41.35#26.08#32.57
-157.648,66.2061#41.33#26.08#32.59
-157.513,66.2133#41.3#26.08#32.62
-157.378,66.2204#41.26#26.08#32.66
-157.243,66.2274#41.22#26.08#32.7
-157.107,66.2343#41.17#26.08#32.75
-156.972,66.241#41.13#26.08#32.79
-156.837,66.2476#41.08#26.08#32.84
-156.701,66.2541#41.03#26.08#32.89
-156.566,66.2605#40.99#26.08#32.93
-156.43,66.2667#40.93#26.08#32.99
-156.294,66.2728#40.88#26.08#33.04
-156.158,66.2787#40.82#26.08#33.1
-156.023,66.2846#40.76#26.08#33.16
-155.887,66.2903#40.7#26.08#33.22
-155.751,66.2958#40.63#26.08#33.29
-155.615,66.3013#40.57#26.08#33.35
-155.479,66.3066#40.5#26.08#33.42
-155.342,66.3118#40.43#26.08#33.49
-155.206,66.3168#40.36#26.08#33.56
-155.07,66.3218#40.29#26.08#33.63
-154.933,66.3265#40.22#26.08#33.7
-154.797,66.3312#40.15#26.08#33.77
-154.661,66.3357#40.08#26.08#33.84
-154.524,66.3401#40.01#26.08#33.91
-154.387,66.3444#39.94#26.08#33.98
-154.251,66.3485#39.87#26.08#34.05
-154.114,66.3526#39.79#26.08#34.13
-153.977,66.3564#39.72#26.08#34.2
-153.841,66.3602#39.65#26.08#34.27
-153.704,66.3638#39.58#26.08#34.34
-153.567,66.3673#39.5#26.08#34.42
-153.43,66.3706#39.43#26.08#34.49
-153.293,66.3739#39.36#26.08#34.56
-153.156,66.377#39.29#26.08#34.63
-153.019,66.3799#39.22#26.08#34.7
-152.882,66.3827#39.11#26.08#34.81
-152.745,66.3854#39#26.08#34.92
-152.608,66.388#38.88#26.08#35.04
-152.471,66.3905#38.76#26.08#35.16
-152.334,66.3928#38.62#26.08#35.3
-152.197,66.3949#38.47#26.08#35.45
-152.059,66.397#38.33#26.08#35.59
-151.922,66.3989#38.19#26.08#35.73
-151.785,66.4007#38.05#26.08#35.87
-151.648,66.4023#37.91#26.08#36.01
-151.51,66.4038#37.77#26.08#36.15
-151.373,66.4052#37.64#26.08#36.28
-151.236,66.4065#37.5#26.08#36.42
-151.098,66.4076#37.37#26.08#36.55
-150.961,66.4086#37.24#26.09#36.67
-150.824,66.4094#37.12#26.09#36.79
-150.686,66.4101#36.99#26.09#36.92
-150.549,66.4107#36.87#26.09#37.04
-150.411,66.4112#36.75#26.09#37.16
-150.274,66.4115#36.64#26.09#37.27
-150.137,66.4117#36.52#26.09#37.39
-149.999,66.4118#36.41#26.09#37.5
-149.862,66.4117#36.3#26.09#37.61
-149.724,66.4115#36.19#26.09#37.72
-149.587,66.4112#36.08#26.09#37.83
-149.45,66.4107#35.98#26.09#37.93
-149.312,66.4101#35.88#26.09#38.03
-149.175,66.4094#35.78#26.09#38.13
-149.037,66.4086#35.68#26.09#38.23
-148.9,66.4076#35.59#26.09#38.32
-148.763,66.4064#35.5#26.09#38.41
-148.625,66.4052#35.4#26.09#38.51
-148.488,66.4038#35.31#26.09#38.6
-148.351,66.4023#35.22#26.09#38.69
-148.213,66.4006#35.14#26.09#38.77
-148.076,66.3989#35.05#26.09#38.86
-147.939,66.3969#34.97#26.09#38.94
-147.802,66.3949#34.88#26.09#39.03
-147.665,66.3927#34.8#26.1#39.1
-147.527,66.3904#34.72#26.1#39.18
-147.39,66.388#34.63#26.1#39.27
-147.253,66.3854#34.55#26.1#39.35
-147.116,66.3827#34.46#26.1#39.44
-146.979,66.3799#34.37#26.1#39.53
-146.842,66.3769#34.28#26.1#39.62
-146.705,66.3738#34.18#26.1#39.72
-146.568,66.3706#34.09#26.1#39.81
-146.431,66.3672#33.99#26.1#39.91
-146.294,66.3638#33.91#26.1#39.99
-146.158,66.3601#33.82#26.1#40.08
-146.021,66.3564#33.73#26.1#40.17
-145.884,66.3525#33.65#26.1#40.25
-145.747,66.3485#33.57#26.11#40.32
-145.611,66.3444#33.49#26.11#40.4
-145.474,66.3401#33.41#26.11#40.48
-145.338,66.3357#33.34#26.11#40.55
-145.201,66.3311#33.27#26.11#40.62
-145.065,66.3265#33.19#26.11#40.7
-144.929,66.3217#33.12#26.11#40.77
-144.792,66.3168#33.04#26.11#40.85
-144.656,66.3117#32.97#26.11#40.92
-144.52,66.3065#32.9#26.11#40.99
-144.384,66.3012#32.83#26.12#41.05
-144.248,66.2958#32.76#26.12#41.12
-144.112,66.2902#32.69#26.12#41.19
-143.976,66.2845#32.63#26.12#41.25
-143.84,66.2787#32.55#26.12#41.33
-143.704,66.2727#32.48#26.12#41.4
-143.568,66.2666#32.4#26.12#41.48
-143.433,66.2604#32.33#26.12#41.55
-143.297,66.254#32.25#26.13#41.62
