-152.023,62.9002#46.66#26.11#27.23
-151.904,62.902#46.59#26.11#27.3
-151.785,62.9038#46.51#26.11#27.38
-151.666,62.9054#46.43#26.11#27.46
-151.547,62.9069#46.35#26.11#27.54
-151.428,62.9083#46.26#26.11#27.63
-151.309,62.9096#46.17#26.11#27.72
-151.19,62.9108#46.08#26.11#27.81
-151.071,62.9119#45.99#26.11#27.9
-150.952,62.9128#45.9#26.12#27.98
-150.833,62.9137#45.81#26.12#28.07
-150.714,62.9144#45.71#26.12#28.17
-150.595,62.915#45.62#26.12#28.26
-150.476,62.9155#45.53#26.12#28.35
-150.357,62.9159#45.44#26.12#28.44
-150.237,62.9162#45.35#26.12#28.53
-150.118,62.9164#45.26#26.12#28.62
-149.999,62.9164#45.17#26.12#28.71
-149.88,62.9164#45.09#26.13#28.78
-149.761,62.9162#45.01#26.13#28.86
-149.642,62.9159#44.93#26.13#28.94
-149.523,62.9155#44.85#26.13#29.02
-149.404,62.915#44.77#26.13#29.1
-149.285,62.9144#44.69#26.13#29.18
-149.165,62.9137#44.62#26.13#29.25
-149.046,62.9128#44.54#26.13#29.33
-148.927,62.9119#44.47#26.14#29.39
-148.808,62.9108#44.4#26.14#29.46
-148.689,62.9096#44.33#26.14#29.53
-148.57,62.9083#44.26#26.14#29.6
-148.451,62.9069#44.19#26.14#29.67
-148.332,62.9054#44.13#26.14#29.73
-148.213,62.9038#44.06#26.14#29.8
-148.094,62.902#44#26.15#29.85
-147.975,62.9001#43.94#26.15#29.91
-154.17,62.9016#47.91#26.09#26
-154.051,62.9055#47.83#26.1#26.07
-153.932,62.9093#47.75#26.1#26.15
-153.813,62.9129#47.67#26.1#26.23
-153.695,62.9165#47.59#26.1#26.31
-153.576,62.9199#47.51#26.1#26.39
-153.457,62.9232#47.43#26.1#26.47
-153.338,62.9264#47.35#26.1#26.55
-153.219,62.9295#47.28#26.1#26.62
-153.1,62.9325#47.2#26.1#26.7
-152.981,62.9354#47.12#26.1#26.78
-152.862,62.9382#47.05#26.1#26.85
-152.743,62.9408#46.97#26.1#26.93
-152.624,62.9434#46.9#26.1#27
-152.504,62.9458#46.83#26.1#27.07
-152.385,62.9481#46.76#26.1#27.14
-152.266,62.9503#46.69#26.11#27.2
-152.147,62.9524#46.62#26.11#27.27
-152.028,62.9544#46.55#26.11#27.34
-151.908,62.9562#46.48#26.11#27.41
-151.789,62.958#46.4#26.11#27.49
-151.67,62.9596#46.32#26.11#27.57
-151.551,62.9611#46.24#26.11#27.65
-151.431,62.9626#46.16#26.11#27.73
-151.312,62.9639#46.07#26.11#27.82
-151.193,62.965#45.98#26.11#27.91
-151.073,62.9661#45.89#26.11#28
-150.954,62.9671#45.8#26.11#28.09
-150.835,62.9679#45.7#26.12#28.18
-150.715,62.9687#45.61#26.12#28.27
-150.596,62.9693#45.52#26.12#28.36
-150.477,62.9698#45.43#26.12#28.45
-150.357,62.9702#45.34#26.12#28.54
-150.238,62.9705#45.25#26.12#28.63
-150.119,62.9706#45.16#26.12#28.72
-149.999,62.9707#45.07#26.12#28.81
-149.88,62.9706#44.99#26.12#28.89
-149.761,62.9705#44.91#26.13#28.96
-149.641,62.9702#44.83#26.13#29.04
-149.522,62.9698#44.75#26.13#29.12
-149.402,62.9693#44.67#26.13#29.2
-149.283,62.9686#44.6#26.13#29.27
-149.164,62.9679#44.52#26.13#29.35
-149.044,62.9671#44.44#26.13#29.43
-148.925,62.9661#44.37#26.13#29.5
-148.806,62.965#44.3#26.14#29.56
-148.686,62.9638#44.23#26.14#29.63
-148.567,62.9625#44.16#26.14#29.7
-148.448,62.9611#44.09#26.14#29.77
-148.329,62.9596#44.03#26.14#29.83
-148.209,62.958#43.97#26.14#29.89
-148.09,62.9562#43.91#26.14#29.95
-147.971,62.9544#43.85#26.15#30
-147.852,62.9524#43.79#26.15#30.06
-147.732,62.9503#43.73#26.15#30.12
-147.613,62.9481#43.68#26.15#30.17
-147.494,62.9458#43.62#26.15#30.23
-147.375,62.9433#43.56#26.15#30.29
-147.256,62.9408#43.51#26.16#30.33
-147.137,62.9381#43.45#26.16#30.39
-147.018,62.9354#43.39#26.16#30.45
-146.899,62.9325#43.32#26.16#30.52
-146.78,62.9295#43.26#26.16#30.58
-146.661,62.9264#43.19#26.16#30.65
-146.542,62.9232#43.12#26.17#30.71
-146.423,62.9199#43.06#26.17#30.77
-146.304,62.9164#42.99#26.17#30.84
-146.185,62.9129#42.92#26.17#30.91
-146.066,62.9092#42.85#26.17#30.98
-145.947,62.9054#42.78#26.18#31.04
-145.829,62.9015#42.72#26.18#31.1
-155.603,62.9002#48.87#26.09#25.04
-155.485,62.9054#48.78#26.09#25.13
-155.366,62.9106#48.68#26.09#25.23
-155.248,62.9156#48.59#26.09#25.32
-155.129,62.9205#48.5#26.09#25.41
-155.01,62.9253#48.4#26.09#25.51
-154.892,62.9299#48.31#26.09#25.6
-154.773,62.9345#48.22#26.09#25.69
-154.654,62.939#48.13#26.09#25.78
-154.535,62.9433#48.04#26.09#25.87
-154.416,62.9476#47.96#26.09#25.95
-154.297,62.9517#47.88#26.09#26.03
-154.178,62.9557#47.79#26.09#26.12
-154.059,62.9596#47.71#26.09#26.2
-153.94,62.9634#47.63#26.1#26.27
-153.821,62.967#47.55#26.1#26.35
-153.702,62.9706#47.47#26.1#26.43
-153.583,62.974#47.4#26.1#26.5
-153.464,62.9774#47.32#26.1#26.58
-153.345,62.9806#47.24#26.1#26.66
-153.226,62.9837#47.16#26.1#26.74
-153.106,62.9867#47.09#26.1#26.81
-152.987,62.9896#47.01#26.1#26.89
-152.868,62.9924#46.94#26.1#26.96
-152.748,62.995#46.86#26.1#27.04
-152.629,62.9976#46.79#26.1#27.11
-152.51,63#46.72#26.1#27.18
-152.39,63.0023#46.65#26.1#27.25
-152.271,63.0045#46.58#26.1#27.32
-152.151,63.0066#46.51#26.11#27.38
-152.032,63.0086#46.44#26.11#27.45
-151.912,63.0105#46.37#26.11#27.52
-151.793,63.0122#46.29#26.11#27.6
-151.673,63.0139#46.21#26.11#27.68
-151.554,63.0154#46.14#26.11#27.75
-151.434,63.0168#46.05#26.11#27.84
-151.315,63.0181#45.96#26.11#27.93
-151.195,63.0193#45.88#26.11#28.01
-151.076,63.0204#45.79#26.11#28.1
-150.956,63.0213#45.7#26.11#28.19
-150.837,63.0222#45.6#26.11#28.29
-150.717,63.0229#45.51#26.12#28.37
-150.597,63.0235#45.42#26.12#28.46
-150.478,63.024#45.33#26.12#28.55
-150.358,63.0244#45.24#26.12#28.64
-150.238,63.0247#45.15#26.12#28.73
-150.119,63.0249#45.06#26.12#28.82
-149.999,63.0249#44.97#26.12#28.91
-149.88,63.0249#44.89#26.12#28.99
-149.76,63.0247#44.81#26.12#29.07
-149.64,63.0244#44.73#26.13#29.14
-149.521,63.024#44.65#26.13#29.22
-149.401,63.0235#44.57#26.13#29.3
-149.282,63.0229#44.5#26.13#29.37
-149.162,63.0222#44.42#26.13#29.45
-149.042,63.0213#44.35#26.13#29.52
-148.923,63.0203#44.27#26.13#29.6
-148.803,63.0193#44.2#26.13#29.67
-148.684,63.0181#44.13#26.14#29.73
-148.564,63.0168#44.06#26.14#29.8
-148.445,63.0154#44#26.14#29.86
-148.325,63.0138#43.93#26.14#29.93
-148.206,63.0122#43.87#26.14#29.99
-148.086,63.0104#43.81#26.14#30.05
-147.967,63.0086#43.75#26.14#30.11
-147.847,63.0066#43.69#26.15#30.16
-147.728,63.0045#43.64#26.15#30.21
-147.608,63.0023#43.58#26.15#30.27
-147.489,63#43.53#26.15#30.32
-147.369,62.9975#43.47#26.15#30.38
-147.25,62.995#43.41#26.15#30.44
-147.131,62.9923#43.35#26.16#30.49
-147.012,62.9895#43.29#26.16#30.55
-146.892,62.9867#43.23#26.16#30.61
-146.773,62.9837#43.16#26.16#30.68
-146.654,62.9806#43.1#26.16#30.74
-146.535,62.9773#43.03#26.17#30.8
-146.415,62.974#42.97#26.17#30.86
-146.296,62.9705#42.9#26.17#30.93
-146.177,62.967#42.83#26.17#31
-146.058,62.9633#42.76#26.17#31.07
-145.939,62.9595#42.7#26.17#31.13
-145.82,62.9556#42.63#26.18#31.19
-145.701,62.9516#42.56#26.18#31.26
-145.582,62.9475#42.5#26.18#31.32
-145.463,62.9433#42.43#26.18#31.39
-145.344,62.9389#42.36#26.19#31.45
-145.226,62.9345#42.3#26.19#31.51
-145.107,62.9299#42.23#26.19#31.58
-144.988,62.9252#42.17#26.19#31.64
-144.869,62.9204#42.11#26.19#31.7
-144.751,62.9155#42.05#26.2#31.75
-144.632,62.9105#41.99#26.2#31.81
-144.514,62.9054#41.93#26.2#31.87
-144.395,62.9001#41.87#26.2#31.93
-156.681,62.9019#49.38#26.09#24.53
-156.563,62.9081#49.34#26.09#24.57
-156.445,62.9143#49.29#26.09#24.62
-156.326,62.9203#49.22#26.09#24.69
-156.208,62.9262#49.16#26.09#24.75
-156.09,62.932#49.1#26.09#24.81
-155.971,62.9377#49.03#26.09#24.88
-155.852,62.9433#48.93#26.09#24.98
-155.734,62.9488#48.84#26.09#25.07
-155.615,62.9542#48.75#26.09#25.16
-155.496,62.9594#48.65#26.09#25.26
-155.377,62.9646#48.56#26.09#25.35
-155.259,62.9696#48.47#26.09#25.44
-155.14,62.9745#48.38#26.09#25.53
-155.021,62.9793#48.28#26.09#25.63
-154.902,62.984#48.19#26.09#25.72
-154.783,62.9886#48.1#26.09#25.81
-154.664,62.993#48.02#26.09#25.89
-154.545,62.9974#47.93#26.09#25.98
-154.426,63.0016#47.84#26.09#26.07
-154.306,63.0058#47.76#26.09#26.15
-154.187,63.0098#47.68#26.09#26.23
-154.068,63.0137#47.59#26.09#26.32
-153.949,63.0175#47.51#26.09#26.4
-153.829,63.0212#47.44#26.1#26.46
-153.71,63.0247#47.36#26.1#26.54
-153.591,63.0282#47.28#26.1#26.62
-153.471,63.0315#47.2#26.1#26.7
-153.352,63.0348#47.13#26.1#26.77
-153.232,63.0379#47.05#26.1#26.85
-153.113,63.0409#46.97#26.1#26.93
-152.993,63.0438#46.9#26.1#27
-152.874,63.0465#46.82#26.1#27.08
-152.754,63.0492#46.75#26.1#27.15
-152.635,63.0518#46.68#26.1#27.22
-152.515,63.0542#46.6#26.1#27.3
-152.395,63.0565#46.54#26.1#27.36
-152.276,63.0587#46.47#26.1#27.43
-152.156,63.0608#46.4#26.1#27.5
-152.036,63.0628#46.33#26.11#27.56
-151.916,63.0647#46.26#26.11#27.63
-151.797,63.0664#46.18#26.11#27.71
-151.677,63.0681#46.11#26.11#27.78
-151.557,63.0696#46.03#26.11#27.86
-151.437,63.071#45.95#26.11#27.94
-151.318,63.0723#45.86#26.11#28.03
-151.198,63.0735#45.77#26.11#28.12
-151.078,63.0746#45.68#26.11#28.21
-150.958,63.0756#45.59#26.11#28.3
-150.838,63.0764#45.5#26.11#28.39
-150.718,63.0772#45.41#26.11#28.48
-150.599,63.0778#45.32#26.12#28.56
-150.479,63.0783#45.23#26.12#28.65
-150.359,63.0787#45.14#26.12#28.74
-150.239,63.079#45.05#26.12#28.83
-150.119,63.0791#44.96#26.12#28.92
-149.999,63.0792#44.87#26.12#29.01
-149.879,63.0791#44.79#26.12#29.09
-149.76,63.079#44.71#26.12#29.17
-149.64,63.0787#44.63#26.12#29.25
-149.52,63.0783#44.55#26.13#29.32
-149.4,63.0778#44.47#26.13#29.4
-149.28,63.0772#44.4#26.13#29.47
-149.16,63.0764#44.32#26.13#29.55
-149.04,63.0756#44.25#26.13#29.62
-148.921,63.0746#44.18#26.13#29.69
-148.801,63.0735#44.11#26.13#29.76
-148.681,63.0723#44.04#26.13#29.83
-148.561,63.071#43.97#26.14#29.89
-148.441,63.0696#43.9#26.14#29.96
-148.322,63.0681#43.84#26.14#30.02
-148.202,63.0664#43.78#26.14#30.08
-148.082,63.0647#43.71#26.14#30.15
-147.962,63.0628#43.65#26.14#30.21
-147.843,63.0608#43.6#26.15#30.25
-147.723,63.0587#43.54#26.15#30.31
-147.603,63.0565#43.49#26.15#30.36
-147.484,63.0542#43.43#26.15#30.42
-147.364,63.0517#43.38#26.15#30.47
-147.244,63.0492#43.32#26.15#30.53
-147.125,63.0465#43.26#26.15#30.59
-147.005,63.0437#43.2#26.16#30.64
-146.886,63.0408#43.14#26.16#30.7
-146.766,63.0378#43.07#26.16#30.77
-146.647,63.0347#43.01#26.16#30.83
-146.527,63.0315#42.94#26.16#30.9
-146.408,63.0281#42.88#26.17#30.95
-146.289,63.0247#42.81#26.17#31.02
-146.169,63.0211#42.74#26.17#31.09
-146.05,63.0174#42.67#26.17#31.16
-145.931,63.0136#42.61#26.17#31.22
-145.811,63.0097#42.54#26.18#31.28
-145.692,63.0057#42.48#26.18#31.34
-145.573,63.0016#42.41#26.18#31.41
-145.454,62.9973#42.34#26.18#31.48
-145.335,62.993#42.28#26.18#31.54
-145.216,62.9885#42.21#26.19#31.6
-145.097,62.9839#42.15#26.19#31.66
-144.978,62.9792#42.09#26.19#31.72
-144.859,62.9744#42.03#26.19#31.78
-144.74,62.9695#41.97#26.19#31.84
-144.621,62.9645#41.9#26.2#31.9
-144.502,62.9594#41.84#26.2#31.96
-144.383,62.9541#41.79#26.2#32.01
-144.265,62.9487#41.73#26.2#32.07
-144.146,62.9433#41.67#26.21#32.12
-144.028,62.9377#41.62#26.21#32.17
-143.909,62.932#41.56#26.21#32.23
-143.791,62.9262#41.51#26.21#32.28
-143.672,62.9202#41.46#26.22#32.32
-143.554,62.9142#41.4#26.22#32.38
-143.435,62.9081#41.35#26.22#32.43
-143.317,62.9018#41.31#26.22#32.47
-157.641,62.9016#49.63#26.08#24.29
-157.523,62.9088#49.57#26.08#24.35
-157.405,62.9158#49.52#26.08#24.4
-157.287,62.9227#49.46#26.08#24.46
-157.169,62.9296#49.41#26.08#24.51
-157.051,62.9363#49.36#26.08#24.56
-156.932,62.9429#49.32#26.09#24.59
-156.814,62.9494#49.28#26.09#24.63
-156.695,62.9557#49.24#26.09#24.67
-156.577,62.962#49.2#26.09#24.71
-156.458,62.9682#49.16#26.09#24.75
-156.34,62.9742#49.09#26.09#24.82
-156.221,62.9802#49.03#26.09#24.88
-156.102,62.986#48.97#26.09#24.94
-155.983,62.9917#48.9#26.09#25.01
-155.865,62.9973#48.81#26.09#25.1
-155.746,63.0028#48.71#26.09#25.2
-155.627,63.0082#48.62#26.09#25.29
-155.508,63.0134#48.53#26.09#25.38
-155.389,63.0186#48.44#26.09#25.47
-155.27,63.0236#48.35#26.09#25.56
-155.15,63.0285#48.26#26.09#25.65
-155.031,63.0333#48.16#26.09#25.75
-154.912,63.038#48.07#26.09#25.84
-154.793,63.0426#47.99#26.09#25.92
-154.674,63.0471#47.9#26.09#26.01
-154.554,63.0515#47.81#26.09#26.1
-154.435,63.0557#47.73#26.09#26.18
-154.315,63.0599#47.64#26.09#26.27
-154.196,63.0639#47.56#26.09#26.35
-154.076,63.0678#47.48#26.09#26.43
-153.957,63.0716#47.4#26.09#26.51
-153.837,63.0753#47.32#26.09#26.59
-153.718,63.0789#47.24#26.1#26.66
-153.598,63.0823#47.17#26.1#26.73
-153.478,63.0857#47.09#26.1#26.81
-153.359,63.0889#47.01#26.1#26.89
-153.239,63.0921#46.94#26.1#26.96
-153.119,63.0951#46.86#26.1#27.04
-153,63.098#46.78#26.1#27.12
-152.88,63.1007#46.71#26.1#27.19
-152.76,63.1034#46.64#26.1#27.26
-152.64,63.106#46.56#26.1#27.34
-152.52,63.1084#46.49#26.1#27.41
-152.4,63.1107#46.42#26.1#27.48
-152.28,63.113#46.36#26.1#27.54
-152.16,63.1151#46.29#26.1#27.61
-152.04,63.1171#46.22#26.1#27.68
-151.92,63.1189#46.15#26.11#27.74
-151.8,63.1207#46.08#26.11#27.81
-151.68,63.1223#46#26.11#27.89
-151.56,63.1239#45.93#26.11#27.96
-151.44,63.1253#45.84#26.11#28.05
-151.32,63.1266#45.76#26.11#28.13
-151.2,63.1278#45.67#26.11#28.22
-151.08,63.1289#45.58#26.11#28.31
-150.96,63.1298#45.49#26.11#28.4
-150.84,63.1307#45.4#26.11#28.49
-150.72,63.1314#45.31#26.11#28.58
-150.6,63.1321#45.22#26.11#28.67
-150.48,63.1326#45.13#26.12#28.75
-150.36,63.133#45.04#26.12#28.84
-150.239,63.1333#44.95#26.12#28.93
-150.119,63.1334#44.86#26.12#29.02
-149.999,63.1335#44.77#26.12#29.11
-149.879,63.1334#44.69#26.12#29.19
-149.759,63.1332#44.61#26.12#29.27
-149.639,63.133#44.53#26.12#29.35
-149.519,63.1326#44.45#26.12#29.43
-149.399,63.1321#44.37#26.13#29.5
-149.279,63.1314#44.3#26.13#29.57
-149.158,63.1307#44.23#26.13#29.64
-149.038,63.1298#44.15#26.13#29.72
-148.918,63.1289#44.08#26.13#29.79
-148.798,63.1278#44.01#26.13#29.86
-148.678,63.1266#43.94#26.13#29.93
-148.558,63.1253#43.87#26.13#30
-148.438,63.1239#43.8#26.14#30.06
-148.318,63.1223#43.74#26.14#30.12
-148.198,63.1207#43.68#26.14#30.18
-148.078,63.1189#43.62#26.14#30.24
-147.958,63.117#43.56#26.14#30.3
-147.838,63.115#43.5#26.14#30.36
-147.718,63.1129#43.45#26.15#30.4
-147.598,63.1107#43.39#26.15#30.46
-147.478,63.1084#43.34#26.15#30.51
-147.358,63.1059#43.28#26.15#30.57
-147.239,63.1034#43.22#26.15#30.63
-147.119,63.1007#43.17#26.15#30.68
-146.999,63.0979#43.11#26.16#30.73
-146.879,63.095#43.04#26.16#30.8
-146.759,63.092#42.98#26.16#30.86
-146.64,63.0889#42.91#26.16#30.93
-146.52,63.0857#42.85#26.16#30.99
-146.4,63.0823#42.78#26.16#31.06
-146.281,63.0788#42.72#26.17#31.11
-146.161,63.0753#42.65#26.17#31.18
-146.042,63.0716#42.59#26.17#31.24
-145.922,63.0678#42.52#26.17#31.31
-145.803,63.0639#42.45#26.17#31.38
-145.683,63.0598#42.39#26.18#31.43
-145.564,63.0557#42.32#26.18#31.5
-145.444,63.0514#42.26#26.18#31.56
-145.325,63.0471#42.19#26.18#31.63
-145.206,63.0426#42.13#26.18#31.69
-145.086,63.038#42.07#26.19#31.74
-144.967,63.0333#42#26.19#31.81
-144.848,63.0285#41.94#26.19#31.87
-144.729,63.0235#41.88#26.19#31.93
-144.61,63.0185#41.82#26.2#31.98
-144.491,63.0133#41.76#26.2#32.04
-144.372,63.0081#41.71#26.2#32.09
-144.253,63.0027#41.65#26.2#32.15
-144.134,62.9972#41.59#26.2#32.21
-144.015,62.9916#41.54#26.21#32.25
-143.896,62.9859#41.48#26.21#32.31
-143.778,62.9801#41.43#26.21#32.36
-143.659,62.9741#41.38#26.21#32.41
-143.54,62.9681#41.33#26.22#32.45
-143.422,62.9619#41.28#26.22#32.5
-143.303,62.9557#41.23#26.22#32.55
-143.185,62.9493#41.19#26.22#32.59
-143.066,62.9428#41.14#26.23#32.63
-142.948,62.9362#41.09#26.23#32.68
-142.83,62.9295#41.05#26.23#32.72
-142.711,62.9227#41#26.24#32.76
-142.593,62.9157#40.96#26.24#32.8
-142.475,62.9087#40.91#26.24#32.85
-142.357,62.9015#40.87#26.24#32.89
-158.483,62.9021#49.86#26.08#24.06
-158.365,62.91#49.81#26.08#24.11
-158.248,62.9178#49.75#26.08#24.17
-158.13,62.9256#49.7#26.08#24.22
-158.012,62.9332#49.65#26.08#24.27
-157.894,62.9407#49.59#26.08#24.33
-157.775,62.9481#49.53#26.08#24.39
-157.657,62.9554#49.47#26.08#24.45
-157.539,62.9625#49.42#26.08#24.5
-157.421,62.9696#49.37#26.08#24.55
-157.302,62.9765#49.32#26.08#24.6
-157.184,62.9834#49.27#26.08#24.65
-157.065,62.9901#49.22#26.08#24.7
-156.947,62.9967#49.18#26.08#24.74
-156.828,63.0032#49.14#26.09#24.77
-156.709,63.0096#49.11#26.09#24.8
-156.591,63.0159#49.07#26.09#24.84
-156.472,63.0221#49.03#26.09#24.88
-156.353,63.0281#48.96#26.09#24.95
-156.234,63.0341#48.9#26.09#25.01
-156.115,63.0399#48.83#26.09#25.08
-155.996,63.0456#48.77#26.09#25.14
-155.877,63.0513#48.68#26.09#25.23
-155.758,63.0568#48.59#26.09#25.32
-155.638,63.0621#48.5#26.09#25.41
-155.519,63.0674#48.41#26.09#25.5
-155.4,63.0726#48.32#26.09#25.59
-155.281,63.0776#48.23#26.09#25.68
-155.161,63.0826#48.13#26.09#25.78
-155.042,63.0874#48.04#26.09#25.87
-154.922,63.0921#47.95#26.09#25.96
-154.803,63.0967#47.87#26.09#26.04
-154.683,63.1012#47.78#26.09#26.13
-154.564,63.1056#47.69#26.09#26.22
-154.444,63.1098#47.61#26.09#26.3
-154.324,63.114#47.53#26.09#26.38
-154.205,63.118#47.44#26.09#26.47
-154.085,63.122#47.36#26.09#26.55
-153.965,63.1258#47.28#26.09#26.63
-153.845,63.1295#47.2#26.09#26.71
-153.726,63.133#47.13#26.09#26.78
-153.606,63.1365#47.05#26.1#26.85
-153.486,63.1399#46.97#26.1#26.93
-153.366,63.1431#46.9#26.1#27
-153.246,63.1462#46.82#26.1#27.08
-153.126,63.1493#46.75#26.1#27.15
-153.006,63.1522#46.67#26.1#27.23
-152.886,63.155#46.6#26.1#27.3
-152.766,63.1576#46.52#26.1#27.38
-152.646,63.1602#46.45#26.1#27.45
-152.525,63.1626#46.38#26.1#27.52
-152.405,63.165#46.31#26.1#27.59
-152.285,63.1672#46.24#26.1#27.66
-152.165,63.1693#46.18#26.1#27.72
-152.045,63.1713#46.11#26.1#27.79
-151.924,63.1732#46.04#26.1#27.86
-151.804,63.1749#45.97#26.11#27.92
-151.684,63.1766#45.89#26.11#28
-151.564,63.1781#45.82#26.11#28.07
-151.443,63.1796#45.74#26.11#28.15
-151.323,63.1809#45.65#26.11#28.24
-151.203,63.1821#45.56#26.11#28.33
-151.082,63.1832#45.48#26.11#28.41
-150.962,63.1841#45.39#26.11#28.5
-150.842,63.185#45.3#26.11#28.59
-150.721,63.1857#45.21#26.11#28.68
-150.601,63.1863#45.11#26.11#28.78
-150.481,63.1869#45.02#26.12#28.86
-150.36,63.1873#44.94#26.12#28.94
-150.24,63.1875#44.85#26.12#29.03
-150.12,63.1877#44.76#26.12#29.12
-149.999,63.1878#44.67#26.12#29.21
-149.879,63.1877#44.59#26.12#29.29
-149.759,63.1875#44.51#26.12#29.37
-149.638,63.1873#44.43#26.12#29.45
-149.518,63.1869#44.35#26.12#29.53
-149.397,63.1863#44.27#26.13#29.6
-149.277,63.1857#44.2#26.13#29.67
-149.157,63.185#44.13#26.13#29.74
-149.036,63.1841#44.05#26.13#29.82
-148.916,63.1831#43.98#26.13#29.89
-148.796,63.1821#43.91#26.13#29.96
-148.675,63.1809#43.84#26.13#30.03
-148.555,63.1795#43.77#26.13#30.1
-148.435,63.1781#43.71#26.14#30.15
-148.315,63.1766#43.64#26.14#30.22
-148.194,63.1749#43.58#26.14#30.28
-148.074,63.1732#43.52#26.14#30.34
-147.954,63.1713#43.46#26.14#30.4
-147.834,63.1693#43.41#26.14#30.45
-147.713,63.1672#43.35#26.14#30.51
-147.593,63.165#43.3#26.15#30.55
-147.473,63.1626#43.24#26.15#30.61
-147.353,63.1602#43.19#26.15#30.66
-147.233,63.1576#43.13#26.15#30.72
-147.113,63.1549#43.07#26.15#30.78
-146.993,63.1521#43.01#26.15#30.84
-146.873,63.1492#42.95#26.16#30.89
-146.753,63.1462#42.89#26.16#30.95
-146.633,63.1431#42.82#26.16#31.02
-146.513,63.1398#42.76#26.16#31.08
-146.393,63.1365#42.69#26.16#31.15
-146.273,63.133#42.63#26.16#31.21
-146.153,63.1294#42.56#26.17#31.27
-146.033,63.1257#42.5#26.17#31.33
-145.914,63.1219#42.43#26.17#31.4
-145.794,63.118#42.37#26.17#31.46
-145.674,63.1139#42.3#26.17#31.53
-145.554,63.1098#42.24#26.18#31.58
-145.435,63.1055#42.17#26.18#31.65
-145.315,63.1011#42.11#26.18#31.71
-145.196,63.0967#42.05#26.18#31.77
-145.076,63.0921#41.98#26.18#31.84
-144.957,63.0873#41.92#26.19#31.89
-144.837,63.0825#41.86#26.19#31.95
-144.718,63.0776#41.8#26.19#32.01
-144.599,63.0725#41.74#26.19#32.07
-144.479,63.0674#41.68#26.2#32.12
-144.36,63.0621#41.63#26.2#32.17
-144.241,63.0567#41.57#26.2#32.23
-144.122,63.0512#41.51#26.2#32.29
-144.003,63.0456#41.46#26.2#32.34
-143.884,63.0399#41.41#26.21#32.38
-143.765,63.034#41.35#26.21#32.44
-143.646,63.0281#41.3#26.21#32.49
-143.527,63.022#41.25#26.21#32.54
-143.408,63.0158#41.2#26.22#32.58
-143.289,63.0095#41.16#26.22#32.62
-143.171,63.0032#41.11#26.22#32.67
-143.052,62.9966#41.07#26.23#32.7
-142.933,62.99#41.02#26.23#32.75
-142.815,62.9833#40.98#26.23#32.79
-142.696,62.9765#40.93#26.23#32.84
-142.578,62.9695#40.89#26.24#32.87
-142.46,62.9624#40.85#26.24#32.91
-142.341,62.9553#40.8#26.24#32.96
-142.223,62.948#40.76#26.25#32.99
-142.105,62.9406#40.72#26.25#33.03
-141.987,62.9331#40.68#26.25#33.07
-141.869,62.9255#40.65#26.25#33.1
-141.751,62.9177#40.61#26.26#33.13
-141.633,62.9099#40.57#26.26#33.17
-141.515,62.902#40.54#26.26#33.2
-159.207,62.9056#50.02#26.08#23.9
-159.09,62.9142#49.96#26.08#23.96
-158.972,62.9227#49.9#26.08#24.02
-158.854,62.9311#49.84#26.08#24.08
-158.737,62.9394#49.78#26.08#24.14
-158.619,62.9476#49.73#26.08#24.19
-158.501,62.9557#49.67#26.08#24.25
-158.383,62.9637#49.62#26.08#24.3
-158.265,62.9715#49.57#26.08#24.35
-158.146,62.9793#49.52#26.08#24.4
-158.028,62.9869#49.47#26.08#24.45
-157.91,62.9944#49.42#26.08#24.5
-157.792,63.0018#49.37#26.08#24.55
-157.673,63.0091#49.31#26.08#24.61
-157.555,63.0163#49.26#26.08#24.66
-157.436,63.0234#49.22#26.08#24.7
-157.317,63.0304#49.17#26.08#24.75
-157.199,63.0372#49.13#26.08#24.79
-157.08,63.044#49.08#26.08#24.84
-156.961,63.0506#49.04#26.08#24.88
-156.842,63.0571#49.01#26.08#24.91
-156.723,63.0635#48.97#26.09#24.94
-156.604,63.0698#48.94#26.09#24.97
-156.485,63.076#48.9#26.09#25.01
-156.366,63.0821#48.83#26.09#25.08
-156.247,63.088#48.77#26.09#25.14
-156.128,63.0939#48.7#26.09#25.21
-156.008,63.0996#48.64#26.09#25.27
-155.889,63.1052#48.55#26.09#25.36
-155.77,63.1108#48.46#26.09#25.45
-155.65,63.1162#48.37#26.09#25.54
-155.531,63.1214#48.28#26.09#25.63
-155.411,63.1266#48.19#26.09#25.72
-155.292,63.1317#48.1#26.09#25.81
-155.172,63.1366#48.01#26.09#25.9
-155.052,63.1415#47.92#26.09#25.99
-154.933,63.1462#47.83#26.09#26.08
-154.813,63.1508#47.75#26.09#26.16
-154.693,63.1553#47.66#26.09#26.25
-154.573,63.1597#47.57#26.09#26.34
-154.453,63.164#47.49#26.09#26.42
-154.333,63.1681#47.41#26.09#26.5
-154.214,63.1722#47.33#26.09#26.58
-154.094,63.1761#47.24#26.09#26.67
-153.974,63.1799#47.16#26.09#26.75
-153.853,63.1836#47.09#26.09#26.82
-153.733,63.1872#47.01#26.09#26.9
-153.613,63.1907#46.94#26.1#26.96
-153.493,63.1941#46.86#26.1#27.04
-153.373,63.1973#46.78#26.1#27.12
-153.253,63.2004#46.71#26.1#27.19
-153.132,63.2035#46.63#26.1#27.27
-153.012,63.2064#46.56#26.1#27.34
-152.892,63.2092#46.48#26.1#27.42
-152.771,63.2119#46.41#26.1#27.49
-152.651,63.2144#46.34#26.1#27.56
-152.531,63.2169#46.27#26.1#27.63
-152.41,63.2192#46.2#26.1#27.7
-152.29,63.2215#46.13#26.1#27.77
-152.169,63.2236#46.07#26.1#27.83
-152.049,63.2256#46#26.1#27.9
-151.929,63.2274#45.93#26.1#27.97
-151.808,63.2292#45.86#26.1#28.04
-151.688,63.2309#45.78#26.11#28.11
-151.567,63.2324#45.71#26.11#28.18
-151.446,63.2338#45.63#26.11#28.26
-151.326,63.2352#45.54#26.11#28.35
-151.205,63.2364#45.46#26.11#28.43
-151.085,63.2374#45.37#26.11#28.52
-150.964,63.2384#45.29#26.11#28.6
-150.844,63.2393#45.19#26.11#28.7
-150.723,63.24#45.1#26.11#28.79
-150.602,63.2406#45.01#26.11#28.88
-150.482,63.2412#44.92#26.11#28.97
-150.361,63.2416#44.83#26.12#29.05
-150.24,63.2418#44.75#26.12#29.13
-150.12,63.242#44.66#26.12#29.22
-149.999,63.2421#44.57#26.12#29.31
-149.879,63.242#44.49#26.12#29.39
-149.758,63.2418#44.41#26.12#29.47
-149.637,63.2416#44.33#26.12#29.55
-149.517,63.2412#44.25#26.12#29.63
-149.396,63.2406#44.17#26.12#29.71
-149.276,63.24#44.1#26.13#29.77
-149.155,63.2393#44.03#26.13#29.84
-149.034,63.2384#43.95#26.13#29.92
-148.914,63.2374#43.88#26.13#29.99
-148.793,63.2363#43.81#26.13#30.06
-148.673,63.2351#43.74#26.13#30.13
-148.552,63.2338#43.67#26.13#30.2
-148.432,63.2324#43.61#26.13#30.26
-148.311,63.2309#43.55#26.14#30.31
-148.19,63.2292#43.49#26.14#30.37
-148.07,63.2274#43.42#26.14#30.44
-147.949,63.2255#43.37#26.14#30.49
-147.829,63.2235#43.31#26.14#30.55
-147.709,63.2214#43.26#26.14#30.6
-147.588,63.2192#43.2#26.14#30.66
-147.468,63.2169#43.15#26.15#30.7
-147.347,63.2144#43.09#26.15#30.76
-147.227,63.2118#43.03#26.15#30.82
-147.107,63.2091#42.98#26.15#30.87
-146.986,63.2063#42.92#26.15#30.93
-146.866,63.2034#42.85#26.15#31
-146.746,63.2004#42.79#26.16#31.05
-146.626,63.1973#42.73#26.16#31.11
-146.505,63.194#42.67#26.16#31.17
-146.385,63.1907#42.6#26.16#31.24
-146.265,63.1872#42.54#26.16#31.3
-146.145,63.1836#42.47#26.16#31.37
-146.025,63.1799#42.41#26.17#31.42
-145.905,63.1761#42.34#26.17#31.49
-145.785,63.1721#42.28#26.17#31.55
-145.665,63.1681#42.21#26.17#31.62
-145.545,63.1639#42.15#26.17#31.68
-145.425,63.1596#42.09#26.18#31.73
-145.305,63.1552#42.02#26.18#31.8
-145.186,63.1507#41.96#26.18#31.86
-145.066,63.1461#41.9#26.18#31.92
-144.946,63.1414#41.84#26.18#31.98
-144.826,63.1366#41.78#26.19#32.03
-144.707,63.1316#41.72#26.19#32.09
-144.587,63.1266#41.66#26.19#32.15
-144.468,63.1214#41.6#26.19#32.21
-144.348,63.1161#41.55#26.2#32.25
-144.229,63.1107#41.49#26.2#32.31
-144.109,63.1052#41.44#26.2#32.36
-143.99,63.0995#41.38#26.2#32.42
-143.871,63.0938#41.33#26.21#32.46
-143.752,63.088#41.28#26.21#32.51
-143.632,63.082#41.23#26.21#32.56
-143.513,63.0759#41.17#26.21#32.62
-143.394,63.0697#41.13#26.22#32.65
-143.275,63.0634#41.08#26.22#32.7
-143.156,63.057#41.04#26.22#32.74
-143.037,63.0505#41#26.22#32.78
-142.919,63.0439#40.95#26.23#32.82
-142.8,63.0371#40.91#26.23#32.86
-142.681,63.0303#40.86#26.23#32.91
-142.563,63.0233#40.82#26.23#32.95
-142.444,63.0162#40.78#26.24#32.98
-142.325,63.009#40.74#26.24#33.02
-142.207,63.0017#40.7#26.24#33.06
-142.089,62.9943#40.66#26.25#33.09
-141.97,62.9868#40.62#26.25#33.13
-141.852,62.9792#40.58#26.25#33.17
-141.734,62.9714#40.54#26.25#33.21
-141.616,62.9636#40.51#26.26#33.23
-141.498,62.9556#40.47#26.26#33.27
-141.38,62.9475#40.44#26.26#33.3
-141.262,62.9393#40.4#26.27#33.33
-141.144,62.931#40.37#26.27#33.36
-141.026,62.9226#40.34#26.27#33.39
-140.909,62.9141#40.29#26.28#33.43
-140.791,62.9055#40.24#26.28#33.48
-159.932,62.905#50.12#26.08#23.8
-159.814,62.9143#50.07#26.08#23.85
-159.697,62.9235#50.02#26.08#23.9
-159.579,62.9326#49.98#26.08#23.94
-159.462,62.9415#49.93#26.08#23.99
-159.344,62.9504#49.86#26.08#24.06
-159.226,62.9591#49.81#26.08#24.11
-159.109,62.9678#49.75#26.08#24.17
-158.991,62.9763#49.69#26.08#24.23
-158.873,62.9847#49.64#26.08#24.28
-158.755,62.9931#49.58#26.08#24.34
-158.637,63.0013#49.53#26.08#24.39
-158.518,63.0093#49.48#26.08#24.44
-158.4,63.0173#49.43#26.08#24.49
-158.282,63.0252#49.39#26.08#24.53
-158.163,63.033#49.34#26.08#24.58
-158.045,63.0406#49.3#26.08#24.62
-157.926,63.0481#49.25#26.08#24.67
-157.808,63.0556#49.2#26.08#24.72
-157.689,63.0629#49.15#26.08#24.77
-157.57,63.0701#49.11#26.08#24.81
-157.452,63.0772#49.06#26.08#24.86
-157.333,63.0842#49.02#26.08#24.9
-157.214,63.091#48.98#26.08#24.94
-157.095,63.0978#48.94#26.08#24.98
-156.976,63.1045#48.91#26.08#25.01
-156.857,63.111#48.87#26.08#25.05
-156.737,63.1174#48.84#26.09#25.07
-156.618,63.1237#48.8#26.09#25.11
-156.499,63.1299#48.77#26.09#25.14
-156.379,63.136#48.7#26.09#25.21
-156.26,63.142#48.64#26.09#25.27
-156.141,63.1479#48.57#26.09#25.34
-156.021,63.1536#48.5#26.09#25.41
-155.901,63.1592#48.42#26.09#25.49
-155.782,63.1648#48.33#26.09#25.58
-155.662,63.1702#48.25#26.09#25.66
-155.542,63.1755#48.16#26.09#25.75
-155.423,63.1807#48.07#26.09#25.84
-155.303,63.1857#47.98#26.09#25.93
-155.183,63.1907#47.89#26.09#26.02
-155.063,63.1955#47.8#26.09#26.11
-154.943,63.2003#47.71#26.09#26.2
-154.823,63.2049#47.63#26.09#26.28
-154.703,63.2094#47.54#26.09#26.37
-154.583,63.2138#47.46#26.09#26.45
-154.463,63.2181#47.37#26.09#26.54
-154.343,63.2223#47.29#26.09#26.62
-154.222,63.2263#47.21#26.09#26.7
-154.102,63.2303#47.13#26.09#26.78
-153.982,63.2341#47.05#26.09#26.86
-153.862,63.2378#46.97#26.09#26.94
-153.741,63.2414#46.9#26.09#27.01
-153.621,63.2449#46.82#26.09#27.09
-153.5,63.2483#46.75#26.1#27.15
-153.38,63.2515#46.67#26.1#27.23
-153.259,63.2547#46.59#26.1#27.31
-153.139,63.2577#46.52#26.1#27.38
-153.018,63.2606#46.44#26.1#27.46
-152.898,63.2634#46.37#26.1#27.53
-152.777,63.2661#46.3#26.1#27.6
-152.657,63.2687#46.23#26.1#27.67
-152.536,63.2711#46.15#26.1#27.75
-152.415,63.2735#46.09#26.1#27.81
-152.295,63.2757#46.02#26.1#27.88
-152.174,63.2778#45.95#26.1#27.95
-152.053,63.2798#45.89#26.1#28.01
-151.933,63.2817#45.82#26.1#28.08
-151.812,63.2835#45.75#26.1#28.15
-151.691,63.2852#45.67#26.1#28.23
-151.57,63.2867#45.6#26.11#28.29
-151.449,63.2881#45.52#26.11#28.37
-151.329,63.2895#45.44#26.11#28.45
-151.208,63.2907#45.35#26.11#28.54
-151.087,63.2917#45.27#26.11#28.62
-150.966,63.2927#45.18#26.11#28.71
-150.845,63.2936#45.09#26.11#28.8
-150.724,63.2943#45#26.11#28.89
-150.604,63.295#44.91#26.11#28.98
-150.483,63.2955#44.82#26.11#29.07
-150.362,63.2959#44.73#26.11#29.16
-150.241,63.2962#44.65#26.12#29.23
-150.12,63.2963#44.56#26.12#29.32
-149.999,63.2964#44.47#26.12#29.41
-149.878,63.2963#44.39#26.12#29.49
-149.757,63.2962#44.31#26.12#29.57
-149.637,63.2959#44.23#26.12#29.65
-149.516,63.2955#44.15#26.12#29.73
-149.395,63.2949#44.07#26.12#29.81
-149.274,63.2943#44#26.12#29.88
-149.153,63.2936#43.93#26.13#29.94
-149.032,63.2927#43.85#26.13#30.02
-148.911,63.2917#43.78#26.13#30.09
-148.791,63.2906#43.71#26.13#30.16
-148.67,63.2894#43.64#26.13#30.23
-148.549,63.2881#43.58#26.13#30.29
-148.428,63.2867#43.51#26.13#30.36
-148.307,63.2851#43.45#26.13#30.42
-148.187,63.2835#43.39#26.14#30.47
-148.066,63.2817#43.33#26.14#30.53
-147.945,63.2798#43.27#26.14#30.59
-147.824,63.2778#43.21#26.14#30.65
-147.704,63.2757#43.16#26.14#30.7
-147.583,63.2735#43.11#26.14#30.75
-147.462,63.2711#43.05#26.14#30.81
-147.342,63.2686#42.99#26.15#30.86
-147.221,63.2661#42.94#26.15#30.91
-147.101,63.2634#42.88#26.15#30.97
-146.98,63.2606#42.82#26.15#31.03
-146.86,63.2577#42.76#26.15#31.09
-146.739,63.2546#42.7#26.15#31.15
-146.619,63.2515#42.63#26.16#31.21
-146.498,63.2482#42.57#26.16#31.27
-146.378,63.2448#42.51#26.16#31.33
-146.257,63.2414#42.44#26.16#31.4
-146.137,63.2378#42.38#26.16#31.46
-146.017,63.234#42.31#26.16#31.53
-145.896,63.2302#42.25#26.17#31.58
-145.776,63.2263#42.19#26.17#31.64
-145.656,63.2222#42.12#26.17#31.71
-145.536,63.218#42.06#26.17#31.77
-145.416,63.2138#42#26.17#31.83
-145.296,63.2094#41.93#26.18#31.89
-145.175,63.2048#41.87#26.18#31.95
-145.055,63.2002#41.81#26.18#32.01
-144.936,63.1955#41.75#26.18#32.07
-144.816,63.1906#41.69#26.19#32.12
-144.696,63.1857#41.63#26.19#32.18
-144.576,63.1806#41.58#26.19#32.23
-144.456,63.1754#41.52#26.19#32.29
-144.336,63.1701#41.46#26.19#32.35
-144.217,63.1647#41.41#26.2#32.39
-144.097,63.1592#41.36#26.2#32.44
-143.978,63.1535#41.3#26.2#32.5
-143.858,63.1478#41.25#26.2#32.55
-143.739,63.1419#41.2#26.21#32.59
-143.619,63.1359#41.15#26.21#32.64
-143.5,63.1298#41.1#26.21#32.69
-143.38,63.1236#41.05#26.21#32.74
-143.261,63.1173#41.01#26.22#32.77
-143.142,63.1109#40.97#26.22#32.81
-143.023,63.1044#40.92#26.22#32.86
-142.904,63.0977#40.88#26.22#32.9
-142.785,63.091#40.84#26.23#32.93
-142.666,63.0841#40.79#26.23#32.98
-142.547,63.0771#40.75#26.23#33.02
-142.428,63.07#40.71#26.24#33.05
-142.309,63.0628#40.67#26.24#33.09
-142.191,63.0555#40.63#26.24#33.13
-142.072,63.0481#40.59#26.24#33.17
-141.954,63.0405#40.55#26.25#33.2
-141.835,63.0329#40.51#26.25#33.24
-141.717,63.0251#40.48#26.25#33.27
-141.598,63.0172#40.44#26.26#33.3
-141.48,63.0092#40.4#26.26#33.34
-141.362,63.0012#40.37#26.26#33.37
-141.244,62.9929#40.34#26.26#33.4
-141.126,62.9846#40.31#26.27#33.42
-141.008,62.9762#40.27#26.27#33.46
-140.89,62.9677#40.22#26.27#33.51
-140.772,62.959#40.16#26.28#33.56
-140.654,62.9503#40.11#26.28#33.61
-140.537,62.9414#40.06#26.28#33.66
-140.419,62.9324#40#26.29#33.71
-140.302,62.9234#39.94#26.29#33.77
-140.184,62.9142#39.88#26.29#33.83
-140.067,62.9049#39.83#26.3#33.87
-160.656,62.9002#49.62#26.08#24.3
-160.539,62.9102#49.67#26.08#24.25
-160.422,62.92#49.73#26.08#24.19
-160.304,62.9298#49.78#26.08#24.14
-160.187,62.9394#49.83#26.08#24.09
-160.07,62.949#49.88#26.08#24.04
-159.952,62.9584#49.88#26.08#24.04
-159.835,62.9677#49.84#26.08#24.08
-159.717,62.9769#49.79#26.08#24.13
-159.599,62.986#49.75#26.08#24.17
-159.481,62.995#49.7#26.08#24.22
-159.364,63.0039#49.64#26.08#24.28
-159.246,63.0127#49.59#26.08#24.33
-159.128,63.0214#49.53#26.08#24.39
-159.009,63.0299#49.48#26.08#24.44
-158.891,63.0383#49.43#26.08#24.49
-158.773,63.0467#49.38#26.08#24.54
-158.655,63.0549#49.33#26.08#24.59
-158.536,63.063#49.29#26.08#24.63
-158.418,63.071#49.24#26.08#24.68
-158.299,63.0789#49.2#26.08#24.72
-158.18,63.0867#49.16#26.08#24.76
-158.062,63.0943#49.12#26.08#24.8
-157.943,63.1019#49.08#26.08#24.84
-157.824,63.1093#49.04#26.08#24.88
-157.705,63.1167#48.99#26.08#24.93
-157.586,63.1239#48.95#26.08#24.97
-157.467,63.131#48.91#26.08#25.01
-157.348,63.138#48.87#26.08#25.05
-157.229,63.1449#48.84#26.08#25.08
-157.11,63.1517#48.8#26.08#25.12
-156.99,63.1583#48.77#26.08#25.15
-156.871,63.1649#48.74#26.08#25.18
-156.751,63.1713#48.7#26.08#25.22
-156.632,63.1776#48.67#26.09#25.24
-156.512,63.1839#48.64#26.09#25.27
-156.393,63.19#48.57#26.09#25.34
-156.273,63.196#48.51#26.09#25.4
-156.153,63.2018#48.44#26.09#25.47
-156.034,63.2076#48.38#26.09#25.53
-155.914,63.2132#48.3#26.09#25.61
-155.794,63.2188#48.21#26.09#25.7
-155.674,63.2242#48.12#26.09#25.79
-155.554,63.2295#48.04#26.09#25.87
-155.434,63.2347#47.95#26.09#25.96
-155.314,63.2398#47.86#26.09#26.05
-155.194,63.2448#47.77#26.09#26.14
-155.074,63.2496#47.68#26.09#26.23
-154.953,63.2544#47.59#26.09#26.32
-154.833,63.259#47.51#26.09#26.4
-154.713,63.2635#47.42#26.09#26.49
-154.593,63.2679#47.34#26.09#26.57
-154.472,63.2722#47.25#26.09#26.66
-154.352,63.2764#47.17#26.09#26.74
-154.231,63.2805#47.09#26.09#26.82
-154.111,63.2844#47.01#26.09#26.9
-153.99,63.2883#46.93#26.09#26.98
-153.87,63.292#46.86#26.09#27.05
-153.749,63.2956#46.78#26.09#27.13
-153.628,63.2991#46.71#26.09#27.2
-153.508,63.3025#46.63#26.09#27.28
-153.387,63.3057#46.56#26.1#27.34
-153.266,63.3089#46.48#26.1#27.42
-153.146,63.3119#46.4#26.1#27.5
-153.025,63.3149#46.33#26.1#27.57
-152.904,63.3177#46.26#26.1#27.64
-152.783,63.3204#46.18#26.1#27.72
-152.662,63.3229#46.11#26.1#27.79
-152.541,63.3254#46.04#26.1#27.86
-152.421,63.3278#45.97#26.1#27.93
-152.3,63.33#45.91#26.1#27.99
-152.179,63.3321#45.84#26.1#28.06
-152.058,63.3341#45.78#26.1#28.12
-151.937,63.336#45.71#26.1#28.19
-151.816,63.3378#45.64#26.1#28.26
-151.695,63.3395#45.56#26.1#28.34
-151.574,63.341#45.49#26.1#28.41
-151.453,63.3424#45.42#26.11#28.47
-151.331,63.3438#45.33#26.11#28.56
-151.21,63.345#45.25#26.11#28.64
-151.089,63.3461#45.16#26.11#28.73
-150.968,63.347#45.08#26.11#28.81
-150.847,63.3479#44.99#26.11#28.9
-150.726,63.3486#44.9#26.11#28.99
-150.605,63.3493#44.81#26.11#29.08
-150.484,63.3498#44.72#26.11#29.17
-150.363,63.3502#44.63#26.11#29.26
-150.242,63.3505#44.54#26.11#29.35
-150.12,63.3506#44.46#26.12#29.42
-149.999,63.3507#44.37#26.12#29.51
-149.878,63.3506#44.29#26.12#29.59
-149.757,63.3505#44.21#26.12#29.67
-149.636,63.3502#44.13#26.12#29.75
-149.515,63.3498#44.05#26.12#29.83
-149.394,63.3493#43.97#26.12#29.91
-149.272,63.3486#43.9#26.12#29.98
-149.151,63.3479#43.83#26.12#30.05
-149.03,63.347#43.75#26.13#30.12
-148.909,63.346#43.68#26.13#30.19
-148.788,63.345#43.62#26.13#30.25
-148.667,63.3437#43.55#26.13#30.32
-148.546,63.3424#43.48#26.13#30.39
-148.425,63.341#43.41#26.13#30.46
-148.304,63.3394#43.35#26.13#30.52
-148.183,63.3378#43.29#26.13#30.58
-148.062,63.336#43.23#26.14#30.63
-147.941,63.3341#43.17#26.14#30.69
-147.82,63.3321#43.12#26.14#30.74
-147.699,63.33#43.06#26.14#30.8
-147.578,63.3277#43.01#26.14#30.85
-147.457,63.3254#42.95#26.14#30.91
-147.336,63.3229#42.9#26.15#30.95
-147.215,63.3203#42.84#26.15#31.01
-147.094,63.3176#42.78#26.15#31.07
-146.974,63.3148#42.73#26.15#31.12
-146.853,63.3119#42.66#26.15#31.19
-146.732,63.3089#42.6#26.15#31.25
-146.611,63.3057#42.54#26.15#31.31
-146.491,63.3024#42.48#26.16#31.36
-146.37,63.2991#42.41#26.16#31.43
-146.249,63.2956#42.35#26.16#31.49
-146.129,63.2919#42.29#26.16#31.55
-146.008,63.2882#42.22#26.16#31.62
-145.888,63.2844#42.16#26.17#31.67
-145.767,63.2804#42.09#26.17#31.74
-145.647,63.2764#42.03#26.17#31.8
-145.526,63.2722#41.97#26.17#31.86
-145.406,63.2679#41.91#26.17#31.92
-145.286,63.2635#41.84#26.18#31.98
-145.165,63.259#41.78#26.18#32.04
-145.045,63.2543#41.72#26.18#32.1
-144.925,63.2496#41.66#26.18#32.16
-144.805,63.2447#41.61#26.18#32.21
-144.685,63.2397#41.55#26.19#32.26
-144.564,63.2347#41.49#26.19#32.32
-144.444,63.2295#41.44#26.19#32.37
-144.324,63.2241#41.38#26.19#32.43
-144.205,63.2187#41.33#26.19#32.48
-144.085,63.2132#41.27#26.2#32.53
-143.965,63.2075#41.22#26.2#32.58
-143.845,63.2018#41.17#26.2#32.63
-143.725,63.1959#41.12#26.2#32.68
-143.606,63.1899#41.07#26.21#32.72
-143.486,63.1838#41.02#26.21#32.77
-143.367,63.1776#40.98#26.21#32.81
-143.247,63.1712#40.93#26.21#32.86
-143.128,63.1648#40.89#26.22#32.89
-143.008,63.1582#40.85#26.22#32.93
-142.889,63.1516#40.81#26.22#32.97
-142.77,63.1448#40.76#26.22#33.02
-142.651,63.1379#40.72#26.23#33.05
-142.531,63.1309#40.68#26.23#33.09
-142.412,63.1238#40.64#26.23#33.13
-142.293,63.1166#40.6#26.24#33.16
-142.174,63.1093#40.56#26.24#33.2
-142.056,63.1018#40.52#26.24#33.24
-141.937,63.0942#40.48#26.24#33.28
-141.818,63.0866#40.45#26.25#33.3
-141.699,63.0788#40.41#26.25#33.34
-141.581,63.0709#40.37#26.25#33.38
-141.462,63.0629#40.34#26.26#33.4
-141.344,63.0548#40.3#26.26#33.44
-141.226,63.0466#40.27#26.26#33.47
-141.107,63.0382#40.24#26.27#33.49
-140.989,63.0298#40.2#26.27#33.53
-140.871,63.0212#40.14#26.27#33.59
-140.753,63.0126#40.09#26.28#33.63
-140.635,63.0038#40.03#26.28#33.69
-140.517,62.9949#39.97#26.28#33.75
-140.399,62.9859#39.91#26.29#33.8
-140.282,62.9768#39.84#26.29#33.87
-140.164,62.9676#39.77#26.29#33.94
-140.046,62.9583#39.71#26.3#33.99
-139.929,62.9489#39.65#26.3#34.05
-139.811,62.9393#39.6#26.3#34.1
-139.694,62.9297#39.54#26.31#34.15
-139.577,62.9199#39.49#26.31#34.2
-139.46,62.91#39.45#26.31#34.24
-139.343,62.9001#39.4#26.32#34.28
-161.263,62.9019#49.25#26.08#24.67
-161.146,62.9124#49.27#26.08#24.65
-161.029,62.9229#49.29#26.08#24.63
-160.912,62.9332#49.34#26.08#24.58
-160.795,62.9434#49.39#26.08#24.53
-160.678,62.9535#49.43#26.08#24.49
-160.561,62.9635#49.47#26.08#24.45
-160.443,62.9734#49.52#26.08#24.4
-160.326,62.9832#49.56#26.08#24.36
-160.208,62.9928#49.6#26.08#24.32
-160.091,63.0024#49.64#26.08#24.28
-159.973,63.0118#49.65#26.08#24.27
-159.855,63.0212#49.61#26.08#24.31
-159.737,63.0304#49.56#26.08#24.36
-159.619,63.0395#49.52#26.08#24.4
-159.501,63.0485#49.48#26.08#24.44
-159.383,63.0575#49.42#26.08#24.5
-159.265,63.0662#49.37#26.08#24.55
-159.147,63.0749#49.32#26.08#24.6
-159.028,63.0835#49.27#26.08#24.65
-158.91,63.092#49.23#26.08#24.69
-158.791,63.1003#49.18#26.08#24.74
-158.673,63.1085#49.14#26.08#24.78
-158.554,63.1167#49.09#26.08#24.83
-158.435,63.1247#49.05#26.08#24.87
-158.316,63.1326#49.02#26.08#24.9
-158.198,63.1404#48.98#26.08#24.94
-158.079,63.1481#48.95#26.08#24.97
-157.96,63.1557#48.91#26.08#25.01
-157.84,63.1631#48.88#26.08#25.04
-157.721,63.1705#48.84#26.08#25.08
-157.602,63.1777#48.81#26.08#25.11
-157.483,63.1848#48.77#26.08#25.15
-157.363,63.1918#48.74#26.08#25.18
-157.244,63.1988#48.71#26.08#25.21
-157.124,63.2055#48.67#26.08#25.25
-157.005,63.2122#48.64#26.08#25.28
-156.885,63.2188#48.6#26.08#25.32
-156.766,63.2252#48.57#26.08#25.35
-156.646,63.2316#48.54#26.08#25.38
-156.526,63.2378#48.5#26.09#25.41
-156.406,63.2439#48.45#26.09#25.46
-156.286,63.2499#48.38#26.09#25.53
-156.166,63.2558#48.31#26.09#25.6
-156.046,63.2616#48.25#26.09#25.66
-155.926,63.2673#48.17#26.09#25.74
-155.806,63.2728#48.09#26.09#25.82
-155.686,63.2783#48#26.09#25.91
-155.566,63.2836#47.92#26.09#25.99
-155.445,63.2888#47.83#26.09#26.08
-155.325,63.2939#47.74#26.09#26.17
-155.205,63.2989#47.65#26.09#26.26
-155.084,63.3037#47.56#26.09#26.35
-154.964,63.3085#47.47#26.09#26.44
-154.843,63.3131#47.39#26.09#26.52
-154.723,63.3177#47.3#26.09#26.61
-154.602,63.3221#47.22#26.09#26.69
-154.482,63.3264#47.14#26.09#26.77
-154.361,63.3306#47.05#26.09#26.86
-154.24,63.3347#46.97#26.09#26.94
-154.119,63.3386#46.89#26.09#27.02
-153.999,63.3425#46.81#26.09#27.1
-153.878,63.3462#46.74#26.09#27.17
-153.757,63.3498#46.66#26.09#27.25
-153.636,63.3533#46.59#26.09#27.32
-153.515,63.3567#46.52#26.09#27.39
-153.394,63.36#46.44#26.09#27.47
-153.273,63.3631#46.37#26.1#27.53
-153.152,63.3662#46.29#26.1#27.61
-153.031,63.3691#46.22#26.1#27.68
-152.91,63.3719#46.14#26.1#27.76
-152.789,63.3746#46.07#26.1#27.83
-152.668,63.3772#46#26.1#27.9
-152.547,63.3797#45.93#26.1#27.97
-152.426,63.382#45.86#26.1#28.04
-152.304,63.3843#45.8#26.1#28.1
