-151.403,66.9003#35.32#26.08#38.6
-151.263,66.9016#35.2#26.08#38.72
-151.122,66.9028#35.09#26.08#38.83
-150.982,66.9038#34.97#26.08#38.95
-150.842,66.9046#34.86#26.08#39.06
-150.701,66.9054#34.75#26.08#39.17
-150.561,66.906#34.65#26.08#39.27
-150.42,66.9065#34.54#26.08#39.38
-150.28,66.9068#34.44#26.08#39.48
-150.14,66.907#34.34#26.09#39.57
-149.999,66.9071#34.24#26.09#39.67
-149.859,66.907#34.15#26.09#39.76
-149.718,66.9068#34.05#26.09#39.86
-149.578,66.9065#33.96#26.09#39.95
-149.437,66.906#33.87#26.09#40.04
-149.297,66.9054#33.79#26.09#40.12
-149.157,66.9046#33.71#26.09#40.2
-149.016,66.9038#33.63#26.09#40.28
-148.876,66.9027#33.56#26.09#40.35
-148.735,66.9016#33.48#26.09#40.43
-148.595,66.9003#33.4#26.09#40.51
-154.215,66.9014#37.47#26.08#36.45
-154.075,66.9053#37.37#26.08#36.55
-153.935,66.9092#37.26#26.08#36.66
-153.795,66.9129#37.16#26.08#36.76
-153.654,66.9165#37.05#26.08#36.87
-153.514,66.9199#36.95#26.08#36.97
-153.374,66.9232#36.84#26.08#37.08
-153.234,66.9264#36.73#26.08#37.19
-153.093,66.9294#36.63#26.08#37.29
-152.953,66.9323#36.51#26.08#37.41
-152.812,66.9351#36.37#26.08#37.55
-152.672,66.9377#36.22#26.08#37.7
-152.532,66.9402#36.08#26.08#37.84
-152.391,66.9426#35.94#26.08#37.98
-152.25,66.9448#35.81#26.08#38.11
-152.11,66.9469#35.68#26.08#38.24
-151.969,66.9489#35.55#26.08#38.37
-151.829,66.9507#35.43#26.08#38.49
-151.688,66.9524#35.3#26.08#38.62
-151.547,66.954#35.18#26.08#38.74
-151.407,66.9554#35.07#26.08#38.85
-151.266,66.9567#34.95#26.08#38.97
-151.125,66.9578#34.83#26.08#39.09
-150.984,66.9588#34.72#26.08#39.2
-150.844,66.9597#34.61#26.08#39.31
-150.703,66.9605#34.5#26.08#39.42
-150.562,66.9611#34.4#26.08#39.52
-150.421,66.9615#34.3#26.08#39.62
-150.281,66.9619#34.2#26.08#39.72
-150.14,66.9621#34.1#26.08#39.82
-149.999,66.9622#34#26.09#39.91
-149.858,66.9621#33.91#26.09#40
-149.718,66.9619#33.81#26.09#40.1
-149.577,66.9615#33.72#26.09#40.19
-149.436,66.9611#33.64#26.09#40.27
-149.295,66.9605#33.56#26.09#40.35
-149.155,66.9597#33.48#26.09#40.43
-149.014,66.9588#33.41#26.09#40.5
-148.873,66.9578#33.33#26.09#40.58
-148.732,66.9567#33.26#26.09#40.65
-148.592,66.9554#33.19#26.09#40.72
-148.451,66.954#33.12#26.09#40.79
-148.31,66.9524#33.05#26.09#40.86
-148.17,66.9507#32.99#26.09#40.92
-148.029,66.9489#32.92#26.09#40.99
-147.888,66.9469#32.86#26.09#41.05
-147.748,66.9448#32.79#26.09#41.12
-147.607,66.9426#32.73#26.09#41.18
-147.467,66.9402#32.66#26.09#41.25
-147.326,66.9377#32.59#26.09#41.32
-147.186,66.9351#32.53#26.09#41.38
-147.045,66.9323#32.46#26.09#41.45
-146.905,66.9294#32.38#26.09#41.53
-146.765,66.9264#32.31#26.09#41.6
-146.624,66.9232#32.23#26.1#41.67
-146.484,66.9199#32.15#26.1#41.75
-146.344,66.9164#32.08#26.1#41.82
-146.204,66.9128#32.01#26.1#41.89
-146.064,66.9091#31.93#26.1#41.97
-145.923,66.9053#31.86#26.1#42.04
-145.783,66.9013#31.8#26.1#42.1
-155.766,66.9035#38.31#26.08#35.61
-155.626,66.909#38.21#26.08#35.71
-155.486,66.9143#38.11#26.08#35.81
-155.346,66.9195#38#26.08#35.92
-155.206,66.9246#37.9#26.08#36.02
-155.066,66.9295#37.81#26.08#36.11
-154.926,66.9343#37.71#26.08#36.21
-154.786,66.939#37.6#26.08#36.32
-154.646,66.9435#37.5#26.08#36.42
-154.506,66.9479#37.41#26.08#36.51
-154.366,66.9522#37.3#26.08#36.62
-154.225,66.9563#37.2#26.08#36.72
-154.085,66.9603#37.1#26.08#36.82
-153.944,66.9641#36.99#26.08#36.93
-153.804,66.9679#36.88#26.08#37.04
-153.663,66.9714#36.78#26.08#37.14
-153.523,66.9749#36.67#26.08#37.25
-153.382,66.9782#36.56#26.08#37.36
-153.242,66.9814#36.46#26.08#37.46
-153.101,66.9844#36.35#26.08#37.57
-152.96,66.9874#36.23#26.08#37.69
-152.819,66.9901#36.09#26.08#37.83
-152.679,66.9928#35.95#26.08#37.97
-152.538,66.9953#35.81#26.08#38.11
-152.397,66.9977#35.67#26.08#38.25
-152.256,66.9999#35.54#26.08#38.38
-152.115,67.002#35.41#26.08#38.51
-151.974,67.004#35.28#26.08#38.64
-151.833,67.0058#35.16#26.08#38.76
-151.692,67.0075#35.04#26.08#38.88
-151.551,67.009#34.93#26.08#38.99
-151.41,67.0105#34.81#26.08#39.11
-151.269,67.0118#34.69#26.08#39.23
-151.128,67.0129#34.58#26.08#39.34
-150.987,67.0139#34.46#26.08#39.46
-150.846,67.0148#34.36#26.08#39.56
-150.705,67.0156#34.25#26.08#39.67
-150.564,67.0162#34.15#26.08#39.77
-150.422,67.0166#34.05#26.08#39.87
-150.281,67.017#33.95#26.08#39.97
-150.14,67.0172#33.86#26.08#40.06
-149.999,67.0172#33.76#26.08#40.16
-149.858,67.0172#33.67#26.09#40.24
-149.717,67.017#33.58#26.09#40.33
-149.576,67.0166#33.48#26.09#40.43
-149.435,67.0162#33.4#26.09#40.51
-149.294,67.0155#33.33#26.09#40.58
-149.152,67.0148#33.26#26.09#40.65
-149.011,67.0139#33.18#26.09#40.73
-148.87,67.0129#33.11#26.09#40.8
-148.729,67.0117#33.04#26.09#40.87
-148.588,67.0105#32.97#26.09#40.94
-148.447,67.009#32.9#26.09#41.01
-148.306,67.0075#32.84#26.09#41.07
-148.165,67.0058#32.78#26.09#41.13
-148.024,67.0039#32.72#26.09#41.19
-147.883,67.002#32.65#26.09#41.26
-147.742,66.9999#32.59#26.09#41.32
-147.601,66.9976#32.53#26.09#41.38
-147.461,66.9953#32.47#26.09#41.44
-147.32,66.9927#32.4#26.09#41.51
-147.179,66.9901#32.33#26.09#41.58
-147.038,66.9873#32.27#26.09#41.64
-146.897,66.9844#32.2#26.09#41.71
-146.757,66.9814#32.12#26.09#41.79
-146.616,66.9782#32.05#26.1#41.85
-146.475,66.9749#31.97#26.1#41.93
-146.335,66.9714#31.9#26.1#42
-146.194,66.9678#31.83#26.1#42.07
-146.054,66.9641#31.76#26.1#42.14
-145.913,66.9602#31.69#26.1#42.21
-145.773,66.9562#31.63#26.1#42.27
-145.633,66.9521#31.56#26.1#42.34
-145.492,66.9478#31.49#26.1#42.41
-145.352,66.9434#31.43#26.1#42.47
-145.212,66.9389#31.36#26.1#42.54
-145.072,66.9343#31.3#26.1#42.6
-144.932,66.9295#31.24#26.1#42.66
-144.792,66.9245#31.17#26.1#42.73
-144.652,66.9195#31.11#26.11#42.78
-144.512,66.9143#31.05#26.11#42.84
-144.372,66.9089#30.99#26.11#42.9
-144.233,66.9034#30.93#26.11#42.96
-157.037,66.903#38.91#26.08#35.01
-156.898,66.9097#38.82#26.08#35.1
-156.758,66.9162#38.73#26.08#35.19
-156.619,66.9226#38.64#26.08#35.28
-156.479,66.9289#38.54#26.08#35.38
-156.339,66.9351#38.45#26.08#35.47
-156.2,66.9411#38.35#26.08#35.57
-156.06,66.947#38.25#26.08#35.67
-155.92,66.9527#38.15#26.08#35.77
-155.78,66.9583#38.04#26.08#35.88
-155.64,66.9638#37.94#26.08#35.98
-155.5,66.9692#37.84#26.08#36.08
-155.359,66.9744#37.74#26.08#36.18
-155.219,66.9794#37.64#26.08#36.28
-155.079,66.9844#37.54#26.08#36.38
-154.938,66.9892#37.44#26.08#36.48
-154.798,66.9939#37.34#26.08#36.58
-154.657,66.9984#37.23#26.08#36.69
-154.517,67.0028#37.14#26.08#36.78
-154.376,67.0071#37.03#26.08#36.89
-154.236,67.0112#36.93#26.08#36.99
-154.095,67.0152#36.82#26.08#37.1
-153.954,67.0191#36.72#26.08#37.2
-153.813,67.0228#36.61#26.08#37.31
-153.672,67.0264#36.5#26.08#37.42
-153.532,67.0299#36.39#26.08#37.53
-153.391,67.0332#36.29#26.08#37.63
-153.25,67.0364#36.18#26.08#37.74
-153.109,67.0395#36.07#26.08#37.85
-152.967,67.0424#35.96#26.08#37.96
-152.826,67.0452#35.81#26.08#38.11
-152.685,67.0478#35.67#26.08#38.25
-152.544,67.0503#35.53#26.08#38.39
-152.403,67.0527#35.4#26.08#38.52
-152.262,67.055#35.27#26.08#38.65
-152.12,67.0571#35.14#26.08#38.78
-151.979,67.059#35.02#26.08#38.9
-151.838,67.0609#34.9#26.08#39.02
-151.696,67.0626#34.78#26.08#39.14
-151.555,67.0641#34.67#26.08#39.25
-151.414,67.0656#34.55#26.08#39.37
-151.272,67.0669#34.43#26.08#39.49
-151.131,67.068#34.32#26.08#39.6
-150.989,67.069#34.21#26.08#39.71
-150.848,67.0699#34.1#26.08#39.82
-150.706,67.0707#34#26.08#39.92
-150.565,67.0713#33.9#26.08#40.02
-150.424,67.0717#33.8#26.08#40.12
-150.282,67.0721#33.71#26.08#40.21
-150.141,67.0723#33.61#26.08#40.31
-149.999,67.0724#33.52#26.08#40.4
-149.858,67.0723#33.43#26.09#40.48
-149.716,67.0721#33.34#26.09#40.57
-149.575,67.0717#33.25#26.09#40.66
-149.433,67.0713#33.17#26.09#40.74
-149.292,67.0707#33.1#26.09#40.81
-149.15,67.0699#33.03#26.09#40.88
-149.009,67.069#32.96#26.09#40.95
-148.867,67.068#32.89#26.09#41.02
-148.726,67.0668#32.82#26.09#41.09
-148.585,67.0655#32.75#26.09#41.16
-148.443,67.0641#32.69#26.09#41.22
-148.302,67.0625#32.63#26.09#41.28
-148.161,67.0608#32.57#26.09#41.34
-148.019,67.059#32.51#26.09#41.4
-147.878,67.057#32.45#26.09#41.46
-147.737,67.0549#32.39#26.09#41.52
-147.595,67.0527#32.33#26.09#41.58
-147.454,67.0503#32.27#26.09#41.64
-147.313,67.0478#32.21#26.09#41.7
-147.172,67.0451#32.14#26.09#41.77
-147.031,67.0424#32.08#26.09#41.83
-146.89,67.0394#32.01#26.09#41.9
-146.749,67.0364#31.94#26.09#41.97
-146.608,67.0332#31.87#26.09#42.04
-146.467,67.0299#31.8#26.1#42.1
-146.326,67.0264#31.73#26.1#42.17
-146.185,67.0228#31.66#26.1#42.24
-146.044,67.0191#31.59#26.1#42.31
-145.903,67.0152#31.52#26.1#42.38
-145.763,67.0112#31.46#26.1#42.44
-145.622,67.007#31.39#26.1#42.51
-145.481,67.0028#31.32#26.1#42.58
-145.341,66.9984#31.26#26.1#42.64
-145.2,66.9938#31.2#26.1#42.7
-145.06,66.9891#31.13#26.1#42.77
-144.919,66.9843#31.07#26.1#42.83
-144.779,66.9794#31.01#26.1#42.89
-144.639,66.9743#30.95#26.11#42.94
-144.499,66.9691#30.89#26.11#43
-144.358,66.9637#30.83#26.11#43.06
-144.218,66.9583#30.77#26.11#43.12
-144.078,66.9526#30.71#26.11#43.18
-143.938,66.9469#30.64#26.11#43.25
-143.799,66.941#30.58#26.11#43.31
-143.659,66.935#30.51#26.11#43.38
-143.519,66.9288#30.45#26.11#43.44
-143.379,66.9225#30.39#26.11#43.5
-143.24,66.9161#30.33#26.12#43.55
-143.1,66.9096#30.27#26.12#43.61
-142.961,66.9029#30.21#26.12#43.67
-158.03,66.907#39.19#26.08#34.73
-157.891,66.9147#39.14#26.08#34.78
-157.752,66.9222#39.07#26.08#34.85
-157.613,66.9295#39#26.08#34.92
-157.473,66.9368#38.93#26.08#34.99
-157.334,66.9439#38.84#26.08#35.08
-157.194,66.9508#38.75#26.08#35.17
-157.054,66.9577#38.66#26.08#35.26
-156.915,66.9644#38.57#26.08#35.35
-156.775,66.9709#38.47#26.08#35.45
-156.635,66.9773#38.38#26.08#35.54
-156.495,66.9836#38.28#26.08#35.64
-156.355,66.9898#38.18#26.08#35.74
-156.215,66.9958#38.08#26.08#35.84
-156.075,67.0017#37.98#26.08#35.94
-155.934,67.0075#37.88#26.08#36.04
-155.794,67.0131#37.77#26.08#36.15
-155.654,67.0186#37.67#26.08#36.25
-155.513,67.024#37.57#26.08#36.35
-155.373,67.0292#37.47#26.08#36.45
-155.232,67.0343#37.37#26.08#36.55
-155.091,67.0393#37.27#26.08#36.65
-154.951,67.0441#37.17#26.08#36.75
-154.81,67.0488#37.07#26.08#36.85
-154.669,67.0533#36.96#26.08#36.96
-154.528,67.0578#36.87#26.08#37.05
-154.387,67.062#36.76#26.08#37.16
-154.246,67.0662#36.66#26.08#37.26
-154.105,67.0702#36.55#26.08#37.37
-153.964,67.0741#36.45#26.08#37.47
-153.823,67.0778#36.34#26.08#37.58
-153.681,67.0814#36.23#26.08#37.69
-153.54,67.0849#36.12#26.08#37.8
-153.399,67.0882#36.01#26.08#37.91
-153.258,67.0914#35.9#26.08#38.02
-153.116,67.0945#35.79#26.08#38.13
-152.975,67.0974#35.68#26.08#38.24
-152.833,67.1002#35.54#26.08#38.38
-152.692,67.1029#35.4#26.08#38.52
-152.55,67.1054#35.26#26.08#38.66
-152.409,67.1078#35.13#26.08#38.79
-152.267,67.11#35#26.08#38.92
-152.126,67.1121#34.88#26.08#39.04
-151.984,67.1141#34.75#26.08#39.17
-151.842,67.116#34.64#26.08#39.28
-151.701,67.1177#34.52#26.08#39.4
-151.559,67.1192#34.41#26.08#39.51
-151.417,67.1207#34.29#26.08#39.63
-151.275,67.122#34.18#26.08#39.74
-151.134,67.1231#34.06#26.08#39.86
-150.992,67.1241#33.95#26.08#39.97
-150.85,67.125#33.85#26.08#40.07
-150.708,67.1258#33.75#26.08#40.17
-150.566,67.1264#33.65#26.08#40.27
-150.425,67.1269#33.56#26.08#40.36
-150.283,67.1272#33.46#26.08#40.46
-150.141,67.1274#33.37#26.08#40.55
-149.999,67.1275#33.28#26.08#40.64
-149.857,67.1274#33.19#26.08#40.73
-149.715,67.1272#33.1#26.09#40.81
-149.574,67.1269#33.01#26.09#40.9
-149.432,67.1264#32.93#26.09#40.98
-149.29,67.1258#32.87#26.09#41.04
-149.148,67.125#32.8#26.09#41.11
-149.006,67.1241#32.73#26.09#41.18
-148.865,67.1231#32.67#26.09#41.24
-148.723,67.1219#32.6#26.09#41.31
-148.581,67.1206#32.54#26.09#41.37
-148.439,67.1192#32.48#26.09#41.43
-148.298,67.1176#32.42#26.09#41.49
-148.156,67.1159#32.36#26.09#41.55
-148.014,67.1141#32.3#26.09#41.61
-147.873,67.1121#32.25#26.09#41.66
-147.731,67.11#32.19#26.09#41.72
-147.59,67.1078#32.13#26.09#41.78
-147.448,67.1054#32.07#26.09#41.84
-147.306,67.1028#32.01#26.09#41.9
-147.165,67.1002#31.95#26.09#41.96
-147.023,67.0974#31.89#26.09#42.02
-146.882,67.0945#31.82#26.09#42.09
-146.741,67.0914#31.76#26.09#42.15
-146.599,67.0882#31.69#26.09#42.22
-146.458,67.0849#31.62#26.09#42.29
-146.317,67.0814#31.55#26.1#42.35
-146.176,67.0778#31.48#26.1#42.42
-146.034,67.074#31.42#26.1#42.48
-145.893,67.0702#31.35#26.1#42.55
-145.752,67.0661#31.28#26.1#42.62
-145.611,67.062#31.22#26.1#42.68
-145.47,67.0577#31.15#26.1#42.75
-145.329,67.0533#31.09#26.1#42.81
-145.188,67.0487#31.03#26.1#42.87
-145.048,67.044#30.97#26.1#42.93
-144.907,67.0392#30.91#26.1#42.99
-144.766,67.0343#30.85#26.1#43.05
-144.626,67.0292#30.79#26.1#43.11
-144.485,67.0239#30.73#26.11#43.16
-144.345,67.0186#30.67#26.11#43.22
-144.204,67.0131#30.61#26.11#43.28
-144.064,67.0074#30.55#26.11#43.34
-143.924,67.0017#30.48#26.11#43.41
-143.783,66.9958#30.42#26.11#43.47
-143.643,66.9897#30.36#26.11#43.53
-143.503,66.9836#30.29#26.11#43.6
-143.363,66.9773#30.23#26.11#43.66
-143.223,66.9708#30.17#26.11#43.72
-143.083,66.9643#30.11#26.12#43.77
-142.944,66.9576#30.05#26.12#43.83
-142.804,66.9507#29.98#26.12#43.9
-142.665,66.9438#29.92#26.12#43.96
-142.525,66.9367#29.85#26.12#44.03
-142.386,66.9294#29.78#26.12#44.1
-142.246,66.9221#29.71#26.12#44.17
-142.107,66.9146#29.64#26.12#44.24
-141.968,66.9069#29.57#26.13#44.3
-159.023,66.9043#38.7#26.08#35.22
-158.884,66.9129#38.73#26.08#35.19
-158.746,66.9214#38.76#26.08#35.16
-158.607,66.9297#38.79#26.08#35.13
-158.468,66.9378#38.83#26.08#35.09
-158.328,66.9459#38.86#26.08#35.06
-158.189,66.9538#38.9#26.08#35.02
-158.05,66.9616#38.94#26.08#34.98
-157.91,66.9692#38.91#26.08#35.01
-157.771,66.9767#38.84#26.08#35.08
-157.631,66.9841#38.77#26.08#35.15
-157.491,66.9914#38.69#26.08#35.23
-157.352,66.9985#38.6#26.08#35.32
-157.212,67.0055#38.5#26.08#35.42
-157.072,67.0123#38.41#26.08#35.51
-156.932,67.019#38.31#26.08#35.61
-156.792,67.0256#38.21#26.08#35.71
-156.651,67.0321#38.11#26.08#35.81
-156.511,67.0384#38.01#26.08#35.91
-156.371,67.0446#37.91#26.08#36.01
-156.23,67.0506#37.81#26.08#36.11
-156.09,67.0565#37.71#26.08#36.21
-155.949,67.0623#37.61#26.08#36.31
-155.808,67.068#37.5#26.08#36.42
-155.668,67.0735#37.4#26.08#36.52
-155.527,67.0788#37.3#26.08#36.62
-155.386,67.0841#37.2#26.08#36.72
-155.245,67.0892#37.1#26.08#36.82
-155.104,67.0942#37#26.08#36.92
-154.963,67.099#36.9#26.08#37.02
-154.822,67.1037#36.8#26.08#37.12
-154.681,67.1083#36.7#26.08#37.22
-154.539,67.1127#36.59#26.08#37.33
-154.398,67.117#36.49#26.08#37.43
-154.257,67.1212#36.38#26.08#37.54
-154.115,67.1252#36.28#26.08#37.64
-153.974,67.1291#36.17#26.08#37.75
-153.832,67.1328#36.06#26.08#37.86
-153.691,67.1364#35.95#26.08#37.97
-153.549,67.1399#35.84#26.08#38.08
-153.407,67.1433#35.73#26.08#38.19
-153.266,67.1465#35.62#26.08#38.3
-153.124,67.1495#35.51#26.08#38.41
-152.982,67.1525#35.4#26.08#38.52
-152.84,67.1553#35.26#26.08#38.66
-152.698,67.1579#35.13#26.08#38.79
-152.557,67.1605#34.99#26.08#38.93
-152.415,67.1629#34.86#26.08#39.06
-152.273,67.1651#34.74#26.08#39.18
-152.131,67.1672#34.62#26.08#39.3
-151.989,67.1692#34.5#26.08#39.42
-151.847,67.1711#34.38#26.08#39.54
-151.705,67.1728#34.27#26.08#39.65
-151.563,67.1743#34.16#26.08#39.76
-151.421,67.1758#34.05#26.08#39.87
-151.278,67.1771#33.94#26.08#39.98
-151.136,67.1782#33.83#26.08#40.09
-150.994,67.1793#33.72#26.08#40.2
-150.852,67.1801#33.62#26.08#40.3
-150.71,67.1809#33.53#26.08#40.39
-150.568,67.1815#33.43#26.08#40.49
-150.426,67.182#33.34#26.08#40.58
-150.283,67.1823#33.25#26.08#40.67
-150.141,67.1825#33.16#26.08#40.76
-149.999,67.1826#33.07#26.08#40.85
-149.857,67.1825#32.98#26.08#40.94
-149.715,67.1823#32.9#26.09#41.01
-149.573,67.182#32.81#26.09#41.1
-149.43,67.1815#32.73#26.09#41.18
-149.288,67.1809#32.67#26.09#41.24
-149.146,67.1801#32.6#26.09#41.31
-149.004,67.1792#32.53#26.09#41.38
-148.862,67.1782#32.47#26.09#41.44
-148.72,67.1771#32.41#26.09#41.5
-148.578,67.1758#32.34#26.09#41.57
-148.436,67.1743#32.28#26.09#41.63
-148.293,67.1727#32.22#26.09#41.69
-148.151,67.171#32.17#26.09#41.74
-148.009,67.1692#32.11#26.09#41.8
-147.867,67.1672#32.05#26.09#41.86
-147.725,67.1651#32#26.09#41.91
-147.584,67.1628#31.94#26.09#41.97
-147.442,67.1604#31.88#26.09#42.03
-147.3,67.1579#31.82#26.09#42.09
-147.158,67.1552#31.76#26.09#42.15
-147.016,67.1524#31.7#26.09#42.21
-146.874,67.1495#31.64#26.09#42.27
-146.733,67.1464#31.57#26.09#42.34
-146.591,67.1432#31.51#26.09#42.4
-146.449,67.1399#31.44#26.09#42.47
-146.308,67.1364#31.38#26.1#42.52
-146.166,67.1328#31.31#26.1#42.59
-146.025,67.129#31.24#26.1#42.66
-145.883,67.1251#31.18#26.1#42.72
-145.742,67.1211#31.11#26.1#42.79
-145.6,67.1169#31.05#26.1#42.85
-145.459,67.1126#30.99#26.1#42.91
-145.318,67.1082#30.92#26.1#42.98
-145.177,67.1036#30.86#26.1#43.04
-145.035,67.0989#30.8#26.1#43.1
-144.894,67.0941#30.74#26.1#43.16
-144.753,67.0891#30.68#26.1#43.22
-144.612,67.084#30.62#26.1#43.28
-144.471,67.0788#30.56#26.1#43.34
-144.331,67.0734#30.5#26.11#43.39
-144.19,67.0679#30.44#26.11#43.45
-144.049,67.0622#30.39#26.11#43.5
-143.909,67.0565#30.32#26.11#43.57
-143.768,67.0505#30.26#26.11#43.63
-143.628,67.0445#30.2#26.11#43.69
-143.487,67.0383#30.13#26.11#43.76
-143.347,67.032#30.07#26.11#43.82
-143.207,67.0255#30.01#26.11#43.88
-143.066,67.019#29.95#26.12#43.93
-142.926,67.0122#29.89#26.12#43.99
-142.786,67.0054#29.82#26.12#44.06
-142.647,66.9984#29.76#26.12#44.12
-142.507,66.9913#29.69#26.12#44.19
-142.367,66.984#29.62#26.12#44.26
-142.227,66.9767#29.55#26.12#44.33
-142.088,66.9691#29.49#26.12#44.39
-141.948,66.9615#29.42#26.13#44.45
-141.809,66.9537#29.35#26.13#44.52
-141.67,66.9458#29.28#26.13#44.59
-141.531,66.9377#29.21#26.13#44.66
-141.392,66.9296#29.15#26.13#44.72
-141.253,66.9212#29.09#26.13#44.78
-141.114,66.9128#29.03#26.13#44.84
-140.975,66.9042#28.96#26.14#44.9
-159.877,66.9044#38.17#26.08#35.75
-159.739,66.9138#38.21#26.08#35.71
-159.6,66.923#38.25#26.08#35.67
-159.462,66.9322#38.29#26.08#35.63
-159.323,66.9412#38.34#26.08#35.58
-159.184,66.95#38.38#26.08#35.54
-159.045,66.9587#38.43#26.08#35.49
-158.906,66.9673#38.47#26.08#35.45
-158.767,66.9758#38.5#26.08#35.42
-158.628,66.9841#38.53#26.08#35.39
-158.488,66.9923#38.57#26.08#35.35
-158.349,67.0004#38.61#26.08#35.31
-158.209,67.0083#38.66#26.08#35.26
-158.07,67.0161#38.7#26.08#35.22
-157.93,67.0238#38.68#26.08#35.24
-157.79,67.0313#38.61#26.08#35.31
-157.65,67.0387#38.53#26.08#35.39
-157.51,67.046#38.45#26.08#35.47
-157.37,67.0531#38.36#26.08#35.56
-157.23,67.0601#38.26#26.08#35.66
-157.089,67.067#38.16#26.08#35.76
-156.949,67.0737#38.06#26.08#35.86
-156.808,67.0804#37.96#26.08#35.96
-156.668,67.0868#37.85#26.08#36.07
-156.527,67.0931#37.75#26.08#36.17
-156.386,67.0993#37.65#26.08#36.27
-156.246,67.1054#37.54#26.08#36.38
-156.105,67.1113#37.44#26.08#36.48
-155.964,67.1171#37.34#26.08#36.58
-155.823,67.1228#37.23#26.08#36.69
-155.682,67.1283#37.13#26.08#36.79
-155.54,67.1337#37.03#26.08#36.89
-155.399,67.139#36.93#26.08#36.99
-155.258,67.1441#36.83#26.08#37.09
-155.117,67.1491#36.73#26.08#37.19
-154.975,67.1539#36.63#26.08#37.29
-154.834,67.1586#36.53#26.08#37.39
-154.692,67.1632#36.43#26.08#37.49
-154.55,67.1677#36.33#26.08#37.59
-154.409,67.172#36.22#26.08#37.7
-154.267,67.1761#36.12#26.08#37.8
-154.125,67.1802#36.01#26.08#37.91
-153.984,67.1841#35.9#26.08#38.02
-153.842,67.1878#35.79#26.08#38.13
-153.7,67.1914#35.68#26.08#38.24
-153.558,67.1949#35.57#26.08#38.35
-153.416,67.1983#35.46#26.08#38.46
-153.274,67.2015#35.34#26.08#38.58
-153.132,67.2046#35.23#26.08#38.69
-152.99,67.2075#35.12#26.08#38.8
-152.847,67.2103#34.99#26.08#38.93
-152.705,67.213#34.86#26.08#39.06
-152.563,67.2155#34.73#26.08#39.19
-152.421,67.2179#34.6#26.08#39.32
-152.278,67.2202#34.48#26.08#39.44
-152.136,67.2223#34.36#26.08#39.56
-151.994,67.2243#34.25#26.08#39.67
-151.851,67.2262#34.13#26.08#39.79
-151.709,67.2279#34.03#26.08#39.89
-151.567,67.2295#33.92#26.08#40
-151.424,67.2309#33.81#26.08#40.11
-151.282,67.2322#33.7#26.08#40.22
-151.139,67.2334#33.6#26.08#40.32
-150.997,67.2344#33.49#26.08#40.43
-150.854,67.2353#33.4#26.08#40.52
-150.712,67.236#33.3#26.08#40.62
-150.569,67.2366#33.21#26.08#40.71
-150.427,67.2371#33.12#26.08#40.8
-150.284,67.2375#33.03#26.08#40.89
-150.142,67.2377#32.95#26.08#40.97
-149.999,67.2377#32.86#26.08#41.06
-149.857,67.2377#32.78#26.08#41.14
-149.714,67.2375#32.69#26.08#41.23
-149.572,67.2371#32.61#26.09#41.3
-149.429,67.2366#32.53#26.09#41.38
-149.286,67.236#32.47#26.09#41.44
-149.144,67.2353#32.4#26.09#41.51
-149.001,67.2344#32.34#26.09#41.57
-148.859,67.2333#32.27#26.09#41.64
-148.717,67.2322#32.21#26.09#41.7
-148.574,67.2309#32.15#26.09#41.76
-148.432,67.2294#32.09#26.09#41.82
-148.289,67.2279#32.03#26.09#41.88
-148.147,67.2261#31.98#26.09#41.93
-148.004,67.2243#31.92#26.09#41.99
-147.862,67.2223#31.86#26.09#42.05
-147.72,67.2202#31.81#26.09#42.1
-147.578,67.2179#31.75#26.09#42.16
-147.435,67.2155#31.7#26.09#42.21
-147.293,67.213#31.64#26.09#42.27
-147.151,67.2103#31.58#26.09#42.33
-147.009,67.2075#31.52#26.09#42.39
-146.867,67.2046#31.46#26.09#42.45
-146.724,67.2015#31.39#26.09#42.52
-146.582,67.1983#31.33#26.09#42.58
-146.44,67.1949#31.26#26.09#42.65
-146.298,67.1914#31.2#26.09#42.71
-146.157,67.1878#31.13#26.1#42.77
-146.015,67.184#31.07#26.1#42.83
-145.873,67.1801#31.01#26.1#42.89
-145.731,67.1761#30.94#26.1#42.96
-145.589,67.1719#30.88#26.1#43.02
-145.448,67.1676#30.82#26.1#43.08
-145.306,67.1632#30.76#26.1#43.14
-145.165,67.1586#30.69#26.1#43.21
-145.023,67.1539#30.63#26.1#43.27
-144.882,67.149#30.57#26.1#43.33
-144.74,67.144#30.52#26.1#43.38
-144.599,67.1389#30.46#26.1#43.44
-144.458,67.1336#30.4#26.1#43.5
-144.317,67.1283#30.34#26.11#43.55
-144.176,67.1227#30.28#26.11#43.61
-144.034,67.1171#30.22#26.11#43.67
-143.894,67.1113#30.16#26.11#43.73
-143.753,67.1053#30.1#26.11#43.79
-143.612,67.0993#30.04#26.11#43.85
-143.471,67.0931#29.98#26.11#43.91
-143.33,67.0867#29.92#26.11#43.97
-143.19,67.0803#29.85#26.11#44.04
-143.049,67.0737#29.79#26.11#44.1
-142.909,67.0669#29.73#26.12#44.15
-142.769,67.0601#29.67#26.12#44.21
-142.628,67.0531#29.6#26.12#44.28
-142.488,67.0459#29.54#26.12#44.34
-142.348,67.0386#29.47#26.12#44.41
-142.208,67.0312#29.4#26.12#44.48
-142.068,67.0237#29.33#26.12#44.55
-141.929,67.016#29.26#26.12#44.62
-141.789,67.0082#29.2#26.13#44.67
-141.649,67.0003#29.13#26.13#44.74
-141.51,66.9922#29.06#26.13#44.81
-141.371,66.984#29#26.13#44.87
-141.231,66.9757#28.94#26.13#44.93
-141.092,66.9672#28.88#26.13#44.99
-140.953,66.9586#28.83#26.13#45.04
-140.814,66.9499#28.77#26.14#45.09
-140.675,66.941#28.71#26.14#45.15
-140.537,66.9321#28.65#26.14#45.21
-140.398,66.9229#28.59#26.14#45.27
-140.259,66.9137#28.53#26.14#45.33
-140.121,66.9043#28.47#26.14#45.39
-160.593,66.9097#37.74#26.08#36.18
-160.455,66.9197#37.78#26.08#36.14
-160.317,66.9297#37.81#26.08#36.11
-160.178,66.9395#37.84#26.08#36.08
-160.04,66.9491#37.87#26.08#36.05
-159.901,66.9587#37.91#26.08#36.01
-159.763,66.9681#37.95#26.08#35.97
-159.624,66.9774#37.99#26.08#35.93
-159.485,66.9865#38.03#26.08#35.89
-159.346,66.9955#38.07#26.08#35.85
-159.207,67.0044#38.12#26.08#35.8
-159.067,67.0131#38.16#26.08#35.76
-158.928,67.0218#38.2#26.08#35.72
-158.788,67.0303#38.24#26.08#35.68
-158.649,67.0386#38.28#26.08#35.64
-158.509,67.0468#38.32#26.08#35.6
-158.369,67.0549#38.36#26.08#35.56
-158.229,67.0629#38.41#26.08#35.51
-158.089,67.0707#38.45#26.08#35.47
-157.949,67.0784#38.46#26.08#35.46
-157.809,67.0859#38.38#26.08#35.54
-157.669,67.0934#38.3#26.08#35.62
-157.528,67.1006#38.22#26.08#35.7
-157.388,67.1078#38.12#26.08#35.8
-157.247,67.1148#38.02#26.08#35.9
-157.107,67.1217#37.92#26.08#36
-156.966,67.1285#37.81#26.08#36.11
-156.825,67.1351#37.7#26.08#36.22
-156.684,67.1416#37.59#26.08#36.33
-156.543,67.1479#37.48#26.08#36.44
-156.402,67.1541#37.38#26.08#36.54
-156.261,67.1602#37.27#26.08#36.65
-156.12,67.1662#37.17#26.08#36.75
-155.979,67.172#37.07#26.08#36.85
-155.837,67.1776#36.96#26.08#36.96
-155.696,67.1832#36.86#26.08#37.06
-155.554,67.1886#36.76#26.08#37.16
-155.413,67.1939#36.66#26.08#37.26
-155.271,67.199#36.56#26.08#37.36
-155.129,67.204#36.46#26.08#37.46
-154.987,67.2088#36.36#26.08#37.56
-154.846,67.2136#36.26#26.08#37.66
-154.704,67.2182#36.16#26.08#37.76
-154.562,67.2226#36.06#26.08#37.86
-154.42,67.2269#35.96#26.08#37.96
-154.278,67.2311#35.85#26.08#38.07
-154.136,67.2352#35.74#26.08#38.18
-153.993,67.2391#35.63#26.08#38.29
-153.851,67.2428#35.52#26.08#38.4
-153.709,67.2465#35.41#26.08#38.51
-153.567,67.25#35.29#26.08#38.63
-153.424,67.2533#35.18#26.08#38.74
-153.282,67.2566#35.07#26.08#38.85
-153.139,67.2596#34.96#26.08#38.96
-152.997,67.2626#34.84#26.08#39.08
-152.854,67.2654#34.72#26.08#39.2
-152.712,67.2681#34.59#26.08#39.33
-152.569,67.2706#34.46#26.08#39.46
-152.427,67.273#34.34#26.08#39.58
-152.284,67.2753#34.22#26.08#39.7
-152.141,67.2774#34.11#26.08#39.81
-151.999,67.2794#33.99#26.08#39.93
-151.856,67.2813#33.89#26.08#40.03
-151.713,67.283#33.78#26.08#40.14
-151.57,67.2846#33.67#26.08#40.25
-151.428,67.286#33.57#26.08#40.35
-151.285,67.2873#33.46#26.08#40.46
-151.142,67.2885#33.36#26.08#40.56
-150.999,67.2895#33.26#26.08#40.66
-150.856,67.2904#33.17#26.08#40.75
-150.713,67.2912#33.08#26.08#40.84
-150.571,67.2918#32.99#26.08#40.93
-150.428,67.2923#32.9#26.08#41.02
-150.285,67.2926#32.82#26.08#41.1
-150.142,67.2928#32.73#26.08#41.19
-149.999,67.2929#32.65#26.08#41.27
-149.856,67.2928#32.57#26.08#41.35
-149.713,67.2926#32.49#26.08#41.43
-149.57,67.2923#32.41#26.08#41.51
-149.428,67.2918#32.33#26.09#41.58
-149.285,67.2912#32.27#26.09#41.64
-149.142,67.2904#32.2#26.09#41.71
-148.999,67.2895#32.14#26.09#41.77
-148.856,67.2885#32.08#26.09#41.83
-148.713,67.2873#32.02#26.09#41.89
-148.571,67.286#31.95#26.09#41.96
-148.428,67.2846#31.9#26.09#42.01
-148.285,67.283#31.84#26.09#42.07
-148.142,67.2813#31.78#26.09#42.13
-148,67.2794#31.73#26.09#42.18
-147.857,67.2774#31.67#26.09#42.24
-147.714,67.2753#31.62#26.09#42.29
-147.572,67.273#31.56#26.09#42.35
-147.429,67.2706#31.51#26.09#42.4
-147.286,67.2681#31.45#26.09#42.46
-147.144,67.2654#31.39#26.09#42.52
-147.001,67.2626#31.34#26.09#42.57
-146.859,67.2596#31.27#26.09#42.64
-146.716,67.2565#31.21#26.09#42.7
-146.574,67.2533#31.15#26.09#42.76
-146.432,67.2499#31.08#26.09#42.83
-146.289,67.2464#31.02#26.09#42.89
-146.147,67.2428#30.96#26.09#42.95
-146.005,67.239#30.89#26.1#43.01
-145.863,67.2351#30.83#26.1#43.07
-145.721,67.2311#30.77#26.1#43.13
-145.578,67.2269#30.71#26.1#43.19
-145.436,67.2226#30.65#26.1#43.25
-145.294,67.2181#30.59#26.1#43.31
-145.153,67.2135#30.53#26.1#43.37
-145.011,67.2088#30.47#26.1#43.43
-144.869,67.2039#30.41#26.1#43.49
-144.727,67.1989#30.35#26.1#43.55
-144.586,67.1938#30.29#26.1#43.61
-144.444,67.1885#30.24#26.1#43.66
-144.303,67.1831#30.18#26.1#43.72
-144.161,67.1776#30.12#26.11#43.77
-144.02,67.1719#30.07#26.11#43.82
-143.878,67.1661#30.01#26.11#43.88
-143.737,67.1601#29.94#26.11#43.95
-143.596,67.1541#29.88#26.11#44.01
-143.455,67.1478#29.82#26.11#44.07
-143.314,67.1415#29.76#26.11#44.13
-143.173,67.135#29.7#26.11#44.19
-143.032,67.1284#29.63#26.11#44.26
-142.892,67.1216#29.57#26.11#44.32
-142.751,67.1147#29.51#26.12#44.37
-142.61,67.1077#29.44#26.12#44.44
-142.47,67.1006#29.38#26.12#44.5
-142.329,67.0933#29.31#26.12#44.57
-142.189,67.0858#29.24#26.12#44.64
-142.049,67.0783#29.18#26.12#44.7
-141.909,67.0706#29.11#26.12#44.77
-141.769,67.0628#29.04#26.12#44.84
-141.629,67.0548#28.98#26.13#44.89
-141.489,67.0467#28.92#26.13#44.95
-141.349,67.0385#28.86#26.13#45.01
-141.21,67.0301#28.8#26.13#45.07
-141.07,67.0217#28.74#26.13#45.13
-140.931,67.013#28.69#26.13#45.18
-140.792,67.0043#28.63#26.14#45.23
-140.652,66.9954#28.58#26.14#45.28
-140.513,66.9864#28.52#26.14#45.34
-140.374,66.9772#28.47#26.14#45.39
-140.236,66.968#28.41#26.14#45.45
-140.097,66.9586#28.35#26.14#45.51
-139.958,66.949#28.29#26.15#45.56
-139.82,66.9393#28.23#26.15#45.62
-139.681,66.9295#28.17#26.15#45.68
-139.543,66.9196#28.11#26.15#45.74
-139.405,66.9095#28.05#26.15#45.8
-161.447,66.9006#37.33#26.08#36.59
-161.309,66.9114#37.36#26.08#36.56
-161.172,66.9222#37.39#26.08#36.53
-161.034,66.9328#37.41#26.08#36.51
-160.896,66.9433#37.44#26.08#36.48
-160.757,66.9536#37.47#26.08#36.45
-160.619,66.9638#37.5#26.08#36.42
-160.481,66.9739#37.53#26.08#36.39
-160.342,66.9839#37.56#26.08#36.36
-160.203,66.9937#37.59#26.08#36.33
-160.065,67.0034#37.62#26.08#36.3
-159.926,67.0129#37.66#26.08#36.26
-159.787,67.0224#37.7#26.08#36.22
-159.647,67.0317#37.73#26.08#36.19
-159.508,67.0408#37.77#26.08#36.15
-159.369,67.0499#37.81#26.08#36.11
-159.229,67.0588#37.85#26.08#36.07
-159.09,67.0676#37.89#26.08#36.03
-158.95,67.0762#37.93#26.08#35.99
-158.81,67.0847#37.97#26.08#35.95
-158.67,67.0931#38.02#26.08#35.9
-158.53,67.1013#38.06#26.08#35.86
-158.39,67.1094#38.11#26.08#35.81
-158.25,67.1174#38.16#26.08#35.76
-158.109,67.1253#38.21#26.08#35.71
-157.969,67.133#38.23#26.08#35.69
-157.828,67.1405#38.14#26.08#35.78
-157.688,67.148#38.05#26.08#35.87
-157.547,67.1553#37.96#26.08#35.96
-157.406,67.1625#37.86#26.08#36.06
-157.265,67.1695#37.75#26.08#36.17
-157.124,67.1764#37.65#26.08#36.27
-156.983,67.1832#37.54#26.08#36.38
-156.842,67.1898#37.43#26.08#36.49
-156.701,67.1963#37.32#26.08#36.6
-156.559,67.2027#37.21#26.08#36.71
-156.418,67.2089#37.11#26.08#36.81
-156.277,67.215#37#26.08#36.92
-156.135,67.221#36.9#26.08#37.02
-155.993,67.2268#36.8#26.08#37.12
-155.852,67.2325#36.69#26.08#37.23
-155.71,67.238#36.59#26.08#37.33
-155.568,67.2435#36.49#26.08#37.43
-155.426,67.2487#36.39#26.08#37.53
-155.284,67.2539#36.29#26.08#37.63
-155.142,67.2589#36.19#26.08#37.73
-155,67.2638#36.09#26.08#37.83
-154.858,67.2685#35.99#26.08#37.93
-154.715,67.2731#35.89#26.08#38.03
-154.573,67.2776#35.79#26.08#38.13
-154.431,67.2819#35.69#26.08#38.23
-154.288,67.2861#35.58#26.08#38.34
-154.146,67.2902#35.47#26.08#38.45
-154.003,67.2941#35.36#26.08#38.56
-153.861,67.2979#35.25#26.08#38.67
-153.718,67.3015#35.13#26.08#38.79
-153.576,67.305#35.02#26.08#38.9
-153.433,67.3084#34.9#26.08#39.02
-153.29,67.3116#34.79#26.08#39.13
-153.147,67.3147#34.68#26.08#39.24
-153.004,67.3177#34.57#26.08#39.35
-152.862,67.3205#34.44#26.08#39.48
-152.719,67.3232#34.32#26.08#39.6
-152.576,67.3257#34.19#26.08#39.73
-152.433,67.3281#34.08#26.08#39.84
-152.29,67.3304#33.96#26.08#39.96
-152.147,67.3326#33.85#26.08#40.07
-152.004,67.3346#33.74#26.08#40.18
-151.861,67.3364#33.64#26.08#40.28
-151.718,67.3381#33.53#26.08#40.39
-151.574,67.3397#33.43#26.08#40.49
-151.431,67.3412#33.33#26.08#40.59
-151.288,67.3425#33.23#26.08#40.69
-151.145,67.3436#33.13#26.08#40.79
-151.002,67.3447#33.03#26.08#40.89
-150.858,67.3456#32.94#26.08#40.98
-150.715,67.3463#32.85#26.08#41.07
-150.572,67.347#32.77#26.08#41.15
-150.429,67.3474#32.68#26.08#41.24
-150.286,67.3478#32.6#26.08#41.32
-150.142,67.348#32.52#26.08#41.4
-149.999,67.3481#32.44#26.08#41.48
-149.856,67.348#32.36#26.08#41.56
-149.713,67.3478#32.28#26.08#41.64
-149.569,67.3474#32.2#26.08#41.72
-149.426,67.3469#32.13#26.08#41.79
-149.283,67.3463#32.07#26.09#41.84
-149.14,67.3456#32.01#26.09#41.9
-148.997,67.3447#31.94#26.09#41.97
-148.853,67.3436#31.88#26.09#42.03
-148.71,67.3425#31.82#26.09#42.09
-148.567,67.3411#31.76#26.09#42.15
-148.424,67.3397#31.7#26.09#42.21
-148.281,67.3381#31.65#26.09#42.26
-148.138,67.3364#31.59#26.09#42.32
-147.995,67.3345#31.54#26.09#42.37
-147.851,67.3325#31.48#26.09#42.43
-147.708,67.3304#31.43#26.09#42.48
-147.565,67.3281#31.38#26.09#42.53
-147.422,67.3257#31.32#26.09#42.59
-147.28,67.3232#31.26#26.09#42.65
-147.137,67.3205#31.21#26.09#42.7
-146.994,67.3176#31.15#26.09#42.76
-146.851,67.3147#31.09#26.09#42.82
-146.708,67.3116#31.03#26.09#42.88
-146.565,67.3083#30.97#26.09#42.94
-146.423,67.305#30.91#26.09#43
-146.28,67.3015#30.84#26.09#43.07
-146.137,67.2978#30.78#26.09#43.13
-145.995,67.294#30.72#26.1#43.18
-145.852,67.2901#30.66#26.1#43.24
-145.71,67.2861#30.6#26.1#43.3
-145.567,67.2819#30.54#26.1#43.36
-145.425,67.2775#30.48#26.1#43.42
-145.283,67.2731#30.42#26.1#43.48
-145.141,67.2685#30.36#26.1#43.54
-144.998,67.2637#30.3#26.1#43.6
-144.856,67.2588#30.24#26.1#43.66
-144.714,67.2538#30.19#26.1#43.71
-144.572,67.2487#30.13#26.1#43.77
-144.43,67.2434#30.08#26.1#43.82
-144.288,67.238#30.02#26.1#43.88
-144.147,67.2324#29.96#26.11#43.93
-144.005,67.2267#29.91#26.11#43.98
-143.863,67.2209#29.85#26.11#44.04
-143.722,67.2149#29.79#26.11#44.1
-143.58,67.2088#29.73#26.11#44.16
-143.439,67.2026#29.67#26.11#44.22
-143.297,67.1962#29.61#26.11#44.28
-143.156,67.1897#29.55#26.11#44.34
-143.015,67.1831#29.49#26.11#44.4
-142.874,67.1763#29.43#26.11#44.46
-142.733,67.1694#29.36#26.12#44.52
-142.592,67.1624#29.3#26.12#44.58
-142.451,67.1552#29.23#26.12#44.65
-142.31,67.1479#29.16#26.12#44.72
-142.17,67.1405#29.09#26.12#44.79
-142.029,67.1329#29.02#26.12#44.86
-141.889,67.1252#28.96#26.12#44.92
-141.749,67.1173#28.89#26.12#44.99
-141.608,67.1093#28.83#26.13#45.04
-141.468,67.1012#28.77#26.13#45.1
-141.328,67.093#28.71#26.13#45.16
-141.188,67.0846#28.66#26.13#45.21
-141.048,67.0761#28.6#26.13#45.27
-140.909,67.0675#28.55#26.13#45.32
-140.769,67.0587#28.5#26.13#45.37
-140.63,67.0498#28.45#26.14#45.41
-140.49,67.0407#28.4#26.14#45.46
-140.351,67.0316#28.34#26.14#45.52
-140.212,67.0223#28.29#26.14#45.57
-140.073,67.0128#28.23#26.14#45.63
-139.934,67.0033#28.17#26.14#45.69
-139.795,66.9936#28.12#26.15#45.73
-139.656,66.9837#28.06#26.15#45.79
-139.518,66.9738#28#26.15#45.85
-139.379,66.9637#27.95#26.15#45.9
-139.241,66.9535#27.91#26.15#45.94
-139.103,66.9431#27.86#26.16#45.98
-138.965,66.9326#27.81#26.16#46.03
-138.827,66.922#27.76#26.16#46.08
-138.689,66.9113#27.71#26.16#46.13
-138.551,66.9004#27.66#26.16#46.18
-162.026,66.9097#36.97#26.08#36.95
-161.888,66.9211#37#26.08#36.92
-161.751,66.9324#37.03#26.08#36.89
-161.613,66.9435#37.06#26.08#36.86
-161.475,66.9546#37.1#26.08#36.82
-161.337,66.9654#37.12#26.08#36.8
-161.199,66.9762#37.15#26.08#36.77
-161.061,66.9868#37.17#26.08#36.75
-160.922,66.9974#37.2#26.08#36.72
-160.784,67.0077#37.23#26.08#36.69
-160.645,67.018#37.26#26.08#36.66
-160.506,67.0281#37.28#26.08#36.64
-160.367,67.0381#37.31#26.08#36.61
-160.228,67.0479#37.34#26.08#36.58
-160.089,67.0576#37.37#26.08#36.55
-159.95,67.0672#37.41#26.08#36.51
-159.811,67.0767#37.44#26.08#36.48
-159.671,67.086#37.48#26.08#36.44
-159.532,67.0952#37.51#26.08#36.41
-159.392,67.1043#37.55#26.08#36.37
-159.252,67.1132#37.59#26.08#36.33
-159.112,67.122#37.63#26.08#36.29
-158.972,67.1307#37.67#26.08#36.25
-158.832,67.1392#37.71#26.08#36.21
-158.692,67.1476#37.75#26.08#36.17
-158.551,67.1558#37.79#26.08#36.13
-158.411,67.164#37.84#26.08#36.08
-158.27,67.172#37.88#26.08#36.04
-158.129,67.1798#37.93#26.08#35.99
-157.989,67.1876#37.96#26.08#35.96
-157.848,67.1952#37.87#26.08#36.05
-157.707,67.2026#37.78#26.08#36.14
-157.566,67.2099#37.69#26.08#36.23
-157.425,67.2171#37.59#26.08#36.33
-157.283,67.2242#37.48#26.08#36.44
-157.142,67.2311#37.38#26.08#36.54
-157.001,67.2379#37.27#26.08#36.65
-156.859,67.2446#37.16#26.08#36.76
-156.717,67.2511#37.05#26.08#36.87
-156.576,67.2575#36.94#26.08#36.98
-156.434,67.2637#36.83#26.08#37.09
-156.292,67.2698#36.73#26.08#37.19
-156.15,67.2758#36.63#26.08#37.29
-156.008,67.2816#36.53#26.08#37.39
-155.866,67.2874#36.42#26.08#37.5
-155.724,67.2929#36.32#26.08#37.6
-155.582,67.2984#36.22#26.08#37.7
-155.44,67.3037#36.12#26.08#37.8
-155.297,67.3088#36.02#26.08#37.9
-155.155,67.3138#35.92#26.08#38
-155.012,67.3187#35.82#26.08#38.1
-154.87,67.3235#35.72#26.08#38.2
-154.727,67.3281#35.62#26.08#38.3
-154.585,67.3326#35.52#26.08#38.4
-154.442,67.3369#35.42#26.08#38.5
-154.299,67.3411#35.31#26.08#38.61
-154.156,67.3452#35.2#26.08#38.72
-154.013,67.3491#35.09#26.08#38.83
-153.87,67.3529#34.98#26.08#38.94
-153.727,67.3566#34.86#26.08#39.06
-153.584,67.3601#34.74#26.08#39.18
-153.441,67.3635#34.63#26.08#39.29
-153.298,67.3667#34.51#26.08#39.41
-153.155,67.3698#34.4#26.08#39.52
-153.012,67.3728#34.29#26.08#39.63
-152.869,67.3756#34.17#26.08#39.75
-152.725,67.3783#34.05#26.08#39.87
-152.582,67.3808#33.93#26.08#39.99
-152.439,67.3833#33.81#26.08#40.11
-152.296,67.3855#33.7#26.08#40.22
-152.152,67.3877#33.59#26.08#40.33
-152.009,67.3897#33.49#26.08#40.43
-151.865,67.3916#33.39#26.08#40.53
-151.722,67.3933#33.28#26.08#40.64
-151.578,67.3949#33.18#26.08#40.74
-151.435,67.3963#33.09#26.08#40.83
-151.291,67.3976#32.99#26.08#40.93
-151.148,67.3988#32.89#26.08#41.03
-151.004,67.3998#32.8#26.08#41.12
-150.861,67.4007#32.71#26.08#41.21
-150.717,67.4015#32.63#26.08#41.29
-150.573,67.4021#32.54#26.08#41.38
-150.43,67.4026#32.46#26.08#41.46
-150.286,67.4029#32.38#26.08#41.54
-150.143,67.4032#32.31#26.08#41.61
-149.999,67.4032#32.23#26.08#41.69
-149.856,67.4032#32.15#26.08#41.77
-149.712,67.4029#32.08#26.08#41.84
-149.568,67.4026#32#26.08#41.92
-149.425,67.4021#31.93#26.08#41.99
-149.281,67.4015#31.87#26.08#42.05
-149.138,67.4007#31.81#26.09#42.1
-148.994,67.3998#31.75#26.09#42.16
-148.85,67.3988#31.69#26.09#42.22
-148.707,67.3976#31.63#26.09#42.28
-148.563,67.3963#31.57#26.09#42.34
-148.42,67.3948#31.51#26.09#42.4
-148.276,67.3933#31.46#26.09#42.45
-148.133,67.3915#31.4#26.09#42.51
-147.989,67.3897#31.35#26.09#42.56
-147.846,67.3877#31.29#26.09#42.62
-147.703,67.3855#31.24#26.09#42.67
-147.559,67.3832#31.19#26.09#42.72
-147.416,67.3808#31.13#26.09#42.78
-147.273,67.3783#31.08#26.09#42.83
-147.129,67.3756#31.02#26.09#42.89
-146.986,67.3727#30.97#26.09#42.94
-146.843,67.3698#30.91#26.09#43
-146.7,67.3667#30.85#26.09#43.06
-146.557,67.3634#30.79#26.09#43.12
-146.414,67.36#30.73#26.09#43.18
-146.271,67.3565#30.67#26.09#43.24
-146.128,67.3529#30.61#26.09#43.3
-145.985,67.3491#30.55#26.09#43.36
-145.842,67.3451#30.49#26.1#43.41
-145.699,67.3411#30.42#26.1#43.48
-145.556,67.3369#30.36#26.1#43.54
-145.414,67.3325#30.31#26.1#43.59
-145.271,67.328#30.25#26.1#43.65
-145.128,67.3234#30.19#26.1#43.71
-144.986,67.3187#30.13#26.1#43.77
-144.843,67.3138#30.08#26.1#43.82
-144.701,67.3087#30.02#26.1#43.88
-144.559,67.3036#29.97#26.1#43.93
-144.416,67.2983#29.91#26.1#43.99
-144.274,67.2929#29.86#26.1#44.04
-144.132,67.2873#29.81#26.1#44.09
-143.99,67.2816#29.75#26.11#44.14
-143.848,67.2757#29.69#26.11#44.2
-143.706,67.2698#29.64#26.11#44.25
-143.564,67.2636#29.58#26.11#44.31
-143.422,67.2574#29.52#26.11#44.37
-143.281,67.251#29.46#26.11#44.43
-143.139,67.2445#29.41#26.11#44.48
-142.998,67.2378#29.35#26.11#44.54
-142.856,67.231#29.29#26.11#44.6
-142.715,67.2241#29.22#26.11#44.67
-142.574,67.2171#29.16#26.12#44.72
-142.433,67.2099#29.1#26.12#44.78
-142.291,67.2025#29.03#26.12#44.85
-142.15,67.1951#28.97#26.12#44.91
-142.01,67.1875#28.9#26.12#44.98
-141.869,67.1797#28.83#26.12#45.05
-141.728,67.1719#28.77#26.12#45.11
-141.588,67.1639#28.7#26.12#45.18
-141.447,67.1557#28.64#26.13#45.23
-141.307,67.1475#28.58#26.13#45.29
-141.166,67.1391#28.52#26.13#45.35
-141.026,67.1305#28.46#26.13#45.41
-140.886,67.1219#28.41#26.13#45.46
-140.746,67.1131#28.36#26.13#45.51
-140.606,67.1042#28.32#26.14#45.54
-140.467,67.0951#28.27#26.14#45.59
-140.327,67.0859#28.22#26.14#45.64
-140.188,67.0766#28.16#26.14#45.7
-140.048,67.0671#28.11#26.14#45.75
-139.909,67.0575#28.06#26.14#45.8
-139.77,67.0478#28.01#26.15#45.84
-139.631,67.0379#27.95#26.15#45.9
-139.492,67.028#27.9#26.15#45.95
-139.353,67.0178#27.86#26.15#45.99
-139.215,67.0076#27.81#26.15#46.04
-139.076,66.9972#27.77#26.16#46.07
-138.938,66.9867#27.72#26.16#46.12
-138.799,66.9761#27.68#26.16#46.16
-138.661,66.9653#27.64#26.16#46.2
-138.523,66.9544#27.59#26.16#46.25
-138.385,66.9434#27.55#26.17#46.28
-138.248,66.9322#27.51#26.17#46.32
-138.11,66.9209#27.47#26.17#46.36
-137.973,66.9095#27.42#26.17#46.41
-162.741,66.9044#36.4#26.08#37.52
-162.604,66.9165#36.47#26.08#37.45
-162.467,66.9285#36.55#26.08#37.37
-162.33,66.9403#36.6#26.08#37.32
-162.192,66.952#36.66#26.08#37.26
-162.055,66.9636#36.72#26.08#37.2
-161.917,66.975#36.76#26.08#37.16
-161.779,66.9863#36.79#26.08#37.13
-161.641,66.9975#36.83#26.08#37.09
-161.503,67.0085#36.86#26.08#37.06
-161.365,67.0195#36.89#26.08#37.03
-161.226,67.0303#36.91#26.08#37.01
-161.088,67.0409#36.94#26.08#36.98
-160.949,67.0515#36.96#26.08#36.96
-160.81,67.0619#36.99#26.08#36.93
-160.671,67.0721#37.01#26.08#36.91
-160.532,67.0823#37.04#26.08#36.88
-160.393,67.0923#37.07#26.08#36.85
-160.254,67.1022#37.09#26.08#36.83
-160.114,67.1119#37.12#26.08#36.8
-159.975,67.1215#37.15#26.08#36.77
-159.835,67.131#37.19#26.08#36.73
-159.695,67.1403#37.22#26.08#36.7
-159.555,67.1496#37.25#26.08#36.67
