-151.99,60.9017#51.84#26.15#22.01
-151.879,60.9035#51.58#26.15#22.27
-151.769,60.9052#51.32#26.15#22.53
-151.658,60.9068#51.07#26.15#22.78
-151.548,60.9083#50.82#26.15#23.03
-151.437,60.9097#50.59#26.15#23.26
-151.326,60.911#50.39#26.16#23.45
-151.216,60.9122#50.19#26.16#23.65
-151.105,60.9133#49.99#26.16#23.85
-150.995,60.9143#49.8#26.16#24.04
-150.884,60.9151#49.67#26.16#24.17
-150.774,60.9159#49.54#26.16#24.3
-150.663,60.9166#49.41#26.17#24.42
-150.552,60.9172#49.28#26.17#24.55
-150.442,60.9176#49.17#26.17#24.66
-150.331,60.918#49.08#26.17#24.75
-150.221,60.9182#48.98#26.17#24.85
-150.11,60.9184#48.89#26.18#24.93
-149.999,60.9185#48.79#26.18#25.03
-149.889,60.9184#48.7#26.18#25.12
-149.778,60.9182#48.61#26.18#25.21
-149.667,60.918#48.52#26.18#25.3
-149.557,60.9176#48.43#26.18#25.39
-149.446,60.9172#48.34#26.19#25.47
-149.336,60.9166#48.25#26.19#25.56
-149.225,60.9159#48.16#26.19#25.65
-149.114,60.9151#48.07#26.19#25.74
-149.004,60.9142#47.99#26.19#25.82
-148.893,60.9133#47.91#26.2#25.89
-148.783,60.9122#47.83#26.2#25.97
-148.672,60.911#47.75#26.2#26.05
-148.562,60.9097#47.67#26.2#26.13
-148.451,60.9083#47.59#26.21#26.2
-148.341,60.9068#47.51#26.21#26.28
-148.23,60.9052#47.43#26.21#26.36
-148.12,60.9035#47.35#26.21#26.44
-148.009,60.9016#47.27#26.21#26.52
-154.093,60.9011#57.32#26.12#16.56
-153.983,60.9049#56.97#26.12#16.91
-153.872,60.9086#56.65#26.12#17.23
-153.762,60.9122#56.33#26.13#17.54
-153.652,60.9157#56.02#26.13#17.85
-153.541,60.919#55.7#26.13#18.17
-153.431,60.9223#55.41#26.13#18.46
-153.32,60.9255#55.15#26.13#18.72
-153.21,60.9285#54.88#26.13#18.99
-153.099,60.9315#54.62#26.13#19.25
-152.989,60.9344#54.35#26.13#19.52
-152.878,60.9371#54.02#26.14#19.84
-152.768,60.9398#53.7#26.14#20.16
-152.657,60.9423#53.38#26.14#20.48
-152.547,60.9447#53.06#26.14#20.8
-152.436,60.9471#52.75#26.14#21.11
-152.325,60.9493#52.45#26.14#21.41
-152.215,60.9514#52.16#26.14#21.7
-152.104,60.9535#51.86#26.14#22
-151.993,60.9554#51.57#26.15#22.28
-151.883,60.9572#51.32#26.15#22.53
-151.772,60.9589#51.08#26.15#22.77
-151.661,60.9605#50.84#26.15#23.01
-151.55,60.962#50.6#26.15#23.25
-151.44,60.9634#50.39#26.15#23.46
-151.329,60.9647#50.21#26.15#23.64
-151.218,60.9659#50.03#26.16#23.81
-151.107,60.967#49.85#26.16#23.99
-150.997,60.968#49.67#26.16#24.17
-150.886,60.9689#49.55#26.16#24.29
-150.775,60.9697#49.43#26.16#24.41
-150.664,60.9704#49.31#26.16#24.53
-150.553,60.9709#49.18#26.17#24.65
-150.443,60.9714#49.08#26.17#24.75
-150.332,60.9718#48.98#26.17#24.85
-150.221,60.972#48.89#26.17#24.94
-150.11,60.9722#48.79#26.17#25.04
-149.999,60.9722#48.7#26.18#25.12
-149.888,60.9722#48.61#26.18#25.21
-149.778,60.972#48.51#26.18#25.31
-149.667,60.9718#48.42#26.18#25.4
-149.556,60.9714#48.33#26.18#25.49
-149.445,60.9709#48.24#26.18#25.58
-149.334,60.9703#48.16#26.19#25.65
-149.224,60.9697#48.07#26.19#25.74
-149.113,60.9689#47.98#26.19#25.83
-149.002,60.968#47.89#26.19#25.92
-148.891,60.967#47.81#26.19#26
-148.78,60.9659#47.73#26.2#26.07
-148.67,60.9647#47.66#26.2#26.14
-148.559,60.9634#47.58#26.2#26.22
-148.448,60.962#47.5#26.2#26.3
-148.337,60.9605#47.42#26.21#26.37
-148.227,60.9589#47.34#26.21#26.45
-148.116,60.9572#47.26#26.21#26.53
-148.005,60.9554#47.19#26.21#26.6
-147.895,60.9534#47.1#26.21#26.69
-147.784,60.9514#47.01#26.22#26.77
-147.673,60.9493#46.92#26.22#26.86
-147.563,60.947#46.83#26.22#26.95
-147.452,60.9447#46.74#26.22#27.04
-147.341,60.9423#46.65#26.23#27.12
-147.231,60.9397#46.55#26.23#27.22
-147.12,60.9371#46.46#26.23#27.31
-147.01,60.9343#46.36#26.23#27.41
-146.899,60.9315#46.26#26.24#27.5
-146.789,60.9285#46.16#26.24#27.6
-146.678,60.9254#46.07#26.24#27.69
-146.568,60.9223#45.97#26.24#27.79
-146.457,60.919#45.87#26.25#27.88
-146.347,60.9156#45.78#26.25#27.97
-146.237,60.9122#45.68#26.25#28.07
-146.126,60.9086#45.58#26.26#28.16
-146.016,60.9049#45.49#26.26#28.25
-145.906,60.9011#45.4#26.26#28.34
-155.424,60.9012#61.96#26.11#11.93
-155.314,60.9062#61.49#26.11#12.4
-155.204,60.9112#61.02#26.11#12.87
-155.094,60.916#60.56#26.11#13.33
-154.984,60.9207#60.1#26.11#13.79
-154.873,60.9253#59.67#26.11#14.22
-154.763,60.9298#59.25#26.12#14.63
-154.653,60.9343#58.83#26.12#15.05
-154.542,60.9386#58.41#26.12#15.47
-154.432,60.9428#58.03#26.12#15.85
-154.322,60.9469#57.68#26.12#16.2
-154.211,60.9509#57.33#26.12#16.55
-154.101,60.9548#56.98#26.12#16.9
-153.99,60.9586#56.63#26.12#17.25
-153.88,60.9623#56.31#26.12#17.57
-153.769,60.9658#56#26.12#17.88
-153.659,60.9693#55.68#26.13#18.19
-153.548,60.9727#55.37#26.13#18.5
-153.437,60.976#55.08#26.13#18.79
-153.327,60.9792#54.82#26.13#19.05
-153.216,60.9822#54.55#26.13#19.32
-153.105,60.9852#54.29#26.13#19.58
-152.995,60.9881#54.03#26.13#19.84
-152.884,60.9908#53.71#26.13#20.16
-152.773,60.9935#53.4#26.14#20.46
-152.662,60.996#53.09#26.14#20.77
-152.552,60.9985#52.77#26.14#21.09
-152.441,61.0008#52.47#26.14#21.39
-152.33,61.003#52.18#26.14#21.68
-152.219,61.0052#51.88#26.14#21.98
-152.108,61.0072#51.59#26.14#22.27
-151.997,61.0091#51.3#26.14#22.56
-151.886,61.011#51.07#26.15#22.78
-151.775,61.0127#50.84#26.15#23.01
-151.664,61.0143#50.61#26.15#23.24
-151.554,61.0158#50.38#26.15#23.47
-151.443,61.0172#50.19#26.15#23.66
-151.332,61.0185#50.03#26.15#23.82
-151.221,61.0197#49.87#26.15#23.98
-151.11,61.0208#49.71#26.16#24.13
-150.999,61.0218#49.55#26.16#24.29
-150.888,61.0227#49.43#26.16#24.41
-150.777,61.0235#49.32#26.16#24.52
-150.666,61.0241#49.2#26.16#24.64
-150.554,61.0247#49.09#26.16#24.75
-150.443,61.0252#48.98#26.17#24.85
-150.332,61.0255#48.89#26.17#24.94
-150.221,61.0258#48.79#26.17#25.04
-150.11,61.026#48.7#26.17#25.13
-149.999,61.026#48.6#26.17#25.23
-149.888,61.026#48.51#26.18#25.31
-149.777,61.0258#48.42#26.18#25.4
-149.666,61.0255#48.33#26.18#25.49
-149.555,61.0252#48.24#26.18#25.58
-149.444,61.0247#48.15#26.18#25.67
-149.333,61.0241#48.06#26.18#25.76
-149.222,61.0234#47.97#26.19#25.84
-149.111,61.0227#47.89#26.19#25.92
-149,61.0218#47.8#26.19#26.01
-148.889,61.0208#47.72#26.19#26.09
-148.778,61.0197#47.64#26.19#26.17
-148.667,61.0185#47.56#26.2#26.24
-148.556,61.0172#47.49#26.2#26.31
-148.445,61.0158#47.41#26.2#26.39
-148.334,61.0143#47.33#26.2#26.47
-148.223,61.0127#47.25#26.21#26.54
-148.112,61.0109#47.18#26.21#26.61
-148.001,61.0091#47.1#26.21#26.69
-147.89,61.0072#47.02#26.21#26.77
-147.78,61.0052#46.93#26.21#26.86
-147.669,61.003#46.84#26.22#26.94
-147.558,61.0008#46.76#26.22#27.02
-147.447,60.9984#46.67#26.22#27.11
-147.336,60.996#46.57#26.22#27.21
-147.225,60.9934#46.48#26.23#27.29
-147.115,60.9908#46.38#26.23#27.39
-147.004,60.988#46.29#26.23#27.48
-146.893,60.9852#46.19#26.23#27.58
-146.782,60.9822#46.09#26.24#27.67
-146.672,60.9791#46#26.24#27.76
-146.561,60.9759#45.9#26.24#27.86
-146.451,60.9727#45.8#26.24#27.96
-146.34,60.9693#45.71#26.25#28.04
-146.229,60.9658#45.61#26.25#28.14
-146.119,60.9622#45.52#26.25#28.23
-146.008,60.9585#45.42#26.26#28.32
-145.898,60.9547#45.33#26.26#28.41
-145.787,60.9508#45.24#26.26#28.5
-145.677,60.9468#45.15#26.26#28.59
-145.567,60.9427#45.07#26.27#28.66
-145.456,60.9385#44.98#26.27#28.75
-145.346,60.9342#44.9#26.27#28.83
-145.236,60.9298#44.81#26.28#28.91
-145.125,60.9253#44.73#26.28#28.99
-145.015,60.9207#44.65#26.28#29.07
-144.905,60.9159#44.57#26.28#29.15
-144.795,60.9111#44.49#26.29#29.22
-144.685,60.9062#44.42#26.29#29.29
-144.575,60.9011#44.34#26.29#29.37
-156.425,60.9047#64.98#26.1#8.91999999999999
-156.315,60.9107#64.73#26.1#9.16999999999999
-156.205,60.9166#64.49#26.1#9.41
-156.095,60.9223#64.23#26.1#9.66999999999999
-155.985,60.928#63.94#26.11#9.95
-155.875,60.9335#63.46#26.11#10.43
-155.765,60.939#62.97#26.11#10.92
-155.655,60.9443#62.48#26.11#11.41
-155.545,60.9496#61.99#26.11#11.9
-155.435,60.9547#61.52#26.11#12.37
-155.324,60.9598#61.06#26.11#12.83
-155.214,60.9647#60.6#26.11#13.29
-155.104,60.9695#60.15#26.11#13.74
-154.993,60.9743#59.7#26.11#14.19
-154.883,60.9789#59.28#26.11#14.61
-154.772,60.9834#58.87#26.11#15.02
-154.662,60.9879#58.46#26.12#15.42
-154.551,60.9922#58.05#26.12#15.83
-154.441,60.9964#57.68#26.12#16.2
-154.33,61.0005#57.33#26.12#16.55
-154.219,61.0045#56.98#26.12#16.9
-154.109,61.0084#56.63#26.12#17.25
-153.998,61.0122#56.29#26.12#17.59
-153.887,61.0159#55.97#26.12#17.91
-153.777,61.0195#55.66#26.12#18.22
-153.666,61.023#55.34#26.12#18.54
-153.555,61.0264#55.03#26.13#18.84
-153.444,61.0297#54.74#26.13#19.13
-153.333,61.0329#54.48#26.13#19.39
-153.222,61.0359#54.22#26.13#19.65
-153.111,61.0389#53.97#26.13#19.9
-153,61.0418#53.71#26.13#20.16
-152.89,61.0445#53.4#26.13#20.47
-152.779,61.0472#53.1#26.13#20.77
-152.668,61.0497#52.79#26.13#21.08
-152.557,61.0522#52.49#26.14#21.37
-152.445,61.0545#52.19#26.14#21.67
-152.334,61.0568#51.9#26.14#21.96
-152.223,61.0589#51.61#26.14#22.25
-152.112,61.061#51.32#26.14#22.54
-152.001,61.0629#51.02#26.14#22.84
-151.89,61.0647#50.81#26.14#23.05
-151.779,61.0664#50.59#26.15#23.26
-151.668,61.0681#50.38#26.15#23.47
-151.557,61.0696#50.16#26.15#23.69
-151.445,61.071#49.99#26.15#23.86
-151.334,61.0723#49.84#26.15#24.01
-151.223,61.0735#49.7#26.15#24.15
-151.112,61.0746#49.56#26.15#24.29
-151.001,61.0756#49.43#26.16#24.41
-150.889,61.0765#49.31#26.16#24.53
-150.778,61.0772#49.2#26.16#24.64
-150.667,61.0779#49.1#26.16#24.74
-150.556,61.0785#48.99#26.16#24.85
-150.444,61.079#48.88#26.16#24.96
-150.333,61.0793#48.79#26.17#25.04
-150.222,61.0796#48.69#26.17#25.14
-150.111,61.0797#48.6#26.17#25.23
-149.999,61.0798#48.51#26.17#25.32
-149.888,61.0797#48.42#26.17#25.41
-149.777,61.0796#48.32#26.18#25.5
-149.666,61.0793#48.23#26.18#25.59
-149.554,61.079#48.14#26.18#25.68
-149.443,61.0785#48.06#26.18#25.76
-149.332,61.0779#47.97#26.18#25.85
-149.221,61.0772#47.88#26.18#25.94
-149.109,61.0765#47.79#26.19#26.02
-148.998,61.0756#47.71#26.19#26.1
-148.887,61.0746#47.63#26.19#26.18
-148.776,61.0735#47.55#26.19#26.26
-148.664,61.0723#47.47#26.19#26.34
-148.553,61.071#47.39#26.2#26.41
-148.442,61.0696#47.32#26.2#26.48
-148.331,61.068#47.24#26.2#26.56
-148.22,61.0664#47.17#26.2#26.63
-148.109,61.0647#47.09#26.21#26.7
-147.997,61.0629#47.02#26.21#26.77
-147.886,61.0609#46.93#26.21#26.86
-147.775,61.0589#46.85#26.21#26.94
-147.664,61.0568#46.76#26.21#27.03
-147.553,61.0545#46.68#26.22#27.1
-147.442,61.0522#46.59#26.22#27.19
-147.331,61.0497#46.5#26.22#27.28
-147.22,61.0472#46.4#26.22#27.38
-147.109,61.0445#46.31#26.23#27.46
-146.998,61.0417#46.22#26.23#27.55
-146.887,61.0389#46.12#26.23#27.65
-146.776,61.0359#46.03#26.23#27.74
-146.665,61.0328#45.93#26.24#27.83
-146.555,61.0296#45.83#26.24#27.93
-146.444,61.0263#45.74#26.24#28.02
-146.333,61.023#45.64#26.25#28.11
-146.222,61.0195#45.55#26.25#28.2
-146.111,61.0159#45.45#26.25#28.3
-146.001,61.0122#45.36#26.25#28.39
-145.89,61.0084#45.27#26.26#28.47
-145.779,61.0045#45.18#26.26#28.56
-145.669,61.0005#45.09#26.26#28.65
-145.558,60.9963#45#26.26#28.74
-145.447,60.9921#44.92#26.27#28.81
-145.337,60.9878#44.83#26.27#28.9
-145.226,60.9834#44.75#26.27#28.98
-145.116,60.9788#44.67#26.28#29.05
-145.005,60.9742#44.58#26.28#29.14
-144.895,60.9695#44.51#26.28#29.21
-144.785,60.9646#44.43#26.29#29.28
-144.674,60.9597#44.36#26.29#29.35
-144.564,60.9547#44.28#26.29#29.43
-144.454,60.9495#44.21#26.29#29.5
-144.344,60.9443#44.14#26.3#29.56
-144.233,60.9389#44.07#26.3#29.63
-144.123,60.9335#43.99#26.3#29.71
-144.013,60.9279#43.92#26.31#29.77
-143.903,60.9223#43.86#26.31#29.83
-143.793,60.9165#43.79#26.31#29.9
-143.683,60.9106#43.72#26.32#29.96
-143.573,60.9047#43.66#26.32#30.02
-157.317,60.9067#65.73#26.1#8.16999999999999
-157.207,60.9135#65.66#26.1#8.24000000000001
-157.097,60.9201#65.59#26.1#8.31
-156.987,60.9267#65.52#26.1#8.38
-156.877,60.9332#65.36#26.1#8.53999999999999
-156.768,60.9396#65.21#26.1#8.69
-156.658,60.9459#65.06#26.1#8.84
-156.548,60.9521#64.91#26.1#8.99000000000001
-156.438,60.9582#64.69#26.1#9.21000000000001
-156.327,60.9641#64.42#26.1#9.47999999999999
-156.217,60.97#64.14#26.1#9.75999999999999
-156.107,60.9758#63.85#26.1#10.05
-155.997,60.9815#63.55#26.1#10.35
-155.887,60.987#63.05#26.11#10.84
-155.776,60.9925#62.55#26.11#11.34
-155.666,60.9979#62.05#26.11#11.84
-155.555,61.0031#61.54#26.11#12.35
-155.445,61.0083#61.07#26.11#12.82
-155.335,61.0133#60.62#26.11#13.27
-155.224,61.0183#60.17#26.11#13.72
-155.113,61.0231#59.73#26.11#14.16
-155.003,61.0279#59.29#26.11#14.6
-154.892,61.0325#58.89#26.11#15
-154.782,61.037#58.49#26.11#15.4
-154.671,61.0415#58.09#26.11#15.8
-154.56,61.0458#57.69#26.12#16.19
-154.449,61.05#57.32#26.12#16.56
-154.338,61.0541#56.97#26.12#16.91
-154.228,61.0582#56.63#26.12#17.25
-154.117,61.0621#56.29#26.12#17.59
-154.006,61.0659#55.95#26.12#17.93
-153.895,61.0696#55.63#26.12#18.25
-153.784,61.0732#55.32#26.12#18.56
-153.673,61.0767#55.01#26.12#18.87
-153.562,61.0801#54.7#26.12#19.18
-153.451,61.0834#54.41#26.13#19.46
-153.34,61.0866#54.15#26.13#19.72
-153.229,61.0896#53.9#26.13#19.97
-153.117,61.0926#53.64#26.13#20.23
-153.006,61.0955#53.38#26.13#20.49
-152.895,61.0983#53.09#26.13#20.78
-152.784,61.1009#52.79#26.13#21.08
-152.673,61.1035#52.5#26.13#21.37
-152.561,61.1059#52.21#26.13#21.66
-152.45,61.1083#51.91#26.14#21.95
-152.339,61.1105#51.62#26.14#22.24
-152.228,61.1127#51.33#26.14#22.53
-152.116,61.1147#51.04#26.14#22.82
-152.005,61.1167#50.75#26.14#23.11
-151.894,61.1185#50.55#26.14#23.31
-151.782,61.1202#50.34#26.14#23.52
-151.671,61.1218#50.14#26.15#23.71
-151.56,61.1234#49.94#26.15#23.91
-151.448,61.1248#49.78#26.15#24.07
-151.337,61.1261#49.66#26.15#24.19
-151.225,61.1273#49.54#26.15#24.31
-151.114,61.1284#49.42#26.15#24.43
-151.002,61.1294#49.3#26.15#24.55
-150.891,61.1303#49.2#26.16#24.64
-150.78,61.131#49.09#26.16#24.75
-150.668,61.1317#48.99#26.16#24.85
-150.557,61.1323#48.89#26.16#24.95
-150.445,61.1328#48.79#26.16#25.05
-150.334,61.1331#48.69#26.16#25.15
-150.222,61.1334#48.6#26.17#25.23
-150.111,61.1336#48.51#26.17#25.32
-149.999,61.1336#48.41#26.17#25.42
-149.888,61.1336#48.32#26.17#25.51
-149.776,61.1334#48.23#26.17#25.6
-149.665,61.1331#48.14#26.18#25.68
-149.553,61.1328#48.05#26.18#25.77
-149.442,61.1323#47.96#26.18#25.86
-149.33,61.1317#47.87#26.18#25.95
-149.219,61.131#47.79#26.18#26.03
-149.108,61.1303#47.7#26.18#26.12
-148.996,61.1294#47.61#26.19#26.2
-148.885,61.1284#47.54#26.19#26.27
-148.773,61.1273#47.46#26.19#26.35
-148.662,61.1261#47.38#26.19#26.43
-148.55,61.1248#47.3#26.19#26.51
-148.439,61.1233#47.23#26.2#26.57
-148.328,61.1218#47.15#26.2#26.65
-148.216,61.1202#47.08#26.2#26.72
-148.105,61.1185#47.01#26.2#26.79
-147.994,61.1166#46.93#26.21#26.86
-147.882,61.1147#46.85#26.21#26.94
-147.771,61.1127#46.77#26.21#27.02
-147.66,61.1105#46.68#26.21#27.11
-147.548,61.1083#46.6#26.21#27.19
-147.437,61.1059#46.51#26.22#27.27
-147.326,61.1035#46.42#26.22#27.36
-147.215,61.1009#46.33#26.22#27.45
-147.103,61.0982#46.24#26.22#27.54
-146.992,61.0955#46.15#26.23#27.62
-146.881,61.0926#46.05#26.23#27.72
-146.77,61.0896#45.96#26.23#27.81
-146.659,61.0865#45.86#26.23#27.91
-146.548,61.0833#45.76#26.24#28
-146.437,61.08#45.67#26.24#28.09
-146.326,61.0766#45.58#26.24#28.18
-146.215,61.0731#45.48#26.25#28.27
-146.104,61.0695#45.39#26.25#28.36
-145.993,61.0658#45.29#26.25#28.46
-145.882,61.062#45.21#26.25#28.54
-145.771,61.0581#45.12#26.26#28.62
-145.66,61.0541#45.03#26.26#28.71
-145.549,61.05#44.94#26.26#28.8
-145.439,61.0457#44.85#26.26#28.89
-145.328,61.0414#44.77#26.27#28.96
-145.217,61.037#44.69#26.27#29.04
-145.106,61.0324#44.6#26.27#29.13
-144.996,61.0278#44.52#26.28#29.2
-144.885,61.0231#44.45#26.28#29.27
-144.775,61.0182#44.37#26.28#29.35
-144.664,61.0133#44.29#26.29#29.42
-144.554,61.0082#44.22#26.29#29.49
-144.443,61.003#44.15#26.29#29.56
-144.333,60.9978#44.07#26.29#29.64
-144.222,60.9924#44#26.3#29.7
-144.112,60.987#43.93#26.3#29.77
-144.002,60.9814#43.86#26.3#29.84
-143.892,60.9757#43.8#26.31#29.89
-143.781,60.9699#43.73#26.31#29.96
-143.671,60.9641#43.66#26.31#30.03
-143.561,60.9581#43.6#26.32#30.08
-143.451,60.952#43.53#26.32#30.15
-143.341,60.9458#43.47#26.32#30.21
-143.231,60.9395#43.4#26.33#30.27
-143.121,60.9331#43.34#26.33#30.33
-143.011,60.9267#43.28#26.33#30.39
-142.902,60.9201#43.22#26.34#30.44
-142.792,60.9134#43.17#26.34#30.49
-142.682,60.9066#43.11#26.35#30.54
-158.208,60.9018#65.88#26.09#8.03
-158.098,60.9095#65.83#26.09#8.08
-157.989,60.917#65.77#26.09#8.14
-157.879,60.9244#65.71#26.09#8.2
-157.77,60.9317#65.66#26.09#8.25
-157.66,60.9389#65.6#26.1#8.30000000000001
-157.55,60.9461#65.55#26.1#8.34999999999999
-157.44,60.9531#65.48#26.1#8.41999999999999
-157.331,60.96#65.42#26.1#8.47999999999999
-157.221,60.9668#65.35#26.1#8.55000000000001
-157.111,60.9735#65.28#26.1#8.62
-157.001,60.9801#65.22#26.1#8.68000000000001
-156.891,60.9866#65.07#26.1#8.83000000000001
-156.781,60.993#64.92#26.1#8.97999999999999
-156.67,60.9993#64.78#26.1#9.12
-156.56,61.0055#64.63#26.1#9.27000000000001
-156.45,61.0116#64.41#26.1#9.49000000000001
-156.34,61.0176#64.11#26.1#9.78999999999999
-156.229,61.0235#63.8#26.1#10.1
-156.119,61.0293#63.48#26.1#10.42
-156.008,61.0349#63.15#26.1#10.75
-155.898,61.0405#62.65#26.1#11.25
-155.787,61.046#62.14#26.11#11.75
-155.677,61.0514#61.62#26.11#12.27
-155.566,61.0566#61.1#26.11#12.79
-155.456,61.0618#60.61#26.11#13.28
-155.345,61.0669#60.18#26.11#13.71
-155.234,61.0718#59.74#26.11#14.15
-155.123,61.0767#59.32#26.11#14.57
-155.013,61.0814#58.89#26.11#15
-154.902,61.0861#58.49#26.11#15.4
-154.791,61.0906#58.1#26.11#15.79
-154.68,61.0951#57.71#26.11#16.18
-154.569,61.0994#57.33#26.11#16.56
-154.458,61.1037#56.96#26.12#16.92
-154.347,61.1078#56.62#26.12#17.26
-154.236,61.1118#56.28#26.12#17.6
-154.125,61.1157#55.94#26.12#17.94
-154.014,61.1196#55.6#26.12#18.28
-153.902,61.1233#55.29#26.12#18.59
-153.791,61.1269#54.98#26.12#18.9
-153.68,61.1304#54.67#26.12#19.21
-153.569,61.1338#54.36#26.12#19.52
-153.458,61.1371#54.07#26.12#19.81
-153.346,61.1403#53.82#26.13#20.05
-153.235,61.1434#53.57#26.13#20.3
-153.124,61.1463#53.31#26.13#20.56
-153.012,61.1492#53.06#26.13#20.81
-152.901,61.152#52.78#26.13#21.09
-152.789,61.1547#52.49#26.13#21.38
-152.678,61.1572#52.2#26.13#21.67
-152.566,61.1597#51.92#26.13#21.95
-152.455,61.1621#51.64#26.13#22.23
-152.343,61.1643#51.35#26.14#22.51
-152.232,61.1665#51.07#26.14#22.79
-152.12,61.1685#50.79#26.14#23.07
-152.009,61.1704#50.51#26.14#23.35
-151.897,61.1723#50.32#26.14#23.54
-151.786,61.174#50.13#26.14#23.73
-151.674,61.1756#49.95#26.14#23.91
-151.563,61.1772#49.76#26.15#24.09
-151.451,61.1786#49.61#26.15#24.24
-151.339,61.1799#49.51#26.15#24.34
-151.228,61.1811#49.4#26.15#24.45
-151.116,61.1822#49.29#26.15#24.56
-151.004,61.1832#49.19#26.15#24.66
-150.893,61.1841#49.09#26.15#24.76
-150.781,61.1849#48.99#26.16#24.85
-150.669,61.1855#48.89#26.16#24.95
-150.558,61.1861#48.79#26.16#25.05
-150.446,61.1866#48.69#26.16#25.15
-150.334,61.187#48.6#26.16#25.24
-150.223,61.1872#48.5#26.16#25.34
-150.111,61.1874#48.41#26.17#25.42
-149.999,61.1874#48.32#26.17#25.51
-149.888,61.1874#48.23#26.17#25.6
-149.776,61.1872#48.13#26.17#25.7
-149.664,61.187#48.04#26.17#25.79
-149.553,61.1866#47.96#26.18#25.86
-149.441,61.1861#47.87#26.18#25.95
-149.329,61.1855#47.78#26.18#26.04
-149.218,61.1849#47.69#26.18#26.13
-149.106,61.1841#47.61#26.18#26.21
-148.994,61.1832#47.52#26.18#26.3
-148.883,61.1822#47.44#26.19#26.37
-148.771,61.1811#47.37#26.19#26.44
-148.659,61.1799#47.29#26.19#26.52
-148.548,61.1786#47.21#26.19#26.6
-148.436,61.1771#47.14#26.2#26.66
-148.324,61.1756#47.06#26.2#26.74
-148.213,61.174#46.99#26.2#26.81
-148.101,61.1723#46.92#26.2#26.88
-147.99,61.1704#46.85#26.2#26.95
-147.878,61.1685#46.77#26.21#27.02
-147.767,61.1664#46.69#26.21#27.1
-147.655,61.1643#46.6#26.21#27.19
-147.544,61.162#46.52#26.21#27.27
-147.432,61.1597#46.44#26.22#27.34
-147.321,61.1572#46.35#26.22#27.43
-147.209,61.1546#46.26#26.22#27.52
-147.098,61.152#46.17#26.22#27.61
-146.986,61.1492#46.08#26.23#27.69
-146.875,61.1463#45.98#26.23#27.79
-146.764,61.1433#45.89#26.23#27.88
-146.652,61.1402#45.79#26.23#27.98
-146.541,61.137#45.7#26.23#28.07
-146.43,61.1337#45.6#26.24#28.16
-146.319,61.1303#45.51#26.24#28.25
-146.207,61.1268#45.42#26.24#28.34
-146.096,61.1232#45.32#26.25#28.43
-145.985,61.1195#45.23#26.25#28.52
-145.874,61.1157#45.14#26.25#28.61
-145.763,61.1118#45.05#26.25#28.7
-145.652,61.1077#44.96#26.26#28.78
-145.541,61.1036#44.88#26.26#28.86
-145.43,61.0994#44.79#26.26#28.95
-145.319,61.095#44.71#26.27#29.02
-145.208,61.0906#44.63#26.27#29.1
-145.097,61.086#44.54#26.27#29.19
-144.986,61.0814#44.46#26.27#29.27
-144.875,61.0766#44.38#26.28#29.34
-144.764,61.0718#44.31#26.28#29.41
-144.654,61.0668#44.23#26.28#29.49
-144.543,61.0617#44.16#26.29#29.55
-144.432,61.0566#44.08#26.29#29.63
-144.322,61.0513#44.01#26.29#29.7
-144.211,61.0459#43.94#26.3#29.76
-144.101,61.0405#43.87#26.3#29.83
-143.99,61.0349#43.8#26.3#29.9
-143.88,61.0292#43.74#26.3#29.96
-143.769,61.0234#43.67#26.31#30.02
-143.659,61.0175#43.6#26.31#30.09
-143.549,61.0115#43.54#26.31#30.15
-143.438,61.0054#43.47#26.32#30.21
-143.328,60.9992#43.41#26.32#30.27
-143.218,60.9929#43.34#26.32#30.34
-143.108,60.9865#43.28#26.33#30.39
-142.998,60.98#43.22#26.33#30.45
-142.888,60.9734#43.16#26.34#30.5
-142.778,60.9667#43.11#26.34#30.55
-142.668,60.9599#43.06#26.34#30.6
-142.558,60.953#43#26.35#30.65
-142.448,60.946#42.95#26.35#30.7
-142.339,60.9389#42.91#26.35#30.74
-142.229,60.9316#42.87#26.36#30.77
-142.119,60.9243#42.83#26.36#30.81
-142.01,60.9169#42.78#26.36#30.86
-141.9,60.9094#42.75#26.37#30.88
-141.791,60.9017#42.71#26.37#30.92
-158.88,60.9071#65.91#26.09#8
-158.771,60.9153#65.86#26.09#8.05
-158.662,60.9235#65.8#26.09#8.11
-158.552,60.9315#65.74#26.09#8.17
-158.443,60.9395#65.69#26.09#8.22
-158.333,60.9473#65.63#26.09#8.28
-158.224,60.955#65.57#26.09#8.34
-158.114,60.9627#65.51#26.09#8.39999999999999
-158.004,60.9702#65.45#26.09#8.45999999999999
-157.894,60.9777#65.39#26.09#8.52
-157.785,60.985#65.34#26.09#8.56999999999999
-157.675,60.9922#65.28#26.09#8.63
-157.565,60.9994#65.23#26.1#8.66999999999999
-157.455,61.0064#65.17#26.1#8.72999999999999
-157.345,61.0133#65.1#26.1#8.80000000000001
-157.235,61.0201#65.04#26.1#8.85999999999999
-157.125,61.0269#64.98#26.1#8.91999999999999
-157.014,61.0335#64.92#26.1#8.97999999999999
-156.904,61.04#64.78#26.1#9.12
-156.794,61.0464#64.64#26.1#9.25999999999999
-156.683,61.0527#64.49#26.1#9.41
-156.573,61.0589#64.35#26.1#9.55000000000001
-156.462,61.0651#64.14#26.1#9.75999999999999
-156.352,61.0711#63.81#26.1#10.09
-156.241,61.077#63.46#26.1#10.44
-156.131,61.0828#63.11#26.1#10.79
-156.02,61.0884#62.75#26.1#11.15
-155.909,61.094#62.25#26.1#11.65
-155.799,61.0995#61.72#26.1#12.18
-155.688,61.1049#61.19#26.11#12.7
-155.577,61.1102#60.66#26.11#13.23
-155.466,61.1154#60.16#26.11#13.73
-155.355,61.1204#59.73#26.11#14.16
-155.244,61.1254#59.31#26.11#14.58
-155.133,61.1303#58.9#26.11#14.99
-155.022,61.135#58.48#26.11#15.41
-154.911,61.1397#58.09#26.11#15.8
-154.8,61.1443#57.72#26.11#16.17
-154.689,61.1487#57.34#26.11#16.55
-154.578,61.1531#56.97#26.11#16.92
-154.467,61.1573#56.61#26.11#17.28
-154.355,61.1614#56.27#26.12#17.61
-154.244,61.1655#55.93#26.12#17.95
-154.133,61.1694#55.59#26.12#18.29
-154.021,61.1732#55.26#26.12#18.62
-153.91,61.177#54.94#26.12#18.94
-153.799,61.1806#54.64#26.12#19.24
-153.687,61.1841#54.33#26.12#19.55
-153.576,61.1875#54.02#26.12#19.86
-153.464,61.1908#53.74#26.12#20.14
-153.353,61.194#53.48#26.12#20.4
-153.241,61.1971#53.23#26.13#20.64
-153.13,61.2001#52.99#26.13#20.88
-153.018,61.203#52.74#26.13#21.13
-152.906,61.2058#52.47#26.13#21.4
-152.795,61.2084#52.2#26.13#21.67
-152.683,61.211#51.94#26.13#21.93
-152.571,61.2135#51.68#26.13#22.19
-152.46,61.2158#51.42#26.13#22.45
-152.348,61.2181#51.15#26.13#22.72
-152.236,61.2203#50.89#26.14#22.97
-152.125,61.2223#50.64#26.14#23.22
-152.013,61.2242#50.38#26.14#23.48
-151.901,61.2261#50.19#26.14#23.67
-151.789,61.2278#50.01#26.14#23.85
-151.677,61.2294#49.84#26.14#24.02
-151.566,61.231#49.66#26.14#24.2
-151.454,61.2324#49.51#26.15#24.34
-151.342,61.2337#49.41#26.15#24.44
-151.23,61.2349#49.3#26.15#24.55
-151.118,61.236#49.2#26.15#24.65
-151.006,61.237#49.09#26.15#24.76
-150.894,61.2379#48.99#26.15#24.86
-150.783,61.2387#48.89#26.15#24.96
-150.671,61.2394#48.79#26.16#25.05
-150.559,61.24#48.69#26.16#25.15
-150.447,61.2404#48.59#26.16#25.25
-150.335,61.2408#48.5#26.16#25.34
-150.223,61.2411#48.41#26.16#25.43
-150.111,61.2412#48.31#26.16#25.53
-149.999,61.2413#48.22#26.17#25.61
-149.887,61.2412#48.13#26.17#25.7
-149.775,61.2411#48.04#26.17#25.79
-149.664,61.2408#47.95#26.17#25.88
-149.552,61.2404#47.86#26.17#25.97
-149.44,61.2399#47.77#26.18#26.05
-149.328,61.2394#47.68#26.18#26.14
-149.216,61.2387#47.6#26.18#26.22
-149.104,61.2379#47.51#26.18#26.31
-148.992,61.237#47.43#26.18#26.39
-148.88,61.236#47.35#26.18#26.47
-148.768,61.2349#47.27#26.19#26.54
-148.657,61.2337#47.19#26.19#26.62
-148.545,61.2324#47.12#26.19#26.69
-148.433,61.2309#47.04#26.19#26.77
-148.321,61.2294#46.97#26.2#26.83
-148.209,61.2278#46.9#26.2#26.9
-148.098,61.2261#46.83#26.2#26.97
-147.986,61.2242#46.76#26.2#27.04
-147.874,61.2223#46.68#26.2#27.12
-147.762,61.2202#46.6#26.21#27.19
-147.651,61.2181#46.52#26.21#27.27
-147.539,61.2158#46.44#26.21#27.35
-147.427,61.2134#46.35#26.21#27.44
-147.315,61.211#46.27#26.22#27.51
-147.204,61.2084#46.18#26.22#27.6
-147.092,61.2057#46.09#26.22#27.69
-146.981,61.2029#46#26.22#27.78
-146.869,61.2001#45.91#26.23#27.86
-146.757,61.1971#45.81#26.23#27.96
-146.646,61.194#45.72#26.23#28.05
-146.534,61.1908#45.63#26.23#28.14
-146.423,61.1875#45.53#26.24#28.23
-146.311,61.184#45.44#26.24#28.32
-146.2,61.1805#45.35#26.24#28.41
-146.089,61.1769#45.26#26.24#28.5
-145.977,61.1732#45.16#26.25#28.59
-145.866,61.1694#45.08#26.25#28.67
-145.755,61.1654#44.99#26.25#28.76
-145.643,61.1614#44.9#26.25#28.85
-145.532,61.1573#44.81#26.26#28.93
-145.421,61.153#44.73#26.26#29.01
-145.31,61.1487#44.65#26.26#29.09
-145.198,61.1442#44.56#26.27#29.17
-145.087,61.1396#44.48#26.27#29.25
-144.976,61.135#44.4#26.27#29.33
-144.865,61.1302#44.32#26.27#29.41
-144.754,61.1254#44.25#26.28#29.47
-144.643,61.1204#44.17#26.28#29.55
-144.532,61.1153#44.1#26.28#29.62
-144.422,61.1101#44.02#26.29#29.69
-144.311,61.1048#43.95#26.29#29.76
-144.2,61.0995#43.88#26.29#29.83
-144.089,61.094#43.81#26.3#29.89
-143.978,61.0884#43.74#26.3#29.96
-143.868,61.0827#43.68#26.3#30.02
-143.757,61.0769#43.61#26.31#30.08
-143.647,61.071#43.54#26.31#30.15
-143.536,61.065#43.48#26.31#30.21
-143.426,61.0589#43.41#26.32#30.27
-143.315,61.0527#43.35#26.32#30.33
-143.205,61.0463#43.29#26.32#30.39
-143.095,61.0399#43.22#26.33#30.45
-142.984,61.0334#43.16#26.33#30.51
-142.874,61.0268#43.11#26.33#30.56
-142.764,61.0201#43.05#26.34#30.61
-142.654,61.0132#43#26.34#30.66
-142.544,61.0063#42.94#26.34#30.72
-142.434,60.9993#42.9#26.35#30.75
-142.324,60.9921#42.85#26.35#30.8
-142.214,60.9849#42.81#26.35#30.84
-142.104,60.9776#42.77#26.36#30.87
-141.994,60.9701#42.73#26.36#30.91
-141.885,60.9626#42.69#26.36#30.95
-141.775,60.955#42.65#26.37#30.98
-141.665,60.9472#42.61#26.37#31.02
-141.556,60.9394#42.57#26.38#31.05
-141.446,60.9314#42.54#26.38#31.08
-141.337,60.9234#42.5#26.38#31.12
-141.228,60.9152#42.46#26.39#31.15
-141.118,60.907#42.42#26.39#31.19
-159.553,60.9085#65.7#26.09#8.20999999999999
-159.444,60.9173#65.73#26.09#8.17999999999999
-159.335,60.9261#65.71#26.09#8.2
-159.225,60.9348#65.7#26.09#8.20999999999999
-159.116,60.9434#65.68#26.09#8.22999999999999
-159.007,60.9518#65.67#26.09#8.23999999999999
-158.897,60.9602#65.61#26.09#8.3
-158.788,60.9685#65.55#26.09#8.36
-158.678,60.9766#65.49#26.09#8.42
-158.569,60.9847#65.43#26.09#8.47999999999999
-158.459,60.9927#65.37#26.09#8.53999999999999
-158.349,61.0005#65.31#26.09#8.59999999999999
-158.239,61.0083#65.25#26.09#8.66
-158.13,61.0159#65.19#26.09#8.72
-158.02,61.0235#65.13#26.09#8.78
-157.91,61.0309#65.07#26.09#8.84
-157.8,61.0383#65.02#26.09#8.89
-157.69,61.0455#64.96#26.09#8.95
-157.579,61.0527#64.9#26.09#9.00999999999999
-157.469,61.0597#64.85#26.1#9.05000000000001
-157.359,61.0667#64.79#26.1#9.10999999999999
-157.249,61.0735#64.73#26.1#9.16999999999999
-157.138,61.0802#64.67#26.1#9.22999999999999
-157.028,61.0869#64.61#26.1#9.28999999999999
-156.917,61.0934#64.49#26.1#9.41
-156.807,61.0998#64.35#26.1#9.55000000000001
-156.696,61.1062#64.21#26.1#9.69
-156.586,61.1124#64.07#26.1#9.83000000000001
-156.475,61.1185#63.88#26.1#10.02
-156.364,61.1245#63.51#26.1#10.39
-156.254,61.1304#63.13#26.1#10.77
-156.143,61.1363#62.75#26.1#11.15
-156.032,61.142#62.36#26.1#11.54
-155.921,61.1476#61.86#26.1#12.04
-155.81,61.1531#61.31#26.1#12.59
-155.699,61.1585#60.77#26.1#13.13
-155.588,61.1638#60.23#26.11#13.66
-155.477,61.1689#59.71#26.11#14.18
-155.366,61.174#59.31#26.11#14.58
-155.255,61.179#58.9#26.11#14.99
-155.143,61.1839#58.5#26.11#15.39
-155.032,61.1887#58.09#26.11#15.8
-154.921,61.1933#57.71#26.11#16.18
-154.809,61.1979#57.34#26.11#16.55
-154.698,61.2024#56.97#26.11#16.92
-154.587,61.2067#56.6#26.11#17.29
-154.475,61.211#56.24#26.11#17.65
-154.364,61.2151#55.91#26.11#17.98
-154.252,61.2192#55.57#26.12#18.31
-154.141,61.2231#55.24#26.12#18.64
-154.029,61.2269#54.91#26.12#18.97
-153.918,61.2307#54.59#26.12#19.29
-153.806,61.2343#54.29#26.12#19.59
-153.694,61.2378#53.98#26.12#19.9
-153.583,61.2412#53.68#26.12#20.2
-153.471,61.2445#53.39#26.12#20.49
-153.359,61.2477#53.15#26.12#20.73
-153.248,61.2509#52.9#26.12#20.98
-153.136,61.2538#52.66#26.13#21.21
-153.024,61.2567#52.42#26.13#21.45
-152.912,61.2595#52.17#26.13#21.7
-152.8,61.2622#51.92#26.13#21.95
-152.688,61.2648#51.68#26.13#22.19
-152.576,61.2673#51.44#26.13#22.43
-152.465,61.2696#51.19#26.13#22.68
-152.353,61.2719#50.95#26.13#22.92
-152.241,61.2741#50.72#26.13#23.15
-152.129,61.2761#50.48#26.14#23.38
-152.017,61.2781#50.25#26.14#23.61
-151.905,61.2799#50.07#26.14#23.79
-151.793,61.2816#49.9#26.14#23.96
-151.681,61.2833#49.73#26.14#24.13
-151.569,61.2848#49.56#26.14#24.3
-151.457,61.2862#49.41#26.14#24.45
-151.345,61.2875#49.31#26.15#24.54
-151.233,61.2887#49.2#26.15#24.65
-151.12,61.2898#49.1#26.15#24.75
-151.008,61.2908#48.99#26.15#24.86
-150.896,61.2917#48.89#26.15#24.96
-150.784,61.2925#48.79#26.15#25.06
-150.672,61.2932#48.69#26.15#25.16
-150.56,61.2938#48.59#26.16#25.25
-150.448,61.2943#48.5#26.16#25.34
-150.336,61.2946#48.4#26.16#25.44
-150.224,61.2949#48.31#26.16#25.53
-150.111,61.2951#48.22#26.16#25.62
-149.999,61.2951#48.12#26.16#25.72
-149.887,61.2951#48.03#26.17#25.8
-149.775,61.2949#47.94#26.17#25.89
-149.663,61.2946#47.85#26.17#25.98
-149.551,61.2943#47.76#26.17#26.07
-149.439,61.2938#47.68#26.17#26.15
-149.327,61.2932#47.59#26.18#26.23
-149.214,61.2925#47.5#26.18#26.32
-149.102,61.2917#47.42#26.18#26.4
-148.99,61.2908#47.33#26.18#26.49
-148.878,61.2898#47.25#26.18#26.57
-148.766,61.2887#47.18#26.19#26.63
-148.654,61.2875#47.1#26.19#26.71
-148.542,61.2862#47.03#26.19#26.78
-148.43,61.2848#46.95#26.19#26.86
-148.318,61.2832#46.88#26.19#26.93
-148.206,61.2816#46.81#26.2#26.99
-148.094,61.2799#46.74#26.2#27.06
-147.982,61.278#46.67#26.2#27.13
-147.87,61.2761#46.59#26.2#27.21
-147.758,61.274#46.51#26.2#27.29
-147.646,61.2719#46.43#26.21#27.36
-147.534,61.2696#46.36#26.21#27.43
-147.422,61.2672#46.27#26.21#27.52
-147.31,61.2648#46.18#26.21#27.61
-147.198,61.2622#46.1#26.22#27.68
-147.086,61.2595#46.01#26.22#27.77
-146.975,61.2567#45.92#26.22#27.86
-146.863,61.2538#45.83#26.22#27.95
-146.751,61.2508#45.73#26.23#28.04
-146.639,61.2477#45.64#26.23#28.13
-146.528,61.2445#45.55#26.23#28.22
-146.416,61.2412#45.46#26.23#28.31
-146.304,61.2378#45.37#26.24#28.39
-146.193,61.2342#45.28#26.24#28.48
-146.081,61.2306#45.18#26.24#28.58
-145.969,61.2269#45.09#26.24#28.67
-145.858,61.223#45.01#26.25#28.74
-145.746,61.2191#44.92#26.25#28.83
-145.635,61.2151#44.83#26.25#28.92
-145.523,61.2109#44.74#26.25#29.01
-145.412,61.2067#44.66#26.26#29.08
-145.301,61.2023#44.58#26.26#29.16
-145.189,61.1978#44.5#26.26#29.24
-145.078,61.1933#44.42#26.27#29.31
-144.967,61.1886#44.34#26.27#29.39
-144.855,61.1838#44.26#26.27#29.47
-144.744,61.1789#44.18#26.27#29.55
-144.633,61.174#44.11#26.28#29.61
-144.522,61.1689#44.03#26.28#29.69
-144.411,61.1637#43.96#26.28#29.76
-144.3,61.1584#43.89#26.29#29.82
-144.189,61.153#43.82#26.29#29.89
-144.078,61.1475#43.75#26.29#29.96
-143.967,61.1419#43.68#26.3#30.02
-143.856,61.1362#43.62#26.3#30.08
-143.745,61.1304#43.55#26.3#30.15
-143.634,61.1245#43.48#26.31#30.21
-143.524,61.1184#43.42#26.31#30.27
-143.413,61.1123#43.35#26.31#30.34
-143.302,61.1061#43.29#26.32#30.39
-143.192,61.0998#43.23#26.32#30.45
-143.081,61.0933#43.16#26.32#30.52
-142.971,61.0868#43.1#26.33#30.57
-142.86,61.0802#43.05#26.33#30.62
-142.75,61.0734#42.99#26.33#30.68
-142.64,61.0666#42.94#26.34#30.72
-142.529,61.0596#42.88#26.34#30.78
-142.419,61.0526#42.84#26.34#30.82
-142.309,61.0454#42.8#26.35#30.85
-142.199,61.0382#42.75#26.35#30.9
-142.089,61.0308#42.71#26.35#30.94
-141.979,61.0234#42.67#26.36#30.97
-141.869,61.0158#42.63#26.36#31.01
-141.759,61.0082#42.59#26.37#31.04
-141.649,61.0004#42.55#26.37#31.08
-141.54,60.9926#42.52#26.37#31.11
-141.43,60.9846#42.48#26.38#31.14
-141.32,60.9765#42.44#26.38#31.18
-141.211,60.9684#42.4#26.38#31.22
-141.101,60.9601#42.36#26.39#31.25
-140.992,60.9517#42.33#26.39#31.28
-140.883,60.9433#42.29#26.4#31.31
-140.773,60.9347#42.25#26.4#31.35
-140.664,60.926#42.22#26.4#31.38
-140.555,60.9172#42.18#26.41#31.41
-140.446,60.9084#42.15#26.41#31.44
-160.225,60.906#64.76#26.09#9.14999999999999
-160.116,60.9155#64.91#26.09#9
-160.008,60.9249#65.06#26.09#8.84999999999999
-159.899,60.9342#65.15#26.09#8.75999999999999
-159.789,60.9434#65.22#26.09#8.69
-159.68,60.9525#65.31#26.09#8.59999999999999
-159.571,60.9615#65.39#26.09#8.52
-159.462,60.9704#65.44#26.09#8.47
-159.353,60.9792#65.42#26.09#8.48999999999999
-159.243,60.9879#65.4#26.09#8.50999999999999
-159.134,60.9965#65.38#26.09#8.53
-159.024,61.0049#65.36#26.09#8.55
-158.914,61.0133#65.31#26.09#8.59999999999999
-158.805,61.0216#65.25#26.09#8.66
-158.695,61.0298#65.19#26.09#8.72
-158.585,61.0379#65.13#26.09#8.78
-158.475,61.0459#65.06#26.09#8.84999999999999
-158.365,61.0537#65#26.09#8.91
-158.255,61.0615#64.94#26.09#8.97
-158.145,61.0692#64.87#26.09#9.03999999999999
-158.035,61.0768#64.81#26.09#9.09999999999999
-157.925,61.0842#64.75#26.09#9.16
-157.815,61.0916#64.7#26.09#9.20999999999999
-157.705,61.0989#64.64#26.09#9.27
-157.594,61.106#64.58#26.09#9.33
-157.484,61.1131#64.53#26.09#9.38
-157.373,61.12#64.47#26.09#9.44
-157.263,61.1269#64.41#26.1#9.49000000000001
-157.152,61.1336#64.36#26.1#9.53999999999999
-157.042,61.1403#64.3#26.1#9.59999999999999
-156.931,61.1468#64.2#26.1#9.69999999999999
-156.82,61.1533#64.06#26.1#9.84
-156.709,61.1596#63.92#26.1#9.97999999999999
-156.598,61.1659#63.77#26.1#10.13
-156.488,61.172#63.58#26.1#10.32
-156.377,61.178#63.16#26.1#10.74
-156.266,61.1839#62.75#26.1#11.15
-156.155,61.1898#62.34#26.1#11.56
-156.044,61.1955#61.93#26.1#11.97
-155.932,61.2011#61.44#26.1#12.46
-155.821,61.2066#60.91#26.1#12.99
-155.71,61.212#60.37#26.1#13.53
-155.599,61.2173#59.84#26.1#14.06
-155.487,61.2225#59.33#26.11#14.56
-155.376,61.2276#58.93#26.11#14.96
-155.265,61.2326#58.52#26.11#15.37
-155.153,61.2375#58.12#26.11#15.77
-155.042,61.2423#57.72#26.11#16.17
-154.93,61.247#57.34#26.11#16.55
-154.819,61.2515#56.98#26.11#16.91
-154.707,61.256#56.61#26.11#17.28
-154.596,61.2604#56.24#26.11#17.65
-154.484,61.2646#55.88#26.11#18.01
-154.372,61.2688#55.55#26.11#18.34
-154.261,61.2729#55.22#26.11#18.67
-154.149,61.2768#54.89#26.12#18.99
-154.037,61.2806#54.56#26.12#19.32
-153.925,61.2844#54.24#26.12#19.64
-153.813,61.288#53.94#26.12#19.94
-153.702,61.2915#53.64#26.12#20.24
-153.59,61.295#53.34#26.12#20.54
-153.478,61.2983#53.05#26.12#20.83
-153.366,61.3015#52.81#26.12#21.07
-153.254,61.3046#52.57#26.12#21.31
-153.142,61.3076#52.33#26.12#21.55
-153.03,61.3105#52.09#26.13#21.78
-152.918,61.3133#51.86#26.13#22.01
-152.806,61.316#51.64#26.13#22.23
-152.694,61.3186#51.41#26.13#22.46
-152.582,61.3211#51.19#26.13#22.68
-152.469,61.3234#50.97#26.13#22.9
-152.357,61.3257#50.75#26.13#23.12
-152.245,61.3279#50.54#26.13#23.33
-152.133,61.3299#50.32#26.13#23.55
-152.021,61.3319#50.11#26.14#23.75
-151.909,61.3337#49.94#26.14#23.92
-151.796,61.3355#49.78#26.14#24.08
-151.684,61.3371#49.61#26.14#24.25
-151.572,61.3386#49.45#26.14#24.41
-151.46,61.3401#49.31#26.14#24.55
-151.347,61.3414#49.21#26.14#24.65
-151.235,61.3426#49.1#26.15#24.75
-151.123,61.3437#49#26.15#24.85
-151.01,61.3447#48.89#26.15#24.96
-150.898,61.3456#48.79#26.15#25.06
-150.786,61.3464#48.69#26.15#25.16
-150.673,61.3471#48.59#26.15#25.26
-150.561,61.3477#48.5#26.15#25.35
-150.449,61.3481#48.4#26.16#25.44
-150.336,61.3485#48.31#26.16#25.53
-150.224,61.3488#48.21#26.16#25.63
-150.112,61.3489#48.12#26.16#25.72
-149.999,61.349#48.03#26.16#25.81
-149.887,61.3489#47.94#26.16#25.9
-149.775,61.3488#47.85#26.17#25.98
-149.662,61.3485#47.76#26.17#26.07
-149.55,61.3481#47.67#26.17#26.16
-149.438,61.3476#47.58#26.17#26.25
-149.325,61.3471#47.5#26.17#26.33
-149.213,61.3464#47.41#26.18#26.41
-149.101,61.3456#47.32#26.18#26.5
-148.988,61.3447#47.24#26.18#26.58
-148.876,61.3437#47.16#26.18#26.66
-148.764,61.3426#47.08#26.18#26.74
-148.651,61.3414#47.01#26.19#26.8
-148.539,61.34#46.93#26.19#26.88
-148.427,61.3386#46.86#26.19#26.95
-148.315,61.3371#46.79#26.19#27.02
-148.202,61.3354#46.72#26.19#27.09
-148.09,61.3337#46.65#26.2#27.15
-147.978,61.3319#46.58#26.2#27.22
-147.866,61.3299#46.5#26.2#27.3
-147.753,61.3278#46.42#26.2#27.38
-147.641,61.3257#46.35#26.2#27.45
-147.529,61.3234#46.27#26.21#27.52
-147.417,61.321#46.19#26.21#27.6
-147.305,61.3186#46.1#26.21#27.69
-147.193,61.316#46.01#26.21#27.78
-147.081,61.3133#45.93#26.22#27.85
-146.969,61.3105#45.84#26.22#27.94
-146.857,61.3076#45.75#26.22#28.03
-146.745,61.3046#45.66#26.22#28.12
-146.633,61.3015#45.57#26.23#28.2
-146.521,61.2982#45.48#26.23#28.29
-146.409,61.2949#45.38#26.23#28.39
-146.297,61.2915#45.29#26.23#28.48
-146.185,61.288#45.2#26.24#28.56
-146.073,61.2843#45.11#26.24#28.65
-145.961,61.2806#45.02#26.24#28.74
-145.85,61.2768#44.93#26.24#28.83
-145.738,61.2728#44.85#26.25#28.9
-145.626,61.2687#44.76#26.25#28.99
-145.515,61.2646#44.67#26.25#29.08
-145.403,61.2603#44.59#26.25#29.16
-145.291,61.256#44.51#26.26#29.23
-145.18,61.2515#44.43#26.26#29.31
-145.068,61.2469#44.35#26.26#29.39
-144.957,61.2422#44.27#26.27#29.46
-144.845,61.2374#44.19#26.27#29.54
-144.734,61.2326#44.12#26.27#29.61
-144.622,61.2276#44.04#26.27#29.69
-144.511,61.2225#43.97#26.28#29.75
-144.4,61.2173#43.9#26.28#29.82
-144.289,61.212#43.83#26.28#29.89
-144.177,61.2065#43.76#26.29#29.95
-144.066,61.201#43.69#26.29#30.02
-143.955,61.1954#43.62#26.29#30.09
-143.844,61.1897#43.56#26.3#30.14
-143.733,61.1839#43.49#26.3#30.21
-143.622,61.1779#43.42#26.3#30.28
-143.511,61.1719#43.36#26.31#30.33
-143.4,61.1658#43.29#26.31#30.4
-143.289,61.1595#43.23#26.31#30.46
-143.179,61.1532#43.17#26.32#30.51
-143.068,61.1468#43.11#26.32#30.57
-142.957,61.1402#43.05#26.32#30.63
-142.846,61.1336#42.99#26.33#30.68
-142.736,61.1268#42.94#26.33#30.73
-142.625,61.1199#42.88#26.33#30.79
-142.515,61.113#42.83#26.34#30.83
-142.404,61.1059#42.78#26.34#30.88
-142.294,61.0988#42.74#26.34#30.92
-142.184,61.0915#42.7#26.35#30.95
-142.074,61.0841#42.65#26.35#31
-141.963,61.0767#42.61#26.35#31.04
-141.853,61.0691#42.57#26.36#31.07
-141.743,61.0614#42.53#26.36#31.11
-141.633,61.0536#42.5#26.37#31.13
-141.523,61.0458#42.46#26.37#31.17
-141.413,61.0378#42.42#26.37#31.21
-141.304,61.0297#42.38#26.38#31.24
-141.194,61.0215#42.34#26.38#31.28
-141.084,61.0132#42.31#26.39#31.3
-140.975,61.0048#42.27#26.39#31.34
-140.865,60.9963#42.23#26.39#31.38
-140.756,60.9878#42.2#26.4#31.4
-140.646,60.9791#42.16#26.4#31.44
-140.537,60.9703#42.12#26.4#31.48
-140.427,60.9614#42.09#26.41#31.5
-140.318,60.9524#42.06#26.41#31.53
-140.209,60.9433#42.02#26.42#31.56
-140.1,60.9341#41.99#26.42#31.59
-139.991,60.9248#41.95#26.43#31.62
-139.882,60.9154#41.92#26.43#31.65
-139.773,60.9059#41.89#26.43#31.68
-160.789,60.9099#63.59#26.08#10.33
-160.68,60.9199#63.75#26.08#10.17
-160.572,60.9298#63.92#26.08#10
-160.463,60.9396#64.08#26.09#9.83
-160.354,60.9493#64.24#26.09#9.67
-160.245,60.9589#64.39#26.09#9.52
-160.136,60.9685#64.55#26.09#9.36
-160.027,60.9779#64.72#26.09#9.19
-159.918,60.9872#64.82#26.09#9.09
-159.808,60.9964#64.9#26.09#9.00999999999999
-159.699,61.0055#64.99#26.09#8.92
-159.59,61.0145#65.08#26.09#8.83
-159.48,61.0234#65.15#26.09#8.75999999999999
