-153.468,63.9029#45.29#26.09#28.62
-153.344,63.9062#45.22#26.09#28.69
-153.22,63.9093#45.15#26.09#28.76
-153.097,63.9123#45.08#26.09#28.83
-152.973,63.9152#45.01#26.09#28.9
-152.849,63.9179#44.94#26.09#28.97
-152.726,63.9206#44.87#26.09#29.04
-152.602,63.9231#44.8#26.09#29.11
-152.478,63.9255#44.73#26.09#29.18
-152.354,63.9278#44.67#26.09#29.24
-152.23,63.93#44.6#26.1#29.3
-152.107,63.9321#44.54#26.1#29.36
-151.983,63.934#44.48#26.1#29.42
-151.859,63.9358#44.41#26.1#29.49
-151.735,63.9375#44.34#26.1#29.56
-151.611,63.9391#44.28#26.1#29.62
-151.487,63.9406#44.21#26.1#29.69
-151.363,63.942#44.14#26.1#29.76
-151.239,63.9432#44.06#26.1#29.84
-151.115,63.9443#43.99#26.1#29.91
-150.991,63.9453#43.91#26.1#29.99
-150.867,63.9462#43.83#26.1#30.07
-150.743,63.947#43.74#26.1#30.16
-150.619,63.9476#43.66#26.1#30.24
-150.495,63.9481#43.58#26.1#30.32
-150.371,63.9486#43.5#26.11#30.39
-150.247,63.9489#43.42#26.11#30.47
-150.123,63.949#43.33#26.11#30.56
-149.999,63.9491#43.25#26.11#30.64
-149.875,63.949#43.17#26.11#30.72
-149.751,63.9488#43.09#26.11#30.8
-149.627,63.9486#43.02#26.11#30.87
-149.503,63.9481#42.94#26.11#30.95
-149.379,63.9476#42.87#26.11#31.02
-149.255,63.947#42.8#26.11#31.09
-149.131,63.9462#42.73#26.11#31.16
-149.007,63.9453#42.66#26.12#31.22
-148.883,63.9443#42.59#26.12#31.29
-148.759,63.9432#42.52#26.12#31.36
-148.635,63.9419#42.46#26.12#31.42
-148.511,63.9406#42.4#26.12#31.48
-148.387,63.9391#42.34#26.12#31.54
-148.263,63.9375#42.28#26.12#31.6
-148.14,63.9358#42.22#26.12#31.66
-148.016,63.934#42.16#26.12#31.72
-147.892,63.932#42.1#26.13#31.77
-147.768,63.93#42.05#26.13#31.82
-147.644,63.9278#42#26.13#31.87
-147.52,63.9255#41.94#26.13#31.93
-147.397,63.9231#41.89#26.13#31.98
-147.273,63.9206#41.83#26.13#32.04
-147.149,63.9179#41.78#26.13#32.09
-147.025,63.9151#41.72#26.13#32.15
-146.902,63.9123#41.67#26.14#32.19
-146.778,63.9093#41.61#26.14#32.25
-146.654,63.9061#41.55#26.14#32.31
-146.531,63.9029#41.5#26.14#32.36
-155.082,63.9045#46.15#26.09#27.76
-154.958,63.9092#46.07#26.09#27.84
-154.835,63.9139#45.99#26.09#27.92
-154.712,63.9184#45.91#26.09#28
-154.588,63.9228#45.83#26.09#28.08
-154.465,63.9271#45.75#26.09#28.16
-154.341,63.9313#45.68#26.09#28.23
-154.217,63.9354#45.6#26.09#28.31
-154.094,63.9393#45.53#26.09#28.38
-153.97,63.9432#45.46#26.09#28.45
-153.846,63.9469#45.39#26.09#28.52
-153.723,63.9505#45.32#26.09#28.59
-153.599,63.9539#45.25#26.09#28.66
-153.475,63.9573#45.18#26.09#28.73
-153.351,63.9605#45.11#26.09#28.8
-153.227,63.9637#45.04#26.09#28.87
-153.103,63.9667#44.97#26.09#28.94
-152.979,63.9696#44.9#26.09#29.01
-152.856,63.9723#44.83#26.09#29.08
-152.732,63.975#44.76#26.09#29.15
-152.607,63.9775#44.69#26.09#29.22
-152.483,63.9799#44.62#26.09#29.29
-152.359,63.9822#44.55#26.09#29.36
-152.235,63.9844#44.49#26.09#29.42
-152.111,63.9865#44.43#26.1#29.47
-151.987,63.9884#44.36#26.1#29.54
-151.863,63.9903#44.3#26.1#29.6
-151.739,63.992#44.23#26.1#29.67
-151.615,63.9936#44.17#26.1#29.73
-151.49,63.9951#44.1#26.1#29.8
-151.366,63.9964#44.03#26.1#29.87
-151.242,63.9977#43.95#26.1#29.95
-151.118,63.9988#43.88#26.1#30.02
-150.993,63.9998#43.8#26.1#30.1
-150.869,64.0007#43.72#26.1#30.18
-150.745,64.0014#43.64#26.1#30.26
-150.621,64.0021#43.56#26.1#30.34
-150.496,64.0026#43.48#26.1#30.42
-150.372,64.003#43.39#26.1#30.51
-150.248,64.0033#43.31#26.11#30.58
-150.124,64.0035#43.23#26.11#30.66
-149.999,64.0036#43.15#26.11#30.74
-149.875,64.0035#43.07#26.11#30.82
-149.751,64.0033#42.99#26.11#30.9
-149.626,64.003#42.91#26.11#30.98
-149.502,64.0026#42.84#26.11#31.05
-149.378,64.0021#42.77#26.11#31.12
-149.254,64.0014#42.7#26.11#31.19
-149.129,64.0007#42.63#26.11#31.26
-149.005,63.9998#42.55#26.11#31.34
-148.881,63.9988#42.49#26.12#31.39
-148.757,63.9976#42.43#26.12#31.45
-148.632,63.9964#42.36#26.12#31.52
-148.508,63.995#42.3#26.12#31.58
-148.384,63.9936#42.24#26.12#31.64
-148.26,63.992#42.18#26.12#31.7
-148.136,63.9903#42.12#26.12#31.76
-148.011,63.9884#42.06#26.12#31.82
-147.887,63.9865#42#26.12#31.88
-147.763,63.9844#41.95#26.13#31.92
-147.639,63.9822#41.9#26.13#31.97
-147.515,63.9799#41.84#26.13#32.03
-147.391,63.9775#41.79#26.13#32.08
-147.267,63.975#41.73#26.13#32.14
-147.143,63.9723#41.68#26.13#32.19
-147.019,63.9695#41.63#26.13#32.24
-146.895,63.9666#41.57#26.14#32.29
-146.771,63.9636#41.51#26.14#32.35
-146.647,63.9605#41.46#26.14#32.4
-146.523,63.9573#41.4#26.14#32.46
-146.4,63.9539#41.34#26.14#32.52
-146.276,63.9504#41.28#26.14#32.58
-146.152,63.9468#41.22#26.14#32.64
-146.028,63.9431#41.16#26.15#32.69
-145.905,63.9393#41.1#26.15#32.75
-145.781,63.9353#41.05#26.15#32.8
-145.657,63.9313#40.99#26.15#32.86
-145.534,63.9271#40.93#26.15#32.92
-145.41,63.9228#40.87#26.15#32.98
-145.287,63.9184#40.82#26.16#33.02
-145.163,63.9138#40.76#26.16#33.08
-145.04,63.9092#40.71#26.16#33.13
-144.917,63.9044#40.66#26.16#33.18
-156.326,63.9045#46.77#26.08#27.15
-156.203,63.9105#46.72#26.08#27.2
-156.08,63.9163#46.66#26.08#27.26
-155.957,63.922#46.59#26.08#27.33
-155.833,63.9276#46.52#26.08#27.4
-155.71,63.9331#46.44#26.08#27.48
-155.587,63.9384#46.36#26.08#27.56
-155.463,63.9437#46.28#26.08#27.64
-155.34,63.9488#46.2#26.09#27.71
-155.216,63.9538#46.11#26.09#27.8
-155.093,63.9587#46.03#26.09#27.88
-154.969,63.9635#45.95#26.09#27.96
-154.845,63.9682#45.87#26.09#28.04
-154.722,63.9727#45.79#26.09#28.12
-154.598,63.9771#45.71#26.09#28.2
-154.474,63.9814#45.63#26.09#28.28
-154.35,63.9856#45.56#26.09#28.35
-154.227,63.9897#45.48#26.09#28.43
-154.103,63.9937#45.41#26.09#28.5
-153.979,63.9975#45.34#26.09#28.57
-153.855,64.0012#45.27#26.09#28.64
-153.731,64.0048#45.2#26.09#28.71
-153.607,64.0083#45.13#26.09#28.78
-153.483,64.0117#45.06#26.09#28.85
-153.358,64.0149#44.99#26.09#28.92
-153.234,64.0181#44.92#26.09#28.99
-153.11,64.0211#44.85#26.09#29.06
-152.986,64.024#44.78#26.09#29.13
-152.862,64.0267#44.71#26.09#29.2
-152.737,64.0294#44.64#26.09#29.27
-152.613,64.0319#44.57#26.09#29.34
-152.489,64.0344#44.5#26.09#29.41
-152.365,64.0367#44.44#26.09#29.47
-152.24,64.0389#44.38#26.09#29.53
-152.116,64.0409#44.31#26.09#29.6
-151.991,64.0429#44.25#26.1#29.65
-151.867,64.0447#44.19#26.1#29.71
-151.743,64.0464#44.12#26.1#29.78
-151.618,64.048#44.06#26.1#29.84
-151.494,64.0495#43.99#26.1#29.91
-151.369,64.0509#43.92#26.1#29.98
-151.245,64.0521#43.84#26.1#30.06
-151.12,64.0532#43.77#26.1#30.13
-150.996,64.0543#43.69#26.1#30.21
-150.871,64.0551#43.61#26.1#30.29
-150.747,64.0559#43.53#26.1#30.37
-150.622,64.0566#43.45#26.1#30.45
-150.497,64.0571#43.37#26.1#30.53
-150.373,64.0575#43.29#26.1#30.61
-150.248,64.0578#43.21#26.1#30.69
-150.124,64.058#43.13#26.11#30.76
-149.999,64.058#43.05#26.11#30.84
-149.875,64.058#42.97#26.11#30.92
-149.75,64.0578#42.89#26.11#31
-149.626,64.0575#42.81#26.11#31.08
-149.501,64.0571#42.74#26.11#31.15
-149.376,64.0566#42.67#26.11#31.22
-149.252,64.0559#42.59#26.11#31.3
-149.127,64.0551#42.52#26.11#31.37
-149.003,64.0542#42.45#26.11#31.44
-148.878,64.0532#42.39#26.11#31.5
-148.754,64.0521#42.33#26.12#31.55
-148.629,64.0509#42.26#26.12#31.62
-148.505,64.0495#42.2#26.12#31.68
-148.38,64.048#42.14#26.12#31.74
-148.256,64.0464#42.08#26.12#31.8
-148.131,64.0447#42.02#26.12#31.86
-148.007,64.0429#41.96#26.12#31.92
-147.883,64.0409#41.91#26.12#31.97
-147.758,64.0388#41.85#26.12#32.03
-147.634,64.0367#41.8#26.13#32.07
-147.51,64.0343#41.75#26.13#32.12
-147.385,64.0319#41.69#26.13#32.18
-147.261,64.0294#41.64#26.13#32.23
-147.137,64.0267#41.58#26.13#32.29
-147.013,64.0239#41.53#26.13#32.34
-146.888,64.021#41.47#26.13#32.4
-146.764,64.018#41.42#26.14#32.44
-146.64,64.0149#41.36#26.14#32.5
-146.516,64.0116#41.31#26.14#32.55
-146.392,64.0083#41.25#26.14#32.61
-146.268,64.0048#41.19#26.14#32.67
-146.144,64.0012#41.13#26.14#32.73
-146.02,63.9974#41.07#26.14#32.79
-145.896,63.9936#41.01#26.15#32.84
-145.772,63.9896#40.95#26.15#32.9
-145.648,63.9856#40.9#26.15#32.95
-145.524,63.9814#40.84#26.15#33.01
-145.4,63.9771#40.78#26.15#33.07
-145.277,63.9726#40.73#26.15#33.12
-145.153,63.9681#40.67#26.16#33.17
-145.029,63.9634#40.62#26.16#33.22
-144.906,63.9587#40.57#26.16#33.27
-144.782,63.9538#40.52#26.16#33.32
-144.659,63.9488#40.47#26.16#33.37
-144.535,63.9436#40.42#26.17#33.41
-144.412,63.9384#40.35#26.17#33.48
-144.288,63.933#40.28#26.17#33.55
-144.165,63.9275#40.21#26.17#33.62
-144.042,63.9219#40.15#26.17#33.68
-143.919,63.9162#40.07#26.18#33.75
-143.796,63.9104#40#26.18#33.82
-143.673,63.9045#39.93#26.18#33.89
-157.324,63.9068#46.96#26.08#26.96
-157.201,63.9137#46.93#26.08#26.99
-157.078,63.9205#46.89#26.08#27.03
-156.955,63.9271#46.86#26.08#27.06
-156.832,63.9337#46.82#26.08#27.1
-156.709,63.9401#46.78#26.08#27.14
-156.586,63.9464#46.74#26.08#27.18
-156.463,63.9526#46.7#26.08#27.22
-156.34,63.9587#46.64#26.08#27.28
-156.216,63.9646#46.59#26.08#27.33
-156.093,63.9705#46.53#26.08#27.39
-155.969,63.9762#46.47#26.08#27.45
-155.846,63.9818#46.39#26.08#27.53
-155.722,63.9873#46.32#26.08#27.6
-155.599,63.9927#46.24#26.08#27.68
-155.475,63.9979#46.16#26.08#27.76
-155.351,64.003#46.08#26.08#27.84
-155.228,64.0081#45.99#26.09#27.92
-155.104,64.013#45.91#26.09#28
-154.98,64.0178#45.83#26.09#28.08
-154.856,64.0224#45.75#26.09#28.16
-154.732,64.027#45.67#26.09#28.24
-154.608,64.0314#45.59#26.09#28.32
-154.484,64.0357#45.51#26.09#28.4
-154.36,64.0399#45.44#26.09#28.47
-154.236,64.044#45.37#26.09#28.54
-154.112,64.048#45.29#26.09#28.62
-153.987,64.0518#45.22#26.09#28.69
-153.863,64.0556#45.15#26.09#28.76
-153.739,64.0592#45.08#26.09#28.83
-153.615,64.0627#45.02#26.09#28.89
-153.49,64.0661#44.95#26.09#28.96
-153.366,64.0693#44.88#26.09#29.03
-153.241,64.0725#44.81#26.09#29.1
-153.117,64.0755#44.74#26.09#29.17
-152.992,64.0784#44.67#26.09#29.24
-152.868,64.0812#44.6#26.09#29.31
-152.743,64.0838#44.53#26.09#29.38
-152.619,64.0864#44.46#26.09#29.45
-152.494,64.0888#44.39#26.09#29.52
-152.37,64.0911#44.33#26.09#29.58
-152.245,64.0933#44.26#26.09#29.65
-152.12,64.0954#44.2#26.09#29.71
-151.996,64.0973#44.14#26.09#29.77
-151.871,64.0992#44.07#26.1#29.83
-151.746,64.1009#44.01#26.1#29.89
-151.622,64.1025#43.94#26.1#29.96
-151.497,64.104#43.88#26.1#30.02
-151.372,64.1054#43.81#26.1#30.09
-151.247,64.1066#43.73#26.1#30.17
-151.123,64.1077#43.66#26.1#30.24
-150.998,64.1087#43.59#26.1#30.31
-150.873,64.1096#43.51#26.1#30.39
-150.748,64.1104#43.43#26.1#30.47
-150.623,64.1111#43.35#26.1#30.55
-150.499,64.1116#43.27#26.1#30.63
-150.374,64.112#43.18#26.1#30.72
-150.249,64.1123#43.1#26.1#30.8
-150.124,64.1125#43.02#26.1#30.88
-149.999,64.1125#42.94#26.11#30.95
-149.874,64.1125#42.87#26.11#31.02
-149.75,64.1123#42.79#26.11#31.1
-149.625,64.112#42.71#26.11#31.18
-149.5,64.1116#42.63#26.11#31.26
-149.375,64.111#42.56#26.11#31.33
-149.25,64.1104#42.49#26.11#31.4
-149.125,64.1096#42.42#26.11#31.47
-149.001,64.1087#42.35#26.11#31.54
-148.876,64.1077#42.29#26.11#31.6
-148.751,64.1066#42.23#26.12#31.65
-148.626,64.1053#42.16#26.12#31.72
-148.502,64.104#42.1#26.12#31.78
-148.377,64.1025#42.04#26.12#31.84
-148.252,64.1009#41.98#26.12#31.9
-148.127,64.0992#41.92#26.12#31.96
-148.003,64.0973#41.86#26.12#32.02
-147.878,64.0954#41.81#26.12#32.07
-147.753,64.0933#41.76#26.12#32.12
-147.629,64.0911#41.7#26.12#32.18
-147.504,64.0888#41.65#26.13#32.22
-147.38,64.0863#41.59#26.13#32.28
-147.255,64.0838#41.54#26.13#32.33
-147.131,64.0811#41.48#26.13#32.39
-147.006,64.0783#41.43#26.13#32.44
-146.882,64.0754#41.38#26.13#32.49
-146.757,64.0724#41.32#26.13#32.55
-146.633,64.0693#41.27#26.14#32.59
-146.508,64.066#41.21#26.14#32.65
-146.384,64.0626#41.15#26.14#32.71
-146.26,64.0591#41.09#26.14#32.77
-146.135,64.0555#41.03#26.14#32.83
-146.011,64.0518#40.97#26.14#32.89
-145.887,64.0479#40.92#26.14#32.94
-145.763,64.044#40.86#26.15#32.99
-145.639,64.0399#40.8#26.15#33.05
-145.515,64.0357#40.74#26.15#33.11
-145.39,64.0314#40.69#26.15#33.16
-145.266,64.0269#40.64#26.15#33.21
-145.142,64.0224#40.58#26.16#33.26
-145.019,64.0177#40.53#26.16#33.31
-144.895,64.0129#40.48#26.16#33.36
-144.771,64.008#40.43#26.16#33.41
-144.647,64.003#40.38#26.16#33.46
-144.523,63.9978#40.33#26.16#33.51
-144.4,63.9926#40.26#26.17#33.57
-144.276,63.9872#40.18#26.17#33.65
-144.153,63.9817#40.11#26.17#33.72
-144.029,63.9761#40.04#26.17#33.79
-143.906,63.9704#39.96#26.17#33.87
-143.782,63.9645#39.88#26.18#33.94
-143.659,63.9586#39.8#26.18#34.02
-143.536,63.9525#39.73#26.18#34.09
-143.412,63.9463#39.65#26.18#34.17
-143.289,63.94#39.58#26.19#34.23
-143.166,63.9336#39.51#26.19#34.3
-143.043,63.9271#39.44#26.19#34.37
-142.92,63.9204#39.38#26.19#34.43
-142.797,63.9136#39.32#26.19#34.49
-142.674,63.9067#39.26#26.2#34.54
-158.322,63.9015#47.07#26.08#26.85
-158.2,63.9093#47.04#26.08#26.88
-158.077,63.917#47.02#26.08#26.9
-157.954,63.9246#46.99#26.08#26.93
-157.832,63.9321#46.96#26.08#26.96
-157.709,63.9395#46.93#26.08#26.99
-157.586,63.9467#46.9#26.08#27.02
-157.463,63.9538#46.87#26.08#27.05
-157.34,63.9608#46.83#26.08#27.09
-157.217,63.9678#46.8#26.08#27.12
-157.094,63.9745#46.76#26.08#27.16
-156.97,63.9812#46.72#26.08#27.2
-156.847,63.9878#46.69#26.08#27.23
-156.724,63.9942#46.65#26.08#27.27
-156.6,64.0005#46.61#26.08#27.31
-156.477,64.0067#46.57#26.08#27.35
-156.353,64.0128#46.51#26.08#27.41
-156.23,64.0188#46.46#26.08#27.46
-156.106,64.0246#46.4#26.08#27.52
-155.982,64.0304#46.34#26.08#27.58
-155.859,64.036#46.27#26.08#27.65
-155.735,64.0415#46.19#26.08#27.73
-155.611,64.0469#46.12#26.08#27.8
-155.487,64.0521#46.04#26.08#27.88
-155.363,64.0573#45.96#26.08#27.96
-155.239,64.0623#45.87#26.08#28.05
-155.115,64.0672#45.79#26.09#28.12
-154.991,64.072#45.71#26.09#28.2
-154.867,64.0767#45.63#26.09#28.28
-154.742,64.0813#45.55#26.09#28.36
-154.618,64.0857#45.47#26.09#28.44
-154.494,64.0901#45.39#26.09#28.52
-154.369,64.0943#45.32#26.09#28.59
-154.245,64.0984#45.25#26.09#28.66
-154.121,64.1023#45.17#26.09#28.74
-153.996,64.1062#45.1#26.09#28.81
-153.872,64.1099#45.04#26.09#28.87
-153.747,64.1136#44.97#26.09#28.94
-153.622,64.1171#44.9#26.09#29.01
-153.498,64.1204#44.83#26.09#29.08
-153.373,64.1237#44.76#26.09#29.15
-153.248,64.1269#44.69#26.09#29.22
-153.124,64.1299#44.62#26.09#29.29
-152.999,64.1328#44.55#26.09#29.36
-152.874,64.1356#44.48#26.09#29.43
-152.749,64.1383#44.41#26.09#29.5
-152.625,64.1408#44.35#26.09#29.56
-152.5,64.1433#44.28#26.09#29.63
-152.375,64.1456#44.21#26.09#29.7
-152.25,64.1478#44.15#26.09#29.76
-152.125,64.1499#44.09#26.09#29.82
-152,64.1518#44.02#26.09#29.89
-151.875,64.1537#43.96#26.09#29.95
-151.75,64.1554#43.9#26.1#30
-151.625,64.157#43.83#26.1#30.07
-151.5,64.1585#43.77#26.1#30.13
-151.375,64.1598#43.69#26.1#30.21
-151.25,64.1611#43.62#26.1#30.28
-151.125,64.1622#43.55#26.1#30.35
-151,64.1632#43.48#26.1#30.42
-150.875,64.1641#43.4#26.1#30.5
-150.75,64.1649#43.32#26.1#30.58
-150.625,64.1656#43.24#26.1#30.66
-150.5,64.1661#43.16#26.1#30.74
-150.375,64.1665#43.08#26.1#30.82
-150.249,64.1668#43#26.1#30.9
-150.124,64.167#42.92#26.1#30.98
-149.999,64.167#42.84#26.1#31.06
-149.874,64.167#42.76#26.11#31.13
-149.749,64.1668#42.68#26.11#31.21
-149.624,64.1665#42.61#26.11#31.28
-149.499,64.1661#42.53#26.11#31.36
-149.374,64.1655#42.46#26.11#31.43
-149.249,64.1649#42.39#26.11#31.5
-149.124,64.1641#42.32#26.11#31.57
-148.998,64.1632#42.25#26.11#31.64
-148.873,64.1622#42.19#26.11#31.7
-148.748,64.1611#42.13#26.11#31.76
-148.623,64.1598#42.06#26.12#31.82
-148.498,64.1585#42#26.12#31.88
-148.373,64.157#41.94#26.12#31.94
-148.248,64.1554#41.88#26.12#32
-148.123,64.1536#41.82#26.12#32.06
-147.998,64.1518#41.76#26.12#32.12
-147.873,64.1498#41.71#26.12#32.17
-147.749,64.1477#41.66#26.12#32.22
-147.624,64.1455#41.6#26.12#32.28
-147.499,64.1432#41.55#26.13#32.32
-147.374,64.1408#41.5#26.13#32.37
-147.249,64.1382#41.44#26.13#32.43
-147.124,64.1356#41.39#26.13#32.48
-146.999,64.1328#41.33#26.13#32.54
-146.875,64.1299#41.28#26.13#32.59
-146.75,64.1268#41.22#26.13#32.65
-146.625,64.1237#41.17#26.13#32.7
-146.501,64.1204#41.12#26.14#32.74
-146.376,64.117#41.06#26.14#32.8
-146.251,64.1135#41#26.14#32.86
-146.127,64.1099#40.94#26.14#32.92
-146.002,64.1062#40.88#26.14#32.98
-145.878,64.1023#40.82#26.14#33.04
-145.754,64.0983#40.77#26.15#33.08
-145.629,64.0942#40.71#26.15#33.14
-145.505,64.09#40.65#26.15#33.2
-145.38,64.0857#40.6#26.15#33.25
-145.256,64.0812#40.54#26.15#33.31
-145.132,64.0767#40.49#26.15#33.36
-145.008,64.072#40.44#26.16#33.4
-144.884,64.0672#40.39#26.16#33.45
-144.76,64.0623#40.34#26.16#33.5
-144.636,64.0572#40.29#26.16#33.55
-144.512,64.0521#40.24#26.16#33.6
-144.388,64.0468#40.16#26.16#33.68
-144.264,64.0414#40.08#26.17#33.75
-144.14,64.0359#40.01#26.17#33.82
-144.016,64.0303#39.93#26.17#33.9
-143.892,64.0246#39.85#26.17#33.98
-143.769,64.0187#39.76#26.17#34.07
-143.645,64.0127#39.68#26.18#34.14
-143.522,64.0066#39.59#26.18#34.23
-143.398,64.0004#39.51#26.18#34.31
-143.275,63.9941#39.44#26.18#34.38
-143.151,63.9877#39.36#26.19#34.45
-143.028,63.9811#39.29#26.19#34.52
-142.905,63.9745#39.21#26.19#34.6
-142.782,63.9677#39.15#26.19#34.66
-142.659,63.9608#39.08#26.19#34.73
-142.536,63.9537#39.01#26.2#34.79
-142.413,63.9466#38.94#26.2#34.86
-142.29,63.9394#38.85#26.2#34.95
-142.167,63.932#38.77#26.2#35.03
-142.044,63.9245#38.69#26.21#35.1
-141.921,63.9169#38.6#26.21#35.19
-141.799,63.9092#38.52#26.21#35.27
-141.676,63.9014#38.43#26.22#35.35
-159.075,63.9059#47.04#26.08#26.88
-158.953,63.9144#47.02#26.08#26.9
-158.83,63.9228#47#26.08#26.92
-158.708,63.9311#46.99#26.08#26.93
-158.585,63.9393#46.97#26.08#26.95
-158.463,63.9474#46.95#26.08#26.97
-158.34,63.9554#46.93#26.08#26.99
-158.217,63.9632#46.91#26.08#27.01
-158.094,63.9709#46.89#26.08#27.03
-157.972,63.9786#46.86#26.08#27.06
-157.849,63.986#46.83#26.08#27.09
-157.725,63.9934#46.8#26.08#27.12
-157.602,64.0007#46.77#26.08#27.15
-157.479,64.0078#46.73#26.08#27.19
-157.356,64.0149#46.7#26.08#27.22
-157.232,64.0218#46.66#26.08#27.26
-157.109,64.0286#46.63#26.08#27.29
-156.986,64.0353#46.59#26.08#27.33
-156.862,64.0418#46.56#26.08#27.36
-156.738,64.0483#46.52#26.08#27.4
-156.615,64.0546#46.48#26.08#27.44
-156.491,64.0609#46.44#26.08#27.48
-156.367,64.067#46.39#26.08#27.53
-156.243,64.0729#46.33#26.08#27.59
-156.119,64.0788#46.27#26.08#27.65
-155.995,64.0846#46.22#26.08#27.7
-155.871,64.0902#46.14#26.08#27.78
-155.747,64.0957#46.07#26.08#27.85
-155.623,64.1011#45.99#26.08#27.93
-155.499,64.1064#45.92#26.08#28
-155.375,64.1115#45.83#26.08#28.09
-155.25,64.1166#45.75#26.08#28.17
-155.126,64.1215#45.67#26.08#28.25
-155.002,64.1263#45.58#26.09#28.33
-154.877,64.131#45.51#26.09#28.4
-154.753,64.1356#45.43#26.09#28.48
-154.628,64.1401#45.35#26.09#28.56
-154.503,64.1444#45.27#26.09#28.64
-154.379,64.1486#45.2#26.09#28.71
-154.254,64.1527#45.13#26.09#28.78
-154.129,64.1567#45.06#26.09#28.85
-154.005,64.1606#44.99#26.09#28.92
-153.88,64.1643#44.92#26.09#28.99
-153.755,64.1679#44.85#26.09#29.06
-153.63,64.1715#44.78#26.09#29.13
-153.505,64.1749#44.72#26.09#29.19
-153.38,64.1781#44.65#26.09#29.26
-153.256,64.1813#44.58#26.09#29.33
-153.131,64.1843#44.51#26.09#29.4
-153.006,64.1872#44.44#26.09#29.47
-152.88,64.19#44.37#26.09#29.54
-152.755,64.1927#44.3#26.09#29.61
-152.63,64.1953#44.23#26.09#29.68
-152.505,64.1977#44.16#26.09#29.75
-152.38,64.2#44.1#26.09#29.81
-152.255,64.2022#44.04#26.09#29.87
-152.13,64.2043#43.97#26.09#29.94
-152.004,64.2063#43.91#26.09#30
-151.879,64.2081#43.85#26.09#30.06
-151.754,64.2099#43.78#26.1#30.12
-151.629,64.2115#43.72#26.1#30.18
-151.503,64.213#43.65#26.1#30.25
-151.378,64.2143#43.58#26.1#30.32
-151.253,64.2156#43.51#26.1#30.39
-151.127,64.2167#43.44#26.1#30.46
-151.002,64.2177#43.37#26.1#30.53
-150.877,64.2186#43.29#26.1#30.61
-150.751,64.2194#43.21#26.1#30.69
-150.626,64.2201#43.13#26.1#30.77
-150.501,64.2206#43.05#26.1#30.85
-150.375,64.221#42.97#26.1#30.93
-150.25,64.2213#42.89#26.1#31.01
-150.125,64.2215#42.81#26.1#31.09
-149.999,64.2216#42.73#26.1#31.17
-149.874,64.2215#42.66#26.11#31.23
-149.748,64.2213#42.58#26.11#31.31
-149.623,64.221#42.5#26.11#31.39
-149.498,64.2206#42.43#26.11#31.46
-149.372,64.2201#42.36#26.11#31.53
-149.247,64.2194#42.29#26.11#31.6
-149.122,64.2186#42.22#26.11#31.67
-148.996,64.2177#42.15#26.11#31.74
-148.871,64.2167#42.09#26.11#31.8
-148.746,64.2156#42.02#26.11#31.87
-148.62,64.2143#41.96#26.11#31.93
-148.495,64.213#41.9#26.12#31.98
-148.37,64.2115#41.84#26.12#32.04
-148.244,64.2099#41.78#26.12#32.1
-148.119,64.2081#41.72#26.12#32.16
-147.994,64.2063#41.67#26.12#32.21
-147.869,64.2043#41.61#26.12#32.27
-147.744,64.2022#41.56#26.12#32.32
-147.618,64.2#41.51#26.12#32.37
-147.493,64.1977#41.45#26.12#32.43
-147.368,64.1952#41.4#26.13#32.47
-147.243,64.1927#41.34#26.13#32.53
-147.118,64.19#41.29#26.13#32.58
-146.993,64.1872#41.24#26.13#32.63
-146.868,64.1843#41.18#26.13#32.69
-146.743,64.1812#41.13#26.13#32.74
-146.618,64.1781#41.07#26.13#32.8
-146.493,64.1748#41.02#26.13#32.85
-146.368,64.1714#40.96#26.14#32.9
-146.243,64.1679#40.9#26.14#32.96
-146.118,64.1643#40.84#26.14#33.02
-145.994,64.1605#40.78#26.14#33.08
-145.869,64.1567#40.73#26.14#33.13
-145.744,64.1527#40.67#26.14#33.19
-145.62,64.1486#40.61#26.15#33.24
-145.495,64.1443#40.56#26.15#33.29
-145.37,64.14#40.51#26.15#33.34
-145.246,64.1355#40.45#26.15#33.4
-145.121,64.131#40.4#26.15#33.45
-144.997,64.1263#40.34#26.15#33.51
-144.872,64.1215#40.29#26.16#33.55
-144.748,64.1165#40.24#26.16#33.6
-144.624,64.1115#40.2#26.16#33.64
-144.5,64.1063#40.15#26.16#33.69
-144.375,64.101#40.06#26.16#33.78
-144.251,64.0956#39.98#26.17#33.85
-144.127,64.0901#39.9#26.17#33.93
-144.003,64.0845#39.83#26.17#34
-143.879,64.0787#39.73#26.17#34.1
-143.755,64.0729#39.64#26.17#34.19
-143.631,64.0669#39.55#26.18#34.27
-143.508,64.0608#39.46#26.18#34.36
-143.384,64.0546#39.37#26.18#34.45
-143.26,64.0482#39.29#26.18#34.53
-143.137,64.0418#39.21#26.18#34.61
-143.013,64.0352#39.13#26.19#34.68
-142.889,64.0285#39.05#26.19#34.76
-142.766,64.0217#38.97#26.19#34.84
-142.643,64.0148#38.9#26.19#34.91
-142.519,64.0078#38.83#26.2#34.97
-142.396,64.0006#38.75#26.2#35.05
-142.273,63.9933#38.66#26.2#35.14
-142.15,63.986#38.58#26.2#35.22
-142.027,63.9785#38.5#26.21#35.29
-141.904,63.9708#38.41#26.21#35.38
-141.781,63.9631#38.33#26.21#35.46
-141.658,63.9553#38.25#26.21#35.54
-141.536,63.9473#38.16#26.22#35.62
-141.413,63.9392#38.08#26.22#35.7
-141.291,63.931#37.99#26.22#35.79
-141.168,63.9227#37.91#26.22#35.87
-141.046,63.9143#37.82#26.23#35.95
-140.923,63.9058#37.74#26.23#36.03
-159.828,63.906#46.97#26.08#26.95
-159.706,63.9152#46.96#26.08#26.96
-159.584,63.9243#46.95#26.08#26.97
-159.462,63.9333#46.94#26.08#26.98
-159.339,63.9422#46.92#26.08#27
-159.217,63.951#46.91#26.08#27.01
-159.095,63.9597#46.9#26.08#27.02
-158.972,63.9682#46.88#26.08#27.04
-158.849,63.9767#46.87#26.08#27.05
-158.727,63.985#46.85#26.08#27.07
-158.604,63.9932#46.83#26.08#27.09
-158.481,64.0013#46.82#26.08#27.1
-158.358,64.0093#46.8#26.08#27.12
-158.235,64.0171#46.77#26.08#27.15
-158.112,64.0249#46.75#26.08#27.17
-157.989,64.0325#46.73#26.08#27.19
-157.865,64.04#46.7#26.08#27.22
-157.742,64.0474#46.67#26.08#27.25
-157.619,64.0547#46.63#26.08#27.29
-157.495,64.0619#46.6#26.08#27.32
-157.372,64.0689#46.57#26.08#27.35
-157.248,64.0758#46.53#26.08#27.39
-157.124,64.0827#46.5#26.08#27.42
-157.001,64.0894#46.46#26.08#27.46
-156.877,64.0959#46.42#26.08#27.5
-156.753,64.1024#46.39#26.08#27.53
-156.629,64.1088#46.35#26.08#27.57
-156.505,64.115#46.31#26.08#27.61
-156.381,64.1211#46.26#26.08#27.66
-156.257,64.1271#46.2#26.08#27.72
-156.133,64.133#46.15#26.08#27.77
-156.008,64.1388#46.09#26.08#27.83
-155.884,64.1444#46.02#26.08#27.9
-155.76,64.1499#45.94#26.08#27.98
-155.635,64.1553#45.87#26.08#28.05
-155.511,64.1606#45.8#26.08#28.12
-155.386,64.1658#45.71#26.08#28.21
-155.262,64.1709#45.63#26.08#28.29
-155.137,64.1758#45.55#26.08#28.37
-155.012,64.1806#45.46#26.08#28.46
-154.888,64.1853#45.39#26.09#28.52
-154.763,64.1899#45.31#26.09#28.6
-154.638,64.1944#45.23#26.09#28.68
-154.513,64.1987#45.15#26.09#28.76
-154.388,64.203#45.08#26.09#28.83
-154.263,64.2071#45.01#26.09#28.9
-154.139,64.2111#44.94#26.09#28.97
-154.013,64.215#44.87#26.09#29.04
-153.888,64.2187#44.8#26.09#29.11
-153.763,64.2224#44.73#26.09#29.18
-153.638,64.2259#44.67#26.09#29.24
-153.513,64.2293#44.6#26.09#29.31
-153.388,64.2326#44.53#26.09#29.38
-153.263,64.2357#44.46#26.09#29.45
-153.137,64.2388#44.4#26.09#29.51
-153.012,64.2417#44.33#26.09#29.58
-152.887,64.2445#44.26#26.09#29.65
-152.761,64.2472#44.19#26.09#29.72
-152.636,64.2497#44.12#26.09#29.79
-152.511,64.2522#44.05#26.09#29.86
-152.385,64.2545#43.99#26.09#29.92
-152.26,64.2567#43.92#26.09#29.99
-152.134,64.2588#43.86#26.09#30.05
-152.009,64.2608#43.8#26.09#30.11
-151.883,64.2626#43.73#26.09#30.18
-151.758,64.2644#43.67#26.09#30.24
-151.632,64.266#43.6#26.1#30.3
-151.507,64.2675#43.54#26.1#30.36
-151.381,64.2689#43.47#26.1#30.43
-151.256,64.2701#43.4#26.1#30.5
-151.13,64.2712#43.33#26.1#30.57
-151.004,64.2723#43.25#26.1#30.65
-150.879,64.2732#43.18#26.1#30.72
-150.753,64.2739#43.1#26.1#30.8
-150.627,64.2746#43.02#26.1#30.88
-150.502,64.2751#42.94#26.1#30.96
-150.376,64.2755#42.86#26.1#31.04
-150.251,64.2758#42.78#26.1#31.12
-150.125,64.276#42.71#26.1#31.19
-149.999,64.2761#42.63#26.1#31.27
-149.874,64.276#42.55#26.1#31.35
-149.748,64.2758#42.48#26.11#31.41
-149.622,64.2755#42.4#26.11#31.49
-149.497,64.2751#42.32#26.11#31.57
-149.371,64.2746#42.26#26.11#31.63
-149.245,64.2739#42.19#26.11#31.7
-149.12,64.2732#42.12#26.11#31.77
-148.994,64.2723#42.05#26.11#31.84
-148.868,64.2712#41.99#26.11#31.9
-148.743,64.2701#41.92#26.11#31.97
-148.617,64.2688#41.86#26.11#32.03
-148.492,64.2675#41.8#26.11#32.09
-148.366,64.266#41.74#26.12#32.14
-148.241,64.2644#41.68#26.12#32.2
-148.115,64.2626#41.62#26.12#32.26
-147.99,64.2608#41.57#26.12#32.31
-147.864,64.2588#41.51#26.12#32.37
-147.739,64.2567#41.46#26.12#32.42
-147.613,64.2545#41.41#26.12#32.47
-147.488,64.2522#41.36#26.12#32.52
-147.362,64.2497#41.3#26.12#32.58
-147.237,64.2471#41.25#26.13#32.62
-147.112,64.2445#41.19#26.13#32.68
-146.986,64.2416#41.14#26.13#32.73
-146.861,64.2387#41.08#26.13#32.79
-146.736,64.2357#41.03#26.13#32.84
-146.611,64.2325#40.97#26.13#32.9
-146.485,64.2292#40.92#26.13#32.95
-146.36,64.2258#40.86#26.14#33
-146.235,64.2223#40.8#26.14#33.06
-146.11,64.2187#40.74#26.14#33.12
-145.985,64.2149#40.68#26.14#33.18
-145.86,64.211#40.61#26.14#33.25
-145.735,64.207#40.55#26.14#33.31
-145.61,64.2029#40.49#26.14#33.37
-145.485,64.1987#40.43#26.15#33.42
-145.36,64.1943#40.37#26.15#33.48
-145.235,64.1899#40.32#26.15#33.53
-145.111,64.1853#40.26#26.15#33.59
-144.986,64.1806#40.21#26.15#33.64
-144.861,64.1758#40.16#26.15#33.69
-144.737,64.1708#40.12#26.16#33.72
-144.612,64.1657#40.07#26.16#33.77
-144.488,64.1606#40.02#26.16#33.82
-144.363,64.1553#39.95#26.16#33.89
-144.239,64.1499#39.87#26.16#33.97
-144.114,64.1443#39.8#26.17#34.03
-143.99,64.1387#39.72#26.17#34.11
-143.866,64.1329#39.62#26.17#34.21
-143.742,64.127#39.52#26.17#34.31
-143.618,64.121#39.42#26.17#34.41
-143.493,64.1149#39.33#26.18#34.49
-143.369,64.1087#39.23#26.18#34.59
-143.245,64.1023#39.14#26.18#34.68
-143.122,64.0959#39.05#26.18#34.77
-142.998,64.0893#38.97#26.18#34.85
-142.874,64.0826#38.88#26.19#34.93
-142.75,64.0758#38.8#26.19#35.01
-142.627,64.0688#38.72#26.19#35.09
-142.503,64.0618#38.64#26.19#35.17
-142.38,64.0546#38.56#26.2#35.24
-142.256,64.0473#38.48#26.2#35.32
-142.133,64.0399#38.39#26.2#35.41
-142.01,64.0324#38.31#26.2#35.49
-141.887,64.0248#38.23#26.21#35.56
-141.763,64.017#38.14#26.21#35.65
-141.64,64.0092#38.06#26.21#35.73
-141.517,64.0012#37.98#26.21#35.81
-141.395,63.9931#37.89#26.22#35.89
-141.272,63.9849#37.81#26.22#35.97
-141.149,63.9766#37.72#26.22#36.06
-141.026,63.9681#37.63#26.22#36.15
-140.904,63.9596#37.55#26.23#36.22
-140.781,63.9509#37.47#26.23#36.3
-140.659,63.9421#37.38#26.23#36.39
-140.537,63.9332#37.3#26.24#36.46
-140.414,63.9242#37.22#26.24#36.54
-140.292,63.9151#37.14#26.24#36.62
-140.17,63.9058#37.07#26.25#36.68
-160.581,63.9017#46.78#26.08#27.14
-160.459,63.9116#46.79#26.08#27.13
-160.338,63.9214#46.8#26.08#27.12
-160.216,63.9312#46.81#26.08#27.11
-160.094,63.9408#46.82#26.08#27.1
-159.972,63.9502#46.82#26.08#27.1
-159.849,63.9596#46.82#26.08#27.1
-159.727,63.9689#46.81#26.08#27.11
-159.605,63.978#46.8#26.08#27.12
-159.482,63.9871#46.8#26.08#27.12
-159.36,63.996#46.78#26.08#27.14
-159.237,64.0048#46.77#26.08#27.15
-159.114,64.0135#46.75#26.08#27.17
-158.991,64.022#46.74#26.08#27.18
-158.869,64.0305#46.73#26.08#27.19
-158.746,64.0388#46.71#26.08#27.21
-158.623,64.0471#46.7#26.08#27.22
-158.499,64.0552#46.68#26.08#27.24
-158.376,64.0632#46.66#26.08#27.26
-158.253,64.071#46.64#26.08#27.28
-158.13,64.0788#46.62#26.08#27.3
-158.006,64.0865#46.6#26.08#27.32
-157.883,64.094#46.56#26.08#27.36
-157.759,64.1014#46.53#26.08#27.39
-157.635,64.1087#46.5#26.08#27.42
-157.512,64.1159#46.47#26.08#27.45
-157.388,64.123#46.44#26.08#27.48
-157.264,64.1299#46.4#26.08#27.52
-157.14,64.1367#46.36#26.08#27.56
-157.016,64.1435#46.33#26.08#27.59
-156.892,64.1501#46.29#26.08#27.63
-156.768,64.1565#46.25#26.08#27.67
-156.643,64.1629#46.22#26.08#27.7
-156.519,64.1692#46.18#26.08#27.74
-156.395,64.1753#46.13#26.08#27.79
-156.27,64.1813#46.07#26.08#27.85
-156.146,64.1872#46.02#26.08#27.9
-156.021,64.193#45.96#26.08#27.96
-155.897,64.1986#45.89#26.08#28.03
-155.772,64.2042#45.82#26.08#28.1
-155.648,64.2096#45.74#26.08#28.18
-155.523,64.2149#45.67#26.08#28.25
-155.398,64.2201#45.59#26.08#28.33
-155.273,64.2252#45.51#26.08#28.41
-155.148,64.2301#45.43#26.08#28.49
-155.023,64.2349#45.35#26.08#28.57
-154.898,64.2397#45.27#26.08#28.65
-154.773,64.2443#45.19#26.09#28.72
-154.648,64.2487#45.11#26.09#28.8
-154.523,64.2531#45.03#26.09#28.88
-154.398,64.2573#44.96#26.09#28.95
-154.273,64.2615#44.89#26.09#29.02
-154.148,64.2655#44.82#26.09#29.09
-154.022,64.2693#44.75#26.09#29.16
-153.897,64.2731#44.68#26.09#29.23
-153.772,64.2768#44.62#26.09#29.29
-153.646,64.2803#44.55#26.09#29.36
-153.521,64.2837#44.49#26.09#29.42
-153.395,64.287#44.42#26.09#29.49
-153.27,64.2902#44.35#26.09#29.56
-153.144,64.2932#44.28#26.09#29.63
-153.019,64.2961#44.21#26.09#29.7
-152.893,64.299#44.14#26.09#29.77
-152.767,64.3016#44.07#26.09#29.84
-152.642,64.3042#44#26.09#29.91
-152.516,64.3067#43.94#26.09#29.97
-152.39,64.309#43.87#26.09#30.04
-152.265,64.3112#43.81#26.09#30.1
-152.139,64.3133#43.75#26.09#30.16
-152.013,64.3153#43.68#26.09#30.23
-151.887,64.3172#43.62#26.09#30.29
-151.762,64.3189#43.56#26.09#30.35
-151.636,64.3205#43.49#26.09#30.42
-151.51,64.322#43.43#26.1#30.47
-151.384,64.3234#43.36#26.1#30.54
-151.258,64.3246#43.29#26.1#30.61
-151.132,64.3258#43.21#26.1#30.69
-151.007,64.3268#43.14#26.1#30.76
-150.881,64.3277#43.07#26.1#30.83
-150.755,64.3285#42.99#26.1#30.91
-150.629,64.3291#42.91#26.1#30.99
-150.503,64.3297#42.83#26.1#31.07
-150.377,64.3301#42.76#26.1#31.14
-150.251,64.3304#42.68#26.1#31.22
-150.125,64.3306#42.6#26.1#31.3
-149.999,64.3306#42.52#26.1#31.38
-149.873,64.3306#42.45#26.1#31.45
-149.747,64.3304#42.37#26.1#31.53
-149.621,64.3301#42.3#26.11#31.59
-149.496,64.3297#42.22#26.11#31.67
-149.37,64.3291#42.15#26.11#31.74
-149.244,64.3285#42.08#26.11#31.81
-149.118,64.3277#42.02#26.11#31.87
-148.992,64.3268#41.95#26.11#31.94
-148.866,64.3258#41.88#26.11#32.01
-148.74,64.3246#41.82#26.11#32.07
-148.614,64.3234#41.76#26.11#32.13
-148.488,64.322#41.7#26.11#32.19
-148.363,64.3205#41.64#26.11#32.25
-148.237,64.3189#41.58#26.12#32.3
-148.111,64.3171#41.52#26.12#32.36
-147.985,64.3153#41.47#26.12#32.41
-147.859,64.3133#41.41#26.12#32.47
-147.734,64.3112#41.36#26.12#32.52
-147.608,64.309#41.31#26.12#32.57
-147.482,64.3066#41.26#26.12#32.62
-147.357,64.3042#41.2#26.12#32.68
-147.231,64.3016#41.15#26.12#32.73
-147.105,64.2989#41.09#26.13#32.78
-146.98,64.2961#41.04#26.13#32.83
-146.854,64.2932#40.98#26.13#32.89
-146.729,64.2901#40.93#26.13#32.94
-146.603,64.2869#40.87#26.13#33
-146.478,64.2837#40.82#26.13#33.05
-146.352,64.2802#40.76#26.13#33.11
-146.227,64.2767#40.7#26.14#33.16
-146.101,64.2731#40.64#26.14#33.22
-145.976,64.2693#40.57#26.14#33.29
-145.851,64.2654#40.5#26.14#33.36
-145.726,64.2614#40.43#26.14#33.43
-145.6,64.2573#40.36#26.14#33.5
-145.475,64.253#40.3#26.14#33.56
-145.35,64.2487#40.23#26.15#33.62
-145.225,64.2442#40.17#26.15#33.68
-145.1,64.2396#40.11#26.15#33.74
-144.975,64.2349#40.05#26.15#33.8
-144.85,64.2301#40#26.15#33.85
-144.725,64.2251#39.95#26.16#33.89
-144.6,64.22#39.9#26.16#33.94
-144.476,64.2148#39.84#26.16#34
-144.351,64.2095#39.76#26.16#34.08
-144.226,64.2041#39.69#26.16#34.15
-144.102,64.1986#39.61#26.16#34.23
-143.977,64.1929#39.53#26.17#34.3
-143.852,64.1871#39.44#26.17#34.39
-143.728,64.1812#39.35#26.17#34.48
-143.604,64.1752#39.25#26.17#34.58
-143.479,64.1691#39.16#26.17#34.67
-143.355,64.1628#39.07#26.18#34.75
-143.231,64.1565#38.98#26.18#34.84
-143.107,64.15#38.89#26.18#34.93
-142.983,64.1434#38.8#26.18#35.02
-142.859,64.1367#38.71#26.19#35.1
-142.735,64.1298#38.62#26.19#35.19
-142.611,64.1229#38.54#26.19#35.27
-142.487,64.1158#38.45#26.19#35.36
-142.363,64.1086#38.37#26.19#35.44
-142.239,64.1013#38.29#26.2#35.51
-142.116,64.0939#38.21#26.2#35.59
-141.992,64.0864#38.12#26.2#35.68
-141.869,64.0787#38.04#26.2#35.76
-141.746,64.0709#37.96#26.21#35.83
-141.622,64.0631#37.87#26.21#35.92
-141.499,64.0551#37.79#26.21#36
-141.376,64.047#37.7#26.21#36.09
-141.253,64.0387#37.62#26.22#36.16
-141.13,64.0304#37.53#26.22#36.25
-141.007,64.0219#37.45#26.22#36.33
-140.884,64.0134#37.36#26.23#36.41
-140.761,64.0047#37.28#26.23#36.49
-140.639,63.9959#37.2#26.23#36.57
-140.516,63.9869#37.11#26.23#36.66
-140.394,63.9779#37.03#26.24#36.73
-140.271,63.9688#36.96#26.24#36.8
-140.149,63.9595#36.88#26.24#36.88
-140.027,63.9501#36.8#26.25#36.95
-139.905,63.9406#36.72#26.25#37.03
-139.783,63.931#36.64#26.25#37.11
-139.661,63.9213#36.56#26.26#37.18
-139.539,63.9115#36.48#26.26#37.26
-139.417,63.9015#36.4#26.26#37.34
-161.212,63.9037#46.52#26.08#27.4
-161.091,63.9142#46.54#26.08#27.38
-160.969,63.9246#46.56#26.08#27.36
-160.848,63.9349#46.58#26.08#27.34
-160.726,63.9451#46.6#26.08#27.32
-160.604,63.9552#46.62#26.08#27.3
-160.482,63.9652#46.64#26.08#27.28
-160.36,63.975#46.65#26.08#27.27
-160.238,63.9848#46.66#26.08#27.26
-160.115,63.9944#46.67#26.08#27.25
-159.993,64.0039#46.68#26.08#27.24
-159.871,64.0133#46.67#26.08#27.25
-159.748,64.0226#46.66#26.08#27.26
-159.625,64.0317#46.66#26.08#27.26
-159.503,64.0408#46.65#26.08#27.27
-159.38,64.0497#46.64#26.08#27.28
-159.257,64.0585#46.62#26.08#27.3
-159.134,64.0673#46.61#26.08#27.31
-159.011,64.0758#46.6#26.08#27.32
-158.888,64.0843#46.59#26.08#27.33
-158.765,64.0927#46.57#26.08#27.35
-158.641,64.1009#46.56#26.08#27.36
-158.518,64.1091#46.55#26.08#27.37
-158.394,64.1171#46.53#26.08#27.39
-158.271,64.125#46.5#26.08#27.42
-158.147,64.1328#46.48#26.08#27.44
-158.023,64.1404#46.46#26.08#27.46
-157.9,64.148#46.43#26.08#27.49
-157.776,64.1554#46.4#26.08#27.52
-157.652,64.1627#46.37#26.08#27.55
-157.528,64.1699#46.34#26.08#27.58
-157.404,64.177#46.3#26.08#27.62
-157.28,64.184#46.27#26.08#27.65
-157.155,64.1908#46.23#26.08#27.69
-157.031,64.1976#46.2#26.08#27.72
-156.907,64.2042#46.16#26.08#27.76
-156.782,64.2107#46.12#26.08#27.8
-156.658,64.2171#46.08#26.08#27.84
-156.533,64.2233#46.05#26.08#27.87
-156.409,64.2295#46#26.08#27.92
-156.284,64.2355#45.94#26.08#27.98
-156.159,64.2414#45.89#26.08#28.03
-156.035,64.2472#45.83#26.08#28.09
-155.91,64.2529#45.77#26.08#28.15
-155.785,64.2584#45.69#26.08#28.23
-155.66,64.2639#45.62#26.08#28.3
-155.535,64.2692#45.55#26.08#28.37
-155.41,64.2744#45.47#26.08#28.45
-155.285,64.2795#45.39#26.08#28.53
-155.16,64.2844#45.31#26.08#28.61
-155.034,64.2893#45.22#26.08#28.7
-154.909,64.294#45.15#26.08#28.77
-154.784,64.2986#45.07#26.08#28.85
-154.659,64.3031#44.99#26.09#28.92
-154.533,64.3075#44.92#26.09#28.99
-154.408,64.3117#44.84#26.09#29.07
-154.282,64.3158#44.77#26.09#29.14
-154.157,64.3199#44.7#26.09#29.21
-154.031,64.3238#44.63#26.09#29.28
-153.906,64.3275#44.57#26.09#29.34
-153.78,64.3312#44.5#26.09#29.41
-153.654,64.3347#44.44#26.09#29.47
-153.528,64.3381#44.37#26.09#29.54
-153.403,64.3414#44.3#26.09#29.61
-153.277,64.3446#44.23#26.09#29.68
-153.151,64.3477#44.17#26.09#29.74
-153.025,64.3506#44.1#26.09#29.81
-152.899,64.3534#44.03#26.09#29.88
-152.774,64.3561#43.96#26.09#29.95
-152.648,64.3587#43.89#26.09#30.02
-152.522,64.3612#43.82#26.09#30.09
-152.396,64.3635#43.76#26.09#30.15
-152.27,64.3657#43.7#26.09#30.21
-152.144,64.3678#43.63#26.09#30.28
-152.018,64.3698#43.57#26.09#30.34
-151.892,64.3717#43.51#26.09#30.4
-151.766,64.3734#43.44#26.09#30.47
-151.639,64.375#43.38#26.09#30.53
-151.513,64.3765#43.31#26.09#30.6
-151.387,64.3779#43.24#26.1#30.66
-151.261,64.3792#43.17#26.1#30.73
-151.135,64.3803#43.1#26.1#30.8
-151.009,64.3813#43.03#26.1#30.87
-150.883,64.3822#42.95#26.1#30.95
-150.756,64.383#42.88#26.1#31.02
-150.63,64.3837#42.8#26.1#31.1
-150.504,64.3842#42.73#26.1#31.17
-150.378,64.3846#42.65#26.1#31.25
-150.252,64.3849#42.57#26.1#31.33
-150.125,64.3851#42.49#26.1#31.41
-149.999,64.3852#42.42#26.1#31.48
-149.873,64.3851#42.34#26.1#31.56
-149.747,64.3849#42.27#26.1#31.63
-149.621,64.3846#42.19#26.1#31.71
-149.494,64.3842#42.12#26.11#31.77
-149.368,64.3837#42.05#26.11#31.84
-149.242,64.383#41.98#26.11#31.91
-149.116,64.3822#41.91#26.11#31.98
-148.99,64.3813#41.85#26.11#32.04
-148.864,64.3803#41.78#26.11#32.11
-148.737,64.3792#41.72#26.11#32.17
-148.611,64.3779#41.66#26.11#32.23
-148.485,64.3765#41.6#26.11#32.29
-148.359,64.375#41.54#26.11#32.35
-148.233,64.3734#41.48#26.11#32.41
-148.107,64.3717#41.42#26.12#32.46
-147.981,64.3698#41.37#26.12#32.51
-147.855,64.3678#41.32#26.12#32.56
-147.729,64.3657#41.26#26.12#32.62
-147.603,64.3635#41.21#26.12#32.67
-147.477,64.3611#41.16#26.12#32.72
-147.351,64.3587#41.11#26.12#32.77
-147.225,64.3561#41.05#26.12#32.83
-147.099,64.3534#41#26.13#32.87
-146.973,64.3506#40.94#26.13#32.93
-146.847,64.3476#40.89#26.13#32.98
-146.721,64.3446#40.83#26.13#33.04
-146.596,64.3414#40.78#26.13#33.09
-146.47,64.3381#40.72#26.13#33.15
-146.344,64.3347#40.66#26.13#33.21
-146.219,64.3311#40.59#26.13#33.28
-146.093,64.3275#40.53#26.14#33.33
-145.967,64.3237#40.47#26.14#33.39
-145.842,64.3198#40.39#26.14#33.47
-145.716,64.3158#40.31#26.14#33.55
-145.591,64.3117#40.24#26.14#33.62
-145.465,64.3074#40.16#26.14#33.7
-145.34,64.303#40.1#26.15#33.75
-145.215,64.2985#40.03#26.15#33.82
-145.089,64.2939#39.96#26.15#33.89
-144.964,64.2892#39.9#26.15#33.95
-144.839,64.2844#39.84#26.15#34.01
-144.714,64.2794#39.78#26.15#34.07
-144.589,64.2743#39.72#26.16#34.12
-144.463,64.2691#39.66#26.16#34.18
-144.338,64.2638#39.58#26.16#34.26
-144.214,64.2584#39.5#26.16#34.34
-144.089,64.2528#39.42#26.16#34.42
-143.964,64.2471#39.34#26.16#34.5
-143.839,64.2413#39.24#26.17#34.59
-143.714,64.2354#39.15#26.17#34.68
-143.59,64.2294#39.06#26.17#34.77
-143.465,64.2232#38.97#26.17#34.86
-143.34,64.217#38.88#26.17#34.95
-143.216,64.2106#38.79#26.18#35.03
-143.092,64.2041#38.7#26.18#35.12
-142.967,64.1975#38.61#26.18#35.21
-142.843,64.1907#38.52#26.18#35.3
-142.719,64.1839#38.44#26.19#35.37
-142.595,64.1769#38.35#26.19#35.46
-142.471,64.1698#38.26#26.19#35.55
-142.347,64.1626#38.18#26.19#35.63
-142.223,64.1553#38.1#26.2#35.7
-142.099,64.1479#38.02#26.2#35.78
-141.975,64.1403#37.94#26.2#35.86
-141.851,64.1327#37.85#26.2#35.95
-141.728,64.1249#37.77#26.21#36.02
-141.604,64.117#37.69#26.21#36.1
-141.481,64.109#37.6#26.21#36.19
-141.357,64.1008#37.52#26.21#36.27
-141.234,64.0926#37.43#26.22#36.35
-141.111,64.0842#37.34#26.22#36.44
-140.987,64.0757#37.26#26.22#36.52
-140.864,64.0671#37.18#26.22#36.6
-140.741,64.0584#37.09#26.23#36.68
-140.619,64.0496#37.01#26.23#36.76
-140.496,64.0407#36.93#26.23#36.84
-140.373,64.0316#36.85#26.24#36.91
-140.25,64.0225#36.77#26.24#36.99
-140.128,64.0132#36.69#26.24#37.07
-140.005,64.0038#36.62#26.24#37.14
-139.883,63.9943#36.54#26.25#37.21
-139.761,63.9846#36.45#26.25#37.3
-139.639,63.9749#36.37#26.25#37.38
-139.517,63.965#36.29#26.26#37.45
-139.395,63.9551#36.21#26.26#37.53
-139.273,63.945#36.13#26.26#37.61
-139.151,63.9348#36.05#26.27#37.68
-139.029,63.9245#35.97#26.27#37.76
-138.908,63.9141#35.89#26.27#37.84
-138.786,63.9035#35.81#26.28#37.91
-161.844,63.9026#46.27#26.08#27.65
-161.722,63.9137#46.28#26.08#27.64
-161.601,63.9247#46.3#26.08#27.62
-161.48,63.9356#46.32#26.08#27.6
-161.358,63.9464#46.34#26.08#27.58
-161.236,63.9571#46.36#26.08#27.56
-161.115,63.9676#46.38#26.08#27.54
-160.993,63.9781#46.4#26.08#27.52
-160.871,63.9884#46.42#26.08#27.5
