-152.221,56.9009#67.74#26.32#5.94
-152.124,56.9029#67.5#26.33#6.17
-152.028,56.9048#67.27#26.33#6.40000000000001
-151.931,56.9066#66.96#26.33#6.71000000000001
-151.835,56.9083#66.63#26.34#7.03
-151.738,56.91#66.29#26.34#7.36999999999999
-151.642,56.9115#65.95#26.34#7.70999999999999
-151.545,56.913#65.62#26.34#8.03999999999999
-151.448,56.9144#65.31#26.35#8.34
-151.352,56.9157#65.03#26.35#8.62
-151.255,56.9169#64.74#26.35#8.91
-151.159,56.918#64.45#26.36#9.19
-151.062,56.919#64.17#26.36#9.47
-150.966,56.9199#63.76#26.36#9.88
-150.869,56.9208#63.12#26.36#10.52
-150.772,56.9215#62.48#26.37#11.15
-150.676,56.9222#61.84#26.37#11.79
-150.579,56.9228#61.2#26.37#12.43
-150.482,56.9233#60.6#26.38#13.02
-150.386,56.9237#60.19#26.38#13.43
-150.289,56.924#59.79#26.38#13.83
-150.193,56.9242#59.38#26.39#14.23
-150.096,56.9243#58.98#26.39#14.63
-149.999,56.9244#58.57#26.39#15.04
-149.903,56.9243#58.25#26.4#15.35
-149.806,56.9242#57.92#26.4#15.68
-149.71,56.924#57.6#26.4#16
-149.613,56.9237#57.28#26.4#16.32
-149.516,56.9233#56.95#26.41#16.64
-149.42,56.9228#56.64#26.41#16.95
-149.323,56.9222#56.33#26.41#17.26
-149.226,56.9215#56.02#26.42#17.56
-149.13,56.9208#55.7#26.42#17.88
-149.033,56.9199#55.39#26.42#18.19
-148.937,56.919#55.09#26.43#18.48
-148.84,56.918#54.79#26.43#18.78
-148.744,56.9169#54.5#26.43#19.07
-148.647,56.9157#54.2#26.44#19.36
-148.55,56.9144#53.91#26.44#19.65
-148.454,56.913#53.62#26.45#19.93
-148.357,56.9115#53.35#26.45#20.2
-148.261,56.91#53.07#26.45#20.48
-148.164,56.9083#52.8#26.46#20.74
-148.068,56.9066#52.52#26.46#21.02
-147.971,56.9048#52.25#26.46#21.29
-147.875,56.9029#52.02#26.47#21.51
-147.778,56.9009#51.78#26.47#21.75
-153.961,56.9024#69.81#26.27#3.92
-153.865,56.906#69.78#26.28#3.94
-153.769,56.9095#69.74#26.28#3.98
-153.672,56.9129#69.71#26.28#4.01000000000001
-153.576,56.9162#69.67#26.28#4.05
-153.479,56.9195#69.63#26.29#4.08000000000001
-153.383,56.9226#69.54#26.29#4.16999999999999
-153.287,56.9257#69.46#26.29#4.25
-153.19,56.9287#69.38#26.29#4.33000000000001
-153.094,56.9316#69.3#26.3#4.40000000000001
-152.997,56.9344#69.21#26.3#4.49000000000001
-152.9,56.9371#69.06#26.3#4.64
-152.804,56.9397#68.9#26.3#4.8
-152.707,56.9422#68.75#26.31#4.94
-152.611,56.9447#68.59#26.31#5.09999999999999
-152.514,56.947#68.44#26.31#5.25
-152.418,56.9493#68.21#26.32#5.47
-152.321,56.9515#67.97#26.32#5.71000000000001
-152.224,56.9536#67.74#26.32#5.94
-152.128,56.9556#67.5#26.32#6.18000000000001
-152.031,56.9575#67.26#26.33#6.41
-151.934,56.9593#66.95#26.33#6.72
-151.838,56.9611#66.61#26.33#7.06
-151.741,56.9627#66.27#26.33#7.40000000000001
-151.644,56.9643#65.93#26.34#7.72999999999999
-151.548,56.9657#65.59#26.34#8.06999999999999
-151.451,56.9671#65.27#26.34#8.39
-151.354,56.9684#64.97#26.35#8.68000000000001
-151.257,56.9696#64.67#26.35#8.97999999999999
-151.161,56.9707#64.37#26.35#9.28
-151.064,56.9717#64.07#26.36#9.57000000000001
-150.967,56.9727#63.66#26.36#9.98
-150.87,56.9735#63.01#26.36#10.63
-150.774,56.9743#62.36#26.36#11.28
-150.677,56.9749#61.7#26.37#11.93
-150.58,56.9755#61.05#26.37#12.58
-150.483,56.976#60.45#26.37#13.18
-150.387,56.9764#60.06#26.38#13.56
-150.29,56.9767#59.67#26.38#13.95
-150.193,56.9769#59.28#26.38#14.34
-150.096,56.9771#58.88#26.39#14.73
-149.999,56.9771#58.5#26.39#15.11
-149.903,56.9771#58.17#26.39#15.44
-149.806,56.9769#57.85#26.39#15.76
-149.709,56.9767#57.53#26.4#16.07
-149.612,56.9764#57.21#26.4#16.39
-149.515,56.976#56.88#26.4#16.72
-149.419,56.9755#56.57#26.41#17.02
-149.322,56.9749#56.26#26.41#17.33
-149.225,56.9743#55.95#26.41#17.64
-149.128,56.9735#55.64#26.42#17.94
-149.032,56.9727#55.33#26.42#18.25
-148.935,56.9717#55.03#26.42#18.55
-148.838,56.9707#54.73#26.43#18.84
-148.741,56.9696#54.43#26.43#19.14
-148.645,56.9684#54.14#26.43#19.43
-148.548,56.9671#53.84#26.44#19.72
-148.451,56.9657#53.56#26.44#20
-148.354,56.9642#53.28#26.44#20.28
-148.258,56.9627#53.01#26.45#20.54
-148.161,56.961#52.74#26.45#20.81
-148.064,56.9593#52.46#26.45#21.09
-147.968,56.9575#52.2#26.46#21.34
-147.871,56.9556#51.95#26.46#21.59
-147.774,56.9535#51.71#26.47#21.82
-147.678,56.9515#51.46#26.47#22.07
-147.581,56.9493#51.22#26.47#22.31
-147.485,56.947#50.97#26.48#22.55
-147.388,56.9446#50.75#26.48#22.77
-147.291,56.9422#50.52#26.48#23
-147.195,56.9397#50.3#26.49#23.21
-147.098,56.937#50.07#26.49#23.44
-147.002,56.9343#49.84#26.49#23.67
-146.905,56.9315#49.74#26.5#23.76
-146.809,56.9286#49.64#26.5#23.86
-146.712,56.9256#49.54#26.51#23.95
-146.616,56.9226#49.45#26.51#24.04
-146.519,56.9194#49.35#26.51#24.14
-146.423,56.9162#49.25#26.52#24.23
-146.327,56.9128#49.16#26.52#24.32
-146.23,56.9094#49.06#26.52#24.42
-146.134,56.9059#48.96#26.53#24.51
-146.038,56.9023#48.87#26.53#24.6
-155.22,56.9001#69.86#26.24#3.90000000000001
-155.124,56.9048#69.86#26.24#3.90000000000001
-155.028,56.9095#69.86#26.25#3.89
-154.932,56.914#69.86#26.25#3.89
-154.835,56.9185#69.86#26.25#3.89
-154.739,56.9229#69.86#26.25#3.89
-154.643,56.9272#69.86#26.26#3.88
-154.546,56.9315#69.86#26.26#3.88
-154.45,56.9356#69.86#26.26#3.88
-154.354,56.9397#69.85#26.26#3.89
-154.257,56.9436#69.85#26.26#3.89
-154.161,56.9475#69.84#26.27#3.89
-154.064,56.9513#69.83#26.27#3.90000000000001
-153.968,56.955#69.82#26.27#3.91000000000001
-153.871,56.9586#69.78#26.27#3.95
-153.775,56.9621#69.75#26.28#3.97
-153.678,56.9655#69.71#26.28#4.01000000000001
-153.582,56.9689#69.68#26.28#4.03999999999999
-153.485,56.9721#69.63#26.28#4.09
-153.389,56.9753#69.55#26.29#4.16
-153.292,56.9783#69.47#26.29#4.24000000000001
-153.195,56.9813#69.38#26.29#4.33000000000001
-153.099,56.9842#69.3#26.29#4.41
-153.002,56.987#69.22#26.3#4.48
-152.905,56.9897#69.06#26.3#4.64
-152.809,56.9924#68.91#26.3#4.79000000000001
-152.712,56.9949#68.75#26.3#4.95
-152.615,56.9974#68.59#26.31#5.09999999999999
-152.518,56.9997#68.44#26.31#5.25
-152.422,57.002#68.21#26.31#5.48
-152.325,57.0042#67.97#26.31#5.72
-152.228,57.0063#67.73#26.32#5.94999999999999
-152.131,57.0083#67.49#26.32#6.19
-152.034,57.0102#67.25#26.32#6.43000000000001
-151.938,57.012#66.94#26.33#6.73
-151.841,57.0138#66.6#26.33#7.07000000000001
-151.744,57.0154#66.25#26.33#7.42
-151.647,57.017#65.9#26.33#7.77
-151.55,57.0185#65.56#26.34#8.09999999999999
-151.453,57.0198#65.23#26.34#8.42999999999999
-151.356,57.0211#64.92#26.34#8.73999999999999
-151.26,57.0223#64.6#26.35#9.05000000000001
-151.163,57.0235#64.29#26.35#9.35999999999999
-151.066,57.0245#63.98#26.35#9.67
-150.969,57.0254#63.56#26.35#10.09
-150.872,57.0263#62.89#26.36#10.75
-150.775,57.027#62.23#26.36#11.41
-150.678,57.0277#61.57#26.36#12.07
-150.581,57.0283#60.91#26.37#12.72
-150.484,57.0288#60.3#26.37#13.33
-150.387,57.0292#59.92#26.37#13.71
-150.29,57.0295#59.54#26.38#14.08
-150.193,57.0297#59.17#26.38#14.45
-150.096,57.0298#58.79#26.38#14.83
-149.999,57.0299#58.42#26.38#15.2
-149.902,57.0298#58.1#26.39#15.51
-149.805,57.0297#57.78#26.39#15.83
-149.709,57.0295#57.46#26.39#16.15
-149.612,57.0292#57.14#26.4#16.46
-149.515,57.0288#56.81#26.4#16.79
-149.418,57.0283#56.5#26.4#17.1
-149.321,57.0277#56.19#26.41#17.4
-149.224,57.027#55.88#26.41#17.71
-149.127,57.0263#55.57#26.41#18.02
-149.03,57.0254#55.26#26.42#18.32
-148.933,57.0245#54.96#26.42#18.62
-148.836,57.0234#54.67#26.42#18.91
-148.739,57.0223#54.37#26.43#19.2
-148.642,57.0211#54.07#26.43#19.5
-148.545,57.0198#53.78#26.43#19.79
-148.449,57.0184#53.49#26.44#20.07
-148.352,57.017#53.22#26.44#20.34
-148.255,57.0154#52.95#26.44#20.61
-148.158,57.0138#52.68#26.45#20.87
-148.061,57.012#52.41#26.45#21.14
-147.964,57.0102#52.14#26.45#21.41
-147.867,57.0083#51.89#26.46#21.65
-147.771,57.0063#51.63#26.46#21.91
-147.674,57.0042#51.38#26.46#22.16
-147.577,57.002#51.12#26.47#22.41
-147.48,56.9997#50.88#26.47#22.65
-147.384,56.9973#50.66#26.48#22.86
-147.287,56.9949#50.45#26.48#23.07
-147.19,56.9923#50.23#26.48#23.29
-147.093,56.9897#50.01#26.49#23.5
-146.997,56.987#49.8#26.49#23.71
-146.9,56.9842#49.7#26.49#23.81
-146.803,56.9813#49.6#26.5#23.9
-146.707,56.9783#49.5#26.5#24
-146.61,56.9752#49.4#26.51#24.09
-146.514,56.9721#49.31#26.51#24.18
-146.417,56.9688#49.21#26.51#24.28
-146.32,56.9655#49.12#26.52#24.36
-146.224,56.962#49.02#26.52#24.46
-146.127,56.9585#48.93#26.52#24.55
-146.031,56.9549#48.83#26.53#24.64
-145.934,56.9512#48.74#26.53#24.73
-145.838,56.9474#48.65#26.54#24.81
-145.741,56.9436#48.56#26.54#24.9
-145.645,56.9396#48.47#26.54#24.99
-145.549,56.9356#48.38#26.55#25.07
-145.452,56.9314#48.29#26.55#25.16
-145.356,56.9272#48.21#26.56#25.23
-145.26,56.9229#48.12#26.56#25.32
-145.163,56.9185#48.04#26.56#25.4
-145.067,56.914#47.96#26.57#25.47
-144.971,56.9094#47.87#26.57#25.56
-144.875,56.9047#47.79#26.57#25.64
-144.779,56.9#47.71#26.58#25.71
-156.19,56.9001#69.87#26.22#3.91
-156.094,56.9057#69.87#26.22#3.91
-155.998,56.9113#69.87#26.22#3.91
-155.902,56.9168#69.87#26.22#3.91
-155.806,56.9221#69.87#26.23#3.89999999999999
-155.71,56.9274#69.87#26.23#3.89999999999999
-155.614,56.9326#69.87#26.23#3.89999999999999
-155.518,56.9377#69.87#26.23#3.89999999999999
-155.422,56.9428#69.87#26.24#3.89
-155.325,56.9477#69.87#26.24#3.89
-155.229,56.9526#69.87#26.24#3.89
-155.133,56.9573#69.87#26.24#3.89
-155.036,56.962#69.87#26.24#3.89
-154.94,56.9666#69.87#26.25#3.88
-154.844,56.9711#69.87#26.25#3.88
-154.747,56.9755#69.87#26.25#3.88
-154.651,56.9798#69.87#26.25#3.88
-154.554,56.984#69.87#26.25#3.88
-154.458,56.9882#69.86#26.26#3.88
-154.361,56.9922#69.86#26.26#3.88
-154.265,56.9962#69.85#26.26#3.89
-154.168,57.0001#69.84#26.26#3.89999999999999
-154.071,57.0039#69.84#26.27#3.89
-153.975,57.0076#69.82#26.27#3.91000000000001
-153.878,57.0112#69.79#26.27#3.94
-153.781,57.0147#69.75#26.27#3.98
-153.685,57.0182#69.71#26.28#4.01000000000001
-153.588,57.0215#69.68#26.28#4.03999999999999
-153.491,57.0248#69.64#26.28#4.08
-153.394,57.0279#69.56#26.28#4.16
-153.298,57.031#69.47#26.29#4.24000000000001
-153.201,57.034#69.39#26.29#4.31999999999999
-153.104,57.0369#69.3#26.29#4.41
-153.007,57.0397#69.22#26.29#4.49000000000001
-152.91,57.0424#69.07#26.3#4.63000000000001
-152.813,57.0451#68.91#26.3#4.79000000000001
-152.717,57.0476#68.75#26.3#4.95
-152.62,57.0501#68.6#26.3#5.10000000000001
-152.523,57.0524#68.44#26.31#5.25
-152.426,57.0547#68.22#26.31#5.47
-152.329,57.0569#67.97#26.31#5.72
-152.232,57.059#67.73#26.31#5.95999999999999
-152.135,57.061#67.49#26.32#6.19
-152.038,57.0629#67.24#26.32#6.44
-151.941,57.0648#66.93#26.32#6.75
-151.844,57.0665#66.58#26.32#7.09999999999999
-151.747,57.0682#66.23#26.33#7.44
-151.65,57.0697#65.88#26.33#7.79000000000001
-151.553,57.0712#65.52#26.33#8.15000000000001
-151.456,57.0726#65.18#26.34#8.47999999999999
-151.359,57.0739#64.86#26.34#8.8
-151.262,57.0751#64.54#26.34#9.11999999999999
-151.165,57.0762#64.21#26.34#9.45
-151.068,57.0772#63.89#26.35#9.75999999999999
-150.97,57.0782#63.46#26.35#10.19
-150.873,57.079#62.78#26.35#10.87
-150.776,57.0798#62.11#26.36#11.53
-150.679,57.0804#61.44#26.36#12.2
-150.582,57.081#60.77#26.36#12.87
-150.485,57.0815#60.14#26.37#13.49
-150.388,57.0819#59.78#26.37#13.85
-150.291,57.0822#59.42#26.37#14.21
-150.194,57.0825#59.06#26.37#14.57
-150.097,57.0826#58.7#26.38#14.92
-149.999,57.0826#58.34#26.38#15.28
-149.902,57.0826#58.02#26.38#15.6
-149.805,57.0825#57.7#26.39#15.91
-149.708,57.0822#57.38#26.39#16.23
-149.611,57.0819#57.06#26.39#16.55
-149.514,57.0815#56.74#26.4#16.86
-149.417,57.081#56.43#26.4#17.17
-149.32,57.0804#56.12#26.4#17.48
-149.223,57.0798#55.81#26.41#17.78
-149.125,57.079#55.51#26.41#18.08
-149.028,57.0782#55.2#26.41#18.39
-148.931,57.0772#54.9#26.42#18.68
-148.834,57.0762#54.6#26.42#18.98
-148.737,57.0751#54.3#26.42#19.28
-148.64,57.0739#54.01#26.43#19.56
-148.543,57.0726#53.71#26.43#19.86
-148.446,57.0712#53.43#26.43#20.14
-148.349,57.0697#53.16#26.44#20.4
-148.252,57.0681#52.89#26.44#20.67
-148.155,57.0665#52.62#26.44#20.94
-148.058,57.0647#52.35#26.45#21.2
-147.961,57.0629#52.08#26.45#21.47
-147.864,57.061#51.82#26.45#21.73
-147.767,57.059#51.55#26.46#21.99
-147.67,57.0569#51.29#26.46#22.25
-147.573,57.0547#51.03#26.46#22.51
-147.476,57.0524#50.78#26.47#22.75
-147.379,57.05#50.58#26.47#22.95
-147.282,57.0476#50.37#26.48#23.15
-147.185,57.045#50.16#26.48#23.36
-147.088,57.0424#49.96#26.48#23.56
-146.992,57.0397#49.76#26.49#23.75
-146.895,57.0369#49.66#26.49#23.85
-146.798,57.034#49.56#26.49#23.95
-146.701,57.031#49.46#26.5#24.04
-146.604,57.0279#49.36#26.5#24.14
-146.508,57.0247#49.27#26.5#24.23
-146.411,57.0215#49.17#26.51#24.32
-146.314,57.0181#49.08#26.51#24.41
-146.217,57.0147#48.98#26.52#24.5
-146.121,57.0111#48.89#26.52#24.59
-146.024,57.0075#48.79#26.52#24.69
-145.927,57.0038#48.7#26.53#24.77
-145.831,57#48.61#26.53#24.86
-145.734,56.9962#48.53#26.54#24.93
-145.638,56.9922#48.44#26.54#25.02
-145.541,56.9881#48.35#26.54#25.11
-145.445,56.984#48.26#26.55#25.19
-145.348,56.9798#48.18#26.55#25.27
-145.252,56.9754#48.09#26.55#25.36
-145.155,56.971#48.01#26.56#25.43
-145.059,56.9665#47.92#26.56#25.52
-144.962,56.9619#47.84#26.57#25.59
-144.866,56.9573#47.76#26.57#25.67
-144.77,56.9525#47.68#26.57#25.75
-144.674,56.9477#47.6#26.58#25.82
-144.577,56.9427#47.52#26.58#25.9
-144.481,56.9377#47.44#26.59#25.97
-144.385,56.9326#47.36#26.59#26.05
-144.289,56.9274#47.29#26.59#26.12
-144.193,56.9221#47.21#26.6#26.19
-144.096,56.9167#47.14#26.6#26.26
-144,56.9112#47.06#26.61#26.33
-143.904,56.9057#46.99#26.61#26.4
-143.808,56.9#46.92#26.62#26.46
-156.969,56.9041#69.88#26.2#3.92
-156.873,56.9105#69.88#26.2#3.92
-156.777,56.9168#69.88#26.21#3.91
-156.681,56.9229#69.88#26.21#3.91
-156.585,56.929#69.87#26.21#3.91999999999999
-156.489,56.935#69.87#26.21#3.91999999999999
-156.393,56.941#69.87#26.21#3.91999999999999
-156.297,56.9468#69.87#26.21#3.91999999999999
-156.201,56.9525#69.87#26.22#3.91
-156.105,56.9582#69.87#26.22#3.91
-156.009,56.9637#69.87#26.22#3.91
-155.912,56.9692#69.87#26.22#3.91
-155.816,56.9746#69.87#26.22#3.91
-155.72,56.9799#69.87#26.23#3.89999999999999
-155.623,56.9851#69.87#26.23#3.89999999999999
-155.527,56.9902#69.87#26.23#3.89999999999999
-155.431,56.9953#69.87#26.23#3.89999999999999
-155.334,57.0002#69.87#26.23#3.89999999999999
-155.238,57.0051#69.87#26.24#3.89
-155.141,57.0099#69.87#26.24#3.89
-155.045,57.0145#69.87#26.24#3.89
-154.948,57.0191#69.87#26.24#3.89
-154.852,57.0236#69.87#26.24#3.89
-154.755,57.0281#69.87#26.25#3.88
-154.658,57.0324#69.87#26.25#3.88
-154.562,57.0366#69.87#26.25#3.88
-154.465,57.0408#69.87#26.25#3.88
-154.368,57.0448#69.86#26.26#3.88
-154.272,57.0488#69.86#26.26#3.88
-154.175,57.0527#69.85#26.26#3.89
-154.078,57.0565#69.84#26.26#3.89999999999999
-153.981,57.0602#69.83#26.27#3.90000000000001
-153.885,57.0638#69.79#26.27#3.94
-153.788,57.0674#69.76#26.27#3.97
-153.691,57.0708#69.72#26.27#4.01000000000001
-153.594,57.0742#69.68#26.27#4.05
-153.497,57.0774#69.65#26.28#4.06999999999999
-153.4,57.0806#69.56#26.28#4.16
-153.303,57.0837#69.48#26.28#4.23999999999999
-153.206,57.0867#69.39#26.28#4.33
-153.109,57.0896#69.31#26.29#4.40000000000001
-153.012,57.0924#69.22#26.29#4.49000000000001
-152.915,57.0951#69.07#26.29#4.64000000000001
-152.818,57.0978#68.92#26.29#4.78999999999999
-152.721,57.1003#68.76#26.3#4.94
-152.624,57.1028#68.6#26.3#5.10000000000001
-152.527,57.1052#68.44#26.3#5.26000000000001
-152.43,57.1074#68.22#26.3#5.48
-152.333,57.1096#67.97#26.31#5.72
-152.236,57.1117#67.73#26.31#5.95999999999999
-152.139,57.1137#67.48#26.31#6.20999999999999
-152.041,57.1157#67.24#26.32#6.44
-151.944,57.1175#66.93#26.32#6.75
-151.847,57.1193#66.57#26.32#7.11000000000001
-151.75,57.1209#66.21#26.32#7.47
-151.653,57.1225#65.85#26.33#7.82000000000001
-151.555,57.124#65.49#26.33#8.18000000000001
-151.458,57.1253#65.14#26.33#8.53
-151.361,57.1266#64.81#26.34#8.84999999999999
-151.264,57.1279#64.47#26.34#9.19
-151.167,57.129#64.13#26.34#9.53
-151.069,57.13#63.79#26.34#9.87
-150.972,57.1309#63.36#26.35#10.29
-150.875,57.1318#62.67#26.35#10.98
-150.778,57.1326#61.99#26.35#11.66
-150.68,57.1332#61.31#26.36#12.33
-150.583,57.1338#60.63#26.36#13.01
-150.486,57.1343#59.99#26.36#13.65
-150.389,57.1347#59.65#26.36#13.99
-150.291,57.135#59.3#26.37#14.33
-150.194,57.1352#58.96#26.37#14.67
-150.097,57.1354#58.61#26.37#15.02
-149.999,57.1354#58.27#26.38#15.35
-149.902,57.1354#57.95#26.38#15.67
-149.805,57.1352#57.63#26.38#15.99
-149.708,57.135#57.31#26.39#16.3
-149.61,57.1347#56.99#26.39#16.62
-149.513,57.1343#56.68#26.39#16.93
-149.416,57.1338#56.37#26.4#17.23
-149.318,57.1332#56.06#26.4#17.54
-149.221,57.1325#55.75#26.4#17.85
-149.124,57.1318#55.44#26.41#18.15
-149.027,57.1309#55.13#26.41#18.46
-148.929,57.13#54.83#26.41#18.76
-148.832,57.129#54.54#26.42#19.04
-148.735,57.1278#54.24#26.42#19.34
-148.638,57.1266#53.94#26.42#19.64
-148.541,57.1253#53.65#26.43#19.92
-148.443,57.1239#53.37#26.43#20.2
-148.346,57.1225#53.1#26.43#20.47
-148.249,57.1209#52.83#26.44#20.73
-148.152,57.1192#52.56#26.44#21
-148.055,57.1175#52.3#26.44#21.26
-147.957,57.1156#52.03#26.45#21.52
-147.86,57.1137#51.75#26.45#21.8
-147.763,57.1117#51.48#26.45#22.07
-147.666,57.1096#51.2#26.46#22.34
-147.569,57.1074#50.93#26.46#22.61
-147.472,57.1051#50.68#26.46#22.86
-147.375,57.1028#50.49#26.47#23.04
-147.278,57.1003#50.29#26.47#23.24
-147.181,57.0977#50.1#26.47#23.43
-147.084,57.0951#49.9#26.48#23.62
-146.987,57.0924#49.72#26.48#23.8
-146.89,57.0895#49.62#26.49#23.89
-146.793,57.0866#49.52#26.49#23.99
-146.696,57.0836#49.42#26.49#24.09
-146.599,57.0806#49.32#26.5#24.18
-146.502,57.0774#49.22#26.5#24.28
-146.405,57.0741#49.13#26.5#24.37
-146.308,57.0708#49.04#26.51#24.45
-146.211,57.0673#48.94#26.51#24.55
-146.114,57.0638#48.85#26.52#24.63
-146.017,57.0602#48.76#26.52#24.72
-145.921,57.0565#48.67#26.52#24.81
-145.824,57.0527#48.58#26.53#24.89
-145.727,57.0488#48.49#26.53#24.98
-145.63,57.0448#48.4#26.53#25.07
-145.534,57.0407#48.31#26.54#25.15
-145.437,57.0366#48.23#26.54#25.23
-145.34,57.0323#48.14#26.55#25.31
-145.244,57.028#48.06#26.55#25.39
-145.147,57.0236#47.97#26.55#25.48
-145.051,57.0191#47.89#26.56#25.55
-144.954,57.0145#47.81#26.56#25.63
-144.857,57.0098#47.73#26.57#25.7
-144.761,57.005#47.65#26.57#25.78
-144.665,57.0002#47.57#26.57#25.86
-144.568,56.9952#47.49#26.58#25.93
-144.472,56.9902#47.41#26.58#26.01
-144.375,56.9851#47.33#26.59#26.08
-144.279,56.9798#47.26#26.59#26.15
-144.183,56.9745#47.18#26.59#26.23
-144.086,56.9691#47.11#26.6#26.29
-143.99,56.9637#47.03#26.6#26.37
-143.894,56.9581#46.96#26.61#26.43
-143.798,56.9525#46.89#26.61#26.5
-143.702,56.9467#46.82#26.62#26.56
-143.606,56.9409#46.75#26.62#26.63
-143.51,56.935#46.68#26.62#26.7
-143.414,56.929#46.62#26.63#26.75
-143.318,56.9229#46.56#26.63#26.81
-143.222,56.9167#46.49#26.64#26.87
-143.126,56.9104#46.43#26.64#26.93
-143.03,56.9041#46.37#26.65#26.98
-157.747,56.9024#69.88#26.19#3.93000000000001
-157.652,56.9095#69.88#26.19#3.93000000000001
-157.556,56.9165#69.88#26.19#3.93000000000001
-157.46,56.9233#69.88#26.19#3.93000000000001
-157.364,56.9301#69.88#26.19#3.93000000000001
-157.268,56.9369#69.88#26.19#3.93000000000001
-157.173,56.9435#69.88#26.2#3.92
-157.077,56.95#69.88#26.2#3.92
-156.981,56.9565#69.88#26.2#3.92
-156.885,56.9629#69.88#26.2#3.92
-156.789,56.9691#69.88#26.2#3.92
-156.692,56.9753#69.88#26.2#3.92
-156.596,56.9814#69.88#26.21#3.91
-156.5,56.9874#69.88#26.21#3.91
-156.404,56.9934#69.88#26.21#3.91
-156.308,56.9992#69.88#26.21#3.91
-156.211,57.005#69.88#26.21#3.91
-156.115,57.0106#69.88#26.22#3.90000000000001
-156.019,57.0162#69.88#26.22#3.90000000000001
-155.922,57.0217#69.88#26.22#3.90000000000001
-155.826,57.0271#69.88#26.22#3.90000000000001
-155.729,57.0324#69.88#26.22#3.90000000000001
-155.633,57.0376#69.88#26.23#3.89
-155.536,57.0428#69.88#26.23#3.89
-155.44,57.0478#69.88#26.23#3.89
-155.343,57.0528#69.88#26.23#3.89
-155.247,57.0576#69.88#26.23#3.89
-155.15,57.0624#69.88#26.24#3.88000000000001
-155.053,57.0671#69.88#26.24#3.88000000000001
-154.957,57.0717#69.88#26.24#3.88000000000001
-154.86,57.0762#69.88#26.24#3.88000000000001
-154.763,57.0806#69.88#26.24#3.88000000000001
-154.666,57.085#69.88#26.25#3.87
-154.57,57.0892#69.88#26.25#3.87
-154.473,57.0934#69.87#26.25#3.88
-154.376,57.0975#69.87#26.25#3.88
-154.279,57.1014#69.86#26.26#3.88
-154.182,57.1053#69.85#26.26#3.89
-154.085,57.1091#69.85#26.26#3.89
-153.988,57.1129#69.83#26.26#3.91
-153.891,57.1165#69.8#26.26#3.94
-153.794,57.12#69.76#26.27#3.97
-153.697,57.1235#69.72#26.27#4.01000000000001
-153.6,57.1268#69.69#26.27#4.04000000000001
-153.503,57.1301#69.65#26.27#4.08
-153.406,57.1333#69.57#26.28#4.15000000000001
-153.309,57.1364#69.48#26.28#4.23999999999999
-153.212,57.1394#69.4#26.28#4.31999999999999
-153.115,57.1423#69.31#26.28#4.41
-153.017,57.1451#69.23#26.29#4.47999999999999
-152.92,57.1478#69.08#26.29#4.63
-152.823,57.1505#68.92#26.29#4.78999999999999
-152.726,57.153#68.76#26.29#4.94999999999999
-152.629,57.1555#68.6#26.3#5.10000000000001
-152.531,57.1579#68.44#26.3#5.26000000000001
-152.434,57.1602#68.22#26.3#5.48
-152.337,57.1624#67.97#26.3#5.73
-152.239,57.1645#67.73#26.31#5.95999999999999
-152.142,57.1665#67.48#26.31#6.20999999999999
-152.045,57.1684#67.23#26.31#6.45999999999999
-151.948,57.1703#66.92#26.32#6.75999999999999
-151.85,57.172#66.55#26.32#7.13
-151.753,57.1737#66.19#26.32#7.49000000000001
-151.655,57.1752#65.83#26.32#7.84999999999999
-151.558,57.1767#65.46#26.33#8.21000000000001
-151.461,57.1781#65.1#26.33#8.57000000000001
-151.363,57.1794#64.75#26.33#8.92
-151.266,57.1806#64.4#26.33#9.27
-151.169,57.1818#64.05#26.34#9.61
-151.071,57.1828#63.7#26.34#9.95999999999999
-150.974,57.1837#63.26#26.34#10.4
-150.876,57.1846#62.56#26.35#11.09
-150.779,57.1853#61.87#26.35#11.78
-150.681,57.186#61.18#26.35#12.47
-150.584,57.1866#60.49#26.35#13.16
-150.487,57.1871#59.85#26.36#13.79
-150.389,57.1875#59.52#26.36#14.12
-150.292,57.1878#59.19#26.36#14.45
-150.194,57.188#58.85#26.37#14.78
-150.097,57.1882#58.52#26.37#15.11
-149.999,57.1882#58.19#26.37#15.44
-149.902,57.1882#57.88#26.38#15.74
-149.805,57.188#57.56#26.38#16.06
-149.707,57.1878#57.24#26.38#16.38
-149.61,57.1875#56.92#26.39#16.69
-149.512,57.1871#56.6#26.39#17.01
-149.415,57.1866#56.3#26.39#17.31
-149.317,57.186#55.99#26.4#17.61
-149.22,57.1853#55.68#26.4#17.92
-149.122,57.1846#55.37#26.4#18.23
-149.025,57.1837#55.07#26.41#18.52
-148.928,57.1828#54.77#26.41#18.82
-148.83,57.1817#54.47#26.41#19.12
-148.733,57.1806#54.17#26.41#19.42
-148.635,57.1794#53.88#26.42#19.7
-148.538,57.1781#53.58#26.42#20
-148.441,57.1767#53.3#26.43#20.27
-148.343,57.1752#53.04#26.43#20.53
-148.246,57.1737#52.77#26.43#20.8
-148.149,57.172#52.51#26.44#21.05
-148.051,57.1702#52.24#26.44#21.32
-147.954,57.1684#51.97#26.44#21.59
-147.857,57.1665#51.68#26.45#21.87
-147.759,57.1645#51.4#26.45#22.15
-147.662,57.1623#51.12#26.45#22.43
-147.565,57.1601#50.84#26.46#22.7
-147.467,57.1579#50.59#26.46#22.95
-147.37,57.1555#50.4#26.46#23.14
-147.273,57.153#50.22#26.47#23.31
-147.176,57.1505#50.03#26.47#23.5
-147.079,57.1478#49.85#26.47#23.68
-146.981,57.1451#49.68#26.48#23.84
-146.884,57.1423#49.58#26.48#23.94
-146.787,57.1393#49.48#26.49#24.03
-146.69,57.1363#49.38#26.49#24.13
-146.593,57.1332#49.28#26.49#24.23
-146.496,57.1301#49.18#26.5#24.32
-146.399,57.1268#49.09#26.5#24.41
-146.302,57.1234#49#26.5#24.5
-146.205,57.12#48.91#26.51#24.58
-146.108,57.1164#48.81#26.51#24.68
-146.011,57.1128#48.72#26.51#24.77
-145.914,57.1091#48.63#26.52#24.85
-145.817,57.1053#48.54#26.52#24.94
-145.72,57.1014#48.46#26.53#25.01
-145.623,57.0974#48.37#26.53#25.1
-145.526,57.0933#48.28#26.53#25.19
-145.429,57.0892#48.19#26.54#25.27
-145.332,57.0849#48.11#26.54#25.35
-145.236,57.0806#48.03#26.55#25.42
-145.139,57.0762#47.94#26.55#25.51
-145.042,57.0716#47.86#26.55#25.59
-144.945,57.067#47.78#26.56#25.66
-144.849,57.0623#47.7#26.56#25.74
-144.752,57.0576#47.61#26.57#25.82
-144.656,57.0527#47.53#26.57#25.9
-144.559,57.0477#47.45#26.57#25.98
-144.462,57.0427#47.38#26.58#26.04
-144.366,57.0376#47.3#26.58#26.12
-144.269,57.0323#47.23#26.59#26.18
-144.173,57.027#47.15#26.59#26.26
-144.076,57.0216#47.07#26.59#26.34
-143.98,57.0161#47#26.6#26.4
-143.884,57.0106#46.93#26.6#26.47
-143.787,57.0049#46.86#26.61#26.53
-143.691,56.9991#46.79#26.61#26.6
-143.595,56.9933#46.72#26.62#26.66
-143.499,56.9874#46.65#26.62#26.73
-143.402,56.9813#46.59#26.62#26.79
-143.306,56.9752#46.53#26.63#26.84
-143.21,56.9691#46.46#26.63#26.91
-143.114,56.9628#46.4#26.64#26.96
-143.018,56.9564#46.34#26.64#27.02
-142.922,56.9499#46.28#26.65#27.07
-142.826,56.9434#46.22#26.65#27.13
-142.73,56.9368#46.17#26.65#27.18
-142.634,56.9301#46.11#26.66#27.23
-142.539,56.9233#46.06#26.66#27.28
-142.443,56.9164#46#26.67#27.33
-142.347,56.9094#45.95#26.67#27.38
-142.251,56.9023#45.9#26.68#27.42
-158.43,56.9027#69.88#26.17#3.95
-158.335,56.9104#69.88#26.17#3.95
-158.239,56.918#69.88#26.18#3.94
-158.143,56.9255#69.88#26.18#3.94
-158.048,56.9329#69.88#26.18#3.94
-157.952,56.9402#69.88#26.18#3.94
-157.856,56.9475#69.88#26.18#3.94
-157.76,56.9547#69.88#26.18#3.94
-157.665,56.9617#69.88#26.18#3.94
-157.569,56.9687#69.88#26.19#3.93000000000001
-157.473,56.9756#69.88#26.19#3.93000000000001
-157.377,56.9824#69.88#26.19#3.93000000000001
-157.281,56.9892#69.88#26.19#3.93000000000001
-157.185,56.9958#69.88#26.19#3.93000000000001
-157.089,57.0024#69.88#26.19#3.93000000000001
-156.992,57.0088#69.88#26.2#3.92
-156.896,57.0152#69.88#26.2#3.92
-156.8,57.0215#69.88#26.2#3.92
-156.704,57.0277#69.88#26.2#3.92
-156.607,57.0338#69.88#26.2#3.92
-156.511,57.0399#69.88#26.21#3.91
-156.415,57.0458#69.88#26.21#3.91
-156.318,57.0516#69.88#26.21#3.91
-156.222,57.0574#69.88#26.21#3.91
-156.125,57.0631#69.88#26.21#3.91
-156.029,57.0687#69.88#26.21#3.91
-155.932,57.0742#69.88#26.22#3.90000000000001
-155.836,57.0796#69.88#26.22#3.90000000000001
-155.739,57.0849#69.88#26.22#3.90000000000001
-155.642,57.0901#69.88#26.22#3.90000000000001
-155.546,57.0953#69.88#26.22#3.90000000000001
-155.449,57.1003#69.88#26.23#3.89
-155.352,57.1053#69.88#26.23#3.89
-155.256,57.1102#69.88#26.23#3.89
-155.159,57.115#69.88#26.23#3.89
-155.062,57.1197#69.88#26.23#3.89
-154.965,57.1243#69.88#26.24#3.88000000000001
-154.868,57.1288#69.88#26.24#3.88000000000001
-154.771,57.1332#69.88#26.24#3.88000000000001
-154.674,57.1376#69.88#26.24#3.88000000000001
-154.577,57.1418#69.88#26.25#3.87
-154.48,57.146#69.88#26.25#3.87
-154.383,57.1501#69.87#26.25#3.88
-154.286,57.1541#69.87#26.25#3.88
-154.189,57.158#69.86#26.25#3.89
-154.092,57.1618#69.85#26.26#3.89
-153.995,57.1655#69.84#26.26#3.89999999999999
-153.898,57.1692#69.8#26.26#3.94
-153.801,57.1727#69.77#26.26#3.97
-153.703,57.1762#69.73#26.27#4
-153.606,57.1795#69.69#26.27#4.04000000000001
-153.509,57.1828#69.65#26.27#4.08
-153.412,57.186#69.57#26.27#4.16000000000001
-153.314,57.1891#69.48#26.28#4.23999999999999
-153.217,57.1921#69.39#26.28#4.33
-153.12,57.195#69.31#26.28#4.41
-153.023,57.1978#69.22#26.28#4.5
-152.925,57.2006#69.07#26.29#4.64000000000001
-152.828,57.2032#68.91#26.29#4.80000000000001
-152.73,57.2058#68.74#26.29#4.97
-152.633,57.2083#68.58#26.29#5.13
-152.536,57.2106#68.41#26.3#5.29000000000001
-152.438,57.2129#68.19#26.3#5.51000000000001
-152.341,57.2151#67.93#26.3#5.77
-152.243,57.2172#67.68#26.3#6.02
-152.146,57.2193#67.42#26.31#6.27
-152.048,57.2212#67.17#26.31#6.52
-151.951,57.223#66.85#26.31#6.84
-151.853,57.2248#66.48#26.31#7.20999999999999
-151.756,57.2265#66.11#26.32#7.56999999999999
-151.658,57.228#65.74#26.32#7.94
-151.561,57.2295#65.37#26.32#8.31
-151.463,57.2309#65#26.33#8.67
-151.366,57.2322#64.64#26.33#9.03
-151.268,57.2334#64.28#26.33#9.39
-151.171,57.2345#63.92#26.33#9.75
-151.073,57.2356#63.55#26.34#10.11
-150.975,57.2365#63.11#26.34#10.55
-150.878,57.2374#62.43#26.34#11.23
-150.78,57.2381#61.76#26.35#11.89
-150.683,57.2388#61.08#26.35#12.57
-150.585,57.2394#60.4#26.35#13.25
-150.487,57.2399#59.77#26.35#13.88
-150.39,57.2403#59.44#26.36#14.2
-150.292,57.2406#59.11#26.36#14.53
-150.195,57.2408#58.77#26.36#14.87
-150.097,57.241#58.44#26.37#15.19
-149.999,57.241#58.11#26.37#15.52
-149.902,57.241#57.79#26.37#15.84
-149.804,57.2408#57.47#26.38#16.15
-149.707,57.2406#57.16#26.38#16.46
-149.609,57.2403#56.84#26.38#16.78
-149.511,57.2399#56.52#26.38#17.1
-149.414,57.2394#56.21#26.39#17.4
-149.316,57.2388#55.9#26.39#17.71
-149.219,57.2381#55.59#26.39#18.02
-149.121,57.2374#55.29#26.4#18.31
-149.023,57.2365#54.98#26.4#18.62
-148.926,57.2356#54.68#26.4#18.92
-148.828,57.2345#54.38#26.41#19.21
-148.731,57.2334#54.09#26.41#19.5
-148.633,57.2322#53.79#26.41#19.8
-148.536,57.2309#53.49#26.42#20.09
-148.438,57.2295#53.22#26.42#20.36
-148.34,57.228#52.95#26.42#20.63
-148.243,57.2264#52.68#26.43#20.89
-148.145,57.2248#52.42#26.43#21.15
-148.048,57.223#52.15#26.43#21.42
-147.95,57.2212#51.87#26.44#21.69
-147.853,57.2192#51.59#26.44#21.97
-147.756,57.2172#51.31#26.45#22.24
-147.658,57.2151#51.03#26.45#22.52
-147.561,57.2129#50.74#26.45#22.81
-147.463,57.2106#50.5#26.46#23.04
-147.366,57.2082#50.32#26.46#23.22
-147.268,57.2058#50.15#26.46#23.39
-147.171,57.2032#49.97#26.47#23.56
-147.074,57.2005#49.8#26.47#23.73
-146.976,57.1978#49.64#26.47#23.89
-146.879,57.195#49.54#26.48#23.98
-146.782,57.1921#49.44#26.48#24.08
-146.684,57.189#49.34#26.48#24.18
-146.587,57.1859#49.24#26.49#24.27
-146.49,57.1828#49.14#26.49#24.37
-146.393,57.1795#49.05#26.5#24.45
-146.295,57.1761#48.96#26.5#24.54
-146.198,57.1727#48.87#26.5#24.63
-146.101,57.1691#48.78#26.51#24.71
-146.004,57.1655#48.68#26.51#24.81
-145.907,57.1618#48.6#26.51#24.89
-145.81,57.1579#48.51#26.52#24.97
-145.713,57.154#48.42#26.52#25.06
-145.616,57.15#48.33#26.53#25.14
-145.518,57.146#48.24#26.53#25.23
-145.421,57.1418#48.16#26.53#25.31
-145.324,57.1375#48.08#26.54#25.38
-145.228,57.1332#47.99#26.54#25.47
-145.131,57.1288#47.91#26.55#25.54
-145.034,57.1242#47.82#26.55#25.63
-144.937,57.1196#47.74#26.55#25.71
-144.84,57.1149#47.66#26.56#25.78
-144.743,57.1101#47.58#26.56#25.86
-144.646,57.1052#47.5#26.57#25.93
-144.55,57.1003#47.42#26.57#26.01
-144.453,57.0952#47.34#26.57#26.09
-144.356,57.0901#47.27#26.58#26.15
-144.26,57.0848#47.19#26.58#26.23
-144.163,57.0795#47.12#26.59#26.29
-144.066,57.0741#47.04#26.59#26.37
-143.97,57.0686#46.97#26.59#26.44
-143.873,57.063#46.9#26.6#26.5
-143.777,57.0573#46.83#26.6#26.57
-143.68,57.0516#46.76#26.61#26.63
-143.584,57.0457#46.69#26.61#26.7
-143.488,57.0398#46.62#26.62#26.76
-143.391,57.0337#46.56#26.62#26.82
-143.295,57.0276#46.5#26.62#26.88
-143.199,57.0214#46.43#26.63#26.94
-143.103,57.0151#46.37#26.63#27
-143.006,57.0088#46.31#26.64#27.05
-142.91,57.0023#46.25#26.64#27.11
-142.814,56.9957#46.19#26.65#27.16
-142.718,56.9891#46.14#26.65#27.21
-142.622,56.9824#46.08#26.65#27.27
-142.526,56.9755#46.03#26.66#27.31
-142.43,56.9686#45.97#26.66#27.37
-142.334,56.9617#45.92#26.67#27.41
-142.238,56.9546#45.87#26.67#27.46
-142.143,56.9474#45.82#26.68#27.5
-142.047,56.9402#45.77#26.68#27.55
-141.951,56.9328#45.72#26.68#27.6
-141.855,56.9254#45.67#26.69#27.64
-141.76,56.9179#45.62#26.69#27.69
-141.664,56.9103#45.57#26.7#27.73
-141.569,56.9026#45.52#26.7#27.78
-159.017,56.9068#69.89#26.16#3.95
-158.922,56.915#69.89#26.16#3.95
-158.827,56.9232#69.89#26.16#3.95
-158.731,56.9312#69.89#26.17#3.94
-158.636,56.9392#69.89#26.17#3.94
-158.54,56.9471#69.89#26.17#3.94
-158.444,56.9548#69.89#26.17#3.94
-158.349,56.9625#69.88#26.17#3.95
-158.253,56.9702#69.88#26.17#3.95
-158.157,56.9777#69.88#26.17#3.95
-158.061,56.9851#69.88#26.18#3.94
-157.965,56.9925#69.88#26.18#3.94
-157.869,56.9997#69.88#26.18#3.94
-157.773,57.0069#69.88#26.18#3.94
-157.677,57.014#69.88#26.18#3.94
-157.581,57.021#69.88#26.18#3.94
-157.485,57.0279#69.88#26.19#3.93000000000001
-157.389,57.0348#69.88#26.19#3.93000000000001
-157.293,57.0415#69.88#26.19#3.93000000000001
-157.197,57.0482#69.88#26.19#3.93000000000001
-157.101,57.0547#69.88#26.19#3.93000000000001
-157.004,57.0612#69.88#26.19#3.93000000000001
-156.908,57.0676#69.88#26.2#3.92
-156.812,57.0739#69.88#26.2#3.92
-156.715,57.0801#69.88#26.2#3.92
-156.619,57.0862#69.88#26.2#3.92
-156.522,57.0923#69.88#26.2#3.92
-156.426,57.0982#69.88#26.2#3.92
-156.329,57.1041#69.88#26.21#3.91
-156.232,57.1099#69.88#26.21#3.91
-156.136,57.1156#69.88#26.21#3.91
-156.039,57.1212#69.89#26.21#3.90000000000001
-155.942,57.1267#69.89#26.21#3.90000000000001
-155.846,57.1321#69.88#26.22#3.90000000000001
-155.749,57.1374#69.88#26.22#3.90000000000001
-155.652,57.1427#69.88#26.22#3.90000000000001
-155.555,57.1478#69.88#26.22#3.90000000000001
-155.458,57.1529#69.88#26.22#3.90000000000001
-155.361,57.1579#69.89#26.23#3.88
-155.264,57.1627#69.89#26.23#3.88
-155.168,57.1675#69.89#26.23#3.88
-155.071,57.1723#69.89#26.23#3.88
-154.973,57.1769#69.89#26.23#3.88
-154.876,57.1814#69.89#26.24#3.87
-154.779,57.1859#69.89#26.24#3.87
-154.682,57.1902#69.89#26.24#3.87
-154.585,57.1945#69.89#26.24#3.87
-154.488,57.1987#69.88#26.24#3.88000000000001
-154.391,57.2027#69.88#26.25#3.87
-154.294,57.2067#69.87#26.25#3.88
-154.196,57.2106#69.86#26.25#3.89
-154.099,57.2145#69.85#26.25#3.90000000000001
-154.002,57.2182#69.84#26.26#3.89999999999999
-153.904,57.2218#69.8#26.26#3.94
-153.807,57.2254#69.76#26.26#3.97999999999999
-153.71,57.2288#69.72#26.26#4.02
-153.612,57.2322#69.68#26.27#4.05
-153.515,57.2355#69.64#26.27#4.09
-153.418,57.2387#69.55#26.27#4.18000000000001
-153.32,57.2418#69.46#26.27#4.27000000000001
-153.223,57.2448#69.37#26.27#4.36
-153.125,57.2477#69.27#26.28#4.45
-153.028,57.2506#69.18#26.28#4.53999999999999
-152.93,57.2533#69.03#26.28#4.69
-152.833,57.256#68.86#26.28#4.86
-152.735,57.2585#68.69#26.29#5.02000000000001
-152.638,57.261#68.52#26.29#5.19
-152.54,57.2634#68.35#26.29#5.36000000000001
-152.442,57.2657#68.13#26.29#5.58000000000001
-152.345,57.2679#67.87#26.3#5.83
-152.247,57.27#67.61#26.3#6.09
-152.149,57.272#67.35#26.3#6.35000000000001
-152.052,57.274#67.09#26.31#6.59999999999999
-151.954,57.2758#66.77#26.31#6.92
-151.857,57.2776#66.39#26.31#7.3
-151.759,57.2793#66.02#26.31#7.67
-151.661,57.2808#65.64#26.32#8.03999999999999
-151.563,57.2823#65.26#26.32#8.41999999999999
-151.466,57.2837#64.89#26.32#8.78999999999999
-151.368,57.285#64.52#26.32#9.16
-151.27,57.2862#64.15#26.33#9.52
-151.173,57.2874#63.78#26.33#9.89
-151.075,57.2884#63.41#26.33#10.26
-150.977,57.2893#62.97#26.34#10.69
-150.879,57.2902#62.31#26.34#11.35
-150.782,57.291#61.64#26.34#12.02
-150.684,57.2916#60.98#26.34#12.68
-150.586,57.2922#60.32#26.35#13.33
-150.488,57.2927#59.69#26.35#13.96
-150.39,57.2931#59.36#26.35#14.29
-150.293,57.2934#59.03#26.36#14.61
-150.195,57.2937#58.7#26.36#14.94
-150.097,57.2938#58.36#26.36#15.28
-149.999,57.2938#58.03#26.37#15.6
-149.902,57.2938#57.71#26.37#15.92
-149.804,57.2937#57.39#26.37#16.24
-149.706,57.2934#57.07#26.38#16.55
-149.608,57.2931#56.75#26.38#16.87
-149.511,57.2927#56.43#26.38#17.19
-149.413,57.2922#56.12#26.38#17.5
-149.315,57.2916#55.81#26.39#17.8
-149.217,57.291#55.51#26.39#18.1
-149.119,57.2902#55.2#26.39#18.41
-149.022,57.2893#54.89#26.4#18.71
-148.924,57.2884#54.59#26.4#19.01
-148.826,57.2873#54.29#26.4#19.31
-148.728,57.2862#54#26.41#19.59
-148.631,57.285#53.7#26.41#19.89
-148.533,57.2837#53.4#26.41#20.19
-148.435,57.2823#53.12#26.42#20.46
-148.338,57.2808#52.85#26.42#20.73
-148.24,57.2792#52.58#26.42#21
-148.142,57.2776#52.31#26.43#21.26
-148.045,57.2758#52.05#26.43#21.52
-147.947,57.274#51.77#26.43#21.8
-147.849,57.272#51.49#26.44#22.07
-147.752,57.27#51.21#26.44#22.35
-147.654,57.2679#50.93#26.44#22.63
-147.556,57.2657#50.65#26.45#22.9
-147.459,57.2634#50.42#26.45#23.13
-147.361,57.261#50.25#26.46#23.29
-147.264,57.2585#50.08#26.46#23.46
-147.166,57.2559#49.91#26.46#23.63
-147.069,57.2533#49.74#26.47#23.79
-146.971,57.2505#49.59#26.47#23.94
-146.874,57.2477#49.5#26.47#24.03
-146.776,57.2448#49.4#26.48#24.12
-146.679,57.2418#49.3#26.48#24.22
-146.581,57.2387#49.2#26.48#24.32
-146.484,57.2355#49.1#26.49#24.41
-146.386,57.2322#49.01#26.49#24.5
-146.289,57.2288#48.92#26.5#24.58
-146.192,57.2253#48.83#26.5#24.67
-146.094,57.2218#48.73#26.5#24.77
-145.997,57.2181#48.64#26.51#24.85
-145.9,57.2144#48.56#26.51#24.93
-145.803,57.2106#48.47#26.51#25.02
-145.705,57.2067#48.38#26.52#25.1
-145.608,57.2027#48.29#26.52#25.19
-145.511,57.1986#48.21#26.53#25.26
-145.414,57.1944#48.12#26.53#25.35
-145.317,57.1902#48.04#26.53#25.43
-145.219,57.1858#47.96#26.54#25.5
-145.122,57.1814#47.88#26.54#25.58
-145.025,57.1768#47.79#26.55#25.66
-144.928,57.1722#47.71#26.55#25.74
-144.831,57.1675#47.63#26.55#25.82
-144.734,57.1627#47.55#26.56#25.89
-144.637,57.1578#47.47#26.56#25.97
-144.54,57.1528#47.39#26.57#26.04
-144.444,57.1477#47.31#26.57#26.12
-144.347,57.1426#47.24#26.57#26.19
-144.25,57.1373#47.16#26.58#26.26
-144.153,57.132#47.09#26.58#26.33
-144.056,57.1266#47.01#26.59#26.4
-143.96,57.1211#46.94#26.59#26.47
-143.863,57.1155#46.87#26.59#26.54
-143.766,57.1098#46.8#26.6#26.6
-143.67,57.104#46.73#26.6#26.67
-143.573,57.0982#46.66#26.61#26.73
-143.477,57.0922#46.59#26.61#26.8
-143.38,57.0862#46.53#26.62#26.85
-143.284,57.08#46.46#26.62#26.92
-143.187,57.0738#46.4#26.62#26.98
-143.091,57.0675#46.34#26.63#27.03
-142.995,57.0611#46.28#26.63#27.09
-142.898,57.0546#46.22#26.64#27.14
-142.802,57.0481#46.16#26.64#27.2
-142.706,57.0414#46.11#26.65#27.24
-142.61,57.0347#46.05#26.65#27.3
-142.513,57.0278#45.99#26.65#27.36
-142.417,57.0209#45.94#26.66#27.4
-142.321,57.0139#45.89#26.66#27.45
-142.225,57.0068#45.84#26.67#27.49
-142.129,56.9997#45.79#26.67#27.54
-142.033,56.9924#45.74#26.68#27.58
-141.938,56.985#45.69#26.68#27.63
-141.842,56.9776#45.64#26.68#27.68
-141.746,56.9701#45.59#26.69#27.72
-141.65,56.9624#45.54#26.69#27.77
-141.554,56.9547#45.49#26.7#27.81
-141.459,56.947#45.44#26.7#27.86
-141.363,56.9391#45.39#26.71#27.9
-141.268,56.9311#45.34#26.71#27.95
-141.172,56.9231#45.29#26.72#27.99
-141.077,56.9149#45.24#26.72#28.04
-140.981,56.9067#45.2#26.73#28.07
-159.605,56.9077#69.89#26.15#3.96000000000001
-159.51,56.9164#69.89#26.15#3.96000000000001
-159.414,56.9251#69.89#26.15#3.96000000000001
-159.319,56.9337#69.89#26.16#3.95
-159.224,56.9422#69.89#26.16#3.95
-159.128,56.9506#69.89#26.16#3.95
-159.033,56.9589#69.89#26.16#3.95
-158.937,56.9671#69.89#26.16#3.95
-158.841,56.9753#69.89#26.16#3.95
-158.746,56.9833#69.89#26.16#3.95
-158.65,56.9913#69.89#26.17#3.94
-158.554,56.9992#69.89#26.17#3.94
-158.459,57.007#69.89#26.17#3.94
-158.363,57.0147#69.89#26.17#3.94
-158.267,57.0224#69.89#26.17#3.94
-158.171,57.0299#69.89#26.17#3.94
-158.075,57.0374#69.89#26.17#3.94
-157.979,57.0447#69.89#26.18#3.93000000000001
-157.883,57.052#69.89#26.18#3.93000000000001
-157.787,57.0592#69.89#26.18#3.93000000000001
-157.69,57.0663#69.89#26.18#3.93000000000001
-157.594,57.0733#69.89#26.18#3.93000000000001
-157.498,57.0803#69.89#26.18#3.93000000000001
-157.402,57.0871#69.89#26.18#3.93000000000001
-157.305,57.0938#69.89#26.19#3.92
-157.209,57.1005#69.89#26.19#3.92
-157.113,57.1071#69.89#26.19#3.92
-157.016,57.1136#69.89#26.19#3.92
-156.92,57.12#69.89#26.19#3.92
-156.823,57.1263#69.89#26.19#3.92
-156.726,57.1325#69.89#26.2#3.91
-156.63,57.1387#69.89#26.2#3.91
-156.533,57.1447#69.89#26.2#3.91
-156.436,57.1507#69.89#26.2#3.91
-156.34,57.1566#69.89#26.2#3.91
-156.243,57.1623#69.89#26.21#3.90000000000001
-156.146,57.168#69.89#26.21#3.90000000000001
-156.049,57.1736#69.89#26.21#3.90000000000001
-155.952,57.1792#69.89#26.21#3.90000000000001
-155.856,57.1846#69.89#26.21#3.90000000000001
-155.759,57.1899#69.89#26.21#3.90000000000001
-155.662,57.1952#69.89#26.22#3.89
-155.565,57.2004#69.89#26.22#3.89
-155.468,57.2054#69.89#26.22#3.89
-155.371,57.2104#69.89#26.22#3.89
-155.273,57.2153#69.89#26.22#3.89
-155.176,57.2201#69.89#26.23#3.88
-155.079,57.2249#69.89#26.23#3.88
-154.982,57.2295#69.89#26.23#3.88
-154.885,57.234#69.89#26.23#3.88
-154.787,57.2385#69.89#26.24#3.87
-154.69,57.2428#69.89#26.24#3.87
-154.593,57.2471#69.89#26.24#3.87
-154.496,57.2513#69.89#26.24#3.87
-154.398,57.2554#69.88#26.24#3.88000000000001
-154.301,57.2594#69.87#26.25#3.88
-154.203,57.2633#69.86#26.25#3.89
-154.106,57.2671#69.85#26.25#3.90000000000001
-154.009,57.2709#69.83#26.25#3.92
-153.911,57.2745#69.79#26.26#3.94999999999999
-153.814,57.2781#69.75#26.26#3.98999999999999
-153.716,57.2816#69.71#26.26#4.03
-153.618,57.2849#69.66#26.26#4.08
-153.521,57.2882#69.62#26.26#4.11999999999999
-153.423,57.2914#69.53#26.27#4.2
-153.326,57.2945#69.43#26.27#4.3
-153.228,57.2976#69.34#26.27#4.39
-153.13,57.3005#69.24#26.27#4.49000000000001
-153.033,57.3033#69.14#26.28#4.58
-152.935,57.3061#68.99#26.28#4.73
