-153.416,59.9018#61.98#26.16#11.86
-153.309,59.905#61.52#26.16#12.32
-153.203,59.908#61.05#26.16#12.79
-153.096,59.9109#60.59#26.16#13.25
-152.99,59.9138#60.13#26.16#13.71
-152.883,59.9165#59.68#26.16#14.16
-152.777,59.9192#59.25#26.16#14.59
-152.67,59.9217#58.81#26.17#15.02
-152.563,59.9241#58.37#26.17#15.46
-152.456,59.9265#57.98#26.17#15.85
-152.35,59.9287#57.64#26.17#16.19
-152.243,59.9309#57.3#26.17#16.53
-152.136,59.9329#56.96#26.18#16.86
-152.03,59.9349#56.62#26.18#17.2
-151.923,59.9367#56.29#26.18#17.53
-151.816,59.9385#55.97#26.18#17.85
-151.709,59.9401#55.65#26.18#18.17
-151.602,59.9417#55.34#26.18#18.48
-151.496,59.9431#55.02#26.19#18.79
-151.389,59.9444#54.73#26.19#19.08
-151.282,59.9457#54.43#26.19#19.38
-151.175,59.9468#54.14#26.19#19.67
-151.068,59.9479#53.85#26.19#19.96
-150.961,59.9488#53.56#26.2#20.24
-150.854,59.9497#53.29#26.2#20.51
-150.748,59.9504#53.01#26.2#20.79
-150.641,59.9511#52.73#26.2#21.07
-150.534,59.9516#52.46#26.2#21.34
-150.427,59.9521#52.2#26.21#21.59
-150.32,59.9524#51.95#26.21#21.84
-150.213,59.9527#51.7#26.21#22.09
-150.106,59.9528#51.45#26.21#22.34
-149.999,59.9529#51.2#26.21#22.59
-149.892,59.9528#51.02#26.22#22.76
-149.786,59.9527#50.83#26.22#22.95
-149.679,59.9524#50.65#26.22#23.13
-149.572,59.9521#50.47#26.22#23.31
-149.465,59.9516#50.3#26.23#23.47
-149.358,59.9511#50.15#26.23#23.62
-149.251,59.9504#50.01#26.23#23.76
-149.144,59.9497#49.86#26.23#23.91
-149.037,59.9488#49.71#26.24#24.05
-148.93,59.9479#49.59#26.24#24.17
-148.824,59.9468#49.49#26.24#24.27
-148.717,59.9457#49.39#26.24#24.37
-148.61,59.9444#49.29#26.25#24.46
-148.503,59.9431#49.19#26.25#24.56
-148.396,59.9416#49.06#26.25#24.69
-148.289,59.9401#48.92#26.25#24.83
-148.183,59.9384#48.79#26.26#24.95
-148.076,59.9367#48.66#26.26#25.08
-147.969,59.9348#48.53#26.26#25.21
-147.862,59.9329#48.4#26.26#25.34
-147.756,59.9309#48.28#26.27#25.45
-147.649,59.9287#48.16#26.27#25.57
-147.542,59.9265#48.04#26.27#25.69
-147.435,59.9241#47.92#26.28#25.8
-147.329,59.9217#47.81#26.28#25.91
-147.222,59.9191#47.7#26.28#26.02
-147.116,59.9165#47.58#26.28#26.14
-147.009,59.9137#47.47#26.29#26.24
-146.902,59.9109#47.36#26.29#26.35
-146.796,59.908#47.25#26.29#26.46
-146.689,59.9049#47.14#26.3#26.56
-146.583,59.9018#47.04#26.3#26.66
-154.914,59.9008#66.47#26.13#7.40000000000001
-154.807,59.9053#66.21#26.14#7.65000000000001
-154.701,59.9097#65.95#26.14#7.91
-154.595,59.9141#65.69#26.14#8.17
-154.488,59.9183#65.42#26.14#8.44
-154.382,59.9225#65.05#26.14#8.81
-154.275,59.9265#64.67#26.14#9.19
-154.169,59.9304#64.29#26.14#9.56999999999999
-154.062,59.9343#63.91#26.15#9.94
-153.956,59.938#63.54#26.15#10.31
-153.849,59.9417#63.18#26.15#10.67
-153.742,59.9452#62.82#26.15#11.03
-153.636,59.9486#62.46#26.15#11.39
-153.529,59.952#62.1#26.15#11.75
-153.422,59.9552#61.66#26.15#12.19
-153.316,59.9584#61.2#26.16#12.64
-153.209,59.9614#60.75#26.16#13.09
-153.102,59.9644#60.29#26.16#13.55
-152.995,59.9672#59.84#26.16#14
-152.889,59.97#59.41#26.16#14.43
-152.782,59.9726#58.98#26.16#14.86
-152.675,59.9752#58.56#26.16#15.28
-152.568,59.9776#58.13#26.17#15.7
-152.461,59.98#57.74#26.17#16.09
-152.354,59.9822#57.4#26.17#16.43
-152.247,59.9844#57.06#26.17#16.77
-152.14,59.9864#56.72#26.17#17.11
-152.033,59.9884#56.38#26.17#17.45
-151.926,59.9902#56.06#26.18#17.76
-151.819,59.992#55.74#26.18#18.08
-151.712,59.9936#55.42#26.18#18.4
-151.605,59.9952#55.1#26.18#18.72
-151.498,59.9966#54.79#26.18#19.03
-151.391,59.998#54.5#26.19#19.31
-151.284,59.9992#54.2#26.19#19.61
-151.177,60.0004#53.91#26.19#19.9
-151.07,60.0014#53.62#26.19#20.19
-150.963,60.0024#53.34#26.19#20.47
-150.856,60.0032#53.06#26.2#20.74
-150.749,60.004#52.78#26.2#21.02
-150.642,60.0046#52.51#26.2#21.29
-150.535,60.0052#52.23#26.2#21.57
-150.428,60.0056#51.97#26.2#21.83
-150.321,60.006#51.72#26.21#22.07
-150.214,60.0062#51.47#26.21#22.32
-150.106,60.0064#51.22#26.21#22.57
-149.999,60.0064#50.97#26.21#22.82
-149.892,60.0064#50.8#26.21#22.99
-149.785,60.0062#50.63#26.22#23.15
-149.678,60.006#50.46#26.22#23.32
-149.571,60.0056#50.29#26.22#23.49
-149.464,60.0052#50.14#26.22#23.64
-149.357,60.0046#50#26.23#23.77
-149.25,60.0039#49.87#26.23#23.9
-149.143,60.0032#49.73#26.23#24.04
-149.036,60.0023#49.6#26.23#24.17
-148.928,60.0014#49.49#26.24#24.27
-148.821,60.0003#49.4#26.24#24.36
-148.714,59.9992#49.3#26.24#24.46
-148.607,59.9979#49.21#26.24#24.55
-148.5,59.9966#49.11#26.25#24.64
-148.393,59.9951#48.98#26.25#24.77
-148.286,59.9936#48.85#26.25#24.9
-148.179,59.9919#48.72#26.25#25.03
-148.072,59.9902#48.59#26.26#25.15
-147.965,59.9883#48.46#26.26#25.28
-147.858,59.9864#48.34#26.26#25.4
-147.751,59.9843#48.22#26.26#25.52
-147.645,59.9822#48.1#26.27#25.63
-147.538,59.9799#47.98#26.27#25.75
-147.431,59.9776#47.87#26.27#25.86
-147.324,59.9751#47.75#26.28#25.97
-147.217,59.9726#47.64#26.28#26.08
-147.11,59.9699#47.52#26.28#26.2
-147.003,59.9672#47.41#26.28#26.31
-146.897,59.9643#47.3#26.29#26.41
-146.79,59.9614#47.19#26.29#26.52
-146.683,59.9583#47.09#26.29#26.62
-146.576,59.9552#46.98#26.3#26.72
-146.47,59.952#46.88#26.3#26.82
-146.363,59.9486#46.78#26.3#26.92
-146.256,59.9452#46.68#26.3#27.02
-146.15,59.9416#46.58#26.31#27.11
-146.043,59.938#46.48#26.31#27.21
-145.936,59.9342#46.39#26.31#27.3
-145.83,59.9304#46.3#26.32#27.38
-145.723,59.9264#46.2#26.32#27.48
-145.617,59.9224#46.11#26.32#27.57
-145.51,59.9183#46.02#26.33#27.65
-145.404,59.914#45.94#26.33#27.73
-145.298,59.9097#45.86#26.33#27.81
-145.191,59.9053#45.77#26.34#27.89
-145.085,59.9007#45.69#26.34#27.97
-155.986,59.9032#68.65#26.12#5.22999999999999
-155.88,59.9088#68.46#26.12#5.42
-155.774,59.9142#68.26#26.12#5.61999999999999
-155.668,59.9195#68.06#26.13#5.81
-155.561,59.9248#67.87#26.13#6
-155.455,59.9299#67.63#26.13#6.24000000000001
-155.349,59.9349#67.35#26.13#6.52000000000001
-155.242,59.9399#67.07#26.13#6.80000000000001
-155.136,59.9447#66.78#26.13#7.09
-155.029,59.9495#66.5#26.13#7.37
-154.923,59.9541#66.23#26.13#7.64
-154.816,59.9586#65.98#26.13#7.89
-154.71,59.9631#65.72#26.14#8.14
-154.603,59.9674#65.47#26.14#8.39
-154.497,59.9717#65.22#26.14#8.64
-154.39,59.9758#64.83#26.14#9.03
-154.283,59.9799#64.44#26.14#9.42
-154.177,59.9838#64.05#26.14#9.81
-154.07,59.9877#63.66#26.14#10.2
-153.963,59.9914#63.28#26.15#10.57
-153.856,59.9951#62.9#26.15#10.95
-153.749,59.9986#62.53#26.15#11.32
-153.643,60.0021#62.15#26.15#11.7
-153.536,60.0054#61.77#26.15#12.08
-153.429,60.0087#61.34#26.15#12.51
-153.322,60.0118#60.89#26.15#12.96
-153.215,60.0149#60.44#26.16#13.4
-153.108,60.0178#59.99#26.16#13.85
-153.001,60.0207#59.55#26.16#14.29
-152.894,60.0234#59.13#26.16#14.71
-152.787,60.0261#58.72#26.16#15.12
-152.68,60.0286#58.3#26.16#15.54
-152.573,60.0311#57.89#26.16#15.95
-152.466,60.0335#57.51#26.17#16.32
-152.359,60.0357#57.17#26.17#16.66
-152.251,60.0379#56.83#26.17#17
-152.144,60.0399#56.49#26.17#17.34
-152.037,60.0419#56.15#26.17#17.68
-151.93,60.0437#55.82#26.17#18.01
-151.823,60.0455#55.51#26.18#18.31
-151.716,60.0471#55.19#26.18#18.63
-151.608,60.0487#54.87#26.18#18.95
-151.501,60.0501#54.56#26.18#19.26
-151.394,60.0515#54.27#26.18#19.55
-151.287,60.0527#53.97#26.19#19.84
-151.179,60.0539#53.68#26.19#20.13
-151.072,60.0549#53.39#26.19#20.42
-150.965,60.0559#53.11#26.19#20.7
-150.858,60.0567#52.83#26.19#20.98
-150.75,60.0575#52.56#26.2#21.24
-150.643,60.0581#52.28#26.2#21.52
-150.536,60.0587#52.01#26.2#21.79
-150.429,60.0591#51.75#26.2#22.05
-150.321,60.0595#51.49#26.2#22.31
-150.214,60.0597#51.24#26.21#22.55
-150.107,60.0599#50.99#26.21#22.8
-149.999,60.0599#50.74#26.21#23.05
-149.892,60.0599#50.58#26.21#23.21
-149.785,60.0597#50.43#26.21#23.36
-149.677,60.0595#50.27#26.22#23.51
-149.57,60.0591#50.11#26.22#23.67
-149.463,60.0587#49.97#26.22#23.81
-149.356,60.0581#49.85#26.22#23.93
-149.248,60.0575#49.73#26.23#24.04
-149.141,60.0567#49.61#26.23#24.16
-149.034,60.0559#49.49#26.23#24.28
-148.926,60.0549#49.39#26.23#24.38
-148.819,60.0539#49.3#26.24#24.46
-148.712,60.0527#49.21#26.24#24.55
-148.605,60.0515#49.12#26.24#24.64
-148.497,60.0501#49.03#26.24#24.73
-148.39,60.0487#48.91#26.25#24.84
-148.283,60.0471#48.78#26.25#24.97
-148.176,60.0455#48.65#26.25#25.1
-148.069,60.0437#48.52#26.25#25.23
-147.962,60.0418#48.4#26.26#25.34
-147.854,60.0399#48.28#26.26#25.46
-147.747,60.0378#48.16#26.26#25.58
-147.64,60.0357#48.04#26.26#25.7
-147.533,60.0334#47.92#26.27#25.81
-147.426,60.0311#47.81#26.27#25.92
-147.319,60.0286#47.69#26.27#26.04
-147.212,60.0261#47.58#26.28#26.14
-147.105,60.0234#47.47#26.28#26.25
-146.998,60.0206#47.35#26.28#26.37
-146.891,60.0178#47.24#26.28#26.48
-146.784,60.0148#47.14#26.29#26.57
-146.677,60.0118#47.03#26.29#26.68
-146.57,60.0086#46.92#26.29#26.79
-146.463,60.0054#46.82#26.3#26.88
-146.356,60.002#46.72#26.3#26.98
-146.249,59.9986#46.62#26.3#27.08
-146.142,59.995#46.52#26.3#27.18
-146.036,59.9914#46.42#26.31#27.27
-145.929,59.9876#46.33#26.31#27.36
-145.822,59.9838#46.24#26.31#27.45
-145.715,59.9798#46.15#26.32#27.53
-145.609,59.9758#46.06#26.32#27.62
-145.502,59.9716#45.97#26.32#27.71
-145.395,59.9674#45.88#26.33#27.79
-145.289,59.963#45.8#26.33#27.87
-145.182,59.9586#45.72#26.33#27.95
-145.076,59.954#45.63#26.34#28.03
-144.969,59.9494#45.55#26.34#28.11
-144.863,59.9447#45.48#26.34#28.18
-144.756,59.9398#45.4#26.35#28.25
-144.65,59.9349#45.32#26.35#28.33
-144.544,59.9298#45.25#26.35#28.4
-144.437,59.9247#45.17#26.36#28.47
-144.331,59.9195#45.1#26.36#28.54
-144.225,59.9141#45.03#26.36#28.61
-144.119,59.9087#44.95#26.37#28.68
-144.013,59.9032#44.88#26.37#28.75
-156.952,59.9021#69.43#26.11#4.45999999999999
-156.847,59.9086#69.37#26.11#4.52
-156.741,59.9149#69.31#26.12#4.56999999999999
-156.634,59.9211#69.24#26.12#4.64
-156.528,59.9273#69.18#26.12#4.69999999999999
-156.422,59.9333#69.06#26.12#4.81999999999999
-156.316,59.9392#68.93#26.12#4.94999999999999
-156.21,59.9451#68.79#26.12#5.08999999999999
-156.104,59.9508#68.66#26.12#5.22
-155.997,59.9564#68.51#26.12#5.36999999999999
-155.891,59.962#68.31#26.12#5.56999999999999
-155.785,59.9674#68.11#26.12#5.77
-155.678,59.9728#67.9#26.12#5.97999999999999
-155.572,59.978#67.69#26.13#6.18000000000001
-155.465,59.9832#67.45#26.13#6.42
-155.359,59.9882#67.16#26.13#6.71000000000001
-155.252,59.9932#66.86#26.13#7.01000000000001
-155.145,59.998#66.56#26.13#7.31
-155.039,60.0028#66.26#26.13#7.61
-154.932,60.0074#66#26.13#7.87
-154.825,60.012#65.75#26.13#8.12
-154.719,60.0164#65.5#26.13#8.37
-154.612,60.0208#65.25#26.14#8.61
-154.505,60.025#65.01#26.14#8.84999999999999
-154.398,60.0292#64.62#26.14#9.23999999999999
-154.291,60.0333#64.22#26.14#9.64
-154.184,60.0372#63.81#26.14#10.05
-154.077,60.0411#63.41#26.14#10.45
-153.97,60.0448#63.01#26.14#10.85
-153.863,60.0485#62.62#26.14#11.24
-153.756,60.052#62.23#26.15#11.62
-153.649,60.0555#61.84#26.15#12.01
-153.542,60.0589#61.45#26.15#12.4
-153.435,60.0621#61.02#26.15#12.83
-153.328,60.0653#60.58#26.15#13.27
-153.221,60.0683#60.14#26.15#13.71
-153.114,60.0713#59.7#26.15#14.15
-153.007,60.0742#59.26#26.16#14.58
-152.899,60.0769#58.85#26.16#14.99
-152.792,60.0796#58.45#26.16#15.39
-152.685,60.0821#58.05#26.16#15.79
-152.578,60.0846#57.65#26.16#16.19
-152.47,60.087#57.27#26.16#16.57
-152.363,60.0892#56.93#26.17#16.9
-152.256,60.0914#56.59#26.17#17.24
-152.148,60.0934#56.25#26.17#17.58
-152.041,60.0954#55.91#26.17#17.92
-151.934,60.0972#55.59#26.17#18.24
-151.826,60.099#55.27#26.17#18.56
-151.719,60.1007#54.96#26.18#18.86
-151.611,60.1022#54.64#26.18#19.18
-151.504,60.1037#54.33#26.18#19.49
-151.397,60.105#54.04#26.18#19.78
-151.289,60.1063#53.75#26.18#20.07
-151.182,60.1074#53.46#26.19#20.35
-151.074,60.1085#53.17#26.19#20.64
-150.967,60.1094#52.88#26.19#20.93
-150.859,60.1103#52.61#26.19#21.2
-150.752,60.111#52.33#26.19#21.48
-150.644,60.1117#52.06#26.2#21.74
-150.537,60.1123#51.78#26.2#22.02
-150.429,60.1127#51.52#26.2#22.28
-150.322,60.1131#51.27#26.2#22.53
-150.214,60.1133#51.01#26.2#22.79
-150.107,60.1135#50.76#26.21#23.03
-149.999,60.1135#50.51#26.21#23.28
-149.892,60.1135#50.36#26.21#23.43
-149.784,60.1133#50.22#26.21#23.57
-149.677,60.1131#50.08#26.21#23.71
-149.569,60.1127#49.93#26.22#23.85
-149.462,60.1122#49.8#26.22#23.98
-149.354,60.1117#49.7#26.22#24.08
-149.247,60.111#49.59#26.22#24.19
-149.139,60.1103#49.49#26.23#24.28
-149.032,60.1094#49.38#26.23#24.39
-148.924,60.1085#49.29#26.23#24.48
-148.817,60.1074#49.21#26.23#24.56
-148.71,60.1063#49.12#26.24#24.64
-148.602,60.105#49.04#26.24#24.72
-148.495,60.1037#48.96#26.24#24.8
-148.387,60.1022#48.83#26.24#24.93
-148.28,60.1006#48.71#26.25#25.04
-148.172,60.099#48.58#26.25#25.17
-148.065,60.0972#48.46#26.25#25.29
-147.958,60.0954#48.33#26.25#25.42
-147.85,60.0934#48.22#26.26#25.52
-147.743,60.0913#48.1#26.26#25.64
-147.636,60.0892#47.98#26.26#25.76
-147.528,60.0869#47.86#26.26#25.88
-147.421,60.0846#47.75#26.27#25.98
-147.314,60.0821#47.63#26.27#26.1
-147.207,60.0795#47.52#26.27#26.21
-147.099,60.0769#47.41#26.28#26.31
-146.992,60.0741#47.29#26.28#26.43
-146.885,60.0713#47.19#26.28#26.53
-146.778,60.0683#47.08#26.28#26.64
-146.671,60.0652#46.97#26.29#26.74
-146.563,60.0621#46.87#26.29#26.84
-146.456,60.0588#46.76#26.29#26.95
-146.349,60.0555#46.66#26.3#27.04
-146.242,60.052#46.56#26.3#27.14
-146.135,60.0484#46.47#26.3#27.23
-146.028,60.0448#46.37#26.3#27.33
-145.921,60.041#46.27#26.31#27.42
-145.814,60.0372#46.18#26.31#27.51
-145.707,60.0332#46.09#26.31#27.6
-145.601,60.0292#46#26.32#27.68
-145.494,60.025#45.91#26.32#27.77
-145.387,60.0207#45.83#26.32#27.85
-145.28,60.0164#45.74#26.33#27.93
-145.173,60.0119#45.66#26.33#28.01
-145.067,60.0074#45.58#26.33#28.09
-144.96,60.0027#45.5#26.34#28.16
-144.853,59.998#45.42#26.34#28.24
-144.747,59.9931#45.34#26.34#28.32
-144.64,59.9882#45.27#26.35#28.38
-144.533,59.9831#45.19#26.35#28.46
-144.427,59.978#45.12#26.35#28.53
-144.321,59.9727#45.04#26.36#28.6
-144.214,59.9674#44.97#26.36#28.67
-144.108,59.9619#44.9#26.36#28.74
-144.001,59.9564#44.83#26.37#28.8
-143.895,59.9507#44.76#26.37#28.87
-143.789,59.945#44.69#26.38#28.93
-143.683,59.9392#44.62#26.38#29
-143.576,59.9332#44.55#26.38#29.07
-143.47,59.9272#44.48#26.39#29.13
-143.364,59.921#44.42#26.39#29.19
-143.258,59.9148#44.36#26.39#29.25
-143.152,59.9085#44.3#26.4#29.3
-143.046,59.902#44.24#26.4#29.36
-157.813,59.9002#69.53#26.11#4.36
-157.707,59.9074#69.52#26.11#4.37
-157.601,59.9145#69.51#26.11#4.38
-157.495,59.9216#69.5#26.11#4.39
-157.389,59.9285#69.47#26.11#4.42
-157.284,59.9353#69.45#26.11#4.44
-157.178,59.9421#69.42#26.11#4.47
-157.072,59.9487#69.4#26.11#4.48999999999999
-156.965,59.9553#69.36#26.11#4.53
-156.859,59.9617#69.29#26.11#4.59999999999999
-156.753,59.968#69.22#26.11#4.67
-156.647,59.9743#69.15#26.12#4.72999999999999
-156.541,59.9804#69.08#26.12#4.8
-156.434,59.9865#68.96#26.12#4.92
-156.328,59.9924#68.82#26.12#5.06
-156.221,59.9983#68.67#26.12#5.20999999999999
-156.115,60.004#68.53#26.12#5.34999999999999
-156.008,60.0097#68.38#26.12#5.5
-155.902,60.0152#68.17#26.12#5.70999999999999
-155.795,60.0207#67.95#26.12#5.92999999999999
-155.689,60.0261#67.73#26.12#6.14999999999999
-155.582,60.0313#67.51#26.12#6.36999999999999
-155.475,60.0365#67.27#26.13#6.60000000000001
-155.369,60.0415#66.97#26.13#6.90000000000001
-155.262,60.0465#66.66#26.13#7.21000000000001
-155.155,60.0513#66.35#26.13#7.52000000000001
-155.048,60.0561#66.03#26.13#7.84
-154.941,60.0608#65.76#26.13#8.11
-154.834,60.0653#65.51#26.13#8.36
-154.727,60.0698#65.27#26.13#8.60000000000001
-154.62,60.0742#65.03#26.13#8.84
-154.513,60.0784#64.79#26.14#9.06999999999999
-154.406,60.0826#64.4#26.14#9.45999999999999
-154.299,60.0867#63.99#26.14#9.87
-154.192,60.0906#63.58#26.14#10.28
-154.085,60.0945#63.16#26.14#10.7
-153.978,60.0983#62.75#26.14#11.11
-153.871,60.1019#62.34#26.14#11.52
-153.763,60.1055#61.94#26.14#11.92
-153.656,60.109#61.53#26.15#12.32
-153.549,60.1123#61.12#26.15#12.73
-153.442,60.1156#60.7#26.15#13.15
-153.334,60.1187#60.26#26.15#13.59
-153.227,60.1218#59.83#26.15#14.02
-153.12,60.1248#59.4#26.15#14.45
-153.012,60.1276#58.97#26.15#14.88
-152.905,60.1304#58.57#26.16#15.27
-152.797,60.1331#58.18#26.16#15.66
-152.69,60.1356#57.8#26.16#16.04
-152.582,60.1381#57.41#26.16#16.43
-152.475,60.1405#57.04#26.16#16.8
-152.367,60.1427#56.7#26.16#17.14
-152.26,60.1449#56.36#26.17#17.47
-152.152,60.147#56.02#26.17#17.81
-152.045,60.1489#55.68#26.17#18.15
-151.937,60.1508#55.35#26.17#18.48
-151.83,60.1525#55.04#26.17#18.79
-151.722,60.1542#54.72#26.17#19.11
-151.614,60.1558#54.41#26.18#19.41
-151.507,60.1572#54.1#26.18#19.72
-151.399,60.1586#53.8#26.18#20.02
-151.292,60.1598#53.52#26.18#20.3
-151.184,60.161#53.23#26.18#20.59
-151.076,60.162#52.94#26.19#20.87
-150.969,60.163#52.65#26.19#21.16
-150.861,60.1639#52.38#26.19#21.43
-150.753,60.1646#52.1#26.19#21.71
-150.646,60.1653#51.83#26.19#21.98
-150.538,60.1658#51.56#26.19#22.25
-150.43,60.1663#51.3#26.2#22.5
-150.322,60.1666#51.04#26.2#22.76
-150.215,60.1669#50.79#26.2#23.01
-150.107,60.167#50.53#26.2#23.27
-149.999,60.1671#50.28#26.21#23.51
-149.892,60.167#50.15#26.21#23.64
-149.784,60.1669#50.02#26.21#23.77
-149.676,60.1666#49.89#26.21#23.9
-149.569,60.1663#49.76#26.21#24.03
-149.461,60.1658#49.64#26.22#24.14
-149.353,60.1653#49.55#26.22#24.23
-149.245,60.1646#49.46#26.22#24.32
-149.138,60.1638#49.37#26.22#24.41
-149.03,60.163#49.27#26.23#24.5
-148.922,60.162#49.19#26.23#24.58
-148.815,60.161#49.11#26.23#24.66
-148.707,60.1598#49.04#26.23#24.73
-148.599,60.1586#48.96#26.24#24.8
-148.492,60.1572#48.88#26.24#24.88
-148.384,60.1557#48.76#26.24#25
-148.277,60.1542#48.63#26.24#25.13
-148.169,60.1525#48.51#26.25#25.24
-148.061,60.1508#48.39#26.25#25.36
-147.954,60.1489#48.27#26.25#25.48
-147.846,60.1469#48.15#26.25#25.6
-147.739,60.1449#48.04#26.26#25.7
-147.631,60.1427#47.92#26.26#25.82
-147.524,60.1404#47.8#26.26#25.94
-147.416,60.1381#47.69#26.26#26.05
-147.309,60.1356#47.58#26.27#26.15
-147.201,60.133#47.46#26.27#26.27
-147.094,60.1304#47.35#26.27#26.38
-146.986,60.1276#47.24#26.28#26.48
-146.879,60.1247#47.13#26.28#26.59
-146.772,60.1218#47.02#26.28#26.7
-146.664,60.1187#46.92#26.28#26.8
-146.557,60.1155#46.81#26.29#26.9
-146.45,60.1123#46.71#26.29#27
-146.342,60.1089#46.61#26.29#27.1
-146.235,60.1054#46.51#26.3#27.19
-146.128,60.1019#46.41#26.3#27.29
-146.021,60.0982#46.31#26.3#27.39
-145.914,60.0944#46.22#26.31#27.47
-145.806,60.0906#46.12#26.31#27.57
-145.699,60.0866#46.03#26.31#27.66
-145.592,60.0825#45.94#26.31#27.75
-145.485,60.0784#45.85#26.32#27.83
-145.378,60.0741#45.77#26.32#27.91
-145.271,60.0697#45.69#26.32#27.99
-145.164,60.0653#45.6#26.33#28.07
-145.057,60.0607#45.52#26.33#28.15
-144.95,60.0561#45.44#26.33#28.23
-144.844,60.0513#45.36#26.34#28.3
-144.737,60.0464#45.29#26.34#28.37
-144.63,60.0415#45.21#26.34#28.45
-144.523,60.0364#45.13#26.35#28.52
-144.417,60.0312#45.06#26.35#28.59
-144.31,60.026#44.99#26.35#28.66
-144.203,60.0206#44.91#26.36#28.73
-144.097,60.0152#44.84#26.36#28.8
-143.99,60.0096#44.77#26.36#28.87
-143.884,60.004#44.7#26.37#28.93
-143.777,59.9982#44.63#26.37#29
-143.671,59.9924#44.56#26.38#29.06
-143.564,59.9864#44.49#26.38#29.13
-143.458,59.9804#44.43#26.38#29.19
-143.352,59.9742#44.37#26.39#29.24
-143.246,59.968#44.31#26.39#29.3
-143.139,59.9616#44.24#26.39#29.37
-143.033,59.9552#44.18#26.4#29.42
-142.927,59.9486#44.13#26.4#29.47
-142.821,59.942#44.08#26.41#29.51
-142.715,59.9353#44.03#26.41#29.56
-142.609,59.9284#43.98#26.41#29.61
-142.503,59.9215#43.93#26.42#29.65
-142.397,59.9145#43.89#26.42#29.69
-142.292,59.9073#43.85#26.42#29.73
-142.186,59.9001#43.8#26.43#29.77
-158.462,59.9077#69.52#26.1#4.38
-158.356,59.9155#69.51#26.1#4.38999999999999
-158.25,59.9233#69.5#26.1#4.40000000000001
-158.145,59.9309#69.5#26.1#4.40000000000001
-158.039,59.9384#69.49#26.1#4.41
-157.933,59.9459#69.48#26.1#4.41999999999999
-157.827,59.9532#69.47#26.11#4.42
-157.721,59.9604#69.46#26.11#4.43000000000001
-157.615,59.9676#69.44#26.11#4.45
-157.509,59.9746#69.43#26.11#4.45999999999999
-157.403,59.9816#69.41#26.11#4.48
-157.297,59.9884#69.38#26.11#4.51000000000001
-157.191,59.9952#69.35#26.11#4.54000000000001
-157.085,60.0018#69.32#26.11#4.57000000000001
-156.978,60.0084#69.29#26.11#4.59999999999999
-156.872,60.0148#69.21#26.11#4.68000000000001
-156.766,60.0212#69.14#26.11#4.75
-156.659,60.0275#69.06#26.11#4.83
-156.553,60.0336#68.98#26.11#4.91
-156.446,60.0397#68.86#26.12#5.02
-156.34,60.0456#68.71#26.12#5.17
-156.233,60.0515#68.56#26.12#5.31999999999999
-156.126,60.0573#68.4#26.12#5.47999999999999
-156.02,60.0629#68.24#26.12#5.64
-155.913,60.0685#68.03#26.12#5.84999999999999
-155.806,60.074#67.8#26.12#6.08
-155.699,60.0793#67.57#26.12#6.31
-155.593,60.0846#67.34#26.12#6.53999999999999
-155.486,60.0898#67.1#26.12#6.78
-155.379,60.0948#66.78#26.13#7.09
-155.272,60.0998#66.46#26.13#7.41000000000001
-155.165,60.1047#66.13#26.13#7.74000000000001
-155.058,60.1095#65.81#26.13#8.06
-154.951,60.1141#65.52#26.13#8.35000000000001
-154.843,60.1187#65.28#26.13#8.59
-154.736,60.1232#65.05#26.13#8.82000000000001
-154.629,60.1276#64.81#26.13#9.06
-154.522,60.1318#64.58#26.13#9.29000000000001
-154.415,60.136#64.19#26.14#9.67
-154.307,60.1401#63.77#26.14#10.09
-154.2,60.144#63.34#26.14#10.52
-154.093,60.1479#62.91#26.14#10.95
-153.985,60.1517#62.49#26.14#11.37
-153.878,60.1554#62.07#26.14#11.79
-153.771,60.1589#61.65#26.14#12.21
-153.663,60.1624#61.22#26.14#12.64
-153.556,60.1658#60.8#26.15#13.05
-153.448,60.1691#60.37#26.15#13.48
-153.341,60.1722#59.95#26.15#13.9
-153.233,60.1753#59.52#26.15#14.33
-153.125,60.1783#59.1#26.15#14.75
-153.018,60.1811#58.68#26.15#15.17
-152.91,60.1839#58.3#26.15#15.55
-152.803,60.1866#57.92#26.16#15.92
-152.695,60.1892#57.54#26.16#16.3
-152.587,60.1916#57.16#26.16#16.68
-152.48,60.194#56.79#26.16#17.05
-152.372,60.1963#56.45#26.16#17.39
-152.264,60.1984#56.11#26.16#17.73
-152.156,60.2005#55.77#26.17#18.06
-152.049,60.2025#55.44#26.17#18.39
-151.941,60.2043#55.11#26.17#18.72
-151.833,60.2061#54.8#26.17#19.03
-151.725,60.2078#54.48#26.17#19.35
-151.617,60.2093#54.17#26.17#19.66
-151.51,60.2108#53.85#26.18#19.97
-151.402,60.2121#53.56#26.18#20.26
-151.294,60.2134#53.27#26.18#20.55
-151.186,60.2146#52.98#26.18#20.84
-151.078,60.2156#52.69#26.18#21.13
-150.97,60.2166#52.41#26.19#21.4
-150.862,60.2174#52.15#26.19#21.66
-150.755,60.2182#51.89#26.19#21.92
-150.647,60.2188#51.62#26.19#22.19
-150.539,60.2194#51.36#26.19#22.45
-150.431,60.2199#51.12#26.19#22.69
-150.323,60.2202#50.88#26.2#22.92
-150.215,60.2205#50.64#26.2#23.16
-150.107,60.2206#50.41#26.2#23.39
-149.999,60.2207#50.17#26.2#23.63
-149.891,60.2206#50.04#26.21#23.75
-149.784,60.2205#49.91#26.21#23.88
-149.676,60.2202#49.79#26.21#24
-149.568,60.2199#49.66#26.21#24.13
-149.46,60.2194#49.55#26.21#24.24
-149.352,60.2188#49.46#26.22#24.32
-149.244,60.2182#49.36#26.22#24.42
-149.136,60.2174#49.27#26.22#24.51
-149.028,60.2166#49.18#26.22#24.6
-148.92,60.2156#49.1#26.23#24.67
-148.813,60.2145#49.02#26.23#24.75
-148.705,60.2134#48.95#26.23#24.82
-148.597,60.2121#48.87#26.23#24.9
-148.489,60.2108#48.79#26.24#24.97
-148.381,60.2093#48.67#26.24#25.09
-148.273,60.2077#48.55#26.24#25.21
-148.166,60.2061#48.43#26.24#25.33
-148.058,60.2043#48.32#26.25#25.43
-147.95,60.2024#48.2#26.25#25.55
-147.842,60.2005#48.08#26.25#25.67
-147.735,60.1984#47.97#26.25#25.78
-147.627,60.1962#47.85#26.26#25.89
-147.519,60.194#47.74#26.26#26
-147.411,60.1916#47.63#26.26#26.11
-147.304,60.1891#47.51#26.26#26.23
-147.196,60.1866#47.4#26.27#26.33
-147.088,60.1839#47.29#26.27#26.44
-146.981,60.1811#47.18#26.27#26.55
-146.873,60.1782#47.07#26.28#26.65
-146.766,60.1753#46.96#26.28#26.76
-146.658,60.1722#46.86#26.28#26.86
-146.551,60.169#46.75#26.28#26.97
-146.443,60.1657#46.65#26.29#27.06
-146.336,60.1624#46.55#26.29#27.16
-146.228,60.1589#46.45#26.29#27.26
-146.121,60.1553#46.35#26.3#27.35
-146.013,60.1516#46.25#26.3#27.45
-145.906,60.1479#46.16#26.3#27.54
-145.799,60.144#46.07#26.31#27.62
-145.691,60.14#45.98#26.31#27.71
-145.584,60.1359#45.89#26.31#27.8
-145.477,60.1318#45.8#26.31#27.89
-145.37,60.1275#45.71#26.32#27.97
-145.262,60.1231#45.63#26.32#28.05
-145.155,60.1186#45.55#26.32#28.13
-145.048,60.1141#45.46#26.33#28.21
-144.941,60.1094#45.38#26.33#28.29
-144.834,60.1046#45.31#26.33#28.36
-144.727,60.0998#45.23#26.34#28.43
-144.62,60.0948#45.15#26.34#28.51
-144.513,60.0897#45.08#26.34#28.58
-144.406,60.0845#45#26.35#28.65
-144.299,60.0793#44.93#26.35#28.72
-144.192,60.0739#44.86#26.35#28.79
-144.086,60.0684#44.79#26.36#28.85
-143.979,60.0629#44.71#26.36#28.93
-143.872,60.0572#44.65#26.37#28.98
-143.766,60.0514#44.58#26.37#29.05
-143.659,60.0456#44.51#26.37#29.12
-143.552,60.0396#44.44#26.38#29.18
-143.446,60.0335#44.37#26.38#29.25
-143.339,60.0274#44.31#26.38#29.31
-143.233,60.0211#44.25#26.39#29.36
-143.127,60.0148#44.19#26.39#29.42
-143.02,60.0083#44.13#26.39#29.48
-142.914,60.0017#44.07#26.4#29.53
-142.808,59.9951#44.02#26.4#29.58
-142.702,59.9883#43.97#26.41#29.62
-142.595,59.9815#43.92#26.41#29.67
-142.489,59.9745#43.88#26.41#29.71
-142.383,59.9675#43.83#26.42#29.75
-142.277,59.9604#43.79#26.42#29.79
-142.171,59.9531#43.75#26.43#29.82
-142.066,59.9458#43.71#26.43#29.86
-141.96,59.9383#43.67#26.43#29.9
-141.854,59.9308#43.63#26.44#29.93
-141.748,59.9232#43.59#26.44#29.97
-141.643,59.9154#43.55#26.45#30
-141.537,59.9076#43.51#26.45#30.04
-159.216,59.903#69.45#26.1#4.44999999999999
-159.111,59.9116#69.46#26.1#4.44
-159.006,59.92#69.47#26.1#4.43000000000001
-158.9,59.9283#69.47#26.1#4.43000000000001
-158.794,59.9365#69.46#26.1#4.44
-158.689,59.9447#69.46#26.1#4.44
-158.583,59.9527#69.46#26.1#4.44
-158.477,59.9606#69.45#26.1#4.44999999999999
-158.372,59.9685#69.45#26.1#4.44999999999999
-158.266,59.9762#69.44#26.1#4.46000000000001
-158.16,59.9839#69.43#26.1#4.47
-158.054,59.9914#69.43#26.1#4.47
-157.948,59.9989#69.42#26.1#4.47999999999999
-157.842,60.0062#69.4#26.1#4.5
-157.736,60.0135#69.39#26.11#4.5
-157.63,60.0206#69.38#26.11#4.51000000000001
-157.523,60.0277#69.37#26.11#4.52
-157.417,60.0347#69.34#26.11#4.55
-157.311,60.0415#69.31#26.11#4.58
-157.204,60.0483#69.28#26.11#4.61
-157.098,60.055#69.25#26.11#4.64
-156.991,60.0615#69.22#26.11#4.67
-156.885,60.068#69.13#26.11#4.76000000000001
-156.778,60.0744#69.05#26.11#4.84
-156.672,60.0806#68.97#26.11#4.92
-156.565,60.0868#68.88#26.11#5.01000000000001
-156.458,60.0929#68.77#26.11#5.12
-156.352,60.0989#68.61#26.12#5.27
-156.245,60.1047#68.44#26.12#5.44
-156.138,60.1105#68.27#26.12#5.61
-156.031,60.1162#68.1#26.12#5.78
-155.924,60.1218#67.89#26.12#5.98999999999999
-155.817,60.1273#67.65#26.12#6.22999999999999
-155.71,60.1326#67.41#26.12#6.47
-155.603,60.1379#67.17#26.12#6.70999999999999
-155.496,60.1431#66.92#26.12#6.95999999999999
-155.389,60.1482#66.59#26.12#7.28999999999999
-155.282,60.1532#66.26#26.12#7.61999999999999
-155.174,60.158#65.92#26.13#7.95
-155.067,60.1628#65.58#26.13#8.29000000000001
-154.96,60.1675#65.28#26.13#8.59
-154.853,60.1721#65.03#26.13#8.84
-154.745,60.1766#64.79#26.13#9.08
-154.638,60.1809#64.54#26.13#9.33
-154.53,60.1852#64.29#26.13#9.58
-154.423,60.1894#63.89#26.13#9.98
-154.315,60.1935#63.45#26.14#10.41
-154.208,60.1975#63.01#26.14#10.85
-154.1,60.2014#62.57#26.14#11.29
-153.993,60.2051#62.14#26.14#11.72
-153.885,60.2088#61.72#26.14#12.14
-153.778,60.2124#61.3#26.14#12.56
-153.67,60.2159#60.88#26.14#12.98
-153.562,60.2193#60.46#26.14#13.4
-153.455,60.2225#60.05#26.15#13.8
-153.347,60.2257#59.64#26.15#14.21
-153.239,60.2288#59.23#26.15#14.62
-153.131,60.2318#58.82#26.15#15.03
-153.024,60.2347#58.42#26.15#15.43
-152.916,60.2374#58.04#26.15#15.81
-152.808,60.2401#57.66#26.15#16.19
-152.7,60.2427#57.28#26.16#16.56
-152.592,60.2452#56.9#26.16#16.94
-152.484,60.2475#56.53#26.16#17.31
-152.376,60.2498#56.2#26.16#17.64
-152.268,60.252#55.86#26.16#17.98
-152.16,60.254#55.53#26.16#18.31
-152.052,60.256#55.19#26.17#18.64
-151.945,60.2579#54.87#26.17#18.96
-151.837,60.2597#54.55#26.17#19.28
-151.729,60.2613#54.24#26.17#19.59
-151.621,60.2629#53.92#26.17#19.91
-151.512,60.2644#53.61#26.17#20.22
-151.404,60.2657#53.32#26.18#20.5
-151.296,60.267#53.03#26.18#20.79
-151.188,60.2681#52.74#26.18#21.08
-151.08,60.2692#52.45#26.18#21.37
-150.972,60.2702#52.17#26.18#21.65
-150.864,60.271#51.92#26.19#21.89
-150.756,60.2718#51.67#26.19#22.14
-150.648,60.2724#51.42#26.19#22.39
-150.54,60.273#51.17#26.19#22.64
-150.432,60.2735#50.94#26.19#22.87
-150.324,60.2738#50.72#26.19#23.09
-150.216,60.2741#50.5#26.2#23.3
-150.107,60.2742#50.28#26.2#23.52
-149.999,60.2743#50.06#26.2#23.74
-149.891,60.2742#49.93#26.2#23.87
-149.783,60.2741#49.81#26.21#23.98
-149.675,60.2738#49.69#26.21#24.1
-149.567,60.2734#49.56#26.21#24.23
-149.459,60.273#49.45#26.21#24.34
-149.351,60.2724#49.36#26.21#24.43
-149.243,60.2718#49.27#26.22#24.51
-149.135,60.271#49.18#26.22#24.6
-149.026,60.2702#49.09#26.22#24.69
-148.918,60.2692#49.01#26.22#24.77
-148.81,60.2681#48.93#26.23#24.84
-148.702,60.267#48.85#26.23#24.92
-148.594,60.2657#48.77#26.23#25
-148.486,60.2643#48.69#26.23#25.08
-148.378,60.2629#48.58#26.24#25.18
-148.27,60.2613#48.46#26.24#25.3
-148.162,60.2596#48.35#26.24#25.41
-148.054,60.2579#48.24#26.24#25.52
-147.946,60.256#48.12#26.25#25.63
-147.838,60.254#48.01#26.25#25.74
-147.73,60.252#47.9#26.25#25.85
-147.622,60.2498#47.78#26.25#25.97
-147.514,60.2475#47.67#26.26#26.07
-147.407,60.2451#47.56#26.26#26.18
-147.299,60.2427#47.45#26.26#26.29
-147.191,60.2401#47.34#26.26#26.4
-147.083,60.2374#47.23#26.27#26.5
-146.975,60.2346#47.12#26.27#26.61
-146.867,60.2317#47.01#26.27#26.72
-146.76,60.2288#46.9#26.28#26.82
-146.652,60.2257#46.8#26.28#26.92
-146.544,60.2225#46.69#26.28#27.03
-146.436,60.2192#46.59#26.28#27.13
-146.329,60.2158#46.49#26.29#27.22
-146.221,60.2124#46.39#26.29#27.32
-146.113,60.2088#46.29#26.29#27.42
-146.006,60.2051#46.19#26.3#27.51
-145.898,60.2013#46.1#26.3#27.6
-145.791,60.1974#46.01#26.3#27.69
-145.683,60.1934#45.92#26.31#27.77
-145.576,60.1894#45.83#26.31#27.86
-145.468,60.1852#45.74#26.31#27.95
-145.361,60.1809#45.65#26.31#28.04
-145.253,60.1765#45.57#26.32#28.11
-145.146,60.172#45.49#26.32#28.19
-145.039,60.1674#45.4#26.32#28.28
-144.932,60.1628#45.33#26.33#28.34
-144.824,60.158#45.25#26.33#28.42
-144.717,60.1531#45.17#26.33#28.5
-144.61,60.1481#45.1#26.34#28.56
-144.503,60.143#45.02#26.34#28.64
-144.396,60.1378#44.95#26.34#28.71
-144.289,60.1326#44.88#26.35#28.77
-144.182,60.1272#44.8#26.35#28.85
-144.075,60.1217#44.73#26.35#28.92
-143.968,60.1161#44.66#26.36#28.98
-143.861,60.1104#44.59#26.36#29.05
-143.754,60.1047#44.52#26.37#29.11
-143.647,60.0988#44.45#26.37#29.18
-143.54,60.0928#44.38#26.37#29.25
-143.434,60.0867#44.32#26.38#29.3
-143.327,60.0806#44.26#26.38#29.36
-143.22,60.0743#44.19#26.38#29.43
-143.114,60.0679#44.13#26.39#29.48
-143.007,60.0615#44.07#26.39#29.54
-142.901,60.0549#44.02#26.39#29.59
-142.794,60.0482#43.97#26.4#29.63
-142.688,60.0414#43.92#26.4#29.68
-142.582,60.0346#43.87#26.41#29.72
-142.475,60.0276#43.82#26.41#29.77
-142.369,60.0206#43.78#26.41#29.81
-142.263,60.0134#43.74#26.42#29.84
-142.157,60.0061#43.7#26.42#29.88
-142.051,59.9988#43.66#26.43#29.91
-141.945,59.9913#43.61#26.43#29.96
-141.839,59.9838#43.57#26.43#30
-141.733,59.9761#43.53#26.44#30.03
-141.627,59.9684#43.49#26.44#30.07
-141.521,59.9605#43.45#26.45#30.1
-141.415,59.9526#43.41#26.45#30.14
-141.31,59.9446#43.37#26.45#30.18
-141.204,59.9364#43.33#26.46#30.21
-141.099,59.9282#43.29#26.46#30.25
-140.993,59.9199#43.25#26.47#30.28
-140.888,59.9114#43.21#26.47#30.32
-140.782,59.9029#43.17#26.47#30.36
-159.865,59.9026#69.27#26.09#4.64
-159.76,59.9117#69.29#26.09#4.61999999999999
-159.655,59.9207#69.32#26.09#4.59
-159.55,59.9297#69.34#26.09#4.56999999999999
-159.444,59.9385#69.36#26.1#4.53999999999999
-159.339,59.9472#69.37#26.1#4.53
-159.233,59.9559#69.38#26.1#4.52000000000001
-159.128,59.9644#69.39#26.1#4.50999999999999
-159.022,59.9728#69.4#26.1#4.5
-158.917,59.9812#69.4#26.1#4.5
-158.811,59.9894#69.4#26.1#4.5
-158.705,59.9976#69.4#26.1#4.5
-158.599,60.0056#69.39#26.1#4.50999999999999
-158.493,60.0136#69.39#26.1#4.50999999999999
-158.387,60.0215#69.38#26.1#4.52000000000001
-158.281,60.0292#69.38#26.1#4.52000000000001
-158.175,60.0369#69.37#26.1#4.53
-158.069,60.0444#69.36#26.1#4.53999999999999
-157.963,60.0519#69.35#26.1#4.55000000000001
-157.857,60.0593#69.34#26.1#4.56
-157.75,60.0665#69.33#26.1#4.56999999999999
-157.644,60.0737#69.32#26.11#4.57000000000001
-157.537,60.0808#69.3#26.11#4.59
-157.431,60.0878#69.28#26.11#4.61
-157.324,60.0947#69.25#26.11#4.64
-157.218,60.1014#69.21#26.11#4.68000000000001
-157.111,60.1081#69.18#26.11#4.70999999999999
-157.005,60.1147#69.14#26.11#4.75
-156.898,60.1212#69.06#26.11#4.83
-156.791,60.1276#68.97#26.11#4.92
-156.684,60.1338#68.88#26.11#5.01000000000001
-156.577,60.14#68.79#26.11#5.09999999999999
-156.47,60.1461#68.68#26.11#5.20999999999999
-156.363,60.1521#68.5#26.11#5.39
-156.256,60.158#68.33#26.12#5.55
-156.149,60.1638#68.15#26.12#5.72999999999999
-156.042,60.1695#67.97#26.12#5.91
-155.935,60.1751#67.74#26.12#6.14
-155.828,60.1806#67.49#26.12#6.39
-155.721,60.1859#67.23#26.12#6.64999999999999
-155.614,60.1912#66.98#26.12#6.89999999999999
-155.506,60.1964#66.72#26.12#7.16
-155.399,60.2015#66.37#26.12#7.50999999999999
-155.292,60.2065#66.01#26.12#7.86999999999999
-155.184,60.2114#65.65#26.12#8.22999999999999
-155.077,60.2162#65.29#26.13#8.58
-154.969,60.2209#64.96#26.13#8.91000000000001
-154.862,60.2255#64.69#26.13#9.18000000000001
-154.754,60.23#64.42#26.13#9.45
-154.647,60.2344#64.14#26.13#9.73
-154.539,60.2387#63.87#26.13#10
-154.431,60.2428#63.49#26.13#10.38
-154.324,60.2469#63.05#26.13#10.82
-154.216,60.2509#62.62#26.14#11.24
-154.108,60.2548#62.19#26.14#11.67
-154,60.2586#61.76#26.14#12.1
-153.893,60.2623#61.34#26.14#12.52
-153.785,60.2659#60.93#26.14#12.93
-153.677,60.2694#60.53#26.14#13.33
-153.569,60.2728#60.12#26.14#13.74
-153.461,60.276#59.72#26.14#14.14
-153.353,60.2792#59.32#26.15#14.53
-153.245,60.2823#58.93#26.15#14.92
-153.137,60.2853#58.54#26.15#15.31
-153.029,60.2882#58.15#26.15#15.7
-152.921,60.291#57.77#26.15#16.08
-152.813,60.2936#57.4#26.15#16.45
-152.705,60.2962#57.02#26.15#16.83
-152.597,60.2987#56.64#26.16#17.2
-152.489,60.3011#56.27#26.16#17.57
-152.381,60.3034#55.94#26.16#17.9
-152.273,60.3055#55.61#26.16#18.23
-152.165,60.3076#55.28#26.16#18.56
-152.056,60.3096#54.95#26.16#18.89
-151.948,60.3115#54.63#26.17#19.2
-151.84,60.3132#54.31#26.17#19.52
-151.732,60.3149#54#26.17#19.83
-151.624,60.3165#53.68#26.17#20.15
-151.515,60.3179#53.37#26.17#20.46
-151.407,60.3193#53.07#26.17#20.76
-151.299,60.3206#52.78#26.18#21.04
-151.191,60.3217#52.49#26.18#21.33
-151.082,60.3228#52.2#26.18#21.62
-150.974,60.3238#51.92#26.18#21.9
-150.866,60.3246#51.69#26.18#22.13
-150.757,60.3254#51.45#26.19#22.36
-150.649,60.326#51.21#26.19#22.6
-150.541,60.3266#50.98#26.19#22.83
-150.433,60.3271#50.76#26.19#23.05
-150.324,60.3274#50.55#26.19#23.26
-150.216,60.3277#50.35#26.19#23.46
-150.108,60.3278#50.15#26.2#23.65
-149.999,60.3279#49.95#26.2#23.85
-149.891,60.3278#49.83#26.2#23.97
-149.783,60.3277#49.71#26.2#24.09
-149.674,60.3274#49.59#26.21#24.2
-149.566,60.3271#49.47#26.21#24.32
-149.458,60.3266#49.36#26.21#24.43
-149.349,60.326#49.27#26.21#24.52
-149.241,60.3254#49.18#26.21#24.61
-149.133,60.3246#49.09#26.22#24.69
-149.025,60.3238#49#26.22#24.78
-148.916,60.3228#48.92#26.22#24.86
-148.808,60.3217#48.84#26.22#24.94
-148.7,60.3206#48.76#26.23#25.01
-148.592,60.3193#48.68#26.23#25.09
-148.483,60.3179#48.6#26.23#25.17
-148.375,60.3165#48.49#26.23#25.28
-148.267,60.3149#48.38#26.24#25.38
-148.159,60.3132#48.27#26.24#25.49
-148.05,60.3114#48.16#26.24#25.6
-147.942,60.3096#48.05#26.24#25.71
-147.834,60.3076#47.94#26.25#25.81
-147.726,60.3055#47.83#26.25#25.92
-147.618,60.3033#47.71#26.25#26.04
-147.51,60.3011#47.6#26.25#26.15
-147.402,60.2987#47.49#26.26#26.25
-147.294,60.2962#47.38#26.26#26.36
-147.185,60.2936#47.27#26.26#26.47
-147.077,60.2909#47.16#26.26#26.58
-146.969,60.2881#47.05#26.27#26.68
-146.861,60.2853#46.95#26.27#26.78
-146.753,60.2823#46.84#26.27#26.89
-146.645,60.2792#46.74#26.28#26.98
-146.538,60.276#46.63#26.28#27.09
-146.43,60.2727#46.53#26.28#27.19
-146.322,60.2693#46.43#26.28#27.29
-146.214,60.2658#46.33#26.29#27.38
-146.106,60.2622#46.23#26.29#27.48
-145.998,60.2586#46.13#26.29#27.58
-145.891,60.2548#46.04#26.3#27.66
-145.783,60.2509#45.95#26.3#27.75
-145.675,60.2469#45.86#26.3#27.84
-145.567,60.2428#45.77#26.31#27.92
-145.46,60.2386#45.68#26.31#28.01
-145.352,60.2343#45.6#26.31#28.09
-145.245,60.2299#45.51#26.31#28.18
-145.137,60.2254#45.43#26.32#28.25
-145.029,60.2208#45.35#26.32#28.33
-144.922,60.2161#45.27#26.32#28.41
-144.815,60.2113#45.19#26.33#28.48
-144.707,60.2064#45.11#26.33#28.56
-144.6,60.2015#45.04#26.33#28.63
-144.492,60.1964#44.96#26.34#28.7
-144.385,60.1912#44.89#26.34#28.77
-144.278,60.1859#44.82#26.34#28.84
-144.171,60.1805#44.75#26.35#28.9
-144.063,60.175#44.67#26.35#28.98
-143.956,60.1694#44.6#26.36#29.04
-143.849,60.1637#44.53#26.36#29.11
-143.742,60.1579#44.47#26.36#29.17
-143.635,60.152#44.4#26.37#29.23
-143.528,60.146#44.33#26.37#29.3
-143.421,60.14#44.26#26.37#29.37
-143.314,60.1338#44.2#26.38#29.42
-143.208,60.1275#44.14#26.38#29.48
-143.101,60.1211#44.08#26.38#29.54
-142.994,60.1146#44.02#26.39#29.59
-142.887,60.108#43.97#26.39#29.64
-142.781,60.1013#43.92#26.4#29.68
-142.674,60.0946#43.86#26.4#29.74
-142.568,60.0877#43.81#26.4#29.79
-142.461,60.0807#43.77#26.41#29.82
-142.355,60.0736#43.73#26.41#29.86
-142.248,60.0665#43.68#26.41#29.91
-142.142,60.0592#43.64#26.42#29.94
-142.036,60.0518#43.6#26.42#29.98
-141.93,60.0443#43.56#26.43#30.01
-141.824,60.0368#43.52#26.43#30.05
-141.717,60.0291#43.48#26.43#30.09
-141.611,60.0214#43.44#26.44#30.12
-141.505,60.0135#43.4#26.44#30.16
-141.4,60.0055#43.36#26.45#30.19
-141.294,59.9975#43.32#26.45#30.23
-141.188,59.9893#43.28#26.45#30.27
-141.082,59.9811#43.24#26.46#30.3
-140.976,59.9727#43.19#26.46#30.35
-140.871,59.9643#43.15#26.47#30.38
-140.765,59.9557#43.11#26.47#30.42
-140.66,59.9471#43.07#26.48#30.45
-140.554,59.9384#43.03#26.48#30.49
-140.449,59.9295#43#26.48#30.52
-140.344,59.9206#42.96#26.49#30.55
-140.238,59.9116#42.92#26.49#30.59
-140.133,59.9025#42.88#26.5#30.62
-160.409,59.9082#68.96#26.09#4.95
-160.304,59.9178#69#26.09#4.91
-160.199,59.9273#69.05#26.09#4.86
-160.094,59.9367#69.09#26.09#4.81999999999999
-159.989,59.9461#69.14#26.09#4.77
-159.884,59.9553#69.17#26.09#4.73999999999999
-159.778,59.9644#69.2#26.09#4.70999999999999
-159.673,59.9735#69.23#26.09#4.67999999999999
-159.567,59.9824#69.26#26.09#4.64999999999999
-159.462,59.9913#69.28#26.09#4.63
-159.356,60#69.29#26.1#4.60999999999999
-159.251,60.0087#69.31#26.1#4.59
-159.145,60.0172#69.32#26.1#4.58000000000001
-159.039,60.0257#69.33#26.1#4.56999999999999
-158.933,60.0341#69.33#26.1#4.56999999999999
-158.827,60.0423#69.33#26.1#4.56999999999999
-158.721,60.0505#69.33#26.1#4.56999999999999
-158.615,60.0586#69.33#26.1#4.56999999999999
-158.509,60.0666#69.33#26.1#4.56999999999999
-158.403,60.0744#69.32#26.1#4.58000000000001
-158.297,60.0822#69.31#26.1#4.59
-158.19,60.0899#69.31#26.1#4.59
-158.084,60.0975#69.3#26.1#4.59999999999999
-157.978,60.1049#69.29#26.1#4.60999999999999
-157.871,60.1123#69.28#26.1#4.62
-157.765,60.1196#69.27#26.1#4.63
-157.658,60.1268#69.25#26.1#4.65000000000001
-157.552,60.1339#69.24#26.1#4.66
-157.445,60.1409#69.21#26.11#4.68000000000001
-157.338,60.1478#69.18#26.11#4.70999999999999
-157.231,60.1546#69.14#26.11#4.75
-157.125,60.1613#69.11#26.11#4.78
-157.018,60.1679#69.06#26.11#4.83
-156.911,60.1744#68.96#26.11#4.93000000000001
-156.804,60.1808#68.85#26.11#5.04000000000001
-156.697,60.1871#68.74#26.11#5.15000000000001
-156.59,60.1933#68.63#26.11#5.26000000000001
-156.483,60.1994#68.5#26.11#5.39
-156.375,60.2054#68.32#26.11#5.57000000000001
-156.268,60.2113#68.14#26.11#5.75
-156.161,60.2171#67.96#26.12#5.92
-156.054,60.2228#67.79#26.12#6.08999999999999
-155.946,60.2284#67.57#26.12#6.31
-155.839,60.2339#67.3#26.12#6.58
-155.732,60.2393#67.03#26.12#6.84999999999999
-155.624,60.2446#66.76#26.12#7.11999999999999
-155.517,60.2498#66.49#26.12#7.39
-155.409,60.2549#66.13#26.12#7.75
-155.302,60.2599#65.76#26.12#8.11999999999999
-155.194,60.2648#65.38#26.12#8.5
-155.086,60.2696#65#26.12#8.88
-154.979,60.2743#64.64#26.13#9.23
-154.871,60.2789#64.35#26.13#9.52000000000001
-154.763,60.2834#64.05#26.13#9.82000000000001
-154.655,60.2878#63.75#26.13#10.12
-154.547,60.2921#63.45#26.13#10.42
-154.44,60.2963#63.07#26.13#10.8
