-152.836,64.9016#42.82#26.09#31.09
-152.707,64.9042#42.75#26.09#31.16
-152.578,64.9068#42.69#26.09#31.22
-152.45,64.9092#42.62#26.09#31.29
-152.321,64.9114#42.56#26.09#31.35
-152.192,64.9136#42.49#26.09#31.42
-152.063,64.9156#42.43#26.09#31.48
-151.934,64.9175#42.37#26.09#31.54
-151.805,64.9193#42.3#26.09#31.61
-151.676,64.921#42.24#26.09#31.67
-151.547,64.9225#42.18#26.09#31.73
-151.418,64.9239#42.11#26.09#31.8
-151.289,64.9252#42.04#26.09#31.87
-151.16,64.9264#41.97#26.09#31.94
-151.031,64.9274#41.91#26.09#32
-150.902,64.9284#41.84#26.09#32.07
-150.773,64.9292#41.77#26.09#32.14
-150.644,64.9298#41.7#26.09#32.21
-150.515,64.9304#41.63#26.09#32.28
-150.386,64.9308#41.56#26.1#32.34
-150.257,64.9311#41.49#26.1#32.41
-150.128,64.9313#41.42#26.1#32.48
-149.999,64.9314#41.35#26.1#32.55
-149.87,64.9313#41.28#26.1#32.62
-149.741,64.9311#41.21#26.1#32.69
-149.612,64.9308#41.14#26.1#32.76
-149.483,64.9304#41.07#26.1#32.83
-149.354,64.9298#41.01#26.1#32.89
-149.225,64.9291#40.94#26.1#32.96
-149.096,64.9283#40.88#26.1#33.02
-148.967,64.9274#40.82#26.1#33.08
-148.838,64.9264#40.76#26.1#33.14
-148.709,64.9252#40.7#26.1#33.2
-148.58,64.9239#40.64#26.1#33.26
-148.451,64.9225#40.59#26.11#33.3
-148.322,64.9209#40.53#26.11#33.36
-148.193,64.9193#40.48#26.11#33.41
-148.064,64.9175#40.42#26.11#33.47
-147.935,64.9156#40.36#26.11#33.53
-147.806,64.9136#40.27#26.11#33.62
-147.678,64.9114#40.19#26.11#33.7
-147.549,64.9091#40.11#26.11#33.78
-147.42,64.9067#40.02#26.11#33.87
-147.291,64.9042#39.93#26.11#33.96
-147.162,64.9016#39.85#26.12#34.03
-154.774,64.9017#43.67#26.08#30.25
-154.645,64.9062#43.6#26.08#30.32
-154.517,64.9106#43.53#26.08#30.39
-154.388,64.9148#43.46#26.08#30.46
-154.26,64.9189#43.4#26.08#30.52
-154.131,64.9229#43.33#26.08#30.59
-154.002,64.9268#43.27#26.08#30.65
-153.873,64.9306#43.21#26.08#30.71
-153.745,64.9342#43.15#26.08#30.77
-153.616,64.9377#43.09#26.09#30.82
-153.487,64.9411#43.03#26.09#30.88
-153.358,64.9444#42.97#26.09#30.94
-153.229,64.9475#42.9#26.09#31.01
-153.1,64.9505#42.84#26.09#31.07
-152.971,64.9534#42.78#26.09#31.13
-152.842,64.9562#42.71#26.09#31.2
-152.713,64.9589#42.64#26.09#31.27
-152.584,64.9614#42.57#26.09#31.34
-152.455,64.9638#42.51#26.09#31.4
-152.326,64.9661#42.44#26.09#31.47
-152.197,64.9682#42.38#26.09#31.53
-152.068,64.9703#42.32#26.09#31.59
-151.939,64.9722#42.25#26.09#31.66
-151.809,64.974#42.19#26.09#31.72
-151.68,64.9756#42.12#26.09#31.79
-151.551,64.9772#42.06#26.09#31.85
-151.422,64.9786#41.99#26.09#31.92
-151.292,64.9799#41.93#26.09#31.98
-151.163,64.9811#41.86#26.09#32.05
-151.034,64.9821#41.79#26.09#32.12
-150.904,64.983#41.72#26.09#32.19
-150.775,64.9838#41.66#26.09#32.25
-150.646,64.9845#41.59#26.09#32.32
-150.517,64.9851#41.52#26.09#32.39
-150.387,64.9855#41.45#26.09#32.46
-150.258,64.9858#41.38#26.1#32.52
-150.129,64.986#41.31#26.1#32.59
-149.999,64.986#41.24#26.1#32.66
-149.87,64.986#41.17#26.1#32.73
-149.741,64.9858#41.1#26.1#32.8
-149.611,64.9855#41.03#26.1#32.87
-149.482,64.9851#40.97#26.1#32.93
-149.353,64.9845#40.9#26.1#33
-149.223,64.9838#40.84#26.1#33.06
-149.094,64.983#40.77#26.1#33.13
-148.965,64.9821#40.71#26.1#33.19
-148.835,64.981#40.65#26.1#33.25
-148.706,64.9799#40.6#26.1#33.3
-148.577,64.9786#40.54#26.1#33.36
-148.448,64.9771#40.48#26.11#33.41
-148.318,64.9756#40.43#26.11#33.46
-148.189,64.9739#40.38#26.11#33.51
-148.06,64.9721#40.32#26.11#33.57
-147.931,64.9702#40.25#26.11#33.64
-147.802,64.9682#40.16#26.11#33.73
-147.672,64.966#40.07#26.11#33.82
-147.543,64.9638#39.98#26.11#33.91
-147.414,64.9614#39.89#26.11#34
-147.285,64.9588#39.79#26.11#34.1
-147.156,64.9562#39.7#26.11#34.19
-147.027,64.9534#39.61#26.12#34.27
-146.898,64.9505#39.51#26.12#34.37
-146.769,64.9475#39.42#26.12#34.46
-146.64,64.9443#39.33#26.12#34.55
-146.511,64.9411#39.24#26.12#34.64
-146.383,64.9377#39.14#26.12#34.74
-146.254,64.9342#39.05#26.12#34.83
-146.125,64.9305#38.96#26.12#34.92
-145.996,64.9268#38.87#26.12#35.01
-145.868,64.9229#38.77#26.13#35.1
-145.739,64.9189#38.66#26.13#35.21
-145.61,64.9148#38.56#26.13#35.31
-145.482,64.9105#38.45#26.13#35.42
-145.353,64.9062#38.35#26.13#35.52
-145.225,64.9017#38.25#26.13#35.62
-156.069,64.9045#44.23#26.08#29.69
-155.941,64.9102#44.17#26.08#29.75
-155.813,64.9158#44.11#26.08#29.81
-155.684,64.9213#44.04#26.08#29.88
-155.556,64.9266#43.98#26.08#29.94
-155.427,64.9319#43.91#26.08#30.01
-155.299,64.937#43.84#26.08#30.08
-155.17,64.942#43.77#26.08#30.15
-155.042,64.9468#43.7#26.08#30.22
-154.913,64.9516#43.62#26.08#30.3
-154.784,64.9562#43.55#26.08#30.37
-154.656,64.9607#43.48#26.08#30.44
-154.527,64.9651#43.41#26.08#30.51
-154.398,64.9693#43.34#26.08#30.58
-154.269,64.9735#43.28#26.08#30.64
-154.14,64.9775#43.21#26.08#30.71
-154.011,64.9814#43.15#26.08#30.77
-153.882,64.9851#43.09#26.08#30.83
-153.753,64.9888#43.03#26.08#30.89
-153.624,64.9923#42.97#26.08#30.95
-153.495,64.9957#42.91#26.09#31
-153.366,64.999#42.85#26.09#31.06
-153.237,65.0021#42.79#26.09#31.12
-153.107,65.0051#42.72#26.09#31.19
-152.978,65.008#42.66#26.09#31.25
-152.849,65.0108#42.59#26.09#31.32
-152.719,65.0135#42.53#26.09#31.38
-152.59,65.016#42.46#26.09#31.45
-152.461,65.0184#42.39#26.09#31.52
-152.331,65.0207#42.33#26.09#31.58
-152.202,65.0229#42.27#26.09#31.64
-152.072,65.0249#42.2#26.09#31.71
-151.943,65.0268#42.14#26.09#31.77
-151.813,65.0286#42.07#26.09#31.84
-151.684,65.0303#42.01#26.09#31.9
-151.554,65.0318#41.95#26.09#31.96
-151.425,65.0333#41.88#26.09#32.03
-151.295,65.0346#41.81#26.09#32.1
-151.166,65.0357#41.74#26.09#32.17
-151.036,65.0368#41.68#26.09#32.23
-150.907,65.0377#41.61#26.09#32.3
-150.777,65.0385#41.54#26.09#32.37
-150.647,65.0392#41.48#26.09#32.43
-150.518,65.0398#41.41#26.09#32.5
-150.388,65.0402#41.34#26.09#32.57
-150.258,65.0405#41.27#26.09#32.64
-150.129,65.0407#41.2#26.1#32.7
-149.999,65.0407#41.13#26.1#32.77
-149.87,65.0407#41.06#26.1#32.84
-149.74,65.0405#41#26.1#32.9
-149.61,65.0402#40.93#26.1#32.97
-149.481,65.0397#40.86#26.1#33.04
-149.351,65.0392#40.8#26.1#33.1
-149.221,65.0385#40.73#26.1#33.17
-149.092,65.0377#40.67#26.1#33.23
-148.962,65.0368#40.61#26.1#33.29
-148.833,65.0357#40.55#26.1#33.35
-148.703,65.0345#40.49#26.1#33.41
-148.574,65.0332#40.44#26.1#33.46
-148.444,65.0318#40.38#26.1#33.52
-148.314,65.0303#40.33#26.11#33.56
-148.185,65.0286#40.28#26.11#33.61
-148.055,65.0268#40.22#26.11#33.67
-147.926,65.0249#40.14#26.11#33.75
-147.797,65.0228#40.05#26.11#33.84
-147.667,65.0207#39.95#26.11#33.94
-147.538,65.0184#39.85#26.11#34.04
-147.408,65.016#39.75#26.11#34.14
-147.279,65.0134#39.65#26.11#34.24
-147.15,65.0108#39.55#26.11#34.34
-147.02,65.008#39.45#26.11#34.44
-146.891,65.0051#39.35#26.12#34.53
-146.762,65.0021#39.25#26.12#34.63
-146.633,64.9989#39.15#26.12#34.73
-146.503,64.9957#39.05#26.12#34.83
-146.374,64.9923#38.95#26.12#34.93
-146.245,64.9887#38.86#26.12#35.02
-146.116,64.9851#38.76#26.12#35.12
-145.987,64.9813#38.67#26.12#35.21
-145.858,64.9774#38.56#26.13#35.31
-145.729,64.9734#38.46#26.13#35.41
-145.6,64.9693#38.36#26.13#35.51
-145.472,64.965#38.25#26.13#35.62
-145.343,64.9607#38.15#26.13#35.72
-145.214,64.9562#38.05#26.13#35.82
-145.085,64.9515#37.96#26.13#35.91
-144.957,64.9468#37.86#26.14#36
-144.828,64.9419#37.76#26.14#36.1
-144.699,64.9369#37.67#26.14#36.19
-144.571,64.9318#37.58#26.14#36.28
-144.443,64.9266#37.48#26.14#36.38
-144.314,64.9212#37.39#26.14#36.47
-144.186,64.9157#37.3#26.14#36.56
-144.058,64.9101#37.21#26.15#36.64
-143.929,64.9044#37.12#26.15#36.73
-157.236,64.9018#44.48#26.08#29.44
-157.108,64.9086#44.45#26.08#29.47
-156.98,64.9153#44.41#26.08#29.51
-156.852,64.9219#44.37#26.08#29.55
-156.724,64.9284#44.33#26.08#29.59
-156.596,64.9347#44.29#26.08#29.63
-156.468,64.9409#44.24#26.08#29.68
-156.34,64.947#44.19#26.08#29.73
-156.211,64.953#44.15#26.08#29.77
-156.083,64.9589#44.1#26.08#29.82
-155.954,64.9646#44.04#26.08#29.88
-155.826,64.9702#43.98#26.08#29.94
-155.697,64.9757#43.92#26.08#30
-155.568,64.9811#43.85#26.08#30.07
-155.44,64.9863#43.79#26.08#30.13
-155.311,64.9914#43.72#26.08#30.2
-155.182,64.9964#43.64#26.08#30.28
-155.053,65.0013#43.57#26.08#30.35
-154.924,65.0061#43.5#26.08#30.42
-154.795,65.0107#43.43#26.08#30.49
-154.666,65.0152#43.36#26.08#30.56
-154.537,65.0196#43.29#26.08#30.63
-154.408,65.0239#43.22#26.08#30.7
-154.279,65.028#43.16#26.08#30.76
-154.15,65.032#43.09#26.08#30.83
-154.02,65.0359#43.03#26.08#30.89
-153.891,65.0397#42.97#26.08#30.95
-153.762,65.0434#42.91#26.08#31.01
-153.632,65.0469#42.85#26.08#31.07
-153.503,65.0503#42.8#26.08#31.12
-153.373,65.0536#42.73#26.09#31.18
-153.244,65.0567#42.67#26.09#31.24
-153.114,65.0598#42.61#26.09#31.3
-152.985,65.0627#42.55#26.09#31.36
-152.855,65.0655#42.48#26.09#31.43
-152.726,65.0681#42.41#26.09#31.5
-152.596,65.0707#42.35#26.09#31.56
-152.466,65.0731#42.28#26.09#31.63
-152.337,65.0754#42.22#26.09#31.69
-152.207,65.0775#42.15#26.09#31.76
-152.077,65.0796#42.09#26.09#31.82
-151.947,65.0815#42.02#26.09#31.89
-151.818,65.0833#41.96#26.09#31.95
-151.688,65.085#41.9#26.09#32.01
-151.558,65.0865#41.83#26.09#32.08
-151.428,65.0879#41.77#26.09#32.14
-151.298,65.0892#41.7#26.09#32.21
-151.168,65.0904#41.63#26.09#32.28
-151.038,65.0915#41.56#26.09#32.35
-150.909,65.0924#41.5#26.09#32.41
-150.779,65.0932#41.43#26.09#32.48
-150.649,65.0939#41.37#26.09#32.54
-150.519,65.0945#41.3#26.09#32.61
-150.389,65.0949#41.23#26.09#32.68
-150.259,65.0952#41.16#26.09#32.75
-150.129,65.0954#41.09#26.1#32.81
-149.999,65.0954#41.02#26.1#32.88
-149.869,65.0954#40.96#26.1#32.94
-149.739,65.0952#40.89#26.1#33.01
-149.609,65.0949#40.82#26.1#33.08
-149.479,65.0944#40.76#26.1#33.14
-149.35,65.0939#40.69#26.1#33.21
-149.22,65.0932#40.63#26.1#33.27
-149.09,65.0924#40.57#26.1#33.33
-148.96,65.0915#40.5#26.1#33.4
-148.83,65.0904#40.45#26.1#33.45
-148.7,65.0892#40.39#26.1#33.51
-148.57,65.0879#40.34#26.1#33.56
-148.44,65.0865#40.28#26.1#33.62
-148.311,65.085#40.23#26.1#33.67
-148.181,65.0833#40.18#26.11#33.71
-148.051,65.0815#40.12#26.11#33.77
-147.921,65.0796#40.04#26.11#33.85
-147.792,65.0775#39.93#26.11#33.96
-147.662,65.0753#39.83#26.11#34.06
-147.532,65.073#39.73#26.11#34.16
-147.402,65.0706#39.62#26.11#34.27
-147.273,65.0681#39.51#26.11#34.38
-147.143,65.0654#39.4#26.11#34.49
-147.014,65.0626#39.3#26.11#34.59
-146.884,65.0597#39.19#26.12#34.69
-146.755,65.0567#39.08#26.12#34.8
-146.625,65.0535#38.97#26.12#34.91
-146.496,65.0502#38.87#26.12#35.01
-146.366,65.0468#38.76#26.12#35.12
-146.237,65.0433#38.66#26.12#35.22
-146.107,65.0397#38.56#26.12#35.32
-145.978,65.0359#38.46#26.12#35.42
-145.849,65.032#38.36#26.12#35.52
-145.72,65.028#38.26#26.13#35.61
-145.59,65.0238#38.15#26.13#35.72
-145.461,65.0196#38.05#26.13#35.82
-145.332,65.0152#37.95#26.13#35.92
-145.203,65.0107#37.86#26.13#36.01
-145.074,65.006#37.76#26.13#36.11
-144.945,65.0013#37.66#26.13#36.21
-144.816,64.9964#37.57#26.14#36.29
-144.688,64.9914#37.47#26.14#36.39
-144.559,64.9863#37.38#26.14#36.48
-144.43,64.981#37.29#26.14#36.57
-144.301,64.9756#37.2#26.14#36.66
-144.173,64.9701#37.11#26.14#36.75
-144.044,64.9645#37.02#26.15#36.83
-143.916,64.9588#36.93#26.15#36.92
-143.787,64.9529#36.84#26.15#37.01
-143.659,64.947#36.75#26.15#37.1
-143.531,64.9409#36.67#26.15#37.18
-143.402,64.9346#36.58#26.15#37.27
-143.274,64.9283#36.49#26.16#37.35
-143.146,64.9218#36.41#26.16#37.43
-143.018,64.9152#36.32#26.16#37.52
-142.89,64.9085#36.23#26.16#37.61
-142.762,64.9017#36.14#26.16#37.7
-158.148,64.9048#44.56#26.08#29.36
-158.02,64.9124#44.54#26.08#29.38
-157.892,64.92#44.52#26.08#29.4
-157.765,64.9275#44.49#26.08#29.43
-157.637,64.9348#44.46#26.08#29.46
-157.509,64.942#44.43#26.08#29.49
-157.381,64.9491#44.39#26.08#29.53
-157.253,64.956#44.35#26.08#29.57
-157.124,64.9629#44.31#26.08#29.61
-156.996,64.9696#44.28#26.08#29.64
-156.868,64.9762#44.24#26.08#29.68
-156.739,64.9827#44.2#26.08#29.72
-156.611,64.989#44.15#26.08#29.77
-156.482,64.9953#44.11#26.08#29.81
-156.354,65.0014#44.06#26.08#29.86
-156.225,65.0074#44.01#26.08#29.91
-156.096,65.0132#43.97#26.08#29.95
-155.968,65.019#43.91#26.08#30.01
-155.839,65.0246#43.85#26.08#30.07
-155.71,65.0301#43.79#26.08#30.13
-155.581,65.0355#43.73#26.08#30.19
-155.452,65.0408#43.66#26.08#30.26
-155.323,65.0459#43.59#26.08#30.33
-155.194,65.0509#43.52#26.08#30.4
-155.065,65.0558#43.45#26.08#30.47
-154.935,65.0606#43.38#26.08#30.54
-154.806,65.0652#43.31#26.08#30.61
-154.677,65.0697#43.24#26.08#30.68
-154.547,65.0741#43.17#26.08#30.75
-154.418,65.0784#43.1#26.08#30.82
-154.288,65.0826#43.04#26.08#30.88
-154.159,65.0866#42.98#26.08#30.94
-154.029,65.0905#42.91#26.08#31.01
-153.9,65.0943#42.85#26.08#31.07
-153.77,65.0979#42.79#26.08#31.13
-153.64,65.1015#42.74#26.08#31.18
-153.511,65.1049#42.68#26.08#31.24
-153.381,65.1082#42.62#26.08#31.3
-153.251,65.1113#42.56#26.09#31.35
-153.121,65.1144#42.49#26.09#31.42
-152.992,65.1173#42.43#26.09#31.48
-152.862,65.1201#42.36#26.09#31.55
-152.732,65.1228#42.3#26.09#31.61
-152.602,65.1253#42.23#26.09#31.68
-152.472,65.1277#42.17#26.09#31.74
-152.342,65.13#42.1#26.09#31.81
-152.212,65.1322#42.04#26.09#31.87
-152.082,65.1343#41.97#26.09#31.94
-151.952,65.1362#41.91#26.09#32
-151.822,65.138#41.85#26.09#32.06
-151.692,65.1397#41.78#26.09#32.13
-151.561,65.1412#41.72#26.09#32.19
-151.431,65.1426#41.65#26.09#32.26
-151.301,65.144#41.58#26.09#32.33
-151.171,65.1451#41.52#26.09#32.39
-151.041,65.1462#41.45#26.09#32.46
-150.911,65.1471#41.38#26.09#32.53
-150.78,65.1479#41.32#26.09#32.59
-150.65,65.1486#41.25#26.09#32.66
-150.52,65.1492#41.19#26.09#32.72
-150.39,65.1496#41.12#26.09#32.79
-150.26,65.1499#41.05#26.09#32.86
-150.129,65.1501#40.98#26.09#32.93
-149.999,65.1502#40.91#26.1#32.99
-149.869,65.1501#40.84#26.1#33.06
-149.739,65.1499#40.77#26.1#33.13
-149.609,65.1496#40.71#26.1#33.19
-149.478,65.1492#40.64#26.1#33.26
-149.348,65.1486#40.58#26.1#33.32
-149.218,65.1479#40.51#26.1#33.39
-149.088,65.1471#40.45#26.1#33.45
-148.958,65.1462#40.39#26.1#33.51
-148.827,65.1451#40.33#26.1#33.57
-148.697,65.1439#40.28#26.1#33.62
-148.567,65.1426#40.23#26.1#33.67
-148.437,65.1412#40.17#26.1#33.73
-148.307,65.1396#40.12#26.1#33.78
-148.177,65.138#40.08#26.1#33.82
-148.047,65.1362#40.02#26.11#33.87
-147.917,65.1342#39.93#26.11#33.96
-147.787,65.1322#39.82#26.11#34.07
-147.657,65.13#39.71#26.11#34.18
-147.527,65.1277#39.6#26.11#34.29
-147.397,65.1253#39.48#26.11#34.41
-147.267,65.1227#39.37#26.11#34.52
-147.137,65.1201#39.26#26.11#34.63
-147.007,65.1173#39.14#26.11#34.75
-146.877,65.1144#39.03#26.11#34.86
-146.747,65.1113#38.91#26.12#34.97
-146.617,65.1081#38.8#26.12#35.08
-146.488,65.1049#38.68#26.12#35.2
-146.358,65.1014#38.57#26.12#35.31
-146.228,65.0979#38.47#26.12#35.41
-146.099,65.0942#38.36#26.12#35.52
-145.969,65.0905#38.26#26.12#35.62
-145.839,65.0865#38.15#26.12#35.73
-145.71,65.0825#38.05#26.12#35.83
-145.58,65.0784#37.95#26.13#35.92
-145.451,65.0741#37.85#26.13#36.02
-145.322,65.0697#37.75#26.13#36.12
-145.192,65.0652#37.66#26.13#36.21
-145.063,65.0605#37.56#26.13#36.31
-144.934,65.0557#37.46#26.13#36.41
-144.805,65.0509#37.37#26.13#36.5
-144.676,65.0458#37.28#26.14#36.58
-144.546,65.0407#37.18#26.14#36.68
-144.417,65.0354#37.09#26.14#36.77
-144.288,65.0301#37#26.14#36.86
-144.16,65.0246#36.91#26.14#36.95
-144.031,65.0189#36.82#26.14#37.04
-143.902,65.0132#36.74#26.15#37.11
-143.773,65.0073#36.65#26.15#37.2
-143.645,65.0013#36.56#26.15#37.29
-143.516,64.9952#36.48#26.15#37.37
-143.387,64.989#36.39#26.15#37.46
-143.259,64.9826#36.3#26.15#37.55
-143.131,64.9761#36.21#26.16#37.63
-143.002,64.9695#36.13#26.16#37.71
-142.874,64.9628#36.04#26.16#37.8
-142.746,64.956#35.95#26.16#37.89
-142.618,64.949#35.87#26.16#37.97
-142.49,64.9419#35.78#26.17#38.05
-142.362,64.9347#35.7#26.17#38.13
-142.234,64.9274#35.61#26.17#38.22
-142.106,64.9199#35.53#26.17#38.3
-141.978,64.9123#35.45#26.17#38.38
-141.851,64.9047#35.37#26.18#38.45
-159.059,64.9016#44.45#26.08#29.47
-158.932,64.9101#44.45#26.08#29.47
-158.804,64.9185#44.45#26.08#29.47
-158.677,64.9268#44.45#26.08#29.47
-158.549,64.935#44.45#26.08#29.47
-158.422,64.9431#44.45#26.08#29.47
-158.294,64.951#44.43#26.08#29.49
-158.166,64.9589#44.42#26.08#29.5
-158.038,64.9666#44.41#26.08#29.51
-157.91,64.9742#44.38#26.08#29.54
-157.782,64.9816#44.35#26.08#29.57
-157.654,64.989#44.32#26.08#29.6
-157.526,64.9962#44.29#26.08#29.63
-157.397,65.0033#44.26#26.08#29.66
-157.269,65.0103#44.22#26.08#29.7
-157.14,65.0171#44.18#26.08#29.74
-157.012,65.0239#44.15#26.08#29.77
-156.883,65.0305#44.1#26.08#29.82
-156.755,65.037#44.06#26.08#29.86
-156.626,65.0434#44.02#26.08#29.9
-156.497,65.0496#43.98#26.08#29.94
-156.368,65.0557#43.93#26.08#29.99
-156.239,65.0618#43.88#26.08#30.04
-156.11,65.0676#43.84#26.08#30.08
-155.981,65.0734#43.79#26.08#30.13
-155.852,65.079#43.72#26.08#30.2
-155.723,65.0846#43.66#26.08#30.26
-155.594,65.09#43.6#26.08#30.32
-155.464,65.0952#43.54#26.08#30.38
-155.335,65.1004#43.47#26.08#30.45
-155.206,65.1054#43.4#26.08#30.52
-155.076,65.1103#43.33#26.08#30.59
-154.947,65.1151#43.26#26.08#30.66
-154.817,65.1197#43.19#26.08#30.73
-154.687,65.1243#43.12#26.08#30.8
-154.558,65.1287#43.05#26.08#30.87
-154.428,65.133#42.98#26.08#30.94
-154.298,65.1371#42.92#26.08#31
-154.168,65.1412#42.86#26.08#31.06
-154.039,65.1451#42.79#26.08#31.13
-153.909,65.1489#42.73#26.08#31.19
-153.779,65.1525#42.68#26.08#31.24
-153.649,65.1561#42.62#26.08#31.3
-153.519,65.1595#42.56#26.08#31.36
-153.389,65.1628#42.5#26.08#31.42
-153.259,65.166#42.44#26.09#31.47
-153.128,65.169#42.38#26.09#31.53
-152.998,65.172#42.32#26.09#31.59
-152.868,65.1748#42.25#26.09#31.66
-152.738,65.1774#42.18#26.09#31.73
-152.608,65.18#42.12#26.09#31.79
-152.477,65.1824#42.05#26.09#31.86
-152.347,65.1847#41.99#26.09#31.92
-152.217,65.1869#41.92#26.09#31.99
-152.087,65.1889#41.86#26.09#32.05
-151.956,65.1909#41.8#26.09#32.11
-151.826,65.1927#41.73#26.09#32.18
-151.695,65.1944#41.67#26.09#32.24
-151.565,65.1959#41.6#26.09#32.31
-151.435,65.1974#41.54#26.09#32.37
-151.304,65.1987#41.47#26.09#32.44
-151.174,65.1998#41.4#26.09#32.51
-151.043,65.2009#41.34#26.09#32.57
-150.913,65.2018#41.27#26.09#32.64
-150.782,65.2026#41.2#26.09#32.71
-150.652,65.2033#41.14#26.09#32.77
-150.521,65.2039#41.07#26.09#32.84
-150.391,65.2043#41#26.09#32.91
-150.26,65.2046#40.93#26.09#32.98
-150.13,65.2048#40.86#26.09#33.05
-149.999,65.2049#40.79#26.09#33.12
-149.869,65.2048#40.71#26.1#33.19
-149.738,65.2046#40.64#26.1#33.26
-149.608,65.2043#40.56#26.1#33.34
-149.477,65.2039#40.49#26.1#33.41
-149.347,65.2033#40.42#26.1#33.48
-149.216,65.2026#40.35#26.1#33.55
-149.086,65.2018#40.28#26.1#33.62
-148.955,65.2009#40.21#26.1#33.69
-148.825,65.1998#40.15#26.1#33.75
-148.694,65.1986#40.09#26.1#33.81
-148.564,65.1973#40.03#26.1#33.87
-148.433,65.1959#39.98#26.1#33.92
-148.303,65.1943#39.92#26.1#33.98
-148.173,65.1927#39.86#26.1#34.04
-148.042,65.1909#39.81#26.11#34.08
-147.912,65.1889#39.72#26.11#34.17
-147.781,65.1869#39.61#26.11#34.28
-147.651,65.1847#39.51#26.11#34.38
-147.521,65.1824#39.4#26.11#34.49
-147.391,65.18#39.29#26.11#34.6
-147.26,65.1774#39.17#26.11#34.72
-147.13,65.1747#39.06#26.11#34.83
-147,65.1719#38.95#26.11#34.94
-146.87,65.169#38.83#26.11#35.06
-146.74,65.1659#38.72#26.11#35.17
-146.61,65.1628#38.6#26.12#35.28
-146.48,65.1595#38.49#26.12#35.39
-146.35,65.156#38.38#26.12#35.5
-146.22,65.1525#38.27#26.12#35.61
-146.09,65.1488#38.16#26.12#35.72
-145.96,65.145#38.05#26.12#35.83
-145.83,65.1411#37.95#26.12#35.93
-145.7,65.1371#37.85#26.12#36.03
-145.57,65.1329#37.75#26.13#36.12
-145.441,65.1286#37.65#26.13#36.22
-145.311,65.1242#37.55#26.13#36.32
-145.181,65.1197#37.46#26.13#36.41
-145.052,65.115#37.36#26.13#36.51
-144.922,65.1102#37.27#26.13#36.6
-144.793,65.1053#37.17#26.13#36.7
-144.663,65.1003#37.08#26.13#36.79
-144.534,65.0952#36.99#26.14#36.87
-144.405,65.0899#36.9#26.14#36.96
-144.276,65.0845#36.81#26.14#37.05
-144.146,65.079#36.72#26.14#37.14
-144.017,65.0733#36.63#26.14#37.23
-143.888,65.0676#36.55#26.14#37.31
-143.759,65.0617#36.46#26.15#37.39
-143.63,65.0557#36.37#26.15#37.48
-143.501,65.0495#36.29#26.15#37.56
-143.373,65.0433#36.2#26.15#37.65
-143.244,65.0369#36.11#26.15#37.74
-143.115,65.0304#36.02#26.15#37.83
-142.986,65.0238#35.94#26.16#37.9
-142.858,65.0171#35.85#26.16#37.99
-142.729,65.0102#35.76#26.16#38.08
-142.601,65.0032#35.68#26.16#38.16
-142.473,64.9961#35.59#26.16#38.25
-142.345,64.9889#35.51#26.17#38.32
-142.216,64.9815#35.42#26.17#38.41
-142.088,64.9741#35.34#26.17#38.49
-141.96,64.9665#35.26#26.17#38.57
-141.832,64.9588#35.18#26.17#38.65
-141.705,64.9509#35.11#26.18#38.71
-141.577,64.943#35.03#26.18#38.79
-141.449,64.9349#34.95#26.18#38.87
-141.321,64.9267#34.87#26.18#38.95
-141.194,64.9184#34.79#26.19#39.02
-141.067,64.91#34.71#26.19#39.1
-140.939,64.9014#34.62#26.19#39.19
-159.843,64.9016#44.28#26.08#29.64
-159.716,64.9109#44.29#26.08#29.63
-159.589,64.9201#44.3#26.08#29.62
-159.462,64.9291#44.3#26.08#29.62
-159.334,64.9381#44.3#26.08#29.62
-159.207,64.9469#44.3#26.08#29.62
-159.08,64.9555#44.31#26.08#29.61
-158.952,64.9641#44.31#26.08#29.61
-158.824,64.9726#44.31#26.08#29.61
-158.696,64.9809#44.31#26.08#29.61
-158.569,64.9891#44.31#26.08#29.61
-158.441,64.9972#44.31#26.08#29.61
-158.313,65.0052#44.3#26.08#29.62
-158.184,65.013#44.28#26.08#29.64
-158.056,65.0207#44.27#26.08#29.65
-157.928,65.0283#44.25#26.08#29.67
-157.8,65.0358#44.22#26.08#29.7
-157.671,65.0432#44.19#26.08#29.73
-157.543,65.0504#44.16#26.08#29.76
-157.414,65.0575#44.13#26.08#29.79
-157.285,65.0645#44.09#26.08#29.83
-157.157,65.0714#44.05#26.08#29.87
-157.028,65.0782#44.01#26.08#29.91
-156.899,65.0848#43.97#26.08#29.95
-156.77,65.0913#43.93#26.08#29.99
-156.641,65.0977#43.89#26.08#30.03
-156.512,65.104#43.85#26.08#30.07
-156.383,65.1101#43.8#26.08#30.12
-156.253,65.1161#43.75#26.08#30.17
-156.124,65.122#43.7#26.08#30.22
-155.995,65.1278#43.66#26.08#30.26
-155.865,65.1335#43.59#26.08#30.33
-155.736,65.139#43.53#26.08#30.39
-155.606,65.1444#43.47#26.08#30.45
-155.477,65.1497#43.41#26.08#30.51
-155.347,65.1549#43.34#26.08#30.58
-155.217,65.1599#43.27#26.08#30.65
-155.088,65.1648#43.2#26.08#30.72
-154.958,65.1696#43.14#26.08#30.78
-154.828,65.1743#43.07#26.08#30.85
-154.698,65.1788#43#26.08#30.92
-154.568,65.1832#42.93#26.08#30.99
-154.438,65.1875#42.86#26.08#31.06
-154.308,65.1917#42.8#26.08#31.12
-154.178,65.1957#42.74#26.08#31.18
-154.048,65.1997#42.67#26.08#31.25
-153.918,65.2035#42.62#26.08#31.3
-153.787,65.2072#42.56#26.08#31.36
-153.657,65.2107#42.5#26.08#31.42
-153.527,65.2141#42.45#26.08#31.47
-153.396,65.2174#42.39#26.08#31.53
-153.266,65.2206#42.32#26.08#31.6
-153.136,65.2237#42.26#26.09#31.65
-153.005,65.2266#42.2#26.09#31.71
-152.875,65.2294#42.14#26.09#31.77
-152.744,65.2321#42.07#26.09#31.84
-152.614,65.2347#42#26.09#31.91
-152.483,65.2371#41.94#26.09#31.97
-152.353,65.2394#41.87#26.09#32.04
-152.222,65.2416#41.81#26.09#32.1
-152.091,65.2436#41.75#26.09#32.16
-151.961,65.2456#41.68#26.09#32.23
-151.83,65.2474#41.62#26.09#32.29
-151.699,65.2491#41.55#26.09#32.36
-151.569,65.2506#41.49#26.09#32.42
-151.438,65.2521#41.42#26.09#32.49
-151.307,65.2534#41.36#26.09#32.55
-151.176,65.2546#41.29#26.09#32.62
-151.046,65.2556#41.22#26.09#32.69
-150.915,65.2566#41.15#26.09#32.76
-150.784,65.2574#41.09#26.09#32.82
-150.653,65.2581#41.02#26.09#32.89
-150.522,65.2586#40.96#26.09#32.95
-150.392,65.2591#40.89#26.09#33.02
-150.261,65.2594#40.81#26.09#33.1
-150.13,65.2596#40.74#26.09#33.17
-149.999,65.2596#40.66#26.09#33.25
-149.868,65.2596#40.58#26.09#33.33
-149.738,65.2594#40.5#26.1#33.4
-149.607,65.2591#40.42#26.1#33.48
-149.476,65.2586#40.34#26.1#33.56
-149.345,65.2581#40.26#26.1#33.64
-149.214,65.2574#40.19#26.1#33.71
-149.084,65.2566#40.11#26.1#33.79
-148.953,65.2556#40.04#26.1#33.86
-148.822,65.2546#39.97#26.1#33.93
-148.691,65.2534#39.9#26.1#34
-148.561,65.2521#39.84#26.1#34.06
-148.43,65.2506#39.78#26.1#34.12
-148.299,65.2491#39.71#26.1#34.19
-148.168,65.2474#39.65#26.1#34.25
-148.038,65.2456#39.59#26.1#34.31
-147.907,65.2436#39.5#26.11#34.39
-147.776,65.2416#39.39#26.11#34.5
-147.646,65.2394#39.29#26.11#34.6
-147.515,65.2371#39.18#26.11#34.71
-147.385,65.2346#39.07#26.11#34.82
-147.254,65.2321#38.96#26.11#34.93
-147.124,65.2294#38.85#26.11#35.04
-146.993,65.2266#38.74#26.11#35.15
-146.863,65.2236#38.62#26.11#35.27
-146.732,65.2206#38.51#26.11#35.38
-146.602,65.2174#38.39#26.11#35.5
-146.472,65.2141#38.28#26.12#35.6
-146.341,65.2107#38.17#26.12#35.71
-146.211,65.2071#38.06#26.12#35.82
-146.081,65.2034#37.95#26.12#35.93
-145.951,65.1996#37.85#26.12#36.03
-145.821,65.1957#37.75#26.12#36.13
-145.69,65.1916#37.65#26.12#36.23
-145.56,65.1875#37.55#26.12#36.33
-145.43,65.1832#37.45#26.13#36.42
-145.3,65.1788#37.35#26.13#36.52
-145.17,65.1742#37.26#26.13#36.61
-145.041,65.1695#37.16#26.13#36.71
-144.911,65.1647#37.07#26.13#36.8
-144.781,65.1598#36.98#26.13#36.89
-144.651,65.1548#36.89#26.13#36.98
-144.522,65.1496#36.79#26.13#37.08
-144.392,65.1443#36.71#26.14#37.15
-144.263,65.1389#36.62#26.14#37.24
-144.133,65.1334#36.53#26.14#37.33
-144.004,65.1277#36.44#26.14#37.42
-143.874,65.122#36.36#26.14#37.5
-143.745,65.1161#36.27#26.14#37.59
-143.616,65.11#36.18#26.15#37.67
-143.487,65.1039#36.1#26.15#37.75
-143.358,65.0976#36.01#26.15#37.84
-143.228,65.0912#35.92#26.15#37.93
-143.1,65.0847#35.83#26.15#38.02
-142.971,65.0781#35.75#26.16#38.09
-142.842,65.0713#35.66#26.16#38.18
-142.713,65.0645#35.57#26.16#38.27
-142.584,65.0575#35.49#26.16#38.35
-142.456,65.0503#35.4#26.16#38.44
-142.327,65.0431#35.32#26.17#38.51
-142.199,65.0357#35.23#26.17#38.6
-142.07,65.0282#35.15#26.17#38.68
-141.942,65.0206#35.07#26.17#38.76
-141.814,65.0129#34.99#26.17#38.84
-141.686,65.0051#34.92#26.18#38.9
-141.558,64.9971#34.84#26.18#38.98
-141.43,64.989#34.76#26.18#39.06
-141.302,64.9808#34.68#26.18#39.14
-141.174,64.9725#34.6#26.18#39.22
-141.047,64.964#34.52#26.19#39.29
-140.919,64.9554#34.44#26.19#39.37
-140.791,64.9468#34.35#26.19#39.46
-140.664,64.9379#34.27#26.19#39.54
-140.537,64.929#34.19#26.2#39.61
-140.409,64.92#34.11#26.2#39.69
-140.282,64.9108#34.03#26.2#39.77
-140.155,64.9015#33.95#26.2#39.85
-160.5,64.9072#44.07#26.08#29.85
-160.374,64.9171#44.08#26.08#29.84
-160.247,64.9268#44.1#26.08#29.82
-160.12,64.9365#44.11#26.08#29.81
-159.992,64.9461#44.13#26.08#29.79
-159.865,64.9555#44.13#26.08#29.79
-159.738,64.9648#44.14#26.08#29.78
-159.611,64.974#44.15#26.08#29.77
-159.483,64.9831#44.15#26.08#29.77
-159.355,64.992#44.16#26.08#29.76
-159.228,65.0008#44.16#26.08#29.76
-159.1,65.0096#44.16#26.08#29.76
-158.972,65.0181#44.17#26.08#29.75
-158.844,65.0266#44.17#26.08#29.75
-158.716,65.035#44.17#26.08#29.75
-158.588,65.0432#44.17#26.08#29.75
-158.46,65.0513#44.17#26.08#29.75
-158.331,65.0593#44.16#26.08#29.76
-158.203,65.0671#44.15#26.08#29.77
-158.074,65.0749#44.14#26.08#29.78
-157.946,65.0825#44.12#26.08#29.8
-157.817,65.09#44.09#26.08#29.83
-157.688,65.0974#44.06#26.08#29.86
-157.56,65.1047#44.03#26.08#29.89
-157.431,65.1118#44#26.08#29.92
-157.302,65.1188#43.96#26.08#29.96
-157.173,65.1257#43.92#26.08#30
-157.044,65.1325#43.88#26.08#30.04
-156.915,65.1391#43.84#26.08#30.08
-156.785,65.1457#43.8#26.08#30.12
-156.656,65.1521#43.76#26.08#30.16
-156.527,65.1583#43.72#26.08#30.2
-156.397,65.1645#43.67#26.08#30.25
-156.268,65.1705#43.62#26.08#30.3
-156.138,65.1764#43.57#26.08#30.35
-156.008,65.1822#43.52#26.08#30.4
-155.879,65.1879#43.47#26.08#30.45
-155.749,65.1934#43.41#26.08#30.51
-155.619,65.1989#43.35#26.08#30.57
-155.489,65.2042#43.29#26.08#30.63
-155.359,65.2093#43.22#26.08#30.7
-155.229,65.2144#43.15#26.08#30.77
-155.099,65.2193#43.08#26.08#30.84
-154.969,65.2241#43.01#26.08#30.91
-154.839,65.2288#42.94#26.08#30.98
-154.709,65.2334#42.88#26.08#31.04
-154.578,65.2378#42.81#26.08#31.11
-154.448,65.2421#42.74#26.08#31.18
-154.318,65.2463#42.68#26.08#31.24
-154.187,65.2503#42.62#26.08#31.3
-154.057,65.2543#42.56#26.08#31.36
-153.926,65.2581#42.5#26.08#31.42
-153.796,65.2618#42.44#26.08#31.48
-153.665,65.2653#42.38#26.08#31.54
-153.535,65.2688#42.33#26.08#31.59
-153.404,65.2721#42.27#26.08#31.65
-153.273,65.2753#42.21#26.08#31.71
-153.143,65.2783#42.15#26.08#31.77
-153.012,65.2813#42.09#26.09#31.82
-152.881,65.2841#42.02#26.09#31.89
-152.75,65.2868#41.96#26.09#31.95
-152.62,65.2893#41.89#26.09#32.02
-152.489,65.2918#41.83#26.09#32.08
-152.358,65.2941#41.76#26.09#32.15
-152.227,65.2963#41.7#26.09#32.21
-152.096,65.2984#41.63#26.09#32.28
-151.965,65.3003#41.57#26.09#32.34
-151.834,65.3021#41.5#26.09#32.41
-151.703,65.3038#41.44#26.09#32.47
-151.572,65.3054#41.37#26.09#32.54
-151.441,65.3068#41.31#26.09#32.6
-151.31,65.3081#41.24#26.09#32.67
-151.179,65.3093#41.17#26.09#32.74
-151.048,65.3104#41.11#26.09#32.8
-150.917,65.3113#41.04#26.09#32.87
-150.786,65.3121#40.97#26.09#32.94
-150.655,65.3128#40.91#26.09#33
-150.524,65.3134#40.84#26.09#33.07
-150.393,65.3138#40.77#26.09#33.14
-150.261,65.3141#40.69#26.09#33.22
-150.13,65.3143#40.61#26.09#33.3
-149.999,65.3144#40.54#26.09#33.37
-149.868,65.3143#40.45#26.09#33.46
-149.737,65.3141#40.36#26.1#33.54
-149.606,65.3138#40.27#26.1#33.63
-149.475,65.3134#40.19#26.1#33.71
-149.344,65.3128#40.1#26.1#33.8
-149.213,65.3121#40.02#26.1#33.88
-149.081,65.3113#39.94#26.1#33.96
-148.95,65.3104#39.86#26.1#34.04
-148.819,65.3093#39.79#26.1#34.11
-148.688,65.3081#39.72#26.1#34.18
-148.557,65.3068#39.65#26.1#34.25
-148.426,65.3054#39.58#26.1#34.32
-148.295,65.3038#39.51#26.1#34.39
-148.164,65.3021#39.44#26.1#34.46
-148.033,65.3003#39.38#26.1#34.52
-147.902,65.2983#39.28#26.1#34.62
-147.771,65.2963#39.17#26.11#34.72
-147.64,65.2941#39.07#26.11#34.82
-147.51,65.2918#38.97#26.11#34.92
-147.379,65.2893#38.86#26.11#35.03
-147.248,65.2868#38.75#26.11#35.14
-147.117,65.2841#38.64#26.11#35.25
-146.986,65.2812#38.52#26.11#35.37
-146.856,65.2783#38.41#26.11#35.48
-146.725,65.2752#38.3#26.11#35.59
-146.594,65.272#38.18#26.11#35.71
-146.464,65.2687#38.07#26.12#35.81
-146.333,65.2653#37.96#26.12#35.92
-146.202,65.2617#37.85#26.12#36.03
-146.072,65.258#37.75#26.12#36.13
-145.941,65.2542#37.64#26.12#36.24
-145.811,65.2503#37.54#26.12#36.34
-145.681,65.2462#37.44#26.12#36.44
-145.55,65.242#37.34#26.12#36.54
-145.42,65.2377#37.25#26.12#36.63
-145.29,65.2333#37.15#26.13#36.72
-145.159,65.2287#37.06#26.13#36.81
-145.029,65.2241#36.96#26.13#36.91
-144.899,65.2193#36.87#26.13#37
-144.769,65.2143#36.78#26.13#37.09
-144.639,65.2093#36.69#26.13#37.18
-144.509,65.2041#36.6#26.13#37.27
-144.379,65.1988#36.51#26.14#37.35
-144.25,65.1934#36.43#26.14#37.43
-144.12,65.1878#36.34#26.14#37.52
-143.99,65.1822#36.25#26.14#37.61
-143.86,65.1764#36.17#26.14#37.69
-143.731,65.1705#36.08#26.14#37.78
-143.601,65.1644#35.99#26.15#37.86
-143.472,65.1583#35.9#26.15#37.95
-143.342,65.152#35.82#26.15#38.03
-143.213,65.1456#35.73#26.15#38.12
-143.084,65.139#35.64#26.15#38.21
-142.955,65.1324#35.56#26.15#38.29
-142.826,65.1256#35.47#26.16#38.37
-142.697,65.1187#35.38#26.16#38.46
-142.568,65.1117#35.3#26.16#38.54
-142.439,65.1046#35.21#26.16#38.63
-142.31,65.0973#35.13#26.16#38.71
-142.181,65.0899#35.04#26.17#38.79
-142.053,65.0824#34.96#26.17#38.87
-141.924,65.0748#34.88#26.17#38.95
-141.795,65.0671#34.8#26.17#39.03
-141.667,65.0592#34.73#26.17#39.1
-141.539,65.0512#34.66#26.18#39.16
-141.411,65.0431#34.58#26.18#39.24
-141.282,65.0349#34.5#26.18#39.32
-141.154,65.0265#34.42#26.18#39.4
-141.026,65.018#34.34#26.19#39.47
-140.898,65.0094#34.25#26.19#39.56
-140.771,65.0007#34.17#26.19#39.64
-140.643,64.9919#34.08#26.19#39.73
-140.515,64.9829#34#26.2#39.8
-140.388,64.9739#33.92#26.2#39.88
-140.26,64.9647#33.84#26.2#39.96
-140.133,64.9554#33.76#26.2#40.04
-140.006,64.9459#33.68#26.21#40.11
-139.879,64.9364#33.6#26.21#40.19
-139.752,64.9267#33.51#26.21#40.28
-139.625,64.9169#33.43#26.21#40.36
-139.498,64.907#33.34#26.22#40.44
-161.158,64.9095#43.79#26.08#30.13
-161.031,64.92#43.81#26.08#30.11
-160.905,64.9304#43.83#26.08#30.09
-160.778,64.9407#43.86#26.08#30.06
-160.651,64.9509#43.88#26.08#30.04
-160.524,64.9609#43.91#26.08#30.01
-160.397,64.9708#43.93#26.08#29.99
-160.27,64.9807#43.94#26.08#29.98
-160.142,64.9903#43.96#26.08#29.96
-160.015,64.9999#43.97#26.08#29.95
-159.887,65.0094#43.98#26.08#29.94
-159.76,65.0187#43.99#26.08#29.93
-159.632,65.0279#44#26.08#29.92
-159.504,65.037#44.01#26.08#29.91
-159.376,65.046#44.01#26.08#29.91
-159.249,65.0548#44.01#26.08#29.91
-159.12,65.0636#44.02#26.08#29.9
-158.992,65.0722#44.02#26.08#29.9
-158.864,65.0807#44.02#26.08#29.9
-158.736,65.089#44.03#26.08#29.89
-158.607,65.0973#44.03#26.08#29.89
-158.479,65.1054#44.03#26.08#29.89
-158.35,65.1134#44.02#26.08#29.9
-158.221,65.1213#44.01#26.08#29.91
-158.093,65.1291#44#26.08#29.92
-157.964,65.1367#43.98#26.08#29.94
-157.835,65.1442#43.95#26.08#29.97
-157.706,65.1516#43.93#26.08#29.99
-157.577,65.1589#43.9#26.08#30.02
-157.448,65.1661#43.86#26.08#30.06
-157.318,65.1731#43.83#26.08#30.09
-157.189,65.18#43.79#26.08#30.13
-157.06,65.1868#43.75#26.08#30.17
-156.93,65.1935#43.71#26.08#30.21
-156.801,65.2#43.67#26.08#30.25
-156.671,65.2064#43.63#26.08#30.29
-156.541,65.2127#43.58#26.08#30.34
-156.412,65.2189#43.54#26.08#30.38
-156.282,65.2249#43.49#26.08#30.43
-156.152,65.2309#43.44#26.08#30.48
-156.022,65.2367#43.39#26.08#30.53
-155.892,65.2424#43.34#26.08#30.58
-155.762,65.2479#43.28#26.08#30.64
-155.632,65.2533#43.22#26.08#30.7
-155.502,65.2587#43.16#26.08#30.76
-155.371,65.2638#43.09#26.08#30.83
-155.241,65.2689#43.02#26.08#30.9
-155.111,65.2738#42.96#26.08#30.96
-154.98,65.2787#42.89#26.08#31.03
-154.85,65.2834#42.82#26.08#31.1
-154.719,65.2879#42.75#26.08#31.17
-154.589,65.2924#42.69#26.08#31.23
-154.458,65.2967#42.62#26.08#31.3
-154.328,65.3009#42.56#26.08#31.36
-154.197,65.3049#42.5#26.08#31.42
-154.066,65.3089#42.44#26.08#31.48
-153.935,65.3127#42.38#26.08#31.54
-153.805,65.3164#42.32#26.08#31.6
-153.674,65.32#42.27#26.08#31.65
-153.543,65.3234#42.21#26.08#31.71
-153.412,65.3267#42.15#26.08#31.77
-153.281,65.3299#42.09#26.08#31.83
-153.15,65.333#42.03#26.08#31.89
-153.019,65.336#41.97#26.08#31.95
-152.888,65.3388#41.91#26.09#32
-152.757,65.3415#41.84#26.09#32.07
-152.626,65.344#41.78#26.09#32.13
-152.494,65.3465#41.71#26.09#32.2
-152.363,65.3488#41.65#26.09#32.26
-152.232,65.351#41.58#26.09#32.33
-152.101,65.3531#41.52#26.09#32.39
-151.97,65.355#41.45#26.09#32.46
-151.838,65.3568#41.39#26.09#32.52
-151.707,65.3585#41.32#26.09#32.59
-151.576,65.3601#41.26#26.09#32.65
-151.444,65.3616#41.19#26.09#32.72
-151.313,65.3629#41.13#26.09#32.78
-151.182,65.3641#41.06#26.09#32.85
-151.05,65.3651#40.99#26.09#32.92
-150.919,65.3661#40.93#26.09#32.98
-150.788,65.3669#40.86#26.09#33.05
-150.656,65.3676#40.79#26.09#33.12
-150.525,65.3681#40.73#26.09#33.18
-150.393,65.3686#40.65#26.09#33.26
-150.262,65.3689#40.57#26.09#33.34
-150.131,65.3691#40.49#26.09#33.42
-149.999,65.3691#40.41#26.09#33.5
-149.868,65.3691#40.32#26.09#33.59
-149.736,65.3689#40.22#26.09#33.69
-149.605,65.3686#40.13#26.1#33.77
-149.474,65.3681#40.03#26.1#33.87
-149.342,65.3676#39.95#26.1#33.95
-149.211,65.3669#39.86#26.1#34.04
-149.079,65.3661#39.77#26.1#34.13
-148.948,65.3651#39.68#26.1#34.22
-148.817,65.364#39.61#26.1#34.29
-148.685,65.3629#39.53#26.1#34.37
-148.554,65.3615#39.45#26.1#34.45
-148.423,65.3601#39.38#26.1#34.52
-148.291,65.3585#39.3#26.1#34.6
-148.16,65.3568#39.23#26.1#34.67
-148.029,65.355#39.16#26.1#34.74
-147.897,65.3531#39.06#26.1#34.84
-147.766,65.351#38.96#26.1#34.94
-147.635,65.3488#38.85#26.11#35.04
-147.504,65.3465#38.75#26.11#35.14
-147.373,65.344#38.64#26.11#35.25
-147.242,65.3414#38.53#26.11#35.36
-147.11,65.3387#38.42#26.11#35.47
-146.979,65.3359#38.31#26.11#35.58
-146.848,65.333#38.2#26.11#35.69
-146.717,65.3299#38.09#26.11#35.8
-146.586,65.3267#37.97#26.11#35.92
-146.455,65.3234#37.86#26.11#36.03
-146.325,65.3199#37.75#26.12#36.13
-146.194,65.3164#37.65#26.12#36.23
-146.063,65.3127#37.54#26.12#36.34
-145.932,65.3088#37.44#26.12#36.44
-145.801,65.3049#37.34#26.12#36.54
-145.671,65.3008#37.24#26.12#36.64
-145.54,65.2966#37.14#26.12#36.74
-145.409,65.2923#37.05#26.12#36.83
-145.279,65.2879#36.95#26.13#36.92
-145.148,65.2833#36.86#26.13#37.01
-145.018,65.2786#36.77#26.13#37.1
-144.888,65.2738#36.67#26.13#37.2
-144.757,65.2688#36.58#26.13#37.29
-144.627,65.2638#36.49#26.13#37.38
-144.497,65.2586#36.4#26.13#37.47
-144.367,65.2533#36.32#26.13#37.55
-144.236,65.2478#36.23#26.14#37.63
-144.106,65.2423#36.15#26.14#37.71
-143.976,65.2366#36.06#26.14#37.8
-143.846,65.2308#35.97#26.14#37.89
-143.717,65.2249#35.89#26.14#37.97
-143.587,65.2188#35.8#26.14#38.06
-143.457,65.2126#35.71#26.15#38.14
-143.327,65.2063#35.63#26.15#38.22
-143.198,65.1999#35.54#26.15#38.31
-143.068,65.1934#35.45#26.15#38.4
-142.939,65.1867#35.37#26.15#38.48
-142.809,65.1799#35.28#26.15#38.57
-142.68,65.173#35.19#26.16#38.65
-142.551,65.166#35.11#26.16#38.73
-142.422,65.1588#35.02#26.16#38.82
-142.292,65.1515#34.93#26.16#38.91
-142.163,65.1441#34.85#26.16#38.99
-142.035,65.1366#34.76#26.17#39.07
-141.906,65.129#34.69#26.17#39.14
-141.777,65.1212#34.62#26.17#39.21
-141.648,65.1133#34.54#26.17#39.29
-141.52,65.1053#34.47#26.17#39.36
-141.391,65.0972#34.39#26.18#39.43
-141.263,65.0889#34.31#26.18#39.51
-141.134,65.0806#34.23#26.18#39.59
-141.006,65.0721#34.15#26.18#39.67
-140.878,65.0635#34.07#26.19#39.74
-140.75,65.0547#33.98#26.19#39.83
-140.622,65.0459#33.9#26.19#39.91
-140.494,65.0369#33.81#26.19#40
-140.366,65.0278#33.73#26.2#40.07
-140.239,65.0186#33.65#26.2#40.15
-140.111,65.0092#33.57#26.2#40.23
-139.983,64.9998#33.5#26.2#40.3
-139.856,64.9902#33.41#26.21#40.38
-139.729,64.9805#33.32#26.21#40.47
-139.602,64.9707#33.24#26.21#40.55
-139.475,64.9608#33.15#26.21#40.64
-139.348,64.9507#33.07#26.22#40.71
-139.221,64.9406#32.99#26.22#40.79
-139.094,64.9303#32.9#26.22#40.88
-138.967,64.9199#32.82#26.23#40.95
-138.841,64.9094#32.73#26.23#41.04
-161.815,64.9086#43.51#26.08#30.41
-161.689,64.9198#43.54#26.08#30.38
-161.563,64.9308#43.56#26.08#30.36
-161.436,64.9417#43.58#26.08#30.34
-161.309,64.9525#43.6#26.08#30.32
-161.183,64.9631#43.63#26.08#30.29
-161.056,64.9737#43.65#26.08#30.27
-160.929,64.9841#43.68#26.08#30.24
-160.802,64.9944#43.7#26.08#30.22
-160.675,65.0046#43.73#26.08#30.19
-160.548,65.0147#43.75#26.08#30.17
-160.42,65.0246#43.77#26.08#30.15
-160.293,65.0345#43.79#26.08#30.13
-160.165,65.0442#43.8#26.08#30.12
-160.037,65.0538#43.82#26.08#30.1
-159.91,65.0633#43.83#26.08#30.09
-159.782,65.0726#43.84#26.08#30.08
-159.654,65.0818#43.85#26.08#30.07
-159.526,65.091#43.86#26.08#30.06
-159.398,65.0999#43.86#26.08#30.06
-159.269,65.1088#43.87#26.08#30.05
-159.141,65.1176#43.87#26.08#30.05
-159.013,65.1262#43.88#26.08#30.04
-158.884,65.1347#43.88#26.08#30.04
-158.755,65.1431#43.89#26.08#30.03
-158.627,65.1514#43.89#26.08#30.03
-158.498,65.1595#43.9#26.08#30.02
-158.369,65.1676#43.88#26.08#30.04
-158.24,65.1755#43.87#26.08#30.05
-158.111,65.1832#43.86#26.08#30.06
-157.982,65.1909#43.85#26.08#30.07
-157.853,65.1984#43.82#26.08#30.1
-157.723,65.2059#43.79#26.08#30.13
-157.594,65.2132#43.76#26.08#30.16
-157.465,65.2203#43.73#26.08#30.19
-157.335,65.2274#43.69#26.08#30.23
-157.205,65.2343#43.66#26.08#30.26
-157.076,65.2411#43.62#26.08#30.3
-156.946,65.2478#43.58#26.08#30.34
-156.816,65.2543#43.54#26.08#30.38
-156.686,65.2608#43.49#26.08#30.43
-156.556,65.2671#43.45#26.08#30.47
-156.426,65.2733#43.41#26.08#30.51
-156.296,65.2794#43.36#26.08#30.56
-156.166,65.2853#43.31#26.08#30.61
-156.036,65.2911#43.26#26.08#30.66
-155.905,65.2968#43.21#26.08#30.71
-155.775,65.3024#43.15#26.08#30.77
-155.645,65.3078#43.09#26.08#30.83
-155.514,65.3132#43.03#26.08#30.89
-155.384,65.3184#42.96#26.08#30.96
-155.253,65.3234#42.9#26.08#31.02
-155.122,65.3284#42.83#26.08#31.09
-154.992,65.3332#42.76#26.08#31.16
-154.861,65.3379#42.7#26.08#31.22
-154.73,65.3425#42.63#26.08#31.29
-154.599,65.3469#42.56#26.08#31.36
-154.468,65.3513#42.5#26.08#31.42
-154.338,65.3555#42.44#26.08#31.48
-154.207,65.3596#42.38#26.08#31.54
-154.076,65.3635#42.32#26.08#31.6
-153.944,65.3673#42.26#26.08#31.66
-153.813,65.371#42.2#26.08#31.72
-153.682,65.3746#42.15#26.08#31.77
-153.551,65.3781#42.09#26.08#31.83
-153.42,65.3814#42.04#26.08#31.88
-153.289,65.3846#41.98#26.08#31.94
-153.157,65.3877#41.92#26.08#32
-153.026,65.3907#41.86#26.08#32.06
-152.895,65.3935#41.79#26.08#32.13
-152.763,65.3962#41.73#26.09#32.18
-152.632,65.3988#41.66#26.09#32.25
-152.5,65.4012#41.6#26.09#32.31
-152.369,65.4035#41.53#26.09#32.38
-152.237,65.4057#41.47#26.09#32.44
-152.106,65.4078#41.4#26.09#32.51
-151.974,65.4098#41.34#26.09#32.57
