-152.818,53.9019#57.13#26.54#16.33
-152.73,53.9044#56.91#26.54#16.55
-152.642,53.9068#56.7#26.54#16.76
-152.554,53.9091#56.48#26.55#16.97
-152.466,53.9114#56.28#26.55#17.17
-152.378,53.9136#56.09#26.55#17.36
-152.29,53.9157#55.9#26.56#17.54
-152.202,53.9178#55.71#26.56#17.73
-152.114,53.9197#55.51#26.56#17.93
-152.026,53.9216#55.32#26.57#18.11
-151.938,53.9234#55.14#26.57#18.29
-151.85,53.9251#54.96#26.57#18.47
-151.762,53.9267#54.77#26.58#18.65
-151.674,53.9283#54.59#26.58#18.83
-151.586,53.9298#54.41#26.58#19.01
-151.498,53.9312#54.22#26.59#19.19
-151.41,53.9325#54.05#26.59#19.36
-151.321,53.9337#53.88#26.59#19.53
-151.233,53.9349#53.7#26.6#19.7
-151.145,53.9359#53.53#26.6#19.87
-151.057,53.9369#53.35#26.6#20.05
-150.969,53.9379#53.18#26.61#20.21
-150.881,53.9387#53.02#26.61#20.37
-150.793,53.9394#52.86#26.61#20.53
-150.705,53.9401#52.7#26.62#20.68
-150.616,53.9407#52.53#26.62#20.85
-150.528,53.9412#52.37#26.62#21.01
-150.44,53.9417#52.22#26.63#21.15
-150.352,53.942#52.07#26.63#21.3
-150.264,53.9423#51.92#26.63#21.45
-150.176,53.9425#51.76#26.64#21.6
-150.088,53.9426#51.61#26.64#21.75
-149.999,53.9427#51.46#26.64#21.9
-149.911,53.9426#51.35#26.65#22
-149.823,53.9425#51.23#26.65#22.12
-149.735,53.9423#51.12#26.65#22.23
-149.647,53.942#51#26.66#22.34
-149.559,53.9417#50.89#26.66#22.45
-149.471,53.9412#50.76#26.67#22.57
-149.382,53.9407#50.62#26.67#22.71
-149.294,53.9401#50.47#26.67#22.86
-149.206,53.9394#50.33#26.68#22.99
-149.118,53.9387#50.19#26.68#23.13
-149.03,53.9378#50.04#26.68#23.28
-148.942,53.9369#49.92#26.69#23.39
-148.854,53.9359#49.81#26.69#23.5
-148.766,53.9348#49.7#26.69#23.61
-148.677,53.9337#49.6#26.7#23.7
-148.589,53.9325#49.49#26.7#23.81
-148.501,53.9311#49.38#26.71#23.91
-148.413,53.9297#49.3#26.71#23.99
-148.325,53.9283#49.23#26.71#24.06
-148.237,53.9267#49.15#26.72#24.13
-148.149,53.9251#49.08#26.72#24.2
-148.061,53.9234#49#26.72#24.28
-147.973,53.9216#48.93#26.73#24.34
-147.885,53.9197#48.87#26.73#24.4
-147.797,53.9177#48.8#26.74#24.46
-147.709,53.9157#48.74#26.74#24.52
-147.621,53.9136#48.67#26.74#24.59
-147.533,53.9114#48.61#26.75#24.64
-147.445,53.9091#48.54#26.75#24.71
-147.357,53.9068#48.49#26.75#24.76
-147.269,53.9043#48.43#26.76#24.81
-147.181,53.9018#48.37#26.76#24.87
-154.229,53.9026#59.68#26.48#13.84
-154.142,53.9064#59.64#26.49#13.87
-154.054,53.9101#59.6#26.49#13.91
-153.966,53.9137#59.55#26.49#13.96
-153.878,53.9173#59.49#26.5#14.01
-153.79,53.9208#59.43#26.5#14.07
-153.702,53.9241#59.36#26.5#14.14
-153.614,53.9275#59.3#26.5#14.2
-153.526,53.9307#59.24#26.51#14.25
-153.438,53.9338#59.06#26.51#14.43
-153.35,53.9369#58.82#26.51#14.67
-153.262,53.9399#58.59#26.52#14.89
-153.174,53.9428#58.35#26.52#15.13
-153.086,53.9456#58.11#26.52#15.37
-152.998,53.9484#57.87#26.53#15.6
-152.91,53.9511#57.66#26.53#15.81
-152.822,53.9537#57.44#26.53#16.03
-152.734,53.9562#57.22#26.54#16.24
-152.646,53.9586#57#26.54#16.46
-152.558,53.961#56.78#26.54#16.68
-152.47,53.9632#56.57#26.55#16.88
-152.382,53.9654#56.38#26.55#17.07
-152.294,53.9676#56.19#26.55#17.26
-152.205,53.9696#56#26.55#17.45
-152.117,53.9716#55.8#26.56#17.64
-152.029,53.9734#55.61#26.56#17.83
-151.941,53.9752#55.42#26.56#18.02
-151.853,53.9769#55.24#26.57#18.19
-151.765,53.9786#55.05#26.57#18.38
-151.676,53.9801#54.87#26.57#18.56
-151.588,53.9816#54.68#26.58#18.74
-151.5,53.983#54.49#26.58#18.93
-151.412,53.9843#54.32#26.58#19.1
-151.323,53.9856#54.14#26.59#19.27
-151.235,53.9867#53.97#26.59#19.44
-151.147,53.9878#53.79#26.59#19.62
-151.059,53.9888#53.61#26.6#19.79
-150.97,53.9897#53.44#26.6#19.96
-150.882,53.9906#53.28#26.6#20.12
-150.794,53.9913#53.12#26.61#20.27
-150.706,53.992#52.95#26.61#20.44
-150.617,53.9926#52.79#26.62#20.59
-150.529,53.9931#52.62#26.62#20.76
-150.441,53.9936#52.47#26.62#20.91
-150.353,53.9939#52.32#26.63#21.05
-150.264,53.9942#52.16#26.63#21.21
-150.176,53.9944#52.01#26.63#21.36
-150.088,53.9945#51.86#26.64#21.5
-149.999,53.9946#51.7#26.64#21.66
-149.911,53.9945#51.58#26.64#21.78
-149.823,53.9944#51.46#26.65#21.89
-149.735,53.9942#51.34#26.65#22.01
-149.646,53.9939#51.22#26.65#22.13
-149.558,53.9936#51.1#26.66#22.24
-149.47,53.9931#50.96#26.66#22.38
-149.381,53.9926#50.79#26.66#22.55
-149.293,53.992#50.63#26.67#22.7
-149.205,53.9913#50.46#26.67#22.87
-149.117,53.9906#50.3#26.68#23.02
-149.028,53.9897#50.14#26.68#23.18
-148.94,53.9888#50#26.68#23.32
-148.852,53.9878#49.89#26.69#23.42
-148.764,53.9867#49.77#26.69#23.54
-148.675,53.9856#49.66#26.69#23.65
-148.587,53.9843#49.54#26.7#23.76
-148.499,53.983#49.43#26.7#23.87
-148.411,53.9816#49.35#26.7#23.95
-148.323,53.9801#49.28#26.71#24.01
-148.234,53.9786#49.2#26.71#24.09
-148.146,53.9769#49.13#26.72#24.15
-148.058,53.9752#49.05#26.72#24.23
-147.97,53.9734#48.98#26.72#24.3
-147.882,53.9715#48.91#26.73#24.36
-147.793,53.9696#48.85#26.73#24.42
-147.705,53.9675#48.78#26.73#24.49
-147.617,53.9654#48.72#26.74#24.54
-147.529,53.9632#48.65#26.74#24.61
-147.441,53.9609#48.59#26.75#24.66
-147.353,53.9586#48.53#26.75#24.72
-147.265,53.9562#48.47#26.75#24.78
-147.177,53.9536#48.41#26.76#24.83
-147.089,53.951#48.35#26.76#24.89
-147,53.9484#48.3#26.77#24.93
-146.912,53.9456#48.24#26.77#24.99
-146.824,53.9428#48.19#26.77#25.04
-146.736,53.9399#48.14#26.78#25.08
-146.648,53.9369#48.09#26.78#25.13
-146.56,53.9338#48.04#26.78#25.18
-146.472,53.9306#47.99#26.79#25.22
-146.385,53.9274#47.94#26.79#25.27
-146.297,53.9241#47.9#26.8#25.3
-146.209,53.9207#47.85#26.8#25.35
-146.121,53.9172#47.8#26.8#25.4
-146.033,53.9137#47.76#26.81#25.43
-145.945,53.9101#47.71#26.81#25.48
-145.857,53.9064#47.67#26.82#25.51
-145.769,53.9026#47.63#26.82#25.55
-155.29,53.9027#60.45#26.45#13.1
-155.202,53.9074#60.43#26.45#13.12
-155.114,53.9121#60.41#26.45#13.14
-155.027,53.9166#60.38#26.45#13.17
-154.939,53.9212#60.35#26.46#13.19
-154.851,53.9256#60.32#26.46#13.22
-154.763,53.9299#60.28#26.46#13.26
-154.675,53.9342#60.25#26.46#13.29
-154.588,53.9384#60.21#26.47#13.32
-154.5,53.9425#60.18#26.47#13.35
-154.412,53.9465#60.14#26.47#13.39
-154.324,53.9505#60.1#26.48#13.42
-154.236,53.9544#60.06#26.48#13.46
-154.148,53.9581#60.02#26.48#13.5
-154.06,53.9619#59.97#26.49#13.54
-153.972,53.9655#59.93#26.49#13.58
-153.884,53.969#59.86#26.49#13.65
-153.796,53.9725#59.8#26.49#13.71
-153.708,53.9759#59.74#26.5#13.76
-153.62,53.9792#59.67#26.5#13.83
-153.532,53.9825#59.6#26.5#13.9
-153.444,53.9856#59.43#26.51#14.06
-153.356,53.9887#59.18#26.51#14.31
-153.268,53.9917#58.94#26.51#14.55
-153.179,53.9946#58.69#26.52#14.79
-153.091,53.9975#58.44#26.52#15.04
-153.003,54.0002#58.19#26.52#15.29
-152.915,54.0029#57.97#26.53#15.5
-152.827,54.0055#57.75#26.53#15.72
-152.738,54.008#57.53#26.53#15.94
-152.65,54.0105#57.3#26.53#16.17
-152.562,54.0128#57.08#26.54#16.38
-152.474,54.0151#56.86#26.54#16.6
-152.385,54.0173#56.67#26.54#16.79
-152.297,54.0194#56.48#26.55#16.97
-152.209,54.0215#56.29#26.55#17.16
-152.121,54.0234#56.09#26.55#17.36
-152.032,54.0253#55.9#26.56#17.54
-151.944,54.0271#55.71#26.56#17.73
-151.856,54.0288#55.52#26.56#17.92
-151.767,54.0305#55.33#26.57#18.1
-151.679,54.032#55.14#26.57#18.29
-151.591,54.0335#54.96#26.57#18.47
-151.502,54.0349#54.77#26.58#18.65
-151.414,54.0362#54.59#26.58#18.83
-151.326,54.0375#54.41#26.58#19.01
-151.237,54.0386#54.23#26.59#19.18
-151.149,54.0397#54.06#26.59#19.35
-151.06,54.0407#53.88#26.59#19.53
-150.972,54.0416#53.7#26.6#19.7
-150.884,54.0425#53.54#26.6#19.86
-150.795,54.0432#53.37#26.6#20.03
-150.707,54.0439#53.21#26.61#20.18
-150.618,54.0445#53.04#26.61#20.35
-150.53,54.045#52.88#26.61#20.51
-150.442,54.0455#52.72#26.62#20.66
-150.353,54.0458#52.56#26.62#20.82
-150.265,54.0461#52.41#26.62#20.97
-150.176,54.0463#52.26#26.63#21.11
-150.088,54.0464#52.1#26.63#21.27
-149.999,54.0465#51.95#26.63#21.42
-149.911,54.0464#51.82#26.64#21.54
-149.823,54.0463#51.69#26.64#21.67
-149.734,54.0461#51.56#26.65#21.79
-149.646,54.0458#51.44#26.65#21.91
-149.557,54.0455#51.31#26.65#22.04
-149.469,54.045#51.16#26.66#22.18
-149.381,54.0445#50.97#26.66#22.37
-149.292,54.0439#50.78#26.66#22.56
-149.204,54.0432#50.6#26.67#22.73
-149.115,54.0425#50.41#26.67#22.92
-149.027,54.0416#50.22#26.67#23.11
-148.939,54.0407#50.08#26.68#23.24
-148.85,54.0397#49.96#26.68#23.36
-148.762,54.0386#49.84#26.68#23.48
-148.673,54.0375#49.72#26.69#23.59
-148.585,54.0362#49.6#26.69#23.71
-148.497,54.0349#49.48#26.7#23.82
-148.408,54.0335#49.4#26.7#23.9
-148.32,54.032#49.33#26.7#23.97
-148.232,54.0304#49.25#26.71#24.04
-148.143,54.0288#49.17#26.71#24.12
-148.055,54.0271#49.1#26.71#24.19
-147.967,54.0253#49.03#26.72#24.25
-147.878,54.0234#48.96#26.72#24.32
-147.79,54.0214#48.89#26.73#24.38
-147.702,54.0194#48.83#26.73#24.44
-147.613,54.0173#48.76#26.73#24.51
-147.525,54.0151#48.7#26.74#24.56
-147.437,54.0128#48.63#26.74#24.63
-147.349,54.0104#48.58#26.74#24.68
-147.26,54.008#48.52#26.75#24.73
-147.172,54.0055#48.46#26.75#24.79
-147.084,54.0029#48.4#26.76#24.84
-146.996,54.0002#48.34#26.76#24.9
-146.908,53.9974#48.29#26.76#24.95
-146.82,53.9946#48.23#26.77#25
-146.731,53.9917#48.18#26.77#25.05
-146.643,53.9887#48.13#26.78#25.09
-146.555,53.9856#48.08#26.78#25.14
-146.467,53.9824#48.03#26.78#25.19
-146.379,53.9792#47.98#26.79#25.23
-146.291,53.9759#47.93#26.79#25.28
-146.203,53.9725#47.89#26.8#25.31
-146.115,53.969#47.84#26.8#25.36
-146.027,53.9654#47.8#26.8#25.4
-145.939,53.9618#47.75#26.81#25.44
-145.851,53.9581#47.71#26.81#25.48
-145.763,53.9543#47.66#26.82#25.52
-145.675,53.9504#47.62#26.82#25.56
-145.587,53.9465#47.58#26.82#25.6
-145.499,53.9424#47.53#26.83#25.64
-145.411,53.9383#47.49#26.83#25.68
-145.324,53.9341#47.45#26.84#25.71
-145.236,53.9299#47.4#26.84#25.76
-145.148,53.9255#47.36#26.84#25.8
-145.06,53.9211#47.32#26.85#25.83
-144.972,53.9166#47.27#26.85#25.88
-144.885,53.912#47.23#26.86#25.91
-144.797,53.9073#47.19#26.86#25.95
-144.709,53.9026#47.15#26.86#25.99
-156.175,53.9025#60.99#26.41#12.6
-156.087,53.908#60.97#26.42#12.61
-155.999,53.9135#60.96#26.42#12.62
-155.912,53.9188#60.94#26.42#12.64
-155.824,53.9241#60.93#26.42#12.65
-155.736,53.9294#60.91#26.43#12.66
-155.649,53.9345#60.9#26.43#12.67
-155.561,53.9396#60.88#26.43#12.69
-155.473,53.9446#60.87#26.43#12.7
-155.386,53.9495#60.84#26.44#12.72
-155.298,53.9543#60.82#26.44#12.74
-155.21,53.9591#60.8#26.44#12.76
-155.122,53.9637#60.78#26.45#12.77
-155.034,53.9683#60.75#26.45#12.8
-154.946,53.9728#60.72#26.45#12.83
-154.858,53.9773#60.69#26.45#12.86
-154.771,53.9816#60.66#26.46#12.88
-154.683,53.9859#60.62#26.46#12.92
-154.595,53.9901#60.59#26.46#12.95
-154.507,53.9942#60.55#26.47#12.98
-154.419,53.9983#60.51#26.47#13.02
-154.331,54.0022#60.47#26.47#13.06
-154.242,54.0061#60.43#26.47#13.1
-154.154,54.0099#60.39#26.48#13.13
-154.066,54.0136#60.35#26.48#13.17
-153.978,54.0173#60.3#26.48#13.22
-153.89,54.0208#60.24#26.49#13.27
-153.802,54.0243#60.17#26.49#13.34
-153.714,54.0277#60.11#26.49#13.4
-153.625,54.031#60.04#26.5#13.46
-153.537,54.0343#59.97#26.5#13.53
-153.449,54.0374#59.8#26.5#13.7
-153.361,54.0405#59.54#26.5#13.96
-153.273,54.0435#59.29#26.51#14.2
-153.184,54.0464#59.03#26.51#14.46
-153.096,54.0493#58.78#26.51#14.71
-153.008,54.0521#58.52#26.52#14.96
-152.919,54.0547#58.29#26.52#15.19
-152.831,54.0573#58.06#26.52#15.42
-152.743,54.0599#57.84#26.53#15.63
-152.654,54.0623#57.61#26.53#15.86
-152.566,54.0647#57.38#26.53#16.09
-152.478,54.067#57.16#26.54#16.3
-152.389,54.0692#56.96#26.54#16.5
-152.301,54.0713#56.77#26.54#16.69
-152.212,54.0733#56.58#26.55#16.87
-152.124,54.0753#56.38#26.55#17.07
-152.035,54.0772#56.19#26.55#17.26
-151.947,54.079#55.99#26.56#17.45
-151.859,54.0807#55.8#26.56#17.64
-151.77,54.0824#55.61#26.56#17.83
-151.682,54.0839#55.42#26.57#18.01
-151.593,54.0854#55.23#26.57#18.2
-151.505,54.0868#55.04#26.57#18.39
-151.416,54.0881#54.86#26.58#18.56
-151.328,54.0894#54.68#26.58#18.74
-151.239,54.0905#54.5#26.58#18.92
-151.151,54.0916#54.32#26.59#19.09
-151.062,54.0926#54.14#26.59#19.27
-150.973,54.0935#53.96#26.59#19.45
-150.885,54.0944#53.8#26.6#19.6
-150.796,54.0951#53.63#26.6#19.77
-150.708,54.0958#53.46#26.6#19.94
-150.619,54.0964#53.3#26.61#20.09
-150.531,54.097#53.13#26.61#20.26
-150.442,54.0974#52.97#26.61#20.42
-150.354,54.0978#52.81#26.62#20.57
-150.265,54.098#52.66#26.62#20.72
-150.177,54.0982#52.5#26.62#20.88
-150.088,54.0984#52.35#26.63#21.02
-149.999,54.0984#52.19#26.63#21.18
-149.911,54.0984#52.06#26.63#21.31
-149.822,54.0982#51.92#26.64#21.44
-149.734,54.098#51.79#26.64#21.57
-149.645,54.0977#51.65#26.64#21.71
-149.557,54.0974#51.52#26.65#21.83
-149.468,54.0969#51.36#26.65#21.99
-149.38,54.0964#51.15#26.65#22.2
-149.291,54.0958#50.94#26.66#22.4
-149.202,54.0951#50.73#26.66#22.61
-149.114,54.0944#50.52#26.67#22.81
-149.025,54.0935#50.31#26.67#23.02
-148.937,54.0926#50.16#26.67#23.17
-148.848,54.0916#50.04#26.68#23.28
-148.76,54.0905#49.91#26.68#23.41
-148.671,54.0894#49.78#26.68#23.54
-148.583,54.0881#49.65#26.69#23.66
-148.494,54.0868#49.53#26.69#23.78
-148.406,54.0854#49.45#26.69#23.86
-148.317,54.0839#49.37#26.7#23.93
-148.229,54.0823#49.3#26.7#24
-148.14,54.0807#49.22#26.71#24.07
-148.052,54.079#49.14#26.71#24.15
-147.963,54.0772#49.07#26.71#24.22
-147.875,54.0753#49.01#26.72#24.27
-147.787,54.0733#48.94#26.72#24.34
-147.698,54.0713#48.87#26.72#24.41
-147.61,54.0691#48.81#26.73#24.46
-147.521,54.0669#48.74#26.73#24.53
-147.433,54.0646#48.68#26.74#24.58
-147.345,54.0623#48.62#26.74#24.64
-147.256,54.0598#48.56#26.74#24.7
-147.168,54.0573#48.5#26.75#24.75
-147.08,54.0547#48.44#26.75#24.81
-146.991,54.052#48.38#26.76#24.86
-146.903,54.0493#48.33#26.76#24.91
-146.815,54.0464#48.28#26.76#24.96
-146.726,54.0435#48.22#26.77#25.01
-146.638,54.0405#48.17#26.77#25.06
-146.55,54.0374#48.12#26.77#25.11
-146.462,54.0342#48.07#26.78#25.15
-146.373,54.031#48.02#26.78#25.2
-146.285,54.0277#47.97#26.79#25.24
-146.197,54.0243#47.93#26.79#25.28
-146.109,54.0208#47.88#26.79#25.33
-146.021,54.0172#47.83#26.8#25.37
-145.933,54.0136#47.79#26.8#25.41
-145.845,54.0099#47.74#26.81#25.45
-145.756,54.0061#47.7#26.81#25.49
-145.668,54.0022#47.66#26.81#25.53
-145.58,53.9982#47.61#26.82#25.57
-145.492,53.9942#47.57#26.82#25.61
-145.404,53.9901#47.52#26.83#25.65
-145.316,53.9859#47.48#26.83#25.69
-145.228,53.9816#47.44#26.83#25.73
-145.14,53.9772#47.39#26.84#25.77
-145.053,53.9728#47.35#26.84#25.81
-144.965,53.9683#47.31#26.85#25.84
-144.877,53.9637#47.27#26.85#25.88
-144.789,53.959#47.22#26.86#25.92
-144.701,53.9543#47.18#26.86#25.96
-144.613,53.9494#47.14#26.86#26
-144.526,53.9445#47.1#26.87#26.03
-144.438,53.9395#47.06#26.87#26.07
-144.35,53.9345#47.02#26.88#26.1
-144.262,53.9293#46.98#26.88#26.14
-144.175,53.9241#46.94#26.88#26.18
-144.087,53.9188#46.9#26.89#26.21
-144,53.9134#46.86#26.89#26.25
-143.912,53.9079#46.82#26.9#26.28
-143.824,53.9024#46.79#26.9#26.31
-156.972,53.9005#61.44#26.39#12.17
-156.884,53.9068#61.43#26.39#12.18
-156.797,53.913#61.43#26.39#12.18
-156.709,53.9191#61.42#26.39#12.19
-156.622,53.9251#61.41#26.4#12.19
-156.534,53.931#61.41#26.4#12.19
-156.447,53.9369#61.4#26.4#12.2
-156.359,53.9427#61.38#26.4#12.22
-156.272,53.9484#61.37#26.41#12.22
-156.184,53.954#61.36#26.41#12.23
-156.096,53.9596#61.34#26.41#12.25
-156.009,53.9651#61.33#26.41#12.26
-155.921,53.9705#61.31#26.42#12.27
-155.833,53.9758#61.3#26.42#12.28
-155.745,53.981#61.28#26.42#12.3
-155.657,53.9862#61.27#26.42#12.31
-155.57,53.9912#61.25#26.43#12.32
-155.482,53.9962#61.24#26.43#12.33
-155.394,54.0011#61.21#26.43#12.36
-155.306,54.006#61.19#26.44#12.37
-155.218,54.0107#61.17#26.44#12.39
-155.13,54.0154#61.15#26.44#12.41
-155.042,54.02#61.12#26.44#12.44
-154.954,54.0246#61.1#26.45#12.45
-154.866,54.029#61.06#26.45#12.49
-154.778,54.0334#61.03#26.45#12.52
-154.69,54.0376#61#26.46#12.54
-154.602,54.0418#60.96#26.46#12.58
-154.514,54.046#60.93#26.46#12.61
-154.425,54.05#60.89#26.46#12.65
-154.337,54.054#60.85#26.47#12.68
-154.249,54.0579#60.81#26.47#12.72
-154.161,54.0617#60.77#26.47#12.76
-154.073,54.0654#60.73#26.48#12.79
-153.984,54.0691#60.68#26.48#12.84
-153.896,54.0726#60.62#26.48#12.9
-153.808,54.0761#60.55#26.48#12.97
-153.719,54.0795#60.48#26.49#13.03
-153.631,54.0828#60.41#26.49#13.1
-153.543,54.0861#60.34#26.49#13.17
-153.454,54.0893#60.17#26.5#13.33
-153.366,54.0924#59.91#26.5#13.59
-153.278,54.0954#59.64#26.5#13.86
-153.189,54.0983#59.38#26.51#14.11
-153.101,54.1011#59.11#26.51#14.38
-153.012,54.1039#58.84#26.51#14.65
-152.924,54.1066#58.61#26.52#14.87
-152.835,54.1092#58.38#26.52#15.1
-152.747,54.1117#58.14#26.52#15.34
-152.658,54.1142#57.91#26.52#15.57
-152.57,54.1166#57.68#26.53#15.79
-152.481,54.1188#57.45#26.53#16.02
-152.393,54.121#57.26#26.53#16.21
-152.304,54.1232#57.06#26.54#16.4
-152.216,54.1252#56.87#26.54#16.59
-152.127,54.1272#56.67#26.54#16.79
-152.039,54.1291#56.47#26.55#16.98
-151.95,54.1309#56.28#26.55#17.17
-151.861,54.1326#56.09#26.55#17.36
-151.773,54.1343#55.89#26.56#17.55
-151.684,54.1358#55.7#26.56#17.74
-151.596,54.1373#55.5#26.56#17.94
-151.507,54.1387#55.31#26.57#18.12
-151.418,54.14#55.13#26.57#18.3
-151.33,54.1413#54.95#26.57#18.48
-151.241,54.1425#54.77#26.58#18.65
-151.152,54.1435#54.59#26.58#18.83
-151.064,54.1445#54.4#26.58#19.02
-150.975,54.1455#54.23#26.59#19.18
-150.886,54.1463#54.06#26.59#19.35
-150.798,54.1471#53.89#26.59#19.52
-150.709,54.1478#53.72#26.6#19.68
-150.62,54.1484#53.55#26.6#19.85
-150.532,54.1489#53.38#26.6#20.02
-150.443,54.1493#53.22#26.61#20.17
-150.354,54.1497#53.06#26.61#20.33
-150.266,54.15#52.91#26.61#20.48
-150.177,54.1502#52.75#26.62#20.63
-150.088,54.1503#52.59#26.62#20.79
-149.999,54.1503#52.43#26.62#20.95
-149.911,54.1503#52.29#26.63#21.08
-149.822,54.1502#52.15#26.63#21.22
-149.733,54.15#52.01#26.64#21.35
-149.645,54.1497#51.87#26.64#21.49
-149.556,54.1493#51.73#26.64#21.63
-149.467,54.1489#51.55#26.65#21.8
-149.379,54.1484#51.32#26.65#22.03
-149.29,54.1478#51.09#26.65#22.26
-149.201,54.1471#50.86#26.66#22.48
-149.113,54.1463#50.63#26.66#22.71
-149.024,54.1455#50.4#26.66#22.94
-148.935,54.1445#50.24#26.67#23.09
-148.847,54.1435#50.11#26.67#23.22
-148.758,54.1424#49.97#26.67#23.36
-148.669,54.1413#49.84#26.68#23.48
-148.581,54.14#49.71#26.68#23.61
-148.492,54.1387#49.58#26.69#23.73
-148.403,54.1373#49.5#26.69#23.81
-148.315,54.1358#49.42#26.69#23.89
-148.226,54.1342#49.35#26.7#23.95
-148.137,54.1326#49.27#26.7#24.03
-148.049,54.1309#49.19#26.7#24.11
-147.96,54.1291#49.12#26.71#24.17
-147.872,54.1272#49.05#26.71#24.24
-147.783,54.1252#48.99#26.72#24.29
-147.695,54.1232#48.92#26.72#24.36
-147.606,54.121#48.85#26.72#24.43
-147.518,54.1188#48.79#26.73#24.48
-147.429,54.1165#48.72#26.73#24.55
-147.34,54.1142#48.66#26.74#24.6
-147.252,54.1117#48.6#26.74#24.66
-147.164,54.1092#48.54#26.74#24.72
-147.075,54.1066#48.48#26.75#24.77
-146.987,54.1039#48.42#26.75#24.83
-146.898,54.1011#48.37#26.75#24.88
-146.81,54.0983#48.32#26.76#24.92
-146.721,54.0953#48.26#26.76#24.98
-146.633,54.0923#48.21#26.77#25.02
-146.545,54.0892#48.16#26.77#25.07
-146.456,54.0861#48.11#26.77#25.12
-146.368,54.0828#48.06#26.78#25.16
-146.279,54.0795#48.01#26.78#25.21
-146.191,54.0761#47.97#26.79#25.24
-146.103,54.0726#47.92#26.79#25.29
-146.015,54.069#47.87#26.79#25.34
-145.926,54.0654#47.83#26.8#25.37
-145.838,54.0616#47.78#26.8#25.42
-145.75,54.0578#47.74#26.81#25.45
-145.662,54.0539#47.69#26.81#25.5
-145.573,54.05#47.65#26.81#25.54
-145.485,54.0459#47.6#26.82#25.58
-145.397,54.0418#47.56#26.82#25.62
-145.309,54.0376#47.52#26.83#25.65
-145.221,54.0333#47.47#26.83#25.7
-145.133,54.0289#47.43#26.83#25.74
-145.045,54.0245#47.38#26.84#25.78
-144.957,54.02#47.34#26.84#25.82
-144.869,54.0154#47.3#26.85#25.85
-144.781,54.0107#47.26#26.85#25.89
-144.693,54.0059#47.22#26.85#25.93
-144.605,54.0011#47.17#26.86#25.97
-144.517,53.9962#47.13#26.86#26.01
-144.429,53.9912#47.09#26.87#26.04
-144.341,53.9861#47.05#26.87#26.08
-144.254,53.9809#47.01#26.88#26.11
-144.166,53.9757#46.97#26.88#26.15
-144.078,53.9704#46.93#26.88#26.19
-143.99,53.965#46.89#26.89#26.22
-143.903,53.9595#46.85#26.89#26.26
-143.815,53.954#46.81#26.9#26.29
-143.727,53.9483#46.78#26.9#26.32
-143.64,53.9426#46.74#26.9#26.36
-143.552,53.9368#46.7#26.91#26.39
-143.464,53.931#46.66#26.91#26.43
-143.377,53.925#46.63#26.92#26.45
-143.289,53.919#46.59#26.92#26.49
-143.202,53.9129#46.56#26.93#26.51
-143.115,53.9067#46.52#26.93#26.55
-143.027,53.9005#46.49#26.93#26.58
-157.594,53.906#61.77#26.36#11.87
-157.507,53.9128#61.76#26.37#11.87
-157.42,53.9195#61.76#26.37#11.87
-157.332,53.9262#61.77#26.37#11.86
-157.245,53.9328#61.78#26.37#11.85
-157.157,53.9393#61.79#26.38#11.83
-157.07,53.9457#61.8#26.38#11.82
-156.982,53.952#61.81#26.38#11.81
-156.895,53.9583#61.81#26.38#11.81
-156.807,53.9645#61.8#26.39#11.81
-156.72,53.9706#61.79#26.39#11.82
-156.632,53.9766#61.78#26.39#11.83
-156.544,53.9826#61.78#26.39#11.83
-156.457,53.9885#61.77#26.4#11.83
-156.369,53.9943#61.75#26.4#11.85
-156.281,54#61.74#26.4#11.86
-156.194,54.0056#61.73#26.4#11.87
-156.106,54.0112#61.71#26.41#11.88
-156.018,54.0167#61.7#26.41#11.89
-155.93,54.0221#61.68#26.41#11.91
-155.842,54.0274#61.67#26.42#11.91
-155.754,54.0326#61.65#26.42#11.93
-155.666,54.0378#61.64#26.42#11.94
-155.578,54.0429#61.62#26.42#11.96
-155.49,54.0479#61.6#26.43#11.97
-155.402,54.0528#61.58#26.43#11.99
-155.314,54.0577#61.56#26.43#12.01
-155.226,54.0624#61.54#26.43#12.03
-155.138,54.0671#61.52#26.44#12.04
-155.05,54.0717#61.49#26.44#12.07
-154.962,54.0763#61.47#26.44#12.09
-154.873,54.0807#61.43#26.45#12.12
-154.785,54.0851#61.4#26.45#12.15
-154.697,54.0894#61.37#26.45#12.18
-154.609,54.0936#61.33#26.45#12.22
-154.521,54.0977#61.3#26.46#12.24
-154.432,54.1018#61.26#26.46#12.28
-154.344,54.1058#61.22#26.46#12.32
-154.256,54.1097#61.18#26.47#12.35
-154.167,54.1135#61.15#26.47#12.38
-154.079,54.1172#61.1#26.47#12.43
-153.99,54.1209#61.06#26.47#12.47
-153.902,54.1244#60.99#26.48#12.53
-153.814,54.1279#60.92#26.48#12.6
-153.725,54.1313#60.85#26.48#12.67
-153.637,54.1347#60.78#26.49#12.73
-153.548,54.1379#60.71#26.49#12.8
-153.46,54.1411#60.54#26.49#12.97
-153.371,54.1442#60.27#26.5#13.23
-153.283,54.1472#60#26.5#13.5
-153.194,54.1501#59.72#26.5#13.78
-153.106,54.153#59.45#26.5#14.05
-153.017,54.1558#59.17#26.51#14.32
-152.928,54.1585#58.93#26.51#14.56
-152.84,54.1611#58.69#26.51#14.8
-152.751,54.1636#58.45#26.52#15.03
-152.663,54.1661#58.22#26.52#15.26
-152.574,54.1684#57.98#26.52#15.5
-152.485,54.1707#57.75#26.53#15.72
-152.397,54.1729#57.55#26.53#15.92
-152.308,54.1751#57.35#26.53#16.12
-152.219,54.1771#57.16#26.54#16.3
-152.13,54.1791#56.96#26.54#16.5
-152.042,54.181#56.76#26.54#16.7
-151.953,54.1828#56.57#26.55#16.88
-151.864,54.1845#56.37#26.55#17.08
-151.776,54.1862#56.17#26.55#17.28
-151.687,54.1878#55.98#26.56#17.46
-151.598,54.1892#55.78#26.56#17.66
-151.509,54.1907#55.58#26.56#17.86
-151.42,54.192#55.4#26.57#18.03
-151.332,54.1932#55.22#26.57#18.21
-151.243,54.1944#55.03#26.57#18.4
-151.154,54.1955#54.85#26.58#18.57
-151.065,54.1965#54.67#26.58#18.75
-150.977,54.1974#54.49#26.58#18.93
-150.888,54.1983#54.32#26.59#19.09
-150.799,54.199#54.15#26.59#19.26
-150.71,54.1997#53.98#26.59#19.43
-150.621,54.2003#53.81#26.6#19.59
-150.532,54.2008#53.63#26.6#19.77
-150.444,54.2013#53.47#26.6#19.93
-150.355,54.2016#53.31#26.61#20.08
-150.266,54.2019#53.15#26.61#20.24
-150.177,54.2021#52.99#26.61#20.4
-150.088,54.2022#52.84#26.62#20.54
-149.999,54.2023#52.68#26.62#20.7
-149.911,54.2022#52.53#26.62#20.85
-149.822,54.2021#52.38#26.63#20.99
-149.733,54.2019#52.23#26.63#21.14
-149.644,54.2016#52.09#26.63#21.28
-149.555,54.2013#51.94#26.64#21.42
-149.466,54.2008#51.75#26.64#21.61
-149.378,54.2003#51.5#26.64#21.86
-149.289,54.1997#51.25#26.65#22.1
-149.2,54.199#50.99#26.65#22.36
-149.111,54.1982#50.74#26.66#22.6
-149.022,54.1974#50.49#26.66#22.85
-148.934,54.1965#50.32#26.66#23.02
-148.845,54.1955#50.18#26.67#23.15
-148.756,54.1944#50.04#26.67#23.29
-148.667,54.1932#49.9#26.67#23.43
-148.578,54.192#49.76#26.68#23.56
-148.49,54.1906#49.63#26.68#23.69
-148.401,54.1892#49.55#26.68#23.77
-148.312,54.1877#49.47#26.69#23.84
-148.223,54.1862#49.39#26.69#23.92
-148.135,54.1845#49.32#26.7#23.98
-148.046,54.1828#49.24#26.7#24.06
-147.957,54.181#49.17#26.7#24.13
-147.868,54.1791#49.1#26.71#24.19
-147.78,54.1771#49.03#26.71#24.26
-147.691,54.1751#48.97#26.72#24.31
-147.602,54.1729#48.9#26.72#24.38
-147.514,54.1707#48.83#26.72#24.45
-147.425,54.1684#48.77#26.73#24.5
-147.336,54.166#48.71#26.73#24.56
-147.248,54.1636#48.65#26.73#24.62
-147.159,54.161#48.59#26.74#24.67
-147.071,54.1584#48.53#26.74#24.73
-146.982,54.1557#48.47#26.75#24.78
-146.893,54.153#48.41#26.75#24.84
-146.805,54.1501#48.36#26.75#24.89
-146.716,54.1472#48.3#26.76#24.94
-146.628,54.1442#48.25#26.76#24.99
-146.539,54.1411#48.2#26.77#25.03
-146.451,54.1379#48.15#26.77#25.08
-146.362,54.1346#48.1#26.77#25.13
-146.274,54.1313#48.05#26.78#25.17
-146.185,54.1279#48#26.78#25.22
-146.097,54.1244#47.96#26.78#25.26
-146.008,54.1208#47.91#26.79#25.3
-145.92,54.1172#47.86#26.79#25.35
-145.832,54.1134#47.82#26.8#25.38
-145.743,54.1096#47.77#26.8#25.43
-145.655,54.1057#47.73#26.8#25.47
-145.567,54.1017#47.68#26.81#25.51
-145.478,54.0977#47.64#26.81#25.55
-145.39,54.0935#47.59#26.82#25.59
-145.302,54.0893#47.55#26.82#25.63
-145.214,54.085#47.51#26.83#25.66
-145.125,54.0807#47.46#26.83#25.71
-145.037,54.0762#47.42#26.83#25.75
-144.949,54.0717#47.38#26.84#25.78
-144.861,54.0671#47.33#26.84#25.83
-144.773,54.0624#47.29#26.85#25.86
-144.685,54.0576#47.25#26.85#25.9
-144.597,54.0528#47.21#26.85#25.94
-144.509,54.0478#47.16#26.86#25.98
-144.421,54.0428#47.12#26.86#26.02
-144.333,54.0377#47.08#26.87#26.05
-144.245,54.0326#47.04#26.87#26.09
-144.157,54.0273#47#26.87#26.13
-144.069,54.022#46.96#26.88#26.16
-143.981,54.0166#46.92#26.88#26.2
-143.893,54.0111#46.88#26.89#26.23
-143.805,54.0056#46.84#26.89#26.27
-143.718,53.9999#46.8#26.9#26.3
-143.63,53.9942#46.76#26.9#26.34
-143.542,53.9884#46.72#26.9#26.38
-143.454,53.9825#46.69#26.91#26.4
-143.367,53.9766#46.65#26.91#26.44
-143.279,53.9705#46.61#26.92#26.47
-143.192,53.9644#46.58#26.92#26.5
-143.104,53.9582#46.54#26.93#26.53
-143.016,53.952#46.51#26.93#26.56
-142.929,53.9456#46.47#26.93#26.6
-142.841,53.9392#46.44#26.94#26.62
-142.754,53.9327#46.41#26.94#26.65
-142.667,53.9261#46.37#26.95#26.68
-142.579,53.9194#46.34#26.95#26.71
-142.492,53.9127#46.31#26.96#26.73
-142.405,53.9059#46.28#26.96#26.76
-158.304,53.9#62.2#26.34#11.46
-158.217,53.9074#62.18#26.34#11.48
-158.13,53.9148#62.17#26.35#11.48
-158.043,53.9221#62.16#26.35#11.49
-157.955,53.9293#62.15#26.35#11.5
-157.868,53.9364#62.14#26.35#11.51
-157.781,53.9435#62.13#26.35#11.52
-157.693,53.9505#62.11#26.36#11.53
-157.606,53.9574#62.1#26.36#11.54
-157.519,53.9642#62.09#26.36#11.55
-157.431,53.971#62.1#26.36#11.54
-157.344,53.9776#62.11#26.37#11.52
-157.256,53.9842#62.13#26.37#11.5
-157.168,53.9908#62.15#26.37#11.48
-157.081,53.9972#62.17#26.37#11.46
-156.993,54.0036#62.18#26.38#11.44
-156.906,54.0098#62.18#26.38#11.44
-156.818,54.016#62.17#26.38#11.45
-156.73,54.0222#62.16#26.38#11.46
-156.642,54.0282#62.16#26.39#11.45
-156.555,54.0342#62.15#26.39#11.46
-156.467,54.04#62.14#26.39#11.47
-156.379,54.0459#62.12#26.39#11.49
-156.291,54.0516#62.11#26.4#11.49
-156.203,54.0572#62.1#26.4#11.5
-156.115,54.0628#62.08#26.4#11.52
-156.027,54.0683#62.07#26.41#11.52
-155.939,54.0737#62.05#26.41#11.54
-155.851,54.079#62.04#26.41#11.55
-155.763,54.0843#62.02#26.41#11.57
-155.675,54.0895#62.01#26.42#11.57
-155.587,54.0946#61.99#26.42#11.59
-155.499,54.0996#61.97#26.42#11.61
-155.411,54.1045#61.95#26.42#11.63
-155.322,54.1094#61.93#26.43#11.64
-155.234,54.1142#61.91#26.43#11.66
-155.146,54.1188#61.89#26.43#11.68
-155.058,54.1235#61.86#26.44#11.7
-154.969,54.128#61.84#26.44#11.72
-154.881,54.1325#61.81#26.44#11.75
-154.793,54.1368#61.77#26.44#11.79
-154.704,54.1411#61.74#26.45#11.81
-154.616,54.1454#61.71#26.45#11.84
-154.528,54.1495#61.67#26.45#11.88
-154.439,54.1536#61.64#26.45#11.91
-154.351,54.1575#61.6#26.46#11.94
-154.262,54.1614#61.56#26.46#11.98
-154.174,54.1653#61.52#26.46#12.02
-154.085,54.169#61.48#26.47#12.05
-153.997,54.1727#61.44#26.47#12.09
-153.908,54.1763#61.37#26.47#12.16
-153.82,54.1798#61.3#26.48#12.22
-153.731,54.1832#61.22#26.48#12.3
-153.642,54.1865#61.15#26.48#12.37
-153.554,54.1898#61.07#26.48#12.45
-153.465,54.193#60.92#26.49#12.59
-153.376,54.1961#60.64#26.49#12.87
-153.288,54.1991#60.35#26.49#13.16
-153.199,54.202#60.07#26.5#13.43
-153.11,54.2049#59.79#26.5#13.71
-153.022,54.2077#59.5#26.5#14
-152.933,54.2104#59.26#26.51#14.23
-152.844,54.213#59.02#26.51#14.47
-152.755,54.2155#58.78#26.51#14.71
-152.667,54.218#58.54#26.52#14.94
-152.578,54.2203#58.29#26.52#15.19
-152.489,54.2226#58.05#26.52#15.43
-152.4,54.2249#57.85#26.52#15.63
-152.311,54.227#57.65#26.53#15.82
-152.223,54.2291#57.45#26.53#16.02
-152.134,54.231#57.25#26.53#16.22
-152.045,54.2329#57.04#26.54#16.42
-151.956,54.2347#56.84#26.54#16.62
-151.867,54.2365#56.64#26.54#16.82
-151.778,54.2381#56.45#26.55#17
-151.689,54.2397#56.25#26.55#17.2
-151.601,54.2412#56.05#26.55#17.4
-151.512,54.2426#55.85#26.56#17.59
-151.423,54.2439#55.66#26.56#17.78
-151.334,54.2452#55.48#26.56#17.96
-151.245,54.2463#55.29#26.57#18.14
-151.156,54.2474#55.11#26.57#18.32
-151.067,54.2484#54.92#26.57#18.51
-150.978,54.2494#54.74#26.58#18.68
-150.889,54.2502#54.57#26.58#18.85
-150.8,54.251#54.4#26.58#19.02
-150.711,54.2517#54.22#26.59#19.19
-150.622,54.2523#54.05#26.59#19.36
-150.533,54.2528#53.88#26.59#19.53
-150.444,54.2532#53.71#26.6#19.69
-150.355,54.2536#53.55#26.6#19.85
-150.266,54.2539#53.39#26.6#20.01
-150.177,54.2541#53.23#26.61#20.16
-150.088,54.2542#53.06#26.61#20.33
-149.999,54.2542#52.9#26.62#20.48
-149.91,54.2542#52.75#26.62#20.63
-149.822,54.2541#52.59#26.62#20.79
-149.733,54.2539#52.44#26.63#20.93
-149.644,54.2536#52.28#26.63#21.09
-149.555,54.2532#52.13#26.63#21.24
-149.466,54.2528#51.93#26.64#21.43
-149.377,54.2523#51.68#26.64#21.68
-149.288,54.2517#51.43#26.64#21.93
-149.199,54.251#51.18#26.65#22.17
-149.11,54.2502#50.92#26.65#22.43
-149.021,54.2494#50.67#26.65#22.68
-148.932,54.2484#50.49#26.66#22.85
-148.843,54.2474#50.33#26.66#23.01
-148.754,54.2463#50.17#26.67#23.16
-148.665,54.2452#50.01#26.67#23.32
-148.576,54.2439#49.85#26.67#23.48
-148.487,54.2426#49.71#26.68#23.61
-148.398,54.2412#49.62#26.68#23.7
-148.309,54.2397#49.54#26.68#23.78
-148.221,54.2381#49.45#26.69#23.86
-148.132,54.2364#49.37#26.69#23.94
-148.043,54.2347#49.29#26.7#24.01
-147.954,54.2329#49.21#26.7#24.09
-147.865,54.231#49.15#26.7#24.15
-147.776,54.229#49.08#26.71#24.21
-147.687,54.227#49.01#26.71#24.28
-147.599,54.2248#48.94#26.71#24.35
-147.51,54.2226#48.88#26.72#24.4
-147.421,54.2203#48.81#26.72#24.47
-147.332,54.2179#48.75#26.73#24.52
-147.243,54.2155#48.69#26.73#24.58
-147.155,54.2129#48.63#26.73#24.64
-147.066,54.2103#48.57#26.74#24.69
-146.977,54.2076#48.51#26.74#24.75
-146.889,54.2048#48.45#26.74#24.81
-146.8,54.202#48.4#26.75#24.85
-146.711,54.199#48.35#26.75#24.9
-146.622,54.196#48.29#26.76#24.95
-146.534,54.1929#48.24#26.76#25
-146.445,54.1897#48.19#26.76#25.05
-146.357,54.1865#48.14#26.77#25.09
-146.268,54.1831#48.09#26.77#25.14
-146.179,54.1797#48.04#26.78#25.18
-146.091,54.1762#47.99#26.78#25.23
-146.002,54.1726#47.95#26.78#25.27
-145.914,54.169#47.9#26.79#25.31
-145.825,54.1652#47.86#26.79#25.35
-145.737,54.1614#47.81#26.8#25.39
-145.648,54.1575#47.76#26.8#25.44
-145.56,54.1535#47.72#26.8#25.48
-145.471,54.1495#47.67#26.81#25.52
-145.383,54.1453#47.63#26.81#25.56
-145.295,54.1411#47.59#26.82#25.59
-145.206,54.1368#47.54#26.82#25.64
-145.118,54.1324#47.5#26.82#25.68
-145.03,54.128#47.45#26.83#25.72
-144.941,54.1234#47.41#26.83#25.76
-144.853,54.1188#47.37#26.84#25.79
-144.765,54.1141#47.32#26.84#25.84
-144.677,54.1093#47.28#26.85#25.87
-144.588,54.1045#47.24#26.85#25.91
-144.5,54.0995#47.19#26.85#25.96
-144.412,54.0945#47.15#26.86#25.99
-144.324,54.0894#47.11#26.86#26.03
-144.236,54.0842#47.07#26.87#26.06
-144.148,54.079#47.03#26.87#26.1
-144.06,54.0736#46.99#26.87#26.14
-143.972,54.0682#46.95#26.88#26.17
-143.884,54.0627#46.91#26.88#26.21
-143.796,54.0572#46.87#26.89#26.24
-143.708,54.0515#46.83#26.89#26.28
-143.62,54.0458#46.79#26.9#26.31
-143.532,54.04#46.75#26.9#26.35
-143.444,54.0341#46.71#26.9#26.39
-143.357,54.0281#46.67#26.91#26.42
-143.269,54.0221#46.64#26.91#26.45
-143.181,54.016#46.6#26.92#26.48
-143.093,54.0098#46.56#26.92#26.52
-143.006,54.0035#46.53#26.93#26.54
-142.918,53.9971#46.49#26.93#26.58
-142.83,53.9907#46.46#26.93#26.61
-142.743,53.9842#46.43#26.94#26.63
-142.655,53.9776#46.39#26.94#26.67
-142.568,53.9709#46.36#26.95#26.69
-142.48,53.9641#46.33#26.95#26.72
-142.393,53.9573#46.29#26.96#26.75
-142.306,53.9504#46.26#26.96#26.78
-142.218,53.9434#46.23#26.96#26.81
-142.131,53.9363#46.2#26.97#26.83
-142.044,53.9292#46.17#26.97#26.86
-141.956,53.922#46.14#26.98#26.88
-141.869,53.9147#46.11#26.98#26.91
-141.782,53.9073#46.08#26.99#26.93
-158.84,53.9049#62.61#26.32#11.07
-158.753,53.9128#62.59#26.33#11.08
-158.665,53.9206#62.57#26.33#11.1
-158.578,53.9284#62.55#26.33#11.12
-158.491,53.9361#62.53#26.33#11.14
-158.404,53.9437#62.53#26.33#11.14
-158.317,53.9513#62.52#26.34#11.14
-158.23,53.9588#62.51#26.34#11.15
-158.142,53.9661#62.5#26.34#11.16
-158.055,53.9735#62.48#26.34#11.18
-157.968,53.9807#62.47#26.35#11.18
-157.88,53.9878#62.46#26.35#11.19
-157.793,53.9949#62.45#26.35#11.2
-157.705,54.0019#62.44#26.35#11.21
-157.618,54.0088#62.43#26.36#11.21
-157.53,54.0157#62.42#26.36#11.22
-157.442,54.0224#62.43#26.36#11.21
-157.355,54.0291#62.45#26.36#11.19
-157.267,54.0357#62.48#26.37#11.15
-157.179,54.0423#62.5#26.37#11.13
-157.092,54.0487#62.53#26.37#11.1
-157.004,54.0551#62.55#26.37#11.08
-156.916,54.0614#62.55#26.37#11.08
-156.828,54.0676#62.54#26.38#11.08
-156.74,54.0737#62.54#26.38#11.08
-156.653,54.0798#62.53#26.38#11.09
-156.565,54.0857#62.52#26.39#11.09
-156.477,54.0916#62.51#26.39#11.1
-156.389,54.0975#62.49#26.39#11.12
-156.301,54.1032#62.48#26.39#11.13
-156.213,54.1089#62.47#26.4#11.13
-156.125,54.1144#62.45#26.4#11.15
-156.036,54.1199#62.44#26.4#11.16
-155.948,54.1254#62.42#26.4#11.18
-155.86,54.1307#62.41#26.41#11.18
-155.772,54.136#62.39#26.41#11.2
-155.684,54.1411#62.38#26.41#11.21
-155.595,54.1463#62.36#26.41#11.23
-155.507,54.1513#62.34#26.42#11.24
-155.419,54.1562#62.32#26.42#11.26
-155.331,54.1611#62.3#26.42#11.28
-155.242,54.1659#62.28#26.43#11.29
-155.154,54.1706#62.26#26.43#11.31
-155.065,54.1752#62.24#26.43#11.33
-154.977,54.1798#62.21#26.43#11.36
-154.889,54.1842#62.18#26.44#11.38
-154.8,54.1886#62.15#26.44#11.41
-154.712,54.1929#62.11#26.44#11.45
-154.623,54.1971#62.08#26.44#11.48
-154.535,54.2013#62.05#26.45#11.5
-154.446,54.2054#62.01#26.45#11.54
-154.357,54.2094#61.96#26.45#11.59
-154.269,54.2133#61.92#26.46#11.62
-154.18,54.2171#61.88#26.46#11.66
-154.092,54.2208#61.83#26.46#11.71
-154.003,54.2245#61.79#26.47#11.74
-153.914,54.2281#61.72#26.47#11.81
-153.825,54.2316#61.64#26.47#11.89
-153.737,54.235#61.57#26.47#11.96
-153.648,54.2384#61.49#26.48#12.03
-153.559,54.2416#61.42#26.48#12.1
-153.47,54.2448#61.28#26.48#12.24
-153.382,54.2479#61#26.49#12.51
-153.293,54.251#60.72#26.49#12.79
-153.204,54.2539#60.44#26.49#13.07
-153.115,54.2568#60.16#26.5#13.34
-153.026,54.2595#59.88#26.5#13.62
-152.937,54.2623#59.63#26.5#13.87
-152.849,54.2649#59.38#26.5#14.12
-152.76,54.2674#59.13#26.51#14.36
-152.671,54.2699#58.88#26.51#14.61
-152.582,54.2723#58.63#26.51#14.86
-152.493,54.2746#58.38#26.52#15.1
-152.404,54.2768#58.17#26.52#15.31
-152.315,54.2789#57.96#26.52#15.52
-152.226,54.281#57.75#26.53#15.72
-152.137,54.283#57.54#26.53#15.93
-152.048,54.2849#57.32#26.53#16.15
-151.959,54.2867#57.12#26.54#16.34
-151.87,54.2884#56.92#26.54#16.54
-151.781,54.2901#56.72#26.54#16.74
-151.692,54.2916#56.51#26.55#16.94
-151.603,54.2931#56.31#26.55#17.14
-151.514,54.2946#56.11#26.55#17.34
-151.425,54.2959#55.92#26.56#17.52
-151.336,54.2971#55.74#26.56#17.7
-151.247,54.2983#55.55#26.56#17.89
-151.158,54.2994#55.36#26.57#18.07
-151.069,54.3004#55.18#26.57#18.25
-150.98,54.3013#54.99#26.57#18.44
-150.89,54.3022#54.82#26.58#18.6
-150.801,54.303#54.65#26.58#18.77
-150.712,54.3036#54.47#26.58#18.95
-150.623,54.3043#54.3#26.59#19.11
-150.534,54.3048#54.12#26.59#19.29
-150.445,54.3052#53.95#26.59#19.46
-150.356,54.3056#53.79#26.6#19.61
-150.267,54.3059#53.62#26.6#19.78
-150.178,54.3061#53.46#26.6#19.94
-150.089,54.3062#53.29#26.61#20.1
-149.999,54.3062#53.13#26.61#20.26
-149.91,54.3062#52.97#26.61#20.42
-149.821,54.3061#52.8#26.62#20.58
-149.732,54.3059#52.64#26.62#20.74
-149.643,54.3056#52.48#26.62#20.9
-149.554,54.3052#52.31#26.63#21.06
-149.465,54.3048#52.12#26.63#21.25
-149.376,54.3042#51.86#26.64#21.5
-149.287,54.3036#51.61#26.64#21.75
-149.198,54.303#51.36#26.64#22
-149.108,54.3022#51.11#26.65#22.24
-149.019,54.3013#50.85#26.65#22.5
-148.93,54.3004#50.66#26.65#22.69
-148.841,54.2994#50.48#26.66#22.86
-148.752,54.2983#50.3#26.66#23.04
-148.663,54.2971#50.13#26.66#23.21
-148.574,54.2959#49.95#26.67#23.38
-148.485,54.2945#49.79#26.67#23.54
-148.396,54.2931#49.7#26.68#23.62
-148.307,54.2916#49.61#26.68#23.71
-148.218,54.2901#49.52#26.68#23.8
-148.129,54.2884#49.43#26.69#23.88
-148.04,54.2867#49.34#26.69#23.97
-147.951,54.2848#49.26#26.69#24.05
-147.862,54.2829#49.19#26.7#24.11
-147.773,54.281#49.12#26.7#24.18
-147.684,54.2789#49.05#26.71#24.24
-147.595,54.2768#48.99#26.71#24.3
-147.506,54.2745#48.92#26.71#24.37
-147.417,54.2722#48.86#26.72#24.42
-147.328,54.2699#48.79#26.72#24.49
-147.239,54.2674#48.73#26.72#24.55
-147.15,54.2648#48.67#26.73#24.6
-147.061,54.2622#48.61#26.73#24.66
-146.973,54.2595#48.55#26.74#24.71
-146.884,54.2567#48.49#26.74#24.77
-146.795,54.2539#48.44#26.74#24.82
-146.706,54.2509#48.39#26.75#24.86
-146.617,54.2479#48.33#26.75#24.92
-146.528,54.2448#48.28#26.76#24.96
-146.44,54.2416#48.23#26.76#25.01
-146.351,54.2383#48.18#26.76#25.06
-146.262,54.235#48.13#26.77#25.1
-146.173,54.2316#48.08#26.77#25.15
-146.085,54.228#48.03#26.78#25.19
-145.996,54.2245#47.98#26.78#25.24
-145.907,54.2208#47.94#26.78#25.28
-145.819,54.217#47.89#26.79#25.32
-145.73,54.2132#47.85#26.79#25.36
-145.642,54.2093#47.8#26.8#25.4
-145.553,54.2053#47.76#26.8#25.44
-145.464,54.2012#47.71#26.8#25.49
-145.376,54.1971#47.67#26.81#25.52
-145.287,54.1929#47.62#26.81#25.57
-145.199,54.1886#47.58#26.82#25.6
-145.11,54.1842#47.53#26.82#25.65
-145.022,54.1797#47.49#26.82#25.69
-144.933,54.1752#47.44#26.83#25.73
-144.845,54.1705#47.4#26.83#25.77
-144.757,54.1658#47.36#26.84#25.8
-144.668,54.161#47.31#26.84#25.85
-144.58,54.1562#47.27#26.84#25.89
-144.492,54.1512#47.23#26.85#25.92
-144.403,54.1462#47.18#26.85#25.97
-144.315,54.1411#47.14#26.86#26
-144.227,54.1359#47.1#26.86#26.04
-144.139,54.1306#47.06#26.87#26.07
-144.051,54.1253#47.02#26.87#26.11
-143.962,54.1199#46.97#26.87#26.16
-143.874,54.1144#46.93#26.88#26.19
-143.786,54.1088#46.89#26.88#26.23
-143.698,54.1031#46.85#26.89#26.26
-143.61,54.0974#46.81#26.89#26.3
-143.522,54.0916#46.77#26.89#26.34
-143.434,54.0857#46.74#26.9#26.36
-143.346,54.0797#46.7#26.9#26.4
-143.258,54.0736#46.66#26.91#26.43
-143.171,54.0675#46.62#26.91#26.47
-143.083,54.0613#46.59#26.92#26.49
-142.995,54.055#46.55#26.92#26.53
-142.907,54.0486#46.51#26.92#26.57
-142.819,54.0422#46.48#26.93#26.59
-142.732,54.0356#46.44#26.93#26.63
-142.644,54.029#46.41#26.94#26.65
-142.556,54.0224#46.38#26.94#26.68
-142.469,54.0156#46.34#26.95#26.71
-142.381,54.0087#46.31#26.95#26.74
-142.294,54.0018#46.28#26.96#26.76
-142.206,53.9948#46.25#26.96#26.79
-142.119,53.9877#46.22#26.96#26.82
-142.031,53.9806#46.18#26.97#26.85
-141.944,53.9734#46.15#26.97#26.88
-141.857,53.966#46.12#26.98#26.9
-141.769,53.9587#46.09#26.98#26.93
-141.682,53.9512#46.06#26.99#26.95
-141.595,53.9436#46.03#26.99#26.98
-141.508,53.936#46#26.99#27.01
-141.421,53.9283#45.96#27#27.04
-141.333,53.9205#45.93#27#27.07
-141.246,53.9127#45.9#27.01#27.09
-141.159,53.9048#45.87#27.01#27.12
-159.375,53.9068#63.02#26.31#10.67
-159.288,53.9152#63#26.31#10.69
-159.201,53.9236#62.99#26.31#10.7
-159.114,53.9318#62.97#26.31#10.72
-159.027,53.94#62.95#26.31#10.74
-158.94,53.9481#62.93#26.32#10.75
-158.853,53.9561#62.92#26.32#10.76
-158.766,53.9641#62.9#26.32#10.78
-158.679,53.9719#62.88#26.32#10.8
-158.592,53.9797#62.87#26.33#10.8
-158.504,53.9874#62.85#26.33#10.82
-158.417,53.9951#62.84#26.33#10.83
-158.33,54.0026#62.83#26.33#10.84
-158.242,54.0101#62.83#26.33#10.84
-158.155,54.0175#62.82#26.34#10.84
-158.067,54.0248#62.81#26.34#10.85
