-152.888,58.9008#65.14#26.2#8.66
-152.785,58.9034#64.78#26.2#9.02
-152.682,58.906#64.43#26.2#9.36999999999999
-152.579,58.9084#64.08#26.21#9.71000000000001
-152.476,58.9108#63.69#26.21#10.1
-152.372,58.913#63.19#26.21#10.6
-152.269,58.9152#62.69#26.21#11.1
-152.166,58.9172#62.2#26.21#11.59
-152.063,58.9192#61.7#26.22#12.08
-151.96,58.9211#61.23#26.22#12.55
-151.857,58.9228#60.81#26.22#12.97
-151.754,58.9245#60.4#26.22#13.38
-151.651,58.9261#59.98#26.23#13.79
-151.548,58.9276#59.57#26.23#14.2
-151.444,58.929#59.21#26.23#14.56
-151.341,58.9303#58.89#26.23#14.88
-151.238,58.9315#58.58#26.23#15.19
-151.135,58.9326#58.26#26.24#15.5
-151.032,58.9336#57.95#26.24#15.81
-150.928,58.9345#57.64#26.24#16.12
-150.825,58.9353#57.34#26.24#16.42
-150.722,58.936#57.04#26.25#16.71
-150.619,58.9366#56.73#26.25#17.02
-150.516,58.9372#56.43#26.25#17.32
-150.412,58.9376#56.11#26.25#17.64
-150.309,58.9379#55.78#26.26#17.96
-150.206,58.9382#55.46#26.26#18.28
-150.103,58.9383#55.13#26.26#18.61
-149.999,58.9384#54.81#26.26#18.93
-149.896,58.9383#54.51#26.27#19.22
-149.793,58.9382#54.21#26.27#19.52
-149.69,58.9379#53.91#26.27#19.82
-149.586,58.9376#53.61#26.27#20.12
-149.483,58.9372#53.32#26.28#20.4
-149.38,58.9366#53.06#26.28#20.66
-149.277,58.936#52.79#26.28#20.93
-149.174,58.9353#52.53#26.29#21.18
-149.07,58.9345#52.26#26.29#21.45
-148.967,58.9336#51.98#26.29#21.73
-148.864,58.9326#51.65#26.29#22.06
-148.761,58.9315#51.32#26.3#22.38
-148.658,58.9303#51#26.3#22.7
-148.554,58.929#50.67#26.3#23.03
-148.451,58.9276#50.41#26.31#23.28
-148.348,58.9261#50.21#26.31#23.48
-148.245,58.9245#50.01#26.31#23.68
-148.142,58.9228#49.81#26.31#23.88
-148.039,58.921#49.61#26.32#24.07
-147.935,58.9192#49.45#26.32#24.23
-147.832,58.9172#49.33#26.32#24.35
-147.729,58.9151#49.2#26.33#24.47
-147.626,58.913#49.08#26.33#24.59
-147.523,58.9107#48.95#26.33#24.72
-147.42,58.9084#48.84#26.34#24.82
-147.317,58.9059#48.72#26.34#24.94
-147.214,58.9034#48.61#26.34#25.05
-147.111,58.9008#48.5#26.35#25.15
-154.438,58.9029#68.88#26.17#4.95
-154.335,58.907#68.69#26.17#5.14
-154.232,58.911#68.51#26.17#5.31999999999999
-154.129,58.9148#68.32#26.18#5.5
-154.026,58.9186#68.13#26.18#5.69
-153.923,58.9223#67.88#26.18#5.94
-153.82,58.9259#67.6#26.18#6.22
-153.717,58.9294#67.33#26.18#6.49000000000001
-153.614,58.9328#67.05#26.19#6.76000000000001
-153.511,58.9361#66.78#26.19#7.03
-153.408,58.9393#66.48#26.19#7.33
-153.305,58.9425#66.19#26.19#7.62
-153.202,58.9455#65.9#26.19#7.91
-153.099,58.9484#65.61#26.19#8.2
-152.996,58.9512#65.32#26.2#8.48
-152.893,58.954#64.95#26.2#8.84999999999999
-152.79,58.9566#64.57#26.2#9.23
-152.686,58.9592#64.19#26.2#9.61
-152.583,58.9616#63.81#26.2#9.98999999999999
-152.48,58.964#63.4#26.21#10.39
-152.377,58.9662#62.9#26.21#10.89
-152.274,58.9684#62.4#26.21#11.39
-152.17,58.9705#61.89#26.21#11.9
-152.067,58.9724#61.39#26.21#12.4
-151.964,58.9743#60.92#26.22#12.86
-151.86,58.9761#60.52#26.22#13.26
-151.757,58.9778#60.13#26.22#13.65
-151.654,58.9793#59.73#26.22#14.05
-151.55,58.9808#59.34#26.23#14.43
-151.447,58.9822#58.99#26.23#14.78
-151.344,58.9835#58.68#26.23#15.09
-151.24,58.9847#58.37#26.23#15.4
-151.137,58.9858#58.06#26.23#15.71
-151.033,58.9868#57.75#26.24#16.01
-150.93,58.9878#57.45#26.24#16.31
-150.827,58.9886#57.14#26.24#16.62
-150.723,58.9893#56.84#26.24#16.92
-150.62,58.9899#56.54#26.25#17.21
-150.516,58.9904#56.24#26.25#17.51
-150.413,58.9909#55.92#26.25#17.83
-150.31,58.9912#55.6#26.25#18.15
-150.206,58.9915#55.29#26.26#18.45
-150.103,58.9916#54.97#26.26#18.77
-149.999,58.9916#54.65#26.26#19.09
-149.896,58.9916#54.36#26.26#19.38
-149.793,58.9914#54.06#26.27#19.67
-149.689,58.9912#53.77#26.27#19.96
-149.586,58.9909#53.47#26.27#20.26
-149.482,58.9904#53.18#26.27#20.55
-149.379,58.9899#52.93#26.28#20.79
-149.275,58.9893#52.68#26.28#21.04
-149.172,58.9886#52.42#26.28#21.3
-149.069,58.9877#52.17#26.29#21.54
-148.965,58.9868#51.89#26.29#21.82
-148.862,58.9858#51.56#26.29#22.15
-148.758,58.9847#51.23#26.29#22.48
-148.655,58.9835#50.9#26.3#22.8
-148.552,58.9822#50.57#26.3#23.13
-148.448,58.9808#50.31#26.3#23.39
-148.345,58.9793#50.12#26.31#23.57
-148.242,58.9777#49.93#26.31#23.76
-148.138,58.9761#49.74#26.31#23.95
-148.035,58.9743#49.55#26.31#24.14
-147.932,58.9724#49.4#26.32#24.28
-147.828,58.9704#49.28#26.32#24.4
-147.725,58.9684#49.15#26.32#24.53
-147.622,58.9662#49.03#26.33#24.64
-147.519,58.9639#48.9#26.33#24.77
-147.415,58.9616#48.79#26.33#24.88
-147.312,58.9591#48.67#26.34#24.99
-147.209,58.9566#48.56#26.34#25.1
-147.106,58.954#48.45#26.34#25.21
-147.003,58.9512#48.33#26.35#25.32
-146.9,58.9484#48.23#26.35#25.42
-146.797,58.9455#48.12#26.35#25.53
-146.693,58.9424#48.02#26.36#25.62
-146.59,58.9393#47.91#26.36#25.73
-146.487,58.9361#47.81#26.36#25.83
-146.384,58.9328#47.71#26.37#25.92
-146.281,58.9294#47.61#26.37#26.02
-146.178,58.9259#47.52#26.37#26.11
-146.075,58.9223#47.42#26.38#26.2
-145.972,58.9186#47.33#26.38#26.29
-145.87,58.9148#47.24#26.38#26.38
-145.767,58.9109#47.15#26.39#26.46
-145.664,58.9069#47.06#26.39#26.55
-145.561,58.9029#46.97#26.39#26.64
-155.577,58.9048#69.76#26.15#4.09
-155.474,58.91#69.73#26.15#4.12
-155.371,58.915#69.67#26.16#4.17
-155.269,58.9199#69.61#26.16#4.23
-155.166,58.9248#69.55#26.16#4.29000000000001
-155.063,58.9295#69.49#26.16#4.35000000000001
-154.96,58.9342#69.41#26.16#4.43000000000001
-154.857,58.9387#69.29#26.16#4.55
-154.755,58.9432#69.18#26.16#4.66
-154.652,58.9476#69.06#26.17#4.77
-154.549,58.9518#68.94#26.17#4.89
-154.446,58.956#68.78#26.17#5.05
-154.343,58.9601#68.58#26.17#5.25
-154.24,58.9641#68.39#26.17#5.44
-154.137,58.968#68.19#26.17#5.64
-154.034,58.9718#67.99#26.18#5.83000000000001
-153.93,58.9755#67.73#26.18#6.09
-153.827,58.9791#67.45#26.18#6.37
-153.724,58.9826#67.16#26.18#6.66
-153.621,58.986#66.88#26.18#6.94
-153.518,58.9893#66.59#26.18#7.22999999999999
-153.414,58.9925#66.3#26.19#7.51000000000001
-153.311,58.9957#66.02#26.19#7.79000000000001
-153.208,58.9987#65.73#26.19#8.08
-153.105,59.0016#65.45#26.19#8.36
-153.001,59.0045#65.16#26.19#8.65000000000001
-152.898,59.0072#64.76#26.2#9.03999999999999
-152.795,59.0098#64.36#26.2#9.44
-152.691,59.0124#63.95#26.2#9.84999999999999
-152.588,59.0148#63.54#26.2#10.26
-152.484,59.0172#63.11#26.2#10.69
-152.381,59.0195#62.61#26.21#11.18
-152.278,59.0216#62.1#26.21#11.69
-152.174,59.0237#61.59#26.21#12.2
-152.071,59.0257#61.08#26.21#12.71
-151.967,59.0275#60.61#26.21#13.18
-151.864,59.0293#60.23#26.22#13.55
-151.76,59.031#59.86#26.22#13.92
-151.657,59.0326#59.48#26.22#14.3
-151.553,59.0341#59.11#26.22#14.67
-151.45,59.0355#58.77#26.22#15.01
-151.346,59.0368#58.47#26.23#15.3
-151.242,59.038#58.16#26.23#15.61
-151.139,59.0391#57.85#26.23#15.92
-151.035,59.0401#57.55#26.23#16.22
-150.932,59.041#57.25#26.24#16.51
-150.828,59.0418#56.95#26.24#16.81
-150.725,59.0426#56.64#26.24#17.12
-150.621,59.0432#56.34#26.24#17.42
-150.517,59.0437#56.04#26.25#17.71
-150.414,59.0442#55.74#26.25#18.01
-150.31,59.0445#55.43#26.25#18.32
-150.207,59.0447#55.12#26.25#18.63
-150.103,59.0449#54.81#26.26#18.93
-149.999,59.0449#54.5#26.26#19.24
-149.896,59.0449#54.21#26.26#19.53
-149.792,59.0447#53.92#26.26#19.82
-149.689,59.0445#53.62#26.27#20.11
-149.585,59.0442#53.33#26.27#20.4
-149.481,59.0437#53.05#26.27#20.68
-149.378,59.0432#52.81#26.27#20.92
-149.274,59.0426#52.56#26.28#21.16
-149.171,59.0418#52.32#26.28#21.4
-149.067,59.041#52.08#26.28#21.64
-148.963,59.0401#51.8#26.29#21.91
-148.86,59.0391#51.47#26.29#22.24
-148.756,59.038#51.13#26.29#22.58
-148.653,59.0368#50.8#26.29#22.91
-148.549,59.0355#50.46#26.3#23.24
-148.446,59.0341#50.21#26.3#23.49
-148.342,59.0326#50.03#26.3#23.67
-148.239,59.031#49.85#26.31#23.84
-148.135,59.0293#49.68#26.31#24.01
-148.032,59.0275#49.5#26.31#24.19
-147.928,59.0256#49.35#26.31#24.34
-147.825,59.0237#49.23#26.32#24.45
-147.721,59.0216#49.1#26.32#24.58
-147.618,59.0194#48.98#26.32#24.7
-147.514,59.0172#48.85#26.33#24.82
-147.411,59.0148#48.74#26.33#24.93
-147.307,59.0124#48.62#26.33#25.05
-147.204,59.0098#48.51#26.34#25.15
-147.101,59.0072#48.39#26.34#25.27
-146.997,59.0044#48.28#26.34#25.38
-146.894,59.0016#48.18#26.35#25.47
-146.791,58.9986#48.07#26.35#25.58
-146.687,58.9956#47.96#26.35#25.69
-146.584,58.9925#47.86#26.35#25.79
-146.481,58.9893#47.76#26.36#25.88
-146.378,58.9859#47.66#26.36#25.98
-146.275,58.9825#47.56#26.37#26.07
-146.171,58.979#47.46#26.37#26.17
-146.068,58.9754#47.37#26.37#26.26
-145.965,58.9717#47.27#26.38#26.35
-145.862,58.9679#47.18#26.38#26.44
-145.759,58.964#47.1#26.38#26.52
-145.656,58.96#47.01#26.39#26.6
-145.553,58.956#46.92#26.39#26.69
-145.45,58.9518#46.83#26.39#26.78
-145.347,58.9475#46.75#26.4#26.85
-145.244,58.9431#46.67#26.4#26.93
-145.141,58.9387#46.58#26.4#27.02
-145.038,58.9341#46.5#26.41#27.09
-144.936,58.9295#46.42#26.41#27.17
-144.833,58.9247#46.35#26.41#27.24
-144.73,58.9199#46.27#26.42#27.31
-144.627,58.9149#46.19#26.42#27.39
-144.525,58.9099#46.11#26.43#27.46
-144.422,58.9048#46.04#26.43#27.53
-156.613,58.9012#69.89#26.14#3.97
-156.511,58.9073#69.89#26.14#3.97
-156.408,58.9133#69.88#26.14#3.98
-156.306,58.9192#69.87#26.14#3.98999999999999
-156.203,58.925#69.86#26.14#4
-156.1,58.9307#69.85#26.14#4.01000000000001
-155.998,58.9363#69.85#26.15#4
-155.895,58.9419#69.82#26.15#4.03
-155.792,58.9473#69.79#26.15#4.06
-155.69,58.9526#69.76#26.15#4.09
-155.587,58.9578#69.74#26.15#4.11000000000001
-155.484,58.963#69.7#26.15#4.15000000000001
-155.381,58.968#69.64#26.15#4.21000000000001
-155.278,58.973#69.57#26.16#4.27000000000001
-155.175,58.9778#69.51#26.16#4.33
-155.072,58.9826#69.44#26.16#4.40000000000001
-154.969,58.9872#69.35#26.16#4.49000000000001
-154.866,58.9918#69.23#26.16#4.61
-154.763,58.9963#69.1#26.16#4.74000000000001
-154.66,59.0007#68.98#26.16#4.86
-154.557,59.0049#68.85#26.17#4.98
-154.454,59.0091#68.68#26.17#5.14999999999999
-154.351,59.0132#68.48#26.17#5.34999999999999
-154.247,59.0172#68.27#26.17#5.56
-154.144,59.0211#68.06#26.17#5.77
-154.041,59.0249#67.85#26.17#5.98
-153.938,59.0286#67.59#26.18#6.22999999999999
-153.834,59.0322#67.3#26.18#6.52000000000001
-153.731,59.0357#67#26.18#6.81999999999999
-153.627,59.0392#66.7#26.18#7.12
-153.524,59.0425#66.41#26.18#7.41
-153.421,59.0457#66.12#26.18#7.69999999999999
-153.317,59.0488#65.84#26.19#7.97
-153.214,59.0519#65.56#26.19#8.25
-153.11,59.0548#65.28#26.19#8.53
-153.007,59.0577#65#26.19#8.81
-152.903,59.0604#64.58#26.19#9.23
-152.8,59.0631#64.15#26.2#9.64999999999999
-152.696,59.0656#63.71#26.2#10.09
-152.593,59.0681#63.27#26.2#10.53
-152.489,59.0704#62.83#26.2#10.97
-152.385,59.0727#62.31#26.2#11.49
-152.282,59.0749#61.8#26.21#11.99
-152.178,59.077#61.28#26.21#12.51
-152.074,59.0789#60.77#26.21#13.02
-151.971,59.0808#60.3#26.21#13.49
-151.867,59.0826#59.94#26.21#13.85
-151.763,59.0843#59.59#26.22#14.19
-151.66,59.0859#59.23#26.22#14.55
-151.556,59.0874#58.88#26.22#14.9
-151.452,59.0888#58.55#26.22#15.23
-151.348,59.0901#58.25#26.22#15.53
-151.245,59.0913#57.95#26.23#15.82
-151.141,59.0924#57.65#26.23#16.12
-151.037,59.0934#57.35#26.23#16.42
-150.933,59.0943#57.05#26.23#16.72
-150.83,59.0951#56.75#26.24#17.01
-150.726,59.0959#56.45#26.24#17.31
-150.622,59.0965#56.15#26.24#17.61
-150.518,59.097#55.85#26.24#17.91
-150.415,59.0975#55.55#26.25#18.2
-150.311,59.0978#55.25#26.25#18.5
-150.207,59.098#54.95#26.25#18.8
-150.103,59.0982#54.65#26.25#19.1
-149.999,59.0982#54.35#26.26#19.39
-149.896,59.0982#54.06#26.26#19.68
-149.792,59.098#53.77#26.26#19.97
-149.688,59.0978#53.48#26.26#20.26
-149.584,59.0975#53.19#26.27#20.54
-149.48,59.097#52.91#26.27#20.82
-149.377,59.0965#52.68#26.27#21.05
-149.273,59.0959#52.45#26.27#21.28
-149.169,59.0951#52.22#26.28#21.5
-149.065,59.0943#51.99#26.28#21.73
-148.961,59.0934#51.71#26.28#22.01
-148.858,59.0924#51.37#26.28#22.35
-148.754,59.0913#51.03#26.29#22.68
-148.65,59.0901#50.69#26.29#23.02
-148.546,59.0888#50.35#26.29#23.36
-148.443,59.0874#50.11#26.3#23.59
-148.339,59.0859#49.94#26.3#23.76
-148.235,59.0843#49.78#26.3#23.92
-148.132,59.0826#49.61#26.3#24.09
-148.028,59.0808#49.44#26.31#24.25
-147.924,59.0789#49.3#26.31#24.39
-147.821,59.0769#49.18#26.31#24.51
-147.717,59.0749#49.05#26.32#24.63
-147.613,59.0727#48.93#26.32#24.75
-147.51,59.0704#48.8#26.32#24.88
-147.406,59.0681#48.69#26.33#24.98
-147.303,59.0656#48.57#26.33#25.1
-147.199,59.063#48.46#26.33#25.21
-147.095,59.0604#48.34#26.34#25.32
-146.992,59.0576#48.23#26.34#25.43
-146.888,59.0548#48.12#26.34#25.54
-146.785,59.0518#48.02#26.34#25.64
-146.681,59.0488#47.91#26.35#25.74
-146.578,59.0457#47.81#26.35#25.84
-146.475,59.0424#47.7#26.35#25.95
-146.371,59.0391#47.61#26.36#26.03
-146.268,59.0357#47.51#26.36#26.13
-146.165,59.0322#47.41#26.37#26.22
-146.061,59.0286#47.32#26.37#26.31
-145.958,59.0249#47.22#26.37#26.41
-145.855,59.0211#47.13#26.38#26.49
-145.751,59.0172#47.04#26.38#26.58
-145.648,59.0132#46.95#26.38#26.67
-145.545,59.0091#46.87#26.39#26.74
-145.442,59.0049#46.78#26.39#26.83
-145.339,59.0006#46.7#26.39#26.91
-145.236,58.9962#46.61#26.4#26.99
-145.133,58.9918#46.53#26.4#27.07
-145.029,58.9872#46.45#26.4#27.15
-144.926,58.9825#46.37#26.41#27.22
-144.824,58.9778#46.29#26.41#27.3
-144.721,58.9729#46.22#26.41#27.37
-144.618,58.968#46.14#26.42#27.44
-144.515,58.9629#46.06#26.42#27.52
-144.412,58.9578#45.99#26.43#27.58
-144.309,58.9525#45.92#26.43#27.65
-144.206,58.9472#45.84#26.43#27.73
-144.104,58.9418#45.77#26.44#27.79
-144.001,58.9363#45.7#26.44#27.86
-143.898,58.9306#45.63#26.44#27.93
-143.796,58.9249#45.57#26.45#27.98
-143.693,58.9191#45.5#26.45#28.05
-143.591,58.9132#45.43#26.46#28.11
-143.488,58.9072#45.37#26.46#28.17
-143.386,58.9012#45.31#26.46#28.23
-157.444,58.902#69.89#26.13#3.98
-157.342,58.9088#69.89#26.13#3.98
-157.24,58.9156#69.89#26.13#3.98
-157.137,58.9222#69.89#26.13#3.98
-157.035,58.9288#69.89#26.13#3.98
-156.933,58.9353#69.89#26.13#3.98
-156.83,58.9417#69.89#26.13#3.98
-156.727,58.9479#69.89#26.14#3.97
-156.625,58.9541#69.88#26.14#3.98
-156.522,58.9602#69.88#26.14#3.98
-156.42,58.9662#69.87#26.14#3.98999999999999
-156.317,58.9722#69.87#26.14#3.98999999999999
-156.214,58.978#69.86#26.14#4
-156.111,58.9837#69.85#26.14#4.01000000000001
-156.009,58.9893#69.84#26.14#4.02
-155.906,58.9948#69.81#26.15#4.03999999999999
-155.803,59.0003#69.78#26.15#4.06999999999999
-155.7,59.0056#69.75#26.15#4.09999999999999
-155.597,59.0109#69.72#26.15#4.13
-155.494,59.016#69.68#26.15#4.16999999999999
-155.391,59.0211#69.61#26.15#4.24000000000001
-155.288,59.026#69.54#26.15#4.31
-155.185,59.0309#69.46#26.16#4.38000000000001
-155.081,59.0357#69.39#26.16#4.45
-154.978,59.0403#69.3#26.16#4.54000000000001
-154.875,59.0449#69.17#26.16#4.67
-154.772,59.0494#69.03#26.16#4.81
-154.668,59.0538#68.89#26.16#4.95
-154.565,59.0581#68.75#26.16#5.09
-154.462,59.0623#68.59#26.17#5.23999999999999
-154.358,59.0664#68.37#26.17#5.45999999999999
-154.255,59.0704#68.16#26.17#5.67
-154.152,59.0743#67.94#26.17#5.89
-154.048,59.0781#67.72#26.17#6.11
-153.945,59.0818#67.45#26.17#6.38
-153.841,59.0854#67.15#26.18#6.66999999999999
-153.738,59.0889#66.84#26.18#6.97999999999999
-153.634,59.0924#66.53#26.18#7.28999999999999
-153.53,59.0957#66.22#26.18#7.59999999999999
-153.427,59.0989#65.94#26.18#7.88
-153.323,59.1021#65.66#26.18#8.16
-153.22,59.1051#65.38#26.19#8.43000000000001
-153.116,59.108#65.11#26.19#8.7
-153.012,59.1109#64.83#26.19#8.98
-152.909,59.1137#64.4#26.19#9.41
-152.805,59.1163#63.94#26.19#9.87
-152.701,59.1189#63.48#26.2#10.32
-152.597,59.1213#63.01#26.2#10.79
-152.493,59.1237#62.54#26.2#11.26
-152.39,59.126#62.02#26.2#11.78
-152.286,59.1281#61.5#26.2#12.3
-152.182,59.1302#60.98#26.21#12.81
-152.078,59.1322#60.46#26.21#13.33
-151.974,59.1341#59.98#26.21#13.81
-151.87,59.1359#59.65#26.21#14.14
-151.767,59.1376#59.31#26.21#14.48
-151.663,59.1392#58.98#26.22#14.8
-151.559,59.1407#58.65#26.22#15.13
-151.455,59.1421#58.34#26.22#15.44
-151.351,59.1434#58.04#26.22#15.74
-151.247,59.1446#57.74#26.22#16.04
-151.143,59.1457#57.44#26.23#16.33
-151.039,59.1467#57.15#26.23#16.62
-150.935,59.1476#56.85#26.23#16.92
-150.831,59.1484#56.55#26.23#17.22
-150.727,59.1492#56.25#26.24#17.51
-150.623,59.1498#55.96#26.24#17.8
-150.519,59.1503#55.66#26.24#18.1
-150.415,59.1508#55.37#26.24#18.39
-150.311,59.1511#55.07#26.25#18.68
-150.207,59.1513#54.78#26.25#18.97
-150.103,59.1515#54.49#26.25#19.26
-149.999,59.1515#54.2#26.25#19.55
-149.895,59.1515#53.91#26.26#19.83
-149.791,59.1513#53.62#26.26#20.12
-149.687,59.1511#53.34#26.26#20.4
-149.583,59.1508#53.05#26.26#20.69
-149.479,59.1503#52.78#26.27#20.95
-149.375,59.1498#52.56#26.27#21.17
-149.271,59.1492#52.34#26.27#21.39
-149.168,59.1484#52.12#26.27#21.61
-149.064,59.1476#51.9#26.28#21.82
-148.96,59.1467#51.63#26.28#22.09
-148.856,59.1457#51.28#26.28#22.44
-148.752,59.1446#50.94#26.28#22.78
-148.648,59.1434#50.59#26.29#23.12
-148.544,59.1421#50.25#26.29#23.46
-148.44,59.1406#50.01#26.29#23.7
-148.336,59.1391#49.86#26.3#23.84
-148.232,59.1376#49.7#26.3#24
-148.128,59.1359#49.54#26.3#24.16
-148.024,59.1341#49.39#26.3#24.31
-147.921,59.1322#49.25#26.31#24.44
-147.817,59.1302#49.13#26.31#24.56
-147.713,59.1281#49#26.31#24.69
-147.609,59.1259#48.88#26.32#24.8
-147.505,59.1237#48.75#26.32#24.93
-147.401,59.1213#48.64#26.32#25.04
-147.298,59.1188#48.52#26.33#25.15
-147.194,59.1163#48.41#26.33#25.26
-147.09,59.1136#48.29#26.33#25.38
-146.986,59.1109#48.18#26.34#25.48
-146.883,59.108#48.07#26.34#25.59
-146.779,59.1051#47.97#26.34#25.69
-146.675,59.102#47.86#26.34#25.8
-146.572,59.0989#47.76#26.35#25.89
-146.468,59.0956#47.65#26.35#26
-146.365,59.0923#47.56#26.35#26.09
-146.261,59.0889#47.46#26.36#26.18
-146.158,59.0854#47.36#26.36#26.28
-146.054,59.0817#47.26#26.37#26.37
-145.951,59.078#47.17#26.37#26.46
-145.847,59.0742#47.08#26.37#26.55
-145.744,59.0703#46.99#26.38#26.63
-145.64,59.0663#46.9#26.38#26.72
-145.537,59.0622#46.81#26.38#26.81
-145.434,59.058#46.73#26.39#26.88
-145.33,59.0537#46.65#26.39#26.96
-145.227,59.0493#46.56#26.39#27.05
-145.124,59.0448#46.48#26.4#27.12
-145.021,59.0403#46.4#26.4#27.2
-144.917,59.0356#46.32#26.4#27.28
-144.814,59.0308#46.24#26.41#27.35
-144.711,59.026#46.17#26.41#27.42
-144.608,59.021#46.09#26.41#27.5
-144.505,59.0159#46.01#26.42#27.57
-144.402,59.0108#45.94#26.42#27.64
-144.299,59.0056#45.87#26.43#27.7
-144.196,59.0002#45.79#26.43#27.78
-144.093,58.9948#45.72#26.43#27.85
-143.99,58.9892#45.65#26.44#27.91
-143.887,58.9836#45.58#26.44#27.98
-143.785,58.9779#45.51#26.44#28.05
-143.682,58.9721#45.45#26.45#28.1
-143.579,58.9662#45.38#26.45#28.17
-143.476,58.9602#45.32#26.46#28.22
-143.374,58.9541#45.26#26.46#28.28
-143.271,58.9479#45.2#26.46#28.34
-143.169,58.9416#45.14#26.47#28.39
-143.066,58.9352#45.08#26.47#28.45
-142.964,58.9287#45.03#26.48#28.49
-142.861,58.9221#44.98#26.48#28.54
-142.759,58.9155#44.92#26.48#28.6
-142.657,58.9087#44.87#26.49#28.64
-142.554,58.9019#44.82#26.49#28.69
-158.173,58.9041#69.89#26.12#3.98999999999999
-158.071,58.9116#69.89#26.12#3.98999999999999
-157.969,58.919#69.89#26.12#3.98999999999999
-157.867,58.9264#69.89#26.12#3.98999999999999
-157.765,58.9336#69.89#26.12#3.98999999999999
-157.662,58.9408#69.89#26.12#3.98999999999999
-157.56,58.9478#69.89#26.13#3.98
-157.458,58.9548#69.89#26.13#3.98
-157.355,58.9616#69.89#26.13#3.98
-157.253,58.9684#69.89#26.13#3.98
-157.15,58.9751#69.89#26.13#3.98
-157.048,58.9817#69.89#26.13#3.98
-156.945,58.9882#69.89#26.13#3.98
-156.842,58.9946#69.89#26.13#3.98
-156.74,59.0009#69.89#26.13#3.98
-156.637,59.0071#69.88#26.14#3.98
-156.534,59.0132#69.88#26.14#3.98
-156.431,59.0192#69.87#26.14#3.98999999999999
-156.328,59.0251#69.86#26.14#4
-156.225,59.0309#69.85#26.14#4.01000000000001
-156.122,59.0367#69.84#26.14#4.02
-156.019,59.0423#69.83#26.14#4.03
-155.916,59.0478#69.8#26.14#4.06
-155.813,59.0533#69.77#26.15#4.08000000000001
-155.71,59.0586#69.73#26.15#4.12
-155.607,59.0639#69.7#26.15#4.15000000000001
-155.504,59.0691#69.66#26.15#4.19
-155.4,59.0741#69.58#26.15#4.27000000000001
-155.297,59.0791#69.5#26.15#4.34999999999999
-155.194,59.084#69.42#26.15#4.43000000000001
-155.091,59.0887#69.34#26.15#4.50999999999999
-154.987,59.0934#69.25#26.16#4.59
-154.884,59.098#69.11#26.16#4.73
-154.78,59.1025#68.96#26.16#4.88000000000001
-154.677,59.1069#68.81#26.16#5.03
-154.573,59.1112#68.66#26.16#5.18000000000001
-154.47,59.1154#68.49#26.16#5.35000000000001
-154.366,59.1195#68.27#26.17#5.56
-154.263,59.1235#68.04#26.17#5.78999999999999
-154.159,59.1274#67.81#26.17#6.02
-154.055,59.1312#67.58#26.17#6.25
-153.952,59.135#67.31#26.17#6.52
-153.848,59.1386#67#26.17#6.83
-153.744,59.1421#66.68#26.17#7.14999999999999
-153.641,59.1456#66.36#26.18#7.46000000000001
-153.537,59.1489#66.04#26.18#7.78
-153.433,59.1521#65.75#26.18#8.06999999999999
-153.329,59.1553#65.48#26.18#8.34
-153.225,59.1583#65.21#26.18#8.61000000000001
-153.122,59.1613#64.94#26.19#8.87
-153.018,59.1641#64.67#26.19#9.14
-152.914,59.1669#64.22#26.19#9.59
-152.81,59.1696#63.73#26.19#10.08
-152.706,59.1721#63.24#26.19#10.57
-152.602,59.1746#62.75#26.19#11.06
-152.498,59.177#62.26#26.2#11.54
-152.394,59.1792#61.73#26.2#12.07
-152.29,59.1814#61.21#26.2#12.59
-152.186,59.1835#60.69#26.2#13.11
-152.082,59.1855#60.17#26.2#13.63
-151.978,59.1874#59.7#26.21#14.09
-151.874,59.1892#59.38#26.21#14.41
-151.77,59.1909#59.06#26.21#14.73
-151.666,59.1925#58.74#26.21#15.05
-151.562,59.194#58.43#26.22#15.35
-151.458,59.1954#58.12#26.22#15.66
-151.353,59.1967#57.82#26.22#15.96
-151.249,59.1979#57.53#26.22#16.25
-151.145,59.199#57.23#26.22#16.55
-151.041,59.2#56.94#26.23#16.83
-150.937,59.2009#56.64#26.23#17.13
-150.833,59.2018#56.34#26.23#17.43
-150.729,59.2025#56.05#26.23#17.72
-150.624,59.2031#55.75#26.24#18.01
-150.52,59.2037#55.46#26.24#18.3
-150.416,59.2041#55.17#26.24#18.59
-150.312,59.2044#54.88#26.24#18.88
-150.208,59.2047#54.6#26.25#19.15
-150.104,59.2048#54.31#26.25#19.44
-149.999,59.2049#54.02#26.25#19.73
-149.895,59.2048#53.74#26.25#20.01
-149.791,59.2047#53.46#26.26#20.28
-149.687,59.2044#53.18#26.26#20.56
-149.583,59.2041#52.89#26.26#20.85
-149.478,59.2037#52.63#26.26#21.11
-149.374,59.2031#52.41#26.27#21.32
-149.27,59.2025#52.19#26.27#21.54
-149.166,59.2018#51.98#26.27#21.75
-149.062,59.2009#51.76#26.27#21.97
-148.958,59.2#51.5#26.28#22.22
-148.854,59.199#51.16#26.28#22.56
-148.749,59.1979#50.83#26.28#22.89
-148.645,59.1967#50.49#26.28#23.23
-148.541,59.1954#50.16#26.29#23.55
-148.437,59.194#49.93#26.29#23.78
-148.333,59.1924#49.78#26.29#23.93
-148.229,59.1908#49.63#26.3#24.07
-148.125,59.1892#49.48#26.3#24.22
-148.021,59.1874#49.33#26.3#24.37
-147.917,59.1855#49.2#26.3#24.5
-147.813,59.1835#49.08#26.31#24.61
-147.709,59.1814#48.95#26.31#24.74
-147.605,59.1792#48.83#26.31#24.86
-147.501,59.1769#48.7#26.32#24.98
-147.397,59.1746#48.59#26.32#25.09
-147.293,59.1721#48.47#26.32#25.21
-147.189,59.1695#48.36#26.33#25.31
-147.085,59.1669#48.24#26.33#25.43
-146.981,59.1641#48.13#26.33#25.54
-146.877,59.1612#48.02#26.34#25.64
-146.773,59.1583#47.92#26.34#25.74
-146.669,59.1552#47.81#26.34#25.85
-146.566,59.1521#47.7#26.34#25.96
-146.462,59.1489#47.6#26.35#26.05
-146.358,59.1455#47.5#26.35#26.15
-146.254,59.1421#47.41#26.35#26.24
-146.151,59.1386#47.31#26.36#26.33
-146.047,59.1349#47.21#26.36#26.43
-145.943,59.1312#47.12#26.37#26.51
-145.84,59.1274#47.03#26.37#26.6
-145.736,59.1235#46.94#26.37#26.69
-145.632,59.1195#46.85#26.38#26.77
-145.529,59.1153#46.76#26.38#26.86
-145.425,59.1111#46.68#26.38#26.94
-145.322,59.1068#46.59#26.39#27.02
-145.218,59.1024#46.51#26.39#27.1
-145.115,59.098#46.43#26.39#27.18
-145.012,59.0934#46.35#26.4#27.25
-144.908,59.0887#46.27#26.4#27.33
-144.805,59.0839#46.19#26.4#27.41
-144.701,59.079#46.11#26.41#27.48
-144.598,59.0741#46.04#26.41#27.55
-144.495,59.069#45.96#26.41#27.63
-144.392,59.0638#45.89#26.42#27.69
-144.289,59.0586#45.81#26.42#27.77
-144.185,59.0532#45.74#26.43#27.83
-144.082,59.0478#45.67#26.43#27.9
-143.979,59.0422#45.6#26.43#27.97
-143.876,59.0366#45.53#26.44#28.03
-143.773,59.0309#45.46#26.44#28.1
-143.67,59.025#45.4#26.44#28.16
-143.568,59.0191#45.33#26.45#28.22
-143.465,59.0131#45.27#26.45#28.28
-143.362,59.007#45.21#26.46#28.33
-143.259,59.0008#45.15#26.46#28.39
-143.156,58.9945#45.09#26.46#28.45
-143.054,58.9881#45.03#26.47#28.5
-142.951,58.9816#44.98#26.47#28.55
-142.849,58.975#44.93#26.48#28.59
-142.746,58.9683#44.88#26.48#28.64
-142.643,58.9616#44.82#26.48#28.7
-142.541,58.9547#44.77#26.49#28.74
-142.439,58.9477#44.73#26.49#28.78
-142.336,58.9407#44.68#26.5#28.82
-142.234,58.9335#44.64#26.5#28.86
-142.132,58.9263#44.59#26.51#28.9
-142.03,58.9189#44.55#26.51#28.94
-141.927,58.9115#44.5#26.51#28.99
-141.825,58.904#44.45#26.52#29.03
-158.903,58.9014#69.89#26.11#4
-158.801,58.9096#69.89#26.11#4
-158.699,58.9177#69.89#26.11#4
-158.597,58.9257#69.89#26.12#3.98999999999999
-158.495,58.9336#69.89#26.12#3.98999999999999
-158.393,58.9414#69.89#26.12#3.98999999999999
-158.29,58.9492#69.89#26.12#3.98999999999999
-158.188,58.9568#69.89#26.12#3.98999999999999
-158.086,58.9643#69.89#26.12#3.98999999999999
-157.984,58.9718#69.89#26.12#3.98999999999999
-157.881,58.9791#69.89#26.12#3.98999999999999
-157.779,58.9864#69.89#26.12#3.98999999999999
-157.676,58.9935#69.89#26.12#3.98999999999999
-157.574,59.0006#69.89#26.12#3.98999999999999
-157.471,59.0076#69.89#26.13#3.98
-157.368,59.0145#69.89#26.13#3.98
-157.266,59.0213#69.89#26.13#3.98
-157.163,59.028#69.89#26.13#3.98
-157.06,59.0346#69.89#26.13#3.98
-156.958,59.0411#69.89#26.13#3.98
-156.855,59.0475#69.89#26.13#3.98
-156.752,59.0538#69.88#26.13#3.99000000000001
-156.649,59.06#69.88#26.13#3.99000000000001
-156.546,59.0661#69.88#26.13#3.99000000000001
-156.443,59.0721#69.87#26.14#3.98999999999999
-156.34,59.0781#69.86#26.14#4
-156.237,59.0839#69.85#26.14#4.01000000000001
-156.133,59.0897#69.83#26.14#4.03
-156.03,59.0953#69.82#26.14#4.04000000000001
-155.927,59.1009#69.79#26.14#4.06999999999999
-155.824,59.1063#69.75#26.14#4.11
-155.72,59.1117#69.72#26.14#4.14
-155.617,59.1169#69.68#26.15#4.16999999999999
-155.514,59.1221#69.64#26.15#4.21000000000001
-155.41,59.1272#69.56#26.15#4.28999999999999
-155.307,59.1322#69.47#26.15#4.38
-155.203,59.1371#69.38#26.15#4.47
-155.1,59.1418#69.29#26.15#4.56
-154.996,59.1465#69.2#26.15#4.65000000000001
-154.893,59.1511#69.05#26.16#4.79000000000001
-154.789,59.1556#68.89#26.16#4.95
-154.685,59.16#68.73#26.16#5.11
-154.582,59.1643#68.58#26.16#5.26000000000001
-154.478,59.1686#68.4#26.16#5.44
-154.374,59.1727#68.16#26.16#5.68000000000001
-154.27,59.1767#67.92#26.16#5.92
-154.167,59.1806#67.68#26.17#6.14999999999999
-154.063,59.1844#67.43#26.17#6.39999999999999
-153.959,59.1882#67.15#26.17#6.67999999999999
-153.855,59.1918#66.83#26.17#7
-153.751,59.1953#66.5#26.17#7.33
-153.647,59.1988#66.18#26.17#7.64999999999999
-153.543,59.2021#65.85#26.18#7.97
-153.439,59.2054#65.55#26.18#8.27000000000001
-153.335,59.2085#65.26#26.18#8.56
-153.231,59.2116#64.97#26.18#8.84999999999999
-153.127,59.2145#64.68#26.18#9.13999999999999
-153.023,59.2174#64.38#26.19#9.43000000000001
-152.919,59.2202#63.93#26.19#9.88
-152.815,59.2228#63.44#26.19#10.37
-152.711,59.2254#62.94#26.19#10.87
-152.607,59.2279#62.45#26.19#11.36
-152.503,59.2303#61.96#26.19#11.85
-152.398,59.2325#61.45#26.2#12.35
-152.294,59.2347#60.95#26.2#12.85
-152.19,59.2368#60.45#26.2#13.35
-152.086,59.2388#59.95#26.2#13.85
-151.982,59.2407#59.48#26.2#14.32
-151.877,59.2425#59.17#26.21#14.62
-151.773,59.2442#58.85#26.21#14.94
-151.669,59.2458#58.53#26.21#15.26
-151.564,59.2473#58.21#26.21#15.58
-151.46,59.2487#57.9#26.22#15.88
-151.356,59.25#57.61#26.22#16.17
-151.252,59.2512#57.31#26.22#16.47
-151.147,59.2523#57.02#26.22#16.76
-151.043,59.2534#56.72#26.22#17.06
-150.939,59.2543#56.43#26.23#17.34
-150.834,59.2551#56.13#26.23#17.64
-150.73,59.2558#55.84#26.23#17.93
-150.626,59.2565#55.54#26.23#18.23
-150.521,59.257#55.25#26.24#18.51
-150.417,59.2574#54.97#26.24#18.79
-150.312,59.2578#54.68#26.24#19.08
-150.208,59.258#54.4#26.24#19.36
-150.104,59.2582#54.12#26.24#19.64
-149.999,59.2582#53.84#26.25#19.91
-149.895,59.2582#53.56#26.25#20.19
-149.791,59.258#53.28#26.25#20.47
-149.686,59.2578#53#26.25#20.75
-149.582,59.2574#52.73#26.26#21.01
-149.478,59.257#52.46#26.26#21.28
-149.373,59.2565#52.24#26.26#21.5
-149.269,59.2558#52.03#26.27#21.7
-149.164,59.2551#51.81#26.27#21.92
-149.06,59.2543#51.59#26.27#22.14
-148.956,59.2533#51.34#26.27#22.39
-148.851,59.2523#51.03#26.28#22.69
-148.747,59.2512#50.72#26.28#23
-148.643,59.25#50.4#26.28#23.32
-148.539,59.2487#50.09#26.28#23.63
-148.434,59.2473#49.88#26.29#23.83
-148.33,59.2458#49.73#26.29#23.98
-148.226,59.2442#49.58#26.29#24.13
-148.121,59.2425#49.43#26.3#24.27
-148.017,59.2407#49.28#26.3#24.42
-147.913,59.2388#49.15#26.3#24.55
-147.809,59.2368#49.02#26.3#24.68
-147.705,59.2347#48.9#26.31#24.79
-147.6,59.2325#48.77#26.31#24.92
-147.496,59.2302#48.65#26.31#25.04
-147.392,59.2278#48.53#26.32#25.15
-147.288,59.2254#48.42#26.32#25.26
-147.184,59.2228#48.3#26.32#25.38
-147.08,59.2201#48.19#26.33#25.48
-146.976,59.2174#48.07#26.33#25.6
-146.871,59.2145#47.97#26.33#25.7
-146.767,59.2115#47.86#26.34#25.8
-146.663,59.2085#47.76#26.34#25.9
-146.559,59.2053#47.65#26.34#26.01
-146.455,59.2021#47.55#26.34#26.11
-146.351,59.1987#47.45#26.35#26.2
-146.248,59.1953#47.35#26.35#26.3
-146.144,59.1918#47.26#26.35#26.39
-146.04,59.1881#47.16#26.36#26.48
-145.936,59.1844#47.07#26.36#26.57
-145.832,59.1806#46.98#26.36#26.66
-145.728,59.1766#46.89#26.37#26.74
-145.624,59.1726#46.8#26.37#26.83
-145.521,59.1685#46.71#26.38#26.91
-145.417,59.1643#46.63#26.38#26.99
-145.313,59.16#46.54#26.38#27.08
-145.21,59.1556#46.46#26.39#27.15
-145.106,59.1511#46.38#26.39#27.23
-145.002,59.1465#46.29#26.39#27.32
-144.899,59.1418#46.22#26.4#27.38
-144.795,59.137#46.14#26.4#27.46
-144.692,59.1321#46.06#26.4#27.54
-144.588,59.1271#45.99#26.41#27.6
-144.485,59.1221#45.91#26.41#27.68
-144.382,59.1169#45.84#26.41#27.75
-144.278,59.1116#45.76#26.42#27.82
-144.175,59.1063#45.69#26.42#27.89
-144.072,59.1008#45.62#26.43#27.95
-143.968,59.0952#45.55#26.43#28.02
-143.865,59.0896#45.48#26.43#28.09
-143.762,59.0838#45.41#26.44#28.15
-143.659,59.078#45.34#26.44#28.22
-143.556,59.0721#45.28#26.44#28.28
-143.453,59.066#45.22#26.45#28.33
-143.35,59.0599#45.16#26.45#28.39
-143.247,59.0537#45.1#26.46#28.44
-143.144,59.0474#45.04#26.46#28.5
-143.041,59.041#44.98#26.46#28.56
-142.938,59.0345#44.93#26.47#28.6
-142.836,59.0279#44.88#26.47#28.65
-142.733,59.0212#44.83#26.48#28.69
-142.63,59.0144#44.78#26.48#28.74
-142.528,59.0075#44.72#26.48#28.8
-142.425,59.0005#44.68#26.49#28.83
-142.323,58.9935#44.63#26.49#28.88
-142.22,58.9863#44.59#26.5#28.91
-142.118,58.979#44.54#26.5#28.96
-142.015,58.9717#44.5#26.51#28.99
-141.913,58.9642#44.45#26.51#29.04
-141.811,58.9567#44.41#26.51#29.08
-141.708,58.9491#44.36#26.52#29.12
-141.606,58.9413#44.32#26.52#29.16
-141.504,58.9335#44.27#26.53#29.2
-141.402,58.9256#44.23#26.53#29.24
-141.3,58.9176#44.18#26.54#29.28
-141.198,58.9095#44.14#26.54#29.32
-141.096,58.9013#44.09#26.54#29.37
-159.53,58.9028#69.88#26.11#4.01000000000001
-159.428,58.9115#69.88#26.11#4.01000000000001
-159.326,58.9202#69.88#26.11#4.01000000000001
-159.224,58.9288#69.88#26.11#4.01000000000001
-159.122,58.9373#69.88#26.11#4.01000000000001
-159.021,58.9457#69.88#26.11#4.01000000000001
-158.919,58.954#69.88#26.11#4.01000000000001
-158.816,58.9622#69.88#26.11#4.01000000000001
-158.714,58.9703#69.89#26.11#4
-158.612,58.9784#69.89#26.11#4
-158.51,58.9863#69.89#26.11#4
-158.408,58.9941#69.89#26.12#3.98999999999999
-158.305,59.0019#69.89#26.12#3.98999999999999
-158.203,59.0095#69.89#26.12#3.98999999999999
-158.1,59.0171#69.89#26.12#3.98999999999999
-157.998,59.0245#69.89#26.12#3.98999999999999
-157.895,59.0319#69.89#26.12#3.98999999999999
-157.793,59.0392#69.89#26.12#3.98999999999999
-157.69,59.0464#69.89#26.12#3.98999999999999
-157.587,59.0534#69.89#26.12#3.98999999999999
-157.485,59.0604#69.89#26.12#3.98999999999999
-157.382,59.0673#69.89#26.12#3.98999999999999
-157.279,59.0741#69.89#26.13#3.98
-157.176,59.0808#69.89#26.13#3.98
-157.073,59.0874#69.89#26.13#3.98
-156.97,59.094#69.89#26.13#3.98
-156.867,59.1004#69.89#26.13#3.98
-156.764,59.1067#69.88#26.13#3.99000000000001
-156.661,59.1129#69.88#26.13#3.99000000000001
-156.558,59.1191#69.87#26.13#4
-156.454,59.1251#69.87#26.13#4
-156.351,59.1311#69.85#26.14#4.01000000000001
-156.248,59.1369#69.84#26.14#4.02
-156.145,59.1427#69.83#26.14#4.03
-156.041,59.1483#69.81#26.14#4.05
-155.938,59.1539#69.78#26.14#4.08
-155.834,59.1594#69.74#26.14#4.12
-155.731,59.1647#69.7#26.14#4.16
-155.627,59.17#69.66#26.14#4.2
-155.524,59.1752#69.61#26.15#4.24000000000001
-155.42,59.1803#69.52#26.15#4.33000000000001
-155.316,59.1853#69.42#26.15#4.43000000000001
-155.213,59.1902#69.32#26.15#4.53
-155.109,59.195#69.21#26.15#4.64000000000001
-155.005,59.1997#69.1#26.15#4.75
-154.902,59.2043#68.93#26.15#4.91999999999999
-154.798,59.2088#68.76#26.16#5.08
-154.694,59.2132#68.58#26.16#5.26000000000001
-154.59,59.2175#68.41#26.16#5.43000000000001
-154.486,59.2217#68.22#26.16#5.62
-154.382,59.2258#67.97#26.16#5.87
-154.278,59.2299#67.72#26.16#6.12
-154.174,59.2338#67.47#26.16#6.37
-154.07,59.2376#67.21#26.17#6.62
-153.966,59.2414#66.94#26.17#6.89
-153.862,59.245#66.62#26.17#7.20999999999999
-153.758,59.2486#66.3#26.17#7.53
-153.654,59.252#65.98#26.17#7.84999999999999
-153.55,59.2554#65.66#26.17#8.17
-153.446,59.2586#65.34#26.18#8.47999999999999
-153.341,59.2618#65.03#26.18#8.78999999999999
-153.237,59.2648#64.72#26.18#9.09999999999999
-153.133,59.2678#64.4#26.18#9.41999999999999
-153.029,59.2707#64.08#26.18#9.74000000000001
-152.924,59.2734#63.64#26.18#10.18
-152.82,59.2761#63.14#26.19#10.67
-152.716,59.2787#62.65#26.19#11.16
-152.611,59.2812#62.15#26.19#11.66
-152.507,59.2835#61.66#26.19#12.15
-152.403,59.2858#61.17#26.19#12.64
-152.298,59.288#60.69#26.2#13.11
-152.194,59.2901#60.21#26.2#13.59
-152.09,59.2921#59.73#26.2#14.07
-151.985,59.294#59.27#26.2#14.53
-151.881,59.2958#58.95#26.2#14.85
-151.776,59.2975#58.63#26.21#15.16
-151.672,59.2991#58.31#26.21#15.48
-151.567,59.3006#58#26.21#15.79
-151.463,59.302#57.69#26.21#16.1
-151.358,59.3033#57.39#26.21#16.4
-151.254,59.3046#57.09#26.22#16.69
-151.149,59.3057#56.8#26.22#16.98
-151.045,59.3067#56.5#26.22#17.28
-150.94,59.3076#56.21#26.22#17.57
-150.836,59.3085#55.92#26.23#17.85
-150.731,59.3092#55.63#26.23#18.14
-150.627,59.3098#55.33#26.23#18.44
-150.522,59.3103#55.04#26.23#18.73
-150.418,59.3108#54.76#26.24#19
-150.313,59.3111#54.49#26.24#19.27
-150.208,59.3114#54.21#26.24#19.55
-150.104,59.3115#53.93#26.24#19.83
-149.999,59.3116#53.66#26.24#20.1
-149.895,59.3115#53.38#26.25#20.37
-149.79,59.3114#53.11#26.25#20.64
-149.686,59.3111#52.83#26.25#20.92
-149.581,59.3108#52.56#26.25#21.19
-149.477,59.3103#52.3#26.26#21.44
-149.372,59.3098#52.08#26.26#21.66
-149.267,59.3092#51.86#26.26#21.88
-149.163,59.3084#51.64#26.27#22.09
-149.058,59.3076#51.43#26.27#22.3
-148.954,59.3067#51.18#26.27#22.55
-148.849,59.3057#50.89#26.27#22.84
-148.745,59.3045#50.6#26.28#23.12
-148.64,59.3033#50.31#26.28#23.41
-148.536,59.302#50.02#26.28#23.7
-148.431,59.3006#49.82#26.28#23.9
-148.327,59.2991#49.67#26.29#24.04
-148.222,59.2975#49.52#26.29#24.19
-148.118,59.2958#49.37#26.29#24.34
-148.014,59.294#49.22#26.3#24.48
-147.909,59.2921#49.1#26.3#24.6
-147.805,59.2901#48.97#26.3#24.73
-147.7,59.288#48.85#26.3#24.85
-147.596,59.2858#48.72#26.31#24.97
-147.492,59.2835#48.6#26.31#25.09
-147.387,59.2811#48.48#26.31#25.21
-147.283,59.2787#48.36#26.32#25.32
-147.179,59.2761#48.25#26.32#25.43
-147.074,59.2734#48.13#26.32#25.55
-146.97,59.2706#48.02#26.33#25.65
-146.866,59.2678#47.91#26.33#25.76
-146.762,59.2648#47.81#26.33#25.86
-146.657,59.2617#47.7#26.34#25.96
-146.553,59.2586#47.6#26.34#26.06
-146.449,59.2553#47.49#26.34#26.17
-146.345,59.252#47.4#26.34#26.26
-146.241,59.2485#47.3#26.35#26.35
-146.137,59.245#47.2#26.35#26.45
-146.033,59.2413#47.11#26.36#26.53
-145.928,59.2376#47.01#26.36#26.63
-145.824,59.2338#46.92#26.36#26.72
-145.72,59.2298#46.83#26.37#26.8
-145.617,59.2258#46.74#26.37#26.89
-145.513,59.2217#46.66#26.37#26.97
-145.409,59.2174#46.57#26.38#27.05
-145.305,59.2131#46.49#26.38#27.13
-145.201,59.2087#46.41#26.38#27.21
-145.097,59.2042#46.32#26.39#27.29
-144.993,59.1996#46.24#26.39#27.37
-144.89,59.1949#46.16#26.39#27.45
-144.786,59.1901#46.09#26.4#27.51
-144.682,59.1852#46.01#26.4#27.59
-144.579,59.1802#45.93#26.4#27.67
-144.475,59.1751#45.86#26.41#27.73
-144.371,59.1699#45.78#26.41#27.81
-144.268,59.1647#45.71#26.41#27.88
-144.164,59.1593#45.64#26.42#27.94
-144.061,59.1538#45.56#26.42#28.02
-143.958,59.1483#45.49#26.43#28.08
-143.854,59.1426#45.43#26.43#28.14
-143.751,59.1368#45.36#26.43#28.21
-143.648,59.131#45.29#26.44#28.27
-143.544,59.125#45.23#26.44#28.33
-143.441,59.119#45.16#26.45#28.39
-143.338,59.1129#45.11#26.45#28.44
-143.235,59.1066#45.05#26.45#28.5
-143.132,59.1003#44.99#26.46#28.55
-143.029,59.0939#44.93#26.46#28.61
-142.926,59.0874#44.88#26.46#28.66
-142.823,59.0807#44.83#26.47#28.7
-142.72,59.074#44.78#26.47#28.75
-142.617,59.0672#44.73#26.48#28.79
-142.514,59.0603#44.68#26.48#28.84
-142.411,59.0534#44.63#26.49#28.88
-142.309,59.0463#44.58#26.49#28.93
-142.206,59.0391#44.54#26.49#28.97
-142.103,59.0318#44.49#26.5#29.01
-142.001,59.0244#44.45#26.5#29.05
-141.898,59.017#44.41#26.51#29.08
-141.796,59.0094#44.36#26.51#29.13
-141.693,59.0018#44.32#26.51#29.17
-141.591,58.994#44.27#26.52#29.21
-141.489,58.9862#44.23#26.52#29.25
-141.387,58.9783#44.18#26.53#29.29
-141.284,58.9702#44.14#26.53#29.33
-141.182,58.9621#44.09#26.54#29.37
-141.08,58.9539#44.05#26.54#29.41
-140.978,58.9456#44#26.54#29.46
-140.876,58.9372#43.96#26.55#29.49
-140.774,58.9287#43.91#26.55#29.54
-140.672,58.9201#43.87#26.56#29.57
-140.571,58.9114#43.83#26.56#29.61
-140.469,58.9027#43.79#26.57#29.64
-160.157,58.9006#69.86#26.1#4.03999999999999
-160.055,58.91#69.86#26.1#4.03999999999999
-159.954,58.9192#69.86#26.1#4.03999999999999
-159.852,58.9284#69.86#26.1#4.03999999999999
-159.75,58.9374#69.87#26.11#4.02
-159.649,58.9464#69.87#26.11#4.02
-159.547,58.9553#69.87#26.11#4.02
-159.445,58.9641#69.87#26.11#4.02
-159.343,58.9728#69.88#26.11#4.01000000000001
-159.241,58.9814#69.88#26.11#4.01000000000001
-159.139,58.9899#69.88#26.11#4.01000000000001
-159.037,58.9983#69.88#26.11#4.01000000000001
-158.935,59.0066#69.88#26.11#4.01000000000001
-158.832,59.0149#69.88#26.11#4.01000000000001
-158.73,59.023#69.88#26.11#4.01000000000001
-158.628,59.031#69.88#26.11#4.01000000000001
-158.525,59.039#69.89#26.11#4
-158.423,59.0468#69.89#26.11#4
-158.32,59.0546#69.89#26.12#3.98999999999999
-158.218,59.0623#69.89#26.12#3.98999999999999
-158.115,59.0698#69.89#26.12#3.98999999999999
-158.012,59.0773#69.89#26.12#3.98999999999999
-157.91,59.0847#69.89#26.12#3.98999999999999
-157.807,59.092#69.89#26.12#3.98999999999999
-157.704,59.0992#69.89#26.12#3.98999999999999
-157.601,59.1063#69.89#26.12#3.98999999999999
-157.498,59.1133#69.89#26.12#3.98999999999999
-157.395,59.1202#69.89#26.12#3.98999999999999
-157.292,59.127#69.89#26.12#3.98999999999999
-157.189,59.1337#69.89#26.13#3.98
-157.086,59.1403#69.89#26.13#3.98
-156.983,59.1469#69.89#26.13#3.98
-156.879,59.1533#69.88#26.13#3.99000000000001
-156.776,59.1597#69.88#26.13#3.99000000000001
-156.673,59.1659#69.88#26.13#3.99000000000001
-156.57,59.172#69.87#26.13#4
-156.466,59.1781#69.86#26.13#4.01000000000001
-156.363,59.1841#69.85#26.13#4.02000000000001
-156.259,59.1899#69.83#26.14#4.03
-156.156,59.1957#69.81#26.14#4.05
-156.052,59.2014#69.79#26.14#4.06999999999999
-155.949,59.2069#69.75#26.14#4.11
-155.845,59.2124#69.69#26.14#4.17
-155.741,59.2178#69.64#26.14#4.22
-155.637,59.2231#69.58#26.14#4.28
-155.534,59.2283#69.52#26.14#4.34
-155.43,59.2334#69.43#26.15#4.41999999999999
-155.326,59.2384#69.32#26.15#4.53
-155.222,59.2433#69.2#26.15#4.65000000000001
-155.118,59.2481#69.08#26.15#4.77000000000001
-155.014,59.2528#68.97#26.15#4.88
-154.91,59.2574#68.79#26.15#5.06
-154.806,59.2619#68.6#26.15#5.25
-154.702,59.2663#68.42#26.16#5.42
-154.598,59.2707#68.23#26.16#5.61
-154.494,59.2749#68.03#26.16#5.81
-154.39,59.279#67.78#26.16#6.06
-154.286,59.2831#67.52#26.16#6.32000000000001
-154.182,59.287#67.26#26.16#6.58
-154.078,59.2909#67#26.16#6.84
-153.973,59.2946#66.72#26.17#7.11
-153.869,59.2982#66.41#26.17#7.42
-153.765,59.3018#66.09#26.17#7.73999999999999
-153.661,59.3053#65.78#26.17#8.05
-153.556,59.3086#65.46#26.17#8.37
-153.452,59.3119#65.14#26.17#8.69
