-152.245,55.9005#66.31#26.39#7.3
-152.152,55.9025#66.06#26.4#7.53999999999999
-152.058,55.9044#65.82#26.4#7.78
-151.965,55.9063#65.59#26.4#8.00999999999999
-151.871,55.908#65.38#26.41#8.21000000000001
-151.778,55.9097#65.17#26.41#8.42
-151.684,55.9113#64.95#26.41#8.64
-151.591,55.9128#64.74#26.42#8.84
-151.497,55.9142#64.52#26.42#9.06
-151.403,55.9155#64.2#26.42#9.38
-151.31,55.9167#63.87#26.42#9.71000000000001
-151.216,55.9179#63.54#26.43#10.03
-151.123,55.919#63.22#26.43#10.35
-151.029,55.92#62.89#26.43#10.68
-150.936,55.9209#62.6#26.44#10.96
-150.842,55.9217#62.32#26.44#11.24
-150.748,55.9224#62.04#26.44#11.52
-150.655,55.923#61.76#26.45#11.79
-150.561,55.9236#61.48#26.45#12.07
-150.468,55.9241#61.17#26.45#12.38
-150.374,55.9244#60.8#26.46#12.74
-150.28,55.9247#60.43#26.46#13.11
-150.187,55.925#60.05#26.46#13.49
-150.093,55.9251#59.68#26.47#13.85
-149.999,55.9251#59.31#26.47#14.22
-149.906,55.9251#58.9#26.47#14.63
-149.812,55.925#58.48#26.48#15.04
-149.719,55.9247#58.07#26.48#15.45
-149.625,55.9244#57.66#26.48#15.86
-149.531,55.9241#57.24#26.49#16.27
-149.438,55.9236#56.88#26.49#16.63
-149.344,55.923#56.53#26.49#16.98
-149.25,55.9224#56.19#26.5#17.31
-149.157,55.9217#55.85#26.5#17.65
-149.063,55.9208#55.51#26.5#17.99
-148.97,55.9199#55.17#26.51#18.32
-148.876,55.919#54.86#26.51#18.63
-148.782,55.9179#54.55#26.51#18.94
-148.689,55.9167#54.24#26.52#19.24
-148.595,55.9155#53.92#26.52#19.56
-148.502,55.9142#53.61#26.52#19.87
-148.408,55.9127#53.34#26.53#20.13
-148.315,55.9112#53.06#26.53#20.41
-148.221,55.9097#52.79#26.54#20.67
-148.128,55.908#52.52#26.54#20.94
-148.034,55.9062#52.24#26.54#21.22
-147.941,55.9044#52#26.55#21.45
-147.847,55.9025#51.76#26.55#21.69
-147.754,55.9004#51.53#26.55#21.92
-153.932,55.902#69.06#26.34#4.59999999999999
-153.838,55.9055#68.99#26.34#4.67
-153.745,55.909#68.93#26.34#4.72999999999999
-153.652,55.9124#68.86#26.35#4.78999999999999
-153.558,55.9157#68.79#26.35#4.85999999999999
-153.465,55.9189#68.71#26.35#4.94
-153.371,55.922#68.58#26.36#5.06
-153.278,55.9251#68.46#26.36#5.18000000000001
-153.185,55.928#68.34#26.36#5.3
-153.091,55.9309#68.22#26.36#5.42
-152.998,55.9337#68.09#26.37#5.53999999999999
-152.904,55.9364#67.91#26.37#5.72
-152.81,55.939#67.73#26.37#5.89999999999999
-152.717,55.9415#67.54#26.38#6.08
-152.623,55.944#67.36#26.38#6.26000000000001
-152.53,55.9463#67.18#26.38#6.44
-152.436,55.9486#66.95#26.38#6.67
-152.343,55.9508#66.72#26.39#6.89
-152.249,55.9529#66.48#26.39#7.13
-152.155,55.9549#66.24#26.39#7.37
-152.062,55.9568#66#26.4#7.59999999999999
-151.968,55.9587#65.76#26.4#7.84
-151.874,55.9604#65.54#26.4#8.06
-151.781,55.9621#65.32#26.4#8.28
-151.687,55.9637#65.09#26.41#8.5
-151.593,55.9652#64.87#26.41#8.72
-151.499,55.9666#64.65#26.41#8.94
-151.406,55.9679#64.32#26.42#9.26000000000001
-151.312,55.9692#63.99#26.42#9.59
-151.218,55.9703#63.66#26.42#9.92
-151.125,55.9714#63.33#26.43#10.24
-151.031,55.9724#63.01#26.43#10.56
-150.937,55.9733#62.72#26.43#10.85
-150.843,55.9741#62.45#26.44#11.11
-150.75,55.9748#62.19#26.44#11.37
-150.656,55.9755#61.92#26.44#11.64
-150.562,55.9761#61.65#26.45#11.9
-150.468,55.9765#61.34#26.45#12.21
-150.375,55.9769#60.95#26.45#12.6
-150.281,55.9772#60.55#26.46#12.99
-150.187,55.9774#60.15#26.46#13.39
-150.093,55.9776#59.76#26.46#13.78
-149.999,55.9776#59.36#26.47#14.17
-149.906,55.9775#58.95#26.47#14.58
-149.812,55.9774#58.54#26.47#14.99
-149.718,55.9772#58.12#26.48#15.4
-149.624,55.9769#57.71#26.48#15.81
-149.531,55.9765#57.3#26.48#16.22
-149.437,55.976#56.93#26.49#16.58
-149.343,55.9755#56.59#26.49#16.92
-149.249,55.9748#56.25#26.49#17.26
-149.155,55.9741#55.91#26.5#17.59
-149.062,55.9733#55.57#26.5#17.93
-148.968,55.9724#55.23#26.5#18.27
-148.874,55.9714#54.92#26.51#18.57
-148.781,55.9703#54.61#26.51#18.88
-148.687,55.9692#54.3#26.51#19.19
-148.593,55.9679#53.99#26.52#19.49
-148.499,55.9666#53.68#26.52#19.8
-148.406,55.9652#53.4#26.52#20.08
-148.312,55.9637#53.13#26.53#20.34
-148.218,55.9621#52.85#26.53#20.62
-148.125,55.9604#52.57#26.54#20.89
-148.031,55.9587#52.3#26.54#21.16
-147.937,55.9568#52.06#26.54#21.4
-147.844,55.9549#51.84#26.55#21.61
-147.75,55.9529#51.62#26.55#21.83
-147.656,55.9508#51.39#26.55#22.06
-147.563,55.9486#51.17#26.56#22.27
-147.469,55.9463#50.95#26.56#22.49
-147.376,55.9439#50.77#26.56#22.67
-147.282,55.9415#50.59#26.57#22.84
-147.188,55.939#50.41#26.57#23.02
-147.095,55.9363#50.23#26.58#23.19
-147.001,55.9336#50.05#26.58#23.37
-146.908,55.9309#49.95#26.58#23.47
-146.814,55.928#49.85#26.59#23.56
-146.721,55.925#49.76#26.59#23.65
-146.627,55.922#49.66#26.6#23.74
-146.534,55.9189#49.56#26.6#23.84
-146.441,55.9156#49.47#26.6#23.93
-146.347,55.9123#49.37#26.61#24.02
-146.254,55.909#49.27#26.61#24.12
-146.16,55.9055#49.18#26.61#24.21
-146.067,55.9019#49.08#26.62#24.3
-155.152,55.9003#69.35#26.3#4.35000000000001
-155.058,55.9049#69.35#26.3#4.35000000000001
-154.965,55.9095#69.35#26.31#4.34
-154.872,55.914#69.34#26.31#4.34999999999999
-154.779,55.9184#69.33#26.31#4.36
-154.685,55.9228#69.32#26.31#4.37
-154.592,55.927#69.31#26.32#4.37
-154.499,55.9312#69.3#26.32#4.38
-154.405,55.9352#69.28#26.32#4.40000000000001
-154.312,55.9392#69.26#26.33#4.41
-154.219,55.9431#69.24#26.33#4.43000000000001
-154.125,55.9469#69.22#26.33#4.45
-154.032,55.9507#69.2#26.33#4.47
-153.938,55.9543#69.15#26.34#4.50999999999999
-153.845,55.9579#69.09#26.34#4.56999999999999
-153.751,55.9613#69.02#26.34#4.64
-153.658,55.9647#68.96#26.34#4.7
-153.564,55.968#68.9#26.35#4.75
-153.471,55.9713#68.82#26.35#4.83000000000001
-153.377,55.9744#68.7#26.35#4.94999999999999
-153.283,55.9774#68.58#26.35#5.06999999999999
-153.19,55.9804#68.47#26.36#5.17
-153.096,55.9833#68.35#26.36#5.29000000000001
-153.002,55.9861#68.23#26.36#5.41
-152.909,55.9888#68.05#26.37#5.58
-152.815,55.9914#67.87#26.37#5.75999999999999
-152.721,55.9939#67.69#26.37#5.94
-152.628,55.9964#67.52#26.37#6.11
-152.534,55.9987#67.34#26.38#6.28
-152.44,56.001#67.12#26.38#6.5
-152.346,56.0032#66.88#26.38#6.74000000000001
-152.253,56.0053#66.64#26.39#6.97
-152.159,56.0073#66.41#26.39#7.2
-152.065,56.0093#66.17#26.39#7.44
-151.971,56.0111#65.93#26.39#7.67999999999999
-151.877,56.0129#65.7#26.4#7.90000000000001
-151.784,56.0146#65.47#26.4#8.13
-151.69,56.0161#65.24#26.4#8.36000000000001
-151.596,56.0176#65#26.41#8.59
-151.502,56.0191#64.77#26.41#8.82000000000001
-151.408,56.0204#64.44#26.41#9.15000000000001
-151.314,56.0216#64.11#26.42#9.47
-151.22,56.0228#63.78#26.42#9.8
-151.126,56.0239#63.45#26.42#10.13
-151.033,56.0249#63.12#26.43#10.45
-150.939,56.0258#62.84#26.43#10.73
-150.845,56.0266#62.59#26.43#10.98
-150.751,56.0273#62.33#26.44#11.23
-150.657,56.028#62.08#26.44#11.48
-150.563,56.0285#61.83#26.44#11.73
-150.469,56.029#61.52#26.44#12.04
-150.375,56.0294#61.1#26.45#12.45
-150.281,56.0297#60.68#26.45#12.87
-150.187,56.0299#60.26#26.45#13.29
-150.093,56.03#59.83#26.46#13.71
-149.999,56.0301#59.41#26.46#14.13
-149.905,56.03#59#26.46#14.54
-149.812,56.0299#58.59#26.47#14.94
-149.718,56.0297#58.18#26.47#15.35
-149.624,56.0294#57.76#26.47#15.77
-149.53,56.029#57.35#26.48#16.17
-149.436,56.0285#56.99#26.48#16.53
-149.342,56.028#56.65#26.48#16.87
-149.248,56.0273#56.31#26.49#17.2
-149.154,56.0266#55.97#26.49#17.54
-149.06,56.0258#55.63#26.5#17.87
-148.966,56.0249#55.3#26.5#18.2
-148.872,56.0239#54.99#26.5#18.51
-148.779,56.0228#54.68#26.51#18.81
-148.685,56.0216#54.37#26.51#19.12
-148.591,56.0204#54.05#26.51#19.44
-148.497,56.019#53.74#26.52#19.74
-148.403,56.0176#53.47#26.52#20.01
-148.309,56.0161#53.19#26.52#20.29
-148.215,56.0145#52.91#26.53#20.56
-148.121,56.0129#52.63#26.53#20.84
-148.028,56.0111#52.36#26.53#21.11
-147.934,56.0092#52.12#26.54#21.34
-147.84,56.0073#51.91#26.54#21.55
-147.746,56.0053#51.7#26.55#21.75
-147.652,56.0032#51.49#26.55#21.96
-147.559,56.001#51.27#26.55#22.18
-147.465,55.9987#51.06#26.56#22.38
-147.371,55.9963#50.87#26.56#22.57
-147.277,55.9939#50.68#26.56#22.76
-147.184,55.9914#50.49#26.57#22.94
-147.09,55.9887#50.3#26.57#23.13
-146.996,55.986#50.11#26.58#23.31
-146.903,55.9832#50.01#26.58#23.41
-146.809,55.9804#49.9#26.58#23.52
-146.715,55.9774#49.8#26.59#23.61
-146.622,55.9744#49.7#26.59#23.71
-146.528,55.9712#49.59#26.59#23.82
-146.435,55.968#49.49#26.6#23.91
-146.341,55.9647#49.39#26.6#24.01
-146.248,55.9613#49.29#26.61#24.1
-146.154,55.9578#49.19#26.61#24.2
-146.061,55.9543#49.09#26.61#24.3
-145.967,55.9506#48.99#26.62#24.39
-145.874,55.9469#48.9#26.62#24.48
-145.78,55.9431#48.82#26.63#24.55
-145.687,55.9392#48.73#26.63#24.64
-145.593,55.9352#48.65#26.63#24.72
-145.5,55.9311#48.56#26.64#24.8
-145.407,55.9269#48.48#26.64#24.88
-145.313,55.9227#48.4#26.65#24.95
-145.22,55.9184#48.32#26.65#25.03
-145.127,55.914#48.24#26.65#25.11
-145.034,55.9095#48.17#26.66#25.17
-144.94,55.9049#48.09#26.66#25.25
-144.847,55.9002#48.01#26.67#25.32
-156.092,55.9011#69.42#26.28#4.3
-155.999,55.9066#69.41#26.28#4.31
-155.906,55.912#69.41#26.28#4.31
-155.813,55.9174#69.41#26.28#4.31
-155.719,55.9227#69.41#26.28#4.31
-155.626,55.9279#69.41#26.29#4.30000000000001
-155.533,55.933#69.41#26.29#4.30000000000001
-155.44,55.938#69.41#26.29#4.30000000000001
-155.347,55.9429#69.41#26.29#4.30000000000001
-155.253,55.9477#69.41#26.3#4.29000000000001
-155.16,55.9525#69.41#26.3#4.29000000000001
-155.067,55.9572#69.41#26.3#4.29000000000001
-154.973,55.9618#69.41#26.3#4.29000000000001
-154.88,55.9663#69.4#26.31#4.28999999999999
-154.787,55.9707#69.39#26.31#4.3
-154.693,55.975#69.39#26.31#4.3
-154.6,55.9793#69.38#26.31#4.31
-154.506,55.9835#69.38#26.32#4.30000000000001
-154.413,55.9875#69.36#26.32#4.31999999999999
-154.319,55.9915#69.34#26.32#4.34
-154.226,55.9954#69.32#26.32#4.36000000000001
-154.132,55.9993#69.3#26.33#4.37
-154.038,56.003#69.28#26.33#4.39
-153.945,56.0067#69.24#26.33#4.43000000000001
-153.851,56.0102#69.18#26.33#4.48999999999999
-153.757,56.0137#69.12#26.34#4.53999999999999
-153.664,56.0171#69.06#26.34#4.59999999999999
-153.57,56.0204#69#26.34#4.66
-153.476,56.0236#68.93#26.35#4.72
-153.383,56.0268#68.82#26.35#4.83000000000001
-153.289,56.0298#68.71#26.35#4.94
-153.195,56.0328#68.59#26.35#5.06
-153.101,56.0357#68.48#26.36#5.16
-153.007,56.0385#68.37#26.36#5.27
-152.914,56.0412#68.2#26.36#5.44
-152.82,56.0438#68.02#26.36#5.62
-152.726,56.0463#67.85#26.37#5.78
-152.632,56.0488#67.67#26.37#5.95999999999999
-152.538,56.0512#67.5#26.37#6.13
-152.444,56.0535#67.28#26.38#6.34
-152.35,56.0556#67.05#26.38#6.57000000000001
-152.256,56.0578#66.81#26.38#6.81
-152.162,56.0598#66.58#26.38#7.04000000000001
-152.068,56.0617#66.34#26.39#7.27
-151.974,56.0636#66.11#26.39#7.5
-151.88,56.0653#65.87#26.39#7.73999999999999
-151.786,56.067#65.62#26.4#7.97999999999999
-151.692,56.0686#65.38#26.4#8.22
-151.598,56.0701#65.14#26.4#8.46000000000001
-151.504,56.0715#64.89#26.41#8.7
-151.41,56.0729#64.56#26.41#9.03
-151.316,56.0741#64.23#26.41#9.36
-151.222,56.0753#63.9#26.42#9.68000000000001
-151.128,56.0764#63.57#26.42#10.01
-151.034,56.0773#63.23#26.42#10.35
-150.94,56.0783#62.96#26.42#10.62
-150.846,56.0791#62.72#26.43#10.85
-150.752,56.0798#62.48#26.43#11.09
-150.658,56.0805#62.24#26.43#11.33
-150.564,56.081#62.01#26.44#11.55
-150.47,56.0815#61.7#26.44#11.86
-150.376,56.0819#61.25#26.44#12.31
-150.282,56.0822#60.8#26.45#12.75
-150.188,56.0824#60.36#26.45#13.19
-150.093,56.0825#59.91#26.45#13.64
-149.999,56.0826#59.46#26.46#14.08
-149.905,56.0825#59.05#26.46#14.49
-149.811,56.0824#58.64#26.46#14.9
-149.717,56.0822#58.23#26.47#15.3
-149.623,56.0819#57.82#26.47#15.71
-149.529,56.0815#57.41#26.47#16.12
-149.435,56.081#57.05#26.48#16.47
-149.341,56.0804#56.71#26.48#16.81
-149.247,56.0798#56.37#26.48#17.15
-149.153,56.0791#56.03#26.49#17.48
-149.059,56.0782#55.69#26.49#17.82
-148.965,56.0773#55.36#26.49#18.15
-148.871,56.0763#55.05#26.5#18.45
-148.777,56.0753#54.74#26.5#18.76
-148.682,56.0741#54.43#26.5#19.07
-148.588,56.0729#54.12#26.51#19.37
-148.494,56.0715#53.81#26.51#19.68
-148.4,56.0701#53.53#26.52#19.95
-148.306,56.0686#53.25#26.52#20.23
-148.212,56.067#52.97#26.52#20.51
-148.118,56.0653#52.69#26.53#20.78
-148.024,56.0635#52.41#26.53#21.06
-147.93,56.0617#52.19#26.53#21.28
-147.837,56.0598#51.99#26.54#21.47
-147.743,56.0577#51.79#26.54#21.67
-147.649,56.0556#51.58#26.54#21.88
-147.555,56.0534#51.38#26.55#22.07
-147.461,56.0511#51.17#26.55#22.28
-147.367,56.0488#50.97#26.56#22.47
-147.273,56.0463#50.77#26.56#22.67
-147.179,56.0438#50.57#26.56#22.87
-147.085,56.0412#50.36#26.57#23.07
-146.991,56.0384#50.17#26.57#23.26
-146.898,56.0356#50.06#26.57#23.37
-146.804,56.0328#49.95#26.58#23.47
-146.71,56.0298#49.84#26.58#23.58
-146.616,56.0267#49.73#26.59#23.68
-146.523,56.0236#49.62#26.59#23.79
-146.429,56.0204#49.52#26.59#23.89
-146.335,56.0171#49.41#26.6#23.99
-146.241,56.0137#49.3#26.6#24.1
-146.148,56.0102#49.2#26.61#24.19
-146.054,56.0066#49.09#26.61#24.3
-145.96,56.003#48.99#26.61#24.4
-145.867,55.9992#48.91#26.62#24.47
-145.773,55.9954#48.82#26.62#24.56
-145.68,55.9915#48.73#26.63#24.64
-145.586,55.9875#48.65#26.63#24.72
-145.493,55.9834#48.56#26.63#24.81
-145.399,55.9792#48.48#26.64#24.88
-145.306,55.975#48.4#26.64#24.96
-145.212,55.9706#48.32#26.65#25.03
-145.119,55.9662#48.24#26.65#25.11
-145.025,55.9617#48.16#26.65#25.19
-144.932,55.9571#48.08#26.66#25.26
-144.839,55.9525#48.01#26.66#25.33
-144.745,55.9477#47.93#26.67#25.4
-144.652,55.9428#47.85#26.67#25.48
-144.559,55.9379#47.78#26.67#25.55
-144.466,55.9329#47.71#26.68#25.61
-144.373,55.9278#47.63#26.68#25.69
-144.279,55.9226#47.56#26.69#25.75
-144.186,55.9173#47.49#26.69#25.82
-144.093,55.912#47.42#26.7#25.88
-144,55.9065#47.35#26.7#25.95
-143.907,55.901#47.29#26.7#26.01
-156.846,55.9059#69.48#26.25#4.27
-156.753,55.9121#69.48#26.26#4.25999999999999
-156.66,55.9183#69.48#26.26#4.25999999999999
-156.567,55.9243#69.48#26.26#4.25999999999999
-156.474,55.9303#69.47#26.26#4.27
-156.381,55.9361#69.47#26.27#4.26000000000001
-156.288,55.9419#69.47#26.27#4.26000000000001
-156.195,55.9476#69.47#26.27#4.26000000000001
-156.102,55.9532#69.47#26.27#4.26000000000001
-156.009,55.9588#69.47#26.27#4.26000000000001
-155.915,55.9642#69.47#26.28#4.25
-155.822,55.9696#69.47#26.28#4.25
-155.729,55.9749#69.47#26.28#4.25
-155.636,55.9801#69.47#26.28#4.25
-155.542,55.9852#69.47#26.29#4.24000000000001
-155.449,55.9902#69.47#26.29#4.24000000000001
-155.355,55.9951#69.47#26.29#4.24000000000001
-155.262,56#69.47#26.29#4.24000000000001
-155.168,56.0048#69.47#26.3#4.23
-155.075,56.0094#69.47#26.3#4.23
-154.981,56.014#69.47#26.3#4.23
-154.888,56.0186#69.46#26.3#4.24000000000001
-154.794,56.023#69.46#26.31#4.23
-154.701,56.0273#69.45#26.31#4.23999999999999
-154.607,56.0316#69.45#26.31#4.23999999999999
-154.514,56.0358#69.45#26.31#4.23999999999999
-154.42,56.0399#69.43#26.32#4.25
-154.326,56.0439#69.41#26.32#4.27000000000001
-154.232,56.0478#69.4#26.32#4.28
-154.139,56.0516#69.38#26.32#4.30000000000001
-154.045,56.0554#69.36#26.33#4.31
-153.951,56.059#69.33#26.33#4.34
-153.857,56.0626#69.27#26.33#4.40000000000001
-153.764,56.0661#69.22#26.33#4.45
-153.67,56.0695#69.16#26.34#4.5
-153.576,56.0728#69.11#26.34#4.55
-153.482,56.076#69.05#26.34#4.61
-153.388,56.0792#68.94#26.34#4.72
-153.294,56.0822#68.83#26.35#4.81999999999999
-153.2,56.0852#68.72#26.35#4.93000000000001
-153.106,56.0881#68.61#26.35#5.03999999999999
-153.012,56.0909#68.51#26.35#5.13999999999999
-152.918,56.0936#68.34#26.36#5.3
-152.824,56.0962#68.17#26.36#5.47
-152.73,56.0988#68#26.36#5.64
-152.636,56.1012#67.83#26.37#5.8
-152.542,56.1036#67.65#26.37#5.97999999999999
-152.448,56.1059#67.45#26.37#6.17999999999999
-152.354,56.1081#67.22#26.38#6.40000000000001
-152.26,56.1102#66.98#26.38#6.64
-152.166,56.1122#66.75#26.38#6.87
-152.072,56.1142#66.52#26.38#7.10000000000001
-151.978,56.116#66.28#26.39#7.33
-151.884,56.1178#66.03#26.39#7.58
-151.789,56.1195#65.78#26.39#7.83
-151.695,56.1211#65.52#26.4#8.08000000000001
-151.601,56.1226#65.27#26.4#8.33000000000001
-151.507,56.124#65.02#26.4#8.58000000000001
-151.413,56.1254#64.69#26.4#8.91
-151.319,56.1266#64.35#26.41#9.24000000000001
-151.224,56.1278#64.02#26.41#9.57000000000001
-151.13,56.1289#63.68#26.41#9.91
-151.036,56.1298#63.34#26.42#10.24
-150.942,56.1308#63.08#26.42#10.5
-150.847,56.1316#62.85#26.42#10.73
-150.753,56.1323#62.63#26.43#10.94
-150.659,56.133#62.4#26.43#11.17
-150.565,56.1335#62.18#26.43#11.39
-150.471,56.134#61.88#26.44#11.68
-150.376,56.1344#61.41#26.44#12.15
-150.282,56.1347#60.93#26.44#12.63
-150.188,56.1349#60.46#26.45#13.09
-150.094,56.135#59.98#26.45#13.57
-149.999,56.1351#59.51#26.45#14.04
-149.905,56.135#59.1#26.46#14.44
-149.811,56.1349#58.69#26.46#14.85
-149.717,56.1347#58.28#26.46#15.26
-149.622,56.1344#57.87#26.47#15.66
-149.528,56.134#57.46#26.47#16.07
-149.434,56.1335#57.1#26.47#16.43
-149.34,56.1329#56.76#26.48#16.76
-149.246,56.1323#56.43#26.48#17.09
-149.151,56.1316#56.09#26.48#17.43
-149.057,56.1307#55.75#26.49#17.76
-148.963,56.1298#55.42#26.49#18.09
-148.869,56.1288#55.11#26.49#18.4
-148.774,56.1278#54.8#26.5#18.7
-148.68,56.1266#54.49#26.5#19.01
-148.586,56.1253#54.19#26.5#19.31
-148.492,56.124#53.88#26.51#19.61
-148.398,56.1226#53.6#26.51#19.89
-148.304,56.1211#53.31#26.51#20.18
-148.209,56.1195#53.03#26.52#20.45
-148.115,56.1178#52.75#26.52#20.73
-148.021,56.116#52.47#26.53#21
-147.927,56.1142#52.26#26.53#21.21
-147.833,56.1122#52.07#26.53#21.4
-147.739,56.1102#51.87#26.54#21.59
-147.645,56.1081#51.68#26.54#21.78
-147.551,56.1059#51.49#26.54#21.97
-147.457,56.1036#51.28#26.55#22.17
-147.363,56.1012#51.07#26.55#22.38
-147.269,56.0988#50.85#26.56#22.59
-147.175,56.0962#50.64#26.56#22.8
-147.081,56.0936#50.43#26.56#23.01
-146.987,56.0909#50.23#26.57#23.2
-146.893,56.0881#50.12#26.57#23.31
-146.799,56.0852#50#26.57#23.43
-146.705,56.0822#49.88#26.58#23.54
-146.611,56.0791#49.77#26.58#23.65
-146.517,56.076#49.65#26.59#23.76
-146.423,56.0728#49.54#26.59#23.87
-146.329,56.0694#49.43#26.59#23.98
-146.235,56.066#49.32#26.6#24.08
-146.141,56.0625#49.21#26.6#24.19
-146.048,56.059#49.1#26.61#24.29
-145.954,56.0553#49#26.61#24.39
-145.86,56.0516#48.91#26.61#24.48
-145.766,56.0477#48.82#26.62#24.56
-145.673,56.0438#48.73#26.62#24.65
-145.579,56.0398#48.65#26.62#24.73
-145.485,56.0357#48.56#26.63#24.81
-145.392,56.0315#48.48#26.63#24.89
-145.298,56.0273#48.39#26.64#24.97
-145.204,56.0229#48.31#26.64#25.05
-145.111,56.0185#48.23#26.65#25.12
-145.017,56.014#48.15#26.65#25.2
-144.924,56.0094#48.07#26.65#25.28
-144.83,56.0047#48#26.66#25.34
-144.737,55.9999#47.92#26.66#25.42
-144.643,55.9951#47.84#26.67#25.49
-144.55,55.9901#47.77#26.67#25.56
-144.457,55.9851#47.69#26.67#25.64
-144.363,55.98#47.62#26.68#25.7
-144.27,55.9748#47.55#26.68#25.77
-144.177,55.9695#47.48#26.69#25.83
-144.083,55.9642#47.41#26.69#25.9
-143.99,55.9587#47.34#26.69#25.97
-143.897,55.9532#47.27#26.7#26.03
-143.804,55.9476#47.21#26.7#26.09
-143.711,55.9418#47.15#26.71#26.14
-143.618,55.9361#47.08#26.71#26.21
-143.525,55.9302#47.02#26.72#26.26
-143.432,55.9242#46.96#26.72#26.32
-143.339,55.9182#46.9#26.72#26.38
-143.246,55.9121#46.84#26.73#26.43
-143.153,55.9058#46.78#26.73#26.49
-157.6,55.9052#69.53#26.24#4.23
-157.508,55.9121#69.53#26.24#4.23
-157.415,55.9189#69.53#26.24#4.23
-157.322,55.9256#69.53#26.24#4.23
-157.229,55.9323#69.53#26.24#4.23
-157.136,55.9388#69.53#26.25#4.22
-157.043,55.9453#69.53#26.25#4.22
-156.95,55.9517#69.53#26.25#4.22
-156.857,55.958#69.53#26.25#4.22
-156.764,55.9642#69.53#26.25#4.22
-156.671,55.9704#69.53#26.26#4.20999999999999
-156.578,55.9764#69.53#26.26#4.20999999999999
-156.485,55.9824#69.53#26.26#4.20999999999999
-156.392,55.9883#69.53#26.26#4.20999999999999
-156.298,55.9941#69.52#26.26#4.22
-156.205,55.9998#69.52#26.27#4.21000000000001
-156.112,56.0054#69.52#26.27#4.21000000000001
-156.018,56.011#69.52#26.27#4.21000000000001
-155.925,56.0164#69.52#26.27#4.21000000000001
-155.832,56.0218#69.52#26.28#4.2
-155.738,56.0271#69.53#26.28#4.19
-155.645,56.0323#69.53#26.28#4.19
-155.551,56.0374#69.53#26.28#4.19
-155.458,56.0424#69.53#26.28#4.19
-155.364,56.0474#69.53#26.29#4.18000000000001
-155.271,56.0523#69.53#26.29#4.18000000000001
-155.177,56.057#69.53#26.29#4.18000000000001
-155.083,56.0617#69.53#26.29#4.18000000000001
-154.99,56.0663#69.53#26.3#4.17
-154.896,56.0709#69.53#26.3#4.17
-154.802,56.0753#69.52#26.3#4.18000000000001
-154.708,56.0796#69.52#26.3#4.18000000000001
-154.615,56.0839#69.52#26.31#4.17
-154.521,56.0881#69.52#26.31#4.17
-154.427,56.0922#69.5#26.31#4.19
-154.333,56.0962#69.49#26.31#4.2
-154.239,56.1001#69.47#26.32#4.21000000000001
-154.146,56.104#69.46#26.32#4.22
-154.052,56.1077#69.44#26.32#4.24000000000001
-153.958,56.1114#69.41#26.32#4.27000000000001
-153.864,56.115#69.36#26.33#4.31
-153.77,56.1185#69.31#26.33#4.36
-153.676,56.1219#69.26#26.33#4.41
-153.582,56.1252#69.21#26.33#4.46000000000001
-153.488,56.1284#69.16#26.34#4.5
-153.394,56.1316#69.05#26.34#4.61
-153.3,56.1346#68.95#26.34#4.70999999999999
-153.205,56.1376#68.85#26.35#4.80000000000001
-153.111,56.1405#68.74#26.35#4.91
-153.017,56.1433#68.64#26.35#5.00999999999999
-152.923,56.146#68.48#26.35#5.16999999999999
-152.829,56.1487#68.32#26.36#5.32000000000001
-152.735,56.1512#68.15#26.36#5.48999999999999
-152.641,56.1537#67.98#26.36#5.66
-152.546,56.1561#67.81#26.37#5.81999999999999
-152.452,56.1584#67.61#26.37#6.02
-152.358,56.1606#67.38#26.37#6.25
-152.264,56.1627#67.15#26.37#6.47999999999999
-152.169,56.1647#66.92#26.38#6.7
-152.075,56.1667#66.69#26.38#6.93000000000001
-151.981,56.1685#66.46#26.38#7.16000000000001
-151.887,56.1703#66.19#26.39#7.42
-151.792,56.172#65.93#26.39#7.67999999999999
-151.698,56.1736#65.67#26.39#7.94
-151.604,56.1751#65.41#26.39#8.2
-151.509,56.1765#65.14#26.4#8.46000000000001
-151.415,56.1779#64.81#26.4#8.78999999999999
-151.321,56.1791#64.47#26.4#9.13
-151.226,56.1803#64.13#26.41#9.46000000000001
-151.132,56.1814#63.8#26.41#9.79000000000001
-151.038,56.1824#63.46#26.41#10.13
-150.943,56.1833#63.2#26.42#10.38
-150.849,56.1841#62.99#26.42#10.59
-150.755,56.1848#62.78#26.42#10.8
-150.66,56.1855#62.57#26.43#11
-150.566,56.186#62.36#26.43#11.21
-150.471,56.1865#62.06#26.43#11.51
-150.377,56.1869#61.56#26.44#12
-150.283,56.1872#61.06#26.44#12.5
-150.188,56.1874#60.56#26.44#13
-150.094,56.1875#60.06#26.45#13.49
-149.999,56.1876#59.56#26.45#13.99
-149.905,56.1875#59.15#26.45#14.4
-149.811,56.1874#58.74#26.46#14.8
-149.716,56.1872#58.33#26.46#15.21
-149.622,56.1869#57.93#26.46#15.61
-149.527,56.1865#57.52#26.47#16.01
-149.433,56.186#57.16#26.47#16.37
-149.339,56.1855#56.82#26.47#16.71
-149.244,56.1848#56.48#26.48#17.04
-149.15,56.1841#56.15#26.48#17.37
-149.056,56.1833#55.81#26.48#17.71
-148.961,56.1823#55.48#26.49#18.03
-148.867,56.1813#55.17#26.49#18.34
-148.772,56.1803#54.87#26.49#18.64
-148.678,56.1791#54.56#26.5#18.94
-148.584,56.1778#54.25#26.5#19.25
-148.489,56.1765#53.95#26.5#19.55
-148.395,56.1751#53.66#26.51#19.83
-148.301,56.1736#53.38#26.51#20.11
-148.207,56.172#53.09#26.51#20.4
-148.112,56.1703#52.81#26.52#20.67
-148.018,56.1685#52.52#26.52#20.96
-147.924,56.1666#52.32#26.52#21.16
-147.829,56.1647#52.14#26.53#21.33
-147.735,56.1627#51.96#26.53#21.51
-147.641,56.1605#51.78#26.54#21.68
-147.547,56.1583#51.59#26.54#21.87
-147.452,56.156#51.39#26.54#22.07
-147.358,56.1537#51.16#26.55#22.29
-147.264,56.1512#50.94#26.55#22.51
-147.17,56.1487#50.72#26.55#22.73
-147.076,56.146#50.5#26.56#22.94
-146.982,56.1433#50.29#26.56#23.15
-146.887,56.1405#50.17#26.57#23.26
-146.793,56.1376#50.05#26.57#23.38
-146.699,56.1346#49.92#26.57#23.51
-146.605,56.1315#49.8#26.58#23.62
-146.511,56.1284#49.68#26.58#23.74
-146.417,56.1252#49.56#26.59#23.85
-146.323,56.1218#49.45#26.59#23.96
-146.229,56.1184#49.33#26.59#24.08
-146.135,56.1149#49.22#26.6#24.18
-146.041,56.1113#49.1#26.6#24.3
-145.947,56.1077#49#26.6#24.4
-145.853,56.1039#48.91#26.61#24.48
-145.759,56.1001#48.82#26.61#24.57
-145.666,56.0962#48.73#26.62#24.65
-145.572,56.0921#48.64#26.62#24.74
-145.478,56.088#48.56#26.62#24.82
-145.384,56.0839#48.47#26.63#24.9
-145.29,56.0796#48.39#26.63#24.98
-145.197,56.0752#48.31#26.64#25.05
-145.103,56.0708#48.22#26.64#25.14
-145.009,56.0663#48.14#26.64#25.22
-144.916,56.0617#48.06#26.65#25.29
-144.822,56.057#47.99#26.65#25.36
-144.728,56.0522#47.91#26.66#25.43
-144.635,56.0473#47.83#26.66#25.51
-144.541,56.0424#47.76#26.66#25.58
-144.448,56.0373#47.68#26.67#25.65
-144.354,56.0322#47.61#26.67#25.72
-144.261,56.027#47.54#26.68#25.78
-144.167,56.0217#47.47#26.68#25.85
-144.074,56.0163#47.4#26.69#25.91
-143.98,56.0109#47.33#26.69#25.98
-143.887,56.0053#47.26#26.69#26.05
-143.794,55.9997#47.19#26.7#26.11
-143.701,55.994#47.13#26.7#26.17
-143.607,55.9882#47.06#26.71#26.23
-143.514,55.9823#47#26.71#26.29
-143.421,55.9763#46.94#26.72#26.34
-143.328,55.9703#46.88#26.72#26.4
-143.235,55.9641#46.82#26.72#26.46
-143.142,55.9579#46.76#26.73#26.51
-143.049,55.9516#46.7#26.73#26.57
-142.956,55.9452#46.64#26.74#26.62
-142.863,55.9388#46.59#26.74#26.67
-142.77,55.9322#46.54#26.75#26.71
-142.677,55.9255#46.49#26.75#26.76
-142.584,55.9188#46.43#26.75#26.82
-142.491,55.912#46.38#26.76#26.86
-142.398,55.9051#46.33#26.76#26.91
-158.262,55.9065#69.58#26.22#4.2
-158.169,55.914#69.58#26.22#4.2
-158.077,55.9214#69.58#26.22#4.2
-157.984,55.9287#69.58#26.22#4.2
-157.891,55.936#69.58#26.23#4.19
-157.799,55.9431#69.58#26.23#4.19
-157.706,55.9502#69.58#26.23#4.19
-157.613,55.9572#69.58#26.23#4.19
-157.52,55.9641#69.58#26.23#4.19
-157.427,55.9709#69.58#26.24#4.18000000000001
-157.334,55.9777#69.58#26.24#4.18000000000001
-157.241,55.9843#69.58#26.24#4.18000000000001
-157.148,55.9909#69.58#26.24#4.18000000000001
-157.055,55.9974#69.58#26.24#4.18000000000001
-156.962,56.0038#69.58#26.25#4.17
-156.868,56.0101#69.58#26.25#4.17
-156.775,56.0163#69.58#26.25#4.17
-156.682,56.0225#69.58#26.25#4.17
-156.589,56.0285#69.58#26.25#4.17
-156.495,56.0345#69.58#26.26#4.16
-156.402,56.0404#69.58#26.26#4.16
-156.309,56.0462#69.58#26.26#4.16
-156.215,56.052#69.58#26.26#4.16
-156.122,56.0576#69.58#26.27#4.15000000000001
-156.028,56.0632#69.58#26.27#4.15000000000001
-155.935,56.0686#69.58#26.27#4.15000000000001
-155.841,56.074#69.58#26.27#4.15000000000001
-155.748,56.0793#69.58#26.27#4.15000000000001
-155.654,56.0845#69.58#26.28#4.14
-155.56,56.0897#69.58#26.28#4.14
-155.467,56.0947#69.59#26.28#4.13
-155.373,56.0997#69.59#26.28#4.13
-155.279,56.1045#69.59#26.29#4.12
-155.185,56.1093#69.59#26.29#4.12
-155.092,56.114#69.59#26.29#4.12
-154.998,56.1186#69.59#26.29#4.12
-154.904,56.1232#69.59#26.3#4.11
-154.81,56.1276#69.59#26.3#4.11
-154.716,56.132#69.59#26.3#4.11
-154.622,56.1363#69.59#26.3#4.11
-154.528,56.1404#69.59#26.31#4.09999999999999
-154.434,56.1445#69.58#26.31#4.11
-154.34,56.1486#69.56#26.31#4.13
-154.246,56.1525#69.55#26.31#4.14
-154.152,56.1563#69.54#26.32#4.13999999999999
-154.058,56.1601#69.53#26.32#4.15000000000001
-153.964,56.1638#69.5#26.32#4.18000000000001
-153.87,56.1674#69.45#26.32#4.22999999999999
-153.776,56.1709#69.41#26.33#4.26000000000001
-153.682,56.1743#69.36#26.33#4.31
-153.588,56.1776#69.32#26.33#4.35000000000001
-153.493,56.1809#69.27#26.33#4.40000000000001
-153.399,56.184#69.17#26.34#4.48999999999999
-153.305,56.1871#69.07#26.34#4.59
-153.211,56.1901#68.97#26.34#4.69
-153.116,56.193#68.87#26.34#4.78999999999999
-153.022,56.1958#68.76#26.35#4.88999999999999
-152.928,56.1985#68.61#26.35#5.03999999999999
-152.834,56.2011#68.44#26.35#5.21000000000001
-152.739,56.2037#68.27#26.36#5.37
-152.645,56.2062#68.11#26.36#5.53
-152.551,56.2085#67.94#26.36#5.7
-152.456,56.2108#67.74#26.36#5.90000000000001
-152.362,56.213#67.51#26.37#6.11999999999999
-152.267,56.2152#67.28#26.37#6.34999999999999
-152.173,56.2172#67.04#26.37#6.58999999999999
-152.079,56.2192#66.81#26.38#6.81
-151.984,56.221#66.57#26.38#7.05000000000001
-151.89,56.2228#66.3#26.38#7.32000000000001
-151.795,56.2245#66.03#26.38#7.59
-151.701,56.2261#65.76#26.39#7.84999999999999
-151.606,56.2276#65.49#26.39#8.12
-151.512,56.229#65.22#26.39#8.39
-151.417,56.2304#64.89#26.4#8.71000000000001
-151.323,56.2316#64.56#26.4#9.03999999999999
-151.228,56.2328#64.23#26.4#9.37
-151.134,56.2339#63.91#26.41#9.68000000000001
-151.039,56.2349#63.58#26.41#10.01
-150.945,56.2358#63.3#26.41#10.29
-150.85,56.2366#63.05#26.42#10.53
-150.756,56.2373#62.8#26.42#10.78
-150.661,56.238#62.56#26.42#11.02
-150.567,56.2386#62.31#26.42#11.27
-150.472,56.239#61.98#26.43#11.59
-150.378,56.2394#61.48#26.43#12.09
-150.283,56.2397#60.98#26.43#12.59
-150.189,56.2399#60.49#26.44#13.07
-150.094,56.2401#59.99#26.44#13.57
-149.999,56.2401#59.49#26.44#14.07
-149.905,56.2401#59.09#26.45#14.46
-149.81,56.2399#58.69#26.45#14.86
-149.716,56.2397#58.29#26.45#15.26
-149.621,56.2394#57.89#26.46#15.65
-149.527,56.239#57.49#26.46#16.05
-149.432,56.2386#57.14#26.46#16.4
-149.338,56.238#56.81#26.47#16.72
-149.243,56.2373#56.47#26.47#17.06
-149.149,56.2366#56.14#26.47#17.39
-149.054,56.2358#55.8#26.48#17.72
-148.959,56.2349#55.48#26.48#18.04
-148.865,56.2339#55.17#26.48#18.35
-148.77,56.2328#54.87#26.49#18.64
-148.676,56.2316#54.56#26.49#18.95
-148.581,56.2304#54.26#26.5#19.24
-148.487,56.229#53.95#26.5#19.55
-148.392,56.2276#53.67#26.5#19.83
-148.298,56.2261#53.39#26.51#20.1
-148.204,56.2245#53.11#26.51#20.38
-148.109,56.2228#52.82#26.51#20.67
-148.015,56.221#52.54#26.52#20.94
-147.92,56.2191#52.35#26.52#21.13
-147.826,56.2172#52.17#26.52#21.31
-147.731,56.2151#52#26.53#21.47
-147.637,56.213#51.82#26.53#21.65
-147.543,56.2108#51.65#26.54#21.81
-147.448,56.2085#51.44#26.54#22.02
-147.354,56.2061#51.22#26.54#22.24
-147.26,56.2037#50.99#26.55#22.46
-147.165,56.2011#50.76#26.55#22.69
-147.071,56.1985#50.54#26.55#22.91
-146.977,56.1957#50.34#26.56#23.1
-146.882,56.1929#50.21#26.56#23.23
-146.788,56.19#50.09#26.57#23.34
-146.694,56.187#49.96#26.57#23.47
-146.6,56.184#49.83#26.57#23.6
-146.505,56.1808#49.71#26.58#23.71
-146.411,56.1776#49.58#26.58#23.84
-146.317,56.1742#49.46#26.58#23.96
-146.223,56.1708#49.34#26.59#24.07
-146.129,56.1673#49.22#26.59#24.19
-146.035,56.1637#49.1#26.6#24.3
-145.941,56.1601#49#26.6#24.4
-145.847,56.1563#48.91#26.6#24.49
-145.752,56.1524#48.82#26.61#24.57
-145.658,56.1485#48.73#26.61#24.66
-145.564,56.1445#48.64#26.62#24.74
-145.47,56.1404#48.55#26.62#24.83
-145.377,56.1362#48.47#26.62#24.91
-145.283,56.1319#48.38#26.63#24.99
-145.189,56.1276#48.3#26.63#25.07
-145.095,56.1231#48.22#26.64#25.14
-145.001,56.1186#48.13#26.64#25.23
-144.907,56.114#48.06#26.64#25.3
-144.813,56.1093#47.98#26.65#25.37
-144.72,56.1045#47.9#26.65#25.45
-144.626,56.0996#47.82#26.66#25.52
-144.532,56.0946#47.74#26.66#25.6
-144.438,56.0896#47.67#26.66#25.67
-144.345,56.0845#47.6#26.67#25.73
-144.251,56.0792#47.52#26.67#25.81
-144.158,56.0739#47.45#26.68#25.87
-144.064,56.0686#47.38#26.68#25.94
-143.971,56.0631#47.31#26.69#26
-143.877,56.0575#47.24#26.69#26.07
-143.784,56.0519#47.18#26.69#26.13
-143.69,56.0462#47.11#26.7#26.19
-143.597,56.0403#47.05#26.7#26.25
-143.503,56.0345#46.98#26.71#26.31
-143.41,56.0285#46.92#26.71#26.37
-143.317,56.0224#46.86#26.72#26.42
-143.224,56.0163#46.8#26.72#26.48
-143.13,56.01#46.74#26.72#26.54
-143.037,56.0037#46.68#26.73#26.59
-142.944,55.9973#46.63#26.73#26.64
-142.851,55.9908#46.57#26.74#26.69
-142.758,55.9842#46.52#26.74#26.74
-142.665,55.9776#46.47#26.75#26.78
-142.572,55.9708#46.41#26.75#26.84
-142.479,55.964#46.36#26.75#26.89
-142.386,55.9571#46.31#26.76#26.93
-142.293,55.9501#46.26#26.76#26.98
-142.2,55.943#46.21#26.77#27.02
-142.108,55.9359#46.16#26.77#27.07
-142.015,55.9286#46.11#26.78#27.11
-141.922,55.9213#46.07#26.78#27.15
-141.829,55.9139#46.02#26.79#27.19
-141.737,55.9064#45.97#26.79#27.24
-158.924,55.9035#69.62#26.2#4.17999999999999
-158.831,55.9116#69.62#26.21#4.16999999999999
-158.739,55.9196#69.62#26.21#4.16999999999999
-158.646,55.9275#69.62#26.21#4.16999999999999
-158.554,55.9354#69.62#26.21#4.16999999999999
-158.461,55.9431#69.62#26.21#4.16999999999999
-158.368,55.9508#69.62#26.21#4.16999999999999
-158.276,55.9584#69.62#26.22#4.16
-158.183,55.9659#69.62#26.22#4.16
-158.09,55.9733#69.62#26.22#4.16
-157.997,55.9807#69.62#26.22#4.16
-157.904,55.9879#69.62#26.22#4.16
-157.811,55.9951#69.62#26.23#4.14999999999999
-157.718,56.0022#69.62#26.23#4.14999999999999
-157.625,56.0092#69.62#26.23#4.14999999999999
-157.532,56.0161#69.62#26.23#4.14999999999999
-157.439,56.023#69.62#26.23#4.14999999999999
-157.346,56.0297#69.62#26.24#4.14
-157.253,56.0364#69.63#26.24#4.13000000000001
-157.16,56.043#69.63#26.24#4.13000000000001
-157.066,56.0495#69.63#26.24#4.13000000000001
-156.973,56.0559#69.63#26.24#4.13000000000001
-156.88,56.0622#69.63#26.25#4.12
-156.786,56.0685#69.63#26.25#4.12
-156.693,56.0746#69.63#26.25#4.12
-156.6,56.0807#69.63#26.25#4.12
-156.506,56.0867#69.63#26.25#4.12
-156.413,56.0926#69.63#26.26#4.11
-156.319,56.0984#69.63#26.26#4.11
-156.225,56.1041#69.63#26.26#4.11
-156.132,56.1098#69.63#26.26#4.11
-156.038,56.1154#69.63#26.26#4.11
-155.944,56.1208#69.63#26.27#4.10000000000001
-155.851,56.1262#69.63#26.27#4.10000000000001
-155.757,56.1315#69.64#26.27#4.09
-155.663,56.1368#69.64#26.27#4.09
-155.569,56.1419#69.64#26.28#4.08
-155.476,56.147#69.64#26.28#4.08
-155.382,56.1519#69.64#26.28#4.08
-155.288,56.1568#69.65#26.28#4.06999999999999
-155.194,56.1616#69.65#26.28#4.06999999999999
-155.1,56.1663#69.65#26.29#4.06
-155.006,56.171#69.65#26.29#4.06
-154.912,56.1755#69.65#26.29#4.06
-154.818,56.1799#69.65#26.29#4.06
-154.724,56.1843#69.65#26.3#4.05
-154.63,56.1886#69.65#26.3#4.05
-154.536,56.1928#69.65#26.3#4.05
-154.442,56.1969#69.64#26.3#4.06
-154.348,56.2009#69.62#26.31#4.06999999999999
-154.253,56.2049#69.61#26.31#4.08
-154.159,56.2087#69.6#26.31#4.09
-154.065,56.2125#69.58#26.31#4.11
-153.971,56.2162#69.56#26.32#4.12
-153.876,56.2198#69.51#26.32#4.16999999999999
-153.782,56.2233#69.46#26.32#4.22
-153.688,56.2267#69.42#26.32#4.25999999999999
-153.594,56.23#69.37#26.33#4.3
-153.499,56.2333#69.32#26.33#4.35000000000001
-153.405,56.2364#69.22#26.33#4.45
-153.31,56.2395#69.12#26.34#4.53999999999999
-153.216,56.2425#69.02#26.34#4.64
-153.122,56.2454#68.92#26.34#4.73999999999999
-153.027,56.2482#68.82#26.34#4.84
-152.933,56.251#68.67#26.35#4.97999999999999
-152.838,56.2536#68.51#26.35#5.13999999999999
-152.744,56.2562#68.34#26.35#5.31
-152.649,56.2586#68.18#26.35#5.47
-152.555,56.261#68.01#26.36#5.63
-152.46,56.2633#67.82#26.36#5.82000000000001
-152.366,56.2655#67.59#26.36#6.05
-152.271,56.2677#67.35#26.37#6.28
-152.177,56.2697#67.12#26.37#6.50999999999999
-152.082,56.2717#66.89#26.37#6.73999999999999
-151.987,56.2735#66.65#26.37#6.97999999999999
-151.893,56.2753#66.38#26.38#7.24000000000001
-151.798,56.277#66.11#26.38#7.51000000000001
-151.704,56.2786#65.83#26.38#7.79000000000001
-151.609,56.2801#65.55#26.39#8.06
-151.514,56.2816#65.28#26.39#8.33
-151.42,56.2829#64.97#26.39#8.64
-151.325,56.2842#64.65#26.4#8.94999999999999
-151.23,56.2853#64.33#26.4#9.27000000000001
-151.136,56.2864#64.01#26.4#9.59
-151.041,56.2874#63.7#26.41#9.89
-150.946,56.2883#63.4#26.41#10.19
-150.852,56.2892#63.11#26.41#10.48
-150.757,56.2899#62.83#26.41#10.76
-150.662,56.2905#62.54#26.42#11.04
-150.568,56.2911#62.25#26.42#11.33
-150.473,56.2916#61.9#26.42#11.68
-150.378,56.292#61.4#26.43#12.17
-150.284,56.2923#60.91#26.43#12.66
-150.189,56.2925#60.41#26.43#13.16
-150.094,56.2926#59.92#26.44#13.64
-149.999,56.2927#59.42#26.44#14.14
-149.905,56.2926#59.03#26.44#14.53
-149.81,56.2925#58.64#26.45#14.91
-149.715,56.2923#58.25#26.45#15.3
-149.621,56.292#57.86#26.45#15.69
-149.526,56.2916#57.47#26.46#16.07
-149.431,56.2911#57.12#26.46#16.42
-149.336,56.2905#56.79#26.46#16.75
-149.242,56.2899#56.45#26.47#17.08
-149.147,56.2891#56.12#26.47#17.41
-149.052,56.2883#55.79#26.47#17.74
-148.958,56.2874#55.47#26.48#18.05
-148.863,56.2864#55.16#26.48#18.36
-148.768,56.2853#54.86#26.48#18.66
-148.674,56.2841#54.55#26.49#18.96
-148.579,56.2829#54.25#26.49#19.26
-148.484,56.2815#53.95#26.49#19.56
-148.39,56.2801#53.66#26.5#19.84
-148.295,56.2786#53.38#26.5#20.12
-148.201,56.277#53.1#26.51#20.39
-148.106,56.2753#52.82#26.51#20.67
-148.011,56.2735#52.53#26.51#20.96
-147.917,56.2716#52.34#26.52#21.14
-147.822,56.2697#52.16#26.52#21.32
-147.728,56.2676#51.98#26.52#21.5
-147.633,56.2655#51.81#26.53#21.66
-147.539,56.2633#51.63#26.53#21.84
-147.444,56.261#51.42#26.53#22.05
-147.35,56.2586#51.19#26.54#22.27
-147.255,56.2561#50.95#26.54#22.51
-147.161,56.2536#50.72#26.55#22.73
-147.066,56.2509#50.49#26.55#22.96
-146.972,56.2482#50.29#26.55#23.16
-146.877,56.2454#50.17#26.56#23.27
-146.783,56.2425#50.05#26.56#23.39
-146.688,56.2395#49.93#26.56#23.51
-146.594,56.2364#49.81#26.57#23.62
-146.5,56.2332#49.68#26.57#23.75
-146.405,56.23#49.57#26.58#23.85
-146.311,56.2267#49.45#26.58#23.97
-146.217,56.2232#49.33#26.58#24.09
-146.122,56.2197#49.21#26.59#24.2
-146.028,56.2161#49.1#26.59#24.31
-145.934,56.2124#49#26.6#24.4
-145.84,56.2087#48.91#26.6#24.49
-145.745,56.2048#48.82#26.6#24.58
-145.651,56.2009#48.73#26.61#24.66
-145.557,56.1969#48.63#26.61#24.76
-145.463,56.1927#48.55#26.62#24.83
-145.369,56.1885#48.46#26.62#24.92
-145.275,56.1843#48.38#26.62#25
-145.181,56.1799#48.29#26.63#25.08
-145.087,56.1754#48.21#26.63#25.16
-144.993,56.1709#48.13#26.64#25.23
-144.899,56.1663#48.05#26.64#25.31
-144.805,56.1616#47.97#26.64#25.39
-144.711,56.1568#47.89#26.65#25.46
-144.617,56.1519#47.81#26.65#25.54
-144.523,56.1469#47.73#26.66#25.61
-144.429,56.1418#47.66#26.66#25.68
-144.336,56.1367#47.58#26.66#25.76
-144.242,56.1315#47.51#26.67#25.82
-144.148,56.1262#47.44#26.67#25.89
-144.054,56.1208#47.37#26.68#25.95
-143.961,56.1153#47.3#26.68#26.02
-143.867,56.1097#47.23#26.69#26.08
-143.773,56.1041#47.16#26.69#26.15
-143.68,56.0983#47.1#26.69#26.21
-143.586,56.0925#47.03#26.7#26.27
-143.493,56.0866#46.96#26.7#26.34
-143.399,56.0806#46.9#26.71#26.39
-143.306,56.0745#46.84#26.71#26.45
-143.212,56.0684#46.78#26.72#26.5
-143.119,56.0621#46.72#26.72#26.56
-143.026,56.0558#46.66#26.72#26.62
-142.933,56.0494#46.61#26.73#26.66
-142.839,56.0429#46.55#26.73#26.72
-142.746,56.0363#46.5#26.74#26.76
-142.653,56.0296#46.45#26.74#26.81
-142.56,56.0229#46.39#26.75#26.86
-142.467,56.016#46.34#26.75#26.91
-142.374,56.0091#46.29#26.75#26.96
-142.281,56.0021#46.24#26.76#27
-142.188,55.995#46.19#26.76#27.05
-142.095,55.9878#46.14#26.77#27.09
-142.002,55.9806#46.09#26.77#27.14
-141.909,55.9732#46.04#26.78#27.18
-141.816,55.9658#46#26.78#27.22
-141.723,55.9583#45.95#26.79#27.26
-141.631,55.9507#45.9#26.79#27.31
-141.538,55.943#45.85#26.79#27.36
-141.445,55.9353#45.8#26.8#27.4
-141.353,55.9274#45.75#26.8#27.45
-141.26,55.9195#45.71#26.81#27.48
-141.168,55.9115#45.66#26.81#27.53
-141.075,55.9034#45.61#26.82#27.57
-159.493,55.9049#69.67#26.19#4.14
-159.4,55.9135#69.67#26.19#4.14
-159.308,55.922#69.66#26.19#4.15000000000001
-159.216,55.9305#69.66#26.2#4.14
-159.123,55.9388#69.66#26.2#4.14
-159.031,55.9471#69.66#26.2#4.14
-158.938,55.9553#69.66#26.2#4.14
-158.846,55.9634#69.66#26.2#4.14
-158.753,55.9714#69.66#26.2#4.14
-158.66,55.9794#69.66#26.21#4.13
-158.568,55.9872#69.66#26.21#4.13
-158.475,55.995#69.66#26.21#4.13
-158.382,56.0027#69.66#26.21#4.13
-158.289,56.0103#69.66#26.21#4.13
-158.196,56.0178#69.66#26.22#4.12
-158.103,56.0253#69.66#26.22#4.12
-158.01,56.0326#69.66#26.22#4.12
-157.917,56.0399#69.66#26.22#4.12
-157.824,56.0471#69.66#26.22#4.12
-157.731,56.0542#69.66#26.22#4.12
-157.638,56.0612#69.66#26.23#4.11
-157.545,56.0682#69.67#26.23#4.09999999999999
-157.451,56.075#69.67#26.23#4.09999999999999
-157.358,56.0818#69.67#26.23#4.09999999999999
-157.265,56.0884#69.67#26.23#4.09999999999999
-157.171,56.095#69.67#26.24#4.09
-157.078,56.1016#69.67#26.24#4.09
-156.984,56.108#69.68#26.24#4.08
-156.891,56.1143#69.68#26.24#4.08
-156.797,56.1206#69.68#26.24#4.08
-156.704,56.1268#69.68#26.25#4.06999999999999
-156.61,56.1328#69.68#26.25#4.06999999999999
-156.517,56.1388#69.68#26.25#4.06999999999999
-156.423,56.1448#69.68#26.25#4.06999999999999
-156.329,56.1506#69.68#26.25#4.06999999999999
-156.236,56.1563#69.68#26.26#4.05999999999999
-156.142,56.162#69.68#26.26#4.05999999999999
-156.048,56.1676#69.69#26.26#4.05
-155.954,56.1731#69.69#26.26#4.05
-155.86,56.1785#69.69#26.27#4.04000000000001
-155.767,56.1838#69.69#26.27#4.04000000000001
-155.673,56.189#69.69#26.27#4.04000000000001
-155.579,56.1942#69.69#26.27#4.04000000000001
-155.485,56.1992#69.69#26.27#4.04000000000001
-155.391,56.2042#69.69#26.28#4.03
-155.297,56.2091#69.69#26.28#4.03
-155.203,56.2139#69.69#26.28#4.03
