-154.008,68.9018#28.53#26.08#45.39
-153.854,68.9056#28.46#26.08#45.46
-153.7,68.9093#28.4#26.08#45.52
-153.547,68.9128#28.34#26.08#45.58
-153.393,68.9161#28.28#26.08#45.64
-153.239,68.9193#28.23#26.08#45.69
-153.085,68.9224#28.18#26.08#45.74
-152.931,68.9253#28.13#26.08#45.79
-152.777,68.9281#28.08#26.08#45.84
-152.623,68.9307#28.04#26.08#45.88
-152.469,68.9331#27.99#26.08#45.93
-152.314,68.9354#27.95#26.08#45.97
-152.16,68.9376#27.91#26.08#46.01
-152.006,68.9396#27.87#26.08#46.05
-151.852,68.9415#27.83#26.08#46.09
-151.697,68.9432#27.79#26.08#46.13
-151.543,68.9448#27.76#26.08#46.16
-151.389,68.9462#27.72#26.08#46.2
-151.234,68.9475#27.69#26.08#46.23
-151.08,68.9486#27.66#26.08#46.26
-150.926,68.9496#27.64#26.08#46.28
-150.771,68.9504#27.61#26.08#46.31
-150.617,68.9511#27.59#26.08#46.33
-150.462,68.9516#27.57#26.08#46.35
-150.308,68.9519#27.55#26.08#46.37
-150.153,68.9522#27.53#26.08#46.39
-149.999,68.9522#27.52#26.08#46.4
-149.845,68.9522#27.5#26.08#46.42
-149.69,68.9519#27.48#26.08#46.44
-149.536,68.9516#27.47#26.08#46.45
-149.381,68.951#27.45#26.08#46.47
-149.227,68.9504#27.43#26.08#46.49
-149.072,68.9495#27.41#26.08#46.51
-148.918,68.9486#27.4#26.08#46.52
-148.764,68.9475#27.38#26.08#46.54
-148.609,68.9462#27.36#26.08#46.56
-148.455,68.9448#27.34#26.08#46.58
-148.301,68.9432#27.33#26.08#46.59
-148.146,68.9415#27.31#26.08#46.61
-147.992,68.9396#27.29#26.08#46.63
-147.838,68.9376#27.28#26.08#46.64
-147.684,68.9354#27.27#26.08#46.65
-147.53,68.9331#27.25#26.08#46.67
-147.375,68.9306#27.24#26.08#46.68
-147.221,68.928#27.23#26.08#46.69
-147.067,68.9253#27.22#26.08#46.7
-146.913,68.9223#27.2#26.08#46.72
-146.759,68.9193#27.19#26.08#46.73
-146.605,68.9161#27.18#26.09#46.73
-146.451,68.9127#27.17#26.09#46.74
-146.298,68.9092#27.16#26.09#46.75
-146.144,68.9056#27.14#26.09#46.77
-145.99,68.9018#27.13#26.09#46.78
-155.71,68.9054#29.13#26.08#44.79
-155.556,68.9108#29.05#26.08#44.87
-155.403,68.9161#28.98#26.08#44.94
-155.249,68.9213#28.91#26.08#45.01
-155.096,68.9263#28.84#26.08#45.08
-154.942,68.9311#28.78#26.08#45.14
-154.788,68.9358#28.71#26.08#45.21
-154.635,68.9404#28.64#26.08#45.28
-154.481,68.9448#28.57#26.08#45.35
-154.327,68.9491#28.5#26.08#45.42
-154.173,68.9532#28.43#26.08#45.49
-154.019,68.9571#28.36#26.08#45.56
-153.865,68.9609#28.3#26.08#45.62
-153.71,68.9646#28.24#26.08#45.68
-153.556,68.9681#28.19#26.08#45.73
-153.402,68.9715#28.13#26.08#45.79
-153.248,68.9747#28.08#26.08#45.84
-153.093,68.9778#28.03#26.08#45.89
-152.939,68.9807#27.99#26.08#45.93
-152.784,68.9835#27.95#26.08#45.97
-152.63,68.9861#27.9#26.08#46.02
-152.475,68.9885#27.86#26.08#46.06
-152.321,68.9909#27.82#26.08#46.1
-152.166,68.993#27.79#26.08#46.13
-152.011,68.9951#27.75#26.08#46.17
-151.857,68.9969#27.71#26.08#46.21
-151.702,68.9987#27.68#26.08#46.24
-151.547,69.0002#27.65#26.08#46.27
-151.392,69.0017#27.61#26.08#46.31
-151.238,69.0029#27.59#26.08#46.33
-151.083,69.004#27.56#26.08#46.36
-150.928,69.005#27.53#26.08#46.39
-150.773,69.0058#27.51#26.08#46.41
-150.618,69.0065#27.49#26.08#46.43
-150.464,69.007#27.48#26.08#46.44
-150.309,69.0074#27.46#26.08#46.46
-150.154,69.0076#27.44#26.08#46.48
-149.999,69.0077#27.43#26.08#46.49
-149.844,69.0076#27.41#26.08#46.51
-149.689,69.0074#27.4#26.08#46.52
-149.534,69.007#27.38#26.08#46.54
-149.38,69.0065#27.37#26.08#46.55
-149.225,69.0058#27.35#26.08#46.57
-149.07,69.005#27.33#26.08#46.59
-148.915,69.004#27.32#26.08#46.6
-148.76,69.0029#27.3#26.08#46.62
-148.606,69.0016#27.28#26.08#46.64
-148.451,69.0002#27.27#26.08#46.65
-148.296,68.9986#27.25#26.08#46.67
-148.141,68.9969#27.24#26.08#46.68
-147.987,68.995#27.22#26.08#46.7
-147.832,68.993#27.21#26.08#46.71
-147.677,68.9908#27.2#26.08#46.72
-147.523,68.9885#27.19#26.08#46.73
-147.368,68.986#27.18#26.08#46.74
-147.214,68.9834#27.17#26.08#46.75
-147.059,68.9807#27.16#26.08#46.76
-146.905,68.9777#27.15#26.08#46.77
-146.751,68.9747#27.14#26.08#46.78
-146.596,68.9714#27.13#26.08#46.79
-146.442,68.9681#27.11#26.09#46.8
-146.288,68.9646#27.1#26.09#46.81
-146.133,68.9609#27.09#26.09#46.82
-145.979,68.9571#27.08#26.09#46.83
-145.825,68.9531#27.07#26.09#46.84
-145.671,68.949#27.05#26.09#46.86
-145.517,68.9447#27.04#26.09#46.87
-145.363,68.9403#27.03#26.09#46.88
-145.21,68.9358#27.01#26.09#46.9
-145.056,68.9311#27#26.09#46.91
-144.902,68.9262#26.99#26.09#46.92
-144.749,68.9212#26.98#26.09#46.93
-144.595,68.9161#26.97#26.09#46.94
-144.442,68.9108#26.96#26.09#46.95
-144.288,68.9053#26.95#26.09#46.96
-157.105,68.9048#29.75#26.08#44.17
-156.952,68.9116#29.67#26.08#44.25
-156.799,68.9182#29.58#26.08#44.34
-156.646,68.9247#29.48#26.08#44.44
-156.493,68.9311#29.39#26.08#44.53
-156.339,68.9373#29.3#26.08#44.62
-156.186,68.9433#29.2#26.08#44.72
-156.032,68.9492#29.11#26.08#44.81
-155.879,68.955#29.03#26.08#44.89
-155.725,68.9606#28.95#26.08#44.97
-155.571,68.966#28.87#26.08#45.05
-155.418,68.9713#28.8#26.08#45.12
-155.264,68.9765#28.73#26.08#45.19
-155.11,68.9815#28.67#26.08#45.25
-154.956,68.9864#28.6#26.08#45.32
-154.801,68.9911#28.53#26.08#45.39
-154.647,68.9957#28.46#26.08#45.46
-154.493,69.0001#28.4#26.08#45.52
-154.338,69.0044#28.33#26.08#45.59
-154.184,69.0085#28.27#26.08#45.65
-154.03,69.0125#28.2#26.08#45.72
-153.875,69.0163#28.14#26.08#45.78
-153.72,69.02#28.09#26.08#45.83
-153.566,69.0235#28.03#26.08#45.89
-153.411,69.0269#27.98#26.08#45.94
-153.256,69.0301#27.94#26.08#45.98
-153.102,69.0332#27.89#26.08#46.03
-152.947,69.0361#27.85#26.08#46.07
-152.792,69.0389#27.81#26.08#46.11
-152.637,69.0415#27.77#26.08#46.15
-152.482,69.044#27.73#26.08#46.19
-152.327,69.0463#27.7#26.08#46.22
-152.172,69.0485#27.66#26.08#46.26
-152.017,69.0505#27.63#26.08#46.29
-151.862,69.0524#27.6#26.08#46.32
-151.707,69.0541#27.56#26.08#46.36
-151.551,69.0557#27.53#26.08#46.39
-151.396,69.0571#27.51#26.08#46.41
-151.241,69.0584#27.48#26.08#46.44
-151.086,69.0595#27.45#26.08#46.47
-150.931,69.0605#27.43#26.08#46.49
-150.775,69.0613#27.41#26.08#46.51
-150.62,69.062#27.4#26.08#46.52
-150.465,69.0625#27.38#26.08#46.54
-150.31,69.0629#27.37#26.08#46.55
-150.154,69.0631#27.35#26.08#46.57
-149.999,69.0632#27.34#26.08#46.58
-149.844,69.0631#27.32#26.08#46.6
-149.688,69.0629#27.31#26.08#46.61
-149.533,69.0625#27.3#26.08#46.62
-149.378,69.062#27.28#26.08#46.64
-149.223,69.0613#27.27#26.08#46.65
-149.067,69.0605#27.25#26.08#46.67
-148.912,69.0595#27.24#26.08#46.68
-148.757,69.0584#27.22#26.08#46.7
-148.602,69.0571#27.21#26.08#46.71
-148.447,69.0557#27.2#26.08#46.72
-148.291,69.0541#27.18#26.08#46.74
-148.136,69.0524#27.17#26.08#46.75
-147.981,69.0505#27.16#26.08#46.76
-147.826,69.0485#27.14#26.08#46.78
-147.671,69.0463#27.13#26.08#46.79
-147.516,69.0439#27.12#26.08#46.8
-147.361,69.0415#27.11#26.08#46.81
-147.206,69.0388#27.11#26.08#46.81
-147.051,69.0361#27.1#26.08#46.82
-146.897,69.0331#27.09#26.08#46.83
-146.742,69.03#27.08#26.08#46.84
-146.587,69.0268#27.07#26.08#46.85
-146.432,69.0234#27.06#26.09#46.85
-146.278,69.0199#27.05#26.09#46.86
-146.123,69.0162#27.04#26.09#46.87
-145.968,69.0124#27.03#26.09#46.88
-145.814,69.0084#27.02#26.09#46.89
-145.66,69.0043#27.01#26.09#46.9
-145.505,69#26.99#26.09#46.92
-145.351,68.9956#26.98#26.09#46.93
-145.197,68.991#26.97#26.09#46.94
-145.043,68.9863#26.96#26.09#46.95
-144.888,68.9815#26.95#26.09#46.96
-144.734,68.9764#26.94#26.09#46.97
-144.581,68.9713#26.94#26.09#46.97
-144.427,68.966#26.93#26.09#46.98
-144.273,68.9605#26.92#26.09#46.99
-144.119,68.9549#26.91#26.09#47
-143.966,68.9491#26.9#26.09#47.01
-143.812,68.9432#26.89#26.09#47.02
-143.659,68.9372#26.88#26.09#47.03
-143.505,68.931#26.88#26.09#47.03
-143.352,68.9246#26.87#26.09#47.04
-143.199,68.9181#26.86#26.09#47.05
-143.046,68.9115#26.85#26.09#47.06
-142.893,68.9047#26.85#26.1#47.05
-158.347,68.9001#30.1#26.08#43.82
-158.195,68.9081#30.05#26.08#43.87
-158.042,68.9159#30#26.08#43.92
-157.889,68.9236#29.93#26.08#43.99
-157.737,68.9311#29.86#26.08#44.06
-157.584,68.9385#29.8#26.08#44.12
-157.431,68.9458#29.72#26.08#44.2
-157.277,68.9529#29.64#26.08#44.28
-157.124,68.9598#29.56#26.08#44.36
-156.971,68.9666#29.48#26.08#44.44
-156.817,68.9733#29.39#26.08#44.53
-156.664,68.9798#29.29#26.08#44.63
-156.51,68.9862#29.2#26.08#44.72
-156.356,68.9924#29.11#26.08#44.81
-156.203,68.9985#29.02#26.08#44.9
-156.049,69.0044#28.93#26.08#44.99
-155.895,69.0101#28.84#26.08#45.08
-155.741,69.0158#28.77#26.08#45.15
-155.586,69.0212#28.69#26.08#45.23
-155.432,69.0266#28.62#26.08#45.3
-155.278,69.0317#28.55#26.08#45.37
-155.123,69.0368#28.49#26.08#45.43
-154.969,69.0417#28.42#26.08#45.5
-154.814,69.0464#28.36#26.08#45.56
-154.66,69.051#28.29#26.08#45.63
-154.505,69.0554#28.23#26.08#45.69
-154.35,69.0597#28.16#26.08#45.76
-154.195,69.0638#28.1#26.08#45.82
-154.04,69.0678#28.04#26.08#45.88
-153.886,69.0716#27.98#26.08#45.94
-153.731,69.0753#27.93#26.08#45.99
-153.575,69.0789#27.88#26.08#46.04
-153.42,69.0822#27.83#26.08#46.09
-153.265,69.0855#27.79#26.08#46.13
-153.11,69.0886#27.75#26.08#46.17
-152.955,69.0915#27.71#26.08#46.21
-152.799,69.0943#27.67#26.08#46.25
-152.644,69.0969#27.64#26.08#46.28
-152.489,69.0994#27.6#26.08#46.32
-152.333,69.1017#27.57#26.08#46.35
-152.178,69.1039#27.54#26.08#46.38
-152.022,69.106#27.51#26.08#46.41
-151.867,69.1078#27.48#26.08#46.44
-151.711,69.1096#27.45#26.08#46.47
-151.556,69.1112#27.42#26.08#46.5
-151.4,69.1126#27.4#26.08#46.52
-151.244,69.1139#27.37#26.08#46.55
-151.089,69.115#27.35#26.08#46.57
-150.933,69.116#27.33#26.08#46.59
-150.777,69.1168#27.32#26.08#46.6
-150.622,69.1175#27.3#26.08#46.62
-150.466,69.118#27.29#26.08#46.63
-150.31,69.1184#27.27#26.08#46.65
-150.155,69.1186#27.26#26.08#46.66
-149.999,69.1187#27.25#26.08#46.67
-149.843,69.1186#27.24#26.08#46.68
-149.688,69.1184#27.23#26.08#46.69
-149.532,69.118#27.21#26.08#46.71
-149.376,69.1175#27.2#26.08#46.72
-149.221,69.1168#27.19#26.08#46.73
-149.065,69.116#27.17#26.08#46.75
-148.909,69.115#27.16#26.08#46.76
-148.754,69.1139#27.15#26.08#46.77
-148.598,69.1126#27.13#26.08#46.79
-148.442,69.1111#27.12#26.08#46.8
-148.287,69.1096#27.11#26.08#46.81
-148.131,69.1078#27.1#26.08#46.82
-147.976,69.1059#27.09#26.08#46.83
-147.82,69.1039#27.08#26.08#46.84
-147.665,69.1017#27.07#26.08#46.85
-147.509,69.0994#27.06#26.08#46.86
-147.354,69.0969#27.05#26.08#46.87
-147.199,69.0943#27.04#26.08#46.88
-147.043,69.0915#27.04#26.08#46.88
-146.888,69.0885#27.03#26.08#46.89
-146.733,69.0854#27.02#26.08#46.9
-146.578,69.0822#27.01#26.08#46.91
-146.423,69.0788#27.01#26.08#46.91
-146.268,69.0753#27#26.09#46.91
-146.113,69.0716#26.99#26.09#46.92
-145.958,69.0678#26.98#26.09#46.93
-145.803,69.0638#26.97#26.09#46.94
-145.648,69.0596#26.96#26.09#46.95
-145.493,69.0553#26.95#26.09#46.96
-145.338,69.0509#26.94#26.09#46.97
-145.184,69.0463#26.93#26.09#46.98
-145.029,69.0416#26.92#26.09#46.99
-144.875,69.0367#26.92#26.09#46.99
-144.72,69.0317#26.91#26.09#47
-144.566,69.0265#26.9#26.09#47.01
-144.412,69.0212#26.89#26.09#47.02
-144.257,69.0157#26.89#26.09#47.02
-144.103,69.0101#26.88#26.09#47.03
-143.949,69.0043#26.87#26.09#47.04
-143.795,68.9984#26.86#26.09#47.05
-143.642,68.9923#26.86#26.09#47.05
-143.488,68.9861#26.85#26.09#47.06
-143.334,68.9797#26.84#26.09#47.07
-143.181,68.9732#26.84#26.09#47.07
-143.027,68.9666#26.83#26.09#47.08
-142.874,68.9597#26.82#26.1#47.08
-142.721,68.9528#26.82#26.1#47.08
-142.567,68.9457#26.81#26.1#47.09
-142.414,68.9384#26.81#26.1#47.09
-142.261,68.931#26.8#26.1#47.1
-142.109,68.9235#26.8#26.1#47.1
-141.956,68.9158#26.79#26.1#47.11
-141.803,68.908#26.79#26.1#47.11
-141.651,68.9#26.78#26.1#47.12
-159.284,68.9039#30.05#26.08#43.87
-159.132,68.9128#30.04#26.08#43.88
-158.98,68.9215#30.02#26.08#43.9
-158.828,68.9301#29.99#26.08#43.93
-158.675,68.9385#29.96#26.08#43.96
-158.522,68.9468#29.94#26.08#43.98
-158.37,68.955#29.89#26.08#44.03
-158.217,68.963#29.84#26.08#44.08
-158.064,68.9708#29.79#26.08#44.13
-157.911,68.9785#29.73#26.08#44.19
-157.757,68.9861#29.66#26.08#44.26
-157.604,68.9935#29.6#26.08#44.32
-157.451,69.0008#29.53#26.08#44.39
-157.297,69.0079#29.45#26.08#44.47
-157.143,69.0149#29.37#26.08#44.55
-156.99,69.0217#29.29#26.08#44.63
-156.836,69.0284#29.2#26.08#44.72
-156.682,69.0349#29.11#26.08#44.81
-156.528,69.0413#29.01#26.08#44.91
-156.374,69.0475#28.92#26.08#45
-156.219,69.0536#28.83#26.08#45.09
-156.065,69.0595#28.74#26.08#45.18
-155.911,69.0653#28.66#26.08#45.26
-155.756,69.071#28.58#26.08#45.34
-155.602,69.0765#28.51#26.08#45.41
-155.447,69.0818#28.43#26.08#45.49
-155.292,69.087#28.37#26.08#45.55
-155.137,69.092#28.31#26.08#45.61
-154.982,69.0969#28.25#26.08#45.67
-154.827,69.1017#28.18#26.08#45.74
-154.672,69.1063#28.12#26.08#45.8
-154.517,69.1107#28.06#26.08#45.86
-154.362,69.115#28#26.08#45.92
-154.207,69.1192#27.94#26.08#45.98
-154.051,69.1232#27.89#26.08#46.03
-153.896,69.127#27.84#26.08#46.08
-153.741,69.1307#27.8#26.08#46.12
-153.585,69.1342#27.75#26.08#46.17
-153.43,69.1376#27.71#26.08#46.21
-153.274,69.1409#27.68#26.08#46.24
-153.118,69.144#27.64#26.08#46.28
-152.963,69.1469#27.61#26.08#46.31
-152.807,69.1497#27.58#26.08#46.34
-152.651,69.1524#27.55#26.08#46.37
-152.495,69.1549#27.52#26.08#46.4
-152.34,69.1572#27.5#26.08#46.42
-152.184,69.1594#27.47#26.08#46.45
-152.028,69.1614#27.44#26.08#46.48
-151.872,69.1633#27.42#26.08#46.5
-151.716,69.165#27.39#26.08#46.53
-151.56,69.1666#27.37#26.08#46.55
-151.404,69.1681#27.35#26.08#46.57
-151.248,69.1694#27.33#26.08#46.59
-151.092,69.1705#27.31#26.08#46.61
-150.936,69.1715#27.29#26.08#46.63
-150.78,69.1723#27.28#26.08#46.64
-150.623,69.173#27.26#26.08#46.66
-150.467,69.1735#27.25#26.08#46.67
-150.311,69.1739#27.24#26.08#46.68
-150.155,69.1741#27.23#26.08#46.69
-149.999,69.1742#27.22#26.08#46.7
-149.843,69.1741#27.2#26.08#46.72
-149.687,69.1739#27.19#26.08#46.73
-149.531,69.1735#27.18#26.08#46.74
-149.375,69.173#27.17#26.08#46.75
-149.218,69.1723#27.16#26.08#46.76
-149.062,69.1715#27.14#26.08#46.78
-148.906,69.1705#27.13#26.08#46.79
-148.75,69.1693#27.12#26.08#46.8
-148.594,69.1681#27.1#26.08#46.82
-148.438,69.1666#27.09#26.08#46.83
-148.282,69.165#27.08#26.08#46.84
-148.126,69.1633#27.07#26.08#46.85
-147.97,69.1614#27.05#26.08#46.87
-147.814,69.1594#27.04#26.08#46.88
-147.658,69.1572#27.03#26.08#46.89
-147.503,69.1548#27.02#26.08#46.9
-147.347,69.1523#27.02#26.08#46.9
-147.191,69.1497#27.01#26.08#46.91
-147.035,69.1469#27#26.08#46.92
-146.88,69.1439#26.99#26.08#46.93
-146.724,69.1408#26.98#26.08#46.94
-146.568,69.1376#26.97#26.08#46.95
-146.413,69.1342#26.96#26.08#46.96
-146.257,69.1307#26.95#26.09#46.96
-146.102,69.127#26.94#26.09#46.97
-145.947,69.1231#26.94#26.09#46.97
-145.791,69.1191#26.93#26.09#46.98
-145.636,69.115#26.92#26.09#46.99
-145.481,69.1107#26.91#26.09#47
-145.326,69.1062#26.9#26.09#47.01
-145.171,69.1016#26.89#26.09#47.02
-145.016,69.0969#26.88#26.09#47.03
-144.861,69.092#26.88#26.09#47.03
-144.706,69.0869#26.87#26.09#47.04
-144.551,69.0817#26.87#26.09#47.04
-144.397,69.0764#26.86#26.09#47.05
-144.242,69.0709#26.85#26.09#47.06
-144.087,69.0653#26.85#26.09#47.06
-143.933,69.0595#26.84#26.09#47.07
-143.779,69.0535#26.83#26.09#47.08
-143.624,69.0474#26.83#26.09#47.08
-143.47,69.0412#26.82#26.09#47.09
-143.316,69.0348#26.82#26.09#47.09
-143.162,69.0283#26.81#26.09#47.1
-143.008,69.0216#26.81#26.09#47.1
-142.855,69.0148#26.8#26.09#47.11
-142.701,69.0078#26.8#26.1#47.1
-142.547,69.0007#26.79#26.1#47.11
-142.394,68.9934#26.79#26.1#47.11
-142.241,68.986#26.78#26.1#47.12
-142.087,68.9784#26.78#26.1#47.12
-141.934,68.9707#26.77#26.1#47.13
-141.781,68.9629#26.77#26.1#47.13
-141.628,68.9549#26.76#26.1#47.14
-141.476,68.9467#26.76#26.1#47.14
-141.323,68.9384#26.75#26.1#47.15
-141.171,68.93#26.75#26.1#47.15
-141.018,68.9214#26.75#26.1#47.15
-140.866,68.9127#26.74#26.11#47.15
-140.714,68.9038#26.74#26.11#47.15
-160.221,68.9022#30.01#26.08#43.91
-160.07,68.912#29.99#26.08#43.93
-159.918,68.9216#29.96#26.08#43.96
-159.766,68.9311#29.94#26.08#43.98
-159.614,68.9404#29.91#26.08#44.01
-159.462,68.9496#29.88#26.08#44.04
-159.309,68.9586#29.86#26.08#44.06
-159.157,68.9675#29.84#26.08#44.08
-159.004,68.9763#29.82#26.08#44.1
-158.851,68.9849#29.79#26.08#44.13
-158.698,68.9934#29.76#26.08#44.16
-158.545,69.0017#29.73#26.08#44.19
-158.392,69.0099#29.68#26.08#44.24
-158.239,69.0179#29.63#26.08#44.29
-158.086,69.0258#29.58#26.08#44.34
-157.932,69.0335#29.53#26.08#44.39
-157.778,69.0411#29.46#26.08#44.46
-157.625,69.0485#29.4#26.08#44.52
-157.471,69.0558#29.33#26.08#44.59
-157.317,69.0629#29.25#26.08#44.67
-157.163,69.0699#29.18#26.08#44.74
-157.009,69.0768#29.1#26.08#44.82
-156.854,69.0835#29.01#26.08#44.91
-156.7,69.09#28.92#26.08#45
-156.545,69.0964#28.83#26.08#45.09
-156.391,69.1027#28.74#26.08#45.18
-156.236,69.1088#28.65#26.08#45.27
-156.082,69.1147#28.56#26.08#45.36
-155.927,69.1205#28.48#26.08#45.44
-155.772,69.1262#28.41#26.08#45.51
-155.617,69.1317#28.35#26.08#45.57
-155.462,69.137#28.28#26.08#45.64
-155.306,69.1423#28.23#26.08#45.69
-155.151,69.1473#28.18#26.08#45.74
-154.996,69.1522#28.12#26.08#45.8
-154.841,69.157#28.07#26.08#45.85
-154.685,69.1616#28.02#26.08#45.9
-154.53,69.166#27.96#26.08#45.96
-154.374,69.1704#27.91#26.08#46.01
-154.218,69.1745#27.86#26.08#46.06
-154.062,69.1785#27.81#26.08#46.11
-153.907,69.1824#27.76#26.08#46.16
-153.751,69.1861#27.72#26.08#46.2
-153.595,69.1896#27.68#26.08#46.24
-153.439,69.193#27.65#26.08#46.27
-153.283,69.1963#27.61#26.08#46.31
-153.127,69.1994#27.58#26.08#46.34
-152.971,69.2024#27.55#26.08#46.37
-152.815,69.2052#27.52#26.08#46.4
-152.658,69.2078#27.49#26.08#46.43
-152.502,69.2103#27.47#26.08#46.45
-152.346,69.2127#27.44#26.08#46.48
-152.19,69.2148#27.42#26.08#46.5
-152.033,69.2169#27.39#26.08#46.53
-151.877,69.2188#27.37#26.08#46.55
-151.721,69.2205#27.35#26.08#46.57
-151.564,69.2221#27.33#26.08#46.59
-151.408,69.2236#27.3#26.08#46.62
-151.251,69.2248#27.29#26.08#46.63
-151.095,69.226#27.27#26.08#46.65
-150.938,69.227#27.25#26.08#46.67
-150.782,69.2278#27.24#26.08#46.68
-150.625,69.2285#27.23#26.08#46.69
-150.469,69.229#27.21#26.08#46.71
-150.312,69.2294#27.2#26.08#46.72
-150.156,69.2296#27.19#26.08#46.73
-149.999,69.2297#27.18#26.08#46.74
-149.842,69.2296#27.17#26.08#46.75
-149.686,69.2294#27.16#26.08#46.76
-149.529,69.229#27.15#26.08#46.77
-149.373,69.2285#27.14#26.08#46.78
-149.216,69.2278#27.13#26.08#46.79
-149.06,69.227#27.11#26.08#46.81
-148.903,69.226#27.1#26.08#46.82
-148.747,69.2248#27.09#26.08#46.83
-148.59,69.2235#27.08#26.08#46.84
-148.434,69.2221#27.07#26.08#46.85
-148.277,69.2205#27.05#26.08#46.87
-148.121,69.2188#27.04#26.08#46.88
-147.965,69.2169#27.03#26.08#46.89
-147.808,69.2148#27.02#26.08#46.9
-147.652,69.2126#27.01#26.08#46.91
-147.496,69.2103#27#26.08#46.92
-147.34,69.2078#26.99#26.08#46.93
-147.183,69.2051#26.99#26.08#46.93
-147.027,69.2023#26.98#26.08#46.94
-146.871,69.1994#26.97#26.08#46.95
-146.715,69.1963#26.96#26.08#46.96
-146.559,69.193#26.95#26.08#46.97
-146.403,69.1896#26.95#26.08#46.97
-146.247,69.186#26.94#26.08#46.98
-146.091,69.1823#26.93#26.09#46.98
-145.936,69.1785#26.92#26.09#46.99
-145.78,69.1745#26.91#26.09#47
-145.624,69.1703#26.9#26.09#47.01
-145.469,69.166#26.89#26.09#47.02
-145.313,69.1615#26.88#26.09#47.03
-145.158,69.1569#26.87#26.09#47.04
-145.002,69.1522#26.86#26.09#47.05
-144.847,69.1472#26.85#26.09#47.06
-144.692,69.1422#26.85#26.09#47.06
-144.536,69.137#26.84#26.09#47.07
-144.381,69.1316#26.83#26.09#47.08
-144.226,69.1261#26.82#26.09#47.09
-144.071,69.1205#26.82#26.09#47.09
-143.917,69.1146#26.81#26.09#47.1
-143.762,69.1087#26.81#26.09#47.1
-143.607,69.1026#26.8#26.09#47.11
-143.453,69.0963#26.8#26.09#47.11
-143.298,69.0899#26.79#26.09#47.12
-143.144,69.0834#26.79#26.09#47.12
-142.989,69.0767#26.78#26.09#47.13
-142.835,69.0698#26.78#26.09#47.13
-142.681,69.0628#26.77#26.1#47.13
-142.527,69.0557#26.77#26.1#47.13
-142.373,69.0484#26.76#26.1#47.14
-142.22,69.041#26.76#26.1#47.14
-142.066,69.0334#26.76#26.1#47.14
-141.913,69.0257#26.75#26.1#47.15
-141.759,69.0178#26.75#26.1#47.15
-141.606,69.0098#26.74#26.1#47.16
-141.453,69.0016#26.74#26.1#47.16
-141.3,68.9933#26.74#26.1#47.16
-141.147,68.9848#26.73#26.1#47.17
-140.994,68.9762#26.73#26.1#47.17
-140.841,68.9674#26.72#26.1#47.18
-140.689,68.9585#26.72#26.11#47.17
-140.536,68.9495#26.72#26.11#47.17
-140.384,68.9403#26.71#26.11#47.18
-140.232,68.931#26.71#26.11#47.18
-140.08,68.9215#26.71#26.11#47.18
-139.928,68.9118#26.71#26.11#47.18
-139.777,68.9021#26.71#26.11#47.18
-161.007,68.9056#29.95#26.08#43.97
-160.856,68.9161#29.93#26.08#43.99
-160.704,68.9265#29.91#26.08#44.01
-160.553,68.9367#29.88#26.08#44.04
-160.401,68.9468#29.86#26.08#44.06
-160.249,68.9568#29.83#26.08#44.09
-160.097,68.9666#29.8#26.08#44.12
-159.945,68.9762#29.78#26.08#44.14
-159.792,68.9857#29.75#26.08#44.17
-159.64,68.9951#29.72#26.08#44.2
-159.487,69.0043#29.7#26.08#44.22
-159.334,69.0134#29.67#26.08#44.25
-159.181,69.0223#29.64#26.08#44.28
-159.028,69.0311#29.62#26.08#44.3
-158.875,69.0397#29.59#26.08#44.33
-158.722,69.0482#29.55#26.08#44.37
-158.568,69.0565#29.52#26.08#44.4
-158.415,69.0647#29.47#26.08#44.45
-158.261,69.0728#29.42#26.08#44.5
-158.107,69.0807#29.38#26.08#44.54
-157.953,69.0884#29.32#26.08#44.6
-157.799,69.096#29.26#26.08#44.66
-157.645,69.1035#29.2#26.08#44.72
-157.491,69.1108#29.13#26.08#44.79
-157.337,69.118#29.06#26.08#44.86
-157.182,69.125#28.99#26.08#44.93
-157.028,69.1318#28.93#26.08#44.99
-156.873,69.1386#28.85#26.08#45.07
-156.718,69.1451#28.76#26.08#45.16
-156.563,69.1515#28.68#26.08#45.24
-156.408,69.1578#28.6#26.08#45.32
-156.253,69.1639#28.52#26.08#45.4
-156.098,69.1699#28.44#26.08#45.48
-155.943,69.1757#28.37#26.08#45.55
-155.787,69.1814#28.31#26.08#45.61
-155.632,69.1869#28.24#26.08#45.68
-155.477,69.1923#28.18#26.08#45.74
-155.321,69.1975#28.13#26.08#45.79
-155.165,69.2026#28.08#26.08#45.84
-155.01,69.2075#28.03#26.08#45.89
-154.854,69.2123#27.98#26.08#45.94
-154.698,69.2169#27.93#26.08#45.99
-154.542,69.2214#27.87#26.08#46.05
-154.386,69.2257#27.83#26.08#46.09
-154.23,69.2299#27.78#26.08#46.14
-154.074,69.2339#27.73#26.08#46.19
-153.917,69.2378#27.69#26.08#46.23
-153.761,69.2415#27.65#26.08#46.27
-153.605,69.245#27.61#26.08#46.31
-153.448,69.2485#27.58#26.08#46.34
-153.292,69.2517#27.55#26.08#46.37
-153.135,69.2548#27.52#26.08#46.4
-152.979,69.2578#27.49#26.08#46.43
-152.822,69.2606#27.46#26.08#46.46
-152.666,69.2633#27.44#26.08#46.48
-152.509,69.2658#27.41#26.08#46.51
-152.352,69.2681#27.39#26.08#46.53
-152.196,69.2703#27.37#26.08#46.55
-152.039,69.2724#27.34#26.08#46.58
-151.882,69.2743#27.32#26.08#46.6
-151.725,69.276#27.3#26.08#46.62
-151.568,69.2776#27.28#26.08#46.64
-151.412,69.2791#27.26#26.08#46.66
-151.255,69.2804#27.24#26.08#46.68
-151.098,69.2815#27.23#26.08#46.69
-150.941,69.2825#27.21#26.08#46.71
-150.784,69.2833#27.2#26.08#46.72
-150.627,69.284#27.19#26.08#46.73
-150.47,69.2845#27.18#26.08#46.74
-150.313,69.2849#27.17#26.08#46.75
-150.156,69.2851#27.16#26.08#46.76
-149.999,69.2852#27.15#26.08#46.77
-149.842,69.2851#27.14#26.08#46.78
-149.685,69.2849#27.13#26.08#46.79
-149.528,69.2845#27.12#26.08#46.8
-149.371,69.284#27.11#26.08#46.81
-149.214,69.2833#27.09#26.08#46.83
-149.057,69.2825#27.08#26.08#46.84
-148.9,69.2815#27.07#26.08#46.85
-148.743,69.2803#27.06#26.08#46.86
-148.586,69.279#27.05#26.08#46.87
-148.43,69.2776#27.04#26.08#46.88
-148.273,69.276#27.03#26.08#46.89
-148.116,69.2743#27.02#26.08#46.9
-147.959,69.2724#27.01#26.08#46.91
-147.802,69.2703#27#26.08#46.92
-147.646,69.2681#26.99#26.08#46.93
-147.489,69.2657#26.98#26.08#46.94
-147.332,69.2632#26.97#26.08#46.95
-147.176,69.2606#26.97#26.08#46.95
-147.019,69.2578#26.96#26.08#46.96
-146.863,69.2548#26.95#26.08#46.97
-146.706,69.2517#26.94#26.08#46.98
-146.55,69.2484#26.94#26.08#46.98
-146.393,69.245#26.93#26.08#46.99
-146.237,69.2414#26.92#26.08#47
-146.081,69.2377#26.91#26.09#47
-145.924,69.2338#26.9#26.09#47.01
-145.768,69.2298#26.89#26.09#47.02
-145.612,69.2256#26.88#26.09#47.03
-145.456,69.2213#26.87#26.09#47.04
-145.3,69.2169#26.87#26.09#47.04
-145.144,69.2122#26.86#26.09#47.05
-144.989,69.2075#26.85#26.09#47.06
-144.833,69.2025#26.84#26.09#47.07
-144.677,69.1975#26.83#26.09#47.08
-144.522,69.1922#26.83#26.09#47.08
-144.366,69.1869#26.82#26.09#47.09
-144.211,69.1813#26.81#26.09#47.1
-144.055,69.1757#26.81#26.09#47.1
-143.9,69.1698#26.8#26.09#47.11
-143.745,69.1639#26.79#26.09#47.12
-143.59,69.1577#26.79#26.09#47.12
-143.435,69.1515#26.78#26.09#47.13
-143.28,69.145#26.77#26.09#47.14
-143.125,69.1385#26.77#26.09#47.14
-142.97,69.1318#26.76#26.09#47.15
-142.816,69.1249#26.76#26.09#47.15
-142.661,69.1179#26.75#26.09#47.16
-142.507,69.1107#26.75#26.1#47.15
-142.353,69.1034#26.74#26.1#47.16
-142.199,69.0959#26.74#26.1#47.16
-142.045,69.0883#26.74#26.1#47.16
-141.891,69.0806#26.73#26.1#47.17
-141.737,69.0727#26.73#26.1#47.17
-141.583,69.0646#26.72#26.1#47.18
-141.43,69.0564#26.72#26.1#47.18
-141.276,69.0481#26.72#26.1#47.18
-141.123,69.0396#26.71#26.1#47.19
-140.97,69.031#26.71#26.1#47.19
-140.817,69.0222#26.71#26.1#47.19
-140.664,69.0133#26.7#26.11#47.19
-140.511,69.0042#26.7#26.11#47.19
-140.358,68.995#26.7#26.11#47.19
-140.206,68.9856#26.7#26.11#47.19
-140.054,68.9761#26.69#26.11#47.2
-139.901,68.9665#26.69#26.11#47.2
-139.749,68.9567#26.69#26.11#47.2
-139.597,68.9467#26.69#26.11#47.2
-139.445,68.9366#26.69#26.11#47.2
-139.294,68.9264#26.68#26.12#47.2
-139.142,68.916#26.68#26.12#47.2
-138.991,68.9055#26.68#26.12#47.2
-161.793,68.9052#29.82#26.08#44.1
-161.642,68.9164#29.83#26.08#44.09
-161.491,68.9276#29.82#26.08#44.1
-161.34,68.9385#29.81#26.08#44.11
-161.188,68.9494#29.79#26.08#44.13
-161.037,68.9601#29.78#26.08#44.14
-160.885,68.9706#29.75#26.08#44.17
-160.733,68.981#29.73#26.08#44.19
-160.581,68.9913#29.7#26.08#44.22
-160.429,69.0014#29.68#26.08#44.24
-160.276,69.0114#29.65#26.08#44.27
-160.124,69.0212#29.62#26.08#44.3
-159.971,69.0309#29.59#26.08#44.33
-159.819,69.0404#29.56#26.08#44.36
-159.666,69.0498#29.54#26.08#44.38
-159.513,69.059#29.51#26.08#44.41
-159.359,69.0681#29.48#26.08#44.44
-159.206,69.0771#29.45#26.08#44.47
-159.053,69.0859#29.42#26.08#44.5
-158.899,69.0945#29.39#26.08#44.53
-158.745,69.103#29.35#26.08#44.57
-158.592,69.1114#29.31#26.08#44.61
-158.438,69.1196#29.27#26.08#44.65
-158.284,69.1277#29.23#26.08#44.69
-158.129,69.1356#29.19#26.08#44.73
-157.975,69.1434#29.15#26.08#44.77
-157.821,69.151#29.1#26.08#44.82
-157.666,69.1585#29.04#26.08#44.88
-157.511,69.1658#28.99#26.08#44.93
-157.357,69.173#28.93#26.08#44.99
-157.202,69.18#28.86#26.08#45.06
-157.047,69.1869#28.8#26.08#45.12
-156.892,69.1937#28.72#26.08#45.2
-156.736,69.2002#28.64#26.08#45.28
-156.581,69.2067#28.56#26.08#45.36
-156.426,69.213#28.49#26.08#45.43
-156.27,69.2191#28.41#26.08#45.51
-156.115,69.2251#28.33#26.08#45.59
-155.959,69.2309#28.26#26.08#45.66
-155.803,69.2366#28.2#26.08#45.72
-155.647,69.2422#28.14#26.08#45.78
-155.491,69.2476#28.08#26.08#45.84
-155.335,69.2528#28.03#26.08#45.89
-155.179,69.2579#27.98#26.08#45.94
-155.023,69.2628#27.93#26.08#45.99
-154.867,69.2676#27.88#26.08#46.04
-154.711,69.2722#27.84#26.08#46.08
-154.554,69.2767#27.79#26.08#46.13
-154.398,69.2811#27.74#26.08#46.18
-154.241,69.2852#27.7#26.08#46.22
-154.085,69.2893#27.65#26.08#46.27
-153.928,69.2931#27.61#26.08#46.31
-153.771,69.2969#27.58#26.08#46.34
-153.615,69.3005#27.54#26.08#46.38
-153.458,69.3039#27.51#26.08#46.41
-153.301,69.3072#27.48#26.08#46.44
-153.144,69.3103#27.45#26.08#46.47
-152.987,69.3132#27.42#26.08#46.5
-152.83,69.3161#27.4#26.08#46.52
-152.673,69.3187#27.38#26.08#46.54
-152.516,69.3212#27.35#26.08#46.57
-152.359,69.3236#27.33#26.08#46.59
-152.202,69.3258#27.31#26.08#46.61
-152.044,69.3279#27.29#26.08#46.63
-151.887,69.3298#27.27#26.08#46.65
-151.73,69.3315#27.25#26.08#46.67
-151.573,69.3331#27.23#26.08#46.69
-151.415,69.3346#27.22#26.08#46.7
-151.258,69.3359#27.2#26.08#46.72
-151.101,69.337#27.19#26.08#46.73
-150.943,69.338#27.17#26.08#46.75
-150.786,69.3388#27.16#26.08#46.76
-150.629,69.3395#27.15#26.08#46.77
-150.471,69.3401#27.14#26.08#46.78
-150.314,69.3404#27.13#26.08#46.79
-150.156,69.3407#27.12#26.08#46.8
-149.999,69.3407#27.11#26.08#46.81
-149.842,69.3407#27.1#26.08#46.82
-149.684,69.3404#27.09#26.08#46.83
-149.527,69.3401#27.09#26.08#46.83
-149.369,69.3395#27.07#26.08#46.85
-149.212,69.3388#27.06#26.08#46.86
-149.055,69.338#27.05#26.08#46.87
-148.897,69.337#27.04#26.08#46.88
-148.74,69.3359#27.03#26.08#46.89
-148.583,69.3346#27.02#26.08#46.9
-148.425,69.3331#27.01#26.08#46.91
-148.268,69.3315#27#26.08#46.92
-148.111,69.3298#26.99#26.08#46.93
-147.954,69.3278#26.98#26.08#46.94
-147.796,69.3258#26.98#26.08#46.94
-147.639,69.3236#26.97#26.08#46.95
-147.482,69.3212#26.96#26.08#46.96
-147.325,69.3187#26.95#26.08#46.97
-147.168,69.316#26.94#26.08#46.98
-147.011,69.3132#26.94#26.08#46.98
-146.854,69.3102#26.93#26.08#46.99
-146.697,69.3071#26.92#26.08#47
-146.54,69.3038#26.92#26.08#47
-146.383,69.3004#26.91#26.08#47.01
-146.227,69.2968#26.9#26.08#47.02
-146.07,69.2931#26.89#26.08#47.03
-145.913,69.2892#26.88#26.09#47.03
-145.757,69.2852#26.88#26.09#47.03
-145.6,69.281#26.87#26.09#47.04
-145.444,69.2767#26.86#26.09#47.05
-145.287,69.2722#26.85#26.09#47.06
-145.131,69.2675#26.84#26.09#47.07
-144.975,69.2628#26.84#26.09#47.07
-144.819,69.2578#26.83#26.09#47.08
-144.663,69.2527#26.82#26.09#47.09
-144.507,69.2475#26.81#26.09#47.1
-144.351,69.2421#26.81#26.09#47.1
-144.195,69.2366#26.8#26.09#47.11
-144.039,69.2309#26.79#26.09#47.12
-143.883,69.225#26.79#26.09#47.12
-143.728,69.219#26.78#26.09#47.13
-143.572,69.2129#26.78#26.09#47.13
-143.417,69.2066#26.77#26.09#47.14
-143.262,69.2002#26.76#26.09#47.15
-143.106,69.1936#26.76#26.09#47.15
-142.951,69.1868#26.75#26.09#47.16
-142.796,69.18#26.75#26.09#47.16
-142.641,69.1729#26.74#26.09#47.17
-142.487,69.1657#26.74#26.1#47.16
-142.332,69.1584#26.73#26.1#47.17
-142.177,69.1509#26.73#26.1#47.17
-142.023,69.1433#26.72#26.1#47.18
-141.869,69.1355#26.72#26.1#47.18
-141.715,69.1276#26.71#26.1#47.19
-141.56,69.1195#26.71#26.1#47.19
-141.406,69.1113#26.7#26.1#47.2
-141.253,69.1029#26.7#26.1#47.2
-141.099,69.0944#26.7#26.1#47.2
-140.945,69.0858#26.69#26.1#47.21
-140.792,69.077#26.69#26.1#47.21
-140.639,69.068#26.69#26.1#47.21
-140.485,69.0589#26.68#26.11#47.21
-140.332,69.0497#26.68#26.11#47.21
-140.18,69.0403#26.68#26.11#47.21
-140.027,69.0307#26.68#26.11#47.21
-139.874,69.0211#26.68#26.11#47.21
-139.722,69.0112#26.67#26.11#47.22
-139.569,69.0013#26.67#26.11#47.22
-139.417,68.9911#26.67#26.11#47.22
-139.265,68.9809#26.67#26.11#47.22
-139.113,68.9705#26.67#26.12#47.21
-138.962,68.9599#26.66#26.12#47.22
-138.81,68.9492#26.66#26.12#47.22
-138.659,68.9384#26.66#26.12#47.22
-138.507,68.9274#26.66#26.12#47.22
-138.356,68.9163#26.66#26.12#47.22
-138.205,68.905#26.66#26.12#47.22
-162.578,68.9009#29.55#26.08#44.37
-162.428,68.9129#29.58#26.08#44.34
-162.277,68.9247#29.61#26.08#44.31
-162.126,68.9365#29.63#26.08#44.29
-161.975,68.948#29.65#26.08#44.27
-161.824,68.9595#29.65#26.08#44.27
-161.673,68.9708#29.65#26.08#44.27
-161.522,68.9819#29.65#26.08#44.27
-161.37,68.9929#29.63#26.08#44.29
-161.218,69.0038#29.62#26.08#44.3
-161.066,69.0145#29.6#26.08#44.32
-160.914,69.0251#29.58#26.08#44.34
-160.762,69.0355#29.55#26.08#44.37
-160.609,69.0458#29.52#26.08#44.4
-160.457,69.0559#29.5#26.08#44.42
-160.304,69.0659#29.47#26.08#44.45
-160.151,69.0758#29.44#26.08#44.48
-159.998,69.0855#29.41#26.08#44.51
-159.845,69.0951#29.38#26.08#44.54
-159.692,69.1045#29.35#26.08#44.57
-159.538,69.1138#29.32#26.08#44.6
-159.385,69.1229#29.3#26.08#44.62
-159.231,69.1319#29.27#26.08#44.65
-159.077,69.1407#29.25#26.08#44.67
-158.923,69.1494#29.22#26.08#44.7
-158.769,69.1579#29.19#26.08#44.73
-158.615,69.1663#29.16#26.08#44.76
-158.461,69.1745#29.13#26.08#44.79
-158.306,69.1826#29.08#26.08#44.84
-158.151,69.1906#29.05#26.08#44.87
-157.997,69.1984#29.01#26.08#44.91
-157.842,69.206#28.95#26.08#44.97
-157.687,69.2135#28.9#26.08#45.02
-157.532,69.2209#28.85#26.08#45.07
-157.377,69.2281#28.79#26.08#45.13
-157.221,69.2351#28.73#26.08#45.19
-157.066,69.242#28.67#26.08#45.25
-156.91,69.2488#28.6#26.08#45.32
-156.755,69.2554#28.52#26.08#45.4
-156.599,69.2618#28.45#26.08#45.47
-156.443,69.2681#28.37#26.08#45.55
-156.287,69.2743#28.3#26.08#45.62
-156.131,69.2803#28.22#26.08#45.7
-155.975,69.2862#28.15#26.08#45.77
-155.819,69.2919#28.09#26.08#45.83
-155.663,69.2974#28.03#26.08#45.89
-155.507,69.3028#27.98#26.08#45.94
-155.35,69.3081#27.93#26.08#45.99
-155.194,69.3132#27.88#26.08#46.04
-155.037,69.3181#27.84#26.08#46.08
-154.88,69.3229#27.79#26.08#46.13
-154.724,69.3276#27.74#26.08#46.18
-154.567,69.3321#27.7#26.08#46.22
-154.41,69.3364#27.66#26.08#46.26
-154.253,69.3406#27.61#26.08#46.31
-154.096,69.3447#27.57#26.08#46.35
-153.939,69.3485#27.53#26.08#46.39
-153.782,69.3523#27.5#26.08#46.42
-153.625,69.3559#27.47#26.08#46.45
-153.467,69.3593#27.44#26.08#46.48
-153.31,69.3626#27.41#26.08#46.51
-153.153,69.3657#27.39#26.08#46.53
-152.995,69.3687#27.36#26.08#46.56
-152.838,69.3715#27.34#26.08#46.58
-152.68,69.3742#27.32#26.08#46.6
-152.523,69.3767#27.3#26.08#46.62
-152.365,69.3791#27.28#26.08#46.64
-152.208,69.3813#27.26#26.08#46.66
-152.05,69.3834#27.24#26.08#46.68
-151.892,69.3853#27.22#26.08#46.7
-151.735,69.387#27.21#26.08#46.71
-151.577,69.3886#27.19#26.08#46.73
-151.419,69.3901#27.17#26.08#46.75
-151.262,69.3914#27.16#26.08#46.76
-151.104,69.3925#27.15#26.08#46.77
-150.946,69.3935#27.13#26.08#46.79
-150.788,69.3944#27.12#26.08#46.8
-150.63,69.3951#27.11#26.08#46.81
-150.473,69.3956#27.11#26.08#46.81
-150.315,69.396#27.1#26.08#46.82
-150.157,69.3962#27.09#26.08#46.83
-149.999,69.3963#27.08#26.08#46.84
-149.841,69.3962#27.07#26.08#46.85
-149.683,69.396#27.06#26.08#46.86
-149.525,69.3956#27.05#26.08#46.87
-149.368,69.3951#27.04#26.08#46.88
-149.21,69.3944#27.03#26.08#46.89
-149.052,69.3935#27.02#26.08#46.9
-148.894,69.3925#27.01#26.08#46.91
-148.736,69.3914#27.01#26.08#46.91
-148.579,69.3901#27#26.08#46.92
-148.421,69.3886#26.99#26.08#46.93
-148.263,69.387#26.98#26.08#46.94
-148.106,69.3853#26.97#26.08#46.95
-147.948,69.3833#26.96#26.08#46.96
-147.79,69.3813#26.95#26.08#46.97
-147.633,69.3791#26.94#26.08#46.98
-147.475,69.3767#26.94#26.08#46.98
-147.318,69.3742#26.93#26.08#46.99
-147.16,69.3715#26.92#26.08#47
-147.003,69.3687#26.92#26.08#47
-146.845,69.3657#26.91#26.08#47.01
-146.688,69.3626#26.9#26.08#47.02
-146.531,69.3593#26.9#26.08#47.02
-146.373,69.3558#26.89#26.08#47.03
-146.216,69.3522#26.88#26.08#47.04
-146.059,69.3485#26.88#26.08#47.04
-145.902,69.3446#26.87#26.08#47.05
-145.745,69.3406#26.86#26.09#47.05
-145.588,69.3364#26.85#26.09#47.06
-145.431,69.332#26.84#26.09#47.07
-145.274,69.3275#26.84#26.09#47.07
-145.118,69.3229#26.83#26.09#47.08
-144.961,69.3181#26.82#26.09#47.09
-144.804,69.3131#26.82#26.09#47.09
-144.648,69.308#26.81#26.09#47.1
-144.492,69.3028#26.8#26.09#47.11
-144.335,69.2973#26.8#26.09#47.11
-144.179,69.2918#26.79#26.09#47.12
-144.023,69.2861#26.78#26.09#47.13
-143.867,69.2802#26.78#26.09#47.13
-143.711,69.2742#26.77#26.09#47.14
-143.555,69.2681#26.77#26.09#47.14
-143.399,69.2618#26.76#26.09#47.15
-143.243,69.2553#26.75#26.09#47.16
-143.088,69.2487#26.75#26.09#47.16
-142.932,69.2419#26.74#26.09#47.17
-142.777,69.235#26.74#26.09#47.17
-142.621,69.228#26.73#26.09#47.18
-142.466,69.2208#26.73#26.09#47.18
-142.311,69.2134#26.72#26.1#47.18
-142.156,69.2059#26.72#26.1#47.18
-142.001,69.1983#26.71#26.1#47.19
-141.847,69.1905#26.71#26.1#47.19
-141.692,69.1825#26.7#26.1#47.2
-141.538,69.1744#26.7#26.1#47.2
-141.383,69.1662#26.69#26.1#47.21
-141.229,69.1578#26.69#26.1#47.21
-141.075,69.1493#26.68#26.1#47.22
-140.921,69.1406#26.68#26.1#47.22
-140.767,69.1317#26.68#26.1#47.22
-140.613,69.1228#26.67#26.1#47.23
-140.46,69.1136#26.67#26.11#47.22
-140.306,69.1044#26.66#26.11#47.23
-140.153,69.0949#26.66#26.11#47.23
-140,69.0854#26.66#26.11#47.23
-139.847,69.0757#26.66#26.11#47.23
-139.694,69.0658#26.66#26.11#47.23
-139.541,69.0558#26.66#26.11#47.23
-139.389,69.0457#26.65#26.11#47.24
-139.236,69.0354#26.65#26.11#47.24
-139.084,69.025#26.65#26.12#47.23
-138.932,69.0144#26.65#26.12#47.23
-138.78,69.0037#26.65#26.12#47.23
-138.628,68.9928#26.65#26.12#47.23
-138.477,68.9818#26.65#26.12#47.23
-138.325,68.9706#26.64#26.12#47.24
-138.174,68.9593#26.64#26.12#47.24
-138.023,68.9479#26.64#26.13#47.23
-137.872,68.9363#26.64#26.13#47.23
-137.721,68.9246#26.64#26.13#47.23
-137.57,68.9127#26.64#26.13#47.23
-137.42,68.9007#26.64#26.13#47.23
-163.213,68.9054#29.24#26.08#44.68
-163.063,68.918#29.28#26.08#44.64
-162.913,68.9305#29.31#26.08#44.61
-162.763,68.9428#29.35#26.08#44.57
-162.612,68.955#29.39#26.08#44.53
-162.461,68.967#29.42#26.08#44.5
-162.31,68.9789#29.44#26.08#44.48
-162.159,68.9907#29.46#26.08#44.46
-162.008,69.0023#29.48#26.08#44.44
-161.856,69.0138#29.48#26.08#44.44
-161.704,69.0251#29.47#26.08#44.45
-161.553,69.0363#29.47#26.08#44.45
-161.401,69.0473#29.46#26.08#44.46
-161.248,69.0582#29.44#26.08#44.48
-161.096,69.069#29.42#26.08#44.5
-160.944,69.0796#29.4#26.08#44.52
-160.791,69.09#29.37#26.08#44.55
-160.638,69.1003#29.35#26.08#44.57
-160.485,69.1105#29.32#26.08#44.6
-160.332,69.1205#29.29#26.08#44.63
-160.179,69.1304#29.27#26.08#44.65
-160.025,69.1402#29.25#26.08#44.67
-159.872,69.1497#29.22#26.08#44.7
-159.718,69.1592#29.2#26.08#44.72
-159.564,69.1685#29.18#26.08#44.74
-159.41,69.1776#29.15#26.08#44.77
-159.256,69.1866#29.13#26.08#44.79
-159.102,69.1955#29.1#26.08#44.82
-158.947,69.2042#29.08#26.08#44.84
-158.793,69.2128#29.04#26.08#44.88
-158.638,69.2212#29.01#26.08#44.91
-158.484,69.2294#28.98#26.08#44.94
-158.329,69.2375#28.94#26.08#44.98
-158.174,69.2455#28.9#26.08#45.02
-158.019,69.2533#28.86#26.08#45.06
-157.863,69.261#28.81#26.08#45.11
-157.708,69.2685#28.76#26.08#45.16
-157.552,69.2759#28.72#26.08#45.2
-157.397,69.2831#28.66#26.08#45.26
-157.241,69.2902#28.6#26.08#45.32
-157.085,69.2971#28.54#26.08#45.38
-156.929,69.3039#28.47#26.08#45.45
-156.773,69.3105#28.4#26.08#45.52
-156.617,69.317#28.33#26.08#45.59
-156.461,69.3233#28.25#26.08#45.67
-156.305,69.3295#28.18#26.08#45.74
-156.148,69.3355#28.11#26.08#45.81
-155.992,69.3414#28.04#26.08#45.88
-155.835,69.3471#27.98#26.08#45.94
-155.678,69.3527#27.93#26.08#45.99
-155.522,69.3581#27.87#26.08#46.05
-155.365,69.3634#27.83#26.08#46.09
-155.208,69.3685#27.78#26.08#46.14
-155.051,69.3734#27.74#26.08#46.18
-154.894,69.3783#27.7#26.08#46.22
-154.737,69.3829#27.65#26.08#46.27
-154.579,69.3874#27.61#26.08#46.31
-154.422,69.3918#27.57#26.08#46.35
-154.265,69.396#27.53#26.08#46.39
-154.107,69.4001#27.49#26.08#46.43
-153.95,69.404#27.46#26.08#46.46
-153.792,69.4077#27.43#26.08#46.49
-153.635,69.4113#27.4#26.08#46.52
-153.477,69.4147#27.37#26.08#46.55
-153.319,69.418#27.35#26.08#46.57
-153.161,69.4212#27.32#26.08#46.6
-153.004,69.4242#27.3#26.08#46.62
-152.846,69.427#27.28#26.08#46.64
-152.688,69.4297#27.26#26.08#46.66
-152.53,69.4322#27.24#26.08#46.68
-152.372,69.4346#27.22#26.08#46.7
-152.214,69.4368#27.21#26.08#46.71
-152.056,69.4389#27.19#26.08#46.73
-151.898,69.4408#27.17#26.08#46.75
-151.74,69.4426#27.16#26.08#46.76
-151.581,69.4442#27.14#26.08#46.78
-151.423,69.4456#27.13#26.08#46.79
-151.265,69.4469#27.12#26.08#46.8
-151.107,69.4481#27.11#26.08#46.81
-150.949,69.4491#27.1#26.08#46.82
-150.79,69.4499#27.09#26.08#46.83
-150.632,69.4506#27.08#26.08#46.84
-150.474,69.4511#27.07#26.08#46.85
-150.316,69.4515#27.06#26.08#46.86
-150.157,69.4518#27.05#26.08#46.87
-149.999,69.4518#27.05#26.08#46.87
-149.841,69.4518#27.04#26.08#46.88
-149.682,69.4515#27.03#26.08#46.89
-149.524,69.4511#27.02#26.08#46.9
-149.366,69.4506#27.01#26.08#46.91
-149.208,69.4499#27#26.08#46.92
-149.049,69.4491#26.99#26.08#46.93
-148.891,69.4481#26.99#26.08#46.93
-148.733,69.4469#26.98#26.08#46.94
-148.575,69.4456#26.97#26.08#46.95
-148.417,69.4442#26.96#26.08#46.96
-148.258,69.4425#26.95#26.08#46.97
-148.1,69.4408#26.94#26.08#46.98
-147.942,69.4389#26.94#26.08#46.98
-147.784,69.4368#26.93#26.08#46.99
-147.626,69.4346#26.92#26.08#47
-147.468,69.4322#26.92#26.08#47
-147.31,69.4297#26.91#26.08#47.01
-147.152,69.427#26.9#26.08#47.02
-146.994,69.4241#26.9#26.08#47.02
-146.837,69.4211#26.89#26.08#47.03
-146.679,69.418#26.88#26.08#47.04
-146.521,69.4147#26.88#26.08#47.04
-146.363,69.4113#26.87#26.08#47.05
-146.206,69.4077#26.86#26.08#47.06
-146.048,69.4039#26.86#26.08#47.06
-145.891,69.4#26.85#26.08#47.07
-145.733,69.3959#26.84#26.09#47.07
-145.576,69.3917#26.84#26.09#47.07
-145.419,69.3874#26.83#26.09#47.08
-145.261,69.3829#26.82#26.09#47.09
-145.104,69.3782#26.82#26.09#47.09
