-152.45,54.9011#62.23#26.47#11.3
-152.359,54.9033#61.93#26.47#11.6
-152.268,54.9054#61.63#26.47#11.9
-152.178,54.9074#61.34#26.48#12.18
-152.087,54.9093#61.04#26.48#12.48
-151.996,54.9112#60.74#26.48#12.78
-151.906,54.913#60.47#26.48#13.05
-151.815,54.9147#60.21#26.49#13.3
-151.724,54.9163#59.94#26.49#13.57
-151.633,54.9178#59.67#26.49#13.84
-151.543,54.9193#59.4#26.5#14.1
-151.452,54.9206#59.15#26.5#14.35
-151.361,54.9219#58.92#26.5#14.58
-151.27,54.9231#58.69#26.51#14.8
-151.18,54.9242#58.46#26.51#15.03
-151.089,54.9252#58.23#26.51#15.26
-150.998,54.9262#58#26.52#15.48
-150.907,54.9271#57.8#26.52#15.68
-150.817,54.9279#57.61#26.52#15.87
-150.726,54.9286#57.41#26.53#16.06
-150.635,54.9292#57.22#26.53#16.25
-150.544,54.9297#57.02#26.53#16.45
-150.453,54.9302#56.83#26.54#16.63
-150.363,54.9305#56.63#26.54#16.83
-150.272,54.9308#56.44#26.54#17.02
-150.181,54.931#56.24#26.55#17.21
-150.09,54.9312#56.05#26.55#17.4
-149.999,54.9312#55.85#26.55#17.6
-149.909,54.9312#55.6#26.56#17.84
-149.818,54.931#55.36#26.56#18.08
-149.727,54.9308#55.11#26.56#18.33
-149.636,54.9305#54.86#26.57#18.57
-149.545,54.9302#54.61#26.57#18.82
-149.455,54.9297#54.34#26.58#19.08
-149.364,54.9292#54.06#26.58#19.36
-149.273,54.9285#53.78#26.58#19.64
-149.182,54.9278#53.49#26.59#19.92
-149.091,54.9271#53.21#26.59#20.2
-149.001,54.9262#52.93#26.59#20.48
-148.91,54.9252#52.62#26.6#20.78
-148.819,54.9242#52.31#26.6#21.09
-148.728,54.9231#52.01#26.6#21.39
-148.638,54.9219#51.7#26.61#21.69
-148.547,54.9206#51.39#26.61#22
-148.456,54.9192#51.13#26.61#22.26
-148.365,54.9178#50.9#26.62#22.48
-148.275,54.9163#50.68#26.62#22.7
-148.184,54.9147#50.46#26.63#22.91
-148.093,54.913#50.24#26.63#23.13
-148.003,54.9112#50.02#26.63#23.35
-147.912,54.9093#49.92#26.64#23.44
-147.821,54.9074#49.82#26.64#23.54
-147.731,54.9054#49.71#26.64#23.65
-147.64,54.9032#49.61#26.65#23.74
-147.549,54.9011#49.51#26.65#23.84
-153.995,54.9033#65.67#26.41#7.92
-153.904,54.9069#65.6#26.41#7.99000000000001
-153.814,54.9104#65.54#26.42#8.03999999999999
-153.723,54.9139#65.47#26.42#8.11
-153.632,54.9172#65.4#26.42#8.17999999999999
-153.542,54.9205#65.33#26.43#8.24000000000001
-153.451,54.9236#65.18#26.43#8.38999999999999
-153.361,54.9267#64.96#26.43#8.61000000000001
-153.27,54.9298#64.75#26.43#8.81999999999999
-153.179,54.9327#64.53#26.44#9.03
-153.089,54.9356#64.31#26.44#9.25
-152.998,54.9383#64.09#26.44#9.47
-152.907,54.941#63.85#26.45#9.7
-152.817,54.9436#63.6#26.45#9.95
-152.726,54.9461#63.36#26.45#10.19
-152.635,54.9486#63.11#26.45#10.44
-152.544,54.9509#62.87#26.46#10.67
-152.454,54.9532#62.6#26.46#10.94
-152.363,54.9554#62.3#26.46#11.24
-152.272,54.9575#62#26.47#11.53
-152.181,54.9595#61.7#26.47#11.83
-152.09,54.9615#61.4#26.47#12.13
-151.999,54.9633#61.1#26.48#12.42
-151.909,54.9651#60.82#26.48#12.7
-151.818,54.9668#60.54#26.48#12.98
-151.727,54.9684#60.26#26.49#13.25
-151.636,54.97#59.97#26.49#13.54
-151.545,54.9714#59.69#26.49#13.82
-151.454,54.9728#59.43#26.5#14.07
-151.363,54.9741#59.19#26.5#14.31
-151.272,54.9753#58.96#26.5#14.54
-151.182,54.9764#58.72#26.51#14.77
-151.091,54.9774#58.48#26.51#15.01
-151,54.9784#58.24#26.51#15.25
-150.909,54.9792#58.05#26.52#15.43
-150.818,54.98#57.85#26.52#15.63
-150.727,54.9807#57.65#26.52#15.83
-150.636,54.9813#57.46#26.53#16.01
-150.545,54.9819#57.26#26.53#16.21
-150.454,54.9823#57.06#26.53#16.41
-150.363,54.9827#56.87#26.54#16.59
-150.272,54.983#56.67#26.54#16.79
-150.181,54.9832#56.47#26.54#16.99
-150.09,54.9833#56.28#26.55#17.17
-149.999,54.9834#56.08#26.55#17.37
-149.908,54.9833#55.82#26.55#17.63
-149.818,54.9832#55.57#26.56#17.87
-149.727,54.983#55.32#26.56#18.12
-149.636,54.9827#55.06#26.56#18.38
-149.545,54.9823#54.81#26.57#18.62
-149.454,54.9819#54.53#26.57#18.9
-149.363,54.9813#54.24#26.57#19.19
-149.272,54.9807#53.95#26.58#19.47
-149.181,54.98#53.66#26.58#19.76
-149.09,54.9792#53.37#26.58#20.05
-148.999,54.9784#53.08#26.59#20.33
-148.908,54.9774#52.78#26.59#20.63
-148.817,54.9764#52.47#26.6#20.93
-148.726,54.9752#52.17#26.6#21.23
-148.635,54.974#51.86#26.6#21.54
-148.545,54.9728#51.56#26.61#21.83
-148.454,54.9714#51.29#26.61#22.1
-148.363,54.9699#51.05#26.61#22.34
-148.272,54.9684#50.81#26.62#22.57
-148.181,54.9668#50.57#26.62#22.81
-148.09,54.9651#50.34#26.62#23.04
-147.999,54.9633#50.1#26.63#23.27
-147.909,54.9615#49.99#26.63#23.38
-147.818,54.9595#49.88#26.64#23.48
-147.727,54.9575#49.77#26.64#23.59
-147.636,54.9554#49.66#26.64#23.7
-147.545,54.9532#49.55#26.65#23.8
-147.455,54.9509#49.47#26.65#23.88
-147.364,54.9485#49.4#26.66#23.94
-147.273,54.9461#49.33#26.66#24.01
-147.182,54.9436#49.27#26.66#24.07
-147.092,54.941#49.2#26.67#24.13
-147.001,54.9383#49.13#26.67#24.2
-146.91,54.9355#49.07#26.67#24.26
-146.82,54.9327#49.01#26.68#24.31
-146.729,54.9297#48.95#26.68#24.37
-146.638,54.9267#48.89#26.69#24.42
-146.548,54.9236#48.83#26.69#24.48
-146.457,54.9204#48.77#26.69#24.54
-146.366,54.9172#48.72#26.7#24.58
-146.276,54.9138#48.66#26.7#24.64
-146.185,54.9104#48.6#26.71#24.69
-146.095,54.9069#48.55#26.71#24.74
-146.004,54.9033#48.49#26.71#24.8
-155.178,54.9011#66.41#26.37#7.22
-155.087,54.9058#66.4#26.37#7.22999999999999
-154.997,54.9103#66.39#26.38#7.23
-154.906,54.9149#66.37#26.38#7.25
-154.816,54.9193#66.34#26.38#7.28
-154.726,54.9236#66.32#26.38#7.30000000000001
-154.635,54.9279#66.29#26.39#7.31999999999999
-154.545,54.932#66.26#26.39#7.34999999999999
-154.454,54.9361#66.22#26.39#7.39
-154.363,54.9401#66.17#26.4#7.43000000000001
-154.273,54.9441#66.11#26.4#7.49000000000001
-154.182,54.9479#66.05#26.4#7.55000000000001
-154.092,54.9517#65.99#26.4#7.61000000000001
-154.001,54.9554#65.94#26.41#7.65000000000001
-153.91,54.959#65.87#26.41#7.72
-153.82,54.9625#65.79#26.41#7.8
-153.729,54.9659#65.72#26.42#7.86
-153.638,54.9693#65.64#26.42#7.94
-153.548,54.9725#65.57#26.42#8.01000000000001
-153.457,54.9757#65.43#26.42#8.14999999999999
-153.366,54.9788#65.21#26.43#8.36000000000001
-153.275,54.9819#65#26.43#8.56999999999999
-153.184,54.9848#64.79#26.43#8.78
-153.094,54.9877#64.58#26.44#8.98
-153.003,54.9904#64.37#26.44#9.19
-152.912,54.9931#64.14#26.44#9.42
-152.821,54.9957#63.91#26.44#9.65000000000001
-152.73,54.9983#63.69#26.45#9.86
-152.639,55.0007#63.46#26.45#10.09
-152.548,55.0031#63.24#26.45#10.31
-152.457,55.0053#62.98#26.46#10.56
-152.366,55.0075#62.68#26.46#10.86
-152.276,55.0097#62.37#26.46#11.17
-152.185,55.0117#62.07#26.47#11.46
-152.094,55.0136#61.76#26.47#11.77
-152.003,55.0155#61.46#26.47#12.07
-151.912,55.0173#61.17#26.48#12.35
-151.821,55.019#60.87#26.48#12.65
-151.73,55.0206#60.58#26.48#12.94
-151.639,55.0221#60.28#26.49#13.23
-151.548,55.0236#59.98#26.49#13.53
-151.457,55.025#59.71#26.49#13.8
-151.366,55.0262#59.47#26.49#14.04
-151.275,55.0274#59.22#26.5#14.28
-151.183,55.0286#58.98#26.5#14.52
-151.092,55.0296#58.73#26.5#14.77
-151.001,55.0306#58.49#26.51#15
-150.91,55.0314#58.29#26.51#15.2
-150.819,55.0322#58.09#26.51#15.4
-150.728,55.0329#57.9#26.52#15.58
-150.637,55.0335#57.7#26.52#15.78
-150.546,55.0341#57.5#26.52#15.98
-150.455,55.0345#57.3#26.53#16.17
-150.364,55.0349#57.1#26.53#16.37
-150.273,55.0352#56.9#26.53#16.57
-150.182,55.0354#56.7#26.54#16.76
-150.091,55.0355#56.5#26.54#16.96
-149.999,55.0356#56.3#26.54#17.16
-149.908,55.0355#56.04#26.55#17.41
-149.817,55.0354#55.78#26.55#17.67
-149.726,55.0352#55.52#26.56#17.92
-149.635,55.0349#55.26#26.56#18.18
-149.544,55.0345#55#26.56#18.44
-149.453,55.0341#54.72#26.57#18.71
-149.362,55.0335#54.43#26.57#19
-149.271,55.0329#54.13#26.57#19.3
-149.18,55.0322#53.83#26.58#19.59
-149.089,55.0314#53.53#26.58#19.89
-148.998,55.0305#53.23#26.58#20.19
-148.906,55.0296#52.93#26.59#20.48
-148.815,55.0285#52.63#26.59#20.78
-148.724,55.0274#52.33#26.59#21.08
-148.633,55.0262#52.03#26.6#21.37
-148.542,55.0249#51.73#26.6#21.67
-148.451,55.0236#51.45#26.61#21.94
-148.36,55.0221#51.19#26.61#22.2
-148.269,55.0206#50.94#26.61#22.45
-148.178,55.019#50.68#26.62#22.7
-148.087,55.0173#50.43#26.62#22.95
-147.996,55.0155#50.18#26.62#23.2
-147.905,55.0136#50.06#26.63#23.31
-147.814,55.0117#49.94#26.63#23.43
-147.723,55.0096#49.83#26.64#23.53
-147.632,55.0075#49.71#26.64#23.65
-147.541,55.0053#49.6#26.64#23.76
-147.451,55.003#49.51#26.65#23.84
-147.36,55.0007#49.44#26.65#23.91
-147.269,54.9982#49.37#26.65#23.98
-147.178,54.9957#49.3#26.66#24.04
-147.087,54.9931#49.24#26.66#24.1
-146.996,54.9904#49.17#26.67#24.16
-146.905,54.9876#49.11#26.67#24.22
-146.814,54.9848#49.05#26.67#24.28
-146.724,54.9818#48.99#26.68#24.33
-146.633,54.9788#48.93#26.68#24.39
-146.542,54.9757#48.87#26.69#24.44
-146.451,54.9725#48.81#26.69#24.5
-146.361,54.9692#48.75#26.69#24.56
-146.27,54.9659#48.7#26.7#24.6
-146.179,54.9624#48.64#26.7#24.66
-146.089,54.9589#48.58#26.7#24.72
-145.998,54.9553#48.53#26.71#24.76
-145.907,54.9516#48.47#26.71#24.82
-145.817,54.9479#48.41#26.72#24.87
-145.726,54.944#48.36#26.72#24.92
-145.635,54.9401#48.3#26.72#24.98
-145.545,54.9361#48.25#26.73#25.02
-145.454,54.932#48.19#26.73#25.08
-145.364,54.9278#48.13#26.74#25.13
-145.273,54.9236#48.08#26.74#25.18
-145.183,54.9192#48.02#26.75#25.23
-145.092,54.9148#47.96#26.75#25.29
-145.002,54.9103#47.91#26.75#25.34
-144.912,54.9057#47.85#26.76#25.39
-144.821,54.901#47.79#26.76#25.45
-156.089,54.9018#66.69#26.34#6.97
-155.999,54.9073#66.68#26.34#6.97999999999999
-155.909,54.9127#66.68#26.35#6.97
-155.819,54.918#66.68#26.35#6.97
-155.728,54.9233#66.68#26.35#6.97
-155.638,54.9284#66.68#26.35#6.97
-155.548,54.9335#66.67#26.36#6.97
-155.457,54.9385#66.67#26.36#6.97
-155.367,54.9435#66.66#26.36#6.98
-155.276,54.9483#66.66#26.36#6.98
-155.186,54.9531#66.65#26.37#6.97999999999999
-155.095,54.9577#66.65#26.37#6.97999999999999
-155.005,54.9623#66.64#26.37#6.98999999999999
-154.914,54.9668#66.62#26.37#7.00999999999999
-154.824,54.9713#66.59#26.38#7.03
-154.733,54.9756#66.57#26.38#7.05000000000001
-154.642,54.9799#66.55#26.38#7.07000000000001
-154.552,54.9841#66.52#26.39#7.09
-154.461,54.9882#66.49#26.39#7.12
-154.37,54.9922#66.43#26.39#7.17999999999999
-154.28,54.9961#66.37#26.39#7.23999999999999
-154.189,55#66.32#26.4#7.28
-154.098,55.0037#66.26#26.4#7.34
-154.007,55.0074#66.2#26.4#7.40000000000001
-153.917,55.011#66.13#26.4#7.47
-153.826,55.0146#66.05#26.41#7.54000000000001
-153.735,55.018#65.97#26.41#7.62
-153.644,55.0214#65.88#26.41#7.71000000000001
-153.553,55.0246#65.8#26.42#7.78
-153.462,55.0278#65.67#26.42#7.91
-153.371,55.0309#65.46#26.42#8.12
-153.28,55.034#65.26#26.43#8.31
-153.189,55.0369#65.05#26.43#8.52000000000001
-153.098,55.0398#64.85#26.43#8.72
-153.008,55.0426#64.65#26.43#8.91999999999999
-152.917,55.0453#64.44#26.44#9.12
-152.826,55.0479#64.23#26.44#9.33
-152.734,55.0504#64.02#26.44#9.54000000000001
-152.643,55.0528#63.81#26.45#9.73999999999999
-152.552,55.0552#63.6#26.45#9.95
-152.461,55.0575#63.35#26.45#10.2
-152.37,55.0597#63.05#26.46#10.49
-152.279,55.0618#62.74#26.46#10.8
-152.188,55.0639#62.44#26.46#11.1
-152.097,55.0658#62.13#26.46#11.41
-152.006,55.0677#61.82#26.47#11.71
-151.915,55.0695#61.51#26.47#12.02
-151.824,55.0712#61.21#26.47#12.32
-151.732,55.0728#60.9#26.48#12.62
-151.641,55.0743#60.59#26.48#12.93
-151.55,55.0758#60.28#26.48#13.24
-151.459,55.0771#59.99#26.49#13.52
-151.368,55.0784#59.74#26.49#13.77
-151.277,55.0796#59.49#26.49#14.02
-151.185,55.0808#59.24#26.5#14.26
-151.094,55.0818#58.99#26.5#14.51
-151.003,55.0828#58.73#26.5#14.77
-150.912,55.0836#58.53#26.51#14.96
-150.821,55.0844#58.34#26.51#15.15
-150.729,55.0851#58.14#26.51#15.35
-150.638,55.0857#57.94#26.52#15.54
-150.547,55.0863#57.74#26.52#15.74
-150.456,55.0867#57.54#26.52#15.94
-150.364,55.0871#57.34#26.53#16.13
-150.273,55.0874#57.14#26.53#16.33
-150.182,55.0876#56.93#26.53#16.54
-150.091,55.0877#56.73#26.54#16.73
-149.999,55.0878#56.53#26.54#16.93
-149.908,55.0877#56.26#26.54#17.2
-149.817,55.0876#56#26.55#17.45
-149.726,55.0874#55.73#26.55#17.72
-149.634,55.0871#55.47#26.55#17.98
-149.543,55.0867#55.2#26.56#18.24
-149.452,55.0863#54.91#26.56#18.53
-149.361,55.0857#54.61#26.56#18.83
-149.27,55.0851#54.3#26.57#19.13
-149.178,55.0844#54#26.57#19.43
-149.087,55.0836#53.69#26.58#19.73
-148.996,55.0827#53.39#26.58#20.03
-148.905,55.0818#53.09#26.58#20.33
-148.814,55.0807#52.79#26.59#20.62
-148.722,55.0796#52.49#26.59#20.92
-148.631,55.0784#52.19#26.59#21.22
-148.54,55.0771#51.9#26.6#21.5
-148.449,55.0758#51.61#26.6#21.79
-148.358,55.0743#51.33#26.6#22.07
-148.266,55.0728#51.06#26.61#22.33
-148.175,55.0711#50.79#26.61#22.6
-148.084,55.0694#50.52#26.62#22.86
-147.993,55.0676#50.26#26.62#23.12
-147.902,55.0658#50.13#26.62#23.25
-147.811,55.0638#50.01#26.63#23.36
-147.72,55.0618#49.89#26.63#23.48
-147.629,55.0597#49.76#26.63#23.61
-147.538,55.0575#49.64#26.64#23.72
-147.446,55.0552#49.55#26.64#23.81
-147.355,55.0528#49.48#26.65#23.87
-147.264,55.0504#49.41#26.65#23.94
-147.173,55.0478#49.34#26.65#24.01
-147.082,55.0452#49.28#26.66#24.06
-146.991,55.0425#49.21#26.66#24.13
-146.9,55.0397#49.15#26.66#24.19
-146.809,55.0369#49.09#26.67#24.24
-146.718,55.0339#49.03#26.67#24.3
-146.628,55.0309#48.97#26.68#24.35
-146.537,55.0278#48.9#26.68#24.42
-146.446,55.0246#48.85#26.68#24.47
-146.355,55.0213#48.79#26.69#24.52
-146.264,55.018#48.73#26.69#24.58
-146.173,55.0145#48.67#26.7#24.63
-146.082,55.011#48.62#26.7#24.68
-145.992,55.0074#48.56#26.7#24.74
-145.901,55.0037#48.5#26.71#24.79
-145.81,54.9999#48.44#26.71#24.85
-145.719,54.9961#48.39#26.72#24.89
-145.629,54.9921#48.33#26.72#24.95
-145.538,54.9881#48.27#26.72#25.01
-145.447,54.984#48.22#26.73#25.05
-145.356,54.9798#48.16#26.73#25.11
-145.266,54.9756#48.1#26.74#25.16
-145.175,54.9712#48.04#26.74#25.22
-145.085,54.9668#47.98#26.74#25.28
-144.994,54.9623#47.93#26.75#25.32
-144.904,54.9577#47.87#26.75#25.38
-144.813,54.953#47.81#26.76#25.43
-144.723,54.9482#47.75#26.76#25.49
-144.632,54.9434#47.7#26.77#25.53
-144.542,54.9385#47.64#26.77#25.59
-144.451,54.9335#47.58#26.77#25.65
-144.361,54.9284#47.53#26.78#25.69
-144.271,54.9232#47.47#26.78#25.75
-144.18,54.918#47.42#26.79#25.79
-144.09,54.9126#47.37#26.79#25.84
-144,54.9072#47.31#26.79#25.9
-143.91,54.9017#47.26#26.8#25.94
-156.911,54.9005#66.92#26.32#6.75999999999999
-156.821,54.9067#66.92#26.32#6.75999999999999
-156.731,54.9129#66.92#26.32#6.75999999999999
-156.641,54.9189#66.92#26.32#6.75999999999999
-156.55,54.9249#66.92#26.32#6.75999999999999
-156.46,54.9308#66.92#26.33#6.75
-156.37,54.9367#66.92#26.33#6.75
-156.28,54.9424#66.92#26.33#6.75
-156.189,54.9481#66.92#26.33#6.75
-156.099,54.9537#66.91#26.34#6.75
-156.009,54.9592#66.91#26.34#6.75
-155.918,54.9646#66.91#26.34#6.75
-155.828,54.9699#66.91#26.34#6.75
-155.737,54.9752#66.91#26.35#6.74000000000001
-155.647,54.9804#66.91#26.35#6.74000000000001
-155.556,54.9855#66.91#26.35#6.74000000000001
-155.466,54.9905#66.91#26.35#6.74000000000001
-155.375,54.9954#66.9#26.36#6.73999999999999
-155.285,55.0003#66.9#26.36#6.73999999999999
-155.194,55.005#66.9#26.36#6.73999999999999
-155.103,55.0097#66.89#26.36#6.75
-155.013,55.0143#66.89#26.37#6.73999999999999
-154.922,55.0188#66.87#26.37#6.75999999999999
-154.831,55.0233#66.85#26.37#6.78
-154.741,55.0276#66.83#26.38#6.79000000000001
-154.65,55.0319#66.8#26.38#6.82000000000001
-154.559,55.0361#66.78#26.38#6.84
-154.468,55.0402#66.75#26.38#6.87
-154.377,55.0442#66.69#26.39#6.92
-154.286,55.0482#66.64#26.39#6.97
-154.196,55.052#66.58#26.39#7.03
-154.105,55.0558#66.53#26.4#7.06999999999999
-154.014,55.0595#66.47#26.4#7.13
-153.923,55.0631#66.39#26.4#7.21000000000001
-153.832,55.0666#66.31#26.4#7.28999999999999
-153.741,55.0701#66.22#26.41#7.37
-153.65,55.0735#66.13#26.41#7.46000000000001
-153.559,55.0767#66.04#26.41#7.55
-153.468,55.0799#65.91#26.42#7.67
-153.377,55.0831#65.71#26.42#7.87
-153.286,55.0861#65.51#26.42#8.06999999999999
-153.195,55.089#65.32#26.42#8.26000000000001
-153.103,55.0919#65.12#26.43#8.44999999999999
-153.012,55.0947#64.92#26.43#8.65000000000001
-152.921,55.0974#64.73#26.43#8.84
-152.83,55.1#64.54#26.44#9.02
-152.739,55.1026#64.34#26.44#9.22
-152.648,55.105#64.15#26.44#9.41
-152.556,55.1074#63.96#26.44#9.59999999999999
-152.465,55.1097#63.73#26.45#9.82000000000001
-152.374,55.1119#63.42#26.45#10.13
-152.283,55.114#63.11#26.45#10.44
-152.192,55.116#62.8#26.46#10.74
-152.1,55.118#62.49#26.46#11.05
-152.009,55.1199#62.18#26.46#11.36
-151.918,55.1216#61.86#26.47#11.67
-151.826,55.1234#61.54#26.47#11.99
-151.735,55.125#61.22#26.47#12.31
-151.644,55.1265#60.89#26.48#12.63
-151.553,55.128#60.57#26.48#12.95
-151.461,55.1293#60.27#26.48#13.25
-151.37,55.1306#60.02#26.49#13.49
-151.279,55.1318#59.76#26.49#13.75
-151.187,55.133#59.5#26.49#14.01
-151.096,55.134#59.24#26.5#14.26
-151.005,55.135#58.98#26.5#14.52
-150.913,55.1358#58.78#26.5#14.72
-150.822,55.1366#58.58#26.51#14.91
-150.73,55.1373#58.38#26.51#15.11
-150.639,55.138#58.18#26.51#15.31
-150.548,55.1385#57.98#26.52#15.5
-150.456,55.139#57.78#26.52#15.7
-150.365,55.1393#57.57#26.52#15.91
-150.274,55.1396#57.37#26.53#16.1
-150.182,55.1398#57.17#26.53#16.3
-150.091,55.14#56.96#26.53#16.51
-149.999,55.14#56.76#26.54#16.7
-149.908,55.14#56.49#26.54#16.97
-149.817,55.1398#56.21#26.54#17.25
-149.725,55.1396#55.94#26.55#17.51
-149.634,55.1393#55.67#26.55#17.78
-149.543,55.139#55.4#26.55#18.05
-149.451,55.1385#55.1#26.56#18.34
-149.36,55.138#54.79#26.56#18.65
-149.268,55.1373#54.48#26.56#18.96
-149.177,55.1366#54.17#26.57#19.26
-149.086,55.1358#53.85#26.57#19.58
-148.994,55.135#53.54#26.57#19.89
-148.903,55.134#53.25#26.58#20.17
-148.812,55.133#52.95#26.58#20.47
-148.72,55.1318#52.66#26.59#20.75
-148.629,55.1306#52.36#26.59#21.05
-148.538,55.1293#52.06#26.59#21.35
-148.446,55.128#51.77#26.6#21.63
-148.355,55.1265#51.48#26.6#21.92
-148.264,55.125#51.18#26.6#22.22
-148.172,55.1233#50.89#26.61#22.5
-148.081,55.1216#50.6#26.61#22.79
-147.99,55.1198#50.33#26.61#23.06
-147.899,55.118#50.2#26.62#23.18
-147.807,55.116#50.07#26.62#23.31
-147.716,55.114#49.94#26.63#23.43
-147.625,55.1118#49.81#26.63#23.56
-147.534,55.1096#49.68#26.63#23.69
-147.442,55.1073#49.59#26.64#23.77
-147.351,55.105#49.52#26.64#23.84
-147.26,55.1025#49.45#26.64#23.91
-147.169,55.1#49.38#26.65#23.97
-147.078,55.0974#49.31#26.65#24.04
-146.987,55.0947#49.25#26.66#24.09
-146.895,55.0919#49.19#26.66#24.15
-146.804,55.089#49.12#26.66#24.22
-146.713,55.086#49.06#26.67#24.27
-146.622,55.083#49#26.67#24.33
-146.531,55.0799#48.94#26.68#24.38
-146.44,55.0767#48.88#26.68#24.44
-146.349,55.0734#48.82#26.68#24.5
-146.258,55.07#48.77#26.69#24.54
-146.167,55.0666#48.71#26.69#24.6
-146.076,55.0631#48.65#26.7#24.65
-145.985,55.0595#48.59#26.7#24.71
-145.894,55.0558#48.53#26.7#24.77
-145.803,55.052#48.47#26.71#24.82
-145.712,55.0481#48.42#26.71#24.87
-145.622,55.0442#48.36#26.72#24.92
-145.531,55.0401#48.3#26.72#24.98
-145.44,55.036#48.24#26.72#25.04
-145.349,55.0318#48.18#26.73#25.09
-145.258,55.0276#48.12#26.73#25.15
-145.168,55.0232#48.06#26.74#25.2
-145.077,55.0188#48#26.74#25.26
-144.986,55.0143#47.94#26.74#25.32
-144.896,55.0097#47.89#26.75#25.36
-144.805,55.005#47.83#26.75#25.42
-144.714,55.0002#47.77#26.76#25.47
-144.624,54.9953#47.71#26.76#25.53
-144.533,54.9904#47.65#26.76#25.59
-144.443,54.9854#47.6#26.77#25.63
-144.352,54.9803#47.54#26.77#25.69
-144.262,54.9751#47.48#26.78#25.74
-144.171,54.9699#47.43#26.78#25.79
-144.081,54.9645#47.37#26.79#25.84
-143.99,54.9591#47.32#26.79#25.89
-143.9,54.9536#47.27#26.79#25.94
-143.81,54.948#47.21#26.8#25.99
-143.719,54.9424#47.16#26.8#26.04
-143.629,54.9366#47.11#26.81#26.08
-143.539,54.9308#47.06#26.81#26.13
-143.449,54.9249#47.01#26.82#26.17
-143.358,54.9189#46.96#26.82#26.22
-143.268,54.9128#46.91#26.82#26.27
-143.178,54.9066#46.86#26.83#26.31
-143.088,54.9004#46.82#26.83#26.35
-157.552,54.9063#67.12#26.3#6.58
-157.462,54.9131#67.12#26.3#6.58
-157.372,54.9198#67.13#26.3#6.57000000000001
-157.282,54.9265#67.13#26.3#6.57000000000001
-157.192,54.933#67.13#26.3#6.57000000000001
-157.102,54.9395#67.13#26.31#6.56
-157.012,54.9459#67.13#26.31#6.56
-156.922,54.9523#67.14#26.31#6.55
-156.832,54.9585#67.14#26.31#6.55
-156.741,54.9647#67.14#26.32#6.53999999999999
-156.651,54.9708#67.14#26.32#6.53999999999999
-156.561,54.9768#67.14#26.32#6.53999999999999
-156.47,54.9827#67.14#26.32#6.53999999999999
-156.38,54.9885#67.14#26.33#6.53
-156.29,54.9943#67.14#26.33#6.53
-156.199,55#67.14#26.33#6.53
-156.109,55.0056#67.14#26.33#6.53
-156.018,55.0111#67.14#26.34#6.52
-155.928,55.0165#67.14#26.34#6.52
-155.837,55.0219#67.14#26.34#6.52
-155.746,55.0271#67.14#26.34#6.52
-155.656,55.0323#67.15#26.35#6.5
-155.565,55.0374#67.15#26.35#6.5
-155.474,55.0424#67.15#26.35#6.5
-155.384,55.0474#67.14#26.35#6.50999999999999
-155.293,55.0522#67.14#26.36#6.5
-155.202,55.057#67.14#26.36#6.5
-155.111,55.0617#67.14#26.36#6.5
-155.021,55.0663#67.14#26.36#6.5
-154.93,55.0708#67.12#26.37#6.50999999999999
-154.839,55.0753#67.1#26.37#6.53
-154.748,55.0796#67.08#26.37#6.55
-154.657,55.0839#67.06#26.37#6.56999999999999
-154.566,55.0881#67.04#26.38#6.58
-154.475,55.0922#67.01#26.38#6.61
-154.384,55.0963#66.96#26.38#6.66000000000001
-154.293,55.1002#66.9#26.39#6.70999999999999
-154.202,55.1041#66.85#26.39#6.76000000000001
-154.111,55.1079#66.8#26.39#6.81
-154.02,55.1116#66.74#26.39#6.87
-153.929,55.1152#66.66#26.4#6.94
-153.838,55.1187#66.56#26.4#7.03999999999999
-153.747,55.1222#66.47#26.4#7.13
-153.656,55.1256#66.37#26.4#7.22999999999999
-153.564,55.1289#66.27#26.41#7.32000000000001
-153.473,55.1321#66.15#26.41#7.44
-153.382,55.1352#65.96#26.41#7.63000000000001
-153.291,55.1382#65.77#26.42#7.81
-153.2,55.1412#65.58#26.42#8
-153.108,55.1441#65.39#26.42#8.19
-153.017,55.1468#65.2#26.43#8.37
-152.926,55.1496#65.02#26.43#8.55000000000001
-152.835,55.1522#64.85#26.43#8.72
-152.743,55.1547#64.67#26.43#8.90000000000001
-152.652,55.1572#64.5#26.44#9.06
-152.561,55.1596#64.32#26.44#9.24000000000001
-152.469,55.1618#64.1#26.44#9.46000000000001
-152.378,55.1641#63.79#26.45#9.76000000000001
-152.286,55.1662#63.48#26.45#10.07
-152.195,55.1682#63.17#26.45#10.38
-152.104,55.1702#62.86#26.46#10.68
-152.012,55.1721#62.54#26.46#11
-151.921,55.1739#62.21#26.46#11.33
-151.829,55.1756#61.88#26.47#11.65
-151.738,55.1772#61.54#26.47#11.99
-151.647,55.1787#61.2#26.47#12.33
-151.555,55.1802#60.86#26.47#12.67
-151.464,55.1816#60.56#26.48#12.96
-151.372,55.1829#60.29#26.48#13.23
-151.281,55.1841#60.03#26.48#13.49
-151.189,55.1852#59.76#26.49#13.75
-151.098,55.1862#59.49#26.49#14.02
-151.006,55.1872#59.23#26.49#14.28
-150.915,55.1881#59.02#26.5#14.48
-150.823,55.1889#58.82#26.5#14.68
-150.732,55.1896#58.62#26.5#14.88
-150.64,55.1902#58.42#26.51#15.07
-150.549,55.1907#58.22#26.51#15.27
-150.457,55.1912#58.01#26.51#15.48
-150.366,55.1916#57.81#26.52#15.67
-150.274,55.1919#57.6#26.52#15.88
-150.182,55.1921#57.4#26.52#16.08
-150.091,55.1922#57.19#26.53#16.28
-149.999,55.1922#56.98#26.53#16.49
-149.908,55.1922#56.71#26.53#16.76
-149.816,55.1921#56.43#26.54#17.03
-149.725,55.1919#56.15#26.54#17.31
-149.633,55.1916#55.87#26.55#17.58
-149.542,55.1912#55.59#26.55#17.86
-149.45,55.1907#55.29#26.55#18.16
-149.359,55.1902#54.97#26.56#18.47
-149.267,55.1896#54.65#26.56#18.79
-149.176,55.1889#54.33#26.56#19.11
-149.084,55.1881#54.01#26.57#19.42
-148.993,55.1872#53.7#26.57#19.73
-148.901,55.1862#53.4#26.57#20.03
-148.81,55.1852#53.11#26.58#20.31
-148.718,55.1841#52.82#26.58#20.6
-148.627,55.1828#52.53#26.58#20.89
-148.535,55.1815#52.23#26.59#21.18
-148.444,55.1802#51.93#26.59#21.48
-148.352,55.1787#51.62#26.6#21.78
-148.261,55.1772#51.31#26.6#22.09
-148.169,55.1755#51#26.6#22.4
-148.078,55.1738#50.69#26.61#22.7
-147.987,55.172#50.41#26.61#22.98
-147.895,55.1702#50.27#26.61#23.12
-147.804,55.1682#50.13#26.62#23.25
-147.712,55.1662#50#26.62#23.38
-147.621,55.164#49.86#26.63#23.51
-147.53,55.1618#49.72#26.63#23.65
-147.438,55.1595#49.63#26.63#23.74
-147.347,55.1571#49.56#26.64#23.8
-147.256,55.1547#49.49#26.64#23.87
-147.164,55.1521#49.42#26.64#23.94
-147.073,55.1495#49.35#26.65#24
-146.982,55.1468#49.29#26.65#24.06
-146.89,55.144#49.22#26.66#24.12
-146.799,55.1411#49.16#26.66#24.18
-146.708,55.1382#49.1#26.66#24.24
-146.617,55.1351#49.04#26.67#24.29
-146.526,55.132#48.98#26.67#24.35
-146.434,55.1288#48.92#26.67#24.41
-146.343,55.1255#48.86#26.68#24.46
-146.252,55.1222#48.8#26.68#24.52
-146.161,55.1187#48.74#26.69#24.57
-146.07,55.1152#48.68#26.69#24.63
-145.979,55.1115#48.62#26.69#24.69
-145.888,55.1078#48.56#26.7#24.74
-145.797,55.104#48.5#26.7#24.8
-145.706,55.1002#48.44#26.71#24.85
-145.615,55.0962#48.38#26.71#24.91
-145.524,55.0922#48.33#26.71#24.96
-145.433,55.0881#48.26#26.72#25.02
-145.342,55.0839#48.2#26.72#25.08
-145.251,55.0796#48.14#26.73#25.13
-145.16,55.0752#48.08#26.73#25.19
-145.069,55.0708#48.02#26.74#25.24
-144.978,55.0663#47.96#26.74#25.3
-144.887,55.0616#47.9#26.74#25.36
-144.797,55.0569#47.84#26.75#25.41
-144.706,55.0522#47.78#26.75#25.47
-144.615,55.0473#47.72#26.76#25.52
-144.524,55.0424#47.66#26.76#25.58
-144.434,55.0374#47.61#26.76#25.63
-144.343,55.0322#47.55#26.77#25.68
-144.252,55.0271#47.49#26.77#25.74
-144.162,55.0218#47.44#26.78#25.78
-144.071,55.0164#47.38#26.78#25.84
-143.981,55.011#47.33#26.79#25.88
-143.89,55.0055#47.27#26.79#25.94
-143.8,54.9999#47.22#26.79#25.99
-143.709,54.9942#47.17#26.8#26.03
-143.619,54.9885#47.11#26.8#26.09
-143.529,54.9826#47.06#26.81#26.13
-143.438,54.9767#47.01#26.81#26.18
-143.348,54.9707#46.96#26.82#26.22
-143.258,54.9646#46.91#26.82#26.27
-143.167,54.9584#46.86#26.82#26.32
-143.077,54.9522#46.81#26.83#26.36
-142.987,54.9459#46.76#26.83#26.41
-142.897,54.9395#46.72#26.84#26.44
-142.807,54.933#46.67#26.84#26.49
-142.717,54.9264#46.63#26.85#26.52
-142.627,54.9197#46.58#26.85#26.57
-142.537,54.913#46.54#26.85#26.61
-142.447,54.9062#46.5#26.86#26.64
-158.284,54.9004#67.35#26.27#6.38000000000001
-158.194,54.9079#67.34#26.28#6.38
-158.104,54.9153#67.34#26.28#6.38
-158.014,54.9226#67.34#26.28#6.38
-157.924,54.9299#67.34#26.28#6.38
-157.834,54.937#67.34#26.28#6.38
-157.744,54.9441#67.34#26.29#6.37
-157.654,54.9511#67.33#26.29#6.38
-157.564,54.958#67.33#26.29#6.38
-157.474,54.9648#67.33#26.29#6.38
-157.384,54.9716#67.34#26.3#6.36
-157.294,54.9782#67.34#26.3#6.36
-157.204,54.9848#67.34#26.3#6.36
-157.113,54.9913#67.35#26.3#6.35000000000001
-157.023,54.9977#67.35#26.31#6.34
-156.933,55.0041#67.35#26.31#6.34
-156.842,55.0103#67.36#26.31#6.33
-156.752,55.0165#67.36#26.31#6.33
-156.662,55.0226#67.36#26.31#6.33
-156.571,55.0286#67.36#26.32#6.31999999999999
-156.481,55.0346#67.37#26.32#6.31
-156.39,55.0404#67.37#26.32#6.31
-156.3,55.0462#67.37#26.32#6.31
-156.209,55.0519#67.37#26.33#6.3
-156.118,55.0575#67.37#26.33#6.3
-156.028,55.063#67.37#26.33#6.3
-155.937,55.0684#67.37#26.33#6.3
-155.846,55.0738#67.37#26.34#6.28999999999999
-155.756,55.0791#67.38#26.34#6.28
-155.665,55.0843#67.38#26.34#6.28
-155.574,55.0894#67.38#26.34#6.28
-155.483,55.0944#67.38#26.35#6.27000000000001
-155.392,55.0994#67.38#26.35#6.27000000000001
-155.301,55.1042#67.38#26.35#6.27000000000001
-155.211,55.109#67.38#26.35#6.27000000000001
-155.12,55.1137#67.38#26.36#6.26000000000001
-155.029,55.1183#67.38#26.36#6.26000000000001
-154.938,55.1229#67.37#26.36#6.27
-154.847,55.1273#67.35#26.36#6.29000000000001
-154.756,55.1317#67.33#26.37#6.3
-154.665,55.136#67.32#26.37#6.31
-154.573,55.1402#67.3#26.37#6.33
-154.482,55.1443#67.27#26.38#6.35000000000001
-154.391,55.1483#67.22#26.38#6.40000000000001
-154.3,55.1523#67.17#26.38#6.45
-154.209,55.1562#67.12#26.38#6.5
-154.118,55.16#67.06#26.39#6.55
-154.027,55.1637#67.01#26.39#6.59999999999999
-153.935,55.1673#66.92#26.39#6.69
-153.844,55.1709#66.82#26.39#6.79000000000001
-153.753,55.1743#66.72#26.4#6.88
-153.661,55.1777#66.61#26.4#6.99000000000001
-153.57,55.181#66.51#26.4#7.09
-153.479,55.1842#66.38#26.41#7.21000000000001
-153.387,55.1873#66.2#26.41#7.39
-153.296,55.1904#66.02#26.41#7.57000000000001
-153.205,55.1933#65.84#26.42#7.73999999999999
-153.113,55.1962#65.65#26.42#7.92999999999999
-153.022,55.199#65.47#26.42#8.11
-152.93,55.2017#65.3#26.42#8.28
-152.839,55.2044#65.13#26.43#8.44
-152.748,55.2069#64.97#26.43#8.59999999999999
-152.656,55.2094#64.8#26.43#8.77000000000001
-152.565,55.2117#64.63#26.44#8.93000000000001
-152.473,55.214#64.42#26.44#9.14
-152.382,55.2163#64.1#26.44#9.46000000000001
-152.29,55.2184#63.79#26.45#9.76000000000001
-152.199,55.2204#63.47#26.45#10.08
-152.107,55.2224#63.16#26.45#10.39
-152.015,55.2243#62.84#26.45#10.71
-151.924,55.2261#62.51#26.46#11.03
-151.832,55.2278#62.18#26.46#11.36
-151.741,55.2294#61.85#26.46#11.69
-151.649,55.231#61.53#26.47#12
-151.558,55.2324#61.2#26.47#12.33
-151.466,55.2338#60.89#26.47#12.64
-151.374,55.2351#60.62#26.48#12.9
-151.283,55.2363#60.36#26.48#13.16
-151.191,55.2374#60.09#26.48#13.43
-151.099,55.2385#59.82#26.49#13.69
-151.008,55.2394#59.55#26.49#13.96
-150.916,55.2403#59.33#26.49#14.18
-150.824,55.2411#59.12#26.5#14.38
-150.733,55.2418#58.9#26.5#14.6
-150.641,55.2424#58.69#26.5#14.81
-150.549,55.243#58.47#26.51#15.02
-150.458,55.2434#58.26#26.51#15.23
-150.366,55.2438#58.05#26.51#15.44
-150.274,55.2441#57.84#26.52#15.64
-150.183,55.2443#57.63#26.52#15.85
-150.091,55.2444#57.42#26.52#16.06
-149.999,55.2445#57.21#26.53#16.26
-149.908,55.2444#56.91#26.53#16.56
-149.816,55.2443#56.62#26.53#16.85
-149.724,55.2441#56.33#26.54#17.13
-149.633,55.2438#56.03#26.54#17.43
-149.541,55.2434#55.74#26.54#17.72
-149.449,55.243#55.43#26.55#18.02
-149.358,55.2424#55.11#26.55#18.34
-149.266,55.2418#54.79#26.55#18.66
-149.174,55.2411#54.47#26.56#18.97
-149.083,55.2403#54.14#26.56#19.3
-148.991,55.2394#53.82#26.57#19.61
-148.899,55.2385#53.53#26.57#19.9
-148.808,55.2374#53.24#26.57#20.19
-148.716,55.2363#52.94#26.58#20.48
-148.625,55.2351#52.65#26.58#20.77
-148.533,55.2338#52.36#26.58#21.06
-148.441,55.2324#52.05#26.59#21.36
-148.35,55.2309#51.74#26.59#21.67
-148.258,55.2294#51.43#26.59#21.98
-148.167,55.2278#51.12#26.6#22.28
-148.075,55.226#50.81#26.6#22.59
-147.983,55.2242#50.52#26.61#22.87
-147.892,55.2224#50.37#26.61#23.02
-147.8,55.2204#50.22#26.61#23.17
-147.709,55.2184#50.07#26.62#23.31
-147.617,55.2162#49.93#26.62#23.45
-147.526,55.214#49.78#26.62#23.6
-147.434,55.2117#49.68#26.63#23.69
-147.343,55.2093#49.61#26.63#23.76
-147.251,55.2069#49.54#26.64#23.82
-147.16,55.2043#49.47#26.64#23.89
-147.068,55.2017#49.39#26.64#23.97
-146.977,55.199#49.32#26.65#24.03
-146.886,55.1962#49.26#26.65#24.09
-146.794,55.1933#49.2#26.65#24.15
-146.703,55.1903#49.14#26.66#24.2
-146.611,55.1873#49.08#26.66#24.26
-146.52,55.1842#49.02#26.67#24.31
-146.429,55.1809#48.95#26.67#24.38
-146.337,55.1777#48.9#26.67#24.43
-146.246,55.1743#48.84#26.68#24.48
-146.155,55.1708#48.78#26.68#24.54
-146.064,55.1673#48.72#26.69#24.59
-145.972,55.1636#48.66#26.69#24.65
-145.881,55.1599#48.59#26.69#24.72
-145.79,55.1561#48.53#26.7#24.77
-145.699,55.1523#48.47#26.7#24.83
-145.608,55.1483#48.41#26.71#24.88
-145.516,55.1443#48.35#26.71#24.94
-145.425,55.1401#48.29#26.71#25
-145.334,55.1359#48.23#26.72#25.05
-145.243,55.1316#48.17#26.72#25.11
-145.152,55.1273#48.1#26.73#25.17
-145.061,55.1228#48.04#26.73#25.23
-144.97,55.1183#47.98#26.73#25.29
-144.879,55.1137#47.92#26.74#25.34
-144.788,55.1089#47.86#26.74#25.4
-144.697,55.1042#47.8#26.75#25.45
-144.607,55.0993#47.74#26.75#25.51
-144.516,55.0943#47.68#26.76#25.56
-144.425,55.0893#47.62#26.76#25.62
-144.334,55.0842#47.56#26.76#25.68
-144.243,55.079#47.5#26.77#25.73
-144.153,55.0737#47.45#26.77#25.78
-144.062,55.0684#47.39#26.78#25.83
-143.971,55.0629#47.33#26.78#25.89
-143.881,55.0574#47.28#26.78#25.94
-143.79,55.0518#47.22#26.79#25.99
-143.699,55.0461#47.17#26.79#26.04
-143.609,55.0403#47.12#26.8#26.08
-143.518,55.0345#47.06#26.8#26.14
-143.428,55.0285#47.01#26.81#26.18
-143.337,55.0225#46.96#26.81#26.23
-143.247,55.0164#46.91#26.81#26.28
-143.156,55.0103#46.86#26.82#26.32
-143.066,55.004#46.81#26.82#26.37
-142.976,54.9977#46.76#26.83#26.41
-142.886,54.9912#46.72#26.83#26.45
-142.795,54.9847#46.67#26.84#26.49
-142.705,54.9781#46.62#26.84#26.54
-142.615,54.9715#46.58#26.85#26.57
-142.525,54.9647#46.53#26.85#26.62
-142.435,54.9579#46.49#26.85#26.66
-142.345,54.951#46.45#26.86#26.69
-142.255,54.944#46.4#26.86#26.74
-142.165,54.9369#46.36#26.87#26.77
-142.075,54.9298#46.32#26.87#26.81
-141.985,54.9225#46.28#26.88#26.84
-141.895,54.9152#46.23#26.88#26.89
-141.805,54.9078#46.19#26.88#26.93
-141.715,54.9003#46.14#26.89#26.97
-158.836,54.9054#67.56#26.26#6.17999999999999
-158.746,54.9134#67.56#26.26#6.17999999999999
-158.656,54.9213#67.55#26.26#6.19
-158.566,54.9291#67.55#26.26#6.19
-158.477,54.9368#67.54#26.27#6.19
-158.387,54.9445#67.54#26.27#6.19
-158.297,54.9521#67.54#26.27#6.19
-158.207,54.9596#67.54#26.27#6.19
-158.117,54.967#67.54#26.28#6.17999999999999
-158.027,54.9743#67.54#26.28#6.17999999999999
-157.937,54.9815#67.54#26.28#6.17999999999999
-157.847,54.9887#67.54#26.28#6.17999999999999
-157.757,54.9958#67.54#26.28#6.17999999999999
-157.666,55.0028#67.54#26.29#6.16999999999999
-157.576,55.0097#67.54#26.29#6.16999999999999
-157.486,55.0166#67.54#26.29#6.16999999999999
-157.396,55.0233#67.55#26.29#6.16
-157.305,55.03#67.55#26.29#6.16
-157.215,55.0366#67.56#26.3#6.14
-157.125,55.0431#67.56#26.3#6.14
-157.034,55.0495#67.56#26.3#6.14
-156.944,55.0559#67.57#26.3#6.13000000000001
-156.853,55.0622#67.57#26.31#6.12
-156.763,55.0684#67.58#26.31#6.11
-156.672,55.0745#67.58#26.31#6.11
-156.582,55.0805#67.58#26.31#6.11
-156.491,55.0864#67.59#26.32#6.09
-156.4,55.0923#67.59#26.32#6.09
-156.31,55.0981#67.59#26.32#6.09
-156.219,55.1038#67.59#26.32#6.09
-156.128,55.1094#67.6#26.32#6.08000000000001
-156.037,55.1149#67.6#26.33#6.07000000000001
-155.946,55.1204#67.6#26.33#6.07000000000001
-155.856,55.1257#67.61#26.33#6.06
-155.765,55.131#67.61#26.33#6.06
-155.674,55.1362#67.61#26.34#6.05
-155.583,55.1414#67.62#26.34#6.03999999999999
-155.492,55.1464#67.62#26.34#6.03999999999999
-155.401,55.1514#67.62#26.34#6.03999999999999
-155.31,55.1562#67.63#26.35#6.02000000000001
-155.219,55.161#67.63#26.35#6.02000000000001
-155.128,55.1657#67.63#26.35#6.02000000000001
-155.037,55.1704#67.63#26.36#6.01000000000001
-154.946,55.1749#67.62#26.36#6.02
-154.854,55.1794#67.6#26.36#6.04000000000001
-154.763,55.1837#67.59#26.36#6.05
-154.672,55.188#67.57#26.37#6.06
-154.581,55.1923#67.56#26.37#6.06999999999999
-154.49,55.1964#67.53#26.37#6.09999999999999
-154.398,55.2004#67.47#26.37#6.16
-154.307,55.2044#67.41#26.38#6.21000000000001
-154.216,55.2083#67.35#26.38#6.27000000000001
-154.124,55.2121#67.3#26.38#6.32000000000001
-154.033,55.2158#67.24#26.39#6.37
-153.942,55.2194#67.15#26.39#6.45999999999999
-153.85,55.223#67.04#26.39#6.56999999999999
-153.759,55.2265#66.93#26.39#6.67999999999999
-153.667,55.2298#66.82#26.4#6.78
-153.576,55.2331#66.72#26.4#6.88
-153.484,55.2364#66.59#26.4#7.00999999999999
-153.393,55.2395#66.42#26.41#7.17
-153.301,55.2425#66.24#26.41#7.35000000000001
-153.21,55.2455#66.06#26.41#7.53
-153.118,55.2484#65.88#26.41#7.71000000000001
-153.027,55.2512#65.7#26.42#7.88
-152.935,55.2539#65.53#26.42#8.05
-152.844,55.2565#65.36#26.42#8.22
-152.752,55.2591#65.19#26.43#8.38
-152.66,55.2616#65.02#26.43#8.55000000000001
-152.569,55.264#64.85#26.43#8.72
-152.477,55.2663#64.64#26.43#8.93000000000001
-152.385,55.2685#64.33#26.44#9.23
-152.294,55.2706#64.02#26.44#9.54000000000001
-152.202,55.2727#63.71#26.44#9.84999999999999
-152.11,55.2746#63.41#26.45#10.14
-152.019,55.2765#63.1#26.45#10.45
-151.927,55.2783#62.79#26.45#10.76
-151.835,55.28#62.47#26.46#11.07
-151.744,55.2816#62.16#26.46#11.38
-151.652,55.2832#61.85#26.46#11.69
-151.56,55.2847#61.54#26.47#11.99
-151.468,55.286#61.25#26.47#12.28
-151.376,55.2873#60.97#26.47#12.56
-151.285,55.2886#60.7#26.48#12.82
-151.193,55.2897#60.43#26.48#13.09
-151.101,55.2907#60.15#26.48#13.37
-151.009,55.2917#59.88#26.49#13.63
-150.918,55.2926#59.65#26.49#13.86
-150.826,55.2934#59.42#26.49#14.09
-150.734,55.2941#59.19#26.5#14.31
-150.642,55.2947#58.96#26.5#14.54
-150.55,55.2953#58.73#26.5#14.77
-150.459,55.2957#58.51#26.51#14.98
-150.367,55.2961#58.29#26.51#15.2
-150.275,55.2964#58.08#26.51#15.41
-150.183,55.2966#57.86#26.52#15.62
-150.091,55.2967#57.64#26.52#15.84
-149.999,55.2968#57.43#26.52#16.05
-149.908,55.2967#57.12#26.53#16.35
-149.816,55.2966#56.81#26.53#16.66
-149.724,55.2964#56.5#26.53#16.97
-149.632,55.2961#56.2#26.54#17.26
-149.54,55.2957#55.89#26.54#17.57
-149.449,55.2952#55.57#26.54#17.89
-149.357,55.2947#55.25#26.55#18.2
-149.265,55.2941#54.92#26.55#18.53
-149.173,55.2934#54.6#26.55#18.85
-149.081,55.2926#54.27#26.56#19.17
-148.989,55.2917#53.95#26.56#19.49
-148.898,55.2907#53.65#26.56#19.79
-148.806,55.2897#53.36#26.57#20.07
-148.714,55.2885#53.06#26.57#20.37
-148.622,55.2873#52.76#26.58#20.66
-148.531,55.286#52.47#26.58#20.95
-148.439,55.2846#52.17#26.58#21.25
-148.347,55.2832#51.86#26.59#21.55
-148.255,55.2816#51.55#26.59#21.86
-148.164,55.28#51.25#26.59#22.16
-148.072,55.2783#50.94#26.6#22.46
-147.98,55.2765#50.66#26.6#22.74
-147.888,55.2746#50.5#26.6#22.9
-147.797,55.2726#50.34#26.61#23.05
-147.705,55.2706#50.17#26.61#23.22
-147.613,55.2684#50.01#26.62#23.37
-147.522,55.2662#49.85#26.62#23.53
-147.43,55.2639#49.75#26.62#23.63
-147.338,55.2615#49.67#26.63#23.7
-147.247,55.2591#49.59#26.63#23.78
-147.155,55.2565#49.51#26.63#23.86
-147.064,55.2539#49.44#26.64#23.92
-146.972,55.2512#49.36#26.64#24
-146.881,55.2484#49.3#26.65#24.05
-146.789,55.2455#49.24#26.65#24.11
-146.697,55.2425#49.18#26.65#24.17
-146.606,55.2395#49.11#26.66#24.23
-146.514,55.2363#49.05#26.66#24.29
-146.423,55.2331#48.99#26.67#24.34
-146.332,55.2298#48.93#26.67#24.4
-146.24,55.2264#48.87#26.67#24.46
-146.149,55.2229#48.81#26.68#24.51
-146.057,55.2194#48.75#26.68#24.57
-145.966,55.2158#48.68#26.69#24.63
-145.875,55.212#48.62#26.69#24.69
-145.783,55.2082#48.56#26.69#24.75
-145.692,55.2044#48.5#26.7#24.8
-145.601,55.2004#48.44#26.7#24.86
-145.509,55.1963#48.38#26.71#24.91
-145.418,55.1922#48.31#26.71#24.98
-145.327,55.188#48.25#26.71#25.04
-145.236,55.1837#48.19#26.72#25.09
-145.144,55.1793#48.12#26.72#25.16
-145.053,55.1748#48.06#26.73#25.21
-144.962,55.1703#48#26.73#25.27
-144.871,55.1657#47.94#26.73#25.33
-144.78,55.161#47.87#26.74#25.39
-144.689,55.1562#47.81#26.74#25.45
-144.598,55.1513#47.75#26.75#25.5
-144.507,55.1463#47.69#26.75#25.56
-144.416,55.1413#47.63#26.76#25.61
-144.325,55.1362#47.57#26.76#25.67
-144.234,55.131#47.51#26.76#25.73
-144.143,55.1257#47.45#26.77#25.78
-144.052,55.1203#47.39#26.77#25.84
-143.962,55.1149#47.34#26.78#25.88
-143.871,55.1093#47.28#26.78#25.94
-143.78,55.1037#47.23#26.78#25.99
-143.689,55.098#47.17#26.79#26.04
-143.599,55.0922#47.12#26.79#26.09
-143.508,55.0864#47.06#26.8#26.14
-143.417,55.0804#47.01#26.8#26.19
-143.327,55.0744#46.96#26.81#26.23
-143.236,55.0683#46.91#26.81#26.28
-143.146,55.0621#46.86#26.81#26.33
-143.055,55.0558#46.81#26.82#26.37
-142.965,55.0495#46.76#26.82#26.42
-142.874,55.043#46.71#26.83#26.46
-142.784,55.0365#46.66#26.83#26.51
-142.693,55.0299#46.62#26.84#26.54
-142.603,55.0232#46.57#26.84#26.59
-142.513,55.0165#46.53#26.85#26.62
-142.423,55.0096#46.48#26.85#26.67
-142.332,55.0027#46.44#26.85#26.71
-142.242,54.9957#46.4#26.86#26.74
-142.152,54.9886#46.35#26.86#26.79
-142.062,54.9814#46.31#26.87#26.82
-141.972,54.9742#46.27#26.87#26.86
-141.882,54.9669#46.22#26.88#26.9
-141.792,54.9595#46.18#26.88#26.94
-141.702,54.952#46.13#26.88#26.99
-141.612,54.9444#46.09#26.89#27.02
-141.522,54.9368#46.05#26.89#27.06
-141.433,54.929#46#26.9#27.1
-141.343,54.9212#45.96#26.9#27.14
-141.253,54.9133#45.91#26.91#27.18
-141.163,54.9053#45.87#26.91#27.22
-159.387,54.9074#67.78#26.24#5.98
-159.298,54.9159#67.77#26.25#5.98
-159.208,54.9242#67.77#26.25#5.98
-159.119,54.9325#67.76#26.25#5.98999999999999
-159.029,54.9408#67.76#26.25#5.98999999999999
-158.939,54.9489#67.75#26.25#6
-158.849,54.957#67.75#26.26#5.98999999999999
-158.76,54.965#67.75#26.26#5.98999999999999
-158.67,54.9729#67.74#26.26#6
-158.58,54.9807#67.74#26.26#6
-158.49,54.9885#67.74#26.26#6
-158.4,54.9961#67.74#26.27#5.99000000000001
-158.31,55.0037#67.74#26.27#5.99000000000001
-158.22,55.0112#67.74#26.27#5.99000000000001
-158.13,55.0186#67.74#26.27#5.99000000000001
-158.04,55.026#67.74#26.27#5.99000000000001
-157.949,55.0332#67.74#26.28#5.98
-157.859,55.0404#67.75#26.28#5.97
-157.769,55.0475#67.75#26.28#5.97
-157.679,55.0545#67.75#26.28#5.97
-157.588,55.0615#67.75#26.28#5.97
-157.498,55.0683#67.75#26.29#5.96000000000001
-157.407,55.0751#67.76#26.29#5.94999999999999
-157.317,55.0818#67.76#26.29#5.94999999999999
