-153.097,61.9029#49.47#26.11#24.42
-152.982,61.9057#49.34#26.11#24.55
-152.867,61.9085#49.26#26.12#24.62
-152.753,61.9111#49.18#26.12#24.7
-152.638,61.9137#49.09#26.12#24.79
-152.524,61.9161#49.01#26.12#24.87
-152.409,61.9184#48.94#26.12#24.94
-152.295,61.9207#48.86#26.12#25.02
-152.18,61.9228#48.79#26.12#25.09
-152.065,61.9248#48.71#26.12#25.17
-151.951,61.9267#48.62#26.12#25.26
-151.836,61.9284#48.52#26.13#25.35
-151.721,61.9301#48.42#26.13#25.45
-151.606,61.9317#48.31#26.13#25.56
-151.492,61.9331#48.21#26.13#25.66
-151.377,61.9345#48.11#26.13#25.76
-151.262,61.9357#48.01#26.13#25.86
-151.147,61.9369#47.9#26.13#25.97
-151.033,61.9379#47.8#26.13#26.07
-150.918,61.9388#47.71#26.13#26.16
-150.803,61.9396#47.61#26.14#26.25
-150.688,61.9403#47.51#26.14#26.35
-150.573,61.9409#47.42#26.14#26.44
-150.459,61.9414#47.32#26.14#26.54
-150.344,61.9418#47.23#26.14#26.63
-150.229,61.9421#47.14#26.14#26.72
-150.114,61.9422#47.05#26.14#26.81
-149.999,61.9423#46.96#26.15#26.89
-149.884,61.9422#46.87#26.15#26.98
-149.77,61.9421#46.79#26.15#27.06
-149.655,61.9418#46.7#26.15#27.15
-149.54,61.9414#46.61#26.15#27.24
-149.425,61.9409#46.53#26.15#27.32
-149.31,61.9403#46.45#26.16#27.39
-149.196,61.9396#46.36#26.16#27.48
-149.081,61.9388#46.28#26.16#27.56
-148.966,61.9379#46.2#26.16#27.64
-148.851,61.9369#46.12#26.16#27.72
-148.736,61.9357#46.05#26.16#27.79
-148.622,61.9345#45.98#26.17#27.85
-148.507,61.9331#45.9#26.17#27.93
-148.392,61.9317#45.84#26.17#27.99
-148.277,61.9301#45.77#26.17#28.06
-148.163,61.9284#45.71#26.17#28.12
-148.048,61.9266#45.64#26.18#28.18
-147.933,61.9247#45.58#26.18#28.24
-147.819,61.9227#45.51#26.18#28.31
-147.704,61.9206#45.45#26.18#28.37
-147.589,61.9184#45.39#26.18#28.43
-147.475,61.9161#45.32#26.19#28.49
-147.36,61.9136#45.25#26.19#28.56
-147.246,61.9111#45.17#26.19#28.64
-147.131,61.9085#45.1#26.19#28.71
-147.017,61.9057#45.03#26.19#28.78
-146.902,61.9028#44.95#26.2#28.85
-154.82,61.9008#52.22#26.1#21.68
-154.706,61.9053#51.93#26.1#21.97
-154.592,61.9097#51.65#26.1#22.25
-154.477,61.914#51.38#26.1#22.52
-154.363,61.9181#51.17#26.1#22.73
-154.249,61.9222#50.97#26.1#22.93
-154.134,61.9261#50.77#26.11#23.12
-154.02,61.93#50.58#26.11#23.31
-153.905,61.9337#50.4#26.11#23.49
-153.791,61.9373#50.22#26.11#23.67
-153.676,61.9408#50.05#26.11#23.84
-153.561,61.9442#49.88#26.11#24.01
-153.447,61.9475#49.73#26.11#24.16
-153.332,61.9507#49.6#26.11#24.29
-153.217,61.9538#49.47#26.11#24.42
-153.103,61.9568#49.35#26.11#24.54
-152.988,61.9597#49.23#26.11#24.66
-152.873,61.9624#49.15#26.11#24.74
-152.758,61.9651#49.07#26.12#24.81
-152.644,61.9676#48.99#26.12#24.89
-152.529,61.9701#48.91#26.12#24.97
-152.414,61.9724#48.83#26.12#25.05
-152.299,61.9746#48.75#26.12#25.13
-152.184,61.9767#48.68#26.12#25.2
-152.069,61.9787#48.6#26.12#25.28
-151.954,61.9806#48.51#26.12#25.37
-151.84,61.9824#48.41#26.12#25.47
-151.725,61.9841#48.31#26.13#25.56
-151.61,61.9857#48.21#26.13#25.66
-151.495,61.9871#48.11#26.13#25.76
-151.38,61.9885#48.01#26.13#25.86
-151.265,61.9897#47.91#26.13#25.96
-151.15,61.9909#47.81#26.13#26.06
-151.035,61.9919#47.7#26.13#26.17
-150.92,61.9928#47.61#26.13#26.26
-150.805,61.9936#47.51#26.14#26.35
-150.69,61.9943#47.41#26.14#26.45
-150.575,61.9949#47.32#26.14#26.54
-150.459,61.9954#47.22#26.14#26.64
-150.344,61.9958#47.13#26.14#26.73
-150.229,61.9961#47.04#26.14#26.82
-150.114,61.9962#46.95#26.14#26.91
-149.999,61.9963#46.86#26.14#27
-149.884,61.9962#46.77#26.15#27.08
-149.769,61.9961#46.69#26.15#27.16
-149.654,61.9958#46.6#26.15#27.25
-149.539,61.9954#46.52#26.15#27.33
-149.424,61.9949#46.43#26.15#27.42
-149.309,61.9943#46.35#26.15#27.5
-149.194,61.9936#46.27#26.16#27.57
-149.079,61.9928#46.18#26.16#27.66
-148.964,61.9919#46.1#26.16#27.74
-148.849,61.9909#46.03#26.16#27.81
-148.734,61.9897#45.96#26.16#27.88
-148.619,61.9885#45.88#26.16#27.96
-148.504,61.9871#45.81#26.17#28.02
-148.389,61.9857#45.74#26.17#28.09
-148.274,61.9841#45.68#26.17#28.15
-148.159,61.9824#45.61#26.17#28.22
-148.044,61.9806#45.55#26.17#28.28
-147.929,61.9787#45.49#26.18#28.33
-147.814,61.9767#45.42#26.18#28.4
-147.699,61.9746#45.36#26.18#28.46
-147.585,61.9724#45.3#26.18#28.52
-147.47,61.97#45.23#26.18#28.59
-147.355,61.9676#45.16#26.19#28.65
-147.24,61.9651#45.09#26.19#28.72
-147.125,61.9624#45.01#26.19#28.8
-147.011,61.9596#44.94#26.19#28.87
-146.896,61.9568#44.86#26.19#28.95
-146.781,61.9538#44.78#26.2#29.02
-146.666,61.9507#44.7#26.2#29.1
-146.552,61.9475#44.62#26.2#29.18
-146.437,61.9442#44.54#26.2#29.26
-146.323,61.9408#44.46#26.21#29.33
-146.208,61.9373#44.38#26.21#29.41
-146.093,61.9336#44.3#26.21#29.49
-145.979,61.9299#44.22#26.21#29.57
-145.865,61.9261#44.14#26.21#29.65
-145.75,61.9221#44.06#26.22#29.72
-145.636,61.9181#43.98#26.22#29.8
-145.521,61.9139#43.9#26.22#29.88
-145.407,61.9096#43.82#26.22#29.96
-145.293,61.9053#43.75#26.23#30.02
-145.178,61.9008#43.67#26.23#30.1
-155.972,61.9038#55.55#26.1#18.35
-155.858,61.9094#55.13#26.1#18.77
-155.744,61.9148#54.72#26.1#19.18
-155.63,61.9202#54.31#26.1#19.59
-155.516,61.9254#53.9#26.1#20
-155.402,61.9306#53.53#26.1#20.37
-155.287,61.9356#53.17#26.1#20.73
-155.173,61.9405#52.81#26.1#21.09
-155.059,61.9453#52.45#26.1#21.45
-154.944,61.95#52.13#26.1#21.77
-154.83,61.9546#51.85#26.1#22.05
-154.715,61.9591#51.58#26.1#22.32
-154.601,61.9635#51.3#26.1#22.6
-154.486,61.9678#51.04#26.1#22.86
-154.372,61.972#50.86#26.1#23.04
-154.257,61.976#50.68#26.1#23.22
-154.142,61.98#50.5#26.1#23.4
-154.028,61.9838#50.33#26.11#23.56
-153.913,61.9876#50.17#26.11#23.72
-153.798,61.9912#50.01#26.11#23.88
-153.683,61.9947#49.86#26.11#24.03
-153.569,61.9982#49.71#26.11#24.18
-153.454,62.0015#49.57#26.11#24.32
-153.339,62.0047#49.46#26.11#24.43
-153.224,62.0078#49.34#26.11#24.55
-153.109,62.0107#49.23#26.11#24.66
-152.994,62.0136#49.11#26.11#24.78
-152.879,62.0164#49.03#26.11#24.86
-152.764,62.019#48.95#26.11#24.94
-152.649,62.0216#48.88#26.12#25
-152.534,62.024#48.8#26.12#25.08
-152.419,62.0264#48.72#26.12#25.16
-152.304,62.0286#48.64#26.12#25.24
-152.189,62.0307#48.56#26.12#25.32
-152.074,62.0327#48.49#26.12#25.39
-151.958,62.0346#48.4#26.12#25.48
-151.843,62.0364#48.3#26.12#25.58
-151.728,62.0381#48.21#26.12#25.67
-151.613,62.0397#48.11#26.13#25.76
-151.498,62.0411#48.01#26.13#25.86
-151.382,62.0425#47.91#26.13#25.96
-151.267,62.0437#47.81#26.13#26.06
-151.152,62.0449#47.71#26.13#26.16
-151.037,62.0459#47.6#26.13#26.27
-150.921,62.0468#47.51#26.13#26.36
-150.806,62.0477#47.41#26.13#26.46
-150.691,62.0484#47.31#26.14#26.55
-150.576,62.049#47.22#26.14#26.64
-150.46,62.0494#47.12#26.14#26.74
-150.345,62.0498#47.03#26.14#26.83
-150.23,62.0501#46.94#26.14#26.92
-150.115,62.0503#46.85#26.14#27.01
-149.999,62.0503#46.76#26.14#27.1
-149.884,62.0503#46.68#26.14#27.18
-149.769,62.0501#46.59#26.15#27.26
-149.653,62.0498#46.51#26.15#27.34
-149.538,62.0494#46.42#26.15#27.43
-149.423,62.049#46.34#26.15#27.51
-149.308,62.0484#46.25#26.15#27.6
-149.192,62.0476#46.17#26.15#27.68
-149.077,62.0468#46.09#26.16#27.75
-148.962,62.0459#46.01#26.16#27.83
-148.847,62.0449#45.94#26.16#27.9
-148.731,62.0437#45.86#26.16#27.98
-148.616,62.0425#45.79#26.16#28.05
-148.501,62.0411#45.71#26.16#28.13
-148.386,62.0397#45.65#26.17#28.18
-148.271,62.0381#45.59#26.17#28.24
-148.155,62.0364#45.52#26.17#28.31
-148.04,62.0346#45.46#26.17#28.37
-147.925,62.0327#45.39#26.17#28.44
-147.81,62.0307#45.33#26.18#28.49
-147.695,62.0286#45.27#26.18#28.55
-147.58,62.0263#45.21#26.18#28.61
-147.465,62.024#45.14#26.18#28.68
-147.35,62.0216#45.07#26.18#28.75
-147.235,62.019#45#26.19#28.81
-147.12,62.0163#44.93#26.19#28.88
-147.005,62.0136#44.86#26.19#28.95
-146.89,62.0107#44.78#26.19#29.03
-146.775,62.0077#44.7#26.19#29.11
-146.66,62.0046#44.62#26.2#29.18
-146.545,62.0014#44.54#26.2#29.26
-146.43,61.9981#44.46#26.2#29.34
-146.315,61.9947#44.38#26.2#29.42
-146.2,61.9912#44.3#26.21#29.49
-146.086,61.9875#44.22#26.21#29.57
-145.971,61.9838#44.14#26.21#29.65
-145.856,61.9799#44.06#26.21#29.73
-145.742,61.976#43.98#26.21#29.81
-145.627,61.9719#43.9#26.22#29.88
-145.512,61.9677#43.82#26.22#29.96
-145.398,61.9635#43.75#26.22#30.03
-145.283,61.9591#43.67#26.22#30.11
-145.169,61.9546#43.6#26.23#30.17
-145.054,61.95#43.52#26.23#30.25
-144.94,61.9453#43.45#26.23#30.32
-144.826,61.9405#43.38#26.24#30.38
-144.711,61.9355#43.31#26.24#30.45
-144.597,61.9305#43.24#26.24#30.52
-144.483,61.9254#43.17#26.24#30.59
-144.368,61.9201#43.1#26.25#30.65
-144.254,61.9148#43.03#26.25#30.72
-144.14,61.9093#42.97#26.25#30.78
-144.026,61.9037#42.9#26.25#30.85
-157.011,61.9025#56.85#26.09#17.06
-156.897,61.909#56.76#26.09#17.15
-156.783,61.9155#56.67#26.09#17.24
-156.669,61.9218#56.58#26.09#17.33
-156.555,61.928#56.5#26.09#17.41
-156.441,61.9341#56.3#26.09#17.61
-156.327,61.9401#56.02#26.09#17.89
-156.213,61.946#55.73#26.09#18.18
-156.099,61.9518#55.45#26.09#18.46
-155.984,61.9575#55.15#26.09#18.76
-155.87,61.9631#54.74#26.1#19.16
-155.756,61.9686#54.33#26.1#19.57
-155.641,61.9739#53.91#26.1#19.99
-155.527,61.9792#53.5#26.1#20.4
-155.412,61.9843#53.13#26.1#20.77
-155.298,61.9894#52.78#26.1#21.12
-155.183,61.9943#52.42#26.1#21.48
-155.069,61.9991#52.07#26.1#21.83
-154.954,62.0039#51.75#26.1#22.15
-154.84,62.0085#51.48#26.1#22.42
-154.725,62.013#51.22#26.1#22.68
-154.61,62.0174#50.95#26.1#22.95
-154.495,62.0217#50.7#26.1#23.2
-154.38,62.0258#50.54#26.1#23.36
-154.266,62.0299#50.38#26.1#23.52
-154.151,62.0339#50.22#26.1#23.68
-154.036,62.0377#50.07#26.1#23.83
-153.921,62.0415#49.93#26.11#23.96
-153.806,62.0451#49.8#26.11#24.09
-153.691,62.0486#49.66#26.11#24.23
-153.576,62.0521#49.53#26.11#24.36
-153.461,62.0554#49.41#26.11#24.48
-153.346,62.0586#49.31#26.11#24.58
-153.23,62.0617#49.21#26.11#24.68
-153.115,62.0647#49.1#26.11#24.79
-153,62.0676#49#26.11#24.89
-152.885,62.0703#48.92#26.11#24.97
-152.77,62.073#48.84#26.11#25.05
-152.654,62.0756#48.77#26.11#25.12
-152.539,62.078#48.69#26.12#25.19
-152.424,62.0804#48.61#26.12#25.27
-152.308,62.0826#48.53#26.12#25.35
-152.193,62.0847#48.45#26.12#25.43
-152.078,62.0867#48.37#26.12#25.51
-151.962,62.0886#48.29#26.12#25.59
-151.847,62.0904#48.19#26.12#25.69
-151.732,62.0921#48.1#26.12#25.78
-151.616,62.0937#48#26.12#25.88
-151.501,62.0952#47.91#26.13#25.96
-151.385,62.0965#47.81#26.13#26.06
-151.27,62.0978#47.71#26.13#26.16
-151.154,62.0989#47.61#26.13#26.26
-151.039,62.0999#47.5#26.13#26.37
-150.923,62.1009#47.41#26.13#26.46
-150.808,62.1017#47.31#26.13#26.56
-150.692,62.1024#47.21#26.13#26.66
-150.577,62.103#47.12#26.14#26.74
-150.461,62.1035#47.02#26.14#26.84
-150.346,62.1039#46.93#26.14#26.93
-150.23,62.1041#46.84#26.14#27.02
-150.115,62.1043#46.75#26.14#27.11
-149.999,62.1044#46.66#26.14#27.2
-149.884,62.1043#46.58#26.14#27.28
-149.768,62.1041#46.49#26.15#27.36
-149.653,62.1039#46.41#26.15#27.44
-149.537,62.1035#46.32#26.15#27.53
-149.422,62.103#46.24#26.15#27.61
-149.306,62.1024#46.16#26.15#27.69
-149.191,62.1017#46.08#26.15#27.77
-149.075,62.1009#45.99#26.15#27.86
-148.96,62.0999#45.91#26.16#27.93
-148.844,62.0989#45.84#26.16#28
-148.729,62.0978#45.77#26.16#28.07
-148.613,62.0965#45.69#26.16#28.15
-148.498,62.0951#45.62#26.16#28.22
-148.382,62.0937#45.56#26.16#28.28
-148.267,62.0921#45.49#26.17#28.34
-148.152,62.0904#45.43#26.17#28.4
-148.036,62.0886#45.36#26.17#28.47
-147.921,62.0867#45.3#26.17#28.53
-147.805,62.0847#45.24#26.17#28.59
-147.69,62.0826#45.18#26.18#28.64
-147.575,62.0803#45.12#26.18#28.7
-147.46,62.078#45.05#26.18#28.77
-147.344,62.0755#44.98#26.18#28.84
-147.229,62.073#44.91#26.18#28.91
-147.114,62.0703#44.84#26.19#28.97
-146.999,62.0675#44.77#26.19#29.04
-146.883,62.0646#44.69#26.19#29.12
-146.768,62.0617#44.61#26.19#29.2
-146.653,62.0586#44.54#26.19#29.27
-146.538,62.0553#44.46#26.2#29.34
-146.423,62.052#44.38#26.2#29.42
-146.308,62.0486#44.3#26.2#29.5
-146.193,62.0451#44.22#26.2#29.58
-146.078,62.0414#44.14#26.21#29.65
-145.963,62.0377#44.06#26.21#29.73
-145.848,62.0338#43.98#26.21#29.81
-145.733,62.0299#43.9#26.21#29.89
-145.618,62.0258#43.83#26.22#29.95
-145.503,62.0216#43.75#26.22#30.03
-145.389,62.0173#43.67#26.22#30.11
-145.274,62.0129#43.6#26.22#30.18
-145.159,62.0084#43.52#26.23#30.25
-145.044,62.0038#43.45#26.23#30.32
-144.93,61.9991#43.38#26.23#30.39
-144.815,61.9942#43.31#26.23#30.46
-144.701,61.9893#43.24#26.24#30.52
-144.586,61.9843#43.16#26.24#30.6
-144.472,61.9791#43.1#26.24#30.66
-144.357,61.9739#43.03#26.24#30.73
-144.243,61.9685#42.96#26.25#30.79
-144.128,61.963#42.9#26.25#30.85
-144.014,61.9574#42.83#26.25#30.92
-143.9,61.9518#42.77#26.26#30.97
-143.786,61.946#42.71#26.26#31.03
-143.672,61.9401#42.65#26.26#31.09
-143.558,61.9341#42.59#26.26#31.15
-143.443,61.9279#42.53#26.27#31.2
-143.329,61.9217#42.47#26.27#31.26
-143.216,61.9154#42.41#26.27#31.32
-143.102,61.909#42.36#26.28#31.36
-142.988,61.9024#42.3#26.28#31.42
-157.821,61.9073#57.02#26.09#16.89
-157.708,61.9146#56.93#26.09#16.98
-157.594,61.9218#56.84#26.09#17.07
-157.48,61.9288#56.74#26.09#17.17
-157.367,61.9358#56.65#26.09#17.26
-157.253,61.9427#56.56#26.09#17.35
-157.139,61.9495#56.46#26.09#17.45
-157.025,61.9561#56.37#26.09#17.54
-156.911,61.9627#56.28#26.09#17.63
-156.797,61.9691#56.19#26.09#17.72
-156.682,61.9754#56.1#26.09#17.81
-156.568,61.9817#56.01#26.09#17.9
-156.454,61.9878#55.84#26.09#18.07
-156.34,61.9938#55.57#26.09#18.34
-156.225,61.9997#55.3#26.09#18.61
-156.111,62.0055#55.03#26.09#18.88
-155.996,62.0112#54.76#26.09#19.15
-155.882,62.0168#54.34#26.09#19.57
-155.767,62.0223#53.93#26.1#19.97
-155.653,62.0277#53.52#26.1#20.38
-155.538,62.033#53.11#26.1#20.79
-155.423,62.0381#52.74#26.1#21.16
-155.309,62.0432#52.38#26.1#21.52
-155.194,62.0481#52.03#26.1#21.87
-155.079,62.0529#51.68#26.1#22.22
-154.964,62.0577#51.36#26.1#22.54
-154.849,62.0623#51.11#26.1#22.79
-154.734,62.0668#50.85#26.1#23.05
-154.619,62.0712#50.6#26.1#23.3
-154.504,62.0755#50.36#26.1#23.54
-154.389,62.0797#50.21#26.1#23.69
-154.274,62.0838#50.08#26.1#23.82
-154.159,62.0878#49.95#26.1#23.95
-154.044,62.0916#49.82#26.1#24.08
-153.929,62.0954#49.7#26.1#24.2
-153.813,62.099#49.58#26.11#24.31
-153.698,62.1026#49.47#26.11#24.42
-153.583,62.106#49.36#26.11#24.53
-153.468,62.1093#49.25#26.11#24.64
-153.352,62.1125#49.16#26.11#24.73
-153.237,62.1157#49.07#26.11#24.82
-153.121,62.1186#48.98#26.11#24.91
-153.006,62.1215#48.89#26.11#25
-152.891,62.1243#48.81#26.11#25.08
-152.775,62.127#48.73#26.11#25.16
-152.66,62.1296#48.66#26.11#25.23
-152.544,62.132#48.58#26.11#25.31
-152.429,62.1344#48.5#26.12#25.38
-152.313,62.1366#48.42#26.12#25.46
-152.197,62.1387#48.34#26.12#25.54
-152.082,62.1407#48.26#26.12#25.62
-151.966,62.1426#48.18#26.12#25.7
-151.851,62.1444#48.09#26.12#25.79
-151.735,62.1461#47.99#26.12#25.89
-151.619,62.1477#47.9#26.12#25.98
-151.504,62.1492#47.81#26.12#26.07
-151.388,62.1506#47.71#26.13#26.16
-151.272,62.1518#47.61#26.13#26.26
-151.157,62.153#47.51#26.13#26.36
-151.041,62.154#47.4#26.13#26.47
-150.925,62.1549#47.31#26.13#26.56
-150.809,62.1557#47.21#26.13#26.66
-150.694,62.1564#47.11#26.13#26.76
-150.578,62.157#47.02#26.13#26.85
-150.462,62.1575#46.93#26.14#26.93
-150.347,62.1579#46.83#26.14#27.03
-150.231,62.1582#46.74#26.14#27.12
-150.115,62.1584#46.66#26.14#27.2
-149.999,62.1584#46.57#26.14#27.29
-149.884,62.1584#46.48#26.14#27.38
-149.768,62.1582#46.4#26.14#27.46
-149.652,62.1579#46.31#26.15#27.54
-149.536,62.1575#46.23#26.15#27.62
-149.421,62.157#46.14#26.15#27.71
-149.305,62.1564#46.06#26.15#27.79
-149.189,62.1557#45.98#26.15#27.87
-149.073,62.1549#45.9#26.15#27.95
-148.958,62.154#45.82#26.15#28.03
-148.842,62.1529#45.75#26.16#28.09
-148.726,62.1518#45.67#26.16#28.17
-148.611,62.1505#45.6#26.16#28.24
-148.495,62.1492#45.53#26.16#28.31
-148.379,62.1477#45.46#26.16#28.38
-148.264,62.1461#45.4#26.16#28.44
-148.148,62.1444#45.33#26.17#28.5
-148.032,62.1426#45.27#26.17#28.56
-147.917,62.1407#45.21#26.17#28.62
-147.801,62.1387#45.15#26.17#28.68
-147.685,62.1366#45.09#26.17#28.74
-147.57,62.1343#45.03#26.18#28.79
-147.454,62.132#44.96#26.18#28.86
-147.339,62.1295#44.89#26.18#28.93
-147.223,62.127#44.82#26.18#29
-147.108,62.1243#44.75#26.18#29.07
-146.992,62.1215#44.68#26.19#29.13
-146.877,62.1186#44.61#26.19#29.2
-146.762,62.1156#44.53#26.19#29.28
-146.646,62.1125#44.45#26.19#29.36
-146.531,62.1093#44.38#26.19#29.43
-146.416,62.106#44.3#26.2#29.5
-146.3,62.1025#44.22#26.2#29.58
-146.185,62.099#44.14#26.2#29.66
-146.07,62.0953#44.06#26.2#29.74
-145.955,62.0916#43.98#26.21#29.81
-145.84,62.0877#43.91#26.21#29.88
-145.724,62.0837#43.83#26.21#29.96
-145.609,62.0797#43.75#26.21#30.04
-145.494,62.0755#43.67#26.22#30.11
-145.379,62.0712#43.6#26.22#30.18
-145.264,62.0668#43.52#26.22#30.26
-145.149,62.0622#43.45#26.22#30.33
-145.034,62.0576#43.38#26.23#30.39
-144.92,62.0529#43.3#26.23#30.47
-144.805,62.0481#43.23#26.23#30.54
-144.69,62.0431#43.16#26.23#30.61
-144.575,62.038#43.09#26.24#30.67
-144.461,62.0329#43.03#26.24#30.73
-144.346,62.0276#42.96#26.24#30.8
-144.231,62.0222#42.9#26.24#30.86
-144.117,62.0168#42.83#26.25#30.92
-144.002,62.0112#42.76#26.25#30.99
-143.888,62.0055#42.7#26.25#31.05
-143.773,61.9997#42.64#26.26#31.1
-143.659,61.9937#42.58#26.26#31.16
-143.545,61.9877#42.52#26.26#31.22
-143.43,61.9816#42.46#26.26#31.28
-143.316,61.9754#42.41#26.27#31.32
-143.202,61.969#42.35#26.27#31.38
-143.088,61.9626#42.29#26.27#31.44
-142.974,61.956#42.23#26.28#31.49
-142.86,61.9494#42.18#26.28#31.54
-142.746,61.9426#42.13#26.28#31.59
-142.632,61.9357#42.07#26.29#31.64
-142.518,61.9287#42.02#26.29#31.69
-142.404,61.9217#41.97#26.29#31.74
-142.291,61.9145#41.93#26.3#31.77
-142.177,61.9072#41.88#26.3#31.82
-158.632,61.9066#57.23#26.09#16.68
-158.519,61.9147#57.14#26.09#16.77
-158.405,61.9226#57.04#26.09#16.87
-158.292,61.9305#56.94#26.09#16.97
-158.178,61.9382#56.85#26.09#17.06
-158.065,61.9458#56.75#26.09#17.16
-157.951,61.9534#56.65#26.09#17.26
-157.837,61.9608#56.56#26.09#17.35
-157.723,61.9681#56.46#26.09#17.45
-157.609,61.9753#56.37#26.09#17.54
-157.495,61.9824#56.27#26.09#17.64
-157.381,61.9894#56.17#26.09#17.74
-157.267,61.9963#56.08#26.09#17.83
-157.153,62.003#55.99#26.09#17.92
-157.039,62.0097#55.89#26.09#18.02
-156.925,62.0163#55.8#26.09#18.11
-156.81,62.0227#55.71#26.09#18.2
-156.696,62.0291#55.62#26.09#18.29
-156.581,62.0353#55.52#26.09#18.39
-156.467,62.0415#55.38#26.09#18.53
-156.352,62.0475#55.12#26.09#18.79
-156.238,62.0534#54.86#26.09#19.05
-156.123,62.0593#54.6#26.09#19.31
-156.008,62.065#54.35#26.09#19.56
-155.894,62.0706#53.95#26.09#19.96
-155.779,62.0761#53.54#26.09#20.37
-155.664,62.0815#53.13#26.09#20.78
-155.549,62.0867#52.72#26.1#21.18
-155.434,62.0919#52.34#26.1#21.56
-155.319,62.097#51.99#26.1#21.91
-155.204,62.1019#51.64#26.1#22.26
-155.089,62.1068#51.3#26.1#22.6
-154.974,62.1115#50.97#26.1#22.93
-154.859,62.1161#50.73#26.1#23.17
-154.744,62.1207#50.49#26.1#23.41
-154.629,62.1251#50.25#26.1#23.65
-154.513,62.1294#50.02#26.1#23.88
-154.398,62.1336#49.89#26.1#24.01
-154.283,62.1377#49.77#26.1#24.13
-154.167,62.1417#49.66#26.1#24.24
-154.052,62.1455#49.56#26.1#24.34
-153.937,62.1493#49.46#26.1#24.44
-153.821,62.153#49.36#26.1#24.54
-153.706,62.1565#49.27#26.11#24.62
-153.59,62.16#49.18#26.11#24.71
-153.475,62.1633#49.1#26.11#24.79
-153.359,62.1665#49.02#26.11#24.87
-153.243,62.1696#48.94#26.11#24.95
-153.128,62.1726#48.86#26.11#25.03
-153.012,62.1755#48.78#26.11#25.11
-152.896,62.1783#48.7#26.11#25.19
-152.781,62.181#48.62#26.11#25.27
-152.665,62.1836#48.54#26.11#25.35
-152.549,62.186#48.47#26.11#25.42
-152.434,62.1884#48.39#26.11#25.5
-152.318,62.1906#48.31#26.12#25.57
-152.202,62.1927#48.23#26.12#25.65
-152.086,62.1948#48.15#26.12#25.73
-151.97,62.1967#48.07#26.12#25.81
-151.854,62.1985#47.98#26.12#25.9
-151.739,62.2002#47.89#26.12#25.99
-151.623,62.2018#47.8#26.12#26.08
-151.507,62.2032#47.71#26.12#26.17
-151.391,62.2046#47.61#26.12#26.27
-151.275,62.2059#47.51#26.13#26.36
-151.159,62.207#47.4#26.13#26.47
-151.043,62.208#47.3#26.13#26.57
-150.927,62.209#47.21#26.13#26.66
-150.811,62.2098#47.11#26.13#26.76
-150.695,62.2105#47.01#26.13#26.86
-150.579,62.2111#46.92#26.13#26.95
-150.463,62.2116#46.83#26.13#27.04
-150.347,62.212#46.74#26.14#27.12
-150.231,62.2123#46.65#26.14#27.21
-150.115,62.2124#46.56#26.14#27.3
-149.999,62.2125#46.47#26.14#27.39
-149.883,62.2124#46.38#26.14#27.48
-149.767,62.2123#46.3#26.14#27.56
-149.651,62.212#46.21#26.14#27.65
-149.535,62.2116#46.13#26.15#27.72
-149.419,62.2111#46.05#26.15#27.8
-149.303,62.2105#45.96#26.15#27.89
-149.187,62.2098#45.88#26.15#27.97
-149.071,62.209#45.8#26.15#28.05
-148.956,62.208#45.72#26.15#28.13
-148.84,62.207#45.65#26.15#28.2
-148.724,62.2058#45.58#26.16#28.26
-148.608,62.2046#45.5#26.16#28.34
-148.492,62.2032#45.43#26.16#28.41
-148.376,62.2017#45.37#26.16#28.47
-148.26,62.2001#45.3#26.16#28.54
-148.144,62.1985#45.24#26.16#28.6
-148.028,62.1966#45.18#26.17#28.65
-147.912,62.1947#45.12#26.17#28.71
-147.797,62.1927#45.06#26.17#28.77
-147.681,62.1906#44.99#26.17#28.84
-147.565,62.1883#44.93#26.17#28.9
-147.449,62.186#44.87#26.18#28.95
-147.334,62.1835#44.8#26.18#29.02
-147.218,62.181#44.73#26.18#29.09
-147.102,62.1783#44.67#26.18#29.15
-146.986,62.1755#44.6#26.18#29.22
-146.871,62.1726#44.52#26.19#29.29
-146.755,62.1696#44.45#26.19#29.36
-146.64,62.1665#44.37#26.19#29.44
-146.524,62.1632#44.3#26.19#29.51
-146.408,62.1599#44.22#26.19#29.59
-146.293,62.1565#44.14#26.2#29.66
-146.177,62.1529#44.06#26.2#29.74
-146.062,62.1493#43.98#26.2#29.82
-145.947,62.1455#43.91#26.2#29.89
-145.831,62.1416#43.83#26.21#29.96
-145.716,62.1376#43.75#26.21#30.04
-145.6,62.1335#43.67#26.21#30.12
-145.485,62.1293#43.6#26.21#30.19
-145.37,62.125#43.52#26.22#30.26
-145.255,62.1206#43.45#26.22#30.33
-145.14,62.1161#43.38#26.22#30.4
-145.024,62.1115#43.3#26.22#30.48
-144.909,62.1067#43.23#26.23#30.54
-144.794,62.1019#43.16#26.23#30.61
-144.679,62.0969#43.09#26.23#30.68
-144.564,62.0918#43.02#26.23#30.75
-144.449,62.0867#42.96#26.24#30.8
-144.334,62.0814#42.89#26.24#30.87
-144.22,62.076#42.83#26.24#30.93
-144.105,62.0705#42.76#26.24#31
-143.99,62.0649#42.7#26.25#31.05
-143.875,62.0592#42.64#26.25#31.11
-143.761,62.0534#42.58#26.25#31.17
-143.646,62.0474#42.52#26.26#31.22
-143.532,62.0414#42.46#26.26#31.28
-143.417,62.0353#42.4#26.26#31.34
-143.303,62.029#42.34#26.27#31.39
-143.188,62.0227#42.28#26.27#31.45
-143.074,62.0162#42.23#26.27#31.5
-142.96,62.0096#42.17#26.27#31.56
-142.846,62.003#42.12#26.28#31.6
-142.731,61.9962#42.06#26.28#31.66
-142.617,61.9893#42.01#26.28#31.71
-142.503,61.9823#41.96#26.29#31.75
-142.389,61.9752#41.91#26.29#31.8
-142.275,61.968#41.87#26.29#31.84
-142.161,61.9607#41.82#26.3#31.88
-142.048,61.9533#41.78#26.3#31.92
-141.934,61.9457#41.73#26.3#31.97
-141.82,61.9381#41.7#26.31#31.99
-141.707,61.9304#41.66#26.31#32.03
-141.593,61.9225#41.62#26.31#32.07
-141.48,61.9146#41.58#26.32#32.1
-141.366,61.9065#41.54#26.32#32.14
-159.443,61.9006#57.42#26.08#16.5
-159.33,61.9094#57.33#26.08#16.59
-159.217,61.9181#57.25#26.08#16.67
-159.103,61.9267#57.16#26.08#16.76
-158.99,61.9352#57.07#26.08#16.85
-158.877,61.9436#56.97#26.08#16.95
-158.763,61.9518#56.88#26.09#17.03
-158.65,61.96#56.78#26.09#17.13
-158.536,61.9681#56.68#26.09#17.23
-158.422,61.976#56.58#26.09#17.33
-158.308,61.9839#56.48#26.09#17.43
-158.195,61.9917#56.39#26.09#17.52
-158.081,61.9993#56.29#26.09#17.62
-157.967,62.0068#56.19#26.09#17.72
-157.853,62.0143#56.09#26.09#17.82
-157.739,62.0216#55.99#26.09#17.92
-157.625,62.0288#55.9#26.09#18.01
-157.51,62.0359#55.8#26.09#18.11
-157.396,62.043#55.7#26.09#18.21
-157.282,62.0499#55.61#26.09#18.3
-157.167,62.0567#55.51#26.09#18.4
-157.053,62.0633#55.41#26.09#18.5
-156.938,62.0699#55.32#26.09#18.59
-156.824,62.0764#55.23#26.09#18.68
-156.709,62.0828#55.13#26.09#18.78
-156.595,62.089#55.04#26.09#18.87
-156.48,62.0952#54.92#26.09#18.99
-156.365,62.1012#54.67#26.09#19.24
-156.25,62.1072#54.42#26.09#19.49
-156.135,62.113#54.18#26.09#19.73
-156.021,62.1187#53.94#26.09#19.97
-155.906,62.1243#53.55#26.09#20.36
-155.791,62.1298#53.14#26.09#20.77
-155.675,62.1352#52.73#26.09#21.18
-155.56,62.1405#52.32#26.09#21.59
-155.445,62.1457#51.94#26.1#21.96
-155.33,62.1508#51.6#26.1#22.3
-155.215,62.1558#51.26#26.1#22.64
-155.1,62.1606#50.93#26.1#22.97
-154.984,62.1654#50.63#26.1#23.27
-154.869,62.17#50.42#26.1#23.48
-154.753,62.1745#50.21#26.1#23.69
-154.638,62.179#50#26.1#23.9
-154.523,62.1833#49.8#26.1#24.1
-154.407,62.1875#49.69#26.1#24.21
-154.291,62.1916#49.6#26.1#24.3
-154.176,62.1956#49.51#26.1#24.39
-154.06,62.1995#49.42#26.1#24.48
-153.945,62.2032#49.33#26.1#24.57
-153.829,62.2069#49.24#26.1#24.66
-153.713,62.2105#49.16#26.1#24.74
-153.597,62.2139#49.07#26.11#24.82
-153.482,62.2173#48.99#26.11#24.9
-153.366,62.2205#48.91#26.11#24.98
-153.25,62.2236#48.83#26.11#25.06
-153.134,62.2266#48.75#26.11#25.14
-153.018,62.2295#48.67#26.11#25.22
-152.902,62.2323#48.59#26.11#25.3
-152.786,62.235#48.51#26.11#25.38
-152.67,62.2376#48.43#26.11#25.46
-152.554,62.24#48.36#26.11#25.53
-152.438,62.2424#48.28#26.11#25.61
-152.322,62.2446#48.2#26.12#25.68
-152.206,62.2468#48.12#26.12#25.76
-152.09,62.2488#48.04#26.12#25.84
-151.974,62.2507#47.96#26.12#25.92
-151.858,62.2525#47.87#26.12#26.01
-151.742,62.2542#47.78#26.12#26.1
-151.626,62.2558#47.69#26.12#26.19
-151.51,62.2573#47.6#26.12#26.28
-151.394,62.2587#47.5#26.12#26.38
-151.277,62.2599#47.4#26.12#26.48
-151.161,62.2611#47.3#26.13#26.57
-151.045,62.2621#47.2#26.13#26.67
-150.929,62.263#47.11#26.13#26.76
-150.813,62.2639#47.01#26.13#26.86
-150.697,62.2646#46.92#26.13#26.95
-150.58,62.2652#46.82#26.13#27.05
-150.464,62.2657#46.73#26.13#27.14
-150.348,62.2661#46.64#26.13#27.23
-150.232,62.2663#46.55#26.14#27.31
-150.115,62.2665#46.46#26.14#27.4
-149.999,62.2665#46.37#26.14#27.49
-149.883,62.2665#46.28#26.14#27.58
-149.767,62.2663#46.2#26.14#27.66
-149.651,62.2661#46.11#26.14#27.75
-149.534,62.2657#46.03#26.14#27.83
-149.418,62.2652#45.95#26.15#27.9
-149.302,62.2646#45.87#26.15#27.98
-149.186,62.2639#45.79#26.15#28.06
-149.07,62.263#45.71#26.15#28.14
-148.953,62.2621#45.63#26.15#28.22
-148.837,62.2611#45.55#26.15#28.3
-148.721,62.2599#45.48#26.15#28.37
-148.605,62.2586#45.41#26.16#28.43
-148.489,62.2573#45.34#26.16#28.5
-148.373,62.2558#45.27#26.16#28.57
-148.256,62.2542#45.21#26.16#28.63
-148.14,62.2525#45.15#26.16#28.69
-148.024,62.2507#45.08#26.16#28.76
-147.908,62.2488#45.02#26.17#28.81
-147.792,62.2467#44.96#26.17#28.87
-147.676,62.2446#44.9#26.17#28.93
-147.56,62.2424#44.84#26.17#28.99
-147.444,62.24#44.78#26.17#29.05
-147.328,62.2375#44.71#26.18#29.11
-147.212,62.235#44.64#26.18#29.18
-147.096,62.2323#44.58#26.18#29.24
-146.98,62.2295#44.51#26.18#29.31
-146.864,62.2266#44.43#26.18#29.39
-146.749,62.2236#44.36#26.19#29.45
-146.633,62.2204#44.28#26.19#29.53
-146.517,62.2172#44.21#26.19#29.6
-146.401,62.2139#44.13#26.19#29.68
-146.285,62.2104#44.05#26.2#29.75
-146.17,62.2069#43.98#26.2#29.82
-146.054,62.2032#43.9#26.2#29.9
-145.938,62.1994#43.82#26.2#29.98
-145.823,62.1955#43.75#26.2#30.05
-145.707,62.1915#43.67#26.21#30.12
-145.592,62.1874#43.6#26.21#30.19
-145.476,62.1832#43.52#26.21#30.27
-145.361,62.1789#43.45#26.21#30.34
-145.245,62.1745#43.37#26.22#30.41
-145.13,62.17#43.3#26.22#30.48
-145.014,62.1653#43.23#26.22#30.55
-144.899,62.1606#43.16#26.22#30.62
-144.784,62.1557#43.09#26.23#30.68
-144.669,62.1507#43.02#26.23#30.75
-144.553,62.1456#42.95#26.23#30.82
-144.438,62.1405#42.89#26.23#30.88
-144.323,62.1352#42.82#26.24#30.94
-144.208,62.1298#42.76#26.24#31
-144.093,62.1243#42.69#26.24#31.07
-143.978,62.1186#42.63#26.25#31.12
-143.863,62.1129#42.57#26.25#31.18
-143.748,62.1071#42.51#26.25#31.24
-143.633,62.1011#42.45#26.25#31.3
-143.519,62.0951#42.39#26.26#31.35
-143.404,62.0889#42.33#26.26#31.41
-143.289,62.0827#42.27#26.26#31.47
-143.175,62.0763#42.22#26.27#31.51
-143.06,62.0698#42.16#26.27#31.57
-142.946,62.0633#42.11#26.27#31.62
-142.831,62.0566#42.05#26.28#31.67
-142.717,62.0498#42#26.28#31.72
-142.602,62.0429#41.95#26.28#31.77
-142.488,62.0359#41.89#26.28#31.83
-142.374,62.0287#41.85#26.29#31.86
-142.26,62.0215#41.8#26.29#31.91
-142.146,62.0142#41.76#26.29#31.95
-142.032,62.0068#41.71#26.3#31.99
-141.918,61.9992#41.67#26.3#32.03
-141.804,61.9916#41.63#26.3#32.07
-141.69,61.9838#41.6#26.31#32.09
-141.576,61.9759#41.56#26.31#32.13
-141.463,61.968#41.52#26.31#32.17
-141.349,61.9599#41.48#26.32#32.2
-141.235,61.9517#41.45#26.32#32.23
-141.122,61.9435#41.41#26.32#32.27
-141.009,61.9351#41.37#26.33#32.3
-140.895,61.9266#41.34#26.33#32.33
-140.782,61.918#41.31#26.34#32.35
-140.669,61.9093#41.27#26.34#32.39
-140.556,61.9005#41.24#26.34#32.42
-160.027,61.9081#57#26.08#16.92
-159.914,61.9175#57.02#26.08#16.9
-159.801,61.9267#57.01#26.08#16.91
-159.688,61.9359#57.01#26.08#16.91
-159.575,61.9449#57#26.08#16.92
-159.462,61.9538#56.97#26.08#16.95
-159.349,61.9627#56.88#26.08#17.04
-159.235,61.9714#56.79#26.08#17.13
-159.122,61.98#56.7#26.08#17.22
-159.008,61.9885#56.62#26.08#17.3
-158.894,61.9969#56.52#26.08#17.4
-158.781,62.0052#56.42#26.08#17.5
-158.667,62.0134#56.32#26.08#17.6
-158.553,62.0215#56.22#26.09#17.69
-158.439,62.0295#56.13#26.09#17.78
-158.325,62.0374#56.02#26.09#17.89
-158.211,62.0451#55.92#26.09#17.99
-158.097,62.0528#55.82#26.09#18.09
-157.983,62.0604#55.73#26.09#18.18
-157.869,62.0678#55.63#26.09#18.28
-157.754,62.0751#55.53#26.09#18.38
-157.64,62.0824#55.43#26.09#18.48
-157.525,62.0895#55.33#26.09#18.58
-157.411,62.0965#55.23#26.09#18.68
-157.296,62.1035#55.13#26.09#18.78
-157.182,62.1103#55.03#26.09#18.88
-157.067,62.117#54.94#26.09#18.97
-156.952,62.1236#54.84#26.09#19.07
-156.838,62.1301#54.74#26.09#19.17
-156.723,62.1364#54.65#26.09#19.26
-156.608,62.1427#54.55#26.09#19.36
-156.493,62.1489#54.45#26.09#19.46
-156.378,62.1549#54.21#26.09#19.7
-156.263,62.1609#53.98#26.09#19.93
-156.148,62.1667#53.75#26.09#20.16
-156.033,62.1725#53.52#26.09#20.39
-155.917,62.1781#53.18#26.09#20.73
-155.802,62.1836#52.79#26.09#21.12
-155.687,62.189#52.4#26.09#21.51
-155.572,62.1943#52.02#26.09#21.89
-155.456,62.1995#51.67#26.09#22.24
-155.341,62.2046#51.36#26.1#22.54
-155.225,62.2096#51.06#26.1#22.84
-155.11,62.2145#50.76#26.1#23.14
-154.994,62.2192#50.47#26.1#23.43
-154.879,62.2239#50.27#26.1#23.63
-154.763,62.2284#50.07#26.1#23.83
-154.647,62.2329#49.88#26.1#24.02
-154.532,62.2372#49.69#26.1#24.21
-154.416,62.2414#49.57#26.1#24.33
-154.3,62.2455#49.48#26.1#24.42
-154.184,62.2495#49.39#26.1#24.51
-154.068,62.2534#49.3#26.1#24.6
-153.953,62.2572#49.21#26.1#24.69
-153.837,62.2609#49.13#26.1#24.77
-153.721,62.2644#49.04#26.1#24.86
-153.605,62.2679#48.96#26.1#24.94
-153.489,62.2712#48.87#26.11#25.02
-153.373,62.2745#48.79#26.11#25.1
-153.257,62.2776#48.71#26.11#25.18
-153.14,62.2806#48.63#26.11#25.26
-153.024,62.2835#48.55#26.11#25.34
-152.908,62.2863#48.48#26.11#25.41
-152.792,62.289#48.4#26.11#25.49
-152.676,62.2916#48.32#26.11#25.57
-152.56,62.2941#48.24#26.11#25.65
-152.443,62.2964#48.17#26.11#25.72
-152.327,62.2987#48.09#26.11#25.8
-152.211,62.3008#48.01#26.12#25.87
-152.095,62.3028#47.94#26.12#25.94
-151.978,62.3048#47.86#26.12#26.02
-151.862,62.3066#47.77#26.12#26.11
-151.746,62.3083#47.68#26.12#26.2
-151.629,62.3099#47.59#26.12#26.29
-151.513,62.3114#47.5#26.12#26.38
-151.396,62.3127#47.4#26.12#26.48
-151.28,62.314#47.3#26.12#26.58
-151.164,62.3151#47.2#26.12#26.68
-151.047,62.3162#47.1#26.13#26.77
-150.931,62.3171#47.01#26.13#26.86
-150.814,62.3179#46.91#26.13#26.96
-150.698,62.3187#46.82#26.13#27.05
-150.582,62.3193#46.72#26.13#27.15
-150.465,62.3198#46.63#26.13#27.24
-150.349,62.3201#46.54#26.13#27.33
-150.232,62.3204#46.45#26.13#27.42
-150.116,62.3206#46.36#26.14#27.5
-149.999,62.3206#46.27#26.14#27.59
-149.883,62.3206#46.18#26.14#27.68
-149.766,62.3204#46.1#26.14#27.76
-149.65,62.3201#46.02#26.14#27.84
-149.533,62.3198#45.93#26.14#27.93
-149.417,62.3193#45.85#26.14#28.01
-149.301,62.3187#45.77#26.15#28.08
-149.184,62.3179#45.69#26.15#28.16
-149.068,62.3171#45.61#26.15#28.24
-148.951,62.3162#45.53#26.15#28.32
-148.835,62.3151#45.46#26.15#28.39
-148.718,62.314#45.39#26.15#28.46
-148.602,62.3127#45.31#26.16#28.53
-148.486,62.3113#45.24#26.16#28.6
-148.369,62.3099#45.18#26.16#28.66
-148.253,62.3083#45.11#26.16#28.73
-148.137,62.3066#45.05#26.16#28.79
-148.02,62.3047#44.99#26.16#28.85
-147.904,62.3028#44.93#26.17#28.9
-147.788,62.3008#44.87#26.17#28.96
-147.671,62.2986#44.81#26.17#29.02
-147.555,62.2964#44.75#26.17#29.08
-147.439,62.294#44.69#26.17#29.14
-147.323,62.2916#44.62#26.17#29.21
-147.206,62.289#44.55#26.18#29.27
-147.09,62.2863#44.49#26.18#29.33
-146.974,62.2835#44.42#26.18#29.4
-146.858,62.2806#44.34#26.18#29.48
-146.742,62.2776#44.27#26.18#29.55
-146.626,62.2744#44.19#26.19#29.62
-146.51,62.2712#44.12#26.19#29.69
-146.394,62.2678#44.04#26.19#29.77
-146.278,62.2644#43.97#26.19#29.84
-146.162,62.2608#43.89#26.2#29.91
-146.046,62.2571#43.82#26.2#29.98
-145.93,62.2534#43.74#26.2#30.06
-145.814,62.2495#43.66#26.2#30.14
-145.698,62.2455#43.59#26.2#30.21
-145.583,62.2414#43.51#26.21#30.28
-145.467,62.2371#43.44#26.21#30.35
-145.351,62.2328#43.37#26.21#30.42
-145.236,62.2284#43.29#26.21#30.5
-145.12,62.2238#43.22#26.22#30.56
-145.004,62.2192#43.15#26.22#30.63
-144.889,62.2144#43.08#26.22#30.7
-144.773,62.2095#43.01#26.22#30.77
-144.658,62.2046#42.94#26.23#30.83
-144.542,62.1995#42.88#26.23#30.89
-144.427,62.1943#42.81#26.23#30.96
-144.312,62.189#42.75#26.23#31.02
-144.196,62.1836#42.68#26.24#31.08
-144.081,62.178#42.62#26.24#31.14
-143.966,62.1724#42.56#26.24#31.2
-143.851,62.1667#42.5#26.25#31.25
-143.736,62.1608#42.44#26.25#31.31
-143.621,62.1549#42.38#26.25#31.37
-143.506,62.1488#42.32#26.25#31.43
-143.391,62.1426#42.27#26.26#31.47
-143.276,62.1364#42.21#26.26#31.53
-143.161,62.13#42.15#26.26#31.59
-143.046,62.1235#42.1#26.27#31.63
-142.931,62.1169#42.04#26.27#31.69
-142.817,62.1102#41.99#26.27#31.74
-142.702,62.1034#41.94#26.28#31.78
-142.588,62.0965#41.88#26.28#31.84
-142.473,62.0894#41.83#26.28#31.89
-142.359,62.0823#41.79#26.28#31.93
-142.244,62.0751#41.74#26.29#31.97
-142.13,62.0677#41.7#26.29#32.01
-142.016,62.0603#41.65#26.29#32.06
-141.902,62.0527#41.61#26.3#32.09
-141.787,62.045#41.57#26.3#32.13
-141.673,62.0373#41.53#26.3#32.17
-141.559,62.0294#41.5#26.31#32.19
-141.446,62.0214#41.46#26.31#32.23
-141.332,62.0133#41.42#26.32#32.26
-141.218,62.0051#41.39#26.32#32.29
-141.104,61.9968#41.35#26.32#32.33
-140.991,61.9884#41.31#26.33#32.36
-140.877,61.9799#41.28#26.33#32.39
-140.763,61.9713#41.25#26.33#32.42
-140.65,61.9626#41.21#26.34#32.45
-140.537,61.9537#41.18#26.34#32.48
-140.423,61.9448#41.15#26.34#32.51
-140.31,61.9358#41.12#26.35#32.53
-140.197,61.9266#41.08#26.35#32.57
-140.084,61.9174#41.05#26.36#32.59
-139.971,61.908#41.02#26.36#32.62
-160.725,61.9029#56#26.08#17.92
-160.612,61.9129#56.1#26.08#17.82
-160.499,61.9228#56.2#26.08#17.72
-160.387,61.9326#56.29#26.08#17.63
-160.274,61.9423#56.37#26.08#17.55
-160.161,61.9518#56.45#26.08#17.47
-160.047,61.9613#56.53#26.08#17.39
-159.934,61.9707#56.56#26.08#17.36
-159.821,61.98#56.55#26.08#17.37
-159.708,61.9891#56.54#26.08#17.38
-159.594,61.9982#56.53#26.08#17.39
-159.481,62.0071#56.51#26.08#17.41
-159.367,62.016#56.42#26.08#17.5
-159.254,62.0247#56.33#26.08#17.59
-159.14,62.0333#56.25#26.08#17.67
-159.026,62.0419#56.16#26.08#17.76
-158.912,62.0503#56.07#26.08#17.85
-158.798,62.0586#55.97#26.08#17.95
-158.684,62.0668#55.87#26.08#18.05
-158.57,62.0749#55.77#26.08#18.15
-158.456,62.0829#55.67#26.09#18.24
-158.342,62.0908#55.57#26.09#18.34
-158.228,62.0986#55.46#26.09#18.45
-158.113,62.1063#55.36#26.09#18.55
-157.999,62.1139#55.26#26.09#18.65
-157.884,62.1213#55.16#26.09#18.75
-157.77,62.1287#55.06#26.09#18.85
-157.655,62.136#54.96#26.09#18.95
-157.541,62.1431#54.86#26.09#19.05
-157.426,62.1501#54.76#26.09#19.15
-157.311,62.1571#54.66#26.09#19.25
-157.196,62.1639#54.56#26.09#19.35
-157.081,62.1706#54.46#26.09#19.45
-156.966,62.1772#54.36#26.09#19.55
-156.851,62.1837#54.26#26.09#19.65
-156.736,62.1901#54.17#26.09#19.74
-156.621,62.1964#54.08#26.09#19.83
-156.506,62.2026#53.98#26.09#19.93
-156.391,62.2087#53.77#26.09#20.14
-156.276,62.2146#53.55#26.09#20.36
-156.16,62.2205#53.33#26.09#20.58
-156.045,62.2262#53.12#26.09#20.79
-155.929,62.2319#52.82#26.09#21.09
-155.814,62.2374#52.46#26.09#21.45
-155.698,62.2428#52.1#26.09#21.81
-155.583,62.2482#51.75#26.09#22.16
-155.467,62.2534#51.42#26.09#22.49
-155.352,62.2585#51.14#26.09#22.77
-155.236,62.2634#50.86#26.1#23.04
-155.12,62.2683#50.58#26.1#23.32
-155.004,62.2731#50.31#26.1#23.59
-154.889,62.2778#50.12#26.1#23.78
-154.773,62.2823#49.93#26.1#23.97
-154.657,62.2868#49.75#26.1#24.15
-154.541,62.2911#49.57#26.1#24.33
-154.425,62.2953#49.45#26.1#24.45
-154.309,62.2994#49.36#26.1#24.54
-154.193,62.3035#49.28#26.1#24.62
-154.077,62.3074#49.19#26.1#24.71
-153.961,62.3111#49.1#26.1#24.8
-153.844,62.3148#49.01#26.1#24.89
-153.728,62.3184#48.93#26.1#24.97
-153.612,62.3219#48.84#26.1#25.06
-153.496,62.3252#48.76#26.1#25.14
-153.38,62.3285#48.68#26.11#25.21
-153.263,62.3316#48.6#26.11#25.29
-153.147,62.3346#48.52#26.11#25.37
-153.031,62.3375#48.44#26.11#25.45
-152.914,62.3403#48.36#26.11#25.53
-152.798,62.343#48.29#26.11#25.6
-152.681,62.3456#48.21#26.11#25.68
-152.565,62.3481#48.13#26.11#25.76
-152.448,62.3505#48.06#26.11#25.83
-152.332,62.3527#47.98#26.11#25.91
-152.215,62.3549#47.9#26.11#25.99
-152.099,62.3569#47.83#26.12#26.05
-151.982,62.3588#47.75#26.12#26.13
-151.866,62.3606#47.66#26.12#26.22
-151.749,62.3624#47.57#26.12#26.31
-151.633,62.364#47.48#26.12#26.4
-151.516,62.3654#47.4#26.12#26.48
-151.399,62.3668#47.3#26.12#26.58
-151.283,62.3681#47.2#26.12#26.68
-151.166,62.3692#47.1#26.12#26.78
-151.049,62.3703#47#26.12#26.88
-150.933,62.3712#46.91#26.13#26.96
-150.816,62.372#46.81#26.13#27.06
-150.699,62.3728#46.72#26.13#27.15
-150.583,62.3734#46.62#26.13#27.25
-150.466,62.3739#46.53#26.13#27.34
-150.349,62.3742#46.44#26.13#27.43
-150.233,62.3745#46.35#26.13#27.52
-150.116,62.3747#46.26#26.13#27.61
-149.999,62.3747#46.17#26.14#27.69
-149.883,62.3747#46.09#26.14#27.77
-149.766,62.3745#46#26.14#27.86
-149.649,62.3742#45.92#26.14#27.94
-149.533,62.3739#45.83#26.14#28.03
-149.416,62.3734#45.75#26.14#28.11
-149.299,62.3728#45.67#26.14#28.19
-149.182,62.372#45.59#26.15#28.26
-149.066,62.3712#45.51#26.15#28.34
-148.949,62.3703#45.44#26.15#28.41
-148.832,62.3692#45.36#26.15#28.49
-148.716,62.3681#45.29#26.15#28.56
-148.599,62.3668#45.22#26.15#28.63
-148.483,62.3654#45.15#26.16#28.69
-148.366,62.3639#45.08#26.16#28.76
-148.249,62.3623#45.02#26.16#28.82
-148.133,62.3606#44.96#26.16#28.88
-148.016,62.3588#44.89#26.16#28.95
-147.9,62.3569#44.83#26.16#29.01
-147.783,62.3548#44.77#26.17#29.06
-147.667,62.3527#44.72#26.17#29.11
-147.55,62.3504#44.66#26.17#29.17
-147.434,62.3481#44.59#26.17#29.24
-147.317,62.3456#44.53#26.17#29.3
-147.201,62.343#44.46#26.18#29.36
-147.084,62.3403#44.4#26.18#29.42
-146.968,62.3375#44.33#26.18#29.49
-146.852,62.3346#44.25#26.18#29.57
-146.735,62.3316#44.18#26.18#29.64
-146.619,62.3284#44.11#26.19#29.7
-146.503,62.3252#44.03#26.19#29.78
-146.387,62.3218#43.96#26.19#29.85
-146.27,62.3184#43.88#26.19#29.93
-146.154,62.3148#43.81#26.19#30
-146.038,62.3111#43.73#26.2#30.07
-145.922,62.3073#43.66#26.2#30.14
-145.806,62.3034#43.58#26.2#30.22
-145.69,62.2994#43.51#26.2#30.29
-145.574,62.2953#43.43#26.21#30.36
-145.458,62.291#43.36#26.21#30.43
-145.342,62.2867#43.29#26.21#30.5
-145.226,62.2823#43.21#26.21#30.58
-145.11,62.2777#43.14#26.21#30.65
-144.994,62.273#43.07#26.22#30.71
-144.878,62.2683#43#26.22#30.78
-144.763,62.2634#42.94#26.22#30.84
-144.647,62.2584#42.87#26.22#30.91
-144.531,62.2533#42.8#26.23#30.97
-144.416,62.2481#42.74#26.23#31.03
-144.3,62.2428#42.67#26.23#31.1
-144.185,62.2373#42.61#26.24#31.15
-144.069,62.2318#42.55#26.24#31.21
-143.954,62.2262#42.49#26.24#31.27
-143.838,62.2204#42.43#26.24#31.33
-143.723,62.2146#42.37#26.25#31.38
-143.608,62.2086#42.31#26.25#31.44
-143.492,62.2025#42.25#26.25#31.5
-143.377,62.1963#42.2#26.26#31.54
-143.262,62.19#42.14#26.26#31.6
-143.147,62.1837#42.09#26.26#31.65
-143.032,62.1771#42.03#26.26#31.71
-142.917,62.1705#41.98#26.27#31.75
-142.802,62.1638#41.92#26.27#31.81
-142.687,62.157#41.87#26.27#31.86
-142.573,62.1501#41.82#26.28#31.9
-142.458,62.143#41.77#26.28#31.95
-142.343,62.1359#41.72#26.28#32
-142.229,62.1286#41.68#26.29#32.03
-142.114,62.1212#41.63#26.29#32.08
-142,62.1138#41.59#26.29#32.12
-141.885,62.1062#41.55#26.3#32.15
-141.771,62.0985#41.51#26.3#32.19
-141.657,62.0907#41.47#26.3#32.23
-141.543,62.0828#41.43#26.31#32.26
