-96.6624,24.9002#28.59#32.68#38.73
-96.612,24.9008#28.59#32.65#38.76
-96.5617,24.9013#28.59#32.62#38.79
-96.5113,24.9018#28.59#32.59#38.82
-96.461,24.9023#28.59#32.56#38.85
-96.4106,24.9028#28.59#32.53#38.88
-96.3603,24.9033#28.59#32.5#38.91
-96.3099,24.9037#28.59#32.47#38.94
-96.2596,24.9042#28.59#32.44#38.97
-96.2092,24.9046#28.59#32.41#39
-96.1589,24.905#28.59#32.38#39.03
-96.1085,24.9054#28.59#32.35#39.06
-96.0582,24.9057#28.59#32.32#39.09
-96.0078,24.9061#28.59#32.29#39.12
-95.9574,24.9064#28.59#32.26#39.15
-95.9071,24.9067#28.59#32.23#39.18
-95.8567,24.907#28.59#32.2#39.21
-95.8064,24.9073#28.59#32.18#39.23
-95.756,24.9076#28.59#32.15#39.26
-95.7057,24.9078#28.6#32.12#39.28
-95.6553,24.908#28.6#32.09#39.31
-95.605,24.9083#28.6#32.07#39.33
-95.5546,24.9085#28.6#32.04#39.36
-95.5043,24.9086#28.6#32.01#39.39
-95.4539,24.9088#28.6#31.98#39.42
-95.4035,24.9089#28.6#31.95#39.45
-95.3532,24.9091#28.6#31.92#39.48
-95.3028,24.9092#28.6#31.9#39.5
-95.2525,24.9093#28.61#31.87#39.52
-95.2021,24.9093#28.61#31.84#39.55
-95.1518,24.9094#28.61#31.81#39.58
-95.1014,24.9095#28.61#31.78#39.61
-95.0511,24.9095#28.61#31.75#39.64
-95.0007,24.9095#28.61#31.72#39.67
-94.9503,24.9095#28.61#31.7#39.69
-94.9,24.9095#28.62#31.67#39.71
-94.8496,24.9094#28.62#31.64#39.74
-94.7993,24.9094#28.62#31.61#39.77
-94.7489,24.9093#28.62#31.59#39.79
-94.6986,24.9092#28.62#31.56#39.82
-94.6482,24.9091#28.62#31.53#39.85
-94.5978,24.9089#28.62#31.5#39.88
-94.5475,24.9088#28.62#31.48#39.9
-94.4971,24.9086#28.63#31.45#39.92
-94.4468,24.9085#28.63#31.44#39.93
-94.3964,24.9083#28.63#31.42#39.95
-94.3461,24.9081#28.63#31.41#39.96
-94.2957,24.9078#28.63#31.4#39.97
-94.2454,24.9076#28.63#31.39#39.98
-94.195,24.9073#28.63#31.37#40
-94.1447,24.907#28.64#31.36#40
-94.0943,24.9067#28.64#31.35#40.01
-94.0439,24.9064#28.64#31.34#40.02
-93.9936,24.9061#28.64#31.32#40.04
-93.9432,24.9058#28.64#31.29#40.07
-93.8929,24.9054#28.64#31.26#40.1
-93.8425,24.905#28.64#31.23#40.13
-93.7922,24.9046#28.64#31.2#40.16
-93.7418,24.9042#28.64#31.17#40.19
-93.6915,24.9038#28.65#31.13#40.22
-93.6411,24.9033#28.65#31.1#40.25
-93.5908,24.9028#28.65#31.07#40.28
-93.5404,24.9024#28.65#31.04#40.31
-93.4901,24.9019#28.65#31.01#40.34
-93.4397,24.9013#28.65#30.97#40.38
-93.3894,24.9008#28.65#30.94#40.41
-93.339,24.9003#28.66#30.91#40.43
-99.0295,24.9009#29.46#33#37.54
-98.9792,24.9022#29.43#33#37.57
-98.9288,24.9035#29.4#33.01#37.59
-98.8785,24.9049#29.37#33.02#37.61
-98.8282,24.9062#29.34#33.03#37.63
-98.7778,24.9074#29.3#33.04#37.66
-98.7275,24.9087#29.27#33.06#37.67
-98.6771,24.9099#29.24#33.07#37.69
-98.6268,24.9112#29.2#33.08#37.72
-98.5765,24.9124#29.17#33.09#37.74
-98.5261,24.9136#29.14#33.1#37.76
-98.4758,24.9148#29.1#33.1#37.8
-98.4254,24.9159#29.07#33.1#37.83
-98.3751,24.9171#29.03#33.09#37.88
-98.3248,24.9182#29#33.09#37.91
-98.2744,24.9193#28.96#33.08#37.96
-98.2241,24.9204#28.93#33.07#38
-98.1737,24.9215#28.89#33.07#38.04
-98.1234,24.9225#28.86#33.06#38.08
-98.073,24.9236#28.82#33.06#38.12
-98.0227,24.9246#28.79#33.05#38.16
-97.9723,24.9256#28.76#33.06#38.18
-97.922,24.9266#28.75#33.06#38.19
-97.8716,24.9276#28.74#33.07#38.19
-97.8213,24.9286#28.73#33.08#38.19
-97.7709,24.9295#28.72#33.09#38.19
-97.7206,24.9304#28.71#33.1#38.19
-97.6702,24.9313#28.7#33.11#38.19
-97.6199,24.9322#28.69#33.12#38.19
-97.5695,24.9331#28.67#33.13#38.2
-97.5191,24.934#28.66#33.13#38.21
-97.4688,24.9348#28.66#33.12#38.22
-97.4184,24.9356#28.65#33.1#38.25
-97.3681,24.9364#28.64#33.07#38.29
-97.3177,24.9372#28.64#33.05#38.31
-97.2673,24.938#28.63#33.02#38.35
-97.217,24.9387#28.63#33#38.37
-97.1666,24.9395#28.62#32.98#38.4
-97.1163,24.9402#28.62#32.95#38.43
-97.0659,24.9409#28.61#32.93#38.46
-97.0155,24.9416#28.61#32.9#38.49
-96.9652,24.9423#28.6#32.87#38.53
-96.9148,24.9429#28.6#32.84#38.56
-96.8644,24.9435#28.6#32.81#38.59
-96.8141,24.9442#28.6#32.78#38.62
-96.7637,24.9448#28.6#32.74#38.66
-96.7133,24.9454#28.6#32.71#38.69
-96.663,24.9459#28.6#32.68#38.72
-96.6126,24.9465#28.6#32.65#38.75
-96.5622,24.947#28.59#32.62#38.79
-96.5119,24.9475#28.59#32.58#38.83
-96.4615,24.948#28.59#32.55#38.86
-96.4111,24.9485#28.59#32.52#38.89
-96.3608,24.949#28.59#32.5#38.91
-96.3104,24.9494#28.59#32.47#38.94
-96.26,24.9499#28.59#32.44#38.97
-96.2097,24.9503#28.6#32.41#38.99
-96.1593,24.9507#28.6#32.38#39.02
-96.1089,24.9511#28.6#32.35#39.05
-96.0585,24.9514#28.6#32.32#39.08
-96.0082,24.9518#28.6#32.29#39.11
-95.9578,24.9521#28.6#32.26#39.14
-95.9074,24.9524#28.6#32.23#39.17
-95.8571,24.9527#28.6#32.2#39.2
-95.8067,24.953#28.6#32.17#39.23
-95.7563,24.9533#28.6#32.15#39.25
-95.7059,24.9535#28.6#32.12#39.28
-95.6556,24.9537#28.6#32.09#39.31
-95.6052,24.9539#28.6#32.06#39.34
-95.5548,24.9541#28.61#32.03#39.36
-95.5044,24.9543#28.61#32#39.39
-95.4541,24.9545#28.61#31.97#39.42
-95.4037,24.9546#28.61#31.94#39.45
-95.3533,24.9548#28.61#31.92#39.47
-95.3029,24.9549#28.61#31.89#39.5
-95.2526,24.955#28.61#31.86#39.53
-95.2022,24.955#28.61#31.83#39.56
-95.1518,24.9551#28.62#31.8#39.58
-95.1014,24.9551#28.62#31.77#39.61
-95.0511,24.9552#28.62#31.74#39.64
-95.0007,24.9552#28.62#31.71#39.67
-94.9503,24.9552#28.62#31.68#39.7
-94.8999,24.9551#28.62#31.66#39.72
-94.8496,24.9551#28.62#31.63#39.75
-94.7992,24.955#28.63#31.6#39.77
-94.7488,24.955#28.63#31.58#39.79
-94.6984,24.9549#28.63#31.55#39.82
-94.6481,24.9548#28.63#31.52#39.85
-94.5977,24.9546#28.63#31.5#39.87
-94.5473,24.9545#28.63#31.47#39.9
-94.497,24.9543#28.63#31.44#39.93
-94.4466,24.9541#28.63#31.43#39.94
-94.3962,24.954#28.64#31.42#39.94
-94.3458,24.9537#28.64#31.4#39.96
-94.2955,24.9535#28.64#31.39#39.97
-94.2451,24.9533#28.64#31.38#39.98
-94.1947,24.953#28.64#31.36#40
-94.1443,24.9527#28.64#31.35#40.01
-94.094,24.9524#28.64#31.34#40.02
-94.0436,24.9521#28.64#31.32#40.04
-93.9932,24.9518#28.65#31.31#40.04
-93.9428,24.9514#28.65#31.28#40.07
-93.8925,24.9511#28.65#31.24#40.11
-93.8421,24.9507#28.65#31.21#40.14
-93.7917,24.9503#28.65#31.18#40.17
-93.7414,24.9499#28.65#31.15#40.2
-93.691,24.9494#28.65#31.12#40.23
-93.6406,24.949#28.65#31.08#40.27
-93.5903,24.9485#28.65#31.05#40.3
-93.5399,24.948#28.66#31.02#40.32
-93.4895,24.9475#28.66#30.99#40.35
-93.4391,24.947#28.66#30.96#40.38
-93.3888,24.9465#28.66#30.93#40.41
-93.3384,24.9459#28.67#30.89#40.44
-93.288,24.9454#28.67#30.86#40.47
-93.2377,24.9448#28.67#30.83#40.5
-93.1873,24.9442#28.68#30.8#40.52
-93.1369,24.9436#28.68#30.77#40.55
-93.0866,24.9429#28.68#30.73#40.59
-93.0362,24.9423#28.69#30.7#40.61
-92.9859,24.9416#28.69#30.68#40.63
-92.9355,24.9409#28.71#30.69#40.6
-92.8851,24.9402#28.73#30.7#40.57
-92.8348,24.9395#28.75#30.7#40.55
-92.7844,24.9388#28.77#30.71#40.52
-92.734,24.938#28.79#30.72#40.49
-92.6837,24.9372#28.81#30.73#40.46
-92.6333,24.9364#28.83#30.73#40.44
-92.583,24.9356#28.85#30.74#40.41
-92.5326,24.9348#28.86#30.75#40.39
-92.4822,24.934#28.89#30.74#40.37
-92.4319,24.9331#28.93#30.68#40.39
-92.3815,24.9322#28.97#30.63#40.4
-92.3312,24.9314#29.01#30.58#40.41
-92.2808,24.9304#29.05#30.53#40.42
-92.2305,24.9295#29.09#30.48#40.43
-92.1801,24.9286#29.12#30.43#40.45
-92.1298,24.9276#29.16#30.38#40.46
-92.0794,24.9266#29.2#30.32#40.48
-92.0291,24.9257#29.24#30.27#40.49
-91.9787,24.9246#29.28#30.22#40.5
-91.9284,24.9236#29.33#30.16#40.51
-91.878,24.9226#29.38#30.1#40.52
-91.8277,24.9215#29.43#30.05#40.52
-91.7773,24.9204#29.48#29.99#40.53
-91.727,24.9193#29.53#29.93#40.54
-91.6766,24.9182#29.58#29.88#40.54
-91.6263,24.9171#29.63#29.82#40.55
-91.5759,24.916#29.68#29.76#40.56
-91.5256,24.9148#29.73#29.7#40.57
-91.4753,24.9136#29.77#29.65#40.58
-91.4249,24.9124#29.8#29.6#40.6
-91.3746,24.9112#29.82#29.55#40.63
-91.3242,24.91#29.85#29.5#40.65
-91.2739,24.9087#29.88#29.45#40.67
-91.2236,24.9075#29.9#29.4#40.7
-91.1732,24.9062#29.93#29.35#40.72
-91.1229,24.9049#29.96#29.3#40.74
-91.0726,24.9036#29.98#29.25#40.77
-91.0222,24.9022#30.01#29.2#40.79
-90.9719,24.9009#30.03#29.15#40.82
-100.491,24.9#29.58#32.48#37.94
-100.44,24.9019#29.58#32.51#37.91
-100.39,24.9037#29.59#32.54#37.87
-100.34,24.9055#29.59#32.57#37.84
-100.289,24.9073#29.59#32.6#37.81
-100.239,24.9091#29.6#32.63#37.77
-100.189,24.9108#29.6#32.66#37.74
-100.138,24.9126#29.6#32.69#37.71
-100.088,24.9143#29.6#32.72#37.68
-100.038,24.916#29.61#32.74#37.65
-99.9874,24.9177#29.61#32.77#37.62
-99.9371,24.9193#29.61#32.8#37.59
-99.8867,24.921#29.61#32.82#37.57
-99.8364,24.9226#29.6#32.84#37.56
-99.7861,24.9243#29.6#32.87#37.53
-99.7358,24.9259#29.6#32.89#37.51
-99.6854,24.9274#29.6#32.91#37.49
-99.6351,24.929#29.6#32.94#37.46
-99.5848,24.9306#29.6#32.96#37.44
-99.5344,24.9321#29.59#32.98#37.43
-99.4841,24.9336#29.59#33#37.41
-99.4337,24.9351#29.57#33#37.43
-99.3834,24.9366#29.55#33#37.45
-99.3331,24.9381#29.54#33#37.46
-99.2827,24.9395#29.52#33#37.48
-99.2324,24.941#29.5#33#37.5
-99.182,24.9424#29.49#33#37.51
-99.1317,24.9438#29.47#33#37.53
-99.0813,24.9452#29.45#33#37.55
-99.031,24.9465#29.43#33#37.57
-98.9806,24.9479#29.41#33#37.59
-98.9303,24.9492#29.38#33.02#37.6
-98.8799,24.9505#29.34#33.03#37.63
-98.8296,24.9518#29.31#33.04#37.65
-98.7792,24.9531#29.28#33.06#37.66
-98.7289,24.9544#29.24#33.07#37.69
-98.6785,24.9556#29.21#33.08#37.71
-98.6282,24.9569#29.18#33.1#37.72
-98.5778,24.9581#29.14#33.11#37.75
-98.5274,24.9593#29.11#33.12#37.77
-98.4771,24.9604#29.08#33.13#37.79
-98.4267,24.9616#29.04#33.12#37.84
-98.3764,24.9627#29.01#33.12#37.87
-98.326,24.9639#28.98#33.11#37.91
-98.2756,24.965#28.94#33.11#37.95
-98.2253,24.9661#28.91#33.11#37.98
-98.1749,24.9672#28.88#33.1#38.02
-98.1245,24.9682#28.84#33.1#38.06
-98.0742,24.9693#28.81#33.09#38.1
-98.0238,24.9703#28.78#33.09#38.13
-97.9734,24.9713#28.76#33.09#38.15
-97.9231,24.9723#28.75#33.1#38.15
-97.8727,24.9733#28.74#33.11#38.15
-97.8223,24.9742#28.73#33.11#38.16
-97.7719,24.9752#28.72#33.12#38.16
-97.7216,24.9761#28.7#33.13#38.17
-97.6712,24.977#28.69#33.13#38.18
-97.6208,24.9779#28.68#33.14#38.18
-97.5705,24.9788#28.67#33.15#38.18
-97.5201,24.9796#28.66#33.15#38.19
-97.4697,24.9805#28.66#33.14#38.2
-97.4193,24.9813#28.65#33.11#38.24
-97.3689,24.9821#28.65#33.09#38.26
-97.3186,24.9829#28.64#33.06#38.3
-97.2682,24.9837#28.64#33.04#38.32
-97.2178,24.9844#28.63#33.01#38.36
-97.1674,24.9852#28.63#32.99#38.38
-97.117,24.9859#28.62#32.96#38.42
-97.0667,24.9866#28.62#32.93#38.45
-97.0163,24.9873#28.61#32.91#38.48
-96.9659,24.9879#28.61#32.88#38.51
-96.9155,24.9886#28.61#32.84#38.55
-96.8651,24.9892#28.61#32.81#38.58
-96.8148,24.9899#28.6#32.78#38.62
-96.7644,24.9905#28.6#32.75#38.65
-96.714,24.991#28.6#32.71#38.69
-96.6636,24.9916#28.6#32.68#38.72
-96.6132,24.9922#28.6#32.65#38.75
-96.5628,24.9927#28.6#32.61#38.79
-96.5124,24.9932#28.6#32.58#38.82
-96.462,24.9937#28.6#32.55#38.85
-96.4117,24.9942#28.6#32.52#38.88
-96.3613,24.9947#28.6#32.49#38.91
-96.3109,24.9951#28.6#32.46#38.94
-96.2605,24.9956#28.6#32.43#38.97
-96.2101,24.996#28.6#32.4#39
-96.1597,24.9964#28.6#32.38#39.02
-96.1093,24.9967#28.6#32.35#39.05
-96.0589,24.9971#28.6#32.32#39.08
-96.0085,24.9975#28.6#32.29#39.11
-95.9582,24.9978#28.6#32.26#39.14
-95.9078,24.9981#28.61#32.23#39.16
-95.8574,24.9984#28.61#32.2#39.19
-95.807,24.9987#28.61#32.17#39.22
-95.7566,24.9989#28.61#32.14#39.25
-95.7062,24.9992#28.61#32.11#39.28
-95.6558,24.9994#28.61#32.08#39.31
-95.6054,24.9996#28.61#32.05#39.34
-95.555,24.9998#28.61#32.03#39.36
-95.5046,25#28.61#32#39.39
-95.4542,25.0002#28.62#31.97#39.41
-95.4038,25.0003#28.62#31.94#39.44
-95.3534,25.0004#28.62#31.91#39.47
-95.3031,25.0006#28.62#31.88#39.5
-95.2527,25.0006#28.62#31.85#39.53
-95.2023,25.0007#28.62#31.82#39.56
-95.1519,25.0008#28.62#31.79#39.59
-95.1015,25.0008#28.62#31.76#39.62
-95.0511,25.0009#28.63#31.73#39.64
-95.0007,25.0009#28.63#31.7#39.67
-94.9503,25.0009#28.63#31.67#39.7
-94.8999,25.0008#28.63#31.64#39.73
-94.8495,25.0008#28.63#31.62#39.75
-94.7991,25.0007#28.63#31.59#39.78
-94.7487,25.0007#28.63#31.57#39.8
-94.6983,25.0006#28.64#31.54#39.82
-94.6479,25.0004#28.64#31.51#39.85
-94.5975,25.0003#28.64#31.49#39.87
-94.5472,25.0002#28.64#31.46#39.9
-94.4968,25#28.64#31.43#39.93
-94.4464,24.9998#28.64#31.42#39.94
-94.396,24.9996#28.64#31.41#39.95
-94.3456,24.9994#28.64#31.39#39.97
-94.2952,24.9992#28.65#31.38#39.97
-94.2448,24.999#28.65#31.36#39.99
-94.1944,24.9987#28.65#31.35#40
-94.144,24.9984#28.65#31.34#40.01
-94.0936,24.9981#28.65#31.32#40.03
-94.0432,24.9978#28.65#31.31#40.04
-93.9928,24.9975#28.65#31.29#40.06
-93.9425,24.9971#28.65#31.26#40.09
-93.8921,24.9968#28.66#31.23#40.11
-93.8417,24.9964#28.66#31.2#40.14
-93.7913,24.996#28.66#31.16#40.18
-93.7409,24.9956#28.66#31.13#40.21
-93.6905,24.9951#28.66#31.1#40.24
-93.6401,24.9947#28.66#31.07#40.27
-93.5897,24.9942#28.66#31.03#40.31
-93.5393,24.9937#28.66#31#40.34
-93.489,24.9932#28.67#30.97#40.36
-93.4386,24.9927#28.67#30.94#40.39
-93.3882,24.9922#28.67#30.91#40.42
-93.3378,24.9916#28.68#30.88#40.44
-93.2874,24.9911#28.68#30.85#40.47
-93.237,24.9905#28.69#30.82#40.49
-93.1866,24.9899#28.69#30.79#40.52
-93.1363,24.9893#28.7#30.77#40.53
-93.0859,24.9886#28.7#30.74#40.56
-93.0355,24.988#28.71#30.71#40.58
-92.9851,24.9873#28.71#30.69#40.6
-92.9347,24.9866#28.74#30.69#40.57
-92.8843,24.9859#28.76#30.7#40.54
-92.834,24.9852#28.78#30.7#40.52
-92.7836,24.9844#28.8#30.71#40.49
-92.7332,24.9837#28.82#30.72#40.46
-92.6828,24.9829#28.84#30.72#40.44
-92.6324,24.9821#28.86#30.73#40.41
-92.5821,24.9813#28.88#30.73#40.39
-92.5317,24.9805#28.9#30.74#40.36
-92.4813,24.9797#28.93#30.73#40.34
-92.4309,24.9788#28.97#30.68#40.35
-92.3806,24.9779#29.01#30.63#40.36
-92.3302,24.977#29.05#30.58#40.37
-92.2798,24.9761#29.09#30.53#40.38
-92.2294,24.9752#29.13#30.48#40.39
-92.1791,24.9743#29.17#30.43#40.4
-92.1287,24.9733#29.21#30.38#40.41
-92.0783,24.9723#29.25#30.33#40.42
-92.028,24.9713#29.29#30.29#40.42
-91.9776,24.9703#29.33#30.23#40.44
-91.9272,24.9693#29.38#30.18#40.44
-91.8769,24.9683#29.43#30.12#40.45
-91.8265,24.9672#29.47#30.07#40.46
-91.7761,24.9661#29.52#30.01#40.47
-91.7258,24.965#29.57#29.96#40.47
-91.6754,24.9639#29.61#29.9#40.49
-91.625,24.9628#29.66#29.85#40.49
-91.5747,24.9616#29.71#29.79#40.5
-91.5243,24.9605#29.75#29.73#40.52
-91.474,24.9593#29.79#29.68#40.53
-91.4236,24.9581#29.82#29.63#40.55
-91.3732,24.9569#29.84#29.58#40.58
-91.3229,24.9557#29.87#29.53#40.6
-91.2725,24.9544#29.89#29.48#40.63
-91.2222,24.9531#29.92#29.43#40.65
-91.1718,24.9519#29.95#29.38#40.67
-91.1215,24.9506#29.97#29.33#40.7
-91.0711,24.9492#30#29.28#40.72
-91.0208,24.9479#30.02#29.23#40.75
-90.9704,24.9466#30.04#29.19#40.77
-90.9201,24.9452#30.06#29.14#40.8
-90.8697,24.9438#30.08#29.1#40.82
-90.8194,24.9424#30.1#29.05#40.85
-90.769,24.941#30.12#29.01#40.87
-90.7187,24.9396#30.14#28.97#40.89
-90.6683,24.9381#30.16#28.92#40.92
-90.618,24.9367#30.18#28.88#40.94
-90.5677,24.9352#30.2#28.83#40.97
-90.5173,24.9337#30.22#28.79#40.99
-90.467,24.9321#30.22#28.76#41.02
-90.4166,24.9306#30.2#28.72#41.08
-90.3663,24.9291#30.19#28.69#41.12
-90.316,24.9275#30.17#28.66#41.17
-90.2656,24.9259#30.15#28.63#41.22
-90.2153,24.9243#30.14#28.6#41.26
-90.165,24.9227#30.12#28.57#41.31
-90.1146,24.921#30.11#28.54#41.35
-90.0643,24.9194#30.09#28.51#41.4
-90.014,24.9177#30.08#28.48#41.44
-89.9637,24.916#30.03#28.46#41.51
-89.9133,24.9143#29.97#28.44#41.59
-89.863,24.9126#29.92#28.43#41.65
-89.8127,24.9109#29.86#28.41#41.73
-89.7624,24.9091#29.81#28.4#41.79
-89.7121,24.9073#29.75#28.38#41.87
-89.6618,24.9056#29.69#28.37#41.94
-89.6114,24.9037#29.64#28.36#42
-89.5611,24.9019#29.58#28.34#42.08
-89.5108,24.9001#29.53#28.33#42.14
-101.599,24.9009#29.32#31.94#38.74
-101.549,24.9031#29.35#31.96#38.69
-101.499,24.9053#29.39#31.97#38.64
-101.449,24.9075#29.4#32#38.6
-101.398,24.9096#29.41#32.02#38.57
-101.348,24.9118#29.43#32.04#38.53
-101.298,24.9139#29.44#32.07#38.49
-101.247,24.916#29.45#32.09#38.46
-101.197,24.9181#29.46#32.12#38.42
-101.147,24.9202#29.48#32.14#38.38
-101.096,24.9223#29.49#32.16#38.35
-101.046,24.9243#29.5#32.19#38.31
-100.996,24.9263#29.51#32.21#38.28
-100.946,24.9283#29.52#32.24#38.24
-100.895,24.9303#29.53#32.27#38.2
-100.845,24.9323#29.54#32.3#38.16
-100.795,24.9343#29.54#32.33#38.13
-100.744,24.9362#29.55#32.35#38.1
-100.694,24.9381#29.56#32.38#38.06
-100.644,24.9401#29.57#32.41#38.02
-100.593,24.9419#29.57#32.44#37.99
-100.543,24.9438#29.58#32.47#37.95
-100.493,24.9457#29.59#32.49#37.92
-100.442,24.9475#29.59#32.52#37.89
-100.392,24.9493#29.59#32.55#37.86
-100.342,24.9512#29.6#32.58#37.82
-100.291,24.9529#29.6#32.61#37.79
-100.241,24.9547#29.6#32.64#37.76
-100.191,24.9565#29.6#32.67#37.73
-100.14,24.9582#29.61#32.7#37.69
-100.09,24.9599#29.61#32.73#37.66
-100.04,24.9616#29.61#32.76#37.63
-99.9893,24.9633#29.61#32.79#37.6
-99.9389,24.965#29.61#32.81#37.58
-99.8886,24.9667#29.61#32.83#37.56
-99.8382,24.9683#29.6#32.85#37.55
-99.7879,24.9699#29.6#32.87#37.53
-99.7375,24.9715#29.6#32.9#37.5
-99.6872,24.9731#29.59#32.92#37.49
-99.6368,24.9747#29.59#32.94#37.47
-99.5865,24.9762#29.59#32.96#37.45
-99.5361,24.9778#29.58#32.98#37.44
-99.4857,24.9793#29.58#33#37.42
-99.4354,24.9808#29.56#33#37.44
-99.385,24.9823#29.54#33#37.46
-99.3347,24.9837#29.52#33#37.48
-99.2843,24.9852#29.5#33#37.5
-99.2339,24.9866#29.49#33#37.51
-99.1836,24.988#29.47#33#37.53
-99.1332,24.9894#29.45#33#37.55
-99.0828,24.9908#29.43#33#37.57
-99.0325,24.9922#29.41#33#37.59
-98.9821,24.9935#29.39#33.01#37.6
-98.9317,24.9949#29.35#33.02#37.63
-98.8814,24.9962#29.32#33.04#37.64
-98.831,24.9975#29.29#33.05#37.66
-98.7806,24.9988#29.25#33.07#37.68
-98.7303,25#29.22#33.08#37.7
-98.6799,25.0013#29.18#33.1#37.72
-98.6295,25.0025#29.15#33.11#37.74
-98.5791,25.0037#29.12#33.13#37.75
-98.5288,25.0049#29.08#33.15#37.77
-98.4784,25.0061#29.05#33.15#37.8
-98.428,25.0073#29.02#33.15#37.83
-98.3776,25.0084#28.99#33.15#37.86
-98.3272,25.0096#28.96#33.14#37.9
-98.2769,25.0107#28.93#33.14#37.93
-98.2265,25.0118#28.9#33.14#37.96
-98.1761,25.0128#28.86#33.14#38
-98.1257,25.0139#28.83#33.13#38.04
-98.0753,25.0149#28.8#33.13#38.07
-98.0249,25.016#28.77#33.13#38.1
-97.9745,25.017#28.75#33.13#38.12
-97.9242,25.018#28.74#33.13#38.13
-97.8738,25.019#28.73#33.14#38.13
-97.8234,25.0199#28.72#33.14#38.14
-97.773,25.0209#28.71#33.15#38.14
-97.7226,25.0218#28.7#33.15#38.15
-97.6722,25.0227#28.69#33.16#38.15
-97.6218,25.0236#28.68#33.16#38.16
-97.5714,25.0245#28.67#33.17#38.16
-97.521,25.0253#28.66#33.17#38.17
-97.4706,25.0262#28.65#33.16#38.19
-97.4202,25.027#28.65#33.13#38.22
-97.3698,25.0278#28.65#33.1#38.25
-97.3194,25.0286#28.64#33.08#38.28
-97.269,25.0293#28.64#33.05#38.31
-97.2186,25.0301#28.63#33.02#38.35
-97.1682,25.0308#28.63#32.99#38.38
-97.1178,25.0316#28.62#32.97#38.41
-97.0674,25.0323#28.62#32.94#38.44
-97.017,25.033#28.61#32.91#38.48
-96.9666,25.0336#28.61#32.88#38.51
-96.9162,25.0343#28.61#32.85#38.54
-96.8658,25.0349#28.61#32.81#38.58
-96.8154,25.0355#28.61#32.78#38.61
-96.765,25.0361#28.61#32.75#38.64
-96.7146,25.0367#28.61#32.71#38.68
-96.6642,25.0373#28.61#32.68#38.71
-96.6138,25.0378#28.61#32.65#38.74
-96.5634,25.0384#28.61#32.61#38.78
-96.513,25.0389#28.6#32.58#38.82
-96.4626,25.0394#28.6#32.55#38.85
-96.4122,25.0399#28.61#32.52#38.87
-96.3618,25.0404#28.61#32.49#38.9
-96.3114,25.0408#28.61#32.46#38.93
-96.261,25.0412#28.61#32.43#38.96
-96.2106,25.0417#28.61#32.4#38.99
-96.1601,25.0421#28.61#32.37#39.02
-96.1097,25.0424#28.61#32.34#39.05
-96.0593,25.0428#28.61#32.32#39.07
-96.0089,25.0431#28.61#32.29#39.1
-95.9585,25.0435#28.61#32.26#39.13
-95.9081,25.0438#28.61#32.23#39.16
-95.8577,25.0441#28.61#32.2#39.19
-95.8073,25.0444#28.61#32.17#39.22
-95.7569,25.0446#28.62#32.14#39.24
-95.7065,25.0449#28.62#32.11#39.27
-95.6561,25.0451#28.62#32.08#39.3
-95.6056,25.0453#28.62#32.05#39.33
-95.5552,25.0455#28.62#32.02#39.36
-95.5048,25.0457#28.62#31.99#39.39
-95.4544,25.0459#28.62#31.96#39.42
-95.404,25.046#28.62#31.93#39.45
-95.3536,25.0461#28.62#31.9#39.48
-95.3032,25.0462#28.63#31.87#39.5
-95.2528,25.0463#28.63#31.84#39.53
-95.2023,25.0464#28.63#31.81#39.56
-95.1519,25.0465#28.63#31.78#39.59
-95.1015,25.0465#28.63#31.75#39.62
-95.0511,25.0465#28.63#31.72#39.65
-95.0007,25.0466#28.63#31.68#39.69
-94.9503,25.0465#28.64#31.66#39.7
-94.8999,25.0465#28.64#31.63#39.73
-94.8495,25.0465#28.64#31.61#39.75
-94.799,25.0464#28.64#31.58#39.78
-94.7486,25.0463#28.64#31.56#39.8
-94.6982,25.0462#28.64#31.53#39.83
-94.6478,25.0461#28.64#31.5#39.86
-94.5974,25.046#28.65#31.48#39.87
-94.547,25.0459#28.65#31.45#39.9
-94.4966,25.0457#28.65#31.43#39.92
-94.4462,25.0455#28.65#31.41#39.94
-94.3958,25.0453#28.65#31.4#39.95
-94.3453,25.0451#28.65#31.38#39.97
-94.2949,25.0449#28.65#31.37#39.98
-94.2445,25.0446#28.65#31.35#40
-94.1941,25.0444#28.66#31.34#40
-94.1437,25.0441#28.66#31.32#40.02
-94.0933,25.0438#28.66#31.31#40.03
-94.0429,25.0435#28.66#31.29#40.05
-93.9925,25.0432#28.66#31.28#40.06
-93.9421,25.0428#28.66#31.24#40.1
-93.8917,25.0424#28.66#31.21#40.13
-93.8412,25.0421#28.66#31.18#40.16
-93.7908,25.0417#28.67#31.15#40.18
-93.7404,25.0412#28.67#31.11#40.22
-93.69,25.0408#28.67#31.08#40.25
-93.6396,25.0404#28.67#31.05#40.28
-93.5892,25.0399#28.67#31.01#40.32
-93.5388,25.0394#28.67#30.98#40.35
-93.4884,25.0389#28.67#30.95#40.38
-93.438,25.0384#28.68#30.92#40.4
-93.3876,25.0379#28.68#30.9#40.42
-93.3372,25.0373#28.69#30.87#40.44
-93.2868,25.0367#28.7#30.84#40.46
-93.2364,25.0362#28.7#30.82#40.48
-93.186,25.0356#28.71#30.79#40.5
-93.1356,25.0349#28.71#30.76#40.53
-93.0852,25.0343#28.72#30.74#40.54
-93.0348,25.0336#28.73#30.71#40.56
-92.9844,25.033#28.74#30.69#40.57
-92.934,25.0323#28.76#30.7#40.54
-92.8836,25.0316#28.78#30.7#40.52
-92.8332,25.0309#28.81#30.71#40.48
-92.7828,25.0301#28.83#30.71#40.46
-92.7324,25.0294#28.85#30.71#40.44
-92.682,25.0286#28.87#30.72#40.41
-92.6316,25.0278#28.9#30.72#40.38
-92.5812,25.027#28.92#30.73#40.35
-92.5308,25.0262#28.94#30.73#40.33
-92.4804,25.0253#28.97#30.72#40.31
-92.43,25.0245#29.01#30.67#40.32
-92.3796,25.0236#29.05#30.62#40.33
-92.3292,25.0227#29.09#30.58#40.33
-92.2788,25.0218#29.14#30.53#40.33
-92.2284,25.0209#29.18#30.49#40.33
-92.178,25.0199#29.22#30.44#40.34
-92.1276,25.019#29.26#30.39#40.35
-92.0772,25.018#29.3#30.35#40.35
-92.0269,25.017#29.34#30.3#40.36
-91.9765,25.016#29.38#30.25#40.37
-91.9261,25.015#29.42#30.2#40.38
-91.8757,25.0139#29.47#30.14#40.39
-91.8253,25.0129#29.51#30.09#40.4
-91.7749,25.0118#29.55#30.03#40.42
-91.7245,25.0107#29.6#29.98#40.42
-91.6742,25.0096#29.64#29.93#40.43
-91.6238,25.0085#29.69#29.87#40.44
-91.5734,25.0073#29.73#29.82#40.45
-91.523,25.0061#29.78#29.76#40.46
-91.4726,25.005#29.81#29.71#40.48
-91.4223,25.0038#29.83#29.66#40.51
-91.3719,25.0026#29.86#29.61#40.53
-91.3215,25.0013#29.88#29.56#40.56
-91.2711,25.0001#29.91#29.51#40.58
-91.2208,24.9988#29.93#29.46#40.61
-91.1704,24.9975#29.96#29.41#40.63
-91.12,24.9962#29.98#29.36#40.66
-91.0696,24.9949#30.01#29.31#40.68
-91.0193,24.9936#30.04#29.26#40.7
-90.9689,24.9922#30.05#29.22#40.73
-90.9185,24.9909#30.07#29.17#40.76
-90.8682,24.9895#30.09#29.13#40.78
-90.8178,24.9881#30.1#29.08#40.82
-90.7674,24.9867#30.12#29.04#40.84
-90.7171,24.9852#30.14#28.99#40.87
-90.6667,24.9838#30.15#28.95#40.9
-90.6164,24.9823#30.17#28.9#40.93
-90.566,24.9808#30.19#28.86#40.95
-90.5156,24.9793#30.2#28.81#40.99
-90.4653,24.9778#30.2#28.77#41.03
-90.4149,24.9763#30.18#28.74#41.08
-90.3646,24.9747#30.16#28.71#41.13
-90.3142,24.9732#30.14#28.68#41.18
-90.2639,24.9716#30.12#28.64#41.24
-90.2135,24.97#30.1#28.61#41.29
-90.1632,24.9683#30.08#28.58#41.34
-90.1128,24.9667#30.06#28.55#41.39
-90.0625,24.965#30.05#28.51#41.44
-90.0121,24.9634#30.03#28.48#41.49
-89.9618,24.9617#29.98#28.46#41.56
-89.9115,24.96#29.92#28.45#41.63
-89.8611,24.9583#29.87#28.43#41.7
-89.8108,24.9565#29.81#28.41#41.78
-89.7604,24.9548#29.75#28.4#41.85
-89.7101,24.953#29.7#28.38#41.92
-89.6598,24.9512#29.64#28.37#41.99
-89.6094,24.9494#29.58#28.35#42.07
-89.5591,24.9476#29.53#28.33#42.14
-89.5088,24.9457#29.47#28.32#42.21
-89.4584,24.9439#29.41#28.31#42.28
-89.4081,24.942#29.35#28.31#42.34
-89.3578,24.9401#29.28#28.3#42.42
-89.3075,24.9382#29.22#28.3#42.48
-89.2571,24.9363#29.15#28.29#42.56
-89.2068,24.9343#29.09#28.29#42.62
-89.1565,24.9324#29.02#28.28#42.7
-89.1062,24.9304#28.96#28.28#42.76
-89.0559,24.9284#28.89#28.27#42.84
-89.0056,24.9264#28.83#28.27#42.9
-88.9552,24.9244#28.8#28.3#42.9
-88.9049,24.9223#28.77#28.34#42.89
-88.8546,24.9203#28.75#28.38#42.87
-88.8043,24.9182#28.72#28.42#42.86
-88.754,24.9161#28.7#28.46#42.84
-88.7037,24.914#28.67#28.5#42.83
-88.6534,24.9118#28.65#28.54#42.81
-88.6031,24.9097#28.62#28.58#42.8
-88.5528,24.9075#28.6#28.62#42.78
-88.5025,24.9054#28.57#28.66#42.77
-88.4522,24.9032#28.56#28.75#42.69
-88.4019,24.9009#28.54#28.84#42.62
-102.558,24.9012#28.79#31.83#39.38
-102.507,24.9038#28.79#31.81#39.4
-102.457,24.9063#28.81#31.81#39.38
-102.407,24.9088#28.84#31.81#39.35
-102.356,24.9113#28.87#31.81#39.32
-102.306,24.9137#28.9#31.81#39.29
-102.256,24.9162#28.93#31.81#39.26
-102.206,24.9186#28.96#31.81#39.23
-102.155,24.921#28.99#31.81#39.2
-102.105,24.9234#29.01#31.81#39.18
-102.055,24.9258#29.04#31.81#39.15
-102.004,24.9282#29.07#31.82#39.11
-101.954,24.9305#29.11#31.83#39.06
-101.904,24.9329#29.14#31.85#39.01
-101.853,24.9352#29.17#31.86#38.97
-101.803,24.9375#29.21#31.88#38.91
-101.753,24.9398#29.24#31.9#38.86
-101.703,24.942#29.27#31.91#38.82
-101.652,24.9443#29.3#31.93#38.77
-101.602,24.9465#29.34#31.95#38.71
-101.552,24.9487#29.37#31.96#38.67
-101.501,24.9509#29.4#31.98#38.62
-101.451,24.9531#29.41#32#38.59
-101.401,24.9553#29.43#32.03#38.54
-101.35,24.9574#29.44#32.05#38.51
-101.3,24.9596#29.45#32.08#38.47
-101.25,24.9617#29.46#32.1#38.44
-101.199,24.9638#29.48#32.12#38.4
-101.149,24.9658#29.49#32.15#38.36
-101.099,24.9679#29.5#32.17#38.33
-101.048,24.97#29.51#32.2#38.29
-100.998,24.972#29.52#32.22#38.26
-100.948,24.974#29.53#32.25#38.22
-100.897,24.976#29.54#32.28#38.18
-100.847,24.978#29.54#32.31#38.15
-100.797,24.9799#29.55#32.34#38.11
-100.746,24.9819#29.56#32.36#38.08
-100.696,24.9838#29.57#32.39#38.04
-100.646,24.9857#29.57#32.42#38.01
-100.595,24.9876#29.58#32.45#37.97
-100.545,24.9895#29.59#32.48#37.93
-100.495,24.9913#29.59#32.51#37.9
-100.444,24.9932#29.6#32.54#37.86
-100.394,24.995#29.6#32.56#37.84
-100.344,24.9968#29.6#32.59#37.81
-100.293,24.9986#29.6#32.62#37.78
-100.243,25.0004#29.61#32.65#37.74
-100.193,25.0021#29.61#32.68#37.71
-100.142,25.0039#29.61#32.71#37.68
-100.092,25.0056#29.61#32.74#37.65
-100.041,25.0073#29.62#32.77#37.61
-99.9911,25.009#29.62#32.8#37.58
-99.9407,25.0107#29.61#32.82#37.57
-99.8904,25.0123#29.61#32.84#37.55
-99.84,25.014#29.6#32.86#37.54
-99.7896,25.0156#29.6#32.88#37.52
-99.7393,25.0172#29.6#32.9#37.5
-99.6889,25.0188#29.59#32.92#37.49
-99.6385,25.0203#29.59#32.94#37.47
-99.5882,25.0219#29.58#32.96#37.46
-99.5378,25.0234#29.58#32.98#37.44
-99.4874,25.025#29.57#33#37.43
-99.437,25.0265#29.55#33#37.45
-99.3867,25.0279#29.53#33#37.47
-99.3363,25.0294#29.51#33#37.49
-99.2859,25.0309#29.49#33#37.51
-99.2355,25.0323#29.47#33#37.53
-99.1851,25.0337#29.45#33#37.55
-99.1348,25.0351#29.43#33#37.57
-99.0844,25.0365#29.41#33#37.59
-99.034,25.0379#29.39#33#37.61
-98.9836,25.0392#29.36#33.01#37.63
-98.9332,25.0406#29.33#33.02#37.65
-98.8828,25.0419#29.29#33.04#37.67
-98.8324,25.0432#29.26#33.06#37.68
-98.782,25.0444#29.23#33.08#37.69
-98.7316,25.0457#29.19#33.1#37.71
-98.6813,25.047#29.16#33.11#37.73
-98.6309,25.0482#29.12#33.13#37.75
-98.5805,25.0494#29.09#33.15#37.76
-98.5301,25.0506#29.06#33.17#37.77
-98.4797,25.0518#29.02#33.18#37.8
-98.4293,25.053#29#33.18#37.82
-98.3789,25.0541#28.97#33.18#37.85
-98.3285,25.0552#28.94#33.17#37.89
-98.2781,25.0563#28.91#33.17#37.92
-98.2277,25.0574#28.88#33.17#37.95
-98.1773,25.0585#28.85#33.17#37.98
-98.1269,25.0596#28.82#33.17#38.01
-98.0765,25.0606#28.79#33.16#38.05
-98.0261,25.0616#28.77#33.16#38.07
-97.9756,25.0627#28.75#33.16#38.09
-97.9252,25.0637#28.74#33.17#38.09
-97.8748,25.0646#28.73#33.17#38.1
-97.8244,25.0656#28.72#33.17#38.11
-97.774,25.0665#28.71#33.17#38.12
-97.7236,25.0675#28.7#33.18#38.12
-97.6732,25.0684#28.69#33.18#38.13
-97.6228,25.0693#28.68#33.18#38.14
-97.5724,25.0701#28.67#33.18#38.15
-97.522,25.071#28.66#33.19#38.15
-97.4715,25.0718#28.65#33.17#38.18
-97.4211,25.0727#28.65#33.14#38.21
-97.3707,25.0735#28.65#33.12#38.23
-97.3203,25.0743#28.64#33.09#38.27
-97.2699,25.075#28.64#33.06#38.3
-97.2195,25.0758#28.63#33.03#38.34
-97.169,25.0765#28.63#33#38.37
-97.1186,25.0772#28.63#32.98#38.39
-97.0682,25.078#28.62#32.95#38.43
-97.0178,25.0786#28.62#32.92#38.46
-96.9674,25.0793#28.62#32.89#38.49
-96.9169,25.08#28.61#32.85#38.54
-96.8665,25.0806#28.61#32.82#38.57
-96.8161,25.0812#28.61#32.78#38.61
-96.7657,25.0818#28.61#32.75#38.64
-96.7153,25.0824#28.61#32.71#38.68
-96.6648,25.083#28.61#32.68#38.71
-96.6144,25.0835#28.61#32.64#38.75
-96.564,25.0841#28.61#32.61#38.78
-96.5136,25.0846#28.61#32.57#38.82
-96.4631,25.0851#28.61#32.54#38.85
-96.4127,25.0856#28.61#32.52#38.87
-96.3623,25.086#28.61#32.49#38.9
-96.3119,25.0865#28.61#32.46#38.93
-96.2614,25.0869#28.61#32.43#38.96
-96.211,25.0873#28.61#32.4#38.99
-96.1606,25.0877#28.61#32.37#39.02
-96.1102,25.0881#28.62#32.34#39.04
-96.0597,25.0885#28.62#32.32#39.06
-96.0093,25.0888#28.62#32.29#39.09
-95.9589,25.0892#28.62#32.26#39.12
-95.9084,25.0895#28.62#32.23#39.15
-95.858,25.0898#28.62#32.2#39.18
-95.8076,25.0901#28.62#32.17#39.21
-95.7572,25.0903#28.62#32.14#39.24
-95.7067,25.0906#28.62#32.1#39.28
-95.6563,25.0908#28.62#32.07#39.31
-95.6059,25.091#28.63#32.04#39.33
-95.5554,25.0912#28.63#32.01#39.36
-95.505,25.0914#28.63#31.98#39.39
-95.4546,25.0915#28.63#31.95#39.42
-95.4041,25.0917#28.63#31.92#39.45
-95.3537,25.0918#28.63#31.89#39.48
-95.3033,25.0919#28.63#31.86#39.51
-95.2529,25.092#28.63#31.83#39.54
-95.2024,25.0921#28.64#31.8#39.56
-95.152,25.0922#28.64#31.76#39.6
-95.1016,25.0922#28.64#31.73#39.63
-95.0511,25.0922#28.64#31.7#39.66
-95.0007,25.0922#28.64#31.67#39.69
-94.9503,25.0922#28.64#31.65#39.71
-94.8998,25.0922#28.64#31.62#39.74
-94.8494,25.0922#28.65#31.6#39.75
-94.799,25.0921#28.65#31.57#39.78
-94.7485,25.092#28.65#31.55#39.8
-94.6981,25.0919#28.65#31.52#39.83
-94.6477,25.0918#28.65#31.49#39.86
-94.5973,25.0917#28.65#31.47#39.88
-94.5468,25.0916#28.65#31.44#39.91
-94.4964,25.0914#28.66#31.42#39.92
-94.446,25.0912#28.66#31.4#39.94
-94.3955,25.091#28.66#31.39#39.95
-94.3451,25.0908#28.66#31.37#39.97
-94.2947,25.0906#28.66#31.36#39.98
-94.2442,25.0903#28.66#31.34#40
-94.1938,25.0901#28.66#31.33#40.01
-94.1434,25.0898#28.66#31.31#40.03
-94.093,25.0895#28.67#31.3#40.03
-94.0425,25.0892#28.67#31.28#40.05
-93.9921,25.0888#28.67#31.26#40.07
-93.9417,25.0885#28.67#31.23#40.1
-93.8912,25.0881#28.67#31.2#40.13
-93.8408,25.0878#28.67#31.16#40.17
-93.7904,25.0874#28.67#31.13#40.2
-93.74,25.0869#28.67#31.1#40.23
-93.6895,25.0865#28.67#31.06#40.27
-93.6391,25.0861#28.68#31.03#40.29
-93.5887,25.0856#28.68#31#40.32
-93.5383,25.0851#28.68#30.96#40.36
-93.4878,25.0846#28.68#30.93#40.39
-93.4374,25.0841#28.69#30.91#40.4
-93.387,25.0835#28.7#30.88#40.42
-93.3366,25.083#28.7#30.86#40.44
-93.2861,25.0824#28.71#30.84#40.45
-93.2357,25.0818#28.72#30.81#40.47
-93.1853,25.0812#28.72#30.79#40.49
-93.1349,25.0806#28.73#30.76#40.51
-93.0844,25.08#28.74#30.74#40.52
-93.034,25.0793#28.75#30.71#40.54
-92.9836,25.0787#28.76#30.7#40.54
-92.9332,25.078#28.78#30.7#40.52
-92.8828,25.0773#28.81#30.7#40.49
-92.8324,25.0765#28.83#30.71#40.46
-92.7819,25.0758#28.86#30.71#40.43
-92.7315,25.075#28.88#30.71#40.41
-92.6811,25.0743#28.91#30.71#40.38
-92.6307,25.0735#28.93#30.72#40.35
-92.5803,25.0727#28.96#30.72#40.32
-92.5299,25.0719#28.98#30.72#40.3
-92.4794,25.071#29.01#30.71#40.28
-92.429,25.0702#29.05#30.66#40.29
-92.3786,25.0693#29.1#30.62#40.28
-92.3282,25.0684#29.14#30.58#40.28
-92.2778,25.0675#29.18#30.53#40.29
-92.2274,25.0666#29.22#30.49#40.29
-92.177,25.0656#29.26#30.45#40.29
-92.1266,25.0647#29.3#30.4#40.3
-92.0762,25.0637#29.35#30.36#40.29
-92.0257,25.0627#29.39#30.31#40.3
-91.9753,25.0617#29.43#30.26#40.31
-91.9249,25.0606#29.47#30.21#40.32
-91.8745,25.0596#29.51#30.16#40.33
-91.8241,25.0585#29.55#30.11#40.34
-91.7737,25.0575#29.59#30.06#40.35
-91.7233,25.0564#29.63#30#40.37
-91.6729,25.0553#29.67#29.95#40.38
-91.6225,25.0541#29.71#29.9#40.39
-91.5721,25.053#29.75#29.85#40.4
-91.5217,25.0518#29.8#29.79#40.41
-91.4713,25.0506#29.83#29.74#40.43
-91.4209,25.0494#29.85#29.69#40.46
-91.3705,25.0482#29.88#29.64#40.48
-91.3201,25.047#29.9#29.59#40.51
-91.2697,25.0457#29.93#29.54#40.53
-91.2194,25.0445#29.95#29.49#40.56
-91.169,25.0432#29.97#29.44#40.59
-91.1186,25.0419#30#29.39#40.61
-91.0682,25.0406#30.02#29.34#40.64
-91.0178,25.0393#30.05#29.29#40.66
-90.9674,25.0379#30.06#29.25#40.69
-90.917,25.0365#30.08#29.2#40.72
-90.8666,25.0352#30.09#29.15#40.76
-90.8163,25.0338#30.1#29.11#40.79
-90.7659,25.0323#30.12#29.06#40.82
-90.7155,25.0309#30.13#29.01#40.86
-90.6651,25.0295#30.14#28.97#40.89
-90.6147,25.028#30.16#28.92#40.92
-90.5644,25.0265#30.17#28.88#40.95
-90.514,25.025#30.18#28.83#40.99
-90.4636,25.0235#30.17#28.79#41.04
-90.4132,25.0219#30.15#28.76#41.09
-90.3629,25.0204#30.13#28.72#41.15
-90.3125,25.0188#30.11#28.69#41.2
-90.2621,25.0172#30.08#28.66#41.26
-90.2117,25.0156#30.06#28.62#41.32
-90.1614,25.014#30.04#28.59#41.37
-90.111,25.0124#30.02#28.55#41.43
-90.0606,25.0107#30#28.52#41.48
-90.0103,25.009#29.98#28.49#41.53
-89.9599,25.0073#29.93#28.47#41.6
-89.9096,25.0056#29.87#28.45#41.68
-89.8592,25.0039#29.82#28.43#41.75
-89.8088,25.0022#29.76#28.41#41.83
-89.7585,25.0004#29.7#28.4#41.9
-89.7081,24.9986#29.64#28.38#41.98
-89.6578,24.9969#29.59#28.36#42.05
-89.6074,24.995#29.53#28.34#42.13
-89.5571,24.9932#29.47#28.33#42.2
-89.5067,24.9914#29.41#28.31#42.28
-89.4564,24.9895#29.36#28.3#42.34
-89.406,24.9876#29.3#28.3#42.4
-89.3557,24.9858#29.24#28.29#42.47
-89.3054,24.9838#29.18#28.28#42.54
-89.255,24.9819#29.12#28.27#42.61
-89.2047,24.98#29.06#28.27#42.67
-89.1543,24.978#29#28.26#42.74
-89.104,24.976#28.94#28.26#42.8
-89.0537,24.974#28.87#28.25#42.88
-89.0033,24.972#28.81#28.24#42.95
-88.953,24.97#28.79#28.28#42.93
-88.9027,24.968#28.76#28.31#42.93
-88.8523,24.9659#28.74#28.35#42.91
-88.802,24.9638#28.71#28.39#42.9
-88.7517,24.9617#28.69#28.43#42.88
-88.7014,24.9596#28.66#28.46#42.88
-88.651,24.9575#28.64#28.5#42.86
-88.6007,24.9553#28.62#28.54#42.84
-88.5504,24.9532#28.59#28.58#42.83
-88.5001,24.951#28.57#28.62#42.81
-88.4498,24.9488#28.55#28.71#42.74
-88.3995,24.9466#28.54#28.8#42.66
-88.3492,24.9444#28.52#28.89#42.59
-88.2988,24.9421#28.51#28.98#42.51
-88.2485,24.9398#28.5#29.07#42.43
-88.1982,24.9376#28.48#29.17#42.35
-88.1479,24.9353#28.47#29.26#42.27
-88.0976,24.9329#28.45#29.35#42.2
-88.0473,24.9306#28.44#29.44#42.12
-87.997,24.9283#28.43#29.53#42.04
-87.9467,24.9259#28.42#29.63#41.95
-87.8964,24.9235#28.41#29.72#41.87
-87.8461,24.9211#28.41#29.81#41.78
-87.7959,24.9187#28.4#29.9#41.7
-87.7456,24.9163#28.39#30#41.61
-87.6953,24.9138#28.39#30.09#41.52
-87.645,24.9113#28.38#30.18#41.44
-87.5947,24.9089#28.38#30.27#41.35
-87.5444,24.9064#28.37#30.36#41.27
-87.4942,24.9038#28.36#30.45#41.19
-87.4439,24.9013#28.36#30.55#41.09
-103.415,24.9011#28.96#32.09#38.95
-103.365,24.9039#28.94#32.08#38.98
-103.314,24.9068#28.92#32.07#39.01
-103.264,24.9095#28.91#32.05#39.04
-103.214,24.9123#28.89#32.04#39.07
-103.164,24.9151#28.87#32.03#39.1
-103.113,24.9178#28.86#32.01#39.13
-103.063,24.9205#28.84#32#39.16
-103.013,24.9232#28.83#31.99#39.18
-102.963,24.9259#28.82#31.97#39.21
-102.912,24.9286#28.82#31.95#39.23
-102.862,24.9313#28.82#31.93#39.25
-102.812,24.9339#28.82#31.91#39.27
-102.761,24.9365#28.81#31.89#39.3
-102.711,24.9391#28.81#31.87#39.32
-102.661,24.9417#28.81#31.85#39.34
-102.611,24.9443#28.81#31.83#39.36
-102.56,24.9468#28.81#31.82#39.37
-102.51,24.9494#28.82#31.8#39.38
-102.46,24.9519#28.84#31.79#39.37
-102.409,24.9544#28.87#31.8#39.33
-102.359,24.9569#28.9#31.8#39.3
-102.309,24.9594#28.93#31.8#39.27
-102.259,24.9618#28.96#31.8#39.24
-102.208,24.9642#28.99#31.81#39.2
-102.158,24.9667#29.02#31.81#39.17
-102.108,24.9691#29.05#31.81#39.14
-102.057,24.9715#29.08#31.82#39.1
-102.007,24.9738#29.11#31.82#39.07
-101.957,24.9762#29.14#31.83#39.03
-101.906,24.9785#29.17#31.85#38.98
-101.856,24.9808#29.2#31.87#38.93
-101.806,24.9831#29.23#31.88#38.89
-101.755,24.9854#29.26#31.9#38.84
-101.705,24.9877#29.29#31.92#38.79
-101.655,24.9899#29.32#31.93#38.75
-101.604,24.9922#29.35#31.95#38.7
-101.554,24.9944#29.38#31.97#38.65
-101.504,24.9966#29.41#31.99#38.6
-101.453,24.9988#29.43#32.01#38.56
-101.403,25.0009#29.44#32.03#38.53
-101.353,25.0031#29.45#32.06#38.49
-101.302,25.0052#29.46#32.08#38.46
-101.252,25.0073#29.48#32.11#38.41
-101.202,25.0094#29.49#32.13#38.38
-101.151,25.0115#29.5#32.16#38.34
-101.101,25.0135#29.51#32.18#38.31
-101.051,25.0156#29.52#32.21#38.27
-101,25.0176#29.53#32.23#38.24
-100.95,25.0196#29.54#32.26#38.2
-100.9,25.0216#29.55#32.29#38.16
-100.849,25.0236#29.55#32.32#38.13
-100.799,25.0256#29.56#32.35#38.09
-100.749,25.0275#29.57#32.37#38.06
-100.698,25.0294#29.57#32.4#38.03
-100.648,25.0314#29.58#32.43#37.99
-100.597,25.0332#29.59#32.46#37.95
-100.547,25.0351#29.59#32.49#37.92
-100.497,25.037#29.6#32.52#37.88
-100.446,25.0388#29.6#32.55#37.85
-100.396,25.0407#29.6#32.58#37.82
-100.346,25.0425#29.61#32.61#37.78
-100.295,25.0443#29.61#32.64#37.75
-100.245,25.046#29.61#32.67#37.72
-100.194,25.0478#29.61#32.7#37.69
-100.144,25.0495#29.62#32.73#37.65
-100.094,25.0512#29.62#32.76#37.62
-100.043,25.053#29.62#32.79#37.59
-99.993,25.0546#29.62#32.82#37.56
-99.9426,25.0563#29.62#32.83#37.55
-99.8922,25.058#29.61#32.85#37.54
-99.8418,25.0596#29.6#32.87#37.53
-99.7914,25.0612#29.6#32.89#37.51
-99.741,25.0628#29.59#32.91#37.5
-99.6906,25.0644#29.59#32.93#37.48
-99.6403,25.066#29.58#32.95#37.47
-99.5899,25.0676#29.57#32.97#37.46
-99.5395,25.0691#29.57#32.98#37.45
-99.4891,25.0706#29.56#33#37.44
-99.4387,25.0721#29.54#33#37.46
-99.3883,25.0736#29.51#33#37.49
-99.3379,25.0751#29.49#33#37.51
-99.2875,25.0765#29.47#33#37.53
-99.2371,25.078#29.45#33#37.55
-99.1867,25.0794#29.43#33#37.57
-99.1363,25.0808#29.41#33#37.59
-99.0859,25.0822#29.39#33#37.61
-99.0355,25.0835#29.36#33#37.64
-98.9851,25.0849#29.34#33.01#37.65
-98.9347,25.0862#29.3#33.03#37.67
-98.8843,25.0875#29.27#33.05#37.68
-98.8339,25.0888#29.24#33.07#37.69
-98.7834,25.0901#29.2#33.09#37.71
-98.733,25.0914#29.17#33.11#37.72
-98.6826,25.0926#29.13#33.13#37.74
-98.6322,25.0939#29.1#33.15#37.75
-98.5818,25.0951#29.06#33.17#37.77
-98.5314,25.0963#29.03#33.19#37.78
-98.481,25.0975#29#33.21#37.79
-98.4305,25.0986#28.97#33.21#37.82
-98.3801,25.0998#28.94#33.21#37.85
-98.3297,25.1009#28.92#33.2#37.88
-98.2793,25.102#28.89#33.2#37.91
-98.2289,25.1031#28.86#33.2#37.94
-98.1784,25.1042#28.84#33.2#37.96
-98.128,25.1053#28.81#33.2#37.99
-98.0776,25.1063#28.79#33.2#38.01
-98.0272,25.1073#28.76#33.2#38.04
-97.9768,25.1083#28.74#33.2#38.06
-97.9263,25.1093#28.73#33.2#38.07
-97.8759,25.1103#28.72#33.2#38.08
-97.8255,25.1113#28.71#33.2#38.09
-97.775,25.1122#28.7#33.2#38.1
-97.7246,25.1131#28.7#33.2#38.1
-97.6742,25.114#28.69#33.2#38.11
-97.6238,25.1149#28.68#33.2#38.12
-97.5733,25.1158#28.67#33.2#38.13
-97.5229,25.1167#28.66#33.21#38.13
-97.4725,25.1175#28.65#33.19#38.16
-97.422,25.1183#28.65#33.16#38.19
-97.3716,25.1191#28.65#33.13#38.22
-97.3212,25.1199#28.64#33.1#38.26
-97.2707,25.1207#28.64#33.07#38.29
-97.2203,25.1215#28.64#33.04#38.32
-97.1699,25.1222#28.63#33.01#38.36
-97.1194,25.1229#28.63#32.98#38.39
-97.069,25.1236#28.62#32.95#38.43
-97.0185,25.1243#28.62#32.92#38.46
-96.9681,25.125#28.62#32.89#38.49
-96.9177,25.1256#28.62#32.86#38.52
-96.8672,25.1263#28.62#32.82#38.56
-96.8168,25.1269#28.62#32.78#38.6
-96.7663,25.1275#28.62#32.75#38.63
-96.7159,25.1281#28.62#32.71#38.67
-96.6655,25.1287#28.62#32.68#38.7
-96.615,25.1292#28.62#32.64#38.74
-96.5646,25.1298#28.62#32.61#38.77
-96.5141,25.1303#28.62#32.57#38.81
-96.4637,25.1308#28.62#32.54#38.84
-96.4132,25.1313#28.62#32.51#38.87
-96.3628,25.1317#28.62#32.48#38.9
-96.3123,25.1322#28.62#32.46#38.92
-96.2619,25.1326#28.62#32.43#38.95
-96.2115,25.133#28.62#32.4#38.98
-96.161,25.1334#28.62#32.37#39.01
-96.1106,25.1338#28.62#32.34#39.04
-96.0601,25.1342#28.62#32.31#39.07
-96.0097,25.1345#28.62#32.29#39.09
-95.9592,25.1349#28.62#32.26#39.12
-95.9088,25.1352#28.63#32.22#39.15
-95.8583,25.1355#28.63#32.19#39.18
-95.8079,25.1357#28.63#32.16#39.21
-95.7574,25.136#28.63#32.13#39.24
-95.707,25.1363#28.63#32.1#39.27
-95.6565,25.1365#28.63#32.07#39.3
-95.6061,25.1367#28.63#32.04#39.33
