-98.0165,36.9007#40.97#30.02#29.01
-97.9607,36.9017#41.15#30.03#28.82
-97.9048,36.9027#41.33#30.04#28.63
-97.849,36.9036#41.51#30.05#28.44
-97.7932,36.9045#41.68#30.06#28.26
-97.7373,36.9055#41.86#30.07#28.07
-97.6815,36.9064#42.04#30.08#27.88
-97.6257,36.9072#42.22#30.09#27.69
-97.5698,36.9081#42.39#30.1#27.51
-97.514,36.9089#42.57#30.11#27.32
-97.4582,36.9097#42.75#30.16#27.09
-97.4023,36.9105#42.92#30.21#26.87
-97.3465,36.9113#43.1#30.27#26.63
-97.2906,36.9121#43.27#30.32#26.41
-97.2348,36.9128#43.44#30.37#26.19
-97.179,36.9136#43.62#30.43#25.95
-97.1231,36.9143#43.79#30.48#25.73
-97.0673,36.915#43.97#30.54#25.49
-97.0114,36.9156#44.14#30.59#25.27
-96.9556,36.9163#44.31#30.67#25.02
-96.8997,36.9169#44.48#30.75#24.77
-96.8439,36.9175#44.65#30.83#24.52
-96.7881,36.9181#44.81#30.91#24.28
-96.7322,36.9187#44.98#30.99#24.03
-96.6764,36.9193#45.15#31.06#23.79
-96.6205,36.9198#45.32#31.14#23.54
-96.5647,36.9203#45.49#31.22#23.29
-96.5088,36.9208#45.66#31.3#23.04
-96.453,36.9213#45.82#31.36#22.82
-96.3971,36.9218#45.98#31.41#22.61
-96.3413,36.9223#46.14#31.46#22.4
-96.2854,36.9227#46.3#31.51#22.19
-96.2296,36.9231#46.46#31.55#21.99
-96.1737,36.9235#46.62#31.6#21.78
-96.1179,36.9239#46.78#31.65#21.57
-96.062,36.9242#46.94#31.7#21.36
-96.0062,36.9246#47.1#31.75#21.15
-95.9503,36.9249#47.26#31.77#20.97
-95.8945,36.9252#47.43#31.78#20.79
-95.8386,36.9255#47.59#31.8#20.61
-95.7827,36.9257#47.75#31.81#20.44
-95.7269,36.926#47.92#31.82#20.26
-95.671,36.9262#48.08#31.84#20.08
-95.6152,36.9264#48.25#31.85#19.9
-95.5593,36.9266#48.41#31.87#19.72
-95.5035,36.9268#48.58#31.88#19.54
-95.4476,36.927#48.71#31.88#19.41
-95.3918,36.9271#48.83#31.88#19.29
-95.3359,36.9272#48.96#31.89#19.15
-95.2801,36.9273#49.09#31.89#19.02
-95.2242,36.9274#49.22#31.89#18.89
-95.1683,36.9275#49.34#31.89#18.77
-95.1125,36.9275#49.47#31.89#18.64
-95.0566,36.9275#49.6#31.89#18.51
-95.0008,36.9276#49.73#31.89#18.38
-94.9449,36.9275#49.87#31.89#18.24
-94.8891,36.9275#50.01#31.89#18.1
-94.8332,36.9275#50.15#31.88#17.97
-94.7773,36.9274#50.29#31.88#17.83
-94.7215,36.9273#50.44#31.88#17.68
-94.6656,36.9272#50.58#31.87#17.55
-94.6098,36.9271#50.72#31.87#17.41
-94.5539,36.927#50.86#31.86#17.28
-94.4981,36.9268#51.01#31.86#17.13
-94.4422,36.9266#51.15#31.85#17
-94.3864,36.9264#51.29#31.85#16.86
-94.3305,36.9262#51.44#31.85#16.71
-94.2747,36.926#51.58#31.84#16.58
-94.2188,36.9258#51.72#31.84#16.44
-94.1629,36.9255#51.86#31.83#16.31
-94.1071,36.9252#52.01#31.83#16.16
-94.0512,36.9249#52.15#31.82#16.03
-93.9954,36.9246#52.29#31.82#15.89
-93.9395,36.9242#52.37#31.81#15.82
-93.8837,36.9239#52.46#31.81#15.73
-93.8278,36.9235#52.54#31.81#15.65
-93.772,36.9231#52.63#31.8#15.57
-93.7161,36.9227#52.71#31.8#15.49
-93.6603,36.9223#52.8#31.79#15.41
-93.6044,36.9218#52.88#31.79#15.33
-93.5486,36.9213#52.96#31.79#15.25
-93.4927,36.9209#53.05#31.78#15.17
-93.4369,36.9204#53.15#31.78#15.07
-93.381,36.9198#53.25#31.78#14.97
-93.3252,36.9193#53.36#31.77#14.87
-93.2693,36.9187#53.46#31.77#14.77
-93.2135,36.9181#53.56#31.77#14.67
-93.1576,36.9175#53.66#31.76#14.58
-93.1018,36.9169#53.76#31.76#14.48
-93.046,36.9163#53.86#31.76#14.38
-92.9901,36.9156#53.96#31.75#14.29
-92.9343,36.915#54.06#31.73#14.21
-92.8784,36.9143#54.15#31.71#14.14
-92.8226,36.9136#54.24#31.69#14.07
-92.7667,36.9128#54.33#31.67#14
-92.7109,36.9121#54.43#31.64#13.93
-92.6551,36.9113#54.52#31.62#13.86
-92.5992,36.9106#54.61#31.6#13.79
-92.5434,36.9098#54.7#31.58#13.72
-92.4875,36.9089#54.8#31.56#13.64
-92.4317,36.9081#54.9#31.54#13.56
-92.3759,36.9072#54.99#31.51#13.5
-92.32,36.9064#55.09#31.49#13.42
-92.2642,36.9055#55.19#31.47#13.34
-92.2084,36.9046#55.29#31.45#13.26
-92.1525,36.9036#55.39#31.42#13.19
-92.0967,36.9027#55.48#31.4#13.12
-92.0409,36.9017#55.58#31.38#13.04
-91.9851,36.9007#55.68#31.36#12.96
-99.916,36.901#34.7#30.4#34.9
-99.8602,36.9026#34.87#30.34#34.79
-99.8043,36.9042#35.05#30.28#34.67
-99.7485,36.9057#35.22#30.22#34.56
-99.6927,36.9073#35.4#30.16#34.44
-99.6369,36.9088#35.57#30.1#34.33
-99.5811,36.9103#35.75#30.04#34.21
-99.5253,36.9118#35.92#29.98#34.1
-99.4695,36.9133#36.1#29.94#33.96
-99.4136,36.9148#36.29#29.93#33.78
-99.3578,36.9162#36.47#29.91#33.62
-99.302,36.9177#36.65#29.9#33.45
-99.2462,36.9191#36.84#29.88#33.28
-99.1904,36.9205#37.02#29.87#33.11
-99.1345,36.9218#37.2#29.85#32.95
-99.0787,36.9232#37.39#29.84#32.77
-99.0229,36.9245#37.57#29.83#32.6
-98.967,36.9258#37.76#29.82#32.42
-98.9112,36.9271#37.94#29.83#32.23
-98.8554,36.9284#38.13#29.84#32.03
-98.7995,36.9297#38.32#29.85#31.83
-98.7437,36.9309#38.51#29.85#31.64
-98.6879,36.9321#38.7#29.86#31.44
-98.632,36.9333#38.89#29.87#31.24
-98.5762,36.9345#39.08#29.88#31.04
-98.5204,36.9357#39.26#29.89#30.85
-98.4645,36.9368#39.45#29.89#30.66
-98.4087,36.938#39.64#29.9#30.46
-98.3528,36.9391#39.83#29.91#30.26
-98.297,36.9402#40.03#29.93#30.04
-98.2411,36.9413#40.22#29.94#29.84
-98.1853,36.9423#40.41#29.95#29.64
-98.1294,36.9434#40.6#29.96#29.44
-98.0736,36.9444#40.79#29.97#29.24
-98.0177,36.9454#40.98#29.98#29.04
-97.9619,36.9464#41.16#29.99#28.85
-97.906,36.9473#41.33#30#28.67
-97.8502,36.9483#41.51#30.01#28.48
-97.7943,36.9492#41.69#30.02#28.29
-97.7385,36.9501#41.86#30.03#28.11
-97.6826,36.951#42.04#30.04#27.92
-97.6268,36.9519#42.22#30.05#27.73
-97.5709,36.9527#42.39#30.06#27.55
-97.515,36.9536#42.57#30.07#27.36
-97.4592,36.9544#42.74#30.12#27.14
-97.4033,36.9552#42.92#30.18#26.9
-97.3475,36.956#43.09#30.23#26.68
-97.2916,36.9567#43.26#30.29#26.45
-97.2357,36.9575#43.44#30.35#26.21
-97.1799,36.9582#43.61#30.4#25.99
-97.124,36.9589#43.78#30.46#25.76
-97.0681,36.9596#43.95#30.52#25.53
-97.0123,36.9603#44.13#30.58#25.29
-96.9564,36.9609#44.29#30.65#25.06
-96.9005,36.9616#44.46#30.74#24.8
-96.8447,36.9622#44.63#30.82#24.55
-96.7888,36.9628#44.8#30.9#24.3
-96.7329,36.9634#44.96#30.98#24.06
-96.6771,36.9639#45.13#31.07#23.8
-96.6212,36.9645#45.3#31.15#23.55
-96.5653,36.965#45.46#31.23#23.31
-96.5094,36.9655#45.63#31.31#23.06
-96.4536,36.966#45.79#31.37#22.84
-96.3977,36.9665#45.95#31.41#22.64
-96.3418,36.9669#46.11#31.46#22.43
-96.2859,36.9673#46.26#31.51#22.23
-96.2301,36.9678#46.42#31.56#22.02
-96.1742,36.9682#46.58#31.6#21.82
-96.1183,36.9685#46.74#31.65#21.61
-96.0624,36.9689#46.9#31.7#21.4
-96.0066,36.9692#47.05#31.74#21.21
-95.9507,36.9696#47.21#31.76#21.03
-95.8948,36.9699#47.37#31.78#20.85
-95.8389,36.9701#47.54#31.79#20.67
-95.7831,36.9704#47.7#31.8#20.5
-95.7272,36.9707#47.86#31.82#20.32
-95.6713,36.9709#48.02#31.83#20.15
-95.6154,36.9711#48.18#31.85#19.97
-95.5596,36.9713#48.34#31.86#19.8
-95.5037,36.9715#48.5#31.88#19.62
-95.4478,36.9716#48.63#31.88#19.49
-95.3919,36.9718#48.75#31.88#19.37
-95.336,36.9719#48.88#31.88#19.24
-95.2802,36.972#49.01#31.88#19.11
-95.2243,36.9721#49.14#31.88#18.98
-95.1684,36.9721#49.26#31.89#18.85
-95.1125,36.9722#49.39#31.89#18.72
-95.0567,36.9722#49.52#31.89#18.59
-95.0008,36.9722#49.64#31.89#18.47
-94.9449,36.9722#49.78#31.89#18.33
-94.889,36.9722#49.91#31.88#18.21
-94.8331,36.9721#50.05#31.88#18.07
-94.7773,36.9721#50.18#31.88#17.94
-94.7214,36.972#50.32#31.87#17.81
-94.6655,36.9719#50.45#31.87#17.68
-94.6096,36.9718#50.59#31.86#17.55
-94.5537,36.9716#50.72#31.86#17.42
-94.4979,36.9715#50.86#31.86#17.28
-94.442,36.9713#50.99#31.85#17.16
-94.3861,36.9711#51.13#31.85#17.02
-94.3302,36.9709#51.27#31.84#16.89
-94.2744,36.9707#51.41#31.84#16.75
-94.2185,36.9704#51.55#31.83#16.62
-94.1626,36.9702#51.69#31.83#16.48
-94.1067,36.9699#51.83#31.83#16.34
-94.0508,36.9696#51.97#31.82#16.21
-93.995,36.9692#52.1#31.82#16.08
-93.9391,36.9689#52.19#31.81#16
-93.8832,36.9685#52.29#31.81#15.9
-93.8273,36.9682#52.38#31.81#15.81
-93.7715,36.9678#52.47#31.8#15.73
-93.7156,36.9674#52.56#31.8#15.64
-93.6597,36.9669#52.65#31.8#15.55
-93.6038,36.9665#52.75#31.79#15.46
-93.548,36.966#52.84#31.79#15.37
-93.4921,36.9655#52.93#31.79#15.28
-93.4362,36.965#53.03#31.78#15.19
-93.3804,36.9645#53.14#31.78#15.08
-93.3245,36.9639#53.24#31.78#14.98
-93.2686,36.9634#53.34#31.78#14.88
-93.2128,36.9628#53.44#31.77#14.79
-93.1569,36.9622#53.55#31.77#14.68
-93.101,36.9616#53.65#31.77#14.58
-93.0451,36.961#53.75#31.76#14.49
-92.9893,36.9603#53.85#31.76#14.39
-92.9334,36.9596#53.95#31.74#14.31
-92.8775,36.9589#54.04#31.72#14.24
-92.8217,36.9582#54.13#31.7#14.17
-92.7658,36.9575#54.22#31.68#14.1
-92.71,36.9568#54.31#31.66#14.03
-92.6541,36.956#54.41#31.64#13.95
-92.5982,36.9552#54.5#31.62#13.88
-92.5424,36.9544#54.59#31.6#13.81
-92.4865,36.9536#54.69#31.58#13.73
-92.4307,36.9528#54.79#31.56#13.65
-92.3748,36.9519#54.89#31.53#13.58
-92.3189,36.951#54.99#31.51#13.5
-92.2631,36.9501#55.09#31.49#13.42
-92.2072,36.9492#55.19#31.47#13.34
-92.1514,36.9483#55.29#31.45#13.26
-92.0955,36.9474#55.39#31.43#13.18
-92.0397,36.9464#55.48#31.4#13.12
-91.9838,36.9454#55.58#31.38#13.04
-91.928,36.9444#55.68#31.37#12.95
-91.8721,36.9434#55.77#31.35#12.88
-91.8163,36.9423#55.87#31.33#12.8
-91.7604,36.9413#55.96#31.31#12.73
-91.7046,36.9402#56.05#31.3#12.65
-91.6487,36.9391#56.15#31.28#12.57
-91.5929,36.938#56.24#31.26#12.5
-91.537,36.9369#56.34#31.24#12.42
-91.4812,36.9357#56.43#31.23#12.34
-91.4254,36.9346#56.51#31.22#12.27
-91.3695,36.9334#56.59#31.2#12.21
-91.3137,36.9322#56.67#31.19#12.14
-91.2578,36.9309#56.75#31.18#12.07
-91.202,36.9297#56.83#31.17#12
-91.1462,36.9284#56.91#31.16#11.93
-91.0903,36.9272#56.99#31.15#11.86
-91.0345,36.9259#57.07#31.14#11.79
-90.9787,36.9245#57.14#31.13#11.73
-90.9228,36.9232#57.21#31.12#11.67
-90.867,36.9219#57.27#31.11#11.62
-90.8112,36.9205#57.33#31.11#11.56
-90.7554,36.9191#57.4#31.1#11.5
-90.6995,36.9177#57.46#31.1#11.44
-90.6437,36.9163#57.52#31.09#11.39
-90.5879,36.9148#57.59#31.08#11.33
-90.5321,36.9134#57.65#31.08#11.27
-90.4763,36.9119#57.7#31.07#11.23
-90.4204,36.9104#57.75#31.07#11.18
-90.3646,36.9089#57.8#31.07#11.13
-90.3088,36.9073#57.84#31.06#11.1
-90.253,36.9058#57.89#31.06#11.05
-90.1972,36.9042#57.93#31.05#11.02
-90.1414,36.9026#57.98#31.05#10.97
-90.0856,36.901#58.03#31.05#10.92
-101.257,36.9014#31.93#32.23#35.84
-101.202,36.9035#32.02#32.17#35.81
-101.146,36.9055#32.1#32.1#35.8
-101.09,36.9075#32.18#32.03#35.79
-101.034,36.9095#32.27#31.97#35.76
-100.978,36.9115#32.36#31.89#35.75
-100.923,36.9135#32.49#31.8#35.71
-100.867,36.9154#32.61#31.72#35.67
-100.811,36.9173#32.74#31.63#35.63
-100.755,36.9192#32.86#31.54#35.6
-100.699,36.9211#32.98#31.45#35.57
-100.644,36.923#33.1#31.37#35.53
-100.588,36.9248#33.23#31.28#35.49
-100.532,36.9267#33.35#31.19#35.46
-100.476,36.9285#33.47#31.11#35.42
-100.42,36.9303#33.59#31.03#35.38
-100.365,36.9321#33.72#30.94#35.34
-100.309,36.9338#33.84#30.86#35.3
-100.253,36.9356#33.96#30.78#35.26
-100.197,36.9373#34.09#30.7#35.21
-100.141,36.939#34.21#30.61#35.18
-100.085,36.9407#34.33#30.53#35.14
-100.03,36.9423#34.46#30.45#35.09
-99.9738,36.944#34.6#30.38#35.02
-99.918,36.9456#34.78#30.32#34.9
-99.8622,36.9472#34.95#30.26#34.79
-99.8063,36.9488#35.12#30.2#34.68
-99.7505,36.9504#35.29#30.14#34.57
-99.6947,36.9519#35.47#30.09#34.44
-99.6388,36.9535#35.64#30.03#34.33
-99.583,36.955#35.81#29.97#34.22
-99.5271,36.9565#35.98#29.91#34.11
-99.4713,36.958#36.16#29.88#33.96
-99.4155,36.9594#36.34#29.87#33.79
-99.3596,36.9609#36.52#29.85#33.63
-99.3038,36.9623#36.7#29.84#33.46
-99.2479,36.9637#36.88#29.83#33.29
-99.1921,36.9651#37.06#29.81#33.13
-99.1362,36.9665#37.24#29.8#32.96
-99.0804,36.9678#37.43#29.79#32.78
-99.0245,36.9692#37.61#29.78#32.61
-98.9687,36.9705#37.79#29.78#32.43
-98.9128,36.9718#37.98#29.78#32.24
-98.857,36.973#38.16#29.79#32.05
-98.8011,36.9743#38.35#29.8#31.85
-98.7452,36.9756#38.54#29.81#31.65
-98.6894,36.9768#38.73#29.82#31.45
-98.6335,36.978#38.91#29.83#31.26
-98.5777,36.9792#39.1#29.83#31.07
-98.5218,36.9803#39.29#29.84#30.87
-98.4659,36.9815#39.47#29.85#30.68
-98.4101,36.9826#39.66#29.86#30.48
-98.3542,36.9837#39.85#29.87#30.28
-98.2983,36.9848#40.04#29.88#30.08
-98.2425,36.9859#40.23#29.9#29.87
-98.1866,36.987#40.42#29.91#29.67
-98.1307,36.988#40.61#29.92#29.47
-98.0749,36.989#40.8#29.93#29.27
-98.019,36.99#40.99#29.94#29.07
-97.9631,36.991#41.17#29.95#28.88
-97.9072,36.992#41.34#29.96#28.7
-97.8514,36.9929#41.52#29.97#28.51
-97.7955,36.9939#41.69#29.98#28.33
-97.7396,36.9948#41.87#29.99#28.14
-97.6837,36.9957#42.04#30#27.96
-97.6278,36.9965#42.22#30.01#27.77
-97.572,36.9974#42.39#30.02#27.59
-97.5161,36.9982#42.57#30.03#27.4
-97.4602,36.999#42.74#30.08#27.18
-97.4043,36.9998#42.91#30.14#26.95
-97.3484,37.0006#43.08#30.2#26.72
-97.2925,37.0014#43.26#30.26#26.48
-97.2366,37.0021#43.43#30.32#26.25
-97.1808,37.0029#43.6#30.38#26.02
-97.1249,37.0036#43.77#30.44#25.79
-97.069,37.0043#43.94#30.5#25.56
-97.0131,37.0049#44.11#30.56#25.33
-96.9572,37.0056#44.28#30.64#25.08
-96.9013,37.0062#44.44#30.73#24.83
-96.8454,37.0068#44.61#30.81#24.58
-96.7895,37.0074#44.78#30.9#24.32
-96.7336,37.008#44.94#30.98#24.08
-96.6777,37.0086#45.11#31.07#23.82
-96.6219,37.0091#45.27#31.15#23.58
-96.566,37.0097#45.44#31.24#23.32
-96.5101,37.0102#45.6#31.32#23.08
-96.4542,37.0106#45.76#31.38#22.86
-96.3983,37.0111#45.92#31.42#22.66
-96.3424,37.0116#46.07#31.47#22.46
-96.2865,37.012#46.23#31.51#22.26
-96.2306,37.0124#46.39#31.56#22.05
-96.1747,37.0128#46.54#31.6#21.86
-96.1188,37.0132#46.7#31.65#21.65
-96.0629,37.0135#46.85#31.69#21.46
-96.007,37.0139#47.01#31.74#21.25
-95.9511,37.0142#47.17#31.76#21.07
-95.8952,37.0145#47.32#31.77#20.91
-95.8393,37.0148#47.48#31.78#20.74
-95.7834,37.0151#47.64#31.8#20.56
-95.7275,37.0153#47.79#31.81#20.4
-95.6716,37.0155#47.95#31.83#20.22
-95.6157,37.0158#48.11#31.84#20.05
-95.5598,37.016#48.26#31.86#19.88
-95.5039,37.0161#48.42#31.87#19.71
-95.448,37.0163#48.55#31.87#19.58
-95.3921,37.0164#48.68#31.88#19.44
-95.3362,37.0165#48.8#31.88#19.32
-95.2803,37.0166#48.93#31.88#19.19
-95.2244,37.0167#49.06#31.88#19.06
-95.1685,37.0168#49.18#31.88#18.94
-95.1126,37.0168#49.31#31.88#18.81
-95.0567,37.0169#49.43#31.89#18.68
-95.0008,37.0169#49.56#31.89#18.55
-94.9449,37.0169#49.69#31.88#18.43
-94.889,37.0168#49.81#31.88#18.31
-94.8331,37.0168#49.94#31.88#18.18
-94.7772,37.0167#50.07#31.87#18.06
-94.7213,37.0166#50.2#31.87#17.93
-94.6654,37.0165#50.32#31.87#17.81
-94.6095,37.0164#50.45#31.86#17.69
-94.5536,37.0163#50.58#31.86#17.56
-94.4977,37.0161#50.7#31.85#17.45
-94.4418,37.016#50.84#31.85#17.31
-94.3859,37.0158#50.97#31.85#17.18
-94.33,37.0156#51.11#31.84#17.05
-94.2741,37.0153#51.24#31.84#16.92
-94.2182,37.0151#51.38#31.83#16.79
-94.1623,37.0148#51.51#31.83#16.66
-94.1064,37.0145#51.65#31.83#16.52
-94.0505,37.0142#51.78#31.82#16.4
-93.9946,37.0139#51.91#31.82#16.27
-93.9387,37.0136#52.01#31.81#16.18
-93.8828,37.0132#52.11#31.81#16.08
-93.8269,37.0128#52.21#31.81#15.98
-93.771,37.0124#52.31#31.81#15.88
-93.7151,37.012#52.41#31.8#15.79
-93.6592,37.0116#52.51#31.8#15.69
-93.6033,37.0111#52.61#31.8#15.59
-93.5474,37.0107#52.71#31.79#15.5
-93.4915,37.0102#52.81#31.79#15.4
-93.4356,37.0097#52.92#31.79#15.29
-93.3797,37.0091#53.02#31.79#15.19
-93.3238,37.0086#53.12#31.78#15.1
-93.2679,37.008#53.23#31.78#14.99
-93.212,37.0075#53.33#31.78#14.89
-93.1561,37.0069#53.43#31.78#14.79
-93.1002,37.0062#53.54#31.77#14.69
-93.0443,37.0056#53.64#31.77#14.59
-92.9885,37.005#53.74#31.77#14.49
-92.9326,37.0043#53.84#31.75#14.41
-92.8767,37.0036#53.93#31.73#14.34
-92.8208,37.0029#54.02#31.71#14.27
-92.7649,37.0022#54.11#31.69#14.2
-92.709,37.0014#54.2#31.67#14.13
-92.6531,37.0007#54.29#31.65#14.06
-92.5972,36.9999#54.39#31.63#13.98
-92.5414,36.9991#54.48#31.62#13.9
-92.4855,36.9983#54.57#31.6#13.83
-92.4296,36.9974#54.68#31.58#13.74
-92.3737,36.9966#54.78#31.55#13.67
-92.3178,36.9957#54.88#31.53#13.59
-92.2619,36.9948#54.98#31.51#13.51
-92.2061,36.9939#55.08#31.49#13.43
-92.1502,36.993#55.18#31.47#13.35
-92.0943,36.992#55.29#31.45#13.26
-92.0384,36.991#55.39#31.43#13.18
-91.9826,36.9901#55.49#31.41#13.1
-91.9267,36.9891#55.58#31.39#13.03
-91.8708,36.988#55.68#31.37#12.95
-91.8149,36.987#55.78#31.35#12.87
-91.7591,36.9859#55.87#31.34#12.79
-91.7032,36.9849#55.97#31.32#12.71
-91.6473,36.9838#56.06#31.3#12.64
-91.5915,36.9827#56.16#31.28#12.56
-91.5356,36.9815#56.26#31.27#12.47
-91.4797,36.9804#56.35#31.25#12.4
-91.4239,36.9792#56.43#31.24#12.33
-91.368,36.978#56.51#31.23#12.26
-91.3122,36.9768#56.59#31.22#12.19
-91.2563,36.9756#56.68#31.2#12.12
-91.2004,36.9743#56.76#31.19#12.05
-91.1446,36.9731#56.84#31.18#11.98
-91.0887,36.9718#56.92#31.17#11.91
-91.0329,36.9705#57#31.16#11.84
-90.977,36.9692#57.08#31.15#11.77
-90.9212,36.9679#57.15#31.14#11.71
-90.8653,36.9665#57.21#31.13#11.66
-90.8095,36.9651#57.28#31.13#11.59
-90.7536,36.9637#57.34#31.12#11.54
-90.6978,36.9623#57.41#31.11#11.48
-90.6419,36.9609#57.47#31.11#11.42
-90.5861,36.9595#57.54#31.1#11.36
-90.5302,36.958#57.6#31.09#11.31
-90.4744,36.9565#57.66#31.09#11.25
-90.4186,36.955#57.71#31.08#11.21
-90.3627,36.9535#57.75#31.08#11.17
-90.3069,36.952#57.8#31.08#11.12
-90.2511,36.9504#57.85#31.07#11.08
-90.1952,36.9488#57.9#31.07#11.03
-90.1394,36.9473#57.94#31.06#11
-90.0836,36.9456#57.99#31.06#10.95
-90.0277,36.944#58.04#31.06#10.9
-89.9719,36.9424#58.08#31.05#10.87
-89.9161,36.9407#58.11#31.05#10.84
-89.8603,36.939#58.15#31.04#10.81
-89.8044,36.9373#58.18#31.03#10.79
-89.7486,36.9356#58.22#31.03#10.75
-89.6928,36.9339#58.25#31.02#10.73
-89.637,36.9321#58.29#31.02#10.69
-89.5812,36.9303#58.32#31.01#10.67
-89.5254,36.9285#58.35#31#10.65
-89.4695,36.9267#58.39#30.99#10.62
-89.4137,36.9249#58.41#30.98#10.61
-89.3579,36.923#58.44#30.97#10.59
-89.3021,36.9212#58.47#30.96#10.57
-89.2463,36.9193#58.5#30.94#10.56
-89.1905,36.9174#58.52#30.93#10.55
-89.1347,36.9155#58.55#30.92#10.53
-89.0789,36.9135#58.58#30.9#10.52
-89.0231,36.9116#58.61#30.89#10.5
-88.9673,36.9096#58.63#30.87#10.5
-88.9116,36.9076#58.65#30.85#10.5
-88.8558,36.9056#58.68#30.83#10.49
-88.8,36.9036#58.7#30.81#10.49
-88.7442,36.9015#58.72#30.79#10.49
-102.376,36.9012#30.64#33.77#35.59
-102.32,36.9036#30.71#33.67#35.62
-102.264,36.906#30.78#33.57#35.65
-102.208,36.9084#30.85#33.47#35.68
-102.153,36.9107#30.92#33.37#35.71
-102.097,36.9131#30.99#33.27#35.74
-102.041,36.9154#31.05#33.18#35.77
-101.985,36.9177#31.12#33.09#35.79
-101.929,36.92#31.19#33.01#35.8
-101.874,36.9223#31.25#32.94#35.81
-101.818,36.9245#31.31#32.87#35.82
-101.762,36.9268#31.37#32.79#35.84
-101.706,36.929#31.44#32.72#35.84
-101.651,36.9312#31.5#32.65#35.85
-101.595,36.9334#31.56#32.58#35.86
-101.539,36.9355#31.63#32.5#35.87
-101.483,36.9377#31.7#32.43#35.87
-101.427,36.9398#31.78#32.36#35.86
-101.372,36.9419#31.87#32.3#35.83
-101.316,36.944#31.95#32.23#35.82
-101.26,36.9461#32.04#32.16#35.8
-101.204,36.9481#32.12#32.09#35.79
-101.148,36.9502#32.21#32.02#35.77
-101.092,36.9522#32.29#31.95#35.76
-101.037,36.9542#32.38#31.88#35.74
-100.981,36.9561#32.48#31.8#35.72
-100.925,36.9581#32.6#31.71#35.69
-100.869,36.96#32.72#31.63#35.65
-100.813,36.962#32.84#31.54#35.62
-100.758,36.9639#32.96#31.45#35.59
-100.702,36.9658#33.08#31.37#35.55
-100.646,36.9676#33.2#31.28#35.52
-100.59,36.9695#33.32#31.19#35.49
-100.534,36.9713#33.44#31.11#35.45
-100.478,36.9731#33.56#31.02#35.42
-100.423,36.9749#33.68#30.94#35.38
-100.367,36.9767#33.81#30.86#35.33
-100.311,36.9784#33.93#30.78#35.29
-100.255,36.9802#34.05#30.69#35.26
-100.199,36.9819#34.18#30.61#35.21
-100.143,36.9836#34.3#30.53#35.17
-100.088,36.9853#34.42#30.45#35.13
-100.032,36.987#34.54#30.37#35.09
-99.9759,36.9886#34.69#30.29#35.02
-99.92,36.9902#34.86#30.24#34.9
-99.8642,36.9918#35.03#30.18#34.79
-99.8083,36.9934#35.19#30.13#34.68
-99.7525,36.995#35.36#30.07#34.57
-99.6966,36.9966#35.53#30.01#34.46
-99.6407,36.9981#35.7#29.96#34.34
-99.5849,36.9996#35.87#29.9#34.23
-99.529,37.0011#36.03#29.85#34.12
-99.4732,37.0026#36.21#29.81#33.98
-99.4173,37.0041#36.39#29.8#33.81
-99.3614,37.0055#36.57#29.79#33.64
-99.3056,37.0069#36.75#29.78#33.47
-99.2497,37.0083#36.93#29.77#33.3
-99.1938,37.0097#37.11#29.76#33.13
-99.1379,37.0111#37.28#29.75#32.97
-99.0821,37.0125#37.46#29.74#32.8
-99.0262,37.0138#37.64#29.73#32.63
-98.9703,37.0151#37.83#29.73#32.44
-98.9144,37.0164#38.01#29.73#32.26
-98.8586,37.0177#38.2#29.74#32.06
-98.8027,37.0189#38.38#29.75#31.87
-98.7468,37.0202#38.57#29.76#31.67
-98.6909,37.0214#38.75#29.77#31.48
-98.635,37.0226#38.94#29.78#31.28
-98.5791,37.0238#39.12#29.79#31.09
-98.5233,37.025#39.31#29.8#30.89
-98.4674,37.0261#39.49#29.81#30.7
-98.4115,37.0273#39.68#29.82#30.5
-98.3556,37.0284#39.87#29.83#30.3
-98.2997,37.0295#40.06#29.84#30.1
-98.2438,37.0305#40.24#29.86#29.9
-98.1879,37.0316#40.43#29.87#29.7
-98.132,37.0326#40.62#29.88#29.5
-98.0761,37.0337#40.81#29.89#29.3
-98.0202,37.0347#40.99#29.9#29.11
-97.9643,37.0357#41.17#29.91#28.92
-97.9084,37.0366#41.35#29.92#28.73
-97.8525,37.0376#41.52#29.93#28.55
-97.7966,37.0385#41.7#29.94#28.36
-97.7407,37.0394#41.87#29.95#28.18
-97.6848,37.0403#42.04#29.96#28
-97.6289,37.0412#42.22#29.97#27.81
-97.573,37.042#42.39#29.98#27.63
-97.5171,37.0429#42.57#29.99#27.44
-97.4612,37.0437#42.74#30.04#27.22
-97.4053,37.0445#42.91#30.1#26.99
-97.3494,37.0453#43.08#30.17#26.75
-97.2935,37.046#43.25#30.23#26.52
-97.2376,37.0468#43.42#30.29#26.29
-97.1817,37.0475#43.59#30.36#26.05
-97.1257,37.0482#43.76#30.42#25.82
-97.0698,37.0489#43.93#30.48#25.59
-97.0139,37.0496#44.1#30.54#25.36
-96.958,37.0502#44.26#30.63#25.11
-96.9021,37.0509#44.43#30.71#24.86
-96.8462,37.0515#44.59#30.8#24.61
-96.7903,37.0521#44.76#30.89#24.35
-96.7344,37.0527#44.92#30.98#24.1
-96.6784,37.0532#45.08#31.07#23.85
-96.6225,37.0538#45.25#31.16#23.59
-96.5666,37.0543#45.41#31.25#23.34
-96.5107,37.0548#45.58#31.33#23.09
-96.4548,37.0553#45.73#31.39#22.88
-96.3988,37.0558#45.89#31.43#22.68
-96.3429,37.0562#46.04#31.47#22.49
-96.287,37.0566#46.2#31.52#22.28
-96.2311,37.0571#46.35#31.56#22.09
-96.1752,37.0575#46.5#31.6#21.9
-96.1192,37.0578#46.66#31.65#21.69
-96.0633,37.0582#46.81#31.69#21.5
-96.0074,37.0585#46.97#31.73#21.3
-95.9515,37.0589#47.12#31.75#21.13
-95.8956,37.0592#47.27#31.76#20.97
-95.8396,37.0594#47.43#31.78#20.79
-95.7837,37.0597#47.58#31.79#20.63
-95.7278,37.06#47.73#31.81#20.46
-95.6719,37.0602#47.89#31.82#20.29
-95.6159,37.0604#48.04#31.84#20.12
-95.56,37.0606#48.19#31.85#19.96
-95.5041,37.0608#48.34#31.87#19.79
-95.4482,37.0609#48.47#31.87#19.66
-95.3922,37.0611#48.6#31.87#19.53
-95.3363,37.0612#48.72#31.87#19.41
-95.2804,37.0613#48.85#31.88#19.27
-95.2245,37.0614#48.97#31.88#19.15
-95.1685,37.0614#49.1#31.88#19.02
-95.1126,37.0615#49.23#31.88#18.89
-95.0567,37.0615#49.35#31.88#18.77
-95.0008,37.0615#49.48#31.88#18.64
-94.9448,37.0615#49.6#31.88#18.52
-94.8889,37.0615#49.72#31.88#18.4
-94.833,37.0614#49.84#31.87#18.29
-94.7771,37.0614#49.96#31.87#18.17
-94.7211,37.0613#50.07#31.87#18.06
-94.6652,37.0612#50.19#31.86#17.95
-94.6093,37.0611#50.31#31.86#17.83
-94.5534,37.0609#50.43#31.85#17.72
-94.4975,37.0608#50.55#31.85#17.6
-94.4415,37.0606#50.68#31.85#17.47
-94.3856,37.0604#50.81#31.84#17.35
-94.3297,37.0602#50.94#31.84#17.22
-94.2738,37.06#51.07#31.84#17.09
-94.2178,37.0597#51.2#31.83#16.97
-94.1619,37.0595#51.34#31.83#16.83
-94.106,37.0592#51.47#31.83#16.7
-94.0501,37.0589#51.6#31.82#16.58
-93.9941,37.0585#51.73#31.82#16.45
-93.9382,37.0582#51.83#31.82#16.35
-93.8823,37.0578#51.94#31.81#16.25
-93.8264,37.0575#52.05#31.81#16.14
-93.7705,37.0571#52.16#31.81#16.03
-93.7145,37.0567#52.26#31.81#15.93
-93.6586,37.0562#52.37#31.8#15.83
-93.6027,37.0558#52.48#31.8#15.72
-93.5468,37.0553#52.59#31.8#15.61
-93.4909,37.0548#52.69#31.8#15.51
-93.4349,37.0543#52.8#31.79#15.41
-93.379,37.0538#52.9#31.79#15.31
-93.3231,37.0532#53.01#31.79#15.2
-93.2672,37.0527#53.11#31.79#15.1
-93.2113,37.0521#53.22#31.78#15
-93.1554,37.0515#53.32#31.78#14.9
-93.0994,37.0509#53.43#31.78#14.79
-93.0435,37.0503#53.53#31.78#14.69
-92.9876,37.0496#53.63#31.77#14.6
-92.9317,37.0489#53.72#31.76#14.52
-92.8758,37.0482#53.82#31.74#14.44
-92.8199,37.0475#53.91#31.72#14.37
-92.764,37.0468#54#31.7#14.3
-92.7081,37.0461#54.09#31.69#14.22
-92.6522,37.0453#54.18#31.67#14.15
-92.5962,37.0445#54.27#31.65#14.08
-92.5403,37.0437#54.37#31.63#14
-92.4844,37.0429#54.46#31.62#13.92
-92.4285,37.0421#54.57#31.6#13.83
-92.3726,37.0412#54.67#31.57#13.76
-92.3167,37.0403#54.77#31.55#13.68
-92.2608,37.0394#54.88#31.53#13.59
-92.2049,37.0385#54.98#31.51#13.51
-92.149,37.0376#55.08#31.49#13.43
-92.0931,37.0366#55.19#31.47#13.34
-92.0372,37.0357#55.29#31.45#13.26
-91.9813,37.0347#55.39#31.43#13.18
-91.9254,37.0337#55.49#31.41#13.1
-91.8695,37.0327#55.59#31.4#13.01
-91.8136,37.0316#55.69#31.38#12.93
-91.7577,37.0306#55.78#31.36#12.86
-91.7018,37.0295#55.88#31.34#12.78
-91.646,37.0284#55.98#31.33#12.69
-91.5901,37.0273#56.08#31.31#12.61
-91.5342,37.0262#56.18#31.29#12.53
-91.4783,37.025#56.27#31.27#12.46
-91.4224,37.0238#56.35#31.26#12.39
-91.3665,37.0227#56.44#31.25#12.31
-91.3106,37.0214#56.52#31.24#12.24
-91.2547,37.0202#56.61#31.23#12.16
-91.1989,37.019#56.69#31.21#12.1
-91.143,37.0177#56.77#31.2#12.03
-91.0871,37.0164#56.86#31.19#11.95
-91.0312,37.0151#56.94#31.18#11.88
-90.9754,37.0138#57.02#31.17#11.81
-90.9195,37.0125#57.08#31.16#11.76
-90.8636,37.0111#57.15#31.15#11.7
-90.8077,37.0098#57.22#31.15#11.63
-90.7519,37.0084#57.29#31.14#11.57
-90.696,37.007#57.35#31.13#11.52
-90.6401,37.0055#57.42#31.12#11.46
-90.5843,37.0041#57.49#31.12#11.39
-90.5284,37.0026#57.55#31.11#11.34
-90.4725,37.0012#57.61#31.1#11.29
-90.4167,36.9997#57.66#31.1#11.24
-90.3608,36.9981#57.71#31.1#11.19
-90.3049,36.9966#57.76#31.09#11.15
-90.2491,36.9951#57.81#31.09#11.1
-90.1932,36.9935#57.86#31.08#11.06
-90.1374,36.9919#57.91#31.08#11.01
-90.0815,36.9903#57.95#31.07#10.98
-90.0257,36.9886#58#31.07#10.93
-89.9698,36.987#58.04#31.06#10.9
-89.914,36.9853#58.08#31.06#10.86
-89.8581,36.9837#58.12#31.05#10.83
-89.8023,36.982#58.15#31.05#10.8
-89.7465,36.9802#58.19#31.04#10.77
-89.6906,36.9785#58.22#31.03#10.75
-89.6348,36.9767#58.26#31.03#10.71
-89.5789,36.975#58.29#31.02#10.69
-89.5231,36.9732#58.33#31.02#10.65
-89.4673,36.9714#58.36#31.01#10.63
-89.4114,36.9695#58.39#30.99#10.62
-89.3556,36.9677#58.42#30.98#10.6
-89.2998,36.9658#58.45#30.97#10.58
-89.244,36.9639#58.47#30.95#10.58
-89.1881,36.962#58.5#30.94#10.56
-89.1323,36.9601#58.53#30.93#10.54
-89.0765,36.9582#58.56#30.92#10.52
-89.0207,36.9562#58.59#30.9#10.51
-88.9649,36.9542#58.61#30.89#10.5
-88.909,36.9522#58.63#30.87#10.5
-88.8532,36.9502#58.66#30.85#10.49
-88.7974,36.9482#58.68#30.83#10.49
-88.7416,36.9461#58.7#30.81#10.49
-88.6858,36.9441#58.73#30.79#10.48
-88.63,36.942#58.75#30.77#10.48
-88.5742,36.9399#58.77#30.75#10.48
-88.5184,36.9377#58.79#30.72#10.49
-88.4626,36.9356#58.81#30.7#10.49
-88.4068,36.9334#58.83#30.68#10.49
-88.351,36.9313#58.85#30.66#10.49
-88.2952,36.9291#58.87#30.64#10.49
-88.2395,36.9268#58.89#30.62#10.49
-88.1837,36.9246#58.91#30.59#10.5
-88.1279,36.9223#58.93#30.57#10.5
-88.0721,36.9201#58.94#30.55#10.51
-88.0163,36.9178#58.96#30.53#10.51
-87.9606,36.9155#58.98#30.51#10.51
-87.9048,36.9132#59#30.48#10.52
-87.849,36.9108#59.01#30.46#10.53
-87.7932,36.9084#59.03#30.44#10.53
-87.7375,36.9061#59.04#30.42#10.54
-87.6817,36.9037#59.06#30.4#10.54
-87.626,36.9012#59.08#30.38#10.54
-103.327,36.9018#29.85#35.31#34.84
-103.271,36.9046#29.9#35.22#34.88
-103.215,36.9073#29.94#35.13#34.93
-103.159,36.91#29.98#35.05#34.97
-103.104,36.9127#30.02#34.96#35.02
-103.048,36.9153#30.06#34.87#35.07
-102.992,36.918#30.11#34.78#35.11
-102.936,36.9206#30.16#34.67#35.17
-102.881,36.9232#30.21#34.56#35.23
-102.825,36.9258#30.26#34.45#35.29
-102.769,36.9283#30.31#34.35#35.34
-102.713,36.9309#30.36#34.24#35.4
-102.658,36.9334#30.42#34.13#35.45
-102.602,36.9359#30.47#34.03#35.5
-102.546,36.9384#30.52#33.92#35.56
-102.49,36.9409#30.57#33.82#35.61
-102.434,36.9433#30.64#33.73#35.63
-102.379,36.9458#30.71#33.63#35.66
-102.323,36.9482#30.78#33.54#35.68
-102.267,36.9506#30.85#33.45#35.7
-102.211,36.953#30.92#33.35#35.73
-102.155,36.9553#30.99#33.26#35.75
-102.1,36.9577#31.06#33.17#35.77
-102.044,36.96#31.13#33.09#35.78
-101.988,36.9623#31.2#33#35.8
-101.932,36.9646#31.27#32.93#35.8
-101.876,36.9669#31.33#32.86#35.81
-101.821,36.9691#31.4#32.79#35.81
-101.765,36.9714#31.46#32.72#35.82
-101.709,36.9736#31.52#32.65#35.83
-101.653,36.9758#31.59#32.58#35.83
-101.597,36.978#31.65#32.51#35.84
-101.542,36.9801#31.72#32.44#35.84
-101.486,36.9823#31.79#32.37#35.84
-101.43,36.9844#31.87#32.3#35.83
-101.374,36.9865#31.96#32.23#35.81
-101.318,36.9886#32.05#32.15#35.8
-101.263,36.9907#32.14#32.08#35.78
-101.207,36.9927#32.22#32.01#35.77
-101.151,36.9948#32.31#31.94#35.75
-101.095,36.9968#32.4#31.86#35.74
-101.039,36.9988#32.49#31.79#35.72
-100.983,37.0008#32.59#31.71#35.7
-100.927,37.0027#32.71#31.63#35.66
-100.872,37.0047#32.83#31.54#35.63
-100.816,37.0066#32.94#31.45#35.61
-100.76,37.0085#33.06#31.37#35.57
-100.704,37.0104#33.18#31.28#35.54
-100.648,37.0122#33.3#31.19#35.51
-100.592,37.0141#33.41#31.11#35.48
-100.537,37.0159#33.53#31.02#35.45
-100.481,37.0177#33.65#30.94#35.41
-100.425,37.0195#33.77#30.85#35.38
-100.369,37.0213#33.9#30.77#35.33
-100.313,37.0231#34.02#30.69#35.29
-100.257,37.0248#34.14#30.61#35.25
-100.201,37.0265#34.26#30.53#35.21
-100.146,37.0282#34.39#30.44#35.17
-100.09,37.0299#34.51#30.36#35.13
-100.034,37.0316#34.63#30.28#35.09
-99.9779,37.0332#34.77#30.21#35.02
-99.922,37.0349#34.94#30.16#34.9
-99.8662,37.0365#35.1#30.1#34.8
-99.8103,37.0381#35.27#30.05#34.68
-99.7544,37.0396#35.43#30#34.57
-99.6985,37.0412#35.6#29.94#34.46
-99.6426,37.0427#35.76#29.89#34.35
-99.5868,37.0442#35.92#29.84#34.24
-99.5309,37.0457#36.09#29.78#34.13
-99.475,37.0472#36.26#29.75#33.99
-99.4191,37.0487#36.44#29.74#33.82
-99.3632,37.0501#36.61#29.73#33.66
-99.3073,37.0516#36.79#29.72#33.49
-99.2514,37.053#36.97#29.71#33.32
-99.1955,37.0544#37.15#29.7#33.15
-99.1396,37.0557#37.32#29.69#32.99
-99.0837,37.0571#37.5#29.68#32.82
-99.0279,37.0584#37.68#29.68#32.64
-98.972,37.0597#37.86#29.68#32.46
-98.9161,37.061#38.04#29.69#32.27
-98.8601,37.0623#38.23#29.7#32.07
-98.8042,37.0636#38.41#29.71#31.88
-98.7483,37.0648#38.6#29.72#31.68
-98.6924,37.066#38.78#29.73#31.49
-98.6365,37.0673#38.96#29.74#31.3
-98.5806,37.0684#39.15#29.75#31.1
-98.5247,37.0696#39.33#29.76#30.91
-98.4688,37.0708#39.51#29.77#30.72
-98.4129,37.0719#39.7#29.78#30.52
-98.357,37.073#39.89#29.79#30.32
-98.3011,37.0741#40.07#29.8#30.13
-98.2451,37.0752#40.26#29.82#29.92
-98.1892,37.0762#40.44#29.83#29.73
-98.1333,37.0773#40.63#29.84#29.53
-98.0774,37.0783#40.82#29.85#29.33
-98.0215,37.0793#41#29.86#29.14
-97.9655,37.0803#41.18#29.87#28.95
-97.9096,37.0813#41.35#29.88#28.77
-97.8537,37.0822#41.53#29.89#28.58
-97.7978,37.0831#41.7#29.9#28.4
-97.7419,37.084#41.87#29.91#28.22
-97.6859,37.0849#42.05#29.92#28.03
-97.63,37.0858#42.22#29.93#27.85
-97.5741,37.0867#42.39#29.95#27.66
-97.5181,37.0875#42.57#29.96#27.47
-97.4622,37.0883#42.74#30#27.26
-97.4063,37.0891#42.9#30.07#27.03
-97.3504,37.0899#43.07#30.13#26.8
-97.2944,37.0907#43.24#30.2#26.56
-97.2385,37.0914#43.41#30.26#26.33
-97.1826,37.0921#43.58#30.33#26.09
-97.1266,37.0929#43.75#30.4#25.85
-97.0707,37.0935#43.92#30.46#25.62
-97.0148,37.0942#44.09#30.53#25.38
-96.9588,37.0949#44.25#30.61#25.14
-96.9029,37.0955#44.41#30.7#24.89
-96.8469,37.0961#44.57#30.8#24.63
-96.791,37.0967#44.74#30.89#24.37
-96.7351,37.0973#44.9#30.98#24.12
-96.6791,37.0979#45.06#31.07#23.87
-96.6232,37.0984#45.22#31.16#23.62
-96.5673,37.0989#45.39#31.25#23.36
-96.5113,37.0994#45.55#31.34#23.11
-96.4554,37.0999#45.7#31.4#22.9
-96.3994,37.1004#45.86#31.44#22.7
-96.3435,37.1009#46.01#31.48#22.51
-96.2875,37.1013#46.16#31.52#22.32
-96.2316,37.1017#46.31#31.56#22.13
-96.1757,37.1021#46.47#31.6#21.93
-96.1197,37.1025#46.62#31.64#21.74
-96.0638,37.1028#46.77#31.68#21.55
-96.0078,37.1032#46.92#31.73#21.35
-95.9519,37.1035#47.07#31.74#21.19
-95.8959,37.1038#47.22#31.76#21.02
-95.84,37.1041#47.37#31.77#20.86
-95.784,37.1044#47.52#31.79#20.69
-95.7281,37.1046#47.67#31.8#20.53
-95.6721,37.1048#47.82#31.82#20.36
-95.6162,37.105#47.97#31.83#20.2
-95.5603,37.1052#48.12#31.85#20.03
-95.5043,37.1054#48.27#31.87#19.86
-95.4484,37.1056#48.39#31.87#19.74
-95.3924,37.1057#48.52#31.87#19.61
-95.3365,37.1058#48.64#31.87#19.49
-95.2805,37.1059#48.77#31.87#19.36
-95.2246,37.106#48.89#31.87#19.24
-95.1686,37.1061#49.02#31.88#19.1
-95.1127,37.1061#49.15#31.88#18.97
-95.0567,37.1062#49.27#31.88#18.85
-95.0008,37.1062#49.4#31.88#18.72
-94.9448,37.1062#49.51#31.88#18.61
-94.8889,37.1061#49.62#31.87#18.51
-94.8329,37.1061#49.73#31.87#18.4
-94.777,37.106#49.84#31.87#18.29
-94.721,37.1059#49.95#31.86#18.19
-94.6651,37.1058#50.07#31.86#18.07
-94.6091,37.1057#50.18#31.86#17.96
-94.5532,37.1056#50.29#31.85#17.86
-94.4972,37.1054#50.4#31.85#17.75
-94.4413,37.1052#50.53#31.85#17.62
-94.3853,37.1051#50.65#31.84#17.51
-94.3294,37.1048#50.78#31.84#17.38
-94.2735,37.1046#50.91#31.83#17.26
-94.2175,37.1044#51.03#31.83#17.14
-94.1616,37.1041#51.16#31.83#17.01
-94.1056,37.1038#51.29#31.82#16.89
-94.0497,37.1035#51.41#31.82#16.77
-93.9937,37.1032#51.54#31.82#16.64
-93.9378,37.1028#51.65#31.82#16.53
-93.8818,37.1025#51.77#31.81#16.42
-93.8259,37.1021#51.88#31.81#16.31
-93.7699,37.1017#52#31.81#16.19
-93.714,37.1013#52.12#31.81#16.07
-93.6581,37.1009#52.23#31.81#15.96
-93.6021,37.1004#52.35#31.8#15.85
-93.5462,37.0999#52.46#31.8#15.74
-93.4902,37.0995#52.57#31.8#15.63
-93.4343,37.099#52.68#31.8#15.52
-93.3784,37.0984#52.79#31.8#15.41
-93.3224,37.0979#52.89#31.79#15.32
-93.2665,37.0973#53#31.79#15.21
-93.2105,37.0967#53.1#31.79#15.11
-93.1546,37.0961#53.21#31.79#15
-93.0987,37.0955#53.32#31.79#14.89
-93.0427,37.0949#53.42#31.78#14.8
-92.9868,37.0942#53.52#31.78#14.7
-92.9309,37.0936#53.61#31.76#14.63
-92.8749,37.0929#53.71#31.75#14.54
-92.819,37.0922#53.8#31.73#14.47
-92.7631,37.0914#53.89#31.72#14.39
-92.7071,37.0907#53.98#31.7#14.32
-92.6512,37.0899#54.07#31.68#14.25
-92.5953,37.0892#54.16#31.67#14.17
-92.5393,37.0884#54.25#31.65#14.1
-92.4834,37.0875#54.35#31.64#14.01
-92.4275,37.0867#54.46#31.62#13.92
-92.3715,37.0858#54.56#31.6#13.84
-92.3156,37.085#54.67#31.58#13.75
-92.2597,37.0841#54.77#31.56#13.67
-92.2038,37.0832#54.88#31.54#13.58
-92.1478,37.0822#54.98#31.52#13.5
-92.0919,37.0813#55.09#31.5#13.41
-92.036,37.0803#55.19#31.48#13.33
-91.9801,37.0793#55.3#31.46#13.24
-91.9242,37.0783#55.4#31.44#13.16
-91.8682,37.0773#55.5#31.42#13.08
-91.8123,37.0763#55.6#31.4#13
-91.7564,37.0752#55.7#31.39#12.91
-91.7005,37.0741#55.8#31.37#12.83
-91.6446,37.073#55.9#31.35#12.75
-91.5887,37.0719#56#31.33#12.67
-91.5327,37.0708#56.1#31.31#12.59
-91.4768,37.0696#56.19#31.3#12.51
-91.4209,37.0685#56.28#31.29#12.43
-91.365,37.0673#56.36#31.27#12.37
-91.3091,37.0661#56.45#31.26#12.29
-91.2532,37.0649#56.53#31.25#12.22
-91.1973,37.0636#56.62#31.24#12.14
-91.1414,37.0624#56.71#31.22#12.07
-91.0855,37.0611#56.79#31.21#12
-91.0296,37.0598#56.88#31.2#11.92
-90.9737,37.0585#56.96#31.19#11.85
-90.9178,37.0571#57.02#31.18#11.8
-90.8619,37.0558#57.09#31.17#11.74
-90.806,37.0544#57.16#31.17#11.67
-90.7501,37.053#57.23#31.16#11.61
-90.6942,37.0516#57.3#31.15#11.55
-90.6383,37.0502#57.37#31.14#11.49
-90.5824,37.0487#57.44#31.13#11.43
-90.5265,37.0473#57.51#31.13#11.36
-90.4707,37.0458#57.56#31.12#11.32
-90.4148,37.0443#57.62#31.12#11.26
-90.3589,37.0428#57.67#31.11#11.22
-90.303,37.0412#57.72#31.11#11.17
-90.2471,37.0397#57.77#31.1#11.13
-90.1913,37.0381#57.82#31.1#11.08
-90.1354,37.0365#57.87#31.09#11.04
-90.0795,37.0349#57.92#31.09#10.99
-90.0236,37.0333#57.97#31.08#10.95
-89.9678,37.0316#58.01#31.08#10.91
-89.9119,37.03#58.05#31.07#10.88
-89.856,37.0283#58.08#31.06#10.86
-89.8002,37.0266#58.12#31.06#10.82
-89.7443,37.0249#58.16#31.05#10.79
-89.6884,37.0231#58.19#31.05#10.76
-89.6326,37.0214#58.23#31.04#10.73
-89.5767,37.0196#58.27#31.03#10.7
-89.5208,37.0178#58.3#31.03#10.67
-89.465,37.016#58.34#31.02#10.64
-89.4091,37.0141#58.37#31.01#10.62
-89.3533,37.0123#58.39#30.99#10.62
-89.2974,37.0104#58.42#30.98#10.6
-89.2416,37.0085#58.45#30.97#10.58
-89.1857,37.0066#58.48#30.96#10.56
-89.1299,37.0047#58.51#30.94#10.55
-89.0741,37.0028#58.54#30.93#10.53
-89.0182,37.0008#58.57#30.92#10.51
-88.9624,36.9988#58.59#30.9#10.51
-88.9065,36.9968#58.61#30.88#10.51
-88.8507,36.9948#58.64#30.86#10.5
-88.7949,36.9928#58.66#30.84#10.5
-88.739,36.9907#58.68#30.82#10.5
-88.6832,36.9887#58.71#30.8#10.49
-88.6274,36.9866#58.73#30.78#10.49
-88.5716,36.9845#58.75#30.76#10.49
-88.5157,36.9823#58.78#30.75#10.47
-88.4599,36.9802#58.8#30.72#10.48
-88.4041,36.978#58.81#30.7#10.49
-88.3483,36.9759#58.83#30.68#10.49
-88.2925,36.9737#58.85#30.66#10.49
-88.2367,36.9714#58.87#30.64#10.49
-88.1809,36.9692#58.89#30.62#10.49
-88.1251,36.967#58.91#30.59#10.5
-88.0693,36.9647#58.93#30.57#10.5
-88.0135,36.9624#58.95#30.55#10.5
-87.9577,36.9601#58.96#30.53#10.51
-87.9019,36.9578#58.98#30.51#10.51
-87.8461,36.9554#58.99#30.49#10.52
-87.7903,36.953#59.01#30.47#10.52
-87.7345,36.9507#59.03#30.45#10.52
-87.6787,36.9483#59.04#30.42#10.54
-87.6229,36.9458#59.06#30.4#10.54
-87.5671,36.9434#59.07#30.38#10.55
-87.5114,36.941#59.09#30.36#10.55
-87.4556,36.9385#59.1#30.34#10.56
-87.3998,36.936#59.12#30.33#10.55
-87.344,36.9335#59.13#30.31#10.56
-87.2883,36.9309#59.14#30.29#10.57
-87.2325,36.9284#59.15#30.28#10.57
-87.1767,36.9258#59.17#30.26#10.57
-87.121,36.9232#59.18#30.24#10.58
-87.0652,36.9206#59.19#30.23#10.58
-87.0095,36.918#59.21#30.21#10.58
-86.9537,36.9154#59.21#30.2#10.59
-86.898,36.9127#59.21#30.2#10.59
-86.8422,36.9101#59.21#30.19#10.6
-86.7865,36.9074#59.21#30.18#10.61
-86.7307,36.9046#59.21#30.17#10.62
-86.675,36.9019#59.21#30.17#10.62
-104.222,36.9002#29.39#36.28#34.33
-104.166,36.9032#29.41#36.24#34.35
-104.11,36.9062#29.43#36.19#34.38
-104.055,36.9092#29.45#36.15#34.4
-103.999,36.9122#29.47#36.11#34.42
-103.943,36.9152#29.51#36.03#34.46
-103.887,36.9181#29.54#35.95#34.51
-103.832,36.921#29.58#35.87#34.55
-103.776,36.9239#29.62#35.79#34.59
-103.72,36.9268#29.65#35.71#34.64
-103.664,36.9296#29.69#35.63#34.68
-103.609,36.9325#29.72#35.56#34.72
-103.553,36.9353#29.76#35.48#34.76
-103.497,36.9381#29.8#35.4#34.8
-103.441,36.9409#29.84#35.31#34.85
-103.386,36.9437#29.88#35.22#34.9
-103.33,36.9464#29.93#35.13#34.94
-103.274,36.9492#29.97#35.04#34.99
-103.218,36.9519#30.01#34.95#35.04
-103.163,36.9546#30.05#34.86#35.09
-103.107,36.9572#30.1#34.77#35.13
-103.051,36.9599#30.14#34.68#35.18
-102.995,36.9625#30.18#34.59#35.23
-102.94,36.9652#30.23#34.49#35.28
-102.884,36.9678#30.29#34.38#35.33
-102.828,36.9704#30.34#34.28#35.38
-102.772,36.9729#30.39#34.17#35.44
-102.716,36.9755#30.44#34.07#35.49
-102.661,36.978#30.49#33.97#35.54
-102.605,36.9805#30.54#33.87#35.59
-102.549,36.983#30.59#33.77#35.64
-102.493,36.9855#30.64#33.67#35.69
-102.437,36.9879#30.71#33.58#35.71
-102.382,36.9904#30.78#33.5#35.72
-102.326,36.9928#30.85#33.41#35.74
-102.27,36.9952#30.93#33.33#35.74
-102.214,36.9976#31#33.24#35.76
-102.158,36.9999#31.07#33.16#35.77
-102.103,37.0023#31.14#33.08#35.78
-102.047,37.0046#31.21#32.99#35.8
-101.991,37.0069#31.28#32.92#35.8
-101.935,37.0092#31.35#32.85#35.8
-101.879,37.0115#31.41#32.78#35.81
-101.823,37.0137#31.48#32.71#35.81
-101.768,37.016#31.54#32.64#35.82
-101.712,37.0182#31.61#32.57#35.82
-101.656,37.0204#31.67#32.51#35.82
-101.6,37.0226#31.74#32.44#35.82
-101.544,37.0247#31.81#32.37#35.82
-101.488,37.0269#31.88#32.3#35.82
-101.433,37.029#31.97#32.23#35.8
-101.377,37.0311#32.06#32.16#35.78
-101.321,37.0332#32.15#32.08#35.77
-101.265,37.0353#32.24#32.01#35.75
-101.209,37.0373#32.33#31.93#35.74
-101.153,37.0394#32.42#31.85#35.73
-101.098,37.0414#32.51#31.78#35.71
-101.042,37.0434#32.6#31.7#35.7
-100.986,37.0454#32.7#31.62#35.68
-100.93,37.0473#32.82#31.54#35.64
-100.874,37.0493#32.93#31.45#35.62
-100.818,37.0512#33.05#31.37#35.58
-100.762,37.0531#33.16#31.28#35.56
-100.706,37.055#33.28#31.19#35.53
-100.651,37.0569#33.39#31.11#35.5
-100.595,37.0587#33.51#31.02#35.47
-100.539,37.0605#33.62#30.93#35.45
-100.483,37.0623#33.74#30.85#35.41
-100.427,37.0641#33.86#30.77#35.37
-100.371,37.0659#33.98#30.69#35.33
-100.315,37.0677#34.11#30.61#35.28
-100.259,37.0694#34.23#30.52#35.25
-100.204,37.0711#34.35#30.44#35.21
-100.148,37.0728#34.47#30.36#35.17
-100.092,37.0745#34.6#30.28#35.12
-100.036,37.0762#34.72#30.2#35.08
-99.98,37.0778#34.85#30.13#35.02
-99.9241,37.0795#35.02#30.08#34.9
-99.8682,37.0811#35.18#30.02#34.8
-99.8123,37.0827#35.34#29.97#34.69
-99.7564,37.0843#35.5#29.92#34.58
-99.7005,37.0858#35.66#29.87#34.47
-99.6446,37.0873#35.82#29.82#34.36
-99.5887,37.0889#35.98#29.77#34.25
-99.5328,37.0904#36.14#29.72#34.14
-99.4768,37.0918#36.31#29.68#34.01
