-97.4065,26.9004#28.85#33.61#37.54
-97.3553,26.9012#28.85#33.58#37.57
-97.3042,26.902#28.85#33.54#37.61
-97.253,26.9027#28.86#33.5#37.64
-97.2018,26.9035#28.86#33.47#37.67
-97.1506,26.9042#28.86#33.43#37.71
-97.0995,26.9049#28.87#33.4#37.73
-97.0483,26.9056#28.87#33.36#37.77
-96.9971,26.9063#28.87#33.32#37.81
-96.9459,26.907#28.88#33.28#37.84
-96.8947,26.9076#28.88#33.24#37.88
-96.8435,26.9082#28.88#33.2#37.92
-96.7924,26.9089#28.89#33.16#37.95
-96.7412,26.9094#28.89#33.11#38
-96.69,26.91#28.9#33.07#38.03
-96.6388,26.9106#28.9#33.03#38.07
-96.5876,26.9111#28.9#32.99#38.11
-96.5364,26.9117#28.91#32.95#38.14
-96.4852,26.9122#28.91#32.91#38.18
-96.4341,26.9127#28.92#32.87#38.21
-96.3829,26.9131#28.92#32.84#38.24
-96.3317,26.9136#28.92#32.8#38.28
-96.2805,26.914#28.93#32.77#38.3
-96.2293,26.9145#28.93#32.73#38.34
-96.1781,26.9149#28.94#32.7#38.36
-96.1269,26.9152#28.94#32.66#38.4
-96.0757,26.9156#28.95#32.63#38.42
-96.0245,26.916#28.95#32.59#38.46
-95.9734,26.9163#28.96#32.56#38.48
-95.9222,26.9166#28.96#32.52#38.52
-95.871,26.9169#28.96#32.48#38.56
-95.8198,26.9172#28.97#32.45#38.58
-95.7686,26.9175#28.97#32.41#38.62
-95.7174,26.9177#28.98#32.37#38.65
-95.6662,26.918#28.98#32.34#38.68
-95.615,26.9182#28.99#32.3#38.71
-95.5638,26.9184#28.99#32.26#38.75
-95.5126,26.9186#29#32.23#38.77
-95.4614,26.9187#29#32.19#38.81
-95.4102,26.9189#29.01#32.15#38.84
-95.3591,26.919#29.01#32.11#38.88
-95.3079,26.9191#29.02#32.07#38.91
-95.2567,26.9192#29.02#32.03#38.95
-95.2055,26.9193#29.03#32#38.97
-95.1543,26.9193#29.03#31.96#39.01
-95.1031,26.9194#29.04#31.92#39.04
-95.0519,26.9194#29.04#31.88#39.08
-95.0007,26.9194#29.05#31.84#39.11
-94.9495,26.9194#29.07#31.8#39.13
-94.8983,26.9194#29.08#31.76#39.16
-94.8471,26.9193#29.1#31.72#39.18
-94.7959,26.9193#29.12#31.68#39.2
-94.7447,26.9192#29.14#31.64#39.22
-94.6936,26.9191#29.16#31.6#39.24
-94.6424,26.919#29.17#31.56#39.27
-94.5912,26.9189#29.19#31.52#39.29
-94.54,26.9187#29.21#31.48#39.31
-94.4888,26.9186#29.23#31.45#39.32
-94.4376,26.9184#29.27#31.45#39.28
-94.3864,26.9182#29.3#31.44#39.26
-94.3352,26.918#29.34#31.44#39.22
-94.284,26.9177#29.37#31.44#39.19
-94.2328,26.9175#29.41#31.44#39.15
-94.1816,26.9172#29.44#31.44#39.12
-94.1304,26.9169#29.48#31.44#39.08
-94.0792,26.9166#29.51#31.43#39.06
-94.0281,26.9163#29.55#31.43#39.02
-93.9769,26.916#29.59#31.42#38.99
-93.9257,26.9156#29.63#31.4#38.97
-93.8745,26.9153#29.67#31.38#38.95
-93.8233,26.9149#29.71#31.36#38.93
-93.7721,26.9145#29.75#31.33#38.92
-93.7209,26.914#29.79#31.31#38.9
-93.6697,26.9136#29.83#31.29#38.88
-93.6185,26.9131#29.87#31.27#38.86
-93.5674,26.9127#29.91#31.25#38.84
-93.5162,26.9122#29.96#31.23#38.81
-93.465,26.9117#29.98#31.2#38.82
-93.4138,26.9111#30#31.18#38.82
-93.3626,26.9106#30.02#31.15#38.83
-93.3114,26.91#30.04#31.13#38.83
-93.2602,26.9095#30.06#31.11#38.83
-93.2091,26.9089#30.08#31.08#38.84
-93.1579,26.9083#30.1#31.06#38.84
-93.1067,26.9076#30.12#31.04#38.84
-93.0555,26.907#30.13#31.01#38.86
-93.0043,26.9063#30.15#30.99#38.86
-92.9531,26.9056#30.16#30.96#38.88
-92.902,26.9049#30.17#30.92#38.91
-92.8508,26.9042#30.18#30.89#38.93
-92.7996,26.9035#30.19#30.85#38.96
-92.7484,26.9027#30.2#30.82#38.98
-92.6972,26.902#30.21#30.78#39.01
-92.6461,26.9012#30.22#30.75#39.03
-92.5949,26.9004#30.23#30.72#39.05
-99.4034,26.9013#28.8#33.93#37.27
-99.3523,26.9028#28.82#33.97#37.21
-99.3011,26.9042#28.84#34.01#37.15
-99.2499,26.9057#28.85#34.04#37.11
-99.1988,26.9071#28.87#34.08#37.05
-99.1476,26.9085#28.88#34.12#37
-99.0964,26.9099#28.9#34.16#36.94
-99.0453,26.9113#28.91#34.19#36.9
-98.9941,26.9126#28.93#34.23#36.84
-98.9429,26.914#28.93#34.23#36.84
-98.8918,26.9153#28.93#34.24#36.83
-98.8406,26.9166#28.93#34.24#36.83
-98.7894,26.9179#28.93#34.25#36.82
-98.7383,26.9191#28.93#34.25#36.82
-98.6871,26.9204#28.93#34.25#36.82
-98.6359,26.9216#28.93#34.26#36.81
-98.5847,26.9228#28.93#34.26#36.81
-98.5336,26.924#28.93#34.27#36.8
-98.4824,26.9252#28.93#34.26#36.81
-98.4312,26.9264#28.92#34.24#36.84
-98.38,26.9275#28.92#34.21#36.87
-98.3288,26.9286#28.91#34.19#36.9
-98.2777,26.9298#28.9#34.17#36.93
-98.2265,26.9309#28.89#34.14#36.97
-98.1753,26.9319#28.88#34.12#37
-98.1241,26.933#28.88#34.09#37.03
-98.0729,26.934#28.87#34.07#37.06
-98.0217,26.9351#28.86#34.05#37.09
-97.9705,26.9361#28.86#34.02#37.12
-97.9194,26.9371#28.86#33.98#37.16
-97.8682,26.938#28.86#33.94#37.2
-97.817,26.939#28.85#33.91#37.24
-97.7658,26.9399#28.85#33.87#37.28
-97.7146,26.9409#28.85#33.84#37.31
-97.6634,26.9418#28.85#33.8#37.35
-97.6122,26.9426#28.85#33.77#37.38
-97.561,26.9435#28.85#33.73#37.42
-97.5098,26.9444#28.85#33.69#37.46
-97.4586,26.9452#28.86#33.66#37.48
-97.4074,26.946#28.86#33.62#37.52
-97.3562,26.9468#28.86#33.59#37.55
-97.305,26.9476#28.86#33.55#37.59
-97.2538,26.9484#28.87#33.51#37.62
-97.2026,26.9491#28.87#33.48#37.65
-97.1514,26.9499#28.87#33.44#37.69
-97.1002,26.9506#28.88#33.4#37.72
-97.049,26.9513#28.88#33.37#37.75
-96.9978,26.952#28.88#33.33#37.79
-96.9466,26.9526#28.89#33.29#37.82
-96.8954,26.9533#28.89#33.25#37.86
-96.8442,26.9539#28.9#33.21#37.89
-96.793,26.9545#28.9#33.16#37.94
-96.7418,26.9551#28.9#33.12#37.98
-96.6906,26.9557#28.91#33.08#38.01
-96.6394,26.9562#28.91#33.04#38.05
-96.5882,26.9568#28.92#32.99#38.09
-96.537,26.9573#28.92#32.95#38.13
-96.4858,26.9578#28.93#32.91#38.16
-96.4346,26.9583#28.93#32.88#38.19
-96.3834,26.9588#28.94#32.84#38.22
-96.3322,26.9592#28.94#32.81#38.25
-96.281,26.9597#28.95#32.77#38.28
-96.2298,26.9601#28.95#32.74#38.31
-96.1786,26.9605#28.96#32.7#38.34
-96.1274,26.9609#28.96#32.67#38.37
-96.0761,26.9613#28.97#32.63#38.4
-96.0249,26.9616#28.97#32.6#38.43
-95.9737,26.962#28.98#32.56#38.46
-95.9225,26.9623#28.98#32.53#38.49
-95.8713,26.9626#28.99#32.49#38.52
-95.8201,26.9629#28.99#32.45#38.56
-95.7689,26.9631#29#32.42#38.58
-95.7177,26.9634#29#32.38#38.62
-95.6665,26.9636#29.01#32.34#38.65
-95.6153,26.9638#29.01#32.31#38.68
-95.564,26.964#29.02#32.27#38.71
-95.5128,26.9642#29.02#32.24#38.74
-95.4616,26.9644#29.03#32.2#38.77
-95.4104,26.9645#29.03#32.16#38.81
-95.3592,26.9647#29.04#32.12#38.84
-95.308,26.9648#29.05#32.08#38.87
-95.2568,26.9649#29.06#32.04#38.9
-95.2056,26.9649#29.06#32#38.94
-95.1543,26.965#29.07#31.97#38.96
-95.1031,26.965#29.08#31.93#38.99
-95.0519,26.9651#29.08#31.89#39.03
-95.0007,26.9651#29.09#31.85#39.06
-94.9495,26.9651#29.11#31.81#39.08
-94.8983,26.965#29.13#31.78#39.09
-94.8471,26.965#29.15#31.74#39.11
-94.7959,26.9649#29.17#31.7#39.13
-94.7446,26.9649#29.19#31.66#39.15
-94.6934,26.9648#29.21#31.63#39.16
-94.6422,26.9647#29.23#31.59#39.18
-94.591,26.9645#29.25#31.55#39.2
-94.5398,26.9644#29.26#31.52#39.22
-94.4886,26.9642#29.29#31.49#39.22
-94.4374,26.964#29.32#31.48#39.2
-94.3862,26.9638#29.36#31.48#39.16
-94.335,26.9636#29.4#31.47#39.13
-94.2837,26.9634#29.43#31.47#39.1
-94.2325,26.9631#29.47#31.46#39.07
-94.1813,26.9629#29.5#31.46#39.04
-94.1301,26.9626#29.54#31.46#39
-94.0789,26.9623#29.58#31.45#38.97
-94.0277,26.962#29.61#31.45#38.94
-93.9765,26.9616#29.65#31.43#38.92
-93.9253,26.9613#29.69#31.41#38.9
-93.8741,26.9609#29.73#31.39#38.88
-93.8229,26.9605#29.77#31.37#38.86
-93.7716,26.9601#29.81#31.35#38.84
-93.7204,26.9597#29.84#31.32#38.84
-93.6692,26.9593#29.88#31.3#38.82
-93.618,26.9588#29.92#31.28#38.8
-93.5668,26.9583#29.96#31.26#38.78
-93.5156,26.9578#30#31.24#38.76
-93.4644,26.9573#30.02#31.21#38.77
-93.4132,26.9568#30.04#31.19#38.77
-93.362,26.9563#30.06#31.16#38.78
-93.3108,26.9557#30.08#31.14#38.78
-93.2596,26.9551#30.1#31.11#38.79
-93.2084,26.9545#30.12#31.09#38.79
-93.1572,26.9539#30.13#31.06#38.81
-93.106,26.9533#30.15#31.04#38.81
-93.0548,26.9526#30.17#31.02#38.81
-93.0036,26.952#30.19#30.99#38.82
-92.9524,26.9513#30.2#30.96#38.84
-92.9012,26.9506#30.2#30.92#38.88
-92.85,26.9499#30.21#30.89#38.9
-92.7988,26.9492#30.22#30.85#38.93
-92.7476,26.9484#30.23#30.82#38.95
-92.6964,26.9476#30.23#30.78#38.99
-92.6452,26.9469#30.24#30.75#39.01
-92.594,26.9461#30.25#30.71#39.04
-92.5428,26.9452#30.26#30.68#39.06
-92.4916,26.9444#30.26#30.64#39.1
-92.4404,26.9435#30.24#30.59#39.17
-92.3892,26.9427#30.23#30.55#39.22
-92.338,26.9418#30.21#30.5#39.29
-92.2868,26.9409#30.19#30.46#39.35
-92.2356,26.94#30.17#30.41#39.42
-92.1844,26.939#30.16#30.37#39.47
-92.1332,26.9381#30.14#30.32#39.54
-92.0821,26.9371#30.13#30.28#39.59
-92.0309,26.9361#30.11#30.23#39.66
-91.9797,26.9351#30.08#30.19#39.73
-91.9285,26.9341#30.03#30.14#39.83
-91.8773,26.933#29.99#30.09#39.92
-91.8261,26.932#29.94#30.04#40.02
-91.7749,26.9309#29.89#29.99#40.12
-91.7238,26.9298#29.85#29.94#40.21
-91.6726,26.9287#29.8#29.89#40.31
-91.6214,26.9275#29.75#29.84#40.41
-91.5702,26.9264#29.71#29.79#40.5
-91.519,26.9252#29.66#29.74#40.6
-91.4679,26.9241#29.6#29.7#40.7
-91.4167,26.9229#29.54#29.66#40.8
-91.3655,26.9216#29.48#29.62#40.9
-91.3143,26.9204#29.42#29.58#41
-91.2632,26.9192#29.35#29.54#41.11
-91.212,26.9179#29.29#29.5#41.21
-91.1608,26.9166#29.23#29.46#41.31
-91.1096,26.9153#29.16#29.42#41.42
-91.0585,26.914#29.1#29.38#41.52
-91.0073,26.9127#29.03#29.34#41.63
-90.9561,26.9113#29#29.3#41.7
-90.905,26.9099#28.97#29.27#41.76
-90.8538,26.9086#28.94#29.23#41.83
-90.8026,26.9071#28.91#29.19#41.9
-90.7515,26.9057#28.88#29.15#41.97
-90.7003,26.9043#28.85#29.11#42.04
-90.6492,26.9028#28.82#29.08#42.1
-90.598,26.9014#28.79#29.04#42.17
-100.786,26.9006#29.4#32.8#37.8
-100.735,26.9026#29.36#32.84#37.8
-100.684,26.9045#29.31#32.87#37.82
-100.633,26.9064#29.27#32.91#37.82
-100.582,26.9083#29.23#32.94#37.83
-100.531,26.9102#29.19#32.98#37.83
-100.48,26.912#29.15#33#37.85
-100.428,26.9139#29.11#33.01#37.88
-100.377,26.9157#29.07#33.02#37.91
-100.326,26.9175#29.03#33.03#37.94
-100.275,26.9193#28.99#33.04#37.97
-100.224,26.921#28.95#33.05#38
-100.173,26.9228#28.91#33.06#38.03
-100.121,26.9245#28.88#33.08#38.04
-100.07,26.9262#28.84#33.09#38.07
-100.019,26.9279#28.8#33.1#38.1
-99.968,26.9296#28.78#33.16#38.06
-99.9168,26.9313#28.78#33.24#37.98
-99.8656,26.9329#28.78#33.32#37.9
-99.8145,26.9345#28.78#33.4#37.82
-99.7633,26.9362#28.78#33.48#37.74
-99.7121,26.9377#28.78#33.56#37.66
-99.661,26.9393#28.78#33.64#37.58
-99.6098,26.9409#28.78#33.71#37.51
-99.5586,26.9424#28.77#33.79#37.44
-99.5074,26.944#28.77#33.87#37.36
-99.4563,26.9455#28.79#33.91#37.3
-99.4051,26.947#28.8#33.95#37.25
-99.3539,26.9484#28.82#33.99#37.19
-99.3027,26.9499#28.84#34.03#37.13
-99.2515,26.9513#28.85#34.06#37.09
-99.2004,26.9527#28.87#34.1#37.03
-99.1492,26.9542#28.89#34.14#36.97
-99.098,26.9555#28.91#34.18#36.91
-99.0468,26.9569#28.92#34.21#36.87
-98.9956,26.9583#28.94#34.25#36.81
-98.9444,26.9596#28.94#34.25#36.81
-98.8932,26.9609#28.94#34.26#36.8
-98.8421,26.9622#28.94#34.26#36.8
-98.7909,26.9635#28.94#34.26#36.8
-98.7397,26.9648#28.94#34.27#36.79
-98.6885,26.966#28.94#34.27#36.79
-98.6373,26.9673#28.94#34.27#36.79
-98.5861,26.9685#28.94#34.28#36.78
-98.5349,26.9697#28.95#34.28#36.77
-98.4837,26.9709#28.94#34.28#36.78
-98.4325,26.972#28.94#34.25#36.81
-98.3813,26.9732#28.93#34.23#36.84
-98.3301,26.9743#28.92#34.2#36.88
-98.2789,26.9754#28.91#34.18#36.91
-98.2277,26.9765#28.9#34.15#36.95
-98.1765,26.9776#28.89#34.13#36.98
-98.1253,26.9786#28.89#34.11#37
-98.0741,26.9797#28.88#34.08#37.04
-98.0229,26.9807#28.87#34.06#37.07
-97.9717,26.9817#28.87#34.03#37.1
-97.9205,26.9827#28.86#33.99#37.15
-97.8693,26.9837#28.86#33.95#37.19
-97.818,26.9846#28.86#33.92#37.22
-97.7668,26.9856#28.86#33.88#37.26
-97.7156,26.9865#28.86#33.85#37.29
-97.6644,26.9874#28.86#33.81#37.33
-97.6132,26.9883#28.86#33.77#37.37
-97.562,26.9892#28.86#33.74#37.4
-97.5108,26.99#28.86#33.7#37.44
-97.4596,26.9909#28.87#33.67#37.46
-97.4083,26.9917#28.87#33.63#37.5
-97.3571,26.9925#28.87#33.59#37.54
-97.3059,26.9933#28.88#33.56#37.56
-97.2547,26.994#28.88#33.52#37.6
-97.2035,26.9948#28.88#33.48#37.64
-97.1523,26.9955#28.89#33.45#37.66
-97.101,26.9962#28.89#33.41#37.7
-97.0498,26.9969#28.89#33.38#37.73
-96.9986,26.9976#28.9#33.34#37.76
-96.9474,26.9983#28.9#33.3#37.8
-96.8962,26.9989#28.9#33.25#37.85
-96.8449,26.9996#28.91#33.21#37.88
-96.7937,27.0002#28.91#33.17#37.92
-96.7425,27.0008#28.92#33.13#37.95
-96.6913,27.0013#28.92#33.08#38
-96.64,27.0019#28.93#33.04#38.03
-96.5888,27.0024#28.93#33#38.07
-96.5376,27.003#28.94#32.96#38.1
-96.4864,27.0035#28.94#32.92#38.14
-96.4351,27.004#28.95#32.88#38.17
-96.3839,27.0044#28.95#32.85#38.2
-96.3327,27.0049#28.96#32.81#38.23
-96.2815,27.0053#28.96#32.78#38.26
-96.2302,27.0058#28.97#32.74#38.29
-96.179,27.0062#28.98#32.71#38.31
-96.1278,27.0066#28.98#32.67#38.35
-96.0766,27.0069#28.99#32.64#38.37
-96.0253,27.0073#28.99#32.6#38.41
-95.9741,27.0076#29#32.57#38.43
-95.9229,27.0079#29#32.53#38.47
-95.8716,27.0082#29.01#32.5#38.49
-95.8204,27.0085#29.01#32.46#38.53
-95.7692,27.0088#29.02#32.42#38.56
-95.7179,27.009#29.03#32.39#38.58
-95.6667,27.0093#29.03#32.35#38.62
-95.6155,27.0095#29.04#32.32#38.64
-95.5643,27.0097#29.04#32.28#38.68
-95.513,27.0099#29.05#32.25#38.7
-95.4618,27.01#29.06#32.21#38.73
-95.4106,27.0102#29.06#32.17#38.77
-95.3593,27.0103#29.07#32.13#38.8
-95.3081,27.0104#29.08#32.09#38.83
-95.2569,27.0105#29.09#32.05#38.86
-95.2056,27.0106#29.1#32.01#38.89
-95.1544,27.0107#29.11#31.97#38.92
-95.1032,27.0107#29.11#31.93#38.96
-95.0519,27.0107#29.12#31.9#38.98
-95.0007,27.0107#29.13#31.86#39.01
-94.9495,27.0107#29.15#31.82#39.03
-94.8982,27.0107#29.17#31.79#39.04
-94.847,27.0107#29.19#31.75#39.06
-94.7958,27.0106#29.21#31.72#39.07
-94.7445,27.0105#29.24#31.69#39.07
-94.6933,27.0104#29.26#31.65#39.09
-94.6421,27.0103#29.28#31.62#39.1
-94.5909,27.0102#29.3#31.59#39.11
-94.5396,27.01#29.32#31.55#39.13
-94.4884,27.0099#29.34#31.52#39.14
-94.4372,27.0097#29.38#31.52#39.1
-94.3859,27.0095#29.42#31.51#39.07
-94.3347,27.0093#29.46#31.5#39.04
-94.2835,27.0091#29.49#31.5#39.01
-94.2322,27.0088#29.53#31.49#38.98
-94.181,27.0085#29.57#31.48#38.95
-94.1298,27.0083#29.6#31.48#38.92
-94.0786,27.008#29.64#31.47#38.89
-94.0273,27.0076#29.68#31.46#38.86
-93.9761,27.0073#29.71#31.45#38.84
-93.9249,27.0069#29.75#31.42#38.83
-93.8736,27.0066#29.79#31.4#38.81
-93.8224,27.0062#29.82#31.38#38.8
-93.7712,27.0058#29.86#31.36#38.78
-93.72,27.0054#29.9#31.34#38.76
-93.6687,27.0049#29.93#31.31#38.76
-93.6175,27.0045#29.97#31.29#38.74
-93.5663,27.004#30.01#31.27#38.72
-93.515,27.0035#30.04#31.25#38.71
-93.4638,27.003#30.07#31.22#38.71
-93.4126,27.0025#30.08#31.2#38.72
-93.3614,27.0019#30.1#31.17#38.73
-93.3102,27.0014#30.12#31.15#38.73
-93.2589,27.0008#30.14#31.12#38.74
-93.2077,27.0002#30.15#31.09#38.76
-93.1565,26.9996#30.17#31.07#38.76
-93.1053,26.9989#30.19#31.04#38.77
-93.054,26.9983#30.21#31.02#38.77
-93.0028,26.9976#30.22#30.99#38.79
-92.9516,26.997#30.23#30.96#38.81
-92.9004,26.9963#30.24#30.92#38.84
-92.8492,26.9955#30.24#30.89#38.87
-92.7979,26.9948#30.25#30.85#38.9
-92.7467,26.9941#30.25#30.82#38.93
-92.6955,26.9933#30.26#30.78#38.96
-92.6443,26.9925#30.26#30.74#39
-92.5931,26.9917#30.27#30.71#39.02
-92.5419,26.9909#30.27#30.67#39.06
-92.4906,26.99#30.27#30.63#39.1
-92.4394,26.9892#30.25#30.59#39.16
-92.3882,26.9883#30.24#30.54#39.22
-92.337,26.9874#30.22#30.5#39.28
-92.2858,26.9865#30.2#30.45#39.35
-92.2346,26.9856#30.18#30.41#39.41
-92.1834,26.9847#30.16#30.36#39.48
-92.1322,26.9837#30.14#30.32#39.54
-92.081,26.9827#30.12#30.27#39.61
-92.0297,26.9817#30.1#30.22#39.68
-91.9785,26.9807#30.07#30.18#39.75
-91.9273,26.9797#30.02#30.13#39.85
-91.8761,26.9787#29.97#30.08#39.95
-91.8249,26.9776#29.93#30.03#40.04
-91.7737,26.9765#29.88#29.99#40.13
-91.7225,26.9754#29.83#29.94#40.23
-91.6713,26.9743#29.78#29.89#40.33
-91.6201,26.9732#29.73#29.84#40.43
-91.5689,26.9721#29.69#29.79#40.52
-91.5177,26.9709#29.64#29.74#40.62
-91.4665,26.9697#29.58#29.7#40.72
-91.4153,26.9685#29.52#29.66#40.82
-91.3641,26.9673#29.46#29.62#40.92
-91.3129,26.9661#29.4#29.58#41.02
-91.2617,26.9648#29.34#29.54#41.12
-91.2106,26.9635#29.28#29.5#41.22
-91.1594,26.9623#29.22#29.46#41.32
-91.1082,26.961#29.16#29.42#41.42
-91.057,26.9596#29.1#29.39#41.51
-91.0058,26.9583#29.04#29.35#41.61
-90.9546,26.9569#29.01#29.31#41.68
-90.9034,26.9556#28.98#29.27#41.75
-90.8522,26.9542#28.95#29.23#41.82
-90.8011,26.9528#28.92#29.19#41.89
-90.7499,26.9514#28.89#29.16#41.95
-90.6987,26.9499#28.87#29.12#42.01
-90.6475,26.9485#28.84#29.08#42.08
-90.5963,26.947#28.81#29.04#42.15
-90.5452,26.9455#28.78#29.01#42.21
-90.494,26.944#28.75#28.97#42.28
-90.4428,26.9425#28.73#28.93#42.34
-90.3916,26.9409#28.71#28.9#42.39
-90.3405,26.9394#28.7#28.86#42.44
-90.2893,26.9378#28.68#28.82#42.5
-90.2381,26.9362#28.66#28.79#42.55
-90.187,26.9346#28.64#28.75#42.61
-90.1358,26.933#28.62#28.72#42.66
-90.0846,26.9313#28.6#28.68#42.72
-90.0335,26.9296#28.58#28.64#42.78
-89.9823,26.928#28.57#28.61#42.82
-89.9311,26.9263#28.57#28.58#42.85
-89.88,26.9246#28.57#28.55#42.88
-89.8288,26.9228#28.56#28.51#42.93
-89.7777,26.9211#28.56#28.48#42.96
-89.7265,26.9193#28.56#28.45#42.99
-89.6754,26.9175#28.55#28.41#43.04
-89.6242,26.9157#28.55#28.38#43.07
-89.5731,26.9139#28.55#28.35#43.1
-89.5219,26.9121#28.54#28.32#43.14
-89.4708,26.9102#28.55#28.3#43.15
-89.4196,26.9083#28.55#28.29#43.16
-89.3685,26.9065#28.55#28.28#43.17
-89.3173,26.9046#28.56#28.27#43.17
-89.2662,26.9026#28.56#28.26#43.18
-89.215,26.9007#28.57#28.25#43.18
-101.862,26.9016#29.75#32.25#38
-101.811,26.9039#29.75#32.27#37.98
-101.76,26.9061#29.75#32.29#37.96
-101.709,26.9084#29.75#32.31#37.94
-101.658,26.9107#29.75#32.34#37.91
-101.607,26.9129#29.75#32.36#37.89
-101.556,26.9151#29.75#32.38#37.87
-101.505,26.9173#29.75#32.4#37.85
-101.453,26.9195#29.73#32.43#37.84
-101.402,26.9216#29.71#32.46#37.83
-101.351,26.9238#29.69#32.48#37.83
-101.3,26.9259#29.66#32.51#37.83
-101.249,26.928#29.64#32.53#37.83
-101.198,26.9301#29.62#32.56#37.82
-101.147,26.9322#29.6#32.58#37.82
-101.095,26.9343#29.58#32.61#37.81
-101.044,26.9363#29.55#32.63#37.82
-100.993,26.9383#29.53#32.66#37.81
-100.942,26.9403#29.49#32.7#37.81
-100.891,26.9423#29.45#32.73#37.82
-100.84,26.9443#29.4#32.77#37.83
-100.789,26.9463#29.36#32.8#37.84
-100.737,26.9482#29.32#32.84#37.84
-100.686,26.9501#29.28#32.87#37.85
-100.635,26.952#29.24#32.91#37.85
-100.584,26.9539#29.2#32.94#37.86
-100.533,26.9558#29.16#32.98#37.86
-100.482,26.9576#29.11#33.01#37.88
-100.43,26.9595#29.08#33.02#37.9
-100.379,26.9613#29.04#33.04#37.92
-100.328,26.9631#29#33.05#37.95
-100.277,26.9649#28.97#33.07#37.96
-100.226,26.9667#28.93#33.09#37.98
-100.175,26.9684#28.9#33.1#38
-100.123,26.9701#28.86#33.12#38.02
-100.072,26.9719#28.82#33.14#38.04
-100.021,26.9736#28.79#33.16#38.05
-99.9698,26.9752#28.77#33.21#38.02
-99.9186,26.9769#28.77#33.29#37.94
-99.8675,26.9785#28.77#33.37#37.86
-99.8163,26.9802#28.77#33.44#37.79
-99.7651,26.9818#28.77#33.52#37.71
-99.7139,26.9834#28.77#33.59#37.64
-99.6627,26.985#28.77#33.67#37.56
-99.6115,26.9865#28.77#33.74#37.49
-99.5603,26.9881#28.77#33.82#37.41
-99.5091,26.9896#28.77#33.89#37.34
-99.4579,26.9911#28.79#33.94#37.27
-99.4067,26.9926#28.81#33.97#37.22
-99.3555,26.9941#28.82#34.01#37.17
-99.3043,26.9955#28.84#34.05#37.11
-99.2531,26.997#28.86#34.08#37.06
-99.2019,26.9984#28.88#34.12#37
-99.1507,26.9998#28.89#34.16#36.95
-99.0995,27.0012#28.91#34.2#36.89
-99.0483,27.0026#28.93#34.23#36.84
-98.9971,27.0039#28.95#34.27#36.78
-98.9459,27.0052#28.95#34.27#36.78
-98.8947,27.0066#28.95#34.27#36.78
-98.8435,27.0079#28.95#34.28#36.77
-98.7923,27.0092#28.95#34.28#36.77
-98.7411,27.0104#28.95#34.28#36.77
-98.6899,27.0117#28.95#34.29#36.76
-98.6387,27.0129#28.95#34.29#36.76
-98.5874,27.0141#28.95#34.29#36.76
-98.5362,27.0153#28.96#34.3#36.74
-98.485,27.0165#28.95#34.29#36.76
-98.4338,27.0177#28.95#34.27#36.78
-98.3826,27.0188#28.94#34.24#36.82
-98.3314,27.0199#28.93#34.22#36.85
-98.2801,27.0211#28.92#34.19#36.89
-98.2289,27.0222#28.91#34.17#36.92
-98.1777,27.0232#28.9#34.14#36.96
-98.1265,27.0243#28.9#34.12#36.98
-98.0752,27.0253#28.89#34.09#37.02
-98.024,27.0264#28.88#34.07#37.05
-97.9728,27.0274#28.87#34.04#37.09
-97.9216,27.0284#28.87#34#37.13
-97.8703,27.0293#28.87#33.96#37.17
-97.8191,27.0303#28.87#33.93#37.2
-97.7679,27.0312#28.87#33.89#37.24
-97.7166,27.0322#28.87#33.86#37.27
-97.6654,27.0331#28.87#33.82#37.31
-97.6142,27.034#28.87#33.78#37.35
-97.563,27.0348#28.87#33.75#37.38
-97.5117,27.0357#28.87#33.71#37.42
-97.4605,27.0365#28.88#33.67#37.45
-97.4093,27.0373#28.88#33.64#37.48
-97.358,27.0381#28.88#33.6#37.52
-97.3068,27.0389#28.89#33.57#37.54
-97.2555,27.0397#28.89#33.53#37.58
-97.2043,27.0404#28.89#33.49#37.62
-97.1531,27.0412#28.9#33.46#37.64
-97.1018,27.0419#28.9#33.42#37.68
-97.0506,27.0426#28.9#33.38#37.72
-96.9994,27.0433#28.91#33.35#37.74
-96.9481,27.0439#28.91#33.3#37.79
-96.8969,27.0446#28.92#33.26#37.82
-96.8456,27.0452#28.92#33.22#37.86
-96.7944,27.0458#28.93#33.18#37.89
-96.7431,27.0464#28.93#33.13#37.94
-96.6919,27.047#28.94#33.09#37.97
-96.6407,27.0476#28.94#33.05#38.01
-96.5894,27.0481#28.95#33#38.05
-96.5382,27.0486#28.95#32.96#38.09
-96.4869,27.0491#28.96#32.92#38.12
-96.4357,27.0496#28.96#32.89#38.15
-96.3844,27.0501#28.97#32.85#38.18
-96.3332,27.0506#28.98#32.82#38.2
-96.2819,27.051#28.98#32.78#38.24
-96.2307,27.0514#28.99#32.75#38.26
-96.1795,27.0518#28.99#32.71#38.3
-96.1282,27.0522#29#32.68#38.32
-96.077,27.0526#29.01#32.64#38.35
-96.0257,27.0529#29.01#32.61#38.38
-95.9745,27.0533#29.02#32.57#38.41
-95.9232,27.0536#29.02#32.54#38.44
-95.872,27.0539#29.03#32.5#38.47
-95.8207,27.0542#29.04#32.47#38.49
-95.7695,27.0545#29.04#32.43#38.53
-95.7182,27.0547#29.05#32.4#38.55
-95.667,27.0549#29.06#32.36#38.58
-95.6157,27.0552#29.06#32.33#38.61
-95.5645,27.0554#29.07#32.29#38.64
-95.5132,27.0555#29.07#32.26#38.67
-95.462,27.0557#29.08#32.22#38.7
-95.4107,27.0558#29.09#32.18#38.73
-95.3595,27.056#29.1#32.14#38.76
-95.3082,27.0561#29.11#32.1#38.79
-95.257,27.0562#29.12#32.06#38.82
-95.2057,27.0563#29.13#32.02#38.85
-95.1545,27.0563#29.14#31.98#38.88
-95.1032,27.0564#29.15#31.94#38.91
-95.052,27.0564#29.16#31.9#38.94
-95.0007,27.0564#29.17#31.86#38.97
-94.9495,27.0564#29.19#31.83#38.98
-94.8982,27.0564#29.22#31.8#38.98
-94.847,27.0563#29.24#31.77#38.99
-94.7957,27.0563#29.26#31.74#39
-94.7445,27.0562#29.28#31.71#39.01
-94.6932,27.0561#29.31#31.68#39.01
-94.642,27.056#29.33#31.65#39.02
-94.5907,27.0559#29.35#31.62#39.03
-94.5395,27.0557#29.37#31.59#39.04
-94.4882,27.0555#29.4#31.56#39.04
-94.437,27.0554#29.44#31.55#39.01
-94.3857,27.0552#29.48#31.54#38.98
-94.3345,27.0549#29.51#31.53#38.96
-94.2832,27.0547#29.55#31.52#38.93
-94.232,27.0545#29.59#31.51#38.9
-94.1807,27.0542#29.63#31.5#38.87
-94.1295,27.0539#29.66#31.49#38.85
-94.0782,27.0536#29.7#31.48#38.82
-94.027,27.0533#29.74#31.48#38.78
-93.9757,27.053#29.78#31.46#38.76
-93.9245,27.0526#29.81#31.44#38.75
-93.8732,27.0522#29.84#31.41#38.75
-93.822,27.0518#29.88#31.39#38.73
-93.7707,27.0514#29.91#31.37#38.72
-93.7195,27.051#29.95#31.35#38.7
-93.6682,27.0506#29.98#31.32#38.7
-93.617,27.0501#30.02#31.3#38.68
-93.5657,27.0496#30.05#31.28#38.67
-93.5145,27.0492#30.09#31.26#38.65
-93.4632,27.0486#30.11#31.23#38.66
-93.412,27.0481#30.13#31.21#38.66
-93.3608,27.0476#30.14#31.18#38.68
-93.3095,27.047#30.16#31.15#38.69
-93.2583,27.0464#30.18#31.13#38.69
-93.207,27.0458#30.19#31.1#38.71
-93.1558,27.0452#30.21#31.07#38.72
-93.1045,27.0446#30.23#31.05#38.72
-93.0533,27.044#30.24#31.02#38.74
-93.0021,27.0433#30.26#31#38.74
-92.9508,27.0426#30.26#30.96#38.78
-92.8996,27.0419#30.27#30.92#38.81
-92.8483,27.0412#30.27#30.89#38.84
-92.7971,27.0405#30.27#30.85#38.88
-92.7459,27.0397#30.28#30.81#38.91
-92.6946,27.0389#30.28#30.78#38.94
-92.6434,27.0382#30.28#30.74#38.98
-92.5922,27.0374#30.29#30.7#39.01
-92.5409,27.0365#30.29#30.67#39.04
-92.4897,27.0357#30.29#30.63#39.08
-92.4385,27.0348#30.27#30.58#39.15
-92.3872,27.034#30.24#30.54#39.22
-92.336,27.0331#30.22#30.49#39.29
-92.2848,27.0322#30.2#30.45#39.35
-92.2335,27.0313#30.18#30.4#39.42
-92.1823,27.0303#30.16#30.35#39.49
-92.1311,27.0294#30.14#30.31#39.55
-92.0799,27.0284#30.12#30.26#39.62
-92.0286,27.0274#30.1#30.22#39.68
-91.9774,27.0264#30.06#30.17#39.77
-91.9262,27.0254#30.01#30.12#39.87
-91.8749,27.0243#29.96#30.08#39.96
-91.8237,27.0233#29.91#30.03#40.06
-91.7725,27.0222#29.86#29.98#40.16
-91.7213,27.0211#29.81#29.93#40.26
-91.6701,27.02#29.76#29.89#40.35
-91.6188,27.0188#29.71#29.84#40.45
-91.5676,27.0177#29.66#29.79#40.55
-91.5164,27.0165#29.61#29.75#40.64
-91.4652,27.0154#29.56#29.7#40.74
-91.414,27.0142#29.5#29.66#40.84
-91.3628,27.0129#29.45#29.63#40.92
-91.3115,27.0117#29.39#29.59#41.02
-91.2603,27.0105#29.34#29.55#41.11
-91.2091,27.0092#29.28#29.51#41.21
-91.1579,27.0079#29.22#29.47#41.31
-91.1067,27.0066#29.17#29.43#41.4
-91.0555,27.0053#29.11#29.39#41.5
-91.0043,27.0039#29.05#29.35#41.6
-90.9531,27.0026#29.02#29.31#41.67
-90.9019,27.0012#28.99#29.27#41.74
-90.8507,26.9998#28.96#29.24#41.8
-90.7995,26.9984#28.93#29.2#41.87
-90.7483,26.997#28.91#29.16#41.93
-90.6971,26.9956#28.88#29.12#42
-90.6459,26.9941#28.85#29.09#42.06
-90.5947,26.9926#28.82#29.05#42.13
-90.5435,26.9911#28.79#29.01#42.2
-90.4923,26.9896#28.77#28.97#42.26
-90.4411,26.9881#28.75#28.94#42.31
-90.3899,26.9866#28.73#28.9#42.37
-90.3387,26.985#28.71#28.87#42.42
-90.2875,26.9834#28.69#28.83#42.48
-90.2363,26.9818#28.68#28.8#42.52
-90.1851,26.9802#28.66#28.76#42.58
-90.134,26.9786#28.64#28.72#42.64
-90.0828,26.9769#28.62#28.69#42.69
-90.0316,26.9753#28.6#28.65#42.75
-89.9804,26.9736#28.59#28.62#42.79
-89.9292,26.9719#28.59#28.59#42.82
-89.878,26.9702#28.58#28.56#42.86
-89.8269,26.9685#28.58#28.53#42.89
-89.7757,26.9667#28.58#28.5#42.92
-89.7245,26.9649#28.57#28.47#42.96
-89.6733,26.9632#28.57#28.43#43
-89.6222,26.9613#28.57#28.4#43.03
-89.571,26.9595#28.56#28.37#43.07
-89.5198,26.9577#28.56#28.34#43.1
-89.4687,26.9558#28.56#28.32#43.12
-89.4175,26.954#28.56#28.32#43.12
-89.3663,26.9521#28.57#28.31#43.12
-89.3152,26.9502#28.57#28.31#43.12
-89.264,26.9483#28.58#28.3#43.12
-89.2129,26.9463#28.58#28.29#43.13
-89.1617,26.9444#28.59#28.28#43.13
-89.1105,26.9424#28.59#28.28#43.13
-89.0594,26.9404#28.6#28.27#43.13
-89.0082,26.9384#28.6#28.26#43.14
-88.9571,26.9364#28.61#28.28#43.11
-88.9059,26.9343#28.63#28.3#43.07
-88.8548,26.9323#28.64#28.33#43.03
-88.8037,26.9302#28.65#28.35#43
-88.7525,26.9281#28.67#28.38#42.95
-88.7014,26.926#28.68#28.4#42.92
-88.6502,26.9238#28.7#28.42#42.88
-88.5991,26.9217#28.71#28.45#42.84
-88.548,26.9195#28.72#28.47#42.81
-88.4968,26.9174#28.74#28.5#42.76
-88.4457,26.9152#28.74#28.55#42.71
-88.3946,26.9129#28.75#28.61#42.64
-88.3434,26.9107#28.76#28.66#42.58
-88.2923,26.9085#28.76#28.72#42.52
-88.2412,26.9062#28.77#28.78#42.45
-88.1901,26.9039#28.78#28.83#42.39
-88.1389,26.9016#28.78#28.89#42.33
-102.836,26.9002#29.67#31.99#38.34
-102.785,26.9028#29.68#32#38.32
-102.734,26.9054#29.69#32.01#38.3
-102.683,26.908#29.7#32.01#38.29
-102.632,26.9106#29.7#32.02#38.28
-102.581,26.9131#29.71#32.03#38.26
-102.53,26.9157#29.72#32.03#38.25
-102.479,26.9182#29.73#32.04#38.23
-102.427,26.9207#29.73#32.06#38.21
-102.376,26.9232#29.73#32.08#38.19
-102.325,26.9257#29.74#32.1#38.16
-102.274,26.9281#29.74#32.11#38.15
-102.223,26.9306#29.74#32.13#38.13
-102.172,26.933#29.75#32.15#38.1
-102.121,26.9354#29.75#32.16#38.09
-102.07,26.9378#29.76#32.18#38.06
-102.018,26.9402#29.76#32.2#38.04
-101.967,26.9425#29.76#32.22#38.02
-101.916,26.9448#29.76#32.24#38
-101.865,26.9472#29.75#32.26#37.99
-101.814,26.9495#29.75#32.28#37.97
-101.763,26.9517#29.75#32.31#37.94
-101.712,26.954#29.75#32.33#37.92
-101.66,26.9563#29.74#32.35#37.91
-101.609,26.9585#29.74#32.37#37.89
-101.558,26.9607#29.74#32.39#37.87
-101.507,26.9629#29.74#32.42#37.84
-101.456,26.9651#29.71#32.44#37.85
-101.405,26.9673#29.69#32.47#37.84
-101.354,26.9694#29.67#32.49#37.84
-101.302,26.9715#29.64#32.52#37.84
-101.251,26.9736#29.62#32.54#37.84
-101.2,26.9757#29.6#32.57#37.83
-101.149,26.9778#29.57#32.59#37.84
-101.098,26.9799#29.55#32.62#37.83
-101.047,26.9819#29.52#32.64#37.84
-100.995,26.9839#29.5#32.67#37.83
-100.944,26.986#29.46#32.7#37.84
-100.893,26.988#29.41#32.74#37.85
-100.842,26.9899#29.37#32.77#37.86
-100.791,26.9919#29.33#32.81#37.86
-100.74,26.9938#29.29#32.84#37.87
-100.688,26.9957#29.25#32.88#37.87
-100.637,26.9977#29.2#32.91#37.89
-100.586,26.9995#29.16#32.94#37.9
-100.535,27.0014#29.12#32.98#37.9
-100.484,27.0033#29.08#33.01#37.91
-100.432,27.0051#29.04#33.03#37.93
-100.381,27.0069#29.01#33.05#37.94
-100.33,27.0087#28.98#33.07#37.95
-100.279,27.0105#28.94#33.1#37.96
-100.228,27.0123#28.91#33.12#37.97
-100.177,27.014#28.88#33.14#37.98
-100.125,27.0158#28.84#33.17#37.99
-100.074,27.0175#28.81#33.19#38
-100.023,27.0192#28.78#33.22#38
-99.9717,27.0209#28.76#33.27#37.97
-99.9205,27.0225#28.77#33.34#37.89
-99.8693,27.0242#28.77#33.42#37.81
-99.8181,27.0258#28.77#33.49#37.74
-99.7669,27.0274#28.77#33.56#37.67
-99.7157,27.029#28.77#33.63#37.6
-99.6645,27.0306#28.77#33.7#37.53
-99.6133,27.0322#28.77#33.77#37.46
-99.5621,27.0337#28.77#33.84#37.39
-99.5108,27.0352#28.77#33.91#37.32
-99.4596,27.0367#28.79#33.96#37.25
-99.4084,27.0382#28.81#34#37.19
-99.3572,27.0397#28.83#34.03#37.14
-99.306,27.0412#28.84#34.07#37.09
-99.2548,27.0426#28.86#34.11#37.03
-99.2035,27.044#28.88#34.14#36.98
-99.1523,27.0454#28.9#34.18#36.92
-99.1011,27.0468#28.92#34.21#36.87
-99.0499,27.0482#28.94#34.25#36.81
-98.9986,27.0495#28.96#34.29#36.75
-98.9474,27.0509#28.96#34.29#36.75
-98.8962,27.0522#28.96#34.29#36.75
-98.845,27.0535#28.96#34.29#36.75
-98.7937,27.0548#28.96#34.3#36.74
-98.7425,27.0561#28.96#34.3#36.74
-98.6913,27.0573#28.96#34.3#36.74
-98.64,27.0585#28.96#34.31#36.73
-98.5888,27.0598#28.97#34.31#36.72
-98.5376,27.061#28.97#34.31#36.72
-98.4863,27.0621#28.97#34.31#36.72
-98.4351,27.0633#28.96#34.28#36.76
-98.3839,27.0645#28.95#34.26#36.79
-98.3326,27.0656#28.94#34.23#36.83
-98.2814,27.0667#28.93#34.2#36.87
-98.2301,27.0678#28.92#34.18#36.9
-98.1789,27.0689#28.91#34.15#36.94
-98.1276,27.0699#28.91#34.13#36.96
-98.0764,27.071#28.9#34.1#37
-98.0252,27.072#28.89#34.08#37.03
-97.9739,27.073#28.88#34.05#37.07
-97.9227,27.074#28.88#34.01#37.11
-97.8714,27.075#28.88#33.98#37.14
-97.8202,27.0759#28.88#33.94#37.18
-97.7689,27.0769#28.88#33.9#37.22
-97.7177,27.0778#28.88#33.87#37.25
-97.6664,27.0787#28.88#33.83#37.29
-97.6152,27.0796#28.88#33.79#37.33
-97.5639,27.0805#28.88#33.76#37.36
-97.5127,27.0813#28.88#33.72#37.4
-97.4614,27.0822#28.89#33.68#37.43
-97.4102,27.083#28.89#33.65#37.46
-97.3589,27.0838#28.89#33.61#37.5
-97.3077,27.0846#28.9#33.57#37.53
-97.2564,27.0853#28.9#33.54#37.56
-97.2051,27.0861#28.9#33.5#37.6
-97.1539,27.0868#28.91#33.46#37.63
-97.1026,27.0875#28.91#33.43#37.66
-97.0514,27.0882#28.92#33.39#37.69
-97.0001,27.0889#28.92#33.35#37.73
-96.9489,27.0896#28.92#33.31#37.77
-96.8976,27.0902#28.93#33.27#37.8
-96.8463,27.0909#28.94#33.23#37.83
-96.7951,27.0915#28.94#33.18#37.88
-96.7438,27.0921#28.95#33.14#37.91
-96.6925,27.0927#28.95#33.1#37.95
-96.6413,27.0932#28.96#33.05#37.99
-96.59,27.0938#28.96#33.01#38.03
-96.5388,27.0943#28.97#32.97#38.06
-96.4875,27.0948#28.97#32.93#38.1
-96.4362,27.0953#28.98#32.89#38.13
-96.385,27.0958#28.99#32.86#38.15
-96.3337,27.0962#28.99#32.82#38.19
-96.2824,27.0967#29#32.79#38.21
-96.2312,27.0971#29.01#32.75#38.24
-96.1799,27.0975#29.01#32.72#38.27
-96.1286,27.0979#29.02#32.68#38.3
-96.0774,27.0982#29.03#32.65#38.32
-96.0261,27.0986#29.03#32.61#38.36
-95.9748,27.0989#29.04#32.58#38.38
-95.9236,27.0993#29.05#32.54#38.41
-95.8723,27.0996#29.05#32.51#38.44
-95.821,27.0998#29.06#32.48#38.46
-95.7698,27.1001#29.07#32.44#38.49
-95.7185,27.1004#29.07#32.41#38.52
-95.6672,27.1006#29.08#32.37#38.55
-95.6159,27.1008#29.09#32.34#38.57
-95.5647,27.101#29.09#32.3#38.61
-95.5134,27.1012#29.1#32.27#38.63
-95.4621,27.1014#29.11#32.23#38.66
-95.4109,27.1015#29.12#32.19#38.69
-95.3596,27.1016#29.13#32.15#38.72
-95.3083,27.1017#29.14#32.11#38.75
-95.2571,27.1018#29.16#32.07#38.77
-95.2058,27.1019#29.17#32.03#38.8
-95.1545,27.102#29.18#31.99#38.83
-95.1032,27.102#29.19#31.95#38.86
-95.052,27.1021#29.2#31.91#38.89
-95.0007,27.1021#29.21#31.87#38.92
-94.9494,27.1021#29.23#31.84#38.93
-94.8982,27.102#29.26#31.82#38.92
-94.8469,27.102#29.28#31.79#38.93
-94.7956,27.1019#29.31#31.76#38.93
-94.7444,27.1018#29.33#31.73#38.94
-94.6931,27.1018#29.36#31.71#38.93
-94.6418,27.1016#29.38#31.68#38.94
-94.5905,27.1015#29.4#31.65#38.95
-94.5393,27.1014#29.43#31.62#38.95
-94.488,27.1012#29.46#31.6#38.94
-94.4367,27.101#29.5#31.59#38.91
-94.3855,27.1008#29.53#31.58#38.89
-94.3342,27.1006#29.57#31.56#38.87
-94.2829,27.1004#29.61#31.55#38.84
-94.2317,27.1001#29.65#31.54#38.81
-94.1804,27.0999#29.69#31.53#38.78
-94.1291,27.0996#29.73#31.51#38.76
-94.0779,27.0993#29.76#31.5#38.74
-94.0266,27.0989#29.8#31.49#38.71
-93.9753,27.0986#29.84#31.47#38.69
-93.9241,27.0983#29.87#31.45#38.68
-93.8728,27.0979#29.9#31.43#38.67
-93.8215,27.0975#29.94#31.4#38.66
-93.7703,27.0971#29.97#31.38#38.65
-93.719,27.0967#30#31.36#38.64
-93.6677,27.0962#30.03#31.34#38.63
-93.6165,27.0958#30.07#31.31#38.62
-93.5652,27.0953#30.1#31.29#38.61
-93.5139,27.0948#30.13#31.27#38.6
-93.4627,27.0943#30.15#31.24#38.61
-93.4114,27.0938#30.17#31.22#38.61
-93.3601,27.0932#30.18#31.19#38.63
-93.3089,27.0927#30.2#31.16#38.64
-93.2576,27.0921#30.22#31.13#38.65
-93.2063,27.0915#30.23#31.11#38.66
-93.1551,27.0909#30.25#31.08#38.67
-93.1038,27.0903#30.26#31.05#38.69
-93.0526,27.0896#30.28#31.03#38.69
-93.0013,27.0889#30.3#31#38.7
-92.95,27.0883#30.3#30.96#38.74
-92.8988,27.0876#30.3#30.92#38.78
-92.8475,27.0868#30.3#30.89#38.81
-92.7963,27.0861#30.3#30.85#38.85
-92.745,27.0854#30.3#30.81#38.89
-92.6938,27.0846#30.3#30.77#38.93
-92.6425,27.0838#30.3#30.74#38.96
-92.5913,27.083#30.31#30.7#38.99
-92.54,27.0822#30.31#30.66#39.03
-92.4887,27.0814#30.3#30.62#39.08
-92.4375,27.0805#30.28#30.58#39.14
-92.3862,27.0796#30.25#30.53#39.22
-92.335,27.0787#30.23#30.48#39.29
-92.2837,27.0778#30.21#30.44#39.35
-92.2325,27.0769#30.18#30.39#39.43
-92.1812,27.076#30.16#30.35#39.49
-92.13,27.075#30.14#30.3#39.56
-92.0787,27.074#30.11#30.25#39.64
-92.0275,27.073#30.09#30.21#39.7
-91.9763,27.072#30.05#30.16#39.79
-91.925,27.071#30#30.11#39.89
-91.8738,27.07#29.95#30.07#39.98
-91.8225,27.0689#29.9#30.02#40.08
-91.7713,27.0678#29.85#29.98#40.17
-91.72,27.0667#29.8#29.93#40.27
-91.6688,27.0656#29.74#29.89#40.37
-91.6176,27.0645#29.69#29.84#40.47
-91.5663,27.0633#29.64#29.79#40.57
-91.5151,27.0622#29.59#29.75#40.66
-91.4639,27.061#29.54#29.71#40.75
-91.4126,27.0598#29.49#29.67#40.84
-91.3614,27.0586#29.43#29.63#40.94
-91.3101,27.0573#29.38#29.59#41.03
-91.2589,27.0561#29.33#29.55#41.12
-91.2077,27.0548#29.27#29.51#41.22
-91.1565,27.0535#29.22#29.47#41.31
-91.1052,27.0522#29.17#29.43#41.4
-91.054,27.0509#29.11#29.39#41.5
-91.0028,27.0496#29.06#29.35#41.59
-90.9515,27.0482#29.03#29.32#41.65
-90.9003,27.0469#29#29.28#41.72
-90.8491,27.0455#28.97#29.24#41.79
-90.7979,27.0441#28.95#29.2#41.85
-90.7467,27.0426#28.92#29.17#41.91
-90.6954,27.0412#28.89#29.13#41.98
-90.6442,27.0397#28.86#29.09#42.05
-90.593,27.0383#28.84#29.06#42.1
-90.5418,27.0368#28.81#29.02#42.17
-90.4906,27.0353#28.78#28.98#42.24
-90.4394,27.0337#28.76#28.95#42.29
-90.3882,27.0322#28.75#28.91#42.34
-90.3369,27.0306#28.73#28.87#42.4
-90.2857,27.0291#28.71#28.84#42.45
-90.2345,27.0275#28.69#28.8#42.51
-90.1833,27.0258#28.67#28.77#42.56
-90.1321,27.0242#28.66#28.73#42.61
-90.0809,27.0226#28.64#28.7#42.66
-90.0297,27.0209#28.62#28.66#42.72
-89.9785,27.0192#28.61#28.63#42.76
-89.9273,27.0175#28.6#28.6#42.8
-89.8761,27.0158#28.6#28.57#42.83
-89.8249,27.0141#28.6#28.54#42.86
-89.7737,27.0123#28.59#28.51#42.9
-89.7225,27.0106#28.59#28.48#42.93
-89.6713,27.0088#28.58#28.45#42.97
-89.6201,27.007#28.58#28.43#42.99
-89.569,27.0052#28.58#28.4#43.02
-89.5178,27.0033#28.57#28.37#43.06
-89.4666,27.0015#28.57#28.35#43.08
-89.4154,26.9996#28.58#28.35#43.07
-89.3642,26.9977#28.58#28.35#43.07
-89.313,26.9958#28.59#28.34#43.07
-89.2619,26.9939#28.59#28.34#43.07
-89.2107,26.9919#28.6#28.33#43.07
-89.1595,26.99#28.6#28.33#43.07
-89.1083,26.988#28.61#28.32#43.07
-89.0571,26.986#28.61#28.32#43.07
-89.006,26.984#28.62#28.31#43.07
-88.9548,26.982#28.63#28.34#43.03
-88.9036,26.9799#28.64#28.36#43
-88.8525,26.9779#28.65#28.39#42.96
-88.8013,26.9758#28.67#28.41#42.92
-88.7501,26.9737#28.68#28.44#42.88
-88.699,26.9716#28.69#28.47#42.84
-88.6478,26.9695#28.71#28.49#42.8
-88.5967,26.9673#28.72#28.52#42.76
-88.5455,26.9652#28.73#28.54#42.73
-88.4944,26.963#28.75#28.57#42.68
-88.4432,26.9608#28.76#28.62#42.62
-88.3921,26.9586#28.76#28.67#42.57
-88.3409,26.9563#28.77#28.73#42.5
-88.2898,26.9541#28.78#28.78#42.44
-88.2386,26.9518#28.78#28.83#42.39
-88.1875,26.9495#28.79#28.89#42.32
-88.1363,26.9472#28.8#28.94#42.26
-88.0852,26.9449#28.8#28.99#42.21
-88.0341,26.9426#28.81#29.05#42.14
-87.9829,26.9402#28.81#29.11#42.08
-87.9318,26.9378#28.81#29.2#41.99
-87.8807,26.9355#28.81#29.28#41.91
-87.8295,26.9331#28.8#29.36#41.84
-87.7784,26.9306#28.8#29.45#41.75
-87.7273,26.9282#28.79#29.53#41.68
-87.6762,26.9257#28.79#29.62#41.59
-87.6251,26.9233#28.79#29.71#41.5
-87.5739,26.9208#28.78#29.79#41.43
-87.5228,26.9183#28.78#29.88#41.34
-87.4717,26.9157#28.77#29.98#41.25
-87.4206,26.9132#28.76#30.09#41.15
-87.3695,26.9106#28.76#30.2#41.04
-87.3184,26.9081#28.75#30.32#40.93
-87.2673,26.9055#28.74#30.43#40.83
-87.2162,26.9029#28.74#30.54#40.72
-87.1651,26.9002#28.73#30.66#40.61
-103.657,26.9013#29.41#32.22#38.37
-103.606,26.9042#29.45#32.2#38.35
-103.555,26.9071#29.48#32.19#38.33
-103.504,26.91#29.52#32.17#38.31
-103.453,26.9129#29.53#32.16#38.31
-103.401,26.9157#29.55#32.14#38.31
-103.35,26.9185#29.56#32.12#38.32
-103.299,26.9213#29.58#32.1#38.32
-103.248,26.9241#29.59#32.08#38.33
-103.197,26.9269#29.6#32.07#38.33
-103.146,26.9296#29.62#32.05#38.33
-103.095,26.9323#29.63#32.03#38.34
-103.044,26.9351#29.64#32.02#38.34
-102.993,26.9378#29.66#32#38.34
-102.942,26.9404#29.66#32.01#38.33
-102.89,26.9431#29.67#32.01#38.32
-102.839,26.9457#29.68#32.02#38.3
-102.788,26.9484#29.69#32.03#38.28
-102.737,26.951#29.7#32.03#38.27
-102.686,26.9536#29.7#32.04#38.26
-102.635,26.9562#29.71#32.04#38.25
-102.584,26.9587#29.72#32.05#38.23
-102.533,26.9613#29.73#32.06#38.21
-102.481,26.9638#29.73#32.07#38.2
-102.43,26.9663#29.74#32.08#38.18
-102.379,26.9688#29.74#32.1#38.16
-102.328,26.9713#29.74#32.11#38.15
-102.277,26.9737#29.75#32.13#38.12
-102.226,26.9762#29.75#32.15#38.1
-102.175,26.9786#29.75#32.16#38.09
-102.123,26.981#29.76#32.18#38.06
-102.072,26.9834#29.76#32.2#38.04
-102.021,26.9858#29.76#32.21#38.03
-101.97,26.9881#29.76#32.23#38.01
-101.919,26.9904#29.76#32.25#37.99
-101.868,26.9928#29.76#32.28#37.96
-101.817,26.9951#29.75#32.3#37.95
-101.765,26.9973#29.75#32.32#37.93
-101.714,26.9996#29.74#32.34#37.92
-101.663,27.0019#29.74#32.36#37.9
-101.612,27.0041#29.73#32.39#37.88
-101.561,27.0063#29.73#32.41#37.86
-101.51,27.0085#29.72#32.43#37.85
-101.458,27.0107#29.7#32.45#37.85
-101.407,27.0129#29.68#32.48#37.84
-101.356,27.015#29.65#32.5#37.85
-101.305,27.0171#29.63#32.53#37.84
-101.254,27.0193#29.6#32.55#37.85
-101.202,27.0214#29.57#32.58#37.85
-101.151,27.0234#29.55#32.6#37.85
-101.1,27.0255#29.52#32.63#37.85
-101.049,27.0275#29.49#32.65#37.86
-100.998,27.0296#29.47#32.68#37.85
-100.947,27.0316#29.42#32.71#37.87
-100.895,27.0336#29.38#32.75#37.87
-100.844,27.0355#29.34#32.78#37.88
-100.793,27.0375#29.3#32.81#37.89
-100.742,27.0394#29.25#32.84#37.91
-100.691,27.0414#29.21#32.88#37.91
-100.639,27.0433#29.17#32.91#37.92
-100.588,27.0452#29.13#32.94#37.93
-100.537,27.047#29.08#32.98#37.94
-100.486,27.0489#29.04#33.01#37.95
-100.435,27.0507#29.01#33.04#37.95
-100.383,27.0525#28.98#33.06#37.96
-100.332,27.0544#28.95#33.09#37.96
-100.281,27.0561#28.92#33.12#37.96
-100.23,27.0579#28.89#33.15#37.96
-100.178,27.0597#28.86#33.18#37.96
-100.127,27.0614#28.83#33.21#37.96
-100.076,27.0631#28.8#33.24#37.96
-100.025,27.0648#28.77#33.28#37.95
-99.9736,27.0665#28.76#33.33#37.91
-99.9224,27.0682#28.76#33.4#37.84
-99.8711,27.0698#28.76#33.47#37.77
-99.8199,27.0714#28.76#33.53#37.71
-99.7687,27.073#28.76#33.6#37.64
-99.7175,27.0746#28.76#33.67#37.57
-99.6662,27.0762#28.77#33.74#37.49
-99.615,27.0778#28.77#33.8#37.43
-99.5638,27.0793#28.77#33.87#37.36
-99.5125,27.0809#28.77#33.94#37.29
-99.4613,27.0824#28.79#33.98#37.23
-99.4101,27.0839#28.81#34.02#37.17
-99.3588,27.0853#28.83#34.05#37.12
-99.3076,27.0868#28.85#34.09#37.06
-99.2564,27.0882#28.87#34.13#37
-99.2051,27.0897#28.89#34.16#36.95
-99.1539,27.0911#28.91#34.2#36.89
-99.1026,27.0925#28.93#34.23#36.84
-99.0514,27.0938#28.95#34.27#36.78
-99.0002,27.0952#28.97#34.31#36.72
