-97.0889,40.9005#43.51#28.3#28.19
-97.0309,40.9012#43.57#28.27#28.16
-96.9729,40.9018#43.62#28.24#28.14
-96.9149,40.9025#43.68#28.21#28.11
-96.8569,40.9031#43.73#28.19#28.08
-96.7989,40.9037#43.79#28.16#28.05
-96.7409,40.9043#43.84#28.13#28.03
-96.6829,40.9048#43.9#28.11#27.99
-96.6249,40.9053#43.95#28.08#27.97
-96.5669,40.9059#44.01#28.05#27.94
-96.5089,40.9064#44.06#28.02#27.92
-96.4509,40.9068#44.12#28.02#27.86
-96.3929,40.9073#44.17#28.01#27.82
-96.3349,40.9077#44.23#28.01#27.76
-96.2769,40.9082#44.28#28.01#27.71
-96.2189,40.9086#44.34#28#27.66
-96.1609,40.9089#44.39#28#27.61
-96.1029,40.9093#44.45#27.99#27.56
-96.0449,40.9097#44.5#27.99#27.51
-95.9869,40.91#44.56#27.99#27.45
-95.9289,40.9103#44.61#28#27.39
-95.8709,40.9106#44.66#28#27.34
-95.8129,40.9109#44.72#28.01#27.27
-95.7549,40.9111#44.77#28.02#27.21
-95.6969,40.9113#44.83#28.03#27.14
-95.6389,40.9116#44.88#28.04#27.08
-95.5809,40.9118#44.93#28.04#27.03
-95.5229,40.9119#44.99#28.05#26.96
-95.4649,40.9121#45.04#28.06#26.9
-95.4069,40.9122#45.09#28.06#26.85
-95.3488,40.9124#45.15#28.06#26.79
-95.2908,40.9125#45.2#28.07#26.73
-95.2328,40.9125#45.26#28.07#26.67
-95.1748,40.9126#45.31#28.07#26.62
-95.1168,40.9127#45.36#28.08#26.56
-95.0588,40.9127#45.42#28.08#26.5
-95.0008,40.9127#45.47#28.08#26.45
-94.9428,40.9127#45.53#28.06#26.41
-94.8848,40.9127#45.58#28.03#26.39
-94.8268,40.9126#45.63#28#26.37
-94.7688,40.9126#45.69#27.98#26.33
-94.7108,40.9125#45.74#27.95#26.31
-94.6528,40.9124#45.79#27.92#26.29
-94.5947,40.9122#45.85#27.9#26.25
-94.5367,40.9121#45.9#27.87#26.23
-94.4787,40.9119#45.95#27.86#26.19
-94.4207,40.9118#46#27.88#26.12
-94.3627,40.9116#46.05#27.9#26.05
-94.3047,40.9114#46.1#27.92#25.98
-94.2467,40.9111#46.15#27.94#25.91
-94.1887,40.9109#46.2#27.96#25.84
-94.1307,40.9106#46.25#27.98#25.77
-94.0727,40.9103#46.3#27.99#25.71
-94.0147,40.91#46.35#28.01#25.64
-93.9567,40.9097#46.4#28.1#25.5
-93.8987,40.9093#46.45#28.21#25.34
-93.8407,40.909#46.5#28.33#25.17
-93.7827,40.9086#46.55#28.44#25.01
-93.7247,40.9082#46.6#28.55#24.85
-93.6667,40.9077#46.65#28.66#24.69
-93.6087,40.9073#46.69#28.78#24.53
-93.5507,40.9068#46.74#28.89#24.37
-93.4927,40.9064#46.79#29#24.21
-93.4347,40.9059#46.84#29.12#24.04
-93.3767,40.9054#46.89#29.23#23.88
-93.3187,40.9048#46.95#29.35#23.7
-93.2607,40.9043#47#29.46#23.54
-93.2027,40.9037#47.05#29.58#23.37
-93.1447,40.9031#47.1#29.69#23.21
-93.0867,40.9025#47.15#29.81#23.04
-93.0287,40.9019#47.21#29.92#22.87
-92.9707,40.9012#47.26#30.01#22.73
-92.9127,40.9006#47.32#30.06#22.62
-99.4677,40.9009#41.73#28.55#29.72
-99.4097,40.9024#41.75#28.54#29.71
-99.3517,40.9038#41.77#28.52#29.71
-99.2938,40.9052#41.79#28.5#29.71
-99.2358,40.9065#41.81#28.49#29.7
-99.1778,40.9079#41.83#28.47#29.7
-99.1198,40.9092#41.85#28.45#29.7
-99.0619,40.9106#41.87#28.44#29.69
-99.0039,40.9119#41.89#28.42#29.69
-98.9459,40.9132#41.93#28.41#29.66
-98.8879,40.9144#41.97#28.41#29.62
-98.8299,40.9157#42#28.4#29.6
-98.7719,40.9169#42.04#28.39#29.57
-98.7139,40.9181#42.08#28.39#29.53
-98.656,40.9193#42.12#28.38#29.5
-98.598,40.9205#42.16#28.37#29.47
-98.54,40.9216#42.19#28.37#29.44
-98.482,40.9228#42.23#28.36#29.41
-98.424,40.9239#42.28#28.36#29.36
-98.366,40.925#42.33#28.37#29.3
-98.308,40.9261#42.38#28.37#29.25
-98.25,40.9271#42.43#28.37#29.2
-98.192,40.9282#42.48#28.37#29.15
-98.134,40.9292#42.53#28.37#29.1
-98.076,40.9302#42.58#28.37#29.05
-98.018,40.9312#42.63#28.37#29
-97.96,40.9321#42.69#28.38#28.93
-97.902,40.9331#42.74#28.4#28.86
-97.844,40.934#42.8#28.41#28.79
-97.786,40.9349#42.85#28.43#28.72
-97.728,40.9358#42.91#28.44#28.65
-97.6699,40.9367#42.96#28.46#28.58
-97.6119,40.9375#43.02#28.47#28.51
-97.5539,40.9384#43.07#28.49#28.44
-97.4959,40.9392#43.13#28.5#28.37
-97.4379,40.94#43.18#28.47#28.35
-97.3799,40.9408#43.24#28.44#28.32
-97.3219,40.9415#43.29#28.41#28.3
-97.2639,40.9423#43.35#28.38#28.27
-97.2058,40.943#43.41#28.36#28.23
-97.1478,40.9437#43.46#28.33#28.21
-97.0898,40.9444#43.52#28.3#28.18
-97.0318,40.945#43.57#28.27#28.16
-96.9738,40.9457#43.63#28.24#28.13
-96.9157,40.9463#43.68#28.21#28.11
-96.8577,40.9469#43.74#28.18#28.08
-96.7997,40.9475#43.79#28.16#28.05
-96.7417,40.9481#43.85#28.13#28.02
-96.6837,40.9487#43.9#28.1#28
-96.6256,40.9492#43.96#28.07#27.97
-96.5676,40.9497#44.01#28.04#27.95
-96.5096,40.9502#44.07#28.01#27.92
-96.4516,40.9507#44.12#28#27.88
-96.3935,40.9511#44.17#28#27.83
-96.3355,40.9516#44.23#27.99#27.78
-96.2775,40.952#44.28#27.99#27.73
-96.2194,40.9524#44.34#27.99#27.67
-96.1614,40.9528#44.39#27.98#27.63
-96.1034,40.9532#44.44#27.98#27.58
-96.0454,40.9535#44.5#27.97#27.53
-95.9873,40.9538#44.55#27.97#27.48
-95.9293,40.9541#44.61#27.98#27.41
-95.8713,40.9544#44.66#27.99#27.35
-95.8132,40.9547#44.71#27.99#27.3
-95.7552,40.955#44.77#28#27.23
-95.6972,40.9552#44.82#28.01#27.17
-95.6392,40.9554#44.87#28.01#27.12
-95.5811,40.9556#44.92#28.02#27.06
-95.5231,40.9558#44.98#28.03#26.99
-95.4651,40.9559#45.03#28.03#26.94
-95.407,40.9561#45.08#28.03#26.89
-95.349,40.9562#45.14#28.03#26.83
-95.291,40.9563#45.19#28.03#26.78
-95.2329,40.9564#45.24#28.03#26.73
-95.1749,40.9565#45.3#28.03#26.67
-95.1169,40.9565#45.35#28.03#26.62
-95.0588,40.9565#45.4#28.03#26.57
-95.0008,40.9565#45.46#28.04#26.5
-94.9428,40.9565#45.51#28.01#26.48
-94.8847,40.9565#45.56#27.98#26.46
-94.8267,40.9565#45.61#27.95#26.44
-94.7687,40.9564#45.67#27.92#26.41
-94.7106,40.9563#45.72#27.89#26.39
-94.6526,40.9562#45.77#27.86#26.37
-94.5946,40.9561#45.82#27.83#26.35
-94.5365,40.9559#45.88#27.8#26.32
-94.4785,40.9558#45.93#27.78#26.29
-94.4205,40.9556#45.98#27.8#26.22
-94.3625,40.9554#46.03#27.82#26.15
-94.3044,40.9552#46.08#27.84#26.08
-94.2464,40.955#46.12#27.85#26.03
-94.1884,40.9547#46.17#27.87#25.96
-94.1303,40.9544#46.22#27.89#25.89
-94.0723,40.9541#46.27#27.91#25.82
-94.0143,40.9538#46.32#27.92#25.76
-93.9562,40.9535#46.37#28.01#25.62
-93.8982,40.9532#46.42#28.12#25.46
-93.8402,40.9528#46.46#28.22#25.32
-93.7822,40.9524#46.51#28.33#25.16
-93.7241,40.952#46.56#28.44#25
-93.6661,40.9516#46.61#28.55#24.84
-93.6081,40.9512#46.66#28.66#24.68
-93.55,40.9507#46.7#28.77#24.53
-93.492,40.9502#46.75#28.88#24.37
-93.434,40.9497#46.8#29#24.2
-93.376,40.9492#46.85#29.12#24.03
-93.3179,40.9487#46.91#29.24#23.85
-93.2599,40.9481#46.96#29.36#23.68
-93.2019,40.9475#47.01#29.48#23.51
-93.1439,40.947#47.06#29.6#23.34
-93.0859,40.9463#47.11#29.72#23.17
-93.0278,40.9457#47.16#29.84#23
-92.9698,40.9451#47.22#29.93#22.85
-92.9118,40.9444#47.28#29.99#22.73
-92.8538,40.9437#47.34#30.05#22.61
-92.7958,40.943#47.39#30.11#22.5
-92.7377,40.9423#47.45#30.17#22.38
-92.6797,40.9415#47.51#30.23#22.26
-92.6217,40.9408#47.57#30.28#22.15
-92.5637,40.94#47.63#30.34#22.03
-92.5057,40.9392#47.69#30.4#21.91
-92.4477,40.9384#47.75#30.43#21.82
-92.3897,40.9376#47.82#30.45#21.73
-92.3317,40.9367#47.89#30.47#21.64
-92.2736,40.9358#47.95#30.5#21.55
-92.2156,40.9349#48.02#30.52#21.46
-92.1576,40.934#48.09#30.54#21.37
-92.0996,40.9331#48.15#30.57#21.28
-92.0416,40.9322#48.22#30.59#21.19
-91.9836,40.9312#48.29#30.61#21.1
-91.9256,40.9302#48.37#30.62#21.01
-91.8676,40.9292#48.44#30.63#20.93
-91.8096,40.9282#48.52#30.64#20.84
-91.7516,40.9271#48.6#30.65#20.75
-91.6936,40.9261#48.67#30.65#20.68
-91.6356,40.925#48.75#30.66#20.59
-91.5776,40.9239#48.83#30.67#20.5
-91.5196,40.9228#48.9#30.68#20.42
-91.4616,40.9217#48.98#30.69#20.33
-91.4036,40.9205#49.07#30.69#20.24
-91.3456,40.9193#49.16#30.69#20.15
-91.2877,40.9181#49.24#30.69#20.07
-91.2297,40.9169#49.33#30.7#19.97
-91.1717,40.9157#49.41#30.7#19.89
-91.1137,40.9145#49.5#30.7#19.8
-91.0557,40.9132#49.58#30.71#19.71
-90.9977,40.9119#49.67#30.71#19.62
-90.9397,40.9106#49.78#30.71#19.51
-90.8818,40.9093#49.9#30.71#19.39
-90.8238,40.9079#50.01#30.71#19.28
-90.7658,40.9066#50.13#30.71#19.16
-90.7078,40.9052#50.25#30.71#19.04
-90.6499,40.9038#50.36#30.71#18.93
-90.5919,40.9024#50.48#30.71#18.81
-90.5339,40.901#50.6#30.71#18.69
-100.977,40.9008#41.62#30.22#28.16
-100.919,40.9028#41.63#30.13#28.24
-100.861,40.9047#41.63#30.03#28.34
-100.803,40.9066#41.64#29.94#28.42
-100.745,40.9084#41.64#29.85#28.51
-100.687,40.9103#41.64#29.76#28.6
-100.629,40.9121#41.65#29.66#28.69
-100.571,40.9139#41.65#29.57#28.78
-100.513,40.9157#41.65#29.48#28.87
-100.455,40.9175#41.66#29.4#28.94
-100.397,40.9192#41.66#29.34#29
-100.339,40.921#41.67#29.27#29.06
-100.281,40.9227#41.67#29.2#29.13
-100.223,40.9244#41.68#29.13#29.19
-100.165,40.9261#41.68#29.06#29.26
-100.107,40.9277#41.69#28.99#29.32
-100.049,40.9294#41.69#28.93#29.38
-99.9915,40.931#41.7#28.86#29.44
-99.9335,40.9326#41.71#28.83#29.46
-99.8755,40.9342#41.71#28.79#29.5
-99.8175,40.9357#41.72#28.75#29.53
-99.7595,40.9373#41.73#28.72#29.55
-99.7016,40.9388#41.74#28.68#29.58
-99.6436,40.9403#41.74#28.64#29.62
-99.5856,40.9418#41.75#28.61#29.64
-99.5276,40.9433#41.76#28.57#29.67
-99.4696,40.9447#41.77#28.54#29.69
-99.4116,40.9462#41.79#28.53#29.68
-99.3536,40.9476#41.81#28.51#29.68
-99.2956,40.949#41.83#28.49#29.68
-99.2376,40.9504#41.85#28.48#29.67
-99.1796,40.9517#41.87#28.46#29.67
-99.1216,40.9531#41.89#28.44#29.67
-99.0636,40.9544#41.91#28.42#29.67
-99.0056,40.9557#41.93#28.41#29.66
-98.9476,40.957#41.97#28.4#29.63
-98.8896,40.9583#42#28.39#29.61
-98.8316,40.9595#42.04#28.39#29.57
-98.7735,40.9607#42.08#28.38#29.54
-98.7155,40.9619#42.11#28.37#29.52
-98.6575,40.9631#42.15#28.37#29.48
-98.5995,40.9643#42.19#28.36#29.45
-98.5415,40.9655#42.22#28.35#29.43
-98.4835,40.9666#42.26#28.35#29.39
-98.4255,40.9677#42.31#28.35#29.34
-98.3674,40.9688#42.36#28.35#29.29
-98.3094,40.9699#42.41#28.36#29.23
-98.2514,40.971#42.46#28.36#29.18
-98.1934,40.972#42.51#28.36#29.13
-98.1353,40.973#42.56#28.36#29.08
-98.0773,40.974#42.61#28.36#29.03
-98.0193,40.975#42.65#28.37#28.98
-97.9613,40.976#42.71#28.38#28.91
-97.9032,40.9769#42.76#28.39#28.85
-97.8452,40.9778#42.82#28.41#28.77
-97.7872,40.9788#42.87#28.42#28.71
-97.7291,40.9796#42.92#28.44#28.64
-97.6711,40.9805#42.98#28.45#28.57
-97.6131,40.9814#43.03#28.47#28.5
-97.555,40.9822#43.09#28.49#28.42
-97.497,40.983#43.14#28.5#28.36
-97.4389,40.9838#43.2#28.47#28.33
-97.3809,40.9846#43.25#28.44#28.31
-97.3229,40.9854#43.31#28.41#28.28
-97.2648,40.9861#43.36#28.39#28.25
-97.2068,40.9868#43.41#28.36#28.23
-97.1487,40.9875#43.47#28.33#28.2
-97.0907,40.9882#43.52#28.3#28.18
-97.0327,40.9889#43.58#28.27#28.15
-96.9746,40.9895#43.63#28.24#28.13
-96.9166,40.9902#43.69#28.21#28.1
-96.8585,40.9908#43.74#28.18#28.08
-96.8005,40.9914#43.8#28.15#28.05
-96.7424,40.9919#43.85#28.12#28.03
-96.6844,40.9925#43.9#28.09#28.01
-96.6263,40.993#43.96#28.06#27.98
-96.5683,40.9935#44.01#28.03#27.96
-96.5102,40.994#44.07#28#27.93
-96.4522,40.9945#44.12#27.99#27.89
-96.3941,40.995#44.17#27.98#27.85
-96.3361,40.9954#44.23#27.98#27.79
-96.278,40.9958#44.28#27.97#27.75
-96.22,40.9962#44.33#27.97#27.7
-96.1619,40.9966#44.39#27.97#27.64
-96.1039,40.997#44.44#27.96#27.6
-96.0458,40.9973#44.49#27.96#27.55
-95.9878,40.9977#44.55#27.95#27.5
-95.9297,40.998#44.6#27.96#27.44
-95.8716,40.9983#44.65#27.97#27.38
-95.8136,40.9985#44.71#27.97#27.32
-95.7555,40.9988#44.76#27.98#27.26
-95.6975,40.999#44.81#27.99#27.2
-95.6394,40.9992#44.86#27.99#27.15
-95.5814,40.9994#44.92#28#27.08
-95.5233,40.9996#44.97#28#27.03
-95.4653,40.9998#45.02#28.01#26.97
-95.4072,40.9999#45.07#28#26.93
-95.3491,41#45.13#28#26.87
-95.2911,41.0001#45.18#28#26.82
-95.233,41.0002#45.23#28#26.77
-95.175,41.0003#45.28#27.99#26.73
-95.1169,41.0003#45.34#27.99#26.67
-95.0589,41.0004#45.39#27.99#26.62
-95.0008,41.0004#45.44#27.99#26.57
-94.9427,41.0004#45.49#27.96#26.55
-94.8847,41.0003#45.55#27.92#26.53
-94.8266,41.0003#45.6#27.89#26.51
-94.7686,41.0002#45.65#27.86#26.49
-94.7105,41.0002#45.7#27.82#26.48
-94.6525,41#45.75#27.79#26.46
-94.5944,40.9999#45.8#27.76#26.44
-94.5363,40.9998#45.85#27.72#26.43
-94.4783,40.9996#45.9#27.71#26.39
-94.4202,40.9994#45.95#27.72#26.33
-94.3622,40.9993#46#27.74#26.26
-94.3041,40.999#46.05#27.76#26.19
-94.2461,40.9988#46.1#27.77#26.13
-94.188,40.9985#46.14#27.79#26.07
-94.13,40.9983#46.19#27.8#26.01
-94.0719,40.998#46.24#27.82#25.94
-94.0138,40.9977#46.29#27.83#25.88
-93.9558,40.9973#46.34#27.92#25.74
-93.8977,40.997#46.38#28.02#25.6
-93.8397,40.9966#46.43#28.12#25.45
-93.7816,40.9963#46.48#28.23#25.29
-93.7236,40.9958#46.52#28.33#25.15
-93.6655,40.9954#46.57#28.43#25
-93.6075,40.995#46.62#28.54#24.84
-93.5494,40.9945#46.67#28.64#24.69
-93.4914,40.994#46.71#28.75#24.54
-93.4333,40.9936#46.76#28.88#24.36
-93.3753,40.993#46.82#29#24.18
-93.3172,40.9925#46.87#29.13#24
-93.2592,40.9919#46.92#29.26#23.82
-93.2011,40.9914#46.97#29.38#23.65
-93.1431,40.9908#47.02#29.51#23.47
-93.085,40.9902#47.07#29.64#23.29
-93.027,40.9895#47.12#29.76#23.12
-92.9689,40.9889#47.18#29.86#22.96
-92.9109,40.9882#47.23#29.92#22.85
-92.8529,40.9876#47.29#29.99#22.72
-92.7948,40.9868#47.35#30.05#22.6
-92.7368,40.9861#47.41#30.11#22.48
-92.6787,40.9854#47.47#30.18#22.35
-92.6207,40.9846#47.52#30.24#22.24
-92.5627,40.9838#47.58#30.31#22.11
-92.5046,40.983#47.64#30.37#21.99
-92.4466,40.9822#47.71#30.4#21.89
-92.3885,40.9814#47.77#30.42#21.81
-92.3305,40.9805#47.84#30.45#21.71
-92.2725,40.9797#47.91#30.47#21.62
-92.2144,40.9788#47.97#30.5#21.53
-92.1564,40.9779#48.04#30.52#21.44
-92.0984,40.9769#48.1#30.55#21.35
-92.0404,40.976#48.17#30.57#21.26
-91.9823,40.975#48.24#30.59#21.17
-91.9243,40.974#48.32#30.6#21.08
-91.8663,40.973#48.39#30.61#21
-91.8082,40.972#48.47#30.62#20.91
-91.7502,40.971#48.54#30.63#20.83
-91.6922,40.9699#48.62#30.64#20.74
-91.6342,40.9688#48.7#30.65#20.65
-91.5762,40.9677#48.77#30.66#20.57
-91.5181,40.9666#48.85#30.67#20.48
-91.4601,40.9655#48.93#30.68#20.39
-91.4021,40.9643#49.02#30.68#20.3
-91.3441,40.9632#49.1#30.68#20.22
-91.2861,40.962#49.19#30.68#20.13
-91.2281,40.9608#49.27#30.69#20.04
-91.17,40.9595#49.36#30.69#19.95
-91.112,40.9583#49.44#30.69#19.87
-91.054,40.957#49.53#30.69#19.78
-90.996,40.9557#49.61#30.7#19.69
-90.938,40.9544#49.72#30.7#19.58
-90.88,40.9531#49.84#30.7#19.46
-90.822,40.9518#49.95#30.7#19.35
-90.764,40.9504#50.06#30.7#19.24
-90.706,40.949#50.17#30.7#19.13
-90.648,40.9476#50.29#30.7#19.01
-90.59,40.9462#50.4#30.7#18.9
-90.532,40.9448#50.51#30.7#18.79
-90.474,40.9433#50.65#30.7#18.65
-90.416,40.9419#50.8#30.69#18.51
-90.358,40.9404#50.95#30.69#18.36
-90.3,40.9389#51.1#30.69#18.21
-90.2421,40.9373#51.25#30.69#18.06
-90.1841,40.9358#51.41#30.69#17.9
-90.1261,40.9342#51.56#30.69#17.75
-90.0681,40.9326#51.71#30.69#17.6
-90.0101,40.931#51.87#30.68#17.45
-89.9522,40.9294#51.99#30.68#17.33
-89.8942,40.9278#52.1#30.68#17.22
-89.8362,40.9261#52.21#30.68#17.11
-89.7782,40.9244#52.33#30.68#16.99
-89.7203,40.9227#52.44#30.68#16.88
-89.6623,40.921#52.55#30.68#16.77
-89.6043,40.9193#52.66#30.67#16.67
-89.5464,40.9175#52.77#30.67#16.56
-89.4884,40.9158#52.88#30.67#16.45
-89.4304,40.914#52.99#30.67#16.34
-89.3725,40.9122#53.1#30.67#16.23
-89.3145,40.9103#53.2#30.67#16.13
-89.2566,40.9085#53.31#30.67#16.02
-89.1986,40.9066#53.42#30.66#15.92
-89.1407,40.9047#53.52#30.66#15.82
-89.0827,40.9028#53.63#30.66#15.71
-89.0248,40.9009#53.74#30.66#15.6
-102.138,40.9023#41.81#30.19#28
-102.08,40.9046#41.79#30.39#27.82
-102.022,40.9068#41.77#30.58#27.65
-101.965,40.9091#41.76#30.67#27.57
-101.907,40.9113#41.75#30.7#27.55
-101.849,40.9136#41.74#30.73#27.53
-101.791,40.9158#41.73#30.75#27.52
-101.733,40.918#41.73#30.78#27.49
-101.675,40.9201#41.72#30.8#27.48
-101.617,40.9223#41.71#30.83#27.46
-101.559,40.9244#41.7#30.86#27.44
-101.501,40.9265#41.7#30.88#27.42
-101.443,40.9286#41.7#30.82#27.48
-101.385,40.9307#41.69#30.75#27.56
-101.327,40.9327#41.69#30.68#27.63
-101.269,40.9348#41.69#30.61#27.7
-101.211,40.9368#41.69#30.54#27.77
-101.153,40.9388#41.69#30.48#27.83
-101.095,40.9408#41.69#30.41#27.9
-101.037,40.9427#41.69#30.34#27.97
-100.979,40.9447#41.69#30.27#28.04
-100.921,40.9466#41.69#30.17#28.14
-100.863,40.9485#41.7#30.08#28.22
-100.805,40.9504#41.7#29.98#28.32
-100.747,40.9522#41.7#29.89#28.41
-100.69,40.9541#41.7#29.79#28.51
-100.632,40.9559#41.71#29.69#28.6
-100.574,40.9577#41.71#29.6#28.69
-100.516,40.9595#41.71#29.5#28.79
-100.458,40.9613#41.72#29.42#28.86
-100.4,40.963#41.72#29.35#28.93
-100.342,40.9648#41.73#29.28#28.99
-100.284,40.9665#41.73#29.21#29.06
-100.226,40.9682#41.73#29.14#29.13
-100.168,40.9699#41.74#29.07#29.19
-100.11,40.9715#41.74#29#29.26
-100.052,40.9732#41.75#28.93#29.32
-99.9936,40.9748#41.75#28.86#29.39
-99.9356,40.9764#41.76#28.82#29.42
-99.8776,40.978#41.77#28.79#29.44
-99.8196,40.9796#41.77#28.75#29.48
-99.7616,40.9811#41.78#28.71#29.51
-99.7036,40.9826#41.79#28.68#29.53
-99.6456,40.9841#41.79#28.64#29.57
-99.5875,40.9856#41.8#28.6#29.6
-99.5295,40.9871#41.81#28.56#29.63
-99.4715,40.9886#41.82#28.54#29.64
-99.4135,40.99#41.84#28.52#29.64
-99.3555,40.9914#41.86#28.5#29.64
-99.2974,40.9928#41.88#28.48#29.64
-99.2394,40.9942#41.89#28.47#29.64
-99.1814,40.9956#41.91#28.45#29.64
-99.1234,40.9969#41.93#28.43#29.64
-99.0653,40.9982#41.95#28.41#29.64
-99.0073,40.9995#41.97#28.39#29.64
-98.9493,41.0008#42#28.39#29.61
-98.8912,41.0021#42.04#28.38#29.58
-98.8332,41.0033#42.08#28.37#29.55
-98.7752,41.0046#42.11#28.37#29.52
-98.7171,41.0058#42.15#28.36#29.49
-98.6591,41.007#42.18#28.35#29.47
-98.601,41.0081#42.22#28.35#29.43
-98.543,41.0093#42.25#28.34#29.41
-98.485,41.0104#42.29#28.33#29.38
-98.4269,41.0115#42.34#28.34#29.32
-98.3689,41.0126#42.39#28.34#29.27
-98.3108,41.0137#42.44#28.34#29.22
-98.2528,41.0148#42.49#28.35#29.16
-98.1947,41.0158#42.53#28.35#29.12
-98.1367,41.0168#42.58#28.35#29.07
-98.0786,41.0178#42.63#28.35#29.02
-98.0206,41.0188#42.68#28.36#28.96
-97.9625,41.0198#42.73#28.37#28.9
-97.9045,41.0207#42.78#28.38#28.84
-97.8464,41.0217#42.83#28.4#28.77
-97.7884,41.0226#42.89#28.42#28.69
-97.7303,41.0235#42.94#28.43#28.63
-97.6722,41.0243#42.99#28.45#28.56
-97.6142,41.0252#43.05#28.47#28.48
-97.5561,41.026#43.1#28.48#28.42
-97.4981,41.0269#43.15#28.5#28.35
-97.44,41.0276#43.21#28.47#28.32
-97.3819,41.0284#43.26#28.44#28.3
-97.3239,41.0292#43.32#28.42#28.26
-97.2658,41.0299#43.37#28.39#28.24
-97.2077,41.0307#43.42#28.36#28.22
-97.1497,41.0314#43.48#28.33#28.19
-97.0916,41.032#43.53#28.3#28.17
-97.0335,41.0327#43.59#28.28#28.13
-96.9755,41.0334#43.64#28.25#28.11
-96.9174,41.034#43.69#28.21#28.1
-96.8593,41.0346#43.75#28.18#28.07
-96.8012,41.0352#43.8#28.15#28.05
-96.7432,41.0358#43.85#28.12#28.03
-96.6851,41.0363#43.91#28.08#28.01
-96.627,41.0368#43.96#28.05#27.99
-96.569,41.0374#44.01#28.02#27.97
-96.5109,41.0379#44.07#27.99#27.94
-96.4528,41.0383#44.12#27.98#27.9
-96.3947,41.0388#44.17#27.97#27.86
-96.3366,41.0392#44.23#27.96#27.81
-96.2786,41.0397#44.28#27.96#27.76
-96.2205,41.0401#44.33#27.95#27.72
-96.1624,41.0405#44.38#27.95#27.67
-96.1043,41.0408#44.44#27.94#27.62
-96.0463,41.0412#44.49#27.94#27.57
-95.9882,41.0415#44.54#27.94#27.52
-95.9301,41.0418#44.6#27.94#27.46
-95.872,41.0421#44.65#27.95#27.4
-95.8139,41.0424#44.7#27.95#27.35
-95.7559,41.0426#44.75#27.96#27.29
-95.6978,41.0429#44.8#27.96#27.24
-95.6397,41.0431#44.86#27.97#27.17
-95.5816,41.0433#44.91#27.98#27.11
-95.5235,41.0434#44.96#27.98#27.06
-95.4655,41.0436#45.01#27.98#27.01
-95.4074,41.0437#45.06#27.98#26.96
-95.3493,41.0439#45.12#27.97#26.91
-95.2912,41.044#45.17#27.97#26.86
-95.2331,41.0441#45.22#27.96#26.82
-95.175,41.0441#45.27#27.96#26.77
-95.117,41.0442#45.32#27.95#26.73
-95.0589,41.0442#45.38#27.95#26.67
-95.0008,41.0442#45.43#27.94#26.63
-94.9427,41.0442#45.48#27.91#26.61
-94.8846,41.0442#45.53#27.87#26.6
-94.8266,41.0441#45.58#27.83#26.59
-94.7685,41.0441#45.63#27.8#26.57
-94.7104,41.044#45.68#27.76#26.56
-94.6523,41.0439#45.73#27.72#26.55
-94.5942,41.0438#45.78#27.69#26.53
-94.5361,41.0436#45.83#27.65#26.52
-94.4781,41.0435#45.88#27.63#26.49
-94.42,41.0433#45.93#27.65#26.42
-94.3619,41.0431#45.97#27.66#26.37
-94.3038,41.0429#46.02#27.67#26.31
-94.2457,41.0426#46.07#27.69#26.24
-94.1877,41.0424#46.11#27.7#26.19
-94.1296,41.0421#46.16#27.71#26.13
-94.0715,41.0418#46.21#27.73#26.06
-94.0134,41.0415#46.26#27.74#26
-93.9553,41.0412#46.3#27.82#25.88
-93.8973,41.0408#46.35#27.92#25.73
-93.8392,41.0405#46.39#28.02#25.59
-93.7811,41.0401#46.44#28.12#25.44
-93.723,41.0397#46.49#28.22#25.29
-93.665,41.0393#46.53#28.32#25.15
-93.6069,41.0388#46.58#28.42#25
-93.5488,41.0384#46.63#28.52#24.85
-93.4907,41.0379#46.67#28.62#24.71
-93.4327,41.0374#46.73#28.76#24.51
-93.3746,41.0369#46.78#28.89#24.33
-93.3165,41.0363#46.83#29.02#24.15
-93.2584,41.0358#46.88#29.15#23.97
-93.2004,41.0352#46.93#29.29#23.78
-93.1423,41.0346#46.98#29.42#23.6
-93.0842,41.034#47.03#29.55#23.42
-93.0261,41.0334#47.08#29.68#23.24
-92.9681,41.0327#47.13#29.78#23.09
-92.91,41.0321#47.19#29.85#22.96
-92.8519,41.0314#47.25#29.92#22.83
-92.7939,41.0307#47.31#29.99#22.7
-92.7358,41.0299#47.36#30.06#22.58
-92.6777,41.0292#47.42#30.13#22.45
-92.6197,41.0284#47.48#30.2#22.32
-92.5616,41.0277#47.54#30.27#22.19
-92.5036,41.0269#47.59#30.34#22.07
-92.4455,41.0261#47.66#30.37#21.97
-92.3874,41.0252#47.72#30.4#21.88
-92.3294,41.0244#47.79#30.42#21.79
-92.2713,41.0235#47.86#30.45#21.69
-92.2133,41.0226#47.92#30.47#21.61
-92.1552,41.0217#47.99#30.5#21.51
-92.0971,41.0208#48.06#30.53#21.41
-92.0391,41.0198#48.12#30.55#21.33
-91.981,41.0189#48.19#30.57#21.24
-91.923,41.0179#48.27#30.58#21.15
-91.8649,41.0169#48.34#30.59#21.07
-91.8069,41.0158#48.42#30.61#20.97
-91.7488,41.0148#48.49#30.62#20.89
-91.6908,41.0137#48.57#30.63#20.8
-91.6327,41.0127#48.64#30.64#20.72
-91.5747,41.0116#48.72#30.65#20.63
-91.5166,41.0104#48.8#30.66#20.54
-91.4586,41.0093#48.88#30.66#20.46
-91.4006,41.0082#48.96#30.67#20.37
-91.3425,41.007#49.05#30.67#20.28
-91.2845,41.0058#49.13#30.67#20.2
-91.2264,41.0046#49.21#30.68#20.11
-91.1684,41.0034#49.3#30.68#20.02
-91.1104,41.0021#49.38#30.68#19.94
-91.0523,41.0008#49.47#30.68#19.85
-90.9943,40.9996#49.56#30.69#19.75
-90.9363,40.9983#49.66#30.69#19.65
-90.8782,40.9969#49.77#30.69#19.54
-90.8202,40.9956#49.88#30.69#19.43
-90.7622,40.9942#49.99#30.69#19.32
-90.7042,40.9929#50.1#30.69#19.21
-90.6461,40.9915#50.21#30.69#19.1
-90.5881,40.99#50.32#30.69#18.99
-90.5301,40.9886#50.43#30.69#18.88
-90.4721,40.9871#50.56#30.69#18.75
-90.4141,40.9857#50.71#30.68#18.61
-90.356,40.9842#50.86#30.68#18.46
-90.298,40.9827#51.01#30.68#18.31
-90.24,40.9811#51.15#30.68#18.17
-90.182,40.9796#51.3#30.68#18.02
-90.124,40.978#51.45#30.68#17.87
-90.066,40.9764#51.6#30.68#17.72
-90.008,40.9748#51.75#30.67#17.58
-89.95,40.9732#51.87#30.67#17.46
-89.892,40.9716#51.99#30.67#17.34
-89.834,40.9699#52.11#30.67#17.22
-89.776,40.9682#52.22#30.67#17.11
-89.718,40.9665#52.34#30.67#16.99
-89.66,40.9648#52.46#30.67#16.87
-89.602,40.9631#52.57#30.66#16.77
-89.544,40.9613#52.69#30.66#16.65
-89.486,40.9596#52.8#30.66#16.54
-89.4281,40.9578#52.91#30.66#16.43
-89.3701,40.956#53.02#30.66#16.32
-89.3121,40.9541#53.12#30.66#16.22
-89.2541,40.9523#53.23#30.65#16.12
-89.1961,40.9504#53.34#30.65#16.01
-89.1382,40.9485#53.44#30.65#15.91
-89.0802,40.9466#53.55#30.65#15.8
-89.0222,40.9447#53.66#30.65#15.69
-88.9643,40.9428#53.76#30.65#15.59
-88.9063,40.9408#53.87#30.65#15.48
-88.8483,40.9388#53.97#30.65#15.38
-88.7904,40.9368#54.08#30.65#15.27
-88.7324,40.9348#54.18#30.64#15.18
-88.6744,40.9328#54.29#30.64#15.07
-88.6165,40.9307#54.39#30.64#14.97
-88.5585,40.9287#54.49#30.64#14.87
-88.5006,40.9266#54.6#30.64#14.76
-88.4426,40.9245#54.69#30.64#14.67
-88.3847,40.9223#54.78#30.64#14.58
-88.3268,40.9202#54.88#30.64#14.48
-88.2688,40.918#54.97#30.64#14.39
-88.2109,40.9158#55.07#30.64#14.29
-88.1529,40.9136#55.16#30.64#14.2
-88.095,40.9114#55.25#30.64#14.11
-88.0371,40.9092#55.35#30.63#14.02
-87.9791,40.9069#55.44#30.63#13.93
-87.9212,40.9046#55.52#30.63#13.85
-87.8633,40.9023#55.61#30.63#13.76
-87.8054,40.9#55.69#30.63#13.68
-103.184,40.9015#42.47#27#30.53
-103.126,40.9041#42.42#27.06#30.52
-103.068,40.9067#42.37#27.12#30.51
-103.01,40.9093#42.31#27.18#30.51
-102.952,40.9119#42.28#27.36#30.36
-102.894,40.9145#42.24#27.57#30.19
-102.837,40.917#42.21#27.77#30.02
-102.779,40.9195#42.17#27.98#29.85
-102.721,40.922#42.14#28.18#29.68
-102.663,40.9245#42.11#28.39#29.5
-102.605,40.927#42.07#28.59#29.34
-102.547,40.9294#42.04#28.8#29.16
-102.489,40.9319#42#29#29
-102.431,40.9343#41.99#29.2#28.81
-102.373,40.9367#41.97#29.4#28.63
-102.315,40.939#41.95#29.59#28.46
-102.257,40.9414#41.93#29.79#28.28
-102.199,40.9437#41.91#29.99#28.1
-102.141,40.946#41.89#30.18#27.93
-102.083,40.9483#41.87#30.38#27.75
-102.025,40.9506#41.85#30.58#27.57
-101.968,40.9529#41.84#30.68#27.48
-101.91,40.9551#41.83#30.71#27.46
-101.852,40.9574#41.82#30.74#27.44
-101.794,40.9596#41.81#30.76#27.43
-101.736,40.9617#41.81#30.79#27.4
-101.678,40.9639#41.8#30.82#27.38
-101.62,40.9661#41.79#30.85#27.36
-101.562,40.9682#41.78#30.87#27.35
-101.504,40.9703#41.77#30.9#27.33
-101.446,40.9724#41.77#30.84#27.39
-101.388,40.9745#41.77#30.78#27.45
-101.33,40.9765#41.77#30.71#27.52
-101.272,40.9786#41.76#30.65#27.59
-101.214,40.9806#41.76#30.58#27.66
-101.156,40.9826#41.76#30.52#27.72
-101.098,40.9846#41.76#30.45#27.79
-101.04,40.9865#41.76#30.39#27.85
-100.982,40.9885#41.76#30.32#27.92
-100.924,40.9904#41.76#30.22#28.02
-100.866,40.9923#41.76#30.12#28.12
-100.808,40.9942#41.76#30.02#28.22
-100.75,40.996#41.76#29.92#28.32
-100.692,40.9979#41.77#29.82#28.41
-100.634,40.9997#41.77#29.72#28.51
-100.576,41.0015#41.77#29.62#28.61
-100.518,41.0033#41.77#29.52#28.71
-100.46,41.0051#41.78#29.44#28.78
-100.402,41.0068#41.78#29.37#28.85
-100.344,41.0086#41.78#29.3#28.92
-100.286,41.0103#41.79#29.22#28.99
-100.228,41.012#41.79#29.15#29.06
-100.17,41.0137#41.79#29.08#29.13
-100.112,41.0153#41.8#29#29.2
-100.054,41.017#41.8#28.93#29.27
-99.9957,41.0186#41.8#28.86#29.34
-99.9377,41.0202#41.81#28.82#29.37
-99.8797,41.0218#41.82#28.78#29.4
-99.8217,41.0234#41.82#28.75#29.43
-99.7636,41.0249#41.83#28.71#29.46
-99.7056,41.0264#41.83#28.67#29.5
-99.6475,41.0279#41.84#28.63#29.53
-99.5895,41.0294#41.85#28.59#29.56
-99.5315,41.0309#41.85#28.56#29.59
-99.4734,41.0324#41.86#28.53#29.61
-99.4154,41.0338#41.88#28.51#29.61
-99.3573,41.0352#41.9#28.49#29.61
-99.2993,41.0366#41.92#28.47#29.61
-99.2412,41.038#41.94#28.46#29.6
-99.1832,41.0394#41.95#28.44#29.61
-99.1251,41.0407#41.97#28.42#29.61
-99.0671,41.042#41.99#28.4#29.61
-99.009,41.0433#42.01#28.38#29.61
-98.951,41.0446#42.04#28.37#29.59
-98.8929,41.0459#42.08#28.37#29.55
-98.8348,41.0471#42.11#28.36#29.53
-98.7768,41.0484#42.15#28.35#29.5
-98.7187,41.0496#42.18#28.35#29.47
-98.6607,41.0508#42.22#28.34#29.44
-98.6026,41.0519#42.25#28.33#29.42
-98.5445,41.0531#42.29#28.33#29.38
-98.4865,41.0542#42.32#28.32#29.36
-98.4284,41.0553#42.37#28.32#29.31
-98.3703,41.0564#42.42#28.33#29.25
-98.3122,41.0575#42.46#28.33#29.21
-98.2542,41.0586#42.51#28.33#29.16
-98.1961,41.0596#42.56#28.34#29.1
-98.138,41.0606#42.6#28.34#29.06
-98.0799,41.0617#42.65#28.34#29.01
-98.0219,41.0626#42.7#28.35#28.95
-97.9638,41.0636#42.75#28.36#28.89
-97.9057,41.0646#42.8#28.38#28.82
-97.8476,41.0655#42.85#28.4#28.75
-97.7895,41.0664#42.9#28.41#28.69
-97.7315,41.0673#42.96#28.43#28.61
-97.6734,41.0682#43.01#28.45#28.54
-97.6153,41.069#43.06#28.47#28.47
-97.5572,41.0698#43.11#28.48#28.41
-97.4991,41.0707#43.17#28.5#28.33
-97.441,41.0715#43.22#28.47#28.31
-97.3829,41.0722#43.27#28.44#28.29
-97.3249,41.073#43.33#28.42#28.25
-97.2668,41.0737#43.38#28.39#28.23
-97.2087,41.0745#43.43#28.36#28.21
-97.1506,41.0752#43.49#28.33#28.18
-97.0925,41.0759#43.54#28.31#28.15
-97.0344,41.0765#43.59#28.28#28.13
-96.9763,41.0772#43.65#28.25#28.1
-96.9182,41.0778#43.7#28.21#28.09
-96.8601,41.0784#43.75#28.18#28.07
-96.802,41.079#43.8#28.15#28.05
-96.7439,41.0796#43.86#28.11#28.03
-96.6858,41.0801#43.91#28.08#28.01
-96.6277,41.0807#43.96#28.04#28
-96.5696,41.0812#44.01#28.01#27.98
-96.5115,41.0817#44.07#27.97#27.96
-96.4534,41.0822#44.12#27.96#27.92
-96.3953,41.0826#44.17#27.96#27.87
-96.3372,41.0831#44.22#27.95#27.83
-96.2791,41.0835#44.28#27.94#27.78
-96.221,41.0839#44.33#27.94#27.73
-96.1629,41.0843#44.38#27.93#27.69
-96.1048,41.0846#44.43#27.93#27.64
-96.0467,41.085#44.49#27.92#27.59
-95.9886,41.0853#44.54#27.92#27.54
-95.9305,41.0856#44.59#27.92#27.49
-95.8724,41.0859#44.64#27.93#27.43
-95.8143,41.0862#44.69#27.93#27.38
-95.7562,41.0864#44.75#27.94#27.31
-95.6981,41.0867#44.8#27.94#27.26
-95.64,41.0869#44.85#27.95#27.2
-95.5819,41.0871#44.9#27.95#27.15
-95.5238,41.0873#44.95#27.96#27.09
-95.4657,41.0874#45#27.96#27.04
-95.4076,41.0876#45.05#27.95#27
-95.3494,41.0877#45.11#27.94#26.95
-95.2913,41.0878#45.16#27.93#26.91
-95.2332,41.0879#45.21#27.93#26.86
-95.1751,41.0879#45.26#27.92#26.82
-95.117,41.088#45.31#27.91#26.78
-95.0589,41.088#45.36#27.9#26.74
-95.0008,41.088#45.41#27.89#26.7
-94.9427,41.088#45.46#27.86#26.68
-94.8846,41.088#45.51#27.82#26.67
-94.8265,41.0879#45.56#27.78#26.66
-94.7684,41.0879#45.61#27.74#26.65
-94.7103,41.0878#45.66#27.7#26.64
-94.6522,41.0877#45.71#27.66#26.63
-94.5941,41.0876#45.76#27.62#26.62
-94.5359,41.0874#45.81#27.58#26.61
-94.4778,41.0873#45.86#27.56#26.58
-94.4197,41.0871#45.9#27.57#26.53
-94.3616,41.0869#45.95#27.58#26.47
-94.3035,41.0867#45.99#27.59#26.42
-94.2454,41.0864#46.04#27.61#26.35
-94.1873,41.0862#46.08#27.62#26.3
-94.1292,41.0859#46.13#27.63#26.24
-94.0711,41.0856#46.18#27.64#26.18
-94.013,41.0853#46.22#27.65#26.13
-93.9549,41.085#46.27#27.73#26
-93.8968,41.0846#46.31#27.82#25.87
-93.8387,41.0843#46.36#27.92#25.72
-93.7806,41.0839#46.41#28.01#25.58
-93.7225,41.0835#46.45#28.11#25.44
-93.6644,41.0831#46.5#28.2#25.3
-93.6063,41.0826#46.54#28.3#25.16
-93.5482,41.0822#46.59#28.4#25.01
-93.4901,41.0817#46.64#28.5#24.86
-93.432,41.0812#46.69#28.64#24.67
-93.3739,41.0807#46.74#28.78#24.48
-93.3158,41.0801#46.79#28.91#24.3
-93.2577,41.0796#46.84#29.05#24.11
-93.1996,41.079#46.89#29.19#23.92
-93.1415,41.0784#46.94#29.33#23.73
-93.0834,41.0778#46.99#29.47#23.54
-93.0253,41.0772#47.04#29.6#23.36
-92.9672,41.0765#47.09#29.71#23.2
-92.9091,41.0759#47.15#29.78#23.07
-92.851,41.0752#47.2#29.86#22.94
-92.7929,41.0745#47.26#29.93#22.81
-92.7348,41.0738#47.32#30.01#22.67
-92.6767,41.073#47.38#30.09#22.53
-92.6187,41.0723#47.43#30.16#22.41
-92.5606,41.0715#47.49#30.24#22.27
-92.5025,41.0707#47.55#30.31#22.14
-92.4444,41.0699#47.61#30.34#22.05
-92.3863,41.069#47.68#30.37#21.95
-92.3282,41.0682#47.74#30.4#21.86
-92.2701,41.0673#47.81#30.42#21.77
-92.2121,41.0664#47.87#30.45#21.68
-92.154,41.0655#47.94#30.48#21.58
-92.0959,41.0646#48.01#30.51#21.48
-92.0378,41.0636#48.07#30.53#21.4
-91.9797,41.0627#48.14#30.56#21.3
-91.9217,41.0617#48.22#30.57#21.21
-91.8636,41.0607#48.29#30.58#21.13
-91.8055,41.0597#48.37#30.59#21.04
-91.7474,41.0586#48.44#30.6#20.96
-91.6894,41.0576#48.52#30.61#20.87
-91.6313,41.0565#48.59#30.62#20.79
-91.5732,41.0554#48.67#30.64#20.69
-91.5151,41.0543#48.74#30.65#20.61
-91.4571,41.0531#48.82#30.65#20.53
-91.399,41.052#48.91#30.66#20.43
-91.3409,41.0508#48.99#30.66#20.35
-91.2829,41.0496#49.08#30.66#20.26
-91.2248,41.0484#49.16#30.67#20.17
-91.1668,41.0472#49.24#30.67#20.09
-91.1087,41.0459#49.33#30.67#20
-91.0506,41.0447#49.41#30.67#19.92
-90.9926,41.0434#49.5#30.68#19.82
-90.9345,41.0421#49.61#30.68#19.71
-90.8765,41.0407#49.71#30.68#19.61
-90.8184,41.0394#49.82#30.68#19.5
-90.7604,41.038#49.92#30.68#19.4
-90.7023,41.0367#50.03#30.68#19.29
-90.6443,41.0353#50.14#30.68#19.18
-90.5862,41.0338#50.25#30.68#19.07
-90.5282,41.0324#50.35#30.68#18.97
-90.4701,41.031#50.48#30.68#18.84
-90.4121,41.0295#50.62#30.67#18.71
-90.3541,41.028#50.77#30.67#18.56
-90.296,41.0265#50.91#30.67#18.42
-90.238,41.025#51.05#30.67#18.28
-90.1799,41.0234#51.2#30.67#18.13
-90.1219,41.0218#51.34#30.67#17.99
-90.0639,41.0203#51.49#30.67#17.84
-90.0059,41.0186#51.63#30.66#17.71
-89.9478,41.017#51.76#30.66#17.58
-89.8898,41.0154#51.88#30.66#17.46
-89.8318,41.0137#52#30.66#17.34
-89.7738,41.012#52.12#30.66#17.22
-89.7157,41.0103#52.24#30.66#17.1
-89.6577,41.0086#52.36#30.66#16.98
-89.5997,41.0069#52.48#30.65#16.87
-89.5417,41.0051#52.6#30.65#16.75
-89.4837,41.0034#52.72#30.65#16.63
-89.4257,41.0016#52.83#30.65#16.52
-89.3677,40.9998#52.93#30.65#16.42
-89.3097,40.9979#53.04#30.65#16.31
-89.2517,40.9961#53.15#30.64#16.21
-89.1937,40.9942#53.26#30.64#16.1
-89.1357,40.9923#53.36#30.64#16
-89.0777,40.9904#53.47#30.64#15.89
-89.0197,40.9885#53.58#30.64#15.78
-88.9617,40.9866#53.68#30.64#15.68
-88.9037,40.9846#53.79#30.64#15.57
-88.8457,40.9826#53.89#30.64#15.47
-88.7877,40.9806#54#30.63#15.37
-88.7297,40.9786#54.1#30.63#15.27
-88.6717,40.9766#54.21#30.63#15.16
-88.6138,40.9745#54.31#30.63#15.06
-88.5558,40.9724#54.42#30.63#14.95
-88.4978,40.9704#54.52#30.63#14.85
-88.4398,40.9682#54.62#30.63#14.75
-88.3819,40.9661#54.71#30.63#14.66
-88.3239,40.964#54.8#30.63#14.57
-88.2659,40.9618#54.9#30.63#14.47
-88.208,40.9596#54.99#30.63#14.38
-88.15,40.9574#55.09#30.63#14.28
-88.092,40.9552#55.18#30.62#14.2
-88.0341,40.9529#55.27#30.62#14.11
-87.9761,40.9507#55.37#30.62#14.01
-87.9182,40.9484#55.45#30.62#13.93
-87.8602,40.9461#55.54#30.62#13.84
-87.8023,40.9438#55.63#30.62#13.75
-87.7444,40.9415#55.71#30.62#13.67
-87.6864,40.9391#55.8#30.62#13.58
-87.6285,40.9367#55.88#30.62#13.5
-87.5705,40.9343#55.97#30.62#13.41
-87.5126,40.9319#56.06#30.62#13.32
-87.4547,40.9295#56.13#30.62#13.25
-87.3968,40.9271#56.21#30.62#13.17
-87.3388,40.9246#56.28#30.62#13.1
-87.2809,40.9221#56.36#30.62#13.02
-87.223,40.9196#56.43#30.62#12.95
-87.1651,40.9171#56.51#30.63#12.86
-87.1072,40.9145#56.58#30.63#12.79
-87.0493,40.912#56.66#30.63#12.71
-86.9914,40.9094#56.73#30.63#12.64
-86.9335,40.9068#56.79#30.67#12.54
-86.8756,40.9042#56.85#30.71#12.44
-86.8177,40.9015#56.91#30.74#12.35
-104.114,40.9005#43.74#26.45#29.81
-104.056,40.9035#43.63#26.44#29.93
-103.998,40.9064#43.52#26.43#30.05
-103.94,40.9093#43.45#26.46#30.09
-103.882,40.9122#43.37#26.48#30.15
-103.824,40.915#43.29#26.5#30.21
-103.766,40.9179#43.22#26.53#30.25
-103.709,40.9207#43.14#26.55#30.31
-103.651,40.9235#43.06#26.57#30.37
-103.593,40.9263#42.98#26.59#30.43
-103.535,40.929#42.91#26.62#30.47
-103.477,40.9318#42.84#26.65#30.51
-103.419,40.9345#42.79#26.72#30.49
-103.361,40.9372#42.73#26.78#30.49
-103.303,40.9399#42.68#26.84#30.48
-103.245,40.9426#42.63#26.9#30.47
-103.187,40.9452#42.58#26.96#30.46
-103.13,40.9479#42.52#27.02#30.46
-103.072,40.9505#42.47#27.08#30.45
-103.014,40.9531#42.42#27.14#30.44
-102.956,40.9557#42.38#27.32#30.3
-102.898,40.9582#42.34#27.52#30.14
-102.84,40.9608#42.31#27.73#29.96
-102.782,40.9633#42.27#27.94#29.79
-102.724,40.9658#42.24#28.14#29.62
-102.666,40.9683#42.2#28.35#29.45
-102.608,40.9708#42.16#28.56#29.28
-102.55,40.9732#42.13#28.77#29.1
-102.492,40.9756#42.09#28.98#28.93
-102.434,40.9781#42.08#29.17#28.75
-102.376,40.9804#42.06#29.37#28.57
-102.318,40.9828#42.04#29.57#28.39
-102.26,40.9852#42.02#29.77#28.21
-102.202,40.9875#42#29.97#28.03
-102.144,40.9898#41.98#30.17#27.85
-102.086,40.9921#41.96#30.38#27.66
-102.028,40.9944#41.94#30.58#27.48
-101.97,40.9967#41.92#30.69#27.39
-101.913,40.9989#41.91#30.72#27.37
-101.855,41.0011#41.9#30.75#27.35
-101.797,41.0033#41.89#30.78#27.33
-101.739,41.0055#41.88#30.8#27.32
-101.681,41.0077#41.87#30.83#27.3
-101.623,41.0098#41.86#30.86#27.28
-101.565,41.012#41.86#30.89#27.25
-101.507,41.0141#41.85#30.92#27.23
-101.449,41.0162#41.84#30.87#27.29
-101.391,41.0182#41.84#30.81#27.35
-101.333,41.0203#41.84#30.74#27.42
-101.275,41.0223#41.83#30.68#27.49
-101.217,41.0244#41.83#30.62#27.55
-101.159,41.0264#41.83#30.56#27.61
-101.101,41.0283#41.83#30.5#27.67
-101.043,41.0303#41.82#30.44#27.74
-100.985,41.0322#41.82#30.37#27.81
-100.926,41.0342#41.82#30.27#27.91
-100.868,41.0361#41.82#30.16#28.02
-100.81,41.038#41.83#30.06#28.11
-100.752,41.0398#41.83#29.96#28.21
-100.694,41.0417#41.83#29.86#28.31
-100.636,41.0435#41.83#29.75#28.42
-100.578,41.0453#41.83#29.65#28.52
-100.52,41.0471#41.83#29.55#28.62
-100.462,41.0489#41.83#29.46#28.71
-100.404,41.0506#41.84#29.39#28.77
-100.346,41.0524#41.84#29.31#28.85
-100.288,41.0541#41.84#29.24#28.92
-100.23,41.0558#41.85#29.16#28.99
-100.172,41.0575#41.85#29.08#29.07
-100.114,41.0591#41.85#29.01#29.14
-100.056,41.0608#41.85#28.93#29.22
-99.9979,41.0624#41.86#28.86#29.28
-99.9398,41.064#41.86#28.82#29.32
-99.8818,41.0656#41.87#28.78#29.35
-99.8237,41.0672#41.87#28.74#29.39
-99.7657,41.0687#41.88#28.7#29.42
-99.7076,41.0702#41.88#28.67#29.45
-99.6495,41.0717#41.89#28.63#29.48
-99.5915,41.0732#41.89#28.59#29.52
-99.5334,41.0747#41.9#28.55#29.55
-99.4753,41.0762#41.91#28.52#29.57
-99.4173,41.0776#41.93#28.5#29.57
-99.3592,41.079#41.94#28.48#29.58
-99.3011,41.0804#41.96#28.46#29.58
-99.2431,41.0818#41.98#28.45#29.57
-99.185,41.0832#42#28.43#29.57
-99.1269,41.0845#42.01#28.41#29.58
-99.0688,41.0858#42.03#28.39#29.58
-99.0107,41.0871#42.05#28.37#29.58
-98.9527,41.0884#42.08#28.36#29.56
-98.8946,41.0897#42.11#28.35#29.54
-98.8365,41.0909#42.15#28.35#29.5
-98.7784,41.0922#42.18#28.34#29.48
-98.7203,41.0934#42.21#28.33#29.46
-98.6622,41.0946#42.25#28.33#29.42
-98.6041,41.0957#42.28#28.32#29.4
-98.546,41.0969#42.32#28.31#29.37
-98.488,41.098#42.35#28.31#29.34
-98.4299,41.0991#42.4#28.31#29.29
-98.3718,41.1002#42.44#28.31#29.25
-98.3137,41.1013#42.49#28.32#29.19
-98.2556,41.1024#42.54#28.32#29.14
-98.1975,41.1034#42.58#28.33#29.09
-98.1394,41.1044#42.63#28.33#29.04
-98.0813,41.1055#42.67#28.34#28.99
-98.0232,41.1064#42.72#28.34#28.94
-97.9651,41.1074#42.77#28.35#28.88
-97.907,41.1084#42.82#28.37#28.81
-97.8489,41.1093#42.87#28.39#28.74
-97.7907,41.1102#42.92#28.41#28.67
-97.7326,41.1111#42.97#28.43#28.6
-97.6745,41.112#43.02#28.44#28.54
-97.6164,41.1128#43.08#28.46#28.46
-97.5583,41.1137#43.13#28.48#28.39
-97.5002,41.1145#43.18#28.5#28.32
-97.4421,41.1153#43.23#28.47#28.3
-97.384,41.116#43.28#28.45#28.27
-97.3259,41.1168#43.34#28.42#28.24
-97.2677,41.1175#43.39#28.39#28.22
-97.2096,41.1183#43.44#28.36#28.2
-97.1515,41.119#43.49#28.34#28.17
-97.0934,41.1197#43.55#28.31#28.14
-97.0353,41.1203#43.6#28.28#28.12
-96.9772,41.121#43.65#28.25#28.1
-96.919,41.1216#43.7#28.21#28.09
-96.8609,41.1222#43.76#28.18#28.06
-96.8028,41.1228#43.81#28.14#28.05
-96.7447,41.1234#43.86#28.11#28.03
-96.6865,41.1239#43.91#28.07#28.02
-96.6284,41.1245#43.96#28.03#28.01
-96.5703,41.125#44.02#28#27.98
-96.5122,41.1255#44.07#27.96#27.97
-96.454,41.126#44.12#27.95#27.93
-96.3959,41.1264#44.17#27.94#27.89
-96.3378,41.1269#44.22#27.94#27.84
-96.2797,41.1273#44.28#27.93#27.79
-96.2215,41.1277#44.33#27.92#27.75
-96.1634,41.1281#44.38#27.92#27.7
-96.1053,41.1284#44.43#27.91#27.66
-96.0472,41.1288#44.48#27.9#27.62
-95.989,41.1291#44.53#27.9#27.57
-95.9309,41.1294#44.59#27.9#27.51
-95.8728,41.1297#44.64#27.91#27.45
-95.8146,41.13#44.69#27.91#27.4
-95.7565,41.1302#44.74#27.92#27.34
-95.6984,41.1305#44.79#27.92#27.29
-95.6403,41.1307#44.84#27.93#27.23
-95.5821,41.1309#44.89#27.93#27.18
-95.524,41.1311#44.94#27.94#27.12
-95.4659,41.1312#44.99#27.93#27.08
-95.4077,41.1314#45.04#27.92#27.04
-95.3496,41.1315#45.09#27.91#27
-95.2915,41.1316#45.15#27.9#26.95
-95.2333,41.1317#45.2#27.89#26.91
-95.1752,41.1317#45.25#27.88#26.87
-95.1171,41.1318#45.3#27.87#26.83
-95.0589,41.1318#45.35#27.86#26.79
-95.0008,41.1318#45.4#27.85#26.75
-94.9427,41.1318#45.45#27.81#26.74
-94.8845,41.1318#45.5#27.76#26.74
-94.8264,41.1318#45.54#27.72#26.74
-94.7683,41.1317#45.59#27.68#26.73
-94.7101,41.1316#45.64#27.64#26.72
-94.652,41.1315#45.69#27.59#26.72
-94.5939,41.1314#45.74#27.55#26.71
-94.5357,41.1312#45.79#27.51#26.7
-94.4776,41.1311#45.83#27.49#26.68
-94.4195,41.1309#45.88#27.49#26.63
-94.3614,41.1307#45.92#27.5#26.58
-94.3032,41.1305#45.97#27.51#26.52
-94.2451,41.1303#46.01#27.52#26.47
-94.187,41.13#46.06#27.53#26.41
-94.1288,41.1297#46.1#27.54#26.36
-94.0707,41.1294#46.14#27.55#26.31
-94.0126,41.1291#46.19#27.56#26.25
-93.9544,41.1288#46.23#27.63#26.14
-93.8963,41.1285#46.28#27.72#26
-93.8382,41.1281#46.32#27.82#25.86
-93.7801,41.1277#46.37#27.91#25.72
-93.7219,41.1273#46.42#28#25.58
-93.6638,41.1269#46.46#28.09#25.45
-93.6057,41.1264#46.51#28.18#25.31
-93.5476,41.126#46.55#28.27#25.18
-93.4894,41.1255#46.6#28.37#25.03
-93.4313,41.125#46.65#28.52#24.83
-93.3732,41.1245#46.7#28.66#24.64
-93.3151,41.1239#46.75#28.8#24.45
-93.2569,41.1234#46.8#28.95#24.25
-93.1988,41.1228#46.84#29.09#24.07
-93.1407,41.1222#46.89#29.24#23.87
-93.0826,41.1216#46.94#29.38#23.68
-93.0245,41.121#46.99#29.52#23.49
-92.9663,41.1203#47.05#29.63#23.32
-92.9082,41.1197#47.1#29.71#23.19
-92.8501,41.119#47.16#29.8#23.04
-92.792,41.1183#47.22#29.88#22.9
-92.7339,41.1176#47.27#29.96#22.77
