-98.8872,46.9006#42.25#29.81#27.94
-98.8256,46.9018#42.22#29.8#27.98
-98.7639,46.903#42.2#29.79#28.01
-98.7022,46.9041#42.17#29.78#28.05
-98.6406,46.9053#42.15#29.77#28.08
-98.5789,46.9064#42.12#29.76#28.12
-98.5173,46.9075#42.1#29.75#28.15
-98.4556,46.9086#42.07#29.74#28.19
-98.3939,46.9097#42.05#29.74#28.21
-98.3323,46.9107#42.02#29.74#28.24
-98.2706,46.9117#42#29.73#28.27
-98.2089,46.9127#41.97#29.73#28.3
-98.1473,46.9137#41.95#29.73#28.32
-98.0856,46.9147#41.92#29.72#28.36
-98.0239,46.9156#41.9#29.72#28.38
-97.9622,46.9166#41.87#29.73#28.4
-97.9006,46.9175#41.85#29.74#28.41
-97.8389,46.9184#41.83#29.76#28.41
-97.7772,46.9192#41.8#29.77#28.43
-97.7155,46.9201#41.78#29.79#28.43
-97.6538,46.9209#41.75#29.8#28.45
-97.5922,46.9217#41.73#29.82#28.45
-97.5305,46.9225#41.71#29.83#28.46
-97.4688,46.9233#41.68#29.84#28.48
-97.4071,46.9241#41.66#29.85#28.49
-97.3454,46.9248#41.63#29.86#28.51
-97.2837,46.9255#41.61#29.86#28.53
-97.222,46.9262#41.58#29.87#28.55
-97.1604,46.9269#41.56#29.88#28.56
-97.0987,46.9276#41.53#29.88#28.59
-97.037,46.9282#41.51#29.89#28.6
-96.9753,46.9288#41.48#29.9#28.62
-96.9136,46.9294#41.45#29.91#28.64
-96.8519,46.93#41.42#29.91#28.67
-96.7902,46.9306#41.39#29.92#28.69
-96.7285,46.9311#41.36#29.93#28.71
-96.6668,46.9317#41.34#29.94#28.72
-96.6051,46.9322#41.31#29.95#28.74
-96.5434,46.9327#41.28#29.95#28.77
-96.4817,46.9331#41.25#29.94#28.81
-96.42,46.9336#41.22#29.89#28.89
-96.3583,46.934#41.18#29.84#28.98
-96.2966,46.9344#41.15#29.79#29.06
-96.2349,46.9348#41.12#29.73#29.15
-96.1732,46.9352#41.08#29.68#29.24
-96.1115,46.9356#41.05#29.63#29.32
-96.0498,46.9359#41.02#29.58#29.4
-95.9881,46.9362#40.98#29.51#29.51
-95.9264,46.9365#40.94#29.4#29.66
-95.8647,46.9368#40.89#29.28#29.83
-95.803,46.937#40.85#29.16#29.99
-95.7413,46.9373#40.81#29.05#30.14
-95.6796,46.9375#40.77#28.93#30.3
-95.6179,46.9377#40.72#28.82#30.46
-95.5562,46.9379#40.68#28.7#30.62
-95.4945,46.9381#40.63#28.58#30.79
-95.4328,46.9382#40.58#28.49#30.93
-95.3711,46.9383#40.52#28.39#31.09
-95.3094,46.9384#40.46#28.29#31.25
-95.2477,46.9385#40.4#28.19#31.41
-95.186,46.9386#40.34#28.09#31.57
-95.1243,46.9386#40.28#27.99#31.73
-95.0626,46.9387#40.22#27.89#31.89
-95.0009,46.9387#40.17#27.79#32.04
-94.9391,46.9387#40.08#27.76#32.16
-94.8774,46.9386#39.99#27.73#32.28
-94.8157,46.9386#39.9#27.7#32.4
-94.754,46.9385#39.81#27.67#32.52
-94.6923,46.9384#39.72#27.64#32.64
-94.6306,46.9383#39.63#27.61#32.76
-94.5689,46.9382#39.54#27.58#32.88
-94.5072,46.9381#39.45#27.55#33
-94.4455,46.9379#39.35#27.54#33.11
-94.3838,46.9377#39.25#27.53#33.22
-94.3221,46.9375#39.15#27.51#33.34
-94.2604,46.9373#39.05#27.5#33.45
-94.1987,46.9371#38.95#27.49#33.56
-94.137,46.9368#38.85#27.47#33.68
-94.0753,46.9365#38.75#27.46#33.79
-94.0136,46.9362#38.65#27.45#33.9
-93.9519,46.9359#38.56#27.44#34
-93.8902,46.9356#38.48#27.43#34.09
-93.8285,46.9352#38.39#27.43#34.18
-93.7668,46.9348#38.31#27.42#34.27
-93.7051,46.9344#38.22#27.41#34.37
-93.6434,46.934#38.14#27.41#34.45
-93.5817,46.9336#38.05#27.4#34.55
-93.52,46.9332#37.97#27.39#34.64
-93.4583,46.9327#37.89#27.39#34.72
-93.3966,46.9322#37.82#27.39#34.79
-93.3349,46.9317#37.76#27.38#34.86
-93.2732,46.9312#37.69#27.38#34.93
-93.2115,46.9306#37.62#27.37#35.01
-93.1498,46.93#37.56#27.37#35.07
-93.0881,46.9295#37.49#27.37#35.14
-93.0264,46.9289#37.42#27.36#35.22
-92.9647,46.9282#37.37#27.36#35.27
-92.903,46.9276#37.32#27.36#35.32
-92.8414,46.9269#37.28#27.35#35.37
-92.7797,46.9263#37.24#27.35#35.41
-92.718,46.9256#37.19#27.35#35.46
-92.6563,46.9248#37.15#27.35#35.5
-92.5946,46.9241#37.11#27.34#35.55
-92.5329,46.9233#37.07#27.34#35.59
-92.4712,46.9226#37.03#27.34#35.63
-92.4096,46.9218#37#27.33#35.67
-92.3479,46.921#36.98#27.33#35.69
-92.2862,46.9201#36.95#27.33#35.72
-92.2245,46.9193#36.93#27.33#35.74
-92.1628,46.9184#36.9#27.33#35.77
-92.1012,46.9175#36.88#27.32#35.8
-92.0395,46.9166#36.85#27.32#35.83
-91.9778,46.9157#36.83#27.32#35.85
-91.9161,46.9147#36.82#27.31#35.87
-91.8545,46.9137#36.81#27.31#35.88
-91.7928,46.9128#36.8#27.31#35.89
-91.7311,46.9118#36.8#27.31#35.89
-91.6694,46.9107#36.79#27.31#35.9
-91.6078,46.9097#36.78#27.3#35.92
-91.5461,46.9086#36.77#27.3#35.93
-91.4844,46.9075#36.76#27.3#35.94
-91.4228,46.9064#36.77#27.3#35.93
-91.3611,46.9053#36.78#27.29#35.93
-91.2995,46.9042#36.79#27.29#35.92
-91.2378,46.903#36.8#27.29#35.91
-91.1761,46.9018#36.82#27.29#35.89
-91.1145,46.9006#36.83#27.28#35.89
-100.615,46.9014#42.87#30.42#26.71
-100.554,46.9031#42.85#30.42#26.73
-100.492,46.9048#42.83#30.42#26.75
-100.43,46.9065#42.81#30.4#26.79
-100.369,46.9082#42.79#30.38#26.83
-100.307,46.9099#42.76#30.36#26.88
-100.246,46.9115#42.74#30.34#26.92
-100.184,46.9131#42.72#30.32#26.96
-100.122,46.9147#42.7#30.3#27
-100.061,46.9163#42.67#30.28#27.05
-99.999,46.9179#42.65#30.26#27.09
-99.9373,46.9194#42.63#30.23#27.14
-99.8757,46.9209#42.6#30.19#27.21
-99.814,46.9225#42.58#30.16#27.26
-99.7524,46.9239#42.56#30.13#27.31
-99.6907,46.9254#42.53#30.09#27.38
-99.629,46.9269#42.51#30.06#27.43
-99.5674,46.9283#42.48#30.03#27.49
-99.5057,46.9297#42.46#29.99#27.55
-99.4441,46.9311#42.44#29.97#27.59
-99.3824,46.9325#42.41#29.96#27.63
-99.3207,46.9338#42.39#29.94#27.67
-99.259,46.9351#42.36#29.92#27.72
-99.1974,46.9365#42.34#29.9#27.76
-99.1357,46.9378#42.31#29.88#27.81
-99.074,46.939#42.29#29.86#27.85
-99.0123,46.9403#42.26#29.84#27.9
-98.9507,46.9415#42.24#29.83#27.93
-98.889,46.9427#42.21#29.82#27.97
-98.8273,46.9439#42.19#29.81#28
-98.7656,46.9451#42.16#29.8#28.04
-98.7039,46.9463#42.13#29.79#28.08
-98.6422,46.9474#42.11#29.78#28.11
-98.5806,46.9485#42.08#29.77#28.15
-98.5189,46.9496#42.06#29.75#28.19
-98.4572,46.9507#42.03#29.75#28.22
-98.3955,46.9518#42.01#29.74#28.25
-98.3338,46.9528#41.98#29.74#28.28
-98.2721,46.9539#41.96#29.74#28.3
-98.2104,46.9549#41.94#29.73#28.33
-98.1487,46.9559#41.91#29.73#28.36
-98.087,46.9568#41.89#29.73#28.38
-98.0253,46.9578#41.86#29.72#28.42
-97.9636,46.9587#41.84#29.73#28.43
-97.9019,46.9596#41.81#29.74#28.45
-97.8402,46.9605#41.79#29.75#28.46
-97.7785,46.9614#41.77#29.77#28.46
-97.7168,46.9622#41.74#29.78#28.48
-97.655,46.9631#41.72#29.79#28.49
-97.5933,46.9639#41.69#29.81#28.5
-97.5316,46.9647#41.67#29.82#28.51
-97.4699,46.9655#41.65#29.83#28.52
-97.4082,46.9662#41.62#29.84#28.54
-97.3465,46.967#41.6#29.84#28.56
-97.2848,46.9677#41.57#29.85#28.58
-97.2231,46.9684#41.55#29.86#28.59
-97.1613,46.9691#41.52#29.87#28.61
-97.0996,46.9697#41.5#29.88#28.62
-97.0379,46.9704#41.47#29.88#28.65
-96.9762,46.971#41.45#29.89#28.66
-96.9145,46.9716#41.42#29.9#28.68
-96.8527,46.9722#41.39#29.91#28.7
-96.791,46.9727#41.36#29.92#28.72
-96.7293,46.9733#41.33#29.92#28.75
-96.6676,46.9738#41.3#29.93#28.77
-96.6058,46.9743#41.27#29.94#28.79
-96.5441,46.9748#41.25#29.95#28.8
-96.4824,46.9753#41.22#29.94#28.84
-96.4207,46.9757#41.18#29.89#28.93
-96.3589,46.9762#41.15#29.85#29
-96.2972,46.9766#41.12#29.8#29.08
-96.2355,46.977#41.09#29.75#29.16
-96.1738,46.9773#41.05#29.71#29.24
-96.112,46.9777#41.02#29.66#29.32
-96.0503,46.978#40.99#29.61#29.4
-95.9886,46.9784#40.95#29.55#29.5
-95.9268,46.9786#40.91#29.44#29.65
-95.8651,46.9789#40.87#29.32#29.81
-95.8034,46.9792#40.82#29.21#29.97
-95.7416,46.9794#40.78#29.09#30.13
-95.6799,46.9796#40.73#28.98#30.29
-95.6182,46.9798#40.69#28.86#30.45
-95.5564,46.98#40.65#28.74#30.61
-95.4947,46.9802#40.6#28.63#30.77
-95.433,46.9803#40.54#28.54#30.92
-95.3713,46.9805#40.48#28.44#31.08
-95.3095,46.9806#40.42#28.35#31.23
-95.2478,46.9807#40.36#28.25#31.39
-95.1861,46.9807#40.3#28.16#31.54
-95.1243,46.9808#40.24#28.06#31.7
-95.0626,46.9808#40.18#27.97#31.85
-95.0009,46.9808#40.12#27.88#32
-94.9391,46.9808#40.03#27.85#32.12
-94.8774,46.9808#39.94#27.82#32.24
-94.8157,46.9807#39.84#27.79#32.37
-94.7539,46.9807#39.75#27.76#32.49
-94.6922,46.9806#39.66#27.73#32.61
-94.6305,46.9805#39.56#27.7#32.74
-94.5687,46.9803#39.47#27.67#32.86
-94.507,46.9802#39.38#27.64#32.98
-94.4453,46.98#39.28#27.62#33.1
-94.3835,46.9799#39.18#27.61#33.21
-94.3218,46.9797#39.08#27.6#33.32
-94.2601,46.9794#38.98#27.58#33.44
-94.1983,46.9792#38.88#27.57#33.55
-94.1366,46.9789#38.78#27.56#33.66
-94.0749,46.9787#38.68#27.54#33.78
-94.0131,46.9784#38.58#27.53#33.89
-93.9514,46.978#38.49#27.52#33.99
-93.8897,46.9777#38.41#27.52#34.07
-93.828,46.9774#38.32#27.51#34.17
-93.7662,46.977#38.23#27.5#34.27
-93.7045,46.9766#38.15#27.5#34.35
-93.6428,46.9762#38.06#27.49#34.45
-93.581,46.9757#37.97#27.48#34.55
-93.5193,46.9753#37.89#27.48#34.63
-93.4576,46.9748#37.81#27.47#34.72
-93.3959,46.9743#37.75#27.47#34.78
-93.3341,46.9738#37.68#27.46#34.86
-93.2724,46.9733#37.61#27.46#34.93
-93.2107,46.9728#37.54#27.46#35
-93.149,46.9722#37.47#27.45#35.08
-93.0872,46.9716#37.4#27.45#35.15
-93.0255,46.971#37.34#27.44#35.22
-92.9638,46.9704#37.28#27.44#35.28
-92.9021,46.9697#37.24#27.44#35.32
-92.8404,46.9691#37.19#27.43#35.38
-92.7787,46.9684#37.15#27.43#35.42
-92.7169,46.9677#37.11#27.43#35.46
-92.6552,46.967#37.06#27.43#35.51
-92.5935,46.9662#37.02#27.42#35.56
-92.5318,46.9655#36.97#27.42#35.61
-92.4701,46.9647#36.94#27.42#35.64
-92.4084,46.9639#36.91#27.41#35.68
-92.3467,46.9631#36.88#27.41#35.71
-92.285,46.9623#36.86#27.41#35.73
-92.2232,46.9614#36.83#27.41#35.76
-92.1615,46.9605#36.81#27.4#35.79
-92.0998,46.9596#36.78#27.4#35.82
-92.0381,46.9587#36.75#27.4#35.85
-91.9764,46.9578#36.73#27.4#35.87
-91.9147,46.9569#36.72#27.39#35.89
-91.853,46.9559#36.71#27.39#35.9
-91.7913,46.9549#36.7#27.39#35.91
-91.7296,46.9539#36.69#27.39#35.92
-91.6679,46.9529#36.68#27.38#35.94
-91.6062,46.9518#36.67#27.38#35.95
-91.5445,46.9508#36.66#27.38#35.96
-91.4828,46.9497#36.66#27.38#35.96
-91.4212,46.9486#36.67#27.37#35.96
-91.3595,46.9474#36.68#27.37#35.95
-91.2978,46.9463#36.69#27.37#35.94
-91.2361,46.9451#36.7#27.37#35.93
-91.1744,46.944#36.71#27.36#35.93
-91.1127,46.9428#36.72#27.36#35.92
-91.051,46.9416#36.73#27.36#35.91
-90.9894,46.9403#36.74#27.36#35.9
-90.9277,46.9391#36.77#27.35#35.88
-90.866,46.9378#36.79#27.35#35.86
-90.8043,46.9365#36.82#27.35#35.83
-90.7427,46.9352#36.85#27.35#35.8
-90.681,46.9338#36.87#27.34#35.79
-90.6193,46.9325#36.9#27.34#35.76
-90.5576,46.9311#36.93#27.34#35.73
-90.496,46.9297#36.96#27.34#35.7
-90.4343,46.9283#37#27.33#35.67
-90.3727,46.9269#37.04#27.33#35.63
-90.311,46.9254#37.08#27.33#35.59
-90.2493,46.924#37.12#27.33#35.55
-90.1877,46.9225#37.16#27.33#35.51
-90.126,46.921#37.21#27.32#35.47
-90.0644,46.9195#37.25#27.32#35.43
-90.0027,46.9179#37.29#27.32#35.39
-89.9411,46.9164#37.34#27.32#35.34
-89.8794,46.9148#37.39#27.31#35.3
-89.8178,46.9132#37.44#27.31#35.25
-89.7561,46.9116#37.48#27.31#35.21
-89.6945,46.9099#37.53#27.31#35.16
-89.6329,46.9083#37.58#27.31#35.11
-89.5712,46.9066#37.63#27.31#35.06
-89.5096,46.9049#37.68#27.3#35.02
-89.448,46.9032#37.72#27.31#34.97
-89.3863,46.9014#37.77#27.31#34.92
-101.974,46.9005#43.32#29.8#26.88
-101.912,46.9026#43.29#29.85#26.86
-101.851,46.9048#43.27#29.9#26.83
-101.789,46.9069#43.25#29.95#26.8
-101.727,46.909#43.22#30.01#26.77
-101.666,46.9111#43.2#30.06#26.74
-101.604,46.9131#43.17#30.11#26.72
-101.542,46.9152#43.15#30.16#26.69
-101.481,46.9172#43.13#30.2#26.67
-101.419,46.9192#43.11#30.22#26.67
-101.358,46.9212#43.08#30.25#26.67
-101.296,46.9231#43.06#30.27#26.67
-101.234,46.9251#43.04#30.29#26.67
-101.173,46.927#43.02#30.31#26.67
-101.111,46.9289#43#30.34#26.66
-101.049,46.9308#42.97#30.36#26.67
-100.988,46.9327#42.95#30.38#26.67
-100.926,46.9345#42.93#30.38#26.69
-100.865,46.9364#42.91#30.39#26.7
-100.803,46.9382#42.89#30.39#26.72
-100.741,46.94#42.87#30.4#26.73
-100.68,46.9418#42.85#30.4#26.75
-100.618,46.9435#42.83#30.41#26.76
-100.556,46.9452#42.81#30.41#26.78
-100.495,46.947#42.79#30.41#26.8
-100.433,46.9487#42.76#30.39#26.85
-100.371,46.9503#42.74#30.37#26.89
-100.31,46.952#42.72#30.35#26.93
-100.248,46.9536#42.7#30.33#26.97
-100.186,46.9553#42.67#30.31#27.02
-100.125,46.9569#42.65#30.29#27.06
-100.063,46.9584#42.63#30.27#27.1
-100.001,46.96#42.61#30.25#27.14
-99.9396,46.9615#42.58#30.22#27.2
-99.8779,46.9631#42.56#30.19#27.25
-99.8162,46.9646#42.54#30.16#27.3
-99.7545,46.9661#42.51#30.13#27.36
-99.6928,46.9675#42.49#30.09#27.42
-99.6312,46.969#42.47#30.06#27.47
-99.5695,46.9704#42.44#30.03#27.53
-99.5078,46.9718#42.42#30#27.58
-99.4461,46.9732#42.4#29.98#27.62
-99.3844,46.9746#42.37#29.96#27.67
-99.3227,46.9759#42.35#29.94#27.71
-99.261,46.9773#42.32#29.92#27.76
-99.1993,46.9786#42.3#29.91#27.79
-99.1376,46.9799#42.27#29.89#27.84
-99.0759,46.9811#42.25#29.87#27.88
-99.0142,46.9824#42.22#29.85#27.93
-98.9525,46.9836#42.2#29.84#27.96
-98.8908,46.9849#42.17#29.83#28
-98.829,46.9861#42.15#29.81#28.04
-98.7673,46.9872#42.12#29.8#28.08
-98.7056,46.9884#42.1#29.79#28.11
-98.6439,46.9895#42.07#29.78#28.15
-98.5822,46.9907#42.05#29.77#28.18
-98.5205,46.9918#42.02#29.76#28.22
-98.4587,46.9928#42#29.75#28.25
-98.397,46.9939#41.97#29.75#28.28
-98.3353,46.995#41.95#29.75#28.3
-98.2736,46.996#41.92#29.74#28.34
-98.2118,46.997#41.9#29.74#28.36
-98.1501,46.998#41.87#29.73#28.4
-98.0884,46.9989#41.85#29.73#28.42
-98.0267,46.9999#41.83#29.72#28.45
-97.9649,47.0008#41.8#29.73#28.47
-97.9032,47.0017#41.78#29.74#28.48
-97.8415,47.0026#41.75#29.75#28.5
-97.7797,47.0035#41.73#29.76#28.51
-97.718,47.0044#41.71#29.77#28.52
-97.6563,47.0052#41.68#29.79#28.53
-97.5945,47.006#41.66#29.8#28.54
-97.5328,47.0068#41.63#29.81#28.56
-97.471,47.0076#41.61#29.82#28.57
-97.4093,47.0083#41.59#29.82#28.59
-97.3476,47.0091#41.56#29.83#28.61
-97.2858,47.0098#41.54#29.84#28.62
-97.2241,47.0105#41.51#29.85#28.64
-97.1623,47.0112#41.49#29.86#28.65
-97.1006,47.0118#41.46#29.87#28.67
-97.0388,47.0125#41.44#29.87#28.69
-96.9771,47.0131#41.41#29.88#28.71
-96.9153,47.0137#41.38#29.89#28.73
-96.8536,47.0143#41.35#29.9#28.75
-96.7918,47.0149#41.33#29.91#28.76
-96.7301,47.0154#41.3#29.92#28.78
-96.6683,47.0159#41.27#29.93#28.8
-96.6066,47.0164#41.24#29.93#28.83
-96.5448,47.0169#41.21#29.94#28.85
-96.4831,47.0174#41.18#29.94#28.88
-96.4213,47.0179#41.15#29.9#28.95
-96.3596,47.0183#41.12#29.85#29.03
-96.2978,47.0187#41.09#29.81#29.1
-96.236,47.0191#41.05#29.77#29.18
-96.1743,47.0195#41.02#29.73#29.25
-96.1125,47.0198#40.99#29.69#29.32
-96.0508,47.0202#40.96#29.65#29.39
-95.989,47.0205#40.93#29.6#29.47
-95.9273,47.0208#40.88#29.48#29.64
-95.8655,47.0211#40.84#29.37#29.79
-95.8037,47.0213#40.79#29.25#29.96
-95.742,47.0216#40.75#29.13#30.12
-95.6802,47.0218#40.7#29.02#30.28
-95.6185,47.022#40.66#28.9#30.44
-95.5567,47.0222#40.61#28.79#30.6
-95.4949,47.0223#40.57#28.67#30.76
-95.4332,47.0225#40.5#28.58#30.92
-95.3714,47.0226#40.44#28.49#31.07
-95.3097,47.0227#40.38#28.41#31.21
-95.2479,47.0228#40.32#28.32#31.36
-95.1861,47.0228#40.26#28.23#31.51
-95.1244,47.0229#40.2#28.14#31.66
-95.0626,47.0229#40.14#28.05#31.81
-95.0009,47.0229#40.08#27.96#31.96
-94.9391,47.0229#39.98#27.93#32.09
-94.8773,47.0229#39.89#27.9#32.21
-94.8156,47.0229#39.79#27.87#32.34
-94.7538,47.0228#39.69#27.84#32.47
-94.692,47.0227#39.6#27.81#32.59
-94.6303,47.0226#39.5#27.78#32.72
-94.5685,47.0225#39.41#27.75#32.84
-94.5068,47.0223#39.31#27.72#32.97
-94.445,47.0222#39.21#27.71#33.08
-94.3832,47.022#39.11#27.69#33.2
-94.3215,47.0218#39.01#27.68#33.31
-94.2597,47.0216#38.91#27.67#33.42
-94.198,47.0213#38.81#27.65#33.54
-94.1362,47.0211#38.71#27.64#33.65
-94.0744,47.0208#38.61#27.63#33.76
-94.0127,47.0205#38.51#27.61#33.88
-93.9509,47.0202#38.42#27.6#33.98
-93.8892,47.0198#38.33#27.6#34.07
-93.8274,47.0195#38.24#27.59#34.17
-93.7657,47.0191#38.16#27.58#34.26
-93.7039,47.0187#38.07#27.58#34.35
-93.6421,47.0183#37.98#27.57#34.45
-93.5804,47.0179#37.9#27.56#34.54
-93.5186,47.0174#37.81#27.56#34.63
-93.4569,47.0169#37.74#27.55#34.71
-93.3951,47.0165#37.67#27.55#34.78
-93.3334,47.016#37.6#27.54#34.86
-93.2716,47.0154#37.53#27.54#34.93
-93.2099,47.0149#37.46#27.54#35
-93.1481,47.0143#37.39#27.53#35.08
-93.0864,47.0137#37.32#27.53#35.15
-93.0246,47.0131#37.25#27.52#35.23
-92.9629,47.0125#37.2#27.52#35.28
-92.9011,47.0119#37.15#27.52#35.33
-92.8394,47.0112#37.11#27.51#35.38
-92.7776,47.0105#37.06#27.51#35.43
-92.7159,47.0098#37.02#27.51#35.47
-92.6542,47.0091#36.97#27.51#35.52
-92.5924,47.0084#36.93#27.5#35.57
-92.5307,47.0076#36.88#27.5#35.62
-92.4689,47.0068#36.84#27.5#35.66
-92.4072,47.006#36.82#27.49#35.69
-92.3455,47.0052#36.79#27.49#35.72
-92.2837,47.0044#36.76#27.49#35.75
-92.222,47.0035#36.73#27.49#35.78
-92.1602,47.0027#36.71#27.48#35.81
-92.0985,47.0018#36.68#27.48#35.84
-92.0368,47.0009#36.65#27.48#35.87
-91.975,46.9999#36.63#27.48#35.89
-91.9133,46.999#36.62#27.47#35.91
-91.8516,46.998#36.61#27.47#35.92
-91.7899,46.997#36.6#27.47#35.93
-91.7281,46.996#36.59#27.47#35.94
-91.6664,46.995#36.58#27.46#35.96
-91.6047,46.9939#36.57#27.46#35.97
-91.543,46.9929#36.55#27.46#35.99
-91.4812,46.9918#36.55#27.46#35.99
-91.4195,46.9907#36.56#27.45#35.99
-91.3578,46.9896#36.57#27.45#35.98
-91.2961,46.9884#36.58#27.45#35.97
-91.2344,46.9873#36.59#27.45#35.96
-91.1727,46.9861#36.59#27.44#35.97
-91.111,46.9849#36.6#27.44#35.96
-91.0492,46.9837#36.61#27.44#35.95
-90.9875,46.9824#36.63#27.44#35.93
-90.9258,46.9812#36.65#27.43#35.92
-90.8641,46.9799#36.68#27.43#35.89
-90.8024,46.9786#36.71#27.43#35.86
-90.7407,46.9773#36.73#27.43#35.84
-90.679,46.976#36.76#27.42#35.82
-90.6173,46.9746#36.79#27.42#35.79
-90.5556,46.9732#36.81#27.42#35.77
-90.4939,46.9719#36.84#27.42#35.74
-90.4322,46.9704#36.88#27.41#35.71
-90.3705,46.969#36.92#27.41#35.67
-90.3089,46.9676#36.96#27.41#35.63
-90.2472,46.9661#37#27.41#35.59
-90.1855,46.9646#37.04#27.4#35.56
-90.1238,46.9631#37.09#27.4#35.51
-90.0621,46.9616#37.13#27.4#35.47
-90.0004,46.96#37.17#27.4#35.43
-89.9388,46.9585#37.22#27.39#35.39
-89.8771,46.9569#37.26#27.39#35.35
-89.8154,46.9553#37.31#27.39#35.3
-89.7538,46.9537#37.36#27.39#35.25
-89.6921,46.952#37.41#27.39#35.2
-89.6304,46.9504#37.46#27.39#35.15
-89.5688,46.9487#37.5#27.38#35.12
-89.5071,46.947#37.55#27.38#35.07
-89.4454,46.9453#37.59#27.39#35.02
-89.3838,46.9436#37.63#27.39#34.98
-89.3221,46.9418#37.68#27.39#34.93
-89.2605,46.94#37.72#27.4#34.88
-89.1988,46.9382#37.76#27.4#34.84
-89.1372,46.9364#37.8#27.41#34.79
-89.0755,46.9346#37.84#27.41#34.75
-89.0139,46.9327#37.88#27.41#34.71
-88.9523,46.9309#37.91#27.45#34.64
-88.8906,46.929#37.95#27.5#34.55
-88.829,46.9271#37.98#27.56#34.46
-88.7673,46.9251#38.01#27.61#34.38
-88.7057,46.9232#38.04#27.66#34.3
-88.6441,46.9212#38.07#27.71#34.22
-88.5825,46.9193#38.11#27.77#34.12
-88.5208,46.9172#38.14#27.82#34.04
-88.4592,46.9152#38.15#27.9#33.95
-88.3976,46.9132#38.16#27.99#33.85
-88.336,46.9111#38.16#28.08#33.76
-88.2744,46.909#38.16#28.17#33.67
-88.2128,46.9069#38.17#28.26#33.57
-88.1512,46.9048#38.17#28.35#33.48
-88.0896,46.9027#38.18#28.44#33.38
-88.028,46.9005#38.18#28.53#33.29
-103.086,46.9005#43.81#28.03#28.16
-103.024,46.903#43.78#28.06#28.16
-102.963,46.9054#43.74#28.15#28.11
-102.901,46.9079#43.71#28.27#28.02
-102.839,46.9104#43.68#28.39#27.93
-102.778,46.9128#43.64#28.51#27.85
-102.716,46.9152#43.61#28.63#27.76
-102.655,46.9176#43.58#28.75#27.67
-102.593,46.9199#43.55#28.86#27.59
-102.531,46.9223#43.51#28.98#27.51
-102.47,46.9246#43.48#29.09#27.43
-102.408,46.9269#43.46#29.18#27.36
-102.347,46.9292#43.43#29.27#27.3
-102.285,46.9315#43.4#29.36#27.24
-102.223,46.9337#43.37#29.45#27.18
-102.162,46.936#43.34#29.54#27.12
-102.1,46.9382#43.32#29.63#27.05
-102.039,46.9404#43.29#29.72#26.99
-101.977,46.9426#43.26#29.8#26.94
-101.915,46.9447#43.24#29.85#26.91
-101.854,46.9469#43.22#29.9#26.88
-101.792,46.949#43.19#29.95#26.86
-101.73,46.9511#43.17#30#26.83
-101.669,46.9532#43.15#30.05#26.8
-101.607,46.9552#43.12#30.1#26.78
-101.545,46.9573#43.1#30.15#26.75
-101.484,46.9593#43.08#30.19#26.73
-101.422,46.9613#43.05#30.21#26.74
-101.361,46.9633#43.03#30.23#26.74
-101.299,46.9652#43.01#30.26#26.73
-101.237,46.9672#42.99#30.28#26.73
-101.176,46.9691#42.97#30.3#26.73
-101.114,46.971#42.95#30.32#26.73
-101.052,46.9729#42.93#30.35#26.72
-100.991,46.9748#42.9#30.37#26.73
-100.929,46.9766#42.88#30.37#26.75
-100.867,46.9785#42.86#30.38#26.76
-100.806,46.9803#42.84#30.38#26.78
-100.744,46.9821#42.82#30.39#26.79
-100.682,46.9839#42.8#30.39#26.81
-100.62,46.9856#42.78#30.4#26.82
-100.559,46.9873#42.76#30.4#26.84
-100.497,46.9891#42.74#30.41#26.85
-100.435,46.9908#42.72#30.39#26.89
-100.374,46.9924#42.7#30.37#26.93
-100.312,46.9941#42.67#30.35#26.98
-100.25,46.9957#42.65#30.33#27.02
-100.189,46.9974#42.63#30.31#27.06
-100.127,46.999#42.61#30.29#27.1
-100.065,47.0005#42.59#30.27#27.14
-100.004,47.0021#42.56#30.25#27.19
-99.9418,47.0036#42.54#30.22#27.24
-99.8801,47.0052#42.52#30.19#27.29
-99.8184,47.0067#42.49#30.16#27.35
-99.7567,47.0082#42.47#30.13#27.4
-99.695,47.0096#42.45#30.1#27.45
-99.6333,47.0111#42.43#30.07#27.5
-99.5715,47.0125#42.4#30.04#27.56
-99.5098,47.0139#42.38#30.01#27.61
-99.4481,47.0153#42.35#29.99#27.66
-99.3864,47.0167#42.33#29.97#27.7
-99.3247,47.018#42.31#29.95#27.74
-99.2629,47.0194#42.28#29.93#27.79
-99.2012,47.0207#42.26#29.91#27.83
-99.1395,47.022#42.23#29.89#27.88
-99.0777,47.0233#42.21#29.87#27.92
-99.016,47.0245#42.18#29.86#27.96
-98.9543,47.0257#42.16#29.84#28
-98.8925,47.027#42.13#29.83#28.04
-98.8308,47.0282#42.11#29.82#28.07
-98.769,47.0293#42.08#29.81#28.11
-98.7073,47.0305#42.06#29.8#28.14
-98.6456,47.0316#42.03#29.79#28.18
-98.5838,47.0328#42.01#29.78#28.21
-98.5221,47.0339#41.98#29.77#28.25
-98.4603,47.035#41.96#29.76#28.28
-98.3986,47.036#41.93#29.75#28.32
-98.3368,47.0371#41.91#29.75#28.34
-98.2751,47.0381#41.89#29.75#28.36
-98.2133,47.0391#41.86#29.74#28.4
-98.1516,47.0401#41.84#29.74#28.42
-98.0898,47.0411#41.81#29.73#28.46
-98.028,47.042#41.79#29.73#28.48
-97.9663,47.0429#41.77#29.73#28.5
-97.9045,47.0438#41.74#29.74#28.52
-97.8428,47.0447#41.72#29.75#28.53
-97.781,47.0456#41.69#29.76#28.55
-97.7192,47.0465#41.67#29.77#28.56
-97.6575,47.0473#41.65#29.78#28.57
-97.5957,47.0481#41.62#29.79#28.59
-97.5339,47.0489#41.6#29.79#28.61
-97.4722,47.0497#41.57#29.8#28.63
-97.4104,47.0504#41.55#29.81#28.64
-97.3486,47.0512#41.53#29.82#28.65
-97.2869,47.0519#41.5#29.83#28.67
-97.2251,47.0526#41.48#29.84#28.68
-97.1633,47.0533#41.45#29.85#28.7
-97.1015,47.054#41.43#29.86#28.71
-97.0398,47.0546#41.4#29.87#28.73
-96.978,47.0552#41.38#29.87#28.75
-96.9162,47.0558#41.35#29.88#28.77
-96.8544,47.0564#41.32#29.89#28.79
-96.7926,47.057#41.29#29.9#28.81
-96.7309,47.0575#41.26#29.91#28.83
-96.6691,47.058#41.23#29.92#28.85
-96.6073,47.0586#41.21#29.93#28.86
-96.5455,47.059#41.18#29.94#28.88
-96.4837,47.0595#41.15#29.93#28.92
-96.422,47.06#41.12#29.9#28.98
-96.3602,47.0604#41.09#29.86#29.05
-96.2984,47.0608#41.06#29.83#29.11
-96.2366,47.0612#41.02#29.79#29.19
-96.1748,47.0616#40.99#29.76#29.25
-96.113,47.0619#40.96#29.72#29.32
-96.0513,47.0623#40.93#29.69#29.38
-95.9895,47.0626#40.9#29.64#29.46
-95.9277,47.0629#40.85#29.52#29.63
-95.8659,47.0632#40.81#29.41#29.78
-95.8041,47.0634#40.76#29.29#29.95
-95.7423,47.0637#40.71#29.18#30.11
-95.6805,47.0639#40.67#29.06#30.27
-95.6187,47.0641#40.62#28.95#30.43
-95.557,47.0643#40.58#28.83#30.59
-95.4952,47.0644#40.53#28.72#30.75
-95.4334,47.0646#40.47#28.63#30.9
-95.3716,47.0647#40.41#28.55#31.04
-95.3098,47.0648#40.35#28.46#31.19
-95.248,47.0649#40.28#28.38#31.34
-95.1862,47.065#40.22#28.3#31.48
-95.1244,47.065#40.16#28.21#31.63
-95.0626,47.065#40.1#28.13#31.77
-95.0009,47.065#40.04#28.04#31.92
-94.9391,47.065#39.94#28.01#32.05
-94.8773,47.065#39.84#27.98#32.18
-94.8155,47.065#39.74#27.95#32.31
-94.7537,47.0649#39.64#27.92#32.44
-94.6919,47.0648#39.54#27.9#32.56
-94.6301,47.0647#39.44#27.87#32.69
-94.5683,47.0646#39.34#27.84#32.82
-94.5065,47.0644#39.24#27.81#32.95
-94.4448,47.0643#39.14#27.79#33.07
-94.383,47.0641#39.04#27.78#33.18
-94.3212,47.0639#38.94#27.76#33.3
-94.2594,47.0637#38.84#27.75#33.41
-94.1976,47.0634#38.74#27.74#33.52
-94.1358,47.0632#38.64#27.72#33.64
-94.074,47.0629#38.54#27.71#33.75
-94.0122,47.0626#38.44#27.69#33.87
-93.9505,47.0623#38.35#27.69#33.96
-93.8887,47.0619#38.26#27.68#34.06
-93.8269,47.0616#38.17#27.67#34.16
-93.7651,47.0612#38.08#27.67#34.25
-93.7033,47.0608#38#27.66#34.34
-93.6415,47.0604#37.91#27.65#34.44
-93.5797,47.06#37.82#27.65#34.53
-93.518,47.0595#37.73#27.64#34.63
-93.4562,47.0591#37.66#27.63#34.71
-93.3944,47.0586#37.59#27.63#34.78
-93.3326,47.0581#37.52#27.63#34.85
-93.2708,47.0575#37.45#27.62#34.93
-93.2091,47.057#37.38#27.62#35
-93.1473,47.0564#37.31#27.61#35.08
-93.0855,47.0558#37.24#27.61#35.15
-93.0237,47.0552#37.17#27.6#35.23
-92.962,47.0546#37.11#27.6#35.29
-92.9002,47.054#37.07#27.6#35.33
-92.8384,47.0533#37.02#27.59#35.39
-92.7766,47.0526#36.97#27.59#35.44
-92.7149,47.0519#36.93#27.59#35.48
-92.6531,47.0512#36.88#27.59#35.53
-92.5913,47.0505#36.84#27.58#35.58
-92.5295,47.0497#36.79#27.58#35.63
-92.4678,47.0489#36.75#27.58#35.67
-92.406,47.0481#36.72#27.57#35.71
-92.3442,47.0473#36.69#27.57#35.74
-92.2825,47.0465#36.67#27.57#35.76
-92.2207,47.0456#36.64#27.57#35.79
-92.1589,47.0448#36.61#27.56#35.83
-92.0972,47.0439#36.58#27.56#35.86
-92.0354,47.043#36.55#27.56#35.89
-91.9737,47.042#36.53#27.55#35.92
-91.9119,47.0411#36.52#27.55#35.93
-91.8502,47.0401#36.51#27.55#35.94
-91.7884,47.0391#36.5#27.55#35.95
-91.7266,47.0381#36.48#27.54#35.98
-91.6649,47.0371#36.47#27.54#35.99
-91.6031,47.036#36.46#27.54#36
-91.5414,47.035#36.45#27.54#36.01
-91.4796,47.0339#36.44#27.53#36.03
-91.4179,47.0328#36.45#27.53#36.02
-91.3561,47.0317#36.46#27.53#36.01
-91.2944,47.0305#36.47#27.53#36
-91.2327,47.0294#36.48#27.52#36
-91.1709,47.0282#36.48#27.52#36
-91.1092,47.027#36.49#27.52#35.99
-91.0474,47.0258#36.5#27.52#35.98
-90.9857,47.0245#36.52#27.51#35.97
-90.924,47.0233#36.54#27.51#35.95
-90.8622,47.022#36.57#27.51#35.92
-90.8005,47.0207#36.59#27.51#35.9
-90.7388,47.0194#36.62#27.5#35.88
-90.677,47.0181#36.64#27.5#35.86
-90.6153,47.0167#36.67#27.5#35.83
-90.5536,47.0153#36.7#27.5#35.8
-90.4919,47.014#36.72#27.49#35.79
-90.4302,47.0125#36.76#27.49#35.75
-90.3684,47.0111#36.8#27.49#35.71
-90.3067,47.0097#36.84#27.49#35.67
-90.245,47.0082#36.88#27.48#35.64
-90.1833,47.0067#36.93#27.48#35.59
-90.1216,47.0052#36.97#27.48#35.55
-90.0599,47.0037#37.01#27.48#35.51
-89.9982,47.0021#37.05#27.47#35.48
-89.9365,47.0006#37.09#27.47#35.44
-89.8748,46.999#37.14#27.47#35.39
-89.8131,46.9974#37.19#27.47#35.34
-89.7514,46.9958#37.23#27.47#35.3
-89.6897,46.9941#37.28#27.47#35.25
-89.628,46.9925#37.33#27.46#35.21
-89.5663,46.9908#37.38#27.46#35.16
-89.5046,46.9891#37.42#27.46#35.12
-89.4429,46.9874#37.46#27.46#35.08
-89.3812,46.9857#37.5#27.47#35.03
-89.3195,46.9839#37.54#27.47#34.99
-89.2579,46.9821#37.58#27.47#34.95
-89.1962,46.9803#37.62#27.48#34.9
-89.1345,46.9785#37.66#27.48#34.86
-89.0728,46.9767#37.7#27.48#34.82
-89.0112,46.9748#37.74#27.49#34.77
-88.9495,46.973#37.78#27.52#34.7
-88.8878,46.9711#37.8#27.57#34.63
-88.8262,46.9692#37.83#27.61#34.56
-88.7645,46.9672#37.86#27.66#34.48
-88.7029,46.9653#37.89#27.71#34.4
-88.6412,46.9633#37.92#27.75#34.33
-88.5795,46.9614#37.95#27.8#34.25
-88.5179,46.9593#37.99#27.85#34.16
-88.4562,46.9573#38#27.93#34.07
-88.3946,46.9553#38#28.02#33.98
-88.333,46.9532#38#28.1#33.9
-88.2713,46.9511#38#28.19#33.81
-88.2097,46.949#38#28.28#33.72
-88.1481,46.9469#38.01#28.37#33.62
-88.0864,46.9448#38.01#28.46#33.53
-88.0248,46.9426#38.01#28.55#33.44
-87.9632,46.9405#38.01#28.64#33.35
-87.9015,46.9383#38#28.73#33.27
-87.8399,46.936#38#28.81#33.19
-87.7783,46.9338#37.99#28.9#33.11
-87.7167,46.9316#37.99#28.99#33.02
-87.6551,46.9293#37.98#29.08#32.94
-87.5935,46.927#37.98#29.17#32.85
-87.5319,46.9247#37.97#29.26#32.77
-87.4703,46.9224#37.96#29.33#32.71
-87.4087,46.92#37.94#29.38#32.68
-87.3471,46.9176#37.92#29.43#32.65
-87.2855,46.9152#37.9#29.48#32.62
-87.2239,46.9128#37.88#29.53#32.59
-87.1623,46.9104#37.86#29.59#32.55
-87.1007,46.908#37.84#29.64#32.52
-87.0392,46.9055#37.82#29.69#32.49
-86.9776,46.903#37.79#29.74#32.47
-86.916,46.9005#37.75#29.8#32.45
-104.013,46.9027#44.34#27.72#27.94
-103.951,46.9055#44.3#27.74#27.96
-103.89,46.9083#44.26#27.76#27.98
-103.828,46.911#44.21#27.78#28.01
-103.767,46.9137#44.17#27.8#28.03
-103.705,46.9165#44.13#27.82#28.05
-103.644,46.9191#44.09#27.84#28.07
-103.582,46.9218#44.05#27.86#28.09
-103.52,46.9245#44.01#27.88#28.11
-103.459,46.9271#43.97#27.91#28.12
-103.397,46.9297#43.93#27.95#28.12
-103.336,46.9323#43.89#27.98#28.13
-103.274,46.9349#43.86#28.02#28.12
-103.213,46.9375#43.82#28.05#28.13
-103.151,46.94#43.79#28.09#28.12
-103.089,46.9425#43.75#28.12#28.13
-103.028,46.945#43.71#28.16#28.13
-102.966,46.9475#43.68#28.24#28.08
-102.905,46.95#43.65#28.35#28
-102.843,46.9524#43.61#28.46#27.93
-102.781,46.9549#43.58#28.58#27.84
-102.72,46.9573#43.55#28.69#27.76
-102.658,46.9596#43.52#28.8#27.68
-102.596,46.962#43.49#28.91#27.6
-102.535,46.9644#43.45#29.03#27.52
-102.473,46.9667#43.42#29.13#27.45
-102.412,46.969#43.4#29.21#27.39
-102.35,46.9713#43.37#29.3#27.33
-102.288,46.9736#43.34#29.38#27.28
-102.227,46.9758#43.31#29.47#27.22
-102.165,46.9781#43.29#29.55#27.16
-102.103,46.9803#43.26#29.64#27.1
-102.042,46.9825#43.23#29.72#27.05
-101.98,46.9847#43.21#29.79#27
-101.918,46.9868#43.18#29.84#26.98
-101.857,46.9889#43.16#29.89#26.95
-101.795,46.9911#43.14#29.94#26.92
-101.733,46.9932#43.11#29.99#26.9
-101.672,46.9952#43.09#30.04#26.87
-101.61,46.9973#43.07#30.08#26.85
-101.548,46.9994#43.05#30.13#26.82
-101.487,47.0014#43.02#30.18#26.8
-101.425,47.0034#43#30.2#26.8
-101.363,47.0054#42.98#30.22#26.8
-101.302,47.0073#42.96#30.24#26.8
-101.24,47.0093#42.94#30.27#26.79
-101.178,47.0112#42.92#30.29#26.79
-101.117,47.0131#42.9#30.31#26.79
-101.055,47.015#42.88#30.33#26.79
-100.993,47.0169#42.86#30.35#26.79
-100.932,47.0187#42.84#30.36#26.8
-100.87,47.0206#42.82#30.36#26.82
-100.808,47.0224#42.79#30.37#26.84
-100.746,47.0242#42.77#30.37#26.86
-100.685,47.0259#42.75#30.38#26.87
-100.623,47.0277#42.73#30.39#26.88
-100.561,47.0294#42.71#30.39#26.9
-100.5,47.0311#42.69#30.4#26.91
-100.438,47.0328#42.67#30.38#26.95
-100.376,47.0345#42.65#30.36#26.99
-100.314,47.0362#42.63#30.34#27.03
-100.253,47.0378#42.61#30.32#27.07
-100.191,47.0394#42.59#30.3#27.11
-100.129,47.041#42.56#30.28#27.16
-100.068,47.0426#42.54#30.26#27.2
-100.006,47.0442#42.52#30.24#27.24
-99.9441,47.0457#42.5#30.21#27.29
-99.8823,47.0473#42.48#30.18#27.34
-99.8206,47.0488#42.45#30.15#27.4
-99.7589,47.0503#42.43#30.12#27.45
-99.6971,47.0517#42.41#30.1#27.49
-99.6354,47.0532#42.38#30.07#27.55
-99.5736,47.0546#42.36#30.04#27.6
-99.5119,47.056#42.34#30.01#27.65
-99.4501,47.0574#42.31#29.99#27.7
-99.3884,47.0588#42.29#29.97#27.74
-99.3266,47.0601#42.27#29.95#27.78
-99.2649,47.0615#42.24#29.94#27.82
-99.2031,47.0628#42.22#29.92#27.86
-99.1414,47.0641#42.19#29.9#27.91
-99.0796,47.0653#42.17#29.88#27.95
-99.0178,47.0666#42.14#29.86#28
-98.9561,47.0678#42.12#29.85#28.03
-98.8943,47.0691#42.09#29.84#28.07
-98.8325,47.0703#42.07#29.83#28.1
-98.7708,47.0714#42.04#29.82#28.14
-98.709,47.0726#42.02#29.8#28.18
-98.6472,47.0737#41.99#29.79#28.22
-98.5854,47.0749#41.97#29.78#28.25
-98.5237,47.076#41.94#29.77#28.29
-98.4619,47.077#41.92#29.76#28.32
-98.4001,47.0781#41.9#29.76#28.34
-98.3383,47.0792#41.87#29.75#28.38
-98.2766,47.0802#41.85#29.75#28.4
-98.2148,47.0812#41.83#29.74#28.43
-98.153,47.0822#41.8#29.74#28.46
-98.0912,47.0832#41.78#29.73#28.49
-98.0294,47.0841#41.75#29.73#28.52
-97.9676,47.085#41.73#29.73#28.54
-97.9058,47.0859#41.71#29.74#28.55
-97.8441,47.0868#41.68#29.75#28.57
-97.7823,47.0877#41.66#29.75#28.59
-97.7205,47.0886#41.64#29.76#28.6
-97.6587,47.0894#41.61#29.77#28.62
-97.5969,47.0902#41.59#29.78#28.63
-97.5351,47.091#41.56#29.78#28.66
-97.4733,47.0918#41.54#29.79#28.67
-97.4115,47.0925#41.52#29.8#28.68
-97.3497,47.0933#41.49#29.81#28.7
-97.2879,47.094#41.47#29.82#28.71
-97.2261,47.0947#41.44#29.83#28.73
-97.1643,47.0954#41.42#29.84#28.74
-97.1025,47.096#41.39#29.85#28.76
-97.0407,47.0967#41.37#29.86#28.77
-96.9789,47.0973#41.34#29.87#28.79
-96.9171,47.0979#41.31#29.88#28.81
-96.8553,47.0985#41.29#29.88#28.83
-96.7935,47.0991#41.26#29.89#28.85
-96.7317,47.0996#41.23#29.9#28.87
-96.6698,47.1001#41.2#29.91#28.89
-96.608,47.1007#41.17#29.92#28.91
-96.5462,47.1011#41.14#29.93#28.93
-96.4844,47.1016#41.12#29.93#28.95
-96.4226,47.1021#41.09#29.9#29.01
-96.3608,47.1025#41.05#29.87#29.08
-96.299,47.1029#41.02#29.84#29.14
-96.2372,47.1033#40.99#29.81#29.2
-96.1754,47.1037#40.96#29.78#29.26
-96.1135,47.104#40.93#29.75#29.32
-96.0517,47.1044#40.9#29.72#29.38
-95.9899,47.1047#40.87#29.68#29.45
-95.9281,47.105#40.82#29.56#29.62
-95.8663,47.1053#40.78#29.45#29.77
-95.8045,47.1055#40.73#29.33#29.94
-95.7427,47.1058#40.68#29.22#30.1
-95.6808,47.106#40.64#29.1#30.26
-95.619,47.1062#40.59#28.99#30.42
-95.5572,47.1064#40.54#28.87#30.59
-95.4954,47.1065#40.5#28.76#30.74
-95.4336,47.1067#40.43#28.68#30.89
-95.3718,47.1068#40.37#28.6#31.03
-95.3099,47.1069#40.31#28.52#31.17
-95.2481,47.107#40.24#28.44#31.32
-95.1863,47.1071#40.18#28.36#31.46
-95.1245,47.1071#40.12#28.28#31.6
-95.0627,47.1071#40.05#28.21#31.74
-95.0009,47.1071#39.99#28.13#31.88
-94.939,47.1071#39.89#28.1#32.01
-94.8772,47.1071#39.79#28.07#32.14
-94.8154,47.1071#39.69#28.04#32.27
-94.7536,47.107#39.58#28.01#32.41
-94.6918,47.1069#39.48#27.98#32.54
-94.6299,47.1068#39.38#27.95#32.67
-94.5681,47.1067#39.28#27.92#32.8
-94.5063,47.1065#39.17#27.89#32.94
-94.4445,47.1064#39.07#27.88#33.05
-94.3827,47.1062#38.97#27.86#33.17
-94.3209,47.106#38.87#27.85#33.28
-94.259,47.1058#38.77#27.83#33.4
-94.1972,47.1055#38.67#27.82#33.51
-94.1354,47.1053#38.57#27.81#33.62
-94.0736,47.105#38.47#27.79#33.74
-94.0118,47.1047#38.37#27.78#33.85
-93.95,47.1044#38.27#27.77#33.96
-93.8882,47.104#38.19#27.76#34.05
-93.8263,47.1037#38.1#27.75#34.15
-93.7645,47.1033#38.01#27.75#34.24
-93.7027,47.1029#37.92#27.74#34.34
-93.6409,47.1025#37.83#27.73#34.44
-93.5791,47.1021#37.74#27.73#34.53
-93.5173,47.1016#37.65#27.72#34.63
-93.4555,47.1012#37.58#27.71#34.71
-93.3937,47.1007#37.51#27.71#34.78
-93.3319,47.1002#37.44#27.71#34.85
-93.2701,47.0996#37.37#27.7#34.93
-93.2082,47.0991#37.3#27.7#35
-93.1464,47.0985#37.23#27.69#35.08
-93.0846,47.0979#37.15#27.69#35.16
-93.0228,47.0973#37.08#27.68#35.24
-92.961,47.0967#37.03#27.68#35.29
-92.8992,47.0961#36.98#27.68#35.34
-92.8374,47.0954#36.93#27.67#35.4
-92.7756,47.0947#36.89#27.67#35.44
-92.7138,47.094#36.84#27.67#35.49
-92.652,47.0933#36.79#27.67#35.54
-92.5902,47.0926#36.74#27.66#35.6
-92.5284,47.0918#36.7#27.66#35.64
-92.4666,47.091#36.66#27.66#35.68
-92.4048,47.0902#36.63#27.65#35.72
-92.343,47.0894#36.6#27.65#35.75
-92.2812,47.0886#36.57#27.65#35.78
-92.2194,47.0877#36.54#27.64#35.82
-92.1577,47.0869#36.51#27.64#35.85
-92.0959,47.086#36.48#27.64#35.88
-92.0341,47.0851#36.45#27.64#35.91
-91.9723,47.0841#36.43#27.63#35.94
-91.9105,47.0832#36.42#27.63#35.95
-91.8487,47.0822#36.41#27.63#35.96
-91.7869,47.0812#36.39#27.63#35.98
-91.7252,47.0802#36.38#27.62#36
-91.6634,47.0792#36.37#27.62#36.01
-91.6016,47.0781#36.35#27.62#36.03
-91.5398,47.0771#36.34#27.62#36.04
-91.478,47.076#36.34#27.61#36.05
-91.4163,47.0749#36.34#27.61#36.05
-91.3545,47.0738#36.35#27.61#36.04
-91.2927,47.0726#36.36#27.61#36.03
-91.2309,47.0715#36.37#27.6#36.03
-91.1692,47.0703#36.37#27.6#36.03
-91.1074,47.0691#36.38#27.6#36.02
-91.0456,47.0679#36.39#27.6#36.01
-90.9839,47.0666#36.4#27.59#36.01
-90.9221,47.0654#36.43#27.59#35.98
-90.8604,47.0641#36.45#27.59#35.96
-90.7986,47.0628#36.48#27.59#35.93
-90.7368,47.0615#36.5#27.58#35.92
-90.6751,47.0602#36.53#27.58#35.89
-90.6133,47.0588#36.55#27.58#35.87
-90.5516,47.0574#36.58#27.58#35.84
-90.4898,47.056#36.61#27.57#35.82
-90.4281,47.0546#36.65#27.57#35.78
-90.3663,47.0532#36.69#27.57#35.74
-90.3046,47.0518#36.73#27.57#35.7
-90.2428,47.0503#36.77#27.56#35.67
-90.1811,47.0488#36.81#27.56#35.63
-90.1194,47.0473#36.85#27.56#35.59
-90.0576,47.0458#36.89#27.56#35.55
-89.9959,47.0442#36.93#27.55#35.52
-89.9342,47.0427#36.97#27.55#35.48
-89.8724,47.0411#37.02#27.55#35.43
-89.8107,47.0395#37.06#27.55#35.39
-89.749,47.0379#37.11#27.55#35.34
-89.6872,47.0362#37.15#27.54#35.31
-89.6255,47.0346#37.2#27.54#35.26
-89.5638,47.0329#37.25#27.54#35.21
-89.5021,47.0312#37.29#27.54#35.17
-89.4404,47.0295#37.33#27.54#35.13
-89.3787,47.0277#37.37#27.54#35.09
-89.317,47.026#37.41#27.55#35.04
-89.2552,47.0242#37.45#27.55#35
-89.1935,47.0224#37.49#27.55#34.96
-89.1318,47.0206#37.53#27.55#34.92
-89.0701,47.0188#37.57#27.56#34.87
-89.0084,47.0169#37.61#27.56#34.83
-88.9467,47.0151#37.64#27.59#34.77
-88.885,47.0132#37.66#27.63#34.71
-88.8234,47.0113#37.69#27.67#34.64
-88.7617,47.0093#37.72#27.71#34.57
-88.7,47.0074#37.75#27.75#34.5
-88.6383,47.0054#37.78#27.79#34.43
-88.5766,47.0034#37.8#27.84#34.36
-88.5149,47.0014#37.83#27.88#34.29
-88.4533,46.9994#37.84#27.95#34.21
-88.3916,46.9974#37.84#28.04#34.12
-88.3299,46.9953#37.84#28.13#34.03
-88.2683,46.9932#37.84#28.22#33.94
-88.2066,46.9911#37.84#28.31#33.85
-88.1449,46.989#37.84#28.39#33.77
-88.0833,46.9869#37.84#28.48#33.68
-88.0216,46.9847#37.84#28.57#33.59
-87.96,46.9825#37.84#28.65#33.51
-87.8983,46.9803#37.83#28.73#33.44
-87.8367,46.9781#37.82#28.82#33.36
-87.775,46.9759#37.81#28.9#33.29
-87.7134,46.9736#37.8#28.98#33.22
-87.6517,46.9714#37.8#29.06#33.14
-87.5901,46.9691#37.79#29.15#33.06
-87.5285,46.9668#37.78#29.23#32.99
-87.4669,46.9644#37.77#29.3#32.93
-87.4052,46.9621#37.74#29.35#32.91
-87.3436,46.9597#37.72#29.4#32.88
-87.282,46.9573#37.7#29.45#32.85
-87.2204,46.9549#37.68#29.5#32.82
-87.1588,46.9525#37.65#29.55#32.8
-87.0971,46.9501#37.63#29.6#32.77
-87.0355,46.9476#37.61#29.65#32.74
-86.9739,46.9451#37.58#29.71#32.71
-86.9123,46.9426#37.54#29.77#32.69
-86.8507,46.9401#37.5#29.83#32.67
-86.7891,46.9375#37.46#29.9#32.64
-86.7276,46.935#37.42#29.96#32.62
-86.666,46.9324#37.38#30.02#32.6
-86.6044,46.9298#37.34#30.08#32.58
-86.5428,46.9272#37.3#30.15#32.55
-86.4812,46.9246#37.26#30.21#32.53
-86.4197,46.9219#37.22#30.26#32.52
-86.3581,46.9192#37.18#30.31#32.51
-86.2965,46.9165#37.14#30.36#32.5
-86.235,46.9138#37.11#30.42#32.47
-86.1734,46.9111#37.07#30.47#32.46
-86.1119,46.9083#37.03#30.52#32.45
-86.0503,46.9056#36.99#30.58#32.43
-85.9888,46.9028#36.95#30.62#32.43
-85.9272,46.9#36.9#30.65#32.45
-104.94,46.9006#44.9#27.76#27.34
-104.879,46.9037#44.86#27.76#27.38
-104.817,46.9067#44.82#27.76#27.42
-104.756,46.9098#44.78#27.76#27.46
-104.694,46.9128#44.74#27.75#27.51
-104.633,46.9158#44.69#27.75#27.56
-104.571,46.9188#44.65#27.75#27.6
-104.51,46.9217#44.61#27.75#27.64
-104.448,46.9247#44.57#27.76#27.67
-104.386,46.9276#44.53#27.76#27.71
-104.325,46.9305#44.48#27.77#27.75
-104.263,46.9334#44.44#27.78#27.78
-104.202,46.9363#44.4#27.78#27.82
-104.14,46.9391#44.35#27.79#27.86
-104.079,46.9419#44.31#27.8#27.89
-104.017,46.9448#44.27#27.8#27.93
-103.955,46.9475#44.23#27.82#27.95
-103.894,46.9503#44.19#27.84#27.97
-103.832,46.9531#44.14#27.87#27.99
-103.771,46.9558#44.1#27.89#28.01
-103.709,46.9585#44.06#27.91#28.03
-103.648,46.9612#44.02#27.93#28.05
-103.586,46.9639#43.98#27.95#28.07
-103.524,46.9665#43.94#27.98#28.08
-103.463,46.9692#43.9#28.01#28.09
-103.401,46.9718#43.86#28.04#28.1
-103.34,46.9744#43.83#28.08#28.09
-103.278,46.977#43.79#28.11#28.1
-103.216,46.9795#43.76#28.15#28.09
-103.155,46.9821#43.72#28.18#28.1
-103.093,46.9846#43.69#28.22#28.09
-103.031,46.9871#43.65#28.25#28.1
-102.97,46.9896#43.62#28.32#28.06
-102.908,46.992#43.58#28.43#27.99
-102.847,46.9945#43.55#28.54#27.91
-102.785,46.9969#43.52#28.65#27.83
-102.723,46.9993#43.49#28.76#27.75
-102.662,47.0017#43.46#28.86#27.68
-102.6,47.0041#43.43#28.97#27.6
-102.538,47.0064#43.39#29.07#27.54
-102.477,47.0088#43.36#29.17#27.47
-102.415,47.0111#43.34#29.25#27.41
-102.353,47.0134#43.31#29.33#27.36
-102.292,47.0156#43.28#29.41#27.31
-102.23,47.0179#43.26#29.49#27.25
-102.168,47.0201#43.23#29.56#27.21
-102.107,47.0223#43.2#29.64#27.16
-102.045,47.0245#43.18#29.72#27.1
-101.983,47.0267#43.15#29.79#27.06
-101.922,47.0289#43.13#29.83#27.04
-101.86,47.031#43.11#29.88#27.01
-101.798,47.0331#43.08#29.93#26.99
-101.737,47.0352#43.06#29.98#26.96
-101.675,47.0373#43.04#30.03#26.93
-101.613,47.0394#43.02#30.07#26.91
-101.551,47.0414#42.99#30.12#26.89
-101.49,47.0434#42.97#30.16#26.87
-101.428,47.0455#42.95#30.19#26.86
-101.366,47.0474#42.93#30.21#26.86
-101.305,47.0494#42.91#30.23#26.86
-101.243,47.0514#42.89#30.25#26.86
-101.181,47.0533#42.87#30.28#26.85
-101.119,47.0552#42.85#30.3#26.85
-101.058,47.0571#42.83#30.32#26.85
-100.996,47.0589#42.81#30.34#26.85
-100.934,47.0608#42.79#30.35#26.86
-100.873,47.0626#42.77#30.35#26.88
-100.811,47.0644#42.75#30.36#26.89
