-97.9928,29.9004#31.45#32.99#35.56
-97.9404,29.9014#31.49#32.96#35.55
-97.8879,29.9024#31.53#32.93#35.54
-97.8354,29.9034#31.57#32.9#35.53
-97.7829,29.9043#31.61#32.87#35.52
-97.7305,29.9052#31.65#32.84#35.51
-97.678,29.9061#31.68#32.81#35.51
-97.6255,29.907#31.72#32.78#35.5
-97.573,29.9079#31.76#32.75#35.49
-97.5205,29.9088#31.8#32.73#35.47
-97.468,29.9096#31.84#32.72#35.44
-97.4156,29.9104#31.89#32.72#35.39
-97.3631,29.9112#31.94#32.72#35.34
-97.3106,29.912#31.98#32.73#35.29
-97.2581,29.9128#32.03#32.73#35.24
-97.2056,29.9135#32.07#32.73#35.2
-97.1531,29.9142#32.12#32.74#35.14
-97.1006,29.915#32.16#32.74#35.1
-97.0481,29.9157#32.21#32.74#35.05
-96.9957,29.9163#32.25#32.74#35.01
-96.9432,29.917#32.31#32.71#34.98
-96.8907,29.9176#32.37#32.68#34.95
-96.8382,29.9183#32.43#32.65#34.92
-96.7857,29.9189#32.5#32.62#34.88
-96.7332,29.9195#32.56#32.59#34.85
-96.6807,29.92#32.62#32.56#34.82
-96.6282,29.9206#32.68#32.53#34.79
-96.5757,29.9211#32.74#32.5#34.76
-96.5232,29.9217#32.8#32.47#34.73
-96.4707,29.9222#32.85#32.45#34.7
-96.4182,29.9226#32.9#32.43#34.67
-96.3657,29.9231#32.94#32.4#34.66
-96.3132,29.9236#32.99#32.38#34.63
-96.2607,29.924#33.03#32.36#34.61
-96.2082,29.9244#33.08#32.34#34.58
-96.1557,29.9248#33.12#32.32#34.56
-96.1032,29.9252#33.17#32.29#34.54
-96.0507,29.9255#33.21#32.27#34.52
-95.9982,29.9259#33.26#32.25#34.49
-95.9457,29.9262#33.32#32.22#34.46
-95.8932,29.9265#33.39#32.2#34.41
-95.8407,29.9268#33.46#32.17#34.37
-95.7882,29.9271#33.52#32.15#34.33
-95.7357,29.9273#33.59#32.12#34.29
-95.6832,29.9276#33.66#32.1#34.24
-95.6307,29.9278#33.73#32.07#34.2
-95.5782,29.928#33.79#32.04#34.17
-95.5257,29.9282#33.86#32.02#34.12
-95.4732,29.9284#33.91#31.99#34.1
-95.4207,29.9285#33.96#31.96#34.08
-95.3682,29.9286#34.01#31.93#34.06
-95.3157,29.9287#34.06#31.9#34.04
-95.2632,29.9288#34.1#31.87#34.03
-95.2107,29.9289#34.15#31.84#34.01
-95.1582,29.929#34.2#31.81#33.99
-95.1057,29.929#34.24#31.78#33.98
-95.0532,29.9291#34.29#31.75#33.96
-95.0007,29.9291#34.34#31.72#33.94
-94.9482,29.9291#34.37#31.69#33.94
-94.8957,29.929#34.41#31.66#33.93
-94.8432,29.929#34.44#31.63#33.93
-94.7907,29.9289#34.48#31.6#33.92
-94.7382,29.9288#34.52#31.57#33.91
-94.6857,29.9288#34.55#31.54#33.91
-94.6332,29.9286#34.59#31.52#33.89
-94.5807,29.9285#34.62#31.49#33.89
-94.5282,29.9284#34.66#31.46#33.88
-94.4757,29.9282#34.69#31.43#33.88
-94.4232,29.928#34.71#31.4#33.89
-94.3707,29.9278#34.74#31.37#33.89
-94.3182,29.9276#34.77#31.34#33.89
-94.2657,29.9273#34.79#31.31#33.9
-94.2132,29.9271#34.82#31.29#33.89
-94.1607,29.9268#34.84#31.26#33.9
-94.1082,29.9265#34.87#31.23#33.9
-94.0557,29.9262#34.9#31.2#33.9
-94.0032,29.9259#34.92#31.17#33.91
-93.9507,29.9255#34.94#31.14#33.92
-93.8982,29.9252#34.95#31.11#33.94
-93.8457,29.9248#34.97#31.08#33.95
-93.7932,29.9244#34.99#31.05#33.96
-93.7407,29.924#35#31.02#33.98
-93.6882,29.9236#35.02#30.99#33.99
-93.6357,29.9231#35.03#30.96#34.01
-93.5832,29.9227#35.05#30.94#34.01
-93.5307,29.9222#35.06#30.91#34.03
-93.4782,29.9217#35.08#30.87#34.05
-93.4257,29.9211#35.09#30.84#34.07
-93.3732,29.9206#35.1#30.8#34.1
-93.3208,29.9201#35.11#30.77#34.12
-93.2683,29.9195#35.12#30.73#34.15
-93.2158,29.9189#35.13#30.7#34.17
-93.1633,29.9183#35.14#30.66#34.2
-93.1108,29.9177#35.14#30.63#34.23
-93.0583,29.917#35.15#30.59#34.26
-93.0058,29.9164#35.16#30.56#34.28
-92.9533,29.9157#35.17#30.5#34.33
-92.9008,29.915#35.17#30.43#34.4
-92.8483,29.9143#35.17#30.37#34.46
-92.7958,29.9135#35.17#30.3#34.53
-92.7434,29.9128#35.17#30.24#34.59
-92.6909,29.912#35.17#30.18#34.65
-92.6384,29.9112#35.17#30.11#34.72
-92.5859,29.9104#35.17#30.05#34.78
-92.5334,29.9096#35.17#29.98#34.85
-92.4809,29.9088#35.17#29.92#34.91
-92.4284,29.9079#35.17#29.86#34.97
-92.376,29.9071#35.16#29.8#35.04
-92.3235,29.9062#35.16#29.74#35.1
-92.271,29.9053#35.15#29.68#35.17
-92.2185,29.9043#35.15#29.62#35.23
-92.166,29.9034#35.14#29.55#35.31
-92.1136,29.9024#35.14#29.49#35.37
-92.0611,29.9015#35.13#29.43#35.44
-92.0086,29.9005#35.13#29.37#35.5
-99.8307,29.9#29.98#34.6#35.42
-99.7783,29.9016#30.02#34.55#35.43
-99.7258,29.9032#30.05#34.5#35.45
-99.6734,29.9048#30.09#34.45#35.46
-99.6209,29.9063#30.13#34.4#35.47
-99.5684,29.9079#30.17#34.35#35.48
-99.516,29.9094#30.2#34.3#35.5
-99.4635,29.9109#30.25#34.26#35.49
-99.411,29.9124#30.3#34.21#35.49
-99.3586,29.9139#30.36#34.17#35.47
-99.3061,29.9153#30.41#34.12#35.47
-99.2536,29.9168#30.46#34.08#35.46
-99.2012,29.9182#30.52#34.03#35.45
-99.1487,29.9196#30.57#33.99#35.44
-99.0962,29.921#30.62#33.94#35.44
-99.0437,29.9223#30.68#33.9#35.42
-98.9913,29.9237#30.73#33.85#35.42
-98.9388,29.925#30.77#33.8#35.43
-98.8863,29.9263#30.82#33.75#35.43
-98.8338,29.9276#30.86#33.7#35.44
-98.7813,29.9289#30.91#33.65#35.44
-98.7289,29.9301#30.96#33.6#35.44
-98.6764,29.9314#31#33.55#35.45
-98.6239,29.9326#31.05#33.5#35.45
-98.5714,29.9338#31.09#33.45#35.46
-98.5189,29.935#31.14#33.4#35.46
-98.4664,29.9362#31.18#33.35#35.47
-98.4139,29.9373#31.22#33.31#35.47
-98.3615,29.9385#31.25#33.26#35.49
-98.309,29.9396#31.29#33.22#35.49
-98.2565,29.9407#31.33#33.17#35.5
-98.204,29.9418#31.36#33.13#35.51
-98.1515,29.9428#31.4#33.08#35.52
-98.099,29.9439#31.44#33.04#35.52
-98.0465,29.9449#31.47#32.99#35.54
-97.994,29.9459#31.51#32.95#35.54
-97.9415,29.9469#31.55#32.92#35.53
-97.889,29.9479#31.59#32.9#35.51
-97.8365,29.9489#31.63#32.87#35.5
-97.784,29.9498#31.67#32.85#35.48
-97.7315,29.9507#31.71#32.82#35.47
-97.679,29.9517#31.75#32.8#35.45
-97.6265,29.9525#31.79#32.77#35.44
-97.574,29.9534#31.83#32.75#35.42
-97.5215,29.9543#31.87#32.72#35.41
-97.469,29.9551#31.91#32.71#35.38
-97.4165,29.9559#31.95#32.71#35.34
-97.364,29.9567#32#32.71#35.29
-97.3115,29.9575#32.05#32.71#35.24
-97.259,29.9583#32.09#32.71#35.2
-97.2065,29.959#32.14#32.71#35.15
-97.154,29.9598#32.19#32.71#35.1
-97.1014,29.9605#32.23#32.71#35.06
-97.0489,29.9612#32.28#32.71#35.01
-96.9964,29.9618#32.33#32.71#34.96
-96.9439,29.9625#32.39#32.68#34.93
-96.8914,29.9632#32.45#32.65#34.9
-96.8389,29.9638#32.51#32.62#34.87
-96.7864,29.9644#32.58#32.59#34.83
-96.7339,29.965#32.64#32.56#34.8
-96.6814,29.9656#32.7#32.53#34.77
-96.6288,29.9661#32.77#32.5#34.73
-96.5763,29.9666#32.83#32.47#34.7
-96.5238,29.9672#32.9#32.44#34.66
-96.4713,29.9677#32.95#32.42#34.63
-96.4188,29.9682#33#32.39#34.61
-96.3663,29.9686#33.05#32.37#34.58
-96.3137,29.9691#33.1#32.35#34.55
-96.2612,29.9695#33.15#32.33#34.52
-96.2087,29.9699#33.2#32.3#34.5
-96.1562,29.9703#33.25#32.28#34.47
-96.1037,29.9707#33.3#32.26#34.44
-96.0511,29.9711#33.35#32.23#34.42
-95.9986,29.9714#33.4#32.21#34.39
-95.9461,29.9717#33.47#32.18#34.35
-95.8936,29.972#33.54#32.16#34.3
-95.8411,29.9723#33.6#32.13#34.27
-95.7886,29.9726#33.67#32.1#34.23
-95.736,29.9729#33.74#32.08#34.18
-95.6835,29.9731#33.81#32.05#34.14
-95.631,29.9733#33.87#32.02#34.11
-95.5785,29.9735#33.94#32#34.06
-95.5259,29.9737#34.01#31.97#34.02
-95.4734,29.9739#34.06#31.94#34
-95.4209,29.974#34.11#31.91#33.98
-95.3684,29.9742#34.16#31.88#33.96
-95.3159,29.9743#34.2#31.85#33.95
-95.2633,29.9744#34.25#31.82#33.93
-95.2108,29.9744#34.3#31.79#33.91
-95.1583,29.9745#34.34#31.76#33.9
-95.1058,29.9745#34.39#31.73#33.88
-95.0532,29.9746#34.44#31.7#33.86
-95.0007,29.9746#34.48#31.67#33.85
-94.9482,29.9746#34.52#31.64#33.84
-94.8957,29.9745#34.56#31.61#33.83
-94.8432,29.9745#34.59#31.58#33.83
-94.7906,29.9744#34.63#31.55#33.82
-94.7381,29.9744#34.66#31.52#33.82
-94.6856,29.9743#34.7#31.49#33.81
-94.6331,29.9742#34.73#31.46#33.81
-94.5805,29.974#34.77#31.43#33.8
-94.528,29.9739#34.8#31.4#33.8
-94.4755,29.9737#34.83#31.38#33.79
-94.423,29.9735#34.86#31.35#33.79
-94.3705,29.9733#34.88#31.32#33.8
-94.3179,29.9731#34.91#31.29#33.8
-94.2654,29.9729#34.94#31.26#33.8
-94.2129,29.9726#34.96#31.24#33.8
-94.1604,29.9723#34.99#31.21#33.8
-94.1079,29.972#35.01#31.18#33.81
-94.0553,29.9717#35.04#31.15#33.81
-94.0028,29.9714#35.07#31.12#33.81
-93.9503,29.9711#35.08#31.09#33.83
-93.8978,29.9707#35.1#31.07#33.83
-93.8453,29.9703#35.11#31.04#33.85
-93.7927,29.9699#35.13#31.01#33.86
-93.7402,29.9695#35.15#30.98#33.87
-93.6877,29.9691#35.16#30.95#33.89
-93.6352,29.9686#35.18#30.92#33.9
-93.5827,29.9682#35.19#30.89#33.92
-93.5302,29.9677#35.21#30.86#33.93
-93.4776,29.9672#35.22#30.83#33.95
-93.4251,29.9667#35.23#30.79#33.98
-93.3726,29.9661#35.24#30.76#34
-93.3201,29.9656#35.25#30.72#34.03
-93.2676,29.965#35.26#30.69#34.05
-93.2151,29.9644#35.27#30.66#34.07
-93.1626,29.9638#35.28#30.62#34.1
-93.11,29.9632#35.29#30.59#34.12
-93.0575,29.9625#35.3#30.55#34.15
-93.005,29.9619#35.31#30.52#34.17
-92.9525,29.9612#35.31#30.46#34.23
-92.9,29.9605#35.32#30.4#34.28
-92.8475,29.9598#35.32#30.34#34.34
-92.795,29.959#35.32#30.27#34.41
-92.7425,29.9583#35.32#30.21#34.47
-92.69,29.9575#35.32#30.15#34.53
-92.6375,29.9567#35.32#30.09#34.59
-92.585,29.9559#35.32#30.03#34.65
-92.5325,29.9551#35.33#29.97#34.7
-92.4799,29.9543#35.33#29.91#34.76
-92.4274,29.9534#35.32#29.85#34.83
-92.3749,29.9526#35.32#29.79#34.89
-92.3224,29.9517#35.31#29.74#34.95
-92.2699,29.9508#35.31#29.68#35.01
-92.2174,29.9498#35.31#29.63#35.06
-92.1649,29.9489#35.3#29.57#35.13
-92.1124,29.9479#35.3#29.51#35.19
-92.0599,29.947#35.29#29.45#35.26
-92.0074,29.946#35.29#29.4#35.31
-91.9549,29.945#35.28#29.4#35.32
-91.9025,29.9439#35.27#29.41#35.32
-91.85,29.9429#35.27#29.42#35.31
-91.7975,29.9418#35.26#29.43#35.31
-91.745,29.9407#35.25#29.44#35.31
-91.6925,29.9396#35.24#29.46#35.3
-91.64,29.9385#35.23#29.47#35.3
-91.5875,29.9374#35.23#29.48#35.29
-91.535,29.9362#35.22#29.49#35.29
-91.4825,29.935#35.21#29.51#35.28
-91.43,29.9339#35.2#29.55#35.25
-91.3776,29.9326#35.19#29.59#35.22
-91.3251,29.9314#35.18#29.63#35.19
-91.2726,29.9302#35.18#29.67#35.15
-91.2201,29.9289#35.17#29.7#35.13
-91.1676,29.9276#35.16#29.74#35.1
-91.1151,29.9264#35.15#29.78#35.07
-91.0627,29.925#35.14#29.82#35.04
-91.0102,29.9237#35.13#29.86#35.01
-90.9577,29.9224#35.13#29.88#34.99
-90.9052,29.921#35.13#29.9#34.97
-90.8528,29.9196#35.14#29.92#34.94
-90.8003,29.9182#35.14#29.94#34.92
-90.7478,29.9168#35.14#29.95#34.91
-90.6954,29.9154#35.15#29.97#34.88
-90.6429,29.9139#35.15#29.99#34.86
-90.5904,29.9124#35.15#30.01#34.84
-90.5379,29.9109#35.16#30.03#34.81
-90.4855,29.9094#35.16#30.03#34.81
-90.433,29.9079#35.16#30.01#34.83
-90.3806,29.9064#35.17#29.99#34.84
-90.3281,29.9048#35.17#29.97#34.86
-90.2756,29.9032#35.18#29.95#34.87
-90.2232,29.9016#35.18#29.93#34.89
-90.1707,29.9#35.19#29.91#34.9
-101.092,29.9015#29.66#35.5#34.84
-101.039,29.9035#29.66#35.49#34.85
-100.987,29.9055#29.67#35.47#34.86
-100.934,29.9075#29.68#35.44#34.88
-100.882,29.9095#29.69#35.41#34.9
-100.829,29.9115#29.7#35.38#34.92
-100.777,29.9134#29.7#35.35#34.95
-100.724,29.9154#29.71#35.32#34.97
-100.672,29.9173#29.72#35.3#34.98
-100.62,29.9192#29.73#35.27#35
-100.567,29.9211#29.74#35.24#35.02
-100.515,29.9229#29.74#35.21#35.05
-100.462,29.9248#29.76#35.16#35.08
-100.41,29.9266#29.77#35.12#35.11
-100.357,29.9284#29.78#35.07#35.15
-100.305,29.9302#29.8#35.03#35.17
-100.252,29.9319#29.81#34.98#35.21
-100.2,29.9337#29.83#34.93#35.24
-100.147,29.9354#29.84#34.89#35.27
-100.095,29.9371#29.85#34.84#35.31
-100.042,29.9388#29.87#34.79#35.34
-99.99,29.9405#29.89#34.75#35.36
-99.9375,29.9422#29.92#34.69#35.39
-99.8851,29.9438#29.96#34.64#35.4
-99.8326,29.9455#30#34.59#35.41
-99.7801,29.9471#30.04#34.54#35.42
-99.7276,29.9487#30.08#34.49#35.43
-99.6752,29.9503#30.12#34.43#35.45
-99.6227,29.9518#30.15#34.38#35.47
-99.5702,29.9534#30.19#34.33#35.48
-99.5177,29.9549#30.23#34.28#35.49
-99.4652,29.9564#30.28#34.23#35.49
-99.4127,29.9579#30.33#34.18#35.49
-99.3603,29.9594#30.39#34.14#35.47
-99.3078,29.9608#30.44#34.09#35.47
-99.2553,29.9622#30.5#34.04#35.46
-99.2028,29.9637#30.55#34#35.45
-99.1503,29.9651#30.61#33.95#35.44
-99.0978,29.9665#30.66#33.9#35.44
-99.0453,29.9678#30.71#33.86#35.43
-98.9928,29.9692#30.77#33.81#35.42
-98.9403,29.9705#30.81#33.76#35.43
-98.8878,29.9718#30.86#33.71#35.43
-98.8353,29.9731#30.91#33.66#35.43
-98.7828,29.9744#30.95#33.6#35.45
-98.7303,29.9756#31#33.55#35.45
-98.6778,29.9769#31.05#33.5#35.45
-98.6253,29.9781#31.09#33.45#35.46
-98.5728,29.9793#31.14#33.4#35.46
-98.5203,29.9805#31.19#33.35#35.46
-98.4678,29.9817#31.23#33.3#35.47
-98.4153,29.9828#31.27#33.26#35.47
-98.3628,29.984#31.3#33.21#35.49
-98.3103,29.9851#31.34#33.17#35.49
-98.2577,29.9862#31.38#33.13#35.49
-98.2052,29.9873#31.42#33.08#35.5
-98.1527,29.9883#31.46#33.04#35.5
-98.1002,29.9894#31.5#32.99#35.51
-98.0477,29.9904#31.53#32.95#35.52
-97.9952,29.9914#31.57#32.91#35.52
-97.9426,29.9924#31.61#32.88#35.51
-97.8901,29.9934#31.65#32.86#35.49
-97.8376,29.9944#31.69#32.84#35.47
-97.7851,29.9953#31.73#32.82#35.45
-97.7326,29.9962#31.77#32.8#35.43
-97.68,29.9972#31.81#32.78#35.41
-97.6275,29.998#31.85#32.76#35.39
-97.575,29.9989#31.89#32.74#35.37
-97.5225,29.9998#31.93#32.72#35.35
-97.47,30.0006#31.97#32.71#35.32
-97.4174,30.0014#32.02#32.71#35.27
-97.3649,30.0022#32.07#32.71#35.22
-97.3124,30.003#32.11#32.7#35.19
-97.2598,30.0038#32.16#32.7#35.14
-97.2073,30.0045#32.21#32.69#35.1
-97.1548,30.0053#32.25#32.69#35.06
-97.1023,30.006#32.3#32.69#35.01
-97.0497,30.0067#32.35#32.68#34.97
-96.9972,30.0074#32.4#32.68#34.92
-96.9447,30.008#32.46#32.65#34.89
-96.8921,30.0087#32.53#32.62#34.85
-96.8396,30.0093#32.59#32.59#34.82
-96.7871,30.0099#32.66#32.56#34.78
-96.7345,30.0105#32.73#32.53#34.74
-96.682,30.0111#32.79#32.5#34.71
-96.6295,30.0116#32.86#32.47#34.67
-96.5769,30.0122#32.92#32.44#34.64
-96.5244,30.0127#32.99#32.41#34.6
-96.4719,30.0132#33.05#32.39#34.56
-96.4193,30.0137#33.11#32.36#34.53
-96.3668,30.0141#33.16#32.34#34.5
-96.3142,30.0146#33.22#32.32#34.46
-96.2617,30.015#33.27#32.29#34.44
-96.2092,30.0154#33.33#32.27#34.4
-96.1566,30.0158#33.38#32.24#34.38
-96.1041,30.0162#33.44#32.22#34.34
-96.0516,30.0166#33.49#32.2#34.31
-95.999,30.0169#33.55#32.17#34.28
-95.9465,30.0172#33.62#32.15#34.23
-95.8939,30.0175#33.68#32.12#34.2
-95.8414,30.0178#33.75#32.09#34.16
-95.7889,30.0181#33.82#32.06#34.12
-95.7363,30.0184#33.89#32.03#34.08
-95.6838,30.0186#33.95#32.01#34.04
-95.6312,30.0188#34.02#31.98#34
-95.5787,30.019#34.09#31.95#33.96
-95.5261,30.0192#34.15#31.92#33.93
-95.4736,30.0194#34.21#31.89#33.9
-95.4211,30.0195#34.26#31.86#33.88
-95.3685,30.0197#34.31#31.83#33.86
-95.316,30.0198#34.35#31.8#33.85
-95.2634,30.0199#34.4#31.77#33.83
-95.2109,30.02#34.45#31.74#33.81
-95.1584,30.02#34.49#31.71#33.8
-95.1058,30.0201#34.54#31.68#33.78
-95.0533,30.0201#34.59#31.65#33.76
-95.0007,30.0201#34.63#31.61#33.76
-94.9482,30.0201#34.67#31.58#33.75
-94.8956,30.0201#34.7#31.56#33.74
-94.8431,30.02#34.74#31.53#33.73
-94.7906,30.02#34.77#31.5#33.73
-94.738,30.0199#34.81#31.47#33.72
-94.6855,30.0198#34.84#31.44#33.72
-94.6329,30.0197#34.88#31.41#33.71
-94.5804,30.0195#34.91#31.38#33.71
-94.5278,30.0194#34.95#31.35#33.7
-94.4753,30.0192#34.98#31.32#33.7
-94.4228,30.019#35#31.3#33.7
-94.3702,30.0188#35.03#31.27#33.7
-94.3177,30.0186#35.06#31.24#33.7
-94.2651,30.0184#35.08#31.21#33.71
-94.2126,30.0181#35.11#31.18#33.71
-94.1601,30.0178#35.13#31.16#33.71
-94.1075,30.0176#35.16#31.13#33.71
-94.055,30.0172#35.18#31.1#33.72
-94.0024,30.0169#35.21#31.07#33.72
-93.9499,30.0166#35.23#31.05#33.72
-93.8974,30.0162#35.24#31.02#33.74
-93.8448,30.0158#35.26#30.99#33.75
-93.7923,30.0154#35.27#30.96#33.77
-93.7397,30.015#35.29#30.93#33.78
-93.6872,30.0146#35.31#30.9#33.79
-93.6347,30.0141#35.32#30.87#33.81
-93.5821,30.0137#35.34#30.84#33.82
-93.5296,30.0132#35.35#30.81#33.84
-93.4771,30.0127#35.37#30.78#33.85
-93.4245,30.0122#35.38#30.75#33.87
-93.372,30.0116#35.39#30.72#33.89
-93.3194,30.0111#35.4#30.68#33.92
-93.2669,30.0105#35.41#30.65#33.94
-93.2144,30.0099#35.42#30.61#33.97
-93.1618,30.0093#35.43#30.58#33.99
-93.1093,30.0087#35.44#30.55#34.01
-93.0568,30.008#35.45#30.51#34.04
-93.0043,30.0074#35.46#30.48#34.06
-92.9517,30.0067#35.46#30.42#34.12
-92.8992,30.006#35.46#30.36#34.18
-92.8467,30.0053#35.47#30.3#34.23
-92.7941,30.0046#35.47#30.24#34.29
-92.7416,30.0038#35.47#30.19#34.34
-92.6891,30.003#35.47#30.13#34.4
-92.6365,30.0023#35.47#30.07#34.46
-92.584,30.0015#35.48#30.01#34.51
-92.5315,30.0006#35.48#29.95#34.57
-92.479,29.9998#35.48#29.89#34.63
-92.4264,29.9989#35.48#29.84#34.68
-92.3739,29.9981#35.47#29.79#34.74
-92.3214,29.9972#35.47#29.74#34.79
-92.2689,29.9963#35.47#29.69#34.84
-92.2164,29.9953#35.46#29.63#34.91
-92.1638,29.9944#35.46#29.58#34.96
-92.1113,29.9934#35.46#29.53#35.01
-92.0588,29.9925#35.45#29.48#35.07
-92.0063,29.9915#35.45#29.43#35.12
-91.9538,29.9905#35.44#29.43#35.13
-91.9013,29.9894#35.44#29.44#35.12
-91.8487,29.9884#35.43#29.45#35.12
-91.7962,29.9873#35.42#29.47#35.11
-91.7437,29.9862#35.42#29.48#35.1
-91.6912,29.9851#35.41#29.49#35.1
-91.6387,29.984#35.4#29.5#35.1
-91.5862,29.9829#35.4#29.51#35.09
-91.5337,29.9817#35.39#29.53#35.08
-91.4812,29.9805#35.38#29.55#35.07
-91.4287,29.9794#35.38#29.58#35.04
-91.3762,29.9781#35.37#29.62#35.01
-91.3236,29.9769#35.36#29.65#34.99
-91.2711,29.9757#35.36#29.69#34.95
-91.2186,29.9744#35.35#29.73#34.92
-91.1661,29.9731#35.34#29.76#34.9
-91.1136,29.9718#35.33#29.8#34.87
-91.0611,29.9705#35.33#29.83#34.84
-91.0086,29.9692#35.32#29.87#34.81
-90.9561,29.9679#35.32#29.89#34.79
-90.9037,29.9665#35.32#29.9#34.78
-90.8512,29.9651#35.33#29.92#34.75
-90.7987,29.9637#35.33#29.93#34.74
-90.7462,29.9623#35.34#29.95#34.71
-90.6937,29.9609#35.34#29.96#34.7
-90.6412,29.9594#35.34#29.98#34.68
-90.5887,29.9579#35.35#30#34.65
-90.5362,29.9564#35.35#30.01#34.64
-90.4837,29.9549#35.36#30.02#34.62
-90.4313,29.9534#35.36#29.99#34.65
-90.3788,29.9519#35.37#29.97#34.66
-90.3263,29.9503#35.37#29.95#34.68
-90.2738,29.9487#35.38#29.92#34.7
-90.2213,29.9471#35.38#29.9#34.72
-90.1689,29.9455#35.39#29.88#34.73
-90.1164,29.9439#35.39#29.85#34.76
-90.0639,29.9422#35.4#29.83#34.77
-90.0114,29.9406#35.4#29.81#34.79
-89.959,29.9389#35.41#29.76#34.83
-89.9065,29.9372#35.42#29.7#34.88
-89.854,29.9355#35.44#29.64#34.92
-89.8016,29.9337#35.45#29.58#34.97
-89.7491,29.932#35.46#29.52#35.02
-89.6966,29.9302#35.47#29.46#35.07
-89.6442,29.9284#35.48#29.4#35.12
-89.5917,29.9266#35.49#29.34#35.17
-89.5393,29.9248#35.5#29.28#35.22
-89.4868,29.923#35.51#29.23#35.26
-89.4343,29.9211#35.52#29.2#35.28
-89.3819,29.9192#35.53#29.18#35.29
-89.3294,29.9173#35.54#29.15#35.31
-89.277,29.9154#35.55#29.12#35.33
-89.2245,29.9135#35.56#29.1#35.34
-89.1721,29.9115#35.57#29.07#35.36
-89.1196,29.9096#35.58#29.04#35.38
-89.0672,29.9076#35.58#29.01#35.41
-89.0148,29.9056#35.59#28.99#35.42
-88.9623,29.9036#35.6#28.98#35.42
-88.9099,29.9015#35.61#28.98#35.41
-102.195,29.9002#29.57#36.04#34.39
-102.143,29.9026#29.57#36#34.43
-102.09,29.9049#29.57#35.96#34.47
-102.038,29.9073#29.57#35.93#34.5
-101.985,29.9097#29.57#35.89#34.54
-101.933,29.912#29.57#35.87#34.56
-101.881,29.9143#29.58#35.85#34.57
-101.828,29.9166#29.58#35.83#34.59
-101.776,29.9189#29.58#35.81#34.61
-101.723,29.9212#29.59#35.79#34.62
-101.671,29.9234#29.59#35.77#34.64
-101.618,29.9256#29.6#35.75#34.65
-101.566,29.9279#29.6#35.72#34.68
-101.514,29.93#29.61#35.7#34.69
-101.461,29.9322#29.61#35.68#34.71
-101.409,29.9344#29.62#35.66#34.72
-101.356,29.9365#29.63#35.65#34.72
-101.304,29.9386#29.63#35.63#34.74
-101.251,29.9408#29.64#35.61#34.75
-101.199,29.9428#29.65#35.59#34.76
-101.146,29.9449#29.65#35.57#34.78
-101.094,29.947#29.66#35.55#34.79
-101.041,29.949#29.67#35.53#34.8
-100.989,29.951#29.68#35.51#34.81
-100.937,29.953#29.68#35.48#34.84
-100.884,29.955#29.69#35.45#34.86
-100.832,29.957#29.7#35.41#34.89
-100.779,29.9589#29.71#35.38#34.91
-100.727,29.9608#29.72#35.35#34.93
-100.674,29.9628#29.73#35.32#34.95
-100.622,29.9647#29.74#35.28#34.98
-100.569,29.9665#29.74#35.25#35.01
-100.517,29.9684#29.75#35.22#35.03
-100.464,29.9702#29.76#35.17#35.07
-100.412,29.9721#29.78#35.13#35.09
-100.359,29.9739#29.79#35.08#35.13
-100.307,29.9757#29.81#35.03#35.16
-100.254,29.9774#29.82#34.98#35.2
-100.202,29.9792#29.84#34.93#35.23
-100.149,29.9809#29.85#34.88#35.27
-100.097,29.9826#29.87#34.83#35.3
-100.044,29.9843#29.88#34.79#35.33
-99.992,29.986#29.9#34.74#35.36
-99.9395,29.9877#29.94#34.68#35.38
-99.887,29.9893#29.98#34.63#35.39
-99.8345,29.991#30.02#34.58#35.4
-99.782,29.9926#30.06#34.52#35.42
-99.7295,29.9942#30.1#34.47#35.43
-99.677,29.9957#30.14#34.41#35.45
-99.6245,29.9973#30.18#34.36#35.46
-99.572,29.9989#30.22#34.31#35.47
-99.5195,30.0004#30.26#34.25#35.49
-99.467,30.0019#30.31#34.2#35.49
-99.4145,30.0034#30.36#34.15#35.49
-99.3619,30.0048#30.42#34.11#35.47
-99.3094,30.0063#30.47#34.06#35.47
-99.2569,30.0077#30.53#34.01#35.46
-99.2044,30.0092#30.59#33.96#35.45
-99.1519,30.0106#30.64#33.91#35.45
-99.0994,30.0119#30.7#33.86#35.44
-99.0469,30.0133#30.75#33.81#35.44
-98.9944,30.0147#30.81#33.76#35.43
-98.9418,30.016#30.85#33.71#35.44
-98.8893,30.0173#30.9#33.66#35.44
-98.8368,30.0186#30.95#33.61#35.44
-98.7843,30.0199#31#33.56#35.44
-98.7318,30.0211#31.04#33.51#35.45
-98.6792,30.0224#31.09#33.46#35.45
-98.6267,30.0236#31.14#33.4#35.46
-98.5742,30.0248#31.19#33.35#35.46
-98.5217,30.026#31.23#33.3#35.47
-98.4691,30.0272#31.28#33.25#35.47
-98.4166,30.0283#31.32#33.21#35.47
-98.3641,30.0295#31.36#33.17#35.47
-98.3115,30.0306#31.4#33.12#35.48
-98.259,30.0317#31.44#33.08#35.48
-98.2065,30.0328#31.48#33.04#35.48
-98.1539,30.0338#31.52#32.99#35.49
-98.1014,30.0349#31.55#32.95#35.5
-98.0489,30.0359#31.59#32.91#35.5
-97.9963,30.0369#31.63#32.86#35.51
-97.9438,30.0379#31.67#32.85#35.48
-97.8913,30.0389#31.71#32.83#35.46
-97.8387,30.0399#31.75#32.81#35.44
-97.7862,30.0408#31.79#32.8#35.41
-97.7336,30.0417#31.83#32.78#35.39
-97.6811,30.0427#31.87#32.77#35.36
-97.6285,30.0435#31.91#32.75#35.34
-97.576,30.0444#31.95#32.74#35.31
-97.5235,30.0453#31.99#32.72#35.29
-97.4709,30.0461#32.04#32.71#35.25
-97.4184,30.0469#32.08#32.7#35.22
-97.3658,30.0477#32.13#32.7#35.17
-97.3133,30.0485#32.18#32.69#35.13
-97.2607,30.0493#32.23#32.68#35.09
-97.2082,30.05#32.28#32.67#35.05
-97.1556,30.0508#32.32#32.67#35.01
-97.1031,30.0515#32.37#32.66#34.97
-97.0505,30.0522#32.42#32.65#34.93
-96.998,30.0529#32.47#32.64#34.89
-96.9454,30.0535#32.54#32.61#34.85
-96.8929,30.0542#32.61#32.59#34.8
-96.8403,30.0548#32.67#32.56#34.77
-96.7878,30.0554#32.74#32.53#34.73
-96.7352,30.056#32.81#32.5#34.69
-96.6827,30.0566#32.88#32.47#34.65
-96.6301,30.0571#32.95#32.44#34.61
-96.5775,30.0577#33.02#32.41#34.57
-96.525,30.0582#33.09#32.38#34.53
-96.4724,30.0587#33.15#32.36#34.49
-96.4199,30.0592#33.21#32.33#34.46
-96.3673,30.0596#33.27#32.31#34.42
-96.3148,30.0601#33.33#32.28#34.39
-96.2622,30.0605#33.39#32.26#34.35
-96.2096,30.0609#33.45#32.23#34.32
-96.1571,30.0613#33.51#32.21#34.28
-96.1045,30.0617#33.57#32.18#34.25
-96.052,30.0621#33.63#32.16#34.21
-95.9994,30.0624#33.69#32.13#34.18
-95.9468,30.0627#33.76#32.11#34.13
-95.8943,30.0631#33.83#32.08#34.09
-95.8417,30.0633#33.9#32.05#34.05
-95.7892,30.0636#33.97#32.02#34.01
-95.7366,30.0639#34.03#31.99#33.98
-95.684,30.0641#34.1#31.96#33.94
-95.6315,30.0643#34.17#31.93#33.9
-95.5789,30.0645#34.24#31.91#33.85
-95.5264,30.0647#34.3#31.88#33.82
-95.4738,30.0649#34.36#31.85#33.79
-95.4212,30.065#34.41#31.81#33.78
-95.3687,30.0652#34.45#31.78#33.77
-95.3161,30.0653#34.5#31.75#33.75
-95.2635,30.0654#34.55#31.72#33.73
-95.211,30.0655#34.59#31.69#33.72
-95.1584,30.0655#34.64#31.66#33.7
-95.1059,30.0656#34.69#31.62#33.69
-95.0533,30.0656#34.73#31.59#33.68
-95.0007,30.0656#34.78#31.56#33.66
-94.9482,30.0656#34.81#31.53#33.66
-94.8956,30.0656#34.85#31.5#33.65
-94.843,30.0655#34.88#31.47#33.65
-94.7905,30.0655#34.92#31.44#33.64
-94.7379,30.0654#34.95#31.41#33.64
-94.6853,30.0653#34.99#31.39#33.62
-94.6328,30.0652#35.02#31.36#33.62
-94.5802,30.065#35.06#31.33#33.61
-94.5277,30.0649#35.09#31.3#33.61
-94.4751,30.0647#35.12#31.27#33.61
-94.4225,30.0645#35.15#31.24#33.61
-94.37,30.0643#35.18#31.22#33.6
-94.3174,30.0641#35.2#31.19#33.61
-94.2649,30.0639#35.23#31.16#33.61
-94.2123,30.0636#35.25#31.13#33.62
-94.1597,30.0634#35.28#31.11#33.61
-94.1072,30.0631#35.3#31.08#33.62
-94.0546,30.0628#35.33#31.05#33.62
-94.002,30.0624#35.35#31.02#33.63
-93.9495,30.0621#35.37#31#33.63
-93.8969,30.0617#35.39#30.97#33.64
-93.8444,30.0613#35.4#30.94#33.66
-93.7918,30.0609#35.42#30.91#33.67
-93.7393,30.0605#35.44#30.88#33.68
-93.6867,30.0601#35.45#30.85#33.7
-93.6341,30.0597#35.47#30.83#33.7
-93.5816,30.0592#35.48#30.8#33.72
-93.529,30.0587#35.5#30.77#33.73
-93.4765,30.0582#35.51#30.74#33.75
-93.4239,30.0577#35.52#30.7#33.78
-93.3714,30.0571#35.53#30.67#33.8
-93.3188,30.0566#35.54#30.64#33.82
-93.2662,30.056#35.55#30.61#33.84
-93.2137,30.0554#35.56#30.57#33.87
-93.1611,30.0548#35.57#30.54#33.89
-93.1086,30.0542#35.58#30.51#33.91
-93.056,30.0535#35.59#30.47#33.94
-93.0035,30.0529#35.6#30.44#33.96
-92.9509,30.0522#35.61#30.39#34
-92.8984,30.0515#35.61#30.33#34.06
-92.8458,30.0508#35.61#30.27#34.12
-92.7933,30.0501#35.62#30.22#34.16
-92.7407,30.0493#35.62#30.16#34.22
-92.6882,30.0485#35.62#30.1#34.28
-92.6356,30.0478#35.63#30.04#34.33
-92.5831,30.047#35.63#29.99#34.38
-92.5305,30.0461#35.63#29.93#34.44
-92.478,30.0453#35.63#29.88#34.49
-92.4255,30.0444#35.63#29.83#34.54
-92.3729,30.0436#35.63#29.78#34.59
-92.3204,30.0427#35.63#29.74#34.63
-92.2678,30.0418#35.62#29.69#34.69
-92.2153,30.0408#35.62#29.64#34.74
-92.1627,30.0399#35.62#29.6#34.78
-92.1102,30.0389#35.62#29.55#34.83
-92.0577,30.038#35.61#29.5#34.89
-92.0051,30.037#35.61#29.46#34.93
-91.9526,30.036#35.61#29.46#34.93
-91.9001,30.0349#35.6#29.47#34.93
-91.8475,30.0339#35.6#29.49#34.91
-91.795,30.0328#35.59#29.5#34.91
-91.7424,30.0317#35.59#29.51#34.9
-91.6899,30.0306#35.58#29.53#34.89
-91.6374,30.0295#35.57#29.54#34.89
-91.5849,30.0284#35.57#29.55#34.88
-91.5323,30.0272#35.56#29.56#34.88
-91.4798,30.026#35.56#29.58#34.86
-91.4273,30.0249#35.55#29.62#34.83
-91.3747,30.0236#35.55#29.65#34.8
-91.3222,30.0224#35.54#29.68#34.78
-91.2697,30.0212#35.54#29.71#34.75
-91.2172,30.0199#35.53#29.75#34.72
-91.1647,30.0186#35.53#29.78#34.69
-91.1121,30.0173#35.52#29.81#34.67
-91.0596,30.016#35.51#29.85#34.64
-91.0071,30.0147#35.51#29.88#34.61
-90.9546,30.0133#35.51#29.89#34.6
-90.9021,30.012#35.52#29.91#34.57
-90.8495,30.0106#35.52#29.92#34.56
-90.797,30.0092#35.53#29.93#34.54
-90.7445,30.0078#35.53#29.94#34.53
-90.692,30.0063#35.53#29.96#34.51
-90.6395,30.0049#35.54#29.97#34.49
-90.587,30.0034#35.54#29.98#34.48
-90.5345,30.0019#35.55#30#34.45
-90.482,30.0004#35.55#30#34.45
-90.4295,29.9989#35.56#29.97#34.47
-90.377,29.9974#35.57#29.94#34.49
-90.3245,29.9958#35.57#29.92#34.51
-90.272,29.9942#35.58#29.89#34.53
-90.2195,29.9926#35.58#29.87#34.55
-90.167,29.991#35.59#29.84#34.57
-90.1145,29.9894#35.6#29.81#34.59
-90.062,29.9877#35.6#29.79#34.61
-90.0095,29.9861#35.61#29.76#34.63
-89.957,29.9844#35.62#29.71#34.67
-89.9045,29.9827#35.63#29.65#34.72
-89.852,29.981#35.64#29.59#34.77
-89.7995,29.9792#35.65#29.53#34.82
-89.7471,29.9775#35.66#29.47#34.87
-89.6946,29.9757#35.68#29.41#34.91
-89.6421,29.9739#35.69#29.35#34.96
-89.5896,29.9721#35.7#29.29#35.01
-89.5371,29.9703#35.71#29.23#35.06
-89.4847,29.9684#35.72#29.18#35.1
-89.4322,29.9666#35.73#29.15#35.12
-89.3797,29.9647#35.74#29.13#35.13
-89.3272,29.9628#35.75#29.1#35.15
-89.2748,29.9609#35.76#29.08#35.16
-89.2223,29.959#35.77#29.05#35.18
-89.1698,29.957#35.78#29.03#35.19
-89.1174,29.9551#35.79#29#35.21
-89.0649,29.9531#35.8#28.98#35.22
-89.0124,29.9511#35.81#28.95#35.24
-88.96,29.9491#35.81#28.95#35.24
-88.9075,29.947#35.82#28.95#35.23
-88.8551,29.945#35.83#28.95#35.22
-88.8026,29.9429#35.84#28.95#35.21
-88.7502,29.9408#35.84#28.95#35.21
-88.6977,29.9387#35.85#28.95#35.2
-88.6453,29.9366#35.86#28.95#35.19
-88.5928,29.9344#35.86#28.95#35.19
-88.5404,29.9323#35.87#28.96#35.17
-88.4879,29.9301#35.88#28.96#35.16
-88.4355,29.9279#35.88#28.97#35.15
-88.3831,29.9257#35.88#28.98#35.14
-88.3306,29.9235#35.88#28.99#35.13
-88.2782,29.9212#35.88#29#35.12
-88.2257,29.919#35.88#29#35.12
-88.1733,29.9167#35.88#29.01#35.11
-88.1209,29.9144#35.88#29.02#35.1
-88.0685,29.9121#35.88#29.03#35.09
-88.016,29.9097#35.89#29.04#35.07
-87.9636,29.9074#35.88#29.05#35.07
-87.9112,29.905#35.87#29.06#35.07
-87.8588,29.9026#35.86#29.07#35.07
-87.8064,29.9002#35.85#29.08#35.07
-103.089,29.902#29.74#36.98#33.28
-103.037,29.9047#29.7#36.93#33.37
-102.984,29.9074#29.67#36.87#33.46
-102.932,29.9101#29.66#36.81#33.53
-102.879,29.9127#29.65#36.76#33.59
-102.827,29.9154#29.64#36.7#33.66
-102.775,29.918#29.63#36.64#33.73
-102.722,29.9206#29.62#36.59#33.79
-102.67,29.9232#29.61#36.53#33.86
-102.617,29.9257#29.6#36.47#33.93
-102.565,29.9283#29.59#36.42#33.99
-102.512,29.9308#29.58#36.36#34.06
-102.46,29.9333#29.58#36.32#34.1
-102.408,29.9358#29.57#36.28#34.15
-102.355,29.9383#29.57#36.24#34.19
-102.303,29.9407#29.57#36.21#34.22
-102.25,29.9432#29.57#36.17#34.26
-102.198,29.9456#29.57#36.13#34.3
-102.145,29.948#29.57#36.09#34.34
-102.093,29.9504#29.56#36.05#34.39
-102.041,29.9528#29.56#36.02#34.42
-101.988,29.9551#29.56#35.98#34.46
-101.936,29.9575#29.57#35.96#34.47
-101.883,29.9598#29.57#35.94#34.49
-101.831,29.9621#29.58#35.91#34.51
-101.778,29.9644#29.58#35.89#34.53
-101.726,29.9666#29.59#35.87#34.54
-101.673,29.9689#29.59#35.84#34.57
-101.621,29.9711#29.6#35.82#34.58
-101.569,29.9733#29.6#35.8#34.6
-101.516,29.9755#29.61#35.77#34.62
-101.464,29.9777#29.61#35.75#34.64
-101.411,29.9798#29.62#35.73#34.65
-101.359,29.982#29.63#35.71#34.66
-101.306,29.9841#29.63#35.69#34.68
-101.254,29.9862#29.64#35.66#34.7
-101.201,29.9883#29.65#35.64#34.71
-101.149,29.9904#29.66#35.62#34.72
-101.096,29.9924#29.67#35.6#34.73
-101.044,29.9945#29.67#35.57#34.76
-100.991,29.9965#29.68#35.55#34.77
-100.939,29.9985#29.69#35.52#34.79
-100.886,30.0005#29.7#35.48#34.82
-100.834,30.0024#29.71#35.45#34.84
-100.781,30.0044#29.72#35.41#34.87
-100.729,30.0063#29.72#35.37#34.91
-100.676,30.0082#29.73#35.34#34.93
-100.624,30.0101#29.74#35.3#34.96
-100.571,30.012#29.75#35.27#34.98
-100.519,30.0139#29.76#35.23#35.01
-100.466,30.0157#29.77#35.18#35.05
-100.414,30.0175#29.79#35.13#35.08
-100.361,30.0193#29.8#35.08#35.12
-100.309,30.0211#29.82#35.03#35.15
-100.256,30.0229#29.84#34.98#35.18
-100.204,30.0247#29.85#34.93#35.22
-100.151,30.0264#29.87#34.88#35.25
-100.099,30.0281#29.88#34.83#35.29
-100.046,30.0298#29.9#34.78#35.32
-99.9939,30.0315#29.92#34.73#35.35
-99.9414,30.0332#29.96#34.67#35.37
-99.8889,30.0348#30#34.62#35.38
-99.8363,30.0364#30.04#34.56#35.4
-99.7838,30.0381#30.08#34.51#35.41
-99.7313,30.0397#30.12#34.45#35.43
-99.6788,30.0412#30.16#34.39#35.45
-99.6263,30.0428#30.2#34.34#35.46
-99.5737,30.0443#30.25#34.28#35.47
-99.5212,30.0459#30.29#34.23#35.48
-99.4687,30.0474#30.34#34.18#35.48
-99.4162,30.0489#30.39#34.13#35.48
-99.3636,30.0503#30.45#34.08#35.47
-99.3111,30.0518#30.51#34.02#35.47
-99.2586,30.0532#30.56#33.97#35.47
-99.206,30.0546#30.62#33.92#35.46
-99.1535,30.056#30.68#33.87#35.45
-99.101,30.0574#30.73#33.82#35.45
-99.0484,30.0588#30.79#33.77#35.44
-98.9959,30.0602#30.85#33.72#35.43
-98.9434,30.0615#30.89#33.67#35.44
-98.8908,30.0628#30.94#33.62#35.44
-98.8383,30.0641#30.99#33.57#35.44
-98.7857,30.0654#31.04#33.51#35.45
-98.7332,30.0666#31.09#33.46#35.45
-98.6807,30.0679#31.14#33.41#35.45
-98.6281,30.0691#31.18#33.36#35.46
-98.5756,30.0703#31.23#33.31#35.46
-98.523,30.0715#31.28#33.25#35.47
-98.4705,30.0727#31.33#33.21#35.46
-98.4179,30.0738#31.37#33.16#35.47
-98.3654,30.075#31.41#33.12#35.47
-98.3128,30.0761#31.45#33.08#35.47
-98.2603,30.0772#31.49#33.03#35.48
-98.2077,30.0783#31.53#32.99#35.48
-98.1552,30.0793#31.57#32.95#35.48
-98.1026,30.0804#31.61#32.91#35.48
-98.05,30.0814#31.66#32.86#35.48
-97.9975,30.0824#31.7#32.82#35.48
-97.9449,30.0834#31.74#32.81#35.45
-97.8924,30.0844#31.78#32.8#35.42
-97.8398,30.0854#31.82#32.79#35.39
-97.7873,30.0863#31.86#32.77#35.37
-97.7347,30.0872#31.9#32.76#35.34
-97.6821,30.0882#31.94#32.75#35.31
-97.6296,30.089#31.98#32.74#35.28
-97.577,30.0899#32.02#32.73#35.25
-97.5244,30.0908#32.06#32.72#35.22
-97.4719,30.0916#32.1#32.71#35.19
-97.4193,30.0924#32.15#32.7#35.15
-97.3667,30.0932#32.2#32.69#35.11
-97.3142,30.094#32.25#32.68#35.07
-97.2616,30.0948#32.3#32.67#35.03
-97.209,30.0955#32.34#32.65#35.01
-97.1565,30.0963#32.39#32.64#34.97
-97.1039,30.097#32.44#32.63#34.93
-97.0513,30.0977#32.49#32.62#34.89
-96.9987,30.0984#32.54#32.61#34.85
-96.9462,30.099#32.61#32.58#34.81
-96.8936,30.0997#32.68#32.55#34.77
-96.841,30.1003#32.75#32.52#34.73
-96.7885,30.1009#32.83#32.5#34.67
-96.7359,30.1015#32.9#32.47#34.63
-96.6833,30.1021#32.97#32.44#34.59
-96.6307,30.1026#33.04#32.41#34.55
-96.5782,30.1032#33.11#32.38#34.51
-96.5256,30.1037#33.18#32.35#34.47
-96.473,30.1042#33.25#32.33#34.42
-96.4204,30.1047#33.32#32.3#34.38
-96.3678,30.1051#33.38#32.27#34.35
-96.3153,30.1056#33.45#32.25#34.3
-96.2627,30.106#33.51#32.22#34.27
-96.2101,30.1064#33.58#32.2#34.22
-96.1575,30.1068#33.64#32.17#34.19
-96.105,30.1072#33.71#32.15#34.14
-96.0524,30.1076#33.77#32.12#34.11
-95.9998,30.1079#33.84#32.1#34.06
-95.9472,30.1082#33.91#32.07#34.02
-95.8946,30.1086#33.98#32.04#33.98
-95.842,30.1088#34.04#32.01#33.95
-95.7895,30.1091#34.11#31.98#33.91
-95.7369,30.1094#34.18#31.95#33.87
-95.6843,30.1096#34.25#31.92#33.83
-95.6317,30.1098#34.32#31.89#33.79
-95.5791,30.11#34.38#31.86#33.76
-95.5266,30.1102#34.45#31.83#33.72
-95.474,30.1104#34.51#31.8#33.69
-95.4214,30.1105#34.56#31.77#33.67
-95.3688,30.1107#34.6#31.73#33.67
-95.3162,30.1108#34.65#31.7#33.65
-95.2636,30.1109#34.69#31.67#33.64
-95.2111,30.111#34.74#31.64#33.62
-95.1585,30.111#34.79#31.6#33.61
-95.1059,30.1111#34.83#31.57#33.6
-95.0533,30.1111#34.88#31.54#33.58
-95.0007,30.1111#34.93#31.51#33.56
-94.9481,30.1111#34.96#31.48#33.56
-94.8956,30.1111#35#31.45#33.55
-94.843,30.111#35.03#31.42#33.55
-94.7904,30.111#35.07#31.39#33.54
-94.7378,30.1109#35.1#31.36#33.54
-94.6852,30.1108#35.13#31.33#33.54
-94.6326,30.1107#35.17#31.3#33.53
-94.5801,30.1105#35.2#31.27#33.53
-94.5275,30.1104#35.24#31.25#33.51
-94.4749,30.1102#35.27#31.22#33.51
-94.4223,30.11#35.29#31.19#33.52
-94.3697,30.1098#35.32#31.16#33.52
-94.3171,30.1096#35.35#31.14#33.51
-94.2646,30.1094#35.37#31.11#33.52
-94.212,30.1091#35.4#31.08#33.52
-94.1594,30.1089#35.42#31.06#33.52
-94.1068,30.1086#35.45#31.03#33.52
-94.0542,30.1083#35.47#31#33.53
-94.0017,30.1079#35.5#30.98#33.52
-93.9491,30.1076#35.51#30.95#33.54
-93.8965,30.1072#35.53#30.92#33.55
-93.8439,30.1068#35.55#30.89#33.56
-93.7913,30.1065#35.56#30.86#33.58
-93.7388,30.106#35.58#30.83#33.59
-93.6862,30.1056#35.6#30.81#33.59
-93.6336,30.1052#35.61#30.78#33.61
-93.581,30.1047#35.63#30.75#33.62
-93.5285,30.1042#35.64#30.72#33.64
-93.4759,30.1037#35.66#30.69#33.65
-93.4233,30.1032#35.67#30.66#33.67
-93.3707,30.1026#35.68#30.63#33.69
-93.3181,30.1021#35.69#30.6#33.71
-93.2656,30.1015#35.7#30.56#33.74
-93.213,30.1009#35.71#30.53#33.76
-93.1604,30.1003#35.72#30.5#33.78
-93.1078,30.0997#35.73#30.47#33.8
-93.0553,30.099#35.74#30.43#33.83
-93.0027,30.0984#35.75#30.4#33.85
-92.9501,30.0977#35.76#30.35#33.89
-92.8976,30.097#35.76#30.29#33.95
-92.845,30.0963#35.76#30.24#34
-92.7924,30.0956#35.77#30.19#34.04
-92.7399,30.0948#35.77#30.13#34.1
-92.6873,30.094#35.77#30.08#34.15
-92.6347,30.0933#35.78#30.02#34.2
-92.5821,30.0925#35.78#29.97#34.25
-92.5296,30.0916#35.78#29.91#34.31
-92.477,30.0908#35.78#29.86#34.36
-92.4245,30.0899#35.78#29.82#34.4
-92.3719,30.0891#35.78#29.78#34.44
-92.3193,30.0882#35.78#29.74#34.48
-92.2668,30.0873#35.78#29.7#34.52
-92.2142,30.0863#35.78#29.65#34.57
-92.1616,30.0854#35.78#29.61#34.61
-92.1091,30.0844#35.78#29.57#34.65
-92.0565,30.0835#35.77#29.53#34.7
-92.004,30.0825#35.77#29.48#34.75
-91.9514,30.0815#35.77#29.49#34.74
-91.8988,30.0804#35.77#29.51#34.72
-91.8463,30.0794#35.76#29.52#34.72
-91.7937,30.0783#35.76#29.53#34.71
-91.7412,30.0772#35.75#29.55#34.7
-91.6886,30.0761#35.75#29.56#34.69
-91.6361,30.075#35.75#29.57#34.68
-91.5835,30.0739#35.74#29.59#34.67
-91.531,30.0727#35.74#29.6#34.66
-91.4784,30.0715#35.73#29.62#34.65
-91.4259,30.0703#35.73#29.65#34.62
-91.3733,30.0691#35.73#29.68#34.59
-91.3208,30.0679#35.72#29.71#34.57
-91.2683,30.0667#35.72#29.74#34.54
-91.2157,30.0654#35.71#29.77#34.52
-91.1632,30.0641#35.71#29.8#34.49
-91.1106,30.0628#35.71#29.83#34.46
-91.0581,30.0615#35.7#29.86#34.44
-91.0055,30.0602#35.7#29.89#34.41
-90.953,30.0588#35.7#29.9#34.4
-90.9005,30.0575#35.71#29.91#34.38
-90.8479,30.0561#35.71#29.92#34.37
-90.7954,30.0547#35.72#29.93#34.35
-90.7429,30.0533#35.72#29.94#34.34
-90.6903,30.0518#35.73#29.95#34.32
-90.6378,30.0504#35.73#29.96#34.31
-90.5853,30.0489#35.74#29.97#34.29
-90.5328,30.0474#35.74#29.98#34.28
-90.4802,30.0459#35.75#29.98#34.27
-90.4277,30.0444#35.76#29.95#34.29
-90.3752,30.0428#35.76#29.92#34.32
-90.3227,30.0413#35.77#29.89#34.34
-90.2701,30.0397#35.78#29.86#34.36
-90.2176,30.0381#35.79#29.83#34.38
-90.1651,30.0365#35.79#29.8#34.41
-90.1126,30.0349#35.8#29.78#34.42
-90.0601,30.0332#35.81#29.75#34.44
-90.0076,30.0315#35.81#29.72#34.47
-89.9551,30.0299#35.82#29.66#34.52
-89.9025,30.0282#35.84#29.6#34.56
-89.85,30.0264#35.85#29.54#34.61
-89.7975,30.0247#35.86#29.48#34.66
-89.745,30.0229#35.87#29.42#34.71
-89.6925,30.0212#35.88#29.36#34.76
-89.64,30.0194#35.89#29.29#34.82
-89.5875,30.0176#35.91#29.23#34.86
-89.535,30.0158#35.92#29.17#34.91
-89.4825,30.0139#35.93#29.12#34.95
-89.43,30.0121#35.94#29.1#34.96
-89.3775,30.0102#35.95#29.08#34.97
-89.325,30.0083#35.96#29.06#34.98
-89.2725,30.0064#35.97#29.03#35
-89.2201,30.0044#35.98#29.01#35.01
-89.1676,30.0025#35.99#28.99#35.02
-89.1151,30.0005#36#28.96#35.04
-89.0626,29.9985#36.01#28.94#35.05
-89.0101,29.9965#36.02#28.91#35.07
-88.9576,29.9945#36.03#28.91#35.06
-88.9052,29.9925#36.04#28.91#35.05
-88.8527,29.9904#36.05#28.91#35.04
-88.8002,29.9884#36.05#28.91#35.04
-88.7477,29.9863#36.06#28.92#35.02
-88.6953,29.9842#36.07#28.92#35.01
-88.6428,29.982#36.08#28.92#35
-88.5903,29.9799#36.08#28.92#35
-88.5379,29.9777#36.09#28.92#34.99
-88.4854,29.9756#36.1#28.92#34.98
-88.4329,29.9734#36.1#28.93#34.97
-88.3805,29.9712#36.1#28.94#34.96
-88.328,29.9689#36.1#28.95#34.95
-88.2756,29.9667#36.1#28.96#34.94
-88.2231,29.9644#36.1#28.97#34.93
-88.1707,29.9621#36.11#28.98#34.91
-88.1182,29.9598#36.11#28.99#34.9
-88.0658,29.9575#36.11#29#34.89
-88.0133,29.9552#36.11#29.01#34.88
-87.9609,29.9528#36.1#29.01#34.89
-87.9084,29.9505#36.09#29.02#34.89
-87.856,29.9481#36.09#29.03#34.88
-87.8036,29.9457#36.08#29.04#34.88
-87.7511,29.9432#36.07#29.05#34.88
-87.6987,29.9408#36.06#29.06#34.88
-87.6463,29.9384#36.05#29.07#34.88
-87.5938,29.9359#36.04#29.08#34.88
-87.5414,29.9334#36.03#29.08#34.89
-87.489,29.9309#36.02#29.09#34.89
-87.4366,29.9283#36.01#29.11#34.88
-87.3842,29.9258#35.99#29.12#34.89
-87.3317,29.9232#35.97#29.14#34.89
-87.2793,29.9207#35.96#29.15#34.89
-87.2269,29.9181#35.94#29.17#34.89
-87.1745,29.9154#35.92#29.18#34.9
-87.1221,29.9128#35.9#29.19#34.91
-87.0697,29.9102#35.89#29.2#34.91
-87.0173,29.9075#35.87#29.22#34.91
-86.9649,29.9048#35.84#29.28#34.88
-86.9125,29.9021#35.8#29.37#34.83
-103.93,29.9018#30.39#38#31.61
-103.878,29.9048#30.35#37.94#31.71
-103.826,29.9077#30.3#37.89#31.81
-103.773,29.9107#30.26#37.83#31.91
-103.721,29.9136#30.22#37.77#32.01
-103.669,29.9165#30.17#37.71#32.12
-103.616,29.9194#30.13#37.66#32.21
-103.564,29.9223#30.08#37.6#32.32
-103.511,29.9252#30.04#37.54#32.42
-103.459,29.928#29.99#37.49#32.52
-103.407,29.9309#29.95#37.43#32.62
-103.354,29.9337#29.91#37.37#32.72
-103.302,29.9365#29.87#37.32#32.81
-103.249,29.9392#29.83#37.26#32.91
-103.197,29.942#29.79#37.2#33.01
-103.144,29.9447#29.76#37.14#33.1
-103.092,29.9475#29.72#37.09#33.19
-103.04,29.9502#29.68#37.03#33.29
-102.987,29.9528#29.65#36.97#33.38
-102.935,29.9555#29.64#36.92#33.44
-102.882,29.9582#29.63#36.86#33.51
-102.83,29.9608#29.62#36.8#33.58
-102.778,29.9634#29.61#36.75#33.64
-102.725,29.966#29.6#36.69#33.71
-102.673,29.9686#29.59#36.63#33.78
-102.62,29.9712#29.58#36.57#33.85
-102.568,29.9737#29.57#36.52#33.91
-102.515,29.9762#29.57#36.46#33.97
-102.463,29.9788#29.56#36.42#34.02
-102.41,29.9813#29.56#36.38#34.06
-102.358,29.9837#29.56#36.34#34.1
-102.306,29.9862#29.56#36.3#34.14
-102.253,29.9886#29.56#36.26#34.18
-102.201,29.9911#29.56#36.22#34.22
-102.148,29.9935#29.56#36.18#34.26
-102.096,29.9959#29.56#36.14#34.3
-102.043,29.9982#29.56#36.1#34.34
-101.991,30.0006#29.56#36.07#34.37
-101.938,30.0029#29.56#36.04#34.4
-101.886,30.0052#29.57#36.02#34.41
-101.833,30.0075#29.57#35.99#34.44
-101.781,30.0098#29.58#35.97#34.45
-101.728,30.0121#29.58#35.94#34.48
-101.676,30.0143#29.59#35.92#34.49
-101.624,30.0166#29.6#35.89#34.51
