-98.0186,30.9008#32.78#32.46#34.76
-97.9656,30.9018#32.86#32.45#34.69
-97.9127,30.9028#32.95#32.44#34.61
-97.8598,30.9037#33.03#32.42#34.55
-97.8068,30.9047#33.12#32.4#34.48
-97.7539,30.9056#33.21#32.38#34.41
-97.701,30.9065#33.3#32.37#34.33
-97.6481,30.9074#33.39#32.35#34.26
-97.5951,30.9083#33.47#32.33#34.2
-97.5422,30.9092#33.56#32.31#34.13
-97.4893,30.91#33.66#32.29#34.05
-97.4363,30.9108#33.78#32.26#33.96
-97.3834,30.9117#33.9#32.23#33.87
-97.3304,30.9124#34.02#32.19#33.79
-97.2775,30.9132#34.14#32.16#33.7
-97.2246,30.914#34.25#32.12#33.63
-97.1716,30.9147#34.37#32.09#33.54
-97.1187,30.9154#34.49#32.06#33.45
-97.0657,30.9161#34.61#32.02#33.37
-97.0128,30.9168#34.73#31.99#33.28
-96.9599,30.9175#34.84#31.94#33.22
-96.9069,30.9181#34.95#31.9#33.15
-96.854,30.9187#35.06#31.85#33.09
-96.801,30.9194#35.17#31.8#33.03
-96.7481,30.92#35.27#31.76#32.97
-96.6951,30.9205#35.38#31.71#32.91
-96.6422,30.9211#35.49#31.66#32.85
-96.5893,30.9216#35.6#31.61#32.79
-96.5363,30.9222#35.7#31.57#32.73
-96.4834,30.9227#35.8#31.52#32.68
-96.4304,30.9232#35.88#31.48#32.64
-96.3775,30.9236#35.96#31.44#32.6
-96.3245,30.9241#36.04#31.4#32.56
-96.2716,30.9245#36.12#31.36#32.52
-96.2186,30.9249#36.2#31.31#32.49
-96.1657,30.9253#36.28#31.27#32.45
-96.1127,30.9257#36.36#31.23#32.41
-96.0598,30.9261#36.44#31.19#32.37
-96.0068,30.9264#36.52#31.15#32.33
-95.9539,30.9267#36.59#31.12#32.29
-95.9009,30.9271#36.65#31.08#32.27
-95.848,30.9273#36.72#31.05#32.23
-95.795,30.9276#36.79#31.02#32.19
-95.7421,30.9279#36.86#30.99#32.15
-95.6891,30.9281#36.93#30.96#32.11
-95.6362,30.9283#37#30.92#32.08
-95.5832,30.9285#37.07#30.89#32.04
-95.5303,30.9287#37.13#30.86#32.01
-95.4773,30.9289#37.2#30.83#31.97
-95.4244,30.9291#37.24#30.81#31.95
-95.3714,30.9292#37.29#30.78#31.93
-95.3185,30.9293#37.34#30.76#31.9
-95.2655,30.9294#37.39#30.74#31.87
-95.2125,30.9295#37.44#30.71#31.85
-95.1596,30.9295#37.49#30.69#31.82
-95.1066,30.9296#37.54#30.67#31.79
-95.0537,30.9296#37.59#30.64#31.77
-95.0007,30.9296#37.64#30.62#31.74
-94.9478,30.9296#37.67#30.6#31.73
-94.8948,30.9296#37.7#30.58#31.72
-94.8419,30.9295#37.73#30.56#31.71
-94.7889,30.9295#37.76#30.54#31.7
-94.736,30.9294#37.79#30.52#31.69
-94.683,30.9293#37.82#30.5#31.68
-94.6301,30.9292#37.85#30.48#31.67
-94.5771,30.9291#37.89#30.47#31.64
-94.5242,30.9289#37.92#30.45#31.63
-94.4712,30.9287#37.94#30.43#31.63
-94.4183,30.9286#37.96#30.41#31.63
-94.3653,30.9283#37.98#30.4#31.62
-94.3123,30.9281#38#30.38#31.62
-94.2594,30.9279#38.03#30.37#31.6
-94.2064,30.9276#38.05#30.35#31.6
-94.1535,30.9274#38.07#30.34#31.59
-94.1005,30.9271#38.09#30.32#31.59
-94.0476,30.9268#38.11#30.31#31.58
-93.9946,30.9264#38.13#30.29#31.58
-93.9417,30.9261#38.14#30.28#31.58
-93.8887,30.9257#38.16#30.26#31.58
-93.8358,30.9253#38.17#30.25#31.58
-93.7828,30.9249#38.19#30.23#31.58
-93.7299,30.9245#38.21#30.22#31.57
-93.6769,30.9241#38.22#30.21#31.57
-93.624,30.9236#38.24#30.19#31.57
-93.571,30.9232#38.25#30.18#31.57
-93.5181,30.9227#38.27#30.16#31.57
-93.4652,30.9222#38.28#30.16#31.56
-93.4122,30.9216#38.29#30.15#31.56
-93.3593,30.9211#38.31#30.15#31.54
-93.3063,30.9205#38.32#30.14#31.54
-93.2534,30.92#38.33#30.14#31.53
-93.2004,30.9194#38.35#30.13#31.52
-93.1475,30.9188#38.36#30.13#31.51
-93.0945,30.9181#38.37#30.12#31.51
-93.0416,30.9175#38.39#30.12#31.49
-92.9887,30.9168#38.4#30.12#31.48
-92.9357,30.9161#38.42#30.13#31.45
-92.8828,30.9154#38.43#30.14#31.43
-92.8298,30.9147#38.45#30.15#31.4
-92.7769,30.914#38.46#30.15#31.39
-92.724,30.9132#38.48#30.16#31.36
-92.671,30.9125#38.49#30.17#31.34
-92.6181,30.9117#38.51#30.18#31.31
-92.5651,30.9109#38.52#30.19#31.29
-92.5122,30.91#38.54#30.2#31.26
-92.4593,30.9092#38.56#30.21#31.23
-92.4063,30.9083#38.57#30.22#31.21
-92.3534,30.9075#38.59#30.23#31.18
-92.3005,30.9066#38.6#30.24#31.16
-92.2475,30.9057#38.62#30.25#31.13
-92.1946,30.9047#38.63#30.26#31.11
-92.1417,30.9038#38.65#30.27#31.08
-92.0888,30.9028#38.66#30.28#31.06
-92.0358,30.9018#38.68#30.28#31.04
-91.9829,30.9008#38.69#30.29#31.02
-99.8722,30.9#30.36#34.2#35.44
-99.8193,30.9016#30.43#34.11#35.46
-99.7664,30.9032#30.5#34.02#35.48
-99.7135,30.9048#30.57#33.93#35.5
-99.6606,30.9063#30.64#33.84#35.52
-99.6077,30.9079#30.7#33.76#35.54
-99.5548,30.9094#30.77#33.67#35.56
-99.5019,30.9109#30.84#33.58#35.58
-99.4489,30.9124#30.92#33.5#35.58
-99.396,30.9139#31#33.42#35.58
-99.3431,30.9154#31.08#33.34#35.58
-99.2902,30.9168#31.16#33.26#35.58
-99.2373,30.9183#31.23#33.18#35.59
-99.1843,30.9197#31.31#33.1#35.59
-99.1314,30.9211#31.39#33.02#35.59
-99.0785,30.9224#31.47#32.94#35.59
-99.0256,30.9238#31.55#32.87#35.58
-98.9726,30.9251#31.62#32.81#35.57
-98.9197,30.9265#31.7#32.77#35.53
-98.8668,30.9278#31.77#32.73#35.5
-98.8138,30.9291#31.84#32.69#35.47
-98.7609,30.9303#31.92#32.66#35.42
-98.708,30.9316#31.99#32.62#35.39
-98.655,30.9328#32.06#32.58#35.36
-98.6021,30.934#32.14#32.54#35.32
-98.5492,30.9352#32.21#32.51#35.28
-98.4962,30.9364#32.28#32.47#35.25
-98.4433,30.9376#32.35#32.47#35.18
-98.3904,30.9387#32.41#32.47#35.12
-98.3374,30.9398#32.48#32.46#35.06
-98.2845,30.9409#32.55#32.46#34.99
-98.2315,30.942#32.61#32.46#34.93
-98.1786,30.9431#32.68#32.45#34.87
-98.1256,30.9442#32.74#32.45#34.81
-98.0727,30.9452#32.81#32.44#34.75
-98.0197,30.9462#32.88#32.44#34.68
-97.9668,30.9472#32.96#32.43#34.61
-97.9138,30.9482#33.05#32.41#34.54
-97.8609,30.9492#33.15#32.39#34.46
-97.8079,30.9501#33.24#32.37#34.39
-97.755,30.9511#33.34#32.36#34.3
-97.702,30.952#33.43#32.34#34.23
-97.6491,30.9529#33.52#32.32#34.16
-97.5961,30.9537#33.62#32.3#34.08
-97.5432,30.9546#33.71#32.28#34.01
-97.4902,30.9555#33.81#32.26#33.93
-97.4373,30.9563#33.93#32.23#33.84
-97.3843,30.9571#34.05#32.19#33.76
-97.3314,30.9579#34.17#32.16#33.67
-97.2784,30.9586#34.29#32.12#33.59
-97.2254,30.9594#34.4#32.09#33.51
-97.1725,30.9601#34.52#32.05#33.43
-97.1195,30.9609#34.64#32.01#33.35
-97.0666,30.9616#34.76#31.98#33.26
-97.0136,30.9622#34.88#31.94#33.18
-96.9606,30.9629#34.99#31.9#33.11
-96.9077,30.9636#35.1#31.85#33.05
-96.8547,30.9642#35.21#31.8#32.99
-96.8017,30.9648#35.31#31.75#32.94
-96.7488,30.9654#35.42#31.7#32.88
-96.6958,30.966#35.53#31.65#32.82
-96.6428,30.9665#35.64#31.61#32.75
-96.5899,30.9671#35.74#31.56#32.7
-96.5369,30.9676#35.85#31.51#32.64
-96.4839,30.9681#35.95#31.46#32.59
-96.431,30.9686#36.03#31.42#32.55
-96.378,30.9691#36.11#31.38#32.51
-96.325,30.9695#36.19#31.34#32.47
-96.2721,30.9699#36.27#31.3#32.43
-96.2191,30.9704#36.35#31.26#32.39
-96.1661,30.9708#36.43#31.21#32.36
-96.1132,30.9711#36.51#31.17#32.32
-96.0602,30.9715#36.59#31.13#32.28
-96.0072,30.9719#36.67#31.09#32.24
-95.9542,30.9722#36.74#31.06#32.2
-95.9013,30.9725#36.81#31.03#32.16
-95.8483,30.9728#36.88#31#32.12
-95.7953,30.9731#36.95#30.97#32.08
-95.7424,30.9733#37.02#30.94#32.04
-95.6894,30.9736#37.09#30.91#32
-95.6364,30.9738#37.16#30.88#31.96
-95.5834,30.974#37.23#30.84#31.93
-95.5305,30.9742#37.29#30.81#31.9
-95.4775,30.9743#37.35#30.79#31.86
-95.4245,30.9745#37.4#30.76#31.84
-95.3715,30.9746#37.45#30.74#31.81
-95.3186,30.9747#37.5#30.72#31.78
-95.2656,30.9748#37.55#30.7#31.75
-95.2126,30.9749#37.6#30.67#31.73
-95.1597,30.975#37.65#30.65#31.7
-95.1067,30.975#37.7#30.63#31.67
-95.0537,30.9751#37.75#30.61#31.64
-95.0007,30.9751#37.8#30.58#31.62
-94.9478,30.9751#37.83#30.57#31.6
-94.8948,30.975#37.86#30.55#31.59
-94.8418,30.975#37.89#30.53#31.58
-94.7888,30.9749#37.92#30.51#31.57
-94.7359,30.9748#37.95#30.49#31.56
-94.6829,30.9747#37.98#30.48#31.54
-94.6299,30.9746#38.01#30.46#31.53
-94.5769,30.9745#38.04#30.44#31.52
-94.524,30.9743#38.07#30.42#31.51
-94.471,30.9742#38.09#30.41#31.5
-94.418,30.974#38.12#30.39#31.49
-94.3651,30.9738#38.14#30.38#31.48
-94.3121,30.9736#38.16#30.36#31.48
-94.2591,30.9733#38.18#30.35#31.47
-94.2061,30.9731#38.2#30.33#31.47
-94.1532,30.9728#38.22#30.32#31.46
-94.1002,30.9725#38.24#30.3#31.46
-94.0472,30.9722#38.26#30.29#31.45
-93.9942,30.9719#38.28#30.27#31.45
-93.9413,30.9715#38.29#30.26#31.45
-93.8883,30.9712#38.31#30.25#31.44
-93.8353,30.9708#38.32#30.24#31.44
-93.7824,30.9704#38.34#30.22#31.44
-93.7294,30.97#38.35#30.21#31.44
-93.6764,30.9695#38.37#30.2#31.43
-93.6235,30.9691#38.38#30.19#31.43
-93.5705,30.9686#38.4#30.17#31.43
-93.5175,30.9681#38.41#30.16#31.43
-93.4646,30.9676#38.43#30.16#31.41
-93.4116,30.9671#38.44#30.15#31.41
-93.3586,30.9665#38.45#30.15#31.4
-93.3057,30.966#38.47#30.15#31.38
-93.2527,30.9654#38.48#30.14#31.38
-93.1997,30.9648#38.49#30.14#31.37
-93.1468,30.9642#38.51#30.14#31.35
-93.0938,30.9636#38.52#30.13#31.35
-93.0408,30.9629#38.53#30.13#31.34
-92.9879,30.9623#38.55#30.13#31.32
-92.9349,30.9616#38.56#30.14#31.3
-92.8819,30.9609#38.58#30.16#31.26
-92.829,30.9602#38.6#30.17#31.23
-92.776,30.9594#38.61#30.18#31.21
-92.7231,30.9587#38.63#30.19#31.18
-92.6701,30.9579#38.64#30.2#31.16
-92.6172,30.9571#38.66#30.21#31.13
-92.5642,30.9563#38.68#30.22#31.1
-92.5112,30.9555#38.69#30.23#31.08
-92.4583,30.9546#38.71#30.24#31.05
-92.4053,30.9538#38.73#30.25#31.02
-92.3524,30.9529#38.74#30.26#31
-92.2994,30.952#38.76#30.27#30.97
-92.2465,30.9511#38.78#30.28#30.94
-92.1935,30.9502#38.79#30.29#30.92
-92.1406,30.9492#38.81#30.3#30.89
-92.0876,30.9482#38.82#30.31#30.87
-92.0347,30.9473#38.84#30.32#30.84
-91.9817,30.9462#38.86#30.32#30.82
-91.9288,30.9452#38.88#30.31#30.81
-91.8758,30.9442#38.9#30.31#30.79
-91.8229,30.9431#38.92#30.3#30.78
-91.7699,30.9421#38.94#30.3#30.76
-91.717,30.941#38.95#30.29#30.76
-91.6641,30.9399#38.97#30.29#30.74
-91.6111,30.9387#38.99#30.28#30.73
-91.5582,30.9376#39.01#30.28#30.71
-91.5052,30.9364#39.03#30.27#30.7
-91.4523,30.9353#39.05#30.24#30.71
-91.3994,30.9341#39.07#30.2#30.73
-91.3464,30.9328#39.09#30.16#30.75
-91.2935,30.9316#39.12#30.12#30.76
-91.2405,30.9304#39.14#30.08#30.78
-91.1876,30.9291#39.16#30.04#30.8
-91.1347,30.9278#39.18#30.01#30.81
-91.0818,30.9265#39.2#29.97#30.83
-91.0288,30.9252#39.22#29.93#30.85
-90.9759,30.9238#39.24#29.88#30.88
-90.923,30.9225#39.27#29.81#30.92
-90.87,30.9211#39.29#29.75#30.96
-90.8171,30.9197#39.32#29.68#31
-90.7642,30.9183#39.34#29.62#31.04
-90.7113,30.9169#39.37#29.56#31.07
-90.6584,30.9154#39.39#29.49#31.12
-90.6054,30.914#39.41#29.43#31.16
-90.5525,30.9125#39.44#29.36#31.2
-90.4996,30.911#39.46#29.3#31.24
-90.4467,30.9095#39.48#29.24#31.28
-90.3938,30.9079#39.51#29.17#31.32
-90.3409,30.9064#39.53#29.11#31.36
-90.288,30.9048#39.55#29.05#31.4
-90.235,30.9032#39.57#28.99#31.44
-90.1821,30.9016#39.59#28.92#31.49
-90.1292,30.9#39.61#28.86#31.53
-101.144,30.9011#29.58#36.32#34.1
-101.091,30.9031#29.6#36.24#34.16
-101.038,30.9052#29.61#36.15#34.24
-100.985,30.9072#29.63#36.07#34.3
-100.932,30.9092#29.65#35.98#34.37
-100.879,30.9111#29.67#35.9#34.43
-100.827,30.9131#29.69#35.81#34.5
-100.774,30.915#29.71#35.72#34.57
-100.721,30.917#29.73#35.63#34.64
-100.668,30.9189#29.75#35.54#34.71
-100.615,30.9208#29.77#35.46#34.77
-100.562,30.9226#29.79#35.37#34.84
-100.509,30.9245#29.81#35.28#34.91
-100.456,30.9263#29.85#35.19#34.96
-100.403,30.9282#29.89#35.1#35.01
-100.35,30.93#29.93#35#35.07
-100.297,30.9317#29.97#34.91#35.12
-100.245,30.9335#30.01#34.82#35.17
-100.192,30.9352#30.05#34.72#35.23
-100.139,30.937#30.09#34.63#35.28
-100.086,30.9387#30.14#34.54#35.32
-100.033,30.9404#30.18#34.44#35.38
-99.98,30.9421#30.23#34.35#35.42
-99.9271,30.9437#30.3#34.26#35.44
-99.8741,30.9454#30.37#34.17#35.46
-99.8212,30.947#30.44#34.08#35.48
-99.7683,30.9486#30.51#33.99#35.5
-99.7153,30.9502#30.58#33.9#35.52
-99.6624,30.9518#30.65#33.81#35.54
-99.6095,30.9533#30.73#33.72#35.55
-99.5566,30.9548#30.8#33.63#35.57
-99.5036,30.9564#30.87#33.53#35.6
-99.4507,30.9579#30.95#33.46#35.59
-99.3977,30.9593#31.03#33.38#35.59
-99.3448,30.9608#31.11#33.3#35.59
-99.2919,30.9623#31.19#33.22#35.59
-99.2389,30.9637#31.27#33.14#35.59
-99.186,30.9651#31.35#33.07#35.58
-99.133,30.9665#31.42#32.99#35.59
-99.0801,30.9679#31.5#32.91#35.59
-99.0271,30.9692#31.58#32.83#35.59
-98.9742,30.9706#31.66#32.78#35.56
-98.9212,30.9719#31.74#32.74#35.52
-98.8683,30.9732#31.81#32.71#35.48
-98.8153,30.9745#31.89#32.67#35.44
-98.7624,30.9757#31.96#32.64#35.4
-98.7094,30.977#32.04#32.6#35.36
-98.6565,30.9782#32.11#32.57#35.32
-98.6035,30.9794#32.18#32.54#35.28
-98.5506,30.9806#32.26#32.5#35.24
-98.4976,30.9818#32.33#32.47#35.2
-98.4446,30.983#32.4#32.47#35.13
-98.3917,30.9841#32.48#32.46#35.06
-98.3387,30.9853#32.55#32.45#35
-98.2858,30.9864#32.62#32.45#34.93
-98.2328,30.9875#32.69#32.44#34.87
-98.1798,30.9885#32.76#32.44#34.8
-98.1269,30.9896#32.83#32.43#34.74
-98.0739,30.9906#32.9#32.42#34.68
-98.0209,30.9916#32.98#32.42#34.6
-97.968,30.9926#33.06#32.4#34.54
-97.915,30.9936#33.16#32.38#34.46
-97.862,30.9946#33.26#32.37#34.37
-97.809,30.9956#33.36#32.35#34.29
-97.7561,30.9965#33.46#32.33#34.21
-97.7031,30.9974#33.56#32.31#34.13
-97.6501,30.9983#33.66#32.29#34.05
-97.5972,30.9992#33.76#32.27#33.97
-97.5442,31#33.86#32.26#33.88
-97.4912,31.0009#33.96#32.23#33.81
-97.4382,31.0017#34.08#32.2#33.72
-97.3852,31.0025#34.2#32.16#33.64
-97.3323,31.0033#34.32#32.12#33.56
-97.2793,31.0041#34.44#32.09#33.47
-97.2263,31.0048#34.56#32.05#33.39
-97.1733,31.0056#34.67#32.01#33.32
-97.1203,31.0063#34.79#31.97#33.24
-97.0674,31.007#34.91#31.94#33.15
-97.0144,31.0077#35.03#31.9#33.07
-96.9614,31.0083#35.14#31.85#33.01
-96.9084,31.009#35.25#31.8#32.95
-96.8554,31.0096#35.35#31.75#32.9
-96.8024,31.0102#35.46#31.7#32.84
-96.7495,31.0108#35.57#31.65#32.78
-96.6965,31.0114#35.68#31.6#32.72
-96.6435,31.012#35.79#31.55#32.66
-96.5905,31.0125#35.89#31.5#32.61
-96.5375,31.013#36#31.45#32.55
-96.4845,31.0135#36.1#31.4#32.5
-96.4315,31.014#36.18#31.36#32.46
-96.3785,31.0145#36.26#31.32#32.42
-96.3256,31.0149#36.34#31.28#32.38
-96.2726,31.0154#36.43#31.24#32.33
-96.2196,31.0158#36.51#31.2#32.29
-96.1666,31.0162#36.59#31.16#32.25
-96.1136,31.0166#36.67#31.12#32.21
-96.0606,31.0169#36.75#31.08#32.17
-96.0076,31.0173#36.83#31.03#32.14
-95.9546,31.0176#36.9#31#32.1
-95.9016,31.0179#36.97#30.97#32.06
-95.8486,31.0182#37.04#30.94#32.02
-95.7956,31.0185#37.11#30.91#31.98
-95.7426,31.0188#37.18#30.89#31.93
-95.6897,31.019#37.25#30.86#31.89
-95.6367,31.0192#37.32#30.83#31.85
-95.5837,31.0194#37.38#30.8#31.82
-95.5307,31.0196#37.45#30.77#31.78
-95.4777,31.0198#37.51#30.74#31.75
-95.4247,31.0199#37.56#30.72#31.72
-95.3717,31.0201#37.61#30.7#31.69
-95.3187,31.0202#37.66#30.68#31.66
-95.2657,31.0203#37.71#30.66#31.63
-95.2127,31.0204#37.76#30.63#31.61
-95.1597,31.0204#37.81#30.61#31.58
-95.1067,31.0205#37.86#30.59#31.55
-95.0537,31.0205#37.91#30.57#31.52
-95.0007,31.0205#37.95#30.55#31.5
-94.9477,31.0205#37.99#30.53#31.48
-94.8947,31.0205#38.02#30.52#31.46
-94.8417,31.0204#38.05#30.5#31.45
-94.7888,31.0204#38.08#30.48#31.44
-94.7358,31.0203#38.11#30.46#31.43
-94.6828,31.0202#38.13#30.45#31.42
-94.6298,31.0201#38.16#30.43#31.41
-94.5768,31.0199#38.19#30.41#31.4
-94.5238,31.0198#38.22#30.4#31.38
-94.4708,31.0196#38.25#30.38#31.37
-94.4178,31.0194#38.27#30.37#31.36
-94.3648,31.0192#38.29#30.35#31.36
-94.3118,31.019#38.31#30.34#31.35
-94.2588,31.0188#38.33#30.33#31.34
-94.2058,31.0185#38.35#30.31#31.34
-94.1528,31.0182#38.37#30.3#31.33
-94.0998,31.0179#38.39#30.28#31.33
-94.0468,31.0176#38.41#30.27#31.32
-93.9939,31.0173#38.43#30.26#31.31
-93.9409,31.017#38.44#30.25#31.31
-93.8879,31.0166#38.46#30.23#31.31
-93.8349,31.0162#38.47#30.22#31.31
-93.7819,31.0158#38.49#30.21#31.3
-93.7289,31.0154#38.5#30.2#31.3
-93.6759,31.015#38.52#30.19#31.29
-93.6229,31.0145#38.53#30.18#31.29
-93.5699,31.014#38.55#30.17#31.28
-93.5169,31.0135#38.56#30.16#31.28
-93.464,31.013#38.57#30.15#31.28
-93.411,31.0125#38.59#30.15#31.26
-93.358,31.012#38.6#30.15#31.25
-93.305,31.0114#38.61#30.15#31.24
-93.252,31.0108#38.63#30.15#31.22
-93.199,31.0102#38.64#30.15#31.21
-93.146,31.0096#38.65#30.15#31.2
-93.0931,31.009#38.66#30.15#31.19
-93.0401,31.0084#38.68#30.15#31.17
-92.9871,31.0077#38.69#30.15#31.16
-92.9341,31.007#38.71#30.16#31.13
-92.8811,31.0063#38.73#30.18#31.09
-92.8281,31.0056#38.74#30.19#31.07
-92.7752,31.0048#38.76#30.2#31.04
-92.7222,31.0041#38.78#30.21#31.01
-92.6692,31.0033#38.79#30.23#30.98
-92.6162,31.0025#38.81#30.24#30.95
-92.5632,31.0017#38.83#30.25#30.92
-92.5103,31.0009#38.84#30.27#30.89
-92.4573,31.0001#38.86#30.28#30.86
-92.4043,30.9992#38.88#30.28#30.84
-92.3513,30.9983#38.9#30.29#30.81
-92.2984,30.9974#38.92#30.3#30.78
-92.2454,30.9965#38.93#30.31#30.76
-92.1924,30.9956#38.95#30.32#30.73
-92.1394,30.9946#38.97#30.33#30.7
-92.0865,30.9937#38.99#30.34#30.67
-92.0335,30.9927#39#30.35#30.65
-91.9805,30.9917#39.02#30.35#30.63
-91.9276,30.9907#39.04#30.34#30.62
-91.8746,30.9896#39.06#30.33#30.61
-91.8216,30.9886#39.09#30.33#30.58
-91.7687,30.9875#39.11#30.32#30.57
-91.7157,30.9864#39.13#30.31#30.56
-91.6627,30.9853#39.15#30.3#30.55
-91.6098,30.9842#39.17#30.3#30.53
-91.5568,30.983#39.19#30.29#30.52
-91.5039,30.9819#39.21#30.28#30.51
-91.4509,30.9807#39.23#30.25#30.52
-91.3979,30.9795#39.25#30.2#30.55
-91.345,30.9783#39.28#30.16#30.56
-91.292,30.977#39.3#30.12#30.58
-91.2391,30.9758#39.32#30.08#30.6
-91.1861,30.9745#39.34#30.04#30.62
-91.1332,30.9732#39.37#30#30.63
-91.0802,30.9719#39.39#29.96#30.65
-91.0273,30.9706#39.41#29.92#30.67
-90.9743,30.9693#39.43#29.87#30.7
-90.9214,30.9679#39.46#29.8#30.74
-90.8684,30.9665#39.49#29.73#30.78
-90.8155,30.9651#39.51#29.66#30.83
-90.7625,30.9637#39.54#29.6#30.86
-90.7096,30.9623#39.56#29.53#30.91
-90.6567,30.9608#39.59#29.46#30.95
-90.6037,30.9594#39.61#29.39#31
-90.5508,30.9579#39.64#29.32#31.04
-90.4978,30.9564#39.66#29.26#31.08
-90.4449,30.9549#39.68#29.2#31.12
-90.392,30.9533#39.71#29.14#31.15
-90.339,30.9518#39.73#29.08#31.19
-90.2861,30.9502#39.75#29.02#31.23
-90.2332,30.9486#39.77#28.96#31.27
-90.1803,30.947#39.8#28.9#31.3
-90.1273,30.9454#39.82#28.84#31.34
-90.0744,30.9438#39.84#28.77#31.39
-90.0215,30.9421#39.86#28.71#31.43
-89.9686,30.9404#39.89#28.68#31.43
-89.9156,30.9387#39.91#28.66#31.43
-89.8627,30.937#39.94#28.64#31.42
-89.8098,30.9353#39.97#28.63#31.4
-89.7569,30.9335#39.99#28.61#31.4
-89.704,30.9318#40.02#28.59#31.39
-89.6511,30.93#40.05#28.58#31.37
-89.5981,30.9282#40.07#28.56#31.37
-89.5452,30.9264#40.1#28.54#31.36
-89.4923,30.9245#40.13#28.53#31.34
-89.4394,30.9227#40.15#28.52#31.33
-89.3865,30.9208#40.17#28.51#31.32
-89.3336,30.9189#40.19#28.51#31.3
-89.2807,30.917#40.21#28.5#31.29
-89.2278,30.9151#40.23#28.5#31.27
-89.1749,30.9132#40.25#28.49#31.26
-89.122,30.9112#40.27#28.49#31.24
-89.0691,30.9092#40.28#28.48#31.24
-89.0162,30.9072#40.3#28.47#31.23
-88.9633,30.9052#40.32#28.47#31.21
-88.9105,30.9032#40.34#28.48#31.18
-88.8576,30.9011#40.36#28.48#31.16
-102.204,30.9018#29.27#37.84#32.89
-102.151,30.9042#29.28#37.77#32.95
-102.098,30.9065#29.29#37.7#33.01
-102.045,30.9089#29.3#37.63#33.07
-101.993,30.9113#29.32#37.56#33.12
-101.94,30.9136#29.33#37.49#33.18
-101.887,30.9159#29.35#37.42#33.23
-101.834,30.9182#29.36#37.35#33.29
-101.781,30.9205#29.37#37.28#33.35
-101.728,30.9228#29.39#37.21#33.4
-101.675,30.925#29.4#37.14#33.46
-101.622,30.9272#29.42#37.06#33.52
-101.569,30.9294#29.43#36.99#33.58
-101.517,30.9316#29.45#36.92#33.63
-101.464,30.9338#29.46#36.84#33.7
-101.411,30.936#29.48#36.76#33.76
-101.358,30.9381#29.5#36.67#33.83
-101.305,30.9402#29.51#36.59#33.9
-101.252,30.9423#29.53#36.51#33.96
-101.199,30.9444#29.55#36.42#34.03
-101.146,30.9465#29.56#36.34#34.1
-101.093,30.9485#29.58#36.25#34.17
-101.04,30.9506#29.6#36.17#34.23
-100.988,30.9526#29.61#36.08#34.31
-100.935,30.9546#29.64#36#34.36
-100.882,30.9565#29.66#35.91#34.43
-100.829,30.9585#29.68#35.82#34.5
-100.776,30.9604#29.7#35.73#34.57
-100.723,30.9624#29.72#35.64#34.64
-100.67,30.9643#29.74#35.55#34.71
-100.617,30.9662#29.76#35.46#34.78
-100.564,30.968#29.78#35.37#34.85
-100.511,30.9699#29.8#35.28#34.92
-100.458,30.9717#29.84#35.19#34.97
-100.405,30.9736#29.89#35.09#35.02
-100.352,30.9754#29.93#35#35.07
-100.3,30.9771#29.97#34.9#35.13
-100.247,30.9789#30.01#34.81#35.18
-100.194,30.9807#30.06#34.71#35.23
-100.141,30.9824#30.1#34.62#35.28
-100.088,30.9841#30.14#34.52#35.34
-100.035,30.9858#30.19#34.43#35.38
-99.9819,30.9875#30.24#34.33#35.43
-99.929,30.9891#30.31#34.24#35.45
-99.876,30.9908#30.38#34.15#35.47
-99.8231,30.9924#30.46#34.05#35.49
-99.7701,30.994#30.53#33.96#35.51
-99.7172,30.9956#30.6#33.87#35.53
-99.6642,30.9972#30.67#33.77#35.56
-99.6113,30.9987#30.75#33.68#35.57
-99.5583,31.0003#30.82#33.58#35.6
-99.5054,31.0018#30.89#33.49#35.62
-99.4524,31.0033#30.97#33.41#35.62
-99.3995,31.0048#31.05#33.34#35.61
-99.3465,31.0062#31.13#33.26#35.61
-99.2935,31.0077#31.22#33.18#35.6
-99.2406,31.0091#31.3#33.11#35.59
-99.1876,31.0105#31.38#33.03#35.59
-99.1346,31.0119#31.46#32.95#35.59
-99.0817,31.0133#31.54#32.88#35.58
-99.0287,31.0146#31.62#32.8#35.58
-98.9757,31.016#31.7#32.74#35.56
-98.9228,31.0173#31.78#32.71#35.51
-98.8698,31.0186#31.85#32.68#35.47
-98.8168,31.0199#31.93#32.65#35.42
-98.7639,31.0212#32#32.62#35.38
-98.7109,31.0224#32.08#32.59#35.33
-98.6579,31.0236#32.16#32.56#35.28
-98.6049,31.0249#32.23#32.53#35.24
-98.5519,31.0261#32.31#32.5#35.19
-98.499,31.0272#32.39#32.47#35.14
-98.446,31.0284#32.46#32.46#35.08
-98.393,31.0295#32.54#32.45#35.01
-98.34,31.0307#32.61#32.44#34.95
-98.287,31.0318#32.69#32.44#34.87
-98.2341,31.0329#32.77#32.43#34.8
-98.1811,31.034#32.84#32.42#34.74
-98.1281,31.035#32.92#32.41#34.67
-98.0751,31.036#33#32.4#34.6
-98.0221,31.0371#33.07#32.39#34.54
-97.9691,31.0381#33.17#32.38#34.45
-97.9161,31.0391#33.27#32.36#34.37
-97.8631,31.04#33.38#32.34#34.28
-97.8101,31.041#33.48#32.32#34.2
-97.7571,31.0419#33.59#32.3#34.11
-97.7042,31.0428#33.69#32.28#34.03
-97.6512,31.0437#33.8#32.26#33.94
-97.5982,31.0446#33.9#32.25#33.85
-97.5452,31.0455#34.01#32.23#33.76
-97.4922,31.0463#34.11#32.21#33.68
-97.4392,31.0471#34.23#32.17#33.6
-97.3862,31.0479#34.35#32.13#33.52
-97.3332,31.0487#34.47#32.09#33.44
-97.2802,31.0495#34.59#32.05#33.36
-97.2272,31.0503#34.71#32.01#33.28
-97.1742,31.051#34.82#31.97#33.21
-97.1212,31.0517#34.94#31.93#33.13
-97.0682,31.0524#35.06#31.89#33.05
-97.0152,31.0531#35.18#31.85#32.97
-96.9622,31.0538#35.29#31.8#32.91
-96.9092,31.0544#35.4#31.75#32.85
-96.8562,31.055#35.5#31.7#32.8
-96.8031,31.0557#35.61#31.65#32.74
-96.7501,31.0562#35.72#31.6#32.68
-96.6971,31.0568#35.83#31.55#32.62
-96.6441,31.0574#35.93#31.5#32.57
-96.5911,31.0579#36.04#31.45#32.51
-96.5381,31.0585#36.15#31.39#32.46
-96.4851,31.059#36.25#31.35#32.4
-96.4321,31.0594#36.33#31.3#32.37
-96.3791,31.0599#36.41#31.26#32.33
-96.3261,31.0604#36.5#31.22#32.28
-96.2731,31.0608#36.58#31.18#32.24
-96.2201,31.0612#36.66#31.14#32.2
-96.167,31.0616#36.74#31.1#32.16
-96.114,31.062#36.83#31.06#32.11
-96.061,31.0624#36.91#31.02#32.07
-96.008,31.0627#36.99#30.98#32.03
-95.955,31.063#37.06#30.95#31.99
-95.902,31.0634#37.13#30.92#31.95
-95.849,31.0636#37.2#30.89#31.91
-95.796,31.0639#37.27#30.86#31.87
-95.7429,31.0642#37.34#30.83#31.83
-95.6899,31.0644#37.41#30.81#31.78
-95.6369,31.0646#37.47#30.78#31.75
-95.5839,31.0648#37.54#30.75#31.71
-95.5309,31.065#37.61#30.72#31.67
-95.4779,31.0652#37.67#30.7#31.63
-95.4249,31.0654#37.72#30.68#31.6
-95.3718,31.0655#37.77#30.66#31.57
-95.3188,31.0656#37.82#30.64#31.54
-95.2658,31.0657#37.87#30.62#31.51
-95.2128,31.0658#37.92#30.6#31.48
-95.1598,31.0658#37.97#30.57#31.46
-95.1068,31.0659#38.02#30.55#31.43
-95.0537,31.0659#38.07#30.53#31.4
-95.0007,31.0659#38.11#30.51#31.38
-94.9477,31.0659#38.14#30.5#31.36
-94.8947,31.0659#38.17#30.48#31.35
-94.8417,31.0658#38.2#30.47#31.33
-94.7887,31.0658#38.23#30.45#31.32
-94.7357,31.0657#38.26#30.43#31.31
-94.6826,31.0656#38.29#30.42#31.29
-94.6296,31.0655#38.32#30.4#31.28
-94.5766,31.0654#38.35#30.39#31.26
-94.5236,31.0652#38.38#30.37#31.25
-94.4706,31.065#38.4#30.36#31.24
-94.4176,31.0649#38.42#30.34#31.24
-94.3646,31.0647#38.44#30.33#31.23
-94.3115,31.0644#38.46#30.32#31.22
-94.2585,31.0642#38.48#30.3#31.22
-94.2055,31.0639#38.5#30.29#31.21
-94.1525,31.0637#38.52#30.28#31.2
-94.0995,31.0634#38.54#30.27#31.19
-94.0465,31.0631#38.56#30.25#31.19
-93.9935,31.0627#38.57#30.24#31.19
-93.9404,31.0624#38.59#30.23#31.18
-93.8874,31.062#38.6#30.22#31.18
-93.8344,31.0616#38.62#30.21#31.17
-93.7814,31.0612#38.63#30.2#31.17
-93.7284,31.0608#38.65#30.19#31.16
-93.6754,31.0604#38.66#30.18#31.16
-93.6224,31.0599#38.68#30.17#31.15
-93.5694,31.0595#38.69#30.16#31.15
-93.5164,31.059#38.71#30.16#31.13
-93.4634,31.0585#38.72#30.15#31.13
-93.4103,31.0579#38.73#30.15#31.12
-93.3573,31.0574#38.75#30.16#31.09
-93.3043,31.0568#38.76#30.16#31.08
-93.2513,31.0563#38.77#30.16#31.07
-93.1983,31.0557#38.78#30.16#31.06
-93.1453,31.0551#38.8#30.16#31.04
-93.0923,31.0544#38.81#30.16#31.03
-93.0393,31.0538#38.82#30.16#31.02
-92.9863,31.0531#38.84#30.17#30.99
-92.9333,31.0524#38.85#30.18#30.97
-92.8803,31.0517#38.87#30.2#30.93
-92.8273,31.051#38.89#30.21#30.9
-92.7743,31.0503#38.91#30.22#30.87
-92.7213,31.0495#38.93#30.24#30.83
-92.6683,31.0487#38.94#30.25#30.81
-92.6153,31.048#38.96#30.27#30.77
-92.5623,31.0472#38.98#30.28#30.74
-92.5093,31.0463#39#30.3#30.7
-92.4563,31.0455#39.01#30.31#30.68
-92.4033,31.0446#39.03#30.32#30.65
-92.3503,31.0437#39.05#30.32#30.63
-92.2973,31.0428#39.07#30.33#30.6
-92.2443,31.0419#39.09#30.34#30.57
-92.1913,31.041#39.11#30.35#30.54
-92.1383,31.0401#39.13#30.36#30.51
-92.0853,31.0391#39.15#30.37#30.48
-92.0323,31.0381#39.17#30.38#30.45
-91.9794,31.0371#39.19#30.38#30.43
-91.9264,31.0361#39.21#30.37#30.42
-91.8734,31.035#39.23#30.36#30.41
-91.8204,31.034#39.25#30.35#30.4
-91.7674,31.0329#39.28#30.34#30.38
-91.7144,31.0318#39.3#30.33#30.37
-91.6614,31.0307#39.32#30.32#30.36
-91.6085,31.0296#39.34#30.31#30.35
-91.5555,31.0284#39.36#30.31#30.33
-91.5025,31.0273#39.39#30.3#30.31
-91.4495,31.0261#39.41#30.25#30.34
-91.3965,31.0249#39.43#30.21#30.36
-91.3436,31.0237#39.46#30.17#30.37
-91.2906,31.0224#39.48#30.13#30.39
-91.2376,31.0212#39.51#30.08#30.41
-91.1846,31.0199#39.53#30.04#30.43
-91.1317,31.0186#39.55#30#30.45
-91.0787,31.0173#39.58#29.96#30.46
-91.0257,31.016#39.6#29.92#30.48
-90.9728,31.0147#39.62#29.86#30.52
-90.9198,31.0133#39.65#29.79#30.56
-90.8668,31.0119#39.68#29.71#30.61
-90.8139,31.0105#39.7#29.64#30.66
-90.7609,31.0091#39.73#29.57#30.7
-90.7079,31.0077#39.76#29.5#30.74
-90.655,31.0063#39.78#29.43#30.79
-90.602,31.0048#39.81#29.36#30.83
-90.549,31.0033#39.84#29.29#30.87
-90.4961,31.0018#39.86#29.22#30.92
-90.4431,31.0003#39.88#29.16#30.96
-90.3902,30.9988#39.91#29.1#30.99
-90.3372,30.9972#39.93#29.04#31.03
-90.2843,30.9956#39.95#28.99#31.06
-90.2313,30.994#39.98#28.93#31.09
-90.1784,30.9924#40#28.87#31.13
-90.1254,30.9908#40.02#28.81#31.17
-90.0725,30.9892#40.04#28.75#31.21
-90.0195,30.9875#40.07#28.69#31.24
-89.9666,30.9858#40.09#28.66#31.25
-89.9136,30.9841#40.12#28.65#31.23
-89.8607,30.9824#40.15#28.63#31.22
-89.8078,30.9807#40.18#28.61#31.21
-89.7548,30.979#40.21#28.6#31.19
-89.7019,30.9772#40.24#28.58#31.18
-89.649,30.9754#40.26#28.56#31.18
-89.596,30.9736#40.29#28.54#31.17
-89.5431,30.9718#40.32#28.53#31.15
-89.4902,30.9699#40.34#28.51#31.15
-89.4372,30.9681#40.37#28.51#31.12
-89.3843,30.9662#40.39#28.5#31.11
-89.3314,30.9643#40.41#28.5#31.09
-89.2785,30.9624#40.43#28.49#31.08
-89.2256,30.9605#40.45#28.49#31.06
-89.1726,30.9586#40.47#28.48#31.05
-89.1197,30.9566#40.49#28.48#31.03
-89.0668,30.9546#40.51#28.47#31.02
-89.0139,30.9526#40.53#28.47#31
-88.961,30.9506#40.55#28.47#30.98
-88.9081,30.9486#40.57#28.47#30.96
-88.8552,30.9465#40.59#28.47#30.94
-88.8023,30.9445#40.61#28.48#30.91
-88.7494,30.9424#40.62#28.48#30.9
-88.6965,30.9403#40.64#28.48#30.88
-88.6436,30.9382#40.66#28.49#30.85
-88.5907,30.936#40.68#28.49#30.83
-88.5378,30.9339#40.7#28.49#30.81
-88.4849,30.9317#40.72#28.5#30.78
-88.432,30.9295#40.72#28.51#30.77
-88.3791,30.9273#40.73#28.53#30.74
-88.3262,30.9251#40.74#28.54#30.72
-88.2733,30.9228#40.75#28.55#30.7
-88.2204,30.9206#40.75#28.57#30.68
-88.1675,30.9183#40.76#28.58#30.66
-88.1147,30.916#40.77#28.59#30.64
-88.0618,30.9137#40.78#28.6#30.62
-88.0089,30.9113#40.78#28.61#30.61
-87.956,30.909#40.78#28.66#30.56
-87.9032,30.9066#40.77#28.71#30.52
-87.8503,30.9042#40.76#28.76#30.48
-87.7974,30.9018#40.75#28.8#30.45
-103.158,30.9008#29.1#39.3#31.6
-103.106,30.9035#29.1#39.21#31.69
-103.053,30.9063#29.1#39.13#31.77
-103,30.9089#29.1#39.04#31.86
-102.947,30.9116#29.11#38.97#31.92
-102.894,30.9143#29.12#38.89#31.99
-102.841,30.9169#29.13#38.81#32.06
-102.788,30.9195#29.14#38.73#32.13
-102.736,30.9221#29.14#38.65#32.21
-102.683,30.9247#29.15#38.57#32.28
-102.63,30.9273#29.16#38.49#32.35
-102.577,30.9298#29.17#38.42#32.41
-102.524,30.9323#29.18#38.34#32.48
-102.471,30.9348#29.19#38.26#32.55
-102.418,30.9373#29.2#38.19#32.61
-102.365,30.9398#29.21#38.12#32.67
-102.313,30.9423#29.22#38.05#32.73
-102.26,30.9447#29.23#37.98#32.79
-102.207,30.9471#29.25#37.91#32.84
-102.154,30.9495#29.26#37.84#32.9
-102.101,30.9519#29.27#37.76#32.97
-102.048,30.9543#29.28#37.69#33.03
-101.995,30.9566#29.29#37.62#33.09
-101.942,30.959#29.31#37.55#33.14
-101.889,30.9613#29.32#37.47#33.21
-101.837,30.9636#29.34#37.4#33.26
-101.784,30.9659#29.35#37.33#33.32
-101.731,30.9681#29.37#37.25#33.38
-101.678,30.9704#29.38#37.18#33.44
-101.625,30.9726#29.4#37.1#33.5
-101.572,30.9748#29.41#37.03#33.56
-101.519,30.977#29.43#36.95#33.62
-101.466,30.9792#29.44#36.87#33.69
-101.413,30.9813#29.46#36.79#33.75
-101.36,30.9835#29.48#36.7#33.82
-101.307,30.9856#29.49#36.62#33.89
-101.255,30.9877#29.51#36.53#33.96
-101.202,30.9898#29.53#36.44#34.03
-101.149,30.9919#29.55#36.36#34.09
-101.096,30.9939#29.56#36.27#34.17
-101.043,30.9959#29.58#36.19#34.23
-100.99,30.998#29.6#36.1#34.3
-100.937,31#29.62#36.01#34.37
-100.884,31.0019#29.64#35.92#34.44
-100.831,31.0039#29.66#35.83#34.51
-100.778,31.0058#29.69#35.74#34.57
-100.725,31.0078#29.71#35.65#34.64
-100.672,31.0097#29.73#35.55#34.72
-100.619,31.0116#29.75#35.46#34.79
-100.566,31.0134#29.78#35.37#34.85
-100.513,31.0153#29.8#35.28#34.92
-100.46,31.0171#29.84#35.18#34.98
-100.408,31.019#29.88#35.09#35.03
-100.355,31.0208#29.93#34.99#35.08
-100.302,31.0225#29.97#34.89#35.14
-100.249,31.0243#30.02#34.8#35.18
-100.196,31.0261#30.06#34.7#35.24
-100.143,31.0278#30.11#34.6#35.29
-100.09,31.0295#30.15#34.51#35.34
-100.037,31.0312#30.2#34.41#35.39
-99.9839,31.0329#30.25#34.31#35.44
-99.9309,31.0345#30.32#34.22#35.46
-99.8779,31.0362#30.4#34.12#35.48
-99.825,31.0378#30.47#34.03#35.5
-99.772,31.0394#30.55#33.93#35.52
-99.719,31.041#30.62#33.83#35.55
-99.6661,31.0426#30.69#33.74#35.57
-99.6131,31.0441#30.77#33.64#35.59
-99.5601,31.0457#30.84#33.54#35.62
-99.5071,31.0472#30.92#33.45#35.63
-99.4542,31.0487#31#33.37#35.63
-99.4012,31.0502#31.08#33.29#35.63
-99.3482,31.0516#31.16#33.22#35.62
-99.2952,31.0531#31.25#33.14#35.61
-99.2422,31.0545#31.33#33.07#35.6
-99.1892,31.0559#31.41#32.99#35.6
-99.1363,31.0573#31.49#32.92#35.59
-99.0833,31.0587#31.58#32.84#35.58
-99.0303,31.06#31.66#32.77#35.57
-98.9773,31.0614#31.74#32.71#35.55
-98.9243,31.0627#31.82#32.68#35.5
-98.8713,31.064#31.89#32.66#35.45
-98.8183,31.0653#31.97#32.63#35.4
-98.7653,31.0666#32.05#32.6#35.35
-98.7123,31.0678#32.13#32.57#35.3
-98.6593,31.0691#32.2#32.55#35.25
-98.6063,31.0703#32.28#32.52#35.2
-98.5533,31.0715#32.36#32.49#35.15
-98.5003,31.0727#32.44#32.47#35.09
-98.4473,31.0738#32.52#32.46#35.02
-98.3943,31.075#32.6#32.44#34.96
-98.3413,31.0761#32.68#32.43#34.89
-98.2883,31.0772#32.76#32.42#34.82
-98.2353,31.0783#32.84#32.41#34.75
-98.1823,31.0794#32.92#32.4#34.68
-98.1293,31.0804#33.01#32.39#34.6
-98.0763,31.0815#33.09#32.38#34.53
-98.0233,31.0825#33.17#32.37#34.46
-97.9703,31.0835#33.27#32.35#34.38
-97.9173,31.0845#33.38#32.33#34.29
-97.8643,31.0854#33.49#32.31#34.2
-97.8112,31.0864#33.6#32.29#34.11
-97.7582,31.0873#33.71#32.28#34.01
-97.7052,31.0882#33.82#32.26#33.92
-97.6522,31.0891#33.93#32.24#33.83
-97.5992,31.09#34.04#32.22#33.74
-97.5462,31.0909#34.15#32.2#33.65
-97.4931,31.0917#34.27#32.18#33.55
-97.4401,31.0925#34.38#32.14#33.48
-97.3871,31.0934#34.5#32.09#33.41
-97.3341,31.0941#34.62#32.05#33.33
-97.2811,31.0949#34.74#32.01#33.25
-97.228,31.0957#34.86#31.97#33.17
-97.175,31.0964#34.97#31.93#33.1
-97.122,31.0971#35.09#31.89#33.02
-97.069,31.0978#35.21#31.85#32.94
-97.016,31.0985#35.33#31.81#32.86
-96.9629,31.0992#35.44#31.76#32.8
-96.9099,31.0998#35.54#31.71#32.75
-96.8569,31.1005#35.65#31.65#32.7
-96.8039,31.1011#35.76#31.6#32.64
-96.7508,31.1017#35.87#31.55#32.58
-96.6978,31.1023#35.97#31.49#32.54
-96.6448,31.1028#36.08#31.44#32.48
-96.5917,31.1034#36.19#31.39#32.42
-96.5387,31.1039#36.3#31.34#32.36
-96.4857,31.1044#36.4#31.29#32.31
-96.4327,31.1049#36.48#31.25#32.27
-96.3796,31.1053#36.56#31.21#32.23
-96.3266,31.1058#36.65#31.16#32.19
-96.2736,31.1062#36.73#31.12#32.15
-96.2205,31.1066#36.81#31.08#32.11
-96.1675,31.107#36.9#31.04#32.06
-96.1145,31.1074#36.98#31#32.02
-96.0614,31.1078#37.06#30.96#31.98
-96.0084,31.1081#37.15#30.92#31.93
-95.9554,31.1085#37.22#30.89#31.89
-95.9023,31.1088#37.29#30.86#31.85
-95.8493,31.1091#37.36#30.84#31.8
-95.7963,31.1094#37.43#30.81#31.76
-95.7432,31.1096#37.5#30.78#31.72
-95.6902,31.1098#37.56#30.76#31.68
-95.6372,31.1101#37.63#30.73#31.64
-95.5841,31.1103#37.7#30.7#31.6
-95.5311,31.1105#37.77#30.68#31.55
-95.4781,31.1106#37.83#30.65#31.52
-95.425,31.1108#37.88#30.63#31.49
-95.372,31.1109#37.93#30.61#31.46
-95.3189,31.111#37.98#30.59#31.43
-95.2659,31.1111#38.03#30.57#31.4
-95.2129,31.1112#38.08#30.56#31.36
-95.1598,31.1113#38.13#30.54#31.33
-95.1068,31.1113#38.18#30.52#31.3
-95.0538,31.1113#38.22#30.5#31.28
-95.0007,31.1114#38.27#30.48#31.25
-94.9477,31.1113#38.3#30.46#31.24
-94.8947,31.1113#38.33#30.45#31.22
-94.8416,31.1113#38.36#30.43#31.21
-94.7886,31.1112#38.39#30.42#31.19
-94.7356,31.1111#38.42#30.4#31.18
-94.6825,31.111#38.45#30.39#31.16
-94.6295,31.1109#38.47#30.38#31.15
-94.5764,31.1108#38.5#30.36#31.14
-94.5234,31.1106#38.53#30.35#31.12
-94.4704,31.1105#38.56#30.33#31.11
-94.4173,31.1103#38.57#30.32#31.11
-94.3643,31.1101#38.59#30.31#31.1
-94.3113,31.1099#38.61#30.3#31.09
-94.2582,31.1096#38.63#30.28#31.09
-94.2052,31.1094#38.65#30.27#31.08
-94.1522,31.1091#38.67#30.26#31.07
-94.0991,31.1088#38.69#30.25#31.06
-94.0461,31.1085#38.71#30.23#31.06
-93.9931,31.1082#38.72#30.22#31.06
-93.94,31.1078#38.74#30.21#31.05
-93.887,31.1074#38.75#30.21#31.04
-93.834,31.1071#38.77#30.2#31.03
-93.7809,31.1067#38.78#30.19#31.03
-93.7279,31.1062#38.8#30.18#31.02
-93.6749,31.1058#38.81#30.18#31.01
-93.6218,31.1054#38.82#30.17#31.01
-93.5688,31.1049#38.84#30.16#31
-93.5158,31.1044#38.85#30.15#31
-93.4628,31.1039#38.87#30.15#30.98
-93.4097,31.1034#38.88#30.16#30.96
-93.3567,31.1028#38.89#30.16#30.95
-93.3037,31.1023#38.9#30.16#30.94
-93.2506,31.1017#38.92#30.16#30.92
-93.1976,31.1011#38.93#30.17#30.9
-93.1446,31.1005#38.94#30.17#30.89
-93.0916,31.0999#38.95#30.17#30.88
-93.0385,31.0992#38.97#30.18#30.85
-92.9855,31.0985#38.98#30.18#30.84
-92.9325,31.0979#39#30.2#30.8
-92.8795,31.0972#39.02#30.22#30.76
-92.8264,31.0964#39.04#30.23#30.73
-92.7734,31.0957#39.06#30.25#30.69
-92.7204,31.0949#39.07#30.26#30.67
-92.6674,31.0942#39.09#30.28#30.63
-92.6144,31.0934#39.11#30.3#30.59
-92.5613,31.0926#39.13#30.31#30.56
-92.5083,31.0917#39.15#30.33#30.52
-92.4553,31.0909#39.17#30.34#30.49
-92.4023,31.09#39.19#30.35#30.46
-92.3493,31.0892#39.21#30.36#30.43
-92.2963,31.0883#39.23#30.36#30.41
-92.2432,31.0874#39.25#30.37#30.38
-92.1902,31.0864#39.27#30.38#30.35
-92.1372,31.0855#39.29#30.39#30.32
-92.0842,31.0845#39.31#30.4#30.29
-92.0312,31.0835#39.33#30.41#30.26
-91.9782,31.0825#39.35#30.41#30.24
-91.9252,31.0815#39.38#30.4#30.22
-91.8722,31.0805#39.4#30.39#30.21
-91.8192,31.0794#39.42#30.38#30.2
-91.7661,31.0783#39.45#30.36#30.19
-91.7131,31.0772#39.47#30.35#30.18
-91.6601,31.0761#39.49#30.34#30.17
-91.6071,31.075#39.52#30.33#30.15
-91.5541,31.0738#39.54#30.32#30.14
-91.5011,31.0727#39.56#30.31#30.13
-91.4481,31.0715#39.59#30.26#30.15
-91.3951,31.0703#39.61#30.22#30.17
-91.3421,31.0691#39.64#30.18#30.18
-91.2891,31.0679#39.67#30.13#30.2
-91.2361,31.0666#39.69#30.09#30.22
-91.1831,31.0653#39.72#30.04#30.24
-91.1302,31.064#39.74#30#30.26
-91.0772,31.0627#39.76#29.95#30.29
-91.0242,31.0614#39.79#29.91#30.3
-90.9712,31.0601#39.82#29.85#30.33
-90.9182,31.0587#39.84#29.77#30.39
-90.8652,31.0573#39.87#29.7#30.43
-90.8122,31.056#39.9#29.62#30.48
-90.7592,31.0545#39.93#29.55#30.52
-90.7062,31.0531#39.95#29.47#30.58
-90.6533,31.0517#39.98#29.4#30.62
-90.6003,31.0502#40.01#29.32#30.67
-90.5473,31.0487#40.03#29.25#30.72
-90.4943,31.0472#40.06#29.17#30.77
-90.4413,31.0457#40.09#29.12#30.79
-90.3884,31.0442#40.11#29.06#30.83
-90.3354,31.0426#40.13#29.01#30.86
-90.2824,31.041#40.16#28.95#30.89
-90.2295,31.0395#40.18#28.9#30.92
-90.1765,31.0378#40.2#28.84#30.96
-90.1235,31.0362#40.23#28.79#30.98
-90.0706,31.0346#40.25#28.73#31.02
-90.0176,31.0329#40.27#28.68#31.05
-89.9646,31.0312#40.3#28.65#31.05
-89.9117,31.0295#40.33#28.63#31.04
-89.8587,31.0278#40.36#28.61#31.03
-89.8057,31.0261#40.39#28.6#31.01
-89.7528,31.0244#40.42#28.58#31
-89.6998,31.0226#40.45#28.56#30.99
-89.6469,31.0208#40.48#28.55#30.97
-89.5939,31.019#40.51#28.53#30.96
-89.541,31.0172#40.54#28.51#30.95
-89.488,31.0153#40.56#28.5#30.94
-89.4351,31.0135#40.59#28.5#30.91
-89.3821,31.0116#40.61#28.49#30.9
-89.3292,31.0097#40.63#28.49#30.88
-89.2762,31.0078#40.65#28.48#30.87
-89.2233,31.0059#40.67#28.48#30.85
-89.1704,31.004#40.69#28.47#30.84
-89.1174,31.002#40.71#28.47#30.82
-89.0645,31#40.73#28.46#30.81
-89.0116,30.998#40.75#28.46#30.79
-88.9586,30.996#40.77#28.46#30.77
-88.9057,30.994#40.79#28.46#30.75
-88.8528,30.9919#40.81#28.47#30.72
-88.7998,30.9898#40.83#28.47#30.7
-88.7469,30.9878#40.85#28.47#30.68
-88.694,30.9857#40.87#28.48#30.65
-88.6411,30.9835#40.89#28.48#30.63
-88.5882,30.9814#40.91#28.48#30.61
-88.5352,30.9792#40.93#28.49#30.58
-88.4823,30.9771#40.94#28.49#30.57
-88.4294,30.9749#40.95#28.51#30.54
-88.3765,30.9727#40.96#28.53#30.51
-88.3236,30.9704#40.97#28.54#30.49
-88.2707,30.9682#40.97#28.56#30.47
-88.2178,30.9659#40.98#28.58#30.44
-88.1649,30.9637#40.99#28.59#30.42
-88.112,30.9614#40.99#28.61#30.4
-88.0591,30.959#41#28.62#30.38
-88.0062,30.9567#41.01#28.63#30.36
-87.9533,30.9544#41#28.68#30.32
-87.9004,30.952#40.99#28.74#30.27
-87.8475,30.9496#40.98#28.79#30.23
-87.7946,30.9472#40.97#28.85#30.18
-87.7417,30.9448#40.96#28.9#30.14
-87.6888,30.9423#40.95#28.95#30.1
-87.636,30.9399#40.94#29#30.06
-87.5831,30.9374#40.93#29.05#30.02
-87.5302,30.9349#40.92#29.1#29.98
-87.4773,30.9324#40.91#29.17#29.92
-87.4245,30.9299#40.89#29.26#29.85
-87.3716,30.9273#40.86#29.36#29.78
-87.3187,30.9248#40.84#29.45#29.71
-87.2659,30.9222#40.82#29.54#29.64
-87.213,30.9196#40.79#29.63#29.58
-87.1601,30.917#40.77#29.73#29.5
-87.1073,30.9143#40.74#29.82#29.44
-87.0544,30.9117#40.72#29.91#29.37
-87.0016,30.909#40.7#30#29.3
-86.9487,30.9063#40.65#30.12#29.23
-86.8959,30.9036#40.61#30.24#29.15
-86.843,30.9009#40.56#30.36#29.08
-104.007,30.9002#29.16#40.87#29.97
-103.954,30.9032#29.15#40.77#30.08
-103.901,30.9062#29.14#40.68#30.18
-103.849,30.9092#29.13#40.58#30.29
-103.796,30.9121#29.12#40.49#30.39
-103.743,30.9151#29.11#40.4#30.49
-103.69,30.918#29.1#40.3#30.6
-103.637,30.9209#29.09#40.21#30.7
-103.584,30.9238#29.08#40.11#30.81
-103.532,30.9266#29.07#40.02#30.91
-103.479,30.9295#29.07#39.92#31.01
-103.426,30.9323#29.07#39.84#31.09
-103.373,30.9351#29.07#39.75#31.18
-103.32,30.9379#29.07#39.67#31.26
-103.267,30.9407#29.07#39.58#31.35
-103.214,30.9434#29.07#39.49#31.44
-103.162,30.9462#29.07#39.4#31.53
-103.109,30.9489#29.07#39.31#31.62
-103.056,30.9516#29.08#39.22#31.7
-103.003,30.9543#29.08#39.13#31.79
-102.95,30.957#29.09#39.05#31.86
-102.897,30.9596#29.09#38.97#31.94
-102.844,30.9623#29.1#38.89#32.01
-102.791,30.9649#29.11#38.82#32.07
-102.739,30.9675#29.12#38.74#32.14
-102.686,30.9701#29.13#38.66#32.21
-102.633,30.9726#29.14#38.58#32.28
-102.58,30.9752#29.14#38.5#32.36
-102.527,30.9777#29.15#38.42#32.43
-102.474,30.9802#29.16#38.34#32.5
-102.421,30.9827#29.18#38.27#32.55
-102.368,30.9852#29.19#38.2#32.61
-102.315,30.9876#29.2#38.12#32.68
-102.263,30.9901#29.21#38.05#32.74
-102.21,30.9925#29.22#37.97#32.81
-102.157,30.9949#29.23#37.9#32.87
-102.104,30.9973#29.25#37.83#32.92
-102.051,30.9997#29.26#37.75#32.99
-101.998,31.002#29.27#37.68#33.05
-101.945,31.0044#29.29#37.6#33.11
-101.892,31.0067#29.3#37.52#33.18
-101.839,31.009#29.31#37.45#33.24
-101.786,31.0113#29.33#37.37#33.3
-101.733,31.0135#29.34#37.29#33.37
-101.68,31.0158#29.36#37.22#33.42
-101.628,31.018#29.37#37.14#33.49
-101.575,31.0202#29.39#37.06#33.55
