-97.1525,43.9002#43.49#28.38#28.13
-97.0927,43.9009#43.49#28.24#28.27
-97.033,43.9015#43.48#28.1#28.42
-96.9732,43.9022#43.47#27.96#28.57
-96.9134,43.9028#43.46#27.82#28.72
-96.8537,43.9034#43.45#27.68#28.87
-96.7939,43.9039#43.45#27.55#29
-96.7341,43.9045#43.44#27.41#29.15
-96.6744,43.905#43.43#27.27#29.3
-96.6146,43.9056#43.42#27.13#29.45
-96.5549,43.9061#43.41#27#29.59
-96.4951,43.9066#43.4#26.87#29.73
-96.4353,43.907#43.39#26.81#29.8
-96.3756,43.9075#43.38#26.76#29.86
-96.3158,43.9079#43.37#26.71#29.92
-96.256,43.9083#43.37#26.65#29.98
-96.1963,43.9087#43.36#26.6#30.04
-96.1365,43.9091#43.35#26.55#30.1
-96.0767,43.9094#43.34#26.5#30.16
-96.0169,43.9098#43.33#26.44#30.23
-95.9572,43.9101#43.32#26.41#30.27
-95.8974,43.9104#43.31#26.39#30.3
-95.8376,43.9106#43.3#26.36#30.34
-95.7779,43.9109#43.29#26.34#30.37
-95.7181,43.9111#43.28#26.32#30.4
-95.6583,43.9113#43.27#26.29#30.44
-95.5986,43.9115#43.26#26.27#30.47
-95.5388,43.9117#43.25#26.24#30.51
-95.479,43.9119#43.24#26.22#30.54
-95.4192,43.912#43.23#26.21#30.56
-95.3595,43.9122#43.22#26.2#30.58
-95.2997,43.9123#43.22#26.19#30.59
-95.2399,43.9123#43.21#26.18#30.61
-95.1801,43.9124#43.2#26.17#30.63
-95.1204,43.9125#43.19#26.16#30.65
-95.0606,43.9125#43.19#26.15#30.66
-95.0008,43.9125#43.18#26.14#30.68
-94.9411,43.9125#43.18#26.14#30.68
-94.8813,43.9125#43.17#26.13#30.7
-94.8215,43.9124#43.17#26.13#30.7
-94.7617,43.9123#43.16#26.12#30.72
-94.702,43.9123#43.16#26.12#30.72
-94.6422,43.9122#43.15#26.11#30.74
-94.5824,43.912#43.15#26.11#30.74
-94.5226,43.9119#43.14#26.11#30.75
-94.4629,43.9117#43.14#26.1#30.76
-94.4031,43.9116#43.14#26.1#30.76
-94.3433,43.9114#43.14#26.1#30.76
-94.2836,43.9111#43.14#26.1#30.76
-94.2238,43.9109#43.14#26.09#30.77
-94.164,43.9106#43.13#26.09#30.78
-94.1042,43.9104#43.13#26.09#30.78
-94.0445,43.9101#43.13#26.09#30.78
-93.9847,43.9098#43.13#26.09#30.78
-93.9249,43.9094#43.14#26.08#30.78
-93.8652,43.9091#43.14#26.08#30.78
-93.8054,43.9087#43.14#26.08#30.78
-93.7456,43.9083#43.15#26.08#30.77
-93.6859,43.9079#43.15#26.08#30.77
-93.6261,43.9075#43.16#26.08#30.76
-93.5663,43.907#43.16#26.08#30.76
-93.5066,43.9066#43.17#26.08#30.75
-93.4468,43.9061#43.18#26.08#30.74
-93.387,43.9056#43.19#26.08#30.73
-93.3273,43.9051#43.2#26.08#30.72
-93.2675,43.9045#43.21#26.08#30.71
-93.2077,43.904#43.22#26.08#30.7
-93.148,43.9034#43.23#26.08#30.69
-93.0882,43.9028#43.24#26.08#30.68
-93.0285,43.9022#43.25#26.08#30.67
-92.9687,43.9015#43.27#26.08#30.65
-92.9089,43.9009#43.29#26.08#30.63
-92.8492,43.9002#43.3#26.08#30.62
-99.5439,43.9007#44.11#30.91#24.98
-99.4841,43.9022#44.09#30.94#24.97
-99.4244,43.9036#44.07#30.94#24.99
-99.3647,43.905#44.05#30.94#25.01
-99.3049,43.9063#44.03#30.93#25.04
-99.2452,43.9077#44.01#30.93#25.06
-99.1854,43.909#43.99#30.92#25.09
-99.1257,43.9104#43.97#30.92#25.11
-99.066,43.9117#43.95#30.92#25.13
-99.0062,43.9129#43.93#30.92#25.15
-98.9465,43.9142#43.91#30.88#25.21
-98.8867,43.9154#43.89#30.85#25.26
-98.827,43.9167#43.87#30.81#25.32
-98.7672,43.9179#43.85#30.77#25.38
-98.7075,43.9191#43.83#30.74#25.43
-98.6477,43.9202#43.81#30.7#25.49
-98.5879,43.9214#43.79#30.66#25.55
-98.5282,43.9225#43.77#30.63#25.6
-98.4684,43.9236#43.75#30.57#25.68
-98.4087,43.9247#43.73#30.49#25.78
-98.3489,43.9258#43.71#30.41#25.88
-98.2891,43.9268#43.7#30.33#25.97
-98.2294,43.9279#43.68#30.26#26.06
-98.1696,43.9289#43.66#30.18#26.16
-98.1098,43.9299#43.64#30.1#26.26
-98.0501,43.9309#43.63#30.03#26.34
-97.9903,43.9318#43.61#29.95#26.44
-97.9305,43.9328#43.6#29.86#26.54
-97.8708,43.9337#43.59#29.78#26.63
-97.811,43.9346#43.58#29.69#26.73
-97.7512,43.9355#43.57#29.6#26.83
-97.6914,43.9363#43.56#29.52#26.92
-97.6317,43.9372#43.55#29.43#27.02
-97.5719,43.938#43.54#29.34#27.12
-97.5121,43.9388#43.53#29.26#27.21
-97.4523,43.9396#43.52#29.12#27.36
-97.3925,43.9404#43.51#28.97#27.52
-97.3328,43.9411#43.5#28.83#27.67
-97.273,43.9418#43.49#28.68#27.83
-97.2132,43.9426#43.48#28.53#27.99
-97.1534,43.9433#43.47#28.38#28.15
-97.0936,43.9439#43.46#28.24#28.3
-97.0338,43.9446#43.46#28.09#28.45
-96.9741,43.9452#43.45#27.95#28.6
-96.9143,43.9458#43.44#27.81#28.75
-96.8545,43.9464#43.43#27.67#28.9
-96.7947,43.947#43.42#27.54#29.04
-96.7349,43.9476#43.41#27.4#29.19
-96.6751,43.9481#43.4#27.26#29.34
-96.6153,43.9486#43.39#27.13#29.48
-96.5555,43.9491#43.38#26.99#29.63
-96.4957,43.9496#43.38#26.86#29.76
-96.436,43.9501#43.37#26.81#29.82
-96.3762,43.9505#43.36#26.76#29.88
-96.3164,43.951#43.35#26.7#29.95
-96.2566,43.9514#43.33#26.65#30.02
-96.1968,43.9518#43.32#26.6#30.08
-96.137,43.9521#43.31#26.54#30.15
-96.0772,43.9525#43.3#26.49#30.21
-96.0174,43.9528#43.29#26.44#30.27
-95.9576,43.9531#43.28#26.41#30.31
-95.8978,43.9534#43.27#26.38#30.35
-95.838,43.9537#43.26#26.36#30.38
-95.7782,43.954#43.25#26.34#30.41
-95.7184,43.9542#43.24#26.31#30.45
-95.6586,43.9544#43.23#26.29#30.48
-95.5988,43.9546#43.22#26.27#30.51
-95.539,43.9548#43.21#26.24#30.55
-95.4792,43.955#43.2#26.22#30.58
-95.4194,43.9551#43.19#26.21#30.6
-95.3596,43.9552#43.18#26.2#30.62
-95.2998,43.9553#43.18#26.19#30.63
-95.24,43.9554#43.17#26.18#30.65
-95.1802,43.9555#43.16#26.17#30.67
-95.1204,43.9555#43.15#26.16#30.69
-95.0606,43.9556#43.14#26.15#30.71
-95.0008,43.9556#43.13#26.14#30.73
-94.941,43.9556#43.13#26.14#30.73
-94.8812,43.9555#43.12#26.13#30.75
-94.8214,43.9555#43.12#26.13#30.75
-94.7616,43.9554#43.11#26.12#30.77
-94.7018,43.9553#43.11#26.12#30.77
-94.642,43.9552#43.1#26.11#30.79
-94.5822,43.9551#43.1#26.11#30.79
-94.5224,43.955#43.09#26.1#30.81
-94.4626,43.9548#43.09#26.1#30.81
-94.4028,43.9546#43.09#26.1#30.81
-94.343,43.9544#43.09#26.1#30.81
-94.2832,43.9542#43.08#26.1#30.82
-94.2234,43.954#43.08#26.09#30.83
-94.1636,43.9537#43.08#26.09#30.83
-94.1039,43.9534#43.08#26.09#30.83
-94.0441,43.9531#43.07#26.09#30.84
-93.9843,43.9528#43.07#26.09#30.84
-93.9245,43.9525#43.08#26.08#30.84
-93.8647,43.9521#43.08#26.08#30.84
-93.8049,43.9518#43.08#26.08#30.84
-93.7451,43.9514#43.09#26.08#30.83
-93.6853,43.951#43.09#26.08#30.83
-93.6255,43.9506#43.1#26.08#30.82
-93.5657,43.9501#43.1#26.08#30.82
-93.5059,43.9496#43.1#26.08#30.82
-93.4461,43.9492#43.11#26.08#30.81
-93.3863,43.9487#43.12#26.08#30.8
-93.3265,43.9481#43.13#26.08#30.79
-93.2667,43.9476#43.14#26.08#30.78
-93.207,43.947#43.15#26.08#30.77
-93.1472,43.9465#43.16#26.08#30.76
-93.0874,43.9459#43.17#26.08#30.75
-93.0276,43.9452#43.18#26.07#30.75
-92.9678,43.9446#43.2#26.08#30.72
-92.908,43.9439#43.21#26.08#30.71
-92.8482,43.9433#43.23#26.08#30.69
-92.7884,43.9426#43.25#26.08#30.67
-92.7287,43.9419#43.26#26.08#30.66
-92.6689,43.9411#43.28#26.08#30.64
-92.6091,43.9404#43.3#26.08#30.62
-92.5493,43.9396#43.31#26.08#30.61
-92.4895,43.9388#43.33#26.08#30.59
-92.4298,43.938#43.36#26.09#30.55
-92.37,43.9372#43.38#26.1#30.52
-92.3102,43.9364#43.41#26.1#30.49
-92.2504,43.9355#43.44#26.11#30.45
-92.1907,43.9346#43.46#26.12#30.42
-92.1309,43.9337#43.49#26.12#30.39
-92.0711,43.9328#43.51#26.13#30.36
-92.0113,43.9318#43.54#26.14#30.32
-91.9516,43.9309#43.57#26.19#30.24
-91.8918,43.9299#43.61#26.24#30.15
-91.832,43.9289#43.65#26.3#30.05
-91.7723,43.9279#43.69#26.36#29.95
-91.7125,43.9269#43.72#26.41#29.87
-91.6527,43.9258#43.76#26.47#29.77
-91.593,43.9247#43.8#26.53#29.67
-91.5332,43.9236#43.84#26.59#29.57
-91.4735,43.9225#43.88#26.66#29.46
-91.4137,43.9214#43.92#26.76#29.32
-91.354,43.9203#43.97#26.85#29.18
-91.2942,43.9191#44.02#26.94#29.04
-91.2344,43.9179#44.06#27.04#28.9
-91.1747,43.9167#44.11#27.13#28.76
-91.1149,43.9155#44.16#27.22#28.62
-91.0552,43.9142#44.2#27.32#28.48
-90.9954,43.913#44.25#27.42#28.33
-90.9357,43.9117#44.3#27.56#28.14
-90.8759,43.9104#44.36#27.71#27.93
-90.8162,43.9091#44.41#27.86#27.73
-90.7565,43.9077#44.46#28.01#27.53
-90.6967,43.9064#44.52#28.15#27.33
-90.637,43.905#44.57#28.3#27.13
-90.5773,43.9036#44.62#28.45#26.93
-90.5175,43.9022#44.68#28.6#26.72
-90.4578,43.9008#44.73#28.73#26.54
-101.039,43.9018#44.7#30.03#25.27
-100.98,43.9037#44.67#30.05#25.28
-100.92,43.9056#44.64#30.07#25.29
-100.86,43.9074#44.62#30.1#25.28
-100.8,43.9093#44.59#30.12#25.29
-100.741,43.9111#44.56#30.15#25.29
-100.681,43.9129#44.54#30.18#25.28
-100.621,43.9147#44.51#30.2#25.29
-100.561,43.9165#44.48#30.23#25.29
-100.502,43.9182#44.46#30.25#25.29
-100.442,43.92#44.43#30.29#25.28
-100.382,43.9217#44.41#30.33#25.26
-100.323,43.9234#44.39#30.37#25.24
-100.263,43.9251#44.37#30.41#25.22
-100.203,43.9267#44.35#30.45#25.2
-100.143,43.9284#44.32#30.48#25.2
-100.084,43.93#44.3#30.52#25.18
-100.024,43.9316#44.28#30.56#25.16
-99.9641,43.9332#44.26#30.6#25.14
-99.9044,43.9348#44.24#30.65#25.11
-99.8446,43.9363#44.22#30.69#25.09
-99.7849,43.9378#44.2#30.73#25.07
-99.7251,43.9394#44.18#30.77#25.05
-99.6654,43.9408#44.16#30.82#25.02
-99.6056,43.9423#44.14#30.86#25
-99.5459,43.9438#44.12#30.9#24.98
-99.4861,43.9452#44.1#30.93#24.97
-99.4264,43.9466#44.08#30.93#24.99
-99.3666,43.948#44.06#30.93#25.01
-99.3068,43.9494#44.04#30.93#25.03
-99.2471,43.9507#44.02#30.93#25.05
-99.1873,43.9521#44#30.93#25.07
-99.1275,43.9534#43.98#30.93#25.09
-99.0678,43.9547#43.96#30.94#25.1
-99.008,43.956#43.94#30.94#25.12
-98.9482,43.9572#43.92#30.91#25.17
-98.8884,43.9585#43.9#30.87#25.23
-98.8287,43.9597#43.87#30.84#25.29
-98.7689,43.9609#43.85#30.8#25.35
-98.7091,43.9621#43.83#30.77#25.4
-98.6493,43.9633#43.81#30.73#25.46
-98.5895,43.9644#43.79#30.7#25.51
-98.5297,43.9656#43.77#30.66#25.57
-98.47,43.9667#43.75#30.61#25.64
-98.4102,43.9678#43.73#30.53#25.74
-98.3504,43.9688#43.71#30.46#25.83
-98.2906,43.9699#43.69#30.38#25.93
-98.2308,43.9709#43.68#30.31#26.01
-98.171,43.9719#43.66#30.24#26.1
-98.1112,43.9729#43.64#30.16#26.2
-98.0514,43.9739#43.62#30.09#26.29
-97.9916,43.9749#43.6#30.01#26.39
-97.9318,43.9758#43.59#29.92#26.49
-97.872,43.9767#43.58#29.83#26.59
-97.8122,43.9776#43.57#29.74#26.69
-97.7524,43.9785#43.56#29.65#26.79
-97.6926,43.9794#43.54#29.56#26.9
-97.6328,43.9802#43.53#29.47#27
-97.573,43.9811#43.52#29.38#27.1
-97.5132,43.9819#43.51#29.29#27.2
-97.4534,43.9827#43.5#29.15#27.35
-97.3936,43.9834#43.49#29#27.51
-97.3338,43.9842#43.48#28.85#27.67
-97.274,43.9849#43.47#28.69#27.84
-97.2142,43.9856#43.46#28.54#28
-97.1544,43.9863#43.45#28.39#28.16
-97.0946,43.987#43.44#28.23#28.33
-97.0347,43.9876#43.43#28.08#28.49
-96.9749,43.9883#43.42#27.93#28.65
-96.9151,43.9889#43.41#27.8#28.79
-96.8553,43.9895#43.4#27.66#28.94
-96.7955,43.9901#43.4#27.53#29.07
-96.7357,43.9906#43.39#27.39#29.22
-96.6759,43.9912#43.38#27.26#29.36
-96.616,43.9917#43.37#27.12#29.51
-96.5562,43.9922#43.36#26.99#29.65
-96.4964,43.9927#43.35#26.86#29.79
-96.4366,43.9932#43.34#26.81#29.85
-96.3768,43.9936#43.33#26.75#29.92
-96.3169,43.994#43.32#26.7#29.98
-96.2571,43.9944#43.3#26.65#30.05
-96.1973,43.9948#43.29#26.59#30.12
-96.1375,43.9952#43.28#26.54#30.18
-96.0777,43.9955#43.27#26.49#30.24
-96.0178,43.9959#43.26#26.43#30.31
-95.958,43.9962#43.25#26.4#30.35
-95.8982,43.9965#43.24#26.38#30.38
-95.8384,43.9968#43.23#26.36#30.41
-95.7786,43.997#43.22#26.33#30.45
-95.7187,43.9973#43.21#26.31#30.48
-95.6589,43.9975#43.19#26.29#30.52
-95.5991,43.9977#43.18#26.26#30.56
-95.5393,43.9979#43.17#26.24#30.59
-95.4794,43.998#43.16#26.22#30.62
-95.4196,43.9982#43.15#26.21#30.64
-95.3598,43.9983#43.14#26.2#30.66
-95.3,43.9984#43.13#26.19#30.68
-95.2401,43.9985#43.13#26.18#30.69
-95.1803,43.9985#43.12#26.17#30.71
-95.1205,43.9986#43.11#26.16#30.73
-95.0607,43.9986#43.1#26.15#30.75
-95.0008,43.9986#43.09#26.14#30.77
-94.941,43.9986#43.08#26.14#30.78
-94.8812,43.9986#43.08#26.13#30.79
-94.8213,43.9985#43.07#26.13#30.8
-94.7615,43.9985#43.07#26.12#30.81
-94.7017,43.9984#43.06#26.12#30.82
-94.6419,43.9983#43.05#26.11#30.84
-94.582,43.9982#43.05#26.11#30.84
-94.5222,43.998#43.04#26.1#30.86
-94.4624,43.9979#43.04#26.1#30.86
-94.4026,43.9977#43.04#26.1#30.86
-94.3427,43.9975#43.03#26.1#30.87
-94.2829,43.9973#43.03#26.09#30.88
-94.2231,43.997#43.03#26.09#30.88
-94.1633,43.9968#43.02#26.09#30.89
-94.1035,43.9965#43.02#26.09#30.89
-94.0436,43.9962#43.02#26.09#30.89
-93.9838,43.9959#43.02#26.08#30.9
-93.924,43.9956#43.02#26.08#30.9
-93.8642,43.9952#43.02#26.08#30.9
-93.8043,43.9948#43.02#26.08#30.9
-93.7445,43.9944#43.03#26.08#30.89
-93.6847,43.994#43.03#26.08#30.89
-93.6249,43.9936#43.03#26.08#30.89
-93.5651,43.9932#43.04#26.08#30.88
-93.5052,43.9927#43.04#26.08#30.88
-93.4454,43.9922#43.05#26.08#30.87
-93.3856,43.9917#43.06#26.08#30.86
-93.3258,43.9912#43.07#26.08#30.85
-93.266,43.9906#43.07#26.08#30.85
-93.2062,43.9901#43.08#26.08#30.84
-93.1463,43.9895#43.09#26.08#30.83
-93.0865,43.9889#43.1#26.07#30.83
-93.0267,43.9883#43.11#26.07#30.82
-92.9669,43.9877#43.12#26.07#30.81
-92.9071,43.987#43.14#26.08#30.78
-92.8473,43.9863#43.16#26.08#30.76
-92.7875,43.9856#43.17#26.08#30.75
-92.7277,43.9849#43.19#26.08#30.73
-92.6679,43.9842#43.2#26.08#30.72
-92.608,43.9834#43.22#26.08#30.7
-92.5482,43.9827#43.24#26.08#30.68
-92.4884,43.9819#43.25#26.08#30.67
-92.4286,43.9811#43.28#26.09#30.63
-92.3688,43.9803#43.3#26.09#30.61
-92.309,43.9794#43.33#26.1#30.57
-92.2492,43.9785#43.35#26.11#30.54
-92.1894,43.9777#43.38#26.11#30.51
-92.1296,43.9768#43.4#26.12#30.48
-92.0698,43.9758#43.43#26.13#30.44
-92.01,43.9749#43.45#26.13#30.42
-91.9502,43.9739#43.49#26.17#30.34
-91.8904,43.973#43.53#26.23#30.24
-91.8306,43.972#43.56#26.28#30.16
-91.7709,43.971#43.6#26.33#30.07
-91.7111,43.9699#43.64#26.38#29.98
-91.6513,43.9689#43.67#26.43#29.9
-91.5915,43.9678#43.71#26.48#29.81
-91.5317,43.9667#43.75#26.53#29.72
-91.4719,43.9656#43.79#26.6#29.61
-91.4121,43.9645#43.84#26.7#29.46
-91.3523,43.9633#43.88#26.79#29.33
-91.2926,43.9621#43.93#26.88#29.19
-91.2328,43.961#43.97#26.97#29.06
-91.173,43.9598#44.02#27.07#28.91
-91.1132,43.9585#44.06#27.16#28.78
-91.0534,43.9573#44.11#27.25#28.64
-90.9937,43.956#44.16#27.35#28.49
-90.9339,43.9547#44.21#27.49#28.3
-90.8741,43.9534#44.26#27.63#28.11
-90.8144,43.9521#44.31#27.77#27.92
-90.7546,43.9508#44.37#27.91#27.72
-90.6948,43.9494#44.42#28.06#27.52
-90.6351,43.948#44.47#28.2#27.33
-90.5753,43.9467#44.53#28.34#27.13
-90.5155,43.9452#44.58#28.48#26.94
-90.4558,43.9438#44.64#28.62#26.74
-90.396,43.9424#44.7#28.75#26.55
-90.3363,43.9409#44.76#28.87#26.37
-90.2765,43.9394#44.82#29#26.18
-90.2168,43.9379#44.88#29.13#25.99
-90.157,43.9364#44.94#29.26#25.8
-90.0973,43.9348#45#29.38#25.62
-90.0375,43.9332#45.06#29.51#25.43
-89.9778,43.9317#45.12#29.61#25.27
-89.918,43.9301#45.19#29.67#25.14
-89.8583,43.9284#45.25#29.73#25.02
-89.7985,43.9268#45.32#29.79#24.89
-89.7388,43.9251#45.38#29.84#24.78
-89.6791,43.9234#45.45#29.9#24.65
-89.6193,43.9217#45.51#29.96#24.53
-89.5596,43.92#45.58#30.01#24.41
-89.4999,43.9183#45.64#30.07#24.29
-89.4402,43.9165#45.71#30.09#24.2
-89.3804,43.9148#45.78#30.11#24.11
-89.3207,43.913#45.85#30.13#24.02
-89.261,43.9112#45.92#30.16#23.92
-89.2013,43.9093#45.99#30.18#23.83
-89.1416,43.9075#46.06#30.2#23.74
-89.0818,43.9056#46.13#30.22#23.65
-89.0221,43.9037#46.2#30.24#23.56
-88.9624,43.9018#46.27#30.25#23.48
-102.296,43.9003#45.5#28.52#25.98
-102.236,43.9026#45.45#28.69#25.86
-102.176,43.9049#45.41#28.86#25.73
-102.117,43.9072#45.36#29.03#25.61
-102.057,43.9094#45.32#29.2#25.48
-101.997,43.9117#45.27#29.36#25.37
-101.938,43.9139#45.23#29.42#25.35
-101.878,43.9161#45.2#29.48#25.32
-101.818,43.9182#45.16#29.54#25.3
-101.759,43.9204#45.12#29.6#25.28
-101.699,43.9225#45.08#29.66#25.26
-101.639,43.9247#45.05#29.72#25.23
-101.579,43.9268#45.01#29.78#25.21
-101.52,43.9288#44.97#29.84#25.19
-101.46,43.9309#44.94#29.88#25.18
-101.4,43.9329#44.91#29.9#25.19
-101.341,43.935#44.88#29.92#25.2
-101.281,43.937#44.84#29.94#25.22
-101.221,43.9389#44.81#29.96#25.23
-101.161,43.9409#44.78#29.98#25.24
-101.102,43.9429#44.75#30#25.25
-101.042,43.9448#44.72#30.03#25.25
-100.982,43.9467#44.69#30.05#25.26
-100.922,43.9486#44.66#30.07#25.27
-100.863,43.9505#44.64#30.1#25.26
-100.803,43.9523#44.61#30.13#25.26
-100.743,43.9541#44.58#30.15#25.27
-100.683,43.956#44.56#30.18#25.26
-100.624,43.9577#44.53#30.2#25.27
-100.564,43.9595#44.5#30.23#25.27
-100.504,43.9613#44.47#30.25#25.28
-100.444,43.963#44.45#30.29#25.26
-100.385,43.9647#44.43#30.33#25.24
-100.325,43.9664#44.41#30.37#25.22
-100.265,43.9681#44.38#30.41#25.21
-100.205,43.9698#44.36#30.45#25.19
-100.146,43.9714#44.34#30.49#25.17
-100.086,43.973#44.32#30.53#25.15
-100.026,43.9746#44.29#30.57#25.14
-99.9663,43.9762#44.27#30.61#25.12
-99.9066,43.9778#44.25#30.65#25.1
-99.8468,43.9793#44.23#30.69#25.08
-99.787,43.9809#44.21#30.73#25.06
-99.7272,43.9824#44.19#30.77#25.04
-99.6674,43.9839#44.17#30.81#25.02
-99.6077,43.9854#44.15#30.84#25.01
-99.5479,43.9868#44.13#30.88#24.99
-99.4881,43.9882#44.11#30.92#24.97
-99.4283,43.9897#44.09#30.92#24.99
-99.3685,43.991#44.07#30.92#25.01
-99.3087,43.9924#44.05#30.93#25.02
-99.2489,43.9938#44.03#30.93#25.04
-99.1891,43.9951#44.01#30.94#25.05
-99.1293,43.9964#43.99#30.94#25.07
-99.0695,43.9977#43.97#30.95#25.08
-99.0097,43.999#43.95#30.96#25.09
-98.9499,44.0003#43.92#30.93#25.15
-98.8901,44.0015#43.9#30.9#25.2
-98.8303,44.0028#43.88#30.86#25.26
-98.7705,44.004#43.86#30.83#25.31
-98.7107,44.0052#43.84#30.8#25.36
-98.6509,44.0063#43.81#30.76#25.43
-98.5911,44.0075#43.79#30.73#25.48
-98.5313,44.0086#43.77#30.7#25.53
-98.4715,44.0097#43.75#30.65#25.6
-98.4117,44.0108#43.73#30.58#25.69
-98.3519,44.0119#43.71#30.5#25.79
-98.292,44.0129#43.69#30.43#25.88
-98.2322,44.014#43.67#30.36#25.97
-98.1724,44.015#43.65#30.29#26.06
-98.1126,44.016#43.63#30.22#26.15
-98.0528,44.017#43.61#30.15#26.24
-97.9929,44.0179#43.6#30.08#26.32
-97.9331,44.0189#43.58#29.99#26.43
-97.8733,44.0198#43.57#29.89#26.54
-97.8135,44.0207#43.56#29.8#26.64
-97.7536,44.0216#43.54#29.7#26.76
-97.6938,44.0224#43.53#29.61#26.86
-97.634,44.0233#43.52#29.51#26.97
-97.5742,44.0241#43.5#29.42#27.08
-97.5143,44.0249#43.49#29.32#27.19
-97.4545,44.0257#43.48#29.18#27.34
-97.3947,44.0265#43.47#29.02#27.51
-97.3348,44.0272#43.46#28.86#27.68
-97.275,44.0279#43.45#28.71#27.84
-97.2152,44.0287#43.44#28.55#28.01
-97.1553,44.0294#43.43#28.39#28.18
-97.0955,44.03#43.42#28.23#28.35
-97.0356,44.0307#43.41#28.07#28.52
-96.9758,44.0313#43.4#27.92#28.68
-96.916,44.0319#43.39#27.79#28.82
-96.8561,44.0325#43.38#27.65#28.97
-96.7963,44.0331#43.37#27.52#29.11
-96.7364,44.0337#43.36#27.39#29.25
-96.6766,44.0342#43.35#27.25#29.4
-96.6168,44.0347#43.34#27.12#29.54
-96.5569,44.0352#43.33#26.99#29.68
-96.4971,44.0357#43.32#26.86#29.82
-96.4372,44.0362#43.31#26.8#29.89
-96.3774,44.0366#43.3#26.75#29.95
-96.3175,44.0371#43.29#26.7#30.01
-96.2577,44.0375#43.27#26.64#30.09
-96.1978,44.0379#43.26#26.59#30.15
-96.138,44.0382#43.25#26.54#30.21
-96.0781,44.0386#43.24#26.48#30.28
-96.0183,44.0389#43.23#26.43#30.34
-95.9584,44.0392#43.22#26.4#30.38
-95.8986,44.0395#43.2#26.37#30.43
-95.8387,44.0398#43.19#26.35#30.46
-95.7789,44.0401#43.18#26.33#30.49
-95.719,44.0403#43.17#26.31#30.52
-95.6592,44.0405#43.16#26.28#30.56
-95.5993,44.0407#43.15#26.26#30.59
-95.5395,44.0409#43.13#26.24#30.63
-95.4796,44.0411#43.12#26.22#30.66
-95.4198,44.0412#43.11#26.21#30.68
-95.3599,44.0413#43.1#26.2#30.7
-95.3001,44.0414#43.09#26.19#30.72
-95.2402,44.0415#43.08#26.18#30.74
-95.1804,44.0416#43.07#26.17#30.76
-95.1205,44.0416#43.06#26.16#30.78
-95.0607,44.0417#43.05#26.15#30.8
-95.0008,44.0417#43.04#26.14#30.82
-94.941,44.0417#43.04#26.13#30.83
-94.8811,44.0416#43.03#26.13#30.84
-94.8213,44.0416#43.02#26.13#30.85
-94.7614,44.0415#43.02#26.12#30.86
-94.7016,44.0414#43.01#26.12#30.87
-94.6417,44.0413#43.01#26.11#30.88
-94.5819,44.0412#43#26.11#30.89
-94.522,44.0411#42.99#26.1#30.91
-94.4622,44.0409#42.99#26.1#30.91
-94.4023,44.0407#42.98#26.1#30.92
-94.3425,44.0405#42.98#26.1#30.92
-94.2826,44.0403#42.98#26.09#30.93
-94.2228,44.0401#42.97#26.09#30.94
-94.1629,44.0398#42.97#26.09#30.94
-94.1031,44.0395#42.96#26.09#30.95
-94.0432,44.0392#42.96#26.09#30.95
-93.9834,44.0389#42.96#26.08#30.96
-93.9235,44.0386#42.96#26.08#30.96
-93.8637,44.0382#42.96#26.08#30.96
-93.8038,44.0379#42.96#26.08#30.96
-93.744,44.0375#42.97#26.08#30.95
-93.6841,44.0371#42.97#26.08#30.95
-93.6243,44.0367#42.97#26.08#30.95
-93.5644,44.0362#42.97#26.08#30.95
-93.5046,44.0357#42.97#26.08#30.95
-93.4447,44.0353#42.98#26.08#30.94
-93.3849,44.0348#42.99#26.08#30.93
-93.3251,44.0342#43#26.08#30.92
-93.2652,44.0337#43.01#26.08#30.91
-93.2054,44.0331#43.01#26.08#30.91
-93.1455,44.0326#43.02#26.08#30.9
-93.0857,44.032#43.03#26.07#30.9
-93.0258,44.0313#43.04#26.07#30.89
-92.966,44.0307#43.05#26.07#30.88
-92.9062,44.03#43.07#26.08#30.85
-92.8463,44.0294#43.08#26.08#30.84
-92.7865,44.0287#43.1#26.08#30.82
-92.7267,44.028#43.11#26.08#30.81
-92.6668,44.0272#43.13#26.08#30.79
-92.607,44.0265#43.14#26.08#30.78
-92.5472,44.0257#43.16#26.08#30.76
-92.4873,44.0249#43.18#26.08#30.74
-92.4275,44.0241#43.2#26.09#30.71
-92.3677,44.0233#43.22#26.09#30.69
-92.3078,44.0225#43.25#26.1#30.65
-92.248,44.0216#43.27#26.1#30.63
-92.1882,44.0207#43.3#26.11#30.59
-92.1284,44.0198#43.32#26.11#30.57
-92.0685,44.0189#43.35#26.12#30.53
-92.0087,44.0179#43.37#26.12#30.51
-91.9489,44.017#43.4#26.16#30.44
-91.8891,44.016#43.44#26.21#30.35
-91.8292,44.015#43.48#26.25#30.27
-91.7694,44.014#43.51#26.3#30.19
-91.7096,44.013#43.55#26.34#30.11
-91.6498,44.0119#43.59#26.39#30.02
-91.59,44.0108#43.62#26.43#29.95
-91.5302,44.0097#43.66#26.48#29.86
-91.4704,44.0086#43.7#26.55#29.75
-91.4105,44.0075#43.75#26.64#29.61
-91.3507,44.0064#43.79#26.73#29.48
-91.2909,44.0052#43.84#26.82#29.34
-91.2311,44.004#43.88#26.91#29.21
-91.1713,44.0028#43.93#27#29.07
-91.1115,44.0016#43.97#27.09#28.94
-91.0517,44.0003#44.02#27.18#28.8
-90.9919,43.9991#44.06#27.28#28.66
-90.9321,43.9978#44.12#27.42#28.46
-90.8723,43.9965#44.17#27.55#28.28
-90.8125,43.9952#44.22#27.69#28.09
-90.7527,43.9938#44.27#27.82#27.91
-90.6929,43.9925#44.33#27.96#27.71
-90.6331,43.9911#44.38#28.09#27.53
-90.5733,43.9897#44.43#28.23#27.34
-90.5136,43.9883#44.48#28.37#27.15
-90.4538,43.9868#44.54#28.5#26.96
-90.394,43.9854#44.6#28.64#26.76
-90.3342,43.9839#44.66#28.77#26.57
-90.2744,43.9824#44.72#28.9#26.38
-90.2146,43.9809#44.78#29.04#26.18
-90.1549,43.9794#44.84#29.17#25.99
-90.0951,43.9778#44.9#29.3#25.8
-90.0353,43.9763#44.96#29.43#25.61
-89.9756,43.9747#45.03#29.54#25.43
-89.9158,43.9731#45.09#29.6#25.31
-89.856,43.9715#45.16#29.67#25.17
-89.7963,43.9698#45.22#29.73#25.05
-89.7365,43.9682#45.28#29.8#24.92
-89.6767,43.9665#45.35#29.86#24.79
-89.617,43.9648#45.41#29.92#24.67
-89.5572,43.9631#45.48#29.98#24.54
-89.4975,43.9613#45.54#30.04#24.42
-89.4377,43.9596#45.61#30.07#24.32
-89.378,43.9578#45.68#30.09#24.23
-89.3182,43.956#45.75#30.11#24.14
-89.2585,43.9542#45.82#30.14#24.04
-89.1987,43.9524#45.89#30.16#23.95
-89.139,43.9505#45.95#30.18#23.87
-89.0792,43.9486#46.02#30.2#23.78
-89.0195,43.9467#46.09#30.23#23.68
-88.9598,43.9448#46.16#30.24#23.6
-88.9,43.9429#46.23#30.25#23.52
-88.8403,43.941#46.31#30.26#23.43
-88.7806,43.939#46.38#30.27#23.35
-88.7209,43.937#46.45#30.27#23.28
-88.6611,43.935#46.52#30.28#23.2
-88.6014,43.933#46.59#30.29#23.12
-88.5417,43.931#46.66#30.3#23.04
-88.482,43.9289#46.73#30.31#22.96
-88.4223,43.9268#46.8#30.31#22.89
-88.3626,43.9247#46.87#30.31#22.82
-88.3028,43.9226#46.95#30.31#22.74
-88.2431,43.9205#47.02#30.31#22.67
-88.1834,43.9183#47.09#30.32#22.59
-88.1237,43.9161#47.16#30.32#22.52
-88.064,43.9139#47.23#30.32#22.45
-88.0043,43.9117#47.3#30.32#22.38
-87.9447,43.9095#47.37#30.32#22.31
-87.885,43.9073#47.44#30.32#22.24
-87.8253,43.905#47.5#30.32#22.18
-87.7656,43.9027#47.57#30.32#22.11
-87.7059,43.9004#47.64#30.32#22.04
-103.314,43.9012#46.5#26.66#26.84
-103.254,43.9038#46.43#26.64#26.93
-103.194,43.9065#46.37#26.63#27
-103.135,43.909#46.3#26.61#27.09
-103.075,43.9116#46.23#26.59#27.18
-103.015,43.9142#46.17#26.58#27.25
-102.956,43.9167#46.11#26.69#27.2
-102.896,43.9192#46.05#26.86#27.09
-102.836,43.9217#45.99#27.02#26.99
-102.776,43.9242#45.94#27.18#26.88
-102.717,43.9267#45.88#27.34#26.78
-102.657,43.9291#45.82#27.51#26.67
-102.597,43.9315#45.77#27.67#26.56
-102.538,43.9339#45.71#27.83#26.46
-102.478,43.9363#45.66#28#26.34
-102.418,43.9387#45.61#28.17#26.22
-102.359,43.941#45.57#28.33#26.1
-102.299,43.9433#45.52#28.5#25.98
-102.239,43.9456#45.47#28.67#25.86
-102.18,43.9479#45.43#28.84#25.73
-102.12,43.9502#45.38#29.01#25.61
-102.06,43.9525#45.34#29.18#25.48
-102,43.9547#45.29#29.35#25.36
-101.941,43.9569#45.25#29.41#25.34
-101.881,43.9591#45.22#29.47#25.31
-101.821,43.9613#45.18#29.53#25.29
-101.761,43.9634#45.14#29.59#25.27
-101.702,43.9656#45.1#29.65#25.25
-101.642,43.9677#45.07#29.71#25.22
-101.582,43.9698#45.03#29.77#25.2
-101.523,43.9718#44.99#29.83#25.18
-101.463,43.9739#44.96#29.87#25.17
-101.403,43.976#44.93#29.89#25.18
-101.343,43.978#44.9#29.91#25.19
-101.284,43.98#44.86#29.93#25.21
-101.224,43.982#44.83#29.96#25.21
-101.164,43.9839#44.8#29.98#25.22
-101.104,43.9859#44.77#30#25.23
-101.045,43.9878#44.74#30.03#25.23
-100.985,43.9897#44.71#30.05#25.24
-100.925,43.9916#44.68#30.07#25.25
-100.865,43.9935#44.65#30.1#25.25
-100.805,43.9953#44.63#30.13#25.24
-100.746,43.9972#44.6#30.15#25.25
-100.686,43.999#44.57#30.18#25.25
-100.626,44.0008#44.55#30.2#25.25
-100.566,44.0025#44.52#30.23#25.25
-100.507,44.0043#44.49#30.25#25.26
-100.447,44.006#44.47#30.29#25.24
-100.387,44.0078#44.45#30.33#25.22
-100.327,44.0095#44.42#30.37#25.21
-100.267,44.0111#44.4#30.41#25.19
-100.208,44.0128#44.38#30.45#25.17
-100.148,44.0144#44.35#30.49#25.16
-100.088,44.0161#44.33#30.53#25.14
-100.028,44.0177#44.31#30.57#25.12
-99.9685,44.0193#44.29#30.61#25.1
-99.9087,44.0208#44.27#30.65#25.08
-99.8489,44.0224#44.24#30.68#25.08
-99.7891,44.0239#44.22#30.72#25.06
-99.7293,44.0254#44.2#30.76#25.04
-99.6695,44.0269#44.18#30.79#25.03
-99.6097,44.0284#44.16#30.83#25.01
-99.5499,44.0298#44.14#30.87#24.99
-99.4901,44.0313#44.12#30.9#24.98
-99.4303,44.0327#44.1#30.91#24.99
-99.3704,44.0341#44.08#30.92#25
-99.3106,44.0355#44.06#30.93#25.01
-99.2508,44.0368#44.04#30.94#25.02
-99.191,44.0381#44.02#30.95#25.03
-99.1312,44.0395#44#30.96#25.04
-99.0713,44.0408#43.98#30.97#25.05
-99.0115,44.0421#43.95#30.98#25.07
-98.9517,44.0433#43.93#30.95#25.12
-98.8919,44.0446#43.91#30.92#25.17
-98.832,44.0458#43.89#30.89#25.22
-98.7722,44.047#43.86#30.86#25.28
-98.7124,44.0482#43.84#30.83#25.33
-98.6525,44.0493#43.82#30.8#25.38
-98.5927,44.0505#43.8#30.76#25.44
-98.5329,44.0516#43.77#30.73#25.5
-98.473,44.0527#43.75#30.69#25.56
-98.4132,44.0538#43.73#30.62#25.65
-98.3533,44.0549#43.71#30.55#25.74
-98.2935,44.056#43.69#30.48#25.83
-98.2337,44.057#43.67#30.42#25.91
-98.1738,44.058#43.65#30.35#26
-98.114,44.059#43.63#30.28#26.09
-98.0541,44.06#43.61#30.22#26.17
-97.9943,44.0609#43.59#30.15#26.26
-97.9344,44.0619#43.57#30.05#26.38
-97.8746,44.0628#43.56#29.95#26.49
-97.8147,44.0637#43.55#29.85#26.6
-97.7549,44.0646#43.53#29.75#26.72
-97.695,44.0655#43.52#29.65#26.83
-97.6352,44.0663#43.5#29.55#26.95
-97.5753,44.0671#43.49#29.46#27.05
-97.5154,44.0679#43.47#29.36#27.17
-97.4556,44.0687#43.46#29.21#27.33
-97.3957,44.0695#43.45#29.05#27.5
-97.3359,44.0702#43.44#28.88#27.68
-97.276,44.071#43.43#28.72#27.85
-97.2161,44.0717#43.42#28.55#28.03
-97.1563,44.0724#43.41#28.39#28.2
-97.0964,44.0731#43.4#28.23#28.37
-97.0365,44.0737#43.39#28.06#28.55
-96.9767,44.0744#43.38#27.91#28.71
-96.9168,44.075#43.37#27.78#28.85
-96.8569,44.0756#43.36#27.64#29
-96.7971,44.0761#43.35#27.51#29.14
-96.7372,44.0767#43.33#27.38#29.29
-96.6773,44.0773#43.32#27.25#29.43
-96.6175,44.0778#43.31#27.12#29.57
-96.5576,44.0783#43.3#26.98#29.72
-96.4977,44.0788#43.29#26.85#29.86
-96.4379,44.0792#43.28#26.8#29.92
-96.378,44.0797#43.27#26.75#29.98
-96.3181,44.0801#43.26#26.69#30.05
-96.2582,44.0805#43.24#26.64#30.12
-96.1984,44.0809#43.23#26.59#30.18
-96.1385,44.0813#43.22#26.53#30.25
-96.0786,44.0816#43.21#26.48#30.31
-96.0187,44.082#43.2#26.43#30.37
-95.9589,44.0823#43.18#26.39#30.43
-95.899,44.0826#43.17#26.37#30.46
-95.8391,44.0828#43.16#26.35#30.49
-95.7792,44.0831#43.15#26.33#30.52
-95.7194,44.0833#43.13#26.3#30.57
-95.6595,44.0836#43.12#26.28#30.6
-95.5996,44.0838#43.11#26.26#30.63
-95.5397,44.0839#43.1#26.23#30.67
-95.4799,44.0841#43.08#26.22#30.7
-95.42,44.0842#43.07#26.21#30.72
-95.3601,44.0844#43.06#26.2#30.74
-95.3002,44.0845#43.05#26.19#30.76
-95.2403,44.0846#43.04#26.18#30.78
-95.1805,44.0846#43.03#26.17#30.8
-95.1206,44.0847#43.02#26.16#30.82
-95.0607,44.0847#43.01#26.15#30.84
-95.0008,44.0847#43#26.14#30.86
-94.9409,44.0847#42.99#26.13#30.88
-94.8811,44.0847#42.98#26.13#30.89
-94.8212,44.0846#42.98#26.12#30.9
-94.7613,44.0846#42.97#26.12#30.91
-94.7014,44.0845#42.96#26.12#30.92
-94.6416,44.0844#42.96#26.11#30.93
-94.5817,44.0842#42.95#26.11#30.94
-94.5218,44.0841#42.94#26.1#30.96
-94.4619,44.0839#42.94#26.1#30.96
-94.402,44.0838#42.93#26.1#30.97
-94.3422,44.0836#42.93#26.1#30.97
-94.2823,44.0833#42.92#26.09#30.99
-94.2224,44.0831#42.92#26.09#30.99
-94.1625,44.0828#42.91#26.09#31
-94.1027,44.0826#42.91#26.09#31
-94.0428,44.0823#42.9#26.09#31.01
-93.9829,44.082#42.9#26.08#31.02
-93.923,44.0816#42.9#26.08#31.02
-93.8632,44.0813#42.9#26.08#31.02
-93.8033,44.0809#42.9#26.08#31.02
-93.7434,44.0805#42.9#26.08#31.02
-93.6835,44.0801#42.91#26.08#31.01
-93.6237,44.0797#42.91#26.08#31.01
-93.5638,44.0792#42.91#26.08#31.01
-93.5039,44.0788#42.91#26.08#31.01
-93.4441,44.0783#42.92#26.08#31
-93.3842,44.0778#42.92#26.08#31
-93.3243,44.0773#42.93#26.08#30.99
-93.2644,44.0767#42.94#26.08#30.98
-93.2046,44.0762#42.95#26.08#30.97
-93.1447,44.0756#42.95#26.07#30.98
-93.0848,44.075#42.96#26.07#30.97
-93.025,44.0744#42.97#26.07#30.96
-92.9651,44.0737#42.98#26.07#30.95
-92.9052,44.0731#42.99#26.07#30.94
-92.8454,44.0724#43.01#26.08#30.91
-92.7855,44.0717#43.02#26.08#30.9
-92.7257,44.071#43.04#26.08#30.88
-92.6658,44.0703#43.05#26.08#30.87
-92.6059,44.0695#43.07#26.08#30.85
-92.5461,44.0687#43.08#26.08#30.84
-92.4862,44.068#43.1#26.08#30.82
-92.4264,44.0672#43.12#26.08#30.8
-92.3665,44.0663#43.14#26.09#30.77
-92.3066,44.0655#43.17#26.09#30.74
-92.2468,44.0646#43.19#26.1#30.71
-92.1869,44.0637#43.21#26.1#30.69
-92.1271,44.0628#43.24#26.11#30.65
-92.0672,44.0619#43.26#26.11#30.63
-92.0074,44.061#43.29#26.12#30.59
-91.9475,44.06#43.32#26.15#30.53
-91.8877,44.059#43.36#26.19#30.45
-91.8278,44.058#43.39#26.23#30.38
-91.768,44.057#43.43#26.27#30.3
-91.7082,44.056#43.46#26.31#30.23
-91.6483,44.0549#43.5#26.35#30.15
-91.5885,44.0539#43.53#26.38#30.09
-91.5286,44.0528#43.57#26.43#30
-91.4688,44.0517#43.61#26.49#29.9
-91.409,44.0505#43.66#26.58#29.76
-91.3491,44.0494#43.7#26.67#29.63
-91.2893,44.0482#43.75#26.76#29.49
-91.2295,44.047#43.79#26.85#29.36
-91.1696,44.0458#43.83#26.94#29.23
-91.1098,44.0446#43.88#27.03#29.09
-91.05,44.0434#43.92#27.12#28.96
-90.9901,44.0421#43.97#27.21#28.82
-90.9303,44.0408#44.02#27.34#28.64
-90.8705,44.0395#44.07#27.47#28.46
-90.8107,44.0382#44.13#27.6#28.27
-90.7508,44.0368#44.18#27.73#28.09
-90.691,44.0355#44.23#27.86#27.91
-90.6312,44.0341#44.28#27.99#27.73
-90.5714,44.0327#44.33#28.12#27.55
-90.5116,44.0313#44.39#28.25#27.36
-90.4518,44.0299#44.45#28.39#27.16
-90.392,44.0284#44.51#28.53#26.96
-90.3321,44.0269#44.57#28.67#26.76
-90.2723,44.0255#44.63#28.81#26.56
-90.2125,44.0239#44.69#28.95#26.36
-90.1527,44.0224#44.75#29.09#26.16
-90.0929,44.0209#44.81#29.22#25.97
-90.0331,44.0193#44.87#29.36#25.77
-89.9733,44.0177#44.93#29.47#25.6
-89.9135,44.0161#44.99#29.54#25.47
-89.8537,44.0145#45.06#29.61#25.33
-89.794,44.0128#45.12#29.68#25.2
-89.7342,44.0112#45.18#29.75#25.07
-89.6744,44.0095#45.25#29.82#24.93
-89.6146,44.0078#45.31#29.89#24.8
-89.5548,44.0061#45.38#29.95#24.67
-89.495,44.0043#45.44#30.02#24.54
-89.4353,44.0026#45.51#30.04#24.45
-89.3755,44.0008#45.58#30.07#24.35
-89.3157,43.999#45.65#30.09#24.26
-89.2559,43.9972#45.72#30.12#24.16
-89.1962,43.9954#45.78#30.14#24.08
-89.1364,43.9935#45.85#30.16#23.99
-89.0766,43.9917#45.92#30.19#23.89
-89.0169,43.9898#45.99#30.21#23.8
-88.9571,43.9879#46.06#30.23#23.71
-88.8973,43.9859#46.13#30.24#23.63
-88.8376,43.984#46.2#30.25#23.55
-88.7778,43.982#46.27#30.26#23.47
-88.7181,43.98#46.34#30.27#23.39
-88.6583,43.978#46.41#30.27#23.32
-88.5986,43.976#46.49#30.28#23.23
-88.5388,43.974#46.56#30.29#23.15
-88.4791,43.9719#46.63#30.3#23.07
-88.4194,43.9698#46.7#30.3#23
-88.3596,43.9677#46.77#30.3#22.93
-88.2999,43.9656#46.84#30.31#22.85
-88.2402,43.9635#46.91#30.31#22.78
-88.1804,43.9613#46.98#30.31#22.71
-88.1207,43.9591#47.05#30.31#22.64
-88.061,43.957#47.12#30.32#22.56
-88.0013,43.9547#47.19#30.32#22.49
-87.9415,43.9525#47.25#30.32#22.43
-87.8818,43.9503#47.32#30.32#22.36
-87.8221,43.948#47.39#30.32#22.29
-87.7624,43.9457#47.46#30.32#22.22
-87.7027,43.9434#47.52#30.32#22.16
-87.643,43.9411#47.59#30.32#22.09
-87.5833,43.9387#47.66#30.31#22.03
-87.5236,43.9364#47.73#30.31#21.96
-87.4639,43.934#47.8#30.31#21.89
-87.4042,43.9316#47.86#30.31#21.83
-87.3445,43.9292#47.93#30.31#21.76
-87.2848,43.9267#47.99#30.31#21.7
-87.2252,43.9243#48.06#30.31#21.63
-87.1655,43.9218#48.13#30.31#21.56
-87.1058,43.9193#48.19#30.31#21.5
-87.0461,43.9168#48.26#30.3#21.44
-86.9865,43.9142#48.33#30.31#21.36
-86.9268,43.9117#48.38#30.36#21.26
-86.8671,43.9091#48.43#30.41#21.16
-86.8075,43.9065#48.48#30.46#21.06
-86.7478,43.9039#48.54#30.51#20.95
-86.6881,43.9013#48.59#30.55#20.86
-104.212,43.9025#47.73#26.85#25.42
-104.152,43.9054#47.64#26.85#25.51
-104.093,43.9083#47.54#26.85#25.61
-104.033,43.9112#47.45#26.84#25.71
-103.973,43.914#47.36#26.83#25.81
-103.914,43.9169#47.28#26.82#25.9
-103.854,43.9197#47.2#26.8#26
-103.795,43.9225#47.12#26.78#26.1
-103.735,43.9253#47.04#26.76#26.2
-103.675,43.928#46.96#26.75#26.29
-103.616,43.9308#46.88#26.73#26.39
-103.556,43.9335#46.8#26.71#26.49
-103.496,43.9362#46.72#26.7#26.58
-103.437,43.9389#46.65#26.68#26.67
-103.377,43.9416#46.59#26.66#26.75
-103.317,43.9442#46.52#26.65#26.83
-103.257,43.9468#46.45#26.63#26.92
-103.198,43.9494#46.38#26.62#27
-103.138,43.952#46.32#26.6#27.08
-103.078,43.9546#46.25#26.59#27.16
-103.019,43.9572#46.18#26.57#27.25
-102.959,43.9597#46.13#26.68#27.19
-102.899,43.9622#46.07#26.84#27.09
-102.84,43.9647#46.01#27#26.99
-102.78,43.9672#45.96#27.17#26.87
-102.72,43.9697#45.9#27.33#26.77
-102.661,43.9721#45.84#27.49#26.67
-102.601,43.9745#45.79#27.65#26.56
-102.541,43.9769#45.73#27.82#26.45
-102.481,43.9793#45.68#27.98#26.34
-102.422,43.9817#45.63#28.15#26.22
-102.362,43.984#45.59#28.32#26.09
-102.302,43.9863#45.54#28.49#25.97
-102.242,43.9886#45.49#28.66#25.85
-102.183,43.9909#45.45#28.83#25.72
-102.123,43.9932#45.4#28.99#25.61
-102.063,43.9955#45.36#29.16#25.48
-102.003,43.9977#45.31#29.33#25.36
-101.944,43.9999#45.27#29.4#25.33
-101.884,44.0021#45.24#29.46#25.3
-101.824,44.0043#45.2#29.52#25.28
-101.764,44.0064#45.16#29.58#25.26
-101.705,44.0086#45.12#29.64#25.24
-101.645,44.0107#45.09#29.7#25.21
-101.585,44.0128#45.05#29.76#25.19
-101.525,44.0149#45.01#29.82#25.17
-101.466,44.0169#44.98#29.86#25.16
-101.406,44.019#44.95#29.88#25.17
-101.346,44.021#44.92#29.91#25.17
-101.286,44.023#44.88#29.93#25.19
-101.227,44.025#44.85#29.95#25.2
-101.167,44.0269#44.82#29.98#25.2
-101.107,44.0289#44.79#30#25.21
-101.047,44.0308#44.76#30.02#25.22
-100.987,44.0327#44.73#30.05#25.22
-100.928,44.0346#44.7#30.07#25.23
-100.868,44.0365#44.67#30.1#25.23
-100.808,44.0383#44.64#30.13#25.23
-100.748,44.0402#44.62#30.15#25.23
-100.688,44.042#44.59#30.18#25.23
-100.629,44.0438#44.56#30.2#25.24
-100.569,44.0455#44.54#30.23#25.23
-100.509,44.0473#44.51#30.26#25.23
-100.449,44.049#44.49#30.29#25.22
-100.389,44.0508#44.46#30.33#25.21
-100.33,44.0525#44.44#30.37#25.19
-100.27,44.0541#44.42#30.41#25.17
-100.21,44.0558#44.39#30.45#25.16
-100.15,44.0575#44.37#30.49#25.14
-100.09,44.0591#44.35#30.53#25.12
-100.031,44.0607#44.32#30.57#25.11
-99.9707,44.0623#44.3#30.61#25.09
-99.9109,44.0638#44.28#30.65#25.07
-99.8511,44.0654#44.26#30.68#25.06
-99.7912,44.0669#44.24#30.72#25.04
-99.7314,44.0684#44.22#30.75#25.03
-99.6716,44.0699#44.2#30.79#25.01
-99.6117,44.0714#44.17#30.82#25.01
-99.5519,44.0728#44.15#30.85#25
-99.4921,44.0743#44.13#30.88#24.99
-99.4322,44.0757#44.11#30.9#24.99
-99.3724,44.0771#44.09#30.91#25
-99.3125,44.0785#44.07#30.92#25.01
-99.2527,44.0798#44.05#30.94#25.01
-99.1928,44.0812#44.03#30.95#25.02
-99.133,44.0825#44.01#30.97#25.02
-99.0731,44.0838#43.98#30.98#25.04
-99.0133,44.0851#43.96#31#25.04
-98.9534,44.0863#43.94#30.98#25.08
-98.8936,44.0876#43.92#30.95#25.13
-98.8337,44.0888#43.89#30.92#25.19
-98.7739,44.09#43.87#30.89#25.24
-98.714,44.0912#43.85#30.86#25.29
-98.6541,44.0924#43.82#30.83#25.35
-98.5943,44.0935#43.8#30.8#25.4
-98.5344,44.0946#43.78#30.77#25.45
-98.4746,44.0958#43.75#30.73#25.52
-98.4147,44.0968#43.73#30.66#25.61
-98.3548,44.0979#43.71#30.6#25.69
-98.295,44.099#43.69#30.53#25.78
-98.2351,44.1#43.67#30.47#25.86
-98.1752,44.101#43.65#30.41#25.94
-98.1153,44.102#43.62#30.34#26.04
-98.0555,44.103#43.6#30.28#26.12
-97.9956,44.104#43.58#30.22#26.2
-97.9357,44.1049#43.57#30.11#26.32
-97.8758,44.1058#43.55#30.01#26.44
-97.816,44.1067#43.53#29.91#26.56
-97.7561,44.1076#43.52#29.8#26.68
-97.6962,44.1085#43.5#29.7#26.8
-97.6363,44.1093#43.49#29.6#26.91
-97.5764,44.1102#43.47#29.49#27.04
-97.5165,44.111#43.46#29.39#27.15
-97.4567,44.1117#43.45#29.24#27.31
-97.3968,44.1125#43.43#29.07#27.5
-97.3369,44.1133#43.42#28.9#27.68
-97.277,44.114#43.41#28.73#27.86
-97.2171,44.1147#43.4#28.56#28.04
-97.1572,44.1154#43.39#28.39#28.22
-97.0973,44.1161#43.38#28.22#28.4
-97.0374,44.1167#43.37#28.05#28.58
-96.9776,44.1174#43.35#27.9#28.75
-96.9177,44.118#43.34#27.77#28.89
-96.8578,44.1186#43.33#27.64#29.03
-96.7979,44.1192#43.32#27.5#29.18
-96.738,44.1197#43.31#27.37#29.32
-96.6781,44.1203#43.3#27.24#29.46
-96.6182,44.1208#43.29#27.11#29.6
-96.5583,44.1213#43.27#26.98#29.75
-96.4984,44.1218#43.26#26.85#29.89
-96.4385,44.1222#43.25#26.8#29.95
-96.3786,44.1227#43.24#26.74#30.02
-96.3187,44.1231#43.23#26.69#30.08
-96.2588,44.1235#43.21#26.64#30.15
-96.1989,44.1239#43.2#26.58#30.22
-96.139,44.1243#43.19#26.53#30.28
-96.0791,44.1246#43.18#26.47#30.35
-96.0192,44.125#43.16#26.42#30.42
-95.9593,44.1253#43.15#26.39#30.46
-95.8994,44.1256#43.14#26.37#30.49
-95.8395,44.1259#43.12#26.34#30.54
-95.7796,44.1261#43.11#26.32#30.57
-95.7197,44.1264#43.1#26.3#30.6
-95.6598,44.1266#43.08#26.28#30.64
-95.5999,44.1268#43.07#26.25#30.68
-95.54,44.127#43.06#26.23#30.71
-95.4801,44.1271#43.05#26.21#30.74
-95.4202,44.1273#43.03#26.2#30.77
-95.3603,44.1274#43.02#26.19#30.79
-95.3004,44.1275#43.01#26.18#30.81
-95.2404,44.1276#43#26.17#30.83
-95.1805,44.1276#42.99#26.17#30.84
-95.1206,44.1277#42.98#26.16#30.86
-95.0607,44.1277#42.97#26.15#30.88
-95.0008,44.1277#42.95#26.14#30.91
-94.9409,44.1277#42.95#26.13#30.92
-94.881,44.1277#42.94#26.13#30.93
-94.8211,44.1276#42.93#26.12#30.95
-94.7612,44.1276#42.92#26.12#30.96
-94.7013,44.1275#42.91#26.11#30.98
-94.6414,44.1274#42.91#26.11#30.98
-94.5815,44.1273#42.9#26.11#30.99
-94.5216,44.1271#42.89#26.1#31.01
-94.4617,44.127#42.89#26.1#31.01
-94.4018,44.1268#42.88#26.1#31.02
-94.3419,44.1266#42.87#26.09#31.04
-94.282,44.1264#42.87#26.09#31.04
-94.2221,44.1261#42.86#26.09#31.05
-94.1622,44.1259#42.86#26.09#31.05
-94.1023,44.1256#42.85#26.09#31.06
-94.0424,44.1253#42.85#26.09#31.06
-93.9825,44.125#42.84#26.08#31.08
-93.9226,44.1247#42.84#26.08#31.08
-93.8627,44.1243#42.84#26.08#31.08
-93.8028,44.1239#42.84#26.08#31.08
-93.7429,44.1235#42.84#26.08#31.08
-93.683,44.1231#42.84#26.08#31.08
-93.6231,44.1227#42.84#26.08#31.08
-93.5632,44.1223#42.84#26.08#31.08
-93.5033,44.1218#42.84#26.08#31.08
-93.4434,44.1213#42.85#26.08#31.07
-93.3835,44.1208#42.86#26.08#31.06
-93.3236,44.1203#42.86#26.08#31.06
-93.2637,44.1197#42.87#26.08#31.05
-93.2038,44.1192#42.88#26.07#31.05
-93.1439,44.1186#42.88#26.07#31.05
-93.084,44.118#42.89#26.07#31.04
-93.0241,44.1174#42.9#26.07#31.03
-92.9642,44.1168#42.91#26.07#31.02
-92.9043,44.1161#42.92#26.07#31.01
-92.8444,44.1154#42.93#26.07#31
-92.7845,44.1147#42.95#26.07#30.98
-92.7247,44.114#42.96#26.08#30.96
-92.6648,44.1133#42.97#26.08#30.95
-92.6049,44.1125#42.99#26.08#30.93
-92.545,44.1118#43#26.08#30.92
-92.4851,44.111#43.02#26.08#30.9
-92.4252,44.1102#43.04#26.08#30.88
-92.3653,44.1093#43.06#26.09#30.85
-92.3055,44.1085#43.09#26.09#30.82
-92.2456,44.1076#43.11#26.09#30.8
-92.1857,44.1068#43.13#26.1#30.77
-92.1258,44.1059#43.15#26.1#30.75
-92.0659,44.1049#43.18#26.11#30.71
-92.0061,44.104#43.2#26.11#30.69
-91.9462,44.103#43.23#26.14#30.63
-91.8863,44.1021#43.27#26.17#30.56
-91.8264,44.1011#43.31#26.2#30.49
-91.7666,44.1#43.34#26.24#30.42
-91.7067,44.099#43.38#26.27#30.35
