-97.5782,41.9003#43.36#28.69#27.95
-97.5196,41.9011#43.4#28.71#27.89
-97.4611,41.9019#43.44#28.69#27.87
-97.4025,41.9027#43.48#28.64#27.88
-97.3439,41.9035#43.52#28.6#27.88
-97.2854,41.9042#43.56#28.55#27.89
-97.2268,41.9049#43.6#28.51#27.89
-97.1682,41.9056#43.64#28.46#27.9
-97.1097,41.9063#43.68#28.42#27.9
-97.0511,41.907#43.72#28.37#27.91
-96.9925,41.9076#43.76#28.32#27.92
-96.934,41.9083#43.8#28.28#27.92
-96.8754,41.9089#43.85#28.23#27.92
-96.8168,41.9095#43.89#28.18#27.93
-96.7582,41.91#43.93#28.13#27.94
-96.6997,41.9106#43.97#28.08#27.95
-96.6411,41.9111#44.01#28.03#27.96
-96.5825,41.9117#44.06#27.98#27.96
-96.5239,41.9122#44.1#27.93#27.97
-96.4654,41.9126#44.14#27.9#27.96
-96.4068,41.9131#44.18#27.88#27.94
-96.3482,41.9135#44.22#27.86#27.92
-96.2896,41.914#44.25#27.84#27.91
-96.231,41.9144#44.29#27.82#27.89
-96.1725,41.9148#44.33#27.8#27.87
-96.1139,41.9151#44.37#27.77#27.86
-96.0553,41.9155#44.41#27.75#27.84
-95.9967,41.9158#44.45#27.73#27.82
-95.9381,41.9161#44.48#27.7#27.82
-95.8796,41.9164#44.52#27.66#27.82
-95.821,41.9167#44.55#27.63#27.82
-95.7624,41.9169#44.59#27.59#27.82
-95.7038,41.9172#44.62#27.56#27.82
-95.6452,41.9174#44.66#27.52#27.82
-95.5866,41.9176#44.69#27.48#27.83
-95.5281,41.9178#44.73#27.45#27.82
-95.4695,41.9179#44.76#27.4#27.84
-95.4109,41.9181#44.79#27.34#27.87
-95.3523,41.9182#44.82#27.29#27.89
-95.2937,41.9183#44.85#27.23#27.92
-95.2351,41.9184#44.88#27.17#27.95
-95.1766,41.9184#44.91#27.11#27.98
-95.118,41.9185#44.94#27.06#28
-95.0594,41.9185#44.97#27#28.03
-95.0008,41.9185#45#26.94#28.06
-94.9422,41.9185#45.03#26.89#28.08
-94.8836,41.9185#45.05#26.83#28.12
-94.8251,41.9184#45.08#26.78#28.14
-94.7665,41.9184#45.11#26.72#28.17
-94.7079,41.9183#45.14#26.67#28.19
-94.6493,41.9182#45.16#26.62#28.22
-94.5907,41.9181#45.19#26.56#28.25
-94.5321,41.9179#45.22#26.51#28.27
-94.4736,41.9178#45.25#26.47#28.28
-94.415,41.9176#45.28#26.46#28.26
-94.3564,41.9174#45.31#26.44#28.25
-94.2978,41.9172#45.34#26.43#28.23
-94.2392,41.9169#45.37#26.41#28.22
-94.1806,41.9167#45.4#26.4#28.2
-94.1221,41.9164#45.43#26.38#28.19
-94.0635,41.9161#45.46#26.37#28.17
-94.0049,41.9158#45.49#26.35#28.16
-93.9463,41.9155#45.52#26.4#28.08
-93.8877,41.9151#45.56#26.44#28
-93.8292,41.9148#45.59#26.49#27.92
-93.7706,41.9144#45.63#26.54#27.83
-93.712,41.914#45.66#26.59#27.75
-93.6534,41.9136#45.7#26.64#27.66
-93.5948,41.9131#45.73#26.69#27.58
-93.5363,41.9127#45.76#26.74#27.5
-93.4777,41.9122#45.8#26.81#27.39
-93.4191,41.9117#45.84#26.9#27.26
-93.3605,41.9112#45.88#26.99#27.13
-93.302,41.9106#45.92#27.08#27
-93.2434,41.9101#45.96#27.17#26.87
-93.1848,41.9095#46#27.26#26.74
-93.1262,41.9089#46.04#27.35#26.61
-93.0677,41.9083#46.08#27.44#26.48
-93.0091,41.9077#46.13#27.54#26.33
-92.9505,41.907#46.17#27.68#26.15
-92.8919,41.9063#46.22#27.83#25.95
-92.8334,41.9056#46.27#27.98#25.75
-92.7748,41.9049#46.32#28.13#25.55
-92.7162,41.9042#46.37#28.28#25.35
-92.6577,41.9035#46.41#28.43#25.16
-92.5991,41.9027#46.46#28.58#24.96
-92.5405,41.9019#46.51#28.73#24.76
-92.482,41.9011#46.56#28.87#24.57
-92.4234,41.9003#46.62#29#24.38
-99.7463,41.9003#42.73#29.13#28.14
-99.6877,41.9018#42.73#29.04#28.23
-99.6292,41.9033#42.72#28.96#28.32
-99.5706,41.9048#42.71#28.87#28.42
-99.5121,41.9063#42.71#28.78#28.51
-99.4535,41.9077#42.71#28.74#28.55
-99.395,41.9091#42.71#28.7#28.59
-99.3364,41.9105#42.71#28.66#28.63
-99.2779,41.9119#42.71#28.63#28.66
-99.2193,41.9133#42.72#28.59#28.69
-99.1608,41.9146#42.72#28.55#28.73
-99.1022,41.916#42.72#28.51#28.77
-99.0437,41.9173#42.72#28.47#28.81
-98.9851,41.9186#42.73#28.44#28.83
-98.9266,41.9198#42.74#28.44#28.82
-98.868,41.9211#42.76#28.44#28.8
-98.8094,41.9223#42.78#28.43#28.79
-98.7509,41.9235#42.8#28.43#28.77
-98.6923,41.9247#42.81#28.43#28.76
-98.6337,41.9259#42.83#28.42#28.75
-98.5752,41.9271#42.85#28.42#28.73
-98.5166,41.9282#42.86#28.42#28.72
-98.458,41.9293#42.89#28.43#28.68
-98.3995,41.9304#42.92#28.45#28.63
-98.3409,41.9315#42.95#28.46#28.59
-98.2823,41.9326#42.97#28.48#28.55
-98.2237,41.9336#43#28.5#28.5
-98.1652,41.9347#43.03#28.51#28.46
-98.1066,41.9357#43.06#28.53#28.41
-98.048,41.9367#43.09#28.55#28.36
-97.9894,41.9376#43.12#28.56#28.32
-97.9308,41.9386#43.16#28.58#28.26
-97.8723,41.9395#43.19#28.6#28.21
-97.8137,41.9404#43.23#28.62#28.15
-97.7551,41.9413#43.26#28.64#28.1
-97.6965,41.9422#43.3#28.66#28.04
-97.6379,41.943#43.34#28.68#27.98
-97.5793,41.9439#43.37#28.7#27.93
-97.5207,41.9447#43.41#28.72#27.87
-97.4621,41.9455#43.45#28.7#27.85
-97.4036,41.9463#43.49#28.65#27.86
-97.345,41.9471#43.53#28.6#27.87
-97.2864,41.9478#43.57#28.56#27.87
-97.2278,41.9485#43.61#28.51#27.88
-97.1692,41.9492#43.65#28.47#27.88
-97.1106,41.9499#43.69#28.42#27.89
-97.052,41.9506#43.73#28.38#27.89
-96.9934,41.9512#43.77#28.33#27.9
-96.9348,41.9519#43.81#28.28#27.91
-96.8762,41.9525#43.85#28.23#27.92
-96.8176,41.9531#43.89#28.18#27.93
-96.759,41.9537#43.93#28.13#27.94
-96.7004,41.9542#43.97#28.08#27.95
-96.6418,41.9547#44.02#28.03#27.95
-96.5832,41.9553#44.06#27.99#27.95
-96.5246,41.9558#44.1#27.94#27.96
-96.466,41.9562#44.14#27.9#27.96
-96.4074,41.9567#44.18#27.88#27.94
-96.3488,41.9571#44.21#27.86#27.93
-96.2902,41.9576#44.25#27.83#27.92
-96.2316,41.958#44.29#27.81#27.9
-96.173,41.9584#44.33#27.78#27.89
-96.1144,41.9587#44.36#27.76#27.88
-96.0558,41.9591#44.4#27.74#27.86
-95.9972,41.9594#44.44#27.71#27.85
-95.9385,41.9597#44.47#27.67#27.86
-95.8799,41.96#44.51#27.64#27.85
-95.8213,41.9603#44.54#27.6#27.86
-95.7627,41.9605#44.57#27.56#27.87
-95.7041,41.9608#44.61#27.52#27.87
-95.6455,41.961#44.64#27.48#27.88
-95.5869,41.9612#44.67#27.45#27.88
-95.5283,41.9614#44.71#27.41#27.88
-95.4697,41.9615#44.74#27.36#27.9
-95.4111,41.9617#44.76#27.3#27.94
-95.3525,41.9618#44.79#27.24#27.97
-95.2939,41.9619#44.82#27.18#28
-95.2352,41.962#44.85#27.12#28.03
-95.1766,41.9621#44.88#27.06#28.06
-95.118,41.9621#44.91#27.01#28.08
-95.0594,41.9621#44.94#26.95#28.11
-95.0008,41.9621#44.97#26.89#28.14
-94.9422,41.9621#44.99#26.84#28.17
-94.8836,41.9621#45.02#26.79#28.19
-94.825,41.9621#45.05#26.74#28.21
-94.7664,41.962#45.07#26.69#28.24
-94.7078,41.9619#45.1#26.64#28.26
-94.6492,41.9618#45.13#26.59#28.28
-94.5905,41.9617#45.15#26.54#28.31
-94.5319,41.9615#45.18#26.49#28.33
-94.4733,41.9614#45.21#26.45#28.34
-94.4147,41.9612#45.24#26.44#28.32
-94.3561,41.961#45.27#26.42#28.31
-94.2975,41.9608#45.29#26.41#28.3
-94.2389,41.9605#45.32#26.39#28.29
-94.1803,41.9603#45.35#26.38#28.27
-94.1217,41.96#45.38#26.36#28.26
-94.0631,41.9597#45.41#26.35#28.24
-94.0045,41.9594#45.44#26.33#28.23
-93.9459,41.9591#45.48#26.37#28.15
-93.8873,41.9587#45.51#26.42#28.07
-93.8286,41.9584#45.55#26.46#27.99
-93.77,41.958#45.58#26.5#27.92
-93.7114,41.9576#45.61#26.55#27.84
-93.6528,41.9572#45.65#26.59#27.76
-93.5942,41.9567#45.68#26.63#27.69
-93.5356,41.9563#45.72#26.68#27.6
-93.477,41.9558#45.75#26.74#27.51
-93.4184,41.9553#45.79#26.83#27.38
-93.3598,41.9548#45.83#26.92#27.25
-93.3012,41.9542#45.87#27.01#27.12
-93.2426,41.9537#45.91#27.1#26.99
-93.184,41.9531#45.95#27.19#26.86
-93.1254,41.9525#45.99#27.28#26.73
-93.0668,41.9519#46.03#27.37#26.6
-93.0082,41.9513#46.07#27.46#26.47
-92.9496,41.9506#46.12#27.59#26.29
-92.891,41.9499#46.17#27.74#26.09
-92.8324,41.9492#46.21#27.88#25.91
-92.7738,41.9485#46.26#28.03#25.71
-92.7153,41.9478#46.31#28.17#25.52
-92.6567,41.9471#46.36#28.32#25.32
-92.5981,41.9463#46.41#28.46#25.13
-92.5395,41.9455#46.45#28.61#24.94
-92.4809,41.9447#46.5#28.75#24.75
-92.4223,41.9439#46.56#28.88#24.56
-92.3637,41.9431#46.62#29#24.38
-92.3051,41.9422#46.67#29.13#24.2
-92.2465,41.9413#46.73#29.26#24.01
-92.188,41.9404#46.78#29.39#23.83
-92.1294,41.9395#46.84#29.51#23.65
-92.0708,41.9386#46.9#29.64#23.46
-92.0122,41.9376#46.95#29.77#23.28
-91.9536,41.9367#47.02#29.84#23.14
-91.895,41.9357#47.08#29.9#23.02
-91.8365,41.9347#47.15#29.95#22.9
-91.7779,41.9337#47.21#30.01#22.78
-91.7193,41.9326#47.28#30.07#22.65
-91.6607,41.9315#47.34#30.12#22.54
-91.6022,41.9305#47.41#30.18#22.41
-91.5436,41.9294#47.47#30.24#22.29
-91.485,41.9282#47.54#30.28#22.18
-91.4264,41.9271#47.61#30.31#22.08
-91.3679,41.9259#47.69#30.33#21.98
-91.3093,41.9248#47.76#30.35#21.89
-91.2507,41.9236#47.83#30.37#21.8
-91.1922,41.9224#47.91#30.39#21.7
-91.1336,41.9211#47.98#30.41#21.61
-91.0751,41.9199#48.05#30.43#21.52
-91.0165,41.9186#48.13#30.45#21.42
-90.9579,41.9173#48.21#30.46#21.33
-90.8994,41.916#48.29#30.47#21.24
-90.8408,41.9147#48.37#30.48#21.15
-90.7823,41.9133#48.45#30.48#21.07
-90.7237,41.912#48.54#30.49#20.97
-90.6652,41.9106#48.62#30.5#20.88
-90.6066,41.9092#48.7#30.51#20.79
-90.5481,41.9078#48.79#30.51#20.7
-90.4895,41.9063#48.87#30.52#20.61
-90.431,41.9048#48.95#30.52#20.53
-90.3724,41.9034#49.03#30.52#20.45
-90.3139,41.9019#49.12#30.52#20.36
-90.2554,41.9004#49.2#30.52#20.28
-101.153,41.9018#43.04#30.87#26.09
-101.095,41.9038#43.02#30.87#26.11
-101.036,41.9058#43#30.86#26.14
-100.978,41.9077#42.98#30.83#26.19
-100.919,41.9096#42.97#30.78#26.25
-100.861,41.9115#42.96#30.73#26.31
-100.802,41.9134#42.94#30.68#26.38
-100.744,41.9152#42.93#30.62#26.45
-100.685,41.9171#42.92#30.57#26.51
-100.627,41.9189#42.9#30.52#26.58
-100.568,41.9207#42.89#30.47#26.64
-100.509,41.9225#42.88#30.42#26.7
-100.451,41.9242#42.87#30.32#26.81
-100.392,41.926#42.86#30.23#26.91
-100.334,41.9277#42.85#30.13#27.02
-100.275,41.9294#42.84#30.03#27.13
-100.217,41.9311#42.83#29.93#27.24
-100.158,41.9328#42.83#29.83#27.34
-100.1,41.9344#42.82#29.73#27.45
-100.041,41.936#42.81#29.63#27.56
-99.9825,41.9376#42.8#29.54#27.66
-99.924,41.9392#42.79#29.45#27.76
-99.8654,41.9408#42.79#29.36#27.85
-99.8069,41.9424#42.78#29.28#27.94
-99.7483,41.9439#42.77#29.19#28.04
-99.6897,41.9454#42.77#29.1#28.13
-99.6312,41.9469#42.76#29.01#28.23
-99.5726,41.9484#42.75#28.92#28.33
-99.514,41.9499#42.75#28.83#28.42
-99.4555,41.9513#42.74#28.78#28.48
-99.3969,41.9527#42.75#28.74#28.51
-99.3383,41.9541#42.75#28.7#28.55
-99.2797,41.9555#42.75#28.66#28.59
-99.2212,41.9569#42.75#28.62#28.63
-99.1626,41.9582#42.75#28.58#28.67
-99.104,41.9595#42.75#28.54#28.71
-99.0454,41.9609#42.75#28.5#28.75
-98.9868,41.9621#42.76#28.47#28.77
-98.9283,41.9634#42.77#28.46#28.77
-98.8697,41.9647#42.79#28.46#28.75
-98.8111,41.9659#42.81#28.46#28.73
-98.7525,41.9671#42.82#28.45#28.73
-98.6939,41.9683#42.84#28.45#28.71
-98.6353,41.9695#42.85#28.45#28.7
-98.5767,41.9707#42.87#28.45#28.68
-98.5181,41.9718#42.89#28.44#28.67
-98.4595,41.9729#42.91#28.45#28.64
-98.4009,41.974#42.94#28.47#28.59
-98.3423,41.9751#42.97#28.49#28.54
-98.2837,41.9762#43#28.5#28.5
-98.2251,41.9772#43.02#28.52#28.46
-98.1665,41.9782#43.05#28.54#28.41
-98.1079,41.9792#43.08#28.55#28.37
-98.0493,41.9802#43.11#28.57#28.32
-97.9907,41.9812#43.14#28.59#28.27
-97.9321,41.9822#43.17#28.6#28.23
-97.8735,41.9831#43.21#28.62#28.17
-97.8149,41.984#43.24#28.64#28.12
-97.7563,41.9849#43.28#28.66#28.06
-97.6977,41.9858#43.31#28.68#28.01
-97.6391,41.9866#43.35#28.69#27.96
-97.5804,41.9875#43.38#28.71#27.91
-97.5218,41.9883#43.42#28.73#27.85
-97.4632,41.9891#43.46#28.71#27.83
-97.4046,41.9899#43.5#28.66#27.84
-97.346,41.9906#43.54#28.61#27.85
-97.2874,41.9914#43.58#28.57#27.85
-97.2287,41.9921#43.62#28.52#27.86
-97.1701,41.9928#43.66#28.47#27.87
-97.1115,41.9935#43.7#28.43#27.87
-97.0529,41.9942#43.73#28.38#27.89
-96.9943,41.9948#43.77#28.34#27.89
-96.9356,41.9955#43.81#28.29#27.9
-96.877,41.9961#43.86#28.24#27.9
-96.8184,41.9967#43.9#28.19#27.91
-96.7598,41.9972#43.94#28.14#27.92
-96.7011,41.9978#43.98#28.09#27.93
-96.6425,41.9983#44.02#28.04#27.94
-96.5839,41.9989#44.06#27.99#27.95
-96.5253,41.9994#44.1#27.94#27.96
-96.4666,41.9998#44.14#27.9#27.96
-96.408,42.0003#44.17#27.88#27.95
-96.3494,42.0007#44.21#27.85#27.94
-96.2907,42.0012#44.25#27.82#27.93
-96.2321,42.0016#44.28#27.8#27.92
-96.1735,42.002#44.32#27.77#27.91
-96.1149,42.0023#44.36#27.75#27.89
-96.0562,42.0027#44.39#27.72#27.89
-95.9976,42.003#44.43#27.69#27.88
-95.939,42.0033#44.46#27.65#27.89
-95.8803,42.0036#44.49#27.61#27.9
-95.8217,42.0039#44.53#27.57#27.9
-95.7631,42.0041#44.56#27.53#27.91
-95.7044,42.0044#44.59#27.49#27.92
-95.6458,42.0046#44.62#27.45#27.93
-95.5872,42.0048#44.65#27.41#27.94
-95.5285,42.005#44.68#27.37#27.95
-95.4699,42.0051#44.71#27.32#27.97
-95.4113,42.0053#44.74#27.26#28
-95.3526,42.0054#44.77#27.19#28.04
-95.294,42.0055#44.8#27.13#28.07
-95.2354,42.0056#44.82#27.07#28.11
-95.1767,42.0056#44.85#27.01#28.14
-95.1181,42.0057#44.88#26.95#28.17
-95.0594,42.0057#44.91#26.89#28.2
-95.0008,42.0057#44.94#26.83#28.23
-94.9422,42.0057#44.96#26.79#28.25
-94.8835,42.0057#44.99#26.74#28.27
-94.8249,42.0056#45.01#26.7#28.29
-94.7663,42.0056#45.04#26.65#28.31
-94.7076,42.0055#45.06#26.6#28.34
-94.649,42.0054#45.09#26.56#28.35
-94.5904,42.0053#45.11#26.51#28.38
-94.5317,42.0051#45.14#26.46#28.4
-94.4731,42.005#45.17#26.43#28.4
-94.4145,42.0048#45.2#26.42#28.38
-94.3558,42.0046#45.22#26.4#28.38
-94.2972,42.0044#45.25#26.39#28.36
-94.2386,42.0041#45.28#26.37#28.35
-94.1799,42.0039#45.31#26.36#28.33
-94.1213,42.0036#45.34#26.34#28.32
-94.0627,42.0033#45.37#26.33#28.3
-94.004,42.003#45.4#26.31#28.29
-93.9454,42.0027#45.43#26.35#28.22
-93.8868,42.0023#45.47#26.39#28.14
-93.8281,42.002#45.5#26.42#28.08
-93.7695,42.0016#45.53#26.46#28.01
-93.7109,42.0012#45.57#26.5#27.93
-93.6522,42.0007#45.6#26.54#27.86
-93.5936,42.0003#45.63#26.58#27.79
-93.535,41.9998#45.67#26.61#27.72
-93.4764,41.9994#45.7#26.67#27.63
-93.4177,41.9989#45.74#26.76#27.5
-93.3591,41.9983#45.78#26.85#27.37
-93.3005,41.9978#45.82#26.94#27.24
-93.2419,41.9973#45.86#27.03#27.11
-93.1832,41.9967#45.9#27.12#26.98
-93.1246,41.9961#45.94#27.2#26.86
-93.066,41.9955#45.98#27.29#26.73
-93.0074,41.9948#46.02#27.38#26.6
-92.9487,41.9942#46.06#27.51#26.43
-92.8901,41.9935#46.11#27.65#26.24
-92.8315,41.9928#46.16#27.79#26.05
-92.7729,41.9921#46.21#27.93#25.86
-92.7143,41.9914#46.25#28.07#25.68
-92.6556,41.9907#46.3#28.21#25.49
-92.597,41.9899#46.35#28.34#25.31
-92.5384,41.9891#46.4#28.48#25.12
-92.4798,41.9883#46.45#28.62#24.93
-92.4212,41.9875#46.5#28.76#24.74
-92.3626,41.9867#46.56#28.89#24.55
-92.304,41.9858#46.61#29.02#24.37
-92.2453,41.9849#46.67#29.16#24.17
-92.1867,41.984#46.72#29.29#23.99
-92.1281,41.9831#46.78#29.42#23.8
-92.0695,41.9822#46.84#29.55#23.61
-92.0109,41.9812#46.89#29.69#23.42
-91.9523,41.9803#46.95#29.76#23.29
-91.8937,41.9793#47.02#29.83#23.15
-91.8351,41.9783#47.08#29.89#23.03
-91.7765,41.9772#47.15#29.95#22.9
-91.7179,41.9762#47.21#30.02#22.77
-91.6593,41.9751#47.28#30.08#22.64
-91.6007,41.974#47.34#30.14#22.52
-91.5421,41.9729#47.41#30.2#22.39
-91.4835,41.9718#47.47#30.26#22.27
-91.4249,41.9707#47.55#30.28#22.17
-91.3663,41.9695#47.62#30.3#22.08
-91.3077,41.9684#47.69#30.32#21.99
-91.2491,41.9672#47.76#30.35#21.89
-91.1905,41.9659#47.84#30.37#21.79
-91.132,41.9647#47.91#30.39#21.7
-91.0734,41.9635#47.98#30.41#21.61
-91.0148,41.9622#48.05#30.43#21.52
-90.9562,41.9609#48.13#30.45#21.42
-90.8976,41.9596#48.21#30.45#21.34
-90.839,41.9583#48.3#30.46#21.24
-90.7805,41.9569#48.38#30.47#21.15
-90.7219,41.9555#48.46#30.48#21.06
-90.6633,41.9542#48.54#30.49#20.97
-90.6047,41.9528#48.62#30.5#20.88
-90.5462,41.9513#48.71#30.5#20.79
-90.4876,41.9499#48.79#30.51#20.7
-90.429,41.9484#48.87#30.51#20.62
-90.3704,41.947#48.95#30.51#20.54
-90.3119,41.9455#49.03#30.51#20.46
-90.2533,41.9439#49.11#30.51#20.38
-90.1948,41.9424#49.2#30.52#20.28
-90.1362,41.9409#49.28#30.52#20.2
-90.0776,41.9393#49.36#30.52#20.12
-90.0191,41.9377#49.44#30.52#20.04
-89.9605,41.9361#49.54#30.52#19.94
-89.902,41.9344#49.64#30.52#19.84
-89.8434,41.9328#49.74#30.52#19.74
-89.7849,41.9311#49.84#30.52#19.64
-89.7263,41.9294#49.94#30.51#19.55
-89.6678,41.9277#50.04#30.51#19.45
-89.6092,41.926#50.15#30.51#19.34
-89.5507,41.9243#50.25#30.51#19.24
-89.4922,41.9225#50.35#30.51#19.14
-89.4336,41.9207#50.48#30.51#19.01
-89.3751,41.9189#50.61#30.51#18.88
-89.3165,41.9171#50.73#30.5#18.77
-89.258,41.9153#50.86#30.5#18.64
-89.1995,41.9134#50.99#30.5#18.51
-89.141,41.9116#51.11#30.5#18.39
-89.0824,41.9097#51.24#30.5#18.26
-89.0239,41.9077#51.37#30.49#18.14
-88.9654,41.9058#51.49#30.49#18.02
-88.9069,41.9039#51.6#30.49#17.91
-88.8484,41.9019#51.71#30.49#17.8
-102.326,41.9021#43.62#29.21#27.17
-102.268,41.9044#43.59#29.41#27
-102.209,41.9067#43.55#29.6#26.85
-102.151,41.9091#43.51#29.8#26.69
-102.092,41.9113#43.48#30#26.52
-102.034,41.9136#43.44#30.2#26.36
-101.975,41.9159#43.41#30.34#26.25
-101.917,41.9181#43.38#30.41#26.21
-101.858,41.9203#43.36#30.48#26.16
-101.8,41.9225#43.33#30.54#26.13
-101.741,41.9247#43.3#30.61#26.09
-101.683,41.9268#43.28#30.68#26.04
-101.624,41.929#43.25#30.75#26
-101.566,41.9311#43.23#30.82#25.95
-101.507,41.9332#43.2#30.89#25.91
-101.449,41.9353#43.18#30.89#25.93
-101.39,41.9373#43.16#30.88#25.96
-101.332,41.9394#43.14#30.88#25.98
-101.273,41.9414#43.13#30.87#26
-101.214,41.9434#43.11#30.87#26.02
-101.156,41.9454#43.09#30.87#26.04
-101.097,41.9474#43.07#30.86#26.07
-101.039,41.9493#43.05#30.86#26.09
-100.98,41.9513#43.03#30.84#26.13
-100.922,41.9532#43.02#30.79#26.19
-100.863,41.9551#43.01#30.74#26.25
-100.805,41.9569#42.99#30.69#26.32
-100.746,41.9588#42.98#30.64#26.38
-100.688,41.9606#42.96#30.59#26.45
-100.629,41.9625#42.95#30.54#26.51
-100.57,41.9643#42.94#30.5#26.56
-100.512,41.966#42.92#30.45#26.63
-100.453,41.9678#42.91#30.36#26.73
-100.395,41.9695#42.9#30.27#26.83
-100.336,41.9713#42.9#30.17#26.93
-100.278,41.973#42.89#30.08#27.03
-100.219,41.9747#42.88#29.98#27.14
-100.16,41.9763#42.87#29.89#27.24
-100.102,41.978#42.86#29.8#27.34
-100.043,41.9796#42.85#29.7#27.45
-99.9847,41.9812#42.84#29.61#27.55
-99.9261,41.9828#42.84#29.52#27.64
-99.8675,41.9844#42.83#29.43#27.74
-99.8089,41.9859#42.82#29.34#27.84
-99.7504,41.9875#42.81#29.25#27.94
-99.6918,41.989#42.81#29.16#28.03
-99.6332,41.9905#42.8#29.07#28.13
-99.5746,41.992#42.79#28.97#28.24
-99.516,41.9934#42.78#28.88#28.34
-99.4574,41.9949#42.78#28.83#28.39
-99.3988,41.9963#42.78#28.78#28.44
-99.3402,41.9977#42.78#28.74#28.48
-99.2816,41.9991#42.78#28.7#28.52
-99.223,42.0004#42.78#28.66#28.56
-99.1644,42.0018#42.78#28.61#28.61
-99.1058,42.0031#42.79#28.57#28.64
-99.0472,42.0044#42.79#28.53#28.68
-98.9886,42.0057#42.79#28.49#28.72
-98.93,42.007#42.8#28.49#28.71
-98.8713,42.0082#42.82#28.48#28.7
-98.8127,42.0095#42.83#28.48#28.69
-98.7541,42.0107#42.85#28.48#28.67
-98.6955,42.0119#42.87#28.48#28.65
-98.6369,42.0131#42.88#28.47#28.65
-98.5783,42.0142#42.9#28.47#28.63
-98.5196,42.0154#42.91#28.47#28.62
-98.461,42.0165#42.93#28.48#28.59
-98.4024,42.0176#42.96#28.49#28.55
-98.3438,42.0187#42.99#28.51#28.5
-98.2851,42.0197#43.02#28.53#28.45
-98.2265,42.0208#43.04#28.54#28.42
-98.1679,42.0218#43.07#28.56#28.37
-98.1093,42.0228#43.1#28.58#28.32
-98.0506,42.0238#43.13#28.59#28.28
-97.992,42.0248#43.15#28.61#28.24
-97.9334,42.0257#43.19#28.62#28.19
-97.8747,42.0267#43.22#28.64#28.14
-97.8161,42.0276#43.26#28.66#28.08
-97.7575,42.0285#43.29#28.67#28.04
-97.6988,42.0294#43.33#28.69#27.98
-97.6402,42.0302#43.36#28.7#27.94
-97.5816,42.0311#43.4#28.72#27.88
-97.5229,42.0319#43.43#28.74#27.83
-97.4643,42.0327#43.47#28.71#27.82
-97.4056,42.0335#43.51#28.67#27.82
-97.347,42.0342#43.55#28.62#27.83
-97.2883,42.035#43.59#28.57#27.84
-97.2297,42.0357#43.63#28.53#27.84
-97.1711,42.0364#43.66#28.48#27.86
-97.1124,42.0371#43.7#28.43#27.87
-97.0538,42.0378#43.74#28.39#27.87
-96.9951,42.0384#43.78#28.34#27.88
-96.9365,42.039#43.82#28.29#27.89
-96.8778,42.0397#43.86#28.24#27.9
-96.8192,42.0402#43.9#28.19#27.91
-96.7605,42.0408#43.94#28.14#27.92
-96.7019,42.0414#43.98#28.09#27.93
-96.6432,42.0419#44.02#28.04#27.94
-96.5846,42.0424#44.06#27.99#27.95
-96.5259,42.0429#44.1#27.94#27.96
-96.4673,42.0434#44.14#27.9#27.96
-96.4086,42.0439#44.17#27.87#27.96
-96.35,42.0443#44.21#27.85#27.94
-96.2913,42.0447#44.24#27.82#27.94
-96.2326,42.0451#44.28#27.79#27.93
-96.174,42.0455#44.31#27.76#27.93
-96.1153,42.0459#44.35#27.73#27.92
-96.0567,42.0463#44.38#27.7#27.92
-95.998,42.0466#44.42#27.68#27.9
-95.9394,42.0469#44.45#27.63#27.92
-95.8807,42.0472#44.48#27.59#27.93
-95.822,42.0475#44.51#27.54#27.95
-95.7634,42.0477#44.54#27.5#27.96
-95.7047,42.0479#44.57#27.46#27.97
-95.6461,42.0482#44.6#27.41#27.99
-95.5874,42.0484#44.63#27.37#28
-95.5288,42.0485#44.66#27.32#28.02
-95.4701,42.0487#44.69#27.27#28.04
-95.4114,42.0488#44.72#27.21#28.07
-95.3528,42.049#44.75#27.15#28.1
-95.2941,42.0491#44.77#27.09#28.14
-95.2355,42.0492#44.8#27.03#28.17
-95.1768,42.0492#44.82#26.97#28.21
-95.1181,42.0493#44.85#26.9#28.25
-95.0595,42.0493#44.88#26.84#28.28
-95.0008,42.0493#44.9#26.78#28.32
-94.9422,42.0493#44.93#26.74#28.33
-94.8835,42.0493#44.95#26.7#28.35
-94.8248,42.0492#44.98#26.65#28.37
-94.7662,42.0492#45#26.61#28.39
-94.7075,42.0491#45.03#26.57#28.4
-94.6488,42.049#45.05#26.53#28.42
-94.5902,42.0488#45.08#26.48#28.44
-94.5315,42.0487#45.1#26.44#28.46
-94.4729,42.0485#45.13#26.41#28.46
-94.4142,42.0484#45.16#26.4#28.44
-94.3556,42.0482#45.18#26.38#28.44
-94.2969,42.048#45.21#26.37#28.42
-94.2382,42.0477#45.24#26.35#28.41
-94.1796,42.0475#45.27#26.34#28.39
-94.1209,42.0472#45.3#26.32#28.38
-94.0623,42.0469#45.33#26.31#28.36
-94.0036,42.0466#45.35#26.3#28.35
-93.9449,42.0463#45.39#26.33#28.28
-93.8863,42.0459#45.42#26.36#28.22
-93.8276,42.0455#45.45#26.39#28.16
-93.769,42.0452#45.49#26.42#28.09
-93.7103,42.0448#45.52#26.45#28.03
-93.6517,42.0443#45.55#26.49#27.96
-93.593,42.0439#45.58#26.52#27.9
-93.5344,42.0434#45.62#26.55#27.83
-93.4757,42.0429#45.65#26.61#27.74
-93.4171,42.0424#45.69#26.69#27.62
-93.3584,42.0419#45.73#26.78#27.49
-93.2997,42.0414#45.77#26.87#27.36
-93.2411,42.0408#45.81#26.96#27.23
-93.1824,42.0403#45.85#27.04#27.11
-93.1238,42.0397#45.89#27.13#26.98
-93.0651,42.0391#45.93#27.22#26.85
-93.0065,42.0384#45.96#27.3#26.74
-92.9479,42.0378#46.01#27.43#26.56
-92.8892,42.0371#46.06#27.56#26.38
-92.8306,42.0364#46.1#27.7#26.2
-92.7719,42.0357#46.15#27.83#26.02
-92.7133,42.035#46.2#27.96#25.84
-92.6546,42.0342#46.24#28.09#25.67
-92.596,42.0335#46.29#28.23#25.48
-92.5373,42.0327#46.34#28.36#25.3
-92.4787,42.0319#46.39#28.5#25.11
-92.4201,42.0311#46.44#28.63#24.93
-92.3614,42.0302#46.5#28.77#24.73
-92.3028,42.0294#46.55#28.91#24.54
-92.2442,42.0285#46.61#29.05#24.34
-92.1855,42.0276#46.66#29.19#24.15
-92.1269,42.0267#46.72#29.33#23.95
-92.0682,42.0258#46.77#29.47#23.76
-92.0096,42.0248#46.83#29.61#23.56
-91.951,42.0238#46.89#29.69#23.42
-91.8924,42.0229#46.95#29.76#23.29
-91.8337,42.0218#47.02#29.83#23.15
-91.7751,42.0208#47.08#29.9#23.02
-91.7165,42.0198#47.15#29.97#22.88
-91.6578,42.0187#47.21#30.03#22.76
-91.5992,42.0176#47.28#30.1#22.62
-91.5406,42.0165#47.34#30.17#22.49
-91.482,42.0154#47.41#30.23#22.36
-91.4234,42.0143#47.48#30.25#22.27
-91.3647,42.0131#47.55#30.27#22.18
-91.3061,42.0119#47.62#30.3#22.08
-91.2475,42.0107#47.69#30.32#21.99
-91.1889,42.0095#47.77#30.35#21.88
-91.1303,42.0083#47.84#30.37#21.79
-91.0717,42.007#47.91#30.39#21.7
-91.0131,42.0058#47.98#30.42#21.6
-90.9544,42.0045#48.06#30.43#21.51
-90.8958,42.0032#48.14#30.44#21.42
-90.8372,42.0018#48.22#30.45#21.33
-90.7786,42.0005#48.3#30.46#21.24
-90.72,41.9991#48.38#30.47#21.15
-90.6614,41.9977#48.46#30.48#21.06
-90.6028,41.9963#48.54#30.49#20.97
-90.5442,41.9949#48.62#30.49#20.89
-90.4856,41.9935#48.71#30.5#20.79
-90.427,41.992#48.79#30.5#20.71
-90.3684,41.9905#48.87#30.5#20.63
-90.3099,41.989#48.95#30.51#20.54
-90.2513,41.9875#49.03#30.51#20.46
-90.1927,41.986#49.11#30.51#20.38
-90.1341,41.9844#49.19#30.51#20.3
-90.0755,41.9828#49.28#30.51#20.21
-90.0169,41.9813#49.36#30.51#20.13
-89.9583,41.9796#49.45#30.51#20.04
-89.8998,41.978#49.55#30.51#19.94
-89.8412,41.9764#49.65#30.51#19.84
-89.7826,41.9747#49.75#30.51#19.74
-89.724,41.973#49.85#30.51#19.64
-89.6655,41.9713#49.95#30.51#19.54
-89.6069,41.9696#50.04#30.51#19.45
-89.5483,41.9678#50.14#30.51#19.35
-89.4898,41.9661#50.25#30.51#19.24
-89.4312,41.9643#50.37#30.5#19.13
-89.3726,41.9625#50.49#30.5#19.01
-89.3141,41.9607#50.61#30.5#18.89
-89.2555,41.9588#50.74#30.5#18.76
-89.197,41.957#50.86#30.5#18.64
-89.1384,41.9551#50.98#30.49#18.53
-89.0799,41.9532#51.11#30.49#18.4
-89.0213,41.9513#51.23#30.49#18.28
-88.9628,41.9494#51.35#30.49#18.16
-88.9042,41.9474#51.46#30.49#18.05
-88.8457,41.9455#51.58#30.48#17.94
-88.7872,41.9435#51.69#30.48#17.83
-88.7286,41.9415#51.8#30.48#17.72
-88.6701,41.9394#51.92#30.48#17.6
-88.6116,41.9374#52.03#30.48#17.49
-88.553,41.9353#52.14#30.48#17.38
-88.4945,41.9333#52.26#30.47#17.27
-88.436,41.9312#52.37#30.47#17.16
-88.3775,41.929#52.49#30.47#17.04
-88.3189,41.9269#52.61#30.47#16.92
-88.2604,41.9247#52.72#30.47#16.81
-88.2019,41.9226#52.84#30.47#16.69
-88.1434,41.9204#52.95#30.47#16.58
-88.0849,41.9182#53.07#30.46#16.47
-88.0264,41.9159#53.19#30.46#16.35
-87.9679,41.9137#53.29#30.46#16.25
-87.9094,41.9114#53.39#30.46#16.15
-87.8509,41.9091#53.49#30.46#16.05
-87.7924,41.9068#53.59#30.46#15.95
-87.7339,41.9045#53.69#30.46#15.85
-87.6754,41.9021#53.79#30.46#15.75
-103.382,41.9002#44.7#26.59#28.71
-103.324,41.9029#44.63#26.63#28.74
-103.265,41.9055#44.56#26.66#28.78
-103.207,41.9082#44.49#26.7#28.81
-103.148,41.9108#44.42#26.73#28.85
-103.09,41.9134#44.35#26.76#28.89
-103.031,41.916#44.28#26.8#28.92
-102.973,41.9186#44.22#26.91#28.87
-102.914,41.9211#44.17#27.12#28.71
-102.856,41.9237#44.11#27.33#28.56
-102.797,41.9262#44.06#27.54#28.4
-102.739,41.9287#44.01#27.75#28.24
-102.68,41.9311#43.96#27.96#28.08
-102.622,41.9336#43.9#28.17#27.93
-102.563,41.936#43.85#28.38#27.77
-102.505,41.9385#43.8#28.58#27.62
-102.446,41.9409#43.76#28.78#27.46
-102.388,41.9433#43.72#28.98#27.3
-102.329,41.9456#43.68#29.18#27.14
-102.271,41.948#43.65#29.37#26.98
-102.212,41.9503#43.61#29.57#26.82
-102.154,41.9526#43.57#29.76#26.67
-102.095,41.9549#43.54#29.96#26.5
-102.037,41.9572#43.5#30.15#26.35
-101.978,41.9594#43.47#30.3#26.23
-101.92,41.9616#43.44#30.37#26.19
-101.861,41.9639#43.41#30.44#26.15
-101.803,41.9661#43.39#30.51#26.1
-101.744,41.9682#43.36#30.57#26.07
-101.686,41.9704#43.33#30.64#26.03
-101.627,41.9725#43.31#30.71#25.98
-101.568,41.9746#43.28#30.78#25.94
-101.51,41.9767#43.25#30.84#25.91
-101.451,41.9788#43.23#30.85#25.92
-101.393,41.9809#43.22#30.85#25.93
-101.334,41.9829#43.2#30.85#25.95
-101.276,41.985#43.18#30.86#25.96
-101.217,41.987#43.16#30.86#25.98
-101.159,41.989#43.14#30.86#26
-101.1,41.9909#43.12#30.86#26.02
-101.041,41.9929#43.1#30.86#26.04
-100.983,41.9948#43.08#30.85#26.07
-100.924,41.9967#43.07#30.81#26.12
-100.866,41.9986#43.05#30.76#26.19
-100.807,42.0005#43.04#30.71#26.25
-100.749,42.0023#43.03#30.66#26.31
-100.69,42.0042#43.01#30.62#26.37
-100.631,42.006#43#30.57#26.43
-100.573,42.0078#42.98#30.52#26.5
-100.514,42.0096#42.97#30.48#26.55
-100.456,42.0113#42.96#30.4#26.64
-100.397,42.0131#42.95#30.31#26.74
-100.338,42.0148#42.94#30.22#26.84
-100.28,42.0165#42.93#30.13#26.94
-100.221,42.0182#42.92#30.04#27.04
-100.163,42.0199#42.91#29.95#27.14
-100.104,42.0215#42.9#29.86#27.24
-100.045,42.0232#42.89#29.77#27.34
-99.9869,42.0248#42.88#29.68#27.44
-99.9282,42.0264#42.88#29.59#27.53
-99.8696,42.0279#42.87#29.5#27.63
-99.811,42.0295#42.86#29.4#27.74
-99.7524,42.031#42.85#29.31#27.84
-99.6938,42.0325#42.85#29.21#27.94
-99.6352,42.034#42.84#29.12#28.04
-99.5766,42.0355#42.83#29.03#28.14
-99.5179,42.037#42.82#28.93#28.25
-99.4593,42.0384#42.82#28.87#28.31
-99.4007,42.0398#42.82#28.83#28.35
-99.3421,42.0413#42.82#28.78#28.4
-99.2834,42.0426#42.82#28.73#28.45
-99.2248,42.044#42.82#28.69#28.49
-99.1662,42.0454#42.82#28.64#28.54
-99.1076,42.0467#42.82#28.6#28.58
-99.0489,42.048#42.82#28.55#28.63
-98.9903,42.0493#42.82#28.51#28.67
-98.9317,42.0506#42.83#28.51#28.66
-98.873,42.0518#42.85#28.51#28.64
-98.8144,42.053#42.86#28.5#28.64
-98.7557,42.0543#42.88#28.5#28.62
-98.6971,42.0555#42.89#28.5#28.61
-98.6385,42.0566#42.91#28.5#28.59
-98.5798,42.0578#42.92#28.49#28.59
-98.5212,42.0589#42.93#28.49#28.58
-98.4625,42.0601#42.96#28.5#28.54
-98.4039,42.0612#42.98#28.52#28.5
-98.3452,42.0622#43.01#28.53#28.46
-98.2866,42.0633#43.04#28.55#28.41
-98.2279,42.0644#43.06#28.57#28.37
-98.1693,42.0654#43.09#28.58#28.33
-98.1106,42.0664#43.12#28.6#28.28
-98.052,42.0674#43.14#28.61#28.25
-97.9933,42.0684#43.17#28.63#28.2
-97.9346,42.0693#43.21#28.65#28.14
-97.876,42.0702#43.24#28.66#28.1
-97.8173,42.0712#43.27#28.67#28.06
-97.7587,42.072#43.31#28.69#28
-97.7,42.0729#43.34#28.7#27.96
-97.6413,42.0738#43.38#28.72#27.9
-97.5827,42.0746#43.41#28.73#27.86
-97.524,42.0754#43.44#28.75#27.81
-97.4653,42.0762#43.48#28.72#27.8
-97.4067,42.077#43.52#28.68#27.8
-97.348,42.0778#43.56#28.63#27.81
-97.2893,42.0785#43.6#28.58#27.82
-97.2307,42.0793#43.63#28.53#27.84
-97.172,42.08#43.67#28.49#27.84
-97.1133,42.0807#43.71#28.44#27.85
-97.0547,42.0813#43.75#28.39#27.86
-96.996,42.082#43.79#28.35#27.86
-96.9373,42.0826#43.83#28.3#27.87
-96.8786,42.0832#43.87#28.25#27.88
-96.82,42.0838#43.9#28.19#27.91
-96.7613,42.0844#43.94#28.14#27.92
-96.7026,42.0849#43.98#28.09#27.93
-96.6439,42.0855#44.02#28.04#27.94
-96.5853,42.086#44.06#27.99#27.95
-96.5266,42.0865#44.1#27.94#27.96
-96.4679,42.087#44.14#27.9#27.96
-96.4092,42.0874#44.17#27.87#27.96
-96.3505,42.0879#44.2#27.84#27.96
-96.2919,42.0883#44.24#27.81#27.95
-96.2332,42.0887#44.27#27.78#27.95
-96.1745,42.0891#44.31#27.75#27.94
-96.1158,42.0895#44.34#27.72#27.94
-96.0571,42.0898#44.38#27.69#27.93
-95.9985,42.0902#44.41#27.66#27.93
-95.9398,42.0905#44.44#27.61#27.95
-95.8811,42.0908#44.47#27.56#27.97
-95.8224,42.091#44.5#27.52#27.98
-95.7637,42.0913#44.53#27.47#28
-95.705,42.0915#44.56#27.42#28.02
-95.6463,42.0917#44.59#27.38#28.03
-95.5877,42.0919#44.61#27.33#28.06
-95.529,42.0921#44.64#27.28#28.08
-95.4703,42.0923#44.67#27.23#28.1
-95.4116,42.0924#44.7#27.17#28.13
-95.3529,42.0925#44.72#27.1#28.18
-95.2942,42.0926#44.75#27.04#28.21
-95.2356,42.0927#44.77#26.98#28.25
-95.1769,42.0928#44.8#26.92#28.28
-95.1182,42.0928#44.82#26.85#28.33
-95.0595,42.0929#44.85#26.79#28.36
-95.0008,42.0929#44.87#26.73#28.4
-94.9421,42.0929#44.9#26.69#28.41
-94.8834,42.0928#44.92#26.65#28.43
-94.8248,42.0928#44.94#26.61#28.45
-94.7661,42.0927#44.97#26.57#28.46
-94.7074,42.0926#44.99#26.53#28.48
-94.6487,42.0925#45.02#26.5#28.48
-94.59,42.0924#45.04#26.46#28.5
-94.5313,42.0923#45.06#26.42#28.52
-94.4726,42.0921#45.09#26.39#28.52
-94.414,42.0919#45.12#26.38#28.5
-94.3553,42.0917#45.14#26.36#28.5
-94.2966,42.0915#45.17#26.35#28.48
-94.2379,42.0913#45.2#26.33#28.47
-94.1792,42.091#45.23#26.32#28.45
-94.1205,42.0908#45.25#26.31#28.44
-94.0619,42.0905#45.28#26.29#28.43
-94.0032,42.0902#45.31#26.28#28.41
-93.9445,42.0898#45.34#26.3#28.36
-93.8858,42.0895#45.37#26.33#28.3
-93.8271,42.0891#45.41#26.35#28.24
-93.7684,42.0887#45.44#26.38#28.18
-93.7098,42.0883#45.47#26.41#28.12
-93.6511,42.0879#45.5#26.43#28.07
-93.5924,42.0875#45.54#26.46#28
-93.5337,42.087#45.57#26.49#27.94
-93.475,42.0865#45.6#26.54#27.86
-93.4164,42.086#45.64#26.63#27.73
-93.3577,42.0855#45.68#26.71#27.61
-93.299,42.085#45.72#26.8#27.48
-93.2403,42.0844#45.76#26.88#27.36
-93.1817,42.0838#45.8#26.97#27.23
-93.123,42.0832#45.83#27.06#27.11
-93.0643,42.0826#45.87#27.14#26.99
-93.0056,42.082#45.91#27.23#26.86
-92.947,42.0813#45.96#27.35#26.69
-92.8883,42.0807#46#27.48#26.52
-92.8296,42.08#46.05#27.6#26.35
-92.771,42.0793#46.09#27.73#26.18
-92.7123,42.0786#46.14#27.85#26.01
-92.6536,42.0778#46.19#27.98#25.83
-92.5949,42.077#46.23#28.11#25.66
-92.5363,42.0763#46.28#28.24#25.48
-92.4776,42.0755#46.33#28.37#25.3
-92.4189,42.0746#46.38#28.51#25.11
-92.3603,42.0738#46.44#28.66#24.9
-92.3016,42.0729#46.49#28.8#24.71
-92.243,42.0721#46.55#28.95#24.5
-92.1843,42.0712#46.6#29.09#24.31
-92.1256,42.0703#46.66#29.24#24.1
-92.067,42.0693#46.71#29.38#23.91
-92.0083,42.0684#46.77#29.53#23.7
-91.9497,42.0674#46.83#29.61#23.56
-91.891,42.0664#46.89#29.69#23.42
-91.8324,42.0654#46.96#29.76#23.28
-91.7737,42.0644#47.02#29.84#23.14
-91.7151,42.0633#47.08#29.91#23.01
-91.6564,42.0623#47.15#29.99#22.86
-91.5978,42.0612#47.21#30.06#22.73
-91.5391,42.0601#47.27#30.14#22.59
-91.4805,42.059#47.34#30.2#22.46
-91.4218,42.0578#47.41#30.22#22.37
-91.3632,42.0567#47.48#30.25#22.27
-91.3045,42.0555#47.55#30.27#22.18
-91.2459,42.0543#47.62#30.3#22.08
-91.1872,42.0531#47.69#30.33#21.98
-91.1286,42.0518#47.77#30.35#21.88
-91.07,42.0506#47.84#30.38#21.78
-91.0113,42.0493#47.91#30.4#21.69
-90.9527,42.048#47.99#30.42#21.59
-90.8941,42.0467#48.07#30.43#21.5
-90.8354,42.0454#48.14#30.44#21.42
-90.7768,42.044#48.22#30.45#21.33
-90.7182,42.0427#48.3#30.46#21.24
-90.6595,42.0413#48.38#30.47#21.15
-90.6009,42.0399#48.46#30.48#21.06
-90.5423,42.0385#48.54#30.49#20.97
-90.4837,42.037#48.62#30.49#20.89
-90.4251,42.0356#48.7#30.49#20.81
-90.3664,42.0341#48.78#30.5#20.72
-90.3078,42.0326#48.87#30.5#20.63
-90.2492,42.0311#48.95#30.5#20.55
-90.1906,42.0295#49.03#30.5#20.47
-90.132,42.028#49.11#30.5#20.39
-90.0734,42.0264#49.19#30.51#20.3
-90.0148,42.0248#49.27#30.51#20.22
-89.9562,42.0232#49.36#30.51#20.13
-89.8976,42.0216#49.46#30.51#20.03
-89.839,42.0199#49.56#30.51#19.93
-89.7804,42.0183#49.65#30.51#19.84
-89.7218,42.0166#49.75#30.5#19.75
-89.6632,42.0149#49.85#30.5#19.65
-89.6046,42.0131#49.94#30.5#19.56
-89.546,42.0114#50.04#30.5#19.46
-89.4874,42.0096#50.14#30.5#19.36
-89.4288,42.0079#50.26#30.5#19.24
-89.3702,42.0061#50.38#30.5#19.12
-89.3116,42.0042#50.49#30.5#19.01
-89.253,42.0024#50.61#30.49#18.9
-89.1945,42.0005#50.73#30.49#18.78
-89.1359,41.9987#50.85#30.49#18.66
-89.0773,41.9968#50.97#30.49#18.54
-89.0187,41.9949#51.09#30.49#18.42
-88.9602,41.9929#51.21#30.48#18.31
-88.9016,41.991#51.32#30.48#18.2
-88.843,41.989#51.44#30.48#18.08
-88.7845,41.987#51.56#30.48#17.96
-88.7259,41.985#51.67#30.48#17.85
-88.6674,41.983#51.79#30.48#17.73
-88.6088,41.9809#51.9#30.47#17.63
-88.5502,41.9789#52.02#30.47#17.51
-88.4917,41.9768#52.14#30.47#17.39
-88.4331,41.9747#52.25#30.47#17.28
-88.3746,41.9726#52.37#30.47#17.16
-88.3161,41.9704#52.49#30.47#17.04
-88.2575,41.9683#52.61#30.46#16.93
-88.199,41.9661#52.72#30.46#16.82
-88.1404,41.9639#52.84#30.46#16.7
-88.0819,41.9617#52.96#30.46#16.58
-88.0234,41.9595#53.08#30.46#16.46
-87.9648,41.9572#53.18#30.46#16.36
-87.9063,41.955#53.28#30.46#16.26
-87.8478,41.9527#53.38#30.46#16.16
-87.7893,41.9504#53.48#30.46#16.06
-87.7307,41.948#53.58#30.45#15.97
-87.6722,41.9457#53.68#30.45#15.87
-87.6137,41.9433#53.78#30.45#15.77
-87.5552,41.9409#53.88#30.45#15.67
-87.4967,41.9385#53.98#30.45#15.57
-87.4382,41.9361#54.07#30.45#15.48
-87.3797,41.9337#54.16#30.45#15.39
-87.3212,41.9312#54.25#30.45#15.3
-87.2627,41.9287#54.34#30.45#15.21
-87.2042,41.9262#54.43#30.45#15.12
-87.1457,41.9237#54.52#30.45#15.03
-87.0872,41.9212#54.61#30.45#14.94
-87.0287,41.9186#54.7#30.45#14.85
-86.9703,41.9161#54.78#30.47#14.75
-86.9118,41.9135#54.85#30.52#14.63
-86.8533,41.9109#54.92#30.57#14.51
-86.7948,41.9082#54.99#30.61#14.4
-86.7364,41.9056#55.07#30.66#14.27
-86.6779,41.9029#55.14#30.71#14.15
-86.6194,41.9003#55.21#30.76#14.03
-104.263,41.9012#46.22#26.21#27.57
-104.204,41.9041#46.1#26.23#27.67
-104.146,41.9071#45.98#26.24#27.78
-104.087,41.91#45.86#26.26#27.88
-104.029,41.9129#45.74#26.27#27.99
-103.971,41.9158#45.64#26.3#28.06
-103.912,41.9187#45.55#26.33#28.12
-103.854,41.9215#45.46#26.36#28.18
-103.795,41.9244#45.36#26.39#28.25
-103.737,41.9272#45.27#26.42#28.31
-103.678,41.93#45.18#26.45#28.37
-103.62,41.9328#45.09#26.48#28.43
-103.561,41.9355#45#26.51#28.49
-103.503,41.9383#44.91#26.55#28.54
-103.444,41.941#44.84#26.58#28.58
-103.386,41.9437#44.77#26.61#28.62
-103.327,41.9464#44.7#26.64#28.66
-103.269,41.9491#44.63#26.68#28.69
-103.21,41.9517#44.56#26.71#28.73
-103.152,41.9543#44.49#26.74#28.77
-103.093,41.9569#44.42#26.77#28.81
-103.035,41.9595#44.35#26.8#28.85
-102.976,41.9621#44.29#26.91#28.8
-102.918,41.9647#44.23#27.11#28.66
-102.859,41.9672#44.18#27.32#28.5
-102.801,41.9697#44.13#27.53#28.34
-102.742,41.9722#44.07#27.74#28.19
-102.684,41.9747#44.02#27.94#28.04
-102.625,41.9771#43.97#28.15#27.88
-102.567,41.9796#43.91#28.35#27.74
-102.508,41.982#43.86#28.56#27.58
-102.45,41.9844#43.82#28.75#27.43
-102.391,41.9868#43.78#28.95#27.27
-102.333,41.9892#43.75#29.14#27.11
-102.274,41.9915#43.71#29.34#26.95
-102.215,41.9938#43.67#29.53#26.8
-102.157,41.9961#43.63#29.73#26.64
-102.098,41.9984#43.6#29.92#26.48
-102.04,42.0007#43.56#30.11#26.33
-101.981,42.0029#43.52#30.27#26.21
-101.923,42.0052#43.5#30.33#26.17
-101.864,42.0074#43.47#30.4#26.13
-101.806,42.0096#43.44#30.47#26.09
-101.747,42.0118#43.42#30.53#26.05
-101.688,42.0139#43.39#30.6#26.01
-101.63,42.0161#43.36#30.67#25.97
-101.571,42.0182#43.34#30.73#25.93
-101.513,42.0203#43.31#30.8#25.89
-101.454,42.0224#43.29#30.82#25.89
-101.396,42.0244#43.27#30.82#25.91
-101.337,42.0265#43.25#30.83#25.92
-101.278,42.0285#43.23#30.84#25.93
-101.22,42.0305#43.21#30.84#25.95
-101.161,42.0325#43.19#30.85#25.96
-101.103,42.0345#43.17#30.86#25.97
-101.044,42.0364#43.15#30.87#25.98
-100.985,42.0384#43.13#30.86#26.01
-100.927,42.0403#43.12#30.82#26.06
-100.868,42.0422#43.1#30.77#26.13
-100.81,42.044#43.09#30.73#26.18
-100.751,42.0459#43.07#30.68#26.25
-100.692,42.0477#43.06#30.64#26.3
-100.634,42.0495#43.04#30.59#26.37
-100.575,42.0513#43.03#30.55#26.42
-100.517,42.0531#43.01#30.51#26.48
-100.458,42.0549#43#30.43#26.57
-100.399,42.0566#42.99#30.35#26.66
-100.341,42.0584#42.98#30.26#26.76
-100.282,42.0601#42.97#30.18#26.85
-100.224,42.0618#42.96#30.09#26.95
-100.165,42.0634#42.96#30.01#27.03
-100.106,42.0651#42.95#29.92#27.13
-100.048,42.0667#42.94#29.84#27.22
-99.989,42.0683#42.93#29.75#27.32
-99.9304,42.0699#42.92#29.66#27.42
-99.8717,42.0715#42.91#29.56#27.53
-99.8131,42.073#42.9#29.47#27.63
-99.7545,42.0746#42.89#29.37#27.74
-99.6958,42.0761#42.89#29.27#27.84
-99.6372,42.0776#42.88#29.17#27.95
-99.5785,42.0791#42.87#29.08#28.05
-99.5199,42.0805#42.86#28.98#28.16
-99.4613,42.082#42.86#28.91#28.23
-99.4026,42.0834#42.86#28.87#28.27
-99.344,42.0848#42.85#28.82#28.33
-99.2853,42.0862#42.85#28.77#28.38
-99.2266,42.0876#42.85#28.72#28.43
-99.168,42.0889#42.85#28.68#28.47
-99.1093,42.0902#42.85#28.63#28.52
-99.0507,42.0915#42.85#28.58#28.57
-98.992,42.0928#42.85#28.54#28.61
-98.9334,42.0941#42.87#28.53#28.6
-98.8747,42.0954#42.88#28.53#28.59
-98.816,42.0966#42.89#28.53#28.58
-98.7574,42.0978#42.91#28.53#28.56
-98.6987,42.099#42.92#28.52#28.56
-98.64,42.1002#42.93#28.52#28.55
-98.5814,42.1013#42.95#28.52#28.53
-98.5227,42.1025#42.96#28.51#28.53
-98.464,42.1036#42.98#28.52#28.5
-98.4053,42.1047#43.01#28.54#28.45
-98.3467,42.1058#43.03#28.56#28.41
-98.288,42.1069#43.06#28.57#28.37
-98.2293,42.1079#43.08#28.59#28.33
-98.1706,42.1089#43.11#28.6#28.29
-98.112,42.1099#43.14#28.62#28.24
-98.0533,42.1109#43.16#28.64#28.2
-97.9946,42.1119#43.19#28.65#28.16
-97.9359,42.1129#43.22#28.67#28.11
-97.8772,42.1138#43.26#28.68#28.06
-97.8185,42.1147#43.29#28.69#28.02
-97.7599,42.1156#43.32#28.7#27.98
-97.7012,42.1165#43.36#28.72#27.92
-97.6425,42.1173#43.39#28.73#27.88
-97.5838,42.1182#43.42#28.74#27.84
-97.5251,42.119#43.45#28.75#27.8
-97.4664,42.1198#43.49#28.73#27.78
-97.4077,42.1206#43.53#28.68#27.79
-97.349,42.1213#43.57#28.64#27.79
-97.2903,42.1221#43.6#28.59#27.81
-97.2316,42.1228#43.64#28.54#27.82
-97.1729,42.1235#43.68#28.49#27.83
-97.1142,42.1242#43.72#28.45#27.83
-97.0555,42.1249#43.76#28.4#27.84
-96.9968,42.1255#43.79#28.35#27.86
-96.9381,42.1262#43.83#28.3#27.87
-96.8794,42.1268#43.87#28.25#27.88
-96.8207,42.1274#43.91#28.2#27.89
-96.762,42.1279#43.95#28.15#27.9
-96.7033,42.1285#43.99#28.1#27.91
-96.6446,42.129#44.02#28.05#27.93
-96.5859,42.1296#44.06#28#27.94
-96.5272,42.1301#44.1#27.94#27.96
-96.4685,42.1305#44.14#27.9#27.96
-96.4098,42.131#44.17#27.87#27.96
-96.3511,42.1314#44.2#27.84#27.96
-96.2924,42.1319#44.23#27.8#27.97
-96.2337,42.1323#44.27#27.77#27.96
-96.175,42.1327#44.3#27.74#27.96
-96.1163,42.133#44.33#27.71#27.96
-96.0576,42.1334#44.37#27.67#27.96
-95.9989,42.1337#44.4#27.64#27.96
-95.9402,42.134#44.43#27.59#27.98
-95.8815,42.1343#44.46#27.54#28
-95.8228,42.1346#44.48#27.49#28.03
-95.764,42.1348#44.51#27.44#28.05
-95.7053,42.1351#44.54#27.39#28.07
-95.6466,42.1353#44.57#27.34#28.09
-95.5879,42.1355#44.6#27.29#28.11
-95.5292,42.1357#44.62#27.24#28.14
-95.4705,42.1358#44.65#27.18#28.17
-95.4118,42.136#44.67#27.12#28.21
-95.3531,42.1361#44.7#27.06#28.24
-95.2944,42.1362#44.72#26.99#28.29
-95.2357,42.1363#44.74#26.93#28.33
-95.1769,42.1364#44.77#26.87#28.36
-95.1182,42.1364#44.79#26.8#28.41
-95.0595,42.1364#44.82#26.74#28.44
-95.0008,42.1364#44.84#26.68#28.48
-94.9421,42.1364#44.86#26.64#28.5
