-98.7639,35.9007#37.65#30.31#32.04
-98.7086,35.902#37.87#30.31#31.82
-98.6532,35.9032#38.1#30.3#31.6
-98.5979,35.9044#38.32#30.3#31.38
-98.5426,35.9056#38.54#30.29#31.17
-98.4873,35.9067#38.76#30.29#30.95
-98.432,35.9079#38.98#30.28#30.74
-98.3767,35.909#39.19#30.27#30.54
-98.3213,35.9101#39.41#30.26#30.33
-98.266,35.9112#39.63#30.26#30.11
-98.2107,35.9123#39.84#30.25#29.91
-98.1554,35.9133#40.06#30.24#29.7
-98.1,35.9143#40.28#30.24#29.48
-98.0447,35.9154#40.49#30.23#29.28
-97.9894,35.9164#40.71#30.22#29.07
-97.9341,35.9173#40.9#30.23#28.87
-97.8787,35.9183#41.1#30.23#28.67
-97.8234,35.9192#41.29#30.24#28.47
-97.7681,35.9202#41.49#30.24#28.27
-97.7127,35.9211#41.69#30.24#28.07
-97.6574,35.922#41.88#30.25#27.87
-97.6021,35.9228#42.08#30.25#27.67
-97.5467,35.9237#42.27#30.25#27.48
-97.4914,35.9245#42.47#30.26#27.27
-97.4361,35.9253#42.66#30.26#27.08
-97.3807,35.9261#42.86#30.25#26.89
-97.3254,35.9269#43.05#30.25#26.7
-97.2701,35.9277#43.25#30.25#26.5
-97.2147,35.9284#43.44#30.25#26.31
-97.1594,35.9291#43.64#30.25#26.11
-97.104,35.9298#43.83#30.25#25.92
-97.0487,35.9305#44.03#30.24#25.73
-96.9934,35.9312#44.22#30.24#25.54
-96.938,35.9318#44.41#30.26#25.33
-96.8827,35.9325#44.6#30.27#25.13
-96.8273,35.9331#44.8#30.28#24.92
-96.772,35.9337#44.99#30.29#24.72
-96.7166,35.9342#45.18#30.3#24.52
-96.6613,35.9348#45.37#30.32#24.31
-96.606,35.9353#45.56#30.33#24.11
-96.5506,35.9359#45.75#30.34#23.91
-96.4953,35.9364#45.95#30.36#23.69
-96.4399,35.9369#46.13#30.39#23.48
-96.3846,35.9373#46.32#30.43#23.25
-96.3292,35.9378#46.51#30.46#23.03
-96.2739,35.9382#46.7#30.49#22.81
-96.2185,35.9386#46.89#30.53#22.58
-96.1632,35.939#47.08#30.56#22.36
-96.1078,35.9394#47.26#30.6#22.14
-96.0525,35.9397#47.45#30.63#21.92
-95.9971,35.9401#47.64#30.67#21.69
-95.9418,35.9404#47.85#30.68#21.47
-95.8864,35.9407#48.07#30.7#21.23
-95.8311,35.941#48.28#30.72#21
-95.7757,35.9412#48.49#30.74#20.77
-95.7204,35.9415#48.71#30.76#20.53
-95.665,35.9417#48.92#30.77#20.31
-95.6097,35.9419#49.13#30.79#20.08
-95.5543,35.9421#49.35#30.81#19.84
-95.4989,35.9423#49.56#30.83#19.61
-95.4436,35.9425#49.78#30.81#19.41
-95.3882,35.9426#50#30.8#19.2
-95.3329,35.9427#50.22#30.79#18.99
-95.2775,35.9428#50.44#30.78#18.78
-95.2222,35.9429#50.66#30.77#18.57
-95.1668,35.943#50.88#30.76#18.36
-95.1115,35.943#51.1#30.75#18.15
-95.0561,35.943#51.33#30.74#17.93
-95.0008,35.943#51.55#30.72#17.73
-94.9454,35.943#51.67#30.72#17.61
-94.8901,35.943#51.8#30.71#17.49
-94.8347,35.943#51.93#30.71#17.36
-94.7793,35.9429#52.05#30.7#17.25
-94.724,35.9428#52.18#30.69#17.13
-94.6686,35.9427#52.31#30.69#17
-94.6133,35.9426#52.43#30.68#16.89
-94.5579,35.9425#52.56#30.68#16.76
-94.5026,35.9423#52.69#30.67#16.64
-94.4472,35.9421#52.79#30.66#16.55
-94.3919,35.9419#52.89#30.66#16.45
-94.3365,35.9417#52.99#30.65#16.36
-94.2812,35.9415#53.09#30.65#16.26
-94.2258,35.9413#53.19#30.64#16.17
-94.1705,35.941#53.29#30.64#16.07
-94.1151,35.9407#53.39#30.63#15.98
-94.0598,35.9404#53.49#30.63#15.88
-94.0044,35.9401#53.6#30.62#15.78
-93.9491,35.9397#53.69#30.62#15.69
-93.8937,35.9394#53.77#30.61#15.62
-93.8384,35.939#53.86#30.61#15.53
-93.783,35.9386#53.95#30.61#15.44
-93.7277,35.9382#54.04#30.6#15.36
-93.6723,35.9378#54.13#30.6#15.27
-93.617,35.9373#54.22#30.6#15.18
-93.5616,35.9369#54.31#30.59#15.1
-93.5063,35.9364#54.4#30.59#15.01
-93.4509,35.9359#54.48#30.58#14.94
-93.3956,35.9354#54.56#30.58#14.86
-93.3402,35.9348#54.64#30.58#14.78
-93.2849,35.9343#54.72#30.58#14.7
-93.2295,35.9337#54.81#30.57#14.62
-93.1742,35.9331#54.89#30.57#14.54
-93.1189,35.9325#54.97#30.57#14.46
-93.0635,35.9318#55.05#30.56#14.39
-93.0082,35.9312#55.13#30.56#14.31
-92.9528,35.9305#55.2#30.54#14.26
-92.8975,35.9298#55.28#30.53#14.19
-92.8421,35.9291#55.35#30.51#14.14
-92.7868,35.9284#55.42#30.49#14.09
-92.7315,35.9277#55.49#30.47#14.04
-92.6761,35.9269#55.56#30.45#13.99
-92.6208,35.9261#55.63#30.43#13.94
-92.5655,35.9253#55.7#30.42#13.88
-92.5101,35.9245#55.78#30.4#13.82
-92.4548,35.9237#55.85#30.39#13.76
-92.3994,35.9228#55.91#30.38#13.71
-92.3441,35.922#55.98#30.37#13.65
-92.2888,35.9211#56.05#30.36#13.59
-92.2335,35.9202#56.12#30.36#13.52
-92.1781,35.9193#56.19#30.35#13.46
-92.1228,35.9183#56.26#30.34#13.4
-92.0675,35.9174#56.33#30.33#13.34
-92.0121,35.9164#56.4#30.33#13.27
-91.9568,35.9154#56.47#30.34#13.19
-91.9015,35.9144#56.53#30.37#13.1
-91.8462,35.9133#56.6#30.39#13.01
-91.7908,35.9123#56.67#30.42#12.91
-91.7355,35.9112#56.73#30.45#12.82
-91.6802,35.9101#56.8#30.47#12.73
-91.6249,35.909#56.87#30.5#12.63
-91.5696,35.9079#56.93#30.52#12.55
-91.5142,35.9068#57#30.55#12.45
-91.4589,35.9056#57.06#30.57#12.37
-91.4036,35.9044#57.12#30.58#12.3
-91.3483,35.9032#57.17#30.6#12.23
-91.293,35.902#57.23#30.61#12.16
-91.2377,35.9008#57.28#30.62#12.1
-100.425,35.9#31.92#32.09#35.99
-100.369,35.9018#32.04#31.99#35.97
-100.314,35.9035#32.16#31.89#35.95
-100.259,35.9053#32.28#31.78#35.94
-100.204,35.907#32.4#31.68#35.92
-100.148,35.9087#32.52#31.58#35.9
-100.093,35.9104#32.64#31.48#35.88
-100.038,35.9121#32.76#31.38#35.86
-99.9824,35.9137#32.91#31.28#35.81
-99.9271,35.9154#33.13#31.2#35.67
-99.8718,35.917#33.34#31.13#35.53
-99.8165,35.9186#33.55#31.05#35.4
-99.7612,35.9202#33.76#30.97#35.27
-99.7059,35.9217#33.98#30.89#35.13
-99.6506,35.9233#34.19#30.81#35
-99.5953,35.9248#34.4#30.73#34.87
-99.5399,35.9263#34.61#30.66#34.73
-99.4846,35.9278#34.83#30.59#34.58
-99.4293,35.9293#35.05#30.56#34.39
-99.374,35.9307#35.27#30.53#34.2
-99.3187,35.9322#35.48#30.5#34.02
-99.2634,35.9336#35.7#30.47#33.83
-99.208,35.935#35.92#30.44#33.64
-99.1527,35.9364#36.14#30.41#33.45
-99.0974,35.9377#36.36#30.38#33.26
-99.0421,35.9391#36.58#30.35#33.07
-98.9867,35.9404#36.79#30.32#32.89
-98.9314,35.9417#37.02#30.32#32.66
-98.8761,35.943#37.24#30.31#32.45
-98.8207,35.9443#37.46#30.31#32.23
-98.7654,35.9455#37.68#30.3#32.02
-98.7101,35.9468#37.9#30.3#31.8
-98.6547,35.948#38.12#30.29#31.59
-98.5994,35.9492#38.34#30.29#31.37
-98.5441,35.9504#38.56#30.28#31.16
-98.4887,35.9515#38.78#30.28#30.94
-98.4334,35.9527#39#30.27#30.73
-98.378,35.9538#39.21#30.26#30.53
-98.3227,35.9549#39.43#30.26#30.31
-98.2674,35.956#39.64#30.25#30.11
-98.212,35.9571#39.86#30.25#29.89
-98.1567,35.9581#40.08#30.24#29.68
-98.1013,35.9592#40.29#30.23#29.48
-98.046,35.9602#40.51#30.23#29.26
-97.9906,35.9612#40.72#30.22#29.06
-97.9353,35.9622#40.92#30.23#28.85
-97.8799,35.9631#41.11#30.23#28.66
-97.8246,35.9641#41.31#30.24#28.45
-97.7692,35.965#41.5#30.24#28.26
-97.7139,35.9659#41.7#30.24#28.06
-97.6585,35.9668#41.89#30.25#27.86
-97.6031,35.9676#42.09#30.25#27.66
-97.5478,35.9685#42.28#30.26#27.46
-97.4924,35.9693#42.48#30.26#27.26
-97.4371,35.9701#42.67#30.26#27.07
-97.3817,35.9709#42.87#30.26#26.87
-97.3264,35.9717#43.06#30.26#26.68
-97.271,35.9725#43.25#30.26#26.49
-97.2156,35.9732#43.45#30.26#26.29
-97.1603,35.9739#43.64#30.26#26.1
-97.1049,35.9746#43.84#30.26#25.9
-97.0495,35.9753#44.03#30.26#25.71
-96.9942,35.976#44.22#30.26#25.52
-96.9388,35.9767#44.42#30.28#25.3
-96.8834,35.9773#44.61#30.29#25.1
-96.8281,35.9779#44.8#30.31#24.89
-96.7727,35.9785#44.99#30.32#24.69
-96.7173,35.9791#45.18#30.34#24.48
-96.662,35.9796#45.37#30.35#24.28
-96.6066,35.9802#45.56#30.37#24.07
-96.5512,35.9807#45.75#30.39#23.86
-96.4959,35.9812#45.94#30.4#23.66
-96.4405,35.9817#46.13#30.44#23.43
-96.3851,35.9821#46.32#30.48#23.2
-96.3298,35.9826#46.51#30.51#22.98
-96.2744,35.983#46.69#30.55#22.76
-96.219,35.9834#46.88#30.59#22.53
-96.1636,35.9838#47.07#30.62#22.31
-96.1083,35.9842#47.26#30.66#22.08
-96.0529,35.9846#47.44#30.7#21.86
-95.9975,35.9849#47.63#30.73#21.64
-95.9422,35.9852#47.84#30.75#21.41
-95.8868,35.9855#48.06#30.77#21.17
-95.8314,35.9858#48.27#30.79#20.94
-95.776,35.9861#48.48#30.8#20.72
-95.7207,35.9863#48.69#30.82#20.49
-95.6653,35.9866#48.9#30.84#20.26
-95.6099,35.9868#49.11#30.86#20.03
-95.5545,35.987#49.32#30.88#19.8
-95.4992,35.9871#49.53#30.89#19.58
-95.4438,35.9873#49.75#30.88#19.37
-95.3884,35.9874#49.97#30.87#19.16
-95.333,35.9875#50.19#30.86#18.95
-95.2776,35.9876#50.41#30.85#18.74
-95.2223,35.9877#50.63#30.84#18.53
-95.1669,35.9878#50.85#30.84#18.31
-95.1115,35.9878#51.07#30.83#18.1
-95.0561,35.9879#51.29#30.82#17.89
-95.0008,35.9879#51.51#30.81#17.68
-94.9454,35.9879#51.64#30.8#17.56
-94.89,35.9878#51.77#30.79#17.44
-94.8346,35.9878#51.9#30.79#17.31
-94.7793,35.9877#52.04#30.78#17.18
-94.7239,35.9876#52.17#30.78#17.05
-94.6685,35.9875#52.3#30.77#16.93
-94.6131,35.9874#52.43#30.76#16.81
-94.5578,35.9873#52.56#30.76#16.68
-94.5024,35.9871#52.7#30.75#16.55
-94.447,35.987#52.8#30.75#16.45
-94.3916,35.9868#52.89#30.74#16.37
-94.3363,35.9866#52.99#30.74#16.27
-94.2809,35.9863#53.09#30.73#16.18
-94.2255,35.9861#53.18#30.73#16.09
-94.1701,35.9858#53.28#30.72#16
-94.1148,35.9855#53.38#30.71#15.91
-94.0594,35.9852#53.48#30.71#15.81
-94.004,35.9849#53.57#30.7#15.73
-93.9486,35.9846#53.67#30.7#15.63
-93.8933,35.9842#53.76#30.7#15.54
-93.8379,35.9838#53.85#30.69#15.46
-93.7825,35.9834#53.94#30.69#15.37
-93.7271,35.983#54.03#30.68#15.29
-93.6718,35.9826#54.12#30.68#15.2
-93.6164,35.9822#54.21#30.68#15.11
-93.561,35.9817#54.3#30.67#15.03
-93.5057,35.9812#54.39#30.67#14.94
-93.4503,35.9807#54.47#30.67#14.86
-93.3949,35.9802#54.55#30.66#14.79
-93.3396,35.9796#54.63#30.66#14.71
-93.2842,35.9791#54.72#30.66#14.62
-93.2288,35.9785#54.8#30.65#14.55
-93.1734,35.9779#54.88#30.65#14.47
-93.1181,35.9773#54.96#30.65#14.39
-93.0627,35.9767#55.04#30.64#14.32
-93.0074,35.976#55.12#30.64#14.24
-92.952,35.9754#55.2#30.62#14.18
-92.8966,35.9747#55.27#30.6#14.13
-92.8413,35.974#55.34#30.58#14.08
-92.7859,35.9732#55.41#30.57#14.02
-92.7305,35.9725#55.49#30.55#13.96
-92.6752,35.9717#55.56#30.53#13.91
-92.6198,35.971#55.63#30.51#13.86
-92.5645,35.9702#55.7#30.49#13.81
-92.5091,35.9694#55.77#30.47#13.76
-92.4537,35.9685#55.85#30.46#13.69
-92.3984,35.9677#55.92#30.45#13.63
-92.343,35.9668#55.99#30.44#13.57
-92.2877,35.9659#56.06#30.43#13.51
-92.2323,35.965#56.13#30.42#13.45
-92.177,35.9641#56.2#30.41#13.39
-92.1216,35.9631#56.27#30.4#13.33
-92.0663,35.9622#56.34#30.4#13.26
-92.0109,35.9612#56.41#30.39#13.2
-91.9556,35.9602#56.47#30.4#13.13
-91.9002,35.9592#56.54#30.42#13.04
-91.8449,35.9582#56.61#30.45#12.94
-91.7895,35.9571#56.68#30.47#12.85
-91.7342,35.956#56.74#30.49#12.77
-91.6788,35.9549#56.81#30.51#12.68
-91.6235,35.9538#56.88#30.53#12.59
-91.5682,35.9527#56.95#30.56#12.49
-91.5128,35.9516#57.01#30.58#12.41
-91.4575,35.9504#57.07#30.59#12.34
-91.4021,35.9492#57.13#30.61#12.26
-91.3468,35.948#57.18#30.62#12.2
-91.2915,35.9468#57.24#30.63#12.13
-91.2361,35.9456#57.3#30.65#12.05
-91.1808,35.9443#57.35#30.66#11.99
-91.1255,35.9431#57.41#30.67#11.92
-91.0701,35.9418#57.46#30.69#11.85
-91.0148,35.9405#57.52#30.7#11.78
-90.9595,35.9391#57.57#30.71#11.72
-90.9041,35.9378#57.61#30.72#11.67
-90.8488,35.9364#57.66#30.73#11.61
-90.7935,35.935#57.7#30.74#11.56
-90.7382,35.9336#57.74#30.75#11.51
-90.6829,35.9322#57.79#30.76#11.45
-90.6275,35.9308#57.83#30.78#11.39
-90.5722,35.9293#57.88#30.79#11.33
-90.5169,35.9279#57.92#30.8#11.28
-90.4616,35.9264#57.96#30.81#11.23
-90.4063,35.9249#57.99#30.81#11.2
-90.351,35.9233#58.03#30.82#11.15
-90.2956,35.9218#58.07#30.83#11.1
-90.2403,35.9202#58.1#30.83#11.07
-90.185,35.9186#58.14#30.84#11.02
-90.1297,35.917#58.17#30.85#10.98
-90.0744,35.9154#58.21#30.86#10.93
-90.0191,35.9138#58.24#30.86#10.9
-89.9638,35.9121#58.28#30.87#10.85
-89.9085,35.9105#58.31#30.87#10.82
-89.8532,35.9088#58.34#30.87#10.79
-89.7979,35.9071#58.37#30.87#10.76
-89.7426,35.9053#58.4#30.87#10.73
-89.6873,35.9036#58.43#30.88#10.69
-89.632,35.9018#58.46#30.88#10.66
-89.5768,35.9#58.5#30.88#10.62
-101.643,35.9009#30.25#35.2#34.55
-101.588,35.9031#30.32#35.06#34.62
-101.533,35.9053#30.38#34.92#34.7
-101.478,35.9074#30.44#34.77#34.79
-101.422,35.9095#30.51#34.61#34.88
-101.367,35.9117#30.58#34.45#34.97
-101.312,35.9137#30.65#34.29#35.06
-101.256,35.9158#30.71#34.13#35.16
-101.201,35.9179#30.78#33.98#35.24
-101.146,35.9199#30.85#33.82#35.33
-101.091,35.9219#30.91#33.67#35.42
-101.035,35.9239#30.98#33.51#35.51
-100.98,35.9259#31.05#33.36#35.59
-100.925,35.9279#31.13#33.23#35.64
-100.869,35.9298#31.22#33.09#35.69
-100.814,35.9318#31.3#32.96#35.74
-100.759,35.9337#31.38#32.83#35.79
-100.704,35.9356#31.47#32.7#35.83
-100.648,35.9375#31.55#32.57#35.88
-100.593,35.9393#31.63#32.44#35.93
-100.538,35.9412#31.71#32.31#35.98
-100.482,35.943#31.81#32.18#36.01
-100.427,35.9448#31.93#32.08#35.99
-100.372,35.9466#32.06#31.98#35.96
-100.316,35.9483#32.19#31.88#35.93
-100.261,35.9501#32.31#31.77#35.92
-100.206,35.9518#32.44#31.67#35.89
-100.15,35.9535#32.57#31.57#35.86
-100.095,35.9552#32.69#31.46#35.85
-100.04,35.9569#32.82#31.36#35.82
-99.9844,35.9585#32.97#31.26#35.77
-99.9291,35.9602#33.18#31.19#35.63
-99.8738,35.9618#33.4#31.11#35.49
-99.8185,35.9634#33.61#31.03#35.36
-99.7631,35.965#33.82#30.95#35.23
-99.7078,35.9666#34.03#30.87#35.1
-99.6525,35.9681#34.24#30.8#34.96
-99.5971,35.9696#34.45#30.72#34.83
-99.5418,35.9711#34.66#30.64#34.7
-99.4865,35.9726#34.87#30.57#34.56
-99.4311,35.9741#35.09#30.54#34.37
-99.3758,35.9756#35.31#30.51#34.18
-99.3204,35.977#35.52#30.49#33.99
-99.2651,35.9784#35.74#30.46#33.8
-99.2098,35.9798#35.96#30.43#33.61
-99.1544,35.9812#36.18#30.4#33.42
-99.0991,35.9826#36.39#30.37#33.24
-99.0437,35.9839#36.61#30.34#33.05
-98.9884,35.9852#36.83#30.32#32.85
-98.933,35.9865#37.05#30.31#32.64
-98.8777,35.9878#37.27#30.31#32.42
-98.8223,35.9891#37.49#30.3#32.21
-98.7669,35.9904#37.71#30.29#32
-98.7116,35.9916#37.93#30.29#31.78
-98.6562,35.9928#38.14#30.28#31.58
-98.6009,35.994#38.36#30.28#31.36
-98.5455,35.9952#38.58#30.27#31.15
-98.4901,35.9964#38.8#30.27#30.93
-98.4348,35.9975#39.02#30.26#30.72
-98.3794,35.9986#39.23#30.26#30.51
-98.3241,35.9997#39.45#30.25#30.3
-98.2687,36.0008#39.66#30.25#30.09
-98.2133,36.0019#39.88#30.24#29.88
-98.1579,36.0029#40.09#30.23#29.68
-98.1026,36.004#40.31#30.23#29.46
-98.0472,36.005#40.52#30.22#29.26
-97.9918,36.006#40.74#30.22#29.04
-97.9365,36.007#40.93#30.23#28.84
-97.8811,36.0079#41.12#30.23#28.65
-97.8257,36.0089#41.32#30.23#28.45
-97.7703,36.0098#41.51#30.24#28.25
-97.715,36.0107#41.71#30.24#28.05
-97.6596,36.0116#41.9#30.25#27.85
-97.6042,36.0125#42.1#30.25#27.65
-97.5488,36.0133#42.29#30.26#27.45
-97.4934,36.0141#42.49#30.26#27.25
-97.4381,36.015#42.68#30.26#27.06
-97.3827,36.0158#42.87#30.27#26.86
-97.3273,36.0165#43.07#30.27#26.66
-97.2719,36.0173#43.26#30.27#26.47
-97.2165,36.018#43.46#30.27#26.27
-97.1612,36.0188#43.65#30.27#26.08
-97.1058,36.0195#43.84#30.27#25.89
-97.0504,36.0202#44.04#30.27#25.69
-96.995,36.0208#44.23#30.28#25.49
-96.9396,36.0215#44.42#30.3#25.28
-96.8842,36.0221#44.61#30.32#25.07
-96.8288,36.0227#44.8#30.33#24.87
-96.7734,36.0233#44.99#30.35#24.66
-96.718,36.0239#45.18#30.37#24.45
-96.6627,36.0244#45.37#30.39#24.24
-96.6073,36.025#45.56#30.41#24.03
-96.5519,36.0255#45.75#30.43#23.82
-96.4965,36.026#45.94#30.45#23.61
-96.4411,36.0265#46.13#30.49#23.38
-96.3857,36.027#46.32#30.53#23.15
-96.3303,36.0274#46.5#30.57#22.93
-96.2749,36.0278#46.69#30.6#22.71
-96.2195,36.0283#46.88#30.64#22.48
-96.1641,36.0287#47.06#30.68#22.26
-96.1087,36.029#47.25#30.72#22.03
-96.0533,36.0294#47.44#30.76#21.8
-95.9979,36.0297#47.63#30.8#21.57
-95.9425,36.03#47.83#30.81#21.36
-95.8871,36.0303#48.04#30.83#21.13
-95.8317,36.0306#48.25#30.85#20.9
-95.7763,36.0309#48.46#30.87#20.67
-95.7209,36.0311#48.67#30.89#20.44
-95.6656,36.0314#48.88#30.91#20.21
-95.6102,36.0316#49.09#30.92#19.99
-95.5548,36.0318#49.3#30.94#19.76
-95.4994,36.0319#49.51#30.96#19.53
-95.444,36.0321#49.73#30.95#19.32
-95.3886,36.0322#49.94#30.94#19.12
-95.3332,36.0324#50.16#30.94#18.9
-95.2778,36.0325#50.38#30.93#18.69
-95.2224,36.0325#50.6#30.92#18.48
-95.167,36.0326#50.81#30.91#18.28
-95.1116,36.0327#51.03#30.9#18.07
-95.0562,36.0327#51.25#30.9#17.85
-95.0008,36.0327#51.46#30.89#17.65
-94.9454,36.0327#51.6#30.88#17.52
-94.89,36.0327#51.74#30.88#17.38
-94.8346,36.0326#51.88#30.87#17.25
-94.7792,36.0325#52.02#30.86#17.12
-94.7238,36.0325#52.15#30.86#16.99
-94.6684,36.0324#52.29#30.85#16.86
-94.613,36.0322#52.43#30.85#16.72
-94.5576,36.0321#52.57#30.84#16.59
-94.5022,36.032#52.71#30.83#16.46
-94.4468,36.0318#52.8#30.83#16.37
-94.3914,36.0316#52.9#30.82#16.28
-94.336,36.0314#52.99#30.82#16.19
-94.2806,36.0311#53.08#30.81#16.11
-94.2252,36.0309#53.18#30.81#16.01
-94.1698,36.0306#53.27#30.8#15.93
-94.1144,36.0304#53.37#30.8#15.83
-94.059,36.0301#53.46#30.79#15.75
-94.0036,36.0297#53.55#30.79#15.66
-93.9482,36.0294#53.65#30.78#15.57
-93.8928,36.029#53.74#30.78#15.48
-93.8374,36.0287#53.83#30.77#15.4
-93.782,36.0283#53.92#30.77#15.31
-93.7266,36.0279#54.01#30.77#15.22
-93.6712,36.0274#54.1#30.76#15.14
-93.6158,36.027#54.2#30.76#15.04
-93.5604,36.0265#54.29#30.75#14.96
-93.505,36.026#54.38#30.75#14.87
-93.4497,36.0255#54.46#30.75#14.79
-93.3943,36.025#54.54#30.74#14.72
-93.3389,36.0245#54.62#30.74#14.64
-93.2835,36.0239#54.71#30.74#14.55
-93.2281,36.0233#54.79#30.73#14.48
-93.1727,36.0227#54.87#30.73#14.4
-93.1173,36.0221#54.95#30.73#14.32
-93.0619,36.0215#55.03#30.72#14.25
-93.0065,36.0208#55.12#30.72#14.16
-92.9512,36.0202#55.19#30.7#14.11
-92.8958,36.0195#55.26#30.68#14.06
-92.8404,36.0188#55.34#30.66#14
-92.785,36.0181#55.41#30.64#13.95
-92.7296,36.0173#55.48#30.62#13.9
-92.6742,36.0166#55.55#30.6#13.85
-92.6188,36.0158#55.63#30.58#13.79
-92.5635,36.015#55.7#30.56#13.74
-92.5081,36.0142#55.77#30.54#13.69
-92.4527,36.0133#55.84#30.53#13.63
-92.3973,36.0125#55.92#30.52#13.56
-92.3419,36.0116#55.99#30.51#13.5
-92.2866,36.0107#56.06#30.5#13.44
-92.2312,36.0098#56.13#30.49#13.38
-92.1758,36.0089#56.2#30.48#13.32
-92.1204,36.008#56.27#30.47#13.26
-92.0651,36.007#56.34#30.46#13.2
-92.0097,36.006#56.41#30.45#13.14
-91.9543,36.005#56.48#30.46#13.06
-91.899,36.004#56.55#30.48#12.97
-91.8436,36.003#56.62#30.5#12.88
-91.7882,36.0019#56.69#30.51#12.8
-91.7328,36.0008#56.75#30.53#12.72
-91.6775,35.9998#56.82#30.55#12.63
-91.6221,35.9987#56.89#30.57#12.54
-91.5667,35.9975#56.96#30.59#12.45
-91.5114,35.9964#57.02#30.61#12.37
-91.456,35.9952#57.08#30.62#12.3
-91.4007,35.994#57.14#30.63#12.23
-91.3453,35.9928#57.2#30.64#12.16
-91.2899,35.9916#57.25#30.66#12.09
-91.2346,35.9904#57.31#30.67#12.02
-91.1792,35.9891#57.36#30.68#11.96
-91.1239,35.9879#57.42#30.69#11.89
-91.0685,35.9866#57.48#30.71#11.81
-91.0132,35.9853#57.53#30.72#11.75
-90.9578,35.9839#57.58#30.73#11.69
-90.9025,35.9826#57.62#30.74#11.64
-90.8471,35.9812#57.67#30.75#11.58
-90.7918,35.9799#57.71#30.76#11.53
-90.7364,35.9785#57.76#30.77#11.47
-90.6811,35.977#57.8#30.78#11.42
-90.6257,35.9756#57.84#30.79#11.37
-90.5704,35.9741#57.89#30.8#11.31
-90.5151,35.9727#57.93#30.81#11.26
-90.4597,35.9712#57.97#30.81#11.22
-90.4044,35.9697#58.01#30.82#11.17
-90.3491,35.9681#58.04#30.83#11.13
-90.2937,35.9666#58.08#30.83#11.09
-90.2384,35.965#58.11#30.84#11.05
-90.1831,35.9634#58.15#30.85#11
-90.1277,35.9618#58.18#30.85#10.97
-90.0724,35.9602#58.22#30.86#10.92
-90.0171,35.9586#58.25#30.87#10.88
-89.9618,35.9569#58.29#30.87#10.84
-89.9064,35.9553#58.32#30.87#10.81
-89.8511,35.9536#58.35#30.87#10.78
-89.7958,35.9519#58.38#30.88#10.74
-89.7405,35.9501#58.41#30.88#10.71
-89.6852,35.9484#58.44#30.88#10.68
-89.6299,35.9466#58.47#30.88#10.65
-89.5745,35.9448#58.5#30.88#10.62
-89.5192,35.943#58.53#30.89#10.58
-89.4639,35.9412#58.56#30.87#10.57
-89.4086,35.9394#58.59#30.85#10.56
-89.3533,35.9375#58.61#30.82#10.57
-89.298,35.9356#58.64#30.8#10.56
-89.2427,35.9337#58.66#30.77#10.57
-89.1874,35.9318#58.69#30.75#10.56
-89.1321,35.9299#58.72#30.73#10.55
-89.0768,35.928#58.74#30.7#10.56
-89.0215,35.926#58.77#30.68#10.55
-88.9662,35.924#58.79#30.64#10.57
-88.911,35.922#58.81#30.6#10.59
-88.8557,35.92#58.84#30.55#10.61
-88.8004,35.9179#58.86#30.5#10.64
-88.7451,35.9159#58.88#30.45#10.67
-88.6898,35.9138#58.9#30.41#10.69
-88.6345,35.9117#58.92#30.36#10.72
-88.5793,35.9096#58.94#30.31#10.75
-88.524,35.9075#58.96#30.26#10.78
-88.4687,35.9053#58.98#30.22#10.8
-88.4134,35.9031#59#30.2#10.8
-88.3582,35.901#59.02#30.17#10.81
-102.696,35.9007#29.32#37.85#32.83
-102.641,35.9032#29.36#37.71#32.93
-102.586,35.9057#29.4#37.57#33.03
-102.53,35.9082#29.44#37.43#33.13
-102.475,35.9107#29.49#37.29#33.22
-102.42,35.9131#29.53#37.14#33.33
-102.365,35.9156#29.58#36.98#33.44
-102.309,35.918#29.62#36.83#33.55
-102.254,35.9204#29.67#36.68#33.65
-102.199,35.9228#29.72#36.53#33.75
-102.144,35.9252#29.76#36.38#33.86
-102.088,35.9275#29.81#36.23#33.96
-102.033,35.9299#29.85#36.08#34.07
-101.978,35.9322#29.91#35.93#34.16
-101.922,35.9345#29.97#35.79#34.24
-101.867,35.9368#30.04#35.65#34.31
-101.812,35.939#30.1#35.51#34.39
-101.757,35.9413#30.16#35.36#34.48
-101.701,35.9435#30.23#35.22#34.55
-101.646,35.9457#30.29#35.08#34.63
-101.591,35.9479#30.35#34.94#34.71
-101.535,35.95#30.42#34.8#34.78
-101.48,35.9522#30.48#34.65#34.87
-101.425,35.9543#30.55#34.5#34.95
-101.37,35.9564#30.61#34.34#35.05
-101.314,35.9585#30.68#34.19#35.13
-101.259,35.9606#30.74#34.04#35.22
-101.204,35.9627#30.8#33.89#35.31
-101.148,35.9647#30.87#33.74#35.39
-101.093,35.9667#30.93#33.59#35.48
-101.038,35.9687#30.99#33.44#35.57
-100.982,35.9707#31.06#33.29#35.65
-100.927,35.9727#31.14#33.17#35.69
-100.872,35.9746#31.23#33.04#35.73
-100.816,35.9766#31.31#32.91#35.78
-100.761,35.9785#31.39#32.79#35.82
-100.706,35.9804#31.47#32.66#35.87
-100.651,35.9823#31.55#32.54#35.91
-100.595,35.9841#31.64#32.42#35.94
-100.54,35.9859#31.72#32.29#35.99
-100.485,35.9878#31.81#32.18#36.01
-100.429,35.9896#31.95#32.07#35.98
-100.374,35.9914#32.08#31.97#35.95
-100.319,35.9931#32.21#31.87#35.92
-100.263,35.9949#32.34#31.76#35.9
-100.208,35.9966#32.48#31.66#35.86
-100.153,35.9983#32.61#31.55#35.84
-100.097,36#32.75#31.45#35.8
-100.042,36.0017#32.88#31.34#35.78
-99.9865,36.0033#33.03#31.25#35.72
-99.9311,36.005#33.24#31.17#35.59
-99.8758,36.0066#33.45#31.09#35.46
-99.8204,36.0082#33.66#31.01#35.33
-99.7651,36.0098#33.87#30.93#35.2
-99.7097,36.0113#34.08#30.86#35.06
-99.6544,36.0129#34.29#30.78#34.93
-99.599,36.0144#34.5#30.7#34.8
-99.5437,36.0159#34.7#30.62#34.68
-99.4883,36.0174#34.91#30.56#34.53
-99.4329,36.0189#35.13#30.53#34.34
-99.3776,36.0204#35.35#30.5#34.15
-99.3222,36.0218#35.56#30.47#33.97
-99.2668,36.0232#35.78#30.44#33.78
-99.2115,36.0246#36#30.42#33.58
-99.1561,36.026#36.21#30.39#33.4
-99.1007,36.0274#36.43#30.36#33.21
-99.0454,36.0287#36.65#30.33#33.02
-98.99,36.03#36.86#30.31#32.83
-98.9346,36.0313#37.08#30.3#32.62
-98.8792,36.0326#37.3#30.3#32.4
-98.8239,36.0339#37.52#30.29#32.19
-98.7685,36.0352#37.73#30.29#31.98
-98.7131,36.0364#37.95#30.28#31.77
-98.6577,36.0376#38.17#30.28#31.55
-98.6023,36.0388#38.39#30.27#31.34
-98.547,36.04#38.6#30.26#31.14
-98.4916,36.0412#38.82#30.26#30.92
-98.4362,36.0423#39.04#30.25#30.71
-98.3808,36.0434#39.25#30.25#30.5
-98.3254,36.0445#39.47#30.24#30.29
-98.27,36.0456#39.68#30.24#30.08
-98.2146,36.0467#39.89#30.23#29.88
-98.1592,36.0477#40.11#30.23#29.66
-98.1038,36.0488#40.32#30.23#29.45
-98.0485,36.0498#40.54#30.22#29.24
-97.9931,36.0508#40.75#30.22#29.03
-97.9377,36.0518#40.94#30.22#28.84
-97.8823,36.0527#41.14#30.23#28.63
-97.8269,36.0537#41.33#30.23#28.44
-97.7715,36.0546#41.53#30.24#28.23
-97.7161,36.0555#41.72#30.25#28.03
-97.6607,36.0564#41.91#30.25#27.84
-97.6053,36.0573#42.11#30.26#27.63
-97.5499,36.0581#42.3#30.26#27.44
-97.4945,36.059#42.5#30.27#27.23
-97.4391,36.0598#42.69#30.27#27.04
-97.3837,36.0606#42.88#30.27#26.85
-97.3283,36.0613#43.08#30.28#26.64
-97.2728,36.0621#43.27#30.28#26.45
-97.2174,36.0628#43.46#30.28#26.26
-97.162,36.0636#43.65#30.28#26.07
-97.1066,36.0643#43.85#30.29#25.86
-97.0512,36.065#44.04#30.29#25.67
-96.9958,36.0656#44.23#30.29#25.48
-96.9404,36.0663#44.42#30.32#25.26
-96.885,36.0669#44.61#30.34#25.05
-96.8296,36.0675#44.8#30.36#24.84
-96.7742,36.0681#44.99#30.38#24.63
-96.7188,36.0687#45.18#30.41#24.41
-96.6633,36.0693#45.37#30.43#24.2
-96.6079,36.0698#45.56#30.45#23.99
-96.5525,36.0703#45.75#30.47#23.78
-96.4971,36.0708#45.94#30.5#23.56
-96.4417,36.0713#46.13#30.54#23.33
-96.3863,36.0718#46.31#30.58#23.11
-96.3308,36.0722#46.5#30.62#22.88
-96.2754,36.0727#46.69#30.66#22.65
-96.22,36.0731#46.87#30.7#22.43
-96.1646,36.0735#47.06#30.74#22.2
-96.1092,36.0738#47.24#30.78#21.98
-96.0538,36.0742#47.43#30.82#21.75
-95.9983,36.0745#47.62#30.86#21.52
-95.9429,36.0749#47.82#30.88#21.3
-95.8875,36.0752#48.03#30.9#21.07
-95.8321,36.0754#48.24#30.92#20.84
-95.7767,36.0757#48.45#30.94#20.61
-95.7212,36.076#48.66#30.95#20.39
-95.6658,36.0762#48.86#30.97#20.17
-95.6104,36.0764#49.07#30.99#19.94
-95.555,36.0766#49.28#31.01#19.71
-95.4996,36.0768#49.49#31.03#19.48
-95.4441,36.0769#49.7#31.02#19.28
-95.3887,36.0771#49.92#31.02#19.06
-95.3333,36.0772#50.13#31.01#18.86
-95.2779,36.0773#50.35#31#18.65
-95.2225,36.0774#50.56#31#18.44
-95.167,36.0774#50.78#30.99#18.23
-95.1116,36.0775#50.99#30.98#18.03
-95.0562,36.0775#51.21#30.98#17.81
-95.0008,36.0775#51.42#30.97#17.61
-94.9453,36.0775#51.57#30.96#17.47
-94.8899,36.0775#51.71#30.96#17.33
-94.8345,36.0774#51.85#30.95#17.2
-94.7791,36.0774#52#30.95#17.05
-94.7237,36.0773#52.14#30.94#16.92
-94.6682,36.0772#52.28#30.93#16.79
-94.6128,36.0771#52.43#30.93#16.64
-94.5574,36.0769#52.57#30.92#16.51
-94.502,36.0768#52.71#30.92#16.37
-94.4466,36.0766#52.81#30.91#16.28
-94.3911,36.0764#52.9#30.91#16.19
-94.3357,36.0762#52.99#30.9#16.11
-94.2803,36.076#53.08#30.89#16.03
-94.2249,36.0757#53.17#30.89#15.94
-94.1694,36.0755#53.26#30.88#15.86
-94.114,36.0752#53.35#30.88#15.77
-94.0586,36.0749#53.44#30.87#15.69
-94.0032,36.0745#53.53#30.87#15.6
-93.9478,36.0742#53.63#30.86#15.51
-93.8924,36.0738#53.72#30.86#15.42
-93.8369,36.0735#53.81#30.86#15.33
-93.7815,36.0731#53.9#30.85#15.25
-93.7261,36.0727#54#30.85#15.15
-93.6707,36.0722#54.09#30.84#15.07
-93.6153,36.0718#54.18#30.84#14.98
-93.5599,36.0713#54.28#30.83#14.89
-93.5044,36.0708#54.37#30.83#14.8
-93.449,36.0703#54.45#30.83#14.72
-93.3936,36.0698#54.53#30.82#14.65
-93.3382,36.0693#54.62#30.82#14.56
-93.2828,36.0687#54.7#30.82#14.48
-93.2274,36.0681#54.78#30.81#14.41
-93.172,36.0675#54.86#30.81#14.33
-93.1165,36.0669#54.94#30.8#14.26
-93.0611,36.0663#55.03#30.8#14.17
-93.0057,36.0657#55.11#30.8#14.09
-92.9503,36.065#55.18#30.78#14.04
-92.8949,36.0643#55.26#30.76#13.98
-92.8395,36.0636#55.33#30.74#13.93
-92.7841,36.0629#55.4#30.72#13.88
-92.7287,36.0621#55.48#30.7#13.82
-92.6733,36.0614#55.55#30.68#13.77
-92.6179,36.0606#55.62#30.66#13.72
-92.5625,36.0598#55.7#30.63#13.67
-92.5071,36.059#55.77#30.61#13.62
-92.4517,36.0581#55.84#30.6#13.56
-92.3963,36.0573#55.92#30.59#13.49
-92.3409,36.0564#55.99#30.58#13.43
-92.2855,36.0555#56.06#30.57#13.37
-92.2301,36.0546#56.13#30.55#13.32
-92.1747,36.0537#56.2#30.54#13.26
-92.1193,36.0528#56.28#30.53#13.19
-92.0639,36.0518#56.35#30.52#13.13
-92.0085,36.0508#56.42#30.51#13.07
-91.9531,36.0498#56.49#30.52#12.99
-91.8977,36.0488#56.56#30.53#12.91
-91.8423,36.0478#56.63#30.55#12.82
-91.7869,36.0467#56.69#30.56#12.75
-91.7315,36.0457#56.76#30.58#12.66
-91.6761,36.0446#56.83#30.59#12.58
-91.6207,36.0435#56.9#30.61#12.49
-91.5653,36.0423#56.97#30.62#12.41
-91.51,36.0412#57.04#30.64#12.32
-91.4546,36.04#57.09#30.65#12.26
-91.3992,36.0388#57.15#30.66#12.19
-91.3438,36.0376#57.21#30.67#12.12
-91.2884,36.0364#57.26#30.68#12.06
-91.233,36.0352#57.32#30.69#11.99
-91.1777,36.0339#57.38#30.7#11.92
-91.1223,36.0327#57.43#30.71#11.86
-91.0669,36.0314#57.49#30.72#11.79
-91.0115,36.0301#57.55#30.74#11.71
-90.9562,36.0287#57.59#30.74#11.67
-90.9008,36.0274#57.64#30.75#11.61
-90.8454,36.026#57.68#30.76#11.56
-90.7901,36.0247#57.72#30.77#11.51
-90.7347,36.0233#57.77#30.78#11.45
-90.6793,36.0218#57.81#30.79#11.4
-90.624,36.0204#57.86#30.8#11.34
-90.5686,36.0189#57.9#30.81#11.29
-90.5132,36.0175#57.94#30.82#11.24
-90.4579,36.016#57.98#30.82#11.2
-90.4025,36.0145#58.02#30.83#11.15
-90.3472,36.0129#58.05#30.84#11.11
-90.2918,36.0114#58.09#30.84#11.07
-90.2364,36.0098#58.12#30.85#11.03
-90.1811,36.0082#58.16#30.86#10.98
-90.1257,36.0066#58.19#30.86#10.95
-90.0704,36.005#58.23#30.87#10.9
-90.015,36.0034#58.26#30.87#10.87
-89.9597,36.0017#58.29#30.88#10.83
-89.9044,36.0001#58.32#30.88#10.8
-89.849,35.9984#58.35#30.88#10.77
-89.7937,35.9966#58.38#30.88#10.74
-89.7383,35.9949#58.41#30.88#10.71
-89.683,35.9932#58.45#30.88#10.67
-89.6277,35.9914#58.48#30.88#10.64
-89.5723,35.9896#58.51#30.89#10.6
-89.517,35.9878#58.54#30.89#10.57
-89.4617,35.986#58.56#30.87#10.57
-89.4063,35.9842#58.59#30.85#10.56
-89.351,35.9823#58.62#30.82#10.56
-89.2957,35.9804#58.64#30.8#10.56
-89.2404,35.9785#58.67#30.77#10.56
-89.185,35.9766#58.69#30.75#10.56
-89.1297,35.9747#58.72#30.72#10.56
-89.0744,35.9727#58.74#30.7#10.56
-89.0191,35.9708#58.77#30.68#10.55
-88.9638,35.9688#58.79#30.64#10.57
-88.9085,35.9668#58.81#30.59#10.6
-88.8532,35.9648#58.84#30.55#10.61
-88.7978,35.9627#58.86#30.5#10.64
-88.7425,35.9607#58.88#30.46#10.66
-88.6872,35.9586#58.9#30.41#10.69
-88.6319,35.9565#58.92#30.37#10.71
-88.5766,35.9544#58.94#30.32#10.74
-88.5213,35.9522#58.96#30.28#10.76
-88.466,35.9501#58.98#30.24#10.78
-88.4108,35.9479#59#30.21#10.79
-88.3555,35.9457#59.02#30.18#10.8
-88.3002,35.9435#59.03#30.16#10.81
-88.2449,35.9413#59.05#30.13#10.82
-88.1896,35.9391#59.07#30.1#10.83
-88.1343,35.9368#59.09#30.07#10.84
-88.0791,35.9345#59.1#30.04#10.86
-88.0238,35.9322#59.12#30.01#10.87
-87.9685,35.9299#59.14#29.99#10.87
-87.9132,35.9276#59.15#29.96#10.89
-87.858,35.9252#59.17#29.93#10.9
-87.8027,35.9229#59.18#29.91#10.91
-87.7474,35.9205#59.2#29.88#10.92
-87.6922,35.9181#59.21#29.85#10.94
-87.6369,35.9157#59.23#29.83#10.94
-87.5816,35.9132#59.24#29.8#10.96
-87.5264,35.9108#59.26#29.77#10.97
-87.4711,35.9083#59.27#29.73#11
-87.4159,35.9058#59.28#29.67#11.05
-87.3606,35.9033#59.3#29.62#11.08
-87.3054,35.9007#59.31#29.56#11.13
-103.583,35.9024#28.81#40.06#31.13
-103.528,35.9052#28.83#39.87#31.3
-103.473,35.908#28.85#39.7#31.45
-103.418,35.9108#28.89#39.55#31.56
-103.362,35.9136#28.92#39.4#31.68
-103.307,35.9163#28.95#39.26#31.79
-103.252,35.9191#28.98#39.11#31.91
-103.197,35.9218#29.02#38.97#32.01
-103.141,35.9245#29.05#38.83#32.12
-103.086,35.9272#29.08#38.68#32.24
-103.031,35.9298#29.11#38.54#32.35
-102.976,35.9325#29.15#38.4#32.45
-102.92,35.9351#29.19#38.26#32.55
-102.865,35.9377#29.23#38.12#32.65
-102.81,35.9403#29.27#37.98#32.75
-102.755,35.9429#29.31#37.84#32.85
-102.699,35.9454#29.35#37.7#32.95
-102.644,35.948#29.39#37.57#33.04
-102.589,35.9505#29.43#37.43#33.14
-102.533,35.953#29.47#37.29#33.24
-102.478,35.9555#29.51#37.15#33.34
-102.423,35.9579#29.56#37#33.44
-102.368,35.9604#29.6#36.85#33.55
-102.312,35.9628#29.65#36.7#33.65
-102.257,35.9652#29.7#36.55#33.75
-102.202,35.9676#29.75#36.4#33.85
-102.146,35.9699#29.79#36.25#33.96
-102.091,35.9723#29.84#36.11#34.05
-102.036,35.9746#29.89#35.96#34.15
-101.981,35.9769#29.94#35.81#34.25
-101.925,35.9792#30#35.67#34.33
-101.87,35.9815#30.07#35.53#34.4
-101.815,35.9838#30.13#35.39#34.48
-101.759,35.986#30.2#35.25#34.55
-101.704,35.9883#30.26#35.1#34.64
-101.649,35.9905#30.33#34.96#34.71
-101.593,35.9926#30.39#34.82#34.79
-101.538,35.9948#30.46#34.68#34.86
-101.483,35.997#30.52#34.54#34.94
-101.428,35.9991#30.58#34.39#35.03
-101.372,36.0012#30.64#34.24#35.12
-101.317,36.0033#30.7#34.09#35.21
-101.262,36.0054#30.76#33.95#35.29
-101.206,36.0074#30.83#33.8#35.37
-101.151,36.0095#30.89#33.65#35.46
-101.096,36.0115#30.95#33.51#35.54
-101.04,36.0135#31.01#33.36#35.63
-100.985,36.0155#31.07#33.23#35.7
-100.93,36.0175#31.15#33.11#35.74
-100.874,36.0194#31.23#32.99#35.78
-100.819,36.0213#31.32#32.87#35.81
-100.764,36.0233#31.4#32.75#35.85
-100.708,36.0252#31.48#32.63#35.89
-100.653,36.027#31.56#32.52#35.92
-100.597,36.0289#31.64#32.4#35.96
-100.542,36.0307#31.72#32.28#36
-100.487,36.0326#31.82#32.17#36.01
-100.431,36.0344#31.96#32.07#35.97
-100.376,36.0361#32.1#31.96#35.94
-100.321,36.0379#32.24#31.86#35.9
-100.265,36.0397#32.38#31.75#35.87
-100.21,36.0414#32.52#31.64#35.84
-100.155,36.0431#32.66#31.54#35.8
-100.099,36.0448#32.8#31.43#35.77
-100.044,36.0465#32.94#31.33#35.73
-99.9885,36.0481#33.1#31.23#35.67
-99.9332,36.0498#33.3#31.15#35.55
-99.8778,36.0514#33.51#31.07#35.42
-99.8224,36.053#33.72#30.99#35.29
-99.767,36.0546#33.92#30.92#35.16
-99.7117,36.0561#34.13#30.84#35.03
-99.6563,36.0577#34.34#30.76#34.9
-99.6009,36.0592#34.54#30.68#34.78
-99.5455,36.0607#34.75#30.61#34.64
-99.4901,36.0622#34.96#30.54#34.5
-99.4347,36.0637#35.17#30.51#34.32
-99.3794,36.0651#35.39#30.48#34.13
-99.324,36.0666#35.61#30.46#33.93
-99.2686,36.068#35.82#30.43#33.75
-99.2132,36.0694#36.04#30.41#33.55
-99.1578,36.0708#36.25#30.38#33.37
-99.1024,36.0722#36.47#30.35#33.18
-99.047,36.0735#36.68#30.33#32.99
-98.9916,36.0748#36.9#30.3#32.8
-98.9362,36.0761#37.11#30.3#32.59
-98.8808,36.0774#37.33#30.29#32.38
-98.8254,36.0787#37.55#30.29#32.16
-98.77,36.08#37.76#30.28#31.96
-98.7146,36.0812#37.98#30.27#31.75
-98.6592,36.0824#38.19#30.27#31.54
-98.6038,36.0836#38.41#30.26#31.33
-98.5484,36.0848#38.63#30.25#31.12
-98.493,36.086#38.84#30.25#30.91
-98.4376,36.0871#39.06#30.24#30.7
-98.3822,36.0882#39.27#30.24#30.49
-98.3268,36.0893#39.48#30.24#30.28
-98.2714,36.0904#39.7#30.23#30.07
-98.2159,36.0915#39.91#30.23#29.86
-98.1605,36.0925#40.13#30.23#29.64
-98.1051,36.0936#40.34#30.22#29.44
-98.0497,36.0946#40.55#30.22#29.23
-97.9943,36.0956#40.76#30.22#29.02
-97.9389,36.0966#40.96#30.22#28.82
-97.8834,36.0975#41.15#30.23#28.62
-97.828,36.0985#41.35#30.23#28.42
-97.7726,36.0994#41.54#30.24#28.22
-97.7172,36.1003#41.73#30.25#28.02
-97.6618,36.1012#41.93#30.25#27.82
-97.6063,36.1021#42.12#30.26#27.62
-97.5509,36.1029#42.31#30.26#27.43
-97.4955,36.1038#42.51#30.27#27.22
-97.4401,36.1046#42.7#30.27#27.03
-97.3846,36.1054#42.89#30.28#26.83
-97.3292,36.1061#43.08#30.28#26.64
-97.2738,36.1069#43.28#30.29#26.43
-97.2183,36.1077#43.47#30.29#26.24
-97.1629,36.1084#43.66#30.3#26.04
-97.1075,36.1091#43.85#30.3#25.85
-97.0521,36.1098#44.04#30.31#25.65
-96.9966,36.1104#44.24#30.31#25.45
-96.9412,36.1111#44.43#30.34#25.23
-96.8858,36.1117#44.62#30.36#25.02
-96.8303,36.1123#44.8#30.39#24.81
-96.7749,36.1129#44.99#30.41#24.6
-96.7195,36.1135#45.18#30.44#24.38
-96.664,36.1141#45.37#30.46#24.17
-96.6086,36.1146#45.56#30.49#23.95
-96.5531,36.1151#45.75#30.52#23.73
-96.4977,36.1156#45.94#30.54#23.52
-96.4423,36.1161#46.13#30.59#23.28
-96.3868,36.1166#46.31#30.63#23.06
-96.3314,36.117#46.5#30.67#22.83
-96.276,36.1175#46.68#30.71#22.61
-96.2205,36.1179#46.87#30.76#22.37
-96.1651,36.1183#47.05#30.8#22.15
-96.1096,36.1186#47.24#30.84#21.92
-96.0542,36.119#47.42#30.88#21.7
-95.9987,36.1193#47.61#30.93#21.46
-95.9433,36.1197#47.82#30.95#21.23
-95.8879,36.12#48.02#30.96#21.02
-95.8324,36.1202#48.23#30.98#20.79
-95.777,36.1205#48.43#31#20.57
-95.7215,36.1208#48.64#31.02#20.34
-95.6661,36.121#48.84#31.04#20.12
-95.6107,36.1212#49.05#31.06#19.89
-95.5552,36.1214#49.26#31.08#19.66
-95.4998,36.1216#49.46#31.1#19.44
-95.4443,36.1217#49.67#31.09#19.24
-95.3889,36.1219#49.89#31.09#19.02
-95.3334,36.122#50.1#31.08#18.82
-95.278,36.1221#50.31#31.08#18.61
-95.2225,36.1222#50.53#31.07#18.4
-95.1671,36.1222#50.74#31.07#18.19
-95.1117,36.1223#50.95#31.06#17.99
-95.0562,36.1223#51.17#31.06#17.77
-95.0008,36.1223#51.38#31.05#17.57
-94.9453,36.1223#51.53#31.04#17.43
-94.8899,36.1223#51.68#31.04#17.28
-94.8344,36.1222#51.83#31.03#17.14
-94.779,36.1222#51.98#31.03#16.99
-94.7235,36.1221#52.13#31.02#16.85
-94.6681,36.122#52.28#31.02#16.7
-94.6127,36.1219#52.43#31.01#16.56
-94.5572,36.1217#52.57#31#16.43
-94.5018,36.1216#52.72#31#16.28
-94.4463,36.1214#52.81#30.99#16.2
-94.3909,36.1212#52.9#30.99#16.11
-94.3354,36.121#52.99#30.98#16.03
-94.28,36.1208#53.08#30.98#15.94
-94.2246,36.1205#53.16#30.97#15.87
-94.1691,36.1203#53.25#30.97#15.78
-94.1137,36.12#53.34#30.96#15.7
-94.0582,36.1197#53.42#30.96#15.62
-94.0028,36.1193#53.51#30.95#15.54
-93.9473,36.119#53.61#30.95#15.44
-93.8919,36.1187#53.7#30.94#15.36
-93.8365,36.1183#53.79#30.94#15.27
-93.781,36.1179#53.89#30.93#15.18
-93.7256,36.1175#53.98#30.93#15.09
-93.6701,36.117#54.08#30.92#15
-93.6147,36.1166#54.17#30.92#14.91
-93.5593,36.1161#54.27#30.91#14.82
-93.5038,36.1156#54.36#30.91#14.73
-93.4484,36.1151#54.44#30.91#14.65
-93.3929,36.1146#54.52#30.9#14.58
-93.3375,36.1141#54.61#30.9#14.49
-93.2821,36.1135#54.69#30.89#14.42
-93.2266,36.1129#54.77#30.89#14.34
-93.1712,36.1123#54.85#30.89#14.26
-93.1158,36.1117#54.94#30.88#14.18
-93.0603,36.1111#55.02#30.88#14.1
-93.0049,36.1105#55.1#30.88#14.02
-92.9495,36.1098#55.18#30.86#13.96
-92.894,36.1091#55.25#30.84#13.91
-92.8386,36.1084#55.32#30.81#13.87
-92.7832,36.1077#55.4#30.79#13.81
-92.7278,36.1069#55.47#30.77#13.76
-92.6723,36.1062#55.55#30.75#13.7
-92.6169,36.1054#55.62#30.73#13.65
-92.5615,36.1046#55.7#30.71#13.59
-92.506,36.1038#55.77#30.69#13.54
-92.4506,36.1029#55.84#30.67#13.49
-92.3952,36.1021#55.92#30.66#13.42
-92.3398,36.1012#55.99#30.65#13.36
-92.2843,36.1003#56.06#30.63#13.31
-92.2289,36.0994#56.14#30.62#13.24
-92.1735,36.0985#56.21#30.61#13.18
-92.1181,36.0976#56.28#30.59#13.13
-92.0627,36.0966#56.35#30.58#13.07
-92.0072,36.0956#56.43#30.57#13
-91.9518,36.0946#56.5#30.58#12.92
-91.8964,36.0936#56.57#30.59#12.84
-91.841,36.0926#56.63#30.6#12.77
-91.7856,36.0915#56.7#30.61#12.69
-91.7302,36.0905#56.77#30.62#12.61
-91.6748,36.0894#56.84#30.63#12.53
-91.6194,36.0883#56.91#30.64#12.45
-91.5639,36.0871#56.98#30.65#12.37
-91.5085,36.086#57.05#30.66#12.29
-91.4531,36.0848#57.11#30.67#12.22
-91.3977,36.0836#57.16#30.68#12.16
-91.3423,36.0824#57.22#30.69#12.09
-91.2869,36.0812#57.28#30.7#12.02
-91.2315,36.08#57.33#30.71#11.96
-91.1761,36.0787#57.39#30.72#11.89
-91.1207,36.0775#57.45#30.73#11.82
-91.0653,36.0762#57.5#30.74#11.76
-91.0099,36.0749#57.56#30.75#11.69
-90.9545,36.0735#57.6#30.76#11.64
-90.8991,36.0722#57.65#30.77#11.58
-90.8437,36.0708#57.69#30.78#11.53
-90.7883,36.0694#57.74#30.79#11.47
-90.7329,36.068#57.78#30.79#11.43
-90.6776,36.0666#57.82#30.8#11.38
-90.6222,36.0652#57.87#30.81#11.32
-90.5668,36.0637#57.91#30.82#11.27
-90.5114,36.0623#57.95#30.83#11.22
-90.456,36.0608#57.99#30.83#11.18
-90.4006,36.0593#58.03#30.84#11.13
-90.3453,36.0577#58.06#30.84#11.1
-90.2899,36.0562#58.1#30.85#11.05
-90.2345,36.0546#58.13#30.86#11.01
-90.1791,36.053#58.17#30.86#10.97
-90.1238,36.0514#58.2#30.87#10.93
-90.0684,36.0498#58.24#30.87#10.89
-90.013,36.0482#58.27#30.88#10.85
-89.9576,36.0465#58.3#30.88#10.82
-89.9023,36.0448#58.33#30.88#10.79
-89.8469,36.0431#58.36#30.88#10.76
-89.7915,36.0414#58.39#30.88#10.73
-89.7362,36.0397#58.42#30.89#10.69
-89.6808,36.038#58.45#30.89#10.66
-89.6255,36.0362#58.48#30.89#10.63
-89.5701,36.0344#58.51#30.89#10.6
-89.5148,36.0326#58.54#30.89#10.57
-89.4594,36.0308#58.57#30.87#10.56
-89.404,36.0289#58.59#30.85#10.56
-89.3487,36.0271#58.62#30.82#10.56
-89.2934,36.0252#58.64#30.8#10.56
-89.238,36.0233#58.67#30.77#10.56
-89.1827,36.0214#58.69#30.75#10.56
-89.1273,36.0195#58.72#30.72#10.56
-89.072,36.0175#58.75#30.7#10.55
-89.0166,36.0156#58.77#30.67#10.56
-88.9613,36.0136#58.79#30.63#10.58
-88.906,36.0116#58.81#30.59#10.6
-88.8506,36.0095#58.83#30.55#10.62
-88.7953,36.0075#58.86#30.51#10.63
-88.74,36.0054#58.88#30.46#10.66
-88.6847,36.0034#58.9#30.42#10.68
-88.6293,36.0013#58.92#30.38#10.7
-88.574,35.9992#58.94#30.33#10.73
-88.5187,35.997#58.96#30.29#10.75
-88.4634,35.9949#58.98#30.26#10.76
-88.4081,35.9927#59#30.23#10.77
-88.3528,35.9905#59.01#30.2#10.79
-88.2974,35.9883#59.03#30.17#10.8
-88.2421,35.9861#59.05#30.14#10.81
-88.1868,35.9838#59.07#30.11#10.82
-88.1315,35.9816#59.08#30.09#10.83
-88.0762,35.9793#59.1#30.06#10.84
-88.0209,35.977#59.12#30.03#10.85
-87.9656,35.9747#59.13#30#10.87
-87.9103,35.9724#59.15#29.98#10.87
-87.855,35.97#59.16#29.95#10.89
-87.7998,35.9676#59.18#29.93#10.89
-87.7445,35.9653#59.19#29.9#10.91
-87.6892,35.9628#59.21#29.87#10.92
-87.6339,35.9604#59.22#29.85#10.93
-87.5786,35.958#59.24#29.82#10.94
-87.5233,35.9555#59.25#29.8#10.95
-87.4681,35.953#59.27#29.75#10.98
-87.4128,35.9505#59.28#29.7#11.02
-87.3575,35.948#59.29#29.65#11.06
-87.3023,35.9455#59.31#29.59#11.1
-87.247,35.9429#59.32#29.54#11.14
-87.1917,35.9404#59.33#29.48#11.19
-87.1365,35.9378#59.35#29.42#11.23
-87.0812,35.9352#59.36#29.37#11.27
-87.026,35.9326#59.37#29.31#11.32
-86.9707,35.9299#59.38#29.31#11.31
-86.9155,35.9272#59.37#29.35#11.28
-86.8602,35.9246#59.36#29.39#11.25
-86.805,35.9219#59.36#29.44#11.2
-86.7497,35.9191#59.35#29.48#11.17
-86.6945,35.9164#59.34#29.53#11.13
-86.6393,35.9137#59.33#29.58#11.09
