-98.1872,38.9001#41.12#28.58#30.3
-98.1304,38.9012#41.25#28.57#30.18
-98.0735,38.9022#41.37#28.57#30.06
-98.0166,38.9032#41.5#28.56#29.94
-97.9597,38.9042#41.62#28.56#29.82
-97.9028,38.9051#41.74#28.56#29.7
-97.8459,38.906#41.86#28.56#29.58
-97.7891,38.907#41.98#28.57#29.45
-97.7322,38.9079#42.1#28.57#29.33
-97.6753,38.9088#42.22#28.57#29.21
-97.6184,38.9096#42.34#28.57#29.09
-97.5615,38.9105#42.46#28.58#28.96
-97.5046,38.9113#42.58#28.58#28.84
-97.4477,38.9121#42.69#28.52#28.79
-97.3908,38.9129#42.8#28.46#28.74
-97.3339,38.9137#42.92#28.4#28.68
-97.277,38.9144#43.03#28.34#28.63
-97.2201,38.9151#43.14#28.28#28.58
-97.1632,38.9159#43.26#28.22#28.52
-97.1063,38.9166#43.37#28.15#28.48
-97.0494,38.9172#43.48#28.09#28.43
-96.9925,38.9179#43.59#28.04#28.37
-96.9356,38.9185#43.7#28.03#28.27
-96.8787,38.9192#43.8#28.03#28.17
-96.8218,38.9198#43.91#28.03#28.06
-96.7649,38.9204#44.02#28.02#27.96
-96.708,38.9209#44.12#28.02#27.86
-96.6511,38.9215#44.23#28.01#27.76
-96.5942,38.922#44.33#28.01#27.66
-96.5373,38.9225#44.44#28#27.56
-96.4804,38.923#44.54#28.02#27.44
-96.4235,38.9235#44.63#28.1#27.27
-96.3666,38.9239#44.72#28.18#27.1
-96.3097,38.9244#44.82#28.26#26.92
-96.2528,38.9248#44.91#28.34#26.75
-96.1959,38.9252#45#28.41#26.59
-96.139,38.9256#45.1#28.49#26.41
-96.0821,38.9259#45.19#28.57#26.24
-96.0252,38.9263#45.29#28.65#26.06
-95.9683,38.9266#45.37#28.75#25.88
-95.9114,38.9269#45.45#28.87#25.68
-95.8544,38.9272#45.54#29#25.46
-95.7975,38.9275#45.62#29.12#25.26
-95.7406,38.9277#45.7#29.24#25.06
-95.6837,38.928#45.78#29.37#24.85
-95.6268,38.9282#45.86#29.49#24.65
-95.5699,38.9284#45.94#29.61#24.45
-95.513,38.9285#46.02#29.73#24.25
-95.4561,38.9287#46.1#29.82#24.08
-95.3992,38.9288#46.18#29.9#23.92
-95.3423,38.929#46.25#29.98#23.77
-95.2853,38.9291#46.32#30.05#23.63
-95.2284,38.9291#46.4#30.13#23.47
-95.1715,38.9292#46.47#30.21#23.32
-95.1146,38.9293#46.55#30.28#23.17
-95.0577,38.9293#46.62#30.36#23.02
-95.0008,38.9293#46.7#30.44#22.86
-94.9439,38.9293#46.76#30.47#22.77
-94.887,38.9293#46.83#30.51#22.66
-94.8301,38.9292#46.89#30.54#22.57
-94.7731,38.9291#46.96#30.57#22.47
-94.7162,38.9291#47.02#30.6#22.38
-94.6593,38.929#47.09#30.64#22.27
-94.6024,38.9288#47.16#30.67#22.17
-94.5455,38.9287#47.22#30.7#22.08
-94.4886,38.9285#47.29#30.73#21.98
-94.4317,38.9284#47.35#30.75#21.9
-94.3748,38.9282#47.41#30.77#21.82
-94.3179,38.928#47.47#30.79#21.74
-94.2609,38.9277#47.54#30.81#21.65
-94.204,38.9275#47.6#30.83#21.57
-94.1471,38.9272#47.66#30.85#21.49
-94.0902,38.9269#47.72#30.86#21.42
-94.0333,38.9266#47.78#30.88#21.34
-93.9764,38.9263#47.85#30.9#21.25
-93.9195,38.9259#47.91#30.91#21.18
-93.8626,38.9256#47.97#30.93#21.1
-93.8057,38.9252#48.04#30.94#21.02
-93.7488,38.9248#48.1#30.96#20.94
-93.6919,38.9244#48.16#30.97#20.87
-93.635,38.9239#48.23#30.99#20.78
-93.5781,38.9235#48.29#31#20.71
-93.5211,38.923#48.35#31.01#20.64
-93.4642,38.9225#48.41#31.03#20.56
-93.4073,38.922#48.47#31.04#20.49
-93.3504,38.9215#48.53#31.05#20.42
-93.2935,38.9209#48.59#31.07#20.34
-93.2366,38.9204#48.65#31.08#20.27
-93.1797,38.9198#48.71#31.09#20.2
-93.1228,38.9192#48.77#31.11#20.12
-93.0659,38.9186#48.83#31.12#20.05
-93.009,38.9179#48.88#31.13#19.99
-92.9521,38.9173#48.95#31.15#19.9
-92.8952,38.9166#49.01#31.16#19.83
-92.8383,38.9159#49.08#31.17#19.75
-92.7814,38.9152#49.14#31.18#19.68
-92.7245,38.9144#49.21#31.2#19.59
-92.6676,38.9137#49.28#31.21#19.51
-92.6108,38.9129#49.34#31.22#19.44
-92.5539,38.9121#49.41#31.23#19.36
-92.497,38.9113#49.47#31.25#19.28
-92.4401,38.9105#49.57#31.26#19.17
-92.3832,38.9096#49.68#31.27#19.05
-92.3263,38.9088#49.78#31.28#18.94
-92.2694,38.9079#49.88#31.29#18.83
-92.2125,38.907#49.98#31.3#18.72
-92.1556,38.9061#50.09#31.31#18.6
-92.0987,38.9051#50.19#31.32#18.49
-92.0419,38.9042#50.29#31.33#18.38
-91.985,38.9032#50.42#31.33#18.25
-91.9281,38.9022#50.61#31.34#18.05
-91.8712,38.9012#50.81#31.35#17.84
-91.8143,38.9002#51#31.35#17.65
-100.009,38.9016#38.09#28.91#33
-99.952,38.9032#38.15#28.9#32.95
-99.8951,38.9048#38.22#28.89#32.89
-99.8382,38.9064#38.29#28.87#32.84
-99.7814,38.908#38.35#28.86#32.79
-99.7245,38.9095#38.42#28.85#32.73
-99.6676,38.9111#38.48#28.83#32.69
-99.6108,38.9126#38.55#28.82#32.63
-99.5539,38.9141#38.61#28.81#32.58
-99.497,38.9156#38.68#28.79#32.53
-99.4402,38.917#38.75#28.78#32.47
-99.3833,38.9185#38.83#28.78#32.39
-99.3264,38.9199#38.91#28.77#32.32
-99.2695,38.9213#38.98#28.76#32.26
-99.2126,38.9227#39.06#28.75#32.19
-99.1558,38.924#39.14#28.75#32.11
-99.0989,38.9254#39.22#28.74#32.04
-99.042,38.9267#39.29#28.73#31.98
-98.9851,38.928#39.38#28.72#31.9
-98.9282,38.9293#39.51#28.71#31.78
-98.8713,38.9306#39.64#28.7#31.66
-98.8144,38.9318#39.76#28.69#31.55
-98.7576,38.9331#39.89#28.68#31.43
-98.7007,38.9343#40.01#28.67#31.32
-98.6438,38.9355#40.14#28.66#31.2
-98.5869,38.9367#40.27#28.65#31.08
-98.53,38.9378#40.39#28.64#30.97
-98.4731,38.939#40.52#28.63#30.85
-98.4162,38.9401#40.64#28.62#30.74
-98.3593,38.9412#40.77#28.61#30.62
-98.3024,38.9423#40.89#28.6#30.51
-98.2455,38.9434#41.02#28.6#30.38
-98.1886,38.9444#41.14#28.59#30.27
-98.1317,38.9454#41.26#28.58#30.16
-98.0748,38.9465#41.39#28.57#30.04
-98.0179,38.9475#41.51#28.57#29.92
-97.961,38.9484#41.63#28.57#29.8
-97.904,38.9494#41.75#28.57#29.68
-97.8471,38.9503#41.87#28.57#29.56
-97.7902,38.9512#41.99#28.58#29.43
-97.7333,38.9522#42.11#28.58#29.31
-97.6764,38.953#42.23#28.58#29.19
-97.6195,38.9539#42.34#28.58#29.08
-97.5626,38.9547#42.46#28.59#28.95
-97.5057,38.9556#42.58#28.59#28.83
-97.4487,38.9564#42.69#28.53#28.78
-97.3918,38.9572#42.8#28.47#28.73
-97.3349,38.9579#42.92#28.41#28.67
-97.278,38.9587#43.03#28.35#28.62
-97.2211,38.9594#43.14#28.29#28.57
-97.1641,38.9601#43.25#28.23#28.52
-97.1072,38.9608#43.36#28.16#28.48
-97.0503,38.9615#43.47#28.1#28.43
-96.9934,38.9622#43.58#28.05#28.37
-96.9365,38.9628#43.69#28.04#28.27
-96.8795,38.9634#43.79#28.03#28.18
-96.8226,38.9641#43.9#28.02#28.08
-96.7657,38.9646#44#28.01#27.99
-96.7088,38.9652#44.1#28#27.9
-96.6518,38.9658#44.21#27.98#27.81
-96.5949,38.9663#44.31#27.97#27.72
-96.538,38.9668#44.42#27.96#27.62
-96.481,38.9673#44.52#27.98#27.5
-96.4241,38.9678#44.61#28.06#27.33
-96.3672,38.9682#44.7#28.14#27.16
-96.3103,38.9687#44.79#28.22#26.99
-96.2533,38.9691#44.89#28.29#26.82
-96.1964,38.9695#44.98#28.37#26.65
-96.1395,38.9699#45.07#28.45#26.48
-96.0825,38.9702#45.16#28.53#26.31
-96.0256,38.9706#45.26#28.61#26.13
-95.9687,38.9709#45.34#28.71#25.95
-95.9117,38.9712#45.42#28.82#25.76
-95.8548,38.9715#45.5#28.94#25.56
-95.7979,38.9718#45.58#29.06#25.36
-95.7409,38.972#45.67#29.18#25.15
-95.684,38.9722#45.75#29.3#24.95
-95.6271,38.9724#45.83#29.42#24.75
-95.5701,38.9726#45.91#29.53#24.56
-95.5132,38.9728#45.99#29.65#24.36
-95.4563,38.973#46.06#29.74#24.2
-95.3993,38.9731#46.14#29.82#24.04
-95.3424,38.9732#46.21#29.9#23.89
-95.2855,38.9733#46.29#29.97#23.74
-95.2285,38.9734#46.36#30.05#23.59
-95.1716,38.9735#46.43#30.13#23.44
-95.1147,38.9735#46.51#30.21#23.28
-95.0577,38.9736#46.58#30.29#23.13
-95.0008,38.9736#46.66#30.37#22.97
-94.9439,38.9736#46.72#30.4#22.88
-94.8869,38.9735#46.79#30.44#22.77
-94.83,38.9735#46.85#30.47#22.68
-94.773,38.9734#46.92#30.51#22.57
-94.7161,38.9733#46.98#30.54#22.48
-94.6592,38.9732#47.05#30.58#22.37
-94.6022,38.9731#47.11#30.61#22.28
-94.5453,38.973#47.18#30.65#22.17
-94.4884,38.9728#47.24#30.68#22.08
-94.4314,38.9726#47.3#30.7#22
-94.3745,38.9725#47.37#30.72#21.91
-94.3176,38.9722#47.43#30.74#21.83
-94.2606,38.972#47.49#30.76#21.75
-94.2037,38.9718#47.55#30.78#21.67
-94.1468,38.9715#47.62#30.8#21.58
-94.0898,38.9712#47.68#30.82#21.5
-94.0329,38.9709#47.74#30.84#21.42
-93.976,38.9706#47.8#30.85#21.35
-93.919,38.9702#47.87#30.87#21.26
-93.8621,38.9699#47.93#30.88#21.19
-93.8052,38.9695#47.99#30.9#21.11
-93.7482,38.9691#48.06#30.91#21.03
-93.6913,38.9687#48.12#30.93#20.95
-93.6344,38.9682#48.18#30.95#20.87
-93.5775,38.9678#48.25#30.96#20.79
-93.5205,38.9673#48.31#30.98#20.71
-93.4636,38.9668#48.37#30.99#20.64
-93.4067,38.9663#48.43#31#20.57
-93.3497,38.9658#48.49#31.02#20.49
-93.2928,38.9652#48.55#31.03#20.42
-93.2359,38.9647#48.61#31.05#20.34
-93.179,38.9641#48.67#31.06#20.27
-93.122,38.9635#48.73#31.07#20.2
-93.0651,38.9628#48.79#31.09#20.12
-93.0082,38.9622#48.85#31.1#20.05
-92.9513,38.9615#48.91#31.12#19.97
-92.8944,38.9609#48.98#31.13#19.89
-92.8374,38.9602#49.04#31.14#19.82
-92.7805,38.9595#49.11#31.16#19.73
-92.7236,38.9587#49.17#31.17#19.66
-92.6667,38.958#49.24#31.18#19.58
-92.6098,38.9572#49.3#31.2#19.5
-92.5528,38.9564#49.37#31.21#19.42
-92.4959,38.9556#49.43#31.22#19.35
-92.439,38.9548#49.53#31.23#19.24
-92.3821,38.9539#49.63#31.24#19.13
-92.3252,38.9531#49.73#31.25#19.02
-92.2683,38.9522#49.83#31.26#18.91
-92.2114,38.9513#49.93#31.27#18.8
-92.1544,38.9504#50.03#31.28#18.69
-92.0975,38.9494#50.12#31.29#18.59
-92.0406,38.9485#50.22#31.31#18.47
-91.9837,38.9475#50.35#31.31#18.34
-91.9268,38.9465#50.54#31.32#18.14
-91.8699,38.9455#50.74#31.33#17.93
-91.813,38.9444#50.93#31.33#17.74
-91.7561,38.9434#51.13#31.34#17.53
-91.6992,38.9423#51.32#31.35#17.33
-91.6423,38.9412#51.51#31.36#17.13
-91.5854,38.9401#51.71#31.36#16.93
-91.5285,38.939#51.9#31.37#16.73
-91.4716,38.9379#52.08#31.37#16.55
-91.4147,38.9367#52.23#31.38#16.39
-91.3578,38.9355#52.39#31.38#16.23
-91.3009,38.9343#52.55#31.38#16.07
-91.244,38.9331#52.71#31.39#15.9
-91.1871,38.9319#52.86#31.39#15.75
-91.1302,38.9306#53.02#31.39#15.59
-91.0733,38.9293#53.18#31.39#15.43
-91.0165,38.9281#53.33#31.4#15.27
-90.9596,38.9267#53.47#31.4#15.13
-90.9027,38.9254#53.61#31.4#14.99
-90.8458,38.9241#53.74#31.4#14.86
-90.7889,38.9227#53.87#31.4#14.73
-90.7321,38.9213#54.01#31.4#14.59
-90.6752,38.9199#54.14#31.4#14.46
-90.6183,38.9185#54.27#31.4#14.33
-90.5614,38.9171#54.41#31.4#14.19
-90.5045,38.9156#54.54#31.4#14.06
-90.4477,38.9141#54.65#31.39#13.96
-90.3908,38.9126#54.76#31.39#13.85
-90.3339,38.9111#54.86#31.39#13.75
-90.2771,38.9096#54.97#31.39#13.64
-90.2202,38.908#55.08#31.38#13.54
-90.1633,38.9065#55.19#31.38#13.43
-90.1065,38.9049#55.3#31.38#13.32
-90.0496,38.9033#55.41#31.38#13.21
-89.9928,38.9016#55.51#31.37#13.12
-89.9359,38.9#55.6#31.37#13.03
-101.376,38.9012#36.8#29.43#33.77
-101.319,38.9033#36.85#29.41#33.74
-101.262,38.9054#36.9#29.4#33.7
-101.205,38.9074#36.96#29.39#33.65
-101.148,38.9094#37.01#29.37#33.62
-101.091,38.9114#37.07#29.36#33.57
-101.034,38.9134#37.12#29.35#33.53
-100.978,38.9154#37.18#29.33#33.49
-100.921,38.9173#37.23#29.31#33.46
-100.864,38.9192#37.29#29.28#33.43
-100.807,38.9211#37.35#29.26#33.39
-100.75,38.923#37.4#29.23#33.37
-100.693,38.9249#37.46#29.21#33.33
-100.637,38.9267#37.52#29.18#33.3
-100.58,38.9286#37.57#29.16#33.27
-100.523,38.9304#37.63#29.14#33.23
-100.466,38.9322#37.69#29.11#33.2
-100.409,38.9339#37.75#29.09#33.16
-100.352,38.9357#37.81#29.07#33.12
-100.295,38.9374#37.88#29.05#33.07
-100.238,38.9392#37.94#29.02#33.04
-100.182,38.9409#38#29#33
-100.125,38.9425#38.06#28.98#32.96
-100.068,38.9442#38.12#28.96#32.92
-100.011,38.9459#38.18#28.94#32.88
-99.954,38.9475#38.25#28.92#32.83
-99.8971,38.9491#38.31#28.91#32.78
-99.8403,38.9507#38.37#28.89#32.74
-99.7834,38.9522#38.43#28.88#32.69
-99.7265,38.9538#38.49#28.87#32.64
-99.6696,38.9553#38.55#28.85#32.6
-99.6127,38.9568#38.61#28.84#32.55
-99.5558,38.9583#38.67#28.82#32.51
-99.4989,38.9598#38.73#28.81#32.46
-99.442,38.9613#38.81#28.8#32.39
-99.3851,38.9627#38.89#28.79#32.32
-99.3282,38.9641#38.97#28.78#32.25
-99.2713,38.9655#39.04#28.77#32.19
-99.2144,38.9669#39.12#28.76#32.12
-99.1575,38.9683#39.2#28.76#32.04
-99.1006,38.9696#39.28#28.75#31.97
-99.0437,38.971#39.36#28.74#31.9
-98.9868,38.9723#39.45#28.73#31.82
-98.9299,38.9736#39.57#28.72#31.71
-98.873,38.9749#39.69#28.71#31.6
-98.816,38.9761#39.81#28.69#31.5
-98.7591,38.9773#39.94#28.68#31.38
-98.7022,38.9786#40.06#28.67#31.27
-98.6453,38.9798#40.18#28.66#31.16
-98.5884,38.9809#40.3#28.65#31.05
-98.5315,38.9821#40.42#28.64#30.94
-98.4745,38.9832#40.55#28.63#30.82
-98.4176,38.9844#40.67#28.62#30.71
-98.3607,38.9855#40.79#28.62#30.59
-98.3038,38.9866#40.92#28.61#30.47
-98.2468,38.9876#41.04#28.6#30.36
-98.1899,38.9887#41.16#28.6#30.24
-98.133,38.9897#41.28#28.59#30.13
-98.0761,38.9907#41.41#28.58#30.01
-98.0191,38.9917#41.53#28.58#29.89
-97.9622,38.9927#41.65#28.58#29.77
-97.9053,38.9937#41.77#28.58#29.65
-97.8483,38.9946#41.88#28.58#29.54
-97.7914,38.9955#42#28.58#29.42
-97.7345,38.9964#42.12#28.59#29.29
-97.6775,38.9973#42.23#28.59#29.18
-97.6206,38.9982#42.35#28.59#29.06
-97.5636,38.999#42.46#28.6#28.94
-97.5067,38.9998#42.58#28.6#28.82
-97.4498,39.0007#42.69#28.55#28.76
-97.3928,39.0014#42.8#28.48#28.72
-97.3359,39.0022#42.91#28.42#28.67
-97.2789,39.003#43.02#28.36#28.62
-97.222,39.0037#43.13#28.3#28.57
-97.1651,39.0044#43.24#28.24#28.52
-97.1081,39.0051#43.35#28.18#28.47
-97.0512,39.0058#43.46#28.11#28.43
-96.9942,39.0065#43.57#28.06#28.37
-96.9373,39.0071#43.68#28.04#28.28
-96.8803,39.0077#43.78#28.02#28.2
-96.8234,39.0083#43.88#28.01#28.11
-96.7664,39.0089#43.98#27.99#28.03
-96.7095,39.0095#44.09#27.98#27.93
-96.6525,39.01#44.19#27.96#27.85
-96.5956,39.0106#44.29#27.94#27.77
-96.5386,39.0111#44.4#27.93#27.67
-96.4817,39.0116#44.49#27.94#27.57
-96.4247,39.012#44.59#28.02#27.39
-96.3678,39.0125#44.68#28.09#27.23
-96.3108,39.0129#44.77#28.17#27.06
-96.2539,39.0133#44.86#28.25#26.89
-96.1969,39.0137#44.95#28.33#26.72
-96.1399,39.0141#45.04#28.41#26.55
-96.083,39.0145#45.13#28.49#26.38
-96.026,39.0148#45.23#28.56#26.21
-95.9691,39.0152#45.31#28.66#26.03
-95.9121,39.0155#45.39#28.77#25.84
-95.8552,39.0158#45.47#28.89#25.64
-95.7982,39.016#45.55#29#25.45
-95.7412,39.0163#45.63#29.11#25.26
-95.6843,39.0165#45.71#29.23#25.06
-95.6273,39.0167#45.79#29.34#24.87
-95.5704,39.0169#45.87#29.45#24.68
-95.5134,39.0171#45.95#29.57#24.48
-95.4565,39.0173#46.03#29.66#24.31
-95.3995,39.0174#46.1#29.73#24.17
-95.3425,39.0175#46.17#29.81#24.02
-95.2856,39.0176#46.25#29.89#23.86
-95.2286,39.0177#46.32#29.97#23.71
-95.1717,39.0178#46.4#30.05#23.55
-95.1147,39.0178#46.47#30.13#23.4
-95.0577,39.0178#46.54#30.21#23.25
-95.0008,39.0179#46.62#30.29#23.09
-94.9438,39.0178#46.68#30.33#22.99
-94.8869,39.0178#46.74#30.37#22.89
-94.8299,39.0178#46.81#30.4#22.79
-94.773,39.0177#46.87#30.44#22.69
-94.716,39.0176#46.94#30.48#22.58
-94.659,39.0175#47#30.52#22.48
-94.6021,39.0174#47.07#30.55#22.38
-94.5451,39.0173#47.13#30.59#22.28
-94.4882,39.0171#47.2#30.62#22.18
-94.4312,39.0169#47.26#30.64#22.1
-94.3742,39.0167#47.32#30.67#22.01
-94.3173,39.0165#47.38#30.69#21.93
-94.2603,39.0163#47.45#30.71#21.84
-94.2034,39.016#47.51#30.73#21.76
-94.1464,39.0158#47.57#30.75#21.68
-94.0895,39.0155#47.63#30.77#21.6
-94.0325,39.0152#47.7#30.79#21.51
-93.9755,39.0148#47.76#30.81#21.43
-93.9186,39.0145#47.82#30.83#21.35
-93.8616,39.0141#47.89#30.84#21.27
-93.8047,39.0138#47.95#30.86#21.19
-93.7477,39.0134#48.01#30.87#21.12
-93.6908,39.0129#48.08#30.89#21.03
-93.6338,39.0125#48.14#30.9#20.96
-93.5769,39.012#48.2#30.92#20.88
-93.5199,39.0116#48.27#30.94#20.79
-93.463,39.0111#48.33#30.95#20.72
-93.406,39.0106#48.39#30.97#20.64
-93.3491,39.01#48.45#30.98#20.57
-93.2921,39.0095#48.51#31#20.49
-93.2352,39.0089#48.57#31.01#20.42
-93.1782,39.0083#48.63#31.03#20.34
-93.1213,39.0077#48.69#31.04#20.27
-93.0643,39.0071#48.75#31.06#20.19
-93.0074,39.0065#48.81#31.07#20.12
-92.9504,39.0058#48.88#31.09#20.03
-92.8935,39.0051#48.94#31.1#19.96
-92.8365,39.0044#49.01#31.11#19.88
-92.7796,39.0037#49.07#31.13#19.8
-92.7226,39.003#49.13#31.14#19.73
-92.6657,39.0022#49.2#31.16#19.64
-92.6087,39.0015#49.26#31.17#19.57
-92.5518,39.0007#49.33#31.18#19.49
-92.4949,38.9999#49.39#31.2#19.41
-92.4379,38.999#49.49#31.21#19.3
-92.381,38.9982#49.58#31.22#19.2
-92.3241,38.9973#49.68#31.23#19.09
-92.2671,38.9964#49.77#31.24#18.99
-92.2102,38.9955#49.87#31.25#18.88
-92.1532,38.9946#49.97#31.26#18.77
-92.0963,38.9937#50.06#31.27#18.67
-92.0394,38.9927#50.16#31.28#18.56
-91.9824,38.9918#50.28#31.29#18.43
-91.9255,38.9908#50.47#31.3#18.23
-91.8686,38.9897#50.67#31.31#18.02
-91.8117,38.9887#50.86#31.32#17.82
-91.7547,38.9877#51.05#31.32#17.63
-91.6978,38.9866#51.24#31.33#17.43
-91.6409,38.9855#51.43#31.34#17.23
-91.584,38.9844#51.63#31.35#17.02
-91.527,38.9833#51.82#31.35#16.83
-91.4701,38.9821#51.99#31.36#16.65
-91.4132,38.981#52.15#31.36#16.49
-91.3563,38.9798#52.31#31.36#16.33
-91.2994,38.9786#52.47#31.37#16.16
-91.2424,38.9774#52.62#31.37#16.01
-91.1855,38.9761#52.78#31.37#15.85
-91.1286,38.9749#52.94#31.38#15.68
-91.0717,38.9736#53.1#31.38#15.52
-91.0148,38.9723#53.26#31.38#15.36
-90.9579,38.971#53.4#31.39#15.21
-90.901,38.9697#53.53#31.39#15.08
-90.8441,38.9683#53.67#31.39#14.94
-90.7872,38.967#53.8#31.39#14.81
-90.7303,38.9656#53.93#31.39#14.68
-90.6734,38.9642#54.07#31.39#14.54
-90.6165,38.9628#54.2#31.39#14.41
-90.5596,38.9613#54.34#31.39#14.27
-90.5027,38.9599#54.47#31.39#14.14
-90.4458,38.9584#54.58#31.39#14.03
-90.3889,38.9569#54.69#31.38#13.93
-90.332,38.9554#54.8#31.38#13.82
-90.2751,38.9538#54.91#31.38#13.71
-90.2182,38.9523#55.02#31.38#13.6
-90.1613,38.9507#55.13#31.37#13.5
-90.1044,38.9491#55.23#31.37#13.4
-90.0475,38.9475#55.34#31.37#13.29
-89.9907,38.9459#55.45#31.37#13.18
-89.9338,38.9443#55.54#31.36#13.1
-89.8769,38.9426#55.63#31.36#13.01
-89.82,38.9409#55.72#31.36#12.92
-89.7631,38.9392#55.81#31.35#12.84
-89.7063,38.9375#55.89#31.35#12.76
-89.6494,38.9357#55.98#31.35#12.67
-89.5925,38.934#56.07#31.34#12.59
-89.5357,38.9322#56.16#31.34#12.5
-89.4788,38.9304#56.24#31.34#12.42
-89.4219,38.9286#56.32#31.33#12.35
-89.3651,38.9268#56.39#31.33#12.28
-89.3082,38.9249#56.46#31.32#12.22
-89.2514,38.9231#56.54#31.32#12.14
-89.1945,38.9212#56.61#31.31#12.08
-89.1376,38.9193#56.68#31.31#12.01
-89.0808,38.9174#56.75#31.3#11.95
-89.0239,38.9154#56.83#31.3#11.87
-88.9671,38.9135#56.89#31.29#11.82
-88.9102,38.9115#56.95#31.29#11.76
-88.8534,38.9095#57.01#31.28#11.71
-88.7966,38.9075#57.07#31.28#11.65
-88.7397,38.9054#57.13#31.27#11.6
-88.6829,38.9034#57.19#31.27#11.54
-88.6261,38.9013#57.25#31.26#11.49
-102.515,38.9001#35.98#28.72#35.3
-102.458,38.9026#36.02#28.78#35.2
-102.401,38.905#36.06#28.86#35.08
-102.344,38.9074#36.1#28.93#34.97
-102.288,38.9098#36.15#29.01#34.84
-102.231,38.9122#36.19#29.08#34.73
-102.174,38.9145#36.23#29.16#34.61
-102.117,38.9168#36.27#29.23#34.5
-102.06,38.9192#36.31#29.31#34.38
-102.003,38.9215#36.35#29.38#34.27
-101.947,38.9237#36.4#29.39#34.21
-101.89,38.926#36.45#29.4#34.15
-101.833,38.9282#36.5#29.41#34.09
-101.776,38.9305#36.55#29.42#34.03
-101.719,38.9327#36.6#29.43#33.97
-101.662,38.9348#36.65#29.44#33.91
-101.606,38.937#36.71#29.45#33.84
-101.549,38.9392#36.76#29.45#33.79
-101.492,38.9413#36.81#29.46#33.73
-101.435,38.9434#36.86#29.45#33.69
-101.378,38.9455#36.92#29.43#33.65
-101.321,38.9476#36.97#29.42#33.61
-101.264,38.9496#37.02#29.41#33.57
-101.208,38.9516#37.08#29.4#33.52
-101.151,38.9537#37.13#29.39#33.48
-101.094,38.9557#37.18#29.37#33.45
-101.037,38.9576#37.24#29.36#33.4
-100.98,38.9596#37.29#29.35#33.36
-100.923,38.9615#37.35#29.32#33.33
-100.866,38.9635#37.4#29.3#33.3
-100.81,38.9654#37.46#29.27#33.27
-100.753,38.9673#37.51#29.25#33.24
-100.696,38.9691#37.57#29.23#33.2
-100.639,38.971#37.62#29.2#33.18
-100.582,38.9728#37.68#29.18#33.14
-100.525,38.9746#37.73#29.16#33.11
-100.468,38.9764#37.79#29.14#33.07
-100.411,38.9782#37.85#29.11#33.04
-100.354,38.9799#37.91#29.09#33
-100.298,38.9817#37.97#29.07#32.96
-100.241,38.9834#38.04#29.05#32.91
-100.184,38.9851#38.1#29.03#32.87
-100.127,38.9868#38.16#29#32.84
-100.07,38.9885#38.22#28.98#32.8
-100.013,38.9901#38.28#28.96#32.76
-99.9561,38.9917#38.34#28.94#32.72
-99.8992,38.9933#38.4#28.93#32.67
-99.8423,38.9949#38.45#28.91#32.64
-99.7854,38.9965#38.51#28.9#32.59
-99.7285,38.998#38.56#28.88#32.56
-99.6716,38.9996#38.62#28.87#32.51
-99.6146,39.0011#38.68#28.86#32.46
-99.5577,39.0026#38.73#28.84#32.43
-99.5008,39.0041#38.78#28.83#32.39
-99.4439,39.0055#38.86#28.82#32.32
-99.387,39.007#38.94#28.81#32.25
-99.33,39.0084#39.02#28.8#32.18
-99.2731,39.0098#39.1#28.79#32.11
-99.2162,39.0112#39.18#28.78#32.04
-99.1593,39.0126#39.26#28.77#31.97
-99.1023,39.0139#39.34#28.76#31.9
-99.0454,39.0152#39.42#28.75#31.83
-98.9885,39.0165#39.51#28.73#31.76
-98.9315,39.0178#39.63#28.72#31.65
-98.8746,39.0191#39.75#28.71#31.54
-98.8177,39.0204#39.87#28.7#31.43
-98.7607,39.0216#39.98#28.69#31.33
-98.7038,39.0228#40.1#28.68#31.22
-98.6468,39.024#40.22#28.66#31.12
-98.5899,39.0252#40.34#28.65#31.01
-98.5329,39.0264#40.46#28.64#30.9
-98.476,39.0275#40.57#28.63#30.8
-98.4191,39.0286#40.7#28.63#30.67
-98.3621,39.0297#40.82#28.62#30.56
-98.3052,39.0308#40.94#28.61#30.45
-98.2482,39.0319#41.06#28.61#30.33
-98.1913,39.0329#41.18#28.6#30.22
-98.1343,39.034#41.3#28.6#30.1
-98.0774,39.035#41.43#28.59#29.98
-98.0204,39.036#41.55#28.59#29.86
-97.9634,39.037#41.66#28.59#29.75
-97.9065,39.0379#41.78#28.59#29.63
-97.8495,39.0389#41.89#28.59#29.52
-97.7926,39.0398#42.01#28.59#29.4
-97.7356,39.0407#42.12#28.6#29.28
-97.6786,39.0416#42.24#28.6#29.16
-97.6217,39.0424#42.35#28.6#29.05
-97.5647,39.0433#42.47#28.61#28.92
-97.5078,39.0441#42.58#28.61#28.81
-97.4508,39.0449#42.69#28.56#28.75
-97.3938,39.0457#42.8#28.49#28.71
-97.3369,39.0465#42.91#28.43#28.66
-97.2799,39.0472#43.02#28.37#28.61
-97.2229,39.048#43.13#28.31#28.56
-97.166,39.0487#43.24#28.25#28.51
-97.109,39.0494#43.35#28.19#28.46
-97.052,39.0501#43.46#28.12#28.42
-96.9951,39.0507#43.56#28.07#28.37
-96.9381,39.0514#43.67#28.04#28.29
-96.8811,39.052#43.77#28.02#28.21
-96.8241,39.0526#43.87#28#28.13
-96.7672,39.0532#43.97#27.98#28.05
-96.7102,39.0537#44.07#27.96#27.97
-96.6532,39.0543#44.17#27.93#27.9
-96.5962,39.0548#44.27#27.91#27.82
-96.5393,39.0553#44.38#27.89#27.73
-96.4823,39.0558#44.47#27.9#27.63
-96.4253,39.0563#44.56#27.97#27.47
-96.3683,39.0568#44.65#28.05#27.3
-96.3114,39.0572#44.74#28.13#27.13
-96.2544,39.0576#44.83#28.21#26.96
-96.1974,39.058#44.93#28.29#26.78
-96.1404,39.0584#45.02#28.36#26.62
-96.0834,39.0588#45.11#28.44#26.45
-96.0265,39.0591#45.2#28.52#26.28
-95.9695,39.0594#45.28#28.62#26.1
-95.9125,39.0597#45.36#28.72#25.92
-95.8555,39.06#45.44#28.83#25.73
-95.7985,39.0603#45.52#28.94#25.54
-95.7416,39.0605#45.6#29.05#25.35
-95.6846,39.0608#45.68#29.16#25.16
-95.6276,39.061#45.76#29.27#24.97
-95.5706,39.0612#45.84#29.38#24.78
-95.5136,39.0614#45.92#29.48#24.6
-95.4567,39.0615#45.99#29.57#24.44
-95.3997,39.0617#46.06#29.65#24.29
-95.3427,39.0618#46.14#29.73#24.13
-95.2857,39.0619#46.21#29.81#23.98
-95.2287,39.062#46.28#29.89#23.83
-95.1717,39.062#46.36#29.98#23.66
-95.1148,39.0621#46.43#30.06#23.51
-95.0578,39.0621#46.5#30.14#23.36
-95.0008,39.0621#46.57#30.22#23.21
-94.9438,39.0621#46.64#30.26#23.1
-94.8868,39.0621#46.7#30.3#23
-94.8298,39.062#46.77#30.34#22.89
-94.7729,39.062#46.83#30.38#22.79
-94.7159,39.0619#46.9#30.41#22.69
-94.6589,39.0618#46.96#30.45#22.59
-94.6019,39.0617#47.02#30.49#22.49
-94.5449,39.0615#47.09#30.53#22.38
-94.4879,39.0614#47.15#30.57#22.28
-94.431,39.0612#47.21#30.59#22.2
-94.374,39.061#47.28#30.61#22.11
-94.317,39.0608#47.34#30.64#22.02
-94.26,39.0606#47.4#30.66#21.94
-94.203,39.0603#47.47#30.68#21.85
-94.1461,39.06#47.53#30.7#21.77
-94.0891,39.0597#47.59#30.72#21.69
-94.0321,39.0594#47.65#30.75#21.6
-93.9751,39.0591#47.72#30.77#21.51
-93.9181,39.0588#47.78#30.78#21.44
-93.8612,39.0584#47.84#30.8#21.36
-93.8042,39.058#47.91#30.82#21.27
-93.7472,39.0576#47.97#30.83#21.2
-93.6902,39.0572#48.03#30.85#21.12
-93.6332,39.0568#48.1#30.86#21.04
-93.5763,39.0563#48.16#30.88#20.96
-93.5193,39.0558#48.23#30.9#20.87
-93.4623,39.0553#48.29#30.91#20.8
-93.4053,39.0548#48.35#30.93#20.72
-93.3484,39.0543#48.41#30.95#20.64
-93.2914,39.0538#48.47#30.96#20.57
-93.2344,39.0532#48.53#30.98#20.49
-93.1774,39.0526#48.59#30.99#20.42
-93.1205,39.052#48.65#31.01#20.34
-93.0635,39.0514#48.72#31.02#20.26
-93.0065,39.0507#48.78#31.04#20.18
-92.9495,39.0501#48.84#31.06#20.1
-92.8926,39.0494#48.9#31.07#20.03
-92.8356,39.0487#48.97#31.08#19.95
-92.7786,39.048#49.03#31.1#19.87
-92.7217,39.0473#49.1#31.11#19.79
-92.6647,39.0465#49.16#31.13#19.71
-92.6077,39.0457#49.22#31.14#19.64
-92.5508,39.0449#49.29#31.16#19.55
-92.4938,39.0441#49.35#31.17#19.48
-92.4369,39.0433#49.45#31.18#19.37
-92.3799,39.0425#49.54#31.2#19.26
-92.3229,39.0416#49.63#31.21#19.16
-92.266,39.0407#49.72#31.22#19.06
-92.209,39.0398#49.81#31.23#18.96
-92.152,39.0389#49.91#31.24#18.85
-92.0951,39.0379#50#31.25#18.75
-92.0381,39.037#50.09#31.26#18.65
-91.9812,39.036#50.21#31.27#18.52
-91.9242,39.035#50.4#31.28#18.32
-91.8673,39.034#50.59#31.29#18.12
-91.8103,39.033#50.78#31.3#17.92
-91.7534,39.0319#50.97#31.31#17.72
-91.6964,39.0309#51.16#31.31#17.53
-91.6395,39.0298#51.35#31.32#17.33
-91.5825,39.0287#51.54#31.33#17.13
-91.5256,39.0275#51.73#31.34#16.93
-91.4686,39.0264#51.91#31.34#16.75
-91.4117,39.0252#52.07#31.35#16.58
-91.3547,39.0241#52.23#31.35#16.42
-91.2978,39.0229#52.39#31.35#16.26
-91.2409,39.0216#52.54#31.36#16.1
-91.1839,39.0204#52.7#31.36#15.94
-91.127,39.0191#52.86#31.36#15.78
-91.07,39.0179#53.02#31.37#15.61
-91.0131,39.0166#53.18#31.37#15.45
-90.9562,39.0153#53.32#31.37#15.31
-90.8993,39.0139#53.46#31.37#15.17
-90.8423,39.0126#53.59#31.37#15.04
-90.7854,39.0112#53.73#31.38#14.89
-90.7285,39.0098#53.86#31.38#14.76
-90.6715,39.0084#54#31.38#14.62
-90.6146,39.007#54.14#31.38#14.48
-90.5577,39.0056#54.27#31.38#14.35
-90.5008,39.0041#54.41#31.38#14.21
-90.4438,39.0026#54.52#31.38#14.1
-90.3869,39.0011#54.63#31.37#14
-90.33,38.9996#54.73#31.37#13.9
-90.2731,38.9981#54.84#31.37#13.79
-90.2162,38.9965#54.95#31.37#13.68
-90.1593,38.995#55.06#31.37#13.57
-90.1024,38.9934#55.17#31.37#13.46
-90.0455,38.9918#55.28#31.36#13.36
-89.9886,38.9901#55.39#31.36#13.25
-89.9316,38.9885#55.48#31.36#13.16
-89.8747,38.9868#55.57#31.35#13.08
-89.8178,38.9852#55.66#31.35#12.99
-89.7609,38.9835#55.75#31.35#12.9
-89.704,38.9817#55.84#31.34#12.82
-89.6472,38.98#55.93#31.34#12.73
-89.5903,38.9782#56.02#31.34#12.64
-89.5334,38.9765#56.1#31.33#12.57
-89.4765,38.9747#56.19#31.33#12.48
-89.4196,38.9729#56.26#31.33#12.41
-89.3627,38.971#56.34#31.32#12.34
-89.3058,38.9692#56.41#31.32#12.27
-89.2489,38.9673#56.48#31.31#12.21
-89.1921,38.9654#56.56#31.31#12.13
-89.1352,38.9635#56.63#31.3#12.07
-89.0783,38.9616#56.7#31.3#12
-89.0214,38.9597#56.78#31.3#11.92
-88.9646,38.9577#56.84#31.29#11.87
-88.9077,38.9557#56.9#31.29#11.81
-88.8508,38.9537#56.96#31.28#11.76
-88.794,38.9517#57.02#31.28#11.7
-88.7371,38.9497#57.08#31.27#11.65
-88.6802,38.9476#57.14#31.27#11.59
-88.6234,38.9455#57.2#31.26#11.54
-88.5665,38.9434#57.26#31.25#11.49
-88.5097,38.9413#57.32#31.25#11.43
-88.4528,38.9392#57.37#31.24#11.39
-88.396,38.9371#57.42#31.24#11.34
-88.3391,38.9349#57.47#31.23#11.3
-88.2823,38.9327#57.52#31.22#11.26
-88.2254,38.9305#57.57#31.22#11.21
-88.1686,38.9283#57.61#31.21#11.18
-88.1118,38.9261#57.66#31.21#11.13
-88.0549,38.9238#57.71#31.2#11.09
-87.9981,38.9215#57.76#31.19#11.05
-87.9413,38.9192#57.8#31.19#11.01
-87.8844,38.9169#57.84#31.18#10.98
-87.8276,38.9146#57.88#31.17#10.95
-87.7708,38.9122#57.92#31.16#10.92
-87.714,38.9099#57.97#31.16#10.87
-87.6571,38.9075#58.01#31.15#10.84
-87.6003,38.9051#58.05#31.14#10.81
-87.5435,38.9026#58.09#31.13#10.78
-87.4867,38.9002#58.13#31.12#10.75
-103.484,38.9#35.75#29.24#35.01
-103.427,38.9027#35.76#29.15#35.09
-103.37,38.9055#35.78#29.06#35.16
-103.313,38.9082#35.8#28.97#35.23
-103.257,38.9109#35.82#28.88#35.3
-103.2,38.9136#35.83#28.8#35.37
-103.143,38.9162#35.85#28.71#35.44
-103.086,38.9189#35.87#28.63#35.5
-103.029,38.9215#35.89#28.54#35.57
-102.973,38.9241#35.91#28.51#35.58
-102.916,38.9267#35.94#28.54#35.52
-102.859,38.9293#35.97#28.57#35.46
-102.802,38.9319#35.99#28.59#35.42
-102.745,38.9344#36.02#28.62#35.36
-102.688,38.9369#36.05#28.65#35.3
-102.632,38.9394#36.08#28.67#35.25
-102.575,38.9419#36.1#28.7#35.2
-102.518,38.9444#36.13#28.73#35.14
-102.461,38.9468#36.17#28.78#35.05
-102.404,38.9492#36.21#28.86#34.93
-102.348,38.9516#36.25#28.93#34.82
-102.291,38.954#36.29#29.01#34.7
-102.234,38.9564#36.33#29.08#34.59
-102.177,38.9587#36.36#29.15#34.49
-102.12,38.9611#36.4#29.23#34.37
-102.063,38.9634#36.44#29.3#34.26
-102.006,38.9657#36.48#29.37#34.15
-101.95,38.968#36.53#29.39#34.08
-101.893,38.9702#36.58#29.4#34.02
-101.836,38.9725#36.63#29.41#33.96
-101.779,38.9747#36.68#29.42#33.9
-101.722,38.9769#36.73#29.43#33.84
-101.665,38.9791#36.78#29.44#33.78
-101.608,38.9812#36.83#29.45#33.72
-101.552,38.9834#36.88#29.46#33.66
-101.495,38.9855#36.93#29.46#33.61
-101.438,38.9876#36.98#29.45#33.57
-101.381,38.9897#37.04#29.44#33.52
-101.324,38.9918#37.09#29.43#33.48
-101.267,38.9938#37.14#29.42#33.44
-101.21,38.9959#37.19#29.41#33.4
-101.153,38.9979#37.25#29.4#33.35
-101.096,38.9999#37.3#29.39#33.31
-101.04,39.0019#37.35#29.37#33.28
-100.983,39.0038#37.4#29.36#33.24
-100.926,39.0058#37.46#29.34#33.2
-100.869,39.0077#37.51#29.32#33.17
-100.812,39.0096#37.57#29.29#33.14
-100.755,39.0115#37.62#29.27#33.11
-100.698,39.0134#37.67#29.25#33.08
-100.641,39.0152#37.73#29.23#33.04
-100.584,39.017#37.78#29.2#33.02
-100.527,39.0189#37.83#29.18#32.99
-100.471,39.0207#37.89#29.16#32.95
-100.414,39.0224#37.95#29.14#32.91
-100.357,39.0242#38.01#29.12#32.87
-100.3,39.0259#38.07#29.09#32.84
-100.243,39.0276#38.13#29.07#32.8
-100.186,39.0293#38.2#29.05#32.75
-100.129,39.031#38.26#29.03#32.71
-100.072,39.0327#38.32#29#32.68
-100.015,39.0343#38.38#28.98#32.64
-99.9582,39.036#38.43#28.96#32.61
-99.9013,39.0376#38.48#28.95#32.57
-99.8443,39.0392#38.54#28.93#32.53
-99.7874,39.0407#38.59#28.92#32.49
-99.7305,39.0423#38.64#28.9#32.46
-99.6735,39.0438#38.69#28.89#32.42
-99.6166,39.0453#38.74#28.87#32.39
-99.5596,39.0468#38.79#28.86#32.35
-99.5027,39.0483#38.84#28.84#32.32
-99.4458,39.0498#38.92#28.83#32.25
-99.3888,39.0512#39#28.82#32.18
-99.3319,39.0526#39.08#28.81#32.11
-99.2749,39.054#39.16#28.8#32.04
-99.218,39.0554#39.24#28.79#31.97
-99.161,39.0568#39.32#28.78#31.9
-99.104,39.0581#39.4#28.76#31.84
-99.0471,39.0595#39.49#28.75#31.76
-98.9901,39.0608#39.57#28.74#31.69
-98.9332,39.0621#39.69#28.73#31.58
-98.8762,39.0634#39.8#28.72#31.48
-98.8193,39.0646#39.92#28.71#31.37
-98.7623,39.0658#40.03#28.69#31.28
-98.7053,39.0671#40.15#28.68#31.17
-98.6484,39.0683#40.26#28.67#31.07
-98.5914,39.0694#40.37#28.66#30.97
-98.5344,39.0706#40.49#28.64#30.87
-98.4775,39.0718#40.6#28.63#30.77
-98.4205,39.0729#40.72#28.63#30.65
-98.3635,39.074#40.84#28.62#30.54
-98.3065,39.0751#40.96#28.62#30.42
-98.2496,39.0761#41.08#28.61#30.31
-98.1926,39.0772#41.2#28.61#30.19
-98.1356,39.0782#41.32#28.6#30.08
-98.0786,39.0792#41.44#28.6#29.96
-98.0217,39.0802#41.56#28.59#29.85
-97.9647,39.0812#41.68#28.59#29.73
-97.9077,39.0822#41.79#28.6#29.61
-97.8507,39.0831#41.91#28.6#29.49
-97.7937,39.084#42.02#28.6#29.38
-97.7368,39.0849#42.13#28.61#29.26
-97.6798,39.0858#42.24#28.61#29.15
-97.6228,39.0867#42.36#28.61#29.03
-97.5658,39.0875#42.47#28.62#28.91
-97.5088,39.0884#42.58#28.62#28.8
-97.4518,39.0892#42.69#28.57#28.74
-97.3948,39.09#42.8#28.51#28.69
-97.3378,39.0907#42.91#28.44#28.65
-97.2809,39.0915#43.02#28.38#28.6
-97.2239,39.0922#43.12#28.32#28.56
-97.1669,39.0929#43.23#28.26#28.51
-97.1099,39.0936#43.34#28.2#28.46
-97.0529,39.0943#43.45#28.14#28.41
-96.9959,39.095#43.55#28.08#28.37
-96.9389,39.0956#43.65#28.05#28.3
-96.8819,39.0962#43.75#28.02#28.23
-96.8249,39.0968#43.85#27.99#28.16
-96.7679,39.0974#43.95#27.96#28.09
-96.7109,39.098#44.05#27.94#28.01
-96.6539,39.0985#44.16#27.91#27.93
-96.5969,39.0991#44.26#27.88#27.86
-96.5399,39.0996#44.36#27.85#27.79
-96.4829,39.1001#44.45#27.85#27.7
-96.4259,39.1006#44.54#27.93#27.53
-96.3689,39.101#44.63#28.01#27.36
-96.3119,39.1014#44.72#28.09#27.19
-96.2549,39.1019#44.81#28.17#27.02
-96.1979,39.1023#44.9#28.24#26.86
-96.1409,39.1027#44.99#28.32#26.69
-96.0839,39.103#45.08#28.4#26.52
-96.0269,39.1034#45.17#28.48#26.35
-95.9699,39.1037#45.25#28.57#26.18
-95.9129,39.104#45.33#28.67#26
-95.8559,39.1043#45.41#28.78#25.81
-95.7989,39.1045#45.49#28.88#25.63
-95.7419,39.1048#45.57#28.99#25.44
-95.6849,39.105#45.64#29.09#25.27
-95.6279,39.1052#45.72#29.19#25.09
-95.5709,39.1054#45.8#29.3#24.9
-95.5138,39.1056#45.88#29.4#24.72
-95.4568,39.1058#45.96#29.49#24.55
-95.3998,39.1059#46.03#29.57#24.4
-95.3428,39.106#46.1#29.65#24.25
-95.2858,39.1061#46.17#29.73#24.1
-95.2288,39.1062#46.24#29.82#23.94
-95.1718,39.1063#46.32#29.9#23.78
-95.1148,39.1063#46.39#29.98#23.63
-95.0578,39.1064#46.46#30.06#23.48
-95.0008,39.1064#46.53#30.14#23.33
-94.9438,39.1064#46.6#30.19#23.21
-94.8868,39.1063#46.66#30.23#23.11
-94.8298,39.1063#46.72#30.27#23.01
-94.7728,39.1062#46.79#30.31#22.9
-94.7158,39.1061#46.85#30.35#22.8
-94.6587,39.106#46.92#30.39#22.69
-94.6017,39.1059#46.98#30.43#22.59
-94.5447,39.1058#47.04#30.48#22.48
-94.4877,39.1056#47.11#30.51#22.38
-94.4307,39.1054#47.17#30.54#22.29
-94.3737,39.1053#47.23#30.56#22.21
-94.3167,39.105#47.3#30.58#22.12
-94.2597,39.1048#47.36#30.61#22.03
-94.2027,39.1046#47.42#30.63#21.95
-94.1457,39.1043#47.48#30.65#21.87
-94.0887,39.104#47.55#30.68#21.77
-94.0317,39.1037#47.61#30.7#21.69
-93.9747,39.1034#47.67#30.72#21.61
-93.9177,39.103#47.74#30.74#21.52
-93.8607,39.1027#47.8#30.76#21.44
-93.8037,39.1023#47.86#30.77#21.37
-93.7467,39.1019#47.93#30.79#21.28
-93.6897,39.1015#47.99#30.81#21.2
-93.6327,39.101#48.06#30.82#21.12
-93.5757,39.1006#48.12#30.84#21.04
-93.5187,39.1001#48.18#30.86#20.96
-93.4617,39.0996#48.25#30.88#20.87
-93.4047,39.0991#48.31#30.89#20.8
-93.3477,39.0986#48.37#30.91#20.72
-93.2907,39.098#48.43#30.93#20.64
-93.2337,39.0974#48.49#30.94#20.57
-93.1767,39.0969#48.56#30.96#20.48
-93.1197,39.0963#48.62#30.98#20.4
-93.0627,39.0956#48.68#30.99#20.33
-93.0057,39.095#48.74#31.01#20.25
-92.9487,39.0943#48.8#31.03#20.17
-92.8917,39.0937#48.87#31.04#20.09
-92.8347,39.093#48.93#31.06#20.01
-92.7777,39.0922#48.99#31.07#19.94
-92.7207,39.0915#49.06#31.09#19.85
-92.6637,39.0908#49.12#31.1#19.78
-92.6067,39.09#49.18#31.12#19.7
-92.5497,39.0892#49.25#31.13#19.62
-92.4928,39.0884#49.31#31.15#19.54
-92.4358,39.0876#49.4#31.16#19.44
-92.3788,39.0867#49.49#31.17#19.34
-92.3218,39.0858#49.58#31.18#19.24
-92.2648,39.085#49.67#31.2#19.13
-92.2078,39.0841#49.76#31.21#19.03
-92.1509,39.0831#49.85#31.22#18.93
-92.0939,39.0822#49.93#31.23#18.84
-92.0369,39.0812#50.02#31.24#18.74
-91.9799,39.0803#50.15#31.25#18.6
-91.9229,39.0793#50.33#31.26#18.41
-91.866,39.0783#50.52#31.27#18.21
-91.809,39.0772#50.71#31.28#18.01
-91.752,39.0762#50.9#31.29#17.81
-91.695,39.0751#51.09#31.3#17.61
-91.6381,39.074#51.27#31.3#17.43
-91.5811,39.0729#51.46#31.31#17.23
-91.5241,39.0718#51.65#31.32#17.03
-91.4671,39.0706#51.82#31.33#16.85
-91.4102,39.0695#51.98#31.33#16.69
-91.3532,39.0683#52.14#31.33#16.53
-91.2962,39.0671#52.3#31.34#16.36
-91.2393,39.0659#52.46#31.34#16.2
-91.1823,39.0646#52.62#31.35#16.03
-91.1254,39.0634#52.78#31.35#15.87
-91.0684,39.0621#52.94#31.36#15.7
-91.0114,39.0608#53.1#31.36#15.54
-90.9545,39.0595#53.25#31.36#15.39
-90.8975,39.0582#53.38#31.36#15.26
-90.8406,39.0568#53.52#31.36#15.12
-90.7836,39.0555#53.66#31.36#14.98
-90.7267,39.0541#53.79#31.37#14.84
-90.6697,39.0527#53.93#31.37#14.7
-90.6128,39.0513#54.07#31.37#14.56
-90.5558,39.0498#54.2#31.37#14.43
-90.4989,39.0484#54.34#31.37#14.29
-90.4419,39.0469#54.45#31.37#14.18
-90.385,39.0454#54.56#31.37#14.07
-90.3281,39.0439#54.67#31.36#13.97
-90.2711,39.0423#54.78#31.36#13.86
-90.2142,39.0408#54.89#31.36#13.75
-90.1572,39.0392#55#31.36#13.64
-90.1003,39.0376#55.11#31.36#13.53
-90.0434,39.036#55.22#31.36#13.42
-89.9864,39.0344#55.32#31.35#13.33
-89.9295,39.0327#55.41#31.35#13.24
-89.8726,39.0311#55.51#31.35#13.14
-89.8157,39.0294#55.6#31.35#13.05
-89.7587,39.0277#55.69#31.34#12.97
-89.7018,39.026#55.78#31.34#12.88
-89.6449,39.0242#55.87#31.34#12.79
-89.588,39.0225#55.96#31.33#12.71
-89.5311,39.0207#56.05#31.33#12.62
-89.4742,39.0189#56.13#31.33#12.54
-89.4172,39.0171#56.21#31.32#12.47
-89.3603,39.0153#56.28#31.32#12.4
-89.3034,39.0134#56.36#31.31#12.33
-89.2465,39.0115#56.43#31.31#12.26
-89.1896,39.0097#56.51#31.31#12.18
-89.1327,39.0078#56.58#31.3#12.12
-89.0758,39.0058#56.65#31.3#12.05
-89.0189,39.0039#56.73#31.29#11.98
-88.962,39.0019#56.8#31.29#11.91
-88.9051,38.9999#56.86#31.28#11.86
-88.8482,38.998#56.92#31.28#11.8
-88.7914,38.9959#56.98#31.27#11.75
-88.7345,38.9939#57.04#31.27#11.69
-88.6776,38.9918#57.1#31.26#11.64
-88.6207,38.9898#57.16#31.26#11.58
-88.5638,38.9877#57.22#31.25#11.53
-88.5069,38.9856#57.28#31.25#11.47
-88.4501,38.9834#57.33#31.24#11.43
-88.3932,38.9813#57.38#31.24#11.38
-88.3363,38.9791#57.43#31.23#11.34
-88.2795,38.9769#57.48#31.22#11.3
-88.2226,38.9747#57.53#31.22#11.25
-88.1657,38.9725#57.58#31.21#11.21
-88.1089,38.9703#57.63#31.21#11.16
-88.052,38.968#57.68#31.2#11.12
-87.9951,38.9657#57.73#31.19#11.08
-87.9383,38.9635#57.77#31.19#11.04
-87.8814,38.9611#57.82#31.18#11
-87.8246,38.9588#57.86#31.17#10.97
-87.7677,38.9565#57.9#31.16#10.94
-87.7109,38.9541#57.95#31.16#10.89
-87.6541,38.9517#57.99#31.15#10.86
-87.5972,38.9493#58.03#31.14#10.83
-87.5404,38.9469#58.07#31.13#10.8
-87.4836,38.9444#58.12#31.12#10.76
-87.4267,38.942#58.16#31.12#10.72
-87.3699,38.9395#58.2#31.11#10.69
-87.3131,38.937#58.24#31.1#10.66
-87.2562,38.9345#58.28#31.09#10.63
-87.1994,38.9319#58.32#31.08#10.6
-87.1426,38.9294#58.37#31.07#10.56
-87.0858,38.9268#58.41#31.06#10.53
-87.029,38.9242#58.45#31.05#10.5
-86.9722,38.9216#58.49#31.04#10.47
-86.9154,38.919#58.52#31.03#10.45
-86.8586,38.9163#58.56#31.02#10.42
-86.8018,38.9136#58.59#31.01#10.4
-86.745,38.911#58.63#31#10.37
-86.6882,38.9083#58.67#30.99#10.34
-86.6314,38.9055#58.7#30.98#10.32
-86.5746,38.9028#58.74#30.97#10.29
-86.5178,38.9#58.77#30.96#10.27
-104.339,38.9005#35.98#29.61#34.41
-104.282,38.9036#35.96#29.6#34.44
-104.226,38.9066#35.95#29.59#34.46
-104.169,38.9096#35.94#29.58#34.48
-104.112,38.9126#35.92#29.56#34.52
-104.055,38.9155#35.91#29.55#34.54
-103.998,38.9185#35.89#29.54#34.57
-103.942,38.9214#35.9#29.5#34.6
-103.885,38.9243#35.9#29.46#34.64
-103.828,38.9272#35.9#29.42#34.68
-103.771,38.9301#35.9#29.38#34.72
-103.715,38.9329#35.91#29.35#34.74
-103.658,38.9358#35.91#29.31#34.78
-103.601,38.9386#35.91#29.27#34.82
-103.544,38.9414#35.91#29.24#34.85
-103.487,38.9442#35.92#29.19#34.89
-103.431,38.9469#35.93#29.11#34.96
-103.374,38.9497#35.95#29.02#35.03
-103.317,38.9524#35.97#28.94#35.09
-103.26,38.9551#35.98#28.86#35.16
-103.203,38.9578#36#28.78#35.22
-103.146,38.9604#36.02#28.7#35.28
-103.09,38.9631#36.03#28.62#35.35
-103.033,38.9657#36.05#28.54#35.41
-102.976,38.9683#36.07#28.51#35.42
-102.919,38.9709#36.09#28.54#35.37
-102.862,38.9735#36.12#28.56#35.32
-102.805,38.9761#36.15#28.59#35.26
-102.749,38.9786#36.17#28.62#35.21
-102.692,38.9811#36.2#28.64#35.16
-102.635,38.9836#36.23#28.67#35.1
-102.578,38.9861#36.25#28.7#35.05
-102.521,38.9886#36.28#28.73#34.99
-102.464,38.991#36.31#28.78#34.91
-102.407,38.9934#36.35#28.86#34.79
-102.351,38.9958#36.39#28.93#34.68
-102.294,38.9982#36.43#29#34.57
-102.237,39.0006#36.46#29.08#34.46
-102.18,39.003#36.5#29.15#34.35
-102.123,39.0053#36.54#29.22#34.24
-102.066,39.0076#36.58#29.3#34.12
-102.009,39.0099#36.62#29.37#34.01
-101.952,39.0122#36.66#29.39#33.95
-101.896,39.0144#36.71#29.4#33.89
-101.839,39.0167#36.76#29.41#33.83
-101.782,39.0189#36.81#29.42#33.77
-101.725,39.0211#36.86#29.43#33.71
-101.668,39.0233#36.91#29.44#33.65
-101.611,39.0255#36.96#29.45#33.59
-101.554,39.0276#37#29.46#33.54
-101.497,39.0297#37.05#29.47#33.48
-101.44,39.0318#37.1#29.46#33.44
-101.384,39.0339#37.16#29.45#33.39
-101.327,39.036#37.21#29.44#33.35
-101.27,39.0381#37.26#29.43#33.31
-101.213,39.0401#37.31#29.42#33.27
-101.156,39.0421#37.36#29.41#33.23
-101.099,39.0441#37.41#29.4#33.19
-101.042,39.0461#37.46#29.39#33.15
-100.985,39.0481#37.52#29.37#33.11
-100.928,39.05#37.57#29.35#33.08
-100.871,39.0519#37.62#29.33#33.05
-100.814,39.0538#37.68#29.31#33.01
-100.757,39.0557#37.73#29.29#32.98
-100.701,39.0576#37.78#29.27#32.95
-100.644,39.0594#37.83#29.25#32.92
-100.587,39.0613#37.88#29.23#32.89
-100.53,39.0631#37.94#29.2#32.86
-100.473,39.0649#37.99#29.18#32.83
-100.416,39.0667#38.05#29.16#32.79
-100.359,39.0684#38.11#29.14#32.75
-100.302,39.0702#38.17#29.12#32.71
-100.245,39.0719#38.23#29.09#32.68
-100.188,39.0736#38.29#29.07#32.64
-100.131,39.0753#38.35#29.05#32.6
-100.074,39.0769#38.41#29.03#32.56
-100.017,39.0786#38.47#29#32.53
-99.9603,39.0802#38.52#28.99#32.49
-99.9033,39.0818#38.57#28.97#32.46
-99.8464,39.0834#38.62#28.95#32.43
-99.7894,39.085#38.67#28.94#32.39
