-97.9912,45.9002#42.68#30.14#27.18
-97.9302,45.9011#42.65#30.18#27.17
-97.8692,45.9021#42.62#30.21#27.17
-97.8082,45.9029#42.6#30.25#27.15
-97.7472,45.9038#42.57#30.29#27.14
-97.6862,45.9047#42.54#30.32#27.14
-97.6252,45.9055#42.51#30.36#27.13
-97.5641,45.9063#42.49#30.4#27.11
-97.5031,45.9071#42.46#30.43#27.11
-97.4421,45.9079#42.43#30.38#27.19
-97.3811,45.9086#42.41#30.33#27.26
-97.3201,45.9094#42.38#30.28#27.34
-97.259,45.9101#42.36#30.22#27.42
-97.198,45.9108#42.33#30.17#27.5
-97.137,45.9115#42.3#30.12#27.58
-97.076,45.9121#42.28#30.07#27.65
-97.015,45.9128#42.25#30.01#27.74
-96.9539,45.9134#42.22#29.92#27.86
-96.8929,45.914#42.2#29.81#27.99
-96.8319,45.9146#42.17#29.7#28.13
-96.7708,45.9151#42.14#29.59#28.27
-96.7098,45.9157#42.11#29.49#28.4
-96.6488,45.9162#42.09#29.38#28.53
-96.5878,45.9167#42.06#29.27#28.67
-96.5267,45.9172#42.03#29.16#28.81
-96.4657,45.9177#42#29.03#28.97
-96.4047,45.9181#41.97#28.89#29.14
-96.3436,45.9185#41.94#28.75#29.31
-96.2826,45.919#41.91#28.6#29.49
-96.2216,45.9194#41.87#28.46#29.67
-96.1605,45.9197#41.84#28.31#29.85
-96.0995,45.9201#41.81#28.17#30.02
-96.0385,45.9204#41.78#28.02#30.2
-95.9774,45.9207#41.75#27.89#30.36
-95.9164,45.921#41.71#27.76#30.53
-95.8554,45.9213#41.67#27.64#30.69
-95.7943,45.9216#41.64#27.51#30.85
-95.7333,45.9218#41.6#27.39#31.01
-95.6723,45.922#41.56#27.26#31.18
-95.6112,45.9222#41.53#27.14#31.33
-95.5502,45.9224#41.49#27.01#31.5
-95.4891,45.9226#41.45#26.9#31.65
-95.4281,45.9227#41.41#26.84#31.75
-95.3671,45.9228#41.37#26.78#31.85
-95.306,45.9229#41.33#26.72#31.95
-95.245,45.923#41.29#26.66#32.05
-95.184,45.9231#41.25#26.6#32.15
-95.1229,45.9231#41.2#26.54#32.26
-95.0619,45.9232#41.16#26.48#32.36
-95.0008,45.9232#41.12#26.41#32.47
-94.9398,45.9232#41.07#26.39#32.54
-94.8788,45.9231#41.03#26.37#32.6
-94.8177,45.9231#40.98#26.34#32.68
-94.7567,45.923#40.94#26.32#32.74
-94.6957,45.9229#40.89#26.3#32.81
-94.6346,45.9228#40.84#26.27#32.89
-94.5736,45.9227#40.8#26.25#32.95
-94.5125,45.9226#40.75#26.23#33.02
-94.4515,45.9224#40.69#26.22#33.09
-94.3905,45.9222#40.63#26.21#33.16
-94.3294,45.922#40.58#26.2#33.22
-94.2684,45.9218#40.52#26.19#33.29
-94.2074,45.9216#40.46#26.19#33.35
-94.1463,45.9213#40.4#26.18#33.42
-94.0853,45.921#40.34#26.17#33.49
-94.0242,45.9207#40.28#26.16#33.56
-93.9632,45.9204#40.22#26.16#33.62
-93.9022,45.9201#40.17#26.15#33.68
-93.8411,45.9197#40.12#26.15#33.73
-93.7801,45.9194#40.07#26.15#33.78
-93.7191,45.919#40.02#26.15#33.83
-93.658,45.9186#39.96#26.14#33.9
-93.597,45.9181#39.91#26.14#33.95
-93.536,45.9177#39.86#26.14#34
-93.475,45.9172#39.81#26.13#34.06
-93.4139,45.9167#39.77#26.13#34.1
-93.3529,45.9162#39.73#26.13#34.14
-93.2919,45.9157#39.69#26.13#34.18
-93.2308,45.9151#39.64#26.13#34.23
-93.1698,45.9146#39.6#26.13#34.27
-93.1088,45.914#39.56#26.13#34.31
-93.0478,45.9134#39.52#26.13#34.35
-92.9867,45.9128#39.48#26.13#34.39
-92.9257,45.9121#39.46#26.12#34.42
-92.8647,45.9115#39.43#26.12#34.45
-92.8037,45.9108#39.41#26.12#34.47
-92.7426,45.9101#39.39#26.12#34.49
-92.6816,45.9094#39.37#26.12#34.51
-92.6206,45.9087#39.34#26.12#34.54
-92.5596,45.9079#39.32#26.12#34.56
-92.4986,45.9071#39.3#26.12#34.58
-92.4375,45.9063#39.29#26.12#34.59
-92.3765,45.9055#39.28#26.12#34.6
-92.3155,45.9047#39.28#26.12#34.6
-92.2545,45.9038#39.27#26.12#34.61
-92.1935,45.903#39.26#26.12#34.62
-92.1325,45.9021#39.25#26.12#34.63
-92.0715,45.9012#39.24#26.12#34.64
-92.0105,45.9002#39.24#26.12#34.64
-100.006,45.9014#43.6#30.5#25.9
-99.945,45.9029#43.57#30.48#25.95
-99.884,45.9045#43.54#30.45#26.01
-99.823,45.906#43.51#30.43#26.06
-99.762,45.9075#43.48#30.41#26.11
-99.701,45.909#43.45#30.39#26.16
-99.64,45.9104#43.42#30.37#26.21
-99.579,45.9119#43.39#30.34#26.27
-99.518,45.9133#43.37#30.32#26.31
-99.457,45.9147#43.34#30.29#26.37
-99.396,45.9161#43.31#30.26#26.43
-99.335,45.9174#43.28#30.23#26.49
-99.274,45.9188#43.25#30.2#26.55
-99.213,45.9201#43.22#30.17#26.61
-99.152,45.9214#43.19#30.14#26.67
-99.091,45.9227#43.17#30.11#26.72
-99.03,45.924#43.14#30.07#26.79
-98.969,45.9252#43.11#30.05#26.84
-98.908,45.9265#43.08#30.04#26.88
-98.8469,45.9277#43.05#30.03#26.92
-98.7859,45.9289#43.02#30.02#26.96
-98.7249,45.9301#43#30.01#26.99
-98.6639,45.9312#42.97#30#27.03
-98.6029,45.9324#42.94#29.98#27.08
-98.5418,45.9335#42.91#29.97#27.12
-98.4808,45.9346#42.88#29.97#27.15
-98.4198,45.9357#42.85#29.99#27.16
-98.3588,45.9367#42.82#30.01#27.17
-98.2977,45.9378#42.8#30.02#27.18
-98.2367,45.9388#42.77#30.04#27.19
-98.1757,45.9398#42.74#30.06#27.2
-98.1146,45.9408#42.71#30.08#27.21
-98.0536,45.9417#42.68#30.09#27.23
-97.9926,45.9427#42.65#30.11#27.24
-97.9315,45.9436#42.62#30.15#27.23
-97.8705,45.9445#42.59#30.18#27.23
-97.8095,45.9454#42.57#30.22#27.21
-97.7484,45.9463#42.54#30.25#27.21
-97.6874,45.9471#42.51#30.29#27.2
-97.6263,45.948#42.49#30.32#27.19
-97.5653,45.9488#42.46#30.36#27.18
-97.5043,45.9496#42.43#30.39#27.18
-97.4432,45.9503#42.41#30.35#27.24
-97.3822,45.9511#42.38#30.31#27.31
-97.3211,45.9518#42.35#30.26#27.39
-97.2601,45.9526#42.33#30.22#27.45
-97.199,45.9533#42.3#30.17#27.53
-97.138,45.9539#42.27#30.13#27.6
-97.0769,45.9546#42.25#30.08#27.67
-97.0159,45.9552#42.22#30.04#27.74
-96.9548,45.9559#42.2#29.95#27.85
-96.8938,45.9565#42.17#29.84#27.99
-96.8327,45.957#42.14#29.74#28.12
-96.7716,45.9576#42.11#29.63#28.26
-96.7106,45.9581#42.08#29.53#28.39
-96.6495,45.9587#42.06#29.42#28.52
-96.5885,45.9592#42.03#29.32#28.65
-96.5274,45.9597#42#29.21#28.79
-96.4664,45.9601#41.97#29.09#28.94
-96.4053,45.9606#41.94#28.95#29.11
-96.3442,45.961#41.91#28.82#29.27
-96.2832,45.9614#41.87#28.68#29.45
-96.2221,45.9618#41.84#28.54#29.62
-96.1611,45.9622#41.81#28.4#29.79
-96.1,45.9625#41.78#28.27#29.95
-96.0389,45.9629#41.75#28.13#30.12
-95.9779,45.9632#41.71#28#30.29
-95.9168,45.9635#41.68#27.87#30.45
-95.8558,45.9638#41.64#27.74#30.62
-95.7947,45.964#41.6#27.61#30.79
-95.7336,45.9643#41.57#27.48#30.95
-95.6726,45.9645#41.53#27.35#31.12
-95.6115,45.9647#41.49#27.22#31.29
-95.5504,45.9649#41.45#27.09#31.46
-95.4894,45.965#41.42#26.97#31.61
-95.4283,45.9652#41.37#26.9#31.73
-95.3672,45.9653#41.33#26.83#31.84
-95.3062,45.9654#41.29#26.77#31.94
-95.2451,45.9655#41.25#26.7#32.05
-95.184,45.9656#41.21#26.63#32.16
-95.123,45.9656#41.16#26.57#32.27
-95.0619,45.9656#41.12#26.5#32.38
-95.0008,45.9656#41.08#26.44#32.48
-94.9398,45.9656#41.03#26.41#32.56
-94.8787,45.9656#40.99#26.39#32.62
-94.8176,45.9656#40.94#26.36#32.7
-94.7566,45.9655#40.89#26.34#32.77
-94.6955,45.9654#40.85#26.31#32.84
-94.6345,45.9653#40.8#26.29#32.91
-94.5734,45.9652#40.75#26.26#32.99
-94.5123,45.965#40.7#26.24#33.06
-94.4513,45.9649#40.65#26.23#33.12
-94.3902,45.9647#40.59#26.22#33.19
-94.3291,45.9645#40.52#26.21#33.27
-94.2681,45.9643#40.46#26.2#33.34
-94.207,45.964#40.4#26.2#33.4
-94.1459,45.9638#40.34#26.19#33.47
-94.0849,45.9635#40.28#26.18#33.54
-94.0238,45.9632#40.22#26.17#33.61
-93.9627,45.9629#40.16#26.17#33.67
-93.9017,45.9626#40.11#26.16#33.73
-93.8406,45.9622#40.05#26.16#33.79
-93.7796,45.9618#39.99#26.16#33.85
-93.7185,45.9614#39.94#26.15#33.91
-93.6574,45.961#39.88#26.15#33.97
-93.5964,45.9606#39.83#26.15#34.02
-93.5353,45.9601#39.77#26.15#34.08
-93.4743,45.9597#39.72#26.14#34.14
-93.4132,45.9592#39.68#26.14#34.18
-93.3522,45.9587#39.64#26.14#34.22
-93.2911,45.9582#39.59#26.14#34.27
-93.23,45.9576#39.55#26.14#34.31
-93.169,45.9571#39.51#26.14#34.35
-93.1079,45.9565#39.46#26.14#34.4
-93.0469,45.9559#39.42#26.14#34.44
-92.9858,45.9552#39.38#26.13#34.49
-92.9248,45.9546#39.36#26.13#34.51
-92.8637,45.9539#39.34#26.13#34.53
-92.8027,45.9533#39.32#26.13#34.55
-92.7416,45.9526#39.29#26.13#34.58
-92.6806,45.9519#39.27#26.13#34.6
-92.6195,45.9511#39.25#26.13#34.62
-92.5585,45.9504#39.23#26.13#34.64
-92.4974,45.9496#39.21#26.13#34.66
-92.4364,45.9488#39.2#26.13#34.67
-92.3753,45.948#39.19#26.13#34.68
-92.3143,45.9472#39.18#26.13#34.69
-92.2533,45.9463#39.17#26.13#34.7
-92.1922,45.9454#39.16#26.13#34.71
-92.1312,45.9445#39.15#26.13#34.72
-92.0701,45.9436#39.15#26.13#34.72
-92.0091,45.9427#39.14#26.13#34.73
-91.9481,45.9418#39.14#26.13#34.73
-91.887,45.9408#39.15#26.13#34.72
-91.826,45.9398#39.16#26.13#34.71
-91.765,45.9388#39.17#26.13#34.7
-91.7039,45.9378#39.18#26.13#34.69
-91.6429,45.9367#39.19#26.13#34.68
-91.5819,45.9357#39.2#26.13#34.67
-91.5209,45.9346#39.21#26.12#34.67
-91.4598,45.9335#39.23#26.12#34.65
-91.3988,45.9324#39.25#26.12#34.63
-91.3378,45.9313#39.27#26.12#34.61
-91.2768,45.9301#39.29#26.12#34.59
-91.2158,45.9289#39.31#26.12#34.57
-91.1547,45.9277#39.33#26.12#34.55
-91.0937,45.9265#39.36#26.12#34.52
-91.0327,45.9253#39.38#26.12#34.5
-90.9717,45.924#39.41#26.12#34.47
-90.9107,45.9228#39.46#26.12#34.42
-90.8497,45.9215#39.5#26.13#34.37
-90.7887,45.9202#39.55#26.13#34.32
-90.7277,45.9188#39.59#26.13#34.28
-90.6667,45.9175#39.64#26.13#34.23
-90.6057,45.9161#39.68#26.13#34.19
-90.5447,45.9147#39.73#26.13#34.14
-90.4837,45.9133#39.77#26.13#34.1
-90.4227,45.9119#39.83#26.14#34.03
-90.3617,45.9105#39.88#26.14#33.98
-90.3007,45.909#39.93#26.15#33.92
-90.2397,45.9075#39.99#26.16#33.85
-90.1787,45.906#40.04#26.17#33.79
-90.1177,45.9045#40.1#26.17#33.73
-90.0567,45.903#40.15#26.18#33.67
-89.9957,45.9014#40.2#26.19#33.61
-101.472,45.9007#44.25#30.26#25.49
-101.411,45.9027#44.22#30.29#25.49
-101.35,45.9047#44.19#30.32#25.49
-101.289,45.9067#44.16#30.35#25.49
-101.228,45.9086#44.13#30.38#25.49
-101.167,45.9106#44.1#30.41#25.49
-101.106,45.9125#44.07#30.44#25.49
-101.045,45.9144#44.04#30.47#25.49
-100.984,45.9163#44.01#30.49#25.5
-100.923,45.9181#43.98#30.5#25.52
-100.862,45.92#43.95#30.51#25.54
-100.801,45.9218#43.93#30.52#25.55
-100.74,45.9236#43.9#30.52#25.58
-100.679,45.9254#43.87#30.53#25.6
-100.618,45.9272#43.84#30.54#25.62
-100.557,45.9289#43.82#30.55#25.63
-100.496,45.9306#43.79#30.55#25.66
-100.435,45.9324#43.76#30.54#25.7
-100.374,45.9341#43.73#30.54#25.73
-100.313,45.9357#43.7#30.53#25.77
-100.252,45.9374#43.68#30.52#25.8
-100.191,45.939#43.65#30.51#25.84
-100.13,45.9406#43.62#30.5#25.88
-100.069,45.9422#43.59#30.49#25.92
-100.008,45.9438#43.56#30.49#25.95
-99.9472,45.9454#43.53#30.46#26.01
-99.8862,45.9469#43.51#30.44#26.05
-99.8252,45.9484#43.48#30.42#26.1
-99.7642,45.9499#43.45#30.4#26.15
-99.7031,45.9514#43.42#30.37#26.21
-99.6421,45.9529#43.39#30.35#26.26
-99.5811,45.9543#43.36#30.33#26.31
-99.5201,45.9557#43.33#30.3#26.37
-99.459,45.9571#43.3#30.27#26.43
-99.398,45.9585#43.28#30.24#26.48
-99.337,45.9599#43.25#30.21#26.54
-99.276,45.9612#43.22#30.18#26.6
-99.2149,45.9626#43.19#30.15#26.66
-99.1539,45.9639#43.16#30.11#26.73
-99.0928,45.9652#43.13#30.08#26.79
-99.0318,45.9664#43.11#30.05#26.84
-98.9708,45.9677#43.08#30.03#26.89
-98.9097,45.9689#43.05#30.02#26.93
-98.8487,45.9701#43.02#30#26.98
-98.7876,45.9713#42.99#29.99#27.02
-98.7266,45.9725#42.97#29.98#27.05
-98.6655,45.9737#42.94#29.97#27.09
-98.6045,45.9748#42.91#29.96#27.13
-98.5434,45.9759#42.88#29.95#27.17
-98.4824,45.977#42.85#29.94#27.21
-98.4213,45.9781#42.82#29.96#27.22
-98.3603,45.9792#42.79#29.98#27.23
-98.2992,45.9802#42.76#30#27.24
-98.2382,45.9812#42.74#30.01#27.25
-98.1771,45.9822#42.71#30.03#27.26
-98.116,45.9832#42.68#30.05#27.27
-98.055,45.9842#42.65#30.07#27.28
-97.9939,45.9851#42.62#30.09#27.29
-97.9329,45.9861#42.59#30.12#27.29
-97.8718,45.987#42.56#30.15#27.29
-97.8107,45.9879#42.54#30.19#27.27
-97.7497,45.9887#42.51#30.22#27.27
-97.6886,45.9896#42.48#30.26#27.26
-97.6275,45.9904#42.46#30.29#27.25
-97.5665,45.9912#42.43#30.32#27.25
-97.5054,45.992#42.4#30.36#27.24
-97.4443,45.9928#42.38#30.33#27.29
-97.3832,45.9936#42.35#30.29#27.36
-97.3222,45.9943#42.32#30.25#27.43
-97.2611,45.995#42.3#30.21#27.49
-97.2,45.9957#42.27#30.17#27.56
-97.1389,45.9964#42.25#30.13#27.62
-97.0779,45.997#42.22#30.1#27.68
-97.0168,45.9977#42.19#30.06#27.75
-96.9557,45.9983#42.17#29.98#27.85
-96.8946,45.9989#42.14#29.87#27.99
-96.8335,45.9995#42.11#29.77#28.12
-96.7724,46.0001#42.08#29.67#28.25
-96.7114,46.0006#42.05#29.57#28.38
-96.6503,46.0011#42.03#29.47#28.5
-96.5892,46.0016#42#29.37#28.63
-96.5281,46.0021#41.97#29.27#28.76
-96.467,46.0026#41.94#29.15#28.91
-96.4059,46.003#41.91#29.02#29.07
-96.3449,46.0035#41.88#28.89#29.23
-96.2838,46.0039#41.84#28.76#29.4
-96.2227,46.0043#41.81#28.63#29.56
-96.1616,46.0046#41.78#28.5#29.72
-96.1005,46.005#41.75#28.36#29.89
-96.0394,46.0053#41.71#28.23#30.06
-95.9783,46.0057#41.68#28.1#30.22
-95.9172,46.0059#41.64#27.97#30.39
-95.8561,46.0062#41.61#27.83#30.56
-95.795,46.0065#41.57#27.7#30.73
-95.734,46.0067#41.53#27.56#30.91
-95.6729,46.0069#41.49#27.43#31.08
-95.6118,46.0071#41.46#27.29#31.25
-95.5507,46.0073#41.42#27.16#31.42
-95.4896,46.0075#41.38#27.03#31.59
-95.4285,46.0076#41.34#26.96#31.7
-95.3674,46.0078#41.3#26.89#31.81
-95.3063,46.0079#41.25#26.82#31.93
-95.2452,46.0079#41.21#26.74#32.05
-95.1841,46.008#41.17#26.67#32.16
-95.123,46.0081#41.13#26.6#32.27
-95.0619,46.0081#41.08#26.53#32.39
-95.0008,46.0081#41.04#26.46#32.5
-94.9398,46.0081#40.99#26.43#32.58
-94.8787,46.0081#40.94#26.4#32.66
-94.8176,46.008#40.9#26.38#32.72
-94.7565,46.008#40.85#26.35#32.8
-94.6954,46.0079#40.8#26.33#32.87
-94.6343,46.0078#40.75#26.3#32.95
-94.5732,46.0076#40.71#26.28#33.01
-94.5121,46.0075#40.66#26.25#33.09
-94.451,46.0073#40.6#26.24#33.16
-94.3899,46.0072#40.54#26.23#33.23
-94.3288,46.0069#40.47#26.22#33.31
-94.2677,46.0067#40.41#26.22#33.37
-94.2066,46.0065#40.35#26.21#33.44
-94.1456,46.0062#40.29#26.2#33.51
-94.0845,46.006#40.22#26.19#33.59
-94.0234,46.0057#40.16#26.18#33.66
-93.9623,46.0053#40.1#26.18#33.72
-93.9012,46.005#40.04#26.17#33.79
-93.8401,46.0047#39.98#26.17#33.85
-93.779,46.0043#39.92#26.17#33.91
-93.7179,46.0039#39.86#26.16#33.98
-93.6568,46.0035#39.8#26.16#34.04
-93.5958,46.0031#39.74#26.16#34.1
-93.5347,46.0026#39.68#26.16#34.16
-93.4736,46.0021#39.63#26.15#34.22
-93.4125,46.0016#39.59#26.15#34.26
-93.3514,46.0011#39.54#26.15#34.31
-93.2903,46.0006#39.5#26.15#34.35
-93.2292,46.0001#39.46#26.15#34.39
-93.1682,45.9995#39.41#26.15#34.44
-93.1071,45.9989#39.37#26.15#34.48
-93.046,45.9983#39.33#26.14#34.53
-92.9849,45.9977#39.29#26.14#34.57
-92.9238,45.9971#39.27#26.14#34.59
-92.8628,45.9964#39.24#26.14#34.62
-92.8017,45.9957#39.22#26.14#34.64
-92.7406,45.995#39.2#26.14#34.66
-92.6795,45.9943#39.18#26.14#34.68
-92.6185,45.9936#39.15#26.14#34.71
-92.5574,45.9928#39.13#26.14#34.73
-92.4963,45.992#39.11#26.14#34.75
-92.4352,45.9913#39.1#26.14#34.76
-92.3742,45.9904#39.09#26.14#34.77
-92.3131,45.9896#39.08#26.14#34.78
-92.252,45.9888#39.07#26.14#34.79
-92.191,45.9879#39.07#26.14#34.79
-92.1299,45.987#39.06#26.14#34.8
-92.0688,45.9861#39.05#26.14#34.81
-92.0078,45.9852#39.04#26.14#34.82
-91.9467,45.9842#39.04#26.14#34.82
-91.8856,45.9833#39.05#26.14#34.81
-91.8246,45.9823#39.06#26.14#34.8
-91.7635,45.9813#39.07#26.13#34.8
-91.7025,45.9802#39.08#26.13#34.79
-91.6414,45.9792#39.09#26.13#34.78
-91.5804,45.9781#39.1#26.13#34.77
-91.5193,45.9771#39.1#26.13#34.77
-91.4582,45.976#39.12#26.13#34.75
-91.3972,45.9748#39.14#26.13#34.73
-91.3361,45.9737#39.16#26.13#34.71
-91.2751,45.9725#39.18#26.13#34.69
-91.214,45.9714#39.2#26.13#34.67
-91.153,45.9702#39.22#26.13#34.65
-91.092,45.969#39.24#26.13#34.63
-91.0309,45.9677#39.26#26.13#34.61
-90.9699,45.9665#39.3#26.13#34.57
-90.9088,45.9652#39.34#26.13#34.53
-90.8478,45.9639#39.39#26.13#34.48
-90.7868,45.9626#39.43#26.13#34.44
-90.7257,45.9613#39.47#26.13#34.4
-90.6647,45.9599#39.52#26.14#34.34
-90.6037,45.9586#39.56#26.14#34.3
-90.5426,45.9572#39.61#26.14#34.25
-90.4816,45.9558#39.65#26.14#34.21
-90.4206,45.9543#39.71#26.14#34.15
-90.3596,45.9529#39.76#26.15#34.09
-90.2986,45.9514#39.82#26.16#34.02
-90.2375,45.95#39.87#26.16#33.97
-90.1765,45.9485#39.92#26.17#33.91
-90.1155,45.9469#39.98#26.18#33.84
-90.0545,45.9454#40.03#26.18#33.79
-89.9935,45.9438#40.09#26.19#33.72
-89.9325,45.9423#40.14#26.25#33.61
-89.8715,45.9407#40.2#26.3#33.5
-89.8105,45.9391#40.26#26.35#33.39
-89.7495,45.9374#40.32#26.41#33.27
-89.6885,45.9358#40.38#26.46#33.16
-89.6275,45.9341#40.44#26.51#33.05
-89.5665,45.9324#40.5#26.57#32.93
-89.5055,45.9307#40.56#26.62#32.82
-89.4445,45.929#40.61#26.71#32.68
-89.3835,45.9272#40.67#26.8#32.53
-89.3225,45.9254#40.73#26.9#32.37
-89.2615,45.9237#40.78#26.99#32.23
-89.2005,45.9219#40.84#27.08#32.08
-89.1395,45.92#40.9#27.17#31.93
-89.0786,45.9182#40.95#27.27#31.78
-89.0176,45.9163#41.01#27.36#31.63
-88.9566,45.9144#41.06#27.49#31.45
-88.8957,45.9125#41.11#27.63#31.26
-88.8347,45.9106#41.16#27.78#31.06
-88.7737,45.9087#41.21#27.92#30.87
-88.7128,45.9067#41.25#28.07#30.68
-88.6518,45.9047#41.3#28.21#30.49
-88.5908,45.9027#41.35#28.36#30.29
-88.5299,45.9007#41.4#28.51#30.09
-102.633,45.9011#44.91#27.61#27.48
-102.572,45.9035#44.86#27.79#27.35
-102.511,45.9059#44.82#27.96#27.22
-102.45,45.9082#44.78#28.15#27.07
-102.389,45.9105#44.74#28.34#26.92
-102.328,45.9129#44.7#28.53#26.77
-102.267,45.9151#44.66#28.72#26.62
-102.206,45.9174#44.62#28.91#26.47
-102.145,45.9196#44.59#29.1#26.31
-102.084,45.9219#44.55#29.29#26.16
-102.023,45.9241#44.51#29.48#26.01
-101.962,45.9263#44.47#29.61#25.92
-101.902,45.9284#44.44#29.69#25.87
-101.841,45.9306#44.41#29.78#25.81
-101.78,45.9327#44.37#29.86#25.77
-101.719,45.9348#44.34#29.95#25.71
-101.658,45.9369#44.31#30.03#25.66
-101.597,45.939#44.27#30.12#25.61
-101.536,45.9411#44.24#30.2#25.56
-101.475,45.9431#44.21#30.26#25.53
-101.414,45.9451#44.18#30.29#25.53
-101.353,45.9471#44.15#30.32#25.53
-101.292,45.9491#44.12#30.35#25.53
-101.231,45.9511#44.09#30.38#25.53
-101.17,45.953#44.06#30.41#25.53
-101.109,45.9549#44.03#30.44#25.53
-101.048,45.9568#44#30.47#25.53
-100.987,45.9587#43.97#30.49#25.54
-100.926,45.9606#43.94#30.5#25.56
-100.865,45.9624#43.92#30.51#25.57
-100.804,45.9642#43.89#30.52#25.59
-100.743,45.966#43.86#30.52#25.62
-100.682,45.9678#43.83#30.53#25.64
-100.621,45.9696#43.81#30.54#25.65
-100.56,45.9713#43.78#30.54#25.68
-100.499,45.9731#43.75#30.55#25.7
-100.438,45.9748#43.72#30.54#25.74
-100.377,45.9765#43.7#30.53#25.77
-100.316,45.9782#43.67#30.52#25.81
-100.255,45.9798#43.64#30.51#25.85
-100.194,45.9814#43.61#30.5#25.89
-100.133,45.9831#43.58#30.49#25.93
-100.072,45.9847#43.56#30.49#25.95
-100.01,45.9862#43.53#30.48#25.99
-99.9494,45.9878#43.5#30.45#26.05
-99.8884,45.9893#43.47#30.43#26.1
-99.8273,45.9909#43.44#30.41#26.15
-99.7663,45.9924#43.41#30.38#26.21
-99.7053,45.9938#43.38#30.36#26.26
-99.6442,45.9953#43.36#30.33#26.31
-99.5832,45.9967#43.33#30.31#26.36
-99.5221,45.9982#43.3#30.28#26.42
-99.461,45.9996#43.27#30.25#26.48
-99.4,46.001#43.24#30.22#26.54
-99.3389,46.0023#43.21#30.19#26.6
-99.2779,46.0037#43.19#30.15#26.66
-99.2168,46.005#43.16#30.12#26.72
-99.1558,46.0063#43.13#30.09#26.78
-99.0947,46.0076#43.1#30.06#26.84
-99.0336,46.0089#43.07#30.02#26.91
-98.9726,46.0101#43.05#30#26.95
-98.9115,46.0114#43.02#29.99#26.99
-98.8504,46.0126#42.99#29.98#27.03
-98.7893,46.0138#42.96#29.97#27.07
-98.7283,46.015#42.93#29.95#27.12
-98.6672,46.0161#42.91#29.94#27.15
-98.6061,46.0172#42.88#29.93#27.19
-98.545,46.0184#42.85#29.92#27.23
-98.484,46.0195#42.82#29.92#27.26
-98.4229,46.0205#42.79#29.93#27.28
-98.3618,46.0216#42.76#29.95#27.29
-98.3007,46.0226#42.73#29.97#27.3
-98.2396,46.0237#42.7#29.99#27.31
-98.1785,46.0247#42.68#30#27.32
-98.1175,46.0257#42.65#30.02#27.33
-98.0564,46.0266#42.62#30.04#27.34
-97.9953,46.0276#42.59#30.06#27.35
-97.9342,46.0285#42.56#30.09#27.35
-97.8731,46.0294#42.54#30.12#27.34
-97.812,46.0303#42.51#30.16#27.33
-97.7509,46.0312#42.48#30.19#27.33
-97.6898,46.032#42.45#30.22#27.33
-97.6287,46.0329#42.43#30.26#27.31
-97.5676,46.0337#42.4#30.29#27.31
-97.5065,46.0345#42.37#30.32#27.31
-97.4454,46.0352#42.35#30.3#27.35
-97.3843,46.036#42.32#30.26#27.42
-97.3232,46.0367#42.3#30.23#27.47
-97.2621,46.0374#42.27#30.2#27.53
-97.201,46.0381#42.24#30.17#27.59
-97.1399,46.0388#42.22#30.14#27.64
-97.0788,46.0395#42.19#30.11#27.7
-97.0177,46.0401#42.17#30.08#27.75
-96.9566,46.0407#42.14#30#27.86
-96.8955,46.0413#42.11#29.91#27.98
-96.8344,46.0419#42.08#29.81#28.11
-96.7732,46.0425#42.05#29.71#28.24
-96.7121,46.043#42.02#29.61#28.37
-96.651,46.0436#42#29.51#28.49
-96.5899,46.0441#41.97#29.42#28.61
-96.5288,46.0446#41.94#29.32#28.74
-96.4677,46.045#41.91#29.21#28.88
-96.4066,46.0455#41.88#29.08#29.04
-96.3455,46.0459#41.84#28.96#29.2
-96.2843,46.0463#41.81#28.83#29.36
-96.2232,46.0467#41.78#28.71#29.51
-96.1621,46.0471#41.75#28.59#29.66
-96.101,46.0474#41.71#28.46#29.83
-96.0399,46.0478#41.68#28.34#29.98
-95.9788,46.0481#41.65#28.21#30.14
-95.9176,46.0484#41.61#28.07#30.32
-95.8565,46.0487#41.57#27.93#30.5
-95.7954,46.0489#41.53#27.79#30.68
-95.7343,46.0492#41.5#27.65#30.85
-95.6732,46.0494#41.46#27.51#31.03
-95.612,46.0496#41.42#27.37#31.21
-95.5509,46.0498#41.38#27.23#31.39
-95.4898,46.0499#41.34#27.1#31.56
-95.4287,46.0501#41.3#27.02#31.68
-95.3676,46.0502#41.26#26.94#31.8
-95.3064,46.0503#41.22#26.87#31.91
-95.2453,46.0504#41.17#26.79#32.04
-95.1842,46.0505#41.13#26.71#32.16
-95.1231,46.0505#41.09#26.63#32.28
-95.062,46.0505#41.04#26.55#32.41
-95.0008,46.0505#41#26.48#32.52
-94.9397,46.0505#40.95#26.45#32.6
-94.8786,46.0505#40.9#26.42#32.68
-94.8175,46.0505#40.85#26.4#32.75
-94.7564,46.0504#40.81#26.37#32.82
-94.6952,46.0503#40.76#26.34#32.9
-94.6341,46.0502#40.71#26.32#32.97
-94.573,46.0501#40.66#26.29#33.05
-94.5119,46.0499#40.61#26.26#33.13
-94.4508,46.0498#40.55#26.25#33.2
-94.3896,46.0496#40.49#26.24#33.27
-94.3285,46.0494#40.42#26.23#33.35
-94.2674,46.0492#40.36#26.23#33.41
-94.2063,46.0489#40.29#26.22#33.49
-94.1452,46.0487#40.23#26.21#33.56
-94.084,46.0484#40.17#26.2#33.63
-94.0229,46.0481#40.1#26.19#33.71
-93.9618,46.0478#40.04#26.19#33.77
-93.9007,46.0475#39.97#26.18#33.85
-93.8396,46.0471#39.91#26.18#33.91
-93.7785,46.0467#39.85#26.18#33.97
-93.7173,46.0463#39.78#26.17#34.05
-93.6562,46.0459#39.72#26.17#34.11
-93.5951,46.0455#39.66#26.17#34.17
-93.534,46.045#39.59#26.16#34.25
-93.4729,46.0446#39.54#26.16#34.3
-93.4118,46.0441#39.49#26.16#34.35
-93.3507,46.0436#39.45#26.16#34.39
-93.2896,46.0431#39.4#26.16#34.44
-93.2284,46.0425#39.36#26.16#34.48
-93.1673,46.0419#39.32#26.16#34.52
-93.1062,46.0414#39.27#26.15#34.58
-93.0451,46.0408#39.23#26.15#34.62
-92.984,46.0401#39.19#26.15#34.66
-92.9229,46.0395#39.17#26.15#34.68
-92.8618,46.0388#39.15#26.15#34.7
-92.8007,46.0382#39.12#26.15#34.73
-92.7396,46.0375#39.1#26.15#34.75
-92.6785,46.0367#39.08#26.15#34.77
-92.6174,46.036#39.06#26.15#34.79
-92.5563,46.0353#39.04#26.15#34.81
-92.4952,46.0345#39.02#26.15#34.83
-92.4341,46.0337#39.01#26.15#34.84
-92.373,46.0329#39#26.15#34.85
-92.3119,46.032#38.99#26.15#34.86
-92.2508,46.0312#38.98#26.15#34.87
-92.1897,46.0303#38.97#26.15#34.88
-92.1286,46.0294#38.96#26.15#34.89
-92.0675,46.0285#38.95#26.15#34.9
-92.0064,46.0276#38.94#26.14#34.92
-91.9453,46.0267#38.95#26.14#34.91
-91.8842,46.0257#38.95#26.14#34.91
-91.8231,46.0247#38.96#26.14#34.9
-91.7621,46.0237#38.97#26.14#34.89
-91.701,46.0227#38.98#26.14#34.88
-91.6399,46.0216#38.98#26.14#34.88
-91.5788,46.0206#38.99#26.14#34.87
-91.5177,46.0195#39#26.14#34.86
-91.4566,46.0184#39.01#26.14#34.85
-91.3956,46.0173#39.03#26.14#34.83
-91.3345,46.0161#39.05#26.14#34.81
-91.2734,46.015#39.07#26.14#34.79
-91.2123,46.0138#39.09#26.14#34.77
-91.1513,46.0126#39.11#26.14#34.75
-91.0902,46.0114#39.13#26.14#34.73
-91.0291,46.0102#39.15#26.14#34.71
-90.9681,46.0089#39.18#26.14#34.68
-90.907,46.0076#39.23#26.14#34.63
-90.8459,46.0064#39.27#26.14#34.59
-90.7849,46.005#39.31#26.14#34.55
-90.7238,46.0037#39.36#26.14#34.5
-90.6628,46.0024#39.4#26.14#34.46
-90.6017,46.001#39.44#26.14#34.42
-90.5406,45.9996#39.49#26.14#34.37
-90.4796,45.9982#39.54#26.15#34.31
-90.4185,45.9968#39.59#26.15#34.26
-90.3575,45.9953#39.64#26.16#34.2
-90.2964,45.9939#39.7#26.16#34.14
-90.2354,45.9924#39.75#26.17#34.08
-90.1743,45.9909#39.81#26.17#34.02
-90.1133,45.9894#39.86#26.18#33.96
-90.0523,45.9878#39.91#26.19#33.9
-89.9912,45.9863#39.97#26.2#33.83
-89.9302,45.9847#40.03#26.24#33.73
-89.8692,45.9831#40.09#26.29#33.62
-89.8081,45.9815#40.14#26.34#33.52
-89.7471,45.9799#40.2#26.38#33.42
-89.6861,45.9782#40.26#26.43#33.31
-89.625,45.9765#40.32#26.48#33.2
-89.564,45.9748#40.38#26.53#33.09
-89.503,45.9731#40.44#26.58#32.98
-89.442,45.9714#40.5#26.67#32.83
-89.381,45.9696#40.55#26.76#32.69
-89.3199,45.9679#40.61#26.85#32.54
-89.2589,45.9661#40.67#26.94#32.39
-89.1979,45.9643#40.72#27.03#32.25
-89.1369,45.9625#40.78#27.12#32.1
-89.0759,45.9606#40.84#27.21#31.95
-89.0149,45.9588#40.89#27.31#31.8
-88.9539,45.9569#40.94#27.43#31.63
-88.8929,45.955#40.99#27.57#31.44
-88.8319,45.953#41.04#27.71#31.25
-88.7709,45.9511#41.09#27.85#31.06
-88.7099,45.9491#41.14#27.99#30.87
-88.6489,45.9472#41.19#28.13#30.68
-88.588,45.9452#41.24#28.27#30.49
-88.527,45.9432#41.28#28.41#30.31
-88.466,45.9411#41.33#28.55#30.12
-88.405,45.9391#41.36#28.68#29.96
-88.344,45.937#41.4#28.81#29.79
-88.2831,45.9349#41.43#28.93#29.64
-88.2221,45.9328#41.47#29.06#29.47
-88.1611,45.9307#41.5#29.19#29.31
-88.1002,45.9285#41.54#29.32#29.14
-88.0392,45.9263#41.57#29.44#28.99
-87.9782,45.9241#41.61#29.55#28.84
-87.9173,45.9219#41.63#29.6#28.77
-87.8563,45.9197#41.66#29.66#28.68
-87.7954,45.9175#41.68#29.72#28.6
-87.7344,45.9152#41.71#29.78#28.51
-87.6735,45.9129#41.73#29.84#28.43
-87.6126,45.9106#41.76#29.9#28.34
-87.5516,45.9083#41.78#29.95#28.27
-87.4907,45.9059#41.81#30#28.19
-87.4297,45.9036#41.82#30.02#28.16
-87.3688,45.9012#41.82#30.04#28.14
-103.672,45.9002#45.68#26.53#27.79
-103.611,45.9029#45.62#26.53#27.85
-103.55,45.9056#45.57#26.53#27.9
-103.489,45.9082#45.52#26.53#27.95
-103.428,45.9109#45.47#26.54#27.99
-103.368,45.9135#45.42#26.54#28.04
-103.307,45.9161#45.37#26.55#28.08
-103.246,45.9187#45.32#26.56#28.12
-103.185,45.9213#45.27#26.56#28.17
-103.124,45.9238#45.22#26.57#28.21
-103.063,45.9264#45.17#26.57#28.26
-103.002,45.9289#45.12#26.58#28.3
-102.941,45.9314#45.08#26.75#28.17
-102.88,45.9338#45.04#26.92#28.04
-102.819,45.9363#44.99#27.1#27.91
-102.758,45.9387#44.95#27.27#27.78
-102.697,45.9412#44.9#27.45#27.65
-102.636,45.9435#44.86#27.63#27.51
-102.575,45.9459#44.82#27.8#27.38
-102.514,45.9483#44.77#27.98#27.25
-102.453,45.9506#44.73#28.16#27.11
-102.392,45.953#44.69#28.35#26.96
-102.331,45.9553#44.66#28.55#26.79
-102.271,45.9575#44.62#28.74#26.64
-102.21,45.9598#44.58#28.93#26.49
-102.149,45.9621#44.54#29.12#26.34
-102.088,45.9643#44.5#29.31#26.19
-102.027,45.9665#44.47#29.5#26.03
-101.966,45.9687#44.43#29.63#25.94
-101.905,45.9709#44.4#29.71#25.89
-101.844,45.973#44.36#29.79#25.85
-101.783,45.9751#44.33#29.88#25.79
-101.722,45.9773#44.3#29.96#25.74
-101.661,45.9793#44.27#30.04#25.69
-101.6,45.9814#44.23#30.12#25.65
-101.539,45.9835#44.2#30.2#25.6
-101.478,45.9855#44.17#30.26#25.57
-101.417,45.9875#44.14#30.29#25.57
-101.356,45.9895#44.11#30.32#25.57
-101.295,45.9915#44.08#30.35#25.57
-101.234,45.9935#44.05#30.38#25.57
-101.173,45.9954#44.02#30.41#25.57
-101.112,45.9973#43.99#30.44#25.57
-101.051,45.9992#43.96#30.47#25.57
-100.989,46.0011#43.93#30.5#25.57
-100.928,46.003#43.91#30.5#25.59
-100.867,46.0048#43.88#30.51#25.61
-100.806,46.0067#43.85#30.52#25.63
-100.745,46.0085#43.82#30.52#25.66
-100.684,46.0102#43.8#30.53#25.67
-100.623,46.012#43.77#30.54#25.69
-100.562,46.0138#43.74#30.54#25.72
-100.501,46.0155#43.71#30.55#25.74
-100.44,46.0172#43.69#30.54#25.77
-100.379,46.0189#43.66#30.53#25.81
-100.318,46.0206#43.63#30.52#25.85
-100.257,46.0222#43.6#30.51#25.89
-100.196,46.0239#43.58#30.5#25.92
-100.135,46.0255#43.55#30.49#25.96
-100.074,46.0271#43.52#30.48#26
-100.013,46.0287#43.49#30.47#26.04
-99.9517,46.0302#43.47#30.44#26.09
-99.8906,46.0318#43.44#30.42#26.14
-99.8295,46.0333#43.41#30.39#26.2
-99.7684,46.0348#43.38#30.37#26.25
-99.7074,46.0363#43.35#30.34#26.31
-99.6463,46.0377#43.32#30.32#26.36
-99.5852,46.0392#43.29#30.29#26.42
-99.5241,46.0406#43.27#30.26#26.47
-99.4631,46.042#43.24#30.23#26.53
-99.402,46.0434#43.21#30.2#26.59
-99.3409,46.0448#43.18#30.17#26.65
-99.2798,46.0461#43.15#30.13#26.72
-99.2187,46.0474#43.12#30.1#26.78
-99.1576,46.0487#43.1#30.07#26.83
-99.0965,46.05#43.07#30.03#26.9
-99.0354,46.0513#43.04#30#26.96
-98.9743,46.0526#43.01#29.97#27.02
-98.9133,46.0538#42.99#29.96#27.05
-98.8522,46.055#42.96#29.95#27.09
-98.7911,46.0562#42.93#29.94#27.13
-98.73,46.0574#42.9#29.93#27.17
-98.6688,46.0585#42.87#29.92#27.21
-98.6077,46.0597#42.85#29.91#27.24
-98.5466,46.0608#42.82#29.9#27.28
-98.4855,46.0619#42.79#29.89#27.32
-98.4244,46.063#42.76#29.91#27.33
-98.3633,46.064#42.73#29.93#27.34
-98.3022,46.0651#42.7#29.94#27.36
-98.2411,46.0661#42.67#29.96#27.37
-98.18,46.0671#42.65#29.98#27.37
-98.1189,46.0681#42.62#30#27.38
-98.0577,46.0691#42.59#30.01#27.4
-97.9966,46.07#42.56#30.03#27.41
-97.9355,46.0709#42.53#30.06#27.41
-97.8744,46.0718#42.51#30.09#27.4
-97.8133,46.0727#42.48#30.13#27.39
-97.7521,46.0736#42.45#30.16#27.39
-97.691,46.0744#42.43#30.19#27.38
-97.6299,46.0753#42.4#30.22#27.38
-97.5688,46.0761#42.37#30.25#27.38
-97.5076,46.0769#42.35#30.28#27.37
-97.4465,46.0777#42.32#30.27#27.41
-97.3854,46.0784#42.29#30.24#27.47
-97.3243,46.0792#42.27#30.22#27.51
-97.2631,46.0799#42.24#30.2#27.56
-97.202,46.0806#42.22#30.17#27.61
-97.1409,46.0812#42.19#30.15#27.66
-97.0797,46.0819#42.16#30.13#27.71
-97.0186,46.0826#42.14#30.1#27.76
-96.9575,46.0832#42.11#30.03#27.86
-96.8963,46.0838#42.08#29.94#27.98
-96.8352,46.0844#42.05#29.84#28.11
-96.774,46.0849#42.02#29.75#28.23
-96.7129,46.0855#42#29.65#28.35
-96.6518,46.086#41.97#29.56#28.47
-96.5906,46.0865#41.94#29.47#28.59
-96.5295,46.087#41.91#29.37#28.72
-96.4683,46.0875#41.88#29.27#28.85
-96.4072,46.0879#41.85#29.15#29
-96.3461,46.0883#41.81#29.03#29.16
-96.2849,46.0888#41.78#28.91#29.31
-96.2238,46.0891#41.75#28.79#29.46
-96.1626,46.0895#41.71#28.68#29.61
-96.1015,46.0899#41.68#28.56#29.76
-96.0403,46.0902#41.65#28.44#29.91
-95.9792,46.0905#41.61#28.32#30.07
-95.9181,46.0908#41.58#28.17#30.25
-95.8569,46.0911#41.54#28.03#30.43
-95.7958,46.0914#41.5#27.88#30.62
-95.7346,46.0916#41.46#27.74#30.8
-95.6735,46.0918#41.42#27.59#30.99
-95.6123,46.092#41.38#27.45#31.17
-95.5512,46.0922#41.35#27.3#31.35
-95.49,46.0924#41.31#27.17#31.52
-95.4289,46.0925#41.26#27.08#31.66
-95.3677,46.0926#41.22#27#31.78
-95.3066,46.0927#41.18#26.92#31.9
-95.2454,46.0928#41.13#26.83#32.04
-95.1843,46.0929#41.09#26.75#32.16
-95.1231,46.0929#41.05#26.66#32.29
-95.062,46.093#41#26.58#32.42
-95.0008,46.093#40.96#26.5#32.54
-94.9397,46.093#40.91#26.47#32.62
-94.8785,46.0929#40.86#26.44#32.7
-94.8174,46.0929#40.81#26.41#32.78
-94.7563,46.0928#40.76#26.39#32.85
-94.6951,46.0927#40.71#26.36#32.93
-94.634,46.0926#40.66#26.33#33.01
-94.5728,46.0925#40.61#26.3#33.09
-94.5117,46.0924#40.56#26.28#33.16
-94.4505,46.0922#40.5#26.26#33.24
-94.3894,46.092#40.44#26.26#33.3
-94.3282,46.0918#40.37#26.25#33.38
-94.2671,46.0916#40.31#26.24#33.45
-94.2059,46.0914#40.24#26.23#33.53
-94.1448,46.0911#40.18#26.22#33.6
-94.0836,46.0908#40.11#26.21#33.68
-94.0225,46.0905#40.04#26.2#33.76
-93.9613,46.0902#39.98#26.2#33.82
-93.9002,46.0899#39.91#26.19#33.9
-93.8391,46.0895#39.84#26.19#33.97
-93.7779,46.0892#39.77#26.19#34.04
-93.7168,46.0888#39.7#26.18#34.12
-93.6556,46.0884#39.64#26.18#34.18
-93.5945,46.0879#39.57#26.18#34.25
-93.5333,46.0875#39.5#26.17#34.33
-93.4722,46.087#39.44#26.17#34.39
-93.4111,46.0865#39.4#26.17#34.43
-93.3499,46.086#39.36#26.17#34.47
-93.2888,46.0855#39.31#26.17#34.52
-93.2276,46.0849#39.27#26.17#34.56
-93.1665,46.0844#39.22#26.17#34.61
-93.1054,46.0838#39.18#26.16#34.66
-93.0442,46.0832#39.13#26.16#34.71
-92.9831,46.0826#39.1#26.16#34.74
-92.922,46.0819#39.07#26.16#34.77
-92.8608,46.0813#39.05#26.16#34.79
-92.7997,46.0806#39.03#26.16#34.81
-92.7386,46.0799#39.01#26.16#34.83
-92.6774,46.0792#38.99#26.16#34.85
-92.6163,46.0784#38.96#26.16#34.88
-92.5552,46.0777#38.94#26.16#34.9
-92.494,46.0769#38.92#26.16#34.92
-92.4329,46.0761#38.91#26.16#34.93
-92.3718,46.0753#38.9#26.16#34.94
-92.3107,46.0745#38.89#26.16#34.95
-92.2495,46.0736#38.88#26.16#34.96
-92.1884,46.0728#38.87#26.15#34.98
-92.1273,46.0719#38.86#26.15#34.99
-92.0662,46.071#38.85#26.15#35
-92.0051,46.07#38.84#26.15#35.01
-91.9439,46.0691#38.85#26.15#35
-91.8828,46.0681#38.85#26.15#35
-91.8217,46.0671#38.86#26.15#34.99
-91.7606,46.0661#38.87#26.15#34.98
-91.6995,46.0651#38.87#26.15#34.98
-91.6384,46.0641#38.88#26.15#34.97
-91.5773,46.063#38.89#26.15#34.96
-91.5162,46.0619#38.89#26.15#34.96
-91.455,46.0608#38.91#26.15#34.94
-91.3939,46.0597#38.93#26.15#34.92
-91.3328,46.0586#38.94#26.15#34.91
-91.2717,46.0574#38.96#26.15#34.89
-91.2106,46.0562#38.98#26.15#34.87
-91.1495,46.055#39#26.15#34.85
-91.0884,46.0538#39.02#26.15#34.83
-91.0273,46.0526#39.04#26.15#34.81
-90.9662,46.0513#39.07#26.15#34.78
-90.9052,46.0501#39.11#26.15#34.74
-90.8441,46.0488#39.15#26.15#34.7
-90.783,46.0475#39.2#26.15#34.65
-90.7219,46.0461#39.24#26.15#34.61
-90.6608,46.0448#39.28#26.15#34.57
-90.5997,46.0434#39.33#26.15#34.52
-90.5386,46.042#39.37#26.15#34.48
-90.4775,46.0406#39.42#26.15#34.43
-90.4165,46.0392#39.47#26.16#34.37
-90.3554,46.0378#39.53#26.16#34.31
-90.2943,46.0363#39.58#26.17#34.25
-90.2332,46.0348#39.63#26.17#34.2
-90.1722,46.0333#39.69#26.18#34.13
-90.1111,46.0318#39.74#26.18#34.08
-90.05,46.0303#39.8#26.19#34.01
-89.989,46.0287#39.85#26.2#33.95
-89.9279,46.0271#39.91#26.24#33.85
-89.8668,46.0255#39.97#26.28#33.75
-89.8058,46.0239#40.03#26.32#33.65
-89.7447,46.0223#40.09#26.36#33.55
-89.6837,46.0206#40.14#26.4#33.46
-89.6226,46.0189#40.2#26.45#33.35
-89.5616,46.0173#40.26#26.49#33.25
-89.5005,46.0155#40.32#26.53#33.15
-89.4395,46.0138#40.38#26.62#33
-89.3784,46.0121#40.43#26.71#32.86
-89.3174,46.0103#40.49#26.8#32.71
-89.2563,46.0085#40.55#26.89#32.56
-89.1953,46.0067#40.61#26.98#32.41
-89.1343,46.0049#40.66#27.07#32.27
-89.0732,46.003#40.72#27.16#32.12
-89.0122,46.0012#40.78#27.25#31.97
-88.9512,45.9993#40.83#27.37#31.8
-88.8902,45.9974#40.88#27.51#31.61
-88.8291,45.9955#40.92#27.64#31.44
-88.7681,45.9935#40.97#27.77#31.26
-88.7071,45.9916#41.02#27.91#31.07
-88.6461,45.9896#41.07#28.04#30.89
-88.5851,45.9876#41.12#28.18#30.7
-88.5241,45.9856#41.17#28.31#30.52
-88.463,45.9835#41.21#28.45#30.34
-88.402,45.9815#41.24#28.58#30.18
-88.341,45.9794#41.28#28.72#30
-88.28,45.9773#41.31#28.85#29.84
-88.219,45.9752#41.35#28.99#29.66
-88.158,45.9731#41.38#29.12#29.5
-88.0971,45.9709#41.42#29.25#29.33
-88.0361,45.9687#41.45#29.38#29.17
-87.9751,45.9666#41.48#29.49#29.03
-87.9141,45.9643#41.51#29.55#28.94
-87.8531,45.9621#41.53#29.62#28.85
-87.7921,45.9599#41.56#29.68#28.76
-87.7312,45.9576#41.58#29.75#28.67
-87.6702,45.9553#41.61#29.81#28.58
-87.6092,45.953#41.63#29.87#28.5
-87.5483,45.9507#41.66#29.93#28.41
-87.4873,45.9484#41.68#29.99#28.33
-87.4263,45.946#41.69#30.01#28.3
-87.3654,45.9436#41.69#30.03#28.28
-87.3044,45.9412#41.7#30.05#28.25
-87.2435,45.9388#41.71#30.07#28.22
-87.1825,45.9364#41.72#30.09#28.19
-87.1216,45.9339#41.73#30.11#28.16
-87.0606,45.9314#41.73#30.13#28.14
-86.9997,45.9289#41.74#30.16#28.1
-86.9388,45.9264#41.73#30.21#28.06
-86.8778,45.9239#41.72#30.27#28.01
-86.8169,45.9213#41.71#30.32#27.97
-86.756,45.9188#41.7#30.38#27.92
-86.6951,45.9162#41.69#30.43#27.88
-86.6342,45.9136#41.67#30.49#27.84
-86.5732,45.9109#41.66#30.54#27.8
-86.5123,45.9083#41.65#30.6#27.75
-86.4514,45.9056#41.63#30.65#27.72
-86.3905,45.9029#41.61#30.7#27.69
-86.3296,45.9002#41.59#30.76#27.65
-104.529,45.9027#46.38#26.56#27.06
-104.468,45.9056#46.32#26.56#27.12
-104.407,45.9086#46.27#26.56#27.17
-104.346,45.9115#46.21#26.55#27.24
-104.285,45.9144#46.16#26.55#27.29
-104.224,45.9173#46.11#26.55#27.34
-104.163,45.9202#46.05#26.55#27.4
-104.102,45.9231#46#26.54#27.46
-104.041,45.9259#45.94#26.54#27.52
-103.981,45.9287#45.89#26.54#27.57
-103.92,45.9315#45.84#26.54#27.62
-103.859,45.9343#45.78#26.54#27.68
-103.798,45.9371#45.73#26.54#27.73
-103.737,45.9398#45.67#26.54#27.79
-103.676,45.9426#45.62#26.54#27.84
-103.615,45.9453#45.57#26.54#27.89
-103.554,45.9479#45.51#26.54#27.95
-103.493,45.9506#45.46#26.54#28
-103.432,45.9533#45.41#26.55#28.04
-103.371,45.9559#45.36#26.56#28.08
-103.31,45.9585#45.32#26.56#28.12
-103.249,45.9611#45.27#26.57#28.16
-103.188,45.9637#45.22#26.58#28.2
-103.127,45.9662#45.17#26.58#28.25
-103.067,45.9687#45.12#26.59#28.29
-103.006,45.9713#45.07#26.6#28.33
-102.945,45.9738#45.03#26.76#28.21
-102.884,45.9762#44.99#26.93#28.08
-102.823,45.9787#44.94#27.11#27.95
-102.762,45.9811#44.9#27.29#27.81
-102.701,45.9835#44.86#27.46#27.68
-102.64,45.9859#44.81#27.64#27.55
-102.579,45.9883#44.77#27.82#27.41
-102.518,45.9907#44.73#27.99#27.28
-102.457,45.993#44.69#28.18#27.13
-102.396,45.9954#44.65#28.37#26.98
-102.335,45.9977#44.61#28.56#26.83
-102.274,45.9999#44.57#28.75#26.68
-102.213,46.0022#44.53#28.94#26.53
-102.152,46.0045#44.5#29.13#26.37
-102.091,46.0067#44.46#29.32#26.22
-102.03,46.0089#44.42#29.51#26.07
-101.969,46.0111#44.39#29.65#25.96
-101.908,46.0133#44.35#29.73#25.92
-101.847,46.0154#44.32#29.81#25.87
-101.786,46.0175#44.29#29.89#25.82
-101.725,46.0196#44.26#29.97#25.77
-101.664,46.0217#44.22#30.05#25.73
-101.603,46.0238#44.19#30.13#25.68
-101.542,46.0259#44.16#30.2#25.64
-101.481,46.0279#44.13#30.27#25.6
-101.42,46.0299#44.1#30.3#25.6
-101.358,46.0319#44.07#30.33#25.6
-101.297,46.0339#44.04#30.35#25.61
-101.236,46.0359#44.01#30.38#25.61
-101.175,46.0378#43.98#30.41#25.61
-101.114,46.0397#43.95#30.44#25.61
-101.053,46.0416#43.92#30.47#25.61
-100.992,46.0435#43.89#30.5#25.61
-100.931,46.0454#43.87#30.5#25.63
-100.87,46.0472#43.84#30.51#25.65
-100.809,46.0491#43.81#30.52#25.67
-100.748,46.0509#43.79#30.52#25.69
-100.687,46.0527#43.76#30.53#25.71
-100.626,46.0544#43.73#30.53#25.74
-100.565,46.0562#43.71#30.54#25.75
-100.504,46.0579#43.68#30.55#25.77
-100.443,46.0596#43.65#30.54#25.81
-100.382,46.0613#43.62#30.53#25.85
-100.32,46.063#43.6#30.51#25.89
-100.259,46.0646#43.57#30.5#25.93
-100.198,46.0663#43.54#30.49#25.97
-100.137,46.0679#43.51#30.48#26.01
-100.076,46.0695#43.49#30.47#26.04
-100.015,46.0711#43.46#30.46#26.08
-99.9539,46.0726#43.43#30.43#26.14
-99.8928,46.0742#43.4#30.41#26.19
-99.8317,46.0757#43.37#30.38#26.25
-99.7706,46.0772#43.35#30.35#26.3
-99.7095,46.0787#43.32#30.33#26.35
-99.6484,46.0801#43.29#30.3#26.41
-99.5873,46.0816#43.26#30.27#26.47
-99.5262,46.083#43.23#30.24#26.53
-99.4651,46.0844#43.2#30.21#26.59
-99.404,46.0858#43.18#30.18#26.64
-99.3429,46.0872#43.15#30.14#26.71
-99.2817,46.0885#43.12#30.11#26.77
-99.2206,46.0898#43.09#30.08#26.83
-99.1595,46.0911#43.06#30.04#26.9
-99.0984,46.0924#43.04#30.01#26.95
-99.0373,46.0937#43.01#29.97#27.02
-98.9761,46.095#42.98#29.95#27.07
-98.915,46.0962#42.95#29.94#27.11
-98.8539,46.0974#42.93#29.93#27.14
-98.7928,46.0986#42.9#29.91#27.19
-98.7316,46.0998#42.87#29.9#27.23
-98.6705,46.1009#42.84#29.89#27.27
-98.6094,46.1021#42.81#29.88#27.31
-98.5482,46.1032#42.79#29.87#27.34
-98.4871,46.1043#42.76#29.86#27.38
-98.426,46.1054#42.73#29.88#27.39
-98.3648,46.1064#42.7#29.9#27.4
-98.3037,46.1075#42.67#29.92#27.41
-98.2426,46.1085#42.64#29.93#27.43
-98.1814,46.1095#42.62#29.95#27.43
-98.1203,46.1105#42.59#29.97#27.44
-98.0591,46.1115#42.56#29.99#27.45
-97.998,46.1124#42.53#30#27.47
-97.9368,46.1133#42.5#30.03#27.47
-97.8757,46.1142#42.48#30.06#27.46
-97.8145,46.1151#42.45#30.09#27.46
-97.7534,46.116#42.42#30.13#27.45
-97.6922,46.1169#42.4#30.16#27.44
-97.6311,46.1177#42.37#30.19#27.44
-97.5699,46.1185#42.34#30.22#27.44
-97.5088,46.1193#42.32#30.25#27.43
-97.4476,46.1201#42.29#30.24#27.47
-97.3865,46.1208#42.26#30.22#27.52
-97.3253,46.1216#42.24#30.2#27.56
-97.2641,46.1223#42.21#30.19#27.6
-97.203,46.123#42.19#30.17#27.64
-97.1418,46.1237#42.16#30.16#27.68
-97.0807,46.1243#42.13#30.14#27.73
-97.0195,46.125#42.11#30.13#27.76
-96.9583,46.1256#42.08#30.06#27.86
-96.8972,46.1262#42.05#29.97#27.98
-96.836,46.1268#42.02#29.88#28.1
-96.7748,46.1273#41.99#29.79#28.22
-96.7137,46.1279#41.97#29.7#28.33
-96.6525,46.1284#41.94#29.6#28.46
-96.5913,46.1289#41.91#29.51#28.58
-96.5302,46.1294#41.88#29.42#28.7
-96.469,46.1299#41.85#29.32#28.83
-96.4078,46.1303#41.82#29.21#28.97
-96.3467,46.1308#41.78#29.1#29.12
-96.2855,46.1312#41.75#28.99#29.26
-96.2243,46.1316#41.72#28.88#29.4
-96.1632,46.1319#41.68#28.77#29.55
-96.102,46.1323#41.65#28.66#29.69
-96.0408,46.1326#41.62#28.55#29.83
-95.9796,46.1329#41.58#28.42#30
-95.9185,46.1332#41.54#28.27#30.19
-95.8573,46.1335#41.5#28.12#30.38
-95.7961,46.1338#41.47#27.97#30.56
-95.7349,46.134#41.43#27.82#30.75
-95.6738,46.1342#41.39#27.67#30.94
-95.6126,46.1344#41.35#27.52#31.13
-95.5514,46.1346#41.31#27.37#31.32
