-97.0822,25.9002#28.7#33.14#38.16
-97.0314,25.9009#28.71#33.09#38.2
-96.9806,25.9016#28.71#33.06#38.23
-96.9299,25.9022#28.71#33.02#38.27
-96.8791,25.9029#28.71#32.99#38.3
-96.8283,25.9035#28.71#32.96#38.33
-96.7776,25.9041#28.71#32.92#38.37
-96.7268,25.9047#28.72#32.89#38.39
-96.6761,25.9053#28.72#32.85#38.43
-96.6253,25.9058#28.72#32.82#38.46
-96.5745,25.9064#28.72#32.79#38.49
-96.5238,25.9069#28.72#32.75#38.53
-96.473,25.9074#28.73#32.72#38.55
-96.4222,25.9079#28.73#32.67#38.6
-96.3715,25.9084#28.73#32.63#38.64
-96.3207,25.9088#28.73#32.59#38.68
-96.2699,25.9092#28.74#32.54#38.72
-96.2192,25.9097#28.74#32.5#38.76
-96.1684,25.9101#28.74#32.46#38.8
-96.1176,25.9105#28.74#32.42#38.84
-96.0669,25.9108#28.74#32.37#38.89
-96.0161,25.9112#28.75#32.33#38.92
-95.9653,25.9115#28.75#32.29#38.96
-95.9146,25.9118#28.75#32.25#39
-95.8638,25.9121#28.75#32.21#39.04
-95.813,25.9124#28.75#32.17#39.08
-95.7623,25.9127#28.76#32.13#39.11
-95.7115,25.9129#28.76#32.09#39.15
-95.6607,25.9131#28.76#32.05#39.19
-95.6099,25.9134#28.76#32.01#39.23
-95.5592,25.9136#28.76#31.97#39.27
-95.5084,25.9137#28.76#31.93#39.31
-95.4576,25.9139#28.77#31.9#39.33
-95.4069,25.914#28.77#31.86#39.37
-95.3561,25.9142#28.77#31.83#39.4
-95.3053,25.9143#28.77#31.8#39.43
-95.2546,25.9144#28.77#31.77#39.46
-95.2038,25.9145#28.77#31.74#39.49
-95.153,25.9145#28.78#31.71#39.51
-95.1022,25.9146#28.78#31.68#39.54
-95.0515,25.9146#28.78#31.65#39.57
-95.0007,25.9146#28.78#31.62#39.6
-94.9499,25.9146#28.78#31.58#39.64
-94.8992,25.9146#28.78#31.55#39.67
-94.8484,25.9145#28.78#31.52#39.7
-94.7976,25.9145#28.79#31.49#39.72
-94.7468,25.9144#28.79#31.46#39.75
-94.6961,25.9143#28.79#31.43#39.78
-94.6453,25.9142#28.79#31.4#39.81
-94.5945,25.914#28.79#31.37#39.84
-94.5438,25.9139#28.79#31.34#39.87
-94.493,25.9137#28.79#31.31#39.9
-94.4422,25.9136#28.8#31.28#39.92
-94.3915,25.9134#28.8#31.26#39.94
-94.3407,25.9132#28.8#31.23#39.97
-94.2899,25.9129#28.81#31.21#39.98
-94.2391,25.9127#28.81#31.18#40.01
-94.1884,25.9124#28.81#31.16#40.03
-94.1376,25.9121#28.81#31.13#40.06
-94.0868,25.9118#28.82#31.11#40.07
-94.0361,25.9115#28.82#31.09#40.09
-93.9853,25.9112#28.83#31.06#40.11
-93.9345,25.9108#28.84#31.03#40.13
-93.8838,25.9105#28.86#31#40.14
-93.833,25.9101#28.88#30.97#40.15
-93.7822,25.9097#28.9#30.94#40.16
-93.7315,25.9093#28.91#30.91#40.18
-93.6807,25.9088#28.93#30.88#40.19
-93.6299,25.9084#28.95#30.85#40.2
-93.5792,25.9079#28.96#30.82#40.22
-93.5284,25.9074#28.98#30.79#40.23
-93.4776,25.9069#29.01#30.77#40.22
-93.4269,25.9064#29.04#30.78#40.18
-93.3761,25.9058#29.08#30.78#40.14
-93.3253,25.9053#29.12#30.79#40.09
-93.2746,25.9047#29.15#30.8#40.05
-93.2238,25.9041#29.19#30.8#40.01
-93.1731,25.9035#29.22#30.81#39.97
-93.1223,25.9029#29.26#30.82#39.92
-93.0715,25.9023#29.3#30.82#39.88
-93.0208,25.9016#29.33#30.83#39.84
-92.97,25.9009#29.37#30.82#39.81
-92.9193,25.9002#29.41#30.8#39.79
-99.2149,25.9013#29.01#33.3#37.69
-99.1642,25.9028#28.98#33.35#37.67
-99.1134,25.9041#28.95#33.39#37.66
-99.0627,25.9055#28.93#33.44#37.63
-99.0119,25.9069#28.9#33.49#37.61
-98.9612,25.9082#28.89#33.52#37.59
-98.9105,25.9096#28.88#33.55#37.57
-98.8597,25.9109#28.87#33.58#37.55
-98.809,25.9122#28.86#33.61#37.53
-98.7582,25.9134#28.85#33.64#37.51
-98.7075,25.9147#28.84#33.67#37.49
-98.6567,25.9159#28.84#33.7#37.46
-98.6059,25.9171#28.83#33.73#37.44
-98.5552,25.9184#28.82#33.76#37.42
-98.5044,25.9195#28.81#33.79#37.4
-98.4537,25.9207#28.8#33.78#37.42
-98.4029,25.9219#28.79#33.77#37.44
-98.3522,25.923#28.78#33.76#37.46
-98.3014,25.9241#28.77#33.74#37.49
-98.2506,25.9252#28.77#33.73#37.5
-98.1999,25.9263#28.76#33.72#37.52
-98.1491,25.9274#28.75#33.71#37.54
-98.0984,25.9284#28.74#33.7#37.56
-98.0476,25.9295#28.73#33.68#37.59
-97.9968,25.9305#28.72#33.67#37.61
-97.9461,25.9315#28.72#33.65#37.63
-97.8953,25.9325#28.72#33.63#37.65
-97.8445,25.9334#28.71#33.61#37.68
-97.7938,25.9344#28.71#33.6#37.69
-97.743,25.9353#28.71#33.58#37.71
-97.6922,25.9362#28.71#33.56#37.73
-97.6415,25.9371#28.71#33.54#37.75
-97.5907,25.938#28.71#33.52#37.77
-97.5399,25.9389#28.7#33.5#37.8
-97.4891,25.9397#28.7#33.47#37.83
-97.4384,25.9406#28.7#33.43#37.87
-97.3876,25.9414#28.7#33.39#37.91
-97.3368,25.9422#28.71#33.35#37.94
-97.286,25.9429#28.71#33.31#37.98
-97.2353,25.9437#28.71#33.27#38.02
-97.1845,25.9445#28.71#33.23#38.06
-97.1337,25.9452#28.71#33.19#38.1
-97.0829,25.9459#28.71#33.15#38.14
-97.0322,25.9466#28.71#33.11#38.18
-96.9814,25.9473#28.71#33.07#38.22
-96.9306,25.9479#28.72#33.04#38.24
-96.8798,25.9486#28.72#33#38.28
-96.829,25.9492#28.72#32.97#38.31
-96.7783,25.9498#28.72#32.93#38.35
-96.7275,25.9504#28.72#32.9#38.38
-96.6767,25.951#28.73#32.87#38.4
-96.6259,25.9515#28.73#32.83#38.44
-96.5751,25.952#28.73#32.8#38.47
-96.5243,25.9526#28.73#32.76#38.51
-96.4736,25.9531#28.73#32.72#38.55
-96.4228,25.9536#28.74#32.68#38.58
-96.372,25.954#28.74#32.64#38.62
-96.3212,25.9545#28.74#32.6#38.66
-96.2704,25.9549#28.74#32.56#38.7
-96.2196,25.9553#28.75#32.51#38.74
-96.1688,25.9557#28.75#32.47#38.78
-96.1181,25.9561#28.75#32.43#38.82
-96.0673,25.9565#28.75#32.39#38.86
-96.0165,25.9569#28.75#32.34#38.91
-95.9657,25.9572#28.76#32.3#38.94
-95.9149,25.9575#28.76#32.26#38.98
-95.8641,25.9578#28.76#32.22#39.02
-95.8133,25.9581#28.76#32.18#39.06
-95.7625,25.9583#28.76#32.14#39.1
-95.7118,25.9586#28.77#32.1#39.13
-95.661,25.9588#28.77#32.06#39.17
-95.6102,25.959#28.77#32.02#39.21
-95.5594,25.9592#28.77#31.98#39.25
-95.5086,25.9594#28.77#31.94#39.29
-95.4578,25.9596#28.77#31.91#39.32
-95.407,25.9597#28.78#31.88#39.34
-95.3562,25.9599#28.78#31.85#39.37
-95.3054,25.96#28.78#31.81#39.41
-95.2547,25.9601#28.78#31.78#39.44
-95.2039,25.9601#28.78#31.75#39.47
-95.1531,25.9602#28.78#31.72#39.5
-95.1023,25.9602#28.79#31.69#39.52
-95.0515,25.9603#28.79#31.65#39.56
-95.0007,25.9603#28.79#31.62#39.59
-94.9499,25.9603#28.79#31.59#39.62
-94.8991,25.9602#28.79#31.56#39.65
-94.8483,25.9602#28.79#31.53#39.68
-94.7975,25.9601#28.79#31.5#39.71
-94.7468,25.9601#28.8#31.47#39.73
-94.696,25.96#28.8#31.44#39.76
-94.6452,25.9599#28.8#31.41#39.79
-94.5944,25.9597#28.8#31.38#39.82
-94.5436,25.9596#28.8#31.34#39.86
-94.4928,25.9594#28.8#31.31#39.89
-94.442,25.9592#28.81#31.29#39.9
-94.3912,25.959#28.81#31.26#39.93
-94.3404,25.9588#28.82#31.24#39.94
-94.2896,25.9586#28.82#31.21#39.97
-94.2389,25.9584#28.82#31.18#40
-94.1881,25.9581#28.83#31.16#40.01
-94.1373,25.9578#28.83#31.13#40.04
-94.0865,25.9575#28.83#31.11#40.06
-94.0357,25.9572#28.84#31.08#40.08
-93.9849,25.9569#28.85#31.06#40.09
-93.9341,25.9565#28.87#31.03#40.1
-93.8833,25.9561#28.89#31#40.11
-93.8326,25.9558#28.9#30.98#40.12
-93.7818,25.9554#28.92#30.95#40.13
-93.731,25.9549#28.94#30.92#40.14
-93.6802,25.9545#28.96#30.9#40.14
-93.6294,25.954#28.98#30.87#40.15
-93.5786,25.9536#29#30.84#40.16
-93.5278,25.9531#29.02#30.82#40.16
-93.4771,25.9526#29.05#30.8#40.15
-93.4263,25.9521#29.08#30.81#40.11
-93.3755,25.9515#29.12#30.81#40.07
-93.3247,25.951#29.16#30.81#40.03
-93.2739,25.9504#29.19#30.82#39.99
-93.2232,25.9498#29.23#30.82#39.95
-93.1724,25.9492#29.27#30.82#39.91
-93.1216,25.9486#29.3#30.83#39.87
-93.0708,25.9479#29.34#30.83#39.83
-93.02,25.9473#29.38#30.84#39.78
-92.9693,25.9466#29.42#30.83#39.75
-92.9185,25.9459#29.46#30.81#39.73
-92.8677,25.9452#29.5#30.79#39.71
-92.8169,25.9445#29.54#30.77#39.69
-92.7661,25.9437#29.58#30.75#39.67
-92.7154,25.943#29.62#30.73#39.65
-92.6646,25.9422#29.66#30.71#39.63
-92.6138,25.9414#29.71#30.69#39.6
-92.563,25.9406#29.75#30.67#39.58
-92.5123,25.9398#29.79#30.65#39.56
-92.4615,25.9389#29.81#30.62#39.57
-92.4107,25.938#29.83#30.6#39.57
-92.36,25.9372#29.85#30.57#39.58
-92.3092,25.9363#29.87#30.54#39.59
-92.2584,25.9353#29.89#30.51#39.6
-92.2076,25.9344#29.91#30.49#39.6
-92.1569,25.9335#29.93#30.46#39.61
-92.1061,25.9325#29.95#30.43#39.62
-92.0553,25.9315#29.97#30.41#39.62
-92.0046,25.9305#29.99#30.38#39.63
-91.9538,25.9295#30#30.34#39.66
-91.903,25.9285#30.01#30.3#39.69
-91.8523,25.9274#30.02#30.26#39.72
-91.8015,25.9263#30.03#30.22#39.75
-91.7508,25.9253#30.04#30.18#39.78
-91.7,25.9242#30.05#30.14#39.81
-91.6492,25.923#30.06#30.11#39.83
-91.5985,25.9219#30.07#30.07#39.86
-91.5477,25.9207#30.08#30.03#39.89
-91.497,25.9196#30.09#29.99#39.92
-91.4462,25.9184#30.07#29.93#40
-91.3955,25.9172#30.05#29.88#40.07
-91.3447,25.916#30.03#29.83#40.14
-91.294,25.9147#30.01#29.78#40.21
-91.2432,25.9135#29.99#29.73#40.28
-91.1924,25.9122#29.97#29.68#40.35
-91.1417,25.9109#29.95#29.63#40.42
-91.091,25.9096#29.93#29.57#40.5
-91.0402,25.9083#29.91#29.52#40.57
-90.9895,25.9069#29.88#29.47#40.65
-90.9387,25.9056#29.83#29.42#40.75
-90.888,25.9042#29.79#29.36#40.85
-90.8372,25.9028#29.74#29.31#40.95
-90.7865,25.9014#29.69#29.26#41.05
-90.7357,25.9#29.64#29.2#41.16
-100.637,25.9005#29.68#32.69#37.63
-100.587,25.9024#29.68#32.72#37.6
-100.536,25.9043#29.68#32.76#37.56
-100.485,25.9062#29.67#32.79#37.54
-100.434,25.908#29.66#32.81#37.53
-100.384,25.9098#29.64#32.83#37.53
-100.333,25.9116#29.62#32.86#37.52
-100.282,25.9134#29.6#32.88#37.52
-100.231,25.9152#29.58#32.9#37.52
-100.181,25.9169#29.56#32.92#37.52
-100.13,25.9187#29.54#32.94#37.52
-100.079,25.9204#29.52#32.97#37.51
-100.028,25.9221#29.5#32.99#37.51
-99.9778,25.9238#29.47#33#37.53
-99.927,25.9254#29.44#33.01#37.55
-99.8763,25.9271#29.4#33.01#37.59
-99.8255,25.9287#29.37#33.02#37.61
-99.7748,25.9303#29.33#33.03#37.64
-99.724,25.9319#29.29#33.03#37.68
-99.6733,25.9335#29.26#33.04#37.7
-99.6225,25.9351#29.22#33.05#37.73
-99.5718,25.9366#29.19#33.06#37.75
-99.521,25.9382#29.15#33.06#37.79
-99.4703,25.9397#29.12#33.09#37.79
-99.4195,25.9412#29.1#33.14#37.76
-99.3688,25.9427#29.07#33.19#37.74
-99.318,25.9441#29.05#33.24#37.71
-99.2673,25.9456#29.02#33.29#37.69
-99.2165,25.947#29#33.34#37.66
-99.1657,25.9484#28.97#33.39#37.64
-99.115,25.9498#28.95#33.43#37.62
-99.0642,25.9512#28.92#33.48#37.6
-99.0134,25.9525#28.9#33.53#37.57
-98.9627,25.9539#28.88#33.56#37.56
-98.9119,25.9552#28.88#33.59#37.53
-98.8611,25.9565#28.87#33.62#37.51
-98.8104,25.9578#28.86#33.65#37.49
-98.7596,25.9591#28.85#33.68#37.47
-98.7088,25.9603#28.85#33.7#37.45
-98.6581,25.9616#28.84#33.73#37.43
-98.6073,25.9628#28.83#33.76#37.41
-98.5565,25.964#28.82#33.79#37.39
-98.5057,25.9652#28.81#33.81#37.38
-98.455,25.9664#28.81#33.8#37.39
-98.4042,25.9675#28.8#33.79#37.41
-98.3534,25.9687#28.79#33.78#37.43
-98.3026,25.9698#28.78#33.77#37.45
-98.2519,25.9709#28.77#33.75#37.48
-98.2011,25.972#28.76#33.74#37.5
-98.1503,25.9731#28.75#33.73#37.52
-98.0995,25.9741#28.74#33.72#37.54
-98.0487,25.9751#28.73#33.7#37.57
-97.998,25.9762#28.72#33.69#37.59
-97.9472,25.9772#28.72#33.67#37.61
-97.8964,25.9781#28.72#33.65#37.63
-97.8456,25.9791#28.72#33.63#37.65
-97.7948,25.9801#28.72#33.61#37.67
-97.744,25.981#28.72#33.59#37.69
-97.6932,25.9819#28.71#33.57#37.72
-97.6424,25.9828#28.71#33.55#37.74
-97.5917,25.9837#28.71#33.53#37.76
-97.5409,25.9846#28.71#33.51#37.78
-97.4901,25.9854#28.71#33.48#37.81
-97.4393,25.9862#28.71#33.44#37.85
-97.3885,25.987#28.71#33.4#37.89
-97.3377,25.9878#28.71#33.36#37.93
-97.2869,25.9886#28.71#33.32#37.97
-97.2361,25.9894#28.71#33.28#38.01
-97.1853,25.9901#28.72#33.24#38.04
-97.1345,25.9909#28.72#33.2#38.08
-97.0837,25.9916#28.72#33.16#38.12
-97.0329,25.9923#28.72#33.12#38.16
-96.9821,25.9929#28.72#33.08#38.2
-96.9313,25.9936#28.72#33.05#38.23
-96.8805,25.9942#28.72#33.01#38.27
-96.8297,25.9949#28.73#32.98#38.29
-96.7789,25.9955#28.73#32.94#38.33
-96.7281,25.9961#28.73#32.91#38.36
-96.6773,25.9966#28.73#32.88#38.39
-96.6265,25.9972#28.74#32.84#38.42
-96.5757,25.9977#28.74#32.81#38.45
-96.5249,25.9983#28.74#32.77#38.49
-96.4741,25.9988#28.74#32.73#38.53
-96.4233,25.9992#28.74#32.69#38.57
-96.3725,25.9997#28.75#32.65#38.6
-96.3217,26.0002#28.75#32.61#38.64
-96.2709,26.0006#28.75#32.57#38.68
-96.2201,26.001#28.75#32.52#38.73
-96.1693,26.0014#28.76#32.48#38.76
-96.1185,26.0018#28.76#32.44#38.8
-96.0677,26.0022#28.76#32.4#38.84
-96.0169,26.0025#28.76#32.36#38.88
-95.9661,26.0029#28.76#32.31#38.93
-95.9153,26.0032#28.77#32.28#38.95
-95.8644,26.0035#28.77#32.24#38.99
-95.8136,26.0038#28.77#32.2#39.03
-95.7628,26.004#28.77#32.16#39.07
-95.712,26.0043#28.77#32.12#39.11
-95.6612,26.0045#28.78#32.08#39.14
-95.6104,26.0047#28.78#32.04#39.18
-95.5596,26.0049#28.78#32#39.22
-95.5088,26.0051#28.78#31.96#39.26
-95.458,26.0053#28.78#31.92#39.3
-95.4072,26.0054#28.78#31.89#39.33
-95.3564,26.0055#28.79#31.86#39.35
-95.3056,26.0056#28.79#31.83#39.38
-95.2547,26.0057#28.79#31.79#39.42
-95.2039,26.0058#28.79#31.76#39.45
-95.1531,26.0059#28.79#31.73#39.48
-95.1023,26.0059#28.79#31.69#39.52
-95.0515,26.0059#28.8#31.66#39.54
-95.0007,26.006#28.8#31.63#39.57
-94.9499,26.0059#28.8#31.6#39.6
-94.8991,26.0059#28.8#31.57#39.63
-94.8483,26.0059#28.8#31.54#39.66
-94.7975,26.0058#28.8#31.51#39.69
-94.7467,26.0057#28.8#31.48#39.72
-94.6958,26.0057#28.81#31.44#39.75
-94.645,26.0055#28.81#31.41#39.78
-94.5942,26.0054#28.81#31.38#39.81
-94.5434,26.0053#28.81#31.35#39.84
-94.4926,26.0051#28.81#31.32#39.87
-94.4418,26.0049#28.82#31.29#39.89
-94.391,26.0047#28.82#31.27#39.91
-94.3402,26.0045#28.83#31.24#39.93
-94.2894,26.0043#28.83#31.21#39.96
-94.2386,26.004#28.84#31.19#39.97
-94.1878,26.0038#28.84#31.16#40
-94.137,26.0035#28.85#31.13#40.02
-94.0862,26.0032#28.85#31.1#40.05
-94.0353,26.0029#28.86#31.08#40.06
-93.9845,26.0025#28.87#31.05#40.08
-93.9337,26.0022#28.89#31.03#40.08
-93.8829,26.0018#28.91#31.01#40.08
-93.8321,26.0014#28.93#30.98#40.09
-93.7813,26.001#28.95#30.96#40.09
-93.7305,26.0006#28.97#30.94#40.09
-93.6797,26.0002#28.99#30.92#40.09
-93.6289,25.9997#29.01#30.89#40.1
-93.5781,25.9993#29.04#30.87#40.09
-93.5273,25.9988#29.06#30.85#40.09
-93.4765,25.9983#29.08#30.83#40.09
-93.4257,25.9977#29.12#30.84#40.04
-93.3749,25.9972#29.16#30.84#40
-93.3241,25.9966#29.2#30.84#39.96
-93.2733,25.9961#29.24#30.84#39.92
-93.2225,25.9955#29.27#30.84#39.89
-93.1717,25.9949#29.31#30.84#39.85
-93.1209,25.9943#29.35#30.84#39.81
-93.0701,25.9936#29.39#30.84#39.77
-93.0193,25.993#29.42#30.84#39.74
-92.9685,25.9923#29.46#30.83#39.71
-92.9177,25.9916#29.5#30.81#39.69
-92.8669,25.9909#29.54#30.79#39.67
-92.8161,25.9901#29.58#30.77#39.65
-92.7653,25.9894#29.62#30.75#39.63
-92.7145,25.9886#29.66#30.73#39.61
-92.6637,25.9879#29.7#30.71#39.59
-92.6129,25.9871#29.74#30.69#39.57
-92.5621,25.9863#29.77#30.67#39.56
-92.5113,25.9854#29.81#30.65#39.54
-92.4605,25.9846#29.84#30.62#39.54
-92.4098,25.9837#29.86#30.6#39.54
-92.359,25.9828#29.88#30.57#39.55
-92.3082,25.9819#29.89#30.54#39.57
-92.2574,25.981#29.91#30.51#39.58
-92.2066,25.9801#29.93#30.49#39.58
-92.1558,25.9791#29.95#30.46#39.59
-92.105,25.9782#29.97#30.43#39.6
-92.0542,25.9772#29.99#30.4#39.61
-92.0035,25.9762#30.01#30.38#39.61
-91.9527,25.9752#30.02#30.34#39.64
-91.9019,25.9741#30.02#30.3#39.68
-91.8511,25.9731#30.03#30.26#39.71
-91.8003,25.972#30.04#30.21#39.75
-91.7495,25.9709#30.05#30.17#39.78
-91.6988,25.9698#30.05#30.13#39.82
-91.648,25.9687#30.06#30.09#39.85
-91.5972,25.9676#30.07#30.05#39.88
-91.5464,25.9664#30.08#30.01#39.91
-91.4957,25.9652#30.08#29.97#39.95
-91.4449,25.9641#30.06#29.92#40.02
-91.3941,25.9628#30.03#29.87#40.1
-91.3433,25.9616#30.01#29.82#40.17
-91.2926,25.9604#29.98#29.77#40.25
-91.2418,25.9591#29.96#29.71#40.33
-91.191,25.9579#29.94#29.66#40.4
-91.1403,25.9566#29.91#29.61#40.48
-91.0895,25.9553#29.89#29.56#40.55
-91.0387,25.9539#29.87#29.51#40.62
-90.988,25.9526#29.84#29.46#40.7
-90.9372,25.9512#29.79#29.4#40.81
-90.8864,25.9498#29.74#29.35#40.91
-90.8357,25.9485#29.69#29.3#41.01
-90.7849,25.947#29.64#29.24#41.12
-90.7341,25.9456#29.59#29.19#41.22
-90.6834,25.9442#29.54#29.14#41.32
-90.6326,25.9427#29.49#29.09#41.42
-90.5819,25.9412#29.44#29.03#41.53
-90.5311,25.9397#29.39#28.98#41.63
-90.4804,25.9382#29.34#28.93#41.73
-90.4296,25.9367#29.29#28.89#41.82
-90.3789,25.9351#29.24#28.85#41.91
-90.3281,25.9336#29.18#28.81#42.01
-90.2774,25.932#29.13#28.77#42.1
-90.2266,25.9304#29.08#28.73#42.19
-90.1759,25.9288#29.02#28.69#42.29
-90.1251,25.9271#28.97#28.65#42.38
-90.0744,25.9255#28.92#28.61#42.47
-90.0236,25.9238#28.86#28.57#42.57
-89.9729,25.9221#28.83#28.54#42.63
-89.9222,25.9204#28.82#28.5#42.68
-89.8714,25.9187#28.81#28.47#42.72
-89.8207,25.917#28.8#28.43#42.77
-89.77,25.9152#28.8#28.39#42.81
-89.7192,25.9135#28.79#28.36#42.85
-89.6685,25.9117#28.78#28.32#42.9
-89.6178,25.9099#28.77#28.29#42.94
-89.567,25.9081#28.76#28.25#42.99
-89.5163,25.9062#28.75#28.22#43.03
-89.4656,25.9044#28.74#28.19#43.07
-89.4149,25.9025#28.74#28.15#43.11
-89.3641,25.9006#28.73#28.12#43.15
-101.755,25.9003#29.61#32.03#38.36
-101.705,25.9025#29.62#32.06#38.32
-101.654,25.9048#29.63#32.08#38.29
-101.603,25.907#29.64#32.1#38.26
-101.552,25.9092#29.64#32.12#38.24
-101.502,25.9114#29.65#32.15#38.2
-101.451,25.9136#29.65#32.18#38.17
-101.4,25.9158#29.66#32.21#38.13
-101.35,25.9179#29.66#32.24#38.1
-101.299,25.9201#29.67#32.27#38.06
-101.248,25.9222#29.67#32.3#38.03
-101.197,25.9243#29.67#32.33#38
-101.147,25.9263#29.68#32.36#37.96
-101.096,25.9284#29.68#32.39#37.93
-101.045,25.9305#29.68#32.42#37.9
-100.995,25.9325#29.69#32.45#37.86
-100.944,25.9345#29.68#32.48#37.84
-100.893,25.9365#29.68#32.52#37.8
-100.842,25.9385#29.68#32.55#37.77
-100.792,25.9404#29.68#32.59#37.73
-100.741,25.9424#29.68#32.62#37.7
-100.69,25.9443#29.68#32.66#37.66
-100.639,25.9462#29.67#32.7#37.63
-100.589,25.9481#29.67#32.73#37.6
-100.538,25.95#29.67#32.77#37.56
-100.487,25.9518#29.66#32.8#37.54
-100.436,25.9536#29.64#32.82#37.54
-100.386,25.9555#29.62#32.84#37.54
-100.335,25.9573#29.6#32.87#37.53
-100.284,25.9591#29.58#32.89#37.53
-100.233,25.9608#29.56#32.91#37.53
-100.183,25.9626#29.54#32.93#37.53
-100.132,25.9643#29.51#32.95#37.54
-100.081,25.966#29.49#32.97#37.54
-100.03,25.9677#29.47#32.99#37.54
-99.9796,25.9694#29.44#33#37.56
-99.9289,25.9711#29.41#33.01#37.58
-99.8781,25.9728#29.37#33.02#37.61
-99.8273,25.9744#29.34#33.03#37.63
-99.7766,25.976#29.3#33.04#37.66
-99.7258,25.9776#29.26#33.05#37.69
-99.675,25.9792#29.23#33.06#37.71
-99.6243,25.9808#29.19#33.08#37.73
-99.5735,25.9823#29.16#33.09#37.75
-99.5227,25.9838#29.12#33.1#37.78
-99.472,25.9853#29.09#33.13#37.78
-99.4212,25.9868#29.07#33.18#37.75
-99.3704,25.9883#29.05#33.23#37.72
-99.3196,25.9898#29.03#33.28#37.69
-99.2689,25.9912#29#33.33#37.67
-99.2181,25.9927#28.98#33.38#37.64
-99.1673,25.9941#28.96#33.43#37.61
-99.1165,25.9955#28.94#33.47#37.59
-99.0657,25.9968#28.92#33.52#37.56
-99.015,25.9982#28.89#33.57#37.54
-98.9642,25.9996#28.88#33.61#37.51
-98.9134,26.0009#28.88#33.63#37.49
-98.8626,26.0022#28.87#33.66#37.47
-98.8118,26.0035#28.86#33.68#37.46
-98.761,26.0048#28.85#33.71#37.44
-98.7102,26.006#28.85#33.74#37.41
-98.6594,26.0073#28.84#33.76#37.4
-98.6086,26.0085#28.83#33.79#37.38
-98.5579,26.0097#28.82#33.81#37.37
-98.5071,26.0109#28.82#33.84#37.34
-98.4563,26.012#28.81#33.83#37.36
-98.4055,26.0132#28.8#33.82#37.38
-98.3547,26.0143#28.79#33.8#37.41
-98.3039,26.0155#28.78#33.79#37.43
-98.2531,26.0166#28.77#33.78#37.45
-98.2023,26.0177#28.76#33.76#37.48
-98.1515,26.0187#28.75#33.75#37.5
-98.1007,26.0198#28.75#33.74#37.51
-98.0499,26.0208#28.74#33.72#37.54
-97.9991,26.0218#28.73#33.71#37.56
-97.9483,26.0228#28.73#33.69#37.58
-97.8975,26.0238#28.73#33.67#37.6
-97.8467,26.0248#28.72#33.65#37.63
-97.7959,26.0257#28.72#33.62#37.66
-97.745,26.0267#28.72#33.6#37.68
-97.6942,26.0276#28.72#33.58#37.7
-97.6434,26.0285#28.72#33.56#37.72
-97.5926,26.0294#28.72#33.54#37.74
-97.5418,26.0302#28.72#33.51#37.77
-97.491,26.0311#28.71#33.49#37.8
-97.4402,26.0319#28.72#33.45#37.83
-97.3894,26.0327#28.72#33.41#37.87
-97.3386,26.0335#28.72#33.37#37.91
-97.2878,26.0343#28.72#33.33#37.95
-97.2369,26.0351#28.72#33.29#37.99
-97.1861,26.0358#28.72#33.25#38.03
-97.1353,26.0365#28.72#33.21#38.07
-97.0845,26.0372#28.72#33.17#38.11
-97.0337,26.0379#28.73#33.13#38.14
-96.9829,26.0386#28.73#33.1#38.17
-96.932,26.0393#28.73#33.06#38.21
-96.8812,26.0399#28.73#33.03#38.24
-96.8304,26.0405#28.73#32.99#38.28
-96.7796,26.0411#28.74#32.96#38.3
-96.7288,26.0417#28.74#32.92#38.34
-96.6779,26.0423#28.74#32.89#38.37
-96.6271,26.0429#28.74#32.85#38.41
-96.5763,26.0434#28.74#32.82#38.44
-96.5255,26.0439#28.75#32.78#38.47
-96.4747,26.0444#28.75#32.74#38.51
-96.4238,26.0449#28.75#32.7#38.55
-96.373,26.0454#28.75#32.66#38.59
-96.3222,26.0458#28.76#32.62#38.62
-96.2714,26.0463#28.76#32.58#38.66
-96.2205,26.0467#28.76#32.53#38.71
-96.1697,26.0471#28.76#32.49#38.75
-96.1189,26.0475#28.77#32.45#38.78
-96.0681,26.0479#28.77#32.41#38.82
-96.0172,26.0482#28.77#32.37#38.86
-95.9664,26.0485#28.77#32.33#38.9
-95.9156,26.0489#28.77#32.29#38.94
-95.8648,26.0492#28.78#32.25#38.97
-95.8139,26.0494#28.78#32.21#39.01
-95.7631,26.0497#28.78#32.17#39.05
-95.7123,26.05#28.78#32.13#39.09
-95.6615,26.0502#28.78#32.09#39.13
-95.6106,26.0504#28.79#32.05#39.16
-95.5598,26.0506#28.79#32.01#39.2
-95.509,26.0508#28.79#31.97#39.24
-95.4582,26.0509#28.79#31.94#39.27
-95.4073,26.0511#28.79#31.9#39.31
-95.3565,26.0512#28.79#31.87#39.34
-95.3057,26.0513#28.8#31.84#39.36
-95.2548,26.0514#28.8#31.8#39.4
-95.204,26.0515#28.8#31.77#39.43
-95.1532,26.0516#28.8#31.74#39.46
-95.1024,26.0516#28.8#31.7#39.5
-95.0515,26.0516#28.8#31.67#39.53
-95.0007,26.0516#28.81#31.64#39.55
-94.9499,26.0516#28.81#31.61#39.58
-94.899,26.0516#28.81#31.57#39.62
-94.8482,26.0516#28.81#31.54#39.65
-94.7974,26.0515#28.81#31.51#39.68
-94.7466,26.0514#28.81#31.48#39.71
-94.6957,26.0513#28.81#31.45#39.74
-94.6449,26.0512#28.82#31.42#39.76
-94.5941,26.0511#28.82#31.39#39.79
-94.5433,26.0509#28.82#31.36#39.82
-94.4924,26.0508#28.82#31.33#39.85
-94.4416,26.0506#28.83#31.3#39.87
-94.3908,26.0504#28.83#31.27#39.9
-94.3399,26.0502#28.84#31.24#39.92
-94.2891,26.05#28.85#31.21#39.94
-94.2383,26.0497#28.85#31.19#39.96
-94.1875,26.0495#28.86#31.16#39.98
-94.1366,26.0492#28.87#31.13#40
-94.0858,26.0489#28.87#31.1#40.03
-94.035,26.0486#28.88#31.07#40.05
-93.9842,26.0482#28.89#31.05#40.06
-93.9333,26.0479#28.91#31.03#40.06
-93.8825,26.0475#28.94#31.01#40.05
-93.8317,26.0471#28.96#30.99#40.05
-93.7809,26.0467#28.98#30.97#40.05
-93.73,26.0463#29#30.95#40.05
-93.6792,26.0459#29.03#30.93#40.04
-93.6284,26.0454#29.05#30.92#40.03
-93.5776,26.0449#29.07#30.9#40.03
-93.5267,26.0444#29.09#30.88#40.03
-93.4759,26.0439#29.12#30.87#40.01
-93.4251,26.0434#29.16#30.86#39.98
-93.3743,26.0429#29.2#30.86#39.94
-93.3235,26.0423#29.24#30.86#39.9
-93.2726,26.0418#29.28#30.86#39.86
-93.2218,26.0412#29.32#30.86#39.82
-93.171,26.0406#29.35#30.86#39.79
-93.1202,26.0399#29.39#30.85#39.76
-93.0694,26.0393#29.43#30.85#39.72
-93.0185,26.0386#29.47#30.85#39.68
-92.9677,26.038#29.51#30.84#39.65
-92.9169,26.0373#29.54#30.82#39.64
-92.8661,26.0366#29.58#30.8#39.62
-92.8153,26.0358#29.62#30.78#39.6
-92.7645,26.0351#29.65#30.76#39.59
-92.7137,26.0343#29.69#30.73#39.58
-92.6628,26.0335#29.73#30.71#39.56
-92.612,26.0327#29.76#30.69#39.55
-92.5612,26.0319#29.8#30.67#39.53
-92.5104,26.0311#29.84#30.65#39.51
-92.4596,26.0303#29.86#30.63#39.51
-92.4088,26.0294#29.88#30.6#39.52
-92.358,26.0285#29.9#30.57#39.53
-92.3072,26.0276#29.92#30.54#39.54
-92.2564,26.0267#29.93#30.51#39.56
-92.2055,26.0258#29.95#30.48#39.57
-92.1547,26.0248#29.97#30.45#39.58
-92.1039,26.0238#29.99#30.43#39.58
-92.0531,26.0229#30.01#30.4#39.59
-92.0023,26.0219#30.03#30.37#39.6
-91.9515,26.0208#30.03#30.33#39.64
-91.9007,26.0198#30.04#30.29#39.67
-91.8499,26.0188#30.04#30.25#39.71
-91.7991,26.0177#30.04#30.21#39.75
-91.7483,26.0166#30.05#30.16#39.79
-91.6975,26.0155#30.05#30.12#39.83
-91.6467,26.0144#30.06#30.08#39.86
-91.5959,26.0132#30.06#30.04#39.9
-91.5451,26.0121#30.07#30#39.93
-91.4943,26.0109#30.07#29.96#39.97
-91.4435,26.0097#30.04#29.91#40.05
-91.3928,26.0085#30.02#29.85#40.13
-91.342,26.0073#29.99#29.8#40.21
-91.2912,26.006#29.96#29.75#40.29
-91.2404,26.0048#29.93#29.7#40.37
-91.1896,26.0035#29.91#29.65#40.44
-91.1388,26.0022#29.88#29.6#40.52
-91.088,26.0009#29.85#29.54#40.61
-91.0372,25.9996#29.83#29.49#40.68
-90.9865,25.9982#29.79#29.44#40.77
-90.9357,25.9969#29.74#29.39#40.87
-90.8849,25.9955#29.69#29.34#40.97
-90.8341,25.9941#29.64#29.29#41.07
-90.7833,25.9927#29.59#29.23#41.18
-90.7325,25.9913#29.53#29.18#41.29
-90.6818,25.9898#29.48#29.13#41.39
-90.631,25.9884#29.43#29.08#41.49
-90.5802,25.9869#29.38#29.03#41.59
-90.5294,25.9854#29.33#28.98#41.69
-90.4787,25.9839#29.28#28.93#41.79
-90.4279,25.9823#29.23#28.89#41.88
-90.3771,25.9808#29.18#28.85#41.97
-90.3264,25.9792#29.13#28.81#42.06
-90.2756,25.9776#29.08#28.77#42.15
-90.2248,25.976#29.03#28.73#42.24
-90.1741,25.9744#28.99#28.69#42.32
-90.1233,25.9728#28.94#28.65#42.41
-90.0725,25.9711#28.89#28.61#42.5
-90.0218,25.9695#28.84#28.57#42.59
-89.971,25.9678#28.81#28.54#42.65
-89.9203,25.9661#28.8#28.5#42.7
-89.8695,25.9644#28.79#28.46#42.75
-89.8188,25.9626#28.78#28.43#42.79
-89.768,25.9609#28.77#28.39#42.84
-89.7172,25.9591#28.77#28.36#42.87
-89.6665,25.9573#28.76#28.32#42.92
-89.6158,25.9555#28.75#28.29#42.96
-89.565,25.9537#28.74#28.25#43.01
-89.5143,25.9519#28.73#28.22#43.05
-89.4635,25.95#28.73#28.19#43.08
-89.4128,25.9481#28.72#28.15#43.13
-89.362,25.9462#28.72#28.12#43.16
-89.3113,25.9443#28.71#28.09#43.2
-89.2606,25.9424#28.71#28.06#43.23
-89.2098,25.9405#28.7#28.02#43.28
-89.1591,25.9385#28.7#27.99#43.31
-89.1083,25.9365#28.69#27.96#43.35
-89.0576,25.9345#28.68#27.93#43.39
-89.0069,25.9325#28.68#27.9#43.42
-88.9562,25.9305#28.67#27.89#43.44
-88.9054,25.9285#28.67#27.89#43.44
-88.8547,25.9264#28.66#27.89#43.45
-88.804,25.9243#28.65#27.89#43.46
-88.7533,25.9222#28.65#27.89#43.46
-88.7025,25.9201#28.64#27.88#43.48
-88.6518,25.918#28.63#27.88#43.49
-88.6011,25.9158#28.63#27.88#43.49
-88.5504,25.9137#28.62#27.88#43.5
-88.4997,25.9115#28.61#27.88#43.51
-88.449,25.9093#28.6#27.94#43.46
-88.3983,25.9071#28.6#28#43.4
-88.3476,25.9049#28.59#28.06#43.35
-88.2969,25.9026#28.59#28.11#43.3
-88.2462,25.9003#28.58#28.17#43.25
-102.67,25.9022#29.34#31.7#38.96
-102.62,25.9048#29.37#31.71#38.92
-102.569,25.9073#29.41#31.72#38.87
-102.518,25.9099#29.44#31.73#38.83
-102.468,25.9124#29.46#31.75#38.79
-102.417,25.9149#29.48#31.77#38.75
-102.366,25.9174#29.49#31.79#38.72
-102.316,25.9198#29.5#31.81#38.69
-102.265,25.9223#29.52#31.83#38.65
-102.214,25.9247#29.53#31.85#38.62
-102.163,25.9272#29.54#31.87#38.59
-102.113,25.9296#29.55#31.89#38.56
-102.062,25.9319#29.57#31.91#38.52
-102.011,25.9343#29.58#31.93#38.49
-101.961,25.9367#29.59#31.95#38.46
-101.91,25.939#29.6#31.98#38.42
-101.859,25.9413#29.6#32#38.4
-101.809,25.9436#29.61#32.02#38.37
-101.758,25.9459#29.62#32.04#38.34
-101.707,25.9482#29.63#32.07#38.3
-101.656,25.9504#29.63#32.09#38.28
-101.606,25.9527#29.64#32.11#38.25
-101.555,25.9549#29.65#32.13#38.22
-101.504,25.9571#29.66#32.16#38.18
-101.453,25.9593#29.66#32.18#38.16
-101.403,25.9614#29.66#32.21#38.13
-101.352,25.9636#29.67#32.24#38.09
-101.301,25.9657#29.67#32.27#38.06
-101.25,25.9678#29.67#32.3#38.03
-101.2,25.9699#29.68#32.33#37.99
-101.149,25.972#29.68#32.36#37.96
-101.098,25.974#29.68#32.39#37.93
-101.048,25.9761#29.69#32.42#37.89
-100.997,25.9781#29.69#32.45#37.86
-100.946,25.9801#29.69#32.49#37.82
-100.895,25.9821#29.68#32.52#37.8
-100.845,25.9841#29.68#32.56#37.76
-100.794,25.9861#29.68#32.6#37.72
-100.743,25.988#29.67#32.63#37.7
-100.692,25.9899#29.67#32.67#37.66
-100.641,25.9918#29.67#32.71#37.62
-100.591,25.9937#29.66#32.75#37.59
-100.54,25.9956#29.66#32.78#37.56
-100.489,25.9975#29.65#32.82#37.53
-100.438,25.9993#29.63#32.84#37.53
-100.388,26.0011#29.61#32.85#37.54
-100.337,26.0029#29.58#32.87#37.55
-100.286,26.0047#29.56#32.89#37.55
-100.235,26.0065#29.54#32.91#37.55
-100.185,26.0082#29.51#32.93#37.56
-100.134,26.01#29.49#32.95#37.56
-100.083,26.0117#29.47#32.97#37.56
-100.032,26.0134#29.44#32.99#37.57
-99.9815,26.0151#29.41#33#37.59
-99.9307,26.0168#29.38#33.02#37.6
-99.8799,26.0184#29.34#33.03#37.63
-99.8291,26.02#29.31#33.05#37.64
-99.7784,26.0217#29.27#33.06#37.67
-99.7276,26.0233#29.23#33.07#37.7
-99.6768,26.0248#29.2#33.09#37.71
-99.626,26.0264#29.16#33.1#37.74
-99.5752,26.028#29.13#33.12#37.75
-99.5244,26.0295#29.09#33.13#37.78
-99.4736,26.031#29.06#33.17#37.77
-99.4228,26.0325#29.04#33.22#37.74
-99.372,26.034#29.02#33.27#37.71
-99.3213,26.0354#29#33.32#37.68
-99.2705,26.0369#28.99#33.36#37.65
-99.2197,26.0383#28.97#33.41#37.62
-99.1689,26.0397#28.95#33.46#37.59
-99.1181,26.0411#28.93#33.51#37.56
-99.0673,26.0425#28.91#33.56#37.53
-99.0165,26.0439#28.89#33.61#37.5
-98.9657,26.0452#28.88#33.65#37.47
-98.9149,26.0465#28.87#33.67#37.46
-98.864,26.0479#28.87#33.7#37.43
-98.8132,26.0491#28.86#33.72#37.42
-98.7624,26.0504#28.85#33.74#37.41
-98.7116,26.0517#28.85#33.77#37.38
-98.6608,26.0529#28.84#33.79#37.37
-98.61,26.0541#28.83#33.82#37.35
-98.5592,26.0554#28.83#33.84#37.33
-98.5084,26.0565#28.82#33.86#37.32
-98.4576,26.0577#28.81#33.86#37.33
-98.4067,26.0589#28.8#33.84#37.36
-98.3559,26.06#28.79#33.83#37.38
-98.3051,26.0611#28.79#33.81#37.4
-98.2543,26.0622#28.78#33.8#37.42
-98.2035,26.0633#28.77#33.79#37.44
-98.1527,26.0644#28.76#33.77#37.47
-98.1018,26.0654#28.75#33.76#37.49
-98.051,26.0665#28.74#33.74#37.52
-98.0002,26.0675#28.73#33.73#37.54
-97.9494,26.0685#28.73#33.71#37.56
-97.8986,26.0695#28.73#33.68#37.59
-97.8477,26.0705#28.73#33.66#37.61
-97.7969,26.0714#28.73#33.64#37.63
-97.7461,26.0723#28.73#33.62#37.65
-97.6953,26.0733#28.72#33.59#37.69
-97.6444,26.0742#28.72#33.57#37.71
-97.5936,26.075#28.72#33.55#37.73
-97.5428,26.0759#28.72#33.52#37.76
-97.4919,26.0767#28.72#33.5#37.78
-97.4411,26.0776#28.72#33.46#37.82
-97.3903,26.0784#28.72#33.42#37.86
-97.3394,26.0792#28.72#33.38#37.9
-97.2886,26.08#28.73#33.34#37.93
-97.2378,26.0807#28.73#33.3#37.97
-97.1869,26.0815#28.73#33.26#38.01
-97.1361,26.0822#28.73#33.22#38.05
-97.0853,26.0829#28.73#33.18#38.09
-97.0344,26.0836#28.73#33.15#38.12
-96.9836,26.0843#28.73#33.11#38.16
-96.9328,26.0849#28.74#33.07#38.19
-96.8819,26.0856#28.74#33.04#38.22
-96.8311,26.0862#28.74#33#38.26
-96.7803,26.0868#28.74#32.97#38.29
-96.7294,26.0874#28.75#32.93#38.32
-96.6786,26.088#28.75#32.9#38.35
-96.6277,26.0885#28.75#32.86#38.39
-96.5769,26.0891#28.75#32.83#38.42
-96.5261,26.0896#28.75#32.79#38.46
-96.4752,26.0901#28.76#32.75#38.49
-96.4244,26.0906#28.76#32.71#38.53
-96.3735,26.0911#28.76#32.67#38.57
-96.3227,26.0915#28.76#32.63#38.61
-96.2718,26.092#28.77#32.59#38.64
-96.221,26.0924#28.77#32.55#38.68
-96.1702,26.0928#28.77#32.5#38.73
-96.1193,26.0932#28.77#32.46#38.77
-96.0685,26.0935#28.78#32.42#38.8
-96.0176,26.0939#28.78#32.38#38.84
-95.9668,26.0942#28.78#32.34#38.88
-95.9159,26.0945#28.78#32.3#38.92
-95.8651,26.0948#28.78#32.26#38.96
-95.8142,26.0951#28.79#32.22#38.99
-95.7634,26.0954#28.79#32.18#39.03
-95.7126,26.0956#28.79#32.14#39.07
-95.6617,26.0959#28.79#32.1#39.11
-95.6109,26.0961#28.79#32.07#39.14
-95.56,26.0963#28.8#32.03#39.17
-95.5092,26.0965#28.8#31.99#39.21
-95.4583,26.0966#28.8#31.95#39.25
-95.4075,26.0968#28.8#31.92#39.28
-95.3566,26.0969#28.8#31.88#39.32
-95.3058,26.097#28.8#31.85#39.35
-95.2549,26.0971#28.81#31.81#39.38
-95.2041,26.0972#28.81#31.78#39.41
-95.1532,26.0972#28.81#31.75#39.44
-95.1024,26.0973#28.81#31.71#39.48
-95.0515,26.0973#28.81#31.68#39.51
-95.0007,26.0973#28.81#31.64#39.55
-94.9499,26.0973#28.82#31.61#39.57
-94.899,26.0973#28.82#31.58#39.6
-94.8482,26.0972#28.82#31.55#39.63
-94.7973,26.0972#28.82#31.52#39.66
-94.7465,26.0971#28.82#31.49#39.69
-94.6956,26.097#28.82#31.46#39.72
-94.6448,26.0969#28.82#31.43#39.75
-94.5939,26.0968#28.83#31.4#39.77
-94.5431,26.0966#28.83#31.37#39.8
-94.4922,26.0965#28.83#31.34#39.83
-94.4414,26.0963#28.84#31.31#39.85
-94.3905,26.0961#28.84#31.28#39.88
-94.3397,26.0959#28.85#31.25#39.9
-94.2888,26.0956#28.86#31.22#39.92
-94.238,26.0954#28.87#31.19#39.94
-94.1872,26.0951#28.88#31.16#39.96
-94.1363,26.0948#28.88#31.13#39.99
-94.0855,26.0945#28.89#31.1#40.01
-94.0346,26.0942#28.9#31.07#40.03
-93.9838,26.0939#28.91#31.04#40.05
-93.9329,26.0935#28.94#31.03#40.03
-93.8821,26.0932#28.96#31.01#40.03
-93.8312,26.0928#28.99#31#40.01
-93.7804,26.0924#29.01#30.98#40.01
-93.7296,26.092#29.03#30.97#40
-93.6787,26.0915#29.06#30.95#39.99
-93.6279,26.0911#29.08#30.94#39.98
-93.577,26.0906#29.11#30.92#39.97
-93.5262,26.0901#29.13#30.91#39.96
-93.4754,26.0896#29.16#30.9#39.94
-93.4245,26.0891#29.2#30.89#39.91
-93.3737,26.0886#29.24#30.89#39.87
-93.3228,26.088#29.28#30.88#39.84
-93.272,26.0874#29.32#30.88#39.8
-93.2212,26.0868#29.36#30.87#39.77
-93.1703,26.0862#29.4#30.87#39.73
-93.1195,26.0856#29.44#30.87#39.69
-93.0686,26.085#29.48#30.86#39.66
-93.0178,26.0843#29.52#30.86#39.62
-92.967,26.0836#29.55#30.84#39.61
-92.9161,26.0829#29.59#30.82#39.59
-92.8653,26.0822#29.62#30.8#39.58
-92.8145,26.0815#29.66#30.78#39.56
-92.7636,26.0808#29.69#30.76#39.55
-92.7128,26.08#29.72#30.74#39.54
-92.662,26.0792#29.76#30.72#39.52
-92.6111,26.0784#29.79#30.7#39.51
-92.5603,26.0776#29.83#30.68#39.49
-92.5095,26.0768#29.86#30.66#39.48
-92.4586,26.0759#29.88#30.63#39.49
-92.4078,26.0751#29.9#30.6#39.5
-92.357,26.0742#29.92#30.57#39.51
-92.3062,26.0733#29.94#30.54#39.52
-92.2553,26.0724#29.95#30.51#39.54
-92.2045,26.0714#29.97#30.48#39.55
-92.1537,26.0705#29.99#30.45#39.56
-92.1029,26.0695#30.01#30.42#39.57
-92.052,26.0685#30.03#30.39#39.58
-92.0012,26.0675#30.04#30.36#39.6
-91.9504,26.0665#30.05#30.32#39.63
-91.8996,26.0655#30.05#30.28#39.67
-91.8487,26.0644#30.05#30.24#39.71
-91.7979,26.0634#30.05#30.2#39.75
-91.7471,26.0623#30.05#30.15#39.8
-91.6963,26.0612#30.05#30.11#39.84
-91.6455,26.06#30.06#30.07#39.87
-91.5947,26.0589#30.06#30.03#39.91
-91.5438,26.0577#30.06#29.99#39.95
-91.493,26.0566#30.06#29.94#40
-91.4422,26.0554#30.03#29.89#40.08
-91.3914,26.0542#30#29.84#40.16
-91.3406,26.053#29.97#29.79#40.24
-91.2898,26.0517#29.94#29.74#40.32
-91.239,26.0505#29.91#29.68#40.41
-91.1882,26.0492#29.88#29.63#40.49
-91.1374,26.0479#29.85#29.58#40.57
-91.0866,26.0466#29.82#29.53#40.65
-91.0357,26.0453#29.79#29.48#40.73
-90.9849,26.0439#29.75#29.42#40.83
-90.9341,26.0425#29.7#29.37#40.93
-90.8833,26.0412#29.64#29.32#41.04
-90.8325,26.0398#29.59#29.27#41.14
-90.7817,26.0384#29.53#29.22#41.25
-90.7309,26.0369#29.48#29.17#41.35
-90.6802,26.0355#29.43#29.12#41.45
-90.6294,26.034#29.37#29.07#41.56
-90.5786,26.0325#29.32#29.02#41.66
-90.5278,26.031#29.27#28.97#41.76
-90.477,26.0295#29.22#28.93#41.85
-90.4262,26.028#29.17#28.89#41.94
-90.3754,26.0265#29.13#28.85#42.02
-90.3246,26.0249#29.08#28.81#42.11
-90.2738,26.0233#29.04#28.77#42.19
-90.223,26.0217#28.99#28.73#42.28
-90.1723,26.0201#28.95#28.69#42.36
-90.1215,26.0184#28.9#28.65#42.45
-90.0707,26.0168#28.86#28.61#42.53
-90.0199,26.0151#28.81#28.57#42.62
-89.9691,26.0134#28.79#28.54#42.67
-89.9184,26.0117#28.78#28.5#42.72
-89.8676,26.01#28.77#28.46#42.77
-89.8168,26.0083#28.76#28.43#42.81
-89.766,26.0065#28.75#28.39#42.86
-89.7153,26.0048#28.75#28.36#42.89
-89.6645,26.003#28.74#28.32#42.94
-89.6137,26.0012#28.73#28.29#42.98
-89.563,25.9993#28.72#28.25#43.03
-89.5122,25.9975#28.71#28.22#43.07
-89.4614,25.9956#28.71#28.18#43.11
-89.4107,25.9938#28.7#28.15#43.15
-89.3599,25.9919#28.7#28.12#43.18
-89.3092,25.99#28.7#28.09#43.21
-89.2584,25.9881#28.69#28.06#43.25
-89.2076,25.9861#28.69#28.02#43.29
-89.1569,25.9842#28.69#27.99#43.32
-89.1061,25.9822#28.68#27.96#43.36
-89.0554,25.9802#28.68#27.93#43.39
-89.0046,25.9782#28.68#27.89#43.43
-88.9539,25.9761#28.67#27.89#43.44
-88.9031,25.9741#28.66#27.89#43.45
-88.8524,25.972#28.66#27.89#43.45
-88.8017,25.97#28.65#27.88#43.47
-88.7509,25.9679#28.65#27.88#43.47
-88.7002,25.9658#28.64#27.88#43.48
-88.6494,25.9636#28.64#27.88#43.48
-88.5987,25.9615#28.63#27.88#43.49
-88.548,25.9593#28.62#27.88#43.5
-88.4972,25.9571#28.62#27.88#43.5
-88.4465,25.9549#28.61#27.94#43.45
-88.3958,25.9527#28.61#28#43.39
-88.3451,25.9505#28.6#28.06#43.34
-88.2943,25.9482#28.6#28.12#43.28
-88.2436,25.946#28.59#28.18#43.23
-88.1929,25.9437#28.58#28.24#43.18
-88.1422,25.9414#28.58#28.3#43.12
-88.0915,25.9391#28.57#28.35#43.08
-88.0408,25.9367#28.57#28.41#43.02
-87.99,25.9344#28.56#28.49#42.95
-87.9393,25.932#28.56#28.63#42.81
-87.8886,25.9296#28.55#28.77#42.68
-87.8379,25.9272#28.55#28.91#42.54
-87.7872,25.9248#28.54#29.04#42.42
-87.7365,25.9224#28.54#29.18#42.28
-87.6858,25.9199#28.54#29.32#42.14
-87.6351,25.9174#28.53#29.46#42.01
-87.5844,25.915#28.53#29.6#41.87
-87.5337,25.9125#28.52#29.74#41.74
-87.483,25.9099#28.52#29.88#41.6
-87.4323,25.9074#28.52#30.02#41.46
-87.3816,25.9048#28.51#30.16#41.33
-87.331,25.9023#28.51#30.3#41.19
-103.535,25.9014#28.84#32.04#39.12
-103.484,25.9043#28.85#32.01#39.14
-103.434,25.9071#28.88#31.97#39.15
-103.383,25.91#28.91#31.93#39.16
-103.332,25.9128#28.94#31.89#39.17
-103.282,25.9156#28.97#31.86#39.17
-103.231,25.9184#29#31.82#39.18
-103.18,25.9211#29.03#31.78#39.19
-103.13,25.9239#29.06#31.74#39.2
-103.079,25.9266#29.09#31.71#39.2
-103.028,25.9293#29.12#31.67#39.21
-102.977,25.932#29.15#31.65#39.2
-102.927,25.9347#29.19#31.66#39.15
-102.876,25.9373#29.22#31.67#39.11
-102.825,25.94#29.26#31.68#39.06
-102.775,25.9426#29.29#31.69#39.02
-102.724,25.9452#29.32#31.7#38.98
-102.673,25.9478#29.36#31.71#38.93
-102.623,25.9504#29.39#31.72#38.89
-102.572,25.9529#29.42#31.73#38.85
-102.521,25.9555#29.46#31.74#38.8
-102.47,25.958#29.48#31.76#38.76
-102.42,25.9605#29.49#31.78#38.73
-102.369,25.963#29.5#31.8#38.7
-102.318,25.9655#29.51#31.82#38.67
-102.268,25.9679#29.53#31.84#38.63
-102.217,25.9704#29.54#31.86#38.6
-102.166,25.9728#29.55#31.88#38.57
-102.115,25.9752#29.57#31.9#38.53
-102.065,25.9776#29.58#31.92#38.5
-102.014,25.9799#29.59#31.94#38.47
-101.963,25.9823#29.6#31.96#38.44
-101.913,25.9846#29.61#31.98#38.41
-101.862,25.9869#29.61#32.01#38.38
-101.811,25.9892#29.62#32.03#38.35
-101.76,25.9915#29.63#32.05#38.32
-101.71,25.9938#29.63#32.07#38.3
-101.659,25.996#29.64#32.1#38.26
-101.608,25.9983#29.65#32.12#38.23
-101.557,26.0005#29.66#32.14#38.2
-101.507,26.0027#29.66#32.16#38.18
-101.456,26.0049#29.67#32.19#38.14
-101.405,26.007#29.67#32.22#38.11
-101.354,26.0092#29.67#32.25#38.08
-101.304,26.0113#29.68#32.28#38.04
-101.253,26.0134#29.68#32.31#38.01
-101.202,26.0155#29.68#32.34#37.98
-101.151,26.0176#29.69#32.37#37.94
-101.101,26.0197#29.69#32.4#37.91
-101.05,26.0217#29.69#32.43#37.88
-100.999,26.0238#29.7#32.45#37.85
-100.948,26.0258#29.69#32.49#37.82
-100.897,26.0278#29.69#32.53#37.78
-100.847,26.0297#29.68#32.57#37.75
-100.796,26.0317#29.68#32.6#37.72
-100.745,26.0336#29.67#32.64#37.69
-100.694,26.0356#29.67#32.68#37.65
-100.644,26.0375#29.66#32.72#37.62
-100.593,26.0394#29.66#32.76#37.58
-100.542,26.0412#29.65#32.79#37.56
-100.491,26.0431#29.64#32.83#37.53
-100.44,26.0449#29.62#32.85#37.53
-100.39,26.0468#29.59#32.87#37.54
-100.339,26.0486#29.57#32.88#37.55
-100.288,26.0504#29.54#32.9#37.56
-100.237,26.0521#29.52#32.92#37.56
-100.187,26.0539#29.49#32.94#37.57
-100.136,26.0556#29.46#32.95#37.59
-100.085,26.0573#29.44#32.97#37.59
-100.034,26.059#29.41#32.99#37.6
-99.9834,26.0607#29.38#33.01#37.61
-99.9326,26.0624#29.35#33.02#37.63
-99.8818,26.0641#29.31#33.04#37.65
-99.831,26.0657#29.28#33.06#37.66
-99.7802,26.0673#29.24#33.07#37.69
-99.7294,26.0689#29.2#33.09#37.71
-99.6785,26.0705#29.17#33.11#37.72
-99.6277,26.0721#29.13#33.13#37.74
-99.5769,26.0736#29.1#33.15#37.75
-99.5261,26.0751#29.06#33.17#37.77
-99.4753,26.0767#29.03#33.2#37.77
-99.4245,26.0782#29.02#33.25#37.73
-99.3737,26.0796#29#33.3#37.7
-99.3229,26.0811#28.98#33.35#37.67
-99.2721,26.0826#28.97#33.4#37.63
-99.2212,26.084#28.95#33.45#37.6
-99.1704,26.0854#28.94#33.5#37.56
-99.1196,26.0868#28.92#33.55#37.53
-99.0688,26.0882#28.9#33.61#37.49
-99.018,26.0895#28.89#33.66#37.45
-98.9671,26.0909#28.88#33.69#37.43
-98.9163,26.0922#28.87#33.71#37.42
-98.8655,26.0935#28.87#33.73#37.4
-98.8147,26.0948#28.86#33.76#37.38
-98.7638,26.0961#28.85#33.78#37.37
-98.713,26.0973#28.85#33.8#37.35
-98.6622,26.0986#28.84#33.82#37.34
-98.6114,26.0998#28.84#33.84#37.32
-98.5605,26.101#28.83#33.87#37.3
-98.5097,26.1022#28.82#33.89#37.29
-98.4589,26.1034#28.81#33.88#37.31
-98.408,26.1045#28.81#33.87#37.32
-98.3572,26.1057#28.8#33.85#37.35
-98.3064,26.1068#28.79#33.84#37.37
-98.2555,26.1079#28.78#33.82#37.4
-98.2047,26.109#28.77#33.81#37.42
-98.1538,26.1101#28.76#33.79#37.45
-98.103,26.1111#28.75#33.78#37.47
-98.0522,26.1122#28.75#33.76#37.49
-98.0013,26.1132#28.74#33.75#37.51
-97.9505,26.1142#28.74#33.73#37.53
-97.8996,26.1152#28.74#33.7#37.56
-97.8488,26.1161#28.73#33.68#37.59
-97.798,26.1171#28.73#33.65#37.62
-97.7471,26.118#28.73#33.63#37.64
-97.6963,26.1189#28.73#33.6#37.67
