-97.8021,32.9005#38.52#30.89#30.59
-97.7482,32.9015#38.74#30.85#30.41
-97.6944,32.9024#38.96#30.81#30.23
-97.6405,32.9033#39.18#30.78#30.04
-97.5866,32.9041#39.4#30.74#29.86
-97.5328,32.905#39.63#30.71#29.66
-97.4789,32.9058#39.81#30.67#29.52
-97.4251,32.9066#39.95#30.62#29.43
-97.3712,32.9074#40.08#30.57#29.35
-97.3173,32.9082#40.22#30.52#29.26
-97.2635,32.909#40.36#30.48#29.16
-97.2096,32.9097#40.49#30.43#29.08
-97.1557,32.9105#40.63#30.38#28.99
-97.1019,32.9112#40.77#30.33#28.9
-97.048,32.9119#40.9#30.29#28.81
-96.9941,32.9125#41.04#30.24#28.72
-96.9403,32.9132#41.15#30.2#28.65
-96.8864,32.9138#41.27#30.16#28.57
-96.8325,32.9144#41.38#30.12#28.5
-96.7787,32.9151#41.5#30.08#28.42
-96.7248,32.9156#41.61#30.04#28.35
-96.6709,32.9162#41.72#30#28.28
-96.6171,32.9167#41.84#29.96#28.2
-96.5632,32.9173#41.95#29.91#28.14
-96.5093,32.9178#42.07#29.87#28.06
-96.4554,32.9183#42.16#29.86#27.98
-96.4016,32.9188#42.26#29.85#27.89
-96.3477,32.9192#42.35#29.84#27.81
-96.2938,32.9197#42.44#29.82#27.74
-96.2399,32.9201#42.53#29.81#27.66
-96.1861,32.9205#42.62#29.8#27.58
-96.1322,32.9209#42.71#29.79#27.5
-96.0783,32.9212#42.81#29.78#27.41
-96.0244,32.9216#42.9#29.77#27.33
-95.9706,32.9219#42.98#29.76#27.26
-95.9167,32.9222#43.06#29.76#27.18
-95.8628,32.9225#43.14#29.77#27.09
-95.8089,32.9228#43.21#29.77#27.02
-95.755,32.9231#43.29#29.77#26.94
-95.7012,32.9233#43.37#29.77#26.86
-95.6473,32.9235#43.44#29.77#26.79
-95.5934,32.9238#43.52#29.77#26.71
-95.5395,32.9239#43.6#29.77#26.63
-95.4857,32.9241#43.67#29.78#26.55
-95.4318,32.9243#43.73#29.79#26.48
-95.3779,32.9244#43.8#29.8#26.4
-95.324,32.9245#43.86#29.81#26.33
-95.2701,32.9246#43.92#29.83#26.25
-95.2163,32.9247#43.98#29.84#26.18
-95.1624,32.9248#44.05#29.85#26.1
-95.1085,32.9248#44.11#29.87#26.02
-95.0546,32.9248#44.17#29.88#25.95
-95.0007,32.9248#44.24#29.89#25.87
-94.9469,32.9248#44.29#29.91#25.8
-94.893,32.9248#44.33#29.94#25.73
-94.8391,32.9248#44.38#29.96#25.66
-94.7852,32.9247#44.43#29.98#25.59
-94.7313,32.9246#44.48#30.01#25.51
-94.6775,32.9245#44.53#30.03#25.44
-94.6236,32.9244#44.58#30.05#25.37
-94.5697,32.9243#44.63#30.08#25.29
-94.5158,32.9241#44.68#30.1#25.22
-94.462,32.9239#44.72#30.13#25.15
-94.4081,32.9238#44.75#30.15#25.1
-94.3542,32.9236#44.79#30.18#25.03
-94.3003,32.9233#44.83#30.2#24.97
-94.2464,32.9231#44.87#30.23#24.9
-94.1926,32.9228#44.9#30.25#24.85
-94.1387,32.9225#44.94#30.28#24.78
-94.0848,32.9223#44.98#30.3#24.72
-94.0309,32.9219#45.01#30.33#24.66
-93.9771,32.9216#45.05#30.35#24.6
-93.9232,32.9213#45.08#30.36#24.56
-93.8693,32.9209#45.11#30.37#24.52
-93.8154,32.9205#45.14#30.39#24.47
-93.7616,32.9201#45.17#30.4#24.43
-93.7077,32.9197#45.2#30.41#24.39
-93.6538,32.9192#45.23#30.43#24.34
-93.5999,32.9188#45.27#30.44#24.29
-93.5461,32.9183#45.3#30.45#24.25
-93.4922,32.9178#45.33#30.46#24.21
-93.4383,32.9173#45.36#30.46#24.18
-93.3844,32.9168#45.39#30.45#24.16
-93.3306,32.9162#45.42#30.45#24.13
-93.2767,32.9157#45.45#30.44#24.11
-93.2228,32.9151#45.48#30.44#24.08
-93.169,32.9145#45.51#30.43#24.06
-93.1151,32.9138#45.54#30.43#24.03
-93.0612,32.9132#45.57#30.43#24
-93.0073,32.9126#45.6#30.42#23.98
-92.9535,32.9119#45.64#30.4#23.96
-92.8996,32.9112#45.67#30.37#23.96
-92.8457,32.9105#45.7#30.35#23.95
-92.7919,32.9097#45.73#30.32#23.95
-92.738,32.909#45.77#30.3#23.93
-92.6842,32.9082#45.8#30.27#23.93
-92.6303,32.9075#45.83#30.25#23.92
-92.5764,32.9067#45.86#30.22#23.92
-92.5226,32.9058#45.9#30.2#23.9
-92.4687,32.905#45.93#30.17#23.9
-92.4148,32.9042#45.97#30.13#23.9
-92.361,32.9033#46.01#30.1#23.89
-92.3071,32.9024#46.05#30.06#23.89
-92.2533,32.9015#46.09#30.03#23.88
-92.1994,32.9006#46.13#30#23.87
-99.7421,32.9005#31.56#32.98#35.46
-99.6883,32.902#31.68#32.89#35.43
-99.6344,32.9036#31.81#32.81#35.38
-99.5806,32.9051#31.93#32.72#35.35
-99.5267,32.9066#32.06#32.63#35.31
-99.4729,32.9081#32.19#32.56#35.25
-99.4191,32.9096#32.33#32.5#35.17
-99.3652,32.9111#32.48#32.44#35.08
-99.3114,32.9125#32.62#32.38#35
-99.2575,32.914#32.76#32.33#34.91
-99.2037,32.9154#32.91#32.27#34.82
-99.1498,32.9168#33.05#32.21#34.74
-99.096,32.9182#33.2#32.16#34.64
-99.0421,32.9195#33.34#32.1#34.56
-98.9883,32.9208#33.51#32.04#34.45
-98.9344,32.9222#33.74#31.98#34.28
-98.8806,32.9235#33.98#31.92#34.1
-98.8267,32.9248#34.21#31.86#33.93
-98.7728,32.926#34.45#31.8#33.75
-98.719,32.9273#34.68#31.74#33.58
-98.6651,32.9285#34.92#31.68#33.4
-98.6113,32.9297#35.15#31.63#33.22
-98.5574,32.9309#35.39#31.57#33.04
-98.5035,32.9321#35.62#31.51#32.87
-98.4497,32.9333#35.85#31.45#32.7
-98.3958,32.9344#36.08#31.39#32.53
-98.3419,32.9355#36.31#31.34#32.35
-98.2881,32.9366#36.54#31.28#32.18
-98.2342,32.9377#36.77#31.23#32
-98.1803,32.9388#37#31.17#31.83
-98.1264,32.9398#37.23#31.11#31.66
-98.0726,32.9409#37.46#31.06#31.48
-98.0187,32.9419#37.7#31#31.3
-97.9648,32.9429#37.92#30.96#31.12
-97.9109,32.9439#38.14#30.92#30.94
-97.8571,32.9448#38.36#30.89#30.75
-97.8032,32.9458#38.59#30.86#30.55
-97.7493,32.9467#38.81#30.82#30.37
-97.6954,32.9476#39.03#30.79#30.18
-97.6416,32.9485#39.25#30.75#30
-97.5877,32.9494#39.47#30.72#29.81
-97.5338,32.9502#39.7#30.69#29.61
-97.4799,32.9511#39.89#30.65#29.46
-97.426,32.9519#40.03#30.6#29.37
-97.3721,32.9527#40.17#30.55#29.28
-97.3183,32.9535#40.31#30.51#29.18
-97.2644,32.9542#40.45#30.46#29.09
-97.2105,32.955#40.59#30.41#29
-97.1566,32.9557#40.73#30.37#28.9
-97.1027,32.9564#40.87#30.32#28.81
-97.0488,32.9571#41.01#30.27#28.72
-96.9949,32.9578#41.14#30.23#28.63
-96.941,32.9584#41.26#30.18#28.56
-96.8872,32.9591#41.37#30.14#28.49
-96.8333,32.9597#41.49#30.1#28.41
-96.7794,32.9603#41.6#30.06#28.34
-96.7255,32.9609#41.71#30.02#28.27
-96.6716,32.9614#41.83#29.98#28.19
-96.6177,32.962#41.94#29.94#28.12
-96.5638,32.9625#42.06#29.9#28.04
-96.5099,32.963#42.17#29.86#27.97
-96.456,32.9635#42.27#29.85#27.88
-96.4021,32.964#42.36#29.83#27.81
-96.3482,32.9645#42.45#29.82#27.73
-96.2943,32.9649#42.55#29.81#27.64
-96.2404,32.9653#42.64#29.8#27.56
-96.1865,32.9657#42.73#29.79#27.48
-96.1326,32.9661#42.83#29.78#27.39
-96.0787,32.9665#42.92#29.77#27.31
-96.0248,32.9668#43.02#29.76#27.22
-95.9709,32.9672#43.1#29.75#27.15
-95.917,32.9675#43.18#29.75#27.07
-95.8631,32.9678#43.26#29.76#26.98
-95.8092,32.9681#43.33#29.76#26.91
-95.7553,32.9683#43.41#29.76#26.83
-95.7015,32.9686#43.49#29.76#26.75
-95.6476,32.9688#43.57#29.76#26.67
-95.5937,32.969#43.65#29.76#26.59
-95.5398,32.9692#43.72#29.77#26.51
-95.4859,32.9694#43.8#29.77#26.43
-95.432,32.9695#43.86#29.78#26.36
-95.3781,32.9696#43.93#29.8#26.27
-95.3241,32.9698#43.99#29.81#26.2
-95.2702,32.9699#44.05#29.83#26.12
-95.2163,32.9699#44.12#29.84#26.04
-95.1624,32.97#44.18#29.85#25.97
-95.1085,32.97#44.25#29.87#25.88
-95.0546,32.9701#44.31#29.88#25.81
-95.0007,32.9701#44.37#29.9#25.73
-94.9468,32.9701#44.42#29.92#25.66
-94.8929,32.97#44.47#29.94#25.59
-94.839,32.97#44.53#29.97#25.5
-94.7851,32.9699#44.58#29.99#25.43
-94.7312,32.9699#44.63#30.02#25.35
-94.6773,32.9698#44.68#30.04#25.28
-94.6234,32.9696#44.73#30.06#25.21
-94.5695,32.9695#44.78#30.09#25.13
-94.5156,32.9694#44.83#30.11#25.06
-94.4617,32.9692#44.87#30.14#24.99
-94.4078,32.969#44.9#30.16#24.94
-94.3539,32.9688#44.94#30.18#24.88
-94.3,32.9686#44.98#30.21#24.81
-94.2461,32.9683#45.02#30.23#24.75
-94.1922,32.9681#45.06#30.26#24.68
-94.1383,32.9678#45.09#30.28#24.63
-94.0844,32.9675#45.13#30.31#24.56
-94.0305,32.9672#45.17#30.33#24.5
-93.9766,32.9668#45.2#30.35#24.45
-93.9227,32.9665#45.24#30.36#24.4
-93.8689,32.9661#45.27#30.37#24.36
-93.815,32.9657#45.3#30.38#24.32
-93.7611,32.9653#45.33#30.4#24.27
-93.7072,32.9649#45.36#30.41#24.23
-93.6533,32.9645#45.4#30.42#24.18
-93.5994,32.964#45.43#30.43#24.14
-93.5455,32.9635#45.46#30.44#24.1
-93.4916,32.963#45.49#30.45#24.06
-93.4377,32.9625#45.52#30.44#24.04
-93.3838,32.962#45.55#30.44#24.01
-93.3299,32.9615#45.59#30.43#23.98
-93.276,32.9609#45.62#30.43#23.95
-93.2221,32.9603#45.65#30.42#23.93
-93.1682,32.9597#45.68#30.41#23.91
-93.1143,32.9591#45.71#30.41#23.88
-93.0604,32.9584#45.74#30.4#23.86
-93.0066,32.9578#45.77#30.39#23.84
-92.9527,32.9571#45.8#30.37#23.83
-92.8988,32.9564#45.84#30.34#23.82
-92.8449,32.9557#45.87#30.32#23.81
-92.791,32.955#45.9#30.29#23.81
-92.7371,32.9542#45.94#30.27#23.79
-92.6832,32.9535#45.97#30.24#23.79
-92.6293,32.9527#46#30.21#23.79
-92.5755,32.9519#46.03#30.19#23.78
-92.5216,32.9511#46.07#30.16#23.77
-92.4677,32.9502#46.1#30.13#23.77
-92.4138,32.9494#46.14#30.1#23.76
-92.3599,32.9485#46.18#30.07#23.75
-92.3061,32.9476#46.22#30.04#23.74
-92.2522,32.9467#46.25#30.01#23.74
-92.1983,32.9458#46.29#29.98#23.73
-92.1444,32.9448#46.33#29.94#23.73
-92.0905,32.9439#46.37#29.91#23.72
-92.0367,32.9429#46.41#29.88#23.71
-91.9828,32.9419#46.45#29.86#23.69
-91.9289,32.9409#46.5#29.84#23.66
-91.875,32.9399#46.56#29.83#23.61
-91.8212,32.9388#46.61#29.81#23.58
-91.7673,32.9377#46.66#29.8#23.54
-91.7134,32.9367#46.71#29.78#23.51
-91.6596,32.9355#46.76#29.77#23.47
-91.6057,32.9344#46.82#29.75#23.43
-91.5518,32.9333#46.87#29.74#23.39
-91.498,32.9321#46.92#29.72#23.36
-91.4441,32.9309#46.97#29.71#23.32
-91.3902,32.9298#47.03#29.7#23.27
-91.3364,32.9285#47.08#29.69#23.23
-91.2825,32.9273#47.13#29.67#23.2
-91.2287,32.9261#47.19#29.66#23.15
-91.1748,32.9248#47.24#29.65#23.11
-91.1209,32.9235#47.29#29.64#23.07
-91.0671,32.9222#47.35#29.62#23.03
-91.0132,32.9209#47.4#29.61#22.99
-90.9594,32.9195#47.45#29.6#22.95
-90.9055,32.9182#47.51#29.59#22.9
-90.8517,32.9168#47.56#29.58#22.86
-90.7978,32.9154#47.62#29.57#22.81
-90.744,32.914#47.67#29.56#22.77
-90.6901,32.9126#47.73#29.54#22.73
-90.6363,32.9111#47.78#29.53#22.69
-90.5824,32.9097#47.83#29.52#22.65
-90.5286,32.9082#47.89#29.51#22.6
-90.4747,32.9067#47.95#29.49#22.56
-90.4209,32.9052#48.01#29.47#22.52
-90.3671,32.9036#48.08#29.45#22.47
-90.3132,32.9021#48.14#29.43#22.43
-90.2594,32.9005#48.21#29.41#22.38
-101.09,32.9005#29.17#36.65#34.18
-101.036,32.9025#29.2#36.48#34.32
-100.982,32.9045#29.25#36.32#34.43
-100.928,32.9065#29.32#36.16#34.52
-100.875,32.9085#29.4#36#34.6
-100.821,32.9104#29.48#35.83#34.69
-100.767,32.9124#29.55#35.67#34.78
-100.713,32.9143#29.63#35.51#34.86
-100.659,32.9162#29.7#35.34#34.96
-100.605,32.9181#29.78#35.18#35.04
-100.552,32.9199#29.86#35.02#35.12
-100.498,32.9218#29.93#34.85#35.22
-100.444,32.9236#30.05#34.7#35.25
-100.39,32.9254#30.16#34.54#35.3
-100.336,32.9272#30.28#34.38#35.34
-100.282,32.929#30.39#34.22#35.39
-100.229,32.9307#30.5#34.06#35.44
-100.175,32.9324#30.62#33.9#35.48
-100.121,32.9342#30.73#33.74#35.53
-100.067,32.9359#30.85#33.58#35.57
-100.013,32.9375#30.96#33.42#35.62
-99.9594,32.9392#31.08#33.31#35.61
-99.9055,32.9409#31.21#33.22#35.57
-99.8517,32.9425#31.33#33.14#35.53
-99.7978,32.9441#31.46#33.05#35.49
-99.744,32.9457#31.58#32.96#35.46
-99.6901,32.9473#31.71#32.87#35.42
-99.6363,32.9488#31.83#32.79#35.38
-99.5824,32.9503#31.96#32.7#35.34
-99.5285,32.9519#32.08#32.61#35.31
-99.4747,32.9534#32.21#32.54#35.25
-99.4208,32.9548#32.36#32.48#35.16
-99.3669,32.9563#32.51#32.42#35.07
-99.3131,32.9578#32.66#32.36#34.98
-99.2592,32.9592#32.81#32.31#34.88
-99.2053,32.9606#32.95#32.25#34.8
-99.1515,32.962#33.1#32.19#34.71
-99.0976,32.9634#33.25#32.13#34.62
-99.0437,32.9647#33.4#32.07#34.53
-98.9898,32.9661#33.57#32.01#34.42
-98.936,32.9674#33.8#31.95#34.25
-98.8821,32.9687#34.04#31.89#34.07
-98.8282,32.97#34.27#31.83#33.9
-98.7743,32.9712#34.51#31.77#33.72
-98.7205,32.9725#34.74#31.71#33.55
-98.6666,32.9737#34.98#31.65#33.37
-98.6127,32.9749#35.21#31.59#33.2
-98.5588,32.9761#35.45#31.53#33.02
-98.5049,32.9773#35.68#31.47#32.85
-98.451,32.9785#35.91#31.41#32.68
-98.3971,32.9796#36.15#31.36#32.49
-98.3433,32.9807#36.38#31.3#32.32
-98.2894,32.9818#36.61#31.24#32.15
-98.2355,32.9829#36.84#31.19#31.97
-98.1816,32.984#37.07#31.13#31.8
-98.1277,32.9851#37.3#31.08#31.62
-98.0738,32.9861#37.53#31.02#31.45
-98.0199,32.9871#37.76#30.96#31.28
-97.966,32.9881#37.99#30.92#31.09
-97.9121,32.9891#38.21#30.89#30.9
-97.8582,32.9901#38.43#30.86#30.71
-97.8043,32.991#38.66#30.83#30.51
-97.7504,32.9919#38.88#30.79#30.33
-97.6965,32.9928#39.1#30.76#30.14
-97.6426,32.9937#39.32#30.73#29.95
-97.5887,32.9946#39.55#30.7#29.75
-97.5348,32.9954#39.77#30.67#29.56
-97.4809,32.9963#39.96#30.63#29.41
-97.427,32.9971#40.11#30.58#29.31
-97.3731,32.9979#40.25#30.53#29.22
-97.3192,32.9987#40.39#30.49#29.12
-97.2653,32.9994#40.54#30.44#29.02
-97.2114,33.0002#40.68#30.4#28.92
-97.1575,33.0009#40.82#30.35#28.83
-97.1035,33.0016#40.97#30.3#28.73
-97.0496,33.0023#41.11#30.26#28.63
-96.9957,33.003#41.25#30.21#28.54
-96.9418,33.0037#41.36#30.17#28.47
-96.8879,33.0043#41.48#30.13#28.39
-96.834,33.0049#41.59#30.09#28.32
-96.7801,33.0055#41.71#30.05#28.24
-96.7262,33.0061#41.82#30.01#28.17
-96.6723,33.0067#41.93#29.97#28.1
-96.6183,33.0072#42.05#29.93#28.02
-96.5644,33.0078#42.16#29.89#27.95
-96.5105,33.0083#42.27#29.85#27.88
-96.4566,33.0088#42.37#29.83#27.8
-96.4027,33.0092#42.47#29.82#27.71
-96.3488,33.0097#42.56#29.81#27.63
-96.2948,33.0101#42.66#29.8#27.54
-96.2409,33.0106#42.75#29.79#27.46
-96.187,33.011#42.85#29.78#27.37
-96.1331,33.0113#42.94#29.77#27.29
-96.0792,33.0117#43.04#29.76#27.2
-96.0253,33.0121#43.13#29.74#27.13
-95.9713,33.0124#43.22#29.74#27.04
-95.9174,33.0127#43.3#29.74#26.96
-95.8635,33.013#43.38#29.75#26.87
-95.8096,33.0133#43.46#29.75#26.79
-95.7557,33.0136#43.54#29.75#26.71
-95.7017,33.0138#43.61#29.75#26.64
-95.6478,33.014#43.69#29.76#26.55
-95.5939,33.0142#43.77#29.76#26.47
-95.54,33.0144#43.85#29.76#26.39
-95.486,33.0146#43.93#29.77#26.3
-95.4321,33.0147#43.99#29.78#26.23
-95.3782,33.0149#44.06#29.8#26.14
-95.3243,33.015#44.12#29.81#26.07
-95.2704,33.0151#44.19#29.83#25.98
-95.2164,33.0152#44.25#29.84#25.91
-95.1625,33.0152#44.32#29.86#25.82
-95.1086,33.0153#44.38#29.87#25.75
-95.0547,33.0153#44.45#29.89#25.66
-95.0007,33.0153#44.51#29.9#25.59
-94.9468,33.0153#44.56#29.92#25.52
-94.8929,33.0153#44.62#29.95#25.43
-94.839,33.0152#44.67#29.97#25.36
-94.7851,33.0152#44.72#30#25.28
-94.7311,33.0151#44.77#30.02#25.21
-94.6772,33.015#44.82#30.05#25.13
-94.6233,33.0149#44.87#30.07#25.06
-94.5694,33.0147#44.92#30.1#24.98
-94.5154,33.0146#44.97#30.12#24.91
-94.4615,33.0144#45.02#30.15#24.83
-94.4076,33.0142#45.05#30.17#24.78
-94.3537,33.014#45.09#30.19#24.72
-94.2998,33.0138#45.13#30.22#24.65
-94.2458,33.0136#45.17#30.24#24.59
-94.1919,33.0133#45.21#30.26#24.53
-94.138,33.013#45.25#30.29#24.46
-94.0841,33.0127#45.29#30.31#24.4
-94.0302,33.0124#45.33#30.33#24.34
-93.9762,33.0121#45.36#30.35#24.29
-93.9223,33.0117#45.39#30.36#24.25
-93.8684,33.0114#45.43#30.37#24.2
-93.8145,33.011#45.46#30.38#24.16
-93.7606,33.0106#45.49#30.39#24.12
-93.7066,33.0101#45.53#30.4#24.07
-93.6527,33.0097#45.56#30.41#24.03
-93.5988,33.0092#45.59#30.42#23.99
-93.5449,33.0088#45.62#30.43#23.95
-93.491,33.0083#45.66#30.44#23.9
-93.4371,33.0078#45.69#30.43#23.88
-93.3832,33.0072#45.72#30.42#23.86
-93.3292,33.0067#45.75#30.42#23.83
-93.2753,33.0061#45.78#30.41#23.81
-93.2214,33.0055#45.81#30.4#23.79
-93.1675,33.0049#45.85#30.39#23.76
-93.1136,33.0043#45.88#30.38#23.74
-93.0597,33.0037#45.91#30.38#23.71
-93.0058,33.003#45.94#30.37#23.69
-92.9519,33.0023#45.97#30.34#23.69
-92.8979,33.0017#46.01#30.32#23.67
-92.844,33.0009#46.04#30.29#23.67
-92.7901,33.0002#46.07#30.26#23.67
-92.7362,32.9995#46.11#30.23#23.66
-92.6823,32.9987#46.14#30.21#23.65
-92.6284,32.9979#46.17#30.18#23.65
-92.5745,32.9971#46.2#30.15#23.65
-92.5206,32.9963#46.24#30.13#23.63
-92.4667,32.9955#46.27#30.1#23.63
-92.4128,32.9946#46.31#30.07#23.62
-92.3589,32.9937#46.35#30.04#23.61
-92.305,32.9929#46.38#30.01#23.61
-92.2511,32.9919#46.42#29.98#23.6
-92.1972,32.991#46.46#29.95#23.59
-92.1433,32.9901#46.5#29.93#23.57
-92.0894,32.9891#46.53#29.9#23.57
-92.0355,32.9881#46.57#29.87#23.56
-91.9816,32.9871#46.62#29.84#23.54
-91.9277,32.9861#46.67#29.83#23.5
-91.8738,32.9851#46.72#29.81#23.47
-91.8199,32.984#46.78#29.8#23.42
-91.766,32.983#46.83#29.79#23.38
-91.7121,32.9819#46.88#29.77#23.35
-91.6582,32.9808#46.94#29.76#23.3
-91.6043,32.9797#46.99#29.74#23.27
-91.5505,32.9785#47.04#29.73#23.23
-91.4966,32.9773#47.1#29.71#23.19
-91.4427,32.9762#47.15#29.7#23.15
-91.3888,32.975#47.2#29.69#23.11
-91.3349,32.9738#47.26#29.68#23.06
-91.281,32.9725#47.31#29.67#23.02
-91.2272,32.9713#47.36#29.66#22.98
-91.1733,32.97#47.42#29.65#22.93
-91.1194,32.9687#47.47#29.63#22.9
-91.0655,32.9674#47.52#29.62#22.86
-91.0116,32.9661#47.58#29.61#22.81
-90.9578,32.9648#47.63#29.6#22.77
-90.9039,32.9634#47.69#29.59#22.72
-90.85,32.962#47.75#29.58#22.67
-90.7961,32.9606#47.8#29.57#22.63
-90.7423,32.9592#47.86#29.56#22.58
-90.6884,32.9578#47.91#29.55#22.54
-90.6345,32.9564#47.97#29.53#22.5
-90.5807,32.9549#48.03#29.52#22.45
-90.5268,32.9534#48.08#29.51#22.41
-90.4729,32.9519#48.14#29.5#22.36
-90.4191,32.9504#48.21#29.48#22.31
-90.3652,32.9489#48.28#29.46#22.26
-90.3114,32.9473#48.35#29.45#22.2
-90.2575,32.9457#48.41#29.43#22.16
-90.2037,32.9441#48.48#29.41#22.11
-90.1498,32.9425#48.55#29.39#22.06
-90.0959,32.9409#48.62#29.37#22.01
-90.0421,32.9393#48.68#29.35#21.97
-89.9882,32.9376#48.75#29.34#21.91
-89.9344,32.9359#48.83#29.34#21.83
-89.8806,32.9342#48.91#29.34#21.75
-89.8267,32.9325#48.99#29.34#21.67
-89.7729,32.9308#49.06#29.34#21.6
-89.719,32.929#49.14#29.34#21.52
-89.6652,32.9272#49.22#29.34#21.44
-89.6113,32.9255#49.3#29.34#21.36
-89.5575,32.9236#49.37#29.33#21.3
-89.5037,32.9218#49.45#29.33#21.22
-89.4498,32.92#49.52#29.36#21.12
-89.396,32.9181#49.6#29.39#21.01
-89.3422,32.9162#49.67#29.42#20.91
-89.2884,32.9143#49.75#29.45#20.8
-89.2345,32.9124#49.82#29.48#20.7
-89.1807,32.9105#49.89#29.51#20.6
-89.1269,32.9086#49.97#29.54#20.49
-89.0731,32.9066#50.04#29.57#20.39
-89.0192,32.9046#50.11#29.6#20.29
-88.9654,32.9026#50.17#29.65#20.18
-88.9116,32.9006#50.21#29.71#20.08
-102.169,32.9015#28.79#40.12#31.09
-102.115,32.9039#28.8#39.9#31.3
-102.061,32.9062#28.81#39.68#31.51
-102.007,32.9086#28.82#39.46#31.72
-101.953,32.9109#28.83#39.29#31.88
-101.9,32.9132#28.85#39.12#32.03
-101.846,32.9155#28.86#38.96#32.18
-101.792,32.9178#28.87#38.79#32.34
-101.738,32.92#28.88#38.62#32.5
-101.684,32.9223#28.89#38.46#32.65
-101.631,32.9245#28.91#38.29#32.8
-101.577,32.9267#28.92#38.13#32.95
-101.523,32.9289#28.93#37.96#33.11
-101.469,32.9311#28.95#37.79#33.26
-101.415,32.9332#28.99#37.63#33.38
-101.361,32.9353#29.02#37.47#33.51
-101.308,32.9374#29.05#37.3#33.65
-101.254,32.9395#29.08#37.14#33.78
-101.2,32.9416#29.11#36.98#33.91
-101.146,32.9437#29.15#36.81#34.04
-101.092,32.9457#29.18#36.65#34.17
-101.038,32.9477#29.21#36.48#34.31
-100.985,32.9497#29.26#36.32#34.42
-100.931,32.9517#29.34#36.16#34.5
-100.877,32.9537#29.41#35.99#34.6
-100.823,32.9556#29.49#35.83#34.68
-100.769,32.9576#29.57#35.66#34.77
-100.715,32.9595#29.64#35.5#34.86
-100.662,32.9614#29.72#35.34#34.94
-100.608,32.9633#29.8#35.17#35.03
-100.554,32.9651#29.88#35.01#35.11
-100.5,32.967#29.96#34.84#35.2
-100.446,32.9688#30.07#34.68#35.25
-100.392,32.9706#30.19#34.52#35.29
-100.338,32.9724#30.3#34.36#35.34
-100.285,32.9742#30.42#34.2#35.38
-100.231,32.9759#30.53#34.04#35.43
-100.177,32.9777#30.64#33.87#35.49
-100.123,32.9794#30.76#33.71#35.53
-100.069,32.9811#30.87#33.55#35.58
-100.015,32.9828#30.99#33.39#35.62
-99.9614,32.9844#31.11#33.28#35.61
-99.9075,32.9861#31.24#33.19#35.57
-99.8536,32.9877#31.36#33.11#35.53
-99.7997,32.9893#31.48#33.02#35.5
-99.7459,32.9909#31.61#32.94#35.45
-99.692,32.9925#31.73#32.85#35.42
-99.6381,32.994#31.86#32.77#35.37
-99.5842,32.9956#31.98#32.68#35.34
-99.5303,32.9971#32.1#32.6#35.3
-99.4765,32.9986#32.24#32.52#35.24
-99.4226,33.0001#32.39#32.46#35.15
-99.3687,33.0015#32.54#32.4#35.06
-99.3148,33.003#32.7#32.34#34.96
-99.2609,33.0044#32.85#32.29#34.86
-99.207,33.0058#33#32.23#34.77
-99.1531,33.0072#33.15#32.17#34.68
-99.0992,33.0086#33.31#32.11#34.58
-99.0453,33.0099#33.46#32.05#34.49
-98.9914,33.0113#33.63#31.99#34.38
-98.9375,33.0126#33.86#31.93#34.21
-98.8836,33.0139#34.1#31.86#34.04
-98.8297,33.0152#34.33#31.8#33.87
-98.7758,33.0165#34.57#31.74#33.69
-98.7219,33.0177#34.8#31.68#33.52
-98.668,33.0189#35.04#31.62#33.34
-98.6141,33.0202#35.27#31.56#33.17
-98.5602,33.0214#35.51#31.49#33
-98.5063,33.0225#35.75#31.43#32.82
-98.4524,33.0237#35.98#31.37#32.65
-98.3985,33.0248#36.21#31.32#32.47
-98.3446,33.026#36.44#31.26#32.3
-98.2907,33.0271#36.67#31.21#32.12
-98.2368,33.0282#36.9#31.15#31.95
-98.1828,33.0292#37.13#31.1#31.77
-98.1289,33.0303#37.37#31.04#31.59
-98.075,33.0313#37.6#30.98#31.42
-98.0211,33.0323#37.83#30.93#31.24
-97.9672,33.0333#38.06#30.89#31.05
-97.9133,33.0343#38.28#30.86#30.86
-97.8593,33.0353#38.5#30.83#30.67
-97.8054,33.0362#38.72#30.8#30.48
-97.7515,33.0371#38.95#30.77#30.28
-97.6976,33.0381#39.17#30.73#30.1
-97.6437,33.0389#39.39#30.7#29.91
-97.5897,33.0398#39.62#30.67#29.71
-97.5358,33.0407#39.84#30.64#29.52
-97.4819,33.0415#40.04#30.61#29.35
-97.428,33.0423#40.18#30.56#29.26
-97.374,33.0431#40.33#30.52#29.15
-97.3201,33.0439#40.48#30.47#29.05
-97.2662,33.0447#40.62#30.42#28.96
-97.2122,33.0454#40.77#30.38#28.85
-97.1583,33.0461#40.92#30.33#28.75
-97.1044,33.0469#41.07#30.29#28.64
-97.0505,33.0476#41.21#30.24#28.55
-96.9965,33.0482#41.36#30.2#28.44
-96.9426,33.0489#41.47#30.16#28.37
-96.8887,33.0495#41.58#30.12#28.3
-96.8347,33.0501#41.7#30.08#28.22
-96.7808,33.0507#41.81#30.04#28.15
-96.7269,33.0513#41.92#30#28.08
-96.6729,33.0519#42.04#29.96#28
-96.619,33.0524#42.15#29.92#27.93
-96.565,33.053#42.26#29.88#27.86
-96.5111,33.0535#42.38#29.84#27.78
-96.4572,33.054#42.48#29.82#27.7
-96.4032,33.0545#42.57#29.81#27.62
-96.3493,33.0549#42.67#29.8#27.53
-96.2954,33.0554#42.77#29.79#27.44
-96.2414,33.0558#42.86#29.78#27.36
-96.1875,33.0562#42.96#29.76#27.28
-96.1335,33.0566#43.06#29.75#27.19
-96.0796,33.0569#43.15#29.74#27.11
-96.0257,33.0573#43.25#29.73#27.02
-95.9717,33.0576#43.34#29.73#26.93
-95.9178,33.0579#43.42#29.73#26.85
-95.8638,33.0582#43.5#29.74#26.76
-95.8099,33.0585#43.58#29.74#26.68
-95.756,33.0588#43.66#29.74#26.6
-95.702,33.059#43.74#29.74#26.52
-95.6481,33.0593#43.82#29.75#26.43
-95.5941,33.0595#43.9#29.75#26.35
-95.5402,33.0596#43.98#29.75#26.27
-95.4862,33.0598#44.06#29.76#26.18
-95.4323,33.06#44.12#29.78#26.1
-95.3784,33.0601#44.19#29.79#26.02
-95.3244,33.0602#44.25#29.81#25.94
-95.2705,33.0603#44.32#29.83#25.85
-95.2165,33.0604#44.39#29.84#25.77
-95.1626,33.0605#44.45#29.86#25.69
-95.1086,33.0605#44.52#29.87#25.61
-95.0547,33.0605#44.58#29.89#25.53
-95.0007,33.0605#44.65#29.91#25.44
-94.9468,33.0605#44.7#29.93#25.37
-94.8929,33.0605#44.76#29.96#25.28
-94.8389,33.0605#44.81#29.98#25.21
-94.785,33.0604#44.86#30.01#25.13
-94.731,33.0603#44.91#30.03#25.06
-94.6771,33.0602#44.97#30.06#24.97
-94.6231,33.0601#45.02#30.08#24.9
-94.5692,33.06#45.07#30.11#24.82
-94.5153,33.0598#45.12#30.13#24.75
-94.4613,33.0597#45.17#30.16#24.67
-94.4074,33.0595#45.2#30.18#24.62
-94.3534,33.0593#45.24#30.2#24.56
-94.2995,33.059#45.28#30.22#24.5
-94.2455,33.0588#45.32#30.25#24.43
-94.1916,33.0585#45.36#30.27#24.37
-94.1377,33.0583#45.4#30.29#24.31
-94.0837,33.058#45.44#30.31#24.25
-94.0298,33.0576#45.48#30.34#24.18
-93.9758,33.0573#45.52#30.35#24.13
-93.9219,33.057#45.55#30.36#24.09
-93.868,33.0566#45.59#30.37#24.04
-93.814,33.0562#45.62#30.38#24
-93.7601,33.0558#45.65#30.39#23.96
-93.7061,33.0554#45.69#30.4#23.91
-93.6522,33.0549#45.72#30.41#23.87
-93.5983,33.0545#45.75#30.41#23.84
-93.5443,33.054#45.79#30.42#23.79
-93.4904,33.0535#45.82#30.43#23.75
-93.4364,33.053#45.85#30.42#23.73
-93.3825,33.0525#45.89#30.41#23.7
-93.3286,33.0519#45.92#30.4#23.68
-93.2746,33.0513#45.95#30.39#23.66
-93.2207,33.0508#45.98#30.38#23.64
-93.1668,33.0502#46.01#30.37#23.62
-93.1128,33.0495#46.05#30.36#23.59
-93.0589,33.0489#46.08#30.35#23.57
-93.005,33.0482#46.11#30.34#23.55
-92.951,33.0476#46.14#30.32#23.54
-92.8971,33.0469#46.18#30.29#23.53
-92.8432,33.0462#46.21#30.26#23.53
-92.7892,33.0454#46.24#30.23#23.53
-92.7353,33.0447#46.27#30.2#23.53
-92.6814,33.0439#46.31#30.18#23.51
-92.6275,33.0431#46.34#30.15#23.51
-92.5735,33.0423#46.37#30.12#23.51
-92.5196,33.0415#46.41#30.09#23.5
-92.4657,33.0407#46.44#30.07#23.49
-92.4118,33.0398#46.48#30.04#23.48
-92.3578,33.039#46.52#30.01#23.47
-92.3039,33.0381#46.55#29.99#23.46
-92.25,33.0372#46.59#29.96#23.45
-92.1961,33.0362#46.63#29.93#23.44
-92.1421,33.0353#46.66#29.91#23.43
-92.0882,33.0343#46.7#29.88#23.42
-92.0343,33.0334#46.74#29.85#23.41
-91.9804,33.0324#46.78#29.83#23.39
-91.9265,33.0313#46.84#29.82#23.34
-91.8726,33.0303#46.89#29.8#23.31
-91.8186,33.0293#46.95#29.79#23.26
-91.7647,33.0282#47#29.78#23.22
-91.7108,33.0271#47.06#29.76#23.18
-91.6569,33.026#47.11#29.75#23.14
-91.603,33.0249#47.17#29.73#23.1
-91.5491,33.0237#47.22#29.72#23.06
-91.4952,33.0226#47.27#29.71#23.02
-91.4413,33.0214#47.33#29.7#22.97
-91.3874,33.0202#47.38#29.69#22.93
-91.3335,33.019#47.44#29.67#22.89
-91.2796,33.0177#47.49#29.66#22.85
-91.2257,33.0165#47.54#29.65#22.81
-91.1718,33.0152#47.6#29.64#22.76
-91.1179,33.0139#47.65#29.63#22.72
-91.064,33.0126#47.7#29.62#22.68
-91.0101,33.0113#47.76#29.61#22.63
-90.9562,33.01#47.81#29.6#22.59
-90.9023,33.0086#47.87#29.59#22.54
-90.8484,33.0072#47.93#29.58#22.49
-90.7945,33.0059#47.99#29.57#22.44
-90.7406,33.0044#48.05#29.56#22.39
-90.6867,33.003#48.1#29.55#22.35
-90.6328,33.0016#48.16#29.54#22.3
-90.5789,33.0001#48.22#29.53#22.25
-90.525,32.9986#48.27#29.51#22.22
-90.4711,32.9971#48.34#29.5#22.16
-90.4173,32.9956#48.41#29.49#22.1
-90.3634,32.9941#48.48#29.48#22.04
-90.3095,32.9925#48.55#29.46#21.99
-90.2556,32.9909#48.62#29.45#21.93
-90.2017,32.9893#48.69#29.43#21.88
-90.1479,32.9877#48.76#29.42#21.82
-90.094,32.9861#48.83#29.4#21.77
-90.0401,32.9845#48.9#29.39#21.71
-89.9863,32.9828#48.97#29.38#21.65
-89.9324,32.9811#49.05#29.38#21.57
-89.8785,32.9794#49.13#29.38#21.49
-89.8247,32.9777#49.21#29.38#21.41
-89.7708,32.976#49.3#29.39#21.31
-89.7169,32.9742#49.38#29.39#21.23
-89.6631,32.9724#49.46#29.39#21.15
-89.6092,32.9707#49.54#29.39#21.07
-89.5553,32.9688#49.62#29.39#20.99
-89.5015,32.967#49.7#29.39#20.91
-89.4476,32.9652#49.77#29.43#20.8
-89.3938,32.9633#49.85#29.46#20.69
-89.3399,32.9614#49.93#29.49#20.58
-89.2861,32.9595#50#29.53#20.47
-89.2322,32.9576#50.08#29.56#20.36
-89.1784,32.9557#50.16#29.59#20.25
-89.1245,32.9537#50.23#29.62#20.15
-89.0707,32.9518#50.31#29.66#20.03
-89.0169,32.9498#50.38#29.69#19.93
-88.963,32.9478#50.43#29.74#19.83
-88.9092,32.9458#50.48#29.79#19.73
-88.8554,32.9437#50.52#29.85#19.63
-88.8015,32.9417#50.56#29.9#19.54
-88.7477,32.9396#50.6#29.96#19.44
-88.6939,32.9375#50.65#30.02#19.33
-88.64,32.9354#50.69#30.08#19.23
-88.5862,32.9333#50.73#30.14#19.13
-88.5324,32.9311#50.77#30.2#19.03
-88.4786,32.9289#50.81#30.24#18.95
-88.4248,32.9268#50.85#30.27#18.88
-88.3709,32.9246#50.89#30.3#18.81
-88.3171,32.9223#50.94#30.33#18.73
-88.2633,32.9201#50.98#30.36#18.66
-88.2095,32.9178#51.02#30.39#18.59
-88.1557,32.9156#51.07#30.43#18.5
-88.1019,32.9133#51.11#30.46#18.43
-88.0481,32.911#51.15#30.49#18.36
-87.9943,32.9086#51.19#30.52#18.29
-87.9405,32.9063#51.21#30.54#18.25
-87.8867,32.9039#51.23#30.57#18.2
-87.8329,32.9016#51.24#30.59#18.17
-103.14,32.9007#28.61#43.24#28.15
-103.086,32.9034#28.62#43.1#28.28
-103.032,32.9061#28.63#42.97#28.4
-102.978,32.9088#28.64#42.82#28.54
-102.925,32.9114#28.65#42.68#28.67
-102.871,32.9141#28.66#42.53#28.81
-102.817,32.9167#28.67#42.38#28.95
-102.763,32.9193#28.68#42.24#29.08
-102.709,32.9219#28.69#42.09#29.22
-102.656,32.9244#28.7#41.95#29.35
-102.602,32.927#28.71#41.8#29.49
-102.548,32.9295#28.72#41.66#29.62
-102.494,32.932#28.73#41.5#29.77
-102.44,32.9345#28.74#41.28#29.98
-102.387,32.937#28.75#41.06#30.19
-102.333,32.9394#28.76#40.84#30.4
-102.279,32.9419#28.77#40.62#30.61
-102.225,32.9443#28.78#40.39#30.83
-102.171,32.9467#28.79#40.17#31.04
-102.118,32.9491#28.8#39.94#31.26
-102.064,32.9514#28.81#39.72#31.47
-102.01,32.9538#28.82#39.5#31.68
-101.956,32.9561#28.83#39.32#31.85
-101.902,32.9584#28.85#39.15#32
-101.849,32.9607#28.86#38.98#32.16
-101.795,32.963#28.87#38.82#32.31
-101.741,32.9652#28.88#38.65#32.47
-101.687,32.9675#28.89#38.48#32.63
-101.633,32.9697#28.91#38.31#32.78
-101.579,32.9719#28.92#38.14#32.94
-101.526,32.9741#28.93#37.98#33.09
-101.472,32.9762#28.95#37.81#33.24
-101.418,32.9784#28.99#37.64#33.37
-101.364,32.9805#29.02#37.48#33.5
-101.31,32.9826#29.05#37.31#33.64
-101.256,32.9847#29.09#37.15#33.76
-101.202,32.9868#29.12#36.98#33.9
-101.149,32.9889#29.15#36.82#34.03
-101.095,32.9909#29.19#36.65#34.16
-101.041,32.9929#29.22#36.48#34.3
-100.987,32.9949#29.27#36.32#34.41
-100.933,32.9969#29.35#36.15#34.5
-100.879,32.9989#29.42#35.99#34.59
-100.825,33.0008#29.5#35.82#34.68
-100.772,33.0028#29.58#35.66#34.76
-100.718,33.0047#29.66#35.49#34.85
-100.664,33.0066#29.74#35.33#34.93
-100.61,33.0085#29.82#35.16#35.02
-100.556,33.0103#29.9#34.99#35.11
-100.502,33.0122#29.98#34.83#35.19
-100.448,33.014#30.09#34.66#35.25
-100.394,33.0158#30.21#34.5#35.29
-100.341,33.0176#30.32#34.34#35.34
-100.287,33.0194#30.44#34.18#35.38
-100.233,33.0211#30.55#34.01#35.44
-100.179,33.0229#30.67#33.85#35.48
-100.125,33.0246#30.79#33.69#35.52
-100.071,33.0263#30.9#33.52#35.58
-100.017,33.028#31.02#33.36#35.62
-99.9633,33.0296#31.14#33.25#35.61
-99.9094,33.0313#31.26#33.17#35.57
-99.8555,33.0329#31.39#33.08#35.53
-99.8017,33.0345#31.51#33#35.49
-99.7478,33.0361#31.63#32.91#35.46
-99.6939,33.0377#31.76#32.83#35.41
-99.64,33.0392#31.88#32.75#35.37
-99.586,33.0408#32#32.66#35.34
-99.5321,33.0423#32.13#32.58#35.29
-99.4782,33.0438#32.26#32.5#35.24
-99.4243,33.0453#32.42#32.44#35.14
-99.3704,33.0467#32.58#32.38#35.04
-99.3165,33.0482#32.73#32.32#34.95
-99.2626,33.0496#32.89#32.26#34.85
-99.2087,33.051#33.05#32.2#34.75
-99.1548,33.0524#33.2#32.14#34.66
-99.1009,33.0538#33.36#32.08#34.56
-99.0469,33.0552#33.52#32.02#34.46
-98.993,33.0565#33.69#31.96#34.35
-98.9391,33.0578#33.92#31.9#34.18
-98.8852,33.0591#34.16#31.84#34
-98.8313,33.0604#34.39#31.77#33.84
-98.7773,33.0617#34.63#31.71#33.66
-98.7234,33.0629#34.86#31.65#33.49
-98.6695,33.0642#35.1#31.58#33.32
-98.6156,33.0654#35.34#31.52#33.14
-98.5616,33.0666#35.57#31.46#32.97
-98.5077,33.0677#35.81#31.39#32.8
-98.4538,33.0689#36.04#31.34#32.62
-98.3998,33.0701#36.27#31.28#32.45
-98.3459,33.0712#36.5#31.23#32.27
-98.292,33.0723#36.74#31.17#32.09
-98.238,33.0734#36.97#31.11#31.92
-98.1841,33.0744#37.2#31.06#31.74
-98.1302,33.0755#37.43#31#31.57
-98.0762,33.0765#37.66#30.95#31.39
-98.0223,33.0775#37.9#30.89#31.21
-97.9684,33.0785#38.12#30.85#31.03
-97.9144,33.0795#38.35#30.82#30.83
-97.8605,33.0805#38.57#30.79#30.64
-97.8065,33.0814#38.79#30.77#30.44
-97.7526,33.0824#39.02#30.74#30.24
-97.6987,33.0833#39.24#30.71#30.05
-97.6447,33.0842#39.46#30.68#29.86
-97.5908,33.085#39.69#30.65#29.66
-97.5368,33.0859#39.91#30.62#29.47
-97.4829,33.0867#40.11#30.59#29.3
-97.4289,33.0875#40.26#30.54#29.2
-97.375,33.0883#40.41#30.5#29.09
-97.321,33.0891#40.56#30.45#28.99
-97.2671,33.0899#40.71#30.41#28.88
-97.2131,33.0906#40.86#30.36#28.78
-97.1592,33.0914#41.01#30.32#28.67
-97.1052,33.0921#41.16#30.27#28.57
-97.0513,33.0928#41.32#30.23#28.45
-96.9973,33.0934#41.46#30.18#28.36
-96.9434,33.0941#41.58#30.14#28.28
-96.8894,33.0947#41.69#30.1#28.21
-96.8355,33.0954#41.8#30.06#28.14
-96.7815,33.096#41.92#30.02#28.06
-96.7275,33.0966#42.03#29.98#27.99
-96.6736,33.0971#42.14#29.94#27.92
-96.6196,33.0977#42.25#29.9#27.85
-96.5657,33.0982#42.37#29.86#27.77
-96.5117,33.0987#42.48#29.82#27.7
-96.4578,33.0992#42.58#29.81#27.61
-96.4038,33.0997#42.68#29.8#27.52
-96.3498,33.1001#42.78#29.79#27.43
-96.2959,33.1006#42.88#29.77#27.35
-96.2419,33.101#42.97#29.76#27.27
-96.188,33.1014#43.07#29.75#27.18
-96.134,33.1018#43.17#29.74#27.09
-96.08,33.1022#43.27#29.73#27
-96.0261,33.1025#43.37#29.72#26.91
-95.9721,33.1029#43.46#29.72#26.82
-95.9181,33.1032#43.54#29.72#26.74
-95.8642,33.1035#43.62#29.72#26.66
-95.8102,33.1037#43.7#29.73#26.57
-95.7563,33.104#43.78#29.73#26.49
-95.7023,33.1042#43.86#29.74#26.4
-95.6483,33.1045#43.94#29.74#26.32
-95.5944,33.1047#44.03#29.75#26.22
-95.5404,33.1049#44.11#29.75#26.14
-95.4864,33.105#44.18#29.76#26.06
-95.4325,33.1052#44.25#29.77#25.98
-95.3785,33.1053#44.32#29.79#25.89
-95.3245,33.1054#44.39#29.81#25.8
-95.2706,33.1055#44.45#29.82#25.73
-95.2166,33.1056#44.52#29.84#25.64
-95.1626,33.1057#44.59#29.86#25.55
-95.1087,33.1057#44.65#29.88#25.47
-95.0547,33.1058#44.72#29.89#25.39
-95.0007,33.1058#44.79#29.91#25.3
-94.9468,33.1058#44.84#29.94#25.22
-94.8928,33.1057#44.9#29.96#25.14
-94.8388,33.1057#44.95#29.99#25.06
-94.7849,33.1056#45#30.01#24.99
-94.7309,33.1055#45.06#30.04#24.9
-94.677,33.1055#45.11#30.06#24.83
-94.623,33.1053#45.16#30.09#24.75
-94.569,33.1052#45.22#30.12#24.66
-94.5151,33.105#45.27#30.14#24.59
-94.4611,33.1049#45.31#30.16#24.53
-94.4071,33.1047#45.35#30.19#24.46
-94.3532,33.1045#45.4#30.21#24.39
-94.2992,33.1043#45.44#30.23#24.33
-94.2452,33.104#45.48#30.25#24.27
-94.1913,33.1038#45.52#30.27#24.21
-94.1373,33.1035#45.56#30.29#24.15
-94.0833,33.1032#45.6#30.32#24.08
-94.0294,33.1029#45.64#30.34#24.02
-93.9754,33.1025#45.68#30.35#23.97
-93.9215,33.1022#45.71#30.36#23.93
-93.8675,33.1018#45.75#30.37#23.88
-93.8135,33.1014#45.78#30.38#23.84
-93.7596,33.101#45.81#30.38#23.81
-93.7056,33.1006#45.85#30.39#23.76
-93.6517,33.1002#45.88#30.4#23.72
-93.5977,33.0997#45.92#30.41#23.67
-93.5437,33.0992#45.95#30.41#23.64
-93.4898,33.0987#45.99#30.42#23.59
-93.4358,33.0982#46.02#30.41#23.57
-93.3819,33.0977#46.05#30.4#23.55
-93.3279,33.0971#46.08#30.38#23.54
-93.2739,33.0966#46.12#30.37#23.51
-93.22,33.096#46.15#30.36#23.49
-93.166,33.0954#46.18#30.35#23.47
-93.1121,33.0948#46.21#30.34#23.45
-93.0581,33.0941#46.24#30.33#23.43
-93.0042,33.0935#46.28#30.31#23.41
-92.9502,33.0928#46.31#30.29#23.4
-92.8963,33.0921#46.34#30.26#23.4
-92.8423,33.0914#46.38#30.23#23.39
-92.7884,33.0907#46.41#30.2#23.39
-92.7344,33.0899#46.44#30.17#23.39
-92.6805,33.0891#46.48#30.14#23.38
-92.6265,33.0884#46.51#30.12#23.37
-92.5726,33.0876#46.54#30.09#23.37
-92.5186,33.0867#46.58#30.06#23.36
-92.4647,33.0859#46.61#30.03#23.36
-92.4107,33.0851#46.65#30.01#23.34
-92.3568,33.0842#46.68#29.99#23.33
-92.3028,33.0833#46.72#29.96#23.32
-92.2489,33.0824#46.76#29.94#23.3
-92.1949,33.0815#46.79#29.91#23.3
-92.141,33.0805#46.83#29.89#23.28
-92.0871,33.0796#46.87#29.86#23.27
-92.0331,33.0786#46.9#29.84#23.26
-91.9792,33.0776#46.95#29.82#23.23
-91.9253,33.0766#47#29.8#23.2
-91.8713,33.0755#47.06#29.79#23.15
-91.8174,33.0745#47.12#29.78#23.1
-91.7634,33.0734#47.17#29.77#23.06
-91.7095,33.0723#47.23#29.75#23.02
-91.6556,33.0712#47.29#29.74#22.97
-91.6016,33.0701#47.34#29.73#22.93
-91.5477,33.0689#47.4#29.71#22.89
-91.4938,33.0678#47.45#29.7#22.85
-91.4399,33.0666#47.51#29.69#22.8
-91.3859,33.0654#47.56#29.68#22.76
-91.332,33.0642#47.61#29.67#22.72
-91.2781,33.063#47.67#29.66#22.67
-91.2242,33.0617#47.72#29.65#22.63
-91.1702,33.0604#47.78#29.64#22.58
-91.1163,33.0592#47.83#29.63#22.54
-91.0624,33.0579#47.88#29.62#22.5
-91.0085,33.0565#47.94#29.61#22.45
-90.9545,33.0552#47.99#29.6#22.41
-90.9006,33.0538#48.05#29.59#22.36
-90.8467,33.0525#48.11#29.58#22.31
-90.7928,33.0511#48.17#29.57#22.26
-90.7389,33.0497#48.23#29.56#22.21
-90.685,33.0482#48.29#29.55#22.16
-90.6311,33.0468#48.35#29.54#22.11
-90.5772,33.0453#48.41#29.53#22.06
-90.5233,33.0438#48.47#29.52#22.01
-90.4693,33.0423#48.53#29.51#21.96
-90.4154,33.0408#48.61#29.5#21.89
-90.3615,33.0393#48.68#29.49#21.83
-90.3076,33.0377#48.75#29.48#21.77
-90.2537,33.0361#48.82#29.47#21.71
-90.1998,33.0345#48.9#29.45#21.65
-90.1459,33.0329#48.97#29.44#21.59
-90.092,33.0313#49.04#29.43#21.53
-90.0382,33.0297#49.11#29.42#21.47
-89.9843,33.028#49.19#29.41#21.4
-89.9304,33.0263#49.27#29.42#21.31
-89.8765,33.0246#49.36#29.42#21.22
-89.8226,33.0229#49.44#29.43#21.13
-89.7687,33.0212#49.53#29.44#21.03
-89.7148,33.0194#49.61#29.44#20.95
-89.6609,33.0176#49.7#29.44#20.86
-89.6071,33.0159#49.78#29.45#20.77
-89.5532,33.014#49.86#29.45#20.69
-89.4993,33.0122#49.95#29.46#20.59
-89.4454,33.0104#50.02#29.49#20.49
-89.3916,33.0085#50.1#29.53#20.37
-89.3377,33.0066#50.18#29.57#20.25
-89.2838,33.0047#50.26#29.6#20.14
-89.2299,33.0028#50.34#29.64#20.02
-89.1761,33.0009#50.42#29.67#19.91
-89.1222,32.9989#50.49#29.71#19.8
-89.0683,32.997#50.57#29.74#19.69
-89.0145,32.995#50.65#29.77#19.58
-88.9606,32.993#50.7#29.82#19.48
-88.9068,32.991#50.75#29.87#19.38
-88.8529,32.9889#50.79#29.92#19.29
-88.7991,32.9869#50.84#29.97#19.19
-88.7452,32.9848#50.88#30.02#19.1
-88.6914,32.9827#50.93#30.07#19
-88.6375,32.9806#50.97#30.13#18.9
-88.5837,32.9784#51.02#30.18#18.8
-88.5298,32.9763#51.06#30.23#18.71
-88.476,32.9741#51.1#30.27#18.63
-88.4221,32.9719#51.14#30.3#18.56
-88.3683,32.9697#51.18#30.33#18.49
-88.3145,32.9675#51.22#30.36#18.42
-88.2606,32.9653#51.26#30.39#18.35
-88.2068,32.963#51.3#30.41#18.29
-88.153,32.9608#51.34#30.44#18.22
-88.0992,32.9585#51.38#30.47#18.15
-88.0453,32.9562#51.42#30.5#18.08
-87.9915,32.9538#51.46#30.53#18.01
-87.9377,32.9515#51.47#30.55#17.98
-87.8839,32.9491#51.49#30.58#17.93
-87.8301,32.9467#51.51#30.6#17.89
-87.7762,32.9443#51.52#30.63#17.85
-87.7224,32.9419#51.54#30.65#17.81
-87.6686,32.9395#51.56#30.67#17.77
-87.6148,32.937#51.57#30.7#17.73
-87.561,32.9346#51.59#30.72#17.69
-87.5072,32.9321#51.6#30.75#17.65
-87.4534,32.9296#51.61#30.75#17.64
-87.3996,32.927#51.62#30.76#17.62
-87.3458,32.9245#51.63#30.76#17.61
-87.292,32.9219#51.63#30.76#17.61
-87.2382,32.9194#51.64#30.77#17.59
-87.1844,32.9168#51.65#30.77#17.58
-87.1307,32.9141#51.66#30.78#17.56
-87.0769,32.9115#51.67#30.79#17.54
-87.0231,32.9089#51.68#30.8#17.52
-86.9693,32.9062#51.65#30.81#17.54
-86.9155,32.9035#51.6#30.84#17.56
-86.8618,32.9008#51.55#30.86#17.59
-104.003,32.9002#28.49#45.07#26.44
-103.95,32.9032#28.49#44.98#26.53
-103.896,32.9061#28.5#44.89#26.61
-103.842,32.9091#28.51#44.8#26.69
-103.788,32.912#28.51#44.71#26.78
-103.735,32.9149#28.52#44.62#26.86
-103.681,32.9178#28.53#44.53#26.94
-103.627,32.9207#28.54#44.44#27.02
-103.573,32.9236#28.54#44.35#27.11
-103.519,32.9264#28.55#44.26#27.19
-103.466,32.9293#28.56#44.14#27.3
-103.412,32.9321#28.57#44#27.43
-103.358,32.9349#28.58#43.86#27.56
-103.304,32.9377#28.58#43.72#27.7
-103.251,32.9404#28.59#43.58#27.83
-103.197,32.9432#28.6#43.44#27.96
-103.143,32.9459#28.61#43.3#28.09
-103.089,32.9486#28.62#43.16#28.22
-103.035,32.9513#28.63#43.02#28.35
-102.982,32.954#28.64#42.88#28.48
-102.928,32.9566#28.65#42.74#28.61
-102.874,32.9592#28.66#42.59#28.75
-102.82,32.9619#28.67#42.45#28.88
-102.766,32.9645#28.68#42.3#29.02
-102.713,32.967#28.69#42.16#29.15
-102.659,32.9696#28.7#42.01#29.29
-102.605,32.9721#28.71#41.87#29.42
-102.551,32.9747#28.72#41.72#29.56
-102.497,32.9772#28.73#41.58#29.69
-102.443,32.9797#28.74#41.35#29.91
-102.39,32.9821#28.75#41.12#30.13
-102.336,32.9846#28.76#40.9#30.34
-102.282,32.987#28.77#40.67#30.56
-102.228,32.9894#28.78#40.44#30.78
-102.174,32.9918#28.79#40.22#30.99
-102.12,32.9942#28.8#39.99#31.21
-102.067,32.9966#28.81#39.76#31.43
-102.013,32.9989#28.82#39.53#31.65
-101.959,33.0013#28.83#39.35#31.82
-101.905,33.0036#28.85#39.18#31.97
-101.851,33.0059#28.86#39.01#32.13
-101.797,33.0081#28.87#38.84#32.29
-101.744,33.0104#28.88#38.67#32.45
-101.69,33.0126#28.9#38.5#32.6
-101.636,33.0149#28.91#38.33#32.76
-101.582,33.0171#28.92#38.16#32.92
-101.528,33.0193#28.93#37.99#33.08
-101.474,33.0214#28.95#37.83#33.22
-101.42,33.0236#28.99#37.66#33.35
-101.367,33.0257#29.02#37.49#33.49
-101.313,33.0278#29.06#37.32#33.62
-101.259,33.0299#29.09#37.16#33.75
-101.205,33.032#29.13#36.99#33.88
-101.151,33.034#29.16#36.82#34.02
-101.097,33.0361#29.2#36.65#34.15
-101.043,33.0381#29.23#36.48#34.29
-100.989,33.0401#29.28#36.32#34.4
-100.936,33.0421#29.36#36.15#34.49
-100.882,33.0441#29.44#35.98#34.58
-100.828,33.046#29.52#35.82#34.66
-100.774,33.048#29.6#35.65#34.75
-100.72,33.0499#29.68#35.48#34.84
-100.666,33.0518#29.76#35.32#34.92
-100.612,33.0537#29.84#35.15#35.01
-100.558,33.0555#29.92#34.98#35.1
-100.504,33.0574#30#34.81#35.19
-100.45,33.0592#30.12#34.65#35.23
-100.397,33.061#30.23#34.49#35.28
-100.343,33.0628#30.35#34.32#35.33
-100.289,33.0646#30.46#34.16#35.38
-100.235,33.0663#30.58#33.99#35.43
-100.181,33.0681#30.7#33.83#35.47
-100.127,33.0698#30.81#33.66#35.53
-100.073,33.0715#30.93#33.5#35.57
-100.019,33.0732#31.04#33.33#35.63
-99.9653,33.0748#31.16#33.22#35.62
-99.9114,33.0765#31.29#33.14#35.57
-99.8575,33.0781#31.41#33.05#35.54
-99.8036,33.0797#31.53#32.97#35.5
-99.7496,33.0813#31.66#32.89#35.45
-99.6957,33.0829#31.78#32.81#35.41
