-97.6041,42.9003#43.61#28.93#27.46
-97.5449,42.9011#43.63#28.93#27.44
-97.4858,42.9019#43.65#28.9#27.45
-97.4266,42.9027#43.67#28.84#27.49
-97.3675,42.9034#43.7#28.78#27.52
-97.3083,42.9042#43.72#28.71#27.57
-97.2492,42.9049#43.74#28.65#27.61
-97.19,42.9056#43.76#28.58#27.66
-97.1309,42.9063#43.78#28.52#27.7
-97.0717,42.907#43.8#28.46#27.74
-97.0125,42.9076#43.82#28.39#27.79
-96.9534,42.9083#43.84#28.31#27.85
-96.8942,42.9089#43.85#28.22#27.93
-96.8351,42.9095#43.87#28.13#28
-96.7759,42.9101#43.89#28.04#28.07
-96.7167,42.9106#43.9#27.95#28.15
-96.6576,42.9112#43.92#27.86#28.22
-96.5984,42.9117#43.93#27.77#28.3
-96.5392,42.9122#43.95#27.68#28.37
-96.4801,42.9127#43.96#27.6#28.44
-96.4209,42.9131#43.97#27.52#28.51
-96.3617,42.9136#43.98#27.44#28.58
-96.3026,42.914#43.98#27.36#28.66
-96.2434,42.9144#43.99#27.29#28.72
-96.1842,42.9148#44#27.21#28.79
-96.1251,42.9152#44.01#27.13#28.86
-96.0659,42.9155#44.02#27.05#28.93
-96.0067,42.9158#44.03#26.98#28.99
-95.9476,42.9162#44.04#26.92#29.04
-95.8884,42.9164#44.04#26.86#29.1
-95.8292,42.9167#44.05#26.8#29.15
-95.7701,42.917#44.06#26.74#29.2
-95.7109,42.9172#44.07#26.68#29.25
-95.6517,42.9174#44.07#26.62#29.31
-95.5925,42.9176#44.08#26.56#29.36
-95.5334,42.9178#44.09#26.5#29.41
-95.4742,42.918#44.1#26.46#29.44
-95.415,42.9181#44.11#26.44#29.45
-95.3559,42.9182#44.12#26.41#29.47
-95.2967,42.9183#44.12#26.39#29.49
-95.2375,42.9184#44.13#26.37#29.5
-95.1783,42.9185#44.14#26.35#29.51
-95.1192,42.9185#44.15#26.32#29.53
-95.06,42.9186#44.16#26.3#29.54
-95.0008,42.9186#44.17#26.28#29.55
-94.9416,42.9186#44.18#26.26#29.56
-94.8825,42.9185#44.19#26.25#29.56
-94.8233,42.9185#44.2#26.24#29.56
-94.7641,42.9184#44.21#26.23#29.56
-94.705,42.9183#44.22#26.21#29.57
-94.6458,42.9182#44.23#26.2#29.57
-94.5866,42.9181#44.24#26.19#29.57
-94.5274,42.918#44.26#26.18#29.56
-94.4683,42.9178#44.27#26.17#29.56
-94.4091,42.9176#44.28#26.16#29.56
-94.3499,42.9174#44.3#26.16#29.54
-94.2908,42.9172#44.31#26.15#29.54
-94.2316,42.917#44.33#26.15#29.52
-94.1724,42.9167#44.34#26.14#29.52
-94.1132,42.9165#44.36#26.13#29.51
-94.0541,42.9162#44.37#26.13#29.5
-93.9949,42.9158#44.39#26.12#29.49
-93.9357,42.9155#44.41#26.12#29.47
-93.8766,42.9152#44.43#26.12#29.45
-93.8174,42.9148#44.45#26.12#29.43
-93.7582,42.9144#44.47#26.11#29.42
-93.6991,42.914#44.49#26.11#29.4
-93.6399,42.9136#44.52#26.11#29.37
-93.5807,42.9131#44.54#26.11#29.35
-93.5216,42.9127#44.56#26.11#29.33
-93.4624,42.9122#44.58#26.11#29.31
-93.4032,42.9117#44.61#26.12#29.27
-93.3441,42.9112#44.64#26.12#29.24
-93.2849,42.9106#44.67#26.13#29.2
-93.2257,42.9101#44.69#26.13#29.18
-93.1666,42.9095#44.72#26.14#29.14
-93.1074,42.9089#44.75#26.15#29.1
-93.0483,42.9083#44.78#26.15#29.07
-92.9891,42.9077#44.81#26.17#29.02
-92.9299,42.907#44.84#26.23#28.93
-92.8708,42.9063#44.87#26.29#28.84
-92.8116,42.9056#44.91#26.35#28.74
-92.7525,42.9049#44.94#26.41#28.65
-92.6933,42.9042#44.98#26.48#28.54
-92.6342,42.9035#45.01#26.54#28.45
-92.575,42.9027#45.05#26.6#28.35
-92.5158,42.9019#45.09#26.66#28.25
-92.4567,42.9011#45.13#26.75#28.12
-92.3975,42.9003#45.17#26.84#27.99
-99.7348,42.9014#43.57#30.33#26.1
-99.6756,42.9029#43.56#30.3#26.14
-99.6165,42.9044#43.54#30.26#26.2
-99.5574,42.9058#43.53#30.22#26.25
-99.4983,42.9073#43.51#30.19#26.3
-99.4391,42.9087#43.5#30.12#26.38
-99.38,42.9101#43.49#30.06#26.45
-99.3208,42.9115#43.48#30#26.52
-99.2617,42.9129#43.47#29.93#26.6
-99.2026,42.9142#43.45#29.87#26.68
-99.1434,42.9156#43.44#29.81#26.75
-99.0843,42.9169#43.43#29.75#26.82
-99.0251,42.9182#43.42#29.68#26.9
-98.966,42.9194#43.41#29.63#26.96
-98.9068,42.9207#43.41#29.58#27.01
-98.8477,42.9219#43.41#29.53#27.06
-98.7885,42.9232#43.41#29.47#27.12
-98.7294,42.9244#43.41#29.42#27.17
-98.6702,42.9255#43.41#29.37#27.22
-98.6111,42.9267#43.4#29.32#27.28
-98.5519,42.9279#43.4#29.26#27.34
-98.4928,42.929#43.4#29.21#27.39
-98.4336,42.9301#43.41#29.19#27.4
-98.3744,42.9312#43.42#29.16#27.42
-98.3153,42.9322#43.43#29.14#27.43
-98.2561,42.9333#43.45#29.11#27.44
-98.1969,42.9343#43.46#29.09#27.45
-98.1378,42.9353#43.47#29.06#27.47
-98.0786,42.9363#43.48#29.04#27.48
-98.0194,42.9373#43.49#29.01#27.5
-97.9603,42.9383#43.5#29#27.5
-97.9011,42.9392#43.52#28.99#27.49
-97.8419,42.9401#43.54#28.98#27.48
-97.7828,42.941#43.56#28.97#27.47
-97.7236,42.9419#43.58#28.96#27.46
-97.6644,42.9428#43.6#28.95#27.45
-97.6052,42.9436#43.62#28.95#27.43
-97.5461,42.9444#43.64#28.94#27.42
-97.4869,42.9452#43.66#28.92#27.42
-97.4277,42.946#43.68#28.85#27.47
-97.3685,42.9468#43.7#28.78#27.52
-97.3093,42.9475#43.72#28.72#27.56
-97.2502,42.9483#43.74#28.65#27.61
-97.191,42.949#43.76#28.58#27.66
-97.1318,42.9497#43.78#28.52#27.7
-97.0726,42.9503#43.8#28.45#27.75
-97.0134,42.951#43.82#28.38#27.8
-96.9542,42.9516#43.83#28.29#27.88
-96.895,42.9522#43.84#28.2#27.96
-96.8359,42.9528#43.86#28.11#28.03
-96.7767,42.9534#43.87#28.02#28.11
-96.7175,42.954#43.89#27.93#28.18
-96.6583,42.9545#43.9#27.83#28.27
-96.5991,42.955#43.91#27.74#28.35
-96.5399,42.9555#43.93#27.65#28.42
-96.4807,42.956#43.94#27.56#28.5
-96.4215,42.9565#43.95#27.48#28.57
-96.3623,42.9569#43.95#27.4#28.65
-96.3031,42.9573#43.96#27.32#28.72
-96.244,42.9577#43.97#27.25#28.78
-96.1848,42.9581#43.98#27.17#28.85
-96.1256,42.9585#43.98#27.09#28.93
-96.0664,42.9589#43.99#27.01#29
-96.0072,42.9592#44#26.93#29.07
-95.948,42.9595#44.01#26.87#29.12
-95.8888,42.9598#44.01#26.82#29.17
-95.8296,42.9601#44.02#26.76#29.22
-95.7704,42.9603#44.03#26.71#29.26
-95.7112,42.9606#44.03#26.65#29.32
-95.652,42.9608#44.04#26.6#29.36
-95.5928,42.961#44.05#26.54#29.41
-95.5336,42.9612#44.05#26.48#29.47
-95.4744,42.9613#44.06#26.44#29.5
-95.4152,42.9615#44.07#26.42#29.51
-95.356,42.9616#44.08#26.4#29.52
-95.2968,42.9617#44.09#26.38#29.53
-95.2376,42.9618#44.1#26.36#29.54
-95.1784,42.9618#44.1#26.33#29.57
-95.1192,42.9619#44.11#26.31#29.58
-95.06,42.9619#44.12#26.29#29.59
-95.0008,42.9619#44.13#26.27#29.6
-94.9416,42.9619#44.14#26.26#29.6
-94.8824,42.9619#44.15#26.24#29.61
-94.8232,42.9618#44.16#26.23#29.61
-94.764,42.9618#44.17#26.22#29.61
-94.7048,42.9617#44.18#26.21#29.61
-94.6456,42.9616#44.19#26.2#29.61
-94.5864,42.9615#44.2#26.18#29.62
-94.5272,42.9613#44.21#26.17#29.62
-94.468,42.9612#44.22#26.16#29.62
-94.4088,42.961#44.24#26.16#29.6
-94.3496,42.9608#44.25#26.15#29.6
-94.2904,42.9606#44.26#26.15#29.59
-94.2312,42.9603#44.28#26.14#29.58
-94.172,42.9601#44.29#26.14#29.57
-94.1129,42.9598#44.31#26.13#29.56
-94.0537,42.9595#44.32#26.13#29.55
-93.9945,42.9592#44.34#26.12#29.54
-93.9353,42.9589#44.36#26.12#29.52
-93.8761,42.9585#44.38#26.12#29.5
-93.8169,42.9581#44.4#26.11#29.49
-93.7577,42.9578#44.42#26.11#29.47
-93.6985,42.9573#44.44#26.11#29.45
-93.6393,42.9569#44.46#26.11#29.43
-93.5801,42.9565#44.48#26.11#29.41
-93.5209,42.956#44.5#26.1#29.4
-93.4617,42.9555#44.53#26.11#29.36
-93.4025,42.955#44.55#26.11#29.34
-93.3433,42.9545#44.58#26.12#29.3
-93.2842,42.954#44.61#26.12#29.27
-93.225,42.9534#44.63#26.13#29.24
-93.1658,42.9528#44.66#26.13#29.21
-93.1066,42.9522#44.69#26.14#29.17
-93.0474,42.9516#44.71#26.15#29.14
-92.9882,42.951#44.74#26.16#29.1
-92.929,42.9503#44.78#26.22#29
-92.8698,42.9497#44.81#26.27#28.92
-92.8107,42.949#44.84#26.33#28.83
-92.7515,42.9483#44.88#26.38#28.74
-92.6923,42.9475#44.91#26.44#28.65
-92.6331,42.9468#44.95#26.49#28.56
-92.5739,42.946#44.98#26.55#28.47
-92.5148,42.9452#45.02#26.6#28.38
-92.4556,42.9444#45.06#26.69#28.25
-92.3964,42.9436#45.1#26.78#28.12
-92.3372,42.9428#45.14#26.88#27.98
-92.2781,42.9419#45.18#26.97#27.85
-92.2189,42.941#45.23#27.06#27.71
-92.1597,42.9401#45.27#27.16#27.57
-92.1005,42.9392#45.31#27.25#27.44
-92.0414,42.9383#45.35#27.35#27.3
-91.9822,42.9373#45.4#27.45#27.15
-91.923,42.9364#45.45#27.6#26.95
-91.8639,42.9354#45.5#27.75#26.75
-91.8047,42.9344#45.55#27.89#26.56
-91.7455,42.9333#45.6#28.04#26.36
-91.6864,42.9323#45.65#28.18#26.17
-91.6272,42.9312#45.71#28.33#25.96
-91.568,42.9301#45.76#28.48#25.76
-91.5089,42.929#45.81#28.62#25.57
-91.4497,42.9279#45.87#28.75#25.38
-91.3906,42.9267#45.92#28.88#25.2
-91.3314,42.9256#45.98#29#25.02
-91.2723,42.9244#46.04#29.13#24.83
-91.2131,42.9232#46.1#29.26#24.64
-91.1539,42.922#46.16#29.38#24.46
-91.0948,42.9207#46.22#29.5#24.28
-91.0357,42.9195#46.27#29.63#24.1
-90.9765,42.9182#46.34#29.73#23.93
-90.9174,42.9169#46.4#29.78#23.82
-90.8582,42.9156#46.46#29.84#23.7
-90.7991,42.9143#46.53#29.89#23.58
-90.7399,42.9129#46.59#29.95#23.46
-90.6808,42.9115#46.66#30#23.34
-90.6217,42.9102#46.72#30.06#23.22
-90.5625,42.9087#46.79#30.11#23.1
-90.5034,42.9073#46.85#30.17#22.98
-90.4443,42.9059#46.92#30.19#22.89
-90.3851,42.9044#46.99#30.21#22.8
-90.326,42.9029#47.06#30.23#22.71
-90.2669,42.9014#47.13#30.25#22.62
-101.215,42.9009#44.09#30.35#25.56
-101.156,42.9029#44.07#30.39#25.54
-101.097,42.9049#44.04#30.42#25.54
-101.038,42.9068#44.01#30.45#25.54
-100.979,42.9087#43.99#30.47#25.54
-100.919,42.9106#43.96#30.49#25.55
-100.86,42.9125#43.94#30.51#25.55
-100.801,42.9144#43.92#30.53#25.55
-100.742,42.9162#43.9#30.55#25.55
-100.683,42.9181#43.88#30.57#25.55
-100.624,42.9199#43.85#30.6#25.55
-100.565,42.9217#43.83#30.62#25.55
-100.506,42.9234#43.81#30.64#25.55
-100.447,42.9252#43.79#30.62#25.59
-100.387,42.9269#43.78#30.61#25.61
-100.328,42.9286#43.76#30.59#25.65
-100.269,42.9303#43.74#30.58#25.68
-100.21,42.932#43.73#30.57#25.7
-100.151,42.9336#43.71#30.55#25.74
-100.092,42.9353#43.69#30.54#25.77
-100.033,42.9369#43.68#30.53#25.79
-99.9734,42.9385#43.66#30.51#25.83
-99.9143,42.9401#43.65#30.47#25.88
-99.8551,42.9416#43.63#30.44#25.93
-99.796,42.9432#43.62#30.4#25.98
-99.7368,42.9447#43.6#30.37#26.03
-99.6777,42.9462#43.59#30.34#26.07
-99.6185,42.9477#43.57#30.3#26.13
-99.5594,42.9491#43.56#30.27#26.17
-99.5002,42.9506#43.54#30.24#26.22
-99.4411,42.952#43.53#30.18#26.29
-99.3819,42.9534#43.52#30.12#26.36
-99.3227,42.9548#43.51#30.06#26.43
-99.2636,42.9562#43.5#30#26.5
-99.2044,42.9575#43.48#29.95#26.57
-99.1452,42.9589#43.47#29.89#26.64
-99.0861,42.9602#43.46#29.83#26.71
-99.0269,42.9615#43.45#29.77#26.78
-98.9677,42.9628#43.44#29.72#26.84
-98.9085,42.964#43.44#29.66#26.9
-98.8494,42.9653#43.44#29.61#26.95
-98.7902,42.9665#43.43#29.55#27.02
-98.731,42.9677#43.43#29.49#27.08
-98.6718,42.9689#43.43#29.44#27.13
-98.6126,42.97#43.43#29.38#27.19
-98.5535,42.9712#43.42#29.32#27.26
-98.4943,42.9723#43.42#29.27#27.31
-98.4351,42.9734#43.43#29.24#27.33
-98.3759,42.9745#43.44#29.21#27.35
-98.3167,42.9756#43.45#29.18#27.37
-98.2575,42.9766#43.46#29.15#27.39
-98.1983,42.9777#43.47#29.12#27.41
-98.1391,42.9787#43.48#29.09#27.43
-98.08,42.9797#43.49#29.06#27.45
-98.0208,42.9806#43.5#29.03#27.47
-97.9616,42.9816#43.52#29.02#27.46
-97.9024,42.9825#43.53#29.01#27.46
-97.8432,42.9834#43.55#29#27.45
-97.784,42.9843#43.57#28.99#27.44
-97.7248,42.9852#43.59#28.98#27.43
-97.6656,42.9861#43.61#28.97#27.42
-97.6064,42.9869#43.62#28.96#27.42
-97.5472,42.9877#43.64#28.95#27.41
-97.488,42.9886#43.66#28.93#27.41
-97.4288,42.9893#43.68#28.86#27.46
-97.3696,42.9901#43.7#28.79#27.51
-97.3103,42.9909#43.72#28.72#27.56
-97.2511,42.9916#43.73#28.65#27.62
-97.1919,42.9923#43.75#28.58#27.67
-97.1327,42.993#43.77#28.51#27.72
-97.0735,42.9937#43.79#28.44#27.77
-97.0143,42.9943#43.81#28.37#27.82
-96.9551,42.9949#43.82#28.28#27.9
-96.8959,42.9956#43.83#28.19#27.98
-96.8367,42.9962#43.85#28.09#28.06
-96.7774,42.9967#43.86#28#28.14
-96.7182,42.9973#43.87#27.9#28.23
-96.659,42.9978#43.88#27.81#28.31
-96.5998,42.9983#43.9#27.71#28.39
-96.5406,42.9988#43.91#27.62#28.47
-96.4814,42.9993#43.92#27.52#28.56
-96.4222,42.9998#43.92#27.45#28.63
-96.3629,43.0002#43.93#27.37#28.7
-96.3037,43.0007#43.94#27.29#28.77
-96.2445,43.0011#43.94#27.21#28.85
-96.1853,43.0015#43.95#27.13#28.92
-96.1261,43.0018#43.96#27.05#28.99
-96.0668,43.0022#43.96#26.97#29.07
-96.0076,43.0025#43.97#26.89#29.14
-95.9484,43.0028#43.98#26.83#29.19
-95.8892,43.0031#43.98#26.78#29.24
-95.8299,43.0034#43.99#26.73#29.28
-95.7707,43.0036#44#26.67#29.33
-95.7115,43.0039#44#26.62#29.38
-95.6523,43.0041#44.01#26.57#29.42
-95.5931,43.0043#44.01#26.52#29.47
-95.5338,43.0045#44.02#26.47#29.51
-95.4746,43.0046#44.03#26.43#29.54
-95.4154,43.0048#44.03#26.41#29.56
-95.3562,43.0049#44.04#26.39#29.57
-95.2969,43.005#44.05#26.36#29.59
-95.2377,43.0051#44.06#26.34#29.6
-95.1785,43.0052#44.06#26.32#29.62
-95.1193,43.0052#44.07#26.3#29.63
-95.06,43.0052#44.08#26.28#29.64
-95.0008,43.0053#44.09#26.26#29.65
-94.9416,43.0052#44.1#26.25#29.65
-94.8824,43.0052#44.11#26.23#29.66
-94.8231,43.0052#44.12#26.22#29.66
-94.7639,43.0051#44.12#26.21#29.67
-94.7047,43.005#44.13#26.2#29.67
-94.6455,43.0049#44.14#26.19#29.67
-94.5862,43.0048#44.15#26.18#29.67
-94.527,43.0046#44.16#26.17#29.67
-94.4678,43.0045#44.17#26.16#29.67
-94.4086,43.0043#44.19#26.15#29.66
-94.3494,43.0041#44.2#26.15#29.65
-94.2901,43.0039#44.21#26.14#29.65
-94.2309,43.0037#44.23#26.14#29.63
-94.1717,43.0034#44.24#26.13#29.63
-94.1125,43.0031#44.26#26.13#29.61
-94.0532,43.0028#44.27#26.12#29.61
-93.994,43.0025#44.28#26.12#29.6
-93.9348,43.0022#44.3#26.12#29.58
-93.8756,43.0018#44.32#26.11#29.57
-93.8164,43.0015#44.34#26.11#29.55
-93.7571,43.0011#44.36#26.11#29.53
-93.6979,43.0007#44.38#26.11#29.51
-93.6387,43.0003#44.4#26.11#29.49
-93.5795,42.9998#44.42#26.1#29.48
-93.5203,42.9993#44.44#26.1#29.46
-93.4611,42.9989#44.47#26.1#29.43
-93.4018,42.9984#44.49#26.11#29.4
-93.3426,42.9978#44.52#26.11#29.37
-93.2834,42.9973#44.55#26.12#29.33
-93.2242,42.9967#44.57#26.12#29.31
-93.165,42.9962#44.6#26.13#29.27
-93.1058,42.9956#44.62#26.13#29.25
-93.0466,42.995#44.65#26.14#29.21
-92.9873,42.9943#44.68#26.15#29.17
-92.9281,42.9937#44.71#26.2#29.09
-92.8689,42.993#44.75#26.25#29
-92.8097,42.9923#44.78#26.3#28.92
-92.7505,42.9916#44.81#26.35#28.84
-92.6913,42.9909#44.85#26.4#28.75
-92.6321,42.9901#44.88#26.45#28.67
-92.5729,42.9894#44.91#26.5#28.59
-92.5137,42.9886#44.95#26.55#28.5
-92.4545,42.9878#44.99#26.63#28.38
-92.3953,42.9869#45.03#26.72#28.25
-92.3361,42.9861#45.07#26.81#28.12
-92.2769,42.9852#45.11#26.9#27.99
-92.2177,42.9844#45.15#27#27.85
-92.1585,42.9835#45.19#27.09#27.72
-92.0993,42.9826#45.24#27.18#27.58
-92.0401,42.9816#45.28#27.27#27.45
-91.9809,42.9807#45.32#27.38#27.3
-91.9217,42.9797#45.37#27.52#27.11
-91.8625,42.9787#45.42#27.66#26.92
-91.8033,42.9777#45.47#27.8#26.73
-91.7441,42.9767#45.53#27.94#26.53
-91.6849,42.9756#45.58#28.08#26.34
-91.6257,42.9745#45.63#28.22#26.15
-91.5665,42.9734#45.68#28.36#25.96
-91.5074,42.9723#45.73#28.5#25.77
-91.4482,42.9712#45.79#28.64#25.57
-91.389,42.9701#45.84#28.77#25.39
-91.3298,42.9689#45.9#28.9#25.2
-91.2706,42.9677#45.96#29.03#25.01
-91.2114,42.9665#46.02#29.16#24.82
-91.1523,42.9653#46.07#29.29#24.64
-91.0931,42.9641#46.13#29.42#24.45
-91.0339,42.9628#46.19#29.55#24.26
-90.9747,42.9615#46.25#29.65#24.1
-90.9156,42.9602#46.31#29.71#23.98
-90.8564,42.9589#46.38#29.78#23.84
-90.7972,42.9576#46.44#29.84#23.72
-90.7381,42.9562#46.51#29.9#23.59
-90.6789,42.9549#46.57#29.96#23.47
-90.6197,42.9535#46.64#30.02#23.34
-90.5606,42.9521#46.7#30.08#23.22
-90.5014,42.9506#46.77#30.14#23.09
-90.4423,42.9492#46.83#30.16#23.01
-90.3831,42.9477#46.9#30.18#22.92
-90.324,42.9462#46.97#30.21#22.82
-90.2648,42.9447#47.04#30.23#22.73
-90.2056,42.9432#47.11#30.25#22.64
-90.1465,42.9417#47.18#30.27#22.55
-90.0873,42.9401#47.25#30.29#22.46
-90.0282,42.9385#47.32#30.32#22.36
-89.9691,42.9369#47.39#30.33#22.28
-89.9099,42.9353#47.46#30.34#22.2
-89.8508,42.9337#47.53#30.35#22.12
-89.7916,42.932#47.61#30.35#22.04
-89.7325,42.9304#47.68#30.36#21.96
-89.6734,42.9287#47.75#30.37#21.88
-89.6142,42.9269#47.82#30.38#21.8
-89.5551,42.9252#47.9#30.39#21.71
-89.496,42.9235#47.97#30.39#21.64
-89.4369,42.9217#48.05#30.39#21.56
-89.3777,42.9199#48.13#30.4#21.47
-89.3186,42.9181#48.21#30.4#21.39
-89.2595,42.9163#48.29#30.4#21.31
-89.2004,42.9144#48.37#30.4#21.23
-89.1413,42.9126#48.45#30.4#21.15
-89.0821,42.9107#48.53#30.4#21.07
-89.023,42.9088#48.61#30.4#20.99
-88.9639,42.9069#48.69#30.4#20.91
-88.9048,42.9049#48.77#30.4#20.83
-88.8457,42.903#48.85#30.4#20.75
-88.7866,42.901#48.93#30.4#20.67
-102.4,42.9007#44.86#28.51#26.63
-102.341,42.9031#44.81#28.67#26.52
-102.282,42.9054#44.77#28.83#26.4
-102.223,42.9078#44.72#29#26.28
-102.163,42.9101#44.68#29.16#26.16
-102.104,42.9123#44.63#29.33#26.04
-102.045,42.9146#44.59#29.49#25.92
-101.986,42.9168#44.55#29.63#25.82
-101.927,42.9191#44.51#29.7#25.79
-101.868,42.9213#44.48#29.77#25.75
-101.809,42.9234#44.44#29.84#25.72
-101.75,42.9256#44.41#29.9#25.69
-101.691,42.9278#44.37#29.97#25.66
-101.632,42.9299#44.34#30.04#25.62
-101.572,42.932#44.31#30.1#25.59
-101.513,42.9341#44.27#30.17#25.56
-101.454,42.9362#44.24#30.21#25.55
-101.395,42.9382#44.21#30.24#25.55
-101.336,42.9402#44.19#30.27#25.54
-101.277,42.9423#44.16#30.3#25.54
-101.218,42.9443#44.13#30.33#25.54
-101.159,42.9462#44.1#30.36#25.54
-101.099,42.9482#44.08#30.39#25.53
-101.04,42.9501#44.05#30.42#25.53
-100.981,42.952#44.02#30.45#25.53
-100.922,42.9539#44#30.47#25.53
-100.863,42.9558#43.98#30.49#25.53
-100.804,42.9577#43.96#30.51#25.53
-100.745,42.9595#43.93#30.53#25.54
-100.686,42.9614#43.91#30.55#25.54
-100.626,42.9632#43.89#30.56#25.55
-100.567,42.965#43.87#30.58#25.55
-100.508,42.9667#43.85#30.6#25.55
-100.449,42.9685#43.83#30.6#25.57
-100.39,42.9702#43.81#30.59#25.6
-100.331,42.9719#43.79#30.58#25.63
-100.271,42.9736#43.78#30.57#25.65
-100.212,42.9753#43.76#30.56#25.68
-100.153,42.9769#43.74#30.56#25.7
-100.094,42.9786#43.73#30.55#25.72
-100.035,42.9802#43.71#30.54#25.75
-99.9756,42.9818#43.69#30.53#25.78
-99.9164,42.9834#43.68#30.5#25.82
-99.8573,42.9849#43.66#30.47#25.87
-99.7981,42.9865#43.65#30.44#25.91
-99.7389,42.988#43.63#30.41#25.96
-99.6797,42.9895#43.62#30.38#26
-99.6205,42.991#43.6#30.35#26.05
-99.5614,42.9925#43.59#30.32#26.09
-99.5022,42.9939#43.57#30.29#26.14
-99.443,42.9953#43.56#30.23#26.21
-99.3838,42.9967#43.55#30.18#26.27
-99.3246,42.9981#43.54#30.13#26.33
-99.2654,42.9995#43.52#30.07#26.41
-99.2062,43.0009#43.51#30.02#26.47
-99.147,43.0022#43.5#29.97#26.53
-99.0878,43.0035#43.49#29.91#26.6
-99.0286,43.0048#43.48#29.86#26.66
-98.9695,43.0061#43.47#29.81#26.72
-98.9102,43.0073#43.47#29.75#26.78
-98.851,43.0086#43.46#29.69#26.85
-98.7918,43.0098#43.46#29.62#26.92
-98.7326,43.011#43.46#29.56#26.98
-98.6734,43.0122#43.45#29.5#27.05
-98.6142,43.0134#43.45#29.44#27.11
-98.555,43.0145#43.45#29.38#27.17
-98.4958,43.0156#43.44#29.32#27.24
-98.4366,43.0167#43.45#29.29#27.26
-98.3774,43.0178#43.46#29.25#27.29
-98.3182,43.0189#43.47#29.22#27.31
-98.259,43.0199#43.48#29.19#27.33
-98.1997,43.021#43.49#29.16#27.35
-98.1405,43.022#43.5#29.12#27.38
-98.0813,43.023#43.51#29.09#27.4
-98.0221,43.024#43.52#29.06#27.42
-97.9629,43.0249#43.53#29.04#27.43
-97.9036,43.0258#43.55#29.03#27.42
-97.8444,43.0268#43.56#29.02#27.42
-97.7852,43.0277#43.58#29.01#27.41
-97.726,43.0285#43.6#28.99#27.41
-97.6667,43.0294#43.61#28.98#27.41
-97.6075,43.0302#43.63#28.97#27.4
-97.5483,43.0311#43.65#28.96#27.39
-97.489,43.0319#43.66#28.94#27.4
-97.4298,43.0327#43.68#28.87#27.45
-97.3706,43.0334#43.7#28.8#27.5
-97.3114,43.0342#43.71#28.72#27.57
-97.2521,43.0349#43.73#28.65#27.62
-97.1929,43.0356#43.75#28.58#27.67
-97.1337,43.0363#43.77#28.51#27.72
-97.0744,43.037#43.78#28.43#27.79
-97.0152,43.0376#43.8#28.36#27.84
-96.9559,43.0383#43.81#28.27#27.92
-96.8967,43.0389#43.82#28.17#28.01
-96.8375,43.0395#43.84#28.07#28.09
-96.7782,43.04#43.85#27.98#28.17
-96.719,43.0406#43.86#27.88#28.26
-96.6597,43.0411#43.87#27.78#28.35
-96.6005,43.0417#43.88#27.68#28.44
-96.5413,43.0422#43.89#27.58#28.53
-96.482,43.0427#43.9#27.49#28.61
-96.4228,43.0431#43.9#27.41#28.69
-96.3635,43.0436#43.91#27.33#28.76
-96.3043,43.044#43.91#27.25#28.84
-96.245,43.0444#43.92#27.17#28.91
-96.1858,43.0448#43.93#27.09#28.98
-96.1265,43.0452#43.93#27#29.07
-96.0673,43.0455#43.94#26.92#29.14
-96.0081,43.0458#43.94#26.84#29.22
-95.9488,43.0461#43.95#26.79#29.26
-95.8896,43.0464#43.95#26.74#29.31
-95.8303,43.0467#43.96#26.69#29.35
-95.7711,43.047#43.96#26.64#29.4
-95.7118,43.0472#43.97#26.59#29.44
-95.6526,43.0474#43.97#26.55#29.48
-95.5933,43.0476#43.98#26.5#29.52
-95.5341,43.0478#43.98#26.45#29.57
-95.4748,43.048#43.99#26.41#29.6
-95.4156,43.0481#44#26.39#29.61
-95.3563,43.0482#44#26.37#29.63
-95.2971,43.0483#44.01#26.35#29.64
-95.2378,43.0484#44.02#26.33#29.65
-95.1786,43.0485#44.03#26.31#29.66
-95.1193,43.0485#44.03#26.29#29.68
-95.0601,43.0486#44.04#26.27#29.69
-95.0008,43.0486#44.05#26.25#29.7
-94.9416,43.0486#44.06#26.24#29.7
-94.8823,43.0485#44.06#26.23#29.71
-94.8231,43.0485#44.07#26.21#29.72
-94.7638,43.0484#44.08#26.2#29.72
-94.7046,43.0483#44.09#26.19#29.72
-94.6453,43.0482#44.1#26.18#29.72
-94.5861,43.0481#44.11#26.17#29.72
-94.5268,43.048#44.12#26.16#29.72
-94.4676,43.0478#44.13#26.15#29.72
-94.4083,43.0476#44.14#26.15#29.71
-94.3491,43.0474#44.15#26.14#29.71
-94.2898,43.0472#44.17#26.14#29.69
-94.2306,43.047#44.18#26.13#29.69
-94.1713,43.0467#44.19#26.13#29.68
-94.1121,43.0464#44.2#26.12#29.68
-94.0528,43.0462#44.22#26.12#29.66
-93.9936,43.0458#44.23#26.11#29.66
-93.9343,43.0455#44.25#26.11#29.64
-93.8751,43.0452#44.27#26.11#29.62
-93.8158,43.0448#44.29#26.11#29.6
-93.7566,43.0444#44.31#26.11#29.58
-93.6974,43.044#44.33#26.1#29.57
-93.6381,43.0436#44.35#26.1#29.55
-93.5789,43.0431#44.37#26.1#29.53
-93.5196,43.0427#44.39#26.1#29.51
-93.4604,43.0422#44.41#26.1#29.49
-93.4011,43.0417#44.43#26.11#29.46
-93.3419,43.0412#44.46#26.11#29.43
-93.2827,43.0406#44.49#26.11#29.4
-93.2234,43.0401#44.51#26.12#29.37
-93.1642,43.0395#44.54#26.12#29.34
-93.1049,43.0389#44.56#26.13#29.31
-93.0457,43.0383#44.59#26.13#29.28
-92.9865,43.0376#44.62#26.14#29.24
-92.9272,43.037#44.65#26.19#29.16
-92.868,43.0363#44.68#26.23#29.09
-92.8088,43.0356#44.71#26.27#29.02
-92.7495,43.0349#44.75#26.31#28.94
-92.6903,43.0342#44.78#26.36#28.86
-92.6311,43.0334#44.81#26.4#28.79
-92.5718,43.0327#44.85#26.44#28.71
-92.5126,43.0319#44.88#26.49#28.63
-92.4534,43.0311#44.92#26.57#28.51
-92.3941,43.0303#44.96#26.66#28.38
-92.3349,43.0294#45#26.75#28.25
-92.2757,43.0286#45.04#26.84#28.12
-92.2164,43.0277#45.08#26.93#27.99
-92.1572,43.0268#45.12#27.02#27.86
-92.098,43.0259#45.16#27.11#27.73
-92.0388,43.0249#45.2#27.2#27.6
-91.9796,43.024#45.25#27.31#27.44
-91.9203,43.023#45.3#27.44#27.26
-91.8611,43.022#45.35#27.57#27.08
-91.8019,43.021#45.4#27.71#26.89
-91.7427,43.02#45.45#27.84#26.71
-91.6835,43.0189#45.5#27.98#26.52
-91.6243,43.0178#45.55#28.11#26.34
-91.565,43.0168#45.6#28.25#26.15
-91.5058,43.0157#45.65#28.38#25.97
-91.4466,43.0145#45.71#28.52#25.77
-91.3874,43.0134#45.76#28.66#25.58
-91.3282,43.0122#45.82#28.79#25.39
-91.269,43.011#45.88#28.93#25.19
-91.2098,43.0098#45.93#29.07#25
-91.1506,43.0086#45.99#29.2#24.81
-91.0914,43.0074#46.05#29.34#24.61
-91.0322,43.0061#46.11#29.47#24.42
-90.973,43.0048#46.17#29.58#24.25
-90.9138,43.0035#46.23#29.65#24.12
-90.8546,43.0022#46.29#29.71#24
-90.7954,43.0009#46.36#29.78#23.86
-90.7362,42.9995#46.42#29.85#23.73
-90.677,42.9982#46.48#29.91#23.61
-90.6178,42.9968#46.55#29.98#23.47
-90.5586,42.9954#46.61#30.05#23.34
-90.4995,42.9939#46.68#30.11#23.21
-90.4403,42.9925#46.74#30.14#23.12
-90.3811,42.991#46.81#30.16#23.03
-90.3219,42.9895#46.88#30.18#22.94
-90.2627,42.988#46.95#30.21#22.84
-90.2036,42.9865#47.02#30.23#22.75
-90.1444,42.985#47.09#30.25#22.66
-90.0852,42.9834#47.15#30.28#22.57
-90.026,42.9818#47.22#30.3#22.48
-89.9669,42.9802#47.29#30.32#22.39
-89.9077,42.9786#47.37#30.33#22.3
-89.8485,42.977#47.44#30.33#22.23
-89.7894,42.9753#47.51#30.34#22.15
-89.7302,42.9737#47.58#30.35#22.07
-89.671,42.972#47.66#30.36#21.98
-89.6119,42.9703#47.73#30.37#21.9
-89.5527,42.9685#47.8#30.38#21.82
-89.4936,42.9668#47.88#30.39#21.73
-89.4344,42.965#47.95#30.39#21.66
-89.3753,42.9632#48.03#30.39#21.58
-89.3161,42.9614#48.11#30.39#21.5
-89.257,42.9596#48.19#30.39#21.42
-89.1978,42.9577#48.27#30.4#21.33
-89.1387,42.9559#48.35#30.4#21.25
-89.0796,42.954#48.43#30.4#21.17
-89.0204,42.9521#48.51#30.4#21.09
-88.9613,42.9502#48.59#30.4#21.01
-88.9022,42.9482#48.67#30.4#20.93
-88.843,42.9463#48.74#30.4#20.86
-88.7839,42.9443#48.82#30.4#20.78
-88.7248,42.9423#48.9#30.4#20.7
-88.6657,42.9403#48.98#30.4#20.62
-88.6065,42.9383#49.06#30.4#20.54
-88.5474,42.9362#49.14#30.4#20.46
-88.4883,42.9341#49.22#30.39#20.39
-88.4292,42.9321#49.32#30.39#20.29
-88.3701,42.9299#49.42#30.39#20.19
-88.311,42.9278#49.52#30.39#20.09
-88.2519,42.9257#49.62#30.39#19.99
-88.1928,42.9235#49.73#30.39#19.88
-88.1337,42.9213#49.83#30.38#19.79
-88.0746,42.9191#49.93#30.38#19.69
-88.0155,42.9169#50.03#30.38#19.59
-87.9564,42.9147#50.14#30.38#19.48
-87.8973,42.9124#50.25#30.38#19.37
-87.8382,42.9101#50.37#30.38#19.25
-87.7791,42.9078#50.48#30.38#19.14
-87.72,42.9055#50.6#30.37#19.03
-87.661,42.9032#50.71#30.37#18.92
-87.6019,42.9008#50.83#30.37#18.8
-103.407,42.9011#45.96#26.86#27.18
-103.348,42.9038#45.88#26.86#27.26
-103.289,42.9064#45.81#26.86#27.33
-103.23,42.9091#45.74#26.86#27.4
-103.171,42.9117#45.67#26.85#27.48
-103.112,42.9143#45.6#26.85#27.55
-103.053,42.9169#45.52#26.85#27.63
-102.994,42.9194#45.45#26.86#27.69
-102.935,42.922#45.4#27.03#27.57
-102.876,42.9245#45.34#27.19#27.47
-102.817,42.927#45.28#27.35#27.37
-102.758,42.9295#45.22#27.51#27.27
-102.698,42.932#45.16#27.67#27.17
-102.639,42.9344#45.11#27.83#27.06
-102.58,42.9369#45.05#27.99#26.96
-102.521,42.9393#44.99#28.15#26.86
-102.462,42.9417#44.94#28.31#26.75
-102.403,42.944#44.9#28.48#26.62
-102.344,42.9464#44.85#28.64#26.51
-102.285,42.9487#44.81#28.81#26.38
-102.226,42.951#44.76#28.97#26.27
-102.167,42.9533#44.72#29.14#26.14
-102.107,42.9556#44.67#29.3#26.03
-102.048,42.9579#44.63#29.47#25.9
-101.989,42.9601#44.59#29.62#25.79
-101.93,42.9623#44.55#29.68#25.77
-101.871,42.9645#44.52#29.75#25.73
-101.812,42.9667#44.48#29.82#25.7
-101.753,42.9689#44.45#29.88#25.67
-101.694,42.971#44.41#29.95#25.64
-101.634,42.9732#44.38#30.01#25.61
-101.575,42.9753#44.34#30.08#25.58
-101.516,42.9774#44.31#30.15#25.54
-101.457,42.9794#44.28#30.19#25.53
-101.398,42.9815#44.25#30.22#25.53
-101.339,42.9835#44.23#30.25#25.52
-101.28,42.9855#44.2#30.28#25.52
-101.22,42.9875#44.17#30.31#25.52
-101.161,42.9895#44.14#30.34#25.52
-101.102,42.9915#44.11#30.37#25.52
-101.043,42.9934#44.09#30.4#25.51
-100.984,42.9953#44.06#30.42#25.52
-100.925,42.9972#44.04#30.44#25.52
-100.865,42.9991#44.02#30.46#25.52
-100.806,43.001#43.99#30.48#25.53
-100.747,43.0028#43.97#30.5#25.53
-100.688,43.0047#43.95#30.52#25.53
-100.629,43.0065#43.93#30.53#25.54
-100.57,43.0083#43.9#30.55#25.55
-100.51,43.01#43.88#30.57#25.55
-100.451,43.0118#43.86#30.57#25.57
-100.392,43.0135#43.85#30.57#25.58
-100.333,43.0152#43.83#30.57#25.6
-100.274,43.0169#43.81#30.56#25.63
-100.215,43.0186#43.79#30.56#25.65
-100.155,43.0202#43.78#30.56#25.66
-100.096,43.0219#43.76#30.56#25.68
-100.037,43.0235#43.74#30.56#25.7
-99.9778,43.0251#43.73#30.55#25.72
-99.9186,43.0267#43.71#30.52#25.77
-99.8594,43.0282#43.7#30.49#25.81
-99.8002,43.0298#43.68#30.47#25.85
-99.741,43.0313#43.67#30.44#25.89
-99.6818,43.0328#43.65#30.42#25.93
-99.6226,43.0343#43.64#30.39#25.97
-99.5634,43.0358#43.62#30.36#26.02
-99.5041,43.0372#43.6#30.34#26.06
-99.4449,43.0386#43.59#30.29#26.12
-99.3857,43.04#43.58#30.24#26.18
-99.3265,43.0414#43.57#30.19#26.24
-99.2673,43.0428#43.55#30.14#26.31
-99.2081,43.0442#43.54#30.1#26.36
-99.1489,43.0455#43.53#30.05#26.42
-99.0896,43.0468#43.52#30#26.48
-99.0304,43.0481#43.5#29.95#26.55
-98.9712,43.0494#43.5#29.9#26.6
-98.912,43.0506#43.49#29.83#26.68
-98.8527,43.0519#43.49#29.77#26.74
-98.7935,43.0531#43.48#29.7#26.82
-98.7343,43.0543#43.48#29.64#26.88
-98.675,43.0555#43.48#29.57#26.95
-98.6158,43.0567#43.47#29.5#27.03
-98.5566,43.0578#43.47#29.44#27.09
-98.4973,43.0589#43.47#29.37#27.16
-98.4381,43.06#43.47#29.34#27.19
-98.3789,43.0611#43.48#29.3#27.22
-98.3196,43.0622#43.49#29.26#27.25
-98.2604,43.0632#43.5#29.23#27.27
-98.2011,43.0643#43.51#29.19#27.3
-98.1419,43.0653#43.51#29.15#27.34
-98.0826,43.0663#43.52#29.12#27.36
-98.0234,43.0673#43.53#29.08#27.39
-97.9642,43.0682#43.54#29.06#27.4
-97.9049,43.0691#43.56#29.05#27.39
-97.8457,43.0701#43.57#29.03#27.4
-97.7864,43.071#43.59#29.02#27.39
-97.7272,43.0718#43.6#29.01#27.39
-97.6679,43.0727#43.62#29#27.38
-97.6086,43.0735#43.64#28.99#27.37
-97.5494,43.0744#43.65#28.97#27.38
-97.4901,43.0752#43.67#28.95#27.38
-97.4309,43.076#43.68#28.88#27.44
-97.3716,43.0767#43.7#28.8#27.5
-97.3124,43.0775#43.71#28.73#27.56
-97.2531,43.0782#43.73#28.65#27.62
-97.1938,43.0789#43.75#28.58#27.67
-97.1346,43.0796#43.76#28.5#27.74
-97.0753,43.0803#43.78#28.43#27.79
-97.0161,43.0809#43.79#28.35#27.86
-96.9568,43.0816#43.81#28.26#27.93
-96.8975,43.0822#43.81#28.16#28.03
-96.8383,43.0828#43.82#28.06#28.12
-96.779,43.0834#43.83#27.96#28.21
-96.7197,43.0839#43.84#27.85#28.31
-96.6605,43.0845#43.85#27.75#28.4
-96.6012,43.085#43.86#27.65#28.49
-96.5419,43.0855#43.87#27.55#28.58
-96.4827,43.086#43.88#27.45#28.67
-96.4234,43.0864#43.88#27.37#28.75
-96.3641,43.0869#43.89#27.29#28.82
-96.3049,43.0873#43.89#27.21#28.9
-96.2456,43.0877#43.9#27.13#28.97
-96.1863,43.0881#43.9#27.04#29.06
-96.127,43.0885#43.9#26.96#29.14
-96.0678,43.0888#43.91#26.88#29.21
-96.0085,43.0891#43.91#26.8#29.29
-95.9492,43.0895#43.92#26.75#29.33
-95.8899,43.0897#43.92#26.7#29.38
-95.8307,43.09#43.93#26.66#29.41
-95.7714,43.0903#43.93#26.61#29.46
-95.7121,43.0905#43.94#26.57#29.49
-95.6529,43.0907#43.94#26.52#29.54
-95.5936,43.0909#43.95#26.48#29.57
-95.5343,43.0911#43.95#26.43#29.62
-95.475,43.0913#43.95#26.4#29.65
-95.4158,43.0914#43.96#26.38#29.66
-95.3565,43.0915#43.97#26.36#29.67
-95.2972,43.0916#43.97#26.34#29.69
-95.2379,43.0917#43.98#26.32#29.7
-95.1786,43.0918#43.99#26.3#29.71
-95.1194,43.0918#43.99#26.28#29.73
-95.0601,43.0919#44#26.26#29.74
-95.0008,43.0919#44.01#26.24#29.75
-94.9415,43.0919#44.01#26.23#29.76
-94.8823,43.0918#44.02#26.22#29.76
-94.823,43.0918#44.03#26.21#29.76
-94.7637,43.0917#44.04#26.2#29.76
-94.7044,43.0916#44.05#26.19#29.76
-94.6452,43.0915#44.05#26.18#29.77
-94.5859,43.0914#44.06#26.17#29.77
-94.5266,43.0913#44.07#26.16#29.77
-94.4673,43.0911#44.08#26.15#29.77
-94.4081,43.0909#44.09#26.14#29.77
-94.3488,43.0907#44.1#26.14#29.76
-94.2895,43.0905#44.12#26.14#29.74
-94.2302,43.0903#44.13#26.13#29.74
-94.171,43.09#44.14#26.13#29.73
-94.1117,43.0898#44.15#26.12#29.73
-94.0524,43.0895#44.17#26.12#29.71
-93.9931,43.0892#44.18#26.11#29.71
-93.9339,43.0888#44.2#26.11#29.69
-93.8746,43.0885#44.22#26.11#29.67
-93.8153,43.0881#44.23#26.11#29.66
-93.7561,43.0877#44.25#26.1#29.65
-93.6968,43.0873#44.27#26.1#29.63
-93.6375,43.0869#44.29#26.1#29.61
-93.5782,43.0864#44.31#26.1#29.59
-93.519,43.086#44.33#26.1#29.57
-93.4597,43.0855#44.35#26.1#29.55
-93.4004,43.085#44.38#26.1#29.52
-93.3412,43.0845#44.4#26.11#29.49
-93.2819,43.0839#44.43#26.11#29.46
-93.2226,43.0834#44.45#26.11#29.44
-93.1634,43.0828#44.48#26.12#29.4
-93.1041,43.0822#44.5#26.12#29.38
-93.0448,43.0816#44.53#26.12#29.35
-92.9856,43.081#44.55#26.13#29.32
-92.9263,43.0803#44.58#26.17#29.25
-92.8671,43.0796#44.62#26.21#29.17
-92.8078,43.0789#44.65#26.24#29.11
-92.7485,43.0782#44.68#26.28#29.04
-92.6893,43.0775#44.71#26.32#28.97
-92.63,43.0768#44.75#26.35#28.9
-92.5708,43.076#44.78#26.39#28.83
-92.5115,43.0752#44.81#26.43#28.76
-92.4522,43.0744#44.85#26.51#28.64
-92.393,43.0736#44.89#26.6#28.51
-92.3337,43.0727#44.93#26.68#28.39
-92.2745,43.0719#44.97#26.77#28.26
-92.2152,43.071#45.01#26.86#28.13
-92.156,43.0701#45.05#26.95#28
-92.0967,43.0692#45.09#27.04#27.87
-92.0375,43.0682#45.13#27.13#27.74
-91.9782,43.0673#45.17#27.23#27.6
-91.919,43.0663#45.22#27.36#27.42
-91.8597,43.0653#45.27#27.49#27.24
-91.8005,43.0643#45.32#27.62#27.06
-91.7413,43.0633#45.37#27.74#26.89
-91.682,43.0622#45.42#27.87#26.71
-91.6228,43.0612#45.47#28#26.53
-91.5635,43.0601#45.52#28.13#26.35
-91.5043,43.059#45.57#28.26#26.17
-91.4451,43.0578#45.62#28.4#25.98
-91.3858,43.0567#45.68#28.54#25.78
-91.3266,43.0555#45.74#28.69#25.57
-91.2674,43.0543#45.79#28.83#25.38
-91.2081,43.0531#45.85#28.97#25.18
-91.1489,43.0519#45.91#29.11#24.98
-91.0897,43.0507#45.96#29.25#24.79
-91.0305,43.0494#46.02#29.4#24.58
-90.9712,43.0481#46.08#29.5#24.42
-90.912,43.0468#46.14#29.58#24.28
-90.8528,43.0455#46.21#29.65#24.14
-90.7936,43.0442#46.27#29.73#24
-90.7343,43.0428#46.33#29.8#23.87
-90.6751,43.0415#46.4#29.87#23.73
-90.6159,43.0401#46.46#29.94#23.6
-90.5567,43.0387#46.52#30.01#23.47
-90.4975,43.0372#46.59#30.08#23.33
-90.4383,43.0358#46.66#30.11#23.23
-90.3791,43.0343#46.72#30.14#23.14
-90.3199,43.0328#46.79#30.16#23.05
-90.2607,43.0313#46.86#30.19#22.95
-90.2015,43.0298#46.93#30.21#22.86
-90.1423,43.0283#46.99#30.24#22.77
-90.0831,43.0267#47.06#30.26#22.68
-90.0239,43.0251#47.13#30.29#22.58
-89.9647,43.0235#47.2#30.3#22.5
-89.9055,43.0219#47.27#30.31#22.42
-89.8463,43.0203#47.34#30.32#22.34
-89.7871,43.0186#47.42#30.33#22.25
-89.7279,43.017#47.49#30.34#22.17
-89.6687,43.0153#47.56#30.35#22.09
-89.6095,43.0136#47.63#30.36#22.01
-89.5504,43.0118#47.71#30.37#21.92
-89.4912,43.0101#47.78#30.38#21.84
-89.432,43.0083#47.86#30.38#21.76
-89.3728,43.0065#47.94#30.38#21.68
-89.3136,43.0047#48.01#30.39#21.6
-89.2545,43.0029#48.09#30.39#21.52
-89.1953,43.001#48.17#30.39#21.44
-89.1361,42.9992#48.25#30.39#21.36
-89.077,42.9973#48.33#30.39#21.28
-89.0178,42.9954#48.41#30.4#21.19
-88.9587,42.9935#48.48#30.4#21.12
-88.8995,42.9915#48.56#30.4#21.04
-88.8403,42.9896#48.64#30.4#20.96
-88.7812,42.9876#48.72#30.39#20.89
-88.722,42.9856#48.8#30.39#20.81
-88.6629,42.9836#48.88#30.39#20.73
-88.6037,42.9816#48.96#30.39#20.65
-88.5446,42.9795#49.03#30.39#20.58
-88.4855,42.9774#49.12#30.39#20.49
-88.4263,42.9753#49.22#30.39#20.39
-88.3672,42.9732#49.31#30.39#20.3
-88.3081,42.9711#49.41#30.39#20.2
-88.2489,42.969#49.51#30.39#20.1
-88.1898,42.9668#49.61#30.38#20.01
-88.1307,42.9646#49.71#30.38#19.91
-88.0715,42.9624#49.81#30.38#19.81
-88.0124,42.9602#49.91#30.38#19.71
-87.9533,42.9579#50.02#30.38#19.6
-87.8942,42.9557#50.13#30.38#19.49
-87.8351,42.9534#50.24#30.37#19.39
-87.776,42.9511#50.35#30.37#19.28
-87.7169,42.9488#50.46#30.37#19.17
-87.6578,42.9464#50.57#30.37#19.06
-87.5987,42.9441#50.68#30.37#18.95
-87.5396,42.9417#50.79#30.37#18.84
-87.4805,42.9393#50.91#30.37#18.72
-87.4214,42.9369#51.02#30.36#18.62
-87.3623,42.9345#51.14#30.36#18.5
-87.3032,42.932#51.25#30.36#18.39
-87.2441,42.9296#51.36#30.36#18.28
-87.185,42.9271#51.48#30.36#18.16
-87.126,42.9246#51.59#30.36#18.05
-87.0669,42.9221#51.71#30.36#17.93
-87.0078,42.9195#51.82#30.36#17.82
-86.9487,42.9169#51.89#30.4#17.71
-86.8897,42.9144#51.96#30.45#17.59
-86.8306,42.9118#52.03#30.5#17.47
-86.7716,42.9091#52.09#30.54#17.37
-86.7125,42.9065#52.16#30.59#17.25
-86.6534,42.9039#52.23#30.64#17.13
-86.5944,42.9012#52.29#30.69#17.02
-104.297,42.9019#47.41#26.62#25.97
-104.238,42.9049#47.3#26.65#26.05
-104.179,42.9078#47.19#26.68#26.13
-104.12,42.9108#47.08#26.71#26.21
-104.061,42.9137#46.97#26.74#26.29
-104.001,42.9166#46.86#26.77#26.37
-103.942,42.9194#46.77#26.78#26.45
-103.883,42.9223#46.68#26.79#26.53
-103.824,42.9251#46.59#26.8#26.61
-103.765,42.9279#46.5#26.82#26.68
-103.706,42.9307#46.42#26.83#26.75
-103.647,42.9335#46.33#26.84#26.83
-103.588,42.9362#46.24#26.85#26.91
-103.529,42.939#46.15#26.86#26.99
-103.47,42.9417#46.07#26.87#27.06
-103.411,42.9444#46#26.86#27.14
-103.352,42.947#45.93#26.86#27.21
-103.293,42.9497#45.85#26.86#27.29
-103.234,42.9523#45.78#26.85#27.37
-103.175,42.955#45.71#26.85#27.44
-103.115,42.9576#45.64#26.84#27.52
-103.056,42.9601#45.57#26.84#27.59
-102.997,42.9627#45.5#26.84#27.66
-102.938,42.9653#45.44#27#27.56
-102.879,42.9678#45.38#27.16#27.46
-102.82,42.9703#45.32#27.32#27.36
-102.761,42.9728#45.27#27.48#27.25
-102.702,42.9752#45.21#27.64#27.15
-102.643,42.9777#45.15#27.8#27.05
-102.584,42.9801#45.09#27.96#26.95
-102.524,42.9825#45.03#28.12#26.85
-102.465,42.9849#44.98#28.28#26.74
-102.406,42.9873#44.94#28.45#26.61
-102.347,42.9897#44.89#28.62#26.49
-102.288,42.992#44.85#28.78#26.37
-102.229,42.9943#44.8#28.95#26.25
-102.17,42.9966#44.76#29.11#26.13
-102.111,42.9989#44.71#29.28#26.01
-102.051,43.0012#44.67#29.44#25.89
-101.992,43.0034#44.63#29.6#25.77
-101.933,43.0056#44.59#29.66#25.75
-101.874,43.0078#44.56#29.73#25.71
-101.815,43.01#44.52#29.79#25.69
-101.756,43.0122#44.49#29.86#25.65
-101.697,43.0143#44.45#29.92#25.63
-101.637,43.0165#44.42#29.99#25.59
-101.578,43.0186#44.38#30.06#25.56
-101.519,43.0207#44.35#30.12#25.53
-101.46,43.0227#44.32#30.16#25.52
-101.401,43.0248#44.29#30.19#25.52
-101.342,43.0268#44.26#30.22#25.52
-101.282,43.0288#44.24#30.25#25.51
-101.223,43.0308#44.21#30.28#25.51
-101.164,43.0328#44.18#30.31#25.51
-101.105,43.0348#44.15#30.34#25.51
-101.046,43.0367#44.12#30.37#25.51
-100.986,43.0386#44.1#30.4#25.5
-100.927,43.0405#44.07#30.41#25.52
-100.868,43.0424#44.05#30.43#25.52
-100.809,43.0443#44.03#30.45#25.52
-100.75,43.0461#44.01#30.47#25.52
-100.69,43.0479#43.98#30.49#25.53
-100.631,43.0497#43.96#30.5#25.54
-100.572,43.0515#43.94#30.52#25.54
-100.513,43.0533#43.92#30.54#25.54
-100.454,43.0551#43.9#30.55#25.55
-100.394,43.0568#43.88#30.55#25.57
-100.335,43.0585#43.86#30.55#25.59
-100.276,43.0602#43.85#30.55#25.6
-100.217,43.0619#43.83#30.56#25.61
-100.158,43.0635#43.81#30.56#25.63
-100.098,43.0652#43.79#30.57#25.64
-100.039,43.0668#43.78#30.57#25.65
-99.98,43.0684#43.76#30.57#25.67
-99.9207,43.07#43.74#30.55#25.71
-99.8615,43.0715#43.73#30.52#25.75
-99.8023,43.0731#43.71#30.5#25.79
-99.7431,43.0746#43.7#30.48#25.82
-99.6838,43.0761#43.68#30.45#25.87
-99.6246,43.0776#43.67#30.43#25.9
-99.5654,43.079#43.65#30.41#25.94
-99.5061,43.0805#43.64#30.39#25.97
-99.4469,43.0819#43.62#30.35#26.03
-99.3876,43.0833#43.61#30.3#26.09
-99.3284,43.0847#43.6#30.26#26.14
-99.2692,43.0861#43.58#30.21#26.21
-99.2099,43.0875#43.57#30.17#26.26
-99.1507,43.0888#43.56#30.13#26.31
-99.0914,43.0901#43.55#30.08#26.37
-99.0322,43.0914#43.53#30.04#26.43
-98.9729,43.0927#43.52#29.99#26.49
-98.9137,43.0939#43.52#29.92#26.56
-98.8544,43.0952#43.51#29.85#26.64
-98.7952,43.0964#43.51#29.78#26.71
-98.7359,43.0976#43.51#29.71#26.78
-98.6766,43.0988#43.5#29.64#26.86
-98.6174,43.0999#43.5#29.57#26.93
-98.5581,43.1011#43.49#29.5#27.01
-98.4989,43.1022#43.49#29.43#27.08
-98.4396,43.1033#43.5#29.39#27.11
-98.3803,43.1044#43.5#29.35#27.15
-98.3211,43.1055#43.51#29.31#27.18
-98.2618,43.1065#43.52#29.27#27.21
-98.2025,43.1076#43.52#29.23#27.25
-98.1433,43.1086#43.53#29.18#27.29
-98.084,43.1096#43.54#29.14#27.32
-98.0247,43.1105#43.54#29.1#27.36
-97.9655,43.1115#43.55#29.08#27.37
-97.9062,43.1124#43.57#29.07#27.36
-97.8469,43.1134#43.58#29.05#27.37
-97.7876,43.1143#43.6#29.04#27.36
-97.7283,43.1151#43.61#29.03#27.36
-97.6691,43.116#43.63#29.01#27.36
-97.6098,43.1168#43.64#29#27.36
-97.5505,43.1177#43.66#28.99#27.35
-97.4912,43.1185#43.67#28.96#27.37
-97.4319,43.1193#43.68#28.89#27.43
-97.3727,43.12#43.7#28.81#27.49
-97.3134,43.1208#43.71#28.73#27.56
-97.2541,43.1215#43.73#28.65#27.62
-97.1948,43.1222#43.74#28.58#27.68
-97.1355,43.1229#43.76#28.5#27.74
-97.0762,43.1236#43.77#28.42#27.81
-97.0169,43.1242#43.79#28.34#27.87
-96.9577,43.1249#43.8#28.25#27.95
-96.8984,43.1255#43.81#28.14#28.05
-96.8391,43.1261#43.81#28.04#28.15
-96.7798,43.1267#43.82#27.93#28.25
-96.7205,43.1272#43.83#27.83#28.34
-96.6612,43.1278#43.84#27.73#28.43
-96.6019,43.1283#43.84#27.62#28.54
-96.5426,43.1288#43.85#27.52#28.63
-96.4833,43.1293#43.86#27.42#28.72
-96.424,43.1297#43.86#27.34#28.8
-96.3647,43.1302#43.86#27.25#28.89
-96.3054,43.1306#43.87#27.17#28.96
-96.2461,43.131#43.87#27.09#29.04
-96.1868,43.1314#43.87#27#29.13
-96.1275,43.1318#43.88#26.92#29.2
-96.0682,43.1321#43.88#26.84#29.28
-96.0089,43.1324#43.89#26.75#29.36
-95.9496,43.1328#43.89#26.7#29.41
-95.8903,43.133#43.89#26.66#29.45
-95.831,43.1333#43.9#26.62#29.48
-95.7717,43.1336#43.9#26.58#29.52
-95.7124,43.1338#43.9#26.54#29.56
-95.6531,43.134#43.91#26.49#29.6
-95.5938,43.1342#43.91#26.45#29.64
-95.5345,43.1344#43.91#26.41#29.68
-95.4752,43.1346#43.92#26.38#29.7
-95.4159,43.1347#43.92#26.36#29.72
-95.3566,43.1348#43.93#26.34#29.73
-95.2973,43.1349#43.94#26.32#29.74
-95.238,43.135#43.94#26.3#29.76
-95.1787,43.1351#43.95#26.28#29.77
-95.1194,43.1351#43.95#26.26#29.79
-95.0601,43.1352#43.96#26.25#29.79
-95.0008,43.1352#43.96#26.23#29.81
-94.9415,43.1352#43.97#26.22#29.81
-94.8822,43.1351#43.98#26.21#29.81
-94.8229,43.1351#43.99#26.2#29.81
-94.7636,43.135#43.99#26.19#29.82
-94.7043,43.1349#44#26.18#29.82
-94.645,43.1348#44.01#26.17#29.82
-94.5857,43.1347#44.02#26.16#29.82
