-96.8103,34.9002#44.31#29.91#25.78
-96.7555,34.9008#44.49#29.89#25.62
-96.7007,34.9014#44.67#29.87#25.46
-96.6458,34.9019#44.86#29.85#25.29
-96.591,34.9024#45.04#29.83#25.13
-96.5362,34.903#45.23#29.81#24.96
-96.4813,34.9035#45.41#29.8#24.79
-96.4265,34.9039#45.59#29.81#24.6
-96.3717,34.9044#45.77#29.82#24.41
-96.3168,34.9049#45.95#29.83#24.22
-96.262,34.9053#46.12#29.84#24.04
-96.2072,34.9057#46.3#29.85#23.85
-96.1523,34.9061#46.48#29.86#23.66
-96.0975,34.9065#46.66#29.87#23.47
-96.0427,34.9068#46.84#29.88#23.28
-95.9878,34.9072#47.02#29.88#23.1
-95.933,34.9075#47.2#29.89#22.91
-95.8782,34.9078#47.39#29.9#22.71
-95.8233,34.9081#47.57#29.91#22.52
-95.7685,34.9083#47.76#29.92#22.32
-95.7137,34.9086#47.95#29.93#22.12
-95.6588,34.9088#48.13#29.94#21.93
-95.604,34.909#48.32#29.95#21.73
-95.5491,34.9092#48.5#29.96#21.54
-95.4943,34.9094#48.69#29.97#21.34
-95.4395,34.9095#48.86#29.97#21.17
-95.3846,34.9097#49.04#29.97#20.99
-95.3298,34.9098#49.21#29.97#20.82
-95.275,34.9099#49.39#29.96#20.65
-95.2201,34.91#49.56#29.96#20.48
-95.1653,34.91#49.74#29.96#20.3
-95.1104,34.9101#49.91#29.96#20.13
-95.0556,34.9101#50.09#29.96#19.95
-95.0008,34.9101#50.26#29.96#19.78
-94.9459,34.9101#50.4#29.95#19.65
-94.8911,34.9101#50.54#29.93#19.53
-94.8362,34.91#50.68#29.92#19.4
-94.7814,34.91#50.82#29.9#19.28
-94.7266,34.9099#50.96#29.89#19.15
-94.6717,34.9098#51.1#29.87#19.03
-94.6169,34.9097#51.24#29.86#18.9
-94.562,34.9095#51.38#29.84#18.78
-94.5072,34.9094#51.52#29.82#18.66
-94.4524,34.9092#51.61#29.81#18.58
-94.3975,34.909#51.7#29.79#18.51
-94.3427,34.9088#51.78#29.77#18.45
-94.2879,34.9086#51.87#29.75#18.38
-94.233,34.9083#51.95#29.73#18.32
-94.1782,34.9081#52.04#29.71#18.25
-94.1233,34.9078#52.12#29.69#18.19
-94.0685,34.9075#52.21#29.67#18.12
-94.0137,34.9072#52.29#29.65#18.06
-93.9588,34.9068#52.37#29.64#17.99
-93.904,34.9065#52.45#29.63#17.92
-93.8492,34.9061#52.53#29.63#17.84
-93.7943,34.9057#52.61#29.62#17.77
-93.7395,34.9053#52.69#29.62#17.69
-93.6847,34.9049#52.77#29.61#17.62
-93.6298,34.9044#52.84#29.61#17.55
-93.575,34.904#52.92#29.6#17.48
-93.5202,34.9035#53#29.6#17.4
-93.4653,34.903#53.05#29.59#17.36
-93.4105,34.9025#53.09#29.59#17.32
-93.3557,34.9019#53.13#29.59#17.28
-93.3008,34.9014#53.17#29.59#17.24
-93.246,34.9008#53.21#29.58#17.21
-93.1912,34.9002#53.24#29.58#17.18
-99.2237,34.9011#34.82#31.02#34.16
-99.1689,34.9025#35.06#30.96#33.98
-99.1141,34.9039#35.31#30.9#33.79
-99.0593,34.9053#35.55#30.84#33.61
-99.0044,34.9066#35.79#30.78#33.43
-98.9496,34.9079#36.03#30.74#33.23
-98.8948,34.9092#36.27#30.7#33.03
-98.84,34.9105#36.52#30.65#32.83
-98.7852,34.9118#36.76#30.61#32.63
-98.7304,34.913#37#30.57#32.43
-98.6755,34.9142#37.24#30.53#32.23
-98.6207,34.9154#37.48#30.49#32.03
-98.5659,34.9166#37.72#30.45#31.83
-98.5111,34.9178#37.97#30.4#31.63
-98.4563,34.919#38.2#30.38#31.42
-98.4014,34.9201#38.44#30.37#31.19
-98.3466,34.9212#38.68#30.35#30.97
-98.2918,34.9223#38.92#30.34#30.74
-98.2369,34.9234#39.16#30.32#30.52
-98.1821,34.9245#39.4#30.3#30.3
-98.1273,34.9255#39.64#30.29#30.07
-98.0724,34.9265#39.87#30.27#29.86
-98.0176,34.9276#40.11#30.26#29.63
-97.9628,34.9285#40.32#30.25#29.43
-97.9079,34.9295#40.52#30.25#29.23
-97.8531,34.9305#40.72#30.24#29.04
-97.7983,34.9314#40.91#30.24#28.85
-97.7434,34.9323#41.11#30.24#28.65
-97.6886,34.9332#41.31#30.24#28.45
-97.6338,34.9341#41.5#30.24#28.26
-97.5789,34.935#41.7#30.23#28.07
-97.5241,34.9358#41.9#30.23#27.87
-97.4692,34.9367#42.09#30.22#27.69
-97.4144,34.9375#42.28#30.19#27.53
-97.3595,34.9383#42.46#30.16#27.38
-97.3047,34.939#42.65#30.13#27.22
-97.2499,34.9398#42.84#30.1#27.06
-97.195,34.9405#43.03#30.08#26.89
-97.1402,34.9412#43.22#30.05#26.73
-97.0853,34.9419#43.4#30.02#26.58
-97.0305,34.9426#43.59#30#26.41
-96.9756,34.9433#43.78#29.97#26.25
-96.9208,34.9439#43.96#29.95#26.09
-96.8659,34.9446#44.15#29.94#25.91
-96.8111,34.9452#44.34#29.92#25.74
-96.7562,34.9458#44.52#29.9#25.58
-96.7014,34.9463#44.71#29.88#25.41
-96.6465,34.9469#44.89#29.86#25.25
-96.5917,34.9474#45.08#29.85#25.07
-96.5368,34.9479#45.26#29.83#24.91
-96.4819,34.9484#45.45#29.82#24.73
-96.4271,34.9489#45.63#29.83#24.54
-96.3722,34.9494#45.81#29.83#24.36
-96.3174,34.9498#45.99#29.84#24.17
-96.2625,34.9503#46.17#29.85#23.98
-96.2077,34.9507#46.34#29.86#23.8
-96.1528,34.9511#46.52#29.87#23.61
-96.098,34.9514#46.7#29.88#23.42
-96.0431,34.9518#46.88#29.88#23.24
-95.9882,34.9521#47.06#29.89#23.05
-95.9334,34.9525#47.25#29.9#22.85
-95.8785,34.9528#47.44#29.91#22.65
-95.8237,34.953#47.63#29.92#22.45
-95.7688,34.9533#47.82#29.93#22.25
-95.7139,34.9535#48.01#29.93#22.06
-95.6591,34.9538#48.2#29.94#21.86
-95.6042,34.954#48.39#29.95#21.66
-95.5494,34.9542#48.58#29.96#21.46
-95.4945,34.9543#48.76#29.97#21.27
-95.4396,34.9545#48.94#29.97#21.09
-95.3848,34.9546#49.12#29.96#20.92
-95.3299,34.9548#49.3#29.96#20.74
-95.2751,34.9549#49.48#29.96#20.56
-95.2202,34.9549#49.66#29.96#20.38
-95.1653,34.955#49.84#29.96#20.2
-95.1105,34.9551#50.02#29.96#20.02
-95.0556,34.9551#50.2#29.95#19.85
-95.0008,34.9551#50.38#29.95#19.67
-94.9459,34.9551#50.52#29.94#19.54
-94.891,34.9551#50.66#29.92#19.42
-94.8362,34.955#50.8#29.9#19.3
-94.7813,34.9549#50.94#29.89#19.17
-94.7265,34.9549#51.08#29.87#19.05
-94.6716,34.9548#51.22#29.86#18.92
-94.6167,34.9546#51.36#29.84#18.8
-94.5619,34.9545#51.5#29.82#18.68
-94.507,34.9544#51.64#29.81#18.55
-94.4522,34.9542#51.73#29.79#18.48
-94.3973,34.954#51.81#29.77#18.42
-94.3424,34.9538#51.89#29.75#18.36
-94.2876,34.9536#51.97#29.74#18.29
-94.2327,34.9533#52.05#29.72#18.23
-94.1779,34.953#52.14#29.7#18.16
-94.123,34.9528#52.22#29.68#18.1
-94.0681,34.9525#52.3#29.66#18.04
-94.0133,34.9521#52.38#29.65#17.97
-93.9584,34.9518#52.46#29.64#17.9
-93.9036,34.9515#52.54#29.63#17.83
-93.8487,34.9511#52.62#29.63#17.75
-93.7938,34.9507#52.7#29.62#17.68
-93.739,34.9503#52.78#29.62#17.6
-93.6841,34.9499#52.86#29.61#17.53
-93.6293,34.9494#52.94#29.61#17.45
-93.5744,34.9489#53.02#29.6#17.38
-93.5196,34.9485#53.09#29.6#17.31
-93.4647,34.948#53.15#29.59#17.26
-93.4099,34.9474#53.19#29.59#17.22
-93.355,34.9469#53.23#29.59#17.18
-93.3002,34.9464#53.28#29.59#17.13
-93.2453,34.9458#53.32#29.59#17.09
-93.1905,34.9452#53.36#29.58#17.06
-93.1356,34.9446#53.4#29.58#17.02
-93.0808,34.944#53.44#29.58#16.98
-93.0259,34.9433#53.48#29.58#16.94
-92.9711,34.9426#53.53#29.58#16.89
-92.9162,34.942#53.59#29.58#16.83
-92.8614,34.9413#53.65#29.57#16.78
-92.8065,34.9405#53.72#29.57#16.71
-92.7517,34.9398#53.78#29.57#16.65
-92.6968,34.9391#53.84#29.57#16.59
-92.642,34.9383#53.9#29.57#16.53
-92.5871,34.9375#53.96#29.57#16.47
-92.5323,34.9367#54.02#29.57#16.41
-92.4774,34.9359#54.08#29.57#16.35
-92.4226,34.935#54.15#29.58#16.27
-92.3678,34.9341#54.22#29.58#16.2
-92.3129,34.9333#54.28#29.59#16.13
-92.2581,34.9324#54.35#29.59#16.06
-92.2032,34.9314#54.42#29.59#15.99
-92.1484,34.9305#54.48#29.6#15.92
-92.0936,34.9295#54.55#29.6#15.85
-92.0387,34.9286#54.61#29.6#15.79
-91.9839,34.9276#54.68#29.61#15.71
-91.9291,34.9266#54.75#29.63#15.62
-91.8742,34.9255#54.83#29.65#15.52
-91.8194,34.9245#54.9#29.67#15.43
-91.7646,34.9234#54.97#29.69#15.34
-91.7097,34.9224#55.04#29.71#15.25
-91.6549,34.9213#55.11#29.73#15.16
-91.6001,34.9201#55.18#29.75#15.07
-91.5453,34.919#55.25#29.77#14.98
-91.4904,34.9178#55.32#29.8#14.88
-91.4356,34.9167#55.39#29.84#14.77
-91.3808,34.9155#55.46#29.88#14.66
-91.326,34.9143#55.53#29.92#14.55
-91.2712,34.913#55.59#29.96#14.45
-91.2163,34.9118#55.66#30#14.34
-91.1615,34.9105#55.73#30.04#14.23
-91.1067,34.9093#55.8#30.08#14.12
-91.0519,34.908#55.87#30.12#14.01
-90.9971,34.9066#55.93#30.16#13.91
-90.9423,34.9053#56#30.2#13.8
-90.8874,34.9039#56.06#30.25#13.69
-90.8326,34.9026#56.12#30.29#13.59
-90.7778,34.9012#56.18#30.34#13.48
-100.705,34.9016#30.9#34.03#35.07
-100.65,34.9035#30.99#33.83#35.18
-100.596,34.9054#31.08#33.63#35.29
-100.541,34.9072#31.18#33.44#35.38
-100.486,34.9091#31.27#33.25#35.48
-100.431,34.9109#31.37#33.11#35.52
-100.376,34.9127#31.48#32.97#35.55
-100.322,34.9144#31.58#32.83#35.59
-100.267,34.9162#31.68#32.69#35.63
-100.212,34.9179#31.78#32.54#35.68
-100.157,34.9197#31.88#32.4#35.72
-100.102,34.9214#31.98#32.26#35.76
-100.048,34.923#32.08#32.11#35.81
-99.9929,34.9247#32.19#31.98#35.83
-99.9381,34.9263#32.35#31.9#35.75
-99.8833,34.928#32.51#31.82#35.67
-99.8284,34.9296#32.67#31.74#35.59
-99.7736,34.9312#32.84#31.66#35.5
-99.7188,34.9328#33#31.58#35.42
-99.664,34.9343#33.16#31.5#35.34
-99.6092,34.9358#33.32#31.43#35.25
-99.5544,34.9374#33.49#31.35#35.16
-99.4995,34.9389#33.65#31.27#35.08
-99.4447,34.9404#33.89#31.21#34.9
-99.3899,34.9418#34.13#31.15#34.72
-99.3351,34.9433#34.37#31.09#34.54
-99.2802,34.9447#34.62#31.04#34.34
-99.2254,34.9461#34.86#30.98#34.16
-99.1706,34.9475#35.1#30.92#33.98
-99.1157,34.9489#35.34#30.87#33.79
-99.0609,34.9502#35.58#30.81#33.61
-99.0061,34.9516#35.82#30.75#33.43
-98.9512,34.9529#36.07#30.71#33.22
-98.8964,34.9542#36.31#30.67#33.02
-98.8416,34.9555#36.55#30.63#32.82
-98.7867,34.9567#36.79#30.59#32.62
-98.7319,34.958#37.03#30.55#32.42
-98.677,34.9592#37.27#30.51#32.22
-98.6222,34.9604#37.51#30.48#32.01
-98.5673,34.9616#37.75#30.44#31.81
-98.5125,34.9628#37.99#30.4#31.61
-98.4577,34.9639#38.23#30.38#31.39
-98.4028,34.9651#38.47#30.36#31.17
-98.348,34.9662#38.7#30.35#30.95
-98.2931,34.9673#38.94#30.33#30.73
-98.2383,34.9684#39.18#30.32#30.5
-98.1834,34.9694#39.42#30.3#30.28
-98.1285,34.9705#39.65#30.28#30.07
-98.0737,34.9715#39.89#30.27#29.84
-98.0188,34.9725#40.13#30.25#29.62
-97.964,34.9735#40.34#30.25#29.41
-97.9091,34.9745#40.54#30.24#29.22
-97.8543,34.9754#40.73#30.24#29.03
-97.7994,34.9764#40.93#30.24#28.83
-97.7445,34.9773#41.13#30.24#28.63
-97.6897,34.9782#41.33#30.24#28.43
-97.6348,34.9791#41.52#30.24#28.24
-97.58,34.98#41.72#30.23#28.05
-97.5251,34.9808#41.92#30.23#27.85
-97.4702,34.9816#42.11#30.22#27.67
-97.4154,34.9824#42.3#30.19#27.51
-97.3605,34.9832#42.49#30.16#27.35
-97.3056,34.984#42.68#30.14#27.18
-97.2508,34.9848#42.86#30.11#27.03
-97.1959,34.9855#43.05#30.08#26.87
-97.141,34.9862#43.24#30.06#26.7
-97.0862,34.9869#43.43#30.03#26.54
-97.0313,34.9876#43.62#30#26.38
-96.9764,34.9883#43.81#29.98#26.21
-96.9215,34.9889#43.99#29.96#26.05
-96.8667,34.9895#44.18#29.95#25.87
-96.8118,34.9901#44.37#29.93#25.7
-96.7569,34.9907#44.55#29.91#25.54
-96.702,34.9913#44.74#29.89#25.37
-96.6472,34.9919#44.93#29.88#25.19
-96.5923,34.9924#45.11#29.86#25.03
-96.5374,34.9929#45.3#29.84#24.86
-96.4825,34.9934#45.48#29.83#24.69
-96.4277,34.9939#45.66#29.84#24.5
-96.3728,34.9944#45.85#29.85#24.3
-96.3179,34.9948#46.03#29.86#24.11
-96.263,34.9952#46.21#29.86#23.93
-96.2082,34.9957#46.39#29.87#23.74
-96.1533,34.996#46.57#29.88#23.55
-96.0984,34.9964#46.75#29.89#23.36
-96.0435,34.9968#46.93#29.89#23.18
-95.9886,34.9971#47.11#29.9#22.99
-95.9338,34.9974#47.3#29.91#22.79
-95.8789,34.9977#47.5#29.92#22.58
-95.824,34.998#47.69#29.92#22.39
-95.7691,34.9983#47.88#29.93#22.19
-95.7142,34.9985#48.07#29.94#21.99
-95.6594,34.9988#48.26#29.95#21.79
-95.6045,34.999#48.45#29.95#21.6
-95.5496,34.9992#48.65#29.96#21.39
-95.4947,34.9993#48.84#29.97#21.19
-95.4398,34.9995#49.02#29.96#21.02
-95.3849,34.9996#49.21#29.96#20.83
-95.3301,34.9997#49.39#29.96#20.65
-95.2752,34.9998#49.58#29.96#20.46
-95.2203,34.9999#49.76#29.95#20.29
-95.1654,35#49.95#29.95#20.1
-95.1105,35#50.13#29.95#19.92
-95.0556,35.0001#50.32#29.94#19.74
-95.0008,35.0001#50.5#29.94#19.56
-94.9459,35.0001#50.64#29.93#19.43
-94.891,35#50.78#29.91#19.31
-94.8361,35#50.92#29.89#19.19
-94.7812,34.9999#51.06#29.87#19.07
-94.7263,34.9998#51.2#29.86#18.94
-94.6715,34.9997#51.34#29.84#18.82
-94.6166,34.9996#51.47#29.82#18.71
-94.5617,34.9995#51.61#29.81#18.58
-94.5068,34.9993#51.75#29.79#18.46
-94.4519,34.9992#51.84#29.77#18.39
-94.397,34.999#51.92#29.76#18.32
-94.3422,34.9988#52#29.74#18.26
-94.2873,34.9985#52.08#29.73#18.19
-94.2324,34.9983#52.16#29.71#18.13
-94.1775,34.998#52.24#29.69#18.07
-94.1226,34.9977#52.32#29.68#18
-94.0678,34.9974#52.4#29.66#17.94
-94.0129,34.9971#52.48#29.64#17.88
-93.958,34.9968#52.56#29.64#17.8
-93.9031,34.9964#52.63#29.63#17.74
-93.8482,34.9961#52.71#29.63#17.66
-93.7934,34.9957#52.79#29.62#17.59
-93.7385,34.9953#52.87#29.62#17.51
-93.6836,34.9948#52.95#29.61#17.44
-93.6287,34.9944#53.03#29.61#17.36
-93.5738,34.9939#53.11#29.6#17.29
-93.519,34.9934#53.19#29.6#17.21
-93.4641,34.9929#53.25#29.6#17.15
-93.4092,34.9924#53.29#29.59#17.12
-93.3543,34.9919#53.34#29.59#17.07
-93.2995,34.9913#53.38#29.59#17.03
-93.2446,34.9908#53.43#29.59#16.98
-93.1897,34.9902#53.47#29.59#16.94
-93.1348,34.9896#53.52#29.58#16.9
-93.08,34.9889#53.56#29.58#16.86
-93.0251,34.9883#53.61#29.58#16.81
-92.9702,34.9876#53.66#29.58#16.76
-92.9154,34.9869#53.72#29.58#16.7
-92.8605,34.9862#53.78#29.58#16.64
-92.8056,34.9855#53.84#29.58#16.58
-92.7508,34.9848#53.91#29.58#16.51
-92.6959,34.984#53.97#29.58#16.45
-92.641,34.9833#54.03#29.58#16.39
-92.5862,34.9825#54.09#29.58#16.33
-92.5313,34.9817#54.15#29.58#16.27
-92.4764,34.9808#54.21#29.58#16.21
-92.4216,34.98#54.28#29.58#16.14
-92.3667,34.9791#54.34#29.59#16.07
-92.3118,34.9782#54.41#29.59#16
-92.257,34.9773#54.48#29.6#15.92
-92.2021,34.9764#54.54#29.6#15.86
-92.1473,34.9755#54.61#29.61#15.78
-92.0924,34.9745#54.67#29.61#15.72
-92.0375,34.9735#54.74#29.62#15.64
-91.9827,34.9726#54.81#29.63#15.56
-91.9278,34.9715#54.88#29.65#15.47
-91.873,34.9705#54.95#29.67#15.38
-91.8181,34.9695#55.02#29.69#15.29
-91.7633,34.9684#55.09#29.72#15.19
-91.7084,34.9673#55.16#29.74#15.1
-91.6536,34.9662#55.23#29.76#15.01
-91.5987,34.9651#55.3#29.78#14.92
-91.5439,34.964#55.37#29.8#14.83
-91.489,34.9628#55.44#29.83#14.73
-91.4342,34.9616#55.51#29.87#14.62
-91.3793,34.9604#55.58#29.91#14.51
-91.3245,34.9592#55.64#29.95#14.41
-91.2696,34.958#55.71#29.99#14.3
-91.2148,34.9568#55.78#30.03#14.19
-91.16,34.9555#55.84#30.08#14.08
-91.1051,34.9542#55.91#30.12#13.97
-91.0503,34.9529#55.98#30.16#13.86
-90.9954,34.9516#56.04#30.2#13.76
-90.9406,34.9503#56.1#30.24#13.66
-90.8858,34.9489#56.16#30.28#13.56
-90.8309,34.9475#56.23#30.32#13.45
-90.7761,34.9461#56.29#30.36#13.35
-90.7213,34.9447#56.35#30.41#13.24
-90.6665,34.9433#56.41#30.45#13.14
-90.6116,34.9419#56.47#30.49#13.04
-90.5568,34.9404#56.53#30.53#12.94
-90.502,34.9389#56.59#30.58#12.83
-90.4472,34.9374#56.65#30.6#12.75
-90.3923,34.9359#56.71#30.62#12.67
-90.3375,34.9344#56.77#30.64#12.59
-90.2827,34.9328#56.83#30.66#12.51
-90.2279,34.9312#56.89#30.68#12.43
-90.1731,34.9296#56.95#30.7#12.35
-90.1183,34.928#57.01#30.72#12.27
-90.0635,34.9264#57.08#30.73#12.19
-90.0086,34.9247#57.14#30.75#12.11
-89.9538,34.9231#57.19#30.77#12.04
-89.899,34.9214#57.25#30.78#11.97
-89.8442,34.9197#57.31#30.8#11.89
-89.7894,34.918#57.36#30.81#11.83
-89.7346,34.9162#57.42#30.82#11.76
-89.6798,34.9145#57.48#30.84#11.68
-89.625,34.9127#57.54#30.85#11.61
-89.5702,34.9109#57.59#30.86#11.55
-89.5154,34.9091#57.65#30.88#11.47
-89.4606,34.9073#57.7#30.89#11.41
-89.4058,34.9054#57.75#30.89#11.36
-89.3511,34.9036#57.8#30.9#11.3
-89.2963,34.9017#57.85#30.9#11.25
-101.913,34.9006#29.34#38.14#32.52
-101.858,34.9028#29.4#37.94#32.66
-101.803,34.9051#29.45#37.75#32.8
-101.749,34.9074#29.51#37.56#32.93
-101.694,34.9096#29.56#37.37#33.07
-101.639,34.9118#29.62#37.17#33.21
-101.584,34.914#29.67#36.98#33.35
-101.529,34.9162#29.73#36.79#33.48
-101.475,34.9183#29.79#36.6#33.61
-101.42,34.9205#29.86#36.42#33.72
-101.365,34.9226#29.94#36.24#33.82
-101.31,34.9247#30.01#36.05#33.94
-101.256,34.9268#30.08#35.87#34.05
-101.201,34.9288#30.16#35.69#34.15
-101.146,34.9309#30.23#35.51#34.26
-101.091,34.9329#30.3#35.33#34.37
-101.036,34.9349#30.38#35.15#34.47
-100.982,34.9369#30.46#34.96#34.58
-100.927,34.9389#30.55#34.76#34.69
-100.872,34.9408#30.64#34.57#34.79
-100.817,34.9428#30.74#34.37#34.89
-100.762,34.9447#30.83#34.18#34.99
-100.708,34.9466#30.92#33.98#35.1
-100.653,34.9485#31.02#33.79#35.19
-100.598,34.9503#31.11#33.59#35.3
-100.543,34.9522#31.2#33.4#35.4
-100.488,34.954#31.3#33.21#35.49
-100.433,34.9558#31.4#33.07#35.53
-100.379,34.9576#31.5#32.93#35.57
-100.324,34.9594#31.6#32.78#35.62
-100.269,34.9611#31.7#32.64#35.66
-100.214,34.9629#31.8#32.5#35.7
-100.159,34.9646#31.9#32.35#35.75
-100.105,34.9663#32#32.21#35.79
-100.05,34.968#32.1#32.06#35.84
-99.9949,34.9697#32.21#31.93#35.86
-99.9401,34.9713#32.38#31.85#35.77
-99.8852,34.9729#32.54#31.77#35.69
-99.8304,34.9745#32.7#31.69#35.61
-99.7756,34.9761#32.87#31.61#35.52
-99.7207,34.9777#33.03#31.53#35.44
-99.6659,34.9793#33.2#31.45#35.35
-99.611,34.9808#33.36#31.37#35.27
-99.5562,34.9823#33.53#31.3#35.17
-99.5013,34.9838#33.69#31.22#35.09
-99.4465,34.9853#33.93#31.16#34.91
-99.3917,34.9868#34.17#31.11#34.72
-99.3368,34.9882#34.41#31.05#34.54
-99.282,34.9896#34.66#31#34.34
-99.2271,34.9911#34.9#30.94#34.16
-99.1723,34.9925#35.14#30.89#33.97
-99.1174,34.9938#35.38#30.83#33.79
-99.0625,34.9952#35.62#30.78#33.6
-99.0077,34.9965#35.86#30.72#33.42
-98.9528,34.9978#36.1#30.68#33.22
-98.898,34.9991#36.34#30.65#33.01
-98.8431,35.0004#36.58#30.61#32.81
-98.7882,35.0017#36.82#30.57#32.61
-98.7334,35.0029#37.06#30.54#32.4
-98.6785,35.0042#37.3#30.5#32.2
-98.6237,35.0054#37.54#30.47#31.99
-98.5688,35.0066#37.78#30.43#31.79
-98.5139,35.0077#38.01#30.39#31.6
-98.4591,35.0089#38.25#30.37#31.38
-98.4042,35.01#38.49#30.36#31.15
-98.3493,35.0112#38.73#30.34#30.93
-98.2944,35.0123#38.96#30.33#30.71
-98.2396,35.0133#39.2#30.31#30.49
-98.1847,35.0144#39.44#30.3#30.26
-98.1298,35.0155#39.67#30.28#30.05
-98.0749,35.0165#39.91#30.27#29.82
-98.0201,35.0175#40.15#30.25#29.6
-97.9652,35.0185#40.36#30.24#29.4
-97.9103,35.0195#40.56#30.24#29.2
-97.8554,35.0204#40.75#30.24#29.01
-97.8005,35.0214#40.95#30.24#28.81
-97.7457,35.0223#41.15#30.24#28.61
-97.6908,35.0232#41.34#30.24#28.42
-97.6359,35.0241#41.54#30.24#28.22
-97.581,35.0249#41.74#30.23#28.03
-97.5261,35.0258#41.94#30.23#27.83
-97.4712,35.0266#42.13#30.22#27.65
-97.4163,35.0274#42.32#30.19#27.49
-97.3615,35.0282#42.51#30.17#27.32
-97.3066,35.029#42.7#30.14#27.16
-97.2517,35.0297#42.89#30.12#26.99
-97.1968,35.0305#43.08#30.09#26.83
-97.1419,35.0312#43.27#30.06#26.67
-97.087,35.0319#43.46#30.04#26.5
-97.0321,35.0326#43.65#30.01#26.34
-96.9772,35.0332#43.84#29.99#26.17
-96.9223,35.0339#44.02#29.97#26.01
-96.8674,35.0345#44.21#29.96#25.83
-96.8125,35.0351#44.4#29.94#25.66
-96.7576,35.0357#44.59#29.92#25.49
-96.7027,35.0363#44.77#29.91#25.32
-96.6478,35.0368#44.96#29.89#25.15
-96.5929,35.0374#45.15#29.87#24.98
-96.538,35.0379#45.33#29.86#24.81
-96.4831,35.0384#45.52#29.85#24.63
-96.4282,35.0389#45.7#29.85#24.45
-96.3733,35.0393#45.88#29.86#24.26
-96.3184,35.0398#46.07#29.87#24.06
-96.2635,35.0402#46.25#29.87#23.88
-96.2086,35.0406#46.43#29.88#23.69
-96.1537,35.041#46.61#29.89#23.5
-96.0988,35.0414#46.79#29.9#23.31
-96.0439,35.0417#46.97#29.9#23.13
-95.989,35.0421#47.16#29.91#22.93
-95.9341,35.0424#47.35#29.92#22.73
-95.8792,35.0427#47.55#29.92#22.53
-95.8243,35.043#47.74#29.93#22.33
-95.7694,35.0432#47.94#29.94#22.12
-95.7145,35.0435#48.13#29.94#21.93
-95.6596,35.0437#48.33#29.95#21.72
-95.6047,35.0439#48.52#29.96#21.52
-95.5498,35.0441#48.72#29.96#21.32
-95.4949,35.0443#48.91#29.97#21.12
-95.44,35.0445#49.1#29.96#20.94
-95.3851,35.0446#49.29#29.96#20.75
-95.3302,35.0447#49.48#29.96#20.56
-95.2753,35.0448#49.67#29.95#20.38
-95.2204,35.0449#49.86#29.95#20.19
-95.1655,35.045#50.05#29.94#20.01
-95.1106,35.045#50.24#29.94#19.82
-95.0557,35.045#50.43#29.94#19.63
-95.0008,35.045#50.62#29.93#19.45
-94.9459,35.045#50.76#29.91#19.33
-94.8909,35.045#50.9#29.9#19.2
-94.836,35.045#51.04#29.88#19.08
-94.7811,35.0449#51.18#29.86#18.96
-94.7262,35.0448#51.31#29.84#18.85
-94.6713,35.0447#51.45#29.83#18.72
-94.6164,35.0446#51.59#29.81#18.6
-94.5615,35.0445#51.73#29.79#18.48
-94.5066,35.0443#51.87#29.77#18.36
-94.4517,35.0441#51.95#29.76#18.29
-94.3968,35.0439#52.03#29.74#18.23
-94.3419,35.0437#52.1#29.73#18.17
-94.287,35.0435#52.18#29.71#18.11
-94.2321,35.0433#52.26#29.7#18.04
-94.1772,35.043#52.34#29.69#17.97
-94.1223,35.0427#52.41#29.67#17.92
-94.0674,35.0424#52.49#29.66#17.85
-94.0125,35.0421#52.57#29.64#17.79
-93.9576,35.0418#52.65#29.63#17.72
-93.9027,35.0414#52.73#29.63#17.64
-93.8478,35.041#52.81#29.63#17.56
-93.7929,35.0406#52.89#29.62#17.49
-93.738,35.0402#52.97#29.62#17.41
-93.6831,35.0398#53.04#29.61#17.35
-93.6282,35.0394#53.12#29.61#17.27
-93.5733,35.0389#53.2#29.6#17.2
-93.5184,35.0384#53.28#29.6#17.12
-93.4635,35.0379#53.34#29.6#17.06
-93.4086,35.0374#53.39#29.59#17.02
-93.3537,35.0369#53.44#29.59#16.97
-93.2988,35.0363#53.49#29.59#16.92
-93.2439,35.0357#53.54#29.59#16.87
-93.189,35.0351#53.59#29.59#16.82
-93.1341,35.0345#53.64#29.59#16.77
-93.0792,35.0339#53.69#29.58#16.73
-93.0243,35.0332#53.73#29.58#16.69
-92.9694,35.0326#53.79#29.58#16.63
-92.9145,35.0319#53.85#29.58#16.57
-92.8596,35.0312#53.91#29.58#16.51
-92.8047,35.0305#53.97#29.58#16.45
-92.7498,35.0297#54.03#29.58#16.39
-92.695,35.029#54.09#29.58#16.33
-92.6401,35.0282#54.16#29.58#16.26
-92.5852,35.0274#54.22#29.58#16.2
-92.5303,35.0266#54.28#29.58#16.14
-92.4754,35.0258#54.34#29.58#16.08
-92.4205,35.0249#54.41#29.59#16
-92.3656,35.0241#54.47#29.6#15.93
-92.3107,35.0232#54.54#29.6#15.86
-92.2559,35.0223#54.6#29.61#15.79
-92.201,35.0214#54.67#29.61#15.72
-92.1461,35.0204#54.73#29.62#15.65
-92.0912,35.0195#54.8#29.63#15.57
-92.0363,35.0185#54.87#29.63#15.5
-91.9815,35.0175#54.93#29.64#15.43
-91.9266,35.0165#55#29.67#15.33
-91.8717,35.0155#55.07#29.69#15.24
-91.8168,35.0144#55.14#29.72#15.14
-91.762,35.0134#55.21#29.74#15.05
-91.7071,35.0123#55.28#29.76#14.96
-91.6522,35.0112#55.35#29.79#14.86
-91.5973,35.0101#55.42#29.81#14.77
-91.5425,35.0089#55.49#29.83#14.68
-91.4876,35.0078#55.56#29.86#14.58
-91.4327,35.0066#55.63#29.9#14.47
-91.3779,35.0054#55.69#29.94#14.37
-91.323,35.0042#55.76#29.99#14.25
-91.2681,35.003#55.82#30.03#14.15
-91.2133,35.0017#55.89#30.07#14.04
-91.1584,35.0005#55.96#30.11#13.93
-91.1035,34.9992#56.02#30.15#13.83
-91.0487,34.9979#56.09#30.19#13.72
-90.9938,34.9966#56.15#30.24#13.61
-90.939,34.9952#56.21#30.27#13.52
-90.8841,34.9939#56.27#30.31#13.42
-90.8293,34.9925#56.33#30.35#13.32
-90.7744,34.9911#56.39#30.39#13.22
-90.7196,34.9897#56.45#30.43#13.12
-90.6647,34.9883#56.51#30.47#13.02
-90.6099,34.9868#56.57#30.51#12.92
-90.555,34.9853#56.63#30.55#12.82
-90.5002,34.9839#56.69#30.59#12.72
-90.4453,34.9824#56.75#30.61#12.64
-90.3905,34.9808#56.81#30.63#12.56
-90.3356,34.9793#56.87#30.65#12.48
-90.2808,34.9778#56.93#30.67#12.4
-90.226,34.9762#56.98#30.69#12.33
-90.1711,34.9746#57.04#30.7#12.26
-90.1163,34.973#57.1#30.72#12.18
-90.0615,34.9713#57.16#30.74#12.1
-90.0066,34.9697#57.22#30.76#12.02
-89.9518,34.968#57.27#30.78#11.95
-89.897,34.9664#57.33#30.79#11.88
-89.8421,34.9647#57.38#30.8#11.82
-89.7873,34.9629#57.44#30.81#11.75
-89.7325,34.9612#57.5#30.83#11.67
-89.6777,34.9594#57.55#30.84#11.61
-89.6228,34.9577#57.61#30.85#11.54
-89.568,34.9559#57.66#30.87#11.47
-89.5132,34.9541#57.72#30.88#11.4
-89.4584,34.9522#57.77#30.89#11.34
-89.4036,34.9504#57.81#30.89#11.3
-89.3488,34.9485#57.86#30.89#11.25
-89.294,34.9466#57.91#30.9#11.19
-89.2392,34.9447#57.96#30.9#11.14
-89.1844,34.9428#58#30.9#11.1
-89.1295,34.9409#58.05#30.91#11.04
-89.0747,34.9389#58.1#30.91#10.99
-89.0199,34.937#58.14#30.91#10.95
-88.9651,34.935#58.19#30.9#10.91
-88.9104,34.933#58.22#30.88#10.9
-88.8556,34.9309#58.26#30.86#10.88
-88.8008,34.9289#58.3#30.84#10.86
-88.746,34.9268#58.34#30.82#10.84
-88.6912,34.9247#58.38#30.8#10.82
-88.6364,34.9226#58.41#30.78#10.81
-88.5816,34.9205#58.45#30.76#10.79
-88.5268,34.9184#58.49#30.75#10.76
-88.4721,34.9162#58.53#30.71#10.76
-88.4173,34.914#58.56#30.66#10.78
-88.3625,34.9119#58.59#30.6#10.81
-88.3077,34.9096#58.62#30.55#10.83
-88.253,34.9074#58.65#30.5#10.85
-88.1982,34.9052#58.68#30.44#10.88
-88.1434,34.9029#58.71#30.39#10.9
-88.0887,34.9006#58.74#30.34#10.92
-102.901,34.9013#28.78#42.15#29.07
-102.847,34.9039#28.8#41.89#29.31
-102.792,34.9065#28.82#41.64#29.54
-102.737,34.9091#28.85#41.39#29.76
-102.682,34.9116#28.87#41.14#29.99
-102.628,34.9141#28.89#40.89#30.22
-102.573,34.9167#28.92#40.65#30.43
-102.518,34.9192#28.94#40.4#30.66
-102.463,34.9216#28.97#40.17#30.86
-102.409,34.9241#29.01#39.95#31.04
-102.354,34.9266#29.05#39.74#31.21
-102.299,34.929#29.08#39.53#31.39
-102.244,34.9314#29.12#39.31#31.57
-102.19,34.9338#29.16#39.1#31.74
-102.135,34.9362#29.19#38.89#31.92
-102.08,34.9385#29.23#38.68#32.09
-102.025,34.9409#29.27#38.47#32.26
-101.97,34.9432#29.32#38.27#32.41
-101.916,34.9455#29.37#38.07#32.56
-101.861,34.9478#29.43#37.88#32.69
-101.806,34.95#29.48#37.69#32.83
-101.751,34.9523#29.54#37.49#32.97
-101.696,34.9545#29.59#37.3#33.11
-101.642,34.9567#29.65#37.11#33.24
-101.587,34.9589#29.7#36.92#33.38
-101.532,34.9611#29.76#36.72#33.52
-101.477,34.9632#29.82#36.53#33.65
-101.422,34.9654#29.89#36.35#33.76
-101.368,34.9675#29.96#36.17#33.87
-101.313,34.9696#30.04#35.99#33.97
-101.258,34.9717#30.11#35.81#34.08
-101.203,34.9738#30.18#35.63#34.19
-101.148,34.9758#30.26#35.45#34.29
-101.094,34.9778#30.33#35.27#34.4
-101.039,34.9798#30.4#35.09#34.51
-100.984,34.9818#30.48#34.91#34.61
-100.929,34.9838#30.58#34.71#34.71
-100.874,34.9858#30.67#34.52#34.81
-100.82,34.9877#30.76#34.33#34.91
-100.765,34.9896#30.86#34.13#35.01
-100.71,34.9915#30.95#33.94#35.11
-100.655,34.9934#31.04#33.74#35.22
-100.6,34.9953#31.13#33.55#35.32
-100.545,34.9971#31.23#33.36#35.41
-100.491,34.999#31.32#33.17#35.51
-100.436,35.0008#31.42#33.03#35.55
-100.381,35.0026#31.52#32.88#35.6
-100.326,35.0043#31.62#32.74#35.64
-100.271,35.0061#31.73#32.59#35.68
-100.216,35.0078#31.83#32.45#35.72
-100.161,35.0095#31.93#32.3#35.77
-100.107,35.0112#32.03#32.16#35.81
-100.052,35.0129#32.13#32.01#35.86
-99.9969,35.0146#32.23#31.87#35.9
-99.9421,35.0162#32.4#31.79#35.81
-99.8872,35.0179#32.57#31.72#35.71
-99.8323,35.0195#32.73#31.64#35.63
-99.7775,35.0211#32.9#31.56#35.54
-99.7226,35.0227#33.07#31.48#35.45
-99.6678,35.0242#33.24#31.4#35.36
-99.6129,35.0257#33.4#31.32#35.28
-99.558,35.0273#33.57#31.24#35.19
-99.5032,35.0288#33.74#31.17#35.09
-99.4483,35.0303#33.97#31.11#34.92
-99.3934,35.0317#34.21#31.06#34.73
-99.3386,35.0332#34.45#31.01#34.54
-99.2837,35.0346#34.69#30.95#34.36
-99.2288,35.036#34.93#30.9#34.17
-99.1739,35.0374#35.17#30.85#33.98
-99.1191,35.0388#35.41#30.8#33.79
-99.0642,35.0401#35.65#30.75#33.6
-99.0093,35.0415#35.89#30.69#33.42
-98.9544,35.0428#36.13#30.66#33.21
-98.8995,35.0441#36.37#30.62#33.01
-98.8447,35.0454#36.61#30.59#32.8
-98.7898,35.0466#36.85#30.55#32.6
-98.7349,35.0479#37.09#30.52#32.39
-98.68,35.0491#37.32#30.49#32.19
-98.6251,35.0503#37.56#30.45#31.99
-98.5702,35.0515#37.8#30.42#31.78
-98.5153,35.0527#38.04#30.39#31.57
-98.4605,35.0539#38.28#30.37#31.35
-98.4056,35.055#38.51#30.35#31.14
-98.3507,35.0561#38.75#30.34#30.91
-98.2958,35.0572#38.98#30.32#30.7
-98.2409,35.0583#39.22#30.31#30.47
-98.186,35.0594#39.46#30.29#30.25
-98.1311,35.0604#39.69#30.28#30.03
-98.0762,35.0614#39.93#30.26#29.81
-98.0213,35.0624#40.16#30.25#29.59
-97.9664,35.0634#40.38#30.24#29.38
-97.9115,35.0644#40.57#30.24#29.19
-97.8566,35.0654#40.77#30.24#28.99
-97.8017,35.0663#40.97#30.24#28.79
-97.7468,35.0672#41.17#30.24#28.59
-97.6919,35.0681#41.36#30.24#28.4
-97.637,35.069#41.56#30.24#28.2
-97.582,35.0699#41.76#30.24#28
-97.5271,35.0707#41.96#30.23#27.81
-97.4722,35.0716#42.15#30.22#27.63
-97.4173,35.0724#42.34#30.2#27.46
-97.3624,35.0732#42.53#30.17#27.3
-97.3075,35.0739#42.72#30.15#27.13
-97.2526,35.0747#42.91#30.12#26.97
-97.1977,35.0754#43.1#30.09#26.81
-97.1428,35.0761#43.29#30.07#26.64
-97.0878,35.0768#43.48#30.04#26.48
-97.0329,35.0775#43.68#30.02#26.3
-96.978,35.0782#43.87#30#26.13
-96.9231,35.0788#44.05#29.98#25.97
-96.8682,35.0795#44.24#29.97#25.79
-96.8133,35.0801#44.43#29.95#25.62
-96.7583,35.0807#44.62#29.93#25.45
-96.7034,35.0812#44.81#29.92#25.27
-96.6485,35.0818#44.99#29.9#25.11
-96.5936,35.0823#45.18#29.89#24.93
-96.5387,35.0829#45.37#29.87#24.76
-96.4837,35.0834#45.56#29.86#24.58
-96.4288,35.0838#45.74#29.87#24.39
-96.3739,35.0843#45.92#29.87#24.21
-96.319,35.0848#46.1#29.88#24.02
-96.2641,35.0852#46.29#29.89#23.82
-96.2091,35.0856#46.47#29.89#23.64
-96.1542,35.086#46.65#29.9#23.45
-96.0993,35.0864#46.84#29.91#23.25
-96.0444,35.0867#47.02#29.91#23.07
-95.9894,35.087#47.21#29.92#22.87
-95.9345,35.0874#47.4#29.92#22.68
-95.8796,35.0877#47.6#29.93#22.47
-95.8247,35.0879#47.8#29.93#22.27
-95.7697,35.0882#48#29.94#22.06
-95.7148,35.0885#48.2#29.95#21.85
-95.6599,35.0887#48.39#29.95#21.66
-95.605,35.0889#48.59#29.96#21.45
-95.55,35.0891#48.79#29.96#21.25
-95.4951,35.0893#48.99#29.97#21.04
-95.4402,35.0894#49.18#29.96#20.86
-95.3853,35.0896#49.38#29.96#20.66
-95.3303,35.0897#49.57#29.95#20.48
-95.2754,35.0898#49.77#29.95#20.28
-95.2205,35.0899#49.96#29.94#20.1
-95.1655,35.0899#50.16#29.94#19.9
-95.1106,35.09#50.35#29.93#19.72
-95.0557,35.09#50.55#29.93#19.52
-95.0008,35.09#50.74#29.92#19.34
-94.9458,35.09#50.88#29.9#19.22
-94.8909,35.09#51.02#29.88#19.1
-94.836,35.0899#51.16#29.87#18.97
-94.781,35.0899#51.29#29.85#18.86
-94.7261,35.0898#51.43#29.83#18.74
-94.6712,35.0897#51.57#29.81#18.62
-94.6163,35.0896#51.71#29.79#18.5
-94.5613,35.0894#51.84#29.78#18.38
-94.5064,35.0893#51.98#29.76#18.26
-94.4515,35.0891#52.06#29.74#18.2
-94.3966,35.0889#52.14#29.73#18.13
-94.3416,35.0887#52.21#29.72#18.07
-94.2867,35.0885#52.29#29.7#18.01
-94.2318,35.0882#52.36#29.69#17.95
-94.1769,35.088#52.44#29.68#17.88
-94.1219,35.0877#52.51#29.66#17.83
-94.067,35.0874#52.59#29.65#17.76
-94.0121,35.0871#52.66#29.64#17.7
-93.9572,35.0867#52.74#29.63#17.63
-93.9022,35.0864#52.82#29.63#17.55
-93.8473,35.086#52.9#29.62#17.48
-93.7924,35.0856#52.98#29.62#17.4
-93.7375,35.0852#53.06#29.62#17.32
-93.6825,35.0848#53.14#29.61#17.25
-93.6276,35.0843#53.22#29.61#17.17
-93.5727,35.0839#53.3#29.6#17.1
-93.5178,35.0834#53.38#29.6#17.02
-93.4628,35.0829#53.44#29.6#16.96
-93.4079,35.0824#53.49#29.6#16.91
-93.353,35.0818#53.55#29.59#16.86
-93.2981,35.0813#53.6#29.59#16.81
-93.2432,35.0807#53.65#29.59#16.76
-93.1883,35.0801#53.7#29.59#16.71
-93.1333,35.0795#53.76#29.59#16.65
-93.0784,35.0789#53.81#29.59#16.6
-93.0235,35.0782#53.86#29.59#16.55
-92.9686,35.0775#53.92#29.59#16.49
-92.9137,35.0769#53.98#29.59#16.43
-92.8588,35.0762#54.04#29.59#16.37
-92.8038,35.0754#54.1#29.59#16.31
-92.7489,35.0747#54.16#29.59#16.25
-92.694,35.074#54.22#29.59#16.19
-92.6391,35.0732#54.28#29.59#16.13
-92.5842,35.0724#54.35#29.59#16.06
-92.5293,35.0716#54.41#29.59#16
-92.4744,35.0707#54.47#29.59#15.94
-92.4195,35.0699#54.53#29.6#15.87
-92.3646,35.069#54.6#29.6#15.8
-92.3097,35.0682#54.67#29.61#15.72
-92.2547,35.0673#54.73#29.62#15.65
-92.1998,35.0663#54.8#29.63#15.57
-92.1449,35.0654#54.86#29.63#15.51
-92.09,35.0644#54.93#29.64#15.43
-92.0351,35.0635#54.99#29.65#15.36
-91.9802,35.0625#55.06#29.66#15.28
-91.9253,35.0615#55.13#29.69#15.18
-91.8704,35.0604#55.2#29.71#15.09
-91.8155,35.0594#55.27#29.74#14.99
-91.7606,35.0583#55.34#29.76#14.9
-91.7057,35.0572#55.4#29.79#14.81
-91.6509,35.0561#55.47#29.81#14.72
-91.596,35.055#55.54#29.84#14.62
-91.5411,35.0539#55.61#29.86#14.53
-91.4862,35.0527#55.68#29.89#14.43
-91.4313,35.0516#55.74#29.93#14.33
-91.3764,35.0504#55.81#29.98#14.21
-91.3215,35.0492#55.87#30.02#14.11
-91.2666,35.0479#55.94#30.06#14
-91.2117,35.0467#56#30.11#13.89
-91.1569,35.0454#56.07#30.15#13.78
-91.102,35.0441#56.13#30.19#13.68
-91.0471,35.0428#56.2#30.23#13.57
-90.9922,35.0415#56.26#30.27#13.47
-90.9373,35.0402#56.32#30.31#13.37
-90.8824,35.0388#56.38#30.35#13.27
-90.8276,35.0374#56.44#30.38#13.18
-90.7727,35.036#56.5#30.42#13.08
-90.7178,35.0346#56.55#30.46#12.99
-90.663,35.0332#56.61#30.49#12.9
-90.6081,35.0318#56.67#30.53#12.8
-90.5532,35.0303#56.73#30.57#12.7
-90.4983,35.0288#56.79#30.6#12.61
-90.4435,35.0273#56.85#30.62#12.53
-90.3886,35.0258#56.9#30.64#12.46
-90.3337,35.0243#56.96#30.66#12.38
-90.2789,35.0227#57.02#30.68#12.3
-90.224,35.0211#57.07#30.7#12.23
-90.1692,35.0195#57.13#30.71#12.16
-90.1143,35.0179#57.19#30.73#12.08
-90.0595,35.0163#57.24#30.75#12.01
-90.0046,35.0146#57.3#30.77#11.93
-89.9497,35.013#57.36#30.78#11.86
-89.8949,35.0113#57.41#30.8#11.79
-89.84,35.0096#57.46#30.81#11.73
-89.7852,35.0079#57.52#30.82#11.66
-89.7304,35.0061#57.57#30.83#11.6
-89.6755,35.0044#57.62#30.85#11.53
-89.6207,35.0026#57.68#30.86#11.46
-89.5658,35.0008#57.73#30.87#11.4
-89.511,34.999#57.79#30.88#11.33
-89.4562,34.9972#57.83#30.89#11.28
-89.4013,34.9953#57.88#30.89#11.23
-89.3465,34.9935#57.92#30.89#11.19
-89.2917,34.9916#57.97#30.89#11.14
-89.2368,34.9897#58.02#30.89#11.09
-89.182,34.9878#58.06#30.89#11.05
-89.1272,34.9858#58.11#30.9#10.99
-89.0723,34.9839#58.15#30.9#10.95
-89.0175,34.9819#58.2#30.9#10.9
-88.9627,34.9799#58.24#30.89#10.87
-88.9079,34.9779#58.28#30.86#10.86
-88.8531,34.9759#58.31#30.84#10.85
-88.7983,34.9738#58.35#30.82#10.83
-88.7434,34.9717#58.39#30.8#10.81
-88.6886,34.9697#58.42#30.78#10.8
-88.6338,34.9676#58.46#30.76#10.78
-88.579,34.9654#58.5#30.73#10.77
-88.5242,34.9633#58.54#30.71#10.75
-88.4694,34.9611#58.57#30.67#10.76
-88.4146,34.959#58.6#30.62#10.78
-88.3598,34.9568#58.63#30.57#10.8
-88.305,34.9546#58.66#30.51#10.83
-88.2502,34.9523#58.68#30.46#10.86
-88.1954,34.9501#58.71#30.41#10.88
-88.1407,34.9478#58.74#30.35#10.91
-88.0859,34.9455#58.77#30.3#10.93
-88.0311,34.9432#58.8#30.25#10.95
-87.9763,34.9409#58.83#30.16#11.01
-87.9215,34.9386#58.85#30.04#11.11
-87.8667,34.9362#58.87#29.91#11.22
-87.812,34.9339#58.89#29.78#11.33
-87.7572,34.9315#58.91#29.65#11.44
-87.7024,34.9291#58.93#29.52#11.55
-87.6477,34.9266#58.96#29.4#11.64
-87.5929,34.9242#58.98#29.27#11.75
-87.5381,34.9217#59#29.13#11.87
-87.4834,34.9192#59.02#29#11.98
-87.4286,34.9167#59.02#28.87#12.11
-87.3739,34.9142#59.03#28.73#12.24
-87.3191,34.9117#59.04#28.6#12.36
-87.2644,34.9091#59.04#28.46#12.5
-87.2096,34.9065#59.05#28.33#12.62
-87.1549,34.904#59.06#28.19#12.75
-87.1001,34.9013#59.07#28.05#12.88
-103.78,34.9019#28.55#44.2#27.25
-103.726,34.9048#28.56#44.07#27.37
-103.671,34.9077#28.57#43.95#27.48
-103.616,34.9106#28.59#43.83#27.58
-103.562,34.9134#28.6#43.71#27.69
-103.507,34.9163#28.61#43.59#27.8
-103.452,34.9191#28.63#43.46#27.91
-103.397,34.9219#28.64#43.34#28.02
-103.343,34.9246#28.66#43.22#28.12
-103.288,34.9274#28.67#43.1#28.23
-103.233,34.9301#28.69#42.97#28.34
-103.178,34.9329#28.7#42.84#28.46
-103.124,34.9356#28.72#42.71#28.57
-103.069,34.9382#28.73#42.58#28.69
-103.014,34.9409#28.75#42.45#28.8
-102.959,34.9436#28.77#42.23#29
-102.905,34.9462#28.79#41.99#29.22
-102.85,34.9488#28.82#41.74#29.44
-102.795,34.9514#28.84#41.49#29.67
-102.74,34.954#28.87#41.25#29.88
-102.686,34.9565#28.89#41#30.11
-102.631,34.9591#28.91#40.76#30.33
-102.576,34.9616#28.94#40.51#30.55
-102.521,34.9641#28.96#40.27#30.77
-102.466,34.9666#29#40.05#30.95
-102.412,34.969#29.03#39.84#31.13
-102.357,34.9715#29.07#39.63#31.3
-102.302,34.9739#29.11#39.43#31.46
-102.247,34.9763#29.15#39.22#31.63
-102.192,34.9787#29.19#39.01#31.8
-102.138,34.9811#29.22#38.81#31.97
-102.083,34.9834#29.26#38.61#32.13
-102.028,34.9858#29.3#38.4#32.3
-101.973,34.9881#29.35#38.21#32.44
-101.918,34.9904#29.4#38.01#32.59
-101.864,34.9927#29.46#37.82#32.72
-101.809,34.995#29.51#37.62#32.87
-101.754,34.9972#29.56#37.43#33.01
-101.699,34.9994#29.62#37.24#33.14
-101.644,35.0016#29.67#37.04#33.29
-101.59,35.0038#29.73#36.85#33.42
-101.535,35.006#29.78#36.66#33.56
-101.48,35.0082#29.84#36.47#33.69
-101.425,35.0103#29.92#36.29#33.79
-101.37,35.0124#29.99#36.11#33.9
-101.315,35.0145#30.06#35.93#34.01
-101.261,35.0166#30.14#35.75#34.11
-101.206,35.0187#30.21#35.57#34.22
-101.151,35.0207#30.28#35.4#34.32
-101.096,35.0228#30.36#35.22#34.42
-101.041,35.0248#30.43#35.04#34.53
-100.986,35.0268#30.51#34.86#34.63
-100.932,35.0287#30.6#34.66#34.74
-100.877,35.0307#30.7#34.47#34.83
-100.822,35.0326#30.79#34.28#34.93
-100.767,35.0346#30.88#34.09#35.03
-100.712,35.0365#30.97#33.89#35.14
-100.657,35.0383#31.07#33.7#35.23
-100.602,35.0402#31.16#33.51#35.33
-100.548,35.0421#31.25#33.32#35.43
-100.493,35.0439#31.35#33.13#35.52
-100.438,35.0457#31.45#32.99#35.56
-100.383,35.0475#31.55#32.84#35.61
-100.328,35.0493#31.65#32.7#35.65
-100.273,35.051#31.75#32.55#35.7
-100.218,35.0528#31.85#32.4#35.75
-100.164,35.0545#31.95#32.26#35.79
-100.109,35.0562#32.05#32.11#35.84
-100.054,35.0579#32.15#31.96#35.89
-99.9989,35.0595#32.26#31.82#35.92
-99.9441,35.0612#32.42#31.74#35.84
-99.8892,35.0628#32.59#31.66#35.75
-99.8343,35.0644#32.76#31.58#35.66
-99.7794,35.066#32.93#31.51#35.56
-99.7245,35.0676#33.1#31.43#35.47
-99.6697,35.0692#33.27#31.35#35.38
-99.6148,35.0707#33.44#31.27#35.29
-99.5599,35.0722#33.61#31.19#35.2
-99.505,35.0737#33.78#31.11#35.11
-99.4501,35.0752#34.02#31.06#34.92
-99.3952,35.0767#34.26#31.01#34.73
-99.3403,35.0781#34.49#30.96#34.55
-99.2854,35.0795#34.73#30.91#34.36
-99.2305,35.081#34.97#30.86#34.17
-99.1756,35.0823#35.21#30.81#33.98
-99.1207,35.0837#35.45#30.76#33.79
-99.0658,35.0851#35.69#30.71#33.6
-99.0109,35.0864#35.93#30.66#33.41
-98.956,35.0877#36.16#30.63#33.21
-98.9011,35.089#36.4#30.6#33
-98.8462,35.0903#36.64#30.57#32.79
-98.7913,35.0916#36.88#30.54#32.58
-98.7364,35.0928#37.11#30.5#32.39
-98.6815,35.0941#37.35#30.47#32.18
-98.6266,35.0953#37.59#30.44#31.97
-98.5717,35.0965#37.83#30.41#31.76
-98.5168,35.0976#38.06#30.38#31.56
-98.4619,35.0988#38.3#30.36#31.34
-98.4069,35.0999#38.53#30.35#31.12
-98.352,35.1011#38.77#30.33#30.9
-98.2971,35.1022#39.01#30.32#30.67
-98.2422,35.1032#39.24#30.3#30.46
-98.1873,35.1043#39.48#30.29#30.23
-98.1323,35.1054#39.71#30.28#30.01
-98.0774,35.1064#39.95#30.26#29.79
-98.0225,35.1074#40.18#30.25#29.57
-97.9676,35.1084#40.39#30.24#29.37
-97.9127,35.1094#40.59#30.24#29.17
-97.8577,35.1103#40.79#30.24#28.97
-97.8028,35.1113#40.99#30.24#28.77
-97.7479,35.1122#41.18#30.24#28.58
-97.693,35.1131#41.38#30.24#28.38
-97.638,35.114#41.58#30.24#28.18
-97.5831,35.1148#41.78#30.24#27.98
-97.5282,35.1157#41.97#30.24#27.79
-97.4732,35.1165#42.17#30.22#27.61
-97.4183,35.1173#42.36#30.2#27.44
-97.3634,35.1181#42.55#30.17#27.28
-97.3084,35.1189#42.74#30.15#27.11
-97.2535,35.1196#42.94#30.13#26.93
-97.1986,35.1204#43.13#30.1#26.77
-97.1436,35.1211#43.32#30.08#26.6
-97.0887,35.1218#43.51#30.05#26.44
-97.0338,35.1225#43.7#30.03#26.27
-96.9788,35.1231#43.89#30.01#26.1
-96.9239,35.1238#44.08#29.99#25.93
-96.8689,35.1244#44.27#29.98#25.75
-96.814,35.125#44.46#29.96#25.58
-96.7591,35.1256#44.65#29.95#25.4
-96.7041,35.1262#44.84#29.93#25.23
-96.6492,35.1268#45.03#29.92#25.05
-96.5942,35.1273#45.22#29.9#24.88
-96.5393,35.1278#45.4#29.88#24.72
-96.4843,35.1283#45.59#29.88#24.53
-96.4294,35.1288#45.78#29.88#24.34
-96.3745,35.1293#45.96#29.89#24.15
-96.3195,35.1297#46.14#29.89#23.97
-96.2646,35.1301#46.33#29.9#23.77
-96.2096,35.1305#46.51#29.9#23.59
-96.1547,35.1309#46.7#29.91#23.39
-96.0997,35.1313#46.88#29.91#23.21
-96.0448,35.1317#47.07#29.92#23.01
-95.9898,35.132#47.25#29.93#22.82
-95.9349,35.1323#47.45#29.93#22.62
-95.8799,35.1326#47.65#29.94#22.41
-95.825,35.1329#47.86#29.94#22.2
-95.7701,35.1332#48.06#29.95#21.99
-95.7151,35.1334#48.26#29.95#21.79
-95.6602,35.1336#48.46#29.96#21.58
-95.6052,35.1339#48.66#29.96#21.38
-95.5503,35.134#48.86#29.97#21.17
-95.4953,35.1342#49.06#29.97#20.97
-95.4404,35.1344#49.26#29.96#20.78
-95.3854,35.1345#49.46#29.96#20.58
-95.3305,35.1346#49.66#29.95#20.39
-95.2755,35.1347#49.86#29.94#20.2
-95.2206,35.1348#50.06#29.94#20
-95.1656,35.1349#50.26#29.93#19.81
-95.1107,35.1349#50.46#29.92#19.62
-95.0557,35.1349#50.66#29.92#19.42
-95.0008,35.135#50.86#29.91#19.23
-94.9458,35.135#51#29.89#19.11
-94.8909,35.1349#51.14#29.87#18.99
-94.8359,35.1349#51.28#29.85#18.87
-94.781,35.1348#51.41#29.84#18.75
-94.726,35.1347#51.55#29.82#18.63
-94.6711,35.1346#51.69#29.8#18.51
-94.6161,35.1345#51.82#29.78#18.4
-94.5612,35.1344#51.96#29.76#18.28
-94.5062,35.1342#52.1#29.74#18.16
-94.4513,35.1341#52.18#29.73#18.09
-94.3963,35.1339#52.25#29.72#18.03
-94.3414,35.1337#52.32#29.71#17.97
-94.2864,35.1334#52.39#29.69#17.92
-94.2315,35.1332#52.46#29.68#17.86
-94.1765,35.1329#52.54#29.67#17.79
-94.1216,35.1326#52.61#29.66#17.73
-94.0666,35.1323#52.68#29.65#17.67
-94.0117,35.132#52.75#29.64#17.61
-93.9567,35.1317#52.83#29.63#17.54
-93.9018,35.1313#52.91#29.63#17.46
-93.8468,35.1309#52.99#29.62#17.39
-93.7919,35.1306#53.07#29.62#17.31
-93.7369,35.1301#53.15#29.61#17.24
-93.682,35.1297#53.23#29.61#17.16
-93.6271,35.1293#53.31#29.61#17.08
-93.5721,35.1288#53.39#29.6#17.01
-93.5172,35.1283#53.47#29.6#16.93
-93.4622,35.1278#53.54#29.6#16.86
