-96.1989,48.9002#38.35#29.82#31.83
-96.1358,48.9006#38.27#29.82#31.91
-96.0728,48.9009#38.2#29.82#31.98
-96.0097,48.9012#38.12#29.82#32.06
-95.9467,48.9015#38.03#29.81#32.16
-95.8836,48.9018#37.95#29.81#32.24
-95.8206,48.9021#37.86#29.8#32.34
-95.7575,48.9023#37.78#29.8#32.42
-95.6945,48.9025#37.69#29.79#32.52
-95.6314,48.9027#37.61#29.79#32.6
-95.5684,48.9029#37.52#29.78#32.7
-95.5053,48.9031#37.44#29.78#32.78
-95.4423,48.9032#37.34#29.77#32.89
-95.3792,48.9033#37.24#29.75#33.01
-95.3161,48.9035#37.14#29.74#33.12
-95.2531,48.9035#37.04#29.73#33.23
-95.19,48.9036#36.94#29.72#33.34
-95.127,48.9037#36.84#29.71#33.45
-95.0639,48.9037#36.75#29.69#33.56
-95.0009,48.9037#36.65#29.68#33.67
-94.9378,48.9037#36.54#29.66#33.8
-94.8748,48.9037#36.44#29.64#33.92
-94.8117,48.9036#36.34#29.62#34.04
-94.7487,48.9035#36.23#29.6#34.17
-94.6856,48.9035#36.13#29.58#34.29
-94.6225,48.9034#36.03#29.56#34.41
-94.5595,48.9032#35.93#29.55#34.52
-94.4964,48.9031#35.82#29.53#34.65
-94.4334,48.9029#35.72#29.5#34.78
-94.3703,48.9027#35.62#29.47#34.91
-94.3073,48.9025#35.52#29.45#35.03
-94.2442,48.9023#35.42#29.42#35.16
-94.1812,48.9021#35.32#29.4#35.28
-94.1181,48.9018#35.21#29.37#35.42
-94.0551,48.9015#35.11#29.35#35.54
-93.992,48.9012#35.01#29.32#35.67
-93.929,48.9009#34.92#29.3#35.78
-93.8659,48.9006#34.82#29.27#35.91
-93.8029,48.9002#34.72#29.24#36.04
-99.2891,48.9006#40.12#29.88#30
-99.2261,48.9019#40.11#29.88#30.01
-99.1631,48.9031#40.09#29.88#30.03
-99.1001,48.9044#40.07#29.88#30.05
-99.037,48.9057#40.05#29.89#30.06
-98.974,48.9069#40.03#29.89#30.08
-98.911,48.9081#40.01#29.89#30.1
-98.848,48.9093#39.99#29.89#30.12
-98.7849,48.9104#39.96#29.89#30.15
-98.7219,48.9116#39.94#29.88#30.18
-98.6588,48.9127#39.92#29.88#30.2
-98.5958,48.9138#39.89#29.88#30.23
-98.5328,48.9149#39.87#29.88#30.25
-98.4697,48.916#39.84#29.88#30.28
-98.4067,48.917#39.82#29.88#30.3
-98.3436,48.9181#39.79#29.88#30.33
-98.2806,48.9191#39.77#29.88#30.35
-98.2175,48.9201#39.74#29.87#30.39
-98.1545,48.921#39.72#29.87#30.41
-98.0914,48.922#39.69#29.87#30.44
-98.0284,48.9229#39.66#29.87#30.47
-97.9653,48.9238#39.64#29.86#30.5
-97.9023,48.9247#39.61#29.86#30.53
-97.8392,48.9256#39.57#29.86#30.57
-97.7762,48.9265#39.54#29.86#30.6
-97.7131,48.9273#39.51#29.85#30.64
-97.6501,48.9281#39.48#29.85#30.67
-97.587,48.9289#39.45#29.85#30.7
-97.5239,48.9297#39.42#29.85#30.73
-97.4609,48.9305#39.38#29.84#30.78
-97.3978,48.9312#39.33#29.84#30.83
-97.3347,48.9319#39.28#29.84#30.88
-97.2717,48.9327#39.23#29.84#30.93
-97.2086,48.9333#39.19#29.84#30.97
-97.1455,48.934#39.14#29.83#31.03
-97.0825,48.9346#39.09#29.83#31.08
-97.0194,48.9353#39.04#29.83#31.13
-96.9563,48.9359#38.99#29.83#31.18
-96.8933,48.9365#38.94#29.83#31.23
-96.8302,48.937#38.89#29.83#31.28
-96.7671,48.9376#38.83#29.82#31.35
-96.704,48.9381#38.78#29.82#31.4
-96.641,48.9386#38.73#29.82#31.45
-96.5779,48.9391#38.68#29.82#31.5
-96.5148,48.9396#38.63#29.82#31.55
-96.4517,48.94#38.56#29.82#31.62
-96.3887,48.9405#38.48#29.82#31.7
-96.3256,48.9409#38.4#29.82#31.78
-96.2625,48.9413#38.33#29.82#31.85
-96.1994,48.9417#38.25#29.82#31.93
-96.1364,48.942#38.17#29.82#32.01
-96.0733,48.9424#38.1#29.82#32.08
-96.0102,48.9427#38.02#29.81#32.17
-95.9471,48.943#37.94#29.81#32.25
-95.884,48.9433#37.85#29.81#32.34
-95.821,48.9435#37.77#29.8#32.43
-95.7579,48.9438#37.68#29.8#32.52
-95.6948,48.944#37.6#29.79#32.61
-95.6317,48.9442#37.51#29.79#32.7
-95.5686,48.9444#37.43#29.78#32.79
-95.5055,48.9445#37.34#29.78#32.88
-95.4425,48.9447#37.24#29.77#32.99
-95.3794,48.9448#37.15#29.76#33.09
-95.3163,48.9449#37.05#29.75#33.2
-95.2532,48.945#36.95#29.73#33.32
-95.1901,48.9451#36.85#29.72#33.43
-95.127,48.9451#36.75#29.71#33.54
-95.064,48.9451#36.66#29.7#33.64
-95.0009,48.9452#36.56#29.69#33.75
-94.9378,48.9451#36.45#29.67#33.88
-94.8747,48.9451#36.35#29.65#34
-94.8116,48.9451#36.25#29.63#34.12
-94.7485,48.945#36.15#29.61#34.24
-94.6855,48.9449#36.04#29.59#34.37
-94.6224,48.9448#35.94#29.58#34.48
-94.5593,48.9447#35.84#29.56#34.6
-94.4962,48.9445#35.74#29.54#34.72
-94.4331,48.9444#35.63#29.51#34.86
-94.37,48.9442#35.53#29.49#34.98
-94.307,48.944#35.43#29.46#35.11
-94.2439,48.9438#35.33#29.44#35.23
-94.1808,48.9435#35.23#29.41#35.36
-94.1177,48.9433#35.13#29.39#35.48
-94.0546,48.943#35.03#29.37#35.6
-93.9915,48.9427#34.93#29.34#35.73
-93.9285,48.9424#34.83#29.31#35.86
-93.8654,48.942#34.73#29.29#35.98
-93.8023,48.9417#34.64#29.26#36.1
-93.7392,48.9413#34.54#29.24#36.22
-93.6762,48.9409#34.44#29.21#36.35
-93.6131,48.9405#34.34#29.18#36.48
-93.55,48.9401#34.24#29.16#36.6
-93.4869,48.9396#34.15#29.13#36.72
-93.4238,48.9391#34.05#29.11#36.84
-93.3608,48.9386#33.96#29.09#36.95
-93.2977,48.9381#33.87#29.06#37.07
-93.2346,48.9376#33.77#29.04#37.19
-93.1716,48.9371#33.68#29.02#37.3
-93.1085,48.9365#33.59#29#37.41
-93.0454,48.9359#33.49#28.98#37.53
-92.9823,48.9353#33.4#28.96#37.64
-92.9193,48.9347#33.32#28.94#37.74
-92.8562,48.934#33.24#28.93#37.83
-92.7931,48.9334#33.16#28.91#37.93
-92.7301,48.9327#33.08#28.9#38.02
-92.667,48.932#33#28.88#38.12
-92.6039,48.9312#32.91#28.87#38.22
-92.5409,48.9305#32.83#28.85#38.32
-92.4778,48.9297#32.75#28.84#38.41
-92.4147,48.929#32.68#28.83#38.49
-92.3517,48.9282#32.6#28.82#38.58
-92.2886,48.9273#32.53#28.81#38.66
-92.2256,48.9265#32.46#28.8#38.74
-92.1625,48.9256#32.38#28.8#38.82
-92.0995,48.9248#32.31#28.79#38.9
-92.0364,48.9239#32.23#28.78#38.99
-91.9733,48.923#32.17#28.77#39.06
-91.9103,48.922#32.11#28.77#39.12
-91.8472,48.9211#32.06#28.76#39.18
-91.7842,48.9201#32.01#28.76#39.23
-91.7212,48.9191#31.95#28.75#39.3
-91.6581,48.9181#31.9#28.75#39.35
-91.5951,48.9171#31.85#28.74#39.41
-91.532,48.916#31.79#28.74#39.47
-91.469,48.9149#31.75#28.73#39.52
-91.4059,48.9139#31.72#28.73#39.55
-91.3429,48.9127#31.68#28.73#39.59
-91.2799,48.9116#31.65#28.72#39.63
-91.2168,48.9105#31.62#28.72#39.66
-91.1538,48.9093#31.58#28.72#39.7
-91.0908,48.9081#31.55#28.71#39.74
-91.0277,48.9069#31.52#28.71#39.77
-90.9647,48.9057#31.5#28.71#39.79
-90.9017,48.9044#31.49#28.7#39.81
-90.8386,48.9032#31.48#28.7#39.82
-90.7756,48.9019#31.48#28.7#39.82
-90.7126,48.9006#31.47#28.7#39.83
-100.93,48.9014#40.32#29.72#29.96
-100.867,48.9032#40.31#29.73#29.96
-100.804,48.905#40.31#29.73#29.96
-100.741,48.9067#40.31#29.74#29.95
-100.678,48.9085#40.3#29.75#29.95
-100.615,48.9102#40.3#29.75#29.95
-100.552,48.9119#40.3#29.76#29.94
-100.489,48.9136#40.29#29.77#29.94
-100.426,48.9153#40.29#29.77#29.94
-100.363,48.9169#40.28#29.78#29.94
-100.3,48.9186#40.28#29.79#29.93
-100.237,48.9202#40.28#29.79#29.93
-100.174,48.9218#40.27#29.8#29.93
-100.111,48.9233#40.27#29.81#29.92
-100.048,48.9249#40.26#29.81#29.93
-99.9846,48.9264#40.26#29.82#29.92
-99.9215,48.9279#40.24#29.83#29.93
-99.8585,48.9294#40.22#29.83#29.95
-99.7955,48.9309#40.2#29.84#29.96
-99.7324,48.9323#40.18#29.84#29.98
-99.6694,48.9338#40.16#29.85#29.99
-99.6064,48.9352#40.14#29.85#30.01
-99.5433,48.9366#40.13#29.85#30.02
-99.4803,48.938#40.11#29.86#30.03
-99.4172,48.9393#40.09#29.86#30.05
-99.3542,48.9407#40.07#29.86#30.07
-99.2911,48.942#40.05#29.87#30.08
-99.2281,48.9433#40.03#29.87#30.1
-99.165,48.9446#40.02#29.87#30.11
-99.102,48.9458#40#29.87#30.13
-99.0389,48.9471#39.98#29.87#30.15
-98.9759,48.9483#39.96#29.88#30.16
-98.9128,48.9495#39.94#29.88#30.18
-98.8497,48.9507#39.91#29.87#30.22
-98.7867,48.9519#39.89#29.87#30.24
-98.7236,48.953#39.86#29.87#30.27
-98.6606,48.9541#39.84#29.87#30.29
-98.5975,48.9553#39.81#29.87#30.32
-98.5344,48.9563#39.79#29.87#30.34
-98.4713,48.9574#39.76#29.87#30.37
-98.4083,48.9585#39.73#29.87#30.4
-98.3452,48.9595#39.71#29.87#30.42
-98.2821,48.9605#39.68#29.87#30.45
-98.219,48.9615#39.65#29.87#30.48
-98.156,48.9625#39.63#29.87#30.5
-98.0929,48.9634#39.6#29.86#30.54
-98.0298,48.9644#39.57#29.86#30.57
-97.9667,48.9653#39.54#29.86#30.6
-97.9036,48.9662#39.51#29.86#30.63
-97.8406,48.9671#39.48#29.86#30.66
-97.7775,48.9679#39.45#29.85#30.7
-97.7144,48.9688#39.41#29.85#30.74
-97.6513,48.9696#39.38#29.85#30.77
-97.5882,48.9704#39.35#29.85#30.8
-97.5251,48.9712#39.32#29.84#30.84
-97.462,48.9719#39.28#29.84#30.88
-97.3989,48.9727#39.23#29.84#30.93
-97.3358,48.9734#39.18#29.84#30.98
-97.2727,48.9741#39.13#29.84#31.03
-97.2096,48.9748#39.08#29.83#31.09
-97.1465,48.9754#39.04#29.83#31.13
-97.0834,48.9761#38.99#29.83#31.18
-97.0203,48.9767#38.94#29.83#31.23
-96.9572,48.9773#38.89#29.83#31.28
-96.8941,48.9779#38.84#29.82#31.34
-96.831,48.9785#38.78#29.82#31.4
-96.7679,48.979#38.73#29.82#31.45
-96.7048,48.9796#38.68#29.82#31.5
-96.6417,48.9801#38.63#29.82#31.55
-96.5786,48.9806#38.57#29.82#31.61
-96.5155,48.981#38.52#29.82#31.66
-96.4524,48.9815#38.45#29.82#31.73
-96.3893,48.9819#38.38#29.82#31.8
-96.3262,48.9823#38.3#29.82#31.88
-96.2631,48.9827#38.23#29.82#31.95
-96.2,48.9831#38.15#29.82#32.03
-96.1369,48.9835#38.08#29.81#32.11
-96.0738,48.9838#38#29.81#32.19
-96.0107,48.9841#37.93#29.81#32.26
-95.9476,48.9844#37.84#29.81#32.35
-95.8844,48.9847#37.76#29.81#32.43
-95.8213,48.985#37.67#29.8#32.53
-95.7582,48.9852#37.59#29.8#32.61
-95.6951,48.9854#37.5#29.79#32.71
-95.632,48.9856#37.42#29.79#32.79
-95.5689,48.9858#37.33#29.79#32.88
-95.5058,48.986#37.25#29.78#32.97
-95.4427,48.9861#37.15#29.77#33.08
-95.3796,48.9862#37.05#29.76#33.19
-95.3164,48.9864#36.96#29.75#33.29
-95.2533,48.9864#36.86#29.74#33.4
-95.1902,48.9865#36.76#29.73#33.51
-95.1271,48.9866#36.66#29.72#33.62
-95.064,48.9866#36.56#29.71#33.73
-95.0009,48.9866#36.47#29.7#33.83
-94.9378,48.9866#36.37#29.68#33.95
-94.8746,48.9866#36.26#29.66#34.08
-94.8115,48.9865#36.16#29.64#34.2
-94.7484,48.9864#36.06#29.62#34.32
-94.6853,48.9864#35.96#29.61#34.43
-94.6222,48.9862#35.85#29.59#34.56
-94.5591,48.9861#35.75#29.57#34.68
-94.496,48.986#35.65#29.55#34.8
-94.4329,48.9858#35.55#29.53#34.92
-94.3697,48.9856#35.45#29.5#35.05
-94.3066,48.9854#35.35#29.48#35.17
-94.2435,48.9852#35.25#29.45#35.3
-94.1804,48.985#35.15#29.43#35.42
-94.1173,48.9847#35.05#29.41#35.54
-94.0542,48.9844#34.95#29.38#35.67
-93.9911,48.9841#34.85#29.36#35.79
-93.928,48.9838#34.75#29.33#35.92
-93.8649,48.9835#34.65#29.3#36.05
-93.8018,48.9831#34.55#29.28#36.17
-93.7386,48.9827#34.45#29.25#36.3
-93.6755,48.9823#34.36#29.23#36.41
-93.6124,48.9819#34.26#29.2#36.54
-93.5493,48.9815#34.16#29.17#36.67
-93.4862,48.981#34.06#29.15#36.79
-93.4231,48.9806#33.97#29.13#36.9
-93.36,48.9801#33.88#29.1#37.02
-93.2969,48.9796#33.78#29.08#37.14
-93.2338,48.979#33.69#29.06#37.25
-93.1707,48.9785#33.6#29.03#37.37
-93.1076,48.9779#33.5#29.01#37.49
-93.0445,48.9773#33.41#28.99#37.6
-92.9814,48.9767#33.32#28.97#37.71
-92.9183,48.9761#33.24#28.95#37.81
-92.8552,48.9755#33.16#28.94#37.9
-92.7921,48.9748#33.08#28.92#38
-92.729,48.9741#32.99#28.91#38.1
-92.6659,48.9734#32.91#28.89#38.2
-92.6028,48.9727#32.83#28.87#38.3
-92.5397,48.9719#32.75#28.86#38.39
-92.4766,48.9712#32.67#28.84#38.49
-92.4135,48.9704#32.59#28.84#38.57
-92.3505,48.9696#32.52#28.83#38.65
-92.2874,48.9688#32.45#28.82#38.73
-92.2243,48.9679#32.37#28.81#38.82
-92.1612,48.9671#32.3#28.8#38.9
-92.0981,48.9662#32.22#28.79#38.99
-92.035,48.9653#32.15#28.78#39.07
-91.9719,48.9644#32.08#28.78#39.14
-91.9089,48.9635#32.03#28.77#39.2
-91.8458,48.9625#31.98#28.77#39.25
-91.7827,48.9615#31.93#28.76#39.31
-91.7196,48.9605#31.88#28.76#39.36
-91.6565,48.9595#31.82#28.75#39.43
-91.5935,48.9585#31.77#28.74#39.49
-91.5304,48.9574#31.72#28.74#39.54
-91.4673,48.9564#31.68#28.73#39.59
-91.4043,48.9553#31.64#28.73#39.63
-91.3412,48.9542#31.61#28.73#39.66
-91.2781,48.9531#31.58#28.72#39.7
-91.2151,48.9519#31.54#28.72#39.74
-91.152,48.9507#31.51#28.72#39.77
-91.0889,48.9496#31.48#28.71#39.81
-91.0259,48.9483#31.44#28.71#39.85
-90.9628,48.9471#31.42#28.71#39.87
-90.8998,48.9459#31.42#28.7#39.88
-90.8367,48.9446#31.41#28.7#39.89
-90.7737,48.9433#31.4#28.7#39.9
-90.7106,48.942#31.39#28.7#39.91
-90.6476,48.9407#31.39#28.7#39.91
-90.5845,48.9394#31.38#28.69#39.93
-90.5215,48.938#31.37#28.69#39.94
-90.4584,48.9366#31.38#28.69#39.93
-90.3954,48.9352#31.39#28.69#39.92
-90.3323,48.9338#31.4#28.69#39.91
-90.2693,48.9324#31.41#28.69#39.9
-90.2063,48.9309#31.42#28.69#39.89
-90.1432,48.9295#31.43#28.68#39.89
-90.0802,48.928#31.44#28.68#39.88
-90.0172,48.9265#31.45#28.68#39.87
-89.9541,48.9249#31.47#28.68#39.85
-89.8911,48.9234#31.48#28.68#39.84
-89.8281,48.9218#31.5#28.68#39.82
-89.7651,48.9202#31.51#28.68#39.81
-89.7021,48.9186#31.53#28.68#39.79
-89.639,48.917#31.54#28.68#39.78
-89.576,48.9153#31.56#28.68#39.76
-89.513,48.9137#31.57#28.68#39.75
-89.45,48.912#31.59#28.68#39.73
-89.387,48.9103#31.6#28.68#39.72
-89.324,48.9085#31.61#28.68#39.71
-89.261,48.9068#31.62#28.68#39.7
-89.198,48.905#31.64#28.68#39.68
-89.135,48.9032#31.65#28.68#39.67
-89.072,48.9014#31.66#28.68#39.66
-102.255,48.9005#40.26#29.68#30.06
-102.192,48.9027#40.25#29.67#30.08
-102.129,48.9049#40.24#29.67#30.09
-102.066,48.9071#40.24#29.66#30.1
-102.003,48.9092#40.23#29.65#30.12
-101.94,48.9113#40.23#29.65#30.12
-101.878,48.9135#40.23#29.65#30.12
-101.815,48.9155#40.23#29.65#30.12
-101.752,48.9176#40.23#29.65#30.12
-101.689,48.9197#40.23#29.65#30.12
-101.626,48.9217#40.23#29.65#30.12
-101.563,48.9237#40.23#29.65#30.12
-101.5,48.9257#40.24#29.65#30.11
-101.437,48.9277#40.24#29.66#30.1
-101.374,48.9297#40.24#29.66#30.1
-101.311,48.9316#40.24#29.67#30.09
-101.248,48.9335#40.24#29.67#30.09
-101.185,48.9354#40.24#29.68#30.08
-101.122,48.9373#40.25#29.68#30.07
-101.059,48.9391#40.25#29.69#30.06
-100.996,48.941#40.25#29.69#30.06
-100.932,48.9428#40.25#29.7#30.05
-100.869,48.9446#40.24#29.71#30.05
-100.806,48.9464#40.24#29.71#30.05
-100.743,48.9482#40.24#29.72#30.04
-100.68,48.9499#40.23#29.73#30.04
-100.617,48.9516#40.23#29.73#30.04
-100.554,48.9533#40.23#29.74#30.03
-100.491,48.955#40.22#29.75#30.03
-100.428,48.9567#40.22#29.76#30.02
-100.365,48.9583#40.22#29.76#30.02
-100.302,48.96#40.21#29.77#30.02
-100.239,48.9616#40.21#29.78#30.01
-100.176,48.9632#40.21#29.78#30.01
-100.113,48.9647#40.2#29.79#30.01
-100.05,48.9663#40.2#29.8#30
-99.9869,48.9678#40.19#29.8#30.01
-99.9238,48.9693#40.17#29.81#30.02
-99.8608,48.9708#40.15#29.81#30.04
-99.7977,48.9723#40.13#29.82#30.05
-99.7346,48.9738#40.12#29.82#30.06
-99.6716,48.9752#40.1#29.83#30.07
-99.6085,48.9766#40.08#29.83#30.09
-99.5454,48.978#40.06#29.84#30.1
-99.4824,48.9794#40.04#29.84#30.12
-99.4193,48.9808#40.02#29.85#30.13
-99.3562,48.9821#40#29.85#30.15
-99.2931,48.9834#39.98#29.85#30.17
-99.2301,48.9847#39.96#29.85#30.19
-99.167,48.986#39.94#29.86#30.2
-99.1039,48.9873#39.93#29.86#30.21
-99.0408,48.9885#39.91#29.86#30.23
-98.9777,48.9897#39.89#29.86#30.25
-98.9146,48.9909#39.86#29.86#30.28
-98.8515,48.9921#39.83#29.86#30.31
-98.7884,48.9933#39.81#29.86#30.33
-98.7254,48.9944#39.78#29.86#30.36
-98.6623,48.9956#39.76#29.86#30.38
-98.5992,48.9967#39.73#29.87#30.4
-98.5361,48.9978#39.7#29.87#30.43
-98.473,48.9988#39.68#29.87#30.45
-98.4099,48.9999#39.65#29.86#30.49
-98.3468,49.0009#39.62#29.86#30.52
-98.2836,49.0019#39.59#29.86#30.55
-98.2205,49.0029#39.56#29.86#30.58
-98.1574,49.0039#39.53#29.86#30.61
-98.0943,49.0049#39.51#29.86#30.63
-98.0312,49.0058#39.48#29.86#30.66
-97.9681,49.0067#39.45#29.85#30.7
-97.905,49.0076#39.41#29.85#30.74
-97.8419,49.0085#39.38#29.85#30.77
-97.7788,49.0093#39.35#29.85#30.8
-97.7156,49.0102#39.31#29.85#30.84
-97.6525,49.011#39.28#29.84#30.88
-97.5894,49.0118#39.25#29.84#30.91
-97.5263,49.0126#39.22#29.84#30.94
-97.4632,49.0133#39.17#29.84#30.99
-97.4,49.0141#39.13#29.84#31.03
-97.3369,49.0148#39.08#29.83#31.09
-97.2738,49.0155#39.03#29.83#31.14
-97.2107,49.0162#38.98#29.83#31.19
-97.1475,49.0169#38.93#29.83#31.24
-97.0844,49.0175#38.89#29.83#31.28
-97.0213,49.0181#38.84#29.83#31.33
-96.9582,49.0187#38.79#29.82#31.39
-96.895,49.0193#38.73#29.82#31.45
-96.8319,49.0199#38.68#29.82#31.5
-96.7688,49.0205#38.63#29.82#31.55
-96.7056,49.021#38.57#29.82#31.61
-96.6425,49.0215#38.52#29.82#31.66
-96.5794,49.022#38.47#29.82#31.71
-96.5162,49.0225#38.42#29.82#31.76
-96.4531,49.0229#38.35#29.82#31.83
-96.39,49.0233#38.27#29.82#31.91
-96.3268,49.0238#38.2#29.82#31.98
-96.2637,49.0242#38.12#29.81#32.07
-96.2006,49.0245#38.05#29.81#32.14
-96.1374,49.0249#37.98#29.81#32.21
-96.0743,49.0252#37.9#29.81#32.29
-96.0111,49.0255#37.83#29.81#32.36
-95.948,49.0258#37.75#29.81#32.44
-95.8849,49.0261#37.66#29.81#32.53
-95.8217,49.0264#37.58#29.8#32.62
-95.7586,49.0266#37.49#29.8#32.71
-95.6954,49.0268#37.41#29.79#32.8
-95.6323,49.0271#37.32#29.79#32.89
-95.5692,49.0272#37.24#29.79#32.97
-95.506,49.0274#37.15#29.78#33.07
-95.4429,49.0275#37.06#29.77#33.17
-95.3797,49.0277#36.96#29.76#33.28
-95.3166,49.0278#36.86#29.75#33.39
-95.2534,49.0279#36.77#29.74#33.49
-95.1903,49.0279#36.67#29.73#33.6
-95.1272,49.028#36.57#29.72#33.71
-95.064,49.028#36.47#29.71#33.82
-95.0009,49.028#36.38#29.7#33.92
-94.9377,49.028#36.28#29.69#34.03
-94.8746,49.028#36.17#29.67#34.16
-94.8114,49.0279#36.07#29.65#34.28
-94.7483,49.0279#35.97#29.63#34.4
-94.6852,49.0278#35.87#29.62#34.51
-94.622,49.0277#35.77#29.6#34.63
-94.5589,49.0275#35.66#29.58#34.76
-94.4957,49.0274#35.56#29.56#34.88
-94.4326,49.0272#35.46#29.54#35
-94.3695,49.0271#35.36#29.52#35.12
-94.3063,49.0269#35.26#29.49#35.25
-94.2432,49.0266#35.16#29.47#35.37
-94.18,49.0264#35.06#29.45#35.49
-94.1169,49.0261#34.96#29.42#35.62
-94.0537,49.0259#34.86#29.4#35.74
-93.9906,49.0256#34.76#29.37#35.87
-93.9275,49.0252#34.66#29.35#35.99
-93.8643,49.0249#34.56#29.32#36.12
-93.8012,49.0245#34.47#29.3#36.23
-93.7381,49.0242#34.37#29.27#36.36
-93.6749,49.0238#34.27#29.24#36.49
-93.6118,49.0234#34.17#29.22#36.61
-93.5486,49.0229#34.07#29.19#36.74
-93.4855,49.0225#33.98#29.16#36.86
-93.4224,49.022#33.88#29.14#36.98
-93.3592,49.0215#33.79#29.12#37.09
-93.2961,49.021#33.7#29.09#37.21
-93.233,49.0205#33.61#29.07#37.32
-93.1698,49.0199#33.51#29.05#37.44
-93.1067,49.0193#33.42#29.03#37.55
-93.0436,49.0188#33.33#29#37.67
-92.9805,49.0182#33.24#28.98#37.78
-92.9173,49.0175#33.16#28.96#37.88
-92.8542,49.0169#33.07#28.95#37.98
-92.7911,49.0162#32.99#28.93#38.08
-92.728,49.0155#32.91#28.92#38.17
-92.6648,49.0148#32.83#28.9#38.27
-92.6017,49.0141#32.75#28.88#38.37
-92.5386,49.0134#32.66#28.87#38.47
-92.4755,49.0126#32.58#28.85#38.57
-92.4123,49.0118#32.51#28.84#38.65
-92.3492,49.011#32.44#28.83#38.73
-92.2861,49.0102#32.36#28.82#38.82
-92.223,49.0094#32.29#28.82#38.89
-92.1599,49.0085#32.21#28.81#38.98
-92.0968,49.0076#32.14#28.8#39.06
-92.0336,49.0067#32.07#28.79#39.14
-91.9705,49.0058#32#28.78#39.22
-91.9074,49.0049#31.95#28.77#39.28
-91.8443,49.0039#31.9#28.77#39.33
-91.7812,49.003#31.85#28.76#39.39
-91.7181,49.002#31.8#28.76#39.44
-91.655,49.001#31.75#28.75#39.5
-91.5919,48.9999#31.69#28.75#39.56
-91.5288,48.9989#31.64#28.74#39.62
-91.4657,48.9978#31.6#28.74#39.66
-91.4026,48.9967#31.57#28.73#39.7
-91.3395,48.9956#31.54#28.73#39.73
-91.2764,48.9945#31.5#28.72#39.78
-91.2133,48.9933#31.47#28.72#39.81
-91.1502,48.9922#31.44#28.72#39.84
-91.0871,48.991#31.4#28.71#39.89
-91.024,48.9898#31.37#28.71#39.92
-90.9609,48.9885#31.35#28.7#39.95
-90.8979,48.9873#31.34#28.7#39.96
-90.8348,48.986#31.33#28.7#39.97
-90.7717,48.9848#31.33#28.7#39.97
-90.7086,48.9835#31.32#28.7#39.98
-90.6455,48.9821#31.31#28.69#40
-90.5825,48.9808#31.3#28.69#40.01
-90.5194,48.9794#31.29#28.69#40.02
-90.4563,48.9781#31.3#28.69#40.01
-90.3932,48.9767#31.31#28.69#40
-90.3302,48.9752#31.31#28.69#40
-90.2671,48.9738#31.32#28.68#40
-90.204,48.9724#31.33#28.68#39.99
-90.141,48.9709#31.34#28.68#39.98
-90.0779,48.9694#31.35#28.68#39.97
-90.0149,48.9679#31.36#28.68#39.96
-89.9518,48.9663#31.37#28.68#39.95
-89.8887,48.9648#31.39#28.68#39.93
-89.8257,48.9632#31.4#28.68#39.92
-89.7626,48.9616#31.41#28.68#39.91
-89.6996,48.96#31.43#28.68#39.89
-89.6365,48.9584#31.44#28.68#39.88
-89.5735,48.9567#31.45#28.68#39.87
-89.5105,48.9551#31.47#28.68#39.85
-89.4474,48.9534#31.48#28.68#39.84
-89.3844,48.9517#31.49#28.68#39.83
-89.3214,48.95#31.5#28.68#39.82
-89.2583,48.9482#31.51#28.68#39.81
-89.1953,48.9464#31.52#28.68#39.8
-89.1323,48.9447#31.53#28.68#39.79
-89.0693,48.9429#31.54#28.68#39.78
-89.0062,48.941#31.55#28.68#39.77
-88.9432,48.9392#31.54#28.68#39.78
-88.8802,48.9373#31.52#28.68#39.8
-88.8172,48.9355#31.5#28.68#39.82
-88.7542,48.9336#31.48#28.68#39.84
-88.6912,48.9316#31.46#28.68#39.86
-88.6282,48.9297#31.45#28.68#39.87
-88.5652,48.9277#31.43#28.68#39.89
-88.5022,48.9258#31.41#28.68#39.91
-88.4392,48.9238#31.35#28.68#39.97
-88.3762,48.9218#31.28#28.68#40.04
-88.3132,48.9197#31.22#28.68#40.1
-88.2502,48.9177#31.16#28.68#40.16
-88.1872,48.9156#31.09#28.68#40.23
-88.1242,48.9135#31.03#28.69#40.28
-88.0612,48.9114#30.96#28.69#40.35
-87.9983,48.9093#30.9#28.69#40.41
-87.9353,48.9071#30.82#28.69#40.49
-87.8723,48.905#30.74#28.69#40.57
-87.8094,48.9028#30.66#28.69#40.65
-87.7464,48.9006#30.58#28.7#40.72
-103.329,48.9014#40.42#29.79#29.79
-103.266,48.904#40.39#29.79#29.82
-103.203,48.9065#40.36#29.79#29.85
-103.14,48.909#40.34#29.78#29.88
-103.077,48.9114#40.31#29.78#29.91
-103.014,48.9139#40.28#29.77#29.95
-102.951,48.9163#40.27#29.76#29.97
-102.888,48.9188#40.26#29.75#29.99
-102.826,48.9212#40.25#29.74#30.01
-102.763,48.9235#40.24#29.73#30.03
-102.7,48.9259#40.24#29.72#30.04
-102.637,48.9282#40.23#29.71#30.06
-102.574,48.9306#40.22#29.7#30.08
-102.511,48.9329#40.21#29.69#30.1
-102.448,48.9352#40.2#29.68#30.12
-102.385,48.9374#40.19#29.67#30.14
-102.322,48.9397#40.19#29.67#30.14
-102.259,48.9419#40.18#29.66#30.16
-102.196,48.9441#40.17#29.65#30.18
-102.133,48.9463#40.16#29.65#30.19
-102.07,48.9485#40.15#29.64#30.21
-102.007,48.9506#40.15#29.63#30.22
-101.944,48.9527#40.15#29.63#30.22
-101.881,48.9549#40.15#29.63#30.22
-101.818,48.9569#40.15#29.63#30.22
-101.755,48.959#40.15#29.63#30.22
-101.692,48.9611#40.15#29.63#30.22
-101.629,48.9631#40.16#29.63#30.21
-101.566,48.9651#40.16#29.63#30.21
-101.503,48.9671#40.16#29.63#30.21
-101.44,48.9691#40.16#29.64#30.2
-101.377,48.9711#40.16#29.64#30.2
-101.314,48.973#40.17#29.65#30.18
-101.25,48.9749#40.17#29.65#30.18
-101.187,48.9768#40.17#29.66#30.17
-101.124,48.9787#40.17#29.66#30.17
-101.061,48.9805#40.18#29.67#30.15
-100.998,48.9824#40.18#29.67#30.15
-100.935,48.9842#40.18#29.68#30.14
-100.872,48.986#40.17#29.69#30.14
-100.809,48.9878#40.17#29.69#30.14
-100.746,48.9896#40.17#29.7#30.13
-100.683,48.9913#40.17#29.71#30.12
-100.62,48.993#40.16#29.72#30.12
-100.557,48.9947#40.16#29.72#30.12
-100.494,48.9964#40.16#29.73#30.11
-100.431,48.9981#40.15#29.74#30.11
-100.368,48.9997#40.15#29.74#30.11
-100.305,49.0014#40.15#29.75#30.1
-100.242,49.003#40.14#29.76#30.1
-100.178,49.0046#40.14#29.76#30.1
-100.115,49.0061#40.14#29.77#30.09
-100.052,49.0077#40.14#29.78#30.08
-99.9892,49.0092#40.13#29.79#30.08
-99.9261,49.0107#40.11#29.79#30.1
-99.863,49.0122#40.09#29.8#30.11
-99.7999,49.0137#40.07#29.8#30.13
-99.7369,49.0152#40.05#29.81#30.14
-99.6738,49.0166#40.03#29.81#30.16
-99.6107,49.018#40.01#29.82#30.17
-99.5476,49.0194#39.99#29.82#30.19
-99.4845,49.0208#39.97#29.83#30.2
-99.4214,49.0222#39.95#29.83#30.22
-99.3582,49.0235#39.93#29.83#30.24
-99.2951,49.0248#39.91#29.84#30.25
-99.232,49.0261#39.89#29.84#30.27
-99.1689,49.0274#39.87#29.84#30.29
-99.1058,49.0287#39.85#29.85#30.3
-99.0427,49.0299#39.83#29.85#30.32
-98.9796,49.0311#39.81#29.85#30.34
-98.9165,49.0323#39.78#29.85#30.37
-98.8533,49.0335#39.76#29.85#30.39
-98.7902,49.0347#39.73#29.85#30.42
-98.7271,49.0358#39.7#29.85#30.45
-98.664,49.037#39.68#29.86#30.46
-98.6008,49.0381#39.65#29.86#30.49
-98.5377,49.0392#39.62#29.86#30.52
-98.4746,49.0402#39.59#29.86#30.55
-98.4114,49.0413#39.56#29.86#30.58
-98.3483,49.0423#39.53#29.86#30.61
-98.2852,49.0433#39.5#29.85#30.65
-98.222,49.0443#39.47#29.85#30.68
-98.1589,49.0453#39.44#29.85#30.71
-98.0958,49.0463#39.41#29.85#30.74
-98.0326,49.0472#39.38#29.85#30.77
-97.9695,49.0481#39.35#29.85#30.8
-97.9063,49.049#39.32#29.85#30.83
-97.8432,49.0499#39.28#29.85#30.87
-97.7801,49.0507#39.25#29.84#30.91
-97.7169,49.0516#39.22#29.84#30.94
-97.6538,49.0524#39.18#29.84#30.98
-97.5906,49.0532#39.15#29.84#31.01
-97.5275,49.054#39.11#29.84#31.05
-97.4643,49.0548#39.07#29.84#31.09
-97.4012,49.0555#39.02#29.83#31.15
-97.338,49.0562#38.98#29.83#31.19
-97.2749,49.0569#38.93#29.83#31.24
-97.2117,49.0576#38.88#29.83#31.29
-97.1485,49.0583#38.83#29.83#31.34
-97.0854,49.0589#38.78#29.83#31.39
-97.0222,49.0595#38.74#29.82#31.44
-96.9591,49.0602#38.69#29.82#31.49
-96.8959,49.0607#38.63#29.82#31.55
-96.8328,49.0613#38.58#29.82#31.6
-96.7696,49.0619#38.52#29.82#31.66
-96.7064,49.0624#38.47#29.82#31.71
-96.6433,49.0629#38.42#29.82#31.76
-96.5801,49.0634#38.36#29.82#31.82
-96.5169,49.0639#38.31#29.82#31.87
-96.4538,49.0643#38.24#29.81#31.95
-96.3906,49.0648#38.17#29.81#32.02
-96.3274,49.0652#38.1#29.81#32.09
-96.2643,49.0656#38.02#29.81#32.17
-96.2011,49.0659#37.95#29.81#32.24
-96.1379,49.0663#37.88#29.81#32.31
-96.0748,49.0666#37.81#29.81#32.38
-96.0116,49.067#37.73#29.81#32.46
-95.9484,49.0673#37.65#29.81#32.54
-95.8853,49.0675#37.57#29.8#32.63
-95.8221,49.0678#37.48#29.8#32.72
-95.7589,49.068#37.4#29.8#32.8
-95.6958,49.0683#37.31#29.79#32.9
-95.6326,49.0685#37.23#29.79#32.98
-95.5694,49.0686#37.14#29.79#33.07
-95.5062,49.0688#37.06#29.78#33.16
-95.4431,49.069#36.96#29.78#33.26
-95.3799,49.0691#36.87#29.77#33.36
-95.3167,49.0692#36.77#29.76#33.47
-95.2536,49.0693#36.67#29.75#33.58
-95.1904,49.0693#36.58#29.74#33.68
-95.1272,49.0694#36.48#29.73#33.79
-95.064,49.0694#36.38#29.72#33.9
-95.0009,49.0694#36.29#29.71#34
-94.9377,49.0694#36.19#29.69#34.12
-94.8745,49.0694#36.08#29.68#34.24
-94.8114,49.0693#35.98#29.66#34.36
-94.7482,49.0693#35.88#29.64#34.48
-94.685,49.0692#35.78#29.63#34.59
-94.6218,49.0691#35.68#29.61#34.71
-94.5587,49.069#35.58#29.59#34.83
-94.4955,49.0688#35.47#29.58#34.95
-94.4323,49.0686#35.38#29.55#35.07
-94.3692,49.0685#35.28#29.53#35.19
-94.306,49.0683#35.18#29.51#35.31
-94.2428,49.068#35.08#29.49#35.43
-94.1796,49.0678#34.98#29.46#35.56
-94.1165,49.0675#34.88#29.44#35.68
-94.0533,49.0673#34.78#29.42#35.8
-93.9901,49.067#34.68#29.39#35.93
-93.927,49.0666#34.58#29.37#36.05
-93.8638,49.0663#34.48#29.34#36.18
-93.8006,49.066#34.38#29.31#36.31
-93.7375,49.0656#34.28#29.29#36.43
-93.6743,49.0652#34.19#29.26#36.55
-93.6111,49.0648#34.09#29.23#36.68
-93.548,49.0643#33.99#29.21#36.8
-93.4848,49.0639#33.89#29.18#36.93
-93.4216,49.0634#33.8#29.16#37.04
-93.3585,49.0629#33.71#29.13#37.16
-93.2953,49.0624#33.61#29.11#37.28
-93.2322,49.0619#33.52#29.09#37.39
-93.169,49.0613#33.43#29.06#37.51
-93.1058,49.0608#33.34#29.04#37.62
-93.0427,49.0602#33.24#29.02#37.74
-92.9795,49.0596#33.16#28.99#37.85
-92.9164,49.0589#33.07#28.98#37.95
-92.8532,49.0583#32.99#28.96#38.05
-92.79,49.0576#32.91#28.94#38.15
-92.7269,49.0569#32.83#28.93#38.24
-92.6637,49.0562#32.74#28.91#38.35
-92.6006,49.0555#32.66#28.89#38.45
-92.5374,49.0548#32.58#28.87#38.55
-92.4743,49.054#32.5#28.86#38.64
-92.4111,49.0532#32.43#28.85#38.72
-92.348,49.0524#32.35#28.84#38.81
-92.2848,49.0516#32.28#28.83#38.89
-92.2217,49.0508#32.21#28.82#38.97
-92.1585,49.0499#32.13#28.81#39.06
-92.0954,49.049#32.06#28.8#39.14
-92.0323,49.0481#31.98#28.79#39.23
-91.9691,49.0472#31.92#28.78#39.3
-91.906,49.0463#31.87#28.78#39.35
-91.8428,49.0453#31.82#28.77#39.41
-91.7797,49.0444#31.77#28.77#39.46
-91.7166,49.0434#31.72#28.76#39.52
-91.6534,49.0424#31.67#28.75#39.58
-91.5903,49.0413#31.62#28.75#39.63
-91.5272,49.0403#31.57#28.74#39.69
-91.464,49.0392#31.53#28.74#39.73
-91.4009,49.0381#31.49#28.73#39.78
-91.3378,49.037#31.46#28.73#39.81
-91.2747,49.0359#31.43#28.72#39.85
-91.2115,49.0347#31.39#28.72#39.89
-91.1484,49.0336#31.36#28.71#39.93
-91.0853,49.0324#31.33#28.71#39.96
-91.0222,49.0312#31.3#28.71#39.99
-90.9591,49.03#31.28#28.7#40.02
-90.8959,49.0287#31.27#28.7#40.03
-90.8328,49.0274#31.26#28.7#40.04
-90.7697,49.0262#31.25#28.7#40.05
-90.7066,49.0249#31.24#28.69#40.07
-90.6435,49.0235#31.23#28.69#40.08
-90.5804,49.0222#31.22#28.69#40.09
-90.5173,49.0208#31.21#28.69#40.1
-90.4542,49.0195#31.22#28.69#40.09
-90.3911,49.0181#31.22#28.68#40.1
-90.328,49.0166#31.23#28.68#40.09
-90.2649,49.0152#31.24#28.68#40.08
-90.2018,49.0138#31.25#28.68#40.07
-90.1387,49.0123#31.26#28.68#40.06
-90.0756,49.0108#31.26#28.68#40.06
-90.0125,49.0093#31.27#28.68#40.05
-89.9494,49.0077#31.28#28.68#40.04
-89.8864,49.0062#31.29#28.68#40.03
-89.8233,49.0046#31.3#28.68#40.02
-89.7602,49.003#31.32#28.67#40.01
-89.6971,49.0014#31.33#28.67#40
-89.6341,48.9998#31.34#28.67#39.99
-89.571,48.9981#31.35#28.67#39.98
-89.5079,48.9965#31.36#28.67#39.97
-89.4448,48.9948#31.37#28.67#39.96
-89.3818,48.9931#31.38#28.67#39.95
-89.3187,48.9914#31.39#28.67#39.94
-89.2557,48.9896#31.39#28.67#39.94
-89.1926,48.9878#31.4#28.67#39.93
-89.1295,48.9861#31.41#28.67#39.92
-89.0665,48.9843#31.42#28.67#39.91
-89.0034,48.9824#31.43#28.67#39.9
-88.9404,48.9806#31.41#28.67#39.92
-88.8773,48.9787#31.39#28.67#39.94
-88.8143,48.9769#31.37#28.67#39.96
-88.7513,48.975#31.35#28.67#39.98
-88.6882,48.973#31.34#28.67#39.99
-88.6252,48.9711#31.32#28.68#40
-88.5622,48.9691#31.3#28.68#40.02
-88.4991,48.9672#31.28#28.68#40.04
-88.4361,48.9652#31.22#28.68#40.1
-88.3731,48.9632#31.16#28.68#40.16
-88.3101,48.9611#31.1#28.68#40.22
-88.2471,48.9591#31.03#28.68#40.29
-88.184,48.957#30.97#28.68#40.35
-88.121,48.9549#30.91#28.68#40.41
-88.058,48.9528#30.85#28.68#40.47
-87.995,48.9507#30.78#28.68#40.54
-87.932,48.9485#30.71#28.69#40.6
-87.869,48.9464#30.63#28.69#40.68
-87.806,48.9442#30.55#28.69#40.76
-87.743,48.942#30.47#28.69#40.84
-87.68,48.9397#30.4#28.69#40.91
-87.617,48.9375#30.32#28.7#40.98
-87.5541,48.9352#30.24#28.7#41.06
-87.4911,48.9329#30.16#28.7#41.14
-87.4281,48.9306#30.11#28.7#41.19
-87.3651,48.9283#30.06#28.71#41.23
-87.3022,48.926#30.01#28.71#41.28
-87.2392,48.9236#29.96#28.71#41.33
-87.1762,48.9212#29.91#28.72#41.37
-87.1133,48.9188#29.86#28.72#41.42
-87.0503,48.9164#29.81#28.72#41.47
-86.9874,48.914#29.76#28.74#41.5
-86.9244,48.9115#29.71#28.8#41.49
-86.8615,48.909#29.65#28.87#41.48
-86.7985,48.9065#29.6#28.93#41.47
-86.7356,48.904#29.55#29#41.45
-86.6726,48.9015#29.5#29.06#41.44
-104.277,48.9025#40.82#29.76#29.42
-104.214,48.9053#40.78#29.77#29.45
-104.151,48.9081#40.75#29.77#29.48
-104.088,48.9109#40.71#29.78#29.51
-104.025,48.9136#40.68#29.78#29.54
-103.962,48.9164#40.64#29.79#29.57
-103.899,48.9191#40.61#29.79#29.6
-103.837,48.9218#40.58#29.79#29.63
-103.774,48.9245#40.55#29.79#29.66
-103.711,48.9272#40.51#29.8#29.69
-103.648,48.9298#40.48#29.8#29.72
-103.585,48.9325#40.45#29.8#29.75
-103.522,48.9351#40.42#29.8#29.78
-103.459,48.9377#40.39#29.8#29.81
-103.396,48.9402#40.36#29.8#29.84
-103.333,48.9428#40.33#29.79#29.88
-103.27,48.9453#40.31#29.79#29.9
-103.207,48.9478#40.28#29.78#29.94
-103.144,48.9503#40.25#29.77#29.98
-103.081,48.9528#40.23#29.77#30
-103.018,48.9553#40.2#29.76#30.04
-102.955,48.9577#40.19#29.75#30.06
-102.892,48.9601#40.18#29.74#30.08
-102.829,48.9625#40.17#29.73#30.1
-102.766,48.9649#40.16#29.72#30.12
-102.703,48.9673#40.15#29.71#30.14
-102.64,48.9696#40.14#29.69#30.17
-102.577,48.9719#40.14#29.68#30.18
-102.514,48.9743#40.13#29.67#30.2
-102.451,48.9765#40.12#29.66#30.22
-102.388,48.9788#40.11#29.65#30.24
-102.325,48.9811#40.1#29.65#30.25
-102.262,48.9833#40.1#29.64#30.26
-102.199,48.9855#40.09#29.63#30.28
-102.136,48.9877#40.08#29.63#30.29
-102.073,48.9898#40.07#29.62#30.31
-102.01,48.992#40.07#29.61#30.32
-101.947,48.9941#40.07#29.61#30.32
-101.884,48.9962#40.07#29.61#30.32
-101.821,48.9983#40.07#29.61#30.32
-101.758,49.0004#40.07#29.61#30.32
-101.695,49.0025#40.08#29.61#30.31
-101.632,49.0045#40.08#29.61#30.31
-101.569,49.0065#40.08#29.61#30.31
-101.506,49.0085#40.08#29.61#30.31
-101.443,49.0105#40.09#29.62#30.29
-101.38,49.0124#40.09#29.62#30.29
-101.316,49.0144#40.09#29.63#30.28
-101.253,49.0163#40.1#29.63#30.27
-101.19,49.0182#40.1#29.64#30.26
-101.127,49.0201#40.1#29.64#30.26
-101.064,49.0219#40.11#29.65#30.24
-101.001,49.0238#40.11#29.65#30.24
-100.938,49.0256#40.11#29.66#30.23
-100.875,49.0274#40.1#29.67#30.23
-100.812,49.0292#40.1#29.67#30.23
-100.749,49.0309#40.1#29.68#30.22
-100.686,49.0327#40.1#29.69#30.21
-100.623,49.0344#40.09#29.7#30.21
-100.559,49.0361#40.09#29.7#30.21
-100.496,49.0378#40.09#29.71#30.2
-100.433,49.0395#40.09#29.72#30.19
-100.37,49.0411#40.08#29.73#30.19
-100.307,49.0428#40.08#29.73#30.19
-100.244,49.0444#40.08#29.74#30.18
-100.181,49.046#40.08#29.75#30.17
-100.118,49.0475#40.07#29.75#30.18
-100.055,49.0491#40.07#29.76#30.17
-99.9915,49.0506#40.07#29.77#30.16
-99.9284,49.0521#40.05#29.77#30.18
-99.8653,49.0536#40.02#29.78#30.2
-99.8022,49.0551#40#29.79#30.21
-99.7391,49.0566#39.98#29.79#30.23
-99.6759,49.058#39.96#29.8#30.24
-99.6128,49.0594#39.94#29.8#30.26
-99.5497,49.0608#39.92#29.81#30.27
-99.4865,49.0622#39.9#29.81#30.29
-99.4234,49.0636#39.88#29.82#30.3
-99.3603,49.0649#39.86#29.82#30.32
-99.2971,49.0662#39.84#29.82#30.34
-99.234,49.0675#39.82#29.83#30.35
-99.1709,49.0688#39.8#29.83#30.37
-99.1077,49.0701#39.78#29.83#30.39
-99.0446,49.0713#39.76#29.84#30.4
-98.9814,49.0725#39.74#29.84#30.42
-98.9183,49.0737#39.71#29.84#30.45
-98.8551,49.0749#39.68#29.84#30.48
-98.792,49.0761#39.65#29.84#30.51
-98.7288,49.0772#39.62#29.84#30.54
-98.6657,49.0784#39.6#29.85#30.55
-98.6025,49.0795#39.57#29.85#30.58
-98.5394,49.0806#39.54#29.85#30.61
-98.4762,49.0816#39.51#29.85#30.64
-98.413,49.0827#39.48#29.85#30.67
-98.3499,49.0837#39.45#29.85#30.7
-98.2867,49.0847#39.42#29.85#30.73
-98.2235,49.0857#39.39#29.85#30.76
-98.1604,49.0867#39.35#29.85#30.8
-98.0972,49.0877#39.32#29.85#30.83
-98.034,49.0886#39.29#29.85#30.86
-97.9709,49.0895#39.26#29.84#30.9
-97.9077,49.0904#39.22#29.84#30.94
-97.8445,49.0913#39.19#29.84#30.97
-97.7814,49.0921#39.15#29.84#31.01
-97.7182,49.093#39.12#29.84#31.04
-97.655,49.0938#39.08#29.84#31.08
-97.5918,49.0946#39.05#29.84#31.11
-97.5286,49.0954#39.01#29.83#31.16
-97.4655,49.0961#38.97#29.83#31.2
-97.4023,49.0969#38.92#29.83#31.25
-97.3391,49.0976#38.87#29.83#31.3
-97.2759,49.0983#38.83#29.83#31.34
-97.2127,49.099#38.78#29.83#31.39
-97.1495,49.0997#38.73#29.82#31.45
-97.0864,49.1003#38.68#29.82#31.5
-97.0232,49.1009#38.64#29.82#31.54
-96.96,49.1015#38.58#29.82#31.6
-96.8968,49.1021#38.53#29.82#31.65
-96.8336,49.1027#38.47#29.82#31.71
-96.7704,49.1033#38.42#29.82#31.76
-96.7072,49.1038#38.37#29.82#31.81
-96.644,49.1043#38.31#29.82#31.87
-96.5808,49.1048#38.26#29.81#31.93
-96.5176,49.1053#38.2#29.81#31.99
-96.4545,49.1057#38.14#29.81#32.05
-96.3913,49.1061#38.07#29.81#32.12
-96.3281,49.1066#37.99#29.81#32.2
-96.2649,49.107#37.92#29.81#32.27
-96.2017,49.1073#37.85#29.81#32.34
-96.1385,49.1077#37.78#29.81#32.41
-96.0753,49.108#37.71#29.81#32.48
-96.0121,49.1083#37.64#29.81#32.55
-95.9489,49.1086#37.55#29.81#32.64
-95.8857,49.1089#37.47#29.8#32.73
-95.8225,49.1092#37.39#29.8#32.81
-95.7593,49.1094#37.3#29.8#32.9
-95.6961,49.1097#37.22#29.8#32.98
-95.6329,49.1099#37.13#29.79#33.08
-95.5697,49.11#37.05#29.79#33.16
-95.5065,49.1102#36.96#29.79#33.25
-95.4433,49.1103#36.87#29.78#33.35
-95.3801,49.1105#36.77#29.77#33.46
-95.3169,49.1106#36.68#29.76#33.56
-95.2537,49.1107#36.58#29.75#33.67
-95.1905,49.1107#36.48#29.74#33.78
-95.1273,49.1108#36.39#29.74#33.87
-95.0641,49.1108#36.29#29.73#33.98
-95.0009,49.1108#36.2#29.72#34.08
-94.9377,49.1108#36.1#29.7#34.2
-94.8745,49.1108#35.99#29.69#34.32
-94.8113,49.1107#35.89#29.67#34.44
-94.7481,49.1107#35.79#29.65#34.56
-94.6849,49.1106#35.69#29.64#34.67
-94.6217,49.1105#35.59#29.62#34.79
-94.5585,49.1104#35.49#29.61#34.9
-94.4953,49.1102#35.39#29.59#35.02
-94.4321,49.11#35.29#29.57#35.14
-94.3689,49.1099#35.19#29.55#35.26
-94.3057,49.1097#35.09#29.52#35.39
-94.2425,49.1094#34.99#29.5#35.51
-94.1793,49.1092#34.89#29.48#35.63
-94.1161,49.1089#34.79#29.46#35.75
-94.0529,49.1087#34.69#29.43#35.88
-93.9897,49.1084#34.59#29.41#36
-93.9265,49.108#34.5#29.38#36.12
-93.8633,49.1077#34.4#29.36#36.24
-93.8001,49.1073#34.3#29.33#36.37
-93.7369,49.107#34.2#29.3#36.5
-93.6737,49.1066#34.1#29.28#36.62
-93.6105,49.1062#34#29.25#36.75
-93.5473,49.1057#33.9#29.22#36.88
-93.4841,49.1053#33.81#29.2#36.99
-93.4209,49.1048#33.71#29.17#37.12
-93.3577,49.1043#33.62#29.15#37.23
-93.2945,49.1038#33.53#29.13#37.34
-93.2313,49.1033#33.44#29.1#37.46
-93.1681,49.1027#33.35#29.08#37.57
-93.105,49.1022#33.25#29.05#37.7
-93.0418,49.1016#33.16#29.03#37.81
-92.9786,49.101#33.07#29.01#37.92
-92.9154,49.1003#32.99#28.99#38.02
-92.8522,49.0997#32.91#28.97#38.12
-92.789,49.099#32.82#28.95#38.23
-92.7258,49.0983#32.74#28.93#38.33
-92.6626,49.0976#32.66#28.92#38.42
-92.5995,49.0969#32.58#28.9#38.52
-92.5363,49.0962#32.49#28.88#38.63
-92.4731,49.0954#32.42#28.87#38.71
-92.4099,49.0946#32.34#28.86#38.8
-92.3467,49.0938#32.27#28.85#38.88
-92.2836,49.093#32.2#28.84#38.96
-92.2204,49.0922#32.12#28.83#39.05
-92.1572,49.0913#32.05#28.82#39.13
-92.094,49.0904#31.98#28.8#39.22
-92.0309,49.0895#31.9#28.79#39.31
-91.9677,49.0886#31.84#28.79#39.37
-91.9045,49.0877#31.79#28.78#39.43
-91.8414,49.0867#31.74#28.77#39.49
-91.7782,49.0858#31.69#28.77#39.54
-91.715,49.0848#31.64#28.76#39.6
-91.6519,49.0837#31.59#28.75#39.66
-91.5887,49.0827#31.54#28.75#39.71
-91.5255,49.0817#31.49#28.74#39.77
-91.4624,49.0806#31.45#28.74#39.81
-91.3992,49.0795#31.42#28.73#39.85
-91.3361,49.0784#31.39#28.73#39.88
-91.2729,49.0773#31.35#28.72#39.93
-91.2098,49.0761#31.32#28.72#39.96
-91.1466,49.075#31.29#28.71#40
-91.0835,49.0738#31.25#28.71#40.04
-91.0203,49.0726#31.22#28.71#40.07
-90.9572,49.0713#31.2#28.7#40.1
-90.894,49.0701#31.19#28.7#40.11
-90.8309,49.0688#31.18#28.7#40.12
-90.7677,49.0676#31.17#28.69#40.14
-90.7046,49.0663#31.16#28.69#40.15
-90.6415,49.0649#31.15#28.69#40.16
-90.5783,49.0636#31.14#28.69#40.17
-90.5152,49.0622#31.13#28.69#40.18
-90.4521,49.0609#31.14#28.68#40.18
-90.3889,49.0595#31.14#28.68#40.18
-90.3258,49.058#31.15#28.68#40.17
-90.2627,49.0566#31.15#28.68#40.17
-90.1996,49.0551#31.16#28.68#40.16
-90.1364,49.0537#31.17#28.68#40.15
-90.0733,49.0522#31.17#28.68#40.15
-90.0102,49.0507#31.18#28.67#40.15
-89.9471,49.0491#31.19#28.67#40.14
-89.884,49.0476#31.2#28.67#40.13
-89.8209,49.046#31.21#28.67#40.12
-89.7578,49.0444#31.22#28.67#40.11
-89.6947,49.0428#31.23#28.67#40.1
-89.6316,49.0412#31.24#28.67#40.09
-89.5684,49.0395#31.25#28.67#40.08
-89.5054,49.0379#31.26#28.67#40.07
-89.4423,49.0362#31.26#28.67#40.07
-89.3792,49.0345#31.27#28.67#40.06
-89.3161,49.0327#31.27#28.67#40.06
-89.253,49.031#31.28#28.67#40.05
-89.1899,49.0292#31.29#28.67#40.04
-89.1268,49.0275#31.29#28.67#40.04
-89.0637,49.0256#31.3#28.67#40.03
-89.0006,49.0238#31.3#28.67#40.03
-88.9376,49.022#31.28#28.67#40.05
-88.8745,49.0201#31.27#28.67#40.06
-88.8114,49.0182#31.25#28.67#40.08
-88.7484,49.0163#31.23#28.67#40.1
-88.6853,49.0144#31.21#28.67#40.12
-88.6222,49.0125#31.19#28.67#40.14
-88.5592,49.0105#31.17#28.67#40.16
-88.4961,49.0086#31.15#28.67#40.18
-88.4331,49.0066#31.09#28.67#40.24
-88.37,49.0045#31.03#28.67#40.3
-88.307,49.0025#30.97#28.68#40.35
-88.2439,49.0005#30.91#28.68#40.41
-88.1809,48.9984#30.85#28.68#40.47
-88.1178,48.9963#30.79#28.68#40.53
-88.0548,48.9942#30.73#28.68#40.59
-87.9918,48.9921#30.67#28.68#40.65
-87.9287,48.9899#30.59#28.68#40.73
-87.8657,48.9877#30.52#28.68#40.8
-87.8027,48.9855#30.44#28.69#40.87
-87.7396,48.9833#30.37#28.69#40.94
-87.6766,48.9811#30.29#28.69#41.02
-87.6136,48.9789#30.22#28.69#41.09
-87.5506,48.9766#30.14#28.69#41.17
-87.4876,48.9743#30.07#28.7#41.23
-87.4246,48.972#30.02#28.7#41.28
-87.3616,48.9697#29.97#28.7#41.33
-87.2986,48.9673#29.92#28.7#41.38
-87.2356,48.965#29.87#28.71#41.42
-87.1726,48.9626#29.81#28.71#41.48
-87.1096,48.9602#29.76#28.71#41.53
-87.0466,48.9578#29.71#28.72#41.57
-86.9836,48.9553#29.66#28.74#41.6
-86.9207,48.9529#29.61#28.8#41.59
-86.8577,48.9504#29.56#28.87#41.57
-86.7947,48.9479#29.51#28.93#41.56
-86.7317,48.9454#29.46#29#41.54
-86.6688,48.9429#29.41#29.06#41.53
-86.6058,48.9403#29.36#29.13#41.51
-86.5429,48.9377#29.31#29.2#41.49
-86.4799,48.9351#29.26#29.26#41.48
-86.4169,48.9325#29.22#29.34#41.44
-86.354,48.9299#29.18#29.41#41.41
-86.2911,48.9273#29.14#29.48#41.38
-86.2281,48.9246#29.09#29.56#41.35
-86.1652,48.9219#29.05#29.63#41.32
-86.1023,48.9192#29.01#29.71#41.28
-86.0393,48.9165#28.97#29.78#41.25
-85.9764,48.9137#28.93#29.84#41.23
-85.9135,48.9109#28.9#29.87#41.23
-85.8506,48.9082#28.88#29.9#41.22
-85.7877,48.9054#28.85#29.93#41.22
-85.7247,48.9025#28.82#29.96#41.22
-105.162,48.9022#41.26#29.56#29.18
-105.099,48.9053#41.22#29.58#29.2
-105.036,48.9084#41.18#29.6#29.22
-104.973,48.9115#41.15#29.62#29.23
-104.91,48.9145#41.11#29.63#29.26
