-97.9913,31.9003#35.45#31.87#32.68
-97.938,31.9013#35.59#31.83#32.58
-97.8846,31.9023#35.74#31.8#32.46
-97.8312,31.9032#35.88#31.76#32.36
-97.7778,31.9042#36.03#31.73#32.24
-97.7244,31.9051#36.18#31.69#32.13
-97.671,31.906#36.32#31.65#32.03
-97.6176,31.9069#36.47#31.62#31.91
-97.5642,31.9077#36.62#31.58#31.8
-97.5108,31.9086#36.77#31.54#31.69
-97.4574,31.9094#36.91#31.48#31.61
-97.404,31.9102#37.06#31.42#31.52
-97.3506,31.911#37.21#31.35#31.44
-97.2972,31.9118#37.36#31.29#31.35
-97.2439,31.9126#37.51#31.22#31.27
-97.1905,31.9133#37.66#31.16#31.18
-97.1371,31.914#37.8#31.09#31.11
-97.0837,31.9147#37.95#31.03#31.02
-97.0303,31.9154#38.1#30.96#30.94
-96.9769,31.9161#38.23#30.9#30.87
-96.9235,31.9167#38.34#30.84#30.82
-96.8701,31.9174#38.45#30.78#30.77
-96.8166,31.918#38.57#30.72#30.71
-96.7632,31.9186#38.68#30.66#30.66
-96.7098,31.9192#38.79#30.6#30.61
-96.6564,31.9197#38.9#30.54#30.56
-96.603,31.9203#39.01#30.48#30.51
-96.5496,31.9208#39.12#30.42#30.46
-96.4962,31.9213#39.23#30.37#30.4
-96.4428,31.9218#39.32#30.35#30.33
-96.3894,31.9223#39.41#30.32#30.27
-96.336,31.9227#39.5#30.3#30.2
-96.2826,31.9232#39.59#30.28#30.13
-96.2292,31.9236#39.67#30.26#30.07
-96.1758,31.924#39.76#30.24#30
-96.1224,31.9244#39.85#30.22#29.93
-96.069,31.9247#39.94#30.2#29.86
-96.0156,31.9251#40.03#30.18#29.79
-95.9621,31.9254#40.1#30.16#29.74
-95.9087,31.9257#40.17#30.16#29.67
-95.8553,31.926#40.24#30.15#29.61
-95.8019,31.9263#40.3#30.14#29.56
-95.7485,31.9266#40.37#30.13#29.5
-95.6951,31.9268#40.44#30.12#29.44
-95.6417,31.927#40.5#30.12#29.38
-95.5883,31.9272#40.57#30.11#29.32
-95.5349,31.9274#40.64#30.1#29.26
-95.4814,31.9276#40.69#30.1#29.21
-95.428,31.9277#40.74#30.09#29.17
-95.3746,31.9279#40.78#30.09#29.13
-95.3212,31.928#40.82#30.09#29.09
-95.2678,31.9281#40.86#30.08#29.06
-95.2144,31.9282#40.91#30.08#29.01
-95.161,31.9282#40.95#30.08#28.97
-95.1076,31.9283#40.99#30.07#28.94
-95.0542,31.9283#41.03#30.07#28.9
-95.0007,31.9283#41.07#30.07#28.86
-94.9473,31.9283#41.1#30.07#28.83
-94.8939,31.9283#41.13#30.07#28.8
-94.8405,31.9282#41.16#30.07#28.77
-94.7871,31.9282#41.19#30.07#28.74
-94.7337,31.9281#41.21#30.07#28.72
-94.6803,31.928#41.24#30.07#28.69
-94.6269,31.9279#41.27#30.07#28.66
-94.5734,31.9278#41.3#30.07#28.63
-94.52,31.9276#41.32#30.06#28.62
-94.4666,31.9274#41.35#30.07#28.58
-94.4132,31.9272#41.37#30.08#28.55
-94.3598,31.927#41.39#30.09#28.52
-94.3064,31.9268#41.41#30.09#28.5
-94.253,31.9266#41.43#30.1#28.47
-94.1996,31.9263#41.45#30.11#28.44
-94.1462,31.926#41.47#30.12#28.41
-94.0927,31.9257#41.5#30.13#28.37
-94.0393,31.9254#41.52#30.13#28.35
-93.9859,31.9251#41.54#30.14#28.32
-93.9325,31.9248#41.56#30.16#28.28
-93.8791,31.9244#41.58#30.18#28.24
-93.8257,31.924#41.59#30.2#28.21
-93.7723,31.9236#41.61#30.22#28.17
-93.7189,31.9232#41.63#30.23#28.14
-93.6655,31.9227#41.65#30.25#28.1
-93.6121,31.9223#41.67#30.27#28.06
-93.5587,31.9218#41.69#30.29#28.02
-93.5053,31.9213#41.71#30.3#27.99
-93.4518,31.9208#41.72#30.33#27.95
-93.3984,31.9203#41.74#30.35#27.91
-93.345,31.9197#41.76#30.37#27.87
-93.2916,31.9192#41.77#30.39#27.84
-93.2382,31.9186#41.79#30.42#27.79
-93.1848,31.918#41.81#30.44#27.75
-93.1314,31.9174#41.82#30.46#27.72
-93.078,31.9168#41.84#30.48#27.68
-93.0246,31.9161#41.85#30.51#27.64
-92.9712,31.9154#41.88#30.52#27.6
-92.9178,31.9148#41.91#30.53#27.56
-92.8644,31.914#41.94#30.54#27.52
-92.811,31.9133#41.97#30.55#27.48
-92.7576,31.9126#42#30.56#27.44
-92.7042,31.9118#42.04#30.57#27.39
-92.6508,31.911#42.07#30.58#27.35
-92.5974,31.9103#42.1#30.59#27.31
-92.544,31.9094#42.13#30.6#27.27
-92.4906,31.9086#42.16#30.6#27.24
-92.4373,31.9078#42.19#30.59#27.22
-92.3839,31.9069#42.23#30.58#27.19
-92.3305,31.906#42.27#30.57#27.16
-92.2771,31.9051#42.3#30.56#27.14
-92.2237,31.9042#42.34#30.55#27.11
-92.1703,31.9033#42.37#30.54#27.09
-92.1169,31.9023#42.41#30.53#27.06
-92.0635,31.9013#42.44#30.52#27.04
-92.0101,31.9003#42.47#30.51#27.02
-99.8077,31.9013#30.83#33.56#35.61
-99.7544,31.9029#30.93#33.44#35.63
-99.701,31.9045#31.03#33.32#35.65
-99.6476,31.9061#31.14#33.2#35.66
-99.5943,31.9076#31.24#33.08#35.68
-99.5409,31.9091#31.34#32.96#35.7
-99.4875,31.9106#31.44#32.86#35.7
-99.4341,31.9121#31.55#32.82#35.63
-99.3808,31.9136#31.65#32.79#35.56
-99.3274,31.9151#31.76#32.75#35.49
-99.274,31.9165#31.87#32.71#35.42
-99.2206,31.9179#31.98#32.67#35.35
-99.1672,31.9193#32.08#32.64#35.28
-99.1138,31.9207#32.19#32.6#35.21
-99.0605,31.9221#32.3#32.56#35.14
-99.0071,31.9234#32.41#32.52#35.07
-98.9537,31.9247#32.55#32.49#34.96
-98.9003,31.9261#32.7#32.45#34.85
-98.8469,31.9274#32.84#32.41#34.75
-98.7935,31.9286#32.99#32.37#34.64
-98.7401,31.9299#33.14#32.33#34.53
-98.6867,31.9311#33.29#32.29#34.42
-98.6333,31.9324#33.43#32.26#34.31
-98.5799,31.9336#33.58#32.22#34.2
-98.5265,31.9347#33.73#32.18#34.09
-98.4731,31.9359#33.9#32.14#33.96
-98.4197,31.9371#34.08#32.11#33.81
-98.3663,31.9382#34.27#32.07#33.66
-98.3129,31.9393#34.45#32.04#33.51
-98.2595,31.9404#34.63#32.01#33.36
-98.2061,31.9415#34.82#31.97#33.21
-98.1527,31.9426#35#31.94#33.06
-98.0993,31.9436#35.18#31.9#32.92
-98.0459,31.9446#35.37#31.87#32.76
-97.9925,31.9456#35.55#31.84#32.61
-97.9391,31.9466#35.7#31.8#32.5
-97.8857,31.9476#35.85#31.76#32.39
-97.8323,31.9486#36#31.72#32.28
-97.7789,31.9495#36.15#31.69#32.16
-97.7255,31.9504#36.3#31.65#32.05
-97.6721,31.9513#36.45#31.61#31.94
-97.6186,31.9522#36.6#31.57#31.83
-97.5652,31.9531#36.76#31.54#31.7
-97.5118,31.9539#36.91#31.5#31.59
-97.4584,31.9548#37.06#31.44#31.5
-97.405,31.9556#37.21#31.38#31.41
-97.3516,31.9564#37.35#31.31#31.34
-97.2982,31.9571#37.5#31.25#31.25
-97.2447,31.9579#37.65#31.18#31.17
-97.1913,31.9586#37.8#31.11#31.09
-97.1379,31.9594#37.95#31.05#31
-97.0845,31.9601#38.09#30.98#30.93
-97.0311,31.9608#38.24#30.92#30.84
-96.9776,31.9614#38.37#30.86#30.77
-96.9242,31.9621#38.49#30.8#30.71
-96.8708,31.9627#38.6#30.74#30.66
-96.8174,31.9633#38.71#30.68#30.61
-96.7639,31.9639#38.82#30.62#30.56
-96.7105,31.9645#38.94#30.57#30.49
-96.6571,31.9651#39.05#30.51#30.44
-96.6037,31.9656#39.16#30.45#30.39
-96.5502,31.9661#39.27#30.39#30.34
-96.4968,31.9667#39.38#30.34#30.28
-96.4434,31.9671#39.47#30.32#30.21
-96.39,31.9676#39.56#30.3#30.14
-96.3365,31.9681#39.65#30.28#30.07
-96.2831,31.9685#39.73#30.26#30.01
-96.2297,31.9689#39.82#30.23#29.95
-96.1762,31.9693#39.91#30.21#29.88
-96.1228,31.9697#40#30.19#29.81
-96.0694,31.9701#40.08#30.17#29.75
-96.016,31.9704#40.17#30.15#29.68
-95.9625,31.9708#40.25#30.14#29.61
-95.9091,31.9711#40.31#30.13#29.56
-95.8557,31.9714#40.38#30.13#29.49
-95.8022,31.9717#40.45#30.12#29.43
-95.7488,31.9719#40.51#30.11#29.38
-95.6954,31.9722#40.58#30.1#29.32
-95.6419,31.9724#40.65#30.1#29.25
-95.5885,31.9726#40.71#30.09#29.2
-95.5351,31.9728#40.78#30.08#29.14
-95.4816,31.9729#40.84#30.08#29.08
-95.4282,31.9731#40.88#30.07#29.05
-95.3748,31.9732#40.92#30.07#29.01
-95.3213,31.9733#40.97#30.07#28.96
-95.2679,31.9734#41.01#30.07#28.92
-95.2145,31.9735#41.05#30.06#28.89
-95.161,31.9736#41.09#30.06#28.85
-95.1076,31.9736#41.13#30.06#28.81
-95.0542,31.9737#41.18#30.06#28.76
-95.0007,31.9737#41.22#30.05#28.73
-94.9473,31.9737#41.25#30.05#28.7
-94.8939,31.9736#41.28#30.06#28.66
-94.8404,31.9736#41.31#30.06#28.63
-94.787,31.9735#41.33#30.06#28.61
-94.7336,31.9734#41.36#30.06#28.58
-94.6801,31.9733#41.39#30.06#28.55
-94.6267,31.9732#41.42#30.06#28.52
-94.5733,31.9731#41.45#30.06#28.49
-94.5198,31.9729#41.48#30.06#28.46
-94.4664,31.9728#41.5#30.07#28.43
-94.413,31.9726#41.52#30.08#28.4
-94.3595,31.9724#41.55#30.08#28.37
-94.3061,31.9722#41.57#30.09#28.34
-94.2527,31.9719#41.59#30.1#28.31
-94.1992,31.9717#41.61#30.11#28.28
-94.1458,31.9714#41.63#30.12#28.25
-94.0924,31.9711#41.66#30.13#28.21
-94.039,31.9708#41.68#30.14#28.18
-93.9855,31.9704#41.7#30.15#28.15
-93.9321,31.9701#41.72#30.17#28.11
-93.8787,31.9697#41.74#30.19#28.07
-93.8252,31.9694#41.76#30.21#28.03
-93.7718,31.9689#41.78#30.23#27.99
-93.7184,31.9685#41.79#30.25#27.96
-93.6649,31.9681#41.81#30.27#27.92
-93.6115,31.9676#41.83#30.28#27.89
-93.5581,31.9672#41.85#30.3#27.85
-93.5047,31.9667#41.87#30.32#27.81
-93.4512,31.9662#41.89#30.34#27.77
-93.3978,31.9656#41.91#30.36#27.73
-93.3444,31.9651#41.92#30.38#27.7
-93.291,31.9645#41.94#30.41#27.65
-93.2375,31.9639#41.96#30.43#27.61
-93.1841,31.9634#41.98#30.45#27.57
-93.1307,31.9627#41.99#30.47#27.54
-93.0773,31.9621#42.01#30.49#27.5
-93.0238,31.9614#42.03#30.51#27.46
-92.9704,31.9608#42.05#30.53#27.42
-92.917,31.9601#42.08#30.53#27.39
-92.8636,31.9594#42.12#30.54#27.34
-92.8102,31.9587#42.15#30.55#27.3
-92.7567,31.9579#42.18#30.56#27.26
-92.7033,31.9572#42.21#30.57#27.22
-92.6499,31.9564#42.24#30.57#27.19
-92.5965,31.9556#42.27#30.58#27.15
-92.5431,31.9548#42.3#30.59#27.11
-92.4897,31.9539#42.33#30.59#27.08
-92.4362,31.9531#42.37#30.58#27.05
-92.3828,31.9522#42.4#30.57#27.03
-92.3294,31.9514#42.44#30.56#27
-92.276,31.9504#42.47#30.55#26.98
-92.2226,31.9495#42.51#30.53#26.96
-92.1692,31.9486#42.54#30.52#26.94
-92.1158,31.9476#42.58#30.51#26.91
-92.0624,31.9467#42.61#30.5#26.89
-92.009,31.9457#42.65#30.49#26.86
-91.9555,31.9447#42.69#30.46#26.85
-91.9021,31.9436#42.72#30.42#26.86
-91.8487,31.9426#42.76#30.38#26.86
-91.7953,31.9415#42.8#30.35#26.85
-91.7419,31.9404#42.84#30.31#26.85
-91.6885,31.9394#42.87#30.27#26.86
-91.6351,31.9382#42.91#30.24#26.85
-91.5817,31.9371#42.95#30.2#26.85
-91.5283,31.9359#42.98#30.16#26.86
-91.4749,31.9348#43.02#30.12#26.86
-91.4215,31.9336#43.06#30.06#26.88
-91.3681,31.9324#43.11#30#26.89
-91.3147,31.9312#43.15#29.94#26.91
-91.2613,31.9299#43.19#29.88#26.93
-91.208,31.9287#43.23#29.82#26.95
-91.1546,31.9274#43.27#29.76#26.97
-91.1012,31.9261#43.31#29.7#26.99
-91.0478,31.9248#43.35#29.64#27.01
-90.9944,31.9235#43.39#29.58#27.03
-90.941,31.9221#43.43#29.54#27.03
-90.8876,31.9207#43.47#29.5#27.03
-90.8342,31.9194#43.51#29.45#27.04
-90.7809,31.918#43.55#29.41#27.04
-90.7275,31.9165#43.59#29.37#27.04
-90.6741,31.9151#43.63#29.32#27.05
-90.6207,31.9136#43.67#29.28#27.05
-90.5673,31.9122#43.71#29.24#27.05
-90.514,31.9107#43.75#29.19#27.06
-90.4606,31.9092#43.79#29.15#27.06
-90.4072,31.9076#43.83#29.1#27.07
-90.3539,31.9061#43.87#29.05#27.08
-90.3005,31.9045#43.92#28.99#27.09
-90.2471,31.903#43.96#28.94#27.1
-90.1937,31.9014#44#28.89#27.11
-101.144,31.9009#29.23#36.64#34.13
-101.09,31.9029#29.26#36.52#34.22
-101.037,31.9049#29.28#36.4#34.32
-100.984,31.9069#29.31#36.28#34.41
-100.93,31.9089#29.36#36.16#34.48
-100.877,31.9109#29.4#36.03#34.57
-100.824,31.9129#29.45#35.91#34.64
-100.77,31.9148#29.49#35.78#34.73
-100.717,31.9167#29.54#35.66#34.8
-100.664,31.9186#29.58#35.53#34.89
-100.61,31.9205#29.63#35.41#34.96
-100.557,31.9224#29.68#35.28#35.04
-100.504,31.9242#29.72#35.16#35.12
-100.45,31.9261#29.8#35.03#35.17
-100.397,31.9279#29.88#34.91#35.21
-100.343,31.9297#29.96#34.78#35.26
-100.29,31.9314#30.04#34.66#35.3
-100.237,31.9332#30.12#34.53#35.35
-100.183,31.9349#30.2#34.41#35.39
-100.13,31.9367#30.29#34.28#35.43
-100.077,31.9384#30.37#34.16#35.47
-100.023,31.9401#30.45#34.03#35.52
-99.9698,31.9417#30.54#33.91#35.55
-99.9164,31.9434#30.64#33.79#35.57
-99.863,31.945#30.74#33.67#35.59
-99.8096,31.9466#30.85#33.55#35.6
-99.7562,31.9482#30.95#33.43#35.62
-99.7028,31.9498#31.05#33.31#35.64
-99.6495,31.9514#31.15#33.19#35.66
-99.5961,31.9529#31.25#33.07#35.68
-99.5427,31.9544#31.35#32.95#35.7
-99.4893,31.956#31.46#32.85#35.69
-99.4359,31.9574#31.57#32.81#35.62
-99.3825,31.9589#31.68#32.78#35.54
-99.3291,31.9604#31.79#32.74#35.47
-99.2757,31.9618#31.9#32.7#35.4
-99.2223,31.9632#32.01#32.66#35.33
-99.1689,31.9646#32.12#32.62#35.26
-99.1155,31.966#32.23#32.58#35.19
-99.0621,31.9674#32.34#32.54#35.12
-99.0087,31.9687#32.45#32.51#35.04
-98.9552,31.9701#32.59#32.47#34.94
-98.9018,31.9714#32.75#32.43#34.82
-98.8484,31.9727#32.9#32.39#34.71
-98.795,31.974#33.05#32.35#34.6
-98.7416,31.9752#33.21#32.31#34.48
-98.6882,31.9765#33.36#32.27#34.37
-98.6348,31.9777#33.52#32.23#34.25
-98.5814,31.9789#33.67#32.2#34.13
-98.5279,31.9801#33.83#32.16#34.01
-98.4745,31.9812#34#32.12#33.88
-98.4211,31.9824#34.18#32.08#33.74
-98.3677,31.9835#34.37#32.05#33.58
-98.3143,31.9847#34.55#32.01#33.44
-98.2608,31.9858#34.73#31.98#33.29
-98.2074,31.9868#34.92#31.94#33.14
-98.154,31.9879#35.1#31.91#32.99
-98.1006,31.9889#35.28#31.87#32.85
-98.0471,31.99#35.47#31.84#32.69
-97.9937,31.991#35.65#31.8#32.55
-97.9403,31.992#35.8#31.76#32.44
-97.8868,31.9929#35.96#31.72#32.32
-97.8334,31.9939#36.11#31.69#32.2
-97.78,31.9948#36.27#31.65#32.08
-97.7265,31.9958#36.43#31.61#31.96
-97.6731,31.9967#36.58#31.57#31.85
-97.6197,31.9975#36.74#31.53#31.73
-97.5662,31.9984#36.89#31.5#31.61
-97.5128,31.9993#37.05#31.46#31.49
-97.4594,32.0001#37.2#31.4#31.4
-97.4059,32.0009#37.35#31.33#31.32
-97.3525,32.0017#37.5#31.27#31.23
-97.2991,32.0025#37.64#31.2#31.16
-97.2456,32.0032#37.79#31.14#31.07
-97.1922,32.004#37.94#31.07#30.99
-97.1387,32.0047#38.09#31.01#30.9
-97.0853,32.0054#38.23#30.94#30.83
-97.0319,32.0061#38.38#30.88#30.74
-96.9784,32.0068#38.51#30.81#30.68
-96.925,32.0074#38.63#30.76#30.61
-96.8715,32.0081#38.74#30.7#30.56
-96.8181,32.0087#38.86#30.64#30.5
-96.7646,32.0093#38.97#30.59#30.44
-96.7112,32.0099#39.08#30.53#30.39
-96.6577,32.0104#39.2#30.48#30.32
-96.6043,32.011#39.31#30.42#30.27
-96.5509,32.0115#39.43#30.36#30.21
-96.4974,32.012#39.54#30.31#30.15
-96.444,32.0125#39.62#30.29#30.09
-96.3905,32.013#39.71#30.27#30.02
-96.3371,32.0134#39.8#30.25#29.95
-96.2836,32.0139#39.88#30.23#29.89
-96.2302,32.0143#39.97#30.21#29.82
-96.1767,32.0147#40.06#30.19#29.75
-96.1233,32.0151#40.14#30.17#29.69
-96.0698,32.0154#40.23#30.15#29.62
-96.0164,32.0158#40.31#30.13#29.56
-95.9629,32.0161#40.39#30.12#29.49
-95.9095,32.0164#40.45#30.11#29.44
-95.856,32.0167#40.52#30.1#29.38
-95.8025,32.017#40.59#30.1#29.31
-95.7491,32.0173#40.66#30.09#29.25
-95.6956,32.0175#40.72#30.08#29.2
-95.6422,32.0177#40.79#30.08#29.13
-95.5887,32.0179#40.86#30.07#29.07
-95.5353,32.0181#40.92#30.06#29.02
-95.4818,32.0183#40.98#30.06#28.96
-95.4284,32.0184#41.02#30.06#28.92
-95.3749,32.0186#41.07#30.05#28.88
-95.3215,32.0187#41.11#30.05#28.84
-95.268,32.0188#41.15#30.05#28.8
-95.2146,32.0189#41.19#30.05#28.76
-95.1611,32.0189#41.24#30.05#28.71
-95.1076,32.019#41.28#30.04#28.68
-95.0542,32.019#41.32#30.04#28.64
-95.0007,32.019#41.36#30.04#28.6
-94.9473,32.019#41.39#30.04#28.57
-94.8938,32.019#41.42#30.04#28.54
-94.8404,32.0189#41.45#30.04#28.51
-94.7869,32.0189#41.48#30.05#28.47
-94.7335,32.0188#41.51#30.05#28.44
-94.68,32.0187#41.54#30.05#28.41
-94.6266,32.0186#41.57#30.05#28.38
-94.5731,32.0184#41.6#30.05#28.35
-94.5197,32.0183#41.63#30.06#28.31
-94.4662,32.0181#41.66#30.06#28.28
-94.4127,32.0179#41.68#30.07#28.25
-94.3593,32.0177#41.7#30.08#28.22
-94.3058,32.0175#41.73#30.09#28.18
-94.2524,32.0173#41.75#30.11#28.14
-94.1989,32.017#41.77#30.12#28.11
-94.1455,32.0167#41.79#30.13#28.08
-94.092,32.0164#41.82#30.14#28.04
-94.0386,32.0161#41.84#30.15#28.01
-93.9851,32.0158#41.86#30.16#27.98
-93.9317,32.0154#41.88#30.18#27.94
-93.8782,32.0151#41.9#30.2#27.9
-93.8248,32.0147#41.92#30.22#27.86
-93.7713,32.0143#41.94#30.24#27.82
-93.7179,32.0139#41.96#30.26#27.78
-93.6644,32.0134#41.98#30.28#27.74
-93.611,32.013#42#30.3#27.7
-93.5575,32.0125#42.02#30.32#27.66
-93.5041,32.012#42.04#30.34#27.62
-93.4506,32.0115#42.05#30.36#27.59
-93.3972,32.011#42.07#30.38#27.55
-93.3437,32.0104#42.09#30.4#27.51
-93.2903,32.0099#42.11#30.42#27.47
-93.2368,32.0093#42.13#30.44#27.43
-93.1834,32.0087#42.15#30.46#27.39
-93.13,32.0081#42.17#30.48#27.35
-93.0765,32.0074#42.18#30.5#27.32
-93.0231,32.0068#42.2#30.52#27.28
-92.9696,32.0061#42.23#30.53#27.24
-92.9162,32.0054#42.26#30.54#27.2
-92.8627,32.0047#42.29#30.55#27.16
-92.8093,32.004#42.32#30.55#27.13
-92.7559,32.0033#42.35#30.56#27.09
-92.7024,32.0025#42.38#30.56#27.06
-92.649,32.0017#42.41#30.57#27.02
-92.5955,32.0009#42.44#30.58#26.98
-92.5421,32.0001#42.47#30.58#26.95
-92.4887,31.9993#42.51#30.59#26.9
-92.4352,31.9984#42.54#30.57#26.89
-92.3818,31.9976#42.58#30.56#26.86
-92.3284,31.9967#42.61#30.54#26.85
-92.2749,31.9958#42.65#30.53#26.82
-92.2215,31.9949#42.68#30.52#26.8
-92.1681,31.9939#42.72#30.5#26.78
-92.1146,31.993#42.75#30.49#26.76
-92.0612,31.992#42.79#30.48#26.73
-92.0078,31.991#42.82#30.46#26.72
-91.9543,31.99#42.86#30.43#26.71
-91.9009,31.989#42.9#30.39#26.71
-91.8475,31.9879#42.94#30.35#26.71
-91.7941,31.9869#42.98#30.32#26.7
-91.7406,31.9858#43.01#30.28#26.71
-91.6872,31.9847#43.05#30.24#26.71
-91.6338,31.9836#43.09#30.2#26.71
-91.5804,31.9824#43.13#30.17#26.7
-91.527,31.9813#43.16#30.13#26.71
-91.4735,31.9801#43.2#30.08#26.72
-91.4201,31.9789#43.25#30.03#26.72
-91.3667,31.9777#43.29#29.97#26.74
-91.3133,31.9765#43.33#29.92#26.75
-91.2599,31.9753#43.37#29.86#26.77
-91.2065,31.974#43.41#29.81#26.78
-91.1531,31.9727#43.46#29.75#26.79
-91.0996,31.9714#43.5#29.7#26.8
-91.0462,31.9701#43.54#29.64#26.82
-90.9928,31.9688#43.58#29.59#26.83
-90.9394,31.9674#43.62#29.55#26.83
-90.886,31.9661#43.66#29.5#26.84
-90.8326,31.9647#43.7#29.46#26.84
-90.7792,31.9633#43.74#29.42#26.84
-90.7258,31.9619#43.78#29.38#26.84
-90.6724,31.9604#43.82#29.33#26.85
-90.619,31.959#43.86#29.29#26.85
-90.5656,31.9575#43.9#29.25#26.85
-90.5122,31.956#43.94#29.21#26.85
-90.4588,31.9545#43.98#29.16#26.86
-90.4054,31.953#44.03#29.11#26.86
-90.352,31.9514#44.07#29.06#26.87
-90.2986,31.9499#44.11#29.01#26.88
-90.2452,31.9483#44.16#28.97#26.87
-90.1919,31.9467#44.2#28.92#26.88
-90.1385,31.9451#44.25#28.87#26.88
-90.0851,31.9434#44.29#28.82#26.89
-90.0317,31.9418#44.33#28.77#26.9
-89.9783,31.9401#44.38#28.73#26.89
-89.9249,31.9384#44.42#28.69#26.89
-89.8716,31.9367#44.47#28.66#26.87
-89.8182,31.935#44.51#28.63#26.86
-89.7648,31.9332#44.56#28.6#26.84
-89.7114,31.9315#44.61#28.57#26.82
-89.6581,31.9297#44.65#28.54#26.81
-89.6047,31.9279#44.7#28.51#26.79
-89.5513,31.9261#44.74#28.48#26.78
-89.498,31.9243#44.79#28.45#26.76
-89.4446,31.9224#44.83#28.44#26.73
-89.3912,31.9206#44.87#28.44#26.69
-89.3379,31.9187#44.91#28.44#26.65
-89.2845,31.9168#44.95#28.43#26.62
-89.2311,31.9149#44.99#28.43#26.58
-89.1778,31.9129#45.03#28.43#26.54
-89.1244,31.911#45.07#28.42#26.51
-89.0711,31.909#45.1#28.42#26.48
-89.0177,31.907#45.14#28.41#26.45
-88.9644,31.905#45.18#28.44#26.38
-88.911,31.903#45.2#28.48#26.32
-88.8577,31.9009#45.23#28.52#26.25
-102.213,31.9015#28.87#39.06#32.07
-102.16,31.9039#28.88#38.95#32.17
-102.106,31.9063#28.89#38.83#32.28
-102.053,31.9087#28.9#38.72#32.38
-102,31.911#28.91#38.6#32.49
-101.946,31.9133#28.93#38.48#32.59
-101.893,31.9157#28.94#38.36#32.7
-101.84,31.918#28.96#38.24#32.8
-101.786,31.9202#28.97#38.12#32.91
-101.733,31.9225#28.99#38#33.01
-101.68,31.9247#29#37.88#33.12
-101.626,31.927#29.02#37.75#33.23
-101.573,31.9292#29.04#37.63#33.33
-101.52,31.9313#29.05#37.51#33.44
-101.466,31.9335#29.07#37.39#33.54
-101.413,31.9357#29.1#37.27#33.63
-101.36,31.9378#29.12#37.15#33.73
-101.306,31.9399#29.15#37.03#33.82
-101.253,31.942#29.17#36.9#33.93
-101.2,31.9441#29.2#36.78#34.02
-101.146,31.9462#29.22#36.66#34.12
-101.093,31.9482#29.24#36.54#34.22
-101.039,31.9502#29.27#36.42#34.31
-100.986,31.9522#29.3#36.29#34.41
-100.933,31.9542#29.35#36.17#34.48
-100.879,31.9562#29.39#36.04#34.57
-100.826,31.9582#29.44#35.92#34.64
-100.773,31.9601#29.49#35.79#34.72
-100.719,31.962#29.53#35.66#34.81
-100.666,31.9639#29.58#35.54#34.88
-100.612,31.9658#29.63#35.41#34.96
-100.559,31.9677#29.67#35.28#35.05
-100.506,31.9695#29.72#35.15#35.13
-100.452,31.9714#29.8#35.03#35.17
-100.399,31.9732#29.88#34.9#35.22
-100.346,31.975#29.96#34.77#35.27
-100.292,31.9767#30.05#34.65#35.3
-100.239,31.9785#30.13#34.52#35.35
-100.185,31.9803#30.21#34.39#35.4
-100.132,31.982#30.3#34.27#35.43
-100.079,31.9837#30.38#34.14#35.48
-100.025,31.9854#30.46#34.01#35.53
-99.9717,31.987#30.56#33.89#35.55
-99.9183,31.9887#30.66#33.77#35.57
-99.8649,31.9903#30.76#33.66#35.58
-99.8115,31.9919#30.86#33.54#35.6
-99.7581,31.9935#30.96#33.42#35.62
-99.7047,31.9951#31.06#33.3#35.64
-99.6513,31.9967#31.16#33.18#35.66
-99.5979,31.9982#31.27#33.07#35.66
-99.5445,31.9998#31.37#32.95#35.68
-99.491,32.0013#31.47#32.84#35.69
-99.4376,32.0028#31.58#32.81#35.61
-99.3842,32.0042#31.7#32.77#35.53
-99.3308,32.0057#31.81#32.73#35.46
-99.2774,32.0071#31.92#32.69#35.39
-99.2239,32.0086#32.04#32.65#35.31
-99.1705,32.01#32.15#32.61#35.24
-99.1171,32.0113#32.26#32.57#35.17
-99.0637,32.0127#32.38#32.53#35.09
-99.0102,32.0141#32.49#32.49#35.02
-98.9568,32.0154#32.64#32.45#34.91
-98.9034,32.0167#32.8#32.41#34.79
-98.8499,32.018#32.96#32.37#34.67
-98.7965,32.0193#33.12#32.33#34.55
-98.7431,32.0205#33.28#32.29#34.43
-98.6896,32.0218#33.44#32.25#34.31
-98.6362,32.023#33.6#32.21#34.19
-98.5828,32.0242#33.76#32.17#34.07
-98.5293,32.0254#33.92#32.13#33.95
-98.4759,32.0266#34.1#32.1#33.8
-98.4224,32.0277#34.28#32.06#33.66
-98.369,32.0289#34.46#32.02#33.52
-98.3156,32.03#34.65#31.99#33.36
-98.2621,32.0311#34.83#31.95#33.22
-98.2087,32.0322#35.02#31.91#33.07
-98.1552,32.0332#35.2#31.88#32.92
-98.1018,32.0343#35.38#31.84#32.78
-98.0483,32.0353#35.57#31.8#32.63
-97.9949,32.0363#35.75#31.76#32.49
-97.9414,32.0373#35.91#31.73#32.36
-97.888,32.0383#36.07#31.69#32.24
-97.8345,32.0392#36.23#31.65#32.12
-97.7811,32.0402#36.39#31.61#32
-97.7276,32.0411#36.55#31.57#31.88
-97.6742,32.042#36.71#31.53#31.76
-97.6207,32.0429#36.87#31.49#31.64
-97.5673,32.0437#37.03#31.45#31.52
-97.5138,32.0446#37.19#31.42#31.39
-97.4603,32.0454#37.34#31.36#31.3
-97.4069,32.0462#37.49#31.29#31.22
-97.3534,32.047#37.64#31.23#31.13
-97.3,32.0478#37.78#31.16#31.06
-97.2465,32.0486#37.93#31.1#30.97
-97.193,32.0493#38.08#31.03#30.89
-97.1396,32.05#38.23#30.96#30.81
-97.0861,32.0507#38.37#30.9#30.73
-97.0327,32.0514#38.52#30.83#30.65
-96.9792,32.0521#38.65#30.77#30.58
-96.9257,32.0528#38.77#30.72#30.51
-96.8723,32.0534#38.89#30.66#30.45
-96.8188,32.054#39#30.61#30.39
-96.7653,32.0546#39.12#30.55#30.33
-96.7119,32.0552#39.23#30.5#30.27
-96.6584,32.0558#39.35#30.44#30.21
-96.6049,32.0563#39.46#30.39#30.15
-96.5515,32.0568#39.58#30.33#30.09
-96.498,32.0573#39.69#30.28#30.03
-96.4445,32.0578#39.78#30.26#29.96
-96.3911,32.0583#39.86#30.24#29.9
-96.3376,32.0588#39.95#30.22#29.83
-96.2841,32.0592#40.03#30.2#29.77
-96.2306,32.0596#40.12#30.18#29.7
-96.1772,32.06#40.2#30.16#29.64
-96.1237,32.0604#40.29#30.14#29.57
-96.0702,32.0608#40.37#30.13#29.5
-96.0168,32.0611#40.46#30.11#29.43
-95.9633,32.0614#40.53#30.1#29.37
-95.9098,32.0618#40.6#30.09#29.31
-95.8563,32.0621#40.66#30.08#29.26
-95.8029,32.0623#40.73#30.08#29.19
-95.7494,32.0626#40.8#30.07#29.13
-95.6959,32.0628#40.87#30.06#29.07
-95.6424,32.0631#40.93#30.06#29.01
-95.589,32.0633#41#30.05#28.95
-95.5355,32.0635#41.07#30.05#28.88
-95.482,32.0636#41.13#30.04#28.83
-95.4285,32.0638#41.17#30.04#28.79
-95.3751,32.0639#41.21#30.04#28.75
-95.3216,32.064#41.25#30.04#28.71
-95.2681,32.0641#41.3#30.03#28.67
-95.2146,32.0642#41.34#30.03#28.63
-95.1612,32.0643#41.38#30.03#28.59
-95.1077,32.0643#41.42#30.03#28.55
-95.0542,32.0643#41.47#30.03#28.5
-95.0007,32.0643#41.51#30.02#28.47
-94.9473,32.0643#41.54#30.03#28.43
-94.8938,32.0643#41.57#30.03#28.4
-94.8403,32.0643#41.6#30.03#28.37
-94.7868,32.0642#41.63#30.04#28.33
-94.7334,32.0641#41.66#30.04#28.3
-94.6799,32.064#41.69#30.04#28.27
-94.6264,32.0639#41.72#30.04#28.24
-94.5729,32.0638#41.75#30.05#28.2
-94.5195,32.0636#41.79#30.05#28.16
-94.466,32.0635#41.81#30.06#28.13
-94.4125,32.0633#41.83#30.07#28.1
-94.359,32.0631#41.86#30.08#28.06
-94.3056,32.0628#41.88#30.1#28.02
-94.2521,32.0626#41.91#30.11#27.98
-94.1986,32.0623#41.93#30.12#27.95
-94.1451,32.0621#41.95#30.13#27.92
-94.0917,32.0618#41.97#30.14#27.89
-94.0382,32.0615#42#30.15#27.85
-93.9847,32.0611#42.02#30.17#27.81
-93.9313,32.0608#42.04#30.19#27.77
-93.8778,32.0604#42.06#30.21#27.73
-93.8243,32.06#42.08#30.23#27.69
-93.7708,32.0596#42.1#30.25#27.65
-93.7174,32.0592#42.12#30.27#27.61
-93.6639,32.0588#42.14#30.29#27.57
-93.6104,32.0583#42.16#30.31#27.53
-93.557,32.0578#42.18#30.33#27.49
-93.5035,32.0573#42.2#30.35#27.45
-93.45,32.0568#42.22#30.37#27.41
-93.3965,32.0563#42.24#30.39#27.37
-93.3431,32.0558#42.26#30.41#27.33
-93.2896,32.0552#42.28#30.43#27.29
-93.2361,32.0546#42.3#30.45#27.25
-93.1827,32.054#42.32#30.47#27.21
-93.1292,32.0534#42.34#30.49#27.17
-93.0757,32.0528#42.36#30.51#27.13
-93.0223,32.0521#42.37#30.53#27.1
-92.9688,32.0515#42.4#30.54#27.06
-92.9154,32.0508#42.43#30.54#27.03
-92.8619,32.0501#42.46#30.55#26.99
-92.8084,32.0493#42.49#30.55#26.96
-92.755,32.0486#42.52#30.56#26.92
-92.7015,32.0478#42.55#30.56#26.89
-92.6481,32.0471#42.59#30.57#26.84
-92.5946,32.0463#42.62#30.57#26.81
-92.5411,32.0454#42.65#30.58#26.77
-92.4877,32.0446#42.68#30.58#26.74
-92.4342,32.0438#42.71#30.56#26.73
-92.3808,32.0429#42.75#30.55#26.7
-92.3273,32.042#42.78#30.53#26.69
-92.2739,32.0411#42.82#30.51#26.67
-92.2204,32.0402#42.86#30.5#26.64
-92.1669,32.0393#42.89#30.48#26.63
-92.1135,32.0383#42.93#30.47#26.6
-92.06,32.0373#42.96#30.45#26.59
-92.0066,32.0363#43#30.44#26.56
-91.9531,32.0353#43.04#30.4#26.56
-91.8997,32.0343#43.07#30.36#26.57
-91.8463,32.0333#43.11#30.32#26.57
-91.7928,32.0322#43.15#30.29#26.56
-91.7394,32.0311#43.19#30.25#26.56
-91.6859,32.03#43.23#30.21#26.56
-91.6325,32.0289#43.27#30.17#26.56
-91.579,32.0278#43.31#30.13#26.56
-91.5256,32.0266#43.34#30.09#26.57
-91.4721,32.0254#43.39#30.05#26.56
-91.4187,32.0242#43.43#30#26.57
-91.3653,32.023#43.47#29.95#26.58
-91.3118,32.0218#43.51#29.9#26.59
-91.2584,32.0206#43.56#29.85#26.59
-91.205,32.0193#43.6#29.8#26.6
-91.1515,32.018#43.64#29.75#26.61
-91.0981,32.0167#43.68#29.69#26.63
-91.0447,32.0154#43.73#29.64#26.63
-90.9912,32.0141#43.77#29.59#26.64
-90.9378,32.0128#43.81#29.55#26.64
-90.8844,32.0114#43.85#29.51#26.64
-90.831,32.01#43.89#29.47#26.64
-90.7775,32.0086#43.93#29.43#26.64
-90.7241,32.0072#43.97#29.39#26.64
-90.6707,32.0057#44.01#29.34#26.65
-90.6173,32.0043#44.05#29.3#26.65
-90.5639,32.0028#44.09#29.26#26.65
-90.5104,32.0013#44.13#29.22#26.65
-90.457,31.9998#44.18#29.17#26.65
-90.4036,31.9983#44.22#29.13#26.65
-90.3502,31.9967#44.27#29.08#26.65
-90.2968,31.9952#44.31#29.03#26.66
-90.2434,31.9936#44.36#28.99#26.65
-90.19,31.992#44.4#28.94#26.66
-90.1366,31.9904#44.44#28.89#26.67
-90.0831,31.9887#44.49#28.85#26.66
-90.0297,31.9871#44.53#28.8#26.67
-89.9763,31.9854#44.58#28.76#26.66
-89.9229,31.9837#44.63#28.72#26.65
-89.8695,31.982#44.67#28.69#26.64
-89.8161,31.9803#44.72#28.66#26.62
-89.7627,31.9786#44.77#28.62#26.61
-89.7093,31.9768#44.81#28.59#26.6
-89.656,31.975#44.86#28.56#26.58
-89.6026,31.9732#44.91#28.53#26.56
-89.5492,31.9714#44.95#28.49#26.56
-89.4958,31.9696#45#28.46#26.54
-89.4424,31.9677#45.04#28.46#26.5
-89.389,31.9659#45.08#28.46#26.46
-89.3356,31.964#45.12#28.46#26.42
-89.2822,31.9621#45.16#28.46#26.38
-89.2289,31.9602#45.21#28.45#26.34
-89.1755,31.9582#45.25#28.45#26.3
-89.1221,31.9563#45.29#28.45#26.26
-89.0687,31.9543#45.33#28.45#26.22
-89.0154,31.9523#45.37#28.44#26.19
-88.962,31.9503#45.4#28.47#26.13
-88.9086,31.9483#45.43#28.52#26.05
-88.8553,31.9462#45.46#28.56#25.98
-88.8019,31.9442#45.49#28.6#25.91
-88.7485,31.9421#45.52#28.64#25.84
-88.6952,31.94#45.54#28.69#25.77
-88.6418,31.9379#45.57#28.73#25.7
-88.5885,31.9357#45.6#28.77#25.63
-88.5351,31.9336#45.63#28.81#25.56
-88.4817,31.9314#45.65#28.86#25.49
-88.4284,31.9292#45.67#28.95#25.38
-88.375,31.927#45.69#29.03#25.28
-88.3217,31.9248#45.7#29.12#25.18
-88.2684,31.9225#45.72#29.2#25.08
-88.215,31.9203#45.74#29.28#24.98
-88.1617,31.918#45.75#29.37#24.88
-88.1083,31.9157#45.77#29.45#24.78
-88.055,31.9134#45.79#29.53#24.68
-88.0017,31.9111#45.8#29.61#24.59
-87.9483,31.9087#45.81#29.71#24.48
-87.895,31.9064#45.81#29.8#24.39
-87.8417,31.904#45.81#29.89#24.3
-87.7883,31.9016#45.82#29.98#24.2
-103.176,31.9005#28.68#41.75#29.57
-103.122,31.9032#28.69#41.61#29.7
-103.069,31.9059#28.69#41.46#29.85
-103.016,31.9086#28.7#41.31#29.99
-102.963,31.9113#28.71#41.16#30.13
-102.909,31.9139#28.72#41#30.28
-102.856,31.9166#28.73#40.83#30.44
-102.803,31.9192#28.74#40.67#30.59
-102.749,31.9218#28.75#40.51#30.74
-102.696,31.9244#28.76#40.35#30.89
-102.643,31.9269#28.77#40.18#31.05
-102.589,31.9295#28.78#40.02#31.2
-102.536,31.932#28.79#39.85#31.36
-102.483,31.9345#28.8#39.7#31.5
-102.429,31.937#28.81#39.58#31.61
-102.376,31.9395#28.82#39.47#31.71
-102.323,31.9419#28.84#39.35#31.81
-102.269,31.9444#28.85#39.23#31.92
-102.216,31.9468#28.86#39.12#32.02
-102.163,31.9492#28.87#39#32.13
-102.109,31.9516#28.88#38.88#32.24
-102.056,31.954#28.89#38.76#32.35
-102.003,31.9563#28.9#38.64#32.46
-101.949,31.9586#28.92#38.52#32.56
-101.896,31.9609#28.93#38.4#32.67
-101.842,31.9632#28.95#38.27#32.78
-101.789,31.9655#28.96#38.15#32.89
-101.736,31.9678#28.98#38.03#32.99
-101.682,31.97#28.99#37.91#33.1
-101.629,31.9722#29.01#37.79#33.2
-101.576,31.9745#29.02#37.66#33.32
-101.522,31.9766#29.04#37.54#33.42
-101.469,31.9788#29.06#37.42#33.52
-101.416,31.981#29.08#37.3#33.62
-101.362,31.9831#29.11#37.17#33.72
-101.309,31.9852#29.13#37.05#33.82
-101.255,31.9873#29.16#36.93#33.91
-101.202,31.9894#29.18#36.8#34.02
-101.149,31.9915#29.21#36.68#34.11
-101.095,31.9935#29.23#36.56#34.21
-101.042,31.9955#29.26#36.43#34.31
-100.988,31.9975#29.29#36.31#34.4
-100.935,31.9995#29.34#36.18#34.48
-100.882,32.0015#29.38#36.05#34.57
-100.828,32.0035#29.43#35.92#34.65
-100.775,32.0054#29.48#35.8#34.72
-100.721,32.0073#29.53#35.67#34.8
-100.668,32.0092#29.57#35.54#34.89
-100.615,32.0111#29.62#35.41#34.97
-100.561,32.013#29.67#35.28#35.05
-100.508,32.0148#29.72#35.15#35.13
-100.454,32.0167#29.8#35.02#35.18
-100.401,32.0185#29.88#34.89#35.23
-100.348,32.0203#29.96#34.77#35.27
-100.294,32.0221#30.05#34.64#35.31
-100.241,32.0238#30.13#34.51#35.36
-100.187,32.0256#30.22#34.38#35.4
-100.134,32.0273#30.3#34.25#35.45
-100.081,32.029#30.39#34.13#35.48
-100.027,32.0307#30.47#34#35.53
-99.9737,32.0324#30.57#33.87#35.56
-99.9203,32.034#30.67#33.76#35.57
-99.8668,32.0356#30.77#33.64#35.59
-99.8134,32.0373#30.87#33.52#35.61
-99.76,32.0389#30.98#33.41#35.61
-99.7066,32.0404#31.08#33.29#35.63
-99.6531,32.042#31.18#33.18#35.64
-99.5997,32.0436#31.28#33.06#35.66
-99.5463,32.0451#31.38#32.94#35.68
-99.4928,32.0466#31.49#32.84#35.67
-99.4394,32.0481#31.6#32.8#35.6
-99.3859,32.0496#31.72#32.76#35.52
-99.3325,32.051#31.83#32.72#35.45
-99.2791,32.0525#31.95#32.68#35.37
-99.2256,32.0539#32.06#32.63#35.31
-99.1722,32.0553#32.18#32.59#35.23
-99.1187,32.0567#32.3#32.55#35.15
-99.0653,32.058#32.41#32.51#35.08
-99.0118,32.0594#32.53#32.47#35
-98.9584,32.0607#32.68#32.43#34.89
-98.9049,32.062#32.85#32.39#34.76
-98.8515,32.0633#33.02#32.35#34.63
-98.798,32.0646#33.18#32.31#34.51
-98.7446,32.0659#33.35#32.27#34.38
-98.6911,32.0671#33.52#32.23#34.25
-98.6376,32.0683#33.68#32.19#34.13
-98.5842,32.0695#33.85#32.15#34
-98.5307,32.0707#34.02#32.11#33.87
-98.4773,32.0719#34.19#32.07#33.74
-98.4238,32.073#34.38#32.03#33.59
-98.3703,32.0742#34.56#32#33.44
-98.3169,32.0753#34.75#31.96#33.29
-98.2634,32.0764#34.93#31.92#33.15
-98.2099,32.0775#35.11#31.88#33.01
-98.1565,32.0785#35.3#31.84#32.86
-98.103,32.0796#35.48#31.81#32.71
-98.0495,32.0806#35.67#31.77#32.56
-97.9961,32.0816#35.85#31.73#32.42
-97.9426,32.0826#36.01#31.69#32.3
-97.8891,32.0836#36.18#31.65#32.17
-97.8356,32.0846#36.34#31.61#32.05
-97.7822,32.0855#36.51#31.57#31.92
-97.7287,32.0864#36.67#31.53#31.8
-97.6752,32.0873#36.84#31.49#31.67
-97.6217,32.0882#37#31.45#31.55
-97.5683,32.0891#37.17#31.41#31.42
-97.5148,32.0899#37.33#31.37#31.3
-97.4613,32.0908#37.49#31.32#31.19
-97.4078,32.0916#37.63#31.25#31.12
-97.3544,32.0924#37.78#31.18#31.04
-97.3009,32.0931#37.93#31.12#30.95
-97.2474,32.0939#38.07#31.05#30.88
-97.1939,32.0946#38.22#30.99#30.79
-97.1404,32.0954#38.37#30.92#30.71
-97.0869,32.0961#38.51#30.86#30.63
-97.0335,32.0968#38.66#30.79#30.55
-96.98,32.0974#38.8#30.73#30.47
-96.9265,32.0981#38.91#30.68#30.41
-96.873,32.0987#39.03#30.62#30.35
-96.8195,32.0993#39.15#30.57#30.28
-96.766,32.0999#39.26#30.52#30.22
-96.7125,32.1005#39.38#30.46#30.16
-96.6591,32.1011#39.5#30.41#30.09
-96.6056,32.1016#39.61#30.36#30.03
-96.5521,32.1022#39.73#30.3#29.97
-96.4986,32.1027#39.85#30.25#29.9
-96.4451,32.1032#39.93#30.23#29.84
-96.3916,32.1036#40.02#30.21#29.77
-96.3381,32.1041#40.1#30.19#29.71
-96.2846,32.1045#40.18#30.18#29.64
-96.2311,32.1049#40.27#30.16#29.57
-96.1776,32.1053#40.35#30.14#29.51
-96.1241,32.1057#40.43#30.12#29.45
-96.0707,32.1061#40.52#30.1#29.38
-96.0172,32.1064#40.6#30.08#29.32
-95.9637,32.1068#40.67#30.07#29.26
-95.9102,32.1071#40.74#30.07#29.19
-95.8567,32.1074#40.81#30.06#29.13
-95.8032,32.1077#40.87#30.06#29.07
-95.7497,32.1079#40.94#30.05#29.01
-95.6962,32.1082#41.01#30.04#28.95
-95.6427,32.1084#41.08#30.04#28.88
-95.5892,32.1086#41.14#30.03#28.83
-95.5357,32.1088#41.21#30.03#28.76
-95.4822,32.109#41.27#30.02#28.71
-95.4287,32.1091#41.31#30.02#28.67
-95.3752,32.1092#41.35#30.02#28.63
-95.3217,32.1094#41.4#30.02#28.58
-95.2682,32.1095#41.44#30.02#28.54
-95.2147,32.1095#41.48#30.02#28.5
-95.1612,32.1096#41.53#30.01#28.46
-95.1077,32.1096#41.57#30.01#28.42
-95.0542,32.1097#41.61#30.01#28.38
-95.0007,32.1097#41.65#30.01#28.34
-94.9472,32.1097#41.69#30.01#28.3
-94.8937,32.1096#41.72#30.02#28.26
-94.8402,32.1096#41.75#30.02#28.23
-94.7868,32.1095#41.78#30.03#28.19
-94.7333,32.1095#41.81#30.03#28.16
-94.6798,32.1094#41.84#30.03#28.13
-94.6263,32.1092#41.88#30.04#28.08
-94.5728,32.1091#41.91#30.04#28.05
-94.5193,32.109#41.94#30.05#28.01
-94.4658,32.1088#41.97#30.06#27.97
-94.4123,32.1086#41.99#30.07#27.94
-94.3588,32.1084#42.01#30.08#27.91
-94.3053,32.1082#42.04#30.1#27.86
-94.2518,32.1079#42.06#30.11#27.83
-94.1983,32.1077#42.09#30.12#27.79
-94.1448,32.1074#42.11#30.14#27.75
-94.0913,32.1071#42.13#30.15#27.72
-94.0378,32.1068#42.16#30.16#27.68
-93.9843,32.1065#42.18#30.18#27.64
-93.9308,32.1061#42.2#30.2#27.6
-93.8773,32.1057#42.22#30.22#27.56
-93.8238,32.1054#42.24#30.24#27.52
-93.7703,32.105#42.26#30.26#27.48
-93.7169,32.1045#42.28#30.28#27.44
-93.6634,32.1041#42.3#30.31#27.39
-93.6099,32.1036#42.32#30.33#27.35
-93.5564,32.1032#42.35#30.35#27.3
-93.5029,32.1027#42.37#30.37#27.26
-93.4494,32.1022#42.39#30.39#27.22
-93.3959,32.1016#42.41#30.41#27.18
-93.3424,32.1011#42.43#30.43#27.14
-93.2889,32.1005#42.45#30.44#27.11
-93.2354,32.1#42.47#30.46#27.07
-93.182,32.0994#42.49#30.48#27.03
-93.1285,32.0987#42.51#30.5#26.99
-93.075,32.0981#42.53#30.52#26.95
-93.0215,32.0974#42.55#30.54#26.91
-92.968,32.0968#42.57#30.54#26.89
-92.9145,32.0961#42.6#30.55#26.85
-92.8611,32.0954#42.64#30.55#26.81
-92.8076,32.0947#42.67#30.55#26.78
-92.7541,32.0939#42.7#30.56#26.74
-92.7006,32.0932#42.73#30.56#26.71
-92.6471,32.0924#42.76#30.57#26.67
-92.5936,32.0916#42.79#30.57#26.64
-92.5402,32.0908#42.82#30.57#26.61
-92.4867,32.0899#42.85#30.57#26.58
-92.4332,32.0891#42.89#30.55#26.56
-92.3797,32.0882#42.92#30.53#26.55
-92.3263,32.0873#42.96#30.52#26.52
-92.2728,32.0864#42.99#30.5#26.51
-92.2193,32.0855#43.03#30.48#26.49
-92.1658,32.0846#43.06#30.46#26.48
-92.1124,32.0836#43.1#30.45#26.45
-92.0589,32.0827#43.14#30.43#26.43
-92.0054,32.0817#43.17#30.41#26.42
-91.9519,32.0806#43.21#30.37#26.42
-91.8985,32.0796#43.25#30.33#26.42
-91.845,32.0786#43.29#30.29#26.42
-91.7915,32.0775#43.33#30.26#26.41
-91.7381,32.0764#43.37#30.22#26.41
-91.6846,32.0753#43.41#30.18#26.41
-91.6311,32.0742#43.45#30.14#26.41
-91.5777,32.0731#43.49#30.1#26.41
-91.5242,32.0719#43.53#30.06#26.41
-91.4708,32.0708#43.57#30.02#26.41
-91.4173,32.0696#43.61#29.97#26.42
-91.3638,32.0684#43.65#29.93#26.42
-91.3104,32.0671#43.7#29.88#26.42
-91.2569,32.0659#43.74#29.83#26.43
-91.2035,32.0646#43.78#29.79#26.43
-91.15,32.0634#43.83#29.74#26.43
-91.0966,32.0621#43.87#29.69#26.44
-91.0431,32.0607#43.91#29.64#26.45
-90.9897,32.0594#43.95#29.6#26.45
-90.9362,32.0581#44#29.56#26.44
-90.8828,32.0567#44.04#29.52#26.44
-90.8293,32.0553#44.08#29.48#26.44
-90.7759,32.0539#44.12#29.44#26.44
-90.7224,32.0525#44.16#29.4#26.44
-90.669,32.0511#44.2#29.36#26.44
-90.6155,32.0496#44.24#29.31#26.45
-90.5621,32.0481#44.28#29.27#26.45
-90.5087,32.0466#44.32#29.23#26.45
-90.4552,32.0451#44.37#29.19#26.44
-90.4018,32.0436#44.41#29.14#26.45
-90.3484,32.042#44.46#29.1#26.44
-90.2949,32.0405#44.51#29.05#26.44
-90.2415,32.0389#44.55#29.01#26.44
-90.1881,32.0373#44.6#28.96#26.44
-90.1346,32.0357#44.64#28.92#26.44
-90.0812,32.0341#44.69#28.87#26.44
-90.0278,32.0324#44.73#28.83#26.44
-89.9744,32.0307#44.78#28.79#26.43
-89.9209,32.029#44.83#28.75#26.42
-89.8675,32.0273#44.88#28.72#26.4
-89.8141,32.0256#44.92#28.68#26.4
-89.7607,32.0239#44.97#28.65#26.38
-89.7073,32.0221#45.02#28.61#26.37
-89.6538,32.0203#45.07#28.58#26.35
-89.6004,32.0185#45.11#28.54#26.35
-89.547,32.0167#45.16#28.51#26.33
-89.4936,32.0149#45.21#28.48#26.31
-89.4402,32.013#45.25#28.48#26.27
-89.3868,32.0112#45.3#28.48#26.22
-89.3334,32.0093#45.34#28.48#26.18
-89.28,32.0074#45.38#28.48#26.14
-89.2266,32.0055#45.43#28.48#26.09
-89.1732,32.0035#45.47#28.48#26.05
-89.1198,32.0016#45.51#28.47#26.02
-89.0664,31.9996#45.55#28.47#25.98
-89.013,31.9976#45.6#28.47#25.93
-88.9596,31.9956#45.63#28.51#25.86
-88.9062,31.9936#45.66#28.55#25.79
-88.8528,31.9915#45.69#28.6#25.71
-88.7995,31.9895#45.71#28.65#25.64
-88.7461,31.9874#45.74#28.69#25.57
-88.6927,31.9853#45.77#28.74#25.49
-88.6393,31.9832#45.8#28.78#25.42
-88.5859,31.981#45.83#28.83#25.34
-88.5326,31.9789#45.86#28.87#25.27
-88.4792,31.9767#45.88#28.93#25.19
-88.4258,31.9745#45.9#29.01#25.09
-88.3724,31.9723#45.92#29.1#24.98
-88.3191,31.9701#45.94#29.18#24.88
-88.2657,31.9678#45.95#29.27#24.78
-88.2123,31.9656#45.97#29.35#24.68
-88.159,31.9633#45.99#29.44#24.57
-88.1056,31.961#46.01#29.52#24.47
-88.0523,31.9587#46.02#29.61#24.37
-87.9989,31.9564#46.04#29.69#24.27
-87.9456,31.954#46.04#29.78#24.18
-87.8922,31.9516#46.05#29.86#24.09
-87.8389,31.9493#46.05#29.95#24
-87.7855,31.9469#46.05#30.04#23.91
-87.7322,31.9444#46.06#30.13#23.81
-87.6788,31.942#46.06#30.21#23.73
-87.6255,31.9395#46.06#30.3#23.64
-87.5721,31.9371#46.07#30.39#23.54
-87.5188,31.9346#46.07#30.48#23.45
-87.4655,31.9321#46.06#30.54#23.4
-87.4121,31.9295#46.05#30.58#23.37
-87.3588,31.927#46.04#30.63#23.33
-87.3055,31.9244#46.02#30.67#23.31
-87.2522,31.9219#46.01#30.71#23.28
-87.1988,31.9193#46#30.75#23.25
-87.1455,31.9166#45.98#30.8#23.22
-87.0922,31.914#45.97#30.84#23.19
-87.0389,31.9114#45.95#30.88#23.17
-86.9856,31.9087#45.93#30.93#23.14
-86.9323,31.906#45.89#30.98#23.13
-86.879,31.9033#45.86#31.04#23.1
-86.8257,31.9006#45.82#31.09#23.09
-103.979,31.9028#28.59#43.41#28
-103.925,31.9058#28.59#43.33#28.08
-103.872,31.9087#28.6#43.26#28.14
-103.819,31.9117#28.6#43.18#28.22
-103.765,31.9146#28.61#43.1#28.29
-103.712,31.9175#28.61#43.03#28.36
-103.659,31.9204#28.61#42.95#28.44
-103.606,31.9233#28.62#42.87#28.51
-103.552,31.9262#28.62#42.8#28.58
-103.499,31.929#28.62#42.72#28.66
-103.446,31.9319#28.63#42.57#28.8
-103.392,31.9347#28.64#42.43#28.93
-103.339,31.9375#28.65#42.28#29.07
-103.286,31.9403#28.66#42.14#29.2
-103.232,31.943#28.66#42#29.34
-103.179,31.9458#28.67#41.85#29.48
-103.126,31.9485#28.68#41.71#29.61
-103.072,31.9512#28.69#41.57#29.74
-103.019,31.9539#28.69#41.43#29.88
-102.966,31.9566#28.7#41.27#30.03
-102.912,31.9592#28.71#41.11#30.18
-102.859,31.9618#28.72#40.94#30.34
-102.806,31.9645#28.73#40.77#30.5
-102.752,31.9671#28.74#40.6#30.66
-102.699,31.9696#28.75#40.44#30.81
-102.646,31.9722#28.76#40.27#30.97
-102.592,31.9748#28.77#40.1#31.13
-102.539,31.9773#28.78#39.93#31.29
-102.486,31.9798#28.79#39.77#31.44
-102.432,31.9823#28.81#39.65#31.54
-102.379,31.9848#28.82#39.53#31.65
-102.326,31.9872#28.83#39.41#31.76
-102.272,31.9897#28.84#39.29#31.87
-102.219,31.9921#28.85#39.17#31.98
-102.165,31.9945#28.86#39.05#32.09
-102.112,31.9969#28.87#38.92#32.21
-102.059,31.9992#28.88#38.8#32.32
-102.005,32.0016#28.89#38.68#32.43
-101.952,32.0039#28.91#38.56#32.53
-101.899,32.0062#28.92#38.43#32.65
-101.845,32.0085#28.94#38.31#32.75
-101.792,32.0108#28.95#38.19#32.86
-101.738,32.0131#28.97#38.06#32.97
-101.685,32.0153#28.98#37.94#33.08
-101.632,32.0175#29#37.82#33.18
-101.578,32.0197#29.01#37.69#33.3
-101.525,32.0219#29.03#37.57#33.4
-101.471,32.0241#29.05#37.45#33.5
-101.418,32.0263#29.07#37.32#33.61
-101.365,32.0284#29.1#37.2#33.7
-101.311,32.0305#29.12#37.07#33.81
-101.258,32.0326#29.15#36.95#33.9
-101.204,32.0347#29.17#36.82#34.01
-101.151,32.0368#29.2#36.7#34.1
-101.098,32.0388#29.22#36.57#34.21
-101.044,32.0408#29.25#36.45#34.3
-100.991,32.0428#29.28#36.32#34.4
-100.937,32.0448#29.32#36.19#34.49
