-96.6917,37.9#44.62#29.9#25.48
-96.6353,37.9005#44.75#29.99#25.26
-96.579,37.9011#44.88#30.08#25.04
-96.5226,37.9016#45.02#30.17#24.81
-96.4663,37.9021#45.15#30.26#24.59
-96.4099,37.9025#45.27#30.37#24.36
-96.3535,37.903#45.39#30.47#24.14
-96.2972,37.9034#45.52#30.57#23.91
-96.2408,37.9038#45.64#30.67#23.69
-96.1845,37.9042#45.76#30.77#23.47
-96.1281,37.9046#45.89#30.88#23.23
-96.0717,37.905#46.01#30.98#23.01
-96.0154,37.9053#46.14#31.08#22.78
-95.959,37.9056#46.25#31.14#22.61
-95.9026,37.9059#46.36#31.18#22.46
-95.8463,37.9062#46.46#31.22#22.32
-95.7899,37.9065#46.57#31.26#22.17
-95.7335,37.9067#46.68#31.31#22.01
-95.6772,37.907#46.79#31.35#21.86
-95.6208,37.9072#46.9#31.39#21.71
-95.5644,37.9074#47#31.43#21.57
-95.5081,37.9076#47.11#31.48#21.41
-95.4517,37.9077#47.21#31.49#21.3
-95.3953,37.9079#47.3#31.51#21.19
-95.339,37.908#47.39#31.52#21.09
-95.2826,37.9081#47.48#31.53#20.99
-95.2262,37.9082#47.57#31.54#20.89
-95.1699,37.9082#47.67#31.56#20.77
-95.1135,37.9083#47.76#31.57#20.67
-95.0571,37.9083#47.85#31.58#20.57
-95.0008,37.9083#47.94#31.59#20.47
-94.9444,37.9083#48.01#31.59#20.4
-94.888,37.9083#48.09#31.59#20.32
-94.8317,37.9082#48.16#31.59#20.25
-94.7753,37.9082#48.24#31.59#20.17
-94.7189,37.9081#48.31#31.59#20.1
-94.6626,37.908#48.38#31.59#20.03
-94.6062,37.9079#48.46#31.59#19.95
-94.5498,37.9077#48.53#31.59#19.88
-94.4935,37.9076#48.6#31.59#19.81
-94.4371,37.9074#48.67#31.59#19.74
-94.3807,37.9072#48.74#31.59#19.67
-94.3244,37.907#48.81#31.59#19.6
-94.268,37.9067#48.88#31.59#19.53
-94.2117,37.9065#48.95#31.59#19.46
-94.1553,37.9062#49.02#31.59#19.39
-94.0989,37.9059#49.08#31.59#19.33
-94.0426,37.9056#49.15#31.59#19.26
-93.9862,37.9053#49.22#31.6#19.18
-93.9298,37.905#49.27#31.6#19.13
-93.8735,37.9046#49.33#31.61#19.06
-93.8171,37.9042#49.39#31.61#19
-93.7607,37.9038#49.44#31.62#18.94
-93.7044,37.9034#49.5#31.62#18.88
-93.648,37.903#49.55#31.63#18.82
-93.5917,37.9025#49.61#31.63#18.76
-93.5353,37.9021#49.66#31.64#18.7
-93.4789,37.9016#49.74#31.64#18.62
-93.4226,37.9011#49.85#31.65#18.5
-93.3662,37.9005#49.95#31.65#18.4
-93.3099,37.9#50.06#31.65#18.29
-99.2287,37.9008#37.89#28.86#33.25
-99.1724,37.9021#38.02#28.87#33.11
-99.116,37.9035#38.15#28.88#32.97
-99.0597,37.9048#38.28#28.89#32.83
-99.0033,37.9062#38.41#28.9#32.69
-98.947,37.9075#38.57#28.91#32.52
-98.8906,37.9088#38.74#28.92#32.34
-98.8343,37.91#38.9#28.94#32.16
-98.778,37.9113#39.07#28.95#31.98
-98.7216,37.9125#39.23#28.96#31.81
-98.6653,37.9137#39.4#28.97#31.63
-98.6089,37.9149#39.56#28.99#31.45
-98.5526,37.9161#39.73#29#31.27
-98.4962,37.9172#39.89#29.01#31.1
-98.4399,37.9184#40.05#29.02#30.93
-98.3835,37.9195#40.21#29.02#30.77
-98.3271,37.9206#40.37#29.03#30.6
-98.2708,37.9217#40.53#29.03#30.44
-98.2144,37.9227#40.68#29.04#30.28
-98.1581,37.9238#40.84#29.04#30.12
-98.1017,37.9248#41#29.05#29.95
-98.0453,37.9258#41.16#29.05#29.79
-97.989,37.9268#41.32#29.06#29.62
-97.9326,37.9278#41.47#29.05#29.48
-97.8763,37.9287#41.61#29.05#29.34
-97.8199,37.9297#41.76#29.04#29.2
-97.7635,37.9306#41.91#29.04#29.05
-97.7072,37.9315#42.06#29.03#28.91
-97.6508,37.9324#42.21#29.03#28.76
-97.5944,37.9332#42.36#29.02#28.62
-97.5381,37.9341#42.5#29.02#28.48
-97.4817,37.9349#42.65#29.02#28.33
-97.4253,37.9357#42.79#29.06#28.15
-97.3689,37.9365#42.93#29.1#27.97
-97.3126,37.9372#43.08#29.13#27.79
-97.2562,37.938#43.22#29.17#27.61
-97.1998,37.9387#43.36#29.2#27.44
-97.1434,37.9394#43.5#29.24#27.26
-97.0871,37.9401#43.65#29.27#27.08
-97.0307,37.9408#43.79#29.31#26.9
-96.9743,37.9415#43.93#29.36#26.71
-96.9179,37.9421#44.06#29.45#26.49
-96.8615,37.9427#44.19#29.53#26.28
-96.8052,37.9433#44.32#29.62#26.06
-96.7488,37.9439#44.46#29.7#25.84
-96.6924,37.9445#44.59#29.78#25.63
-96.636,37.945#44.72#29.87#25.41
-96.5796,37.9455#44.86#29.95#25.19
-96.5233,37.946#44.99#30.03#24.98
-96.4669,37.9465#45.12#30.13#24.75
-96.4105,37.947#45.24#30.24#24.52
-96.3541,37.9475#45.36#30.34#24.3
-96.2977,37.9479#45.48#30.45#24.07
-96.2413,37.9483#45.61#30.56#23.83
-96.1849,37.9487#45.73#30.66#23.61
-96.1286,37.9491#45.85#30.77#23.38
-96.0722,37.9495#45.97#30.88#23.15
-96.0158,37.9498#46.09#30.99#22.92
-95.9594,37.9501#46.21#31.05#22.74
-95.903,37.9504#46.31#31.1#22.59
-95.8466,37.9507#46.42#31.15#22.43
-95.7902,37.951#46.53#31.2#22.27
-95.7338,37.9512#46.63#31.25#22.12
-95.6775,37.9515#46.74#31.29#21.97
-95.6211,37.9517#46.85#31.34#21.81
-95.5647,37.9519#46.95#31.39#21.66
-95.5083,37.952#47.06#31.44#21.5
-95.4519,37.9522#47.15#31.46#21.39
-95.3955,37.9523#47.24#31.47#21.29
-95.3391,37.9525#47.33#31.48#21.19
-95.2827,37.9526#47.42#31.5#21.08
-95.2263,37.9526#47.51#31.51#20.98
-95.17,37.9527#47.6#31.52#20.88
-95.1136,37.9528#47.7#31.54#20.76
-95.0572,37.9528#47.79#31.55#20.66
-95.0008,37.9528#47.88#31.57#20.55
-94.9444,37.9528#47.95#31.56#20.49
-94.888,37.9528#48.02#31.56#20.42
-94.8316,37.9527#48.1#31.56#20.34
-94.7752,37.9526#48.17#31.56#20.27
-94.7188,37.9526#48.24#31.56#20.2
-94.6624,37.9525#48.32#31.56#20.12
-94.606,37.9523#48.39#31.56#20.05
-94.5497,37.9522#48.47#31.56#19.97
-94.4933,37.952#48.54#31.56#19.9
-94.4369,37.9519#48.61#31.56#19.83
-94.3805,37.9517#48.67#31.56#19.77
-94.3241,37.9515#48.74#31.56#19.7
-94.2677,37.9512#48.81#31.57#19.62
-94.2113,37.951#48.88#31.57#19.55
-94.1549,37.9507#48.95#31.57#19.48
-94.0985,37.9504#49.02#31.57#19.41
-94.0422,37.9501#49.08#31.57#19.35
-93.9858,37.9498#49.15#31.57#19.28
-93.9294,37.9495#49.2#31.58#19.22
-93.873,37.9491#49.26#31.58#19.16
-93.8166,37.9487#49.31#31.59#19.1
-93.7602,37.9483#49.37#31.6#19.03
-93.7038,37.9479#49.42#31.6#18.98
-93.6475,37.9475#49.48#31.61#18.91
-93.5911,37.947#49.54#31.61#18.85
-93.5347,37.9465#49.59#31.62#18.79
-93.4783,37.9461#49.66#31.62#18.72
-93.4219,37.9456#49.77#31.63#18.6
-93.3655,37.945#49.87#31.63#18.5
-93.3092,37.9445#49.97#31.63#18.4
-93.2528,37.9439#50.07#31.64#18.29
-93.1964,37.9433#50.18#31.64#18.18
-93.14,37.9427#50.28#31.65#18.07
-93.0836,37.9421#50.38#31.65#17.97
-93.0273,37.9415#50.49#31.66#17.85
-92.9709,37.9408#50.61#31.66#17.73
-92.9145,37.9401#50.74#31.66#17.6
-92.8581,37.9395#50.87#31.66#17.47
-92.8017,37.9387#51#31.66#17.34
-92.7454,37.938#51.14#31.67#17.19
-92.689,37.9373#51.27#31.67#17.06
-92.6326,37.9365#51.41#31.67#16.92
-92.5762,37.9357#51.54#31.67#16.79
-92.5199,37.9349#51.67#31.67#16.66
-92.4635,37.9341#51.82#31.67#16.51
-92.4071,37.9332#51.96#31.66#16.38
-92.3508,37.9324#52.11#31.66#16.23
-92.2944,37.9315#52.26#31.66#16.08
-92.238,37.9306#52.4#31.65#15.95
-92.1817,37.9297#52.55#31.65#15.8
-92.1253,37.9288#52.7#31.64#15.66
-92.0689,37.9278#52.84#31.64#15.52
-92.0126,37.9268#52.99#31.63#15.38
-91.9562,37.9258#53.13#31.63#15.24
-91.8998,37.9248#53.27#31.62#15.11
-91.8435,37.9238#53.42#31.61#14.97
-91.7871,37.9228#53.56#31.6#14.84
-91.7308,37.9217#53.7#31.59#14.71
-91.6744,37.9206#53.84#31.58#14.58
-91.6181,37.9195#53.98#31.58#14.44
-91.5617,37.9184#54.12#31.57#14.31
-91.5053,37.9173#54.26#31.56#14.18
-91.449,37.9161#54.39#31.55#14.06
-91.3926,37.9149#54.51#31.54#13.95
-91.3363,37.9137#54.64#31.53#13.83
-91.2799,37.9125#54.76#31.52#13.72
-91.2236,37.9113#54.89#31.51#13.6
-91.1673,37.9101#55.01#31.5#13.49
-91.1109,37.9088#55.13#31.49#13.38
-91.0546,37.9075#55.26#31.48#13.26
-90.9982,37.9062#55.38#31.47#13.15
-90.9419,37.9049#55.48#31.46#13.06
-90.8855,37.9035#55.59#31.45#12.96
-90.8292,37.9022#55.69#31.44#12.87
-90.7729,37.9008#55.79#31.43#12.78
-100.752,37.901#35.02#29.7#35.28
-100.695,37.9029#35.11#29.63#35.26
-100.639,37.9048#35.2#29.56#35.24
-100.583,37.9066#35.28#29.49#35.23
-100.526,37.9084#35.37#29.42#35.21
-100.47,37.9102#35.46#29.36#35.18
-100.414,37.912#35.56#29.31#35.13
-100.357,37.9138#35.66#29.25#35.09
-100.301,37.9155#35.76#29.2#35.04
-100.245,37.9173#35.86#29.15#34.99
-100.188,37.919#35.95#29.1#34.95
-100.132,37.9207#36.05#29.04#34.91
-100.076,37.9223#36.15#28.99#34.86
-100.019,37.924#36.24#28.94#34.82
-99.963,37.9256#36.36#28.91#34.73
-99.9066,37.9273#36.47#28.9#34.63
-99.8503,37.9289#36.59#28.89#34.52
-99.794,37.9304#36.71#28.87#34.42
-99.7376,37.932#36.83#28.86#34.31
-99.6813,37.9335#36.95#28.85#34.2
-99.6249,37.9351#37.07#28.83#34.1
-99.5686,37.9366#37.18#28.82#34
-99.5122,37.9381#37.3#28.81#33.89
-99.4559,37.9395#37.43#28.81#33.76
-99.3995,37.941#37.55#28.82#33.63
-99.3432,37.9424#37.68#28.83#33.49
-99.2868,37.9438#37.81#28.84#33.35
-99.2304,37.9452#37.94#28.84#33.22
-99.1741,37.9466#38.06#28.85#33.09
-99.1177,37.948#38.19#28.86#32.95
-99.0614,37.9493#38.32#28.87#32.81
-99.005,37.9506#38.44#28.88#32.68
-98.9486,37.9519#38.6#28.89#32.51
-98.8923,37.9532#38.77#28.9#32.33
-98.8359,37.9545#38.93#28.91#32.16
-98.7795,37.9557#39.09#28.92#31.99
-98.7232,37.957#39.26#28.94#31.8
-98.6668,37.9582#39.42#28.95#31.63
-98.6104,37.9594#39.58#28.96#31.46
-98.554,37.9605#39.75#28.97#31.28
-98.4977,37.9617#39.91#28.98#31.11
-98.4413,37.9628#40.07#28.99#30.94
-98.3849,37.964#40.22#28.99#30.79
-98.3285,37.9651#40.38#28.99#30.63
-98.2721,37.9661#40.54#29#30.46
-98.2158,37.9672#40.69#29#30.31
-98.1594,37.9683#40.85#29.01#30.14
-98.103,37.9693#41.01#29.01#29.98
-98.0466,37.9703#41.17#29.02#29.81
-97.9902,37.9713#41.32#29.02#29.66
-97.9338,37.9722#41.47#29.01#29.52
-97.8775,37.9732#41.62#29.01#29.37
-97.8211,37.9741#41.76#29#29.24
-97.7647,37.9751#41.91#29#29.09
-97.7083,37.9759#42.06#28.99#28.95
-97.6519,37.9768#42.21#28.98#28.81
-97.5955,37.9777#42.35#28.98#28.67
-97.5391,37.9785#42.5#28.97#28.53
-97.4827,37.9794#42.65#28.98#28.37
-97.4263,37.9802#42.79#29.01#28.2
-97.3699,37.9809#42.93#29.04#28.03
-97.3135,37.9817#43.07#29.07#27.86
-97.2571,37.9825#43.21#29.11#27.68
-97.2007,37.9832#43.35#29.14#27.51
-97.1443,37.9839#43.49#29.17#27.34
-97.0879,37.9846#43.63#29.2#27.17
-97.0315,37.9853#43.77#29.23#27
-96.9751,37.9859#43.91#29.28#26.81
-96.9187,37.9866#44.04#29.36#26.6
-96.8623,37.9872#44.17#29.44#26.39
-96.8059,37.9878#44.3#29.51#26.19
-96.7495,37.9884#44.43#29.59#25.98
-96.6931,37.9889#44.57#29.67#25.76
-96.6367,37.9895#44.7#29.74#25.56
-96.5803,37.99#44.83#29.82#25.35
-96.5239,37.9905#44.96#29.9#25.14
-96.4675,37.991#45.09#29.99#24.92
-96.4111,37.9915#45.21#30.11#24.68
-96.3547,37.9919#45.33#30.22#24.45
-96.2983,37.9924#45.45#30.33#24.22
-96.2419,37.9928#45.57#30.44#23.99
-96.1854,37.9932#45.69#30.56#23.75
-96.129,37.9936#45.81#30.67#23.52
-96.0726,37.9939#45.93#30.78#23.29
-96.0162,37.9943#46.05#30.9#23.05
-95.9598,37.9946#46.16#30.97#22.87
-95.9034,37.9949#46.27#31.02#22.71
-95.847,37.9952#46.37#31.07#22.56
-95.7906,37.9955#46.48#31.13#22.39
-95.7342,37.9957#46.58#31.18#22.24
-95.6777,37.9959#46.69#31.24#22.07
-95.6213,37.9961#46.79#31.29#21.92
-95.5649,37.9963#46.9#31.35#21.75
-95.5085,37.9965#47#31.4#21.6
-95.4521,37.9967#47.1#31.42#21.48
-95.3957,37.9968#47.19#31.44#21.37
-95.3393,37.9969#47.28#31.45#21.27
-95.2828,37.997#47.36#31.47#21.17
-95.2264,37.9971#47.45#31.48#21.07
-95.17,37.9972#47.54#31.49#20.97
-95.1136,37.9972#47.63#31.51#20.86
-95.0572,37.9973#47.72#31.52#20.76
-95.0008,37.9973#47.81#31.54#20.65
-94.9444,37.9973#47.89#31.54#20.57
-94.888,37.9972#47.96#31.54#20.5
-94.8315,37.9972#48.03#31.54#20.43
-94.7751,37.9971#48.11#31.54#20.35
-94.7187,37.997#48.18#31.54#20.28
-94.6623,37.9969#48.25#31.54#20.21
-94.6059,37.9968#48.33#31.53#20.14
-94.5495,37.9967#48.4#31.53#20.07
-94.4931,37.9965#48.47#31.53#20
-94.4366,37.9963#48.54#31.54#19.92
-94.3802,37.9962#48.61#31.54#19.85
-94.3238,37.9959#48.68#31.54#19.78
-94.2674,37.9957#48.74#31.54#19.72
-94.211,37.9955#48.81#31.54#19.65
-94.1546,37.9952#48.88#31.55#19.57
-94.0982,37.9949#48.95#31.55#19.5
-94.0418,37.9946#49.01#31.55#19.44
-93.9853,37.9943#49.08#31.55#19.37
-93.9289,37.9939#49.13#31.56#19.31
-93.8725,37.9936#49.19#31.56#19.25
-93.8161,37.9932#49.24#31.57#19.19
-93.7597,37.9928#49.3#31.57#19.13
-93.7033,37.9924#49.35#31.58#19.07
-93.6469,37.9919#49.41#31.59#19
-93.5905,37.9915#49.46#31.59#18.95
-93.5341,37.991#49.52#31.6#18.88
-93.4777,37.9905#49.59#31.6#18.81
-93.4213,37.99#49.69#31.61#18.7
-93.3649,37.9895#49.78#31.61#18.61
-93.3085,37.989#49.88#31.62#18.5
-93.252,37.9884#49.98#31.62#18.4
-93.1956,37.9878#50.08#31.62#18.3
-93.1392,37.9872#50.17#31.63#18.2
-93.0828,37.9866#50.27#31.63#18.1
-93.0264,37.986#50.37#31.64#17.99
-92.97,37.9853#50.49#31.64#17.87
-92.9136,37.9846#50.61#31.64#17.75
-92.8572,37.9839#50.74#31.65#17.61
-92.8008,37.9832#50.87#31.65#17.48
-92.7444,37.9825#51#31.65#17.35
-92.688,37.9817#51.13#31.65#17.22
-92.6316,37.981#51.26#31.65#17.09
-92.5752,37.9802#51.39#31.65#16.96
-92.5188,37.9794#51.52#31.66#16.82
-92.4625,37.9786#51.66#31.65#16.69
-92.4061,37.9777#51.81#31.65#16.54
-92.3497,37.9769#51.96#31.65#16.39
-92.2933,37.976#52.11#31.64#16.25
-92.2369,37.9751#52.26#31.64#16.1
-92.1805,37.9742#52.41#31.64#15.95
-92.1241,37.9732#52.56#31.63#15.81
-92.0677,37.9723#52.71#31.63#15.66
-92.0113,37.9713#52.86#31.63#15.51
-91.9549,37.9703#53.01#31.62#15.37
-91.8986,37.9693#53.15#31.61#15.24
-91.8422,37.9683#53.3#31.6#15.1
-91.7858,37.9672#53.44#31.6#14.96
-91.7294,37.9662#53.58#31.59#14.83
-91.673,37.9651#53.73#31.58#14.69
-91.6166,37.964#53.87#31.57#14.56
-91.5603,37.9629#54.01#31.57#14.42
-91.5039,37.9617#54.16#31.56#14.28
-91.4475,37.9606#54.29#31.55#14.16
-91.3911,37.9594#54.41#31.54#14.05
-91.3348,37.9582#54.54#31.53#13.93
-91.2784,37.957#54.66#31.52#13.82
-91.222,37.9558#54.79#31.51#13.7
-91.1657,37.9545#54.92#31.5#13.58
-91.1093,37.9533#55.04#31.49#13.47
-91.0529,37.952#55.17#31.48#13.35
-90.9966,37.9507#55.29#31.47#13.24
-90.9402,37.9493#55.4#31.46#13.14
-90.8838,37.948#55.5#31.45#13.05
-90.8275,37.9466#55.61#31.44#12.95
-90.7711,37.9453#55.71#31.43#12.86
-90.7148,37.9439#55.81#31.42#12.77
-90.6584,37.9425#55.92#31.41#12.67
-90.602,37.941#56.02#31.41#12.57
-90.5457,37.9396#56.13#31.4#12.47
-90.4893,37.9381#56.23#31.39#12.38
-90.433,37.9366#56.31#31.38#12.31
-90.3766,37.9351#56.4#31.37#12.23
-90.3203,37.9336#56.48#31.36#12.16
-90.2639,37.932#56.56#31.35#12.09
-90.2076,37.9305#56.64#31.34#12.02
-90.1513,37.9289#56.73#31.34#11.93
-90.0949,37.9273#56.81#31.33#11.86
-90.0386,37.9257#56.89#31.32#11.79
-89.9822,37.924#56.97#31.31#11.72
-89.9259,37.9224#57.03#31.3#11.67
-89.8696,37.9207#57.1#31.3#11.6
-89.8132,37.919#57.16#31.29#11.55
-89.7569,37.9173#57.23#31.28#11.49
-89.7006,37.9156#57.29#31.27#11.44
-89.6442,37.9138#57.35#31.27#11.38
-89.5879,37.9121#57.42#31.26#11.32
-89.5316,37.9103#57.48#31.25#11.27
-89.4753,37.9085#57.54#31.24#11.22
-89.419,37.9067#57.59#31.23#11.18
-89.3626,37.9048#57.63#31.23#11.14
-89.3063,37.903#57.68#31.22#11.1
-89.25,37.9011#57.73#31.21#11.06
-101.937,37.9018#33.41#30.69#35.9
-101.88,37.9041#33.5#30.66#35.84
-101.824,37.9063#33.59#30.63#35.78
-101.768,37.9085#33.67#30.59#35.74
-101.711,37.9107#33.75#30.56#35.69
-101.655,37.9129#33.84#30.53#35.63
-101.599,37.9151#33.92#30.5#35.58
-101.542,37.9173#34.01#30.47#35.52
-101.486,37.9194#34.09#30.43#35.48
-101.43,37.9215#34.16#30.38#35.46
-101.374,37.9236#34.24#30.32#35.44
-101.317,37.9257#34.32#30.26#35.42
-101.261,37.9278#34.39#30.21#35.4
-101.205,37.9298#34.47#30.15#35.38
-101.148,37.9318#34.54#30.1#35.36
-101.092,37.9338#34.62#30.04#35.34
-101.036,37.9358#34.69#29.99#35.32
-100.979,37.9378#34.77#29.92#35.31
-100.923,37.9397#34.86#29.86#35.28
-100.867,37.9417#34.94#29.79#35.27
-100.81,37.9436#35.03#29.72#35.25
-100.754,37.9455#35.12#29.65#35.23
-100.698,37.9474#35.2#29.58#35.22
-100.641,37.9492#35.29#29.52#35.19
-100.585,37.9511#35.37#29.45#35.18
-100.529,37.9529#35.46#29.38#35.16
-100.472,37.9547#35.55#29.32#35.13
-100.416,37.9565#35.65#29.27#35.08
-100.36,37.9582#35.74#29.22#35.04
-100.303,37.96#35.84#29.17#34.99
-100.247,37.9617#35.93#29.12#34.95
-100.19,37.9634#36.03#29.07#34.9
-100.134,37.9651#36.13#29.02#34.85
-100.078,37.9668#36.22#28.97#34.81
-100.021,37.9684#36.32#28.92#34.76
-99.965,37.9701#36.43#28.89#34.68
-99.9087,37.9717#36.54#28.88#34.58
-99.8523,37.9733#36.66#28.87#34.47
-99.796,37.9749#36.77#28.85#34.38
-99.7396,37.9765#36.89#28.84#34.27
-99.6832,37.978#37.01#28.83#34.16
-99.6268,37.9795#37.12#28.82#34.06
-99.5705,37.981#37.24#28.8#33.96
-99.5141,37.9825#37.35#28.79#33.86
-99.4577,37.984#37.48#28.79#33.73
-99.4013,37.9854#37.6#28.8#33.6
-99.345,37.9869#37.73#28.81#33.46
-99.2886,37.9883#37.85#28.82#33.33
-99.2322,37.9897#37.98#28.83#33.19
-99.1758,37.9911#38.1#28.83#33.07
-99.1194,37.9924#38.23#28.84#32.93
-99.0631,37.9938#38.35#28.85#32.8
-99.0067,37.9951#38.48#28.86#32.66
-98.9503,37.9964#38.63#28.87#32.5
-98.8939,37.9977#38.8#28.88#32.32
-98.8375,37.9989#38.96#28.89#32.15
-98.7811,38.0002#39.12#28.9#31.98
-98.7247,38.0014#39.28#28.91#31.81
-98.6683,38.0026#39.44#28.92#31.64
-98.6119,38.0038#39.6#28.93#31.47
-98.5555,38.005#39.76#28.94#31.3
-98.4991,38.0062#39.93#28.95#31.12
-98.4427,38.0073#40.08#28.96#30.96
-98.3863,38.0084#40.24#28.96#30.8
-98.3299,38.0095#40.39#28.96#30.65
-98.2735,38.0106#40.55#28.97#30.48
-98.2171,38.0117#40.7#28.97#30.33
-98.1607,38.0127#40.86#28.97#30.17
-98.1043,38.0137#41.02#28.98#30
-98.0479,38.0148#41.17#28.98#29.85
-97.9915,38.0157#41.32#28.98#29.7
-97.9351,38.0167#41.47#28.97#29.56
-97.8787,38.0177#41.62#28.97#29.41
-97.8222,38.0186#41.76#28.96#29.28
-97.7658,38.0195#41.91#28.96#29.13
-97.7094,38.0204#42.06#28.95#28.99
-97.653,38.0213#42.2#28.94#28.86
-97.5966,38.0222#42.35#28.94#28.71
-97.5402,38.023#42.5#28.93#28.57
-97.4837,38.0238#42.64#28.93#28.43
-97.4273,38.0246#42.78#28.96#28.26
-97.3709,38.0254#42.92#28.99#28.09
-97.3145,38.0262#43.06#29.02#27.92
-97.2581,38.0269#43.2#29.05#27.75
-97.2016,38.0277#43.34#29.07#27.59
-97.1452,38.0284#43.48#29.1#27.42
-97.0888,38.0291#43.62#29.13#27.25
-97.0324,38.0297#43.75#29.16#27.09
-96.9759,38.0304#43.89#29.2#26.91
-96.9195,38.031#44.02#29.27#26.71
-96.8631,38.0317#44.15#29.34#26.51
-96.8067,38.0323#44.28#29.41#26.31
-96.7502,38.0328#44.41#29.48#26.11
-96.6938,38.0334#44.54#29.55#25.91
-96.6374,38.034#44.67#29.62#25.71
-96.581,38.0345#44.8#29.69#25.51
-96.5245,38.035#44.93#29.76#25.31
-96.4681,38.0355#45.06#29.86#25.08
-96.4117,38.036#45.18#29.98#24.84
-96.3552,38.0364#45.3#30.09#24.61
-96.2988,38.0368#45.41#30.21#24.38
-96.2424,38.0373#45.53#30.33#24.14
-96.1859,38.0377#45.65#30.45#23.9
-96.1295,38.038#45.77#30.57#23.66
-96.0731,38.0384#45.89#30.68#23.43
-96.0166,38.0387#46.01#30.8#23.19
-95.9602,38.0391#46.12#30.88#23
-95.9038,38.0394#46.22#30.94#22.84
-95.8473,38.0397#46.33#31#22.67
-95.7909,38.0399#46.43#31.06#22.51
-95.7345,38.0402#46.54#31.12#22.34
-95.678,38.0404#46.64#31.18#22.18
-95.6216,38.0406#46.74#31.24#22.02
-95.5652,38.0408#46.85#31.3#21.85
-95.5087,38.041#46.95#31.36#21.69
-95.4523,38.0411#47.04#31.39#21.57
-95.3958,38.0413#47.13#31.4#21.47
-95.3394,38.0414#47.22#31.42#21.36
-95.283,38.0415#47.31#31.43#21.26
-95.2265,38.0416#47.39#31.45#21.16
-95.1701,38.0417#47.48#31.46#21.06
-95.1137,38.0417#47.57#31.48#20.95
-95.0572,38.0417#47.66#31.49#20.85
-95.0008,38.0417#47.75#31.51#20.74
-94.9443,38.0417#47.82#31.51#20.67
-94.8879,38.0417#47.9#31.51#20.59
-94.8315,38.0417#47.97#31.51#20.52
-94.775,38.0416#48.04#31.51#20.45
-94.7186,38.0415#48.12#31.51#20.37
-94.6622,38.0414#48.19#31.51#20.3
-94.6057,38.0413#48.26#31.51#20.23
-94.5493,38.0411#48.34#31.51#20.15
-94.4928,38.041#48.41#31.51#20.08
-94.4364,38.0408#48.48#31.51#20.01
-94.38,38.0406#48.54#31.51#19.95
-94.3235,38.0404#48.61#31.52#19.87
-94.2671,38.0402#48.68#31.52#19.8
-94.2107,38.0399#48.74#31.52#19.74
-94.1542,38.0397#48.81#31.52#19.67
-94.0978,38.0394#48.88#31.53#19.59
-94.0414,38.0391#48.94#31.53#19.53
-93.9849,38.0387#49.01#31.53#19.46
-93.9285,38.0384#49.06#31.54#19.4
-93.8721,38.038#49.12#31.54#19.34
-93.8156,38.0377#49.17#31.55#19.28
-93.7592,38.0373#49.23#31.55#19.22
-93.7028,38.0369#49.28#31.56#19.16
-93.6463,38.0364#49.33#31.56#19.11
-93.5899,38.036#49.39#31.57#19.04
-93.5335,38.0355#49.44#31.58#18.98
-93.477,38.035#49.51#31.58#18.91
-93.4206,38.0345#49.61#31.59#18.8
-93.3642,38.034#49.7#31.59#18.71
-93.3077,38.0334#49.79#31.6#18.61
-93.2513,38.0329#49.88#31.6#18.52
-93.1949,38.0323#49.98#31.61#18.41
-93.1385,38.0317#50.07#31.61#18.32
-93.082,38.0311#50.16#31.62#18.22
-93.0256,38.0304#50.25#31.62#18.13
-92.9692,38.0298#50.36#31.62#18.02
-92.9128,38.0291#50.49#31.63#17.88
-92.8563,38.0284#50.61#31.63#17.76
-92.7999,38.0277#50.74#31.63#17.63
-92.7435,38.0269#50.86#31.63#17.51
-92.6871,38.0262#50.99#31.64#17.37
-92.6307,38.0254#51.11#31.64#17.25
-92.5742,38.0246#51.24#31.64#17.12
-92.5178,38.0238#51.36#31.64#17
-92.4614,38.023#51.51#31.64#16.85
-92.405,38.0222#51.66#31.64#16.7
-92.3486,38.0213#51.82#31.64#16.54
-92.2921,38.0204#51.97#31.63#16.4
-92.2357,38.0195#52.12#31.63#16.25
-92.1793,38.0186#52.27#31.63#16.1
-92.1229,38.0177#52.43#31.62#15.95
-92.0665,38.0167#52.58#31.62#15.8
-92.0101,38.0158#52.73#31.62#15.65
-91.9537,38.0148#52.88#31.61#15.51
-91.8973,38.0138#53.03#31.61#15.36
-91.8409,38.0127#53.18#31.6#15.22
-91.7845,38.0117#53.32#31.59#15.09
-91.728,38.0106#53.47#31.59#14.94
-91.6716,38.0096#53.61#31.58#14.81
-91.6152,38.0085#53.76#31.57#14.67
-91.5588,38.0073#53.91#31.56#14.53
-91.5024,38.0062#54.05#31.56#14.39
-91.446,38.005#54.18#31.55#14.27
-91.3896,38.0039#54.31#31.54#14.15
-91.3332,38.0027#54.44#31.53#14.03
-91.2768,38.0015#54.57#31.52#13.91
-91.2205,38.0002#54.69#31.51#13.8
-91.1641,37.999#54.82#31.5#13.68
-91.1077,37.9977#54.95#31.49#13.56
-91.0513,37.9964#55.08#31.48#13.44
-90.9949,37.9951#55.2#31.48#13.32
-90.9385,37.9938#55.31#31.47#13.22
-90.8821,37.9925#55.42#31.46#13.12
-90.8257,37.9911#55.52#31.45#13.03
-90.7694,37.9897#55.63#31.44#12.93
-90.713,37.9883#55.73#31.43#12.84
-90.6566,37.9869#55.84#31.42#12.74
-90.6002,37.9855#55.95#31.41#12.64
-90.5438,37.984#56.05#31.4#12.55
-90.4875,37.9826#56.15#31.39#12.46
-90.4311,37.9811#56.24#31.38#12.38
-90.3747,37.9796#56.32#31.38#12.3
-90.3183,37.978#56.41#31.37#12.22
-90.262,37.9765#56.49#31.36#12.15
-90.2056,37.9749#56.58#31.35#12.07
-90.1492,37.9733#56.66#31.34#12
-90.0929,37.9717#56.75#31.33#11.92
-90.0365,37.9701#56.83#31.33#11.84
-89.9801,37.9685#56.91#31.32#11.77
-89.9238,37.9668#56.97#31.31#11.72
-89.8674,37.9652#57.04#31.3#11.66
-89.8111,37.9635#57.1#31.3#11.6
-89.7547,37.9618#57.17#31.29#11.54
-89.6984,37.96#57.23#31.28#11.49
-89.642,37.9583#57.3#31.27#11.43
-89.5857,37.9565#57.36#31.27#11.37
-89.5293,37.9547#57.43#31.26#11.31
-89.473,37.9529#57.49#31.25#11.26
-89.4166,37.9511#57.53#31.24#11.23
-89.3603,37.9493#57.58#31.24#11.18
-89.304,37.9474#57.63#31.23#11.14
-89.2476,37.9455#57.68#31.22#11.1
-89.1913,37.9436#57.73#31.21#11.06
-89.135,37.9417#57.78#31.2#11.02
-89.0786,37.9398#57.83#31.2#10.97
-89.0223,37.9378#57.87#31.19#10.94
-88.966,37.9359#57.91#31.18#10.91
-88.9096,37.9339#57.95#31.17#10.88
-88.8533,37.9319#57.98#31.16#10.86
-88.797,37.9299#58.02#31.15#10.83
-88.7407,37.9278#58.05#31.14#10.81
-88.6844,37.9258#58.09#31.13#10.78
-88.6281,37.9237#58.12#31.12#10.76
-88.5717,37.9216#58.16#31.11#10.73
-88.5154,37.9195#58.19#31.1#10.71
-88.4591,37.9173#58.22#31.09#10.69
-88.4028,37.9152#58.25#31.08#10.67
-88.3465,37.913#58.27#31.07#10.66
-88.2902,37.9108#58.3#31.05#10.65
-88.2339,37.9086#58.32#31.04#10.64
-88.1776,37.9064#58.35#31.03#10.62
-88.1213,37.9041#58.37#31.02#10.61
-88.065,37.9019#58.4#31#10.6
-102.953,37.9023#32.21#30.99#36.8
-102.896,37.9049#32.27#30.9#36.83
-102.84,37.9075#32.34#30.82#36.84
-102.784,37.91#32.4#30.73#36.87
-102.728,37.9126#32.46#30.65#36.89
-102.671,37.9151#32.52#30.56#36.92
-102.615,37.9176#32.59#30.48#36.93
-102.559,37.9201#32.65#30.4#36.95
-102.502,37.9225#32.71#30.32#36.97
-102.446,37.925#32.79#30.35#36.86
-102.39,37.9274#32.88#30.39#36.73
-102.334,37.9298#32.96#30.42#36.62
-102.277,37.9322#33.04#30.46#36.5
-102.221,37.9346#33.12#30.49#36.39
-102.165,37.937#33.21#30.53#36.26
-102.108,37.9393#33.29#30.56#36.15
-102.052,37.9416#33.37#30.6#36.03
-101.996,37.9439#33.45#30.63#35.92
-101.939,37.9462#33.54#30.6#35.86
-101.883,37.9485#33.62#30.57#35.81
-101.827,37.9507#33.71#30.54#35.75
-101.77,37.953#33.79#30.51#35.7
-101.714,37.9552#33.87#30.48#35.65
-101.658,37.9574#33.95#30.45#35.6
-101.601,37.9595#34.04#30.42#35.54
-101.545,37.9617#34.12#30.39#35.49
-101.489,37.9638#34.2#30.36#35.44
-101.432,37.9659#34.27#30.31#35.42
-101.376,37.968#34.35#30.25#35.4
-101.32,37.9701#34.42#30.2#35.38
-101.263,37.9722#34.5#30.14#35.36
-101.207,37.9742#34.57#30.09#35.34
-101.151,37.9763#34.65#30.03#35.32
-101.094,37.9783#34.72#29.98#35.3
-101.038,37.9803#34.79#29.93#35.28
-100.982,37.9822#34.87#29.87#35.26
-100.925,37.9842#34.96#29.8#35.24
-100.869,37.9861#35.04#29.73#35.23
-100.813,37.988#35.13#29.67#35.2
-100.756,37.9899#35.21#29.6#35.19
-100.7,37.9918#35.3#29.54#35.16
-100.644,37.9937#35.38#29.47#35.15
-100.587,37.9955#35.46#29.41#35.13
-100.531,37.9973#35.55#29.34#35.11
-100.475,37.9991#35.64#29.28#35.08
-100.418,38.0009#35.73#29.24#35.03
-100.362,38.0027#35.83#29.19#34.98
-100.305,38.0044#35.92#29.14#34.94
-100.249,38.0062#36.01#29.09#34.9
-100.193,38.0079#36.11#29.04#34.85
-100.136,38.0096#36.2#28.99#34.81
-100.08,38.0112#36.3#28.95#34.75
-100.023,38.0129#36.39#28.9#34.71
-99.9671,38.0145#36.49#28.87#34.64
-99.9107,38.0161#36.61#28.86#34.53
-99.8543,38.0178#36.72#28.85#34.43
-99.798,38.0193#36.84#28.84#34.32
-99.7416,38.0209#36.95#28.82#34.23
-99.6852,38.0224#37.07#28.81#34.12
-99.6288,38.024#37.18#28.8#34.02
-99.5724,38.0255#37.29#28.79#33.92
-99.516,38.027#37.41#28.78#33.81
-99.4596,38.0284#37.53#28.78#33.69
-99.4032,38.0299#37.65#28.79#33.56
-99.3468,38.0313#37.77#28.79#33.44
-99.2904,38.0327#37.9#28.8#33.3
-99.234,38.0341#38.02#28.81#33.17
-99.1776,38.0355#38.14#28.82#33.04
-99.1212,38.0369#38.27#28.82#32.91
-99.0647,38.0382#38.39#28.83#32.78
-99.0083,38.0395#38.51#28.84#32.65
-98.9519,38.0408#38.67#28.85#32.48
-98.8955,38.0421#38.83#28.86#32.31
-98.8391,38.0434#38.99#28.87#32.14
-98.7827,38.0446#39.15#28.88#31.97
-98.7263,38.0459#39.31#28.89#31.8
-98.6698,38.0471#39.47#28.9#31.63
-98.6134,38.0483#39.62#28.91#31.47
-98.557,38.0495#39.78#28.92#31.3
-98.5006,38.0506#39.94#28.93#31.13
-98.4442,38.0518#40.1#28.93#30.97
-98.3877,38.0529#40.25#28.93#30.82
-98.3313,38.054#40.41#28.93#30.66
-98.2749,38.0551#40.56#28.93#30.51
-98.2184,38.0561#40.71#28.94#30.35
-98.162,38.0572#40.87#28.94#30.19
-98.1056,38.0582#41.02#28.94#30.04
-98.0492,38.0592#41.18#28.94#29.88
-97.9927,38.0602#41.33#28.94#29.73
-97.9363,38.0612#41.47#28.94#29.59
-97.8799,38.0621#41.62#28.93#29.45
-97.8234,38.0631#41.76#28.92#29.32
-97.767,38.064#41.91#28.92#29.17
-97.7105,38.0649#42.06#28.91#29.03
-97.6541,38.0657#42.2#28.9#28.9
-97.5977,38.0666#42.35#28.89#28.76
-97.5412,38.0675#42.49#28.89#28.62
-97.4848,38.0683#42.64#28.89#28.47
-97.4283,38.0691#42.77#28.91#28.32
-97.3719,38.0699#42.91#28.94#28.15
-97.3155,38.0706#43.05#28.96#27.99
-97.259,38.0714#43.19#28.99#27.82
-97.2026,38.0721#43.32#29.01#27.67
-97.1461,38.0728#43.46#29.04#27.5
-97.0897,38.0735#43.6#29.06#27.34
-97.0332,38.0742#43.74#29.08#27.18
-96.9768,38.0749#43.87#29.12#27.01
-96.9203,38.0755#44#29.19#26.81
-96.8639,38.0761#44.13#29.25#26.62
-96.8074,38.0767#44.26#29.31#26.43
-96.751,38.0773#44.39#29.38#26.23
-96.6945,38.0779#44.52#29.44#26.04
-96.6381,38.0784#44.65#29.5#25.85
-96.5816,38.0789#44.77#29.56#25.67
-96.5252,38.0794#44.9#29.63#25.47
-96.4687,38.0799#45.03#29.72#25.25
-96.4123,38.0804#45.14#29.84#25.02
-96.3558,38.0809#45.26#29.97#24.77
-96.2993,38.0813#45.38#30.09#24.53
-96.2429,38.0817#45.5#30.21#24.29
-96.1864,38.0821#45.62#30.34#24.04
-96.13,38.0825#45.74#30.46#23.8
-96.0735,38.0829#45.85#30.59#23.56
-96.0171,38.0832#45.97#30.71#23.32
-95.9606,38.0835#46.08#30.79#23.13
-95.9041,38.0838#46.18#30.86#22.96
-95.8477,38.0841#46.28#30.93#22.79
-95.7912,38.0844#46.38#30.99#22.63
-95.7348,38.0846#46.49#31.06#22.45
-95.6783,38.0849#46.59#31.13#22.28
-95.6218,38.0851#46.69#31.19#22.12
-95.5654,38.0853#46.79#31.26#21.95
-95.5089,38.0854#46.9#31.33#21.77
-95.4525,38.0856#46.98#31.35#21.67
-95.396,38.0857#47.07#31.37#21.56
-95.3395,38.0859#47.16#31.38#21.46
-95.2831,38.086#47.25#31.4#21.35
-95.2266,38.0861#47.33#31.42#21.25
-95.1702,38.0861#47.42#31.43#21.15
-95.1137,38.0862#47.51#31.45#21.04
-95.0572,38.0862#47.6#31.46#20.94
-95.0008,38.0862#47.69#31.48#20.83
-94.9443,38.0862#47.76#31.48#20.76
-94.8879,38.0862#47.83#31.48#20.69
-94.8314,38.0861#47.91#31.48#20.61
-94.7749,38.0861#47.98#31.48#20.54
-94.7185,38.086#48.05#31.48#20.47
-94.662,38.0859#48.13#31.48#20.39
-94.6056,38.0857#48.2#31.48#20.32
-94.5491,38.0856#48.27#31.48#20.25
-94.4926,38.0855#48.35#31.48#20.17
-94.4362,38.0853#48.41#31.49#20.1
-94.3797,38.0851#48.48#31.49#20.03
-94.3233,38.0849#48.54#31.49#19.97
-94.2668,38.0846#48.61#31.5#19.89
-94.2103,38.0844#48.68#31.5#19.82
-94.1539,38.0841#48.74#31.5#19.76
-94.0974,38.0838#48.81#31.5#19.69
-94.041,38.0835#48.88#31.51#19.61
-93.9845,38.0832#48.94#31.51#19.55
-93.928,38.0829#48.99#31.52#19.49
-93.8716,38.0825#49.05#31.52#19.43
-93.8151,38.0821#49.1#31.53#19.37
-93.7587,38.0817#49.15#31.53#19.32
-93.7022,38.0813#49.21#31.54#19.25
-93.6458,38.0809#49.26#31.54#19.2
-93.5893,38.0804#49.32#31.55#19.13
-93.5329,38.08#49.37#31.56#19.07
-93.4764,38.0795#49.44#31.56#19
-93.4199,38.079#49.52#31.57#18.91
-93.3635,38.0784#49.61#31.57#18.82
-93.307,38.0779#49.7#31.58#18.72
-93.2506,38.0773#49.79#31.58#18.63
-93.1941,38.0767#49.87#31.59#18.54
-93.1377,38.0761#49.96#31.59#18.45
-93.0812,38.0755#50.05#31.6#18.35
-93.0248,38.0749#50.14#31.6#18.26
-92.9683,38.0742#50.24#31.61#18.15
-92.9119,38.0735#50.36#31.61#18.03
-92.8554,38.0728#50.48#31.61#17.91
-92.799,38.0721#50.6#31.62#17.78
-92.7426,38.0714#50.72#31.62#17.66
-92.6861,38.0707#50.84#31.62#17.54
-92.6297,38.0699#50.97#31.62#17.41
-92.5732,38.0691#51.09#31.63#17.28
-92.5168,38.0683#51.21#31.63#17.16
-92.4603,38.0675#51.35#31.63#17.02
-92.4039,38.0666#51.51#31.63#16.86
-92.3475,38.0658#51.67#31.62#16.71
-92.291,38.0649#51.82#31.62#16.56
-92.2346,38.064#51.98#31.62#16.4
-92.1781,38.0631#52.14#31.62#16.24
-92.1217,38.0621#52.29#31.62#16.09
-92.0653,38.0612#52.45#31.61#15.94
-92.0088,38.0602#52.61#31.61#15.78
-91.9524,38.0592#52.76#31.61#15.63
-91.896,38.0582#52.91#31.6#15.49
-91.8395,38.0572#53.05#31.59#15.36
-91.7831,38.0562#53.2#31.59#15.21
-91.7267,38.0551#53.35#31.58#15.07
-91.6703,38.054#53.5#31.57#14.93
-91.6138,38.0529#53.65#31.57#14.78
-91.5574,38.0518#53.8#31.56#14.64
-91.501,38.0506#53.95#31.56#14.49
-91.4446,38.0495#54.08#31.55#14.37
-91.3881,38.0483#54.21#31.54#14.25
-91.3317,38.0471#54.34#31.53#14.13
-91.2753,38.0459#54.47#31.52#14.01
-91.2189,38.0447#54.6#31.51#13.89
-91.1625,38.0434#54.73#31.5#13.77
-91.106,38.0422#54.86#31.5#13.64
-91.0496,38.0409#54.99#31.49#13.52
-90.9932,38.0396#55.11#31.48#13.41
-90.9368,38.0383#55.22#31.47#13.31
-90.8804,38.0369#55.33#31.46#13.21
-90.824,38.0356#55.44#31.45#13.11
-90.7676,38.0342#55.55#31.44#13.01
-90.7112,38.0328#55.65#31.43#12.92
-90.6548,38.0314#55.76#31.43#12.81
-90.5984,38.0299#55.87#31.42#12.71
-90.542,38.0285#55.98#31.41#12.61
-90.4856,38.027#56.08#31.4#12.52
-90.4292,38.0255#56.16#31.39#12.45
-90.3728,38.024#56.25#31.38#12.37
-90.3164,38.0225#56.34#31.37#12.29
-90.26,38.0209#56.42#31.37#12.21
-90.2036,38.0194#56.51#31.36#12.13
-90.1472,38.0178#56.59#31.35#12.06
-90.0908,38.0162#56.68#31.34#11.98
-90.0344,38.0146#56.77#31.33#11.9
-89.9781,38.0129#56.84#31.33#11.83
-89.9217,38.0113#56.91#31.32#11.77
-89.8653,38.0096#56.98#31.31#11.71
-89.8089,38.0079#57.04#31.3#11.66
-89.7525,38.0062#57.11#31.3#11.59
-89.6962,38.0045#57.18#31.29#11.53
-89.6398,38.0027#57.24#31.28#11.48
-89.5834,38.001#57.31#31.27#11.42
-89.527,37.9992#57.38#31.27#11.35
-89.4707,37.9974#57.43#31.26#11.31
-89.4143,37.9956#57.48#31.25#11.27
-89.358,37.9937#57.53#31.24#11.23
-89.3016,37.9919#57.58#31.24#11.18
-89.2452,37.99#57.63#31.23#11.14
-89.1889,37.9881#57.68#31.22#11.1
-89.1325,37.9862#57.73#31.21#11.06
-89.0762,37.9842#57.78#31.2#11.02
-89.0198,37.9823#57.83#31.2#10.97
-88.9635,37.9803#57.87#31.19#10.94
-88.9071,37.9783#57.91#31.18#10.91
-88.8508,37.9763#57.94#31.17#10.89
-88.7944,37.9743#57.98#31.16#10.86
-88.7381,37.9722#58.02#31.15#10.83
-88.6817,37.9702#58.05#31.14#10.81
-88.6254,37.9681#58.09#31.13#10.78
-88.5691,37.966#58.12#31.12#10.76
-88.5127,37.9639#58.16#31.11#10.73
-88.4564,37.9618#58.19#31.1#10.71
-88.4001,37.9596#58.21#31.09#10.7
-88.3437,37.9574#58.24#31.08#10.68
-88.2874,37.9552#58.26#31.07#10.67
-88.2311,37.953#58.29#31.05#10.66
-88.1748,37.9508#58.32#31.04#10.64
-88.1185,37.9485#58.34#31.03#10.63
-88.0622,37.9463#58.37#31.02#10.61
-88.0058,37.944#58.39#31#10.61
-87.9495,37.9417#58.41#30.99#10.6
-87.8932,37.9394#58.43#30.98#10.59
-87.8369,37.937#58.45#30.96#10.59
-87.7806,37.9347#58.47#30.95#10.58
-87.7243,37.9323#58.49#30.93#10.58
-87.668,37.9299#58.51#30.92#10.57
-87.6117,37.9275#58.53#30.9#10.57
-87.5554,37.9251#58.55#30.89#10.56
-87.4991,37.9226#58.57#30.88#10.55
-87.4429,37.9201#58.58#30.86#10.56
-87.3866,37.9177#58.59#30.85#10.56
-87.3303,37.9152#58.61#30.83#10.56
-87.274,37.9126#58.62#30.81#10.57
-87.2177,37.9101#58.63#30.8#10.57
-87.1615,37.9075#58.65#30.78#10.57
-87.1052,37.9049#58.66#30.77#10.57
-87.0489,37.9024#58.67#30.75#10.58
-103.856,37.9026#31.56#31.93#36.51
-103.8,37.9055#31.61#31.87#36.52
-103.744,37.9084#31.66#31.81#36.53
-103.687,37.9112#31.71#31.75#36.54
-103.631,37.9141#31.76#31.69#36.55
-103.575,37.9169#31.8#31.63#36.57
-103.519,37.9197#31.85#31.57#36.58
-103.462,37.9225#31.9#31.5#36.6
-103.406,37.9252#31.95#31.43#36.62
-103.35,37.928#32#31.36#36.64
-103.294,37.9307#32.05#31.28#36.67
-103.237,37.9334#32.11#31.21#36.68
-103.181,37.9361#32.16#31.14#36.7
-103.125,37.9388#32.21#31.06#36.73
-103.069,37.9414#32.25#30.99#36.76
-103.012,37.9441#32.3#30.91#36.79
-102.956,37.9467#32.36#30.83#36.81
-102.9,37.9493#32.43#30.75#36.82
-102.843,37.9519#32.49#30.68#36.83
-102.787,37.9544#32.55#30.6#36.85
-102.731,37.957#32.61#30.53#36.86
-102.674,37.9595#32.67#30.45#36.88
-102.618,37.962#32.73#30.38#36.89
-102.562,37.9645#32.79#30.31#36.9
-102.506,37.967#32.85#30.24#36.91
-102.449,37.9694#32.93#30.26#36.81
-102.393,37.9718#33.01#30.3#36.69
-102.337,37.9743#33.09#30.33#36.58
-102.28,37.9767#33.18#30.37#36.45
-102.224,37.979#33.26#30.4#36.34
-102.168,37.9814#33.34#30.44#36.22
-102.111,37.9837#33.42#30.47#36.11
-102.055,37.9861#33.5#30.5#36
-101.999,37.9884#33.58#30.54#35.88
-101.942,37.9906#33.66#30.51#35.83
-101.886,37.9929#33.74#30.48#35.78
-101.83,37.9952#33.83#30.45#35.72
-101.773,37.9974#33.91#30.43#35.66
-101.717,37.9996#33.99#30.4#35.61
-101.661,38.0018#34.07#30.37#35.56
-101.604,38.004#34.15#30.34#35.51
-101.548,38.0061#34.23#30.32#35.45
-101.492,38.0083#34.31#30.29#35.4
-101.435,38.0104#34.38#30.23#35.39
-101.379,38.0125#34.46#30.18#35.36
-101.322,38.0146#34.53#30.13#35.34
-101.266,38.0166#34.6#30.07#35.33
-101.21,38.0187#34.68#30.02#35.3
-101.153,38.0207#34.75#29.97#35.28
-101.097,38.0227#34.83#29.92#35.25
-101.041,38.0247#34.9#29.87#35.23
-100.984,38.0267#34.98#29.81#35.21
-100.928,38.0286#35.06#29.75#35.19
-100.871,38.0305#35.14#29.68#35.18
-100.815,38.0325#35.23#29.62#35.15
-100.759,38.0344#35.31#29.55#35.14
-100.702,38.0362#35.39#29.49#35.12
-100.646,38.0381#35.47#29.43#35.1
-100.59,38.0399#35.56#29.37#35.07
-100.533,38.0418#35.64#29.3#35.06
-100.477,38.0436#35.72#29.25#35.03
-100.42,38.0453#35.82#29.2#34.98
-100.364,38.0471#35.91#29.15#34.94
-100.308,38.0489#36#29.11#34.89
-100.251,38.0506#36.09#29.06#34.85
-100.195,38.0523#36.19#29.01#34.8
-100.138,38.054#36.28#28.97#34.75
-100.082,38.0557#36.37#28.92#34.71
-100.026,38.0573#36.46#28.88#34.66
-99.9692,38.059#36.56#28.85#34.59
-99.9128,38.0606#36.68#28.84#34.48
-99.8564,38.0622#36.79#28.83#34.38
-99.8,38.0638#36.9#28.82#34.28
-99.7435,38.0653#37.01#28.8#34.19
-99.6871,38.0669#37.13#28.79#34.08
-99.6307,38.0684#37.24#28.78#33.98
-99.5743,38.0699#37.35#28.77#33.88
-99.5179,38.0714#37.46#28.76#33.78
-99.4614,38.0729#37.58#28.76#33.66
-99.405,38.0743#37.7#28.77#33.53
-99.3486,38.0758#37.82#28.78#33.4
-99.2922,38.0772#37.94#28.78#33.28
-99.2357,38.0786#38.06#28.79#33.15
-99.1793,38.08#38.18#28.8#33.02
-99.1229,38.0813#38.3#28.8#32.9
-99.0664,38.0827#38.42#28.81#32.77
-99.01,38.084#38.54#28.82#32.64
-98.9536,38.0853#38.7#28.83#32.47
-98.8971,38.0866#38.85#28.84#32.31
-98.8407,38.0878#39.01#28.85#32.14
-98.7843,38.0891#39.17#28.85#31.98
-98.7278,38.0903#39.33#28.86#31.81
-98.6714,38.0915#39.49#28.87#31.64
-98.6149,38.0927#39.65#28.88#31.47
-98.5585,38.0939#39.8#28.89#31.31
-98.502,38.0951#39.96#28.9#31.14
-98.4456,38.0962#40.12#28.9#30.98
-98.3891,38.0973#40.27#28.9#30.83
-98.3327,38.0984#40.42#28.9#30.68
-98.2762,38.0995#40.57#28.9#30.53
-98.2198,38.1006#40.72#28.9#30.38
-98.1633,38.1016#40.88#28.9#30.22
-98.1069,38.1026#41.03#28.91#30.06
-98.0504,38.1037#41.18#28.91#29.91
-97.994,38.1046#41.33#28.91#29.76
-97.9375,38.1056#41.48#28.9#29.62
-97.8811,38.1066#41.62#28.89#29.49
-97.8246,38.1075#41.77#28.88#29.35
-97.7681,38.1084#41.91#28.88#29.21
-97.7117,38.1093#42.05#28.87#29.08
-97.6552,38.1102#42.2#28.86#28.94
-97.5987,38.1111#42.34#28.85#28.81
-97.5423,38.1119#42.49#28.85#28.66
-97.4858,38.1127#42.63#28.84#28.53
-97.4294,38.1135#42.77#28.87#28.36
-97.3729,38.1143#42.9#28.89#28.21
-97.3164,38.1151#43.04#28.91#28.05
-97.2599,38.1158#43.18#28.93#27.89
-97.2035,38.1166#43.31#28.95#27.74
-97.147,38.1173#43.45#28.97#27.58
-97.0905,38.118#43.59#28.99#27.42
-97.0341,38.1186#43.72#29.01#27.27
-96.9776,38.1193#43.85#29.04#27.11
-96.9211,38.1199#43.98#29.1#26.92
-96.8646,38.1206#44.11#29.16#26.73
-96.8082,38.1212#44.24#29.21#26.55
-96.7517,38.1217#44.36#29.27#26.37
-96.6952,38.1223#44.49#29.32#26.19
-96.6387,38.1229#44.62#29.38#26
-96.5823,38.1234#44.75#29.44#25.81
-96.5258,38.1239#44.87#29.49#25.64
-96.4693,38.1244#45#29.59#25.41
-96.4128,38.1249#45.11#29.71#25.18
-96.3564,38.1253#45.23#29.84#24.93
-96.2999,38.1257#45.35#29.97#24.68
-96.2434,38.1262#45.46#30.1#24.44
-96.1869,38.1266#45.58#30.23#24.19
-96.1304,38.1269#45.7#30.36#23.94
-96.074,38.1273#45.81#30.49#23.7
-96.0175,38.1276#45.93#30.62#23.45
-95.961,38.128#46.04#30.71#23.25
-95.9045,38.1283#46.14#30.78#23.08
-95.848,38.1286#46.24#30.85#22.91
-95.7916,38.1288#46.34#30.93#22.73
-95.7351,38.1291#46.44#31#22.56
-95.6786,38.1293#46.54#31.07#22.39
-95.6221,38.1295#46.64#31.14#22.22
-95.5656,38.1297#46.74#31.22#22.04
-95.5091,38.1299#46.84#31.29#21.87
-95.4527,38.1301#46.93#31.32#21.75
-95.3962,38.1302#47.02#31.33#21.65
-95.3397,38.1303#47.1#31.35#21.55
-95.2832,38.1304#47.19#31.37#21.44
-95.2267,38.1305#47.28#31.38#21.34
-95.1702,38.1306#47.36#31.4#21.24
-95.1137,38.1306#47.45#31.42#21.13
-95.0573,38.1306#47.53#31.43#21.04
-95.0008,38.1307#47.62#31.45#20.93
-94.9443,38.1306#47.69#31.45#20.86
-94.8878,38.1306#47.77#31.45#20.78
-94.8313,38.1306#47.84#31.45#20.71
-94.7748,38.1305#47.91#31.45#20.64
-94.7184,38.1304#47.99#31.46#20.55
-94.6619,38.1303#48.06#31.46#20.48
-94.6054,38.1302#48.13#31.46#20.41
-94.5489,38.1301#48.21#31.46#20.33
-94.4924,38.1299#48.28#31.46#20.26
-94.4359,38.1297#48.35#31.46#20.19
-94.3795,38.1295#48.41#31.47#20.12
-94.323,38.1293#48.48#31.47#20.05
-94.2665,38.1291#48.54#31.47#19.99
-94.21,38.1288#48.61#31.48#19.91
-94.1535,38.1286#48.67#31.48#19.85
-94.097,38.1283#48.74#31.48#19.78
-94.0406,38.128#48.81#31.49#19.7
-93.9841,38.1277#48.87#31.49#19.64
-93.9276,38.1273#48.92#31.5#19.58
-93.8711,38.127#48.98#31.5#19.52
-93.8146,38.1266#49.03#31.51#19.46
-93.7582,38.1262#49.08#31.51#19.41
-93.7017,38.1258#49.14#31.52#19.34
-93.6452,38.1253#49.19#31.52#19.29
-93.5887,38.1249#49.24#31.53#19.23
-93.5322,38.1244#49.3#31.54#19.16
-93.4758,38.1239#49.36#31.54#19.1
-93.4193,38.1234#49.44#31.55#19.01
-93.3628,38.1229#49.53#31.55#18.92
-93.3063,38.1223#49.61#31.56#18.83
-93.2499,38.1218#49.69#31.56#18.75
-93.1934,38.1212#49.77#31.57#18.66
-93.1369,38.1206#49.85#31.57#18.58
-93.0804,38.12#49.94#31.58#18.48
-93.024,38.1193#50.02#31.59#18.39
-92.9675,38.1187#50.12#31.59#18.29
-92.911,38.118#50.24#31.59#18.17
-92.8546,38.1173#50.35#31.6#18.05
-92.7981,38.1166#50.47#31.6#17.93
-92.7416,38.1159#50.59#31.6#17.81
-92.6851,38.1151#50.7#31.61#17.69
-92.6287,38.1143#50.82#31.61#17.57
-92.5722,38.1135#50.94#31.61#17.45
-92.5157,38.1127#51.05#31.61#17.34
-92.4593,38.1119#51.2#31.61#17.19
-92.4028,38.1111#51.36#31.61#17.03
-92.3464,38.1102#51.52#31.61#16.87
-92.2899,38.1093#51.68#31.61#16.71
-92.2334,38.1084#51.84#31.61#16.55
-92.177,38.1075#52#31.61#16.39
-92.1205,38.1066#52.16#31.61#16.23
-92.064,38.1056#52.32#31.61#16.07
-92.0076,38.1047#52.48#31.6#15.92
-91.9511,38.1037#52.63#31.6#15.77
-91.8947,38.1027#52.78#31.59#15.63
-91.8382,38.1016#52.93#31.59#15.48
