-97.6847,27.9002#29.15#33.89#36.96
-97.6331,27.9011#29.16#33.85#36.99
-97.5815,27.9019#29.16#33.81#37.03
-97.5299,27.9028#29.16#33.77#37.07
-97.4783,27.9036#29.17#33.73#37.1
-97.4267,27.9045#29.18#33.7#37.12
-97.3751,27.9053#29.2#33.66#37.14
-97.3235,27.9061#29.21#33.62#37.17
-97.2719,27.9068#29.23#33.59#37.18
-97.2203,27.9076#29.24#33.55#37.21
-97.1687,27.9083#29.26#33.51#37.23
-97.117,27.909#29.27#33.48#37.25
-97.0654,27.9097#29.29#33.44#37.27
-97.0138,27.9104#29.3#33.41#37.29
-96.9622,27.9111#29.32#33.36#37.32
-96.9106,27.9118#29.34#33.32#37.34
-96.859,27.9124#29.36#33.27#37.37
-96.8074,27.913#29.38#33.22#37.4
-96.7558,27.9136#29.4#33.18#37.42
-96.7041,27.9142#29.42#33.13#37.45
-96.6525,27.9148#29.44#33.09#37.47
-96.6009,27.9153#29.46#33.04#37.5
-96.5493,27.9158#29.48#32.99#37.53
-96.4977,27.9163#29.5#32.95#37.55
-96.4461,27.9168#29.52#32.92#37.56
-96.3945,27.9173#29.55#32.89#37.56
-96.3428,27.9178#29.57#32.85#37.58
-96.2912,27.9182#29.59#32.82#37.59
-96.2396,27.9186#29.62#32.79#37.59
-96.188,27.9191#29.64#32.76#37.6
-96.1364,27.9194#29.66#32.73#37.61
-96.0848,27.9198#29.69#32.7#37.61
-96.0331,27.9202#29.71#32.67#37.62
-95.9815,27.9205#29.73#32.63#37.64
-95.9299,27.9208#29.76#32.6#37.64
-95.8783,27.9211#29.79#32.57#37.64
-95.8267,27.9214#29.82#32.54#37.64
-95.775,27.9217#29.85#32.51#37.64
-95.7234,27.9219#29.88#32.48#37.64
-95.6718,27.9222#29.91#32.45#37.64
-95.6202,27.9224#29.94#32.42#37.64
-95.5686,27.9226#29.97#32.39#37.64
-95.5169,27.9228#30#32.35#37.65
-95.4653,27.9229#30.03#32.34#37.63
-95.4137,27.9231#30.07#32.33#37.6
-95.3621,27.9232#30.1#32.32#37.58
-95.3104,27.9233#30.14#32.31#37.55
-95.2588,27.9234#30.18#32.3#37.52
-95.2072,27.9235#30.21#32.29#37.5
-95.1556,27.9236#30.25#32.28#37.47
-95.104,27.9236#30.29#32.27#37.44
-95.0523,27.9236#30.32#32.26#37.42
-95.0007,27.9237#30.36#32.25#37.39
-94.9491,27.9236#30.4#32.23#37.37
-94.8975,27.9236#30.44#32.2#37.36
-94.8458,27.9236#30.48#32.18#37.34
-94.7942,27.9235#30.52#32.15#37.33
-94.7426,27.9234#30.56#32.13#37.31
-94.691,27.9233#30.6#32.11#37.29
-94.6394,27.9232#30.65#32.08#37.27
-94.5877,27.9231#30.69#32.06#37.25
-94.5361,27.9229#30.73#32.03#37.24
-94.4845,27.9228#30.76#32.01#37.23
-94.4329,27.9226#30.78#31.98#37.24
-94.3813,27.9224#30.81#31.96#37.23
-94.3296,27.9222#30.83#31.93#37.24
-94.278,27.922#30.85#31.9#37.25
-94.2264,27.9217#30.87#31.87#37.26
-94.1748,27.9214#30.89#31.85#37.26
-94.1232,27.9211#30.92#31.82#37.26
-94.0715,27.9208#30.94#31.79#37.27
-94.0199,27.9205#30.96#31.76#37.28
-93.9683,27.9202#30.97#31.74#37.29
-93.9167,27.9198#30.99#31.71#37.3
-93.8651,27.9195#31#31.68#37.32
-93.8134,27.9191#31.01#31.65#37.34
-93.7618,27.9187#31.02#31.62#37.36
-93.7102,27.9182#31.04#31.6#37.36
-93.6586,27.9178#31.05#31.57#37.38
-93.607,27.9173#31.06#31.54#37.4
-93.5554,27.9168#31.07#31.51#37.42
-93.5037,27.9164#31.08#31.48#37.44
-93.4521,27.9158#31.08#31.45#37.47
-93.4005,27.9153#31.07#31.41#37.52
-93.3489,27.9148#31.07#31.38#37.55
-93.2973,27.9142#31.06#31.34#37.6
-93.2457,27.9136#31.06#31.3#37.64
-93.1941,27.913#31.05#31.27#37.68
-93.1424,27.9124#31.04#31.23#37.73
-93.0908,27.9118#31.04#31.19#37.77
-93.0392,27.9111#31.03#31.16#37.81
-92.9876,27.9105#31.02#31.12#37.86
-92.936,27.9098#30.99#31.07#37.94
-92.8844,27.9091#30.96#31.03#38.01
-92.8328,27.9083#30.93#30.98#38.09
-92.7812,27.9076#30.9#30.93#38.17
-92.7296,27.9069#30.87#30.89#38.24
-92.678,27.9061#30.84#30.84#38.32
-92.6263,27.9053#30.81#30.79#38.4
-92.5747,27.9045#30.78#30.75#38.47
-92.5231,27.9037#30.75#30.7#38.55
-92.4715,27.9028#30.71#30.66#38.63
-92.4199,27.902#30.66#30.62#38.72
-92.3683,27.9011#30.61#30.58#38.81
-92.3167,27.9002#30.56#30.54#38.9
-99.5951,27.9005#28.81#34.29#36.9
-99.5435,27.902#28.83#34.34#36.83
-99.4919,27.9035#28.85#34.37#36.78
-99.4403,27.905#28.88#34.39#36.73
-99.3887,27.9065#28.92#34.41#36.67
-99.3371,27.908#28.95#34.43#36.62
-99.2855,27.9094#28.98#34.45#36.57
-99.2339,27.9109#29.02#34.47#36.51
-99.1824,27.9123#29.05#34.49#36.46
-99.1308,27.9137#29.08#34.5#36.42
-99.0792,27.9151#29.12#34.52#36.36
-99.0276,27.9164#29.15#34.54#36.31
-98.976,27.9178#29.17#34.55#36.28
-98.9244,27.9191#29.18#34.53#36.29
-98.8728,27.9204#29.18#34.52#36.3
-98.8212,27.9217#29.19#34.51#36.3
-98.7696,27.923#29.2#34.49#36.31
-98.718,27.9242#29.2#34.48#36.32
-98.6664,27.9255#29.21#34.47#36.32
-98.6148,27.9267#29.22#34.46#36.32
-98.5632,27.9279#29.22#34.44#36.34
-98.5116,27.9291#29.23#34.43#36.34
-98.46,27.9303#29.23#34.4#36.37
-98.4083,27.9314#29.22#34.37#36.41
-98.3567,27.9326#29.21#34.34#36.45
-98.3051,27.9337#29.2#34.31#36.49
-98.2535,27.9348#29.2#34.28#36.52
-98.2019,27.9359#29.19#34.25#36.56
-98.1503,27.9369#29.18#34.22#36.6
-98.0987,27.938#29.18#34.19#36.63
-98.0471,27.939#29.17#34.16#36.67
-97.9954,27.94#29.16#34.12#36.72
-97.9438,27.941#29.17#34.08#36.75
-97.8922,27.942#29.17#34.04#36.79
-97.8406,27.943#29.17#34#36.83
-97.789,27.9439#29.18#33.96#36.86
-97.7373,27.9449#29.18#33.92#36.9
-97.6857,27.9458#29.18#33.88#36.94
-97.6341,27.9467#29.19#33.84#36.97
-97.5825,27.9476#29.19#33.8#37.01
-97.5309,27.9484#29.19#33.76#37.05
-97.4792,27.9493#29.2#33.72#37.08
-97.4276,27.9501#29.22#33.69#37.09
-97.376,27.9509#29.23#33.65#37.12
-97.3244,27.9517#29.25#33.61#37.14
-97.2727,27.9525#29.27#33.58#37.15
-97.2211,27.9532#29.28#33.54#37.18
-97.1695,27.9539#29.3#33.51#37.19
-97.1178,27.9547#29.31#33.47#37.22
-97.0662,27.9554#29.33#33.43#37.24
-97.0146,27.9561#29.35#33.4#37.25
-96.963,27.9567#29.37#33.35#37.28
-96.9113,27.9574#29.39#33.31#37.3
-96.8597,27.958#29.41#33.26#37.33
-96.8081,27.9586#29.43#33.22#37.35
-96.7564,27.9592#29.45#33.17#37.38
-96.7048,27.9598#29.47#33.13#37.4
-96.6532,27.9604#29.49#33.08#37.43
-96.6015,27.9609#29.51#33.04#37.45
-96.5499,27.9615#29.53#32.99#37.48
-96.4983,27.962#29.55#32.94#37.51
-96.4466,27.9625#29.58#32.91#37.51
-96.395,27.9629#29.6#32.88#37.52
-96.3434,27.9634#29.63#32.85#37.52
-96.2917,27.9638#29.65#32.82#37.53
-96.2401,27.9643#29.68#32.79#37.53
-96.1884,27.9647#29.7#32.76#37.54
-96.1368,27.9651#29.73#32.72#37.55
-96.0852,27.9654#29.75#32.69#37.56
-96.0335,27.9658#29.78#32.66#37.56
-95.9819,27.9661#29.8#32.63#37.57
-95.9302,27.9665#29.83#32.6#37.57
-95.8786,27.9668#29.86#32.57#37.57
-95.827,27.9671#29.89#32.54#37.57
-95.7753,27.9673#29.92#32.51#37.57
-95.7237,27.9676#29.95#32.49#37.56
-95.672,27.9678#29.99#32.46#37.55
-95.6204,27.968#30.02#32.43#37.55
-95.5688,27.9682#30.05#32.4#37.55
-95.5171,27.9684#30.08#32.37#37.55
-95.4655,27.9686#30.11#32.35#37.54
-95.4138,27.9687#30.15#32.34#37.51
-95.3622,27.9689#30.19#32.33#37.48
-95.3106,27.969#30.22#32.32#37.46
-95.2589,27.9691#30.26#32.31#37.43
-95.2073,27.9691#30.3#32.3#37.4
-95.1556,27.9692#30.34#32.29#37.37
-95.104,27.9692#30.37#32.28#37.35
-95.0524,27.9693#30.41#32.27#37.32
-95.0007,27.9693#30.45#32.26#37.29
-94.9491,27.9693#30.49#32.24#37.27
-94.8974,27.9692#30.53#32.21#37.26
-94.8458,27.9692#30.57#32.19#37.24
-94.7941,27.9691#30.6#32.17#37.23
-94.7425,27.9691#30.64#32.14#37.22
-94.6909,27.969#30.68#32.12#37.2
-94.6392,27.9689#30.72#32.09#37.19
-94.5876,27.9687#30.76#32.07#37.17
-94.5359,27.9686#30.8#32.05#37.15
-94.4843,27.9684#30.83#32.02#37.15
-94.4327,27.9682#30.85#32#37.15
-94.381,27.968#30.88#31.97#37.15
-94.3294,27.9678#30.9#31.94#37.16
-94.2777,27.9676#30.92#31.91#37.17
-94.2261,27.9673#30.94#31.89#37.17
-94.1745,27.9671#30.96#31.86#37.18
-94.1228,27.9668#30.98#31.83#37.19
-94.0712,27.9665#31.01#31.81#37.18
-94.0195,27.9661#31.03#31.78#37.19
-93.9679,27.9658#31.04#31.75#37.21
-93.9163,27.9655#31.05#31.72#37.23
-93.8646,27.9651#31.07#31.7#37.23
-93.813,27.9647#31.08#31.67#37.25
-93.7613,27.9643#31.09#31.64#37.27
-93.7097,27.9639#31.1#31.61#37.29
-93.6581,27.9634#31.11#31.58#37.31
-93.6064,27.963#31.12#31.55#37.33
-93.5548,27.9625#31.13#31.53#37.34
-93.5032,27.962#31.14#31.5#37.36
-93.4515,27.9615#31.14#31.46#37.4
-93.3999,27.9609#31.13#31.43#37.44
-93.3483,27.9604#31.13#31.39#37.48
-93.2966,27.9598#31.12#31.35#37.53
-93.245,27.9592#31.11#31.32#37.57
-93.1934,27.9586#31.11#31.28#37.61
-93.1417,27.958#31.1#31.24#37.66
-93.0901,27.9574#31.09#31.21#37.7
-93.0385,27.9567#31.09#31.17#37.74
-92.9868,27.9561#31.07#31.13#37.8
-92.9352,27.9554#31.04#31.09#37.87
-92.8836,27.9547#31.01#31.04#37.95
-92.832,27.954#30.98#31#38.02
-92.7803,27.9532#30.95#30.95#38.1
-92.7287,27.9525#30.92#30.9#38.18
-92.6771,27.9517#30.89#30.86#38.25
-92.6254,27.9509#30.86#30.81#38.33
-92.5738,27.9501#30.83#30.77#38.4
-92.5222,27.9493#30.8#30.72#38.48
-92.4706,27.9484#30.76#30.68#38.56
-92.4189,27.9476#30.71#30.64#38.65
-92.3673,27.9467#30.66#30.6#38.74
-92.3157,27.9458#30.62#30.56#38.82
-92.2641,27.9449#30.57#30.51#38.92
-92.2125,27.944#30.52#30.47#39.01
-92.1608,27.943#30.48#30.43#39.09
-92.1092,27.9421#30.43#30.39#39.18
-92.0576,27.9411#30.38#30.35#39.27
-92.006,27.9401#30.34#30.31#39.35
-91.9544,27.9391#30.3#30.27#39.43
-91.9028,27.938#30.27#30.23#39.5
-91.8511,27.937#30.24#30.19#39.57
-91.7995,27.9359#30.21#30.15#39.64
-91.7479,27.9348#30.18#30.12#39.7
-91.6963,27.9337#30.15#30.08#39.77
-91.6447,27.9326#30.11#30.04#39.85
-91.5931,27.9315#30.08#30#39.92
-91.5415,27.9303#30.05#29.96#39.99
-91.4899,27.9291#30.02#29.92#40.06
-91.4383,27.9279#29.99#29.88#40.13
-91.3867,27.9267#29.96#29.85#40.19
-91.3351,27.9255#29.94#29.81#40.25
-91.2834,27.9243#29.91#29.77#40.32
-91.2318,27.923#29.88#29.74#40.38
-91.1802,27.9217#29.86#29.7#40.44
-91.1286,27.9204#29.83#29.66#40.51
-91.077,27.9191#29.8#29.62#40.58
-91.0254,27.9178#29.77#29.59#40.64
-90.9739,27.9165#29.75#29.55#40.7
-90.9223,27.9151#29.73#29.52#40.75
-90.8707,27.9137#29.71#29.48#40.81
-90.8191,27.9123#29.69#29.45#40.86
-90.7675,27.9109#29.67#29.41#40.92
-90.7159,27.9095#29.65#29.38#40.97
-90.6643,27.908#29.63#29.34#41.03
-90.6127,27.9066#29.61#29.31#41.08
-90.5611,27.9051#29.59#29.27#41.14
-90.5095,27.9036#29.56#29.24#41.2
-90.458,27.902#29.55#29.21#41.24
-90.4064,27.9005#29.53#29.18#41.29
-100.938,27.9#28.79#32.98#38.23
-100.886,27.902#28.78#33.04#38.18
-100.835,27.904#28.76#33.11#38.13
-100.783,27.9059#28.75#33.17#38.08
-100.732,27.9079#28.74#33.23#38.03
-100.68,27.9098#28.73#33.29#37.98
-100.629,27.9117#28.72#33.36#37.92
-100.577,27.9136#28.7#33.42#37.88
-100.525,27.9154#28.69#33.48#37.83
-100.474,27.9173#28.69#33.54#37.77
-100.422,27.9191#28.68#33.59#37.73
-100.371,27.9209#28.68#33.64#37.68
-100.319,27.9227#28.68#33.69#37.63
-100.268,27.9245#28.68#33.74#37.58
-100.216,27.9263#28.67#33.79#37.54
-100.164,27.928#28.67#33.84#37.49
-100.113,27.9297#28.67#33.89#37.44
-100.061,27.9315#28.67#33.93#37.4
-100.01,27.9331#28.67#33.98#37.35
-99.958,27.9348#28.68#34.03#37.29
-99.9064,27.9365#28.7#34.07#37.23
-99.8548,27.9381#28.72#34.11#37.17
-99.8032,27.9397#28.74#34.15#37.11
-99.7516,27.9414#28.76#34.19#37.05
-99.7,27.9429#28.78#34.23#36.99
-99.6484,27.9445#28.8#34.27#36.93
-99.5968,27.9461#28.82#34.31#36.87
-99.5452,27.9476#28.84#34.35#36.81
-99.4936,27.9491#28.86#34.39#36.75
-99.442,27.9506#28.89#34.41#36.7
-99.3904,27.9521#28.93#34.42#36.65
-99.3388,27.9536#28.96#34.44#36.6
-99.2872,27.955#28.99#34.46#36.55
-99.2356,27.9565#29.03#34.48#36.49
-99.184,27.9579#29.06#34.49#36.45
-99.1323,27.9593#29.1#34.51#36.39
-99.0807,27.9607#29.13#34.53#36.34
-99.0291,27.962#29.16#34.54#36.3
-98.9775,27.9634#29.19#34.55#36.26
-98.9259,27.9647#29.19#34.53#36.28
-98.8743,27.966#29.2#34.52#36.28
-98.8226,27.9673#29.21#34.51#36.28
-98.771,27.9686#29.21#34.49#36.3
-98.7194,27.9698#29.22#34.48#36.3
-98.6678,27.9711#29.23#34.46#36.31
-98.6161,27.9723#29.24#34.45#36.31
-98.5645,27.9735#29.24#34.44#36.32
-98.5129,27.9747#29.25#34.42#36.33
-98.4613,27.9759#29.25#34.4#36.35
-98.4096,27.977#29.24#34.36#36.4
-98.358,27.9782#29.23#34.33#36.44
-98.3064,27.9793#29.23#34.3#36.47
-98.2548,27.9804#29.22#34.27#36.51
-98.2031,27.9815#29.21#34.24#36.55
-98.1515,27.9826#29.21#34.21#36.58
-98.0999,27.9836#29.2#34.18#36.62
-98.0482,27.9846#29.19#34.15#36.66
-97.9966,27.9857#29.19#34.12#36.69
-97.9449,27.9867#29.19#34.08#36.73
-97.8933,27.9876#29.2#34.03#36.77
-97.8417,27.9886#29.2#33.99#36.81
-97.79,27.9896#29.2#33.95#36.85
-97.7384,27.9905#29.21#33.91#36.88
-97.6868,27.9914#29.21#33.87#36.92
-97.6351,27.9923#29.22#33.83#36.95
-97.5835,27.9932#29.22#33.79#36.99
-97.5318,27.994#29.23#33.75#37.02
-97.4802,27.9949#29.24#33.71#37.05
-97.4285,27.9957#29.25#33.68#37.07
-97.3769,27.9965#29.27#33.64#37.09
-97.3252,27.9973#29.29#33.6#37.11
-97.2736,27.9981#29.3#33.57#37.13
-97.222,27.9988#29.32#33.53#37.15
-97.1703,27.9996#29.34#33.5#37.16
-97.1187,28.0003#29.36#33.46#37.18
-97.067,28.001#29.37#33.42#37.21
-97.0154,28.0017#29.39#33.39#37.22
-96.9637,28.0023#29.41#33.35#37.24
-96.9121,28.003#29.43#33.3#37.27
-96.8604,28.0036#29.45#33.26#37.29
-96.8088,28.0043#29.48#33.21#37.31
-96.7571,28.0049#29.5#33.17#37.33
-96.7054,28.0054#29.52#33.12#37.36
-96.6538,28.006#29.54#33.08#37.38
-96.6021,28.0065#29.56#33.03#37.41
-96.5505,28.0071#29.59#32.99#37.42
-96.4988,28.0076#29.61#32.94#37.45
-96.4472,28.0081#29.63#32.91#37.46
-96.3955,28.0086#29.66#32.88#37.46
-96.3439,28.009#29.69#32.85#37.46
-96.2922,28.0095#29.71#32.81#37.48
-96.2406,28.0099#29.74#32.78#37.48
-96.1889,28.0103#29.76#32.75#37.49
-96.1372,28.0107#29.79#32.72#37.49
-96.0856,28.0111#29.82#32.69#37.49
-96.0339,28.0114#29.84#32.66#37.5
-95.9823,28.0118#29.87#32.63#37.5
-95.9306,28.0121#29.9#32.6#37.5
-95.8789,28.0124#29.93#32.57#37.5
-95.8273,28.0127#29.97#32.55#37.48
-95.7756,28.0129#30#32.52#37.48
-95.724,28.0132#30.03#32.49#37.48
-95.6723,28.0134#30.06#32.47#37.47
-95.6206,28.0136#30.09#32.44#37.47
-95.569,28.0138#30.12#32.41#37.47
-95.5173,28.014#30.16#32.39#37.45
-95.4657,28.0142#30.19#32.37#37.44
-95.414,28.0143#30.23#32.36#37.41
-95.3623,28.0145#30.27#32.35#37.38
-95.3107,28.0146#30.31#32.34#37.35
-95.259,28.0147#30.35#32.32#37.33
-95.2074,28.0148#30.38#32.31#37.31
-95.1557,28.0148#30.42#32.3#37.28
-95.104,28.0149#30.46#32.29#37.25
-95.0524,28.0149#30.5#32.28#37.22
-95.0007,28.0149#30.54#32.27#37.19
-94.9491,28.0149#30.57#32.25#37.18
-94.8974,28.0149#30.61#32.22#37.17
-94.8457,28.0148#30.65#32.2#37.15
-94.7941,28.0148#30.69#32.18#37.13
-94.7424,28.0147#30.72#32.15#37.13
-94.6907,28.0146#30.76#32.13#37.11
-94.6391,28.0145#30.8#32.11#37.09
-94.5874,28.0143#30.84#32.08#37.08
-94.5358,28.0142#30.87#32.06#37.07
-94.4841,28.014#30.91#32.04#37.05
-94.4324,28.0139#30.93#32.01#37.06
-94.3808,28.0137#30.95#31.98#37.07
-94.3291,28.0134#30.97#31.95#37.08
-94.2775,28.0132#30.99#31.93#37.08
-94.2258,28.013#31.01#31.9#37.09
-94.1741,28.0127#31.03#31.87#37.1
-94.1225,28.0124#31.05#31.85#37.1
-94.0708,28.0121#31.08#31.82#37.1
-94.0192,28.0118#31.1#31.79#37.11
-93.9675,28.0114#31.11#31.77#37.12
-93.9158,28.0111#31.12#31.74#37.14
-93.8642,28.0107#31.13#31.71#37.16
-93.8125,28.0103#31.14#31.68#37.18
-93.7609,28.0099#31.15#31.65#37.2
-93.7092,28.0095#31.16#31.63#37.21
-93.6576,28.009#31.17#31.6#37.23
-93.6059,28.0086#31.18#31.57#37.25
-93.5543,28.0081#31.2#31.54#37.26
-93.5026,28.0076#31.21#31.51#37.28
-93.4509,28.0071#31.2#31.48#37.32
-93.3993,28.0066#31.19#31.44#37.37
-93.3476,28.006#31.18#31.4#37.42
-93.296,28.0054#31.18#31.37#37.45
-93.2443,28.0049#31.17#31.33#37.5
-93.1927,28.0043#31.16#31.29#37.55
-93.141,28.0037#31.16#31.26#37.58
-93.0894,28.003#31.15#31.22#37.63
-93.0377,28.0024#31.14#31.18#37.68
-92.9861,28.0017#31.13#31.15#37.72
-92.9344,28.001#31.1#31.1#37.8
-92.8828,28.0003#31.06#31.06#37.88
-92.8311,27.9996#31.03#31.01#37.96
-92.7795,27.9988#31#30.97#38.03
-92.7278,27.9981#30.97#30.92#38.11
-92.6762,27.9973#30.94#30.88#38.18
-92.6245,27.9965#30.91#30.83#38.26
-92.5729,27.9957#30.87#30.79#38.34
-92.5212,27.9949#30.84#30.74#38.42
-92.4696,27.9941#30.8#30.7#38.5
-92.418,27.9932#30.76#30.66#38.58
-92.3663,27.9923#30.72#30.62#38.66
-92.3147,27.9914#30.67#30.57#38.76
-92.263,27.9905#30.63#30.53#38.84
-92.2114,27.9896#30.58#30.49#38.93
-92.1598,27.9886#30.54#30.45#39.01
-92.1081,27.9877#30.49#30.41#39.1
-92.0565,27.9867#30.45#30.37#39.18
-92.0048,27.9857#30.4#30.33#39.27
-91.9532,27.9847#30.37#30.29#39.34
-91.9016,27.9836#30.34#30.25#39.41
-91.8499,27.9826#30.31#30.21#39.48
-91.7983,27.9815#30.28#30.17#39.55
-91.7467,27.9804#30.25#30.13#39.62
-91.695,27.9793#30.22#30.09#39.69
-91.6434,27.9782#30.19#30.05#39.76
-91.5918,27.9771#30.15#30.01#39.84
-91.5402,27.9759#30.12#29.97#39.91
-91.4885,27.9747#30.09#29.94#39.97
-91.4369,27.9736#30.07#29.9#40.03
-91.3853,27.9723#30.04#29.86#40.1
-91.3337,27.9711#30.01#29.82#40.17
-91.282,27.9699#29.99#29.79#40.22
-91.2304,27.9686#29.96#29.75#40.29
-91.1788,27.9673#29.93#29.71#40.36
-91.1272,27.9661#29.91#29.68#40.41
-91.0756,27.9647#29.88#29.64#40.48
-91.0239,27.9634#29.85#29.6#40.55
-90.9723,27.9621#29.83#29.57#40.6
-90.9207,27.9607#29.81#29.53#40.66
-90.8691,27.9593#29.79#29.5#40.71
-90.8175,27.9579#29.77#29.46#40.77
-90.7659,27.9565#29.75#29.43#40.82
-90.7143,27.9551#29.73#29.4#40.87
-90.6626,27.9536#29.71#29.36#40.93
-90.611,27.9522#29.69#29.33#40.98
-90.5594,27.9507#29.67#29.29#41.04
-90.5078,27.9492#29.65#29.26#41.09
-90.4562,27.9476#29.63#29.23#41.14
-90.4046,27.9461#29.62#29.2#41.18
-90.353,27.9446#29.6#29.17#41.23
-90.3014,27.943#29.59#29.14#41.27
-90.2498,27.9414#29.58#29.11#41.31
-90.1982,27.9398#29.56#29.08#41.36
-90.1466,27.9382#29.55#29.05#41.4
-90.095,27.9365#29.53#29.02#41.45
-90.0434,27.9349#29.52#29#41.48
-89.9918,27.9332#29.5#28.97#41.53
-89.9403,27.9315#29.5#28.97#41.53
-89.8887,27.9298#29.49#28.97#41.54
-89.8371,27.9281#29.48#28.97#41.55
-89.7855,27.9263#29.47#28.98#41.55
-89.7339,27.9246#29.46#28.98#41.56
-89.6823,27.9228#29.45#28.98#41.57
-89.6307,27.921#29.44#28.98#41.58
-89.5792,27.9192#29.43#28.98#41.59
-89.5276,27.9173#29.42#28.98#41.6
-89.476,27.9155#29.42#29#41.58
-89.4244,27.9136#29.42#29.04#41.54
-89.3729,27.9117#29.41#29.08#41.51
-89.3213,27.9098#29.41#29.11#41.48
-89.2697,27.9079#29.4#29.15#41.45
-89.2182,27.906#29.4#29.19#41.41
-89.1666,27.904#29.4#29.23#41.37
-89.115,27.902#29.39#29.27#41.34
-89.0635,27.9001#29.39#29.31#41.3
-101.971,27.9022#29.6#32.59#37.81
-101.92,27.9045#29.56#32.59#37.85
-101.868,27.9068#29.52#32.6#37.88
-101.817,27.9091#29.47#32.61#37.92
-101.765,27.9114#29.43#32.62#37.95
-101.714,27.9137#29.38#32.63#37.99
-101.662,27.9159#29.34#32.64#38.02
-101.611,27.9182#29.29#32.65#38.06
-101.559,27.9204#29.25#32.66#38.09
-101.508,27.9226#29.21#32.67#38.12
-101.456,27.9247#29.16#32.69#38.15
-101.404,27.9269#29.12#32.72#38.16
-101.353,27.9291#29.08#32.75#38.17
-101.301,27.9312#29.03#32.78#38.19
-101.25,27.9333#28.99#32.8#38.21
-101.198,27.9354#28.95#32.83#38.22
-101.147,27.9375#28.91#32.86#38.23
-101.095,27.9395#28.87#32.89#38.24
-101.043,27.9416#28.83#32.92#38.25
-100.992,27.9436#28.79#32.95#38.26
-100.94,27.9456#28.78#33.02#38.2
-100.889,27.9476#28.77#33.08#38.15
-100.837,27.9496#28.76#33.14#38.1
-100.785,27.9515#28.75#33.2#38.05
-100.734,27.9534#28.74#33.26#38
-100.682,27.9554#28.73#33.32#37.95
-100.631,27.9573#28.71#33.38#37.91
-100.579,27.9591#28.7#33.45#37.85
-100.528,27.961#28.69#33.51#37.8
-100.476,27.9629#28.69#33.56#37.75
-100.424,27.9647#28.68#33.61#37.71
-100.373,27.9665#28.68#33.66#37.66
-100.321,27.9683#28.68#33.71#37.61
-100.27,27.9701#28.68#33.76#37.56
-100.218,27.9719#28.68#33.81#37.51
-100.166,27.9736#28.68#33.86#37.46
-100.115,27.9753#28.67#33.91#37.42
-100.063,27.977#28.67#33.96#37.37
-100.011,27.9787#28.67#34.01#37.32
-99.9599,27.9804#28.69#34.05#37.26
-99.9083,27.9821#28.71#34.09#37.2
-99.8567,27.9837#28.73#34.13#37.14
-99.805,27.9853#28.75#34.17#37.08
-99.7534,27.987#28.77#34.21#37.02
-99.7018,27.9885#28.79#34.25#36.96
-99.6502,27.9901#28.81#34.29#36.9
-99.5986,27.9917#28.83#34.33#36.84
-99.5469,27.9932#28.85#34.37#36.78
-99.4953,27.9947#28.87#34.41#36.72
-99.4437,27.9962#28.9#34.42#36.68
-99.3921,27.9977#28.94#34.44#36.62
-99.3404,27.9992#28.97#34.45#36.58
-99.2888,28.0006#29.01#34.47#36.52
-99.2372,28.0021#29.04#34.48#36.48
-99.1855,28.0035#29.07#34.5#36.43
-99.1339,28.0049#29.11#34.52#36.37
-99.0823,28.0063#29.14#34.53#36.33
-99.0306,28.0076#29.18#34.55#36.27
-98.979,28.009#29.2#34.55#36.25
-98.9274,28.0103#29.21#34.53#36.26
-98.8757,28.0116#29.22#34.52#36.26
-98.8241,28.0129#29.22#34.5#36.28
-98.7725,28.0142#29.23#34.49#36.28
-98.7208,28.0155#29.24#34.48#36.28
-98.6692,28.0167#29.25#34.46#36.29
-98.6175,28.0179#29.26#34.45#36.29
-98.5659,28.0191#29.26#34.43#36.31
-98.5142,28.0203#29.27#34.42#36.31
-98.4626,28.0215#29.27#34.39#36.34
-98.4109,28.0227#29.26#34.36#36.38
-98.3593,28.0238#29.26#34.33#36.41
-98.3076,28.0249#29.25#34.3#36.45
-98.256,28.026#29.24#34.26#36.5
-98.2043,28.0271#29.24#34.23#36.53
-98.1527,28.0282#29.23#34.2#36.57
-98.101,28.0292#29.23#34.17#36.6
-98.0494,28.0303#29.22#34.14#36.64
-97.9977,28.0313#29.21#34.11#36.68
-97.9461,28.0323#29.22#34.07#36.71
-97.8944,28.0333#29.22#34.03#36.75
-97.8428,28.0342#29.23#33.99#36.78
-97.7911,28.0352#29.23#33.94#36.83
-97.7394,28.0361#29.24#33.9#36.86
-97.6878,28.037#29.24#33.86#36.9
-97.6361,28.0379#29.25#33.82#36.93
-97.5845,28.0388#29.26#33.78#36.96
-97.5328,28.0396#29.26#33.74#37
-97.4811,28.0405#29.27#33.7#37.03
-97.4295,28.0413#29.29#33.67#37.04
-97.3778,28.0421#29.31#33.63#37.06
-97.3261,28.0429#29.32#33.59#37.09
-97.2745,28.0437#29.34#33.56#37.1
-97.2228,28.0444#29.36#33.52#37.12
-97.1711,28.0452#29.38#33.49#37.13
-97.1195,28.0459#29.4#33.45#37.15
-97.0678,28.0466#29.42#33.42#37.16
-97.0161,28.0473#29.43#33.38#37.19
-96.9645,28.048#29.45#33.34#37.21
-96.9128,28.0486#29.48#33.29#37.23
-96.8611,28.0493#29.5#33.25#37.25
-96.8094,28.0499#29.52#33.2#37.28
-96.7578,28.0505#29.55#33.16#37.29
-96.7061,28.0511#29.57#33.11#37.32
-96.6544,28.0516#29.59#33.07#37.34
-96.6028,28.0522#29.62#33.03#37.35
-96.5511,28.0527#29.64#32.98#37.38
-96.4994,28.0532#29.66#32.94#37.4
-96.4477,28.0537#29.69#32.91#37.4
-96.3961,28.0542#29.72#32.87#37.41
-96.3444,28.0546#29.75#32.84#37.41
-96.2927,28.0551#29.77#32.81#37.42
-96.241,28.0555#29.8#32.78#37.42
-96.1893,28.0559#29.83#32.75#37.42
-96.1377,28.0563#29.86#32.72#37.42
-96.086,28.0567#29.88#32.68#37.44
-96.0343,28.057#29.91#32.65#37.44
-95.9826,28.0574#29.94#32.62#37.44
-95.931,28.0577#29.97#32.6#37.43
-95.8793,28.058#30.01#32.57#37.42
-95.8276,28.0583#30.04#32.55#37.41
-95.7759,28.0586#30.07#32.52#37.41
-95.7242,28.0588#30.1#32.5#37.4
-95.6726,28.0591#30.14#32.48#37.38
-95.6209,28.0593#30.17#32.45#37.38
-95.5692,28.0595#30.2#32.43#37.37
-95.5175,28.0597#30.24#32.4#37.36
-95.4658,28.0598#30.27#32.38#37.35
-95.4142,28.06#30.31#32.37#37.32
-95.3625,28.0601#30.35#32.36#37.29
-95.3108,28.0602#30.39#32.35#37.26
-95.2591,28.0603#30.43#32.34#37.23
-95.2074,28.0604#30.47#32.33#37.2
-95.1558,28.0604#30.51#32.31#37.18
-95.1041,28.0605#30.55#32.3#37.15
-95.0524,28.0605#30.58#32.29#37.13
-95.0007,28.0605#30.62#32.28#37.1
-94.949,28.0605#30.66#32.26#37.08
-94.8974,28.0605#30.7#32.23#37.07
-94.8457,28.0605#30.73#32.21#37.06
-94.794,28.0604#30.77#32.19#37.04
-94.7423,28.0603#30.8#32.16#37.04
-94.6906,28.0602#30.84#32.14#37.02
-94.6389,28.0601#30.87#32.12#37.01
-94.5873,28.06#30.91#32.09#37
-94.5356,28.0598#30.95#32.07#36.98
-94.4839,28.0597#30.98#32.05#36.97
-94.4322,28.0595#31#32.02#36.98
-94.3805,28.0593#31.02#31.99#36.99
-94.3289,28.0591#31.04#31.97#36.99
-94.2772,28.0588#31.06#31.94#37
-94.2255,28.0586#31.08#31.92#37
-94.1738,28.0583#31.1#31.89#37.01
-94.1221,28.058#31.12#31.86#37.02
-94.0705,28.0577#31.14#31.84#37.02
-94.0188,28.0574#31.16#31.81#37.03
-93.9671,28.0571#31.18#31.78#37.04
-93.9154,28.0567#31.19#31.75#37.06
-93.8638,28.0563#31.2#31.73#37.07
-93.8121,28.0559#31.21#31.7#37.09
-93.7604,28.0555#31.22#31.67#37.11
-93.7087,28.0551#31.23#31.64#37.13
-93.6571,28.0547#31.24#31.61#37.15
-93.6054,28.0542#31.25#31.59#37.16
-93.5537,28.0537#31.26#31.56#37.18
-93.502,28.0532#31.27#31.53#37.2
-93.4504,28.0527#31.26#31.49#37.25
-93.3987,28.0522#31.25#31.46#37.29
-93.347,28.0516#31.24#31.42#37.34
-93.2953,28.0511#31.24#31.38#37.38
-93.2437,28.0505#31.23#31.35#37.42
-93.192,28.0499#31.22#31.31#37.47
-93.1403,28.0493#31.21#31.27#37.52
-93.0886,28.0486#31.2#31.24#37.56
-93.037,28.048#31.2#31.2#37.6
-92.9853,28.0473#31.18#31.16#37.66
-92.9336,28.0466#31.15#31.12#37.73
-92.882,28.0459#31.12#31.07#37.81
-92.8303,28.0452#31.08#31.03#37.89
-92.7786,28.0445#31.05#30.98#37.97
-92.727,28.0437#31.02#30.94#38.04
-92.6753,28.0429#30.99#30.89#38.12
-92.6236,28.0421#30.96#30.85#38.19
-92.572,28.0413#30.92#30.8#38.28
-92.5203,28.0405#30.89#30.76#38.35
-92.4686,28.0397#30.85#30.72#38.43
-92.417,28.0388#30.81#30.68#38.51
-92.3653,28.0379#30.77#30.64#38.59
-92.3137,28.037#30.73#30.59#38.68
-92.262,28.0361#30.68#30.55#38.77
-92.2103,28.0352#30.64#30.51#38.85
-92.1587,28.0342#30.6#30.47#38.93
-92.107,28.0333#30.56#30.43#39.01
-92.0554,28.0323#30.52#30.39#39.09
-92.0037,28.0313#30.47#30.35#39.18
-91.952,28.0303#30.44#30.31#39.25
-91.9004,28.0293#30.41#30.27#39.32
-91.8487,28.0282#30.38#30.23#39.39
-91.7971,28.0271#30.35#30.19#39.46
-91.7454,28.026#30.32#30.15#39.53
-91.6938,28.0249#30.29#30.11#39.6
-91.6421,28.0238#30.26#30.07#39.67
-91.5905,28.0227#30.23#30.03#39.74
-91.5388,28.0215#30.2#29.99#39.81
-91.4872,28.0204#30.17#29.95#39.88
-91.4355,28.0192#30.14#29.91#39.95
-91.3839,28.018#30.12#29.88#40
-91.3323,28.0167#30.09#29.84#40.07
-91.2806,28.0155#30.06#29.8#40.14
-91.229,28.0142#30.04#29.77#40.19
-91.1773,28.013#30.01#29.73#40.26
-91.1257,28.0117#29.98#29.69#40.33
-91.0741,28.0103#29.96#29.65#40.39
-91.0224,28.009#29.93#29.62#40.45
-90.9708,28.0077#29.91#29.58#40.51
-90.9191,28.0063#29.89#29.55#40.56
-90.8675,28.0049#29.87#29.52#40.61
-90.8159,28.0035#29.85#29.48#40.67
-90.7643,28.0021#29.83#29.45#40.72
-90.7126,28.0007#29.81#29.41#40.78
-90.661,27.9992#29.79#29.38#40.83
-90.6094,27.9978#29.77#29.35#40.88
-90.5577,27.9963#29.75#29.31#40.94
-90.5061,27.9948#29.73#29.28#40.99
-90.4545,27.9933#29.72#29.25#41.03
-90.4029,27.9917#29.7#29.22#41.08
-90.3512,27.9902#29.69#29.19#41.12
-90.2996,27.9886#29.68#29.16#41.16
-90.248,27.987#29.66#29.13#41.21
-90.1964,27.9854#29.65#29.11#41.24
-90.1448,27.9838#29.63#29.08#41.29
-90.0932,27.9821#29.62#29.05#41.33
-90.0415,27.9805#29.61#29.02#41.37
-89.9899,27.9788#29.59#29#41.41
-89.9383,27.9771#29.58#29#41.42
-89.8867,27.9754#29.58#29#41.42
-89.8351,27.9737#29.57#29.01#41.42
-89.7835,27.9719#29.56#29.01#41.43
-89.7319,27.9701#29.55#29.01#41.44
-89.6803,27.9684#29.54#29.01#41.45
-89.6287,27.9666#29.53#29.01#41.46
-89.5771,27.9648#29.53#29.01#41.46
-89.5255,27.9629#29.52#29.02#41.46
-89.4739,27.9611#29.51#29.04#41.45
-89.4223,27.9592#29.51#29.07#41.42
-89.3707,27.9573#29.5#29.11#41.39
-89.3191,27.9554#29.5#29.15#41.35
-89.2675,27.9535#29.5#29.19#41.31
-89.216,27.9516#29.49#29.22#41.29
-89.1644,27.9496#29.49#29.26#41.25
-89.1128,27.9476#29.49#29.3#41.21
-89.0612,27.9456#29.48#29.34#41.18
-89.0096,27.9436#29.48#29.38#41.14
-88.958,27.9416#29.48#29.41#41.11
-88.9065,27.9396#29.49#29.43#41.08
-88.8549,27.9375#29.49#29.46#41.05
-88.8033,27.9354#29.5#29.49#41.01
-88.7517,27.9333#29.5#29.52#40.98
-88.7002,27.9312#29.51#29.55#40.94
-88.6486,27.9291#29.51#29.57#40.92
-88.597,27.927#29.52#29.6#40.88
-88.5455,27.9248#29.52#29.63#40.85
-88.4939,27.9226#29.53#29.66#40.81
-88.4423,27.9204#29.53#29.69#40.78
-88.3908,27.9182#29.54#29.73#40.73
-88.3392,27.916#29.54#29.76#40.7
-88.2877,27.9137#29.55#29.8#40.65
-88.2361,27.9115#29.55#29.83#40.62
-88.1846,27.9092#29.55#29.86#40.59
-88.133,27.9069#29.56#29.9#40.54
-88.0815,27.9046#29.56#29.93#40.51
-88.0299,27.9022#29.57#29.97#40.46
-102.953,27.9#29.85#32.61#37.54
-102.902,27.9027#29.85#32.59#37.56
-102.85,27.9054#29.85#32.57#37.58
-102.799,27.908#29.85#32.55#37.6
-102.747,27.9106#29.85#32.54#37.61
-102.696,27.9132#29.84#32.52#37.64
-102.644,27.9158#29.84#32.5#37.66
-102.593,27.9183#29.84#32.48#37.68
-102.541,27.9209#29.84#32.46#37.7
-102.49,27.9234#29.83#32.45#37.72
-102.438,27.9259#29.81#32.46#37.73
-102.387,27.9284#29.78#32.48#37.74
-102.335,27.9309#29.76#32.5#37.74
-102.284,27.9334#29.73#32.51#37.76
-102.232,27.9358#29.71#32.53#37.76
-102.18,27.9382#29.69#32.55#37.76
-102.129,27.9406#29.66#32.56#37.78
-102.077,27.943#29.63#32.58#37.79
-102.026,27.9454#29.61#32.59#37.8
-101.974,27.9477#29.57#32.6#37.83
-101.923,27.9501#29.53#32.61#37.86
-101.871,27.9524#29.48#32.62#37.9
-101.819,27.9547#29.44#32.63#37.93
-101.768,27.957#29.39#32.64#37.97
-101.716,27.9592#29.35#32.65#38
-101.665,27.9615#29.3#32.66#38.04
-101.613,27.9637#29.26#32.67#38.07
-101.562,27.9659#29.21#32.68#38.11
-101.51,27.9681#29.17#32.69#38.14
-101.458,27.9703#29.13#32.71#38.16
-101.407,27.9725#29.09#32.74#38.17
-101.355,27.9746#29.05#32.77#38.18
-101.304,27.9768#29.01#32.8#38.19
-101.252,27.9789#28.97#32.83#38.2
-101.2,27.981#28.93#32.86#38.21
-101.149,27.983#28.89#32.89#38.22
-101.097,27.9851#28.86#32.92#38.22
-101.046,27.9871#28.82#32.95#38.23
-100.994,27.9892#28.78#32.99#38.23
-100.942,27.9912#28.77#33.05#38.18
-100.891,27.9932#28.76#33.11#38.13
-100.839,27.9951#28.75#33.17#38.08
-100.788,27.9971#28.74#33.23#38.03
-100.736,27.999#28.73#33.29#37.98
-100.684,28.0009#28.72#33.35#37.93
-100.633,28.0029#28.71#33.41#37.88
-100.581,28.0047#28.7#33.47#37.83
-100.53,28.0066#28.69#33.53#37.78
-100.478,28.0085#28.69#33.59#37.72
-100.426,28.0103#28.68#33.64#37.68
-100.375,28.0121#28.68#33.69#37.63
-100.323,28.0139#28.68#33.74#37.58
-100.272,28.0157#28.68#33.79#37.53
-100.22,28.0175#28.68#33.84#37.48
-100.168,28.0192#28.68#33.89#37.43
-100.117,28.0209#28.68#33.94#37.38
-100.065,28.0226#28.68#33.99#37.33
-100.013,28.0243#28.68#34.04#37.28
-99.9618,28.026#28.69#34.08#37.23
-99.9101,28.0277#28.71#34.12#37.17
-99.8585,28.0293#28.73#34.16#37.11
-99.8069,28.0309#28.75#34.19#37.06
-99.7552,28.0325#28.77#34.23#37
-99.7036,28.0341#28.79#34.27#36.94
-99.652,28.0357#28.81#34.31#36.88
-99.6003,28.0373#28.84#34.35#36.81
-99.5487,28.0388#28.86#34.39#36.75
-99.497,28.0403#28.88#34.42#36.7
-99.4454,28.0418#28.91#34.44#36.65
-99.3937,28.0433#28.95#34.45#36.6
-99.3421,28.0448#28.98#34.46#36.56
-99.2904,28.0462#29.02#34.48#36.5
-99.2388,28.0477#29.05#34.49#36.46
-99.1871,28.0491#29.09#34.51#36.4
-99.1355,28.0505#29.12#34.52#36.36
-99.0838,28.0519#29.16#34.53#36.31
-99.0322,28.0532#29.19#34.55#36.26
-98.9805,28.0546#29.22#34.55#36.23
-98.9289,28.0559#29.22#34.53#36.25
-98.8772,28.0572#29.23#34.52#36.25
-98.8256,28.0585#29.24#34.5#36.26
-98.7739,28.0598#29.25#34.49#36.26
-98.7222,28.0611#29.26#34.47#36.27
-98.6706,28.0623#29.27#34.46#36.27
-98.6189,28.0635#29.28#34.44#36.28
-98.5672,28.0647#29.28#34.42#36.3
-98.5156,28.0659#29.29#34.41#36.3
-98.4639,28.0671#29.29#34.38#36.33
-98.4122,28.0683#29.28#34.35#36.37
-98.3606,28.0694#29.28#34.32#36.4
-98.3089,28.0705#29.27#34.29#36.44
-98.2572,28.0716#29.27#34.26#36.47
-98.2056,28.0727#29.26#34.22#36.52
-98.1539,28.0738#29.26#34.19#36.55
-98.1022,28.0748#29.25#34.16#36.59
-98.0505,28.0759#29.24#34.13#36.63
-97.9989,28.0769#29.24#34.1#36.66
-97.9472,28.0779#29.25#34.06#36.69
-97.8955,28.0789#29.25#34.02#36.73
-97.8438,28.0798#29.26#33.98#36.76
-97.7922,28.0808#29.26#33.94#36.8
-97.7405,28.0817#29.27#33.89#36.84
-97.6888,28.0826#29.28#33.85#36.87
-97.6371,28.0835#29.28#33.81#36.91
-97.5854,28.0844#29.29#33.77#36.94
-97.5338,28.0853#29.29#33.73#36.98
-97.4821,28.0861#29.3#33.69#37.01
-97.4304,28.0869#29.32#33.66#37.02
-97.3787,28.0877#29.34#33.62#37.04
-97.327,28.0885#29.36#33.58#37.06
-97.2753,28.0893#29.38#33.55#37.07
-97.2236,28.0901#29.4#33.51#37.09
-97.172,28.0908#29.42#33.48#37.1
-97.1203,28.0915#29.44#33.44#37.12
-97.0686,28.0922#29.46#33.41#37.13
-97.0169,28.0929#29.48#33.37#37.15
-96.9652,28.0936#29.5#33.33#37.17
-96.9135,28.0942#29.52#33.28#37.2
-96.8618,28.0949#29.55#33.24#37.21
-96.8101,28.0955#29.57#33.2#37.23
-96.7584,28.0961#29.6#33.15#37.25
-96.7067,28.0967#29.62#33.11#37.27
-96.6551,28.0972#29.64#33.06#37.3
-96.6034,28.0978#29.67#33.02#37.31
-96.5517,28.0983#29.69#32.98#37.33
-96.5,28.0988#29.72#32.93#37.35
-96.4483,28.0993#29.75#32.9#37.35
-96.3966,28.0998#29.77#32.87#37.36
-96.3449,28.1003#29.8#32.84#37.36
-96.2932,28.1007#29.83#32.81#37.36
-96.2415,28.1011#29.86#32.78#37.36
-96.1898,28.1015#29.89#32.74#37.37
-96.1381,28.1019#29.92#32.71#37.37
-96.0864,28.1023#29.95#32.68#37.37
-96.0347,28.1027#29.98#32.65#37.37
-95.983,28.103#30.01#32.62#37.37
-95.9313,28.1033#30.04#32.6#37.36
-95.8796,28.1036#30.08#32.58#37.34
-95.8279,28.1039#30.11#32.55#37.34
-95.7762,28.1042#30.15#32.53#37.32
-95.7245,28.1044#30.18#32.51#37.31
-95.6728,28.1047#30.21#32.48#37.31
-95.6211,28.1049#30.25#32.46#37.29
-95.5694,28.1051#30.28#32.44#37.28
-95.5177,28.1053#30.32#32.42#37.26
-95.466,28.1054#30.35#32.4#37.25
-95.4143,28.1056#30.39#32.39#37.22
-95.3626,28.1057#30.43#32.38#37.19
-95.3109,28.1058#30.47#32.36#37.17
-95.2592,28.1059#30.51#32.35#37.14
-95.2075,28.106#30.55#32.34#37.11
-95.1558,28.1061#30.59#32.33#37.08
-95.1041,28.1061#30.63#32.31#37.06
-95.0524,28.1061#30.67#32.3#37.03
-95.0007,28.1061#30.71#32.29#37
-94.949,28.1061#30.75#32.27#36.98
-94.8973,28.1061#30.78#32.24#36.98
-94.8456,28.1061#30.81#32.22#36.97
-94.7939,28.106#30.85#32.2#36.95
-94.7422,28.1059#30.88#32.18#36.94
-94.6905,28.1058#30.92#32.15#36.93
-94.6388,28.1057#30.95#32.13#36.92
-94.5871,28.1056#30.99#32.11#36.9
-94.5354,28.1054#31.02#32.08#36.9
-94.4837,28.1053#31.05#32.06#36.89
-94.432,28.1051#31.07#32.03#36.9
-94.3803,28.1049#31.09#32.01#36.9
-94.3286,28.1047#31.11#31.98#36.91
-94.2769,28.1044#31.13#31.96#36.91
-94.2252,28.1042#31.15#31.93#36.92
-94.1735,28.1039#31.17#31.9#36.93
-94.1218,28.1036#31.19#31.88#36.93
-94.0701,28.1033#31.21#31.85#36.94
-94.0184,28.103#31.23#31.82#36.95
-93.9667,28.1027#31.25#31.8#36.95
-93.915,28.1023#31.26#31.77#36.97
-93.8633,28.1019#31.26#31.74#37
-93.8116,28.1016#31.27#31.71#37.02
-93.7599,28.1011#31.28#31.68#37.04
-93.7082,28.1007#31.29#31.66#37.05
-93.6565,28.1003#31.3#31.63#37.07
-93.6048,28.0998#31.31#31.6#37.09
-93.5531,28.0993#31.32#31.57#37.11
-93.5015,28.0988#31.33#31.54#37.13
-93.4498,28.0983#31.32#31.51#37.17
-93.3981,28.0978#31.31#31.47#37.22
-93.3464,28.0973#31.3#31.43#37.27
-93.2947,28.0967#31.29#31.4#37.31
-93.243,28.0961#31.29#31.36#37.35
-93.1913,28.0955#31.28#31.32#37.4
-93.1396,28.0949#31.27#31.29#37.44
-93.0879,28.0943#31.26#31.25#37.49
-93.0362,28.0936#31.25#31.21#37.54
-92.9845,28.0929#31.24#31.17#37.59
-92.9328,28.0922#31.2#31.13#37.67
-92.8812,28.0915#31.17#31.09#37.74
-92.8295,28.0908#31.14#31.04#37.82
-92.7778,28.0901#31.1#31#37.9
-92.7261,28.0893#31.07#30.96#37.97
-92.6744,28.0886#31.04#30.91#38.05
-92.6227,28.0878#31#30.87#38.13
-92.571,28.087#30.97#30.82#38.21
-92.5194,28.0861#30.94#30.78#38.28
-92.4677,28.0853#30.9#30.74#38.36
-92.416,28.0844#30.86#30.7#38.44
-92.3643,28.0835#30.82#30.66#38.52
-92.3126,28.0827#30.78#30.61#38.61
-92.2609,28.0817#30.74#30.57#38.69
-92.2093,28.0808#30.7#30.53#38.77
-92.1576,28.0799#30.66#30.49#38.85
-92.1059,28.0789#30.62#30.45#38.93
-92.0542,28.0779#30.58#30.41#39.01
-92.0026,28.0769#30.54#30.37#39.09
-91.9509,28.0759#30.51#30.33#39.16
-91.8992,28.0749#30.48#30.29#39.23
-91.8475,28.0738#30.45#30.25#39.3
-91.7959,28.0727#30.42#30.21#39.37
-91.7442,28.0717#30.39#30.17#39.44
-91.6925,28.0706#30.36#30.13#39.51
-91.6409,28.0694#30.33#30.09#39.58
-91.5892,28.0683#30.3#30.05#39.65
-91.5375,28.0671#30.27#30.01#39.72
-91.4859,28.066#30.24#29.97#39.79
-91.4342,28.0648#30.22#29.93#39.85
-91.3825,28.0636#30.19#29.89#39.92
-91.3309,28.0623#30.16#29.86#39.98
-91.2792,28.0611#30.14#29.82#40.04
-91.2275,28.0598#30.11#29.78#40.11
-91.1759,28.0586#30.09#29.74#40.17
-91.1242,28.0573#30.06#29.71#40.23
-91.0726,28.056#30.04#29.67#40.29
-91.0209,28.0546#30.01#29.63#40.36
-90.9692,28.0533#29.99#29.6#40.41
-90.9176,28.0519#29.97#29.56#40.47
-90.8659,28.0505#29.95#29.53#40.52
-90.8143,28.0491#29.93#29.5#40.57
-90.7626,28.0477#29.91#29.46#40.63
-90.711,28.0463#29.89#29.43#40.68
-90.6593,28.0448#29.87#29.4#40.73
-90.6077,28.0434#29.86#29.36#40.78
-90.556,28.0419#29.84#29.33#40.83
-90.5044,28.0404#29.82#29.3#40.88
-90.4528,28.0388#29.8#29.27#40.93
-90.4011,28.0373#29.79#29.24#40.97
-90.3495,28.0358#29.78#29.21#41.01
-90.2978,28.0342#29.76#29.19#41.05
-90.2462,28.0326#29.75#29.16#41.09
-90.1946,28.031#29.74#29.13#41.13
-90.1429,28.0294#29.72#29.1#41.18
-90.0913,28.0277#29.71#29.07#41.22
-90.0397,28.0261#29.69#29.05#41.26
-89.988,28.0244#29.68#29.03#41.29
-89.9364,28.0227#29.67#29.03#41.3
-89.8848,28.021#29.67#29.03#41.3
-89.8331,28.0192#29.66#29.04#41.3
-89.7815,28.0175#29.65#29.04#41.31
-89.7299,28.0157#29.64#29.04#41.32
-89.6783,28.014#29.63#29.05#41.32
-89.6267,28.0122#29.63#29.05#41.32
-89.575,28.0103#29.62#29.05#41.33
-89.5234,28.0085#29.61#29.05#41.34
-89.4718,28.0067#29.6#29.07#41.33
-89.4202,28.0048#29.6#29.11#41.29
-89.3686,28.0029#29.6#29.15#41.25
-89.317,28.001#29.59#29.18#41.23
-89.2654,27.9991#29.59#29.22#41.19
-89.2137,27.9971#29.59#29.25#41.16
-89.1621,27.9952#29.58#29.29#41.13
-89.1105,27.9932#29.58#29.32#41.1
-89.0589,27.9912#29.58#29.36#41.06
-89.0073,27.9892#29.57#29.4#41.03
-88.9557,27.9872#29.58#29.43#40.99
-88.9041,27.9852#29.58#29.46#40.96
-88.8525,27.9831#29.58#29.49#40.93
-88.801,27.981#29.59#29.52#40.89
-88.7494,27.9789#29.59#29.55#40.86
-88.6978,27.9768#29.6#29.58#40.82
-88.6462,27.9747#29.6#29.6#40.8
-88.5946,27.9725#29.61#29.63#40.76
-88.543,27.9704#29.61#29.66#40.73
-88.4914,27.9682#29.62#29.69#40.69
-88.4398,27.966#29.62#29.73#40.65
-88.3883,27.9638#29.63#29.76#40.61
-88.3367,27.9616#29.63#29.8#40.57
-88.2851,27.9593#29.63#29.84#40.53
-88.2335,27.957#29.64#29.87#40.49
-88.182,27.9548#29.64#29.91#40.45
-88.1304,27.9525#29.65#29.94#40.41
-88.0788,27.9501#29.65#29.98#40.37
-88.0273,27.9478#29.65#30.01#40.34
-87.9757,27.9454#29.66#30.04#40.3
-87.9241,27.9431#29.66#30.07#40.27
-87.8726,27.9407#29.66#30.1#40.24
-87.821,27.9383#29.67#30.12#40.21
-87.7695,27.9359#29.67#30.15#40.18
-87.7179,27.9334#29.67#30.18#40.15
-87.6664,27.931#29.67#30.2#40.13
-87.6148,27.9285#29.68#30.23#40.09
-87.5633,27.926#29.68#30.26#40.06
-87.5117,27.9235#29.68#30.29#40.03
-87.4602,27.921#29.68#30.32#40
-87.4087,27.9184#29.67#30.36#39.97
-87.3571,27.9159#29.66#30.39#39.95
-87.3056,27.9133#29.65#30.42#39.93
-87.254,27.9107#29.64#30.46#39.9
-87.2025,27.9081#29.64#30.49#39.87
-87.151,27.9054#29.63#30.53#39.84
-87.0995,27.9028#29.62#30.56#39.82
-87.0479,27.9001#29.61#30.6#39.79
-103.781,27.9006#29.77#33.35#36.88
-103.729,27.9035#29.78#33.29#36.93
-103.678,27.9064#29.79#33.23#36.98
-103.626,27.9094#29.8#33.18#37.02
-103.575,27.9122#29.81#33.12#37.07
-103.523,27.9151#29.82#33.06#37.12
-103.472,27.918#29.82#33.01#37.17
-103.42,27.9208#29.83#32.98#37.19
-103.369,27.9236#29.83#32.95#37.22
-103.317,27.9264#29.84#32.91#37.25
-103.266,27.9292#29.84#32.87#37.29
-103.214,27.932#29.84#32.84#37.32
-103.163,27.9348#29.85#32.8#37.35
-103.111,27.9375#29.85#32.77#37.38
-103.06,27.9402#29.85#32.73#37.42
-103.008,27.9429#29.86#32.69#37.45
-102.957,27.9456#29.86#32.67#37.47
-102.905,27.9483#29.85#32.65#37.5
-102.853,27.9509#29.85#32.63#37.52
-102.802,27.9535#29.85#32.61#37.54
-102.75,27.9562#29.84#32.59#37.57
-102.699,27.9588#29.84#32.57#37.59
-102.647,27.9613#29.84#32.55#37.61
-102.596,27.9639#29.83#32.52#37.65
-102.544,27.9664#29.83#32.5#37.67
-102.493,27.969#29.82#32.49#37.69
-102.441,27.9715#29.79#32.5#37.71
-102.389,27.974#29.77#32.52#37.71
-102.338,27.9765#29.74#32.53#37.73
-102.286,27.9789#29.72#32.54#37.74
-102.235,27.9814#29.69#32.56#37.75
-102.183,27.9838#29.66#32.57#37.77
-102.132,27.9862#29.63#32.59#37.78
-102.08,27.9886#29.61#32.6#37.79
-102.028,27.9909#29.58#32.61#37.81
-101.977,27.9933#29.54#32.62#37.84
-101.925,27.9956#29.5#32.63#37.87
-101.874,27.998#29.45#32.64#37.91
-101.822,28.0003#29.41#32.65#37.94
-101.77,28.0025#29.36#32.66#37.98
-101.719,28.0048#29.32#32.67#38.01
-101.667,28.0071#29.27#32.68#38.05
-101.616,28.0093#29.22#32.69#38.09
-101.564,28.0115#29.18#32.7#38.12
-101.512,28.0137#29.13#32.71#38.16
-101.461,28.0159#29.09#32.74#38.17
-101.409,28.0181#29.06#32.77#38.17
-101.358,28.0202#29.02#32.8#38.18
-101.306,28.0223#28.99#32.83#38.18
-101.254,28.0244#28.95#32.86#38.19
-101.203,28.0265#28.91#32.89#38.2
-101.151,28.0286#28.88#32.92#38.2
-101.1,28.0307#28.84#32.96#38.2
-101.048,28.0327#28.81#32.99#38.2
-100.996,28.0347#28.78#33.02#38.2
-100.945,28.0368#28.77#33.08#38.15
-100.893,28.0387#28.76#33.14#38.1
-100.842,28.0407#28.75#33.2#38.05
-100.79,28.0427#28.74#33.26#38
-100.738,28.0446#28.73#33.32#37.95
-100.687,28.0465#28.72#33.38#37.9
-100.635,28.0484#28.71#33.44#37.85
-100.583,28.0503#28.7#33.5#37.8
-100.532,28.0522#28.69#33.56#37.75
-100.48,28.054#28.68#33.61#37.71
-100.428,28.0559#28.68#33.66#37.66
