-97.1053,24.3007#28.65#32.77#38.58
-97.0552,24.3014#28.64#32.76#38.6
-97.0051,24.302#28.62#32.75#38.63
-96.955,24.3027#28.61#32.71#38.68
-96.9049,24.3034#28.61#32.68#38.71
-96.8548,24.304#28.6#32.64#38.76
-96.8047,24.3046#28.59#32.6#38.81
-96.7546,24.3052#28.58#32.57#38.85
-96.7045,24.3058#28.58#32.53#38.89
-96.6544,24.3064#28.57#32.5#38.93
-96.6043,24.3069#28.56#32.46#38.98
-96.5542,24.3074#28.55#32.42#39.03
-96.504,24.3079#28.55#32.39#39.06
-96.4539,24.3084#28.54#32.36#39.1
-96.4038,24.3089#28.54#32.33#39.13
-96.3537,24.3094#28.54#32.3#39.16
-96.3036,24.3098#28.54#32.27#39.19
-96.2535,24.3103#28.53#32.25#39.22
-96.2034,24.3107#28.53#32.22#39.25
-96.1533,24.3111#28.53#32.19#39.28
-96.1032,24.3115#28.53#32.16#39.31
-96.0531,24.3118#28.53#32.13#39.34
-96.003,24.3122#28.52#32.1#39.38
-95.9528,24.3125#28.52#32.08#39.4
-95.9027,24.3128#28.52#32.05#39.43
-95.8526,24.3131#28.52#32.02#39.46
-95.8025,24.3134#28.52#31.99#39.49
-95.7524,24.3136#28.52#31.97#39.51
-95.7023,24.3139#28.52#31.94#39.54
-95.6522,24.3141#28.52#31.91#39.57
-95.6021,24.3143#28.52#31.88#39.6
-95.5519,24.3145#28.52#31.85#39.63
-95.5018,24.3147#28.52#31.83#39.65
-95.4517,24.3149#28.52#31.8#39.68
-95.4016,24.315#28.52#31.77#39.71
-95.3515,24.3151#28.52#31.74#39.74
-95.3014,24.3152#28.52#31.72#39.76
-95.2513,24.3153#28.52#31.69#39.79
-95.2011,24.3154#28.52#31.66#39.82
-95.151,24.3155#28.52#31.63#39.85
-95.1009,24.3155#28.53#31.61#39.86
-95.0508,24.3155#28.53#31.58#39.89
-95.0007,24.3156#28.53#31.55#39.92
-94.9506,24.3155#28.53#31.52#39.95
-94.9005,24.3155#28.53#31.49#39.98
-94.8504,24.3155#28.53#31.46#40.01
-94.8002,24.3154#28.53#31.44#40.03
-94.7501,24.3153#28.53#31.41#40.06
-94.7,24.3152#28.53#31.38#40.09
-94.6499,24.3151#28.53#31.35#40.12
-94.5998,24.315#28.54#31.32#40.14
-94.5497,24.3149#28.54#31.29#40.17
-94.4996,24.3147#28.54#31.27#40.19
-94.4494,24.3145#28.54#31.24#40.22
-94.3993,24.3143#28.54#31.21#40.25
-94.3492,24.3141#28.54#31.18#40.28
-94.2991,24.3139#28.54#31.15#40.31
-94.249,24.3137#28.54#31.12#40.34
-94.1989,24.3134#28.54#31.09#40.37
-94.1488,24.3131#28.55#31.06#40.39
-94.0987,24.3128#28.55#31.03#40.42
-94.0485,24.3125#28.55#31#40.45
-93.9984,24.3122#28.55#30.98#40.47
-93.9483,24.3118#28.55#30.94#40.51
-93.8982,24.3115#28.55#30.91#40.54
-93.8481,24.3111#28.55#30.88#40.57
-93.798,24.3107#28.55#30.85#40.6
-93.7479,24.3103#28.55#30.81#40.64
-93.6978,24.3099#28.55#30.78#40.67
-93.6477,24.3094#28.56#30.75#40.69
-93.5976,24.3089#28.56#30.71#40.73
-93.5474,24.3085#28.56#30.68#40.76
-93.4973,24.308#28.56#30.65#40.79
-93.4472,24.3074#28.56#30.61#40.83
-93.3971,24.3069#28.56#30.57#40.87
-93.347,24.3064#28.56#30.52#40.92
-93.2969,24.3058#28.56#30.48#40.96
-93.2468,24.3052#28.56#30.44#41
-93.1967,24.3046#28.56#30.4#41.04
-93.1466,24.304#28.56#30.36#41.08
-93.0965,24.3034#28.56#30.31#41.13
-93.0464,24.3027#28.56#30.27#41.17
-92.9963,24.3021#28.56#30.23#41.21
-92.9462,24.3014#28.57#30.22#41.21
-92.8961,24.3007#28.57#30.2#41.23
-92.846,24.3#28.57#30.18#41.25
-99.2605,24.3002#29.55#32.88#37.57
-99.2105,24.3017#29.56#32.89#37.55
-99.1604,24.3031#29.56#32.91#37.53
-99.1103,24.3045#29.56#32.93#37.51
-99.0602,24.3058#29.56#32.95#37.49
-99.0101,24.3072#29.56#32.97#37.47
-98.96,24.3085#29.55#32.97#37.48
-98.9099,24.3099#29.54#32.98#37.48
-98.8598,24.3112#29.53#32.98#37.49
-98.8098,24.3125#29.51#32.98#37.51
-98.7597,24.3137#29.5#32.98#37.52
-98.7096,24.315#29.49#32.98#37.53
-98.6595,24.3162#29.48#32.98#37.54
-98.6094,24.3175#29.46#32.98#37.56
-98.5593,24.3187#29.45#32.98#37.57
-98.5092,24.3199#29.44#32.98#37.58
-98.4591,24.321#29.41#32.98#37.61
-98.409,24.3222#29.38#32.98#37.64
-98.3589,24.3233#29.35#32.98#37.67
-98.3088,24.3244#29.32#32.98#37.7
-98.2587,24.3256#29.29#32.98#37.73
-98.2086,24.3266#29.26#32.98#37.76
-98.1585,24.3277#29.23#32.98#37.79
-98.1084,24.3288#29.2#32.98#37.82
-98.0583,24.3298#29.17#32.98#37.85
-98.0081,24.3308#29.14#32.98#37.88
-97.958,24.3318#29.1#32.98#37.92
-97.9079,24.3328#29.06#32.97#37.97
-97.8578,24.3338#29.02#32.96#38.02
-97.8077,24.3347#28.98#32.96#38.06
-97.7576,24.3357#28.95#32.95#38.1
-97.7075,24.3366#28.91#32.94#38.15
-97.6574,24.3375#28.87#32.93#38.2
-97.6073,24.3384#28.83#32.93#38.24
-97.5571,24.3393#28.79#32.92#38.29
-97.507,24.3401#28.75#32.91#38.34
-97.4569,24.341#28.74#32.9#38.36
-97.4068,24.3418#28.72#32.89#38.39
-97.3567,24.3426#28.71#32.88#38.41
-97.3066,24.3434#28.7#32.86#38.44
-97.2564,24.3441#28.68#32.85#38.47
-97.2063,24.3449#28.67#32.84#38.49
-97.1562,24.3456#28.65#32.82#38.53
-97.1061,24.3463#28.64#32.81#38.55
-97.056,24.347#28.63#32.8#38.57
-97.0058,24.3477#28.61#32.79#38.6
-96.9557,24.3484#28.61#32.75#38.64
-96.9056,24.349#28.6#32.72#38.68
-96.8555,24.3497#28.59#32.68#38.73
-96.8054,24.3503#28.59#32.64#38.77
-96.7552,24.3509#28.58#32.6#38.82
-96.7051,24.3515#28.57#32.57#38.86
-96.655,24.352#28.57#32.53#38.9
-96.6049,24.3526#28.56#32.49#38.95
-96.5547,24.3531#28.55#32.46#38.99
-96.5046,24.3536#28.55#32.42#39.03
-96.4545,24.3541#28.54#32.39#39.07
-96.4044,24.3546#28.54#32.36#39.1
-96.3542,24.3551#28.54#32.33#39.13
-96.3041,24.3555#28.54#32.31#39.15
-96.254,24.356#28.54#32.28#39.18
-96.2038,24.3564#28.53#32.25#39.22
-96.1537,24.3568#28.53#32.22#39.25
-96.1036,24.3571#28.53#32.2#39.27
-96.0535,24.3575#28.53#32.17#39.3
-96.0033,24.3579#28.53#32.14#39.33
-95.9532,24.3582#28.53#32.11#39.36
-95.9031,24.3585#28.53#32.09#39.38
-95.8529,24.3588#28.53#32.06#39.41
-95.8028,24.3591#28.53#32.03#39.44
-95.7527,24.3593#28.53#32.01#39.46
-95.7025,24.3596#28.53#31.98#39.49
-95.6524,24.3598#28.52#31.95#39.53
-95.6023,24.36#28.52#31.92#39.56
-95.5521,24.3602#28.52#31.9#39.58
-95.502,24.3604#28.52#31.87#39.61
-95.4519,24.3606#28.53#31.84#39.63
-95.4018,24.3607#28.53#31.82#39.65
-95.3516,24.3608#28.53#31.79#39.68
-95.3015,24.3609#28.53#31.76#39.71
-95.2514,24.361#28.53#31.73#39.74
-95.2012,24.3611#28.53#31.71#39.76
-95.1511,24.3612#28.53#31.68#39.79
-95.101,24.3612#28.53#31.65#39.82
-95.0508,24.3612#28.53#31.63#39.84
-95.0007,24.3612#28.53#31.6#39.87
-94.9506,24.3612#28.53#31.57#39.9
-94.9004,24.3612#28.53#31.54#39.93
-94.8503,24.3612#28.54#31.52#39.94
-94.8002,24.3611#28.54#31.49#39.97
-94.75,24.361#28.54#31.46#40
-94.6999,24.3609#28.54#31.43#40.03
-94.6498,24.3608#28.54#31.41#40.05
-94.5996,24.3607#28.54#31.38#40.08
-94.5495,24.3606#28.54#31.35#40.11
-94.4994,24.3604#28.54#31.32#40.14
-94.4492,24.3602#28.55#31.3#40.15
-94.3991,24.36#28.55#31.27#40.18
-94.349,24.3598#28.55#31.24#40.21
-94.2988,24.3596#28.55#31.21#40.24
-94.2487,24.3593#28.55#31.18#40.27
-94.1986,24.3591#28.55#31.16#40.29
-94.1485,24.3588#28.55#31.13#40.32
-94.0983,24.3585#28.55#31.1#40.35
-94.0482,24.3582#28.55#31.07#40.38
-93.9981,24.3579#28.56#31.04#40.4
-93.9479,24.3575#28.56#31.01#40.43
-93.8978,24.3572#28.56#30.98#40.46
-93.8477,24.3568#28.56#30.95#40.49
-93.7975,24.3564#28.56#30.92#40.52
-93.7474,24.356#28.56#30.88#40.56
-93.6973,24.3555#28.56#30.85#40.59
-93.6472,24.3551#28.56#30.82#40.62
-93.597,24.3546#28.56#30.79#40.65
-93.5469,24.3541#28.56#30.76#40.68
-93.4968,24.3536#28.57#30.72#40.71
-93.4467,24.3531#28.57#30.68#40.75
-93.3965,24.3526#28.57#30.64#40.79
-93.3464,24.352#28.57#30.6#40.83
-93.2963,24.3515#28.57#30.56#40.87
-93.2462,24.3509#28.57#30.52#40.91
-93.196,24.3503#28.57#30.48#40.95
-93.1459,24.3497#28.57#30.44#40.99
-93.0958,24.3491#28.57#30.4#41.03
-93.0457,24.3484#28.57#30.36#41.07
-92.9955,24.3477#28.57#30.32#41.11
-92.9454,24.3471#28.57#30.31#41.12
-92.8953,24.3464#28.57#30.29#41.14
-92.8452,24.3456#28.57#30.28#41.15
-92.7951,24.3449#28.57#30.26#41.17
-92.7449,24.3441#28.58#30.25#41.17
-92.6948,24.3434#28.58#30.23#41.19
-92.6447,24.3426#28.58#30.22#41.2
-92.5946,24.3418#28.58#30.2#41.22
-92.5445,24.341#28.58#30.19#41.23
-92.4944,24.3401#28.58#30.17#41.25
-92.4442,24.3393#28.6#30.1#41.3
-92.3941,24.3384#28.62#30.04#41.34
-92.344,24.3375#28.64#29.97#41.39
-92.2939,24.3366#28.66#29.91#41.43
-92.2438,24.3357#28.68#29.84#41.48
-92.1937,24.3348#28.7#29.78#41.52
-92.1436,24.3338#28.72#29.71#41.57
-92.0935,24.3328#28.74#29.65#41.61
-92.0433,24.3319#28.76#29.58#41.66
-91.9932,24.3309#28.78#29.52#41.7
-91.9431,24.3298#28.83#29.44#41.73
-91.893,24.3288#28.87#29.36#41.77
-91.8429,24.3277#28.91#29.29#41.8
-91.7928,24.3267#28.95#29.21#41.84
-91.7427,24.3256#29#29.13#41.87
-91.6926,24.3245#29.04#29.06#41.9
-91.6425,24.3234#29.08#28.98#41.94
-91.5924,24.3222#29.12#28.9#41.98
-91.5423,24.3211#29.16#28.82#42.02
-91.4922,24.3199#29.21#28.75#42.04
-91.4421,24.3187#29.26#28.71#42.03
-91.392,24.3175#29.32#28.66#42.02
-91.3419,24.3163#29.38#28.61#42.01
-91.2918,24.315#29.44#28.57#41.99
-91.2417,24.3138#29.49#28.52#41.99
-91.1916,24.3125#29.55#28.48#41.97
-91.1415,24.3112#29.61#28.43#41.96
-91.0914,24.3099#29.66#28.39#41.95
-91.0414,24.3086#29.72#28.34#41.94
-90.9913,24.3072#29.77#28.31#41.92
-90.9412,24.3059#29.8#28.3#41.9
-90.8911,24.3045#29.83#28.3#41.87
-90.841,24.3031#29.85#28.29#41.86
-90.7909,24.3017#29.88#28.29#41.83
-90.7408,24.3003#29.91#28.28#41.81
-100.614,24.301#29.41#32.22#38.37
-100.564,24.3029#29.43#32.24#38.33
-100.514,24.3047#29.44#32.27#38.29
-100.464,24.3066#29.45#32.29#38.26
-100.414,24.3084#29.46#32.32#38.22
-100.364,24.3102#29.47#32.34#38.19
-100.314,24.312#29.48#32.37#38.15
-100.264,24.3138#29.48#32.4#38.12
-100.214,24.3156#29.49#32.42#38.09
-100.164,24.3173#29.5#32.45#38.05
-100.114,24.319#29.51#32.47#38.02
-100.064,24.3208#29.52#32.5#37.98
-100.014,24.3225#29.52#32.52#37.96
-99.9634,24.3241#29.53#32.55#37.92
-99.9133,24.3258#29.53#32.58#37.89
-99.8633,24.3274#29.53#32.61#37.86
-99.8132,24.3291#29.54#32.63#37.83
-99.7631,24.3307#29.54#32.66#37.8
-99.713,24.3323#29.54#32.69#37.77
-99.6629,24.3339#29.55#32.72#37.73
-99.6128,24.3354#29.55#32.75#37.7
-99.5627,24.337#29.55#32.78#37.67
-99.5126,24.3385#29.56#32.8#37.64
-99.4625,24.34#29.56#32.82#37.62
-99.4124,24.3415#29.56#32.84#37.6
-99.3623,24.343#29.56#32.86#37.58
-99.3122,24.3444#29.56#32.88#37.56
-99.2621,24.3459#29.56#32.9#37.54
-99.212,24.3473#29.56#32.92#37.52
-99.1619,24.3487#29.56#32.94#37.5
-99.1118,24.3501#29.56#32.95#37.49
-99.0617,24.3515#29.56#32.97#37.47
-99.0116,24.3529#29.56#32.99#37.45
-98.9615,24.3542#29.55#33#37.45
-98.9114,24.3555#29.54#33#37.46
-98.8613,24.3568#29.53#33#37.47
-98.8112,24.3581#29.51#33#37.49
-98.7611,24.3594#29.5#33#37.5
-98.7109,24.3607#29.49#33#37.51
-98.6608,24.3619#29.47#33#37.53
-98.6107,24.3631#29.46#33#37.54
-98.5606,24.3643#29.44#33#37.56
-98.5105,24.3655#29.43#33#37.57
-98.4604,24.3667#29.4#33#37.6
-98.4102,24.3679#29.37#33#37.63
-98.3601,24.369#29.34#33#37.66
-98.31,24.3701#29.3#33#37.7
-98.2599,24.3712#29.27#33#37.73
-98.2098,24.3723#29.24#33#37.76
-98.1596,24.3734#29.21#33#37.79
-98.1095,24.3744#29.17#33#37.83
-98.0594,24.3755#29.14#33#37.86
-98.0093,24.3765#29.11#33#37.89
-97.9591,24.3775#29.07#32.99#37.94
-97.909,24.3785#29.03#32.99#37.98
-97.8589,24.3795#29#32.98#38.02
-97.8087,24.3804#28.96#32.97#38.07
-97.7586,24.3814#28.92#32.97#38.11
-97.7085,24.3823#28.88#32.96#38.16
-97.6584,24.3832#28.85#32.96#38.19
-97.6082,24.3841#28.81#32.95#38.24
-97.5581,24.3849#28.77#32.94#38.29
-97.508,24.3858#28.73#32.94#38.33
-97.4578,24.3866#28.72#32.92#38.36
-97.4077,24.3875#28.71#32.91#38.38
-97.3576,24.3883#28.69#32.9#38.41
-97.3074,24.389#28.68#32.89#38.43
-97.2573,24.3898#28.67#32.87#38.46
-97.2071,24.3906#28.66#32.86#38.48
-97.157,24.3913#28.65#32.85#38.5
-97.1069,24.392#28.63#32.83#38.54
-97.0567,24.3927#28.62#32.82#38.56
-97.0066,24.3934#28.61#32.81#38.58
-96.9564,24.3941#28.6#32.77#38.63
-96.9063,24.3947#28.6#32.74#38.66
-96.8562,24.3954#28.59#32.7#38.71
-96.806,24.396#28.59#32.66#38.75
-96.7559,24.3966#28.58#32.62#38.8
-96.7057,24.3972#28.57#32.59#38.84
-96.6556,24.3977#28.57#32.55#38.88
-96.6055,24.3983#28.56#32.51#38.93
-96.5553,24.3988#28.55#32.47#38.98
-96.5052,24.3993#28.55#32.44#39.01
-96.455,24.3998#28.55#32.41#39.04
-96.4049,24.4003#28.54#32.38#39.08
-96.3547,24.4008#28.54#32.35#39.11
-96.3046,24.4012#28.54#32.32#39.14
-96.2544,24.4016#28.54#32.3#39.16
-96.2043,24.4021#28.54#32.27#39.19
-96.1541,24.4024#28.54#32.24#39.22
-96.104,24.4028#28.53#32.21#39.26
-96.0538,24.4032#28.53#32.19#39.28
-96.0037,24.4035#28.53#32.16#39.31
-95.9535,24.4039#28.53#32.13#39.34
-95.9034,24.4042#28.53#32.1#39.37
-95.8532,24.4045#28.53#32.08#39.39
-95.8031,24.4048#28.53#32.05#39.42
-95.753,24.405#28.53#32.02#39.45
-95.7028,24.4053#28.53#31.99#39.48
-95.6527,24.4055#28.53#31.97#39.5
-95.6025,24.4057#28.53#31.94#39.53
-95.5524,24.4059#28.53#31.91#39.56
-95.5022,24.4061#28.53#31.89#39.58
-95.4521,24.4062#28.53#31.86#39.61
-95.4019,24.4064#28.53#31.83#39.64
-95.3517,24.4065#28.53#31.8#39.67
-95.3016,24.4066#28.53#31.78#39.69
-95.2514,24.4067#28.53#31.75#39.72
-95.2013,24.4068#28.54#31.72#39.74
-95.1511,24.4068#28.54#31.7#39.76
-95.101,24.4069#28.54#31.67#39.79
-95.0508,24.4069#28.54#31.64#39.82
-95.0007,24.4069#28.54#31.61#39.85
-94.9505,24.4069#28.54#31.59#39.87
-94.9004,24.4069#28.54#31.56#39.9
-94.8502,24.4068#28.54#31.53#39.93
-94.8001,24.4068#28.54#31.5#39.96
-94.7499,24.4067#28.54#31.48#39.98
-94.6998,24.4066#28.55#31.45#40
-94.6496,24.4065#28.55#31.42#40.03
-94.5995,24.4064#28.55#31.4#40.05
-94.5493,24.4062#28.55#31.37#40.08
-94.4992,24.4061#28.55#31.34#40.11
-94.449,24.4059#28.55#31.31#40.14
-94.3989,24.4057#28.55#31.29#40.16
-94.3487,24.4055#28.55#31.26#40.19
-94.2986,24.4053#28.56#31.23#40.21
-94.2484,24.405#28.56#31.21#40.23
-94.1983,24.4048#28.56#31.18#40.26
-94.1481,24.4045#28.56#31.15#40.29
-94.098,24.4042#28.56#31.13#40.31
-94.0478,24.4039#28.56#31.1#40.34
-93.9977,24.4035#28.56#31.07#40.37
-93.9475,24.4032#28.56#31.04#40.4
-93.8974,24.4028#28.56#31.01#40.43
-93.8472,24.4025#28.57#30.98#40.45
-93.7971,24.4021#28.57#30.95#40.48
-93.747,24.4016#28.57#30.92#40.51
-93.6968,24.4012#28.57#30.89#40.54
-93.6467,24.4008#28.57#30.86#40.57
-93.5965,24.4003#28.57#30.82#40.61
-93.5464,24.3998#28.57#30.79#40.64
-93.4962,24.3993#28.57#30.76#40.67
-93.4461,24.3988#28.57#30.72#40.71
-93.3959,24.3983#28.57#30.68#40.75
-93.3458,24.3977#28.57#30.64#40.79
-93.2956,24.3972#28.57#30.61#40.82
-93.2455,24.3966#28.58#30.57#40.85
-93.1954,24.396#28.58#30.53#40.89
-93.1452,24.3954#28.58#30.49#40.93
-93.0951,24.3947#28.58#30.45#40.97
-93.0449,24.3941#28.58#30.41#41.01
-92.9948,24.3934#28.58#30.37#41.05
-92.9447,24.3927#28.58#30.36#41.06
-92.8945,24.392#28.58#30.35#41.07
-92.8444,24.3913#28.58#30.34#41.08
-92.7942,24.3906#28.58#30.33#41.09
-92.7441,24.3898#28.59#30.31#41.1
-92.694,24.3891#28.59#30.3#41.11
-92.6438,24.3883#28.59#30.29#41.12
-92.5937,24.3875#28.59#30.28#41.13
-92.5436,24.3867#28.59#30.27#41.14
-92.4934,24.3858#28.59#30.25#41.16
-92.4433,24.385#28.61#30.18#41.21
-92.3932,24.3841#28.64#30.12#41.24
-92.343,24.3832#28.66#30.05#41.29
-92.2929,24.3823#28.68#29.99#41.33
-92.2428,24.3814#28.7#29.93#41.37
-92.1926,24.3804#28.72#29.86#41.42
-92.1425,24.3795#28.74#29.8#41.46
-92.0924,24.3785#28.76#29.73#41.51
-92.0423,24.3775#28.78#29.67#41.55
-91.9921,24.3765#28.81#29.6#41.59
-91.942,24.3755#28.85#29.53#41.62
-91.8919,24.3745#28.9#29.45#41.65
-91.8417,24.3734#28.94#29.38#41.68
-91.7916,24.3723#28.98#29.3#41.72
-91.7415,24.3713#29.03#29.23#41.74
-91.6914,24.3701#29.07#29.15#41.78
-91.6413,24.369#29.11#29.08#41.81
-91.5911,24.3679#29.16#29#41.84
-91.541,24.3667#29.2#28.93#41.87
-91.4909,24.3656#29.25#28.86#41.89
-91.4408,24.3644#29.31#28.81#41.88
-91.3907,24.3632#29.36#28.76#41.88
-91.3406,24.3619#29.42#28.71#41.87
-91.2904,24.3607#29.48#28.66#41.86
-91.2403,24.3594#29.54#28.61#41.85
-91.1902,24.3582#29.6#28.56#41.84
-91.1401,24.3569#29.66#28.51#41.83
-91.09,24.3556#29.72#28.46#41.82
-91.0399,24.3542#29.77#28.41#41.82
-90.9898,24.3529#29.83#28.37#41.8
-90.9397,24.3515#29.85#28.36#41.79
-90.8896,24.3502#29.87#28.35#41.78
-90.8395,24.3488#29.9#28.34#41.76
-90.7894,24.3474#29.92#28.33#41.75
-90.7393,24.3459#29.95#28.32#41.73
-90.6892,24.3445#29.97#28.31#41.72
-90.6391,24.343#30#28.3#41.7
-90.589,24.3415#30.03#28.3#41.67
-90.5389,24.3401#30.05#28.29#41.66
-90.4888,24.3385#30.07#28.28#41.65
-90.4387,24.337#30.09#28.29#41.62
-90.3886,24.3355#30.1#28.3#41.6
-90.3385,24.3339#30.11#28.31#41.58
-90.2884,24.3323#30.12#28.32#41.56
-90.2383,24.3307#30.13#28.33#41.54
-90.1882,24.3291#30.15#28.34#41.51
-90.1381,24.3275#30.16#28.35#41.49
-90.088,24.3258#30.17#28.36#41.47
-90.038,24.3242#30.18#28.37#41.45
-89.9879,24.3225#30.19#28.38#41.43
-89.9378,24.3208#30.17#28.4#41.43
-89.8877,24.3191#30.15#28.42#41.43
-89.8376,24.3174#30.13#28.43#41.44
-89.7876,24.3156#30.11#28.45#41.44
-89.7375,24.3139#30.09#28.47#41.44
-89.6874,24.3121#30.08#28.49#41.43
-89.6373,24.3103#30.06#28.51#41.43
-89.5873,24.3085#30.04#28.52#41.44
-89.5372,24.3066#30.02#28.54#41.44
-89.4871,24.3048#30#28.56#41.44
-89.4371,24.3029#29.94#28.58#41.48
-89.387,24.301#29.89#28.6#41.51
-101.718,24.3009#28.86#31.85#39.29
-101.668,24.3032#28.89#31.86#39.25
-101.618,24.3054#28.91#31.86#39.23
-101.568,24.3077#28.93#31.86#39.21
-101.518,24.3099#28.95#31.86#39.19
-101.468,24.312#28.99#31.87#39.14
-101.418,24.3142#29.02#31.89#39.09
-101.368,24.3164#29.06#31.91#39.03
-101.317,24.3185#29.09#31.93#38.98
-101.267,24.3206#29.13#31.94#38.93
-101.217,24.3227#29.16#31.96#38.88
-101.167,24.3248#29.2#31.98#38.82
-101.117,24.3269#29.23#32#38.77
-101.067,24.3289#29.27#32.02#38.71
-101.017,24.331#29.3#32.04#38.66
-100.967,24.333#29.33#32.06#38.61
-100.917,24.335#29.34#32.09#38.57
-100.867,24.337#29.36#32.11#38.53
-100.817,24.3389#29.37#32.14#38.49
-100.767,24.3409#29.39#32.16#38.45
-100.717,24.3428#29.4#32.18#38.42
-100.667,24.3447#29.41#32.21#38.38
-100.616,24.3466#29.43#32.23#38.34
-100.566,24.3485#29.44#32.26#38.3
-100.516,24.3504#29.46#32.28#38.26
-100.466,24.3522#29.47#32.31#38.22
-100.416,24.3541#29.47#32.34#38.19
-100.366,24.3559#29.48#32.36#38.16
-100.316,24.3577#29.49#32.39#38.12
-100.266,24.3595#29.5#32.41#38.09
-100.216,24.3612#29.5#32.44#38.06
-100.166,24.363#29.51#32.46#38.03
-100.116,24.3647#29.52#32.49#37.99
-100.065,24.3664#29.53#32.52#37.95
-100.015,24.3681#29.53#32.54#37.93
-99.9653,24.3698#29.54#32.57#37.89
-99.9152,24.3715#29.54#32.6#37.86
-99.8651,24.3731#29.54#32.63#37.83
-99.8149,24.3747#29.55#32.65#37.8
-99.7648,24.3763#29.55#32.68#37.77
-99.7147,24.3779#29.55#32.71#37.74
-99.6646,24.3795#29.55#32.74#37.71
-99.6145,24.3811#29.56#32.77#37.67
-99.5644,24.3826#29.56#32.8#37.64
-99.5143,24.3842#29.56#32.82#37.62
-99.4642,24.3857#29.56#32.84#37.6
-99.4141,24.3872#29.56#32.86#37.58
-99.3639,24.3886#29.56#32.88#37.56
-99.3138,24.3901#29.56#32.9#37.54
-99.2637,24.3916#29.56#32.91#37.53
-99.2136,24.393#29.56#32.93#37.51
-99.1635,24.3944#29.56#32.95#37.49
-99.1133,24.3958#29.56#32.96#37.48
-99.0632,24.3972#29.56#32.98#37.46
-99.0131,24.3985#29.56#33#37.44
-98.963,24.3999#29.55#33#37.45
-98.9128,24.4012#29.53#33#37.47
-98.8627,24.4025#29.52#33#37.48
-98.8126,24.4038#29.5#33#37.5
-98.7624,24.4051#29.49#33#37.51
-98.7123,24.4063#29.47#33#37.53
-98.6622,24.4076#29.45#33#37.55
-98.612,24.4088#29.44#33.01#37.55
-98.5619,24.41#29.42#33.01#37.57
-98.5118,24.4112#29.4#33.01#37.59
-98.4616,24.4124#29.38#33.01#37.61
-98.4115,24.4135#29.34#33.01#37.65
-98.3614,24.4147#29.31#33.01#37.68
-98.3112,24.4158#29.28#33#37.72
-98.2611,24.4169#29.24#33#37.76
-98.2109,24.418#29.21#33#37.79
-98.1608,24.4191#29.18#33#37.82
-98.1107,24.4201#29.15#33#37.85
-98.0605,24.4212#29.11#33#37.89
-98.0104,24.4222#29.08#33#37.92
-97.9602,24.4232#29.04#33#37.96
-97.9101,24.4242#29.01#32.99#38
-97.8599,24.4251#28.97#32.99#38.04
-97.8098,24.4261#28.94#32.98#38.08
-97.7596,24.427#28.9#32.98#38.12
-97.7095,24.428#28.87#32.97#38.16
-97.6593,24.4289#28.83#32.97#38.2
-97.6092,24.4297#28.8#32.96#38.24
-97.559,24.4306#28.76#32.96#38.28
-97.5089,24.4315#28.73#32.95#38.32
-97.4587,24.4323#28.71#32.94#38.35
-97.4086,24.4331#28.7#32.93#38.37
-97.3584,24.4339#28.69#32.91#38.4
-97.3083,24.4347#28.68#32.9#38.42
-97.2581,24.4355#28.67#32.89#38.44
-97.208,24.4362#28.66#32.87#38.47
-97.1578,24.437#28.64#32.86#38.5
-97.1076,24.4377#28.63#32.84#38.53
-97.0575,24.4384#28.62#32.83#38.55
-97.0073,24.4391#28.61#32.82#38.57
-96.9572,24.4397#28.6#32.78#38.62
-96.907,24.4404#28.6#32.75#38.65
-96.8569,24.441#28.59#32.71#38.7
-96.8067,24.4416#28.59#32.67#38.74
-96.7565,24.4422#28.58#32.64#38.78
-96.7064,24.4428#28.57#32.6#38.83
-96.6562,24.4434#28.57#32.56#38.87
-96.606,24.4439#28.56#32.53#38.91
-96.5559,24.4445#28.56#32.49#38.95
-96.5057,24.445#28.55#32.45#39
-96.4556,24.4455#28.55#32.42#39.03
-96.4054,24.446#28.55#32.4#39.05
-96.3552,24.4464#28.55#32.37#39.08
-96.3051,24.4469#28.54#32.34#39.12
-96.2549,24.4473#28.54#32.31#39.15
-96.2047,24.4477#28.54#32.28#39.18
-96.1546,24.4481#28.54#32.25#39.21
-96.1044,24.4485#28.54#32.23#39.23
-96.0542,24.4489#28.54#32.2#39.26
-96.0041,24.4492#28.54#32.17#39.29
-95.9539,24.4496#28.54#32.14#39.32
-95.9037,24.4499#28.54#32.12#39.34
-95.8536,24.4502#28.54#32.09#39.37
-95.8034,24.4504#28.54#32.06#39.4
-95.7532,24.4507#28.54#32.03#39.43
-95.7031,24.4509#28.54#32.01#39.45
-95.6529,24.4512#28.54#31.98#39.48
-95.6027,24.4514#28.54#31.95#39.51
-95.5526,24.4516#28.54#31.93#39.53
-95.5024,24.4518#28.54#31.9#39.56
-95.4522,24.4519#28.54#31.87#39.59
-95.402,24.4521#28.54#31.84#39.62
-95.3519,24.4522#28.54#31.82#39.64
-95.3017,24.4523#28.54#31.79#39.67
-95.2515,24.4524#28.54#31.76#39.7
-95.2014,24.4525#28.54#31.74#39.72
-95.1512,24.4525#28.54#31.71#39.75
-95.101,24.4526#28.54#31.68#39.78
-95.0509,24.4526#28.54#31.65#39.81
-95.0007,24.4526#28.55#31.63#39.82
-94.9505,24.4526#28.55#31.6#39.85
-94.9004,24.4526#28.55#31.57#39.88
-94.8502,24.4525#28.55#31.54#39.91
-94.8,24.4525#28.55#31.52#39.93
-94.7498,24.4524#28.55#31.49#39.96
-94.6997,24.4523#28.55#31.46#39.99
-94.6495,24.4522#28.55#31.43#40.02
-94.5993,24.4521#28.56#31.41#40.03
-94.5492,24.4519#28.56#31.38#40.06
-94.499,24.4518#28.56#31.35#40.09
-94.4488,24.4516#28.56#31.33#40.11
-94.3987,24.4514#28.56#31.3#40.14
-94.3485,24.4512#28.56#31.28#40.16
-94.2983,24.451#28.56#31.25#40.19
-94.2482,24.4507#28.56#31.23#40.21
-94.198,24.4504#28.56#31.2#40.24
-94.1478,24.4502#28.57#31.18#40.25
-94.0977,24.4499#28.57#31.15#40.28
-94.0475,24.4496#28.57#31.13#40.3
-93.9973,24.4492#28.57#31.1#40.33
-93.9472,24.4489#28.57#31.07#40.36
-93.897,24.4485#28.57#31.04#40.39
-93.8468,24.4481#28.57#31.01#40.42
-93.7967,24.4477#28.57#30.98#40.45
-93.7465,24.4473#28.57#30.94#40.49
-93.6963,24.4469#28.58#30.91#40.51
-93.6462,24.4465#28.58#30.88#40.54
-93.596,24.446#28.58#30.85#40.57
-93.5458,24.4455#28.58#30.82#40.6
-93.4957,24.445#28.58#30.79#40.63
-93.4455,24.4445#28.58#30.75#40.67
-93.3953,24.444#28.58#30.71#40.71
-93.3452,24.4434#28.58#30.67#40.75
-93.295,24.4428#28.58#30.63#40.79
-93.2449,24.4423#28.58#30.59#40.83
-93.1947,24.4417#28.58#30.55#40.87
-93.1445,24.441#28.58#30.52#40.9
-93.0944,24.4404#28.58#30.48#40.94
-93.0442,24.4398#28.58#30.44#40.98
-92.9941,24.4391#28.59#30.4#41.01
-92.9439,24.4384#28.59#30.39#41.02
-92.8937,24.4377#28.59#30.38#41.03
-92.8436,24.437#28.59#30.37#41.04
-92.7934,24.4363#28.6#30.36#41.04
-92.7433,24.4355#28.6#30.35#41.05
-92.6931,24.4347#28.6#30.34#41.06
-92.643,24.434#28.6#30.33#41.07
-92.5928,24.4332#28.61#30.32#41.07
-92.5427,24.4323#28.61#30.31#41.08
-92.4925,24.4315#28.62#30.29#41.09
-92.4423,24.4306#28.64#30.23#41.13
-92.3922,24.4298#28.66#30.17#41.17
-92.342,24.4289#28.68#30.1#41.22
-92.2919,24.428#28.71#30.04#41.25
-92.2417,24.4271#28.73#29.98#41.29
-92.1916,24.4261#28.75#29.91#41.34
-92.1415,24.4252#28.78#29.85#41.37
-92.0913,24.4242#28.8#29.79#41.41
-92.0412,24.4232#28.82#29.72#41.46
-91.991,24.4222#28.85#29.66#41.49
-91.9409,24.4212#28.89#29.59#41.52
-91.8907,24.4201#28.94#29.51#41.55
-91.8406,24.4191#28.98#29.44#41.58
-91.7904,24.418#29.03#29.37#41.6
-91.7403,24.4169#29.07#29.29#41.64
-91.6902,24.4158#29.11#29.22#41.67
-91.64,24.4147#29.16#29.15#41.69
-91.5899,24.4136#29.2#29.07#41.73
-91.5397,24.4124#29.25#29#41.75
-91.4896,24.4112#29.29#28.93#41.78
-91.4395,24.41#29.35#28.88#41.77
-91.3893,24.4088#29.41#28.83#41.76
-91.3392,24.4076#29.46#28.78#41.76
-91.2891,24.4064#29.52#28.73#41.75
-91.2389,24.4051#29.57#28.68#41.75
-91.1888,24.4038#29.63#28.63#41.74
-91.1387,24.4025#29.69#28.58#41.73
-91.0886,24.4012#29.75#28.53#41.72
-91.0384,24.3999#29.8#28.47#41.73
-90.9883,24.3986#29.85#28.43#41.72
-90.9382,24.3972#29.88#28.42#41.7
-90.888,24.3958#29.9#28.41#41.69
-90.8379,24.3944#29.93#28.39#41.68
-90.7878,24.393#29.95#28.38#41.67
-90.7377,24.3916#29.98#28.37#41.65
-90.6876,24.3901#30#28.36#41.64
-90.6374,24.3887#30.03#28.34#41.63
-90.5873,24.3872#30.05#28.33#41.62
-90.5372,24.3857#30.08#28.32#41.6
-90.4871,24.3842#30.1#28.31#41.59
-90.437,24.3827#30.11#28.32#41.57
-90.3869,24.3811#30.12#28.32#41.56
-90.3368,24.3796#30.13#28.33#41.54
-90.2867,24.378#30.14#28.33#41.53
-90.2365,24.3764#30.16#28.34#41.5
-90.1864,24.3748#30.17#28.35#41.48
-90.1363,24.3732#30.18#28.35#41.47
-90.0862,24.3715#30.19#28.36#41.45
-90.0361,24.3698#30.2#28.36#41.44
-89.986,24.3682#30.21#28.37#41.42
-89.9359,24.3665#30.19#28.39#41.42
-89.8858,24.3647#30.17#28.4#41.43
-89.8357,24.363#30.14#28.42#41.44
-89.7856,24.3613#30.12#28.43#41.45
-89.7355,24.3595#30.1#28.45#41.45
-89.6854,24.3577#30.08#28.47#41.45
-89.6353,24.3559#30.06#28.48#41.46
-89.5853,24.3541#30.04#28.5#41.46
-89.5352,24.3523#30.02#28.52#41.46
-89.4851,24.3504#29.99#28.53#41.48
-89.435,24.3486#29.93#28.55#41.52
-89.3849,24.3467#29.87#28.57#41.56
-89.3348,24.3448#29.82#28.59#41.59
-89.2847,24.3429#29.76#28.61#41.63
-89.2347,24.3409#29.71#28.63#41.66
-89.1846,24.339#29.65#28.65#41.7
-89.1345,24.337#29.6#28.67#41.73
-89.0844,24.335#29.54#28.69#41.77
-89.0344,24.333#29.49#28.71#41.8
-88.9843,24.331#29.43#28.73#41.84
-88.9342,24.329#29.36#28.76#41.88
-88.8842,24.3269#29.3#28.79#41.91
-88.8341,24.3249#29.23#28.82#41.95
-88.784,24.3228#29.16#28.85#41.99
-88.734,24.3207#29.09#28.88#42.03
-88.6839,24.3186#29.03#28.91#42.06
-88.6338,24.3164#28.96#28.93#42.11
-88.5838,24.3143#28.89#28.96#42.15
-88.5337,24.3121#28.83#28.99#42.18
-88.4837,24.3099#28.77#29.03#42.2
-88.4336,24.3077#28.75#29.1#42.15
-88.3836,24.3055#28.72#29.16#42.12
-88.3335,24.3033#28.69#29.22#42.09
-88.2835,24.301#28.66#29.29#42.05
-102.671,24.3005#28.88#31.98#39.14
-102.621,24.3031#28.86#31.98#39.16
-102.571,24.3057#28.84#31.97#39.19
-102.521,24.3082#28.83#31.96#39.21
-102.471,24.3107#28.81#31.96#39.23
-102.421,24.3132#28.81#31.94#39.25
-102.371,24.3157#28.8#31.93#39.27
-102.321,24.3182#28.79#31.92#39.29
-102.271,24.3207#28.78#31.91#39.31
-102.221,24.3231#28.77#31.9#39.33
-102.171,24.3255#28.77#31.89#39.34
-102.121,24.3279#28.76#31.87#39.37
-102.071,24.3303#28.75#31.86#39.39
-102.021,24.3327#28.74#31.85#39.41
-101.971,24.335#28.75#31.85#39.4
-101.921,24.3374#28.78#31.85#39.37
-101.871,24.3397#28.8#31.85#39.35
-101.821,24.342#28.83#31.85#39.32
-101.77,24.3443#28.85#31.85#39.3
-101.72,24.3466#28.88#31.85#39.27
-101.67,24.3488#28.9#31.86#39.24
-101.62,24.3511#28.93#31.86#39.21
-101.57,24.3533#28.95#31.86#39.19
-101.52,24.3555#28.98#31.86#39.16
-101.47,24.3577#29.01#31.87#39.12
-101.42,24.3598#29.05#31.89#39.06
-101.37,24.362#29.08#31.91#39.01
-101.32,24.3641#29.12#31.93#38.95
-101.27,24.3663#29.15#31.95#38.9
-101.22,24.3684#29.19#31.97#38.84
-101.17,24.3704#29.23#31.99#38.78
-101.119,24.3725#29.26#32.01#38.73
-101.069,24.3746#29.3#32.03#38.67
-101.019,24.3766#29.33#32.05#38.62
-100.969,24.3786#29.35#32.07#38.58
-100.919,24.3806#29.37#32.1#38.53
-100.869,24.3826#29.38#32.12#38.5
-100.819,24.3846#29.39#32.15#38.46
-100.769,24.3865#29.4#32.17#38.43
-100.719,24.3885#29.42#32.2#38.38
-100.669,24.3904#29.43#32.22#38.35
-100.619,24.3923#29.44#32.25#38.31
-100.568,24.3942#29.46#32.27#38.27
-100.518,24.396#29.47#32.3#38.23
-100.468,24.3979#29.48#32.32#38.2
-100.418,24.3997#29.48#32.35#38.17
-100.368,24.4015#29.49#32.38#38.13
-100.318,24.4033#29.5#32.4#38.1
-100.268,24.4051#29.51#32.43#38.06
-100.218,24.4069#29.51#32.45#38.04
-100.168,24.4086#29.52#32.48#38
-100.117,24.4104#29.53#32.51#37.96
-100.067,24.4121#29.53#32.53#37.94
-100.017,24.4138#29.54#32.56#37.9
-99.9671,24.4154#29.54#32.59#37.87
-99.917,24.4171#29.55#32.61#37.84
-99.8669,24.4188#29.55#32.64#37.81
-99.8167,24.4204#29.55#32.67#37.78
-99.7666,24.422#29.55#32.7#37.75
-99.7165,24.4236#29.56#32.73#37.71
-99.6663,24.4252#29.56#32.75#37.69
-99.6162,24.4267#29.56#32.78#37.66
-99.5661,24.4283#29.56#32.81#37.63
-99.516,24.4298#29.56#32.84#37.6
-99.4658,24.4313#29.56#32.86#37.58
-99.4157,24.4328#29.56#32.87#37.57
-99.3656,24.4343#29.56#32.89#37.55
-99.3154,24.4358#29.56#32.91#37.53
-99.2653,24.4372#29.56#32.92#37.52
-99.2151,24.4386#29.56#32.94#37.5
-99.165,24.4401#29.56#32.95#37.49
-99.1149,24.4414#29.55#32.97#37.48
-99.0647,24.4428#29.55#32.98#37.47
-99.0146,24.4442#29.55#33#37.45
-98.9644,24.4455#29.54#33#37.46
-98.9143,24.4469#29.52#33#37.48
-98.8641,24.4482#29.5#33#37.5
-98.814,24.4495#29.49#33#37.51
-98.7638,24.4507#29.47#33.01#37.52
-98.7137,24.452#29.45#33.01#37.54
-98.6635,24.4532#29.43#33.01#37.56
-98.6134,24.4545#29.42#33.01#37.57
-98.5632,24.4557#29.4#33.01#37.59
-98.5131,24.4569#29.38#33.01#37.61
-98.4629,24.458#29.35#33.01#37.64
-98.4128,24.4592#29.32#33.01#37.67
-98.3626,24.4603#29.28#33.01#37.71
-98.3125,24.4615#29.25#33.01#37.74
-98.2623,24.4626#29.22#33.01#37.77
-98.2121,24.4637#29.18#33.01#37.81
-98.162,24.4647#29.15#33.01#37.84
-98.1118,24.4658#29.12#33#37.88
-98.0617,24.4668#29.08#33#37.92
-98.0115,24.4679#29.05#33#37.95
-97.9613,24.4689#29.02#33#37.98
-97.9112,24.4698#28.98#32.99#38.03
-97.861,24.4708#28.95#32.99#38.06
-97.8108,24.4718#28.92#32.99#38.09
-97.7607,24.4727#28.88#32.98#38.14
-97.7105,24.4736#28.85#32.98#38.17
-97.6603,24.4745#28.82#32.98#38.2
-97.6102,24.4754#28.79#32.98#38.23
-97.56,24.4763#28.75#32.97#38.28
-97.5098,24.4772#28.72#32.97#38.31
-97.4596,24.478#28.71#32.96#38.33
-97.4095,24.4788#28.7#32.94#38.36
-97.3593,24.4796#28.69#32.93#38.38
-97.3091,24.4804#28.67#32.91#38.42
-97.259,24.4812#28.66#32.9#38.44
-97.2088,24.4819#28.65#32.88#38.47
-97.1586,24.4827#28.64#32.87#38.49
-97.1084,24.4834#28.63#32.85#38.52
-97.0583,24.4841#28.62#32.84#38.54
-97.0081,24.4848#28.61#32.82#38.57
-96.9579,24.4854#28.6#32.79#38.61
-96.9077,24.4861#28.6#32.76#38.64
-96.8575,24.4867#28.59#32.72#38.69
-96.8074,24.4873#28.59#32.68#38.73
-96.7572,24.4879#28.58#32.65#38.77
-96.707,24.4885#28.58#32.61#38.81
-96.6568,24.4891#28.57#32.58#38.85
-96.6066,24.4896#28.57#32.54#38.89
-96.5565,24.4902#28.56#32.5#38.94
-96.5063,24.4907#28.55#32.47#38.98
-96.4561,24.4912#28.55#32.44#39.01
-96.4059,24.4917#28.55#32.41#39.04
-96.3557,24.4921#28.55#32.38#39.07
-96.3055,24.4926#28.55#32.35#39.1
-96.2554,24.493#28.55#32.33#39.12
-96.2052,24.4934#28.55#32.3#39.15
-96.155,24.4938#28.55#32.27#39.18
-96.1048,24.4942#28.54#32.24#39.22
-96.0546,24.4946#28.54#32.21#39.25
-96.0044,24.4949#28.54#32.18#39.28
-95.9543,24.4952#28.54#32.16#39.3
-95.9041,24.4956#28.54#32.13#39.33
-95.8539,24.4958#28.54#32.1#39.36
-95.8037,24.4961#28.54#32.07#39.39
-95.7535,24.4964#28.54#32.05#39.41
-95.7033,24.4966#28.54#32.02#39.44
-95.6531,24.4969#28.54#31.99#39.47
-95.6029,24.4971#28.54#31.97#39.49
-95.5528,24.4973#28.54#31.94#39.52
-95.5026,24.4974#28.54#31.91#39.55
-95.4524,24.4976#28.54#31.88#39.58
-95.4022,24.4978#28.54#31.86#39.6
-95.352,24.4979#28.55#31.83#39.62
-95.3018,24.498#28.55#31.8#39.65
-95.2516,24.4981#28.55#31.78#39.67
-95.2014,24.4982#28.55#31.75#39.7
-95.1513,24.4982#28.55#31.72#39.73
-95.1011,24.4983#28.55#31.69#39.76
-95.0509,24.4983#28.55#31.67#39.78
-95.0007,24.4983#28.55#31.64#39.81
-94.9505,24.4983#28.55#31.61#39.84
-94.9003,24.4983#28.55#31.58#39.87
-94.8501,24.4982#28.56#31.56#39.88
-94.7999,24.4982#28.56#31.53#39.91
-94.7498,24.4981#28.56#31.5#39.94
-94.6996,24.498#28.56#31.47#39.97
-94.6494,24.4979#28.56#31.45#39.99
-94.5992,24.4978#28.56#31.42#40.02
-94.549,24.4976#28.56#31.39#40.05
-94.4988,24.4975#28.56#31.36#40.08
-94.4486,24.4973#28.57#31.34#40.09
-94.3984,24.4971#28.57#31.32#40.11
-94.3483,24.4969#28.57#31.29#40.14
-94.2981,24.4966#28.57#31.27#40.16
-94.2479,24.4964#28.57#31.25#40.18
-94.1977,24.4961#28.57#31.22#40.21
-94.1475,24.4959#28.57#31.2#40.23
-94.0973,24.4956#28.57#31.18#40.25
-94.0471,24.4952#28.57#31.15#40.28
-93.9969,24.4949#28.58#31.13#40.29
-93.9468,24.4946#28.58#31.1#40.32
-93.8966,24.4942#28.58#31.06#40.36
-93.8464,24.4938#28.58#31.03#40.39
-93.7962,24.4934#28.58#31#40.42
-93.746,24.493#28.58#30.97#40.45
-93.6958,24.4926#28.58#30.94#40.48
-93.6457,24.4921#28.58#30.91#40.51
-93.5955,24.4917#28.58#30.88#40.54
-93.5453,24.4912#28.59#30.85#40.56
-93.4951,24.4907#28.59#30.81#40.6
-93.4449,24.4902#28.59#30.77#40.64
-93.3947,24.4896#28.59#30.74#40.67
-93.3446,24.4891#28.59#30.7#40.71
-93.2944,24.4885#28.59#30.66#40.75
-93.2442,24.4879#28.59#30.62#40.79
-93.194,24.4873#28.59#30.58#40.83
-93.1438,24.4867#28.59#30.54#40.87
-93.0937,24.4861#28.59#30.5#40.91
-93.0435,24.4854#28.59#30.47#40.94
-92.9933,24.4848#28.59#30.43#40.98
-92.9431,24.4841#28.6#30.42#40.98
-92.893,24.4834#28.6#30.42#40.98
-92.8428,24.4827#28.61#30.41#40.98
-92.7926,24.4819#28.61#30.4#40.99
-92.7424,24.4812#28.61#30.39#41
-92.6923,24.4804#28.62#30.38#41
-92.6421,24.4796#28.62#30.38#41
-92.5919,24.4788#28.63#30.37#41
-92.5417,24.478#28.63#30.36#41.01
-92.4916,24.4772#28.64#30.34#41.02
-92.4414,24.4763#28.66#30.28#41.06
-92.3912,24.4755#28.69#30.22#41.09
-92.3411,24.4746#28.71#30.16#41.13
-92.2909,24.4737#28.74#30.09#41.17
-92.2407,24.4727#28.76#30.03#41.21
-92.1906,24.4718#28.78#29.97#41.25
-92.1404,24.4708#28.81#29.9#41.29
-92.0902,24.4699#28.83#29.84#41.33
-92.0401,24.4689#28.86#29.78#41.36
-91.9899,24.4679#28.89#29.71#41.4
-91.9397,24.4669#28.93#29.64#41.43
-91.8896,24.4658#28.98#29.57#41.45
-91.8394,24.4648#29.02#29.5#41.48
-91.7893,24.4637#29.07#29.43#41.5
-91.7391,24.4626#29.11#29.35#41.54
-91.6889,24.4615#29.16#29.28#41.56
-91.6388,24.4604#29.2#29.21#41.59
-91.5886,24.4592#29.25#29.14#41.61
-91.5385,24.4581#29.29#29.07#41.64
-91.4883,24.4569#29.34#29#41.66
-91.4382,24.4557#29.39#28.95#41.66
-91.388,24.4545#29.45#28.9#41.65
-91.3378,24.4533#29.5#28.85#41.65
-91.2877,24.452#29.55#28.8#41.65
-91.2375,24.4508#29.61#28.75#41.64
-91.1874,24.4495#29.66#28.7#41.64
-91.1373,24.4482#29.71#28.64#41.65
-91.0871,24.4469#29.77#28.59#41.64
-91.037,24.4456#29.82#28.54#41.64
-90.9868,24.4442#29.87#28.5#41.63
-90.9367,24.4429#29.89#28.49#41.62
-90.8865,24.4415#29.92#28.47#41.61
-90.8364,24.4401#29.94#28.45#41.61
-90.7862,24.4387#29.97#28.44#41.59
-90.7361,24.4373#29.99#28.42#41.59
-90.686,24.4358#30.02#28.41#41.57
-90.6358,24.4343#30.04#28.39#41.57
-90.5857,24.4329#30.07#28.38#41.55
-90.5356,24.4314#30.09#28.36#41.55
-90.4854,24.4299#30.11#28.35#41.54
-90.4353,24.4283#30.12#28.36#41.52
-90.3852,24.4268#30.13#28.36#41.51
-90.335,24.4252#30.14#28.36#41.5
-90.2849,24.4236#30.15#28.36#41.49
-90.2348,24.4221#30.16#28.36#41.48
-90.1847,24.4204#30.17#28.37#41.46
-90.1345,24.4188#30.18#28.37#41.45
-90.0844,24.4172#30.19#28.37#41.44
-90.0343,24.4155#30.2#28.38#41.42
-89.9842,24.4138#30.2#28.38#41.42
-89.934,24.4121#30.17#28.39#41.44
-89.8839,24.4104#30.15#28.41#41.44
-89.8338,24.4087#30.13#28.42#41.45
-89.7837,24.4069#30.1#28.43#41.47
-89.7336,24.4052#30.08#28.44#41.48
-89.6835,24.4034#30.06#28.46#41.48
-89.6334,24.4016#30.03#28.47#41.5
-89.5833,24.3998#30.01#28.48#41.51
-89.5331,24.3979#29.99#28.5#41.51
-89.483,24.3961#29.95#28.51#41.54
-89.4329,24.3942#29.9#28.53#41.57
-89.3828,24.3923#29.84#28.55#41.61
-89.3327,24.3904#29.78#28.56#41.66
-89.2826,24.3885#29.73#28.58#41.69
-89.2325,24.3866#29.67#28.6#41.73
-89.1824,24.3846#29.61#28.62#41.77
-89.1323,24.3827#29.56#28.64#41.8
-89.0823,24.3807#29.5#28.65#41.85
-89.0322,24.3787#29.44#28.67#41.89
-88.9821,24.3767#29.38#28.7#41.92
-88.932,24.3746#29.32#28.73#41.95
-88.8819,24.3726#29.25#28.76#41.99
-88.8318,24.3705#29.18#28.79#42.03
-88.7817,24.3684#29.11#28.82#42.07
-88.7316,24.3663#29.04#28.85#42.11
-88.6816,24.3642#28.97#28.88#42.15
-88.6315,24.3621#28.9#28.91#42.19
-88.5814,24.3599#28.84#28.94#42.22
-88.5313,24.3577#28.77#28.97#42.26
-88.4813,24.3555#28.72#29.01#42.27
-88.4312,24.3533#28.69#29.08#42.23
-88.3811,24.3511#28.67#29.15#42.18
-88.3311,24.3489#28.65#29.21#42.14
-88.281,24.3466#28.62#29.28#42.1
-88.2309,24.3444#28.6#29.35#42.05
-88.1809,24.3421#28.58#29.41#42.01
-88.1308,24.3398#28.55#29.48#41.97
-88.0807,24.3374#28.53#29.54#41.93
-88.0307,24.3351#28.5#29.61#41.89
-87.9806,24.3328#28.48#29.68#41.84
-87.9306,24.3304#28.47#29.76#41.77
-87.8805,24.328#28.46#29.84#41.7
-87.8305,24.3256#28.44#29.92#41.64
-87.7804,24.3232#28.43#30#41.57
-87.7304,24.3207#28.42#30.08#41.5
-87.6803,24.3183#28.41#30.15#41.44
-87.6303,24.3158#28.4#30.23#41.37
-87.5803,24.3133#28.38#30.31#41.31
-87.5302,24.3108#28.37#30.39#41.24
-87.4802,24.3083#28.37#30.46#41.17
-87.4302,24.3057#28.37#30.53#41.1
-87.3801,24.3032#28.38#30.6#41.02
-87.3301,24.3006#28.38#30.66#40.96
-103.475,24.3027#29.04#31.96#39
-103.425,24.3055#29.03#31.97#39
-103.375,24.3083#29.03#31.98#38.99
-103.325,24.3111#29.02#31.98#39
-103.275,24.3139#29.01#31.99#39
-103.224,24.3167#29.01#32#38.99
-103.174,24.3195#29#32.01#38.99
-103.124,24.3222#28.99#32.01#39
-103.074,24.3249#28.99#32.02#38.99
-103.024,24.3277#28.98#32.03#38.99
-102.974,24.3303#28.97#32.03#39
-102.924,24.333#28.95#32.02#39.03
-102.874,24.3357#28.94#32.01#39.05
-102.824,24.3383#28.92#32.01#39.07
-102.774,24.3409#28.9#32#39.1
-102.724,24.3436#28.88#31.99#39.13
-102.674,24.3461#28.87#31.99#39.14
-102.624,24.3487#28.85#31.98#39.17
-102.574,24.3513#28.83#31.97#39.2
-102.524,24.3538#28.81#31.97#39.22
-102.474,24.3564#28.8#31.96#39.24
-102.424,24.3589#28.79#31.94#39.27
-102.374,24.3613#28.79#31.93#39.28
-102.324,24.3638#28.78#31.92#39.3
-102.274,24.3663#28.77#31.91#39.32
-102.224,24.3687#28.77#31.9#39.33
-102.174,24.3711#28.76#31.88#39.36
-102.123,24.3736#28.76#31.87#39.37
-102.073,24.3759#28.75#31.86#39.39
-102.023,24.3783#28.75#31.85#39.4
-101.973,24.3807#28.76#31.84#39.4
-101.923,24.383#28.79#31.84#39.37
-101.873,24.3853#28.82#31.85#39.33
-101.823,24.3876#28.84#31.85#39.31
-101.773,24.3899#28.87#31.85#39.28
-101.723,24.3922#28.9#31.86#39.24
-101.673,24.3945#28.93#31.86#39.21
-101.623,24.3967#28.95#31.86#39.19
-101.573,24.3989#28.98#31.87#39.15
-101.523,24.4011#29.01#31.87#39.12
-101.472,24.4033#29.04#31.88#39.08
-101.422,24.4055#29.08#31.9#39.02
-101.372,24.4076#29.11#31.92#38.97
-101.322,24.4098#29.14#31.94#38.92
-101.272,24.4119#29.18#31.96#38.86
-101.222,24.414#29.21#31.98#38.81
-101.172,24.4161#29.25#32#38.75
-101.122,24.4182#29.28#32.02#38.7
-101.072,24.4202#29.31#32.04#38.65
-101.022,24.4222#29.35#32.06#38.59
-100.971,24.4243#29.37#32.09#38.54
-100.921,24.4263#29.38#32.11#38.51
-100.871,24.4282#29.39#32.14#38.47
-100.821,24.4302#29.4#32.16#38.44
-100.771,24.4322#29.42#32.19#38.39
-100.721,24.4341#29.43#32.21#38.36
-100.671,24.436#29.44#32.24#38.32
-100.621,24.4379#29.45#32.26#38.29
-100.571,24.4398#29.47#32.29#38.24
-100.52,24.4417#29.48#32.31#38.21
-100.47,24.4435#29.49#32.34#38.17
-100.42,24.4454#29.49#32.37#38.14
-100.37,24.4472#29.5#32.39#38.11
-100.32,24.449#29.51#32.42#38.07
-100.27,24.4508#29.51#32.44#38.05
-100.22,24.4525#29.52#32.47#38.01
-100.169,24.4543#29.53#32.5#37.97
-100.119,24.456#29.53#32.52#37.95
-100.069,24.4577#29.54#32.55#37.91
-100.019,24.4594#29.55#32.58#37.87
-99.9689,24.4611#29.55#32.6#37.85
-99.9188,24.4628#29.55#32.63#37.82
-99.8687,24.4644#29.55#32.66#37.79
-99.8185,24.466#29.56#32.69#37.75
-99.7684,24.4677#29.56#32.71#37.73
-99.7182,24.4693#29.56#32.74#37.7
-99.6681,24.4708#29.56#32.77#37.67
-99.6179,24.4724#29.57#32.8#37.63
-99.5678,24.474#29.57#32.83#37.6
-99.5176,24.4755#29.57#32.85#37.58
-99.4675,24.477#29.57#32.87#37.56
-99.4173,24.4785#29.57#32.89#37.54
-99.3672,24.48#29.56#32.9#37.54
-99.317,24.4814#29.56#32.91#37.53
-99.2669,24.4829#29.56#32.93#37.51
-99.2167,24.4843#29.56#32.94#37.5
-99.1665,24.4857#29.55#32.96#37.49
-99.1164,24.4871#29.55#32.97#37.48
-99.0662,24.4885#29.55#32.98#37.47
-99.0161,24.4899#29.54#33#37.46
-98.9659,24.4912#29.53#33#37.47
-98.9157,24.4925#29.51#33#37.49
-98.8656,24.4938#29.49#33.01#37.5
-98.8154,24.4951#29.47#33.01#37.52
-98.7652,24.4964#29.45#33.01#37.54
-98.7151,24.4977#29.43#33.01#37.56
-98.6649,24.4989#29.41#33.01#37.58
-98.6147,24.5001#29.4#33.02#37.58
-98.5646,24.5013#29.38#33.02#37.6
-98.5144,24.5025#29.36#33.02#37.62
-98.4642,24.5037#29.33#33.02#37.65
-98.414,24.5049#29.29#33.02#37.69
-98.3639,24.506#29.26#33.02#37.72
-98.3137,24.5071#29.22#33.01#37.77
-98.2635,24.5082#29.19#33.01#37.8
-98.2133,24.5093#29.16#33.01#37.83
