-97.8635,28.9005#30.08#33.68#36.24
-97.8115,28.9015#30.1#33.65#36.25
-97.7594,28.9024#30.13#33.62#36.25
-97.7074,28.9033#30.15#33.59#36.26
-97.6553,28.9042#30.17#33.55#36.28
-97.6033,28.9051#30.19#33.52#36.29
-97.5513,28.906#30.22#33.49#36.29
-97.4992,28.9068#30.24#33.46#36.3
-97.4472,28.9076#30.28#33.41#36.31
-97.3951,28.9085#30.31#33.36#36.33
-97.3431,28.9092#30.35#33.31#36.34
-97.2911,28.91#30.38#33.26#36.36
-97.239,28.9108#30.42#33.2#36.38
-97.187,28.9115#30.45#33.15#36.4
-97.1349,28.9123#30.49#33.11#36.4
-97.0829,28.913#30.52#33.06#36.42
-97.0308,28.9137#30.56#33.01#36.43
-96.9788,28.9143#30.59#32.96#36.45
-96.9267,28.915#30.64#32.94#36.42
-96.8747,28.9156#30.68#32.91#36.41
-96.8226,28.9162#30.72#32.88#36.4
-96.7706,28.9169#30.76#32.85#36.39
-96.7185,28.9174#30.8#32.83#36.37
-96.6665,28.918#30.84#32.8#36.36
-96.6144,28.9186#30.89#32.77#36.34
-96.5624,28.9191#30.93#32.74#36.33
-96.5103,28.9196#30.97#32.71#36.32
-96.4583,28.9201#31.01#32.7#36.29
-96.4062,28.9206#31.06#32.69#36.25
-96.3542,28.9211#31.11#32.68#36.21
-96.3021,28.9215#31.16#32.67#36.17
-96.2501,28.9219#31.21#32.66#36.13
-96.198,28.9223#31.25#32.65#36.1
-96.146,28.9227#31.3#32.64#36.06
-96.0939,28.9231#31.35#32.64#36.01
-96.0419,28.9235#31.4#32.63#35.97
-95.9898,28.9238#31.44#32.61#35.95
-95.9378,28.9241#31.49#32.6#35.91
-95.8857,28.9244#31.53#32.58#35.89
-95.8336,28.9247#31.57#32.57#35.86
-95.7816,28.925#31.62#32.55#35.83
-95.7295,28.9253#31.66#32.54#35.8
-95.6775,28.9255#31.7#32.52#35.78
-95.6254,28.9257#31.75#32.5#35.75
-95.5734,28.9259#31.79#32.49#35.72
-95.5213,28.9261#31.83#32.47#35.7
-95.4692,28.9263#31.86#32.46#35.68
-95.4172,28.9264#31.89#32.44#35.67
-95.3651,28.9265#31.92#32.42#35.66
-95.3131,28.9267#31.95#32.41#35.64
-95.261,28.9268#31.97#32.39#35.64
-95.209,28.9268#32#32.37#35.63
-95.1569,28.9269#32.03#32.36#35.61
-95.1048,28.9269#32.05#32.34#35.61
-95.0528,28.927#32.08#32.33#35.59
-95.0007,28.927#32.11#32.31#35.58
-94.9487,28.927#32.13#32.29#35.58
-94.8966,28.9269#32.16#32.27#35.57
-94.8445,28.9269#32.19#32.25#35.56
-94.7925,28.9268#32.21#32.23#35.56
-94.7404,28.9268#32.24#32.21#35.55
-94.6884,28.9267#32.26#32.19#35.55
-94.6363,28.9265#32.29#32.16#35.55
-94.5843,28.9264#32.32#32.14#35.54
-94.5322,28.9263#32.34#32.12#35.54
-94.4801,28.9261#32.36#32.1#35.54
-94.4281,28.9259#32.38#32.08#35.54
-94.376,28.9257#32.39#32.05#35.56
-94.324,28.9255#32.4#32.03#35.57
-94.2719,28.9253#32.41#32#35.59
-94.2199,28.925#32.43#31.98#35.59
-94.1678,28.9247#32.44#31.96#35.6
-94.1157,28.9244#32.45#31.93#35.62
-94.0637,28.9241#32.46#31.91#35.63
-94.0116,28.9238#32.47#31.88#35.65
-93.9596,28.9235#32.49#31.86#35.65
-93.9075,28.9231#32.5#31.83#35.67
-93.8555,28.9227#32.51#31.8#35.69
-93.8034,28.9223#32.52#31.77#35.71
-93.7514,28.9219#32.53#31.75#35.72
-93.6993,28.9215#32.54#31.72#35.74
-93.6473,28.9211#32.55#31.69#35.76
-93.5952,28.9206#32.56#31.66#35.78
-93.5431,28.9201#32.57#31.64#35.79
-93.4911,28.9196#32.58#31.61#35.81
-93.439,28.9191#32.55#31.57#35.88
-93.387,28.9186#32.53#31.54#35.93
-93.3349,28.918#32.51#31.5#35.99
-93.2829,28.9175#32.48#31.47#36.05
-93.2308,28.9169#32.46#31.43#36.11
-93.1788,28.9163#32.43#31.4#36.17
-93.1267,28.9156#32.41#31.36#36.23
-93.0747,28.915#32.38#31.32#36.3
-93.0226,28.9143#32.36#31.29#36.35
-92.9706,28.9137#32.34#31.25#36.41
-92.9186,28.913#32.33#31.2#36.47
-92.8665,28.9123#32.32#31.15#36.53
-92.8145,28.9116#32.31#31.1#36.59
-92.7624,28.9108#32.3#31.05#36.65
-92.7104,28.91#32.29#31#36.71
-92.6583,28.9093#32.28#30.95#36.77
-92.6063,28.9085#32.27#30.9#36.83
-92.5542,28.9077#32.26#30.85#36.89
-92.5022,28.9068#32.25#30.8#36.95
-92.4502,28.906#32.23#30.75#37.02
-92.3981,28.9051#32.21#30.69#37.1
-92.3461,28.9042#32.19#30.64#37.17
-92.2941,28.9033#32.17#30.59#37.24
-92.242,28.9024#32.15#30.53#37.32
-92.19,28.9015#32.13#30.48#37.39
-92.1379,28.9005#32.11#30.43#37.46
-99.7379,28.9001#29.22#34.6#36.18
-99.6859,28.9017#29.25#34.6#36.15
-99.6339,28.9032#29.28#34.61#36.11
-99.5819,28.9048#29.3#34.61#36.09
-99.5298,28.9063#29.33#34.61#36.06
-99.4778,28.9078#29.36#34.6#36.04
-99.4258,28.9093#29.41#34.58#36.01
-99.3738,28.9108#29.45#34.56#35.99
-99.3217,28.9123#29.49#34.54#35.97
-99.2697,28.9137#29.53#34.52#35.95
-99.2177,28.9151#29.57#34.49#35.94
-99.1657,28.9165#29.61#34.47#35.92
-99.1136,28.9179#29.65#34.45#35.9
-99.0616,28.9193#29.7#34.43#35.87
-99.0096,28.9207#29.74#34.41#35.85
-98.9575,28.922#29.76#34.38#35.86
-98.9055,28.9233#29.79#34.35#35.86
-98.8535,28.9246#29.81#34.31#35.88
-98.8014,28.9259#29.83#34.28#35.89
-98.7494,28.9272#29.86#34.25#35.89
-98.6974,28.9284#29.88#34.22#35.9
-98.6453,28.9297#29.9#34.19#35.91
-98.5933,28.9309#29.93#34.15#35.92
-98.5412,28.9321#29.95#34.12#35.93
-98.4892,28.9333#29.97#34.09#35.94
-98.4371,28.9344#29.98#34.05#35.97
-98.3851,28.9356#29.99#34.02#35.99
-98.3331,28.9367#30.01#33.98#36.01
-98.281,28.9378#30.02#33.94#36.04
-98.229,28.9389#30.03#33.9#36.07
-98.1769,28.94#30.04#33.87#36.09
-98.1249,28.941#30.06#33.83#36.11
-98.0728,28.9421#30.07#33.79#36.14
-98.0208,28.9431#30.08#33.76#36.16
-97.9687,28.9441#30.1#33.72#36.18
-97.9166,28.9451#30.12#33.69#36.19
-97.8646,28.9461#30.15#33.65#36.2
-97.8125,28.947#30.17#33.62#36.21
-97.7605,28.948#30.19#33.58#36.23
-97.7084,28.9489#30.22#33.55#36.23
-97.6564,28.9498#30.24#33.51#36.25
-97.6043,28.9507#30.27#33.48#36.25
-97.5522,28.9515#30.29#33.44#36.27
-97.5002,28.9524#30.31#33.41#36.28
-97.4481,28.9532#30.35#33.36#36.29
-97.3961,28.954#30.38#33.32#36.3
-97.344,28.9548#30.42#33.27#36.31
-97.2919,28.9556#30.46#33.22#36.32
-97.2399,28.9564#30.49#33.17#36.34
-97.1878,28.9571#30.53#33.13#36.34
-97.1357,28.9578#30.56#33.08#36.36
-97.0837,28.9585#30.6#33.04#36.36
-97.0316,28.9592#30.63#32.99#36.38
-96.9796,28.9599#30.67#32.95#36.38
-96.9275,28.9606#30.71#32.93#36.36
-96.8754,28.9612#30.76#32.9#36.34
-96.8233,28.9618#30.8#32.87#36.33
-96.7713,28.9624#30.84#32.85#36.31
-96.7192,28.963#30.88#32.82#36.3
-96.6671,28.9636#30.92#32.79#36.29
-96.6151,28.9641#30.96#32.77#36.27
-96.563,28.9647#31.01#32.74#36.25
-96.5109,28.9652#31.05#32.72#36.23
-96.4589,28.9657#31.1#32.7#36.2
-96.4068,28.9662#31.15#32.69#36.16
-96.3547,28.9666#31.2#32.68#36.12
-96.3026,28.9671#31.25#32.67#36.08
-96.2506,28.9675#31.29#32.66#36.05
-96.1985,28.9679#31.34#32.65#36.01
-96.1464,28.9683#31.39#32.64#35.97
-96.0943,28.9687#31.44#32.63#35.93
-96.0423,28.969#31.49#32.62#35.89
-95.9902,28.9694#31.54#32.61#35.85
-95.9381,28.9697#31.58#32.59#35.83
-95.886,28.97#31.62#32.57#35.81
-95.834,28.9703#31.67#32.56#35.77
-95.7819,28.9706#31.71#32.54#35.75
-95.7298,28.9708#31.75#32.53#35.72
-95.6777,28.9711#31.79#32.51#35.7
-95.6257,28.9713#31.83#32.49#35.68
-95.5736,28.9715#31.87#32.48#35.65
-95.5215,28.9717#31.91#32.46#35.63
-95.4694,28.9718#31.95#32.45#35.6
-95.4173,28.972#31.97#32.43#35.6
-95.3653,28.9721#32#32.41#35.59
-95.3132,28.9722#32.02#32.4#35.58
-95.2611,28.9723#32.05#32.38#35.57
-95.209,28.9724#32.08#32.36#35.56
-95.157,28.9725#32.1#32.35#35.55
-95.1049,28.9725#32.13#32.33#35.54
-95.0528,28.9725#32.15#32.31#35.54
-95.0007,28.9726#32.18#32.3#35.52
-94.9486,28.9725#32.21#32.28#35.51
-94.8966,28.9725#32.23#32.25#35.52
-94.8445,28.9725#32.25#32.23#35.52
-94.7924,28.9724#32.28#32.21#35.51
-94.7403,28.9723#32.3#32.19#35.51
-94.6883,28.9722#32.33#32.17#35.5
-94.6362,28.9721#32.35#32.15#35.5
-94.5841,28.972#32.38#32.13#35.49
-94.532,28.9718#32.4#32.11#35.49
-94.4799,28.9717#32.42#32.08#35.5
-94.4279,28.9715#32.44#32.06#35.5
-94.3758,28.9713#32.45#32.04#35.51
-94.3237,28.9711#32.46#32.01#35.53
-94.2716,28.9708#32.47#31.99#35.54
-94.2196,28.9706#32.49#31.96#35.55
-94.1675,28.9703#32.5#31.94#35.56
-94.1154,28.97#32.51#31.91#35.58
-94.0633,28.9697#32.52#31.89#35.59
-94.0113,28.9694#32.54#31.87#35.59
-93.9592,28.9691#32.55#31.84#35.61
-93.9071,28.9687#32.56#31.81#35.63
-93.855,28.9683#32.57#31.78#35.65
-93.803,28.9679#32.58#31.76#35.66
-93.7509,28.9675#32.6#31.73#35.67
-93.6988,28.9671#32.61#31.7#35.69
-93.6467,28.9666#32.62#31.67#35.71
-93.5947,28.9662#32.63#31.64#35.73
-93.5426,28.9657#32.64#31.62#35.74
-93.4905,28.9652#32.65#31.59#35.76
-93.4384,28.9647#32.63#31.55#35.82
-93.3864,28.9641#32.61#31.52#35.87
-93.3343,28.9636#32.59#31.48#35.93
-93.2822,28.963#32.57#31.45#35.98
-93.2302,28.9624#32.55#31.41#36.04
-93.1781,28.9618#32.53#31.38#36.09
-93.126,28.9612#32.51#31.34#36.15
-93.074,28.9606#32.48#31.31#36.21
-93.0219,28.9599#32.46#31.27#36.27
-92.9698,28.9593#32.45#31.23#36.32
-92.9178,28.9586#32.44#31.17#36.39
-92.8657,28.9579#32.43#31.12#36.45
-92.8136,28.9571#32.42#31.07#36.51
-92.7616,28.9564#32.41#31.02#36.57
-92.7095,28.9556#32.4#30.97#36.63
-92.6574,28.9548#32.39#30.91#36.7
-92.6054,28.954#32.38#30.86#36.76
-92.5533,28.9532#32.37#30.81#36.82
-92.5012,28.9524#32.36#30.76#36.88
-92.4492,28.9516#32.34#30.7#36.96
-92.3971,28.9507#32.32#30.65#37.03
-92.3451,28.9498#32.3#30.59#37.11
-92.293,28.9489#32.28#30.54#37.18
-92.241,28.948#32.26#30.48#37.26
-92.1889,28.947#32.24#30.42#37.34
-92.1368,28.9461#32.22#30.37#37.41
-92.0848,28.9451#32.2#30.31#37.49
-92.0327,28.9441#32.18#30.26#37.56
-91.9807,28.9431#32.16#30.21#37.63
-91.9286,28.9421#32.13#30.18#37.69
-91.8766,28.9411#32.11#30.14#37.75
-91.8245,28.94#32.09#30.11#37.8
-91.7725,28.9389#32.06#30.08#37.86
-91.7204,28.9378#32.04#30.04#37.92
-91.6684,28.9367#32.02#30.01#37.97
-91.6163,28.9356#31.99#29.98#38.03
-91.5643,28.9345#31.97#29.94#38.09
-91.5122,28.9333#31.94#29.91#38.15
-91.4602,28.9321#31.93#29.89#38.18
-91.4082,28.9309#31.92#29.88#38.2
-91.3561,28.9297#31.91#29.87#38.22
-91.3041,28.9285#31.9#29.86#38.24
-91.252,28.9272#31.88#29.85#38.27
-91.2,28.9259#31.87#29.84#38.29
-91.148,28.9247#31.86#29.83#38.31
-91.0959,28.9234#31.85#29.82#38.33
-91.0439,28.922#31.84#29.8#38.36
-90.9919,28.9207#31.82#29.79#38.39
-90.9398,28.9193#31.81#29.78#38.41
-90.8878,28.918#31.8#29.78#38.42
-90.8358,28.9166#31.79#29.77#38.44
-90.7837,28.9152#31.78#29.76#38.46
-90.7317,28.9137#31.77#29.75#38.48
-90.6797,28.9123#31.76#29.75#38.49
-90.6277,28.9108#31.75#29.74#38.51
-90.5756,28.9094#31.74#29.73#38.53
-90.5236,28.9079#31.73#29.72#38.55
-90.4716,28.9064#31.72#29.71#38.57
-90.4196,28.9048#31.71#29.7#38.59
-90.3676,28.9033#31.71#29.69#38.6
-90.3155,28.9017#31.7#29.68#38.62
-90.2635,28.9001#31.7#29.67#38.63
-101.04,28.9004#29.01#34.01#36.98
-100.988,28.9024#29.01#34.04#36.95
-100.936,28.9044#29.02#34.08#36.9
-100.884,28.9064#29.02#34.12#36.86
-100.832,28.9083#29.02#34.16#36.82
-100.78,28.9103#29.03#34.2#36.77
-100.728,28.9122#29.03#34.24#36.73
-100.676,28.9141#29.04#34.28#36.68
-100.624,28.916#29.04#34.31#36.65
-100.572,28.9179#29.04#34.35#36.61
-100.52,28.9198#29.05#34.39#36.56
-100.468,28.9216#29.05#34.42#36.53
-100.416,28.9235#29.06#34.44#36.5
-100.364,28.9253#29.07#34.46#36.47
-100.312,28.9271#29.07#34.48#36.45
-100.26,28.9288#29.08#34.5#36.42
-100.208,28.9306#29.09#34.52#36.39
-100.156,28.9323#29.1#34.55#36.35
-100.104,28.9341#29.1#34.57#36.33
-100.052,28.9358#29.11#34.59#36.3
-99.9999,28.9375#29.12#34.61#36.27
-99.9479,28.9391#29.15#34.61#36.24
-99.8958,28.9408#29.17#34.61#36.22
-99.8438,28.9424#29.2#34.61#36.19
-99.7918,28.944#29.23#34.61#36.16
-99.7397,28.9456#29.26#34.61#36.13
-99.6877,28.9472#29.29#34.61#36.1
-99.6357,28.9488#29.32#34.61#36.07
-99.5836,28.9503#29.34#34.6#36.06
-99.5316,28.9519#29.37#34.6#36.03
-99.4795,28.9534#29.41#34.59#36
-99.4275,28.9549#29.45#34.57#35.98
-99.3755,28.9564#29.49#34.55#35.96
-99.3234,28.9578#29.53#34.53#35.94
-99.2714,28.9593#29.57#34.5#35.93
-99.2193,28.9607#29.61#34.48#35.91
-99.1673,28.9621#29.65#34.46#35.89
-99.1152,28.9635#29.7#34.43#35.87
-99.0632,28.9649#29.74#34.41#35.85
-99.0111,28.9662#29.78#34.39#35.83
-98.9591,28.9676#29.81#34.36#35.83
-98.907,28.9689#29.83#34.32#35.85
-98.8549,28.9702#29.86#34.29#35.85
-98.8029,28.9715#29.88#34.26#35.86
-98.7508,28.9727#29.9#34.23#35.87
-98.6988,28.974#29.93#34.19#35.88
-98.6467,28.9752#29.95#34.16#35.89
-98.5947,28.9764#29.98#34.13#35.89
-98.5426,28.9776#30#34.1#35.9
-98.4905,28.9788#30.02#34.06#35.92
-98.4385,28.98#30.04#34.03#35.93
-98.3864,28.9811#30.05#33.99#35.96
-98.3343,28.9823#30.06#33.95#35.99
-98.2823,28.9834#30.08#33.92#36
-98.2302,28.9845#30.09#33.88#36.03
-98.1781,28.9855#30.1#33.84#36.06
-98.1261,28.9866#30.12#33.81#36.07
-98.074,28.9876#30.13#33.77#36.1
-98.0219,28.9887#30.14#33.73#36.13
-97.9698,28.9897#30.16#33.7#36.14
-97.9178,28.9907#30.19#33.66#36.15
-97.8657,28.9916#30.21#33.62#36.17
-97.8136,28.9926#30.24#33.59#36.17
-97.7615,28.9935#30.26#33.55#36.19
-97.7095,28.9944#30.29#33.51#36.2
-97.6574,28.9953#30.31#33.47#36.22
-97.6053,28.9962#30.34#33.44#36.22
-97.5532,28.9971#30.36#33.4#36.24
-97.5012,28.9979#30.39#33.36#36.25
-97.4491,28.9988#30.42#33.32#36.26
-97.397,28.9996#30.46#33.27#36.27
-97.3449,29.0004#30.49#33.23#36.28
-97.2928,29.0012#30.53#33.19#36.28
-97.2407,29.0019#30.57#33.14#36.29
-97.1887,29.0027#30.6#33.1#36.3
-97.1366,29.0034#30.64#33.06#36.3
-97.0845,29.0041#30.67#33.02#36.31
-97.0324,29.0048#30.71#32.97#36.32
-96.9803,29.0055#30.75#32.94#36.31
-96.9282,29.0061#30.79#32.91#36.3
-96.8761,29.0068#30.83#32.89#36.28
-96.824,29.0074#30.88#32.86#36.26
-96.772,29.008#30.92#32.84#36.24
-96.7199,29.0086#30.96#32.82#36.22
-96.6678,29.0092#31#32.79#36.21
-96.6157,29.0097#31.04#32.77#36.19
-96.5636,29.0102#31.09#32.74#36.17
-96.5115,29.0108#31.13#32.72#36.15
-96.4594,29.0113#31.18#32.7#36.12
-96.4073,29.0117#31.23#32.69#36.08
-96.3552,29.0122#31.28#32.68#36.04
-96.3031,29.0127#31.33#32.67#36
-96.251,29.0131#31.38#32.66#35.96
-96.1989,29.0135#31.44#32.65#35.91
-96.1469,29.0139#31.49#32.63#35.88
-96.0948,29.0143#31.54#32.62#35.84
-96.0427,29.0146#31.59#32.61#35.8
-95.9906,29.015#31.64#32.6#35.76
-95.9385,29.0153#31.68#32.58#35.74
-95.8864,29.0156#31.72#32.57#35.71
-95.8343,29.0159#31.76#32.55#35.69
-95.7822,29.0162#31.8#32.53#35.67
-95.7301,29.0164#31.84#32.52#35.64
-95.678,29.0166#31.88#32.5#35.62
-95.6259,29.0169#31.92#32.49#35.59
-95.5738,29.0171#31.96#32.47#35.57
-95.5217,29.0172#32#32.45#35.55
-95.4696,29.0174#32.03#32.44#35.53
-95.4175,29.0176#32.05#32.42#35.53
-95.3654,29.0177#32.08#32.4#35.52
-95.3133,29.0178#32.1#32.39#35.51
-95.2612,29.0179#32.13#32.37#35.5
-95.2091,29.018#32.15#32.35#35.5
-95.157,29.018#32.18#32.33#35.49
-95.1049,29.0181#32.2#32.32#35.48
-95.0528,29.0181#32.23#32.3#35.47
-95.0007,29.0181#32.25#32.28#35.47
-94.9486,29.0181#32.28#32.26#35.46
-94.8965,29.0181#32.3#32.24#35.46
-94.8444,29.018#32.32#32.22#35.46
-94.7923,29.018#32.35#32.2#35.45
-94.7402,29.0179#32.37#32.18#35.45
-94.6881,29.0178#32.39#32.15#35.46
-94.636,29.0177#32.42#32.13#35.45
-94.5839,29.0176#32.44#32.11#35.45
-94.5318,29.0174#32.47#32.09#35.44
-94.4797,29.0173#32.48#32.07#35.45
-94.4276,29.0171#32.5#32.04#35.46
-94.3755,29.0169#32.51#32.02#35.47
-94.3234,29.0167#32.52#31.99#35.49
-94.2714,29.0164#32.53#31.97#35.5
-94.2193,29.0162#32.55#31.94#35.51
-94.1672,29.0159#32.56#31.92#35.52
-94.1151,29.0156#32.57#31.9#35.53
-94.063,29.0153#32.58#31.87#35.55
-94.0109,29.015#32.6#31.85#35.55
-93.9588,29.0146#32.61#31.82#35.57
-93.9067,29.0143#32.62#31.79#35.59
-93.8546,29.0139#32.64#31.76#35.6
-93.8025,29.0135#32.65#31.74#35.61
-93.7504,29.0131#32.66#31.71#35.63
-93.6983,29.0127#32.68#31.68#35.64
-93.6462,29.0122#32.69#31.65#35.66
-93.5941,29.0118#32.7#31.63#35.67
-93.542,29.0113#32.71#31.6#35.69
-93.4899,29.0108#32.72#31.57#35.71
-93.4378,29.0103#32.71#31.53#35.76
-93.3858,29.0097#32.69#31.5#35.81
-93.3337,29.0092#32.67#31.46#35.87
-93.2816,29.0086#32.66#31.43#35.91
-93.2295,29.008#32.64#31.39#35.97
-93.1774,29.0074#32.62#31.36#36.02
-93.1253,29.0068#32.6#31.32#36.08
-93.0732,29.0062#32.59#31.29#36.12
-93.0211,29.0055#32.57#31.25#36.18
-92.969,29.0048#32.56#31.21#36.23
-92.917,29.0041#32.55#31.15#36.3
-92.8649,29.0034#32.54#31.1#36.36
-92.8128,29.0027#32.53#31.04#36.43
-92.7607,29.002#32.52#30.99#36.49
-92.7086,29.0012#32.51#30.94#36.55
-92.6565,29.0004#32.5#30.88#36.62
-92.6045,28.9996#32.49#30.83#36.68
-92.5524,28.9988#32.48#30.77#36.75
-92.5003,28.998#32.47#30.72#36.81
-92.4482,28.9971#32.45#30.66#36.89
-92.3961,28.9963#32.43#30.6#36.97
-92.3441,28.9954#32.41#30.54#37.05
-92.292,28.9945#32.39#30.48#37.13
-92.2399,28.9936#32.37#30.43#37.2
-92.1878,28.9926#32.35#30.37#37.28
-92.1357,28.9917#32.33#30.31#37.36
-92.0837,28.9907#32.31#30.25#37.44
-92.0316,28.9897#32.29#30.19#37.52
-91.9795,28.9887#32.27#30.15#37.58
-91.9275,28.9877#32.24#30.12#37.64
-91.8754,28.9866#32.22#30.09#37.69
-91.8233,28.9856#32.2#30.06#37.74
-91.7712,28.9845#32.17#30.03#37.8
-91.7192,28.9834#32.15#29.99#37.86
-91.6671,28.9823#32.13#29.96#37.91
-91.615,28.9812#32.1#29.93#37.97
-91.563,28.98#32.08#29.9#38.02
-91.5109,28.9789#32.06#29.87#38.07
-91.4588,28.9777#32.04#29.86#38.1
-91.4068,28.9765#32.03#29.85#38.12
-91.3547,28.9753#32.02#29.85#38.13
-91.3027,28.974#32.01#29.84#38.15
-91.2506,28.9728#31.99#29.83#38.18
-91.1985,28.9715#31.98#29.83#38.19
-91.1465,28.9702#31.97#29.82#38.21
-91.0944,28.9689#31.96#29.81#38.23
-91.0424,28.9676#31.95#29.8#38.25
-90.9903,28.9663#31.93#29.8#38.27
-90.9383,28.9649#31.92#29.79#38.29
-90.8862,28.9635#31.91#29.78#38.31
-90.8342,28.9621#31.9#29.78#38.32
-90.7821,28.9607#31.89#29.77#38.34
-90.7301,28.9593#31.88#29.77#38.35
-90.678,28.9579#31.87#29.76#38.37
-90.626,28.9564#31.86#29.75#38.39
-90.5739,28.9549#31.85#29.75#38.4
-90.5219,28.9534#31.84#29.74#38.42
-90.4699,28.9519#31.83#29.73#38.44
-90.4178,28.9504#31.83#29.72#38.45
-90.3658,28.9488#31.82#29.71#38.47
-90.3137,28.9473#31.82#29.71#38.47
-90.2617,28.9457#31.81#29.7#38.49
-90.2097,28.9441#31.81#29.69#38.5
-90.1576,28.9425#31.8#29.68#38.52
-90.1056,28.9408#31.79#29.67#38.54
-90.0536,28.9392#31.79#29.66#38.55
-90.0016,28.9375#31.78#29.65#38.57
-89.9495,28.9358#31.78#29.64#38.58
-89.8975,28.9341#31.78#29.62#38.6
-89.8455,28.9324#31.78#29.61#38.61
-89.7935,28.9306#31.77#29.6#38.63
-89.7414,28.9289#31.77#29.59#38.64
-89.6894,28.9271#31.77#29.58#38.65
-89.6374,28.9253#31.77#29.57#38.66
-89.5854,28.9235#31.76#29.56#38.68
-89.5334,28.9217#31.76#29.55#38.69
-89.4814,28.9198#31.76#29.55#38.69
-89.4293,28.918#31.75#29.57#38.68
-89.3773,28.9161#31.74#29.58#38.68
-89.3253,28.9142#31.73#29.59#38.68
-89.2733,28.9123#31.73#29.61#38.66
-89.2213,28.9103#31.72#29.62#38.66
-89.1693,28.9084#31.71#29.64#38.65
-89.1173,28.9064#31.7#29.65#38.65
-89.0653,28.9044#31.69#29.67#38.64
-89.0133,28.9024#31.69#29.68#38.63
-88.9613,28.9004#31.68#29.72#38.6
-102.082,28.9018#29.24#33.57#37.19
-102.03,28.9042#29.19#33.52#37.29
-101.978,28.9065#29.16#33.51#37.33
-101.926,28.9089#29.15#33.54#37.31
-101.874,28.9112#29.14#33.58#37.28
-101.822,28.9135#29.13#33.62#37.25
-101.77,28.9158#29.12#33.65#37.23
-101.718,28.918#29.11#33.69#37.2
-101.666,28.9203#29.1#33.72#37.18
-101.614,28.9225#29.09#33.76#37.15
-101.562,28.9247#29.08#33.79#37.13
-101.51,28.9269#29.07#33.83#37.1
-101.458,28.9291#29.07#33.86#37.07
-101.406,28.9313#29.06#33.89#37.05
-101.354,28.9334#29.06#33.92#37.02
-101.302,28.9355#29.06#33.94#37
-101.25,28.9376#29.06#33.97#36.97
-101.198,28.9397#29.06#34#36.94
-101.146,28.9418#29.05#34.03#36.92
-101.094,28.9439#29.05#34.06#36.89
-101.042,28.9459#29.05#34.09#36.86
-100.99,28.9479#29.05#34.12#36.83
-100.938,28.9499#29.05#34.15#36.8
-100.886,28.9519#29.06#34.19#36.75
-100.834,28.9539#29.06#34.22#36.72
-100.782,28.9558#29.07#34.26#36.67
-100.73,28.9578#29.07#34.29#36.64
-100.678,28.9597#29.07#34.33#36.6
-100.626,28.9616#29.08#34.36#36.56
-100.574,28.9635#29.08#34.4#36.52
-100.522,28.9653#29.09#34.43#36.48
-100.47,28.9672#29.09#34.46#36.45
-100.418,28.969#29.1#34.48#36.42
-100.366,28.9708#29.11#34.5#36.39
-100.314,28.9726#29.11#34.52#36.37
-100.262,28.9744#29.12#34.54#36.34
-100.21,28.9761#29.13#34.55#36.32
-100.158,28.9779#29.14#34.57#36.29
-100.106,28.9796#29.14#34.59#36.27
-100.054,28.9813#29.15#34.61#36.24
-100.002,28.983#29.16#34.63#36.21
-99.9498,28.9847#29.19#34.63#36.18
-99.8977,28.9863#29.21#34.62#36.17
-99.8457,28.988#29.24#34.62#36.14
-99.7936,28.9896#29.27#34.62#36.11
-99.7415,28.9912#29.3#34.61#36.09
-99.6895,28.9928#29.33#34.61#36.06
-99.6374,28.9943#29.36#34.61#36.03
-99.5854,28.9959#29.38#34.6#36.02
-99.5333,28.9974#29.41#34.6#35.99
-99.4813,28.9989#29.45#34.59#35.96
-99.4292,29.0004#29.49#34.56#35.95
-99.3771,29.0019#29.53#34.54#35.93
-99.3251,29.0034#29.57#34.51#35.92
-99.273,29.0048#29.61#34.49#35.9
-99.2209,29.0062#29.65#34.47#35.88
-99.1689,29.0077#29.7#34.44#35.86
-99.1168,29.009#29.74#34.42#35.84
-99.0647,29.0104#29.78#34.39#35.83
-99.0127,29.0118#29.82#34.37#35.81
-98.9606,29.0131#29.85#34.34#35.81
-98.9085,29.0144#29.88#34.3#35.82
-98.8564,29.0157#29.9#34.27#35.83
-98.8044,29.017#29.93#34.24#35.83
-98.7523,29.0183#29.95#34.2#35.85
-98.7002,29.0195#29.98#34.17#35.85
-98.6481,29.0208#30#34.14#35.86
-98.596,29.022#30.03#34.1#35.87
-98.544,29.0232#30.05#34.07#35.88
-98.4919,29.0244#30.08#34.04#35.88
-98.4398,29.0255#30.09#34#35.91
-98.3877,29.0267#30.11#33.96#35.93
-98.3356,29.0278#30.12#33.93#35.95
-98.2835,29.0289#30.13#33.89#35.98
-98.2314,29.03#30.15#33.85#36
-98.1794,29.0311#30.16#33.82#36.02
-98.1273,29.0322#30.18#33.78#36.04
-98.0752,29.0332#30.19#33.75#36.06
-98.0231,29.0342#30.21#33.71#36.08
-97.971,29.0352#30.23#33.67#36.1
-97.9189,29.0362#30.25#33.63#36.12
-97.8668,29.0372#30.28#33.59#36.13
-97.8147,29.0382#30.31#33.55#36.14
-97.7626,29.0391#30.33#33.51#36.16
-97.7105,29.04#30.36#33.47#36.17
-97.6584,29.0409#30.38#33.43#36.19
-97.6063,29.0418#30.41#33.39#36.2
-97.5542,29.0427#30.43#33.35#36.22
-97.5021,29.0435#30.46#33.31#36.23
-97.45,29.0443#30.49#33.27#36.24
-97.3979,29.0452#30.53#33.23#36.24
-97.3458,29.046#30.57#33.19#36.24
-97.2937,29.0467#30.6#33.15#36.25
-97.2416,29.0475#30.64#33.11#36.25
-97.1895,29.0482#30.68#33.07#36.25
-97.1374,29.049#30.71#33.04#36.25
-97.0853,29.0497#30.75#33#36.25
-97.0332,29.0504#30.79#32.96#36.25
-96.9811,29.051#30.83#32.92#36.25
-96.929,29.0517#30.87#32.9#36.23
-96.8769,29.0523#30.91#32.88#36.21
-96.8247,29.053#30.95#32.86#36.19
-96.7726,29.0536#31#32.83#36.17
-96.7205,29.0542#31.04#32.81#36.15
-96.6684,29.0547#31.08#32.79#36.13
-96.6163,29.0553#31.12#32.77#36.11
-96.5642,29.0558#31.17#32.74#36.09
-96.5121,29.0563#31.21#32.72#36.07
-96.46,29.0568#31.26#32.71#36.03
-96.4079,29.0573#31.31#32.69#36
-96.3557,29.0578#31.37#32.68#35.95
-96.3036,29.0582#31.42#32.67#35.91
-96.2515,29.0587#31.47#32.65#35.88
-96.1994,29.0591#31.53#32.64#35.83
-96.1473,29.0595#31.58#32.63#35.79
-96.0952,29.0598#31.63#32.62#35.75
-96.0431,29.0602#31.69#32.6#35.71
-95.9909,29.0605#31.74#32.59#35.67
-95.9388,29.0609#31.77#32.57#35.66
-95.8867,29.0612#31.81#32.56#35.63
-95.8346,29.0615#31.85#32.54#35.61
-95.7825,29.0617#31.89#32.53#35.58
-95.7304,29.062#31.93#32.51#35.56
-95.6783,29.0622#31.96#32.49#35.55
-95.6261,29.0624#32#32.48#35.52
-95.574,29.0626#32.04#32.46#35.5
-95.5219,29.0628#32.08#32.45#35.47
-95.4698,29.063#32.11#32.43#35.46
-95.4177,29.0631#32.13#32.41#35.46
-95.3655,29.0633#32.16#32.39#35.45
-95.3134,29.0634#32.18#32.38#35.44
-95.2613,29.0635#32.21#32.36#35.43
-95.2092,29.0636#32.23#32.34#35.43
-95.1571,29.0636#32.25#32.32#35.43
-95.105,29.0637#32.28#32.31#35.41
-95.0528,29.0637#32.3#32.29#35.41
-95.0007,29.0637#32.33#32.27#35.4
-94.9486,29.0637#32.35#32.25#35.4
-94.8965,29.0637#32.37#32.23#35.4
-94.8444,29.0636#32.39#32.2#35.41
-94.7922,29.0636#32.42#32.18#35.4
-94.7401,29.0635#32.44#32.16#35.4
-94.688,29.0634#32.46#32.14#35.4
-94.6359,29.0633#32.48#32.12#35.4
-94.5838,29.0631#32.5#32.1#35.4
-94.5317,29.063#32.53#32.07#35.4
-94.4795,29.0628#32.55#32.05#35.4
-94.4274,29.0626#32.56#32.03#35.41
-94.3753,29.0624#32.57#32#35.43
-94.3232,29.0622#32.58#31.98#35.44
-94.2711,29.062#32.6#31.95#35.45
-94.219,29.0617#32.61#31.93#35.46
-94.1668,29.0615#32.62#31.9#35.48
-94.1147,29.0612#32.63#31.88#35.49
-94.0626,29.0609#32.65#31.85#35.5
-94.0105,29.0605#32.66#31.83#35.51
-93.9584,29.0602#32.67#31.8#35.53
-93.9063,29.0598#32.69#31.77#35.54
-93.8541,29.0595#32.7#31.75#35.55
-93.802,29.0591#32.72#31.72#35.56
-93.7499,29.0587#32.73#31.69#35.58
-93.6978,29.0582#32.74#31.66#35.6
-93.6457,29.0578#32.76#31.63#35.61
-93.5936,29.0573#32.77#31.61#35.62
-93.5415,29.0568#32.79#31.58#35.63
-93.4894,29.0563#32.79#31.55#35.66
-93.4372,29.0558#32.78#31.51#35.71
-93.3851,29.0553#32.77#31.48#35.75
-93.333,29.0547#32.76#31.44#35.8
-93.2809,29.0542#32.74#31.41#35.85
-93.2288,29.0536#32.73#31.37#35.9
-93.1767,29.053#32.72#31.34#35.94
-93.1246,29.0524#32.7#31.3#36
-93.0725,29.0517#32.69#31.27#36.04
-93.0204,29.0511#32.68#31.23#36.09
-92.9683,29.0504#32.67#31.19#36.14
-92.9162,29.0497#32.66#31.13#36.21
-92.864,29.049#32.65#31.07#36.28
-92.8119,29.0483#32.64#31.02#36.34
-92.7598,29.0475#32.63#30.96#36.41
-92.7077,29.0468#32.62#30.9#36.48
-92.6556,29.046#32.61#30.85#36.54
-92.6035,29.0452#32.6#30.79#36.61
-92.5514,29.0444#32.59#30.74#36.67
-92.4993,29.0435#32.58#30.68#36.74
-92.4472,29.0427#32.56#30.62#36.82
-92.3951,29.0418#32.54#30.56#36.9
-92.343,29.0409#32.52#30.5#36.98
-92.2909,29.04#32.5#30.43#37.07
-92.2388,29.0391#32.48#30.37#37.15
-92.1867,29.0382#32.46#30.31#37.23
-92.1346,29.0372#32.44#30.25#37.31
-92.0825,29.0363#32.42#30.19#37.39
-92.0305,29.0353#32.4#30.13#37.47
-91.9784,29.0343#32.38#30.08#37.54
-91.9263,29.0332#32.35#30.06#37.59
-91.8742,29.0322#32.33#30.03#37.64
-91.8221,29.0311#32.31#30#37.69
-91.77,29.0301#32.29#29.97#37.74
-91.7179,29.029#32.26#29.95#37.79
-91.6658,29.0279#32.24#29.92#37.84
-91.6137,29.0267#32.22#29.89#37.89
-91.5617,29.0256#32.19#29.86#37.95
-91.5096,29.0244#32.17#29.83#38
-91.4575,29.0232#32.15#29.83#38.02
-91.4054,29.022#32.14#29.82#38.04
-91.3533,29.0208#32.13#29.82#38.05
-91.3012,29.0196#32.12#29.82#38.06
-91.2492,29.0183#32.11#29.82#38.07
-91.1971,29.0171#32.09#29.81#38.1
-91.145,29.0158#32.08#29.81#38.11
-91.0929,29.0145#32.07#29.81#38.12
-91.0409,29.0132#32.05#29.8#38.15
-90.9888,29.0118#32.04#29.8#38.16
-90.9367,29.0105#32.03#29.8#38.17
-90.8846,29.0091#32.02#29.79#38.19
-90.8326,29.0077#32.01#29.79#38.2
-90.7805,29.0063#32.01#29.78#38.21
-90.7284,29.0049#32#29.78#38.22
-90.6764,29.0034#31.99#29.78#38.23
-90.6243,29.0019#31.98#29.77#38.25
-90.5722,29.0005#31.97#29.77#38.26
-90.5202,28.999#31.96#29.76#38.28
-90.4681,28.9975#31.95#29.76#38.29
-90.4161,28.9959#31.94#29.75#38.31
-90.364,28.9944#31.94#29.74#38.32
-90.3119,28.9928#31.93#29.73#38.34
-90.2599,28.9912#31.93#29.72#38.35
-90.2078,28.9896#31.92#29.71#38.37
-90.1558,28.988#31.92#29.71#38.37
-90.1037,28.9864#31.91#29.7#38.39
-90.0517,28.9847#31.91#29.69#38.4
-89.9996,28.983#31.9#29.68#38.42
-89.9476,28.9814#31.9#29.67#38.43
-89.8955,28.9797#31.9#29.65#38.45
-89.8435,28.9779#31.9#29.64#38.46
-89.7915,28.9762#31.89#29.63#38.48
-89.7394,28.9744#31.89#29.61#38.5
-89.6874,28.9727#31.89#29.6#38.51
-89.6353,28.9709#31.89#29.59#38.52
-89.5833,28.969#31.89#29.58#38.53
-89.5313,28.9672#31.88#29.57#38.55
-89.4792,28.9654#31.88#29.56#38.56
-89.4272,28.9635#31.87#29.57#38.56
-89.3752,28.9616#31.87#29.58#38.55
-89.3232,28.9597#31.86#29.59#38.55
-89.2711,28.9578#31.85#29.6#38.55
-89.2191,28.9559#31.85#29.61#38.54
-89.1671,28.9539#31.84#29.63#38.53
-89.1151,28.952#31.83#29.64#38.53
-89.063,28.95#31.83#29.65#38.52
-89.011,28.948#31.82#29.66#38.52
-88.959,28.946#31.82#29.69#38.49
-88.907,28.9439#31.82#29.73#38.45
-88.855,28.9419#31.82#29.77#38.41
-88.803,28.9398#31.82#29.81#38.37
-88.751,28.9377#31.82#29.84#38.34
-88.699,28.9356#31.81#29.88#38.31
-88.6469,28.9335#31.81#29.92#38.27
-88.5949,28.9313#31.81#29.96#38.23
-88.5429,28.9292#31.81#30#38.19
-88.4909,28.927#31.81#30.04#38.15
-88.4389,28.9248#31.81#30.07#38.12
-88.387,28.9226#31.81#30.11#38.08
-88.335,28.9203#31.82#30.14#38.04
-88.283,28.9181#31.82#30.17#38.01
-88.231,28.9158#31.82#30.21#37.97
-88.179,28.9135#31.82#30.25#37.93
-88.127,28.9112#31.82#30.28#37.9
-88.075,28.9089#31.82#30.32#37.86
-88.023,28.9066#31.82#30.35#37.83
-87.9711,28.9042#31.82#30.38#37.8
-87.9191,28.9019#31.82#30.38#37.8
-103.021,28.9017#30.02#34.57#35.41
-102.969,28.9043#29.99#34.52#35.49
-102.917,28.907#29.95#34.47#35.58
-102.865,28.9097#29.9#34.42#35.68
-102.813,28.9123#29.86#34.37#35.77
-102.761,28.9149#29.82#34.31#35.87
-102.709,28.9175#29.77#34.26#35.97
-102.657,28.9201#29.73#34.21#36.06
-102.605,28.9226#29.69#34.16#36.15
-102.553,28.9252#29.64#34.11#36.25
-102.501,28.9277#29.6#34.06#36.34
-102.449,28.9302#29.56#34.01#36.43
-102.397,28.9327#29.51#33.97#36.52
-102.345,28.9352#29.47#33.92#36.61
-102.293,28.9377#29.43#33.87#36.7
-102.241,28.9401#29.38#33.83#36.79
-102.189,28.9425#29.34#33.78#36.88
-102.137,28.9449#29.3#33.74#36.96
-102.085,28.9473#29.26#33.69#37.05
-102.033,28.9497#29.22#33.65#37.13
-101.981,28.952#29.19#33.63#37.18
-101.929,28.9544#29.18#33.67#37.15
-101.877,28.9567#29.17#33.7#37.13
-101.825,28.959#29.16#33.73#37.11
-101.773,28.9613#29.15#33.76#37.09
-101.721,28.9636#29.14#33.79#37.07
-101.669,28.9658#29.13#33.82#37.05
-101.617,28.968#29.12#33.86#37.02
-101.565,28.9702#29.11#33.89#37
-101.513,28.9724#29.1#33.92#36.98
-101.461,28.9746#29.1#33.94#36.96
-101.409,28.9768#29.09#33.97#36.94
-101.357,28.9789#29.09#34#36.91
-101.305,28.9811#29.09#34.03#36.88
-101.253,28.9832#29.09#34.05#36.86
-101.201,28.9853#29.09#34.08#36.83
-101.149,28.9873#29.09#34.11#36.8
-101.097,28.9894#29.09#34.13#36.78
-101.045,28.9914#29.09#34.16#36.75
-100.993,28.9935#29.08#34.19#36.73
-100.941,28.9955#29.09#34.22#36.69
-100.889,28.9974#29.09#34.25#36.66
-100.837,28.9994#29.1#34.29#36.61
-100.785,29.0014#29.1#34.32#36.58
-100.733,29.0033#29.11#34.35#36.54
-100.68,29.0052#29.11#34.38#36.51
-100.628,29.0071#29.11#34.42#36.47
-100.576,29.009#29.12#34.45#36.43
-100.524,29.0109#29.12#34.48#36.4
-100.472,29.0127#29.13#34.5#36.37
-100.42,29.0145#29.14#34.52#36.34
-100.368,29.0164#29.14#34.54#36.32
-100.316,29.0181#29.15#34.55#36.3
-100.264,29.0199#29.16#34.57#36.27
-100.212,29.0217#29.17#34.59#36.24
-100.16,29.0234#29.18#34.6#36.22
-100.108,29.0251#29.18#34.62#36.2
-100.056,29.0269#29.19#34.63#36.18
-100.004,29.0285#29.2#34.65#36.15
-99.9517,29.0302#29.23#34.64#36.13
-99.8996,29.0319#29.25#34.64#36.11
-99.8475,29.0335#29.28#34.63#36.09
-99.7954,29.0351#29.31#34.63#36.06
-99.7434,29.0367#29.34#34.62#36.04
-99.6913,29.0383#29.37#34.61#36.02
-99.6392,29.0399#29.4#34.61#35.99
-99.5871,29.0414#29.42#34.6#35.98
-99.5351,29.043#29.45#34.59#35.96
-99.483,29.0445#29.49#34.58#35.93
-99.4309,29.046#29.53#34.55#35.92
-99.3788,29.0475#29.57#34.53#35.9
-99.3267,29.0489#29.61#34.5#35.89
-99.2746,29.0504#29.65#34.48#35.87
-99.2226,29.0518#29.7#34.45#35.85
-99.1705,29.0532#29.74#34.43#35.83
-99.1184,29.0546#29.78#34.4#35.82
-99.0663,29.056#29.82#34.37#35.81
-99.0142,29.0573#29.86#34.35#35.79
-98.9621,29.0587#29.89#34.32#35.79
-98.91,29.06#29.92#34.28#35.8
-98.8579,29.0613#29.95#34.25#35.8
-98.8058,29.0626#29.97#34.21#35.82
-98.7537,29.0639#30#34.18#35.82
-98.7016,29.0651#30.03#34.15#35.82
-98.6495,29.0663#30.05#34.11#35.84
-98.5974,29.0676#30.08#34.08#35.84
-98.5453,29.0688#30.1#34.04#35.86
-98.4932,29.0699#30.13#34.01#35.86
-98.4411,29.0711#30.15#33.97#35.88
-98.389,29.0723#30.16#33.94#35.9
-98.3369,29.0734#30.18#33.9#35.92
-98.2848,29.0745#30.19#33.87#35.94
-98.2327,29.0756#30.21#33.83#35.96
-98.1806,29.0767#30.22#33.79#35.99
-98.1285,29.0777#30.24#33.76#36
-98.0764,29.0788#30.26#33.72#36.02
-98.0242,29.0798#30.27#33.69#36.04
-97.9721,29.0808#30.29#33.65#36.06
-97.92,29.0818#30.32#33.61#36.07
-97.8679,29.0828#30.35#33.56#36.09
-97.8158,29.0837#30.37#33.52#36.11
-97.7637,29.0847#30.4#33.48#36.12
-97.7116,29.0856#30.43#33.44#36.13
-97.6594,29.0865#30.45#33.39#36.16
-97.6073,29.0874#30.48#33.35#36.17
-97.5552,29.0882#30.5#33.31#36.19
-97.5031,29.0891#30.53#33.27#36.2
-97.451,29.0899#30.57#33.23#36.2
-97.3988,29.0907#30.6#33.19#36.21
-97.3467,29.0915#30.64#33.16#36.2
-97.2946,29.0923#30.68#33.12#36.2
-97.2425,29.0931#30.71#33.08#36.21
-97.1903,29.0938#30.75#33.05#36.2
-97.1382,29.0945#30.79#33.01#36.2
-97.0861,29.0952#30.83#32.98#36.19
-97.034,29.0959#30.86#32.94#36.2
-96.9818,29.0966#30.9#32.91#36.19
-96.9297,29.0973#30.95#32.89#36.16
-96.8776,29.0979#30.99#32.87#36.14
-96.8255,29.0985#31.03#32.85#36.12
-96.7733,29.0991#31.07#32.83#36.1
-96.7212,29.0997#31.12#32.81#36.07
-96.6691,29.1003#31.16#32.79#36.05
-96.6169,29.1008#31.2#32.76#36.04
-96.5648,29.1014#31.25#32.74#36.01
-96.5127,29.1019#31.29#32.72#35.99
-96.4605,29.1024#31.34#32.71#35.95
-96.4084,29.1029#31.4#32.69#35.91
-96.3563,29.1033#31.45#32.68#35.87
-96.3041,29.1038#31.51#32.67#35.82
-96.252,29.1042#31.56#32.65#35.79
-96.1999,29.1046#31.62#32.64#35.74
-96.1477,29.105#31.67#32.62#35.71
-96.0956,29.1054#31.73#32.61#35.66
-96.0435,29.1058#31.78#32.6#35.62
-95.9913,29.1061#31.83#32.58#35.59
-95.9392,29.1064#31.87#32.56#35.57
-95.8871,29.1067#31.91#32.55#35.54
-95.8349,29.107#31.94#32.53#35.53
-95.7828,29.1073#31.98#32.52#35.5
-95.7306,29.1076#32.02#32.5#35.48
-95.6785,29.1078#32.05#32.48#35.47
-95.6264,29.108#32.09#32.47#35.44
-95.5742,29.1082#32.12#32.45#35.43
-95.5221,29.1084#32.16#32.44#35.4
-95.47,29.1086#32.19#32.42#35.39
-95.4178,29.1087#32.21#32.4#35.39
-95.3657,29.1088#32.24#32.38#35.38
-95.3135,29.109#32.26#32.37#35.37
-95.2614,29.1091#32.28#32.35#35.37
-95.2093,29.1091#32.31#32.33#35.36
-95.1571,29.1092#32.33#32.31#35.36
-95.105,29.1092#32.35#32.29#35.36
-95.0529,29.1093#32.38#32.27#35.35
-95.0007,29.1093#32.4#32.26#35.34
-94.9486,29.1093#32.42#32.23#35.35
-94.8964,29.1092#32.44#32.21#35.35
-94.8443,29.1092#32.46#32.19#35.35
-94.7922,29.1091#32.48#32.17#35.35
-94.74,29.1091#32.5#32.15#35.35
-94.6879,29.109#32.53#32.12#35.35
-94.6358,29.1088#32.55#32.1#35.35
-94.5836,29.1087#32.57#32.08#35.35
-94.5315,29.1086#32.59#32.06#35.35
-94.4793,29.1084#32.61#32.03#35.36
-94.4272,29.1082#32.62#32.01#35.37
-94.3751,29.108#32.63#31.98#35.39
-94.3229,29.1078#32.64#31.96#35.4
-94.2708,29.1076#32.66#31.93#35.41
-94.2187,29.1073#32.67#31.91#35.42
-94.1665,29.107#32.68#31.88#35.44
-94.1144,29.1067#32.69#31.86#35.45
-94.0622,29.1064#32.71#31.83#35.46
-94.0101,29.1061#32.72#31.81#35.47
-93.958,29.1058#32.73#31.78#35.49
-93.9058,29.1054#32.75#31.76#35.49
-93.8537,29.105#32.77#31.73#35.5
-93.8016,29.1046#32.78#31.7#35.52
-93.7494,29.1042#32.8#31.67#35.53
-93.6973,29.1038#32.81#31.64#35.55
-93.6452,29.1034#32.83#31.62#35.55
-93.593,29.1029#32.84#31.59#35.57
-93.5409,29.1024#32.86#31.56#35.58
-93.4888,29.1019#32.87#31.53#35.6
-93.4366,29.1014#32.86#31.5#35.64
-93.3845,29.1009#32.85#31.46#35.69
-93.3324,29.1003#32.84#31.43#35.73
-93.2802,29.0997#32.83#31.39#35.78
-93.2281,29.0992#32.82#31.36#35.82
-93.176,29.0986#32.81#31.32#35.87
-93.1239,29.0979#32.8#31.29#35.91
-93.0717,29.0973#32.79#31.25#35.96
-93.0196,29.0966#32.78#31.22#36
-92.9675,29.096#32.77#31.17#36.06
-92.9154,29.0953#32.76#31.11#36.13
-92.8632,29.0946#32.76#31.05#36.19
-92.8111,29.0938#32.75#30.99#36.26
-92.759,29.0931#32.74#30.93#36.33
-92.7069,29.0923#32.73#30.87#36.4
-92.6547,29.0915#32.72#30.82#36.46
-92.6026,29.0907#32.71#30.76#36.53
-92.5505,29.0899#32.7#30.7#36.6
-92.4984,29.0891#32.69#30.64#36.67
-92.4462,29.0883#32.67#30.58#36.75
-92.3941,29.0874#32.65#30.51#36.84
-92.342,29.0865#32.63#30.45#36.92
-92.2899,29.0856#32.61#30.38#37.01
-92.2378,29.0847#32.59#30.32#37.09
-92.1857,29.0837#32.57#30.26#37.17
-92.1335,29.0828#32.55#30.19#37.26
-92.0814,29.0818#32.53#30.13#37.34
-92.0293,29.0808#32.51#30.07#37.42
-91.9772,29.0798#32.49#30.02#37.49
-91.9251,29.0788#32.47#30#37.53
-91.873,29.0778#32.44#29.97#37.59
-91.8209,29.0767#32.42#29.95#37.63
-91.7688,29.0756#32.4#29.92#37.68
-91.7166,29.0745#32.37#29.9#37.73
-91.6645,29.0734#32.35#29.87#37.78
-91.6124,29.0723#32.33#29.85#37.82
-91.5603,29.0711#32.31#29.82#37.87
-91.5082,29.07#32.28#29.8#37.92
-91.4561,29.0688#32.27#29.79#37.94
-91.404,29.0676#32.25#29.8#37.95
-91.3519,29.0664#32.24#29.8#37.96
-91.2998,29.0651#32.23#29.8#37.97
-91.2477,29.0639#32.22#29.8#37.98
-91.1956,29.0626#32.2#29.8#38
-91.1435,29.0613#32.19#29.8#38.01
-91.0914,29.06#32.18#29.8#38.02
-91.0393,29.0587#32.16#29.8#38.04
-90.9872,29.0574#32.15#29.8#38.05
-90.9352,29.056#32.14#29.8#38.06
-90.8831,29.0546#32.13#29.8#38.07
-90.831,29.0532#32.13#29.8#38.07
-90.7789,29.0518#32.12#29.8#38.08
-90.7268,29.0504#32.11#29.79#38.1
-90.6747,29.049#32.1#29.79#38.11
-90.6226,29.0475#32.09#29.79#38.12
-90.5705,29.046#32.08#29.79#38.13
-90.5185,29.0445#32.07#29.78#38.15
-90.4664,29.043#32.06#29.78#38.16
-90.4143,29.0415#32.06#29.77#38.17
-90.3622,29.0399#32.05#29.77#38.18
-90.3101,29.0384#32.05#29.76#38.19
-90.2581,29.0368#32.05#29.75#38.2
-90.206,29.0352#32.04#29.74#38.22
-90.1539,29.0336#32.04#29.74#38.22
-90.1019,29.0319#32.03#29.73#38.24
-90.0498,29.0303#32.02#29.72#38.26
-89.9977,29.0286#32.02#29.71#38.27
-89.9456,29.0269#32.02#29.7#38.28
-89.8936,29.0252#32.02#29.68#38.3
-89.8415,29.0235#32.02#29.67#38.31
-89.7895,29.0217#32.01#29.65#38.34
-89.7374,29.02#32.01#29.64#38.35
-89.6853,29.0182#32.01#29.62#38.37
-89.6333,29.0164#32.01#29.61#38.38
-89.5812,29.0146#32.01#29.59#38.4
-89.5292,29.0128#32.01#29.58#38.41
-89.4771,29.0109#32#29.57#38.43
-89.4251,29.009#32#29.58#38.42
-89.373,29.0072#31.99#29.58#38.43
-89.321,29.0053#31.99#29.59#38.42
-89.2689,29.0034#31.98#29.6#38.42
-89.2169,29.0014#31.98#29.6#38.42
-89.1648,28.9995#31.97#29.61#38.42
-89.1128,28.9975#31.96#29.62#38.42
-89.0608,28.9955#31.96#29.63#38.41
-89.0087,28.9935#31.95#29.64#38.41
-88.9567,28.9915#31.95#29.67#38.38
-88.9046,28.9894#31.95#29.71#38.34
-88.8526,28.9874#31.95#29.74#38.31
-88.8006,28.9853#31.95#29.78#38.27
-88.7486,28.9832#31.95#29.81#38.24
-88.6965,28.9811#31.95#29.85#38.2
-88.6445,28.979#31.95#29.89#38.16
-88.5925,28.9768#31.95#29.93#38.12
-88.5405,28.9747#31.95#29.96#38.09
-88.4884,28.9725#31.95#30#38.05
-88.4364,28.9703#31.95#30.03#38.02
-88.3844,28.9681#31.95#30.06#37.99
-88.3324,28.9659#31.95#30.1#37.95
-88.2804,28.9636#31.95#30.13#37.92
-88.2284,28.9613#31.96#30.16#37.88
-88.1764,28.9591#31.96#30.19#37.85
-88.1244,28.9568#31.96#30.23#37.81
-88.0724,28.9544#31.96#30.26#37.78
-88.0204,28.9521#31.96#30.3#37.74
-87.9684,28.9498#31.96#30.31#37.73
-87.9164,28.9474#31.96#30.32#37.72
-87.8644,28.945#31.96#30.33#37.71
-87.8124,28.9426#31.95#30.34#37.71
-87.7604,28.9402#31.95#30.35#37.7
-87.7084,28.9377#31.95#30.36#37.69
-87.6564,28.9353#31.94#30.37#37.69
-87.6044,28.9328#31.94#30.38#37.68
-87.5524,28.9303#31.94#30.39#37.67
-87.5005,28.9278#31.93#30.4#37.67
-87.4485,28.9253#31.92#30.41#37.67
-87.3965,28.9227#31.91#30.41#37.68
-87.3445,28.9202#31.9#30.42#37.68
-87.2926,28.9176#31.89#30.43#37.68
-87.2406,28.915#31.88#30.44#37.68
-87.1886,28.9124#31.87#30.45#37.68
-87.1367,28.9097#31.86#30.45#37.69
-87.0847,28.9071#31.85#30.46#37.69
-87.0327,28.9044#31.83#30.47#37.7
-86.9808,28.9017#31.82#30.49#37.69
-103.855,28.9018#30.21#35.6#34.19
-103.803,28.9048#30.21#35.55#34.24
-103.751,28.9077#30.21#35.49#34.3
-103.699,28.9106#30.21#35.43#34.36
-103.647,28.9136#30.21#35.37#34.42
-103.595,28.9165#30.21#35.32#34.47
-103.543,28.9193#30.21#35.26#34.53
-103.491,28.9222#30.21#35.2#34.59
-103.439,28.925#30.19#35.14#34.67
-103.388,28.9279#30.17#35.09#34.74
-103.336,28.9307#30.15#35.03#34.82
-103.284,28.9335#30.13#34.97#34.9
-103.232,28.9362#30.11#34.91#34.98
-103.18,28.939#30.08#34.86#35.06
-103.128,28.9417#30.06#34.8#35.14
-103.076,28.9445#30.04#34.74#35.22
-103.024,28.9472#30.02#34.68#35.3
-102.972,28.9498#29.98#34.63#35.39
-102.92,28.9525#29.94#34.58#35.48
-102.868,28.9552#29.9#34.53#35.57
-102.816,28.9578#29.85#34.48#35.67
-102.764,28.9604#29.81#34.43#35.76
-102.712,28.963#29.77#34.37#35.86
-102.66,28.9656#29.72#34.32#35.96
-102.608,28.9682#29.68#34.27#36.05
-102.556,28.9707#29.64#34.22#36.14
-102.504,28.9732#29.59#34.17#36.24
-102.452,28.9757#29.55#34.12#36.33
-102.4,28.9782#29.51#34.08#36.41
-102.348,28.9807#29.47#34.04#36.49
-102.296,28.9832#29.43#33.99#36.58
-102.244,28.9856#29.39#33.95#36.66
-102.192,28.988#29.35#33.91#36.74
-102.14,28.9904#29.31#33.86#36.83
-102.088,28.9928#29.28#33.82#36.9
-102.036,28.9952#29.24#33.78#36.98
-101.984,28.9976#29.21#33.76#37.03
-101.932,28.9999#29.2#33.79#37.01
-101.88,29.0022#29.19#33.82#36.99
-101.828,29.0045#29.18#33.84#36.98
-101.776,29.0068#29.17#33.87#36.96
-101.724,29.0091#29.16#33.9#36.94
-101.672,29.0113#29.16#33.93#36.91
-101.62,29.0136#29.15#33.95#36.9
-101.568,29.0158#29.14#33.98#36.88
-101.515,29.018#29.13#34#36.87
-101.463,29.0201#29.13#34.03#36.84
-101.411,29.0223#29.13#34.06#36.81
-101.359,29.0245#29.12#34.08#36.8
-101.307,29.0266#29.12#34.11#36.77
-101.255,29.0287#29.12#34.13#36.75
-101.203,29.0308#29.12#34.16#36.72
-101.151,29.0329#29.12#34.18#36.7
