-96.3103,47.9001#40.36#29.83#29.81
-96.248,47.9004#40.32#29.82#29.86
-96.1856,47.9008#40.28#29.82#29.9
-96.1233,47.9012#40.24#29.81#29.95
-96.0609,47.9015#40.2#29.81#29.99
-95.9986,47.9018#40.16#29.8#30.04
-95.9362,47.9021#40.09#29.77#30.14
-95.8739,47.9024#40.03#29.73#30.24
-95.8115,47.9027#39.96#29.7#30.34
-95.7492,47.9029#39.9#29.66#30.44
-95.6868,47.9031#39.83#29.63#30.54
-95.6244,47.9033#39.77#29.6#30.63
-95.5621,47.9035#39.7#29.56#30.74
-95.4997,47.9037#39.63#29.53#30.84
-95.4374,47.9038#39.51#29.49#31
-95.375,47.9039#39.39#29.46#31.15
-95.3127,47.9041#39.27#29.42#31.31
-95.2503,47.9041#39.16#29.39#31.45
-95.1879,47.9042#39.04#29.35#31.61
-95.1256,47.9043#38.92#29.32#31.76
-95.0632,47.9043#38.8#29.28#31.92
-95.0009,47.9043#38.68#29.25#32.07
-94.9385,47.9043#38.57#29.21#32.22
-94.8761,47.9043#38.45#29.18#32.37
-94.8138,47.9042#38.34#29.15#32.51
-94.7514,47.9041#38.23#29.12#32.65
-94.6891,47.9041#38.12#29.09#32.79
-94.6267,47.904#38.01#29.05#32.94
-94.5644,47.9038#37.89#29.02#33.09
-94.502,47.9037#37.78#28.99#33.23
-94.4396,47.9035#37.68#28.97#33.35
-94.3773,47.9033#37.57#28.95#33.48
-94.3149,47.9031#37.47#28.92#33.61
-94.2526,47.9029#37.37#28.9#33.73
-94.1902,47.9027#37.26#28.88#33.86
-94.1279,47.9024#37.16#28.85#33.99
-94.0655,47.9021#37.05#28.83#34.12
-94.0031,47.9018#36.95#28.81#34.24
-93.9408,47.9015#36.85#28.79#34.36
-93.8784,47.9012#36.75#28.78#34.47
-93.8161,47.9008#36.66#28.76#34.58
-93.7537,47.9005#36.56#28.75#34.69
-93.6914,47.9001#36.47#28.74#34.79
-99.3041,47.9003#41.37#30.03#28.6
-99.2418,47.9016#41.35#30.02#28.63
-99.1795,47.9029#41.33#30.01#28.66
-99.1171,47.9042#41.31#30#28.69
-99.0548,47.9055#41.29#29.99#28.72
-98.9925,47.9067#41.27#29.98#28.75
-98.9301,47.9079#41.25#29.97#28.78
-98.8678,47.9091#41.23#29.96#28.81
-98.8055,47.9103#41.21#29.95#28.84
-98.7431,47.9115#41.19#29.94#28.87
-98.6808,47.9126#41.17#29.93#28.9
-98.6184,47.9137#41.15#29.92#28.93
-98.5561,47.9149#41.13#29.91#28.96
-98.4938,47.9159#41.11#29.9#28.99
-98.4314,47.917#41.09#29.9#29.01
-98.3691,47.9181#41.07#29.89#29.04
-98.3067,47.9191#41.05#29.88#29.07
-98.2444,47.9201#41.03#29.87#29.1
-98.182,47.9211#41.01#29.87#29.12
-98.1197,47.9221#40.99#29.86#29.15
-98.0573,47.923#40.97#29.85#29.18
-97.9949,47.9239#40.95#29.84#29.21
-97.9326,47.9249#40.93#29.84#29.23
-97.8702,47.9257#40.91#29.84#29.25
-97.8079,47.9266#40.89#29.83#29.28
-97.7455,47.9275#40.86#29.83#29.31
-97.6831,47.9283#40.84#29.82#29.34
-97.6208,47.9291#40.82#29.82#29.36
-97.5584,47.9299#40.8#29.81#29.39
-97.4961,47.9307#40.78#29.81#29.41
-97.4337,47.9315#40.76#29.81#29.43
-97.3713,47.9322#40.73#29.81#29.46
-97.309,47.9329#40.71#29.81#29.48
-97.2466,47.9336#40.69#29.81#29.5
-97.1842,47.9343#40.67#29.81#29.52
-97.1218,47.935#40.65#29.81#29.54
-97.0595,47.9356#40.62#29.81#29.57
-96.9971,47.9363#40.6#29.81#29.59
-96.9347,47.9369#40.58#29.82#29.6
-96.8724,47.9374#40.56#29.82#29.62
-96.81,47.938#40.54#29.82#29.64
-96.7476,47.9386#40.52#29.83#29.65
-96.6852,47.9391#40.5#29.83#29.67
-96.6228,47.9396#40.48#29.84#29.68
-96.5605,47.9401#40.46#29.84#29.7
-96.4981,47.9406#40.44#29.85#29.71
-96.4357,47.941#40.4#29.84#29.76
-96.3733,47.9414#40.36#29.84#29.8
-96.3109,47.9419#40.32#29.83#29.85
-96.2486,47.9423#40.27#29.82#29.91
-96.1862,47.9426#40.23#29.82#29.95
-96.1238,47.943#40.19#29.81#30
-96.0614,47.9433#40.15#29.81#30.04
-95.999,47.9436#40.11#29.8#30.09
-95.9367,47.9439#40.04#29.77#30.19
-95.8743,47.9442#39.97#29.74#30.29
-95.8119,47.9445#39.9#29.71#30.39
-95.7495,47.9447#39.83#29.68#30.49
-95.6871,47.9449#39.76#29.64#30.6
-95.6247,47.9451#39.69#29.61#30.7
-95.5623,47.9453#39.62#29.58#30.8
-95.5,47.9455#39.55#29.55#30.9
-95.4376,47.9456#39.43#29.51#31.06
-95.3752,47.9458#39.31#29.48#31.21
-95.3128,47.9459#39.19#29.45#31.36
-95.2504,47.946#39.07#29.41#31.52
-95.188,47.946#38.95#29.38#31.67
-95.1256,47.9461#38.84#29.34#31.82
-95.0632,47.9461#38.72#29.31#31.97
-95.0009,47.9461#38.6#29.27#32.13
-94.9385,47.9461#38.49#29.24#32.27
-94.8761,47.9461#38.37#29.21#32.42
-94.8137,47.946#38.26#29.18#32.56
-94.7513,47.946#38.15#29.15#32.7
-94.6889,47.9459#38.04#29.12#32.84
-94.6265,47.9458#37.93#29.08#32.99
-94.5642,47.9456#37.82#29.05#33.13
-94.5018,47.9455#37.71#29.02#33.27
-94.4394,47.9453#37.6#29#33.4
-94.377,47.9451#37.5#28.97#33.53
-94.3146,47.9449#37.39#28.95#33.66
-94.2522,47.9447#37.29#28.93#33.78
-94.1898,47.9445#37.18#28.9#33.92
-94.1275,47.9442#37.08#28.88#34.04
-94.0651,47.9439#36.97#28.86#34.17
-94.0027,47.9436#36.87#28.83#34.3
-93.9403,47.9433#36.77#28.82#34.41
-93.8779,47.943#36.68#28.8#34.52
-93.8155,47.9426#36.58#28.79#34.63
-93.7532,47.9423#36.48#28.77#34.75
-93.6908,47.9419#36.39#28.76#34.85
-93.6284,47.9415#36.29#28.74#34.97
-93.566,47.941#36.19#28.73#35.08
-93.5036,47.9406#36.1#28.71#35.19
-93.4413,47.9401#36.01#28.7#35.29
-93.3789,47.9396#35.93#28.69#35.38
-93.3165,47.9391#35.84#28.69#35.47
-93.2541,47.9386#35.76#28.68#35.56
-93.1917,47.938#35.68#28.67#35.65
-93.1294,47.9375#35.59#28.66#35.75
-93.067,47.9369#35.51#28.65#35.84
-93.0046,47.9363#35.42#28.64#35.94
-92.9423,47.9356#35.35#28.64#36.01
-92.8799,47.935#35.28#28.63#36.09
-92.8175,47.9343#35.21#28.63#36.16
-92.7551,47.9337#35.13#28.63#36.24
-92.6928,47.933#35.06#28.62#36.32
-92.6304,47.9322#34.99#28.62#36.39
-92.568,47.9315#34.92#28.61#36.47
-92.5057,47.9307#34.84#28.61#36.55
-92.4433,47.93#34.79#28.6#36.61
-92.3809,47.9292#34.74#28.6#36.66
-92.3186,47.9283#34.69#28.6#36.71
-92.2562,47.9275#34.65#28.59#36.76
-92.1939,47.9266#34.6#28.59#36.81
-92.1315,47.9258#34.55#28.59#36.86
-92.0691,47.9249#34.5#28.59#36.91
-92.0068,47.924#34.45#28.58#36.97
-91.9444,47.923#34.42#28.58#37
-91.8821,47.9221#34.38#28.58#37.04
-91.8197,47.9211#34.35#28.58#37.07
-91.7574,47.9201#34.32#28.57#37.11
-91.695,47.9191#34.29#28.57#37.14
-91.6327,47.9181#34.25#28.57#37.18
-91.5703,47.917#34.22#28.57#37.21
-91.508,47.916#34.19#28.57#37.24
-91.4456,47.9149#34.18#28.56#37.26
-91.3833,47.9138#34.16#28.56#37.28
-91.3209,47.9127#34.15#28.56#37.29
-91.2586,47.9115#34.14#28.56#37.3
-91.1963,47.9103#34.13#28.56#37.31
-91.1339,47.9092#34.11#28.56#37.33
-91.0716,47.908#34.1#28.56#37.34
-91.0093,47.9067#34.09#28.56#37.35
-90.9469,47.9055#34.1#28.55#37.35
-90.8846,47.9042#34.11#28.55#37.34
-90.8223,47.903#34.12#28.55#37.33
-90.7599,47.9017#34.13#28.55#37.32
-90.6976,47.9004#34.14#28.55#37.31
-100.927,47.9011#41.73#30.07#28.2
-100.864,47.9029#41.72#30.08#28.2
-100.802,47.9047#41.71#30.09#28.2
-100.74,47.9065#41.69#30.1#28.21
-100.677,47.9083#41.68#30.1#28.22
-100.615,47.91#41.67#30.11#28.22
-100.553,47.9117#41.66#30.12#28.22
-100.49,47.9134#41.64#30.13#28.23
-100.428,47.9151#41.63#30.13#28.24
-100.366,47.9168#41.61#30.13#28.26
-100.303,47.9184#41.6#30.13#28.27
-100.241,47.92#41.58#30.13#28.29
-100.179,47.9216#41.57#30.13#28.3
-100.117,47.9232#41.55#30.13#28.32
-100.054,47.9248#41.54#30.13#28.33
-99.9919,47.9263#41.52#30.12#28.36
-99.9295,47.9279#41.51#30.12#28.37
-99.8672,47.9294#41.49#30.11#28.4
-99.8049,47.9309#41.47#30.1#28.43
-99.7425,47.9323#41.45#30.09#28.46
-99.6802,47.9338#41.44#30.09#28.47
-99.6178,47.9352#41.42#30.08#28.5
-99.5555,47.9366#41.4#30.07#28.53
-99.4931,47.938#41.38#30.06#28.56
-99.4308,47.9394#41.36#30.05#28.59
-99.3684,47.9408#41.34#30.04#28.62
-99.3061,47.9421#41.33#30.03#28.64
-99.2437,47.9434#41.31#30.02#28.67
-99.1814,47.9447#41.29#30.01#28.7
-99.119,47.946#41.27#30#28.73
-99.0567,47.9473#41.25#29.99#28.76
-98.9943,47.9485#41.23#29.98#28.79
-98.9319,47.9497#41.21#29.97#28.82
-98.8696,47.9509#41.19#29.97#28.84
-98.8072,47.9521#41.16#29.96#28.88
-98.7448,47.9533#41.14#29.95#28.91
-98.6825,47.9544#41.12#29.94#28.94
-98.6201,47.9555#41.1#29.93#28.97
-98.5577,47.9566#41.08#29.92#29
-98.4954,47.9577#41.06#29.91#29.03
-98.433,47.9588#41.04#29.9#29.06
-98.3706,47.9598#41.02#29.89#29.09
-98.3082,47.9609#41#29.89#29.11
-98.2459,47.9619#40.99#29.88#29.13
-98.1835,47.9629#40.97#29.87#29.16
-98.1211,47.9639#40.95#29.86#29.19
-98.0587,47.9648#40.93#29.86#29.21
-97.9963,47.9657#40.91#29.85#29.24
-97.9339,47.9666#40.89#29.84#29.27
-97.8716,47.9675#40.87#29.84#29.29
-97.8092,47.9684#40.85#29.84#29.31
-97.7468,47.9693#40.82#29.83#29.35
-97.6844,47.9701#40.8#29.83#29.37
-97.622,47.9709#40.78#29.82#29.4
-97.5596,47.9717#40.76#29.82#29.42
-97.4972,47.9725#40.74#29.81#29.45
-97.4348,47.9733#40.72#29.81#29.47
-97.3724,47.974#40.69#29.81#29.5
-97.31,47.9747#40.67#29.81#29.52
-97.2476,47.9754#40.65#29.81#29.54
-97.1852,47.9761#40.63#29.81#29.56
-97.1228,47.9768#40.61#29.81#29.58
-97.0604,47.9774#40.59#29.81#29.6
-96.998,47.978#40.56#29.81#29.63
-96.9356,47.9787#40.54#29.82#29.64
-96.8732,47.9792#40.52#29.82#29.66
-96.8108,47.9798#40.5#29.82#29.68
-96.7484,47.9804#40.48#29.83#29.69
-96.686,47.9809#40.46#29.83#29.71
-96.6236,47.9814#40.44#29.84#29.72
-96.5612,47.9819#40.42#29.84#29.74
-96.4988,47.9824#40.4#29.84#29.76
-96.4364,47.9828#40.36#29.84#29.8
-96.374,47.9832#40.31#29.83#29.86
-96.3115,47.9837#40.27#29.83#29.9
-96.2491,47.9841#40.23#29.82#29.95
-96.1867,47.9844#40.19#29.82#29.99
-96.1243,47.9848#40.14#29.81#30.05
-96.0619,47.9851#40.1#29.81#30.09
-95.9995,47.9854#40.06#29.8#30.14
-95.9371,47.9857#39.98#29.77#30.25
-95.8747,47.986#39.91#29.75#30.34
-95.8123,47.9863#39.84#29.72#30.44
-95.7498,47.9865#39.76#29.69#30.55
-95.6874,47.9867#39.69#29.66#30.65
-95.625,47.9869#39.61#29.63#30.76
-95.5626,47.9871#39.54#29.6#30.86
-95.5002,47.9873#39.47#29.57#30.96
-95.4378,47.9874#39.35#29.53#31.12
-95.3754,47.9876#39.23#29.5#31.27
-95.3129,47.9877#39.11#29.47#31.42
-95.2505,47.9877#38.99#29.43#31.58
-95.1881,47.9878#38.87#29.4#31.73
-95.1257,47.9879#38.75#29.37#31.88
-95.0633,47.9879#38.64#29.33#32.03
-95.0009,47.9879#38.52#29.3#32.18
-94.9384,47.9879#38.41#29.27#32.32
-94.876,47.9879#38.3#29.24#32.46
-94.8136,47.9878#38.18#29.21#32.61
-94.7512,47.9878#38.07#29.18#32.75
-94.6888,47.9877#37.96#29.14#32.9
-94.6264,47.9876#37.85#29.11#33.04
-94.564,47.9874#37.74#29.08#33.18
-94.5015,47.9873#37.63#29.05#33.32
-94.4391,47.9871#37.52#29.03#33.45
-94.3767,47.9869#37.42#29#33.58
-94.3143,47.9867#37.31#28.98#33.71
-94.2519,47.9865#37.21#28.96#33.83
-94.1895,47.9863#37.11#28.93#33.96
-94.1271,47.986#37#28.91#34.09
-94.0646,47.9857#36.9#28.88#34.22
-94.0022,47.9854#36.79#28.86#34.35
-93.9398,47.9851#36.7#28.84#34.46
-93.8774,47.9848#36.6#28.83#34.57
-93.815,47.9844#36.5#28.81#34.69
-93.7526,47.9841#36.41#28.8#34.79
-93.6902,47.9837#36.31#28.78#34.91
-93.6278,47.9833#36.21#28.76#35.03
-93.5654,47.9828#36.12#28.75#35.13
-93.5029,47.9824#36.02#28.73#35.25
-93.4405,47.9819#35.93#28.72#35.35
-93.3781,47.9814#35.85#28.71#35.44
-93.3157,47.9809#35.76#28.7#35.54
-93.2533,47.9804#35.68#28.7#35.62
-93.1909,47.9798#35.6#28.69#35.71
-93.1285,47.9793#35.51#28.68#35.81
-93.0661,47.9787#35.43#28.67#35.9
-93.0037,47.9781#35.34#28.66#36
-92.9413,47.9774#35.27#28.66#36.07
-92.8789,47.9768#35.19#28.65#36.16
-92.8165,47.9761#35.12#28.65#36.23
-92.7541,47.9755#35.04#28.64#36.32
-92.6917,47.9747#34.97#28.64#36.39
-92.6293,47.974#34.89#28.63#36.48
-92.5669,47.9733#34.82#28.63#36.55
-92.5045,47.9725#34.75#28.62#36.63
-92.4421,47.9718#34.69#28.62#36.69
-92.3797,47.971#34.64#28.62#36.74
-92.3173,47.9701#34.59#28.61#36.8
-92.2549,47.9693#34.55#28.61#36.84
-92.1926,47.9684#34.5#28.61#36.89
-92.1302,47.9676#34.45#28.6#36.95
-92.0678,47.9667#34.4#28.6#37
-92.0054,47.9658#34.35#28.6#37.05
-91.943,47.9648#34.31#28.59#37.1
-91.8806,47.9639#34.28#28.59#37.13
-91.8182,47.9629#34.25#28.59#37.16
-91.7559,47.9619#34.21#28.59#37.2
-91.6935,47.9609#34.18#28.59#37.23
-91.6311,47.9599#34.14#28.58#37.28
-91.5687,47.9588#34.11#28.58#37.31
-91.5064,47.9578#34.08#28.58#37.34
-91.444,47.9567#34.06#28.58#37.36
-91.3816,47.9556#34.05#28.58#37.37
-91.3192,47.9544#34.04#28.58#37.38
-91.2569,47.9533#34.02#28.57#37.41
-91.1945,47.9521#34.01#28.57#37.42
-91.1321,47.951#34#28.57#37.43
-91.0698,47.9498#33.98#28.57#37.45
-91.0074,47.9485#33.97#28.57#37.46
-90.9451,47.9473#33.98#28.57#37.45
-90.8827,47.946#33.99#28.57#37.44
-90.8203,47.9448#34#28.57#37.43
-90.758,47.9435#34.01#28.56#37.43
-90.6956,47.9421#34.02#28.56#37.42
-90.6333,47.9408#34.03#28.56#37.41
-90.5709,47.9395#34.04#28.56#37.4
-90.5086,47.9381#34.05#28.56#37.39
-90.4462,47.9367#34.08#28.56#37.36
-90.3839,47.9353#34.11#28.56#37.33
-90.3215,47.9338#34.14#28.56#37.3
-90.2592,47.9324#34.17#28.56#37.27
-90.1969,47.9309#34.2#28.56#37.24
-90.1345,47.9294#34.23#28.56#37.21
-90.0722,47.9279#34.26#28.56#37.18
-90.0099,47.9264#34.29#28.56#37.15
-89.9475,47.9248#34.32#28.56#37.12
-89.8852,47.9233#34.36#28.56#37.08
-89.8229,47.9217#34.39#28.56#37.05
-89.7606,47.9201#34.42#28.56#37.02
-89.6982,47.9185#34.45#28.55#37
-89.6359,47.9168#34.49#28.55#36.96
-89.5736,47.9151#34.52#28.55#36.93
-89.5113,47.9135#34.55#28.55#36.9
-89.449,47.9118#34.58#28.55#36.87
-89.3867,47.91#34.61#28.56#36.83
-89.3244,47.9083#34.63#28.56#36.81
-89.2621,47.9065#34.66#28.56#36.78
-89.1998,47.9048#34.69#28.56#36.75
-89.1375,47.903#34.71#28.56#36.73
-89.0752,47.9012#34.74#28.56#36.7
-102.238,47.9003#41.95#29.73#28.32
-102.175,47.9025#41.93#29.74#28.33
-102.113,47.9047#41.91#29.76#28.33
-102.051,47.9069#41.9#29.78#28.32
-101.988,47.909#41.88#29.79#28.33
-101.926,47.9112#41.87#29.81#28.32
-101.864,47.9133#41.86#29.83#28.31
-101.802,47.9154#41.84#29.85#28.31
-101.739,47.9175#41.83#29.86#28.31
-101.677,47.9196#41.82#29.88#28.3
-101.615,47.9216#41.81#29.9#28.29
-101.552,47.9236#41.79#29.91#28.3
-101.49,47.9257#41.78#29.93#28.29
-101.428,47.9276#41.77#29.94#28.29
-101.366,47.9296#41.76#29.96#28.28
-101.303,47.9316#41.74#29.97#28.29
-101.241,47.9335#41.73#29.99#28.28
-101.179,47.9354#41.72#30#28.28
-101.116,47.9373#41.71#30.02#28.27
-101.054,47.9392#41.7#30.03#28.27
-100.992,47.941#41.69#30.05#28.26
-100.929,47.9429#41.67#30.06#28.27
-100.867,47.9447#41.66#30.06#28.28
-100.805,47.9465#41.65#30.07#28.28
-100.742,47.9483#41.64#30.08#28.28
-100.68,47.95#41.63#30.09#28.28
-100.618,47.9518#41.62#30.1#28.28
-100.555,47.9535#41.6#30.11#28.29
-100.493,47.9552#41.59#30.12#28.29
-100.431,47.9569#41.58#30.12#28.3
-100.368,47.9585#41.56#30.12#28.32
-100.306,47.9602#41.55#30.12#28.33
-100.244,47.9618#41.53#30.12#28.35
-100.181,47.9634#41.52#30.12#28.36
-100.119,47.965#41.5#30.12#28.38
-100.057,47.9666#41.49#30.12#28.39
-99.9942,47.9681#41.47#30.12#28.41
-99.9318,47.9696#41.46#30.11#28.43
-99.8694,47.9712#41.44#30.1#28.46
-99.8071,47.9726#41.42#30.09#28.49
-99.7447,47.9741#41.41#30.09#28.5
-99.6823,47.9756#41.39#30.08#28.53
-99.62,47.977#41.37#30.07#28.56
-99.5576,47.9784#41.35#30.07#28.58
-99.4952,47.9798#41.34#30.06#28.6
-99.4328,47.9812#41.32#30.05#28.63
-99.3705,47.9825#41.3#30.04#28.66
-99.3081,47.9839#41.28#30.03#28.69
-99.2457,47.9852#41.26#30.02#28.72
-99.1833,47.9865#41.24#30.01#28.75
-99.1209,47.9878#41.22#30#28.78
-99.0585,47.989#41.2#30#28.8
-98.9961,47.9903#41.18#29.99#28.83
-98.9338,47.9915#41.16#29.98#28.86
-98.8714,47.9927#41.14#29.97#28.89
-98.809,47.9939#41.12#29.96#28.92
-98.7466,47.995#41.1#29.95#28.95
-98.6842,47.9962#41.08#29.94#28.98
-98.6218,47.9973#41.06#29.93#29.01
-98.5594,47.9984#41.04#29.92#29.04
-98.497,47.9995#41.02#29.91#29.07
-98.4346,48.0006#41#29.91#29.09
-98.3722,48.0016#40.98#29.9#29.12
-98.3098,48.0027#40.96#29.89#29.15
-98.2473,48.0037#40.94#29.88#29.18
-98.1849,48.0047#40.92#29.88#29.2
-98.1225,48.0056#40.91#29.87#29.22
-98.0601,48.0066#40.89#29.86#29.25
-97.9977,48.0075#40.87#29.85#29.28
-97.9353,48.0084#40.85#29.85#29.3
-97.8729,48.0093#40.83#29.85#29.32
-97.8105,48.0102#40.8#29.84#29.36
-97.748,48.0111#40.78#29.84#29.38
-97.6856,48.0119#40.76#29.83#29.41
-97.6232,48.0127#40.74#29.83#29.43
-97.5608,48.0135#40.72#29.82#29.46
-97.4984,48.0143#40.7#29.82#29.48
-97.4359,48.015#40.68#29.82#29.5
-97.3735,48.0158#40.66#29.82#29.52
-97.3111,48.0165#40.63#29.82#29.55
-97.2487,48.0172#40.61#29.82#29.57
-97.1862,48.0179#40.59#29.82#29.59
-97.1238,48.0186#40.57#29.82#29.61
-97.0614,48.0192#40.55#29.81#29.64
-96.9989,48.0198#40.52#29.81#29.67
-96.9365,48.0204#40.5#29.82#29.68
-96.8741,48.021#40.48#29.82#29.7
-96.8116,48.0216#40.46#29.82#29.72
-96.7492,48.0221#40.44#29.83#29.73
-96.6868,48.0227#40.42#29.83#29.75
-96.6243,48.0232#40.4#29.84#29.76
-96.5619,48.0237#40.38#29.84#29.78
-96.4995,48.0241#40.36#29.84#29.8
-96.437,48.0246#40.31#29.84#29.85
-96.3746,48.025#40.27#29.83#29.9
-96.3122,48.0254#40.23#29.83#29.94
-96.2497,48.0258#40.18#29.82#30
-96.1873,48.0262#40.14#29.82#30.04
-96.1248,48.0266#40.09#29.82#30.09
-96.0624,48.0269#40.05#29.81#30.14
-96,48.0272#40.01#29.81#30.18
-95.9375,48.0275#39.93#29.78#30.29
-95.8751,48.0278#39.85#29.75#30.4
-95.8126,48.0281#39.77#29.72#30.51
-95.7502,48.0283#39.69#29.7#30.61
-95.6877,48.0285#39.62#29.67#30.71
-95.6253,48.0287#39.54#29.64#30.82
-95.5629,48.0289#39.46#29.61#30.93
-95.5004,48.0291#39.38#29.59#31.03
-95.438,48.0292#39.26#29.55#31.19
-95.3755,48.0293#39.15#29.52#31.33
-95.3131,48.0294#39.03#29.49#31.48
-95.2506,48.0295#38.91#29.46#31.63
-95.1882,48.0296#38.79#29.43#31.78
-95.1258,48.0296#38.67#29.39#31.94
-95.0633,48.0297#38.56#29.36#32.08
-95.0009,48.0297#38.44#29.33#32.23
-94.9384,48.0297#38.33#29.3#32.37
-94.876,48.0296#38.22#29.27#32.51
-94.8135,48.0296#38.11#29.24#32.65
-94.7511,48.0295#37.99#29.2#32.81
-94.6886,48.0294#37.88#29.17#32.95
-94.6262,48.0293#37.77#29.14#33.09
-94.5638,48.0292#37.66#29.11#33.23
-94.5013,48.0291#37.55#29.08#33.37
-94.4389,48.0289#37.45#29.06#33.49
-94.3764,48.0287#37.34#29.03#33.63
-94.314,48.0285#37.24#29.01#33.75
-94.2515,48.0283#37.13#28.98#33.89
-94.1891,48.0281#37.03#28.96#34.01
-94.1267,48.0278#36.92#28.93#34.15
-94.0642,48.0275#36.82#28.91#34.27
-94.0018,48.0272#36.71#28.89#34.4
-93.9393,48.0269#36.62#28.87#34.51
-93.8769,48.0266#36.52#28.85#34.63
-93.8144,48.0262#36.42#28.84#34.74
-93.752,48.0258#36.33#28.82#34.85
-93.6896,48.0254#36.23#28.8#34.97
-93.6271,48.025#36.13#28.79#35.08
-93.5647,48.0246#36.04#28.77#35.19
-93.5023,48.0242#35.94#28.75#35.31
-93.4398,48.0237#35.85#28.74#35.41
-93.3774,48.0232#35.77#28.73#35.5
-93.315,48.0227#35.68#28.72#35.6
-93.2525,48.0222#35.6#28.71#35.69
-93.1901,48.0216#35.51#28.71#35.78
-93.1277,48.021#35.43#28.7#35.87
-93.0652,48.0205#35.34#28.69#35.97
-93.0028,48.0198#35.26#28.68#36.06
-92.9404,48.0192#35.18#28.67#36.15
-92.8779,48.0186#35.11#28.67#36.22
-92.8155,48.0179#35.03#28.66#36.31
-92.7531,48.0172#34.95#28.66#36.39
-92.6906,48.0165#34.88#28.65#36.47
-92.6282,48.0158#34.8#28.65#36.55
-92.5658,48.0151#34.72#28.64#36.64
-92.5034,48.0143#34.65#28.64#36.71
-92.4409,48.0135#34.6#28.63#36.77
-92.3785,48.0127#34.55#28.63#36.82
-92.3161,48.0119#34.5#28.63#36.87
-92.2537,48.0111#34.45#28.62#36.93
-92.1913,48.0102#34.4#28.62#36.98
-92.1289,48.0093#34.35#28.62#37.03
-92.0664,48.0085#34.3#28.61#37.09
-92.004,48.0075#34.25#28.61#37.14
-91.9416,48.0066#34.21#28.61#37.18
-91.8792,48.0057#34.18#28.61#37.21
-91.8168,48.0047#34.14#28.61#37.25
-91.7544,48.0037#34.11#28.6#37.29
-91.692,48.0027#34.07#28.6#37.33
-91.6296,48.0017#34.04#28.6#37.36
-91.5672,48.0006#34#28.6#37.4
-91.5048,47.9995#33.97#28.59#37.44
-91.4423,47.9985#33.95#28.59#37.46
-91.3799,47.9974#33.93#28.59#37.48
-91.3175,47.9962#33.92#28.59#37.49
-91.2552,47.9951#33.9#28.59#37.51
-91.1928,47.9939#33.89#28.59#37.52
-91.1304,47.9927#33.88#28.59#37.53
-91.068,47.9915#33.86#28.58#37.56
-91.0056,47.9903#33.85#28.58#37.57
-90.9432,47.9891#33.85#28.58#37.57
-90.8808,47.9878#33.86#28.58#37.56
-90.8184,47.9865#33.87#28.58#37.55
-90.756,47.9852#33.88#28.58#37.54
-90.6936,47.9839#33.89#28.58#37.53
-90.6313,47.9826#33.9#28.58#37.52
-90.5689,47.9812#33.91#28.58#37.51
-90.5065,47.9799#33.92#28.57#37.51
-90.4441,47.9785#33.95#28.57#37.48
-90.3818,47.977#33.98#28.57#37.45
-90.3194,47.9756#34.01#28.57#37.42
-90.257,47.9742#34.04#28.57#37.39
-90.1947,47.9727#34.07#28.57#37.36
-90.1323,47.9712#34.1#28.57#37.33
-90.0699,47.9697#34.14#28.57#37.29
-90.0076,47.9682#34.17#28.57#37.26
-89.9452,47.9666#34.2#28.57#37.23
-89.8829,47.965#34.23#28.57#37.2
-89.8205,47.9635#34.26#28.57#37.17
-89.7581,47.9619#34.29#28.57#37.14
-89.6958,47.9602#34.33#28.57#37.1
-89.6335,47.9586#34.36#28.57#37.07
-89.5711,47.9569#34.39#28.57#37.04
-89.5088,47.9552#34.42#28.57#37.01
-89.4464,47.9535#34.45#28.57#36.98
-89.3841,47.9518#34.48#28.57#36.95
-89.3217,47.9501#34.5#28.57#36.93
-89.2594,47.9483#34.53#28.57#36.9
-89.1971,47.9465#34.56#28.57#36.87
-89.1348,47.9447#34.59#28.57#36.84
-89.0724,47.9429#34.61#28.57#36.82
-89.0101,47.9411#34.64#28.57#36.79
-88.9478,47.9392#34.64#28.57#36.79
-88.8855,47.9374#34.64#28.57#36.79
-88.8231,47.9355#34.64#28.57#36.79
-88.7608,47.9336#34.64#28.58#36.78
-88.6985,47.9316#34.63#28.58#36.79
-88.6362,47.9297#34.63#28.58#36.79
-88.5739,47.9277#34.63#28.58#36.79
-88.5116,47.9257#34.63#28.58#36.79
-88.4493,47.9237#34.6#28.59#36.81
-88.387,47.9217#34.56#28.6#36.84
-88.3247,47.9196#34.52#28.6#36.88
-88.2624,47.9176#34.49#28.61#36.9
-88.2001,47.9155#34.45#28.62#36.93
-88.1378,47.9134#34.41#28.63#36.96
-88.0756,47.9112#34.38#28.64#36.98
-88.0133,47.9091#34.34#28.65#37.01
-87.951,47.9069#34.28#28.66#37.06
-87.8887,47.9048#34.2#28.68#37.12
-87.8265,47.9026#34.13#28.7#37.17
-87.7642,47.9003#34.06#28.72#37.22
-103.299,47.9013#42.25#29.55#28.2
-103.237,47.9039#42.23#29.56#28.21
-103.175,47.9064#42.2#29.57#28.23
-103.113,47.9089#42.17#29.58#28.25
-103.05,47.9114#42.14#29.59#28.27
-102.988,47.9139#42.12#29.6#28.28
-102.926,47.9163#42.1#29.61#28.29
-102.864,47.9188#42.08#29.61#28.31
-102.801,47.9212#42.05#29.62#28.33
-102.739,47.9236#42.03#29.63#28.34
-102.677,47.9259#42.01#29.64#28.35
-102.615,47.9283#41.99#29.65#28.36
-102.552,47.9306#41.97#29.66#28.37
-102.49,47.9329#41.95#29.67#28.38
-102.428,47.9352#41.93#29.68#28.39
-102.365,47.9375#41.91#29.7#28.39
-102.303,47.9398#41.9#29.71#28.39
-102.241,47.942#41.88#29.73#28.39
-102.179,47.9442#41.87#29.75#28.38
-102.116,47.9464#41.85#29.76#28.39
-102.054,47.9486#41.83#29.78#28.39
-101.992,47.9508#41.82#29.79#28.39
-101.929,47.9529#41.81#29.81#28.38
-101.867,47.9551#41.79#29.83#28.38
-101.805,47.9572#41.78#29.84#28.38
-101.742,47.9593#41.77#29.86#28.37
-101.68,47.9613#41.76#29.87#28.37
-101.618,47.9634#41.74#29.89#28.37
-101.555,47.9654#41.73#29.9#28.37
-101.493,47.9674#41.72#29.92#28.36
-101.431,47.9694#41.71#29.93#28.36
-101.368,47.9714#41.7#29.95#28.35
-101.306,47.9733#41.69#29.96#28.35
-101.244,47.9753#41.67#29.98#28.35
-101.181,47.9772#41.66#29.99#28.35
-101.119,47.9791#41.65#30#28.35
-101.057,47.9809#41.64#30.02#28.34
-100.994,47.9828#41.63#30.03#28.34
-100.932,47.9846#41.62#30.04#28.34
-100.87,47.9865#41.61#30.05#28.34
-100.807,47.9883#41.6#30.06#28.34
-100.745,47.99#41.58#30.07#28.35
-100.683,47.9918#41.57#30.08#28.35
-100.62,47.9935#41.56#30.09#28.35
-100.558,47.9953#41.55#30.09#28.36
-100.495,47.997#41.54#30.1#28.36
-100.433,47.9986#41.52#30.1#28.38
-100.371,48.0003#41.51#30.1#28.39
-100.308,48.0019#41.5#30.1#28.4
-100.246,48.0036#41.48#30.1#28.42
-100.184,48.0052#41.47#30.11#28.42
-100.121,48.0068#41.45#30.11#28.44
-100.059,48.0083#41.44#30.11#28.45
-99.9965,48.0099#41.42#30.11#28.47
-99.9341,48.0114#41.41#30.1#28.49
-99.8717,48.0129#41.39#30.1#28.51
-99.8093,48.0144#41.37#30.09#28.54
-99.7469,48.0159#41.36#30.08#28.56
-99.6845,48.0173#41.34#30.08#28.58
-99.6221,48.0188#41.32#30.07#28.61
-99.5597,48.0202#41.31#30.06#28.63
-99.4973,48.0216#41.29#30.06#28.65
-99.4349,48.023#41.27#30.05#28.68
-99.3725,48.0243#41.25#30.04#28.71
-99.3101,48.0256#41.23#30.03#28.74
-99.2476,48.027#41.21#30.02#28.77
-99.1852,48.0283#41.19#30.01#28.8
-99.1228,48.0295#41.17#30.01#28.82
-99.0604,48.0308#41.15#30#28.85
-98.998,48.032#41.14#29.99#28.87
-98.9356,48.0333#41.12#29.98#28.9
-98.8731,48.0345#41.1#29.97#28.93
-98.8107,48.0356#41.08#29.96#28.96
-98.7483,48.0368#41.06#29.95#28.99
-98.6859,48.038#41.04#29.95#29.01
-98.6234,48.0391#41.02#29.94#29.04
-98.561,48.0402#41#29.93#29.07
-98.4986,48.0413#40.98#29.92#29.1
-98.4362,48.0423#40.96#29.91#29.13
-98.3737,48.0434#40.94#29.9#29.16
-98.3113,48.0444#40.92#29.9#29.18
-98.2488,48.0454#40.9#29.89#29.21
-98.1864,48.0464#40.88#29.88#29.24
-98.124,48.0474#40.86#29.88#29.26
-98.0615,48.0483#40.85#29.87#29.28
-97.9991,48.0493#40.83#29.86#29.31
-97.9366,48.0502#40.81#29.86#29.33
-97.8742,48.0511#40.79#29.85#29.36
-97.8118,48.052#40.76#29.85#29.39
-97.7493,48.0528#40.74#29.84#29.42
-97.6869,48.0537#40.72#29.84#29.44
-97.6244,48.0545#40.7#29.83#29.47
-97.562,48.0553#40.68#29.83#29.49
-97.4995,48.0561#40.66#29.82#29.52
-97.4371,48.0568#40.64#29.82#29.54
-97.3746,48.0576#40.62#29.82#29.56
-97.3121,48.0583#40.59#29.82#29.59
-97.2497,48.059#40.57#29.82#29.61
-97.1872,48.0597#40.55#29.82#29.63
-97.1248,48.0603#40.53#29.82#29.65
-97.0623,48.061#40.51#29.82#29.67
-96.9999,48.0616#40.49#29.82#29.69
-96.9374,48.0622#40.46#29.82#29.72
-96.8749,48.0628#40.44#29.82#29.74
-96.8125,48.0634#40.42#29.83#29.75
-96.75,48.0639#40.4#29.83#29.77
-96.6876,48.0644#40.38#29.83#29.79
-96.6251,48.0649#40.36#29.83#29.81
-96.5626,48.0654#40.34#29.84#29.82
-96.5002,48.0659#40.31#29.84#29.85
-96.4377,48.0664#40.27#29.84#29.89
-96.3752,48.0668#40.23#29.83#29.94
-96.3128,48.0672#40.18#29.83#29.99
-96.2503,48.0676#40.14#29.82#30.04
-96.1878,48.068#40.09#29.82#30.09
-96.1254,48.0683#40.05#29.82#30.13
-96.0629,48.0687#40#29.81#30.19
-96.0004,48.069#39.96#29.81#30.23
-95.9379,48.0693#39.87#29.78#30.35
-95.8755,48.0696#39.79#29.76#30.45
-95.813,48.0698#39.71#29.73#30.56
-95.7505,48.0701#39.63#29.71#30.66
-95.6881,48.0703#39.54#29.68#30.78
-95.6256,48.0705#39.46#29.66#30.88
-95.5631,48.0707#39.38#29.63#30.99
-95.5006,48.0708#39.3#29.61#31.09
-95.4382,48.071#39.18#29.57#31.25
-95.3757,48.0711#39.06#29.54#31.4
-95.3132,48.0712#38.95#29.51#31.54
-95.2508,48.0713#38.83#29.48#31.69
-95.1883,48.0714#38.71#29.45#31.84
-95.1258,48.0714#38.59#29.42#31.99
-95.0633,48.0714#38.48#29.39#32.13
-95.0009,48.0715#38.36#29.36#32.28
-94.9384,48.0714#38.25#29.33#32.42
-94.8759,48.0714#38.14#29.3#32.56
-94.8134,48.0714#38.03#29.26#32.71
-94.751,48.0713#37.92#29.23#32.85
-94.6885,48.0712#37.8#29.2#33
-94.626,48.0711#37.69#29.17#33.14
-94.5636,48.071#37.58#29.14#33.28
-94.5011,48.0708#37.47#29.11#33.42
-94.4386,48.0707#37.37#29.09#33.54
-94.3761,48.0705#37.26#29.06#33.68
-94.3137,48.0703#37.16#29.04#33.8
-94.2512,48.0701#37.05#29.01#33.94
-94.1887,48.0698#36.95#28.99#34.06
-94.1263,48.0696#36.85#28.96#34.19
-94.0638,48.0693#36.74#28.94#34.32
-94.0013,48.069#36.64#28.91#34.45
-93.9388,48.0687#36.54#28.89#34.57
-93.8764,48.0683#36.44#28.88#34.68
-93.8139,48.068#36.35#28.86#34.79
-93.7514,48.0676#36.25#28.84#34.91
-93.689,48.0672#36.15#28.82#35.03
-93.6265,48.0668#36.06#28.81#35.13
-93.564,48.0664#35.96#28.79#35.25
-93.5016,48.0659#35.86#28.77#35.37
-93.4391,48.0654#35.78#28.76#35.46
-93.3766,48.065#35.69#28.75#35.56
-93.3142,48.0644#35.6#28.74#35.66
-93.2517,48.0639#35.52#28.73#35.75
-93.1892,48.0634#35.43#28.72#35.85
-93.1268,48.0628#35.35#28.71#35.94
-93.0643,48.0622#35.26#28.7#36.04
-93.0019,48.0616#35.18#28.69#36.13
-92.9394,48.061#35.1#28.69#36.21
-92.8769,48.0603#35.02#28.68#36.3
-92.8145,48.0597#34.94#28.68#36.38
-92.752,48.059#34.86#28.67#36.47
-92.6896,48.0583#34.78#28.67#36.55
-92.6271,48.0576#34.7#28.66#36.64
-92.5647,48.0568#34.63#28.66#36.71
-92.5022,48.0561#34.55#28.65#36.8
-92.4398,48.0553#34.5#28.65#36.85
-92.3773,48.0545#34.45#28.65#36.9
-92.3149,48.0537#34.4#28.64#36.96
-92.2524,48.0528#34.35#28.64#37.01
-92.19,48.052#34.3#28.64#37.06
-92.1275,48.0511#34.24#28.63#37.13
-92.0651,48.0502#34.19#28.63#37.18
-92.0026,48.0493#34.14#28.63#37.23
-91.9402,48.0484#34.11#28.62#37.27
-91.8778,48.0474#34.07#28.62#37.31
-91.8153,48.0465#34.03#28.62#37.35
-91.7529,48.0455#34#28.62#37.38
-91.6904,48.0445#33.96#28.62#37.42
-91.628,48.0434#33.93#28.61#37.46
-91.5656,48.0424#33.89#28.61#37.5
-91.5031,48.0413#33.85#28.61#37.54
-91.4407,48.0402#33.84#28.61#37.55
-91.3783,48.0391#33.82#28.61#37.57
-91.3159,48.038#33.8#28.6#37.6
-91.2534,48.0368#33.79#28.6#37.61
-91.191,48.0357#33.77#28.6#37.63
-91.1286,48.0345#33.76#28.6#37.64
-91.0662,48.0333#33.74#28.6#37.66
-91.0037,48.0321#33.72#28.6#37.68
-90.9413,48.0308#33.73#28.59#37.68
-90.8789,48.0296#33.74#28.59#37.67
-90.8165,48.0283#33.75#28.59#37.66
-90.7541,48.027#33.76#28.59#37.65
-90.6917,48.0257#33.77#28.59#37.64
-90.6293,48.0243#33.77#28.59#37.64
-90.5668,48.023#33.78#28.59#37.63
-90.5044,48.0216#33.79#28.59#37.62
-90.442,48.0202#33.82#28.59#37.59
-90.3796,48.0188#33.85#28.59#37.56
-90.3172,48.0174#33.88#28.59#37.53
-90.2548,48.0159#33.92#28.58#37.5
-90.1924,48.0145#33.95#28.58#37.47
-90.1301,48.013#33.98#28.58#37.44
-90.0677,48.0115#34.01#28.58#37.41
-90.0053,48.0099#34.04#28.58#37.38
-89.9429,48.0084#34.07#28.58#37.35
-89.8805,48.0068#34.1#28.58#37.32
-89.8181,48.0052#34.13#28.58#37.29
-89.7557,48.0036#34.17#28.58#37.25
-89.6934,48.002#34.2#28.58#37.22
-89.631,48.0003#34.23#28.58#37.19
-89.5686,47.9987#34.26#28.58#37.16
-89.5062,47.997#34.29#28.58#37.13
-89.4439,47.9953#34.32#28.58#37.1
-89.3815,47.9936#34.35#28.58#37.07
-89.3191,47.9918#34.38#28.58#37.04
-89.2568,47.9901#34.4#28.58#37.02
-89.1944,47.9883#34.43#28.58#36.99
-89.1321,47.9865#34.46#28.58#36.96
-89.0697,47.9847#34.49#28.58#36.93
-89.0073,47.9828#34.51#28.58#36.91
-88.945,47.981#34.51#28.58#36.91
-88.8826,47.9791#34.51#28.58#36.91
-88.8203,47.9772#34.51#28.59#36.9
-88.758,47.9753#34.51#28.59#36.9
-88.6956,47.9734#34.5#28.59#36.91
-88.6333,47.9714#34.5#28.59#36.91
-88.5709,47.9695#34.5#28.59#36.91
-88.5086,47.9675#34.5#28.59#36.91
-88.4463,47.9655#34.46#28.6#36.94
-88.384,47.9634#34.42#28.61#36.97
-88.3216,47.9614#34.38#28.61#37.01
-88.2593,47.9593#34.34#28.62#37.04
-88.197,47.9572#34.3#28.63#37.07
-88.1347,47.9551#34.26#28.64#37.1
-88.0724,47.953#34.22#28.64#37.14
-88.0101,47.9509#34.18#28.65#37.17
-87.9478,47.9487#34.11#28.67#37.22
-87.8855,47.9465#34.04#28.68#37.28
-87.8232,47.9443#33.96#28.7#37.34
-87.7609,47.9421#33.89#28.72#37.39
-87.6986,47.9398#33.82#28.74#37.44
-87.6363,47.9376#33.74#28.76#37.5
-87.574,47.9353#33.67#28.77#37.56
-87.5117,47.933#33.59#28.79#37.62
-87.4494,47.9307#33.52#28.81#37.67
-87.3871,47.9284#33.45#28.84#37.71
-87.3249,47.926#33.38#28.86#37.76
-87.2626,47.9236#33.3#28.88#37.82
-87.2003,47.9212#33.23#28.9#37.87
-87.1381,47.9188#33.16#28.93#37.91
-87.0758,47.9164#33.09#28.95#37.96
-87.0135,47.9139#33.01#28.97#38.02
-86.9513,47.9115#32.96#29.01#38.03
-86.889,47.909#32.9#29.06#38.04
-86.8268,47.9065#32.85#29.1#38.05
-86.7645,47.9039#32.79#29.15#38.06
-86.7023,47.9014#32.74#29.2#38.06
-104.237,47.9025#42.68#29.26#28.06
-104.175,47.9054#42.64#29.28#28.08
-104.112,47.9082#42.61#29.31#28.08
-104.05,47.911#42.57#29.34#28.09
-103.988,47.9138#42.53#29.36#28.11
-103.926,47.9165#42.5#29.39#28.11
-103.863,47.9193#42.47#29.41#28.12
-103.801,47.922#42.43#29.43#28.14
-103.739,47.9247#42.4#29.45#28.15
-103.677,47.9274#42.36#29.48#28.16
-103.615,47.93#42.33#29.5#28.17
-103.552,47.9327#42.3#29.52#28.18
-103.49,47.9353#42.26#29.54#28.2
-103.428,47.9379#42.24#29.55#28.21
-103.365,47.9405#42.21#29.56#28.23
-103.303,47.9431#42.18#29.57#28.25
-103.241,47.9456#42.15#29.58#28.27
-103.179,47.9481#42.13#29.59#28.28
-103.116,47.9506#42.1#29.6#28.3
-103.054,47.9531#42.07#29.61#28.32
-102.992,47.9556#42.05#29.61#28.34
-102.93,47.9581#42.03#29.62#28.35
-102.867,47.9605#42.01#29.63#28.36
-102.805,47.9629#41.98#29.64#28.38
-102.743,47.9653#41.96#29.65#28.39
-102.68,47.9677#41.94#29.65#28.41
-102.618,47.97#41.92#29.66#28.42
-102.556,47.9724#41.9#29.67#28.43
-102.493,47.9747#41.88#29.68#28.44
-102.431,47.977#41.86#29.69#28.45
-102.369,47.9793#41.85#29.71#28.44
-102.307,47.9815#41.83#29.72#28.45
-102.244,47.9838#41.82#29.74#28.44
-102.182,47.986#41.8#29.75#28.45
-102.12,47.9882#41.79#29.76#28.45
-102.057,47.9904#41.77#29.78#28.45
-101.995,47.9925#41.75#29.79#28.46
-101.933,47.9947#41.74#29.81#28.45
-101.87,47.9968#41.73#29.82#28.45
-101.808,47.9989#41.72#29.84#28.44
-101.746,48.001#41.71#29.85#28.44
-101.683,48.0031#41.7#29.87#28.43
-101.621,48.0051#41.68#29.88#28.44
-101.558,48.0071#41.67#29.9#28.43
-101.496,48.0092#41.66#29.91#28.43
-101.434,48.0111#41.65#29.92#28.43
-101.371,48.0131#41.64#29.94#28.42
-101.309,48.0151#41.63#29.95#28.42
-101.247,48.017#41.62#29.96#28.42
-101.184,48.0189#41.61#29.98#28.41
-101.122,48.0208#41.6#29.99#28.41
-101.06,48.0227#41.58#30.01#28.41
-100.997,48.0245#41.57#30.02#28.41
-100.935,48.0264#41.56#30.03#28.41
-100.872,48.0282#41.55#30.04#28.41
-100.81,48.03#41.54#30.05#28.41
-100.748,48.0318#41.53#30.05#28.42
-100.685,48.0335#41.52#30.06#28.42
-100.623,48.0353#41.51#30.07#28.42
-100.56,48.037#41.5#30.08#28.42
-100.498,48.0387#41.49#30.09#28.42
-100.436,48.0404#41.47#30.09#28.44
-100.373,48.042#41.46#30.09#28.45
-100.311,48.0437#41.44#30.09#28.47
-100.248,48.0453#41.43#30.09#28.48
-100.186,48.0469#41.42#30.1#28.48
-100.124,48.0485#41.4#30.1#28.5
-100.061,48.0501#41.39#30.1#28.51
-99.9988,48.0516#41.37#30.1#28.53
-99.9363,48.0532#41.36#30.09#28.55
-99.8739,48.0547#41.34#30.09#28.57
-99.8115,48.0562#41.32#30.08#28.6
-99.7491,48.0576#41.31#30.08#28.61
-99.6866,48.0591#41.29#30.07#28.64
-99.6242,48.0605#41.28#30.07#28.65
-99.5618,48.0619#41.26#30.06#28.68
-99.4994,48.0633#41.24#30.06#28.7
-99.4369,48.0647#41.22#30.05#28.73
-99.3745,48.0661#41.2#30.04#28.76
-99.312,48.0674#41.19#30.03#28.78
-99.2496,48.0687#41.17#30.02#28.81
-99.1872,48.07#41.15#30.02#28.83
-99.1247,48.0713#41.13#30.01#28.86
-99.0623,48.0725#41.11#30#28.89
-98.9998,48.0738#41.09#29.99#28.92
-98.9374,48.075#41.07#29.98#28.95
-98.8749,48.0762#41.05#29.97#28.98
-98.8125,48.0774#41.03#29.97#29
-98.75,48.0786#41.01#29.96#29.03
-98.6876,48.0797#40.99#29.95#29.06
-98.6251,48.0808#40.97#29.94#29.09
-98.5627,48.0819#40.95#29.93#29.12
-98.5002,48.083#40.93#29.92#29.15
-98.4377,48.0841#40.91#29.92#29.17
-98.3753,48.0851#40.9#29.91#29.19
-98.3128,48.0862#40.88#29.9#29.22
-98.2503,48.0872#40.86#29.9#29.24
-98.1879,48.0882#40.84#29.89#29.27
-98.1254,48.0891#40.82#29.88#29.3
-98.0629,48.0901#40.81#29.87#29.32
-98.0005,48.091#40.79#29.87#29.34
-97.938,48.0919#40.77#29.86#29.37
-97.8755,48.0928#40.75#29.86#29.39
-97.813,48.0937#40.72#29.85#29.43
-97.7506,48.0946#40.7#29.85#29.45
-97.6881,48.0954#40.68#29.84#29.48
-97.6256,48.0962#40.66#29.84#29.5
-97.5631,48.097#40.64#29.83#29.53
-97.5007,48.0978#40.62#29.83#29.55
-97.4382,48.0986#40.6#29.83#29.57
-97.3757,48.0993#40.58#29.82#29.6
-97.3132,48.1#40.56#29.82#29.62
-97.2507,48.1007#40.53#29.82#29.65
-97.1882,48.1014#40.51#29.82#29.67
-97.1258,48.1021#40.49#29.82#29.69
-97.0633,48.1027#40.47#29.82#29.71
-97.0008,48.1033#40.45#29.82#29.73
-96.9383,48.104#40.43#29.82#29.75
-96.8758,48.1045#40.4#29.82#29.78
-96.8133,48.1051#40.38#29.83#29.79
-96.7508,48.1057#40.36#29.83#29.81
-96.6883,48.1062#40.34#29.83#29.83
-96.6258,48.1067#40.32#29.83#29.85
-96.5633,48.1072#40.29#29.84#29.87
-96.5009,48.1077#40.27#29.84#29.89
-96.4384,48.1081#40.23#29.83#29.94
-96.3759,48.1085#40.18#29.83#29.99
-96.3134,48.109#40.14#29.83#30.03
-96.2509,48.1094#40.09#29.82#30.09
-96.1884,48.1097#40.04#29.82#30.14
-96.1259,48.1101#40#29.82#30.18
-96.0634,48.1104#39.95#29.81#30.24
-96.0009,48.1107#39.91#29.81#30.28
-95.9384,48.111#39.82#29.79#30.39
-95.8759,48.1113#39.73#29.76#30.51
-95.8134,48.1116#39.65#29.74#30.61
-95.7509,48.1118#39.56#29.72#30.72
-95.6884,48.112#39.47#29.69#30.84
-95.6259,48.1122#39.39#29.67#30.94
-95.5634,48.1124#39.3#29.65#31.05
-95.5009,48.1126#39.21#29.62#31.17
-95.4384,48.1127#39.1#29.59#31.31
-95.3759,48.1129#38.98#29.56#31.46
-95.3134,48.113#38.86#29.53#31.61
-95.2509,48.1131#38.75#29.5#31.75
-95.1884,48.1131#38.63#29.48#31.89
-95.1259,48.1132#38.51#29.45#32.04
-95.0634,48.1132#38.4#29.42#32.18
-95.0009,48.1132#38.28#29.39#32.33
-94.9384,48.1132#38.17#29.35#32.48
-94.8759,48.1132#38.06#29.32#32.62
-94.8134,48.1131#37.95#29.29#32.76
-94.7509,48.1131#37.84#29.26#32.9
-94.6884,48.113#37.73#29.23#33.04
-94.6259,48.1129#37.62#29.2#33.18
-94.5634,48.1127#37.51#29.17#33.32
-94.5009,48.1126#37.4#29.14#33.46
-94.4383,48.1124#37.29#29.11#33.6
-94.3758,48.1122#37.19#29.09#33.72
-94.3133,48.112#37.08#29.06#33.86
-94.2508,48.1118#36.98#29.04#33.98
-94.1883,48.1116#36.87#29.01#34.12
-94.1258,48.1113#36.77#28.99#34.24
-94.0633,48.111#36.66#28.96#34.38
-94.0009,48.1107#36.56#28.94#34.5
-93.9384,48.1104#36.46#28.92#34.62
-93.8759,48.1101#36.37#28.9#34.73
-93.8134,48.1097#36.27#28.88#34.85
-93.7509,48.1094#36.17#28.87#34.96
-93.6884,48.109#36.07#28.85#35.08
-93.6259,48.1086#35.98#28.83#35.19
-93.5634,48.1081#35.88#28.81#35.31
-93.5009,48.1077#35.78#28.79#35.43
-93.4384,48.1072#35.7#28.78#35.52
-93.3759,48.1067#35.61#28.77#35.62
-93.3134,48.1062#35.52#28.76#35.72
-93.2509,48.1057#35.44#28.75#35.81
-93.1884,48.1051#35.35#28.74#35.91
-93.1259,48.1046#35.27#28.73#36
-93.0634,48.104#35.18#28.72#36.1
-93.0009,48.1034#35.09#28.71#36.2
-92.9385,48.1027#35.01#28.71#36.28
-92.876,48.1021#34.93#28.7#36.37
-92.8135,48.1014#34.85#28.69#36.46
-92.751,48.1007#34.77#28.69#36.54
-92.6885,48.1#34.69#28.68#36.63
-92.626,48.0993#34.61#28.68#36.71
-92.5635,48.0986#34.53#28.67#36.8
-92.5011,48.0978#34.45#28.67#36.88
-92.4386,48.097#34.4#28.66#36.94
-92.3761,48.0962#34.35#28.66#36.99
-92.3136,48.0954#34.3#28.66#37.04
-92.2512,48.0946#34.25#28.65#37.1
-92.1887,48.0937#34.19#28.65#37.16
-92.1262,48.0929#34.14#28.65#37.21
-92.0637,48.092#34.09#28.64#37.27
-92.0013,48.0911#34.04#28.64#37.32
-91.9388,48.0901#34#28.64#37.36
-91.8763,48.0892#33.97#28.64#37.39
-91.8138,48.0882#33.93#28.63#37.44
-91.7514,48.0872#33.89#28.63#37.48
-91.6889,48.0862#33.85#28.63#37.52
-91.6265,48.0852#33.82#28.63#37.55
-91.564,48.0841#33.78#28.62#37.6
-91.5015,48.0831#33.74#28.62#37.64
-91.4391,48.082#33.72#28.62#37.66
-91.3766,48.0809#33.71#28.62#37.67
-91.3142,48.0797#33.69#28.62#37.69
-91.2517,48.0786#33.67#28.62#37.71
-91.1892,48.0774#33.65#28.61#37.74
-91.1268,48.0762#33.64#28.61#37.75
-91.0643,48.075#33.62#28.61#37.77
-91.0019,48.0738#33.6#28.61#37.79
-90.9394,48.0726#33.61#28.61#37.78
-90.877,48.0713#33.62#28.61#37.77
-90.8146,48.07#33.62#28.61#37.77
-90.7521,48.0687#33.63#28.61#37.76
-90.6897,48.0674#33.64#28.6#37.76
-90.6272,48.0661#33.65#28.6#37.75
-90.5648,48.0647#33.66#28.6#37.74
-90.5024,48.0634#33.66#28.6#37.74
-90.4399,48.062#33.69#28.6#37.71
-90.3775,48.0606#33.73#28.6#37.67
-90.3151,48.0591#33.76#28.6#37.64
-90.2527,48.0577#33.79#28.6#37.61
-90.1902,48.0562#33.82#28.6#37.58
-90.1278,48.0547#33.85#28.6#37.55
-90.0654,48.0532#33.88#28.6#37.52
-90.003,48.0517#33.91#28.6#37.49
-89.9406,48.0501#33.95#28.59#37.46
-89.8781,48.0486#33.98#28.59#37.43
-89.8157,48.047#34.01#28.59#37.4
-89.7533,48.0454#34.04#28.59#37.37
-89.6909,48.0437#34.07#28.59#37.34
-89.6285,48.0421#34.1#28.59#37.31
-89.5661,48.0404#34.13#28.59#37.28
-89.5037,48.0387#34.16#28.59#37.25
-89.4413,48.037#34.19#28.59#37.22
-89.3789,48.0353#34.22#28.59#37.19
-89.3165,48.0336#34.25#28.59#37.16
-89.2541,48.0318#34.28#28.59#37.13
-89.1917,48.03#34.3#28.59#37.11
-89.1293,48.0282#34.33#28.59#37.08
-89.067,48.0264#34.36#28.59#37.05
-89.0046,48.0246#34.39#28.59#37.02
-88.9422,48.0227#34.39#28.6#37.01
-88.8798,48.0209#34.38#28.6#37.02
-88.8175,48.019#34.38#28.6#37.02
-88.7551,48.0171#34.38#28.6#37.02
-88.6927,48.0151#34.38#28.6#37.02
-88.6304,48.0132#34.37#28.6#37.03
-88.568,48.0112#34.37#28.6#37.03
-88.5056,48.0092#34.37#28.6#37.03
-88.4433,48.0072#34.33#28.61#37.06
-88.3809,48.0052#34.28#28.62#37.1
-88.3186,48.0031#34.24#28.62#37.14
-88.2562,48.0011#34.19#28.63#37.18
-88.1939,47.999#34.15#28.64#37.21
-88.1315,47.9969#34.1#28.64#37.26
-88.0692,47.9947#34.06#28.65#37.29
-88.0069,47.9926#34.02#28.66#37.32
-87.9445,47.9904#33.95#28.67#37.38
-87.8822,47.9882#33.87#28.69#37.44
-87.8199,47.986#33.8#28.7#37.5
-87.7575,47.9838#33.72#28.72#37.56
-87.6952,47.9816#33.65#28.74#37.61
-87.6329,47.9793#33.57#28.75#37.68
-87.5706,47.977#33.5#28.77#37.73
-87.5083,47.9747#33.42#28.79#37.79
-87.446,47.9724#33.35#28.81#37.84
-87.3836,47.9701#33.28#28.83#37.89
-87.3213,47.9677#33.21#28.85#37.94
-87.259,47.9654#33.13#28.87#38
-87.1967,47.963#33.06#28.89#38.05
-87.1345,47.9606#32.99#28.91#38.1
-87.0722,47.9581#32.92#28.93#38.15
-87.0099,47.9557#32.84#28.96#38.2
-86.9476,47.9532#32.79#29#38.21
-86.8853,47.9507#32.73#29.04#38.23
-86.823,47.9482#32.68#29.09#38.23
-86.7608,47.9457#32.62#29.14#38.24
-86.6985,47.9431#32.57#29.18#38.25
-86.6362,47.9406#32.51#29.23#38.26
-86.574,47.938#32.46#29.27#38.27
-86.5117,47.9354#32.41#29.32#38.27
-86.4494,47.9327#32.37#29.37#38.26
-86.3872,47.9301#32.34#29.43#38.23
-86.3249,47.9274#32.3#29.49#38.21
-86.2627,47.9248#32.27#29.55#38.18
