-95.0612,44.9#42.17#26.17#31.66
-95.0008,44.9#42.15#26.16#31.69
-94.9404,44.9#42.12#26.15#31.73
-99.0473,44.9#43.81#30.75#25.44
-98.9869,44.9012#43.78#30.76#25.46
-98.9265,44.9025#43.75#30.78#25.47
-98.8662,44.9037#43.72#30.79#25.49
-98.8058,44.9049#43.69#30.81#25.5
-98.7454,44.9061#43.66#30.82#25.52
-98.6851,44.9073#43.62#30.84#25.54
-98.6247,44.9084#43.59#30.85#25.56
-98.5643,44.9096#43.56#30.86#25.58
-98.504,44.9107#43.53#30.88#25.59
-98.4436,44.9118#43.5#30.86#25.64
-98.3832,44.9129#43.47#30.84#25.69
-98.3228,44.9139#43.44#30.82#25.74
-98.2625,44.915#43.41#30.8#25.79
-98.2021,44.916#43.38#30.79#25.83
-98.1417,44.917#43.34#30.77#25.89
-98.0813,44.918#43.31#30.75#25.94
-98.021,44.9189#43.28#30.73#25.99
-97.9606,44.9199#43.25#30.69#26.06
-97.9002,44.9208#43.23#30.63#26.14
-97.8398,44.9217#43.2#30.57#26.23
-97.7794,44.9226#43.17#30.51#26.32
-97.719,44.9235#43.15#30.45#26.4
-97.6586,44.9243#43.12#30.39#26.49
-97.5982,44.9251#43.09#30.33#26.58
-97.5379,44.9259#43.07#30.27#26.66
-97.4775,44.9267#43.04#30.16#26.8
-97.4171,44.9275#43.02#29.98#27
-97.3567,44.9283#43#29.8#27.2
-97.2963,44.929#42.98#29.62#27.4
-97.2359,44.9297#42.96#29.44#27.6
-97.1755,44.9304#42.94#29.26#27.8
-97.1151,44.9311#42.92#29.08#28
-97.0547,44.9317#42.9#28.9#28.2
-96.9943,44.9324#42.87#28.72#28.41
-96.9339,44.933#42.85#28.54#28.61
-96.8735,44.9336#42.83#28.36#28.81
-96.8131,44.9342#42.81#28.18#29.01
-96.7527,44.9347#42.79#28#29.21
-96.6923,44.9353#42.77#27.82#29.41
-96.6319,44.9358#42.75#27.64#29.61
-96.5715,44.9363#42.73#27.46#29.81
-96.5111,44.9368#42.71#27.28#30.01
-96.4507,44.9373#42.69#27.18#30.13
-96.3903,44.9377#42.67#27.1#30.23
-96.3299,44.9381#42.65#27.02#30.33
-96.2695,44.9386#42.62#26.93#30.45
-96.2091,44.9389#42.6#26.85#30.55
-96.1486,44.9393#42.58#26.77#30.65
-96.0882,44.9397#42.56#26.68#30.76
-96.0278,44.94#42.53#26.6#30.87
-95.9674,44.9403#42.51#26.55#30.94
-95.907,44.9406#42.49#26.51#31
-95.8466,44.9409#42.46#26.48#31.06
-95.7862,44.9411#42.44#26.44#31.12
-95.7258,44.9414#42.41#26.41#31.18
-95.6654,44.9416#42.39#26.38#31.23
-95.605,44.9418#42.36#26.34#31.3
-95.5445,44.942#42.34#26.31#31.35
-95.4841,44.9421#42.32#26.28#31.4
-95.4237,44.9423#42.29#26.27#31.44
-95.3633,44.9424#42.26#26.25#31.49
-95.3029,44.9425#42.24#26.24#31.52
-95.2425,44.9426#42.21#26.22#31.57
-95.1821,44.9427#42.18#26.21#31.61
-95.1217,44.9427#42.16#26.19#31.65
-95.0612,44.9428#42.13#26.18#31.69
-95.0008,44.9428#42.1#26.16#31.74
-94.9404,44.9428#42.08#26.16#31.76
-94.88,44.9427#42.05#26.15#31.8
-94.8196,44.9427#42.03#26.14#31.83
-94.7592,44.9426#42.01#26.14#31.85
-94.6988,44.9425#41.98#26.13#31.89
-94.6384,44.9424#41.96#26.12#31.92
-94.5779,44.9423#41.93#26.12#31.95
-94.5175,44.9422#41.91#26.11#31.98
-94.4571,44.942#41.88#26.11#32.01
-94.3967,44.9418#41.86#26.11#32.03
-94.3363,44.9416#41.84#26.1#32.06
-94.2759,44.9414#41.82#26.1#32.08
-94.2155,44.9412#41.79#26.1#32.11
-94.1551,44.9409#41.77#26.09#32.14
-94.0947,44.9406#41.75#26.09#32.16
-94.0343,44.9403#41.72#26.09#32.19
-93.9738,44.94#41.7#26.09#32.21
-93.9134,44.9397#41.68#26.09#32.23
-93.853,44.9393#41.67#26.08#32.25
-93.7926,44.939#41.65#26.08#32.27
-93.7322,44.9386#41.63#26.08#32.29
-93.6718,44.9382#41.61#26.08#32.31
-93.6114,44.9377#41.59#26.08#32.33
-93.551,44.9373#41.57#26.08#32.35
-93.4906,44.9368#41.55#26.08#32.37
-93.4302,44.9363#41.54#26.08#32.38
-93.3698,44.9358#41.53#26.08#32.39
-93.3094,44.9353#41.52#26.08#32.4
-93.249,44.9348#41.5#26.08#32.42
-93.1886,44.9342#41.49#26.08#32.43
-93.1282,44.9336#41.48#26.07#32.45
-93.0678,44.933#41.47#26.07#32.46
-93.0074,44.9324#41.45#26.07#32.48
-92.947,44.9318#41.45#26.07#32.48
-92.8866,44.9311#41.44#26.07#32.49
-92.8262,44.9304#41.44#26.07#32.49
-92.7658,44.9297#41.44#26.07#32.49
-92.7054,44.929#41.43#26.07#32.5
-92.645,44.9283#41.43#26.07#32.5
-92.5846,44.9275#41.42#26.07#32.51
-92.5242,44.9268#41.42#26.07#32.51
-92.4638,44.926#41.42#26.07#32.51
-92.4034,44.9252#41.43#26.07#32.5
-92.343,44.9243#41.44#26.07#32.49
-92.2826,44.9235#41.45#26.07#32.48
-92.2223,44.9226#41.46#26.07#32.47
-92.1619,44.9217#41.47#26.07#32.46
-92.1015,44.9208#41.48#26.07#32.45
-92.0411,44.9199#41.49#26.07#32.44
-91.9807,44.919#41.5#26.07#32.43
-91.9203,44.918#41.53#26.07#32.4
-91.86,44.917#41.55#26.07#32.38
-91.7996,44.916#41.57#26.08#32.35
-91.7392,44.915#41.6#26.08#32.32
-91.6788,44.914#41.62#26.08#32.3
-91.6184,44.9129#41.65#26.08#32.27
-91.5581,44.9118#41.67#26.08#32.25
-91.4977,44.9107#41.69#26.08#32.23
-91.4373,44.9096#41.73#26.09#32.18
-91.377,44.9085#41.76#26.1#32.14
-91.3166,44.9073#41.8#26.1#32.1
-91.2562,44.9062#41.83#26.11#32.06
-91.1959,44.905#41.87#26.12#32.01
-91.1355,44.9038#41.91#26.13#31.96
-91.0751,44.9025#41.94#26.13#31.93
-91.0148,44.9013#41.98#26.14#31.88
-90.9544,44.9#42.02#26.19#31.79
-100.679,44.9013#44.57#30.43#25
-100.618,44.9031#44.54#30.46#25
-100.558,44.9049#44.51#30.48#25.01
-100.498,44.9066#44.48#30.51#25.01
-100.437,44.9083#44.45#30.52#25.03
-100.377,44.91#44.42#30.52#25.06
-100.317,44.9117#44.39#30.52#25.09
-100.256,44.9134#44.36#30.53#25.11
-100.196,44.915#44.33#30.53#25.14
-100.136,44.9167#44.3#30.54#25.16
-100.075,44.9183#44.28#30.54#25.18
-100.015,44.9199#44.25#30.55#25.2
-99.9547,44.9214#44.22#30.55#25.23
-99.8943,44.923#44.19#30.56#25.25
-99.8339,44.9245#44.16#30.58#25.26
-99.7736,44.926#44.13#30.59#25.28
-99.7132,44.9275#44.1#30.6#25.3
-99.6528,44.929#44.07#30.61#25.32
-99.5925,44.9305#44.04#30.62#25.34
-99.5321,44.9319#44.02#30.63#25.35
-99.4717,44.9333#43.99#30.64#25.37
-99.4113,44.9347#43.96#30.65#25.39
-99.351,44.9361#43.93#30.66#25.41
-99.2906,44.9375#43.9#30.68#25.42
-99.2302,44.9388#43.87#30.69#25.44
-99.1698,44.9402#43.84#30.7#25.46
-99.1094,44.9415#43.81#30.71#25.48
-99.0491,44.9427#43.78#30.73#25.49
-98.9887,44.944#43.76#30.74#25.5
-98.9283,44.9453#43.72#30.75#25.53
-98.8679,44.9465#43.69#30.76#25.55
-98.8075,44.9477#43.66#30.78#25.56
-98.7471,44.9489#43.63#30.79#25.58
-98.6867,44.9501#43.6#30.8#25.6
-98.6263,44.9512#43.57#30.81#25.62
-98.5659,44.9523#43.54#30.82#25.64
-98.5055,44.9535#43.51#30.84#25.65
-98.4451,44.9546#43.48#30.82#25.7
-98.3847,44.9556#43.45#30.81#25.74
-98.3243,44.9567#43.42#30.8#25.78
-98.2639,44.9577#43.39#30.78#25.83
-98.2035,44.9588#43.35#30.77#25.88
-98.1431,44.9598#43.32#30.75#25.93
-98.0827,44.9607#43.29#30.74#25.97
-98.0223,44.9617#43.26#30.73#26.01
-97.9619,44.9626#43.23#30.69#26.08
-97.9015,44.9636#43.2#30.63#26.17
-97.8411,44.9645#43.18#30.58#26.24
-97.7807,44.9654#43.15#30.52#26.33
-97.7202,44.9662#43.12#30.46#26.42
-97.6598,44.9671#43.1#30.41#26.49
-97.5994,44.9679#43.07#30.35#26.58
-97.539,44.9687#43.04#30.3#26.66
-97.4786,44.9695#43.02#30.2#26.78
-97.4182,44.9703#43#30.03#26.97
-97.3577,44.971#42.98#29.85#27.17
-97.2973,44.9718#42.95#29.68#27.37
-97.2369,44.9725#42.93#29.5#27.57
-97.1765,44.9732#42.91#29.33#27.76
-97.116,44.9738#42.89#29.15#27.96
-97.0556,44.9745#42.87#28.98#28.15
-96.9952,44.9751#42.85#28.8#28.35
-96.9348,44.9758#42.83#28.62#28.55
-96.8743,44.9764#42.81#28.44#28.75
-96.8139,44.9769#42.79#28.26#28.95
-96.7535,44.9775#42.76#28.07#29.17
-96.693,44.9781#42.74#27.89#29.37
-96.6326,44.9786#42.72#27.71#29.57
-96.5722,44.9791#42.7#27.53#29.77
-96.5118,44.9796#42.68#27.34#29.98
-96.4513,44.98#42.66#27.24#30.1
-96.3909,44.9805#42.64#27.15#30.21
-96.3305,44.9809#42.61#27.06#30.33
-96.27,44.9813#42.59#26.98#30.43
-96.2096,44.9817#42.57#26.89#30.54
-96.1492,44.9821#42.55#26.8#30.65
-96.0887,44.9824#42.52#26.71#30.77
-96.0283,44.9828#42.5#26.62#30.88
-95.9678,44.9831#42.48#26.57#30.95
-95.9074,44.9834#42.45#26.53#31.02
-95.847,44.9837#42.43#26.5#31.07
-95.7865,44.9839#42.4#26.46#31.14
-95.7261,44.9842#42.38#26.43#31.19
-95.6657,44.9844#42.35#26.39#31.26
-95.6052,44.9846#42.33#26.36#31.31
-95.5448,44.9848#42.3#26.32#31.38
-95.4843,44.9849#42.28#26.29#31.43
-95.4239,44.9851#42.25#26.28#31.47
-95.3635,44.9852#42.22#26.26#31.52
-95.303,44.9853#42.2#26.24#31.56
-95.2426,44.9854#42.17#26.23#31.6
-95.1822,44.9854#42.14#26.21#31.65
-95.1217,44.9855#42.11#26.2#31.69
-95.0613,44.9855#42.09#26.18#31.73
-95.0008,44.9855#42.06#26.17#31.77
-94.9404,44.9855#42.03#26.16#31.81
-94.88,44.9855#42.01#26.15#31.84
-94.8195,44.9854#41.98#26.15#31.87
-94.7591,44.9854#41.96#26.14#31.9
-94.6986,44.9853#41.93#26.13#31.94
-94.6382,44.9852#41.91#26.13#31.96
-94.5778,44.9851#41.88#26.12#32
-94.5173,44.9849#41.86#26.11#32.03
-94.4569,44.9848#41.83#26.11#32.06
-94.3964,44.9846#41.81#26.11#32.08
-94.336,44.9844#41.78#26.1#32.12
-94.2756,44.9842#41.76#26.1#32.14
-94.2151,44.9839#41.73#26.1#32.17
-94.1547,44.9837#41.71#26.1#32.19
-94.0943,44.9834#41.69#26.09#32.22
-94.0338,44.9831#41.66#26.09#32.25
-93.9734,44.9828#41.64#26.09#32.27
-93.913,44.9824#41.62#26.09#32.29
-93.8525,44.9821#41.6#26.09#32.31
-93.7921,44.9817#41.58#26.08#32.34
-93.7316,44.9813#41.56#26.08#32.36
-93.6712,44.9809#41.54#26.08#32.38
-93.6108,44.9805#41.52#26.08#32.4
-93.5503,44.98#41.5#26.08#32.42
-93.4899,44.9796#41.48#26.08#32.44
-93.4295,44.9791#41.47#26.08#32.45
-93.3691,44.9786#41.46#26.08#32.46
-93.3086,44.9781#41.44#26.08#32.48
-93.2482,44.9775#41.43#26.08#32.49
-93.1878,44.977#41.41#26.08#32.51
-93.1273,44.9764#41.4#26.07#32.53
-93.0669,44.9758#41.39#26.07#32.54
-93.0065,44.9752#41.37#26.07#32.56
-92.9461,44.9745#41.37#26.07#32.56
-92.8856,44.9739#41.36#26.07#32.57
-92.8252,44.9732#41.36#26.07#32.57
-92.7648,44.9725#41.35#26.07#32.58
-92.7044,44.9718#41.35#26.07#32.58
-92.6439,44.971#41.34#26.07#32.59
-92.5835,44.9703#41.34#26.07#32.59
-92.5231,44.9695#41.33#26.07#32.6
-92.4627,44.9687#41.33#26.07#32.6
-92.4023,44.9679#41.34#26.07#32.59
-92.3418,44.9671#41.35#26.07#32.58
-92.2814,44.9662#41.36#26.07#32.57
-92.221,44.9654#41.37#26.07#32.56
-92.1606,44.9645#41.38#26.07#32.55
-92.1002,44.9636#41.39#26.07#32.54
-92.0398,44.9627#41.39#26.07#32.54
-91.9794,44.9617#41.41#26.07#32.52
-91.919,44.9608#41.43#26.07#32.5
-91.8586,44.9598#41.45#26.07#32.48
-91.7981,44.9588#41.48#26.08#32.44
-91.7377,44.9578#41.5#26.08#32.42
-91.6773,44.9567#41.52#26.08#32.4
-91.6169,44.9557#41.55#26.08#32.37
-91.5565,44.9546#41.57#26.08#32.35
-91.4961,44.9535#41.59#26.08#32.33
-91.4357,44.9524#41.63#26.09#32.28
-91.3753,44.9512#41.66#26.09#32.25
-91.3149,44.9501#41.7#26.1#32.2
-91.2546,44.9489#41.73#26.11#32.16
-91.1942,44.9477#41.77#26.11#32.12
-91.1338,44.9465#41.8#26.12#32.08
-91.0734,44.9453#41.84#26.13#32.03
-91.013,44.944#41.87#26.13#32
-90.9526,44.9428#41.92#26.18#31.9
-90.8922,44.9415#41.97#26.23#31.8
-90.8318,44.9402#42.02#26.29#31.69
-90.7715,44.9389#42.06#26.34#31.6
-90.7111,44.9375#42.11#26.39#31.5
-90.6507,44.9362#42.16#26.45#31.39
-90.5903,44.9348#42.21#26.5#31.29
-90.5299,44.9334#42.26#26.56#31.18
-90.4696,44.932#42.31#26.64#31.05
-90.4092,44.9305#42.36#26.73#30.91
-90.3488,44.9291#42.42#26.82#30.76
-90.2885,44.9276#42.47#26.91#30.62
-90.2281,44.9261#42.53#27.01#30.46
-90.1677,44.9246#42.58#27.1#30.32
-90.1074,44.923#42.64#27.19#30.17
-90.047,44.9215#42.69#27.29#30.02
-89.9867,44.9199#42.75#27.39#29.86
-89.9263,44.9183#42.8#27.54#29.66
-89.8659,44.9167#42.86#27.68#29.46
-89.8056,44.9151#42.92#27.83#29.25
-89.7452,44.9134#42.98#27.97#29.05
-89.6849,44.9118#43.04#28.12#28.84
-89.6246,44.9101#43.1#28.26#28.64
-89.5642,44.9084#43.16#28.41#28.43
-89.5039,44.9067#43.22#28.56#28.22
-89.4435,44.9049#43.28#28.69#28.03
-89.3832,44.9032#43.35#28.81#27.84
-89.3229,44.9014#43.41#28.93#27.66
-102.009,44.9#45.32#29.21#25.47
-101.948,44.9023#45.28#29.3#25.42
-101.888,44.9044#45.24#29.38#25.38
-101.828,44.9066#45.2#29.46#25.34
-101.767,44.9087#45.16#29.54#25.3
-101.707,44.9109#45.12#29.62#25.26
-101.647,44.913#45.08#29.69#25.23
-101.586,44.9151#45.05#29.77#25.18
-101.526,44.9171#45.01#29.85#25.14
-101.466,44.9192#44.97#29.91#25.12
-101.405,44.9212#44.94#29.96#25.1
-101.345,44.9232#44.9#30.01#25.09
-101.285,44.9252#44.87#30.06#25.07
-101.224,44.9272#44.84#30.11#25.05
-101.164,44.9291#44.8#30.16#25.04
-101.104,44.9311#44.77#30.21#25.02
-101.043,44.933#44.74#30.26#25
-100.983,44.9349#44.7#30.3#25
-100.923,44.9368#44.67#30.33#25
-100.862,44.9386#44.64#30.36#25
-100.802,44.9404#44.61#30.38#25.01
-100.742,44.9423#44.58#30.41#25.01
-100.681,44.9441#44.55#30.44#25.01
-100.621,44.9459#44.52#30.46#25.02
-100.561,44.9476#44.49#30.49#25.02
-100.5,44.9494#44.46#30.52#25.02
-100.44,44.9511#44.43#30.52#25.05
-100.38,44.9528#44.4#30.52#25.08
-100.319,44.9545#44.37#30.53#25.1
-100.259,44.9561#44.34#30.53#25.13
-100.198,44.9578#44.31#30.53#25.16
-100.138,44.9594#44.28#30.54#25.18
-100.078,44.961#44.26#30.54#25.2
-100.017,44.9626#44.23#30.55#25.22
-99.9569,44.9642#44.2#30.55#25.25
-99.8965,44.9657#44.17#30.56#25.27
-99.8361,44.9673#44.14#30.57#25.29
-99.7757,44.9688#44.11#30.58#25.31
-99.7153,44.9703#44.08#30.59#25.33
-99.6549,44.9718#44.05#30.6#25.35
-99.5945,44.9732#44.02#30.61#25.37
-99.5341,44.9747#43.99#30.61#25.4
-99.4737,44.9761#43.97#30.62#25.41
-99.4133,44.9775#43.94#30.64#25.42
-99.3529,44.9789#43.91#30.65#25.44
-99.2925,44.9802#43.88#30.66#25.46
-99.2321,44.9816#43.85#30.67#25.48
-99.1717,44.9829#43.82#30.68#25.5
-99.1113,44.9842#43.79#30.69#25.52
-99.0509,44.9855#43.76#30.7#25.54
-98.9905,44.9868#43.73#30.71#25.56
-98.93,44.988#43.7#30.72#25.58
-98.8696,44.9892#43.67#30.73#25.6
-98.8092,44.9904#43.64#30.74#25.62
-98.7488,44.9916#43.61#30.75#25.64
-98.6884,44.9928#43.58#30.76#25.66
-98.6279,44.994#43.55#30.77#25.68
-98.5675,44.9951#43.52#30.78#25.7
-98.5071,44.9962#43.49#30.79#25.72
-98.4467,44.9973#43.46#30.79#25.75
-98.3862,44.9984#43.43#30.78#25.79
-98.3258,44.9994#43.4#30.77#25.83
-98.2654,45.0005#43.36#30.76#25.88
-98.205,45.0015#43.33#30.75#25.92
-98.1445,45.0025#43.3#30.74#25.96
-98.0841,45.0035#43.27#30.73#26
-98.0236,45.0045#43.24#30.72#26.04
-97.9632,45.0054#43.21#30.69#26.1
-97.9028,45.0063#43.18#30.64#26.18
-97.8423,45.0072#43.16#30.58#26.26
-97.7819,45.0081#43.13#30.53#26.34
-97.7215,45.009#43.1#30.48#26.42
-97.661,45.0098#43.07#30.43#26.5
-97.6006,45.0107#43.05#30.38#26.57
-97.5401,45.0115#43.02#30.33#26.65
-97.4797,45.0123#43#30.24#26.76
-97.4192,45.013#42.97#30.07#26.96
-97.3588,45.0138#42.95#29.9#27.15
-97.2983,45.0145#42.93#29.73#27.34
-97.2379,45.0152#42.91#29.56#27.53
-97.1774,45.0159#42.89#29.39#27.72
-97.117,45.0166#42.87#29.23#27.9
-97.0565,45.0173#42.84#29.06#28.1
-96.9961,45.0179#42.82#28.89#28.29
-96.9356,45.0185#42.8#28.71#28.49
-96.8752,45.0191#42.78#28.52#28.7
-96.8147,45.0197#42.76#28.34#28.9
-96.7543,45.0203#42.74#28.15#29.11
-96.6938,45.0208#42.72#27.96#29.32
-96.6333,45.0213#42.69#27.78#29.53
-96.5729,45.0218#42.67#27.59#29.74
-96.5124,45.0223#42.65#27.41#29.94
-96.452,45.0228#42.63#27.3#30.07
-96.3915,45.0232#42.61#27.2#30.19
-96.3311,45.0237#42.58#27.11#30.31
-96.2706,45.0241#42.56#27.02#30.42
-96.2101,45.0245#42.54#26.93#30.53
-96.1497,45.0248#42.51#26.83#30.66
-96.0892,45.0252#42.49#26.74#30.77
-96.0287,45.0255#42.47#26.65#30.88
-95.9683,45.0258#42.44#26.59#30.97
-95.9078,45.0261#42.42#26.55#31.03
-95.8474,45.0264#42.39#26.51#31.1
-95.7869,45.0267#42.37#26.48#31.15
-95.7264,45.0269#42.34#26.44#31.22
-95.666,45.0271#42.32#26.41#31.27
-95.6055,45.0273#42.29#26.37#31.34
-95.545,45.0275#42.27#26.33#31.4
-95.4846,45.0277#42.24#26.3#31.46
-95.4241,45.0278#42.21#26.29#31.5
-95.3636,45.0279#42.18#26.27#31.55
-95.3032,45.028#42.15#26.25#31.6
-95.2427,45.0281#42.13#26.24#31.63
-95.1822,45.0282#42.1#26.22#31.68
-95.1218,45.0282#42.07#26.2#31.73
-95.0613,45.0283#42.04#26.19#31.77
-95.0008,45.0283#42.02#26.17#31.81
-94.9404,45.0283#41.99#26.16#31.85
-94.8799,45.0283#41.96#26.16#31.88
-94.8194,45.0282#41.94#26.15#31.91
-94.759,45.0281#41.91#26.14#31.95
-94.6985,45.0281#41.88#26.14#31.98
-94.638,45.0279#41.86#26.13#32.01
-94.5776,45.0278#41.83#26.12#32.05
-94.5171,45.0277#41.8#26.12#32.08
-94.4566,45.0275#41.78#26.11#32.11
-94.3962,45.0273#41.75#26.11#32.14
-94.3357,45.0271#41.73#26.11#32.16
-94.2752,45.0269#41.7#26.1#32.2
-94.2148,45.0267#41.68#26.1#32.22
-94.1543,45.0264#41.65#26.1#32.25
-94.0939,45.0261#41.63#26.09#32.28
-94.0334,45.0259#41.6#26.09#32.31
-93.9729,45.0255#41.58#26.09#32.33
-93.9125,45.0252#41.56#26.09#32.35
-93.852,45.0249#41.54#26.09#32.37
-93.7915,45.0245#41.52#26.08#32.4
-93.7311,45.0241#41.49#26.08#32.43
-93.6706,45.0237#41.47#26.08#32.45
-93.6102,45.0233#41.45#26.08#32.47
-93.5497,45.0228#41.43#26.08#32.49
-93.4892,45.0223#41.41#26.08#32.51
-93.4288,45.0219#41.4#26.08#32.52
-93.3683,45.0213#41.38#26.08#32.54
-93.3079,45.0208#41.37#26.08#32.55
-93.2474,45.0203#41.35#26.08#32.57
-93.187,45.0197#41.34#26.08#32.58
-93.1265,45.0191#41.32#26.08#32.6
-93.066,45.0185#41.31#26.07#32.62
-93.0056,45.0179#41.29#26.07#32.64
-92.9451,45.0173#41.29#26.07#32.64
-92.8847,45.0166#41.28#26.07#32.65
-92.8242,45.0159#41.27#26.07#32.66
-92.7638,45.0153#41.27#26.07#32.66
-92.7033,45.0145#41.26#26.07#32.67
-92.6429,45.0138#41.25#26.07#32.68
-92.5824,45.0131#41.25#26.07#32.68
-92.522,45.0123#41.24#26.07#32.69
-92.4615,45.0115#41.24#26.07#32.69
-92.4011,45.0107#41.25#26.07#32.68
-92.3407,45.0098#41.26#26.07#32.67
-92.2802,45.009#41.27#26.07#32.66
-92.2198,45.0081#41.28#26.07#32.65
-92.1593,45.0072#41.28#26.07#32.65
-92.0989,45.0063#41.29#26.07#32.64
-92.0385,45.0054#41.3#26.07#32.63
-91.978,45.0045#41.31#26.07#32.62
-91.9176,45.0035#41.34#26.07#32.59
-91.8572,45.0025#41.36#26.07#32.57
-91.7967,45.0015#41.38#26.08#32.54
-91.7363,45.0005#41.4#26.08#32.52
-91.6759,44.9995#41.43#26.08#32.49
-91.6154,44.9984#41.45#26.08#32.47
-91.555,44.9973#41.47#26.08#32.45
-91.4946,44.9962#41.49#26.08#32.43
-91.4341,44.9951#41.53#26.09#32.38
-91.3737,44.994#41.56#26.09#32.35
-91.3133,44.9928#41.6#26.1#32.3
-91.2529,44.9917#41.63#26.1#32.27
-91.1925,44.9905#41.66#26.11#32.23
-91.132,44.9893#41.7#26.12#32.18
-91.0716,44.988#41.73#26.12#32.15
-91.0112,44.9868#41.77#26.13#32.1
-90.9508,44.9855#41.81#26.17#32.02
-90.8904,44.9842#41.86#26.21#31.93
-90.83,44.9829#41.91#26.26#31.83
-90.7696,44.9816#41.96#26.31#31.73
-90.7092,44.9803#42.01#26.36#31.63
-90.6488,44.9789#42.06#26.41#31.53
-90.5884,44.9775#42.11#26.46#31.43
-90.528,44.9761#42.16#26.51#31.33
-90.4676,44.9747#42.21#26.58#31.21
-90.4072,44.9733#42.26#26.67#31.07
-90.3468,44.9718#42.32#26.76#30.92
-90.2864,44.9703#42.37#26.85#30.78
-90.226,44.9688#42.42#26.95#30.63
-90.1656,44.9673#42.48#27.04#30.48
-90.1052,44.9658#42.53#27.13#30.34
-90.0448,44.9642#42.59#27.22#30.19
-89.9844,44.9627#42.64#27.33#30.03
-89.924,44.9611#42.7#27.46#29.84
-89.8637,44.9595#42.76#27.6#29.64
-89.8033,44.9578#42.82#27.74#29.44
-89.7429,44.9562#42.88#27.88#29.24
-89.6825,44.9545#42.94#28.02#29.04
-89.6222,44.9528#43#28.16#28.84
-89.5618,44.9511#43.05#28.3#28.65
-89.5014,44.9494#43.11#28.45#28.44
-89.4411,44.9477#43.18#28.58#28.24
-89.3807,44.9459#43.24#28.71#28.05
-89.3203,44.9441#43.3#28.84#27.86
-89.26,44.9423#43.37#28.96#27.67
-89.1996,44.9405#43.43#29.09#27.48
-89.1393,44.9387#43.49#29.22#27.29
-89.0789,44.9368#43.56#29.35#27.09
-89.0186,44.9349#43.62#29.48#26.9
-88.9582,44.933#43.68#29.56#26.76
-88.8979,44.9311#43.74#29.62#26.64
-88.8375,44.9292#43.8#29.68#26.52
-88.7772,44.9272#43.86#29.74#26.4
-88.7168,44.9253#43.91#29.79#26.3
-88.6565,44.9233#43.97#29.85#26.18
-88.5962,44.9213#44.03#29.91#26.06
-88.5358,44.9192#44.09#29.97#25.94
-88.4755,44.9172#44.15#30.01#25.84
-88.4152,44.9151#44.21#30.03#25.76
-88.3549,44.913#44.26#30.05#25.69
-88.2946,44.9109#44.32#30.08#25.6
-88.2342,44.9088#44.37#30.1#25.53
-88.1739,44.9067#44.43#30.12#25.45
-88.1136,44.9045#44.48#30.14#25.38
-88.0533,44.9023#44.54#30.16#25.3
-87.993,44.9001#44.59#30.18#25.23
-103.037,44.9024#46.13#26.5#27.37
-102.977,44.905#46.08#26.56#27.36
-102.916,44.9075#46.02#26.73#27.25
-102.856,44.91#45.97#26.89#27.14
-102.796,44.9124#45.92#27.05#27.03
-102.736,44.9149#45.86#27.21#26.93
-102.675,44.9173#45.81#27.37#26.82
-102.615,44.9197#45.76#27.53#26.71
-102.555,44.9221#45.71#27.69#26.6
-102.494,44.9245#45.66#27.85#26.49
-102.434,44.9268#45.61#28.02#26.37
-102.374,44.9292#45.56#28.19#26.25
-102.313,44.9315#45.52#28.36#26.12
-102.253,44.9338#45.47#28.53#26
-102.193,44.9361#45.43#28.7#25.87
-102.132,44.9383#45.38#28.87#25.75
-102.072,44.9406#45.34#29.04#25.62
-102.012,44.9428#45.29#29.21#25.5
-101.951,44.945#45.26#29.3#25.44
-101.891,44.9472#45.22#29.38#25.4
-101.831,44.9493#45.18#29.46#25.36
-101.77,44.9515#45.14#29.54#25.32
-101.71,44.9536#45.1#29.62#25.28
-101.65,44.9557#45.06#29.7#25.24
-101.589,44.9578#45.03#29.78#25.19
-101.529,44.9599#44.99#29.86#25.15
-101.469,44.9619#44.95#29.93#25.12
-101.408,44.9639#44.92#29.98#25.1
-101.348,44.9659#44.88#30.03#25.09
-101.288,44.9679#44.85#30.08#25.07
-101.227,44.9699#44.82#30.13#25.05
-101.167,44.9719#44.78#30.18#25.04
-101.107,44.9738#44.75#30.23#25.02
-101.046,44.9757#44.72#30.28#25
-100.986,44.9776#44.68#30.32#25
-100.925,44.9795#44.65#30.35#25
-100.865,44.9813#44.62#30.37#25.01
-100.805,44.9832#44.59#30.4#25.01
-100.744,44.985#44.56#30.42#25.02
-100.684,44.9868#44.53#30.45#25.02
-100.623,44.9886#44.5#30.47#25.03
-100.563,44.9903#44.47#30.49#25.04
-100.503,44.9921#44.44#30.52#25.04
-100.442,44.9938#44.41#30.52#25.07
-100.382,44.9955#44.38#30.53#25.09
-100.322,44.9972#44.35#30.53#25.12
-100.261,44.9989#44.32#30.53#25.15
-100.201,45.0005#44.29#30.54#25.17
-100.14,45.0022#44.26#30.54#25.2
-100.08,45.0038#44.24#30.54#25.22
-100.019,45.0054#44.21#30.55#25.24
-99.9591,45.0069#44.18#30.55#25.27
-99.8987,45.0085#44.15#30.56#25.29
-99.8382,45.01#44.12#30.57#25.31
-99.7778,45.0115#44.09#30.57#25.34
-99.7174,45.013#44.06#30.58#25.36
-99.657,45.0145#44.03#30.59#25.38
-99.5966,45.016#44#30.6#25.4
-99.5361,45.0174#43.97#30.6#25.43
-99.4757,45.0188#43.94#30.61#25.45
-99.4153,45.0202#43.92#30.62#25.46
-99.3549,45.0216#43.89#30.63#25.48
-99.2944,45.023#43.86#30.64#25.5
-99.234,45.0243#43.83#30.65#25.52
-99.1736,45.0256#43.8#30.66#25.54
-99.1131,45.0269#43.77#30.67#25.56
-99.0527,45.0282#43.74#30.68#25.58
-98.9922,45.0295#43.71#30.69#25.6
-98.9318,45.0307#43.68#30.7#25.62
-98.8714,45.032#43.65#30.71#25.64
-98.8109,45.0332#43.62#30.71#25.67
-98.7505,45.0344#43.59#30.72#25.69
-98.69,45.0356#43.56#30.73#25.71
-98.6296,45.0367#43.53#30.74#25.73
-98.5691,45.0378#43.5#30.75#25.75
-98.5087,45.039#43.47#30.75#25.78
-98.4482,45.0401#43.44#30.75#25.81
-98.3878,45.0411#43.41#30.74#25.85
-98.3273,45.0422#43.37#30.74#25.89
-98.2668,45.0432#43.34#30.74#25.92
-98.2064,45.0442#43.31#30.73#25.96
-98.1459,45.0452#43.28#30.73#25.99
-98.0855,45.0462#43.25#30.72#26.03
-98.025,45.0472#43.22#30.72#26.06
-97.9645,45.0481#43.19#30.69#26.12
-97.9041,45.0491#43.16#30.64#26.2
-97.8436,45.05#43.13#30.59#26.28
-97.7831,45.0509#43.11#30.55#26.34
-97.7227,45.0517#43.08#30.5#26.42
-97.6622,45.0526#43.05#30.45#26.5
-97.6017,45.0534#43.02#30.4#26.58
-97.5413,45.0542#43#30.36#26.64
-97.4808,45.055#42.97#30.27#26.76
-97.4203,45.0558#42.95#30.11#26.94
-97.3598,45.0565#42.93#29.95#27.12
-97.2994,45.0573#42.91#29.79#27.3
-97.2389,45.058#42.88#29.62#27.5
-97.1784,45.0587#42.86#29.46#27.68
-97.1179,45.0593#42.84#29.3#27.86
-97.0574,45.06#42.82#29.14#28.04
-96.997,45.0606#42.8#28.98#28.22
-96.9365,45.0613#42.77#28.79#28.44
-96.876,45.0619#42.75#28.6#28.65
-96.8155,45.0624#42.73#28.41#28.86
-96.755,45.063#42.71#28.23#29.06
-96.6946,45.0636#42.69#28.04#29.27
-96.6341,45.0641#42.67#27.85#29.48
-96.5736,45.0646#42.64#27.66#29.7
-96.5131,45.0651#42.62#27.47#29.91
-96.4526,45.0655#42.6#27.36#30.04
-96.3921,45.066#42.58#27.26#30.16
-96.3316,45.0664#42.55#27.16#30.29
-96.2712,45.0668#42.53#27.06#30.41
-96.2107,45.0672#42.51#26.97#30.52
-96.1502,45.0676#42.48#26.87#30.65
-96.0897,45.0679#42.46#26.77#30.77
-96.0292,45.0683#42.44#26.67#30.89
-95.9687,45.0686#42.41#26.61#30.98
-95.9082,45.0689#42.38#26.57#31.05
-95.8477,45.0692#42.36#26.53#31.11
-95.7872,45.0694#42.33#26.49#31.18
-95.7267,45.0697#42.31#26.46#31.23
-95.6663,45.0699#42.28#26.42#31.3
-95.6058,45.0701#42.25#26.38#31.37
-95.5453,45.0703#42.23#26.35#31.42
-95.4848,45.0704#42.2#26.31#31.49
-95.4243,45.0706#42.17#26.3#31.53
-95.3638,45.0707#42.14#26.28#31.58
-95.3033,45.0708#42.11#26.26#31.63
-95.2428,45.0709#42.09#26.24#31.67
-95.1823,45.0709#42.06#26.23#31.71
-95.1218,45.071#42.03#26.21#31.76
-95.0613,45.071#42#26.19#31.81
-95.0008,45.071#41.97#26.17#31.86
-94.9403,45.071#41.94#26.17#31.89
-94.8798,45.071#41.92#26.16#31.92
-94.8194,45.0709#41.89#26.15#31.96
-94.7589,45.0709#41.86#26.15#31.99
-94.6984,45.0708#41.83#26.14#32.03
-94.6379,45.0707#41.81#26.13#32.06
-94.5774,45.0706#41.78#26.12#32.1
-94.5169,45.0704#41.75#26.12#32.13
-94.4564,45.0703#41.73#26.11#32.16
-94.3959,45.0701#41.7#26.11#32.19
-94.3354,45.0699#41.67#26.11#32.22
-94.2749,45.0697#41.65#26.1#32.25
-94.2144,45.0694#41.62#26.1#32.28
-94.1539,45.0692#41.59#26.1#32.31
-94.0935,45.0689#41.57#26.09#32.34
-94.033,45.0686#41.54#26.09#32.37
-93.9725,45.0683#41.52#26.09#32.39
-93.912,45.0679#41.49#26.09#32.42
-93.8515,45.0676#41.47#26.09#32.44
-93.791,45.0672#41.45#26.08#32.47
-93.7305,45.0668#41.43#26.08#32.49
-93.67,45.0664#41.41#26.08#32.51
-93.6095,45.066#41.38#26.08#32.54
-93.5491,45.0655#41.36#26.08#32.56
-93.4886,45.0651#41.34#26.08#32.58
-93.4281,45.0646#41.33#26.08#32.59
-93.3676,45.0641#41.31#26.08#32.61
-93.3071,45.0636#41.29#26.08#32.63
-93.2466,45.063#41.28#26.08#32.64
-93.1861,45.0625#41.26#26.08#32.66
-93.1257,45.0619#41.24#26.08#32.68
-93.0652,45.0613#41.23#26.07#32.7
-93.0047,45.0607#41.21#26.07#32.72
-92.9442,45.06#41.2#26.07#32.73
-92.8837,45.0594#41.2#26.07#32.73
-92.8233,45.0587#41.19#26.07#32.74
-92.7628,45.058#41.18#26.07#32.75
-92.7023,45.0573#41.17#26.07#32.76
-92.6418,45.0565#41.17#26.07#32.76
-92.5814,45.0558#41.16#26.07#32.77
-92.5209,45.055#41.15#26.07#32.78
-92.4604,45.0542#41.15#26.07#32.78
-92.3999,45.0534#41.16#26.07#32.77
-92.3395,45.0526#41.17#26.07#32.76
-92.279,45.0517#41.17#26.07#32.76
-92.2185,45.0509#41.18#26.07#32.75
-92.1581,45.05#41.19#26.07#32.74
-92.0976,45.0491#41.2#26.07#32.73
-92.0371,45.0482#41.2#26.07#32.73
-91.9767,45.0472#41.22#26.07#32.71
-91.9162,45.0463#41.24#26.07#32.69
-91.8557,45.0453#41.26#26.07#32.67
-91.7953,45.0443#41.28#26.07#32.65
-91.7348,45.0433#41.3#26.08#32.62
-91.6744,45.0422#41.33#26.08#32.59
-91.6139,45.0412#41.35#26.08#32.57
-91.5535,45.0401#41.37#26.08#32.55
-91.493,45.039#41.39#26.08#32.53
-91.4326,45.0379#41.43#26.08#32.49
-91.3721,45.0367#41.46#26.09#32.45
-91.3117,45.0356#41.49#26.09#32.42
-91.2512,45.0344#41.53#26.1#32.37
-91.1908,45.0332#41.56#26.1#32.34
-91.1303,45.032#41.6#26.11#32.29
-91.0699,45.0308#41.63#26.12#32.25
-91.0094,45.0295#41.66#26.12#32.22
-90.949,45.0283#41.71#26.16#32.13
-90.8886,45.027#41.76#26.2#32.04
-90.8281,45.0257#41.81#26.24#31.95
-90.7677,45.0244#41.86#26.28#31.86
-90.7072,45.023#41.91#26.33#31.76
-90.6468,45.0216#41.96#26.37#31.67
-90.5864,45.0203#42.01#26.41#31.58
-90.526,45.0189#42.06#26.46#31.48
-90.4655,45.0174#42.11#26.53#31.36
-90.4051,45.016#42.16#26.62#31.22
-90.3447,45.0145#42.21#26.71#31.08
-90.2843,45.0131#42.27#26.8#30.93
-90.2238,45.0116#42.32#26.89#30.79
-90.1634,45.0101#42.37#26.98#30.65
-90.103,45.0085#42.43#27.07#30.5
-90.0426,45.007#42.48#27.16#30.36
-89.9822,45.0054#42.54#27.26#30.2
-89.9218,45.0038#42.6#27.39#30.01
-89.8614,45.0022#42.65#27.53#29.82
-89.801,45.0006#42.71#27.66#29.63
-89.7406,44.9989#42.77#27.79#29.44
-89.6802,44.9973#42.83#27.93#29.24
-89.6198,44.9956#42.89#28.06#29.05
-89.5594,44.9939#42.95#28.2#28.85
-89.499,44.9921#43.01#28.33#28.66
-89.4386,44.9904#43.07#28.47#28.46
-89.3782,44.9886#43.13#28.6#28.27
-89.3178,44.9868#43.2#28.74#28.06
-89.2574,44.985#43.26#28.87#27.87
-89.197,44.9832#43.32#29.01#27.67
-89.1366,44.9814#43.38#29.14#27.48
-89.0763,44.9795#43.45#29.27#27.28
-89.0159,44.9777#43.51#29.41#27.08
-88.9555,44.9758#43.57#29.49#26.94
-88.8951,44.9738#43.63#29.56#26.81
-88.8348,44.9719#43.69#29.62#26.69
-88.7744,44.97#43.75#29.69#26.56
-88.714,44.968#43.8#29.75#26.45
-88.6537,44.966#43.86#29.81#26.33
-88.5933,44.964#43.92#29.88#26.2
-88.533,44.962#43.98#29.94#26.08
-88.4726,44.9599#44.04#29.99#25.97
-88.4123,44.9578#44.09#30.01#25.9
-88.3519,44.9558#44.15#30.03#25.82
-88.2916,44.9536#44.2#30.06#25.74
-88.2312,44.9515#44.25#30.08#25.67
-88.1709,44.9494#44.31#30.1#25.59
-88.1105,44.9472#44.36#30.13#25.51
-88.0502,44.945#44.42#30.15#25.43
-87.9899,44.9428#44.47#30.17#25.36
-87.9295,44.9406#44.51#30.18#25.31
-87.8692,44.9384#44.56#30.19#25.25
-87.8089,44.9361#44.6#30.2#25.2
-87.7486,44.9338#44.64#30.21#25.15
-87.6882,44.9315#44.69#30.21#25.1
-87.6279,44.9292#44.73#30.22#25.05
-87.5676,44.9269#44.77#30.23#25
-87.5073,44.9245#44.82#30.24#24.94
-87.447,44.9222#44.85#30.24#24.91
-87.3867,44.9198#44.88#30.25#24.87
-87.3264,44.9174#44.92#30.25#24.83
-87.2661,44.9149#44.95#30.25#24.8
-87.2058,44.9125#44.98#30.25#24.77
-87.1455,44.91#45.01#30.25#24.74
-87.0852,44.9075#45.05#30.26#24.69
-87.0249,44.905#45.08#30.26#24.66
-86.9647,44.9025#45.1#30.29#24.61
-86.9044,44.9#45.12#30.34#24.54
-104.005,44.9022#47.15#26.56#26.29
-103.945,44.905#47.08#26.56#26.36
-103.885,44.9078#47.01#26.55#26.44
-103.824,44.9106#46.94#26.55#26.51
-103.764,44.9134#46.87#26.54#26.59
-103.704,44.9161#46.8#26.54#26.66
-103.644,44.9189#46.73#26.53#26.74
-103.583,44.9216#46.66#26.53#26.81
-103.523,44.9243#46.59#26.52#26.89
-103.463,44.9269#46.53#26.52#26.95
-103.402,44.9296#46.47#26.52#27.01
-103.342,44.9322#46.41#26.51#27.08
-103.282,44.9349#46.35#26.51#27.14
-103.222,44.9375#46.29#26.51#27.2
-103.161,44.94#46.23#26.51#27.26
-103.101,44.9426#46.17#26.51#27.32
-103.041,44.9452#46.11#26.5#27.39
-102.98,44.9477#46.05#26.55#27.4
-102.92,44.9502#46#26.71#27.29
-102.86,44.9527#45.95#26.88#27.17
-102.799,44.9551#45.89#27.04#27.07
-102.739,44.9576#45.84#27.2#26.96
-102.679,44.96#45.79#27.36#26.85
-102.618,44.9624#45.74#27.52#26.74
-102.558,44.9648#45.68#27.68#26.64
-102.498,44.9672#45.63#27.84#26.53
-102.437,44.9695#45.59#28.01#26.4
-102.377,44.9719#45.54#28.18#26.28
-102.317,44.9742#45.5#28.35#26.15
-102.256,44.9765#45.45#28.52#26.03
-102.196,44.9788#45.41#28.69#25.9
-102.136,44.981#45.36#28.86#25.78
-102.075,44.9833#45.32#29.03#25.65
-102.015,44.9855#45.27#29.2#25.53
-101.955,44.9877#45.23#29.3#25.47
-101.894,44.9899#45.2#29.39#25.41
-101.834,44.992#45.16#29.47#25.37
-101.773,44.9942#45.12#29.55#25.33
-101.713,44.9963#45.08#29.63#25.29
-101.653,44.9984#45.04#29.71#25.25
-101.592,45.0005#45.01#29.79#25.2
-101.532,45.0026#44.97#29.87#25.16
-101.472,45.0046#44.93#29.94#25.13
-101.411,45.0066#44.9#29.99#25.11
-101.351,45.0087#44.87#30.04#25.09
-101.29,45.0106#44.83#30.09#25.08
-101.23,45.0126#44.8#30.14#25.06
-101.17,45.0146#44.76#30.19#25.05
-101.109,45.0165#44.73#30.24#25.03
-101.049,45.0184#44.7#30.29#25.01
-100.988,45.0203#44.66#30.34#25
-100.928,45.0222#44.63#30.36#25.01
-100.868,45.0241#44.6#30.39#25.01
-100.807,45.0259#44.57#30.41#25.02
-100.747,45.0277#44.54#30.43#25.03
-100.686,45.0295#44.51#30.46#25.03
-100.626,45.0313#44.48#30.48#25.04
-100.566,45.0331#44.45#30.5#25.05
-100.505,45.0348#44.42#30.52#25.06
-100.445,45.0365#44.39#30.53#25.08
-100.384,45.0382#44.36#30.53#25.11
-100.324,45.0399#44.33#30.53#25.14
-100.263,45.0416#44.3#30.54#25.16
-100.203,45.0432#44.27#30.54#25.19
-100.143,45.0449#44.25#30.54#25.21
-100.082,45.0465#44.22#30.54#25.24
-100.022,45.0481#44.19#30.55#25.26
-99.9613,45.0497#44.16#30.55#25.29
-99.9008,45.0512#44.13#30.56#25.31
-99.8404,45.0527#44.1#30.56#25.34
-99.78,45.0543#44.07#30.57#25.36
-99.7195,45.0558#44.04#30.58#25.38
-99.6591,45.0572#44.01#30.58#25.41
-99.5986,45.0587#43.98#30.59#25.43
-99.5382,45.0601#43.95#30.59#25.46
-99.4777,45.0615#43.92#30.6#25.48
-99.4173,45.0629#43.89#30.61#25.5
-99.3568,45.0643#43.86#30.62#25.52
-99.2963,45.0657#43.84#30.62#25.54
-99.2359,45.067#43.81#30.63#25.56
-99.1754,45.0684#43.78#30.64#25.58
-99.115,45.0697#43.75#30.65#25.6
-99.0545,45.071#43.72#30.66#25.62
-98.994,45.0722#43.69#30.66#25.65
-98.9336,45.0735#43.66#30.67#25.67
-98.8731,45.0747#43.63#30.68#25.69
-98.8126,45.0759#43.6#30.68#25.72
-98.7521,45.0771#43.57#30.69#25.74
-98.6917,45.0783#43.54#30.69#25.77
-98.6312,45.0794#43.51#30.7#25.79
-98.5707,45.0806#43.48#30.71#25.81
-98.5102,45.0817#43.45#30.71#25.84
-98.4497,45.0828#43.42#30.71#25.87
-98.3893,45.0839#43.39#30.71#25.9
-98.3288,45.0849#43.35#30.71#25.94
-98.2683,45.086#43.32#30.71#25.97
-98.2078,45.087#43.29#30.71#26
-98.1473,45.088#43.26#30.71#26.03
-98.0868,45.089#43.23#30.71#26.06
-98.0263,45.0899#43.2#30.72#26.08
-97.9659,45.0909#43.17#30.69#26.14
-97.9054,45.0918#43.14#30.65#26.21
-97.8449,45.0927#43.11#30.6#26.29
-97.7844,45.0936#43.08#30.56#26.36
-97.7239,45.0944#43.06#30.52#26.42
-97.6634,45.0953#43.03#30.47#26.5
-97.6029,45.0961#43#30.43#26.57
-97.5424,45.0969#42.97#30.39#26.64
-97.4819,45.0977#42.95#30.31#26.74
-97.4214,45.0985#42.93#30.15#26.92
-97.3609,45.0993#42.9#30#27.1
-97.3004,45.1#42.88#29.84#27.28
-97.2399,45.1007#42.86#29.69#27.45
-97.1794,45.1014#42.84#29.53#27.63
-97.1189,45.1021#42.81#29.38#27.81
-97.0584,45.1027#42.79#29.22#27.99
-96.9979,45.1034#42.77#29.06#28.17
-96.9374,45.104#42.75#28.87#28.38
-96.8768,45.1046#42.73#28.68#28.59
-96.8163,45.1052#42.7#28.49#28.81
-96.7558,45.1057#42.68#28.3#29.02
-96.6953,45.1063#42.66#28.11#29.23
-96.6348,45.1068#42.64#27.92#29.44
-96.5743,45.1073#42.62#27.73#29.65
-96.5138,45.1078#42.59#27.54#29.87
-96.4533,45.1083#42.57#27.41#30.02
-96.3928,45.1087#42.55#27.31#30.14
-96.3322,45.1091#42.52#27.21#30.27
-96.2717,45.1096#42.5#27.11#30.39
-96.2112,45.1099#42.47#27#30.53
-96.1507,45.1103#42.45#26.9#30.65
-96.0902,45.1107#42.43#26.8#30.77
-96.0297,45.111#42.4#26.7#30.9
-95.9691,45.1113#42.38#26.63#30.99
-95.9086,45.1116#42.35#26.59#31.06
-95.8481,45.1119#42.32#26.55#31.13
-95.7876,45.1121#42.3#26.51#31.19
-95.7271,45.1124#42.27#26.47#31.26
-95.6666,45.1126#42.24#26.43#31.33
-95.606,45.1128#42.22#26.4#31.38
-95.5455,45.113#42.19#26.36#31.45
-95.485,45.1132#42.16#26.32#31.52
-95.4245,45.1133#42.13#26.31#31.56
-95.364,45.1134#42.1#26.29#31.61
-95.3034,45.1135#42.07#26.27#31.66
-95.2429,45.1136#42.04#26.25#31.71
-95.1824,45.1137#42.02#26.23#31.75
-95.1219,45.1137#41.99#26.22#31.79
-95.0614,45.1138#41.96#26.2#31.84
-95.0008,45.1138#41.93#26.18#31.89
-94.9403,45.1138#41.9#26.17#31.93
-94.8798,45.1137#41.87#26.16#31.97
-94.8193,45.1137#41.84#26.16#32
-94.7588,45.1136#41.81#26.15#32.04
-94.6982,45.1135#41.78#26.14#32.08
-94.6377,45.1134#41.76#26.13#32.11
-94.5772,45.1133#41.73#26.13#32.14
-94.5167,45.1132#41.7#26.12#32.18
-94.4562,45.113#41.67#26.12#32.21
-94.3956,45.1128#41.64#26.11#32.25
-94.3351,45.1126#41.62#26.11#32.27
-94.2746,45.1124#41.59#26.11#32.3
-94.2141,45.1122#41.56#26.1#32.34
-94.1536,45.1119#41.53#26.1#32.37
-94.093,45.1116#41.51#26.1#32.39
-94.0325,45.1113#41.48#26.09#32.43
-93.972,45.111#41.45#26.09#32.46
-93.9115,45.1107#41.43#26.09#32.48
-93.851,45.1103#41.41#26.09#32.5
-93.7905,45.11#41.38#26.09#32.53
-93.7299,45.1096#41.36#26.08#32.56
-93.6694,45.1092#41.34#26.08#32.58
-93.6089,45.1087#41.32#26.08#32.6
-93.5484,45.1083#41.29#26.08#32.63
-93.4879,45.1078#41.27#26.08#32.65
-93.4274,45.1073#41.25#26.08#32.67
-93.3669,45.1068#41.24#26.08#32.68
-93.3064,45.1063#41.22#26.08#32.7
-93.2458,45.1058#41.2#26.08#32.72
-93.1853,45.1052#41.18#26.08#32.74
-93.1248,45.1046#41.17#26.08#32.75
-93.0643,45.104#41.15#26.07#32.78
-93.0038,45.1034#41.13#26.07#32.8
-92.9433,45.1028#41.12#26.07#32.81
-92.8828,45.1021#41.11#26.07#32.82
-92.8223,45.1014#41.11#26.07#32.82
-92.7618,45.1007#41.1#26.07#32.83
-92.7013,45.1#41.09#26.07#32.84
-92.6408,45.0993#41.08#26.07#32.85
-92.5803,45.0985#41.07#26.07#32.86
-92.5198,45.0978#41.06#26.07#32.87
-92.4593,45.097#41.06#26.07#32.87
-92.3988,45.0961#41.07#26.07#32.86
-92.3383,45.0953#41.08#26.07#32.85
-92.2778,45.0945#41.08#26.07#32.85
-92.2173,45.0936#41.09#26.07#32.84
-92.1568,45.0927#41.1#26.07#32.83
-92.0963,45.0918#41.1#26.07#32.83
-92.0358,45.0909#41.11#26.07#32.82
-91.9753,45.0899#41.12#26.07#32.81
-91.9148,45.089#41.14#26.07#32.79
-91.8543,45.088#41.16#26.07#32.77
-91.7939,45.087#41.19#26.07#32.74
-91.7334,45.086#41.21#26.07#32.72
-91.6729,45.0849#41.23#26.08#32.69
-91.6124,45.0839#41.25#26.08#32.67
-91.5519,45.0828#41.27#26.08#32.65
-91.4914,45.0817#41.29#26.08#32.63
-91.431,45.0806#41.33#26.08#32.59
-91.3705,45.0795#41.36#26.09#32.55
-91.31,45.0783#41.39#26.09#32.52
-91.2495,45.0771#41.43#26.1#32.47
-91.1891,45.0759#41.46#26.1#32.44
-91.1286,45.0747#41.49#26.1#32.41
-91.0681,45.0735#41.53#26.11#32.36
-91.0077,45.0723#41.56#26.11#32.33
-90.9472,45.071#41.61#26.15#32.24
-90.8867,45.0697#41.66#26.18#32.16
-90.8263,45.0684#41.71#26.22#32.07
-90.7658,45.0671#41.75#26.25#32
-90.7053,45.0657#41.8#26.29#31.91
-90.6449,45.0644#41.85#26.33#31.82
-90.5844,45.063#41.9#26.36#31.74
-90.524,45.0616#41.95#26.4#31.65
-90.4635,45.0602#42.01#26.47#31.52
-90.4031,45.0587#42.06#26.56#31.38
-90.3426,45.0573#42.11#26.65#31.24
-90.2822,45.0558#42.16#26.74#31.1
-90.2217,45.0543#42.22#26.82#30.96
-90.1613,45.0528#42.27#26.91#30.82
-90.1008,45.0512#42.32#27#30.68
-90.0404,45.0497#42.38#27.09#30.53
-89.9799,45.0481#42.43#27.19#30.38
-89.9195,45.0465#42.49#27.32#30.19
-89.8591,45.0449#42.55#27.45#30
-89.7986,45.0433#42.61#27.57#29.82
-89.7382,45.0416#42.67#27.7#29.63
-89.6778,45.04#42.73#27.83#29.44
-89.6174,45.0383#42.79#27.96#29.25
-89.5569,45.0366#42.84#28.09#29.07
-89.4965,45.0349#42.9#28.22#28.88
-89.4361,45.0331#42.97#28.36#28.67
-89.3757,45.0314#43.03#28.5#28.47
-89.3153,45.0296#43.09#28.64#28.27
-89.2549,45.0278#43.15#28.78#28.07
-89.1944,45.0259#43.21#28.92#27.87
-89.134,45.0241#43.28#29.06#27.66
-89.0736,45.0223#43.34#29.2#27.46
-89.0132,45.0204#43.4#29.34#27.26
-88.9528,45.0185#43.46#29.42#27.12
-88.8924,45.0166#43.52#29.5#26.98
-88.832,45.0146#43.58#29.57#26.85
-88.7716,45.0127#43.63#29.64#26.73
-88.7112,45.0107#43.69#29.71#26.6
-88.6509,45.0087#43.75#29.78#26.47
-88.5905,45.0067#43.81#29.85#26.34
-88.5301,45.0047#43.87#29.92#26.21
-88.4697,45.0026#43.92#29.96#26.12
-88.4093,45.0006#43.98#29.99#26.03
-88.3489,44.9985#44.03#30.01#25.96
-88.2886,44.9964#44.08#30.04#25.88
-88.2282,44.9942#44.14#30.06#25.8
-88.1678,44.9921#44.19#30.09#25.72
-88.1075,44.9899#44.24#30.11#25.65
-88.0471,44.9878#44.3#30.14#25.56
-87.9867,44.9855#44.35#30.16#25.49
-87.9264,44.9833#44.39#30.17#25.44
-87.866,44.9811#44.43#30.18#25.39
-87.8057,44.9788#44.48#30.19#25.33
-87.7453,44.9766#44.52#30.2#25.28
-87.685,44.9743#44.56#30.21#25.23
-87.6246,44.9719#44.6#30.22#25.18
-87.5643,44.9696#44.65#30.23#25.12
-87.504,44.9673#44.69#30.24#25.07
-87.4436,44.9649#44.72#30.24#25.04
-87.3833,44.9625#44.75#30.24#25.01
-87.323,44.9601#44.78#30.24#24.98
-87.2627,44.9577#44.82#30.25#24.93
-87.2023,44.9552#44.85#30.25#24.9
-87.142,44.9527#44.88#30.25#24.87
-87.0817,44.9503#44.91#30.25#24.84
-87.0214,44.9477#44.94#30.26#24.8
-86.9611,44.9452#44.96#30.29#24.75
-86.9008,44.9427#44.98#30.34#24.68
-86.8405,44.9401#44.99#30.39#24.62
-86.7802,44.9375#45#30.44#24.56
-86.7199,44.9349#45.02#30.49#24.49
-86.6596,44.9323#45.03#30.53#24.44
-86.5993,44.9297#45.05#30.58#24.37
-86.539,44.927#45.06#30.63#24.31
-86.4787,44.9243#45.06#30.68#24.26
-86.4184,44.9216#45.05#30.73#24.22
-86.3582,44.9189#45.04#30.79#24.17
-86.2979,44.9162#45.03#30.84#24.13
-86.2376,44.9134#45.02#30.89#24.09
-86.1774,44.9107#45.01#30.94#24.05
-86.1171,44.9079#45#30.99#24.01
-86.0568,44.9051#44.99#31.05#23.96
-85.9966,44.9022#44.98#31.1#23.92
-104.913,44.9001#48.35#26.82#24.83
-104.853,44.9032#48.26#26.81#24.93
-104.792,44.9063#48.17#26.79#25.04
-104.732,44.9094#48.08#26.77#25.15
-104.672,44.9125#47.99#26.75#25.26
-104.612,44.9155#47.9#26.73#25.37
-104.551,44.9185#47.82#26.71#25.47
-104.491,44.9215#47.73#26.69#25.58
-104.431,44.9245#47.65#26.68#25.67
-104.371,44.9275#47.58#26.66#25.76
-104.31,44.9304#47.5#26.64#25.86
-104.25,44.9333#47.42#26.63#25.95
-104.19,44.9362#47.34#26.61#26.05
-104.13,44.9391#47.27#26.59#26.14
-104.069,44.942#47.19#26.58#26.23
-104.009,44.9449#47.11#26.56#26.33
-103.949,44.9477#47.04#26.55#26.41
-103.889,44.9505#46.98#26.55#26.47
-103.828,44.9533#46.91#26.54#26.55
-103.768,44.9561#46.84#26.54#26.62
-103.708,44.9588#46.77#26.53#26.7
-103.647,44.9615#46.7#26.53#26.77
-103.587,44.9643#46.63#26.52#26.85
-103.527,44.967#46.57#26.52#26.91
-103.466,44.9696#46.5#26.51#26.99
-103.406,44.9723#46.44#26.51#27.05
-103.346,44.9749#46.38#26.51#27.11
-103.285,44.9776#46.32#26.51#27.17
-103.225,44.9802#46.26#26.51#27.23
-103.165,44.9827#46.2#26.51#27.29
-103.105,44.9853#46.14#26.5#27.36
-103.044,44.9878#46.08#26.5#27.42
-102.984,44.9904#46.03#26.54#27.43
-102.924,44.9929#45.97#26.7#27.33
-102.863,44.9954#45.92#26.86#27.22
-102.803,44.9978#45.87#27.02#27.11
