-95.6901,39.9001#45.16#28.6#26.24
-95.6327,39.9003#45.23#28.66#26.11
-95.5752,39.9005#45.29#28.72#25.99
-95.5178,39.9006#45.36#28.79#25.85
-95.4603,39.9008#45.43#28.84#25.73
-95.4029,39.9009#45.49#28.88#25.63
-95.3454,39.9011#45.55#28.92#25.53
-95.288,39.9012#45.61#28.97#25.42
-95.2306,39.9013#45.67#29.01#25.32
-95.1731,39.9013#45.74#29.06#25.2
-95.1157,39.9014#45.8#29.1#25.1
-95.0582,39.9014#45.86#29.15#24.99
-95.0008,39.9014#45.92#29.19#24.89
-94.9434,39.9014#45.98#29.23#24.79
-94.8859,39.9014#46.04#29.26#24.7
-94.8285,39.9013#46.11#29.3#24.59
-94.771,39.9013#46.17#29.33#24.5
-94.7136,39.9012#46.23#29.36#24.41
-94.6561,39.9011#46.29#29.4#24.31
-94.5987,39.901#46.35#29.43#24.22
-94.5413,39.9008#46.41#29.47#24.12
-94.4838,39.9007#46.47#29.5#24.03
-94.4264,39.9005#46.54#29.54#23.92
-94.3689,39.9003#46.6#29.58#23.82
-94.3115,39.9001#46.66#29.62#23.72
-98.9648,39.901#40.75#28.81#30.44
-98.9074,39.9023#40.83#28.8#30.37
-98.85,39.9036#40.91#28.8#30.29
-98.7926,39.9048#40.98#28.79#30.23
-98.7352,39.906#41.06#28.79#30.15
-98.6777,39.9072#41.14#28.78#30.08
-98.6203,39.9084#41.21#28.78#30.01
-98.5629,39.9096#41.29#28.77#29.94
-98.5055,39.9107#41.36#28.77#29.87
-98.448,39.9119#41.44#28.77#29.79
-98.3906,39.913#41.52#28.77#29.71
-98.3332,39.9141#41.6#28.77#29.63
-98.2757,39.9151#41.68#28.77#29.55
-98.2183,39.9162#41.76#28.77#29.47
-98.1609,39.9172#41.84#28.77#29.39
-98.1034,39.9182#41.92#28.77#29.31
-98.046,39.9192#42#28.77#29.23
-97.9886,39.9202#42.08#28.77#29.15
-97.9311,39.9212#42.16#28.77#29.07
-97.8737,39.9221#42.24#28.77#28.99
-97.8162,39.9231#42.33#28.78#28.89
-97.7588,39.924#42.41#28.78#28.81
-97.7014,39.9248#42.49#28.78#28.73
-97.6439,39.9257#42.58#28.78#28.64
-97.5865,39.9266#42.66#28.79#28.55
-97.529,39.9274#42.74#28.79#28.47
-97.4716,39.9282#42.82#28.77#28.41
-97.4141,39.929#42.9#28.71#28.39
-97.3567,39.9298#42.99#28.66#28.35
-97.2992,39.9305#43.07#28.61#28.32
-97.2418,39.9313#43.15#28.56#28.29
-97.1843,39.932#43.23#28.51#28.26
-97.1269,39.9327#43.31#28.45#28.24
-97.0694,39.9334#43.39#28.4#28.21
-97.012,39.934#43.47#28.35#28.18
-96.9545,39.9347#43.55#28.31#28.14
-96.8971,39.9353#43.63#28.28#28.09
-96.8396,39.9359#43.7#28.24#28.06
-96.7822,39.9365#43.78#28.21#28.01
-96.7247,39.9371#43.86#28.17#27.97
-96.6672,39.9376#43.93#28.14#27.93
-96.6098,39.9382#44.01#28.11#27.88
-96.5523,39.9387#44.09#28.07#27.84
-96.4949,39.9392#44.16#28.04#27.8
-96.4374,39.9396#44.23#28.07#27.7
-96.3799,39.9401#44.3#28.09#27.61
-96.3225,39.9405#44.38#28.12#27.5
-96.265,39.941#44.45#28.14#27.41
-96.2076,39.9414#44.52#28.17#27.31
-96.1501,39.9417#44.59#28.2#27.21
-96.0926,39.9421#44.66#28.22#27.12
-96.0352,39.9425#44.73#28.25#27.02
-95.9777,39.9428#44.8#28.29#26.91
-95.9202,39.9431#44.87#28.34#26.79
-95.8628,39.9434#44.94#28.4#26.66
-95.8053,39.9437#45#28.46#26.54
-95.7479,39.9439#45.07#28.52#26.41
-95.6904,39.9441#45.14#28.58#26.28
-95.6329,39.9444#45.21#28.64#26.15
-95.5755,39.9445#45.27#28.69#26.04
-95.518,39.9447#45.34#28.75#25.91
-95.4605,39.9449#45.4#28.8#25.8
-95.4031,39.945#45.47#28.84#25.69
-95.3456,39.9451#45.53#28.88#25.59
-95.2881,39.9453#45.59#28.93#25.48
-95.2307,39.9453#45.65#28.97#25.38
-95.1732,39.9454#45.71#29.01#25.28
-95.1157,39.9454#45.77#29.06#25.17
-95.0583,39.9455#45.84#29.1#25.06
-95.0008,39.9455#45.9#29.14#24.96
-94.9433,39.9455#45.96#29.17#24.87
-94.8859,39.9454#46.02#29.21#24.77
-94.8284,39.9454#46.08#29.24#24.68
-94.7709,39.9453#46.14#29.27#24.59
-94.7135,39.9453#46.2#29.31#24.49
-94.656,39.9452#46.26#29.34#24.4
-94.5985,39.945#46.32#29.37#24.31
-94.5411,39.9449#46.39#29.41#24.2
-94.4836,39.9447#46.45#29.44#24.11
-94.4261,39.9446#46.51#29.48#24.01
-94.3687,39.9444#46.57#29.52#23.91
-94.3112,39.9441#46.64#29.57#23.79
-94.2537,39.9439#46.7#29.61#23.69
-94.1963,39.9437#46.76#29.65#23.59
-94.1388,39.9434#46.83#29.69#23.48
-94.0813,39.9431#46.89#29.73#23.38
-94.0239,39.9428#46.95#29.77#23.28
-93.9664,39.9425#47.02#29.82#23.16
-93.909,39.9421#47.08#29.87#23.05
-93.8515,39.9418#47.14#29.92#22.94
-93.794,39.9414#47.2#29.97#22.83
-93.7366,39.941#47.27#30.02#22.71
-93.6791,39.9406#47.33#30.07#22.6
-93.6216,39.9401#47.39#30.13#22.48
-93.5642,39.9397#47.46#30.18#22.36
-93.5067,39.9392#47.52#30.23#22.25
-93.4493,39.9387#47.58#30.27#22.15
-93.3918,39.9382#47.64#30.3#22.06
-93.3344,39.9376#47.7#30.34#21.96
-93.2769,39.9371#47.77#30.38#21.85
-93.2194,39.9365#47.83#30.42#21.75
-93.162,39.9359#47.89#30.45#21.66
-93.1045,39.9353#47.95#30.49#21.56
-93.0471,39.9347#48.02#30.53#21.45
-92.9896,39.9341#48.08#30.57#21.35
-92.9322,39.9334#48.14#30.59#21.27
-92.8747,39.9327#48.21#30.61#21.18
-92.8173,39.932#48.27#30.64#21.09
-92.7598,39.9313#48.34#30.66#21
-92.7024,39.9306#48.41#30.69#20.9
-92.6449,39.9298#48.47#30.71#20.82
-92.5875,39.929#48.54#30.74#20.72
-92.53,39.9282#48.6#30.76#20.64
-92.4726,39.9274#48.67#30.78#20.55
-92.4151,39.9266#48.74#30.8#20.46
-92.3577,39.9257#48.81#30.81#20.38
-92.3002,39.9249#48.88#30.83#20.29
-92.2428,39.924#48.95#30.84#20.21
-92.1853,39.9231#49.02#30.86#20.12
-92.1279,39.9222#49.09#30.87#20.04
-92.0705,39.9212#49.16#30.89#19.95
-92.013,39.9203#49.23#30.91#19.86
-91.9556,39.9193#49.31#30.92#19.77
-91.8981,39.9183#49.41#30.93#19.66
-91.8407,39.9173#49.5#30.94#19.56
-91.7833,39.9162#49.6#30.95#19.45
-91.7258,39.9152#49.69#30.96#19.35
-91.6684,39.9141#49.79#30.97#19.24
-91.611,39.913#49.88#30.98#19.14
-91.5536,39.9119#49.98#30.99#19.03
-91.4961,39.9108#50.08#31#18.92
-91.4387,39.9096#50.26#31#18.74
-91.3813,39.9084#50.45#31.01#18.54
-91.3238,39.9073#50.64#31.01#18.35
-91.2664,39.9061#50.82#31.02#18.16
-91.209,39.9048#51.01#31.03#17.96
-91.1516,39.9036#51.2#31.03#17.77
-91.0942,39.9023#51.39#31.04#17.57
-91.0367,39.9011#51.58#31.05#17.37
-100.574,39.9017#39.96#29.59#30.45
-100.517,39.9035#39.99#29.56#30.45
-100.459,39.9053#40.03#29.53#30.44
-100.402,39.907#40.07#29.5#30.43
-100.345,39.9088#40.11#29.46#30.43
-100.287,39.9105#40.14#29.43#30.43
-100.23,39.9122#40.18#29.4#30.42
-100.172,39.9139#40.22#29.36#30.42
-100.115,39.9156#40.26#29.33#30.41
-100.058,39.9172#40.29#29.29#30.42
-100,39.9189#40.33#29.26#30.41
-99.9428,39.9205#40.35#29.23#30.42
-99.8854,39.9221#40.36#29.2#30.44
-99.828,39.9236#40.38#29.16#30.46
-99.7706,39.9252#40.39#29.13#30.48
-99.7131,39.9267#40.41#29.1#30.49
-99.6557,39.9283#40.42#29.07#30.51
-99.5983,39.9298#40.44#29.04#30.52
-99.5409,39.9313#40.45#29#30.55
-99.4834,39.9327#40.47#28.98#30.55
-99.426,39.9342#40.51#28.96#30.53
-99.3686,39.9356#40.54#28.93#30.53
-99.3112,39.937#40.58#28.91#30.51
-99.2537,39.9384#40.61#28.89#30.5
-99.1963,39.9398#40.65#28.87#30.48
-99.1388,39.9411#40.68#28.85#30.47
-99.0814,39.9425#40.72#28.83#30.45
-99.024,39.9438#40.76#28.81#30.43
-98.9665,39.9451#40.81#28.8#30.39
-98.9091,39.9464#40.89#28.79#30.32
-98.8516,39.9476#40.96#28.79#30.25
-98.7942,39.9489#41.03#28.78#30.19
-98.7368,39.9501#41.11#28.78#30.11
-98.6793,39.9513#41.18#28.77#30.05
-98.6219,39.9525#41.26#28.77#29.97
-98.5644,39.9536#41.33#28.76#29.91
-98.507,39.9548#41.4#28.76#29.84
-98.4495,39.9559#41.48#28.76#29.76
-98.392,39.957#41.56#28.75#29.69
-98.3346,39.9581#41.64#28.75#29.61
-98.2771,39.9592#41.71#28.75#29.54
-98.2197,39.9603#41.79#28.75#29.46
-98.1622,39.9613#41.87#28.75#29.38
-98.1048,39.9623#41.95#28.75#29.3
-98.0473,39.9633#42.03#28.75#29.22
-97.9898,39.9643#42.1#28.75#29.15
-97.9324,39.9653#42.19#28.76#29.05
-97.8749,39.9662#42.27#28.76#28.97
-97.8174,39.9671#42.35#28.76#28.89
-97.76,39.968#42.43#28.77#28.8
-97.7025,39.9689#42.51#28.77#28.72
-97.645,39.9698#42.59#28.77#28.64
-97.5876,39.9706#42.67#28.77#28.56
-97.5301,39.9715#42.76#28.78#28.46
-97.4726,39.9723#42.84#28.76#28.4
-97.4152,39.9731#42.92#28.7#28.38
-97.3577,39.9738#43#28.65#28.35
-97.3002,39.9746#43.08#28.6#28.32
-97.2427,39.9753#43.15#28.55#28.3
-97.1853,39.9761#43.23#28.5#28.27
-97.1278,39.9768#43.31#28.45#28.24
-97.0703,39.9774#43.39#28.4#28.21
-97.0128,39.9781#43.47#28.35#28.18
-96.9553,39.9787#43.55#28.31#28.14
-96.8979,39.9794#43.63#28.28#28.09
-96.8404,39.98#43.7#28.25#28.05
-96.7829,39.9806#43.78#28.21#28.01
-96.7254,39.9811#43.85#28.18#27.97
-96.6679,39.9817#43.93#28.15#27.92
-96.6105,39.9822#44#28.11#27.89
-96.553,39.9827#44.08#28.08#27.84
-96.4955,39.9832#44.15#28.05#27.8
-96.438,39.9837#44.22#28.08#27.7
-96.3805,39.9842#44.29#28.1#27.61
-96.323,39.9846#44.36#28.13#27.51
-96.2656,39.985#44.43#28.15#27.42
-96.2081,39.9854#44.51#28.18#27.31
-96.1506,39.9858#44.58#28.21#27.21
-96.0931,39.9862#44.65#28.23#27.12
-96.0356,39.9865#44.72#28.26#27.02
-95.9781,39.9869#44.79#28.29#26.92
-95.9206,39.9872#44.85#28.35#26.8
-95.8631,39.9874#44.92#28.4#26.68
-95.8057,39.9877#44.99#28.45#26.56
-95.7482,39.988#45.05#28.51#26.44
-95.6907,39.9882#45.12#28.56#26.32
-95.6332,39.9884#45.19#28.61#26.2
-95.5757,39.9886#45.25#28.67#26.08
-95.5182,39.9888#45.32#28.72#25.96
-95.4607,39.989#45.38#28.76#25.86
-95.4032,39.9891#45.44#28.8#25.76
-95.3457,39.9892#45.5#28.84#25.66
-95.2882,39.9893#45.57#28.89#25.54
-95.2308,39.9894#45.63#28.93#25.44
-95.1733,39.9895#45.69#28.97#25.34
-95.1158,39.9895#45.75#29.01#25.24
-95.0583,39.9895#45.81#29.05#25.14
-95.0008,39.9896#45.87#29.09#25.04
-94.9433,39.9895#45.93#29.12#24.95
-94.8858,39.9895#45.99#29.15#24.86
-94.8283,39.9895#46.05#29.18#24.77
-94.7708,39.9894#46.12#29.22#24.66
-94.7133,39.9893#46.18#29.25#24.57
-94.6559,39.9892#46.24#29.28#24.48
-94.5984,39.9891#46.3#29.31#24.39
-94.5409,39.989#46.36#29.34#24.3
-94.4834,39.9888#46.42#29.38#24.2
-94.4259,39.9886#46.48#29.42#24.1
-94.3684,39.9884#46.55#29.47#23.98
-94.3109,39.9882#46.61#29.51#23.88
-94.2534,39.988#46.67#29.55#23.78
-94.1959,39.9877#46.74#29.6#23.66
-94.1384,39.9875#46.8#29.64#23.56
-94.081,39.9872#46.86#29.68#23.46
-94.0235,39.9869#46.93#29.73#23.34
-93.966,39.9865#46.99#29.78#23.23
-93.9085,39.9862#47.05#29.83#23.12
-93.851,39.9858#47.11#29.89#23
-93.7935,39.9854#47.18#29.94#22.88
-93.736,39.985#47.24#29.99#22.77
-93.6785,39.9846#47.3#30.05#22.65
-93.6211,39.9842#47.36#30.1#22.54
-93.5636,39.9837#47.43#30.15#22.42
-93.5061,39.9832#47.49#30.21#22.3
-93.4486,39.9828#47.55#30.25#22.2
-93.3911,39.9822#47.61#30.29#22.1
-93.3336,39.9817#47.67#30.32#22.01
-93.2762,39.9812#47.73#30.36#21.91
-93.2187,39.9806#47.8#30.4#21.8
-93.1612,39.98#47.86#30.44#21.7
-93.1037,39.9794#47.92#30.48#21.6
-93.0462,39.9788#47.98#30.52#21.5
-92.9888,39.9781#48.04#30.55#21.41
-92.9313,39.9775#48.11#30.58#21.31
-92.8738,39.9768#48.17#30.6#21.23
-92.8163,39.9761#48.24#30.63#21.13
-92.7589,39.9754#48.3#30.65#21.05
-92.7014,39.9746#48.37#30.68#20.95
-92.6439,39.9739#48.44#30.7#20.86
-92.5864,39.9731#48.5#30.73#20.77
-92.529,39.9723#48.57#30.75#20.68
-92.4715,39.9715#48.63#30.77#20.6
-92.414,39.9707#48.7#30.79#20.51
-92.3566,39.9698#48.77#30.8#20.43
-92.2991,39.9689#48.84#30.82#20.34
-92.2416,39.9681#48.91#30.83#20.26
-92.1841,39.9671#48.98#30.85#20.17
-92.1267,39.9662#49.05#30.86#20.09
-92.0692,39.9653#49.12#30.88#20
-92.0118,39.9643#49.19#30.89#19.92
-91.9543,39.9633#49.28#30.9#19.82
-91.8968,39.9623#49.37#30.91#19.72
-91.8394,39.9613#49.47#30.92#19.61
-91.7819,39.9603#49.56#30.93#19.51
-91.7245,39.9592#49.65#30.94#19.41
-91.667,39.9582#49.75#30.95#19.3
-91.6095,39.9571#49.84#30.96#19.2
-91.5521,39.956#49.93#30.97#19.1
-91.4946,39.9548#50.03#30.98#18.99
-91.4372,39.9537#50.21#30.99#18.8
-91.3797,39.9525#50.39#30.99#18.62
-91.3223,39.9513#50.57#31#18.43
-91.2648,39.9501#50.75#31#18.25
-91.2074,39.9489#50.92#31.01#18.07
-91.1499,39.9477#51.1#31.02#17.88
-91.0925,39.9464#51.28#31.02#17.7
-91.0351,39.9451#51.47#31.03#17.5
-90.9776,39.9438#51.63#31.03#17.34
-90.9202,39.9425#51.77#31.04#17.19
-90.8627,39.9412#51.92#31.04#17.04
-90.8053,39.9398#52.06#31.04#16.9
-90.7479,39.9384#52.2#31.05#16.75
-90.6904,39.937#52.34#31.05#16.61
-90.633,39.9356#52.48#31.05#16.47
-90.5756,39.9342#52.62#31.06#16.32
-90.5181,39.9328#52.76#31.06#16.18
-90.4607,39.9313#52.89#31.06#16.05
-90.4033,39.9298#53.01#31.06#15.93
-90.3459,39.9283#53.12#31.07#15.81
-90.2884,39.9268#53.24#31.07#15.69
-90.231,39.9252#53.36#31.07#15.57
-90.1736,39.9237#53.48#31.07#15.45
-90.1162,39.9221#53.6#31.07#15.33
-90.0588,39.9205#53.71#31.07#15.22
-90.0014,39.9189#53.83#31.07#15.1
-89.9439,39.9173#53.93#31.07#15
-89.8865,39.9156#54.03#31.07#14.9
-89.8291,39.9139#54.14#31.07#14.79
-89.7717,39.9123#54.24#31.07#14.69
-89.7143,39.9105#54.34#31.07#14.59
-89.6569,39.9088#54.44#31.07#14.49
-89.5995,39.9071#54.54#31.07#14.39
-89.5421,39.9053#54.64#31.07#14.29
-89.4847,39.9035#54.74#31.07#14.19
-89.4273,39.9017#54.83#31.07#14.1
-101.839,39.9013#39.36#29.76#30.88
-101.782,39.9036#39.39#29.78#30.83
-101.725,39.9057#39.42#29.8#30.78
-101.667,39.9079#39.45#29.82#30.73
-101.61,39.9101#39.48#29.84#30.68
-101.552,39.9122#39.51#29.86#30.63
-101.495,39.9143#39.54#29.87#30.59
-101.438,39.9164#39.57#29.86#30.57
-101.38,39.9185#39.6#29.85#30.55
-101.323,39.9206#39.63#29.84#30.53
-101.265,39.9226#39.66#29.83#30.51
-101.208,39.9247#39.69#29.82#30.49
-101.151,39.9267#39.72#29.81#30.47
-101.093,39.9287#39.75#29.8#30.45
-101.036,39.9306#39.77#29.79#30.44
-100.978,39.9326#39.8#29.77#30.43
-100.921,39.9345#39.84#29.75#30.41
-100.864,39.9364#39.87#29.72#30.41
-100.806,39.9383#39.91#29.69#30.4
-100.749,39.9402#39.94#29.67#30.39
-100.691,39.9421#39.98#29.64#30.38
-100.634,39.9439#40.01#29.61#30.38
-100.577,39.9457#40.04#29.59#30.37
-100.519,39.9475#40.08#29.56#30.36
-100.462,39.9493#40.11#29.53#30.36
-100.404,39.9511#40.15#29.49#30.36
-100.347,39.9528#40.19#29.46#30.35
-100.29,39.9545#40.22#29.43#30.35
-100.232,39.9562#40.26#29.39#30.35
-100.175,39.9579#40.29#29.35#30.36
-100.117,39.9596#40.33#29.32#30.35
-100.06,39.9613#40.36#29.28#30.36
-100.002,39.9629#40.4#29.25#30.35
-99.9449,39.9645#40.42#29.22#30.36
-99.8875,39.9661#40.43#29.18#30.39
-99.83,39.9677#40.44#29.15#30.41
-99.7726,39.9692#40.46#29.12#30.42
-99.7151,39.9708#40.47#29.09#30.44
-99.6577,39.9723#40.49#29.05#30.46
-99.6002,39.9738#40.5#29.02#30.48
-99.5428,39.9753#40.52#28.99#30.49
-99.4853,39.9768#40.54#28.96#30.5
-99.4279,39.9782#40.57#28.94#30.49
-99.3704,39.9796#40.61#28.92#30.47
-99.313,39.9811#40.64#28.9#30.46
-99.2555,39.9824#40.68#28.88#30.44
-99.1981,39.9838#40.71#28.86#30.43
-99.1406,39.9852#40.75#28.84#30.41
-99.0831,39.9865#40.78#28.82#30.4
-99.0257,39.9878#40.82#28.8#30.38
-98.9682,39.9891#40.87#28.79#30.34
-98.9107,39.9904#40.94#28.78#30.28
-98.8533,39.9917#41.01#28.78#30.21
-98.7958,39.9929#41.09#28.77#30.14
-98.7383,39.9941#41.16#28.77#30.07
-98.6809,39.9953#41.23#28.76#30.01
-98.6234,39.9965#41.3#28.76#29.94
-98.5659,39.9977#41.37#28.75#29.88
-98.5084,39.9988#41.44#28.74#29.82
-98.451,40#41.52#28.74#29.74
-98.3935,40.0011#41.59#28.74#29.67
-98.336,40.0022#41.67#28.74#29.59
-98.2785,40.0033#41.75#28.74#29.51
-98.221,40.0043#41.82#28.74#29.44
-98.1636,40.0053#41.9#28.74#29.36
-98.1061,40.0064#41.98#28.74#29.28
-98.0486,40.0074#42.05#28.74#29.21
-97.9911,40.0083#42.13#28.74#29.13
-97.9336,40.0093#42.21#28.75#29.04
-97.8761,40.0102#42.29#28.75#28.96
-97.8186,40.0112#42.37#28.75#28.88
-97.7611,40.0121#42.45#28.75#28.8
-97.7037,40.013#42.53#28.76#28.71
-97.6462,40.0138#42.61#28.76#28.63
-97.5887,40.0147#42.69#28.76#28.55
-97.5312,40.0155#42.77#28.77#28.46
-97.4737,40.0163#42.85#28.74#28.41
-97.4162,40.0171#42.93#28.7#28.37
-97.3587,40.0179#43.01#28.65#28.34
-97.3012,40.0187#43.08#28.6#28.32
-97.2437,40.0194#43.16#28.55#28.29
-97.1862,40.0201#43.24#28.5#28.26
-97.1287,40.0208#43.32#28.45#28.23
-97.0712,40.0215#43.4#28.4#28.2
-97.0137,40.0222#43.47#28.35#28.18
-96.9562,40.0228#43.55#28.31#28.14
-96.8987,40.0234#43.62#28.28#28.1
-96.8412,40.024#43.7#28.25#28.05
-96.7837,40.0246#43.77#28.22#28.01
-96.7262,40.0252#43.85#28.19#27.96
-96.6687,40.0257#43.92#28.15#27.93
-96.6111,40.0263#44#28.12#27.88
-96.5536,40.0268#44.07#28.09#27.84
-96.4961,40.0273#44.14#28.06#27.8
-96.4386,40.0278#44.21#28.09#27.7
-96.3811,40.0282#44.28#28.11#27.61
-96.3236,40.0287#44.35#28.14#27.51
-96.2661,40.0291#44.42#28.16#27.42
-96.2086,40.0295#44.49#28.19#27.32
-96.1511,40.0299#44.56#28.21#27.23
-96.0936,40.0302#44.63#28.24#27.13
-96.036,40.0306#44.7#28.26#27.04
-95.9785,40.0309#44.77#28.3#26.93
-95.921,40.0312#44.84#28.35#26.81
-95.8635,40.0315#44.9#28.4#26.7
-95.806,40.0318#44.97#28.44#26.59
-95.7485,40.032#45.03#28.49#26.48
-95.691,40.0323#45.1#28.54#26.36
-95.6335,40.0325#45.16#28.59#26.25
-95.5759,40.0327#45.23#28.64#26.13
-95.5184,40.0329#45.3#28.69#26.01
-95.4609,40.033#45.36#28.73#25.91
-95.4034,40.0332#45.42#28.77#25.81
-95.3459,40.0333#45.48#28.8#25.72
-95.2884,40.0334#45.54#28.84#25.62
-95.2309,40.0335#45.6#28.88#25.52
-95.1733,40.0335#45.66#28.92#25.42
-95.1158,40.0336#45.72#28.96#25.32
-95.0583,40.0336#45.79#29#25.21
-95.0008,40.0336#45.85#29.04#25.11
-94.9433,40.0336#45.91#29.07#25.02
-94.8858,40.0336#45.97#29.1#24.93
-94.8282,40.0335#46.03#29.13#24.84
-94.7707,40.0335#46.09#29.16#24.75
-94.7132,40.0334#46.15#29.19#24.66
-94.6557,40.0333#46.21#29.22#24.57
-94.5982,40.0332#46.27#29.25#24.48
-94.5407,40.033#46.34#29.28#24.38
-94.4832,40.0329#46.4#29.31#24.29
-94.4256,40.0327#46.46#29.36#24.18
-94.3681,40.0325#46.52#29.41#24.07
-94.3106,40.0323#46.59#29.45#23.96
-94.2531,40.032#46.65#29.5#23.85
-94.1956,40.0318#46.71#29.54#23.75
-94.1381,40.0315#46.77#29.59#23.64
-94.0806,40.0312#46.84#29.64#23.52
-94.0231,40.0309#46.9#29.68#23.42
-93.9655,40.0306#46.96#29.73#23.31
-93.908,40.0302#47.02#29.79#23.19
-93.8505,40.0299#47.09#29.85#23.06
-93.793,40.0295#47.15#29.9#22.95
-93.7355,40.0291#47.21#29.96#22.83
-93.678,40.0287#47.27#30.02#22.71
-93.6205,40.0282#47.33#30.08#22.59
-93.563,40.0278#47.4#30.13#22.47
-93.5055,40.0273#47.46#30.19#22.35
-93.448,40.0268#47.52#30.23#22.25
-93.3904,40.0263#47.58#30.27#22.15
-93.3329,40.0258#47.64#30.31#22.05
-93.2754,40.0252#47.7#30.35#21.95
-93.2179,40.0246#47.76#30.39#21.85
-93.1604,40.0241#47.83#30.42#21.75
-93.1029,40.0234#47.89#30.46#21.65
-93.0454,40.0228#47.95#30.5#21.55
-92.9879,40.0222#48.01#30.54#21.45
-92.9304,40.0215#48.08#30.56#21.36
-92.8729,40.0208#48.14#30.59#21.27
-92.8154,40.0201#48.2#30.61#21.19
-92.7579,40.0194#48.27#30.64#21.09
-92.7004,40.0187#48.33#30.66#21.01
-92.6429,40.0179#48.4#30.69#20.91
-92.5854,40.0171#48.46#30.71#20.83
-92.5279,40.0164#48.53#30.74#20.73
-92.4704,40.0155#48.6#30.76#20.64
-92.4129,40.0147#48.67#30.77#20.56
-92.3554,40.0139#48.74#30.79#20.47
-92.2979,40.013#48.81#30.8#20.39
-92.2404,40.0121#48.88#30.82#20.3
-92.183,40.0112#48.95#30.83#20.22
-92.1255,40.0103#49.02#30.85#20.13
-92.068,40.0093#49.09#30.86#20.05
-92.0105,40.0084#49.16#30.88#19.96
-91.953,40.0074#49.25#30.89#19.86
-91.8955,40.0064#49.34#30.9#19.76
-91.838,40.0054#49.43#30.91#19.66
-91.7805,40.0043#49.52#30.92#19.56
-91.7231,40.0033#49.61#30.93#19.46
-91.6656,40.0022#49.7#30.94#19.36
-91.6081,40.0011#49.79#30.95#19.26
-91.5506,40#49.89#30.96#19.15
-91.4931,39.9989#49.99#30.97#19.04
-91.4357,39.9977#50.16#30.97#18.87
-91.3782,39.9966#50.33#30.98#18.69
-91.3207,39.9954#50.5#30.98#18.52
-91.2633,39.9942#50.67#30.99#18.34
-91.2058,39.9929#50.84#30.99#18.17
-91.1483,39.9917#51.01#31#17.99
-91.0908,39.9904#51.18#31#17.82
-91.0334,39.9892#51.35#31.01#17.64
-90.9759,39.9879#51.52#31.02#17.46
-90.9184,39.9865#51.67#31.02#17.31
-90.861,39.9852#51.81#31.02#17.17
-90.8035,39.9839#51.96#31.02#17.02
-90.7461,39.9825#52.11#31.03#16.86
-90.6886,39.9811#52.26#31.03#16.71
-90.6312,39.9797#52.4#31.03#16.57
-90.5737,39.9783#52.55#31.04#16.41
-90.5162,39.9768#52.69#31.04#16.27
-90.4588,39.9753#52.82#31.04#16.14
-90.4013,39.9739#52.94#31.04#16.02
-90.3439,39.9724#53.05#31.05#15.9
-90.2864,39.9708#53.17#31.05#15.78
-90.229,39.9693#53.29#31.05#15.66
-90.1716,39.9677#53.4#31.05#15.55
-90.1141,39.9662#53.52#31.05#15.43
-90.0567,39.9646#53.64#31.05#15.31
-89.9992,39.9629#53.75#31.05#15.2
-89.9418,39.9613#53.86#31.05#15.09
-89.8844,39.9597#53.96#31.05#14.99
-89.8269,39.958#54.06#31.05#14.89
-89.7695,39.9563#54.16#31.05#14.79
-89.7121,39.9546#54.26#31.05#14.69
-89.6547,39.9529#54.36#31.05#14.59
-89.5972,39.9511#54.47#31.05#14.48
-89.5398,39.9493#54.57#31.05#14.38
-89.4824,39.9476#54.67#31.05#14.28
-89.425,39.9458#54.75#31.05#14.2
-89.3675,39.9439#54.84#31.05#14.11
-89.3101,39.9421#54.93#31.05#14.02
-89.2527,39.9402#55.02#31.05#13.93
-89.1953,39.9384#55.1#31.05#13.85
-89.1379,39.9365#55.19#31.05#13.76
-89.0805,39.9346#55.28#31.05#13.67
-89.0231,39.9326#55.37#31.05#13.58
-88.9657,39.9307#55.45#31.04#13.51
-88.9083,39.9287#55.54#31.04#13.42
-88.8509,39.9267#55.62#31.04#13.34
-88.7935,39.9247#55.7#31.04#13.26
-88.7361,39.9227#55.79#31.04#13.17
-88.6787,39.9206#55.87#31.04#13.09
-88.6213,39.9186#55.95#31.03#13.02
-88.5639,39.9165#56.04#31.03#12.93
-88.5065,39.9144#56.12#31.03#12.85
-88.4492,39.9123#56.2#31.03#12.77
-88.3918,39.9101#56.28#31.03#12.69
-88.3344,39.908#56.37#31.03#12.6
-88.277,39.9058#56.45#31.02#12.53
-88.2197,39.9036#56.53#31.02#12.45
-88.1623,39.9014#56.61#31.02#12.37
-102.875,39.9023#39.34#28.65#32.01
-102.818,39.9049#39.34#28.73#31.93
-102.76,39.9074#39.34#28.82#31.84
-102.703,39.9099#39.34#28.9#31.76
-102.645,39.9124#39.34#28.99#31.67
-102.588,39.9149#39.33#29.08#31.59
-102.531,39.9174#39.33#29.17#31.5
-102.473,39.9198#39.33#29.24#31.43
-102.416,39.9222#39.34#29.3#31.36
-102.359,39.9246#39.35#29.36#31.29
-102.301,39.927#39.36#29.43#31.21
-102.244,39.9293#39.37#29.49#31.14
-102.187,39.9317#39.38#29.55#31.07
-102.129,39.934#39.39#29.62#30.99
-102.072,39.9363#39.39#29.68#30.93
-102.014,39.9386#39.4#29.75#30.85
-101.957,39.9409#39.43#29.78#30.79
-101.9,39.9431#39.46#29.79#30.75
-101.842,39.9454#39.49#29.81#30.7
-101.785,39.9476#39.51#29.83#30.66
-101.727,39.9498#39.54#29.85#30.61
-101.67,39.9519#39.57#29.86#30.57
-101.613,39.9541#39.6#29.88#30.52
-101.555,39.9562#39.63#29.9#30.47
-101.498,39.9584#39.66#29.91#30.43
-101.44,39.9605#39.69#29.9#30.41
-101.383,39.9625#39.71#29.89#30.4
-101.326,39.9646#39.74#29.87#30.39
-101.268,39.9667#39.77#29.86#30.37
-101.211,39.9687#39.8#29.85#30.35
-101.153,39.9707#39.82#29.83#30.35
-101.096,39.9727#39.85#29.82#30.33
-101.038,39.9747#39.88#29.8#30.32
-100.981,39.9766#39.9#29.78#30.32
-100.924,39.9785#39.94#29.75#30.31
-100.866,39.9805#39.97#29.73#30.3
-100.809,39.9823#40#29.7#30.3
-100.751,39.9842#40.03#29.67#30.3
-100.694,39.9861#40.07#29.64#30.29
-100.636,39.9879#40.1#29.62#30.28
-100.579,39.9897#40.13#29.59#30.28
-100.522,39.9915#40.16#29.56#30.28
-100.464,39.9933#40.2#29.53#30.27
-100.407,39.9951#40.23#29.49#30.28
-100.349,39.9968#40.26#29.46#30.28
-100.292,39.9986#40.3#29.42#30.28
-100.234,40.0003#40.33#29.38#30.29
-100.177,40.002#40.37#29.35#30.28
-100.119,40.0036#40.4#29.31#30.29
-100.062,40.0053#40.43#29.27#30.3
-100.004,40.0069#40.47#29.24#30.29
-99.947,40.0085#40.48#29.2#30.32
-99.8895,40.0101#40.5#29.17#30.33
-99.8321,40.0117#40.51#29.14#30.35
-99.7746,40.0133#40.53#29.1#30.37
-99.7171,40.0148#40.54#29.07#30.39
-99.6597,40.0163#40.55#29.04#30.41
-99.6022,40.0179#40.57#29#30.43
-99.5447,40.0193#40.58#28.97#30.45
-99.4872,40.0208#40.6#28.94#30.46
-99.4298,40.0223#40.63#28.92#30.45
-99.3723,40.0237#40.67#28.9#30.43
-99.3148,40.0251#40.7#28.88#30.42
-99.2573,40.0265#40.74#28.86#30.4
-99.1998,40.0279#40.77#28.84#30.39
-99.1424,40.0292#40.81#28.83#30.36
-99.0849,40.0306#40.84#28.81#30.35
-99.0274,40.0319#40.88#28.79#30.33
-98.9699,40.0332#40.93#28.78#30.29
-98.9124,40.0344#41#28.77#30.23
-98.8549,40.0357#41.07#28.76#30.17
-98.7974,40.037#41.14#28.76#30.1
-98.7399,40.0382#41.21#28.75#30.04
-98.6824,40.0394#41.27#28.75#29.98
-98.6249,40.0406#41.34#28.74#29.92
-98.5674,40.0417#41.41#28.74#29.85
-98.5099,40.0429#41.48#28.73#29.79
-98.4524,40.044#41.55#28.73#29.72
-98.3949,40.0451#41.63#28.73#29.64
-98.3374,40.0462#41.7#28.73#29.57
-98.2799,40.0473#41.78#28.73#29.49
-98.2224,40.0483#41.85#28.73#29.42
-98.1649,40.0494#41.93#28.73#29.34
-98.1074,40.0504#42#28.73#29.27
-98.0499,40.0514#42.08#28.73#29.19
-97.9924,40.0524#42.15#28.73#29.12
-97.9349,40.0533#42.23#28.73#29.04
-97.8773,40.0543#42.31#28.74#28.95
-97.8198,40.0552#42.39#28.74#28.87
-97.7623,40.0561#42.47#28.74#28.79
-97.7048,40.057#42.55#28.75#28.7
-97.6473,40.0579#42.63#28.75#28.62
-97.5898,40.0587#42.7#28.75#28.55
-97.5322,40.0596#42.78#28.75#28.47
-97.4747,40.0604#42.86#28.73#28.41
-97.4172,40.0612#42.94#28.69#28.37
-97.3597,40.0619#43.02#28.64#28.34
-97.3022,40.0627#43.09#28.59#28.32
-97.2446,40.0634#43.17#28.54#28.29
-97.1871,40.0642#43.25#28.49#28.26
-97.1296,40.0649#43.32#28.45#28.23
-97.0721,40.0655#43.4#28.4#28.2
-97.0145,40.0662#43.48#28.35#28.17
-96.957,40.0669#43.55#28.32#28.13
-96.8995,40.0675#43.62#28.28#28.1
-96.8419,40.0681#43.7#28.25#28.05
-96.7844,40.0687#43.77#28.22#28.01
-96.7269,40.0692#43.84#28.19#27.97
-96.6694,40.0698#43.92#28.16#27.92
-96.6118,40.0703#43.99#28.13#27.88
-96.5543,40.0708#44.06#28.1#27.84
-96.4968,40.0713#44.14#28.07#27.79
-96.4392,40.0718#44.2#28.1#27.7
-96.3817,40.0723#44.27#28.12#27.61
-96.3242,40.0727#44.34#28.15#27.51
-96.2666,40.0731#44.41#28.17#27.42
-96.2091,40.0735#44.48#28.2#27.32
-96.1516,40.0739#44.55#28.22#27.23
-96.094,40.0743#44.62#28.25#27.13
-96.0365,40.0746#44.69#28.27#27.04
-95.979,40.075#44.75#28.31#26.94
-95.9214,40.0753#44.82#28.35#26.83
-95.8639,40.0756#44.88#28.39#26.73
-95.8063,40.0758#44.95#28.44#26.61
-95.7488,40.0761#45.01#28.48#26.51
-95.6913,40.0763#45.08#28.52#26.4
-95.6337,40.0765#45.14#28.57#26.29
-95.5762,40.0767#45.21#28.61#26.18
-95.5186,40.0769#45.28#28.65#26.07
-95.4611,40.0771#45.34#28.69#25.97
-95.4036,40.0772#45.4#28.73#25.87
-95.346,40.0773#45.46#28.76#25.78
-95.2885,40.0774#45.52#28.8#25.68
-95.231,40.0775#45.58#28.84#25.58
-95.1734,40.0776#45.64#28.88#25.48
-95.1159,40.0776#45.7#28.91#25.39
-95.0583,40.0777#45.76#28.95#25.29
-95.0008,40.0777#45.82#28.99#25.19
-94.9433,40.0777#45.88#29.01#25.11
-94.8857,40.0776#45.94#29.04#25.02
-94.8282,40.0776#46#29.07#24.93
-94.7706,40.0775#46.07#29.1#24.83
-94.7131,40.0774#46.13#29.13#24.74
-94.6556,40.0773#46.19#29.16#24.65
-94.598,40.0772#46.25#29.19#24.56
-94.5405,40.0771#46.31#29.22#24.47
-94.4829,40.0769#46.37#29.25#24.38
-94.4254,40.0767#46.43#29.3#24.27
-94.3679,40.0765#46.5#29.35#24.15
-94.3103,40.0763#46.56#29.4#24.04
-94.2528,40.0761#46.62#29.44#23.94
-94.1952,40.0758#46.69#29.49#23.82
-94.1377,40.0756#46.75#29.54#23.71
-94.0802,40.0753#46.81#29.59#23.6
-94.0226,40.075#46.87#29.64#23.49
-93.9651,40.0746#46.94#29.69#23.37
-93.9076,40.0743#47#29.75#23.25
-93.85,40.0739#47.06#29.81#23.13
-93.7925,40.0735#47.12#29.87#23.01
-93.735,40.0731#47.18#29.93#22.89
-93.6774,40.0727#47.24#29.99#22.77
-93.6199,40.0723#47.3#30.05#22.65
-93.5624,40.0718#47.37#30.11#22.52
-93.5048,40.0714#47.43#30.17#22.4
-93.4473,40.0709#47.49#30.21#22.3
-93.3898,40.0703#47.55#30.25#22.2
-93.3322,40.0698#47.61#30.29#22.1
-93.2747,40.0693#47.67#30.33#22
-93.2172,40.0687#47.73#30.37#21.9
-93.1596,40.0681#47.79#30.41#21.8
-93.1021,40.0675#47.85#30.45#21.7
-93.0446,40.0669#47.91#30.49#21.6
-92.9871,40.0662#47.98#30.53#21.49
-92.9295,40.0656#48.04#30.55#21.41
-92.872,40.0649#48.11#30.58#21.31
-92.8145,40.0642#48.17#30.6#21.23
-92.757,40.0635#48.23#30.63#21.14
-92.6994,40.0627#48.3#30.65#21.05
-92.6419,40.062#48.36#30.68#20.96
-92.5844,40.0612#48.43#30.7#20.87
-92.5269,40.0604#48.49#30.73#20.78
-92.4693,40.0596#48.56#30.75#20.69
-92.4118,40.0588#48.63#30.76#20.61
-92.3543,40.0579#48.7#30.78#20.52
-92.2968,40.057#48.78#30.79#20.43
-92.2393,40.0561#48.85#30.81#20.34
-92.1818,40.0552#48.92#30.82#20.26
-92.1242,40.0543#48.99#30.84#20.17
-92.0667,40.0534#49.06#30.85#20.09
-92.0092,40.0524#49.13#30.87#20
-91.9517,40.0514#49.22#30.88#19.9
-91.8942,40.0504#49.31#30.89#19.8
-91.8367,40.0494#49.39#30.9#19.71
-91.7792,40.0484#49.48#30.9#19.62
-91.7217,40.0473#49.57#30.91#19.52
-91.6642,40.0462#49.66#30.92#19.42
-91.6067,40.0452#49.75#30.93#19.32
-91.5492,40.044#49.84#30.94#19.22
-91.4917,40.0429#49.94#30.95#19.11
-91.4342,40.0418#50.1#30.95#18.95
-91.3767,40.0406#50.26#30.96#18.78
-91.3192,40.0394#50.43#30.97#18.6
-91.2617,40.0382#50.59#30.97#18.44
-91.2042,40.037#50.75#30.98#18.27
-91.1467,40.0357#50.91#30.98#18.11
-91.0892,40.0345#51.08#30.99#17.93
-91.0317,40.0332#51.24#30.99#17.77
-90.9742,40.0319#51.4#31#17.6
-90.9167,40.0306#51.56#31#17.44
-90.8592,40.0293#51.71#31#17.29
-90.8017,40.0279#51.86#31.01#17.13
-90.7443,40.0265#52.02#31.01#16.97
-90.6868,40.0251#52.17#31.01#16.82
-90.6293,40.0237#52.32#31.02#16.66
-90.5718,40.0223#52.47#31.02#16.51
-90.5143,40.0208#52.62#31.02#16.36
-90.4569,40.0194#52.75#31.02#16.23
-90.3994,40.0179#52.86#31.02#16.12
-90.3419,40.0164#52.98#31.03#15.99
-90.2844,40.0149#53.09#31.03#15.88
-90.227,40.0133#53.21#31.03#15.76
-90.1695,40.0118#53.33#31.03#15.64
-90.112,40.0102#53.44#31.03#15.53
-90.0546,40.0086#53.56#31.03#15.41
-89.9971,40.007#53.67#31.03#15.3
-89.9397,40.0053#53.78#31.03#15.19
-89.8822,40.0037#53.88#31.03#15.09
-89.8247,40.002#53.98#31.03#14.99
-89.7673,40.0003#54.08#31.03#14.89
-89.7098,39.9986#54.19#31.03#14.78
-89.6524,39.9969#54.29#31.03#14.68
-89.5949,39.9951#54.39#31.03#14.58
-89.5375,39.9934#54.5#31.03#14.47
-89.48,39.9916#54.59#31.03#14.38
-89.4226,39.9898#54.68#31.03#14.29
-89.3652,39.988#54.77#31.03#14.2
-89.3077,39.9861#54.86#31.03#14.11
-89.2503,39.9843#54.95#31.03#14.02
-89.1928,39.9824#55.03#31.03#13.94
-89.1354,39.9805#55.12#31.03#13.85
-89.078,39.9786#55.21#31.03#13.76
-89.0206,39.9767#55.3#31.02#13.68
-88.9631,39.9747#55.38#31.02#13.6
-88.9057,39.9727#55.47#31.02#13.51
-88.8483,39.9707#55.55#31.02#13.43
-88.7909,39.9687#55.64#31.02#13.34
-88.7334,39.9667#55.72#31.02#13.26
-88.676,39.9647#55.81#31.02#13.17
-88.6186,39.9626#55.89#31.01#13.1
-88.5612,39.9605#55.98#31.01#13.01
-88.5038,39.9584#56.06#31.01#12.93
-88.4464,39.9563#56.14#31.01#12.85
-88.389,39.9542#56.23#31.01#12.76
-88.3316,39.952#56.31#31.01#12.68
-88.2742,39.9498#56.39#31#12.61
-88.2168,39.9476#56.47#31#12.53
-88.1594,39.9454#56.56#31#12.44
-88.102,39.9432#56.64#31#12.36
-88.0446,39.9409#56.72#31#12.28
-87.9872,39.9387#56.8#30.99#12.21
-87.9298,39.9364#56.88#30.99#12.13
-87.8725,39.9341#56.95#30.99#12.06
-87.8151,39.9318#57.02#30.99#11.99
-87.7577,39.9294#57.1#30.98#11.92
-87.7003,39.9271#57.17#30.98#11.85
-87.643,39.9247#57.25#30.98#11.77
-87.5856,39.9223#57.32#30.98#11.7
-87.5282,39.9199#57.39#30.97#11.64
-87.4709,39.9174#57.46#30.97#11.57
-87.4135,39.915#57.52#30.97#11.51
-87.3561,39.9125#57.57#30.97#11.46
-87.2988,39.91#57.63#30.97#11.4
-87.2414,39.9075#57.68#30.97#11.35
-87.1841,39.905#57.74#30.97#11.29
-87.1267,39.9024#57.79#30.96#11.25
-103.853,39.9001#39.79#27.91#32.3
-103.796,39.903#39.76#27.97#32.27
-103.738,39.9059#39.73#28.02#32.25
-103.681,39.9087#39.7#28.07#32.23
-103.624,39.9115#39.67#28.13#32.2
-103.566,39.9143#39.64#28.18#32.18
-103.509,39.9171#39.61#28.23#32.16
-103.452,39.9198#39.6#28.26#32.14
-103.394,39.9226#39.59#28.28#32.13
-103.337,39.9253#39.57#28.3#32.13
-103.28,39.928#39.56#28.32#32.12
-103.222,39.9307#39.55#28.34#32.11
-103.165,39.9333#39.54#28.36#32.1
-103.108,39.936#39.52#28.39#32.09
-103.05,39.9386#39.51#28.41#32.08
-102.993,39.9412#39.5#28.44#32.06
-102.936,39.9438#39.5#28.53#31.97
-102.878,39.9463#39.49#28.62#31.89
-102.821,39.9489#39.49#28.71#31.8
-102.763,39.9514#39.49#28.8#31.71
-102.706,39.9539#39.49#28.89#31.62
-102.649,39.9564#39.48#28.98#31.54
-102.591,39.9589#39.48#29.07#31.45
-102.534,39.9614#39.48#29.16#31.36
-102.477,39.9638#39.48#29.25#31.27
-102.419,39.9662#39.48#29.31#31.21
-102.362,39.9686#39.49#29.38#31.13
-102.304,39.971#39.5#29.45#31.05
-102.247,39.9734#39.51#29.52#30.97
-102.19,39.9757#39.51#29.58#30.91
-102.132,39.978#39.52#29.65#30.83
-102.075,39.9803#39.53#29.72#30.75
-102.017,39.9826#39.53#29.79#30.68
-101.96,39.9849#39.56#29.83#30.61
-101.903,39.9871#39.58#29.84#30.58
-101.845,39.9894#39.61#29.86#30.53
-101.788,39.9916#39.64#29.88#30.48
-101.73,39.9938#39.67#29.89#30.44
-101.673,39.996#39.69#29.91#30.4
-101.615,39.9981#39.72#29.92#30.36
-101.558,40.0003#39.75#29.94#30.31
-101.501,40.0024#39.78#29.95#30.27
-101.443,40.0045#39.8#29.94#30.26
-101.386,40.0066#39.83#29.92#30.25
-101.328,40.0086#39.85#29.9#30.25
-101.271,40.0107#39.88#29.89#30.23
-101.213,40.0127#39.9#29.87#30.23
-101.156,40.0147#39.93#29.85#30.22
-101.098,40.0167#39.95#29.83#30.22
-101.041,40.0187#39.98#29.81#30.21
-100.984,40.0206#40#29.79#30.21
-100.926,40.0226#40.03#29.76#30.21
-100.869,40.0245#40.07#29.73#30.2
-100.811,40.0264#40.1#29.71#30.19
-100.754,40.0282#40.13#29.68#30.19
-100.696,40.0301#40.16#29.65#30.19
-100.639,40.0319#40.19#29.62#30.19
-100.581,40.0338#40.22#29.59#30.19
-100.524,40.0356#40.25#29.56#30.19
-100.466,40.0374#40.28#29.53#30.19
-100.409,40.0391#40.31#29.49#30.2
-100.351,40.0409#40.34#29.45#30.21
-100.294,40.0426#40.38#29.41#30.21
-100.237,40.0443#40.41#29.38#30.21
-100.179,40.046#40.44#29.34#30.22
-100.122,40.0477#40.47#29.3#30.23
-100.064,40.0493#40.51#29.26#30.23
-100.007,40.051#40.54#29.22#30.24
-99.9491,40.0526#40.55#29.19#30.26
-99.8916,40.0542#40.57#29.16#30.27
-99.8341,40.0558#40.58#29.12#30.3
-99.7766,40.0573#40.59#29.09#30.32
-99.7191,40.0589#40.61#29.05#30.34
-99.6616,40.0604#40.62#29.02#30.36
-99.6041,40.0619#40.63#28.99#30.38
-99.5467,40.0634#40.65#28.95#30.4
-99.4892,40.0648#40.66#28.92#30.42
-99.4316,40.0663#40.7#28.9#30.4
-99.3741,40.0677#40.73#28.88#30.39
-99.3166,40.0691#40.77#28.87#30.36
-99.2591,40.0705#40.8#28.85#30.35
-99.2016,40.0719#40.84#28.83#30.33
-99.1441,40.0732#40.87#28.81#30.32
-99.0866,40.0746#40.9#28.79#30.31
-99.0291,40.0759#40.94#28.78#30.28
-98.9716,40.0772#40.99#28.76#30.25
-98.9141,40.0785#41.06#28.76#30.18
-98.8565,40.0797#41.12#28.75#30.13
-98.799,40.081#41.19#28.75#30.06
-98.7415,40.0822#41.25#28.74#30.01
-98.684,40.0834#41.32#28.74#29.94
-98.6265,40.0846#41.39#28.73#29.88
-98.5689,40.0858#41.45#28.73#29.82
-98.5114,40.0869#41.52#28.72#29.76
-98.4539,40.088#41.59#28.72#29.69
-98.3964,40.0892#41.66#28.72#29.62
-98.3388,40.0903#41.74#28.72#29.54
-98.2813,40.0913#41.81#28.72#29.47
-98.2238,40.0924#41.89#28.72#29.39
-98.1662,40.0934#41.96#28.72#29.32
-98.1087,40.0944#42.03#28.72#29.25
-98.0512,40.0954#42.11#28.72#29.17
-97.9936,40.0964#42.18#28.72#29.1
-97.9361,40.0974#42.26#28.72#29.02
-97.8786,40.0983#42.34#28.73#28.93
-97.821,40.0993#42.41#28.73#28.86
-97.7635,40.1002#42.49#28.73#28.78
-97.7059,40.101#42.57#28.73#28.7
-97.6484,40.1019#42.64#28.74#28.62
-97.5909,40.1028#42.72#28.74#28.54
-97.5333,40.1036#42.8#28.74#28.46
-97.4758,40.1044#42.87#28.72#28.41
-97.4182,40.1052#42.95#28.68#28.37
-97.3607,40.106#43.03#28.63#28.34
-97.3031,40.1067#43.1#28.58#28.32
-97.2456,40.1075#43.18#28.54#28.28
-97.188,40.1082#43.25#28.49#28.26
-97.1305,40.1089#43.33#28.44#28.23
-97.0729,40.1096#43.4#28.4#28.2
-97.0154,40.1102#43.48#28.35#28.17
-96.9578,40.1109#43.55#28.32#28.13
-96.9003,40.1115#43.62#28.29#28.09
-96.8427,40.1121#43.7#28.26#28.04
-96.7852,40.1127#43.77#28.23#28
-96.7276,40.1133#43.84#28.2#27.96
-96.6701,40.1138#43.91#28.17#27.92
-96.6125,40.1144#43.98#28.14#27.88
-96.555,40.1149#44.06#28.11#27.83
-96.4974,40.1154#44.13#28.08#27.79
-96.4398,40.1159#44.19#28.11#27.7
-96.3823,40.1163#44.26#28.13#27.61
-96.3247,40.1168#44.33#28.16#27.51
-96.2672,40.1172#44.4#28.18#27.42
-96.2096,40.1176#44.47#28.21#27.32
-96.152,40.118#44.53#28.23#27.24
-96.0945,40.1183#44.6#28.26#27.14
-96.0369,40.1187#44.67#28.28#27.05
-95.9794,40.119#44.74#28.31#26.95
-95.9218,40.1193#44.8#28.35#26.85
-95.8642,40.1196#44.87#28.39#26.74
-95.8067,40.1199#44.93#28.43#26.64
-95.7491,40.1201#45#28.47#26.53
-95.6916,40.1204#45.06#28.5#26.44
-95.634,40.1206#45.12#28.54#26.34
-95.5764,40.1208#45.19#28.58#26.23
-95.5189,40.1209#45.25#28.62#26.13
-95.4613,40.1211#45.32#28.66#26.02
-95.4037,40.1212#45.38#28.69#25.93
-95.3462,40.1214#45.44#28.72#25.84
-95.2886,40.1215#45.5#28.76#25.74
-95.2311,40.1216#45.56#28.79#25.65
-95.1735,40.1216#45.62#28.83#25.55
-95.1159,40.1217#45.68#28.86#25.46
-95.0584,40.1217#45.74#28.9#25.36
-95.0008,40.1217#45.8#28.93#25.27
-94.9432,40.1217#45.86#28.96#25.18
-94.8857,40.1217#45.92#28.99#25.09
-94.8281,40.1216#45.98#29.02#25
-94.7705,40.1216#46.04#29.04#24.92
-94.713,40.1215#46.1#29.07#24.83
-94.6554,40.1214#46.16#29.1#24.74
-94.5978,40.1212#46.22#29.13#24.65
-94.5403,40.1211#46.29#29.15#24.56
-94.4827,40.1209#46.35#29.19#24.46
-94.4252,40.1208#46.41#29.24#24.35
-94.3676,40.1206#46.47#29.29#24.24
-94.31,40.1204#46.53#29.34#24.13
-94.2525,40.1201#46.6#29.39#24.01
-94.1949,40.1199#46.66#29.44#23.9
-94.1373,40.1196#46.72#29.49#23.79
-94.0798,40.1193#46.79#29.54#23.67
-94.0222,40.119#46.85#29.59#23.56
-93.9647,40.1187#46.91#29.65#23.44
-93.9071,40.1183#46.97#29.71#23.32
-93.8495,40.118#47.03#29.77#23.2
-93.792,40.1176#47.09#29.84#23.07
-93.7344,40.1172#47.15#29.9#22.95
-93.6769,40.1168#47.21#29.96#22.83
-93.6193,40.1163#47.27#30.03#22.7
-93.5617,40.1159#47.34#30.09#22.57
-93.5042,40.1154#47.4#30.15#22.45
-93.4466,40.1149#47.46#30.19#22.35
-93.3891,40.1144#47.52#30.23#22.25
-93.3315,40.1138#47.58#30.27#22.15
-93.274,40.1133#47.64#30.31#22.05
-93.2164,40.1127#47.7#30.36#21.94
-93.1589,40.1121#47.76#30.4#21.84
-93.1013,40.1115#47.82#30.44#21.74
-93.0438,40.1109#47.88#30.48#21.64
-92.9862,40.1103#47.94#30.51#21.55
-92.9287,40.1096#48.01#30.54#21.45
-92.8711,40.1089#48.07#30.56#21.37
-92.8136,40.1082#48.14#30.59#21.27
-92.756,40.1075#48.2#30.62#21.18
-92.6985,40.1068#48.26#30.64#21.1
-92.6409,40.106#48.33#30.67#21
-92.5834,40.1052#48.39#30.69#20.92
-92.5258,40.1044#48.46#30.72#20.82
-92.4683,40.1036#48.53#30.74#20.73
-92.4107,40.1028#48.6#30.75#20.65
-92.3532,40.1019#48.67#30.77#20.56
-92.2956,40.1011#48.74#30.78#20.48
-92.2381,40.1002#48.81#30.8#20.39
-92.1806,40.0993#48.89#30.81#20.3
-92.123,40.0984#48.96#30.82#20.22
-92.0655,40.0974#49.03#30.84#20.13
-92.0079,40.0964#49.1#30.85#20.05
-91.9504,40.0955#49.19#30.86#19.95
-91.8929,40.0945#49.27#30.87#19.86
-91.8353,40.0934#49.36#30.88#19.76
-91.7778,40.0924#49.45#30.89#19.66
-91.7203,40.0914#49.53#30.9#19.57
-91.6628,40.0903#49.62#30.91#19.47
-91.6052,40.0892#49.71#30.92#19.37
-91.5477,40.0881#49.79#30.93#19.28
-91.4902,40.0869#49.89#30.93#19.18
-91.4326,40.0858#50.05#30.94#19.01
-91.3751,40.0846#50.2#30.94#18.86
-91.3176,40.0834#50.35#30.95#18.7
-91.2601,40.0822#50.51#30.95#18.54
-91.2026,40.081#50.66#30.96#18.38
-91.145,40.0798#50.82#30.96#18.22
-91.0875,40.0785#50.98#30.97#18.05
-91.03,40.0772#51.13#30.98#17.89
-90.9725,40.0759#51.29#30.98#17.73
-90.915,40.0746#51.45#30.98#17.57
-90.8575,40.0733#51.61#30.98#17.41
-90.8,40.0719#51.77#30.99#17.24
-90.7425,40.0706#51.92#30.99#17.09
-90.6849,40.0692#52.08#30.99#16.93
-90.6274,40.0678#52.24#31#16.76
-90.5699,40.0663#52.4#31#16.6
-90.5124,40.0649#52.55#31#16.45
-90.4549,40.0634#52.68#31#16.32
-90.3974,40.0619#52.79#31#16.21
-90.3399,40.0604#52.91#31.01#16.08
-90.2824,40.0589#53.02#31.01#15.97
-90.225,40.0574#53.14#31.01#15.85
-90.1675,40.0558#53.25#31.01#15.74
-90.11,40.0542#53.37#31.01#15.62
-90.0525,40.0526#53.48#31.01#15.51
-89.995,40.051#53.59#31.01#15.4
-89.9375,40.0494#53.7#31.01#15.29
-89.88,40.0477#53.8#31.01#15.19
-89.8225,40.046#53.91#31.01#15.08
-89.7651,40.0444#54.01#31.01#14.98
-89.7076,40.0426#54.11#31.01#14.88
-89.6501,40.0409#54.22#31.01#14.77
-89.5926,40.0392#54.32#31.01#14.67
-89.5352,40.0374#54.42#31.01#14.57
-89.4777,40.0356#54.52#31.01#14.47
-89.4202,40.0338#54.61#31.01#14.38
-89.3628,40.032#54.7#31.01#14.29
-89.3053,40.0302#54.79#31.01#14.2
-89.2478,40.0283#54.88#31.01#14.11
-89.1904,40.0264#54.96#31.01#14.03
-89.1329,40.0245#55.05#31.01#13.94
-89.0755,40.0226#55.14#31#13.86
-89.018,40.0207#55.23#31#13.77
-88.9606,40.0187#55.32#31#13.68
-88.9031,40.0168#55.4#31#13.6
-88.8457,40.0148#55.49#31#13.51
-88.7882,40.0128#55.57#31#13.43
-88.7308,40.0107#55.66#31#13.34
-88.6733,40.0087#55.75#31#13.25
-88.6159,40.0066#55.83#30.99#13.18
-88.5585,40.0045#55.92#30.99#13.09
-88.501,40.0024#56#30.99#13.01
-88.4436,40.0003#56.09#30.99#12.92
-88.3862,39.9982#56.17#30.99#12.84
-88.3288,39.996#56.25#30.99#12.76
-88.2713,39.9938#56.34#30.98#12.68
-88.2139,39.9917#56.42#30.98#12.6
-88.1565,39.9894#56.5#30.98#12.52
-88.0991,39.9872#56.59#30.98#12.43
-88.0417,39.985#56.67#30.98#12.35
-87.9842,39.9827#56.75#30.98#12.27
-87.9268,39.9804#56.83#30.97#12.2
-87.8694,39.9781#56.9#30.97#12.13
-87.812,39.9758#56.97#30.97#12.06
-87.7546,39.9734#57.05#30.97#11.98
-87.6972,39.9711#57.12#30.96#11.92
-87.6398,39.9687#57.2#30.96#11.84
-87.5824,39.9663#57.27#30.96#11.77
-87.5251,39.9639#57.35#30.96#11.69
-87.4677,39.9614#57.41#30.96#11.63
-87.4103,39.959#57.47#30.95#11.58
-87.3529,39.9565#57.52#30.95#11.53
-87.2955,39.954#57.58#30.95#11.47
-87.2381,39.9515#57.64#30.95#11.41
