-97.4465,33.9006#41.38#30.31#28.31
-97.3921,33.9014#41.54#30.27#28.19
-97.3378,33.9021#41.7#30.23#28.07
-97.2834,33.9029#41.86#30.19#27.95
-97.2291,33.9037#42.02#30.15#27.83
-97.1748,33.9044#42.18#30.11#27.71
-97.1204,33.9051#42.34#30.07#27.59
-97.0661,33.9058#42.5#30.03#27.47
-97.0117,33.9065#42.66#29.99#27.35
-96.9574,33.9072#42.82#29.96#27.22
-96.903,33.9078#42.97#29.92#27.11
-96.8487,33.9084#43.13#29.89#26.98
-96.7944,33.909#43.28#29.85#26.87
-96.74,33.9096#43.43#29.82#26.75
-96.6857,33.9102#43.59#29.78#26.63
-96.6313,33.9107#43.74#29.74#26.52
-96.577,33.9113#43.89#29.71#26.4
-96.5226,33.9118#44.05#29.67#26.28
-96.4683,33.9123#44.19#29.66#26.15
-96.4139,33.9128#44.32#29.66#26.02
-96.3596,33.9132#44.46#29.66#25.88
-96.3052,33.9137#44.59#29.65#25.76
-96.2509,33.9141#44.73#29.65#25.62
-96.1965,33.9145#44.86#29.65#25.49
-96.1422,33.9149#45#29.65#25.35
-96.0878,33.9153#45.13#29.65#25.22
-96.0335,33.9156#45.27#29.65#25.08
-95.9791,33.9159#45.39#29.66#24.95
-95.9248,33.9163#45.5#29.67#24.83
-95.8704,33.9166#45.61#29.69#24.7
-95.8161,33.9168#45.73#29.71#24.56
-95.7617,33.9171#45.84#29.73#24.43
-95.7074,33.9173#45.95#29.75#24.3
-95.653,33.9176#46.06#29.77#24.17
-95.5987,33.9178#46.17#29.79#24.04
-95.5443,33.918#46.28#29.81#23.91
-95.4899,33.9181#46.39#29.83#23.78
-95.4356,33.9183#46.48#29.85#23.67
-95.3812,33.9184#46.58#29.88#23.54
-95.3269,33.9186#46.67#29.9#23.43
-95.2725,33.9187#46.76#29.93#23.31
-95.2182,33.9187#46.86#29.95#23.19
-95.1638,33.9188#46.95#29.98#23.07
-95.1095,33.9188#47.05#30#22.95
-95.0551,33.9189#47.14#30.03#22.83
-95.0008,33.9189#47.24#30.05#22.71
-94.9464,33.9189#47.31#30.07#22.62
-94.892,33.9188#47.39#30.08#22.53
-94.8377,33.9188#47.46#30.1#22.44
-94.7833,33.9187#47.54#30.11#22.35
-94.729,33.9187#47.61#30.12#22.27
-94.6746,33.9186#47.69#30.14#22.17
-94.6203,33.9184#47.76#30.15#22.09
-94.5659,33.9183#47.84#30.17#21.99
-94.5116,33.9181#47.91#30.18#21.91
-94.4572,33.918#47.98#30.19#21.83
-94.4029,33.9178#48.05#30.19#21.76
-94.3485,33.9176#48.11#30.18#21.71
-94.2941,33.9174#48.18#30.18#21.64
-94.2398,33.9171#48.25#30.18#21.57
-94.1854,33.9168#48.31#30.18#21.51
-94.1311,33.9166#48.38#30.18#21.44
-94.0767,33.9163#48.44#30.18#21.38
-94.0224,33.916#48.51#30.18#21.31
-93.968,33.9156#48.57#30.17#21.26
-93.9137,33.9153#48.62#30.15#21.23
-93.8593,33.9149#48.67#30.13#21.2
-93.805,33.9145#48.72#30.11#21.17
-93.7506,33.9141#48.77#30.1#21.13
-93.6963,33.9137#48.82#30.08#21.1
-93.6419,33.9132#48.87#30.06#21.07
-93.5876,33.9128#48.92#30.04#21.04
-93.5332,33.9123#48.97#30.02#21.01
-93.4789,33.9118#49.02#30#20.98
-93.4245,33.9113#49.06#29.98#20.96
-93.3702,33.9107#49.1#29.95#20.95
-93.3158,33.9102#49.14#29.93#20.93
-93.2615,33.9096#49.19#29.91#20.9
-93.2071,33.909#49.23#29.88#20.89
-93.1528,33.9084#49.27#29.86#20.87
-93.0985,33.9078#49.31#29.83#20.86
-93.0441,33.9072#49.35#29.81#20.84
-92.9898,33.9065#49.39#29.79#20.82
-92.9354,33.9058#49.43#29.78#20.79
-92.8811,33.9051#49.46#29.77#20.77
-92.8267,33.9044#49.5#29.76#20.74
-92.7724,33.9037#49.54#29.75#20.71
-92.7181,33.9029#49.57#29.74#20.69
-92.6637,33.9022#49.61#29.74#20.65
-92.6094,33.9014#49.65#29.73#20.62
-92.555,33.9006#49.69#29.72#20.59
-99.5667,33.9002#32.56#32.22#35.22
-99.5124,33.9017#32.68#32.14#35.18
-99.458,33.9032#32.88#32.06#35.06
-99.4037,33.9046#33.1#31.98#34.92
-99.3494,33.9061#33.33#31.9#34.77
-99.2951,33.9075#33.55#31.81#34.64
-99.2408,33.909#33.77#31.73#34.5
-99.1864,33.9104#33.99#31.65#34.36
-99.1321,33.9117#34.21#31.56#34.23
-99.0778,33.9131#34.44#31.48#34.08
-99.0234,33.9145#34.66#31.4#33.94
-98.9691,33.9158#34.89#31.32#33.79
-98.9148,33.9171#35.14#31.25#33.61
-98.8605,33.9184#35.38#31.18#33.44
-98.8061,33.9197#35.63#31.11#33.26
-98.7518,33.9209#35.88#31.04#33.08
-98.6975,33.9222#36.12#30.97#32.91
-98.6431,33.9234#36.37#30.9#32.73
-98.5888,33.9246#36.61#30.83#32.56
-98.5344,33.9258#36.86#30.76#32.38
-98.4801,33.9269#37.11#30.71#32.18
-98.4258,33.9281#37.37#30.68#31.95
-98.3714,33.9292#37.64#30.64#31.72
-98.3171,33.9303#37.9#30.61#31.49
-98.2627,33.9314#38.17#30.58#31.25
-98.2084,33.9325#38.43#30.55#31.02
-98.154,33.9336#38.7#30.51#30.79
-98.0997,33.9346#38.96#30.48#30.56
-98.0453,33.9356#39.22#30.45#30.33
-97.991,33.9366#39.48#30.42#30.1
-97.9366,33.9376#39.67#30.41#29.92
-97.8823,33.9386#39.87#30.4#29.73
-97.8279,33.9395#40.07#30.39#29.54
-97.7736,33.9405#40.27#30.38#29.35
-97.7192,33.9414#40.46#30.38#29.16
-97.6649,33.9423#40.66#30.37#28.97
-97.6105,33.9431#40.86#30.36#28.78
-97.5562,33.944#41.06#30.35#28.59
-97.5018,33.9448#41.25#30.34#28.41
-97.4474,33.9457#41.42#30.3#28.28
-97.3931,33.9465#41.58#30.26#28.16
-97.3387,33.9473#41.74#30.22#28.04
-97.2844,33.948#41.9#30.18#27.92
-97.23,33.9488#42.07#30.14#27.79
-97.1756,33.9495#42.23#30.11#27.66
-97.1213,33.9502#42.39#30.07#27.54
-97.0669,33.9509#42.55#30.03#27.42
-97.0125,33.9516#42.71#29.99#27.3
-96.9582,33.9523#42.87#29.95#27.18
-96.9038,33.9529#43.03#29.92#27.05
-96.8494,33.9535#43.18#29.88#26.94
-96.7951,33.9541#43.34#29.85#26.81
-96.7407,33.9547#43.49#29.81#26.7
-96.6863,33.9553#43.65#29.78#26.57
-96.632,33.9558#43.8#29.74#26.46
-96.5776,33.9564#43.96#29.71#26.33
-96.5232,33.9569#44.11#29.67#26.22
-96.4689,33.9574#44.26#29.66#26.08
-96.4145,33.9579#44.39#29.66#25.95
-96.3601,33.9583#44.53#29.66#25.81
-96.3058,33.9588#44.67#29.66#25.67
-96.2514,33.9592#44.8#29.66#25.54
-96.197,33.9596#44.94#29.66#25.4
-96.1426,33.96#45.08#29.66#25.26
-96.0883,33.9604#45.22#29.66#25.12
-96.0339,33.9607#45.35#29.66#24.99
-95.9795,33.9611#45.48#29.66#24.86
-95.9251,33.9614#45.59#29.68#24.73
-95.8708,33.9617#45.71#29.7#24.59
-95.8164,33.962#45.82#29.72#24.46
-95.762,33.9622#45.93#29.74#24.33
-95.7076,33.9625#46.05#29.76#24.19
-95.6533,33.9627#46.16#29.78#24.06
-95.5989,33.9629#46.27#29.8#23.93
-95.5445,33.9631#46.39#29.82#23.79
-95.4901,33.9633#46.5#29.84#23.66
-95.4358,33.9634#46.59#29.86#23.55
-95.3814,33.9636#46.69#29.89#23.42
-95.327,33.9637#46.79#29.91#23.3
-95.2726,33.9638#46.89#29.93#23.18
-95.2183,33.9639#46.99#29.96#23.05
-95.1639,33.9639#47.09#29.98#22.93
-95.1095,33.964#47.18#30.01#22.81
-95.0551,33.964#47.28#30.03#22.69
-95.0008,33.964#47.38#30.05#22.57
-94.9464,33.964#47.46#30.07#22.47
-94.892,33.964#47.53#30.08#22.39
-94.8376,33.9639#47.61#30.09#22.3
-94.7832,33.9639#47.68#30.11#22.21
-94.7289,33.9638#47.76#30.12#22.12
-94.6745,33.9637#47.83#30.13#22.04
-94.6201,33.9636#47.91#30.15#21.94
-94.5657,33.9634#47.98#30.16#21.86
-94.5114,33.9633#48.06#30.17#21.77
-94.457,33.9631#48.13#30.17#21.7
-94.4026,33.9629#48.2#30.17#21.63
-94.3482,33.9627#48.26#30.17#21.57
-94.2939,33.9625#48.33#30.17#21.5
-94.2395,33.9622#48.4#30.17#21.43
-94.1851,33.962#48.47#30.16#21.37
-94.1307,33.9617#48.53#30.16#21.31
-94.0764,33.9614#48.6#30.16#21.24
-94.022,33.9611#48.67#30.16#21.17
-93.9676,33.9607#48.73#30.14#21.13
-93.9132,33.9604#48.78#30.13#21.09
-93.8589,33.96#48.84#30.11#21.05
-93.8045,33.9596#48.89#30.09#21.02
-93.7501,33.9592#48.94#30.07#20.99
-93.6958,33.9588#49#30.05#20.95
-93.6414,33.9584#49.05#30.03#20.92
-93.587,33.9579#49.1#30.01#20.89
-93.5326,33.9574#49.16#29.99#20.85
-93.4783,33.9569#49.21#29.97#20.82
-93.4239,33.9564#49.25#29.95#20.8
-93.3695,33.9559#49.29#29.93#20.78
-93.3152,33.9553#49.33#29.9#20.77
-93.2608,33.9547#49.38#29.88#20.74
-93.2064,33.9542#49.42#29.86#20.72
-93.1521,33.9536#49.46#29.84#20.7
-93.0977,33.9529#49.51#29.81#20.68
-93.0433,33.9523#49.55#29.79#20.66
-92.989,33.9516#49.59#29.77#20.64
-92.9346,33.9509#49.63#29.76#20.61
-92.8802,33.9503#49.67#29.76#20.57
-92.8259,33.9495#49.71#29.75#20.54
-92.7715,33.9488#49.75#29.74#20.51
-92.7171,33.9481#49.79#29.73#20.48
-92.6628,33.9473#49.82#29.72#20.46
-92.6084,33.9465#49.86#29.72#20.42
-92.5541,33.9457#49.9#29.71#20.39
-92.4997,33.9449#49.94#29.7#20.36
-92.4453,33.944#49.99#29.69#20.32
-92.391,33.9432#50.03#29.69#20.28
-92.3366,33.9423#50.08#29.68#20.24
-92.2823,33.9414#50.12#29.68#20.2
-92.2279,33.9405#50.17#29.67#20.16
-92.1736,33.9396#50.21#29.67#20.12
-92.1192,33.9386#50.26#29.66#20.08
-92.0649,33.9376#50.3#29.65#20.05
-92.0105,33.9367#50.35#29.65#20
-91.9562,33.9356#50.42#29.64#19.94
-91.9018,33.9346#50.5#29.64#19.86
-91.8475,33.9336#50.57#29.64#19.79
-91.7931,33.9325#50.65#29.63#19.72
-91.7388,33.9315#50.73#29.63#19.64
-91.6844,33.9304#50.81#29.63#19.56
-91.6301,33.9292#50.89#29.62#19.49
-91.5757,33.9281#50.96#29.62#19.42
-91.5214,33.927#51.04#29.61#19.35
-91.4671,33.9258#51.12#29.61#19.27
-91.4127,33.9246#51.21#29.61#19.18
-91.3584,33.9234#51.3#29.61#19.09
-91.3041,33.9222#51.38#29.61#19.01
-91.2497,33.921#51.47#29.61#18.92
-91.1954,33.9197#51.55#29.61#18.84
-91.141,33.9184#51.64#29.61#18.75
-91.0867,33.9171#51.72#29.61#18.67
-91.0324,33.9158#51.81#29.61#18.58
-90.9781,33.9145#51.9#29.62#18.48
-90.9237,33.9131#51.99#29.64#18.37
-90.8694,33.9118#52.08#29.66#18.26
-90.8151,33.9104#52.18#29.68#18.14
-90.7607,33.909#52.27#29.7#18.03
-90.7064,33.9076#52.36#29.72#17.92
-90.6521,33.9061#52.46#29.74#17.8
-90.5978,33.9047#52.55#29.75#17.7
-90.5435,33.9032#52.64#29.77#17.59
-90.4891,33.9017#52.73#29.8#17.47
-90.4348,33.9002#52.83#29.84#17.33
-100.926,33.9016#29.82#35.75#34.43
-100.872,33.9036#29.92#35.57#34.51
-100.818,33.9055#30.02#35.39#34.59
-100.764,33.9075#30.12#35.21#34.67
-100.709,33.9094#30.22#35.02#34.76
-100.655,33.9113#30.32#34.84#34.84
-100.601,33.9131#30.42#34.66#34.92
-100.546,33.915#30.52#34.47#35.01
-100.492,33.9168#30.62#34.29#35.09
-100.438,33.9186#30.73#34.13#35.14
-100.383,33.9204#30.85#33.96#35.19
-100.329,33.9222#30.96#33.8#35.24
-100.275,33.924#31.07#33.64#35.29
-100.22,33.9257#31.18#33.47#35.35
-100.166,33.9275#31.29#33.31#35.4
-100.112,33.9292#31.4#33.14#35.46
-100.057,33.9309#31.51#32.98#35.51
-100.003,33.9325#31.62#32.82#35.56
-99.9488,33.9342#31.74#32.74#35.52
-99.8945,33.9358#31.86#32.66#35.48
-99.8402,33.9374#31.98#32.58#35.44
-99.7858,33.939#32.1#32.5#35.4
-99.7315,33.9406#32.22#32.43#35.35
-99.6772,33.9422#32.34#32.35#35.31
-99.6228,33.9437#32.46#32.27#35.27
-99.5685,33.9453#32.59#32.19#35.22
-99.5142,33.9468#32.71#32.12#35.17
-99.4598,33.9483#32.9#32.03#35.07
-99.4055,33.9497#33.13#31.95#34.92
-99.3511,33.9512#33.35#31.87#34.78
-99.2968,33.9526#33.58#31.78#34.64
-99.2425,33.9541#33.8#31.7#34.5
-99.1881,33.9555#34.02#31.62#34.36
-99.1338,33.9568#34.25#31.53#34.22
-99.0794,33.9582#34.47#31.45#34.08
-99.0251,33.9596#34.7#31.37#33.93
-98.9707,33.9609#34.93#31.29#33.78
-98.9164,33.9622#35.18#31.22#33.6
-98.862,33.9635#35.43#31.15#33.42
-98.8076,33.9648#35.67#31.09#33.24
-98.7533,33.966#35.92#31.02#33.06
-98.6989,33.9673#36.16#30.95#32.89
-98.6446,33.9685#36.41#30.88#32.71
-98.5902,33.9697#36.65#30.81#32.54
-98.5359,33.9709#36.9#30.74#32.36
-98.4815,33.972#37.15#30.69#32.16
-98.4271,33.9732#37.42#30.66#31.92
-98.3728,33.9743#37.68#30.63#31.69
-98.3184,33.9754#37.94#30.59#31.47
-98.264,33.9765#38.21#30.56#31.23
-98.2097,33.9776#38.47#30.53#31
-98.1553,33.9787#38.73#30.5#30.77
-98.1009,33.9797#38.99#30.47#30.54
-98.0466,33.9807#39.26#30.44#30.3
-97.9922,33.9817#39.51#30.41#30.08
-97.9378,33.9827#39.71#30.4#29.89
-97.8834,33.9837#39.91#30.39#29.7
-97.8291,33.9846#40.1#30.38#29.52
-97.7747,33.9856#40.3#30.38#29.32
-97.7203,33.9865#40.5#30.37#29.13
-97.6659,33.9874#40.7#30.36#28.94
-97.6116,33.9883#40.89#30.35#28.76
-97.5572,33.9891#41.09#30.34#28.57
-97.5028,33.99#41.29#30.33#28.38
-97.4484,33.9908#41.45#30.29#28.26
-97.394,33.9916#41.62#30.25#28.13
-97.3397,33.9924#41.78#30.22#28
-97.2853,33.9931#41.95#30.18#27.87
-97.2309,33.9939#42.11#30.14#27.75
-97.1765,33.9946#42.27#30.1#27.63
-97.1221,33.9953#42.44#30.06#27.5
-97.0677,33.996#42.6#30.02#27.38
-97.0133,33.9967#42.76#29.98#27.26
-96.959,33.9974#42.92#29.95#27.13
-96.9046,33.998#43.08#29.91#27.01
-96.8502,33.9986#43.24#29.88#26.88
-96.7958,33.9992#43.39#29.85#26.76
-96.7414,33.9998#43.55#29.81#26.64
-96.687,34.0004#43.7#29.78#26.52
-96.6326,34.001#43.86#29.74#26.4
-96.5782,34.0015#44.02#29.71#26.27
-96.5238,34.002#44.17#29.67#26.16
-96.4695,34.0025#44.32#29.66#26.02
-96.4151,34.003#44.46#29.66#25.88
-96.3607,34.0034#44.6#29.66#25.74
-96.3063,34.0039#44.74#29.66#25.6
-96.2519,34.0043#44.88#29.66#25.46
-96.1975,34.0047#45.02#29.66#25.32
-96.1431,34.0051#45.16#29.66#25.18
-96.0887,34.0055#45.3#29.66#25.04
-96.0343,34.0058#45.44#29.66#24.9
-95.9799,34.0062#45.57#29.67#24.76
-95.9255,34.0065#45.68#29.69#24.63
-95.8711,34.0068#45.8#29.71#24.49
-95.8167,34.0071#45.91#29.73#24.36
-95.7623,34.0073#46.03#29.75#24.22
-95.7079,34.0076#46.15#29.77#24.08
-95.6535,34.0078#46.26#29.79#23.95
-95.5991,34.008#46.38#29.81#23.81
-95.5447,34.0082#46.49#29.83#23.68
-95.4903,34.0084#46.61#29.85#23.54
-95.4359,34.0085#46.71#29.87#23.42
-95.3815,34.0087#46.81#29.89#23.3
-95.3271,34.0088#46.91#29.92#23.17
-95.2727,34.0089#47.01#29.94#23.05
-95.2183,34.009#47.12#29.96#22.92
-95.1639,34.009#47.22#29.99#22.79
-95.1095,34.0091#47.32#30.01#22.67
-95.0552,34.0091#47.42#30.03#22.55
-95.0008,34.0091#47.52#30.06#22.42
-94.9464,34.0091#47.6#30.07#22.33
-94.892,34.0091#47.68#30.08#22.24
-94.8376,34.009#47.75#30.09#22.16
-94.7832,34.009#47.83#30.1#22.07
-94.7288,34.0089#47.9#30.12#21.98
-94.6744,34.0088#47.98#30.13#21.89
-94.62,34.0087#48.06#30.14#21.8
-94.5656,34.0085#48.13#30.15#21.72
-94.5112,34.0084#48.21#30.16#21.63
-94.4568,34.0082#48.28#30.16#21.56
-94.4024,34.008#48.35#30.16#21.49
-94.348,34.0078#48.42#30.16#21.42
-94.2936,34.0076#48.49#30.15#21.36
-94.2392,34.0073#48.55#30.15#21.3
-94.1848,34.0071#48.62#30.14#21.24
-94.1304,34.0068#48.69#30.14#21.17
-94.076,34.0065#48.76#30.14#21.1
-94.0216,34.0062#48.83#30.13#21.04
-93.9672,34.0058#48.89#30.12#20.99
-93.9128,34.0055#48.95#30.1#20.95
-93.8584,34.0051#49#30.08#20.92
-93.804,34.0047#49.06#30.06#20.88
-93.7496,34.0043#49.12#30.04#20.84
-93.6952,34.0039#49.17#30.02#20.81
-93.6408,34.0035#49.23#30#20.77
-93.5864,34.003#49.28#29.98#20.74
-93.532,34.0025#49.34#29.96#20.7
-93.4777,34.002#49.39#29.94#20.67
-93.4233,34.0015#49.43#29.92#20.65
-93.3689,34.001#49.48#29.9#20.62
-93.3145,34.0004#49.53#29.88#20.59
-93.2601,33.9999#49.57#29.86#20.57
-93.2057,33.9993#49.62#29.84#20.54
-93.1513,33.9987#49.66#29.82#20.52
-93.0969,33.998#49.7#29.8#20.5
-93.0425,33.9974#49.75#29.78#20.47
-92.9882,33.9967#49.79#29.76#20.45
-92.9338,33.9961#49.83#29.75#20.42
-92.8794,33.9954#49.88#29.74#20.38
-92.825,33.9946#49.92#29.74#20.34
-92.7706,33.9939#49.96#29.73#20.31
-92.7162,33.9932#50#29.72#20.28
-92.6618,33.9924#50.04#29.71#20.25
-92.6075,33.9916#50.08#29.71#20.21
-92.5531,33.9908#50.12#29.7#20.18
-92.4987,33.99#50.16#29.69#20.15
-92.4443,33.9891#50.21#29.68#20.11
-92.3899,33.9883#50.26#29.68#20.06
-92.3356,33.9874#50.3#29.67#20.03
-92.2812,33.9865#50.35#29.67#19.98
-92.2268,33.9856#50.4#29.66#19.94
-92.1724,33.9847#50.45#29.66#19.89
-92.1181,33.9837#50.49#29.65#19.86
-92.0637,33.9827#50.54#29.65#19.81
-92.0093,33.9818#50.59#29.64#19.77
-91.9549,33.9808#50.66#29.64#19.7
-91.9006,33.9797#50.74#29.64#19.62
-91.8462,33.9787#50.82#29.63#19.55
-91.7918,33.9776#50.9#29.63#19.47
-91.7375,33.9766#50.98#29.62#19.4
-91.6831,33.9755#51.06#29.62#19.32
-91.6287,33.9744#51.14#29.62#19.24
-91.5744,33.9732#51.21#29.61#19.18
-91.52,33.9721#51.29#29.61#19.1
-91.4656,33.9709#51.37#29.61#19.02
-91.4113,33.9697#51.46#29.61#18.93
-91.3569,33.9685#51.54#29.61#18.85
-91.3026,33.9673#51.62#29.62#18.76
-91.2482,33.9661#51.7#29.62#18.68
-91.1939,33.9648#51.79#29.62#18.59
-91.1395,33.9635#51.87#29.62#18.51
-91.0851,33.9622#51.95#29.62#18.43
-91.0308,33.9609#52.04#29.62#18.34
-90.9764,33.9596#52.12#29.63#18.25
-90.9221,33.9582#52.22#29.66#18.12
-90.8677,33.9569#52.31#29.68#18.01
-90.8134,33.9555#52.4#29.7#17.9
-90.759,33.9541#52.49#29.72#17.79
-90.7047,33.9527#52.58#29.74#17.68
-90.6504,33.9512#52.67#29.76#17.57
-90.596,33.9498#52.76#29.79#17.45
-90.5417,33.9483#52.86#29.81#17.33
-90.4873,33.9468#52.95#29.83#17.22
-90.433,33.9453#53.04#29.88#17.08
-90.3787,33.9438#53.14#29.92#16.94
-90.3243,33.9422#53.23#29.96#16.81
-90.27,33.9407#53.33#30.01#16.66
-90.2157,33.9391#53.42#30.05#16.53
-90.1613,33.9375#53.52#30.09#16.39
-90.107,33.9359#53.61#30.14#16.25
-90.0527,33.9342#53.71#30.18#16.11
-89.9984,33.9326#53.8#30.22#15.98
-89.944,33.9309#53.88#30.27#15.85
-89.8897,33.9292#53.96#30.31#15.73
-89.8354,33.9275#54.04#30.36#15.6
-89.7811,33.9258#54.12#30.4#15.48
-89.7268,33.924#54.19#30.45#15.36
-89.6724,33.9223#54.27#30.5#15.23
-89.6181,33.9205#54.35#30.54#15.11
-89.5638,33.9187#54.43#30.59#14.98
-89.5095,33.9169#54.51#30.64#14.85
-89.4552,33.915#54.58#30.65#14.77
-89.4009,33.9132#54.66#30.67#14.67
-89.3466,33.9113#54.73#30.68#14.59
-89.2923,33.9094#54.81#30.69#14.5
-89.238,33.9075#54.89#30.7#14.41
-89.1837,33.9056#54.96#30.72#14.32
-89.1294,33.9036#55.04#30.73#14.23
-89.0751,33.9017#55.11#30.74#14.15
-102.069,33.9013#28.84#40.04#31.12
-102.015,33.9037#28.85#39.77#31.38
-101.96,33.906#28.88#39.55#31.57
-101.906,33.9083#28.91#39.34#31.75
-101.852,33.9106#28.93#39.13#31.94
-101.798,33.9129#28.96#38.92#32.12
-101.743,33.9151#28.99#38.71#32.3
-101.689,33.9173#29.02#38.5#32.48
-101.635,33.9196#29.04#38.29#32.67
-101.58,33.9217#29.07#38.08#32.85
-101.526,33.9239#29.1#37.87#33.03
-101.472,33.9261#29.15#37.67#33.18
-101.418,33.9282#29.21#37.47#33.32
-101.363,33.9304#29.28#37.27#33.45
-101.309,33.9325#29.35#37.08#33.57
-101.255,33.9346#29.41#36.88#33.71
-101.2,33.9366#29.48#36.69#33.83
-101.146,33.9387#29.54#36.49#33.97
-101.092,33.9407#29.61#36.3#34.09
-101.037,33.9427#29.68#36.1#34.22
-100.983,33.9447#29.75#35.91#34.34
-100.929,33.9467#29.85#35.73#34.42
-100.874,33.9487#29.95#35.54#34.51
-100.82,33.9506#30.05#35.36#34.59
-100.766,33.9525#30.15#35.18#34.67
-100.712,33.9545#30.25#34.99#34.76
-100.657,33.9563#30.35#34.81#34.84
-100.603,33.9582#30.45#34.62#34.93
-100.549,33.9601#30.55#34.44#35.01
-100.494,33.9619#30.65#34.26#35.09
-100.44,33.9637#30.76#34.1#35.14
-100.386,33.9655#30.87#33.94#35.19
-100.331,33.9673#30.98#33.77#35.25
-100.277,33.9691#31.09#33.61#35.3
-100.223,33.9708#31.2#33.45#35.35
-100.168,33.9725#31.31#33.29#35.4
-100.114,33.9743#31.42#33.13#35.45
-100.059,33.9759#31.53#32.97#35.5
-100.005,33.9776#31.64#32.81#35.55
-99.9508,33.9793#31.76#32.72#35.52
-99.8965,33.9809#31.88#32.64#35.48
-99.8421,33.9825#32#32.56#35.44
-99.7878,33.9841#32.12#32.48#35.4
-99.7334,33.9857#32.24#32.41#35.35
-99.679,33.9873#32.36#32.33#35.31
-99.6247,33.9888#32.49#32.25#35.26
-99.5703,33.9904#32.61#32.17#35.22
-99.516,33.9919#32.73#32.09#35.18
-99.4616,33.9934#32.93#32.01#35.06
-99.4073,33.9948#33.15#31.92#34.93
-99.3529,33.9963#33.38#31.84#34.78
-99.2985,33.9977#33.6#31.76#34.64
-99.2442,33.9992#33.83#31.67#34.5
-99.1898,34.0006#34.06#31.59#34.35
-99.1354,34.0019#34.28#31.51#34.21
-99.081,34.0033#34.51#31.42#34.07
-99.0267,34.0047#34.74#31.34#33.92
-98.9723,34.006#34.97#31.26#33.77
-98.9179,34.0073#35.22#31.19#33.59
-98.8636,34.0086#35.47#31.13#33.4
-98.8092,34.0099#35.71#31.06#33.23
-98.7548,34.0111#35.96#30.99#33.05
-98.7004,34.0124#36.2#30.93#32.87
-98.646,34.0136#36.45#30.86#32.69
-98.5917,34.0148#36.7#30.79#32.51
-98.5373,34.016#36.94#30.72#32.34
-98.4829,34.0171#37.2#30.67#32.13
-98.4285,34.0183#37.46#30.64#31.9
-98.3741,34.0194#37.72#30.61#31.67
-98.3197,34.0205#37.98#30.58#31.44
-98.2653,34.0216#38.24#30.55#31.21
-98.211,34.0227#38.51#30.52#30.97
-98.1566,34.0238#38.77#30.49#30.74
-98.1022,34.0248#39.03#30.46#30.51
-98.0478,34.0258#39.29#30.43#30.28
-97.9934,34.0268#39.55#30.4#30.05
-97.939,34.0278#39.74#30.39#29.87
-97.8846,34.0288#39.94#30.38#29.68
-97.8302,34.0297#40.14#30.37#29.49
-97.7758,34.0307#40.34#30.37#29.29
-97.7214,34.0316#40.53#30.36#29.11
-97.667,34.0325#40.73#30.35#28.92
-97.6126,34.0334#40.93#30.34#28.73
-97.5582,34.0342#41.13#30.33#28.54
-97.5038,34.0351#41.32#30.32#28.36
-97.4494,34.0359#41.49#30.29#28.22
-97.395,34.0367#41.66#30.25#28.09
-97.3406,34.0375#41.82#30.21#27.97
-97.2862,34.0382#41.99#30.17#27.84
-97.2318,34.039#42.15#30.13#27.72
-97.1774,34.0397#42.32#30.09#27.59
-97.123,34.0404#42.48#30.06#27.46
-97.0686,34.0411#42.65#30.02#27.33
-97.0142,34.0418#42.81#29.98#27.21
-96.9597,34.0425#42.97#29.94#27.09
-96.9053,34.0431#43.13#29.91#26.96
-96.8509,34.0437#43.29#29.88#26.83
-96.7965,34.0444#43.45#29.84#26.71
-96.7421,34.0449#43.61#29.81#26.58
-96.6877,34.0455#43.76#29.78#26.46
-96.6333,34.0461#43.92#29.74#26.34
-96.5789,34.0466#44.08#29.71#26.21
-96.5245,34.0471#44.24#29.67#26.09
-96.47,34.0476#44.39#29.66#25.95
-96.4156,34.0481#44.53#29.66#25.81
-96.3612,34.0486#44.67#29.66#25.67
-96.3068,34.049#44.81#29.66#25.53
-96.2524,34.0494#44.95#29.67#25.38
-96.198,34.0498#45.1#29.67#25.23
-96.1436,34.0502#45.24#29.67#25.09
-96.0891,34.0506#45.38#29.67#24.95
-96.0347,34.0509#45.52#29.67#24.81
-95.9803,34.0513#45.65#29.68#24.67
-95.9259,34.0516#45.77#29.7#24.53
-95.8715,34.0519#45.89#29.72#24.39
-95.817,34.0522#46.01#29.74#24.25
-95.7626,34.0524#46.13#29.76#24.11
-95.7082,34.0527#46.25#29.78#23.97
-95.6538,34.0529#46.36#29.8#23.84
-95.5994,34.0531#46.48#29.82#23.7
-95.545,34.0533#46.6#29.84#23.56
-95.4905,34.0535#46.72#29.86#23.42
-95.4361,34.0536#46.82#29.88#23.3
-95.3817,34.0538#46.93#29.9#23.17
-95.3273,34.0539#47.03#29.93#23.04
-95.2729,34.054#47.14#29.95#22.91
-95.2184,34.0541#47.24#29.97#22.79
-95.164,34.0541#47.35#29.99#22.66
-95.1096,34.0542#47.46#30.01#22.53
-95.0552,34.0542#47.56#30.04#22.4
-95.0008,34.0542#47.67#30.06#22.27
-94.9463,34.0542#47.74#30.07#22.19
-94.8919,34.0542#47.82#30.08#22.1
-94.8375,34.0541#47.9#30.09#22.01
-94.7831,34.0541#47.97#30.1#21.93
-94.7287,34.054#48.05#30.11#21.84
-94.6742,34.0539#48.13#30.12#21.75
-94.6198,34.0538#48.2#30.13#21.67
-94.5654,34.0536#48.28#30.14#21.58
-94.511,34.0535#48.36#30.15#21.49
-94.4566,34.0533#48.43#30.15#21.42
-94.4021,34.0531#48.5#30.15#21.35
-94.3477,34.0529#48.57#30.14#21.29
-94.2933,34.0527#48.64#30.14#21.22
-94.2389,34.0524#48.71#30.13#21.16
-94.1845,34.0522#48.78#30.12#21.1
-94.13,34.0519#48.85#30.12#21.03
-94.0756,34.0516#48.92#30.11#20.97
-94.0212,34.0513#48.99#30.11#20.9
-93.9668,34.051#49.05#30.09#20.86
-93.9124,34.0506#49.11#30.07#20.82
-93.858,34.0502#49.17#30.05#20.78
-93.8035,34.0498#49.23#30.03#20.74
-93.7491,34.0494#49.29#30.01#20.7
-93.6947,34.049#49.35#29.99#20.66
-93.6403,34.0486#49.4#29.97#20.63
-93.5859,34.0481#49.46#29.95#20.59
-93.5315,34.0476#49.52#29.93#20.55
-93.477,34.0471#49.57#29.91#20.52
-93.4226,34.0466#49.62#29.89#20.49
-93.3682,34.0461#49.67#29.87#20.46
-93.3138,34.0455#49.72#29.85#20.43
-93.2594,34.045#49.76#29.83#20.41
-93.205,34.0444#49.81#29.82#20.37
-93.1506,34.0438#49.86#29.8#20.34
-93.0962,34.0431#49.9#29.78#20.32
-93.0418,34.0425#49.95#29.76#20.29
-92.9873,34.0418#50#29.74#20.26
-92.9329,34.0412#50.04#29.74#20.22
-92.8785,34.0405#50.08#29.73#20.19
-92.8241,34.0397#50.12#29.72#20.16
-92.7697,34.039#50.17#29.72#20.11
-92.7153,34.0383#50.21#29.71#20.08
-92.6609,34.0375#50.25#29.7#20.05
-92.6065,34.0367#50.29#29.69#20.02
-92.5521,34.0359#50.34#29.69#19.97
-92.4977,34.0351#50.38#29.68#19.94
-92.4433,34.0342#50.43#29.68#19.89
-92.3889,34.0334#50.48#29.67#19.85
-92.3345,34.0325#50.53#29.67#19.8
-92.2801,34.0316#50.58#29.66#19.76
-92.2257,34.0307#50.63#29.66#19.71
-92.1713,34.0298#50.68#29.65#19.67
-92.1169,34.0288#50.73#29.65#19.62
-92.0625,34.0278#50.78#29.64#19.58
-92.0081,34.0269#50.83#29.64#19.53
-91.9537,34.0259#50.9#29.63#19.47
-91.8993,34.0248#50.98#29.63#19.39
-91.8449,34.0238#51.06#29.63#19.31
-91.7905,34.0227#51.14#29.62#19.24
-91.7362,34.0217#51.22#29.62#19.16
-91.6818,34.0206#51.3#29.62#19.08
-91.6274,34.0195#51.38#29.61#19.01
-91.573,34.0183#51.46#29.61#18.93
-91.5186,34.0172#51.54#29.61#18.85
-91.4642,34.016#51.62#29.61#18.77
-91.4098,34.0148#51.7#29.61#18.69
-91.3555,34.0136#51.78#29.62#18.6
-91.3011,34.0124#51.86#29.62#18.52
-91.2467,34.0112#51.94#29.62#18.44
-91.1923,34.0099#52.02#29.63#18.35
-91.1379,34.0086#52.1#29.63#18.27
-91.0836,34.0073#52.18#29.63#18.19
-91.0292,34.006#52.26#29.64#18.1
-90.9748,34.0047#52.35#29.65#18
-90.9205,34.0033#52.44#29.67#17.89
-90.8661,34.002#52.53#29.7#17.77
-90.8117,34.0006#52.62#29.72#17.66
-90.7573,33.9992#52.71#29.75#17.54
-90.703,33.9978#52.8#29.77#17.43
-90.6486,33.9963#52.89#29.79#17.32
-90.5943,33.9949#52.98#29.82#17.2
-90.5399,33.9934#53.07#29.84#17.09
-90.4855,33.9919#53.16#29.87#16.97
-90.4312,33.9904#53.25#29.91#16.84
-90.3768,33.9889#53.35#29.96#16.69
-90.3225,33.9873#53.44#30#16.56
-90.2681,33.9858#53.53#30.05#16.42
-90.2137,33.9842#53.62#30.09#16.29
-90.1594,33.9826#53.72#30.14#16.14
-90.105,33.981#53.81#30.18#16.01
-90.0507,33.9793#53.9#30.22#15.88
-89.9963,33.9777#54#30.27#15.73
-89.942,33.976#54.07#30.31#15.62
-89.8877,33.9743#54.15#30.35#15.5
-89.8333,33.9726#54.23#30.39#15.38
-89.779,33.9709#54.31#30.44#15.25
-89.7246,33.9691#54.39#30.48#15.13
-89.6703,33.9674#54.46#30.52#15.02
-89.616,33.9656#54.54#30.57#14.89
-89.5616,33.9638#54.62#30.61#14.77
-89.5073,33.962#54.7#30.66#14.64
-89.453,33.9601#54.77#30.67#14.56
-89.3986,33.9583#54.85#30.68#14.47
-89.3443,33.9564#54.92#30.7#14.38
-89.29,33.9545#55#30.71#14.29
-89.2357,33.9526#55.07#30.72#14.21
-89.1813,33.9507#55.14#30.73#14.13
-89.127,33.9487#55.22#30.75#14.03
-89.0727,33.9468#55.29#30.76#13.95
-89.0184,33.9448#55.37#30.77#13.86
-88.9641,33.9428#55.43#30.78#13.79
-88.9098,33.9408#55.5#30.78#13.72
-88.8555,33.9387#55.56#30.79#13.65
-88.8012,33.9367#55.62#30.79#13.59
-88.7468,33.9346#55.68#30.8#13.52
-88.6925,33.9325#55.74#30.8#13.46
-88.6382,33.9304#55.8#30.8#13.4
-88.5839,33.9283#55.86#30.81#13.33
-88.5296,33.9261#55.93#30.81#13.26
-88.4753,33.924#55.98#30.81#13.21
-88.4211,33.9218#56.03#30.8#13.17
-88.3668,33.9196#56.07#30.78#13.15
-88.3125,33.9174#56.12#30.77#13.11
-88.2582,33.9152#56.16#30.76#13.08
-88.2039,33.9129#56.21#30.75#13.04
-88.1496,33.9106#56.25#30.73#13.02
-88.0953,33.9084#56.3#30.72#12.98
-88.0411,33.9061#56.34#30.71#12.95
-87.9868,33.9037#56.38#30.68#12.94
-87.9325,33.9014#56.41#30.61#12.98
-103.049,33.9011#28.64#43.55#27.81
-102.994,33.9038#28.65#43.4#27.95
-102.94,33.9064#28.66#43.26#28.08
-102.886,33.9091#28.67#43.12#28.21
-102.832,33.9117#28.68#42.98#28.34
-102.777,33.9143#28.69#42.84#28.47
-102.723,33.9169#28.7#42.69#28.61
-102.669,33.9194#28.71#42.55#28.74
-102.615,33.922#28.72#42.41#28.87
-102.56,33.9245#28.73#42.27#29
-102.506,33.927#28.74#42.13#29.13
-102.452,33.9295#28.75#41.87#29.38
-102.398,33.9319#28.77#41.61#29.62
-102.343,33.9344#28.78#41.34#29.88
-102.289,33.9368#28.79#41.08#30.13
-102.235,33.9392#28.81#40.81#30.38
-102.18,33.9416#28.82#40.55#30.63
-102.126,33.944#28.84#40.28#30.88
-102.072,33.9464#28.85#40.01#31.14
-102.018,33.9487#28.86#39.75#31.39
-101.963,33.951#28.89#39.52#31.59
-101.909,33.9534#28.92#39.31#31.77
-101.855,33.9556#28.94#39.1#31.96
-101.8,33.9579#28.97#38.89#32.14
-101.746,33.9602#29#38.68#32.32
-101.692,33.9624#29.03#38.47#32.5
-101.637,33.9646#29.06#38.26#32.68
-101.583,33.9668#29.09#38.05#32.86
-101.529,33.969#29.12#37.84#33.04
-101.474,33.9712#29.17#37.64#33.19
-101.42,33.9733#29.24#37.44#33.32
-101.366,33.9754#29.3#37.25#33.45
-101.311,33.9775#29.37#37.05#33.58
-101.257,33.9796#29.44#36.86#33.7
-101.203,33.9817#29.5#36.66#33.84
-101.149,33.9837#29.57#36.47#33.96
-101.094,33.9858#29.64#36.27#34.09
-101.04,33.9878#29.71#36.07#34.22
-100.986,33.9898#29.78#35.88#34.34
-100.931,33.9918#29.88#35.7#34.42
-100.877,33.9937#29.98#35.51#34.51
-100.822,33.9957#30.08#35.33#34.59
-100.768,33.9976#30.18#35.15#34.67
-100.714,33.9995#30.28#34.96#34.76
-100.659,34.0014#30.38#34.78#34.84
-100.605,34.0033#30.48#34.59#34.93
-100.551,34.0051#30.57#34.41#35.02
-100.496,34.007#30.67#34.23#35.1
-100.442,34.0088#30.78#34.07#35.15
-100.388,34.0106#30.89#33.91#35.2
-100.333,34.0124#31#33.75#35.25
-100.279,34.0141#31.11#33.59#35.3
-100.225,34.0159#31.22#33.43#35.35
-100.17,34.0176#31.33#33.27#35.4
-100.116,34.0193#31.44#33.11#35.45
-100.062,34.021#31.54#32.95#35.51
-100.007,34.0227#31.65#32.8#35.55
-99.9528,34.0244#31.77#32.71#35.52
-99.8984,34.026#31.9#32.63#35.47
-99.8441,34.0276#32.02#32.55#35.43
-99.7897,34.0292#32.14#32.47#35.39
-99.7353,34.0308#32.26#32.38#35.36
-99.6809,34.0324#32.39#32.3#35.31
-99.6265,34.0339#32.51#32.22#35.27
-99.5722,34.0354#32.63#32.14#35.23
-99.5178,34.037#32.75#32.06#35.19
-99.4634,34.0384#32.95#31.98#35.07
-99.409,34.0399#33.18#31.9#34.92
-99.3546,34.0414#33.4#31.81#34.79
-99.3002,34.0428#33.63#31.73#34.64
-99.2459,34.0442#33.86#31.64#34.5
-99.1915,34.0456#34.09#31.56#34.35
-99.1371,34.047#34.32#31.48#34.2
-99.0827,34.0484#34.55#31.39#34.06
-99.0283,34.0497#34.78#31.31#33.91
-98.9739,34.0511#35.01#31.23#33.76
-98.9195,34.0524#35.26#31.17#33.57
-98.8651,34.0537#35.51#31.1#33.39
-98.8107,34.055#35.75#31.03#33.22
-98.7563,34.0562#36#30.97#33.03
-98.7019,34.0575#36.25#30.9#32.85
-98.6475,34.0587#36.49#30.84#32.67
-98.5931,34.0599#36.74#30.77#32.49
-98.5387,34.0611#36.99#30.7#32.31
-98.4843,34.0622#37.24#30.65#32.11
-98.4299,34.0634#37.5#30.62#31.88
-98.3755,34.0645#37.76#30.59#31.65
-98.3211,34.0656#38.02#30.56#31.42
-98.2667,34.0667#38.28#30.53#31.19
-98.2122,34.0678#38.54#30.5#30.96
-98.1578,34.0689#38.8#30.47#30.73
-98.1034,34.0699#39.06#30.44#30.5
-98.049,34.0709#39.33#30.42#30.25
-97.9946,34.0719#39.58#30.39#30.03
-97.9402,34.0729#39.78#30.38#29.84
-97.8858,34.0739#39.97#30.37#29.66
-97.8313,34.0748#40.17#30.36#29.47
-97.7769,34.0758#40.37#30.36#29.27
-97.7225,34.0767#40.57#30.35#29.08
-97.6681,34.0776#40.76#30.34#28.9
-97.6137,34.0785#40.96#30.33#28.71
-97.5592,34.0793#41.16#30.32#28.52
-97.5048,34.0802#41.36#30.32#28.32
-97.4504,34.081#41.53#30.28#28.19
-97.396,34.0818#41.69#30.24#28.07
-97.3415,34.0826#41.86#30.2#27.94
-97.2871,34.0833#42.03#30.16#27.81
-97.2327,34.0841#42.2#30.13#27.67
-97.1783,34.0848#42.36#30.09#27.55
-97.1238,34.0855#42.53#30.05#27.42
-97.0694,34.0862#42.7#30.01#27.29
-97.015,34.0869#42.87#29.97#27.16
-96.9605,34.0876#43.03#29.94#27.03
-96.9061,34.0882#43.19#29.91#26.9
-96.8517,34.0888#43.35#29.87#26.78
-96.7972,34.0895#43.5#29.84#26.66
-96.7428,34.09#43.66#29.81#26.53
-96.6884,34.0906#43.82#29.77#26.41
-96.6339,34.0912#43.98#29.74#26.28
-96.5795,34.0917#44.14#29.71#26.15
-96.5251,34.0922#44.3#29.67#26.03
-96.4706,34.0927#44.45#29.66#25.89
-96.4162,34.0932#44.6#29.66#25.74
-96.3618,34.0937#44.74#29.66#25.6
-96.3073,34.0941#44.88#29.67#25.45
-96.2529,34.0945#45.03#29.67#25.3
-96.1985,34.0949#45.17#29.67#25.16
-96.144,34.0953#45.32#29.67#25.01
-96.0896,34.0957#45.46#29.68#24.86
-96.0351,34.096#45.61#29.68#24.71
-95.9807,34.0964#45.74#29.69#24.57
-95.9263,34.0967#45.86#29.71#24.43
-95.8718,34.097#45.98#29.73#24.29
-95.8174,34.0973#46.1#29.75#24.15
-95.7629,34.0975#46.22#29.77#24.01
-95.7085,34.0978#46.35#29.79#23.86
-95.6541,34.098#46.47#29.81#23.72
-95.5996,34.0982#46.59#29.83#23.58
-95.5452,34.0984#46.71#29.85#23.44
-95.4907,34.0986#46.83#29.87#23.3
-95.4363,34.0987#46.94#29.89#23.17
-95.3818,34.0989#47.04#29.91#23.05
-95.3274,34.099#47.15#29.93#22.92
-95.273,34.0991#47.26#29.95#22.79
-95.2185,34.0992#47.37#29.98#22.65
-95.1641,34.0992#47.48#30#22.52
-95.1096,34.0993#47.59#30.02#22.39
-95.0552,34.0993#47.7#30.04#22.26
-95.0008,34.0993#47.81#30.06#22.13
-94.9463,34.0993#47.89#30.07#22.04
-94.8919,34.0993#47.96#30.08#21.96
-94.8374,34.0992#48.04#30.09#21.87
-94.783,34.0992#48.12#30.1#21.78
-94.7285,34.0991#48.2#30.11#21.69
-94.6741,34.099#48.27#30.12#21.61
-94.6197,34.0989#48.35#30.13#21.52
-94.5652,34.0987#48.43#30.14#21.43
-94.5108,34.0986#48.5#30.15#21.35
-94.4563,34.0984#48.58#30.14#21.28
-94.4019,34.0982#48.65#30.13#21.22
-94.3475,34.098#48.72#30.13#21.15
-94.293,34.0978#48.79#30.12#21.09
-94.2386,34.0975#48.86#30.11#21.03
-94.1841,34.0973#48.93#30.11#20.96
-94.1297,34.097#49.01#30.1#20.89
-94.0752,34.0967#49.08#30.09#20.83
-94.0208,34.0964#49.15#30.08#20.77
-93.9664,34.0961#49.21#30.07#20.72
-93.9119,34.0957#49.27#30.05#20.68
-93.8575,34.0953#49.34#30.02#20.64
-93.8031,34.0949#49.4#30#20.6
-93.7486,34.0945#49.46#29.98#20.56
-93.6942,34.0941#49.52#29.96#20.52
-93.6397,34.0937#49.58#29.94#20.48
-93.5853,34.0932#49.64#29.92#20.44
-93.5309,34.0927#49.7#29.9#20.4
-93.4764,34.0922#49.76#29.88#20.36
-93.422,34.0917#49.81#29.86#20.33
-93.3676,34.0912#49.86#29.84#20.3
-93.3131,34.0906#49.91#29.83#20.26
-93.2587,34.0901#49.96#29.81#20.23
-93.2043,34.0895#50#29.79#20.21
-93.1498,34.0889#50.05#29.78#20.17
-93.0954,34.0882#50.1#29.76#20.14
-93.041,34.0876#50.15#29.74#20.11
-92.9865,34.0869#50.2#29.73#20.07
-92.9321,34.0863#50.24#29.72#20.04
-92.8777,34.0856#50.29#29.72#19.99
-92.8232,34.0848#50.33#29.71#19.96
-92.7688,34.0841#50.38#29.7#19.92
-92.7144,34.0834#50.42#29.7#19.88
-92.66,34.0826#50.46#29.69#19.85
-92.6055,34.0818#50.51#29.68#19.81
-92.5511,34.081#50.55#29.68#19.77
-92.4967,34.0802#50.6#29.67#19.73
-92.4423,34.0793#50.65#29.67#19.68
-92.3878,34.0785#50.7#29.66#19.64
-92.3334,34.0776#50.76#29.66#19.58
-92.279,34.0767#50.81#29.65#19.54
-92.2246,34.0758#50.86#29.65#19.49
-92.1702,34.0749#50.91#29.64#19.45
-92.1157,34.0739#50.96#29.64#19.4
-92.0613,34.0729#51.02#29.64#19.34
-92.0069,34.072#51.07#29.63#19.3
-91.9525,34.0709#51.14#29.63#19.23
-91.8981,34.0699#51.23#29.63#19.14
-91.8437,34.0689#51.31#29.62#19.07
-91.7893,34.0678#51.39#29.62#18.99
-91.7348,34.0668#51.47#29.62#18.91
-91.6804,34.0657#51.55#29.61#18.84
-91.626,34.0645#51.63#29.61#18.76
-91.5716,34.0634#51.71#29.61#18.68
-91.5172,34.0623#51.79#29.6#18.61
-91.4628,34.0611#51.87#29.61#18.52
-91.4084,34.0599#51.95#29.61#18.44
-91.354,34.0587#52.03#29.62#18.35
-91.2996,34.0575#52.1#29.62#18.28
-91.2452,34.0562#52.18#29.63#18.19
-91.1908,34.055#52.26#29.63#18.11
-91.1364,34.0537#52.34#29.64#18.02
-91.082,34.0524#52.41#29.64#17.95
-91.0276,34.0511#52.49#29.65#17.86
-90.9732,34.0498#52.57#29.67#17.76
-90.9188,34.0484#52.66#29.69#17.65
-90.8644,34.0471#52.75#29.72#17.53
-90.81,34.0457#52.84#29.75#17.41
-90.7556,34.0443#52.93#29.77#17.3
-90.7013,34.0429#53.02#29.8#17.18
-90.6469,34.0414#53.11#29.82#17.07
-90.5925,34.04#53.19#29.85#16.96
-90.5381,34.0385#53.28#29.87#16.85
-90.4837,34.037#53.37#29.91#16.72
-90.4293,34.0355#53.46#29.95#16.59
-90.375,34.034#53.55#30#16.45
-90.3206,34.0324#53.64#30.04#16.32
-90.2662,34.0308#53.74#30.09#16.17
-90.2118,34.0293#53.83#30.13#16.04
-90.1575,34.0277#53.92#30.18#15.9
-90.1031,34.026#54.01#30.22#15.77
-90.0487,34.0244#54.1#30.27#15.63
-89.9943,34.0227#54.19#30.31#15.5
-89.94,34.0211#54.27#30.35#15.38
-89.8856,34.0194#54.35#30.39#15.26
-89.8312,34.0177#54.42#30.43#15.15
-89.7769,34.0159#54.5#30.47#15.03
-89.7225,34.0142#54.58#30.51#14.91
-89.6682,34.0124#54.66#30.55#14.79
-89.6138,34.0107#54.73#30.59#14.68
-89.5594,34.0089#54.81#30.63#14.56
-89.5051,34.007#54.89#30.67#14.44
-89.4507,34.0052#54.96#30.69#14.35
-89.3964,34.0033#55.03#30.7#14.27
-89.342,34.0015#55.11#30.72#14.17
-89.2877,33.9996#55.18#30.73#14.09
-89.2334,33.9977#55.25#30.74#14.01
-89.179,33.9957#55.33#30.75#13.92
-89.1247,33.9938#55.4#30.77#13.83
-89.0703,33.9918#55.47#30.78#13.75
-89.016,33.9899#55.55#30.79#13.66
-88.9617,33.9879#55.61#30.8#13.59
-88.9073,33.9858#55.67#30.8#13.53
-88.853,33.9838#55.73#30.8#13.47
-88.7987,33.9818#55.79#30.81#13.4
-88.7443,33.9797#55.85#30.81#13.34
-88.69,33.9776#55.91#30.81#13.28
-88.6357,33.9755#55.97#30.82#13.21
-88.5814,33.9734#56.03#30.82#13.15
-88.527,33.9712#56.09#30.82#13.09
-88.4727,33.9691#56.14#30.82#13.04
-88.4184,33.9669#56.19#30.8#13.01
-88.3641,33.9647#56.23#30.79#12.98
-88.3098,33.9625#56.28#30.78#12.94
-88.2555,33.9602#56.32#30.76#12.92
-88.2012,33.958#56.37#30.75#12.88
-88.1469,33.9557#56.41#30.73#12.86
-88.0926,33.9534#56.46#30.72#12.82
-88.0383,33.9511#56.5#30.71#12.79
-87.984,33.9488#56.54#30.67#12.79
-87.9297,33.9464#56.56#30.59#12.85
-87.8754,33.9441#56.59#30.51#12.9
-87.8211,33.9417#56.61#30.44#12.95
-87.7668,33.9393#56.64#30.36#13
-87.7125,33.9369#56.66#30.28#13.06
-87.6582,33.9345#56.68#30.2#13.12
-87.604,33.932#56.71#30.13#13.16
-87.5497,33.9295#56.73#30.05#13.22
-87.4954,33.9271#56.75#29.97#13.28
-87.4411,33.9246#56.75#29.83#13.42
-87.3868,33.922#56.74#29.68#13.58
-87.3326,33.9195#56.73#29.54#13.73
-87.2783,33.9169#56.72#29.4#13.88
-87.224,33.9144#56.71#29.25#14.04
-87.1698,33.9118#56.7#29.11#14.19
-87.1155,33.9092#56.69#28.97#14.34
-87.0613,33.9065#56.68#28.83#14.49
-87.007,33.9039#56.67#28.69#14.64
-86.9528,33.9012#56.61#28.7#14.69
-103.92,33.901#28.49#45.57#25.94
-103.866,33.904#28.5#45.47#26.03
-103.812,33.9069#28.51#45.37#26.12
-103.757,33.9098#28.52#45.27#26.21
-103.703,33.9127#28.53#45.17#26.3
-103.649,33.9156#28.54#45.08#26.38
-103.595,33.9185#28.54#44.98#26.48
-103.54,33.9213#28.55#44.88#26.57
-103.486,33.9242#28.56#44.76#26.68
-103.432,33.927#28.57#44.61#26.82
-103.378,33.9298#28.58#44.46#26.96
-103.323,33.9326#28.59#44.3#27.11
-103.269,33.9353#28.6#44.15#27.25
-103.215,33.9381#28.61#44#27.39
-103.161,33.9408#28.62#43.84#27.54
-103.106,33.9435#28.63#43.69#27.68
-103.052,33.9462#28.64#43.53#27.83
-102.998,33.9488#28.65#43.38#27.97
-102.943,33.9515#28.66#43.24#28.1
-102.889,33.9541#28.67#43.09#28.24
-102.835,33.9567#28.68#42.95#28.37
-102.781,33.9593#28.69#42.81#28.5
-102.726,33.9619#28.7#42.67#28.63
-102.672,33.9645#28.71#42.53#28.76
-102.618,33.967#28.72#42.38#28.9
-102.563,33.9695#28.73#42.24#29.03
-102.509,33.972#28.74#42.1#29.16
-102.455,33.9745#28.75#41.86#29.39
-102.401,33.977#28.77#41.59#29.64
-102.346,33.9794#28.78#41.32#29.9
-102.292,33.9819#28.8#41.06#30.14
-102.238,33.9843#28.81#40.79#30.4
-102.183,33.9867#28.83#40.52#30.65
-102.129,33.9891#28.84#40.26#30.9
-102.075,33.9914#28.86#39.99#31.15
-102.02,33.9938#28.87#39.72#31.41
-101.966,33.9961#28.9#39.49#31.61
-101.912,33.9984#28.93#39.28#31.79
-101.857,34.0007#28.96#39.07#31.97
-101.803,34.003#28.99#38.86#32.15
-101.749,34.0052#29.02#38.66#32.32
-101.694,34.0075#29.05#38.45#32.5
-101.64,34.0097#29.08#38.24#32.68
-101.586,34.0119#29.11#38.03#32.86
-101.531,34.0141#29.14#37.82#33.04
-101.477,34.0162#29.19#37.62#33.19
-101.423,34.0184#29.26#37.42#33.32
-101.368,34.0205#29.33#37.22#33.45
-101.314,34.0226#29.39#37.03#33.58
-101.26,34.0247#29.46#36.83#33.71
-101.205,34.0268#29.53#36.63#33.84
-101.151,34.0288#29.6#36.44#33.96
-101.097,34.0308#29.67#36.24#34.09
-101.042,34.0329#29.74#36.05#34.21
-100.988,34.0349#29.81#35.85#34.34
-100.934,34.0368#29.91#35.67#34.42
-100.879,34.0388#30.01#35.48#34.51
-100.825,34.0408#30.11#35.3#34.59
-100.77,34.0427#30.21#35.12#34.67
-100.716,34.0446#30.31#34.93#34.76
-100.662,34.0465#30.4#34.75#34.85
-100.607,34.0484#30.5#34.56#34.94
-100.553,34.0502#30.6#34.38#35.02
-100.499,34.0521#30.7#34.19#35.11
-100.444,34.0539#30.81#34.04#35.15
-100.39,34.0557#30.91#33.88#35.21
-100.335,34.0575#31.02#33.72#35.26
-100.281,34.0592#31.13#33.56#35.31
-100.227,34.061#31.24#33.41#35.35
-100.172,34.0627#31.35#33.25#35.4
-100.118,34.0644#31.45#33.1#35.45
-100.064,34.0661#31.56#32.94#35.5
-100.009,34.0678#31.67#32.78#35.55
-99.9548,34.0694#31.79#32.69#35.52
-99.9004,34.0711#31.91#32.61#35.48
-99.846,34.0727#32.04#32.53#35.43
-99.7916,34.0743#32.16#32.45#35.39
-99.7372,34.0759#32.28#32.36#35.36
-99.6828,34.0774#32.41#32.28#35.31
-99.6284,34.079#32.53#32.2#35.27
-99.574,34.0805#32.65#32.12#35.23
-99.5196,34.082#32.78#32.04#35.18
-99.4652,34.0835#32.97#31.95#35.08
-99.4108,34.085#33.2#31.87#34.93
-99.3564,34.0865#33.43#31.79#34.78
-99.302,34.0879#33.66#31.7#34.64
-99.2476,34.0893#33.89#31.62#34.49
-99.1932,34.0907#34.12#31.53#34.35
-99.1387,34.0921#34.35#31.45#34.2
-99.0843,34.0935#34.58#31.36#34.06
-99.0299,34.0948#34.82#31.28#33.9
-98.9755,34.0962#35.05#31.2#33.75
-98.9211,34.0975#35.3#31.14#33.56
-98.8667,34.0988#35.55#31.07#33.38
-98.8122,34.1#35.79#31.01#33.2
-98.7578,34.1013#36.04#30.94#33.02
-98.7034,34.1025#36.29#30.88#32.83
-98.649,34.1038#36.54#30.81#32.65
-98.5945,34.105#36.78#30.75#32.47
-98.5401,34.1061#37.03#30.68#32.29
-98.4857,34.1073#37.28#30.63#32.09
-98.4313,34.1085#37.54#30.6#31.86
-98.3768,34.1096#37.8#30.57#31.63
-98.3224,34.1107#38.06#30.54#31.4
-98.268,34.1118#38.32#30.52#31.16
-98.2135,34.1129#38.58#30.49#30.93
-98.1591,34.1139#38.84#30.46#30.7
-98.1047,34.115#39.1#30.43#30.47
-98.0502,34.116#39.36#30.4#30.24
-97.9958,34.117#39.61#30.38#30.01
-97.9414,34.118#39.81#30.37#29.82
-97.8869,34.119#40.01#30.36#29.63
-97.8325,34.1199#40.21#30.35#29.44
-97.778,34.1209#40.4#30.35#29.25
-97.7236,34.1218#40.6#30.34#29.06
-97.6692,34.1227#40.8#30.33#28.87
-97.6147,34.1235#41#30.32#28.68
-97.5603,34.1244#41.19#30.32#28.49
-97.5058,34.1252#41.39#30.31#28.3
-97.4514,34.1261#41.56#30.27#28.17
-97.3969,34.1269#41.73#30.23#28.04
-97.3425,34.1277#41.9#30.2#27.9
-97.288,34.1284#42.07#30.16#27.77
-97.2336,34.1292#42.24#30.12#27.64
