-96.6917,37.9#26.98#40.8#32.22
-96.6353,37.9005#26.96#40.79#32.25
-96.579,37.9011#26.94#40.77#32.29
-96.5226,37.9016#26.92#40.76#32.32
-96.4663,37.9021#26.91#40.74#32.35
-96.4099,37.9025#26.9#40.73#32.37
-96.3535,37.903#26.89#40.71#32.4
-96.2972,37.9034#26.88#40.7#32.42
-96.2408,37.9038#26.88#40.68#32.44
-96.1845,37.9042#26.87#40.67#32.46
-96.1281,37.9046#26.86#40.65#32.49
-96.0717,37.905#26.85#40.64#32.51
-96.0154,37.9053#26.84#40.62#32.54
-95.959,37.9056#26.84#40.61#32.55
-95.9026,37.9059#26.84#40.6#32.56
-95.8463,37.9062#26.83#40.58#32.59
-95.7899,37.9065#26.83#40.57#32.6
-95.7335,37.9067#26.83#40.56#32.61
-95.6772,37.907#26.82#40.54#32.64
-95.6208,37.9072#26.82#40.53#32.65
-95.5644,37.9074#26.82#40.52#32.66
-95.5081,37.9076#26.82#40.5#32.68
-95.4517,37.9077#26.81#40.49#32.7
-95.3953,37.9079#26.81#40.48#32.71
-95.339,37.908#26.81#40.47#32.72
-95.2826,37.9081#26.81#40.45#32.74
-95.2262,37.9082#26.81#40.44#32.75
-95.1699,37.9082#26.81#40.43#32.76
-95.1135,37.9083#26.81#40.41#32.78
-95.0571,37.9083#26.81#40.4#32.79
-95.0008,37.9083#26.81#40.39#32.8
-94.9444,37.9083#26.81#40.37#32.82
-94.888,37.9083#26.81#40.36#32.83
-94.8317,37.9082#26.81#40.34#32.85
-94.7753,37.9082#26.81#40.32#32.87
-94.7189,37.9081#26.81#40.31#32.88
-94.6626,37.908#26.81#40.29#32.9
-94.6062,37.9079#26.81#40.28#32.91
-94.5498,37.9077#26.81#40.26#32.93
-94.4935,37.9076#26.81#40.24#32.95
-94.4371,37.9074#26.81#40.23#32.96
-94.3807,37.9072#26.81#40.22#32.97
-94.3244,37.907#26.81#40.21#32.98
-94.268,37.9067#26.82#40.2#32.98
-94.2117,37.9065#26.82#40.19#32.99
-94.1553,37.9062#26.82#40.18#33
-94.0989,37.9059#26.82#40.17#33.01
-94.0426,37.9056#26.82#40.16#33.02
-93.9862,37.9053#26.82#40.15#33.03
-93.9298,37.905#26.82#40.14#33.04
-93.8735,37.9046#26.82#40.12#33.06
-93.8171,37.9042#26.82#40.11#33.07
-93.7607,37.9038#26.82#40.1#33.08
-93.7044,37.9034#26.82#40.08#33.1
-93.648,37.903#26.83#40.07#33.1
-93.5917,37.9025#26.83#40.05#33.12
-93.5353,37.9021#26.83#40.04#33.13
-93.4789,37.9016#26.83#40.03#33.14
-93.4226,37.9011#26.83#40.01#33.16
-93.3662,37.9005#26.83#40#33.17
-93.3099,37.9#26.83#39.99#33.18
-99.2287,37.9008#28.25#42.25#29.5
-99.1724,37.9021#28.27#42.2#29.53
-99.116,37.9035#28.29#42.15#29.56
-99.0597,37.9048#28.3#42.11#29.59
-99.0033,37.9062#28.32#42.06#29.62
-98.947,37.9075#28.31#42.03#29.66
-98.8906,37.9088#28.29#41.99#29.72
-98.8343,37.91#28.28#41.96#29.76
-98.778,37.9113#28.27#41.93#29.8
-98.7216,37.9125#28.26#41.89#29.85
-98.6653,37.9137#28.24#41.86#29.9
-98.6089,37.9149#28.23#41.82#29.95
-98.5526,37.9161#28.22#41.79#29.99
-98.4962,37.9172#28.21#41.75#30.04
-98.4399,37.9184#28.18#41.72#30.1
-98.3835,37.9195#28.15#41.69#30.16
-98.3271,37.9206#28.12#41.67#30.21
-98.2708,37.9217#28.09#41.64#30.27
-98.2144,37.9227#28.06#41.61#30.33
-98.1581,37.9238#28.04#41.58#30.38
-98.1017,37.9248#28.01#41.55#30.44
-98.0453,37.9258#27.98#41.52#30.5
-97.989,37.9268#27.95#41.49#30.56
-97.9326,37.9278#27.9#41.47#30.63
-97.8763,37.9287#27.84#41.45#30.71
-97.8199,37.9297#27.79#41.42#30.79
-97.7635,37.9306#27.74#41.4#30.86
-97.7072,37.9315#27.69#41.38#30.93
-97.6508,37.9324#27.64#41.36#31
-97.5944,37.9332#27.58#41.33#31.09
-97.5381,37.9341#27.53#41.31#31.16
-97.4817,37.9349#27.48#41.29#31.23
-97.4253,37.9357#27.44#41.27#31.29
-97.3689,37.9365#27.4#41.25#31.35
-97.3126,37.9372#27.35#41.24#31.41
-97.2562,37.938#27.31#41.22#31.47
-97.1998,37.9387#27.26#41.2#31.54
-97.1434,37.9394#27.22#41.18#31.6
-97.0871,37.9401#27.17#41.16#31.67
-97.0307,37.9408#27.13#41.14#31.73
-96.9743,37.9415#27.1#41.12#31.78
-96.9179,37.9421#27.07#41.11#31.82
-96.8615,37.9427#27.05#41.09#31.86
-96.8052,37.9433#27.03#41.08#31.89
-96.7488,37.9439#27.01#41.06#31.93
-96.6924,37.9445#26.99#41.05#31.96
-96.636,37.945#26.97#41.03#32
-96.5796,37.9455#26.95#41.02#32.03
-96.5233,37.946#26.93#41#32.07
-96.4669,37.9465#26.92#40.99#32.09
-96.4105,37.947#26.91#40.97#32.12
-96.3541,37.9475#26.9#40.96#32.14
-96.2977,37.9479#26.89#40.94#32.17
-96.2413,37.9483#26.88#40.92#32.2
-96.1849,37.9487#26.87#40.91#32.22
-96.1286,37.9491#26.87#40.89#32.24
-96.0722,37.9495#26.86#40.88#32.26
-96.0158,37.9498#26.85#40.86#32.29
-95.9594,37.9501#26.84#40.85#32.31
-95.903,37.9504#26.84#40.83#32.33
-95.8466,37.9507#26.84#40.82#32.34
-95.7902,37.951#26.83#40.81#32.36
-95.7338,37.9512#26.83#40.79#32.38
-95.6775,37.9515#26.83#40.78#32.39
-95.6211,37.9517#26.82#40.77#32.41
-95.5647,37.9519#26.82#40.75#32.43
-95.5083,37.952#26.82#40.74#32.44
-95.4519,37.9522#26.81#40.73#32.46
-95.3955,37.9523#26.81#40.71#32.48
-95.3391,37.9525#26.81#40.7#32.49
-95.2827,37.9526#26.81#40.69#32.5
-95.2263,37.9526#26.81#40.67#32.52
-95.17,37.9527#26.81#40.66#32.53
-95.1136,37.9528#26.81#40.65#32.54
-95.0572,37.9528#26.81#40.63#32.56
-95.0008,37.9528#26.81#40.62#32.57
-94.9444,37.9528#26.81#40.6#32.59
-94.888,37.9528#26.81#40.59#32.6
-94.8316,37.9527#26.81#40.57#32.62
-94.7752,37.9526#26.81#40.55#32.64
-94.7188,37.9526#26.81#40.54#32.65
-94.6624,37.9525#26.81#40.52#32.67
-94.606,37.9523#26.81#40.5#32.69
-94.5497,37.9522#26.81#40.49#32.7
-94.4933,37.952#26.81#40.47#32.72
-94.4369,37.9519#26.81#40.46#32.73
-94.3805,37.9517#26.81#40.45#32.74
-94.3241,37.9515#26.81#40.44#32.75
-94.2677,37.9512#26.81#40.43#32.76
-94.2113,37.951#26.82#40.42#32.76
-94.1549,37.9507#26.82#40.41#32.77
-94.0985,37.9504#26.82#40.4#32.78
-94.0422,37.9501#26.82#40.39#32.79
-93.9858,37.9498#26.82#40.37#32.81
-93.9294,37.9495#26.82#40.36#32.82
-93.873,37.9491#26.82#40.35#32.83
-93.8166,37.9487#26.82#40.33#32.85
-93.7602,37.9483#26.82#40.32#32.86
-93.7038,37.9479#26.82#40.3#32.88
-93.6475,37.9475#26.82#40.29#32.89
-93.5911,37.947#26.83#40.28#32.89
-93.5347,37.9465#26.83#40.26#32.91
-93.4783,37.9461#26.83#40.25#32.92
-93.4219,37.9456#26.83#40.23#32.94
-93.3655,37.945#26.83#40.22#32.95
-93.3092,37.9445#26.83#40.21#32.96
-93.2528,37.9439#26.83#40.19#32.98
-93.1964,37.9433#26.83#40.18#32.99
-93.14,37.9427#26.83#40.16#33.01
-93.0836,37.9421#26.83#40.15#33.02
-93.0273,37.9415#26.83#40.14#33.03
-92.9709,37.9408#26.83#40.12#33.05
-92.9145,37.9401#26.83#40.12#33.05
-92.8581,37.9395#26.83#40.11#33.06
-92.8017,37.9387#26.83#40.1#33.07
-92.7454,37.938#26.83#40.09#33.08
-92.689,37.9373#26.84#40.08#33.08
-92.6326,37.9365#26.84#40.07#33.09
-92.5762,37.9357#26.84#40.06#33.1
-92.5199,37.9349#26.84#40.05#33.11
-92.4635,37.9341#26.84#40.04#33.12
-92.4071,37.9332#26.84#40.03#33.13
-92.3508,37.9324#26.84#40.02#33.14
-92.2944,37.9315#26.84#40.01#33.15
-92.238,37.9306#26.84#39.99#33.17
-92.1817,37.9297#26.84#39.98#33.18
-92.1253,37.9288#26.84#39.97#33.19
-92.0689,37.9278#26.84#39.96#33.2
-92.0126,37.9268#26.84#39.94#33.22
-91.9562,37.9258#26.84#39.94#33.22
-91.8998,37.9248#26.84#39.93#33.23
-91.8435,37.9238#26.84#39.93#33.23
-91.7871,37.9228#26.84#39.93#33.23
-91.7308,37.9217#26.84#39.92#33.24
-91.6744,37.9206#26.84#39.92#33.24
-91.6181,37.9195#26.84#39.91#33.25
-91.5617,37.9184#26.84#39.91#33.25
-91.5053,37.9173#26.84#39.9#33.26
-91.449,37.9161#26.84#39.89#33.27
-91.3926,37.9149#26.84#39.88#33.28
-91.3363,37.9137#26.84#39.87#33.29
-91.2799,37.9125#26.84#39.85#33.31
-91.2236,37.9113#26.84#39.84#33.32
-91.1673,37.9101#26.83#39.83#33.34
-91.1109,37.9088#26.83#39.81#33.36
-91.0546,37.9075#26.83#39.8#33.37
-90.9982,37.9062#26.83#39.79#33.38
-90.9419,37.9049#26.83#39.77#33.4
-90.8855,37.9035#26.83#39.75#33.42
-90.8292,37.9022#26.83#39.74#33.43
-90.7729,37.9008#26.83#39.72#33.45
-100.752,37.901#27.4#44.16#28.44
-100.695,37.9029#27.42#44.08#28.5
-100.639,37.9048#27.44#43.99#28.57
-100.583,37.9066#27.46#43.9#28.64
-100.526,37.9084#27.49#43.81#28.7
-100.47,37.9102#27.52#43.74#28.74
-100.414,37.912#27.56#43.69#28.75
-100.357,37.9138#27.59#43.63#28.78
-100.301,37.9155#27.63#43.58#28.79
-100.245,37.9173#27.67#43.53#28.8
-100.188,37.919#27.71#43.47#28.82
-100.132,37.9207#27.75#43.41#28.84
-100.076,37.9223#27.79#43.36#28.85
-100.019,37.924#27.83#43.3#28.87
-99.963,37.9256#27.86#43.25#28.89
-99.9066,37.9273#27.9#43.19#28.91
-99.8503,37.9289#27.93#43.13#28.94
-99.794,37.9304#27.97#43.07#28.96
-99.7376,37.932#28#43.01#28.99
-99.6813,37.9335#28.04#42.96#29
-99.6249,37.9351#28.07#42.9#29.03
-99.5686,37.9366#28.11#42.84#29.05
-99.5122,37.9381#28.14#42.78#29.08
-99.4559,37.9395#28.16#42.73#29.11
-99.3995,37.941#28.18#42.68#29.14
-99.3432,37.9424#28.2#42.64#29.16
-99.2868,37.9438#28.22#42.59#29.19
-99.2304,37.9452#28.23#42.54#29.23
-99.1741,37.9466#28.25#42.5#29.25
-99.1177,37.948#28.27#42.45#29.28
-99.0614,37.9493#28.29#42.4#29.31
-99.005,37.9506#28.31#42.35#29.34
-98.9486,37.9519#28.3#42.32#29.38
-98.8923,37.9532#28.29#42.28#29.43
-98.8359,37.9545#28.28#42.25#29.47
-98.7795,37.9557#28.27#42.21#29.52
-98.7232,37.957#28.26#42.17#29.57
-98.6668,37.9582#28.25#42.14#29.61
-98.6104,37.9594#28.24#42.1#29.66
-98.554,37.9605#28.23#42.07#29.7
-98.4977,37.9617#28.22#42.03#29.75
-98.4413,37.9628#28.19#42#29.81
-98.3849,37.964#28.17#41.97#29.86
-98.3285,37.9651#28.14#41.94#29.92
-98.2721,37.9661#28.11#41.91#29.98
-98.2158,37.9672#28.08#41.88#30.04
-98.1594,37.9683#28.06#41.85#30.09
-98.103,37.9693#28.03#41.82#30.15
-98.0466,37.9703#28#41.79#30.21
-97.9902,37.9713#27.97#41.76#30.27
-97.9338,37.9722#27.92#41.73#30.35
-97.8775,37.9732#27.87#41.71#30.42
-97.8211,37.9741#27.82#41.69#30.49
-97.7647,37.9751#27.77#41.66#30.57
-97.7083,37.9759#27.72#41.64#30.64
-97.6519,37.9768#27.68#41.62#30.7
-97.5955,37.9777#27.63#41.59#30.78
-97.5391,37.9785#27.58#41.57#30.85
-97.4827,37.9794#27.53#41.55#30.92
-97.4263,37.9802#27.48#41.53#30.99
-97.3699,37.9809#27.44#41.51#31.05
-97.3135,37.9817#27.39#41.49#31.12
-97.2571,37.9825#27.34#41.47#31.19
-97.2007,37.9832#27.3#41.45#31.25
-97.1443,37.9839#27.25#41.43#31.32
-97.0879,37.9846#27.21#41.41#31.38
-97.0315,37.9853#27.16#41.39#31.45
-96.9751,37.9859#27.12#41.38#31.5
-96.9187,37.9866#27.1#41.36#31.54
-96.8623,37.9872#27.08#41.34#31.58
-96.8059,37.9878#27.06#41.33#31.61
-96.7495,37.9884#27.03#41.31#31.66
-96.6931,37.9889#27.01#41.3#31.69
-96.6367,37.9895#26.99#41.28#31.73
-96.5803,37.99#26.96#41.26#31.78
-96.5239,37.9905#26.94#41.25#31.81
-96.4675,37.991#26.93#41.23#31.84
-96.4111,37.9915#26.92#41.21#31.87
-96.3547,37.9919#26.91#41.2#31.89
-96.2983,37.9924#26.9#41.18#31.92
-96.2419,37.9928#26.89#41.17#31.94
-96.1854,37.9932#26.88#41.15#31.97
-96.129,37.9936#26.87#41.13#32
-96.0726,37.9939#26.86#41.12#32.02
-96.0162,37.9943#26.85#41.1#32.05
-95.9598,37.9946#26.85#41.09#32.06
-95.9034,37.9949#26.84#41.07#32.09
-95.847,37.9952#26.84#41.06#32.1
-95.7906,37.9955#26.84#41.04#32.12
-95.7342,37.9957#26.83#41.03#32.14
-95.6777,37.9959#26.83#41.02#32.15
-95.6213,37.9961#26.82#41#32.18
-95.5649,37.9963#26.82#40.99#32.19
-95.5085,37.9965#26.82#40.97#32.21
-95.4521,37.9967#26.82#40.96#32.22
-95.3957,37.9968#26.81#40.95#32.24
-95.3393,37.9969#26.81#40.93#32.26
-95.2828,37.997#26.81#40.92#32.27
-95.2264,37.9971#26.81#40.91#32.28
-95.17,37.9972#26.81#40.89#32.3
-95.1136,37.9972#26.81#40.88#32.31
-95.0572,37.9973#26.81#40.86#32.33
-95.0008,37.9973#26.81#40.85#32.34
-94.9444,37.9973#26.81#40.83#32.36
-94.888,37.9972#26.81#40.82#32.37
-94.8315,37.9972#26.81#40.8#32.39
-94.7751,37.9971#26.81#40.78#32.41
-94.7187,37.997#26.81#40.77#32.42
-94.6623,37.9969#26.81#40.75#32.44
-94.6059,37.9968#26.81#40.73#32.46
-94.5495,37.9967#26.81#40.72#32.47
-94.4931,37.9965#26.81#40.7#32.49
-94.4366,37.9963#26.81#40.69#32.5
-94.3802,37.9962#26.81#40.68#32.51
-94.3238,37.9959#26.81#40.67#32.52
-94.2674,37.9957#26.81#40.66#32.53
-94.211,37.9955#26.81#40.65#32.54
-94.1546,37.9952#26.81#40.63#32.56
-94.0982,37.9949#26.82#40.62#32.56
-94.0418,37.9946#26.82#40.61#32.57
-93.9853,37.9943#26.82#40.6#32.58
-93.9289,37.9939#26.82#40.58#32.6
-93.8725,37.9936#26.82#40.57#32.61
-93.8161,37.9932#26.82#40.56#32.62
-93.7597,37.9928#26.82#40.54#32.64
-93.7033,37.9924#26.82#40.53#32.65
-93.6469,37.9919#26.82#40.51#32.67
-93.5905,37.9915#26.82#40.5#32.68
-93.5341,37.991#26.82#40.48#32.7
-93.4777,37.9905#26.83#40.47#32.7
-93.4213,37.99#26.83#40.45#32.72
-93.3649,37.9895#26.83#40.44#32.73
-93.3085,37.989#26.83#40.43#32.74
-93.252,37.9884#26.83#40.41#32.76
-93.1956,37.9878#26.83#40.4#32.77
-93.1392,37.9872#26.83#40.38#32.79
-93.0828,37.9866#26.83#40.37#32.8
-93.0264,37.986#26.83#40.35#32.82
-92.97,37.9853#26.83#40.34#32.83
-92.9136,37.9846#26.83#40.33#32.84
-92.8572,37.9839#26.83#40.32#32.85
-92.8008,37.9832#26.83#40.31#32.86
-92.7444,37.9825#26.83#40.3#32.87
-92.688,37.9817#26.83#40.29#32.88
-92.6316,37.981#26.83#40.28#32.89
-92.5752,37.9802#26.83#40.27#32.9
-92.5188,37.9794#26.83#40.26#32.91
-92.4625,37.9786#26.83#40.25#32.92
-92.4061,37.9777#26.83#40.24#32.93
-92.3497,37.9769#26.83#40.23#32.94
-92.2933,37.976#26.83#40.21#32.96
-92.2369,37.9751#26.83#40.2#32.97
-92.1805,37.9742#26.83#40.19#32.98
-92.1241,37.9732#26.83#40.17#33
-92.0677,37.9723#26.84#40.16#33
-92.0113,37.9713#26.84#40.15#33.01
-91.9549,37.9703#26.84#40.14#33.02
-91.8986,37.9693#26.83#40.13#33.04
-91.8422,37.9683#26.83#40.13#33.04
-91.7858,37.9672#26.83#40.12#33.05
-91.7294,37.9662#26.83#40.12#33.05
-91.673,37.9651#26.83#40.12#33.05
-91.6166,37.964#26.83#40.11#33.06
-91.5603,37.9629#26.83#40.11#33.06
-91.5039,37.9617#26.83#40.1#33.07
-91.4475,37.9606#26.83#40.09#33.08
-91.3911,37.9594#26.83#40.07#33.1
-91.3348,37.9582#26.83#40.06#33.11
-91.2784,37.957#26.83#40.04#33.13
-91.222,37.9558#26.83#40.03#33.14
-91.1657,37.9545#26.83#40.02#33.15
-91.1093,37.9533#26.83#40#33.17
-91.0529,37.952#26.83#39.99#33.18
-90.9966,37.9507#26.83#39.97#33.2
-90.9402,37.9493#26.83#39.96#33.21
-90.8838,37.948#26.83#39.94#33.23
-90.8275,37.9466#26.83#39.92#33.25
-90.7711,37.9453#26.83#39.91#33.26
-90.7148,37.9439#26.83#39.89#33.28
-90.6584,37.9425#26.83#39.87#33.3
-90.602,37.941#26.83#39.86#33.31
-90.5457,37.9396#26.83#39.84#33.33
-90.4893,37.9381#26.83#39.82#33.35
-90.433,37.9366#26.83#39.8#33.37
-90.3766,37.9351#26.83#39.78#33.39
-90.3203,37.9336#26.83#39.75#33.42
-90.2639,37.932#26.83#39.73#33.44
-90.2076,37.9305#26.83#39.71#33.46
-90.1513,37.9289#26.83#39.68#33.49
-90.0949,37.9273#26.83#39.66#33.51
-90.0386,37.9257#26.83#39.64#33.53
-89.9822,37.924#26.83#39.61#33.56
-89.9259,37.9224#26.83#39.57#33.6
-89.8696,37.9207#26.83#39.54#33.63
-89.8132,37.919#26.84#39.5#33.66
-89.7569,37.9173#26.84#39.47#33.69
-89.7006,37.9156#26.84#39.43#33.73
-89.6442,37.9138#26.84#39.4#33.76
-89.5879,37.9121#26.84#39.36#33.8
-89.5316,37.9103#26.84#39.33#33.83
-89.4753,37.9085#26.84#39.29#33.87
-89.419,37.9067#26.84#39.24#33.92
-89.3626,37.9048#26.84#39.19#33.97
-89.3063,37.903#26.85#39.14#34.01
-89.25,37.9011#26.85#39.09#34.06
-101.937,37.9018#27.21#46.31#26.48
-101.88,37.9041#27.2#46.22#26.58
-101.824,37.9063#27.2#46.13#26.67
-101.768,37.9085#27.2#46.03#26.77
-101.711,37.9107#27.2#45.94#26.86
-101.655,37.9129#27.2#45.85#26.95
-101.599,37.9151#27.19#45.75#27.06
-101.542,37.9173#27.19#45.66#27.15
-101.486,37.9194#27.19#45.57#27.24
-101.43,37.9215#27.2#45.49#27.31
-101.374,37.9236#27.21#45.41#27.38
-101.317,37.9257#27.22#45.33#27.45
-101.261,37.9278#27.23#45.25#27.52
-101.205,37.9298#27.25#45.17#27.58
-101.148,37.9318#27.26#45.09#27.65
-101.092,37.9338#27.27#45.01#27.72
-101.036,37.9358#27.28#44.92#27.8
-100.979,37.9378#27.29#44.84#27.87
-100.923,37.9397#27.31#44.75#27.94
-100.867,37.9417#27.33#44.67#28
-100.81,37.9436#27.35#44.58#28.07
-100.754,37.9455#27.38#44.49#28.13
-100.698,37.9474#27.4#44.4#28.2
-100.641,37.9492#27.42#44.32#28.26
-100.585,37.9511#27.44#44.23#28.33
-100.529,37.9529#27.46#44.14#28.4
-100.472,37.9547#27.49#44.07#28.44
-100.416,37.9565#27.53#44.01#28.46
-100.36,37.9582#27.56#43.96#28.48
-100.303,37.96#27.6#43.9#28.5
-100.247,37.9617#27.64#43.84#28.52
-100.19,37.9634#27.67#43.79#28.54
-100.134,37.9651#27.71#43.73#28.56
-100.078,37.9668#27.75#43.67#28.58
-100.021,37.9684#27.79#43.61#28.6
-99.965,37.9701#27.82#43.55#28.63
-99.9087,37.9717#27.86#43.5#28.64
-99.8523,37.9733#27.89#43.44#28.67
-99.796,37.9749#27.93#43.38#28.69
-99.7396,37.9765#27.97#43.32#28.71
-99.6832,37.978#28#43.26#28.74
-99.6268,37.9795#28.04#43.2#28.76
-99.5705,37.981#28.07#43.14#28.79
-99.5141,37.9825#28.11#43.08#28.81
-99.4577,37.984#28.13#43.03#28.84
-99.4013,37.9854#28.15#42.99#28.86
-99.345,37.9869#28.17#42.94#28.89
-99.2886,37.9883#28.19#42.89#28.92
-99.2322,37.9897#28.21#42.84#28.95
-99.1758,37.9911#28.23#42.79#28.98
-99.1194,37.9924#28.25#42.74#29.01
-99.0631,37.9938#28.27#42.7#29.03
-99.0067,37.9951#28.29#42.65#29.06
-98.9503,37.9964#28.29#42.61#29.1
-98.8939,37.9977#28.28#42.57#29.15
-98.8375,37.9989#28.27#42.53#29.2
-98.7811,38.0002#28.27#42.5#29.23
-98.7247,38.0014#28.26#42.46#29.28
-98.6683,38.0026#28.25#42.42#29.33
-98.6119,38.0038#28.25#42.38#29.37
-98.5555,38.005#28.24#42.34#29.42
-98.4991,38.0062#28.23#42.31#29.46
-98.4427,38.0073#28.21#42.28#29.51
-98.3863,38.0084#28.18#42.24#29.58
-98.3299,38.0095#28.15#42.21#29.64
-98.2735,38.0106#28.13#42.18#29.69
-98.2171,38.0117#28.1#42.15#29.75
-98.1607,38.0127#28.08#42.12#29.8
-98.1043,38.0137#28.05#42.09#29.86
-98.0479,38.0148#28.02#42.05#29.93
-97.9915,38.0157#28#42.02#29.98
-97.9351,38.0167#27.95#42#30.05
-97.8787,38.0177#27.9#41.98#30.12
-97.8222,38.0186#27.85#41.95#30.2
-97.7658,38.0195#27.81#41.93#30.26
-97.7094,38.0204#27.76#41.9#30.34
-97.653,38.0213#27.71#41.88#30.41
-97.5966,38.0222#27.67#41.85#30.48
-97.5402,38.023#27.62#41.83#30.55
-97.4837,38.0238#27.58#41.8#30.62
-97.4273,38.0246#27.53#41.79#30.68
-97.3709,38.0254#27.48#41.77#30.75
-97.3145,38.0262#27.43#41.75#30.82
-97.2581,38.0269#27.38#41.73#30.89
-97.2016,38.0277#27.33#41.71#30.96
-97.1452,38.0284#27.29#41.69#31.02
-97.0888,38.0291#27.24#41.67#31.09
-97.0324,38.0297#27.19#41.65#31.16
-96.9759,38.0304#27.15#41.63#31.22
-96.9195,38.031#27.13#41.61#31.26
-96.8631,38.0317#27.1#41.59#31.31
-96.8067,38.0323#27.08#41.58#31.34
-96.7502,38.0328#27.05#41.56#31.39
-96.6938,38.0334#27.03#41.54#31.43
-96.6374,38.034#27#41.53#31.47
-96.581,38.0345#26.98#41.51#31.51
-96.5245,38.035#26.95#41.49#31.56
-96.4681,38.0355#26.93#41.47#31.6
-96.4117,38.036#26.92#41.46#31.62
-96.3552,38.0364#26.92#41.44#31.64
-96.2988,38.0368#26.91#41.42#31.67
-96.2424,38.0373#26.9#41.41#31.69
-96.1859,38.0377#26.89#41.39#31.72
-96.1295,38.038#26.88#41.37#31.75
-96.0731,38.0384#26.87#41.36#31.77
-96.0166,38.0387#26.86#41.34#31.8
-95.9602,38.0391#26.85#41.32#31.83
-95.9038,38.0394#26.85#41.31#31.84
-95.8473,38.0397#26.84#41.3#31.86
-95.7909,38.0399#26.84#41.28#31.88
-95.7345,38.0402#26.84#41.27#31.89
-95.678,38.0404#26.83#41.25#31.92
-95.6216,38.0406#26.83#41.24#31.93
-95.5652,38.0408#26.82#41.22#31.96
-95.5087,38.041#26.82#41.21#31.97
-95.4523,38.0411#26.82#41.2#31.98
-95.3958,38.0413#26.82#41.18#32
-95.3394,38.0414#26.81#41.17#32.02
-95.283,38.0415#26.81#41.15#32.04
-95.2265,38.0416#26.81#41.14#32.05
-95.1701,38.0417#26.81#41.12#32.07
-95.1137,38.0417#26.81#41.11#32.08
-95.0572,38.0417#26.81#41.1#32.09
-95.0008,38.0417#26.81#41.08#32.11
-94.9443,38.0417#26.81#41.06#32.13
-94.8879,38.0417#26.81#41.05#32.14
-94.8315,38.0417#26.81#41.03#32.16
-94.775,38.0416#26.81#41.01#32.18
-94.7186,38.0415#26.81#41#32.19
-94.6622,38.0414#26.81#40.98#32.21
-94.6057,38.0413#26.81#40.96#32.23
-94.5493,38.0411#26.81#40.95#32.24
-94.4928,38.041#26.81#40.93#32.26
-94.4364,38.0408#26.81#40.92#32.27
-94.38,38.0406#26.81#40.91#32.28
-94.3235,38.0404#26.81#40.89#32.3
-94.2671,38.0402#26.81#40.88#32.31
-94.2107,38.0399#26.81#40.87#32.32
-94.1542,38.0397#26.81#40.86#32.33
-94.0978,38.0394#26.81#40.85#32.34
-94.0414,38.0391#26.82#40.84#32.34
-93.9849,38.0387#26.82#40.82#32.36
-93.9285,38.0384#26.82#40.81#32.37
-93.8721,38.038#26.82#40.79#32.39
-93.8156,38.0377#26.82#40.78#32.4
-93.7592,38.0373#26.82#40.76#32.42
-93.7028,38.0369#26.82#40.75#32.43
-93.6463,38.0364#26.82#40.73#32.45
-93.5899,38.036#26.82#40.72#32.46
-93.5335,38.0355#26.82#40.7#32.48
-93.477,38.035#26.82#40.69#32.49
-93.4206,38.0345#26.82#40.67#32.51
-93.3642,38.034#26.82#40.66#32.52
-93.3077,38.0334#26.83#40.64#32.53
-93.2513,38.0329#26.83#40.63#32.54
-93.1949,38.0323#26.83#40.61#32.56
-93.1385,38.0317#26.83#40.6#32.57
-93.082,38.0311#26.83#40.58#32.59
-93.0256,38.0304#26.83#40.57#32.6
-92.9692,38.0298#26.83#40.55#32.62
-92.9128,38.0291#26.83#40.54#32.63
-92.8563,38.0284#26.83#40.53#32.64
-92.7999,38.0277#26.83#40.52#32.65
-92.7435,38.0269#26.83#40.51#32.66
-92.6871,38.0262#26.83#40.5#32.67
-92.6307,38.0254#26.83#40.49#32.68
-92.5742,38.0246#26.83#40.48#32.69
-92.5178,38.0238#26.83#40.47#32.7
-92.4614,38.023#26.83#40.46#32.71
-92.405,38.0222#26.83#40.45#32.72
-92.3486,38.0213#26.83#40.43#32.74
-92.2921,38.0204#26.83#40.42#32.75
-92.2357,38.0195#26.83#40.4#32.77
-92.1793,38.0186#26.83#40.39#32.78
-92.1229,38.0177#26.83#40.38#32.79
-92.0665,38.0167#26.83#40.36#32.81
-92.0101,38.0158#26.83#40.35#32.82
-91.9537,38.0148#26.83#40.34#32.83
-91.8973,38.0138#26.83#40.34#32.83
-91.8409,38.0127#26.83#40.33#32.84
-91.7845,38.0117#26.83#40.32#32.85
-91.728,38.0106#26.83#40.32#32.85
-91.6716,38.0096#26.83#40.31#32.86
-91.6152,38.0085#26.83#40.31#32.86
-91.5588,38.0073#26.83#40.3#32.87
-91.5024,38.0062#26.83#40.3#32.87
-91.446,38.005#26.83#40.28#32.89
-91.3896,38.0039#26.83#40.27#32.9
-91.3332,38.0027#26.83#40.25#32.92
-91.2768,38.0015#26.83#40.24#32.93
-91.2205,38.0002#26.83#40.22#32.95
-91.1641,37.999#26.83#40.21#32.96
-91.1077,37.9977#26.83#40.19#32.98
-91.0513,37.9964#26.83#40.18#32.99
-90.9949,37.9951#26.83#40.16#33.01
-90.9385,37.9938#26.83#40.14#33.03
-90.8821,37.9925#26.83#40.13#33.04
-90.8257,37.9911#26.83#40.11#33.06
-90.7694,37.9897#26.83#40.09#33.08
-90.713,37.9883#26.83#40.08#33.09
-90.6566,37.9869#26.83#40.06#33.11
-90.6002,37.9855#26.83#40.04#33.13
-90.5438,37.984#26.83#40.02#33.15
-90.4875,37.9826#26.83#40.01#33.16
-90.4311,37.9811#26.83#39.98#33.19
-90.3747,37.9796#26.83#39.96#33.21
-90.3183,37.978#26.83#39.93#33.24
-90.262,37.9765#26.83#39.91#33.26
-90.2056,37.9749#26.83#39.88#33.29
-90.1492,37.9733#26.83#39.86#33.31
-90.0929,37.9717#26.83#39.84#33.33
-90.0365,37.9701#26.83#39.81#33.36
-89.9801,37.9685#26.83#39.78#33.39
-89.9238,37.9668#26.83#39.75#33.42
-89.8674,37.9652#26.83#39.72#33.45
-89.8111,37.9635#26.83#39.68#33.49
-89.7547,37.9618#26.84#39.65#33.51
-89.6984,37.96#26.84#39.61#33.55
-89.642,37.9583#26.84#39.58#33.58
-89.5857,37.9565#26.84#39.54#33.62
-89.5293,37.9547#26.84#39.51#33.65
-89.473,37.9529#26.84#39.46#33.7
-89.4166,37.9511#26.84#39.42#33.74
-89.3603,37.9493#26.84#39.37#33.79
-89.304,37.9474#26.85#39.32#33.83
-89.2476,37.9455#26.85#39.27#33.88
-89.1913,37.9436#26.85#39.22#33.93
-89.135,37.9417#26.85#39.17#33.98
-89.0786,37.9398#26.85#39.13#34.02
-89.0223,37.9378#26.85#39.08#34.07
-88.966,37.9359#26.86#39.02#34.12
-88.9096,37.9339#26.86#38.96#34.18
-88.8533,37.9319#26.86#38.89#34.25
-88.797,37.9299#26.86#38.83#34.31
-88.7407,37.9278#26.87#38.77#34.36
-88.6844,37.9258#26.87#38.7#34.43
-88.6281,37.9237#26.87#38.64#34.49
-88.5717,37.9216#26.87#38.57#34.56
-88.5154,37.9195#26.88#38.51#34.61
-88.4591,37.9173#26.88#38.42#34.7
-88.4028,37.9152#26.88#38.33#34.79
-88.3465,37.913#26.89#38.24#34.87
-88.2902,37.9108#26.89#38.15#34.96
-88.2339,37.9086#26.89#38.06#35.05
-88.1776,37.9064#26.89#37.96#35.15
-88.1213,37.9041#26.9#37.87#35.23
-88.065,37.9019#26.9#37.78#35.32
-102.953,37.9023#27.32#48.16#24.52
-102.896,37.9049#27.31#48.07#24.62
-102.84,37.9075#27.3#47.98#24.72
-102.784,37.91#27.29#47.89#24.82
-102.728,37.9126#27.28#47.8#24.92
-102.671,37.9151#27.27#47.71#25.02
-102.615,37.9176#27.27#47.63#25.1
-102.559,37.9201#27.26#47.54#25.2
-102.502,37.9225#27.25#47.45#25.3
-102.446,37.925#27.24#47.37#25.39
-102.39,37.9274#27.24#47.29#25.47
-102.334,37.9298#27.23#47.22#25.55
-102.277,37.9322#27.23#47.14#25.63
-102.221,37.9346#27.22#47.06#25.72
-102.165,37.937#27.22#46.98#25.8
-102.108,37.9393#27.21#46.91#25.88
-102.052,37.9416#27.21#46.83#25.96
-101.996,37.9439#27.2#46.75#26.05
-101.939,37.9462#27.2#46.65#26.15
-101.883,37.9485#27.2#46.56#26.24
-101.827,37.9507#27.2#46.47#26.33
-101.77,37.953#27.19#46.38#26.43
-101.714,37.9552#27.19#46.28#26.53
-101.658,37.9574#27.19#46.19#26.62
-101.601,37.9595#27.19#46.1#26.71
-101.545,37.9617#27.18#46#26.82
-101.489,37.9638#27.18#45.91#26.91
-101.432,37.9659#27.19#45.83#26.98
-101.376,37.968#27.2#45.75#27.05
-101.32,37.9701#27.21#45.67#27.12
-101.263,37.9722#27.22#45.59#27.19
-101.207,37.9742#27.23#45.5#27.27
-101.151,37.9763#27.24#45.42#27.34
-101.094,37.9783#27.25#45.34#27.41
-101.038,37.9803#27.26#45.26#27.48
-100.982,37.9822#27.27#45.17#27.56
-100.925,37.9842#27.29#45.08#27.63
-100.869,37.9861#27.31#45#27.69
-100.813,37.988#27.33#44.91#27.76
-100.756,37.9899#27.35#44.82#27.83
-100.7,37.9918#27.37#44.73#27.9
-100.644,37.9937#27.39#44.65#27.96
-100.587,37.9955#27.41#44.56#28.03
-100.531,37.9973#27.43#44.47#28.1
-100.475,37.9991#27.46#44.4#28.14
-100.418,38.0009#27.5#44.34#28.16
-100.362,38.0027#27.53#44.28#28.19
-100.305,38.0044#27.57#44.22#28.21
-100.249,38.0062#27.6#44.16#28.24
-100.193,38.0079#27.64#44.1#28.26
-100.136,38.0096#27.67#44.04#28.29
-100.08,38.0112#27.71#43.98#28.31
-100.023,38.0129#27.74#43.92#28.34
-99.9671,38.0145#27.78#43.86#28.36
-99.9107,38.0161#27.82#43.8#28.38
-99.8543,38.0178#27.85#43.75#28.4
-99.798,38.0193#27.89#43.69#28.42
-99.7416,38.0209#27.93#43.63#28.44
-99.6852,38.0224#27.97#43.57#28.46
-99.6288,38.024#28#43.51#28.49
-99.5724,38.0255#28.04#43.45#28.51
-99.516,38.027#28.08#43.39#28.53
-99.4596,38.0284#28.11#43.34#28.55
-99.4032,38.0299#28.13#43.29#28.58
-99.3468,38.0313#28.15#43.24#28.61
-99.2904,38.0327#28.17#43.19#28.64
-99.234,38.0341#28.19#43.14#28.67
-99.1776,38.0355#28.21#43.09#28.7
-99.1212,38.0369#28.23#43.04#28.73
-99.0647,38.0382#28.26#42.99#28.75
-99.0083,38.0395#28.28#42.94#28.78
-98.9519,38.0408#28.28#42.9#28.82
-98.8955,38.0421#28.27#42.86#28.87
-98.8391,38.0434#28.27#42.82#28.91
-98.7827,38.0446#28.26#42.78#28.96
-98.7263,38.0459#28.26#42.74#29
-98.6698,38.0471#28.26#42.7#29.04
-98.6134,38.0483#28.25#42.66#29.09
-98.557,38.0495#28.25#42.62#29.13
-98.5006,38.0506#28.25#42.58#29.17
-98.4442,38.0518#28.22#42.55#29.23
-98.3877,38.0529#28.2#42.52#29.28
-98.3313,38.054#28.17#42.49#29.34
-98.2749,38.0551#28.15#42.45#29.4
-98.2184,38.0561#28.12#42.42#29.46
-98.162,38.0572#28.1#42.39#29.51
-98.1056,38.0582#28.07#42.36#29.57
-98.0492,38.0592#28.05#42.32#29.63
-97.9927,38.0602#28.02#42.29#29.69
-97.9363,38.0612#27.97#42.27#29.76
-97.8799,38.0621#27.93#42.24#29.83
-97.8234,38.0631#27.89#42.22#29.89
-97.767,38.064#27.84#42.19#29.97
-97.7105,38.0649#27.8#42.16#30.04
-97.6541,38.0657#27.75#42.14#30.11
-97.5977,38.0666#27.71#42.11#30.18
-97.5412,38.0675#27.67#42.09#30.24
-97.4848,38.0683#27.62#42.06#30.32
-97.4283,38.0691#27.57#42.04#30.39
-97.3719,38.0699#27.52#42.02#30.46
-97.3155,38.0706#27.47#42#30.53
-97.259,38.0714#27.42#41.98#30.6
-97.2026,38.0721#27.37#41.96#30.67
-97.1461,38.0728#27.32#41.94#30.74
-97.0897,38.0735#27.27#41.92#30.81
-97.0332,38.0742#27.22#41.9#30.88
-96.9768,38.0749#27.18#41.88#30.94
-96.9203,38.0755#27.15#41.86#30.99
-96.8639,38.0761#27.12#41.84#31.04
-96.8074,38.0767#27.1#41.83#31.07
-96.751,38.0773#27.07#41.81#31.12
-96.6945,38.0779#27.04#41.79#31.17
-96.6381,38.0784#27.02#41.77#31.21
-96.5816,38.0789#26.99#41.75#31.26
-96.5252,38.0794#26.96#41.74#31.3
-96.4687,38.0799#26.94#41.72#31.34
-96.4123,38.0804#26.93#41.7#31.37
-96.3558,38.0809#26.92#41.68#31.4
-96.2993,38.0813#26.91#41.67#31.42
-96.2429,38.0817#26.9#41.65#31.45
-96.1864,38.0821#26.89#41.63#31.48
-96.13,38.0825#26.88#41.61#31.51
-96.0735,38.0829#26.87#41.6#31.53
-96.0171,38.0832#26.86#41.58#31.56
-95.9606,38.0835#26.86#41.56#31.58
-95.9041,38.0838#26.85#41.55#31.6
-95.8477,38.0841#26.85#41.53#31.62
-95.7912,38.0844#26.84#41.52#31.64
-95.7348,38.0846#26.84#41.5#31.66
-95.6783,38.0849#26.83#41.49#31.68
-95.6218,38.0851#26.83#41.47#31.7
-95.5654,38.0853#26.82#41.46#31.72
-95.5089,38.0854#26.82#41.44#31.74
-95.4525,38.0856#26.82#41.43#31.75
-95.396,38.0857#26.82#41.42#31.76
-95.3395,38.0859#26.82#41.4#31.78
-95.2831,38.086#26.81#41.39#31.8
-95.2266,38.0861#26.81#41.37#31.82
-95.1702,38.0861#26.81#41.36#31.83
-95.1137,38.0862#26.81#41.34#31.85
-95.0572,38.0862#26.81#41.33#31.86
-95.0008,38.0862#26.81#41.31#31.88
-94.9443,38.0862#26.81#41.3#31.89
-94.8879,38.0862#26.81#41.28#31.91
-94.8314,38.0861#26.81#41.26#31.93
-94.7749,38.0861#26.81#41.24#31.95
-94.7185,38.086#26.81#41.23#31.96
-94.662,38.0859#26.81#41.21#31.98
-94.6056,38.0857#26.81#41.19#32
-94.5491,38.0856#26.81#41.17#32.02
-94.4926,38.0855#26.81#41.16#32.03
-94.4362,38.0853#26.81#41.15#32.04
-94.3797,38.0851#26.81#41.13#32.06
-94.3233,38.0849#26.81#41.12#32.07
-94.2668,38.0846#26.81#41.11#32.08
-94.2103,38.0844#26.81#41.1#32.09
-94.1539,38.0841#26.81#41.09#32.1
-94.0974,38.0838#26.81#41.07#32.12
-94.041,38.0835#26.81#41.06#32.13
-93.9845,38.0832#26.81#41.05#32.14
-93.928,38.0829#26.82#41.03#32.15
-93.8716,38.0825#26.82#41.02#32.16
-93.8151,38.0821#26.82#41#32.18
-93.7587,38.0817#26.82#40.99#32.19
-93.7022,38.0813#26.82#40.97#32.21
-93.6458,38.0809#26.82#40.96#32.22
-93.5893,38.0804#26.82#40.94#32.24
-93.5329,38.08#26.82#40.92#32.26
-93.4764,38.0795#26.82#40.91#32.27
-93.4199,38.079#26.82#40.89#32.29
-93.3635,38.0784#26.82#40.88#32.3
-93.307,38.0779#26.82#40.86#32.32
-93.2506,38.0773#26.82#40.85#32.33
-93.1941,38.0767#26.82#40.83#32.35
-93.1377,38.0761#26.83#40.81#32.36
-93.0812,38.0755#26.83#40.8#32.37
-93.0248,38.0749#26.83#40.78#32.39
-92.9683,38.0742#26.83#40.77#32.4
-92.9119,38.0735#26.83#40.76#32.41
-92.8554,38.0728#26.83#40.75#32.42
-92.799,38.0721#26.83#40.74#32.43
-92.7426,38.0714#26.83#40.73#32.44
-92.6861,38.0707#26.83#40.72#32.45
-92.6297,38.0699#26.83#40.71#32.46
-92.5732,38.0691#26.83#40.69#32.48
-92.5168,38.0683#26.83#40.68#32.49
-92.4603,38.0675#26.83#40.67#32.5
-92.4039,38.0666#26.83#40.65#32.52
-92.3475,38.0658#26.83#40.64#32.53
-92.291,38.0649#26.83#40.62#32.55
-92.2346,38.064#26.83#40.61#32.56
-92.1781,38.0631#26.83#40.59#32.58
-92.1217,38.0621#26.83#40.58#32.59
-92.0653,38.0612#26.83#40.56#32.61
-92.0088,38.0602#26.83#40.55#32.62
-91.9524,38.0592#26.83#40.54#32.63
-91.896,38.0582#26.83#40.54#32.63
-91.8395,38.0572#26.83#40.53#32.64
-91.7831,38.0562#26.83#40.52#32.65
-91.7267,38.0551#26.83#40.52#32.65
-91.6703,38.054#26.83#40.51#32.66
-91.6138,38.0529#26.83#40.5#32.67
-91.5574,38.0518#26.83#40.5#32.67
-91.501,38.0506#26.83#40.49#32.68
-91.4446,38.0495#26.83#40.48#32.69
-91.3881,38.0483#26.83#40.46#32.71
-91.3317,38.0471#26.83#40.44#32.73
-91.2753,38.0459#26.83#40.43#32.74
-91.2189,38.0447#26.83#40.41#32.76
-91.1625,38.0434#26.83#40.4#32.77
-91.106,38.0422#26.83#40.38#32.79
-91.0496,38.0409#26.83#40.36#32.81
-90.9932,38.0396#26.83#40.35#32.82
-90.9368,38.0383#26.83#40.33#32.84
-90.8804,38.0369#26.83#40.31#32.86
-90.824,38.0356#26.83#40.29#32.88
-90.7676,38.0342#26.83#40.28#32.89
-90.7112,38.0328#26.83#40.26#32.91
-90.6548,38.0314#26.83#40.24#32.93
-90.5984,38.0299#26.83#40.22#32.95
-90.542,38.0285#26.83#40.21#32.96
-90.4856,38.027#26.83#40.19#32.98
-90.4292,38.0255#26.83#40.16#33.01
-90.3728,38.024#26.83#40.14#33.03
-90.3164,38.0225#26.83#40.11#33.06
-90.26,38.0209#26.83#40.09#33.08
-90.2036,38.0194#26.83#40.06#33.11
-90.1472,38.0178#26.83#40.04#33.13
-90.0908,38.0162#26.83#40.01#33.16
-90.0344,38.0146#26.83#39.99#33.18
-89.9781,38.0129#26.83#39.96#33.21
-89.9217,38.0113#26.83#39.93#33.24
-89.8653,38.0096#26.83#39.89#33.28
-89.8089,38.0079#26.83#39.86#33.31
-89.7525,38.0062#26.83#39.82#33.35
-89.6962,38.0045#26.84#39.79#33.37
-89.6398,38.0027#26.84#39.75#33.41
-89.5834,38.001#26.84#39.72#33.44
-89.527,37.9992#26.84#39.68#33.48
-89.4707,37.9974#26.84#39.64#33.52
-89.4143,37.9956#26.84#39.59#33.57
-89.358,37.9937#26.84#39.55#33.61
-89.3016,37.9919#26.85#39.5#33.65
-89.2452,37.99#26.85#39.45#33.7
-89.1889,37.9881#26.85#39.4#33.75
-89.1325,37.9862#26.85#39.35#33.8
-89.0762,37.9842#26.85#39.3#33.85
-89.0198,37.9823#26.85#39.26#33.89
-88.9635,37.9803#26.86#39.2#33.94
-88.9071,37.9783#26.86#39.14#34
-88.8508,37.9763#26.86#39.07#34.07
-88.7944,37.9743#26.86#39.01#34.13
-88.7381,37.9722#26.87#38.95#34.18
-88.6817,37.9702#26.87#38.89#34.24
-88.6254,37.9681#26.87#38.82#34.31
-88.5691,37.966#26.87#38.76#34.37
-88.5127,37.9639#26.88#38.7#34.42
-88.4564,37.9618#26.88#38.61#34.51
-88.4001,37.9596#26.88#38.52#34.6
-88.3437,37.9574#26.89#38.43#34.68
-88.2874,37.9552#26.89#38.34#34.77
-88.2311,37.953#26.89#38.25#34.86
-88.1748,37.9508#26.9#38.16#34.94
-88.1185,37.9485#26.9#38.07#35.03
-88.0622,37.9463#26.9#37.98#35.12
-88.0058,37.944#26.91#37.89#35.2
-87.9495,37.9417#26.91#37.77#35.32
-87.8932,37.9394#26.91#37.64#35.45
-87.8369,37.937#26.92#37.52#35.56
-87.7806,37.9347#26.92#37.4#35.68
-87.7243,37.9323#26.93#37.27#35.8
-87.668,37.9299#26.93#37.15#35.92
-87.6117,37.9275#26.93#37.02#36.05
-87.5554,37.9251#26.94#36.9#36.16
-87.4991,37.9226#26.94#36.77#36.29
-87.4429,37.9201#26.95#36.64#36.41
-87.3866,37.9177#26.95#36.51#36.54
-87.3303,37.9152#26.96#36.37#36.67
-87.274,37.9126#26.96#36.24#36.8
-87.2177,37.9101#26.97#36.11#36.92
-87.1615,37.9075#26.97#35.97#37.06
-87.1052,37.9049#26.98#35.84#37.18
-87.0489,37.9024#26.98#35.7#37.32
-103.856,37.9026#27.76#49.79#22.45
-103.8,37.9055#27.71#49.72#22.57
-103.744,37.9084#27.67#49.66#22.67
-103.687,37.9112#27.62#49.59#22.79
-103.631,37.9141#27.58#49.52#22.9
-103.575,37.9169#27.54#49.46#23
-103.519,37.9197#27.49#49.39#23.12
-103.462,37.9225#27.46#49.31#23.23
-103.406,37.9252#27.45#49.22#23.33
-103.35,37.928#27.43#49.12#23.45
-103.294,37.9307#27.41#49.03#23.56
-103.237,37.9334#27.39#48.94#23.67
-103.181,37.9361#27.38#48.85#23.77
-103.125,37.9388#27.36#48.76#23.88
-103.069,37.9414#27.34#48.67#23.99
-103.012,37.9441#27.32#48.58#24.1
-102.956,37.9467#27.31#48.49#24.2
-102.9,37.9493#27.3#48.4#24.3
-102.843,37.9519#27.29#48.32#24.39
-102.787,37.9544#27.29#48.23#24.48
-102.731,37.957#27.28#48.14#24.58
-102.674,37.9595#27.27#48.06#24.67
-102.618,37.962#27.26#47.97#24.77
-102.562,37.9645#27.25#47.89#24.86
-102.506,37.967#27.24#47.8#24.96
-102.449,37.9694#27.24#47.72#25.04
-102.393,37.9718#27.23#47.64#25.13
-102.337,37.9743#27.23#47.57#25.2
-102.28,37.9767#27.22#47.49#25.29
-102.224,37.979#27.22#47.41#25.37
-102.168,37.9814#27.21#47.33#25.46
-102.111,37.9837#27.21#47.25#25.54
-102.055,37.9861#27.2#47.17#25.63
-101.999,37.9884#27.2#47.09#25.71
-101.942,37.9906#27.2#47#25.8
-101.886,37.9929#27.19#46.91#25.9
-101.83,37.9952#27.19#46.81#26
-101.773,37.9974#27.19#46.72#26.09
-101.717,37.9996#27.18#46.63#26.19
-101.661,38.0018#27.18#46.53#26.29
-101.604,38.004#27.18#46.44#26.38
-101.548,38.0061#27.18#46.35#26.47
-101.492,38.0083#27.17#46.25#26.58
-101.435,38.0104#27.18#46.17#26.65
-101.379,38.0125#27.19#46.09#26.72
-101.322,38.0146#27.2#46#26.8
-101.266,38.0166#27.21#45.92#26.87
-101.21,38.0187#27.21#45.84#26.95
-101.153,38.0207#27.22#45.75#27.03
-101.097,38.0227#27.23#45.67#27.1
-101.041,38.0247#27.24#45.59#27.17
-100.984,38.0267#27.25#45.5#27.25
-100.928,38.0286#27.27#45.41#27.32
-100.871,38.0305#27.29#45.33#27.38
-100.815,38.0325#27.31#45.24#27.45
-100.759,38.0344#27.33#45.15#27.52
-100.702,38.0362#27.35#45.06#27.59
-100.646,38.0381#27.37#44.97#27.66
-100.59,38.0399#27.39#44.89#27.72
-100.533,38.0418#27.41#44.8#27.79
-100.477,38.0436#27.43#44.72#27.85
-100.42,38.0453#27.47#44.66#27.87
-100.364,38.0471#27.5#44.6#27.9
-100.308,38.0489#27.53#44.54#27.93
-100.251,38.0506#27.57#44.48#27.95
-100.195,38.0523#27.6#44.42#27.98
-100.138,38.054#27.64#44.36#28
-100.082,38.0557#27.67#44.29#28.04
-100.026,38.0573#27.7#44.23#28.07
-99.9692,38.059#27.74#44.17#28.09
-99.9128,38.0606#27.78#44.11#28.11
-99.8564,38.0622#27.82#44.05#28.13
-99.8,38.0638#27.85#43.99#28.16
-99.7435,38.0653#27.89#43.93#28.18
-99.6871,38.0669#27.93#43.87#28.2
-99.6307,38.0684#27.97#43.81#28.22
-99.5743,38.0699#28.01#43.75#28.24
-99.5179,38.0714#28.05#43.69#28.26
-99.4614,38.0729#28.08#43.64#28.28
-99.405,38.0743#28.1#43.59#28.31
-99.3486,38.0758#28.12#43.54#28.34
-99.2922,38.0772#28.15#43.49#28.36
-99.2357,38.0786#28.17#43.44#28.39
-99.1793,38.08#28.19#43.39#28.42
-99.1229,38.0813#28.22#43.33#28.45
-99.0664,38.0827#28.24#43.28#28.48
-99.01,38.084#28.26#43.23#28.51
-98.9536,38.0853#28.27#43.19#28.54
-98.8971,38.0866#28.26#43.15#28.59
-98.8407,38.0878#28.26#43.11#28.63
-98.7843,38.0891#28.26#43.07#28.67
-98.7278,38.0903#28.26#43.03#28.71
-98.6714,38.0915#28.26#42.99#28.75
-98.6149,38.0927#28.26#42.94#28.8
-98.5585,38.0939#28.26#42.9#28.84
-98.502,38.0951#28.26#42.86#28.88
-98.4456,38.0962#28.24#42.83#28.93
-98.3891,38.0973#28.21#42.79#29
-98.3327,38.0984#28.19#42.76#29.05
-98.2762,38.0995#28.16#42.73#29.11
-98.2198,38.1006#28.14#42.69#29.17
-98.1633,38.1016#28.12#42.66#29.22
-98.1069,38.1026#28.09#42.63#29.28
-98.0504,38.1037#28.07#42.59#29.34
-97.994,38.1046#28.04#42.56#29.4
-97.9375,38.1056#28#42.53#29.47
-97.8811,38.1066#27.96#42.51#29.53
-97.8246,38.1075#27.92#42.48#29.6
-97.7681,38.1084#27.88#42.45#29.67
-97.7117,38.1093#27.83#42.43#29.74
-97.6552,38.1102#27.79#42.4#29.81
-97.5987,38.1111#27.75#42.37#29.88
-97.5423,38.1119#27.71#42.34#29.95
-97.4858,38.1127#27.67#42.32#30.01
-97.4294,38.1135#27.62#42.3#30.08
-97.3729,38.1143#27.56#42.28#30.16
-97.3164,38.1151#27.51#42.26#30.23
-97.2599,38.1158#27.46#42.23#30.31
-97.2035,38.1166#27.41#42.21#30.38
-97.147,38.1173#27.35#42.19#30.46
-97.0905,38.118#27.3#42.17#30.53
-97.0341,38.1186#27.25#42.15#30.6
-96.9776,38.1193#27.21#42.13#30.66
-96.9211,38.1199#27.18#42.11#30.71
-96.8646,38.1206#27.15#42.09#30.76
-96.8082,38.1212#27.12#42.07#30.81
-96.7517,38.1217#27.09#42.06#30.85
-96.6952,38.1223#27.06#42.04#30.9
-96.6387,38.1229#27.03#42.02#30.95
-96.5823,38.1234#27#42#31
-96.5258,38.1239#26.97#41.98#31.05
-96.4693,38.1244#26.95#41.96#31.09
-96.4128,38.1249#26.94#41.94#31.12
-96.3564,38.1253#26.93#41.93#31.14
-96.2999,38.1257#26.92#41.91#31.17
-96.2434,38.1262#26.91#41.89#31.2
-96.1869,38.1266#26.9#41.87#31.23
-96.1304,38.1269#26.89#41.85#31.26
-96.074,38.1273#26.88#41.84#31.28
-96.0175,38.1276#26.87#41.82#31.31
-95.961,38.128#26.86#41.8#31.34
-95.9045,38.1283#26.85#41.79#31.36
-95.848,38.1286#26.85#41.77#31.38
-95.7916,38.1288#26.84#41.76#31.4
-95.7351,38.1291#26.84#41.74#31.42
-95.6786,38.1293#26.84#41.73#31.43
-95.6221,38.1295#26.83#41.71#31.46
-95.5656,38.1297#26.83#41.69#31.48
-95.5091,38.1299#26.82#41.68#31.5
-95.4527,38.1301#26.82#41.66#31.52
-95.3962,38.1302#26.82#41.65#31.53
-95.3397,38.1303#26.82#41.63#31.55
-95.2832,38.1304#26.81#41.62#31.57
-95.2267,38.1305#26.81#41.6#31.59
-95.1702,38.1306#26.81#41.59#31.6
-95.1137,38.1306#26.81#41.57#31.62
-95.0573,38.1306#26.81#41.56#31.63
-95.0008,38.1307#26.81#41.54#31.65
-94.9443,38.1306#26.81#41.53#31.66
-94.8878,38.1306#26.81#41.51#31.68
-94.8313,38.1306#26.81#41.49#31.7
-94.7748,38.1305#26.81#41.47#31.72
-94.7184,38.1304#26.81#41.46#31.73
-94.6619,38.1303#26.81#41.44#31.75
-94.6054,38.1302#26.81#41.42#31.77
-94.5489,38.1301#26.81#41.4#31.79
-94.4924,38.1299#26.81#41.39#31.8
-94.4359,38.1297#26.81#41.37#31.82
-94.3795,38.1295#26.81#41.36#31.83
-94.323,38.1293#26.81#41.35#31.84
-94.2665,38.1291#26.81#41.34#31.85
-94.21,38.1288#26.81#41.32#31.87
-94.1535,38.1286#26.81#41.31#31.88
-94.097,38.1283#26.81#41.3#31.89
-94.0406,38.128#26.81#41.29#31.9
-93.9841,38.1277#26.81#41.27#31.92
-93.9276,38.1273#26.81#41.26#31.93
-93.8711,38.127#26.81#41.24#31.95
-93.8146,38.1266#26.82#41.23#31.95
-93.7582,38.1262#26.82#41.21#31.97
-93.7017,38.1258#26.82#41.19#31.99
-93.6452,38.1253#26.82#41.18#32
-93.5887,38.1249#26.82#41.16#32.02
-93.5322,38.1244#26.82#41.15#32.03
-93.4758,38.1239#26.82#41.13#32.05
-93.4193,38.1234#26.82#41.11#32.07
-93.3628,38.1229#26.82#41.1#32.08
-93.3063,38.1223#26.82#41.08#32.1
-93.2499,38.1218#26.82#41.06#32.12
-93.1934,38.1212#26.82#41.05#32.13
-93.1369,38.1206#26.82#41.03#32.15
-93.0804,38.12#26.82#41.02#32.16
-93.024,38.1193#26.83#41#32.17
-92.9675,38.1187#26.83#40.98#32.19
-92.911,38.118#26.83#40.97#32.2
-92.8546,38.1173#26.83#40.96#32.21
-92.7981,38.1166#26.83#40.95#32.22
-92.7416,38.1159#26.83#40.94#32.23
-92.6851,38.1151#26.83#40.93#32.24
-92.6287,38.1143#26.83#40.92#32.25
-92.5722,38.1135#26.83#40.9#32.27
-92.5157,38.1127#26.83#40.89#32.28
-92.4593,38.1119#26.83#40.88#32.29
-92.4028,38.1111#26.83#40.86#32.31
-92.3464,38.1102#26.83#40.85#32.32
-92.2899,38.1093#26.83#40.83#32.34
-92.2334,38.1084#26.83#40.81#32.36
-92.177,38.1075#26.83#40.8#32.37
-92.1205,38.1066#26.83#40.78#32.39
-92.064,38.1056#26.83#40.77#32.4
-92.0076,38.1047#26.83#40.75#32.42
-91.9511,38.1037#26.83#40.74#32.43
-91.8947,38.1027#26.83#40.74#32.43
-91.8382,38.1016#26.83#40.73#32.44
