-98.8872,46.9006#28.36#61.24#10.4
-98.8256,46.9018#28.36#61.15#10.49
-98.7639,46.903#28.36#61.06#10.58
-98.7022,46.9041#28.36#60.98#10.66
-98.6406,46.9053#28.35#60.89#10.76
-98.5789,46.9064#28.35#60.81#10.84
-98.5173,46.9075#28.35#60.72#10.93
-98.4556,46.9086#28.35#60.61#11.04
-98.3939,46.9097#28.35#60.5#11.15
-98.3323,46.9107#28.35#60.38#11.27
-98.2706,46.9117#28.35#60.27#11.38
-98.2089,46.9127#28.35#60.15#11.5
-98.1473,46.9137#28.35#60.03#11.62
-98.0856,46.9147#28.35#59.92#11.73
-98.0239,46.9156#28.35#59.81#11.84
-97.9622,46.9166#28.34#59.69#11.97
-97.9006,46.9175#28.34#59.59#12.07
-97.8389,46.9184#28.34#59.48#12.18
-97.7772,46.9192#28.34#59.37#12.29
-97.7155,46.9201#28.34#59.27#12.39
-97.6538,46.9209#28.34#59.16#12.5
-97.5922,46.9217#28.34#59.06#12.6
-97.5305,46.9225#28.34#58.95#12.71
-97.4688,46.9233#28.34#58.85#12.81
-97.4071,46.9241#28.34#58.75#12.91
-97.3454,46.9248#28.34#58.65#13.01
-97.2837,46.9255#28.34#58.55#13.11
-97.222,46.9262#28.34#58.45#13.21
-97.1604,46.9269#28.34#58.35#13.31
-97.0987,46.9276#28.34#58.25#13.41
-97.037,46.9282#28.34#58.15#13.51
-96.9753,46.9288#28.34#58.05#13.61
-96.9136,46.9294#28.34#57.96#13.7
-96.8519,46.93#28.34#57.86#13.8
-96.7902,46.9306#28.34#57.77#13.89
-96.7285,46.9311#28.34#57.67#13.99
-96.6668,46.9317#28.34#57.57#14.09
-96.6051,46.9322#28.34#57.48#14.18
-96.5434,46.9327#28.34#57.38#14.28
-96.4817,46.9331#28.34#57.29#14.37
-96.42,46.9336#28.34#57.19#14.47
-96.3583,46.934#28.34#57.09#14.57
-96.2966,46.9344#28.34#56.99#14.67
-96.2349,46.9348#28.34#56.89#14.77
-96.1732,46.9352#28.34#56.79#14.87
-96.1115,46.9356#28.34#56.69#14.97
-96.0498,46.9359#28.34#56.59#15.07
-95.9881,46.9362#28.34#56.49#15.17
-95.9264,46.9365#28.35#56.38#15.27
-95.8647,46.9368#28.35#56.27#15.38
-95.803,46.937#28.35#56.16#15.49
-95.7413,46.9373#28.35#56.05#15.6
-95.6796,46.9375#28.35#55.94#15.71
-95.6179,46.9377#28.35#55.83#15.82
-95.5562,46.9379#28.35#55.72#15.93
-95.4945,46.9381#28.35#55.61#16.04
-95.4328,46.9382#28.35#55.49#16.16
-95.3711,46.9383#28.35#55.37#16.28
-95.3094,46.9384#28.35#55.25#16.4
-95.2477,46.9385#28.35#55.14#16.51
-95.186,46.9386#28.35#55.02#16.63
-95.1243,46.9386#28.35#54.9#16.75
-95.0626,46.9387#28.35#54.78#16.87
-95.0009,46.9387#28.35#54.66#16.99
-94.9391,46.9387#28.35#54.54#17.11
-94.8774,46.9386#28.35#54.42#17.23
-94.8157,46.9386#28.35#54.29#17.36
-94.754,46.9385#28.35#54.17#17.48
-94.6923,46.9384#28.35#54.05#17.6
-94.6306,46.9383#28.36#53.93#17.71
-94.5689,46.9382#28.36#53.81#17.83
-94.5072,46.9381#28.36#53.69#17.95
-94.4455,46.9379#28.36#53.57#18.07
-94.3838,46.9377#28.36#53.44#18.2
-94.3221,46.9375#28.36#53.31#18.33
-94.2604,46.9373#28.36#53.19#18.45
-94.1987,46.9371#28.36#53.06#18.58
-94.137,46.9368#28.36#52.93#18.71
-94.0753,46.9365#28.36#52.81#18.83
-94.0136,46.9362#28.36#52.68#18.96
-93.9519,46.9359#28.36#52.57#19.07
-93.8902,46.9356#28.37#52.45#19.18
-93.8285,46.9352#28.37#52.33#19.3
-93.7668,46.9348#28.37#52.22#19.41
-93.7051,46.9344#28.37#52.1#19.53
-93.6434,46.934#28.37#51.99#19.64
-93.5817,46.9336#28.37#51.87#19.76
-93.52,46.9332#28.37#51.75#19.88
-93.4583,46.9327#28.37#51.64#19.99
-93.3966,46.9322#28.37#51.53#20.1
-93.3349,46.9317#28.37#51.41#20.22
-93.2732,46.9312#28.38#51.3#20.32
-93.2115,46.9306#28.38#51.18#20.44
-93.1498,46.93#28.38#51.07#20.55
-93.0881,46.9295#28.38#50.96#20.66
-93.0264,46.9289#28.38#50.84#20.78
-92.9647,46.9282#28.38#50.74#20.88
-92.903,46.9276#28.38#50.64#20.98
-92.8414,46.9269#28.39#50.54#21.07
-92.7797,46.9263#28.39#50.44#21.17
-92.718,46.9256#28.39#50.35#21.26
-92.6563,46.9248#28.4#50.25#21.35
-92.5946,46.9241#28.4#50.15#21.45
-92.5329,46.9233#28.4#50.05#21.55
-92.4712,46.9226#28.41#49.96#21.63
-92.4096,46.9218#28.42#49.87#21.71
-92.3479,46.921#28.44#49.78#21.78
-92.2862,46.9201#28.45#49.7#21.85
-92.2245,46.9193#28.46#49.61#21.93
-92.1628,46.9184#28.48#49.52#22
-92.1012,46.9175#28.49#49.43#22.08
-92.0395,46.9166#28.51#49.34#22.15
-91.9778,46.9157#28.52#49.27#22.21
-91.9161,46.9147#28.55#49.23#22.22
-91.8545,46.9137#28.57#49.19#22.24
-91.7928,46.9128#28.59#49.15#22.26
-91.7311,46.9118#28.61#49.11#22.28
-91.6694,46.9107#28.64#49.07#22.29
-91.6078,46.9097#28.66#49.04#22.3
-91.5461,46.9086#28.68#49#22.32
-91.4844,46.9075#28.71#48.96#22.33
-91.4228,46.9064#28.74#48.94#22.32
-91.3611,46.9053#28.78#48.93#22.29
-91.2995,46.9042#28.81#48.91#22.28
-91.2378,46.903#28.85#48.89#22.26
-91.1761,46.9018#28.88#48.87#22.25
-91.1145,46.9006#28.92#48.86#22.22
-100.615,46.9014#28.46#61.6#9.94
-100.554,46.9031#28.46#61.6#9.94
-100.492,46.9048#28.45#61.58#9.97
-100.43,46.9065#28.44#61.49#10.07
-100.369,46.9082#28.44#61.39#10.17
-100.307,46.9099#28.43#61.3#10.27
-100.246,46.9115#28.43#61.21#10.36
-100.184,46.9131#28.42#61.11#10.47
-100.122,46.9147#28.42#61.02#10.56
-100.061,46.9163#28.41#60.93#10.66
-99.999,46.9179#28.41#60.84#10.75
-99.9373,46.9194#28.41#60.96#10.63
-99.8757,46.9209#28.4#61.07#10.53
-99.814,46.9225#28.4#61.19#10.41
-99.7524,46.9239#28.4#61.3#10.3
-99.6907,46.9254#28.39#61.41#10.2
-99.629,46.9269#28.39#61.52#10.09
-99.5674,46.9283#28.39#61.62#9.99000000000001
-99.5057,46.9297#28.38#61.73#9.89
-99.4441,46.9311#28.38#61.67#9.95
-99.3824,46.9325#28.38#61.6#10.02
-99.3207,46.9338#28.38#61.52#10.1
-99.259,46.9351#28.37#61.45#10.18
-99.1974,46.9365#28.37#61.37#10.26
-99.1357,46.9378#28.37#61.3#10.33
-99.074,46.939#28.37#61.23#10.4
-99.0123,46.9403#28.37#61.15#10.48
-98.9507,46.9415#28.36#61.07#10.57
-98.889,46.9427#28.36#60.99#10.65
-98.8273,46.9439#28.36#60.9#10.74
-98.7656,46.9451#28.36#60.82#10.82
-98.7039,46.9463#28.36#60.74#10.9
-98.6422,46.9474#28.36#60.66#10.98
-98.5806,46.9485#28.35#60.57#11.08
-98.5189,46.9496#28.35#60.49#11.16
-98.4572,46.9507#28.35#60.39#11.26
-98.3955,46.9518#28.35#60.27#11.38
-98.3338,46.9528#28.35#60.16#11.49
-98.2721,46.9539#28.35#60.05#11.6
-98.2104,46.9549#28.35#59.94#11.71
-98.1487,46.9559#28.35#59.82#11.83
-98.087,46.9568#28.35#59.71#11.94
-98.0253,46.9578#28.35#59.6#12.05
-97.9636,46.9587#28.35#59.49#12.16
-97.9019,46.9596#28.35#59.39#12.26
-97.8402,46.9605#28.35#59.29#12.36
-97.7785,46.9614#28.35#59.18#12.47
-97.7168,46.9622#28.35#59.08#12.57
-97.655,46.9631#28.35#58.98#12.67
-97.5933,46.9639#28.35#58.87#12.78
-97.5316,46.9647#28.35#58.77#12.88
-97.4699,46.9655#28.35#58.67#12.98
-97.4082,46.9662#28.35#58.57#13.08
-97.3465,46.967#28.35#58.47#13.18
-97.2848,46.9677#28.35#58.37#13.28
-97.2231,46.9684#28.35#58.27#13.38
-97.1613,46.9691#28.35#58.18#13.47
-97.0996,46.9697#28.35#58.08#13.57
-97.0379,46.9704#28.35#57.98#13.67
-96.9762,46.971#28.35#57.88#13.77
-96.9145,46.9716#28.35#57.78#13.87
-96.8527,46.9722#28.35#57.69#13.96
-96.791,46.9727#28.35#57.59#14.06
-96.7293,46.9733#28.35#57.5#14.15
-96.6676,46.9738#28.35#57.4#14.25
-96.6058,46.9743#28.35#57.31#14.34
-96.5441,46.9748#28.35#57.21#14.44
-96.4824,46.9753#28.35#57.12#14.53
-96.4207,46.9757#28.35#57.02#14.63
-96.3589,46.9762#28.35#56.92#14.73
-96.2972,46.9766#28.35#56.82#14.83
-96.2355,46.977#28.35#56.72#14.93
-96.1738,46.9773#28.35#56.63#15.02
-96.112,46.9777#28.35#56.53#15.12
-96.0503,46.978#28.35#56.43#15.22
-95.9886,46.9784#28.35#56.33#15.32
-95.9268,46.9786#28.35#56.22#15.43
-95.8651,46.9789#28.35#56.11#15.54
-95.8034,46.9792#28.35#56#15.65
-95.7416,46.9794#28.35#55.89#15.76
-95.6799,46.9796#28.35#55.78#15.87
-95.6182,46.9798#28.35#55.67#15.98
-95.5564,46.98#28.35#55.56#16.09
-95.4947,46.9802#28.35#55.45#16.2
-95.433,46.9803#28.35#55.33#16.32
-95.3713,46.9805#28.35#55.22#16.43
-95.3095,46.9806#28.35#55.1#16.55
-95.2478,46.9807#28.35#54.98#16.67
-95.1861,46.9807#28.35#54.86#16.79
-95.1243,46.9808#28.35#54.74#16.91
-95.0626,46.9808#28.35#54.62#17.03
-95.0009,46.9808#28.35#54.5#17.15
-94.9391,46.9808#28.35#54.38#17.27
-94.8774,46.9808#28.35#54.26#17.39
-94.8157,46.9807#28.36#54.14#17.5
-94.7539,46.9807#28.36#54.02#17.62
-94.6922,46.9806#28.36#53.9#17.74
-94.6305,46.9805#28.36#53.78#17.86
-94.5687,46.9803#28.36#53.66#17.98
-94.507,46.9802#28.36#53.54#18.1
-94.4453,46.98#28.36#53.42#18.22
-94.3835,46.9799#28.36#53.29#18.35
-94.3218,46.9797#28.36#53.16#18.48
-94.2601,46.9794#28.36#53.04#18.6
-94.1983,46.9792#28.36#52.91#18.73
-94.1366,46.9789#28.36#52.79#18.85
-94.0749,46.9787#28.36#52.66#18.98
-94.0131,46.9784#28.37#52.53#19.1
-93.9514,46.978#28.37#52.42#19.21
-93.8897,46.9777#28.37#52.3#19.33
-93.828,46.9774#28.37#52.18#19.45
-93.7662,46.977#28.37#52.07#19.56
-93.7045,46.9766#28.37#51.95#19.68
-93.6428,46.9762#28.37#51.84#19.79
-93.581,46.9757#28.37#51.72#19.91
-93.5193,46.9753#28.37#51.6#20.03
-93.4576,46.9748#28.37#51.49#20.14
-93.3959,46.9743#28.38#51.37#20.25
-93.3341,46.9738#28.38#51.26#20.36
-93.2724,46.9733#28.38#51.14#20.48
-93.2107,46.9728#28.38#51.03#20.59
-93.149,46.9722#28.38#50.91#20.71
-93.0872,46.9716#28.38#50.8#20.82
-93.0255,46.971#28.38#50.68#20.94
-92.9638,46.9704#28.38#50.58#21.04
-92.9021,46.9697#28.39#50.48#21.13
-92.8404,46.9691#28.39#50.38#21.23
-92.7787,46.9684#28.39#50.28#21.33
-92.7169,46.9677#28.39#50.18#21.43
-92.6552,46.967#28.4#50.08#21.52
-92.5935,46.9662#28.4#49.98#21.62
-92.5318,46.9655#28.4#49.88#21.72
-92.4701,46.9647#28.41#49.79#21.8
-92.4084,46.9639#28.42#49.7#21.88
-92.3467,46.9631#28.43#49.61#21.96
-92.285,46.9623#28.45#49.52#22.03
-92.2232,46.9614#28.46#49.43#22.11
-92.1615,46.9605#28.47#49.34#22.19
-92.0998,46.9596#28.48#49.25#22.27
-92.0381,46.9587#28.5#49.16#22.34
-91.9764,46.9578#28.51#49.09#22.4
-91.9147,46.9569#28.53#49.05#22.42
-91.853,46.9559#28.56#49.01#22.43
-91.7913,46.9549#28.58#48.97#22.45
-91.7296,46.9539#28.6#48.93#22.47
-91.6679,46.9529#28.62#48.89#22.49
-91.6062,46.9518#28.65#48.85#22.5
-91.5445,46.9508#28.67#48.81#22.52
-91.4828,46.9497#28.69#48.78#22.53
-91.4212,46.9486#28.73#48.76#22.51
-91.3595,46.9474#28.76#48.75#22.49
-91.2978,46.9463#28.79#48.73#22.48
-91.2361,46.9451#28.83#48.71#22.46
-91.1744,46.944#28.86#48.7#22.44
-91.1127,46.9428#28.89#48.68#22.43
-91.051,46.9416#28.93#48.67#22.4
-90.9894,46.9403#28.96#48.66#22.38
-90.9277,46.9391#28.99#48.68#22.33
-90.866,46.9378#29.02#48.7#22.28
-90.8043,46.9365#29.05#48.72#22.23
-90.7427,46.9352#29.08#48.74#22.18
-90.681,46.9338#29.11#48.76#22.13
-90.6193,46.9325#29.14#48.79#22.07
-90.5576,46.9311#29.17#48.81#22.02
-90.496,46.9297#29.2#48.83#21.97
-90.4343,46.9283#29.21#48.87#21.92
-90.3727,46.9269#29.23#48.91#21.86
-90.311,46.9254#29.24#48.95#21.81
-90.2493,46.924#29.25#48.99#21.76
-90.1877,46.9225#29.26#49.03#21.71
-90.126,46.921#29.28#49.07#21.65
-90.0644,46.9195#29.29#49.11#21.6
-90.0027,46.9179#29.3#49.15#21.55
-89.9411,46.9164#29.29#49.24#21.47
-89.8794,46.9148#29.28#49.33#21.39
-89.8178,46.9132#29.26#49.42#21.32
-89.7561,46.9116#29.25#49.51#21.24
-89.6945,46.9099#29.23#49.6#21.17
-89.6329,46.9083#29.22#49.69#21.09
-89.5712,46.9066#29.2#49.78#21.02
-89.5096,46.9049#29.19#49.87#20.94
-89.448,46.9032#29.16#49.96#20.88
-89.3863,46.9014#29.13#50.06#20.81
-101.974,46.9005#28.9#62.43#8.67
-101.912,46.9026#28.87#62.37#8.76000000000001
-101.851,46.9048#28.84#62.3#8.86
-101.789,46.9069#28.8#62.24#8.95999999999999
-101.727,46.909#28.77#62.18#9.05
-101.666,46.9111#28.74#62.11#9.15000000000001
-101.604,46.9131#28.71#62.05#9.24000000000001
-101.542,46.9152#28.68#61.99#9.33
-101.481,46.9172#28.65#61.93#9.42
-101.419,46.9192#28.64#61.87#9.49000000000001
-101.358,46.9212#28.62#61.82#9.56
-101.296,46.9231#28.6#61.77#9.63
-101.234,46.9251#28.59#61.71#9.7
-101.173,46.927#28.57#61.66#9.77000000000001
-101.111,46.9289#28.55#61.61#9.84
-101.049,46.9308#28.54#61.55#9.91
-100.988,46.9327#28.52#61.51#9.97
-100.926,46.9345#28.51#61.5#9.98999999999999
-100.865,46.9364#28.5#61.49#10.01
-100.803,46.9382#28.49#61.48#10.03
-100.741,46.94#28.49#61.48#10.03
-100.68,46.9418#28.48#61.47#10.05
-100.618,46.9435#28.47#61.46#10.07
-100.556,46.9452#28.46#61.45#10.09
-100.495,46.947#28.45#61.43#10.12
-100.433,46.9487#28.45#61.34#10.21
-100.371,46.9503#28.44#61.25#10.31
-100.31,46.952#28.44#61.17#10.39
-100.248,46.9536#28.43#61.08#10.49
-100.186,46.9553#28.43#60.99#10.58
-100.125,46.9569#28.42#60.91#10.67
-100.063,46.9584#28.42#60.83#10.75
-100.001,46.96#28.41#60.74#10.85
-99.9396,46.9615#28.41#60.83#10.76
-99.8779,46.9631#28.41#60.93#10.66
-99.8162,46.9646#28.4#61.02#10.58
-99.7545,46.9661#28.4#61.11#10.49
-99.6928,46.9675#28.4#61.2#10.4
-99.6312,46.969#28.39#61.29#10.32
-99.5695,46.9704#28.39#61.37#10.24
-99.5078,46.9718#28.39#61.46#10.15
-99.4461,46.9732#28.38#61.4#10.22
-99.3844,46.9746#28.38#61.33#10.29
-99.3227,46.9759#28.38#61.26#10.36
-99.261,46.9773#28.38#61.19#10.43
-99.1993,46.9786#28.37#61.11#10.52
-99.1376,46.9799#28.37#61.04#10.59
-99.0759,46.9811#28.37#60.97#10.66
-99.0142,46.9824#28.37#60.9#10.73
-98.9525,46.9836#28.37#60.82#10.81
-98.8908,46.9849#28.36#60.74#10.9
-98.829,46.9861#28.36#60.66#10.98
-98.7673,46.9872#28.36#60.58#11.06
-98.7056,46.9884#28.36#60.5#11.14
-98.6439,46.9895#28.36#60.42#11.22
-98.5822,46.9907#28.36#60.34#11.3
-98.5205,46.9918#28.36#60.26#11.38
-98.4587,46.9928#28.35#60.16#11.49
-98.397,46.9939#28.35#60.05#11.6
-98.3353,46.995#28.35#59.94#11.71
-98.2736,46.996#28.35#59.83#11.82
-98.2118,46.997#28.35#59.72#11.93
-98.1501,46.998#28.35#59.61#12.04
-98.0884,46.9989#28.35#59.5#12.15
-98.0267,46.9999#28.35#59.39#12.26
-97.9649,47.0008#28.35#59.29#12.36
-97.9032,47.0017#28.35#59.19#12.46
-97.8415,47.0026#28.35#59.09#12.56
-97.7797,47.0035#28.35#58.99#12.66
-97.718,47.0044#28.35#58.89#12.76
-97.6563,47.0052#28.35#58.79#12.86
-97.5945,47.006#28.35#58.69#12.96
-97.5328,47.0068#28.35#58.6#13.05
-97.471,47.0076#28.35#58.5#13.15
-97.4093,47.0083#28.35#58.4#13.25
-97.3476,47.0091#28.35#58.3#13.35
-97.2858,47.0098#28.35#58.2#13.45
-97.2241,47.0105#28.35#58.1#13.55
-97.1623,47.0112#28.35#58#13.65
-97.1006,47.0118#28.35#57.9#13.75
-97.0388,47.0125#28.35#57.8#13.85
-96.9771,47.0131#28.35#57.71#13.94
-96.9153,47.0137#28.35#57.61#14.04
-96.8536,47.0143#28.35#57.52#14.13
-96.7918,47.0149#28.35#57.42#14.23
-96.7301,47.0154#28.35#57.33#14.32
-96.6683,47.0159#28.35#57.23#14.42
-96.6066,47.0164#28.35#57.14#14.51
-96.5448,47.0169#28.35#57.04#14.61
-96.4831,47.0174#28.35#56.95#14.7
-96.4213,47.0179#28.35#56.85#14.8
-96.3596,47.0183#28.35#56.75#14.9
-96.2978,47.0187#28.35#56.66#14.99
-96.236,47.0191#28.35#56.56#15.09
-96.1743,47.0195#28.35#56.46#15.19
-96.1125,47.0198#28.35#56.36#15.29
-96.0508,47.0202#28.35#56.27#15.38
-95.989,47.0205#28.35#56.17#15.48
-95.9273,47.0208#28.35#56.06#15.59
-95.8655,47.0211#28.35#55.95#15.7
-95.8037,47.0213#28.35#55.84#15.81
-95.742,47.0216#28.35#55.73#15.92
-95.6802,47.0218#28.35#55.62#16.03
-95.6185,47.022#28.35#55.51#16.14
-95.5567,47.0222#28.35#55.4#16.25
-95.4949,47.0223#28.35#55.29#16.36
-95.4332,47.0225#28.35#55.18#16.47
-95.3714,47.0226#28.35#55.06#16.59
-95.3097,47.0227#28.35#54.94#16.71
-95.2479,47.0228#28.35#54.82#16.83
-95.1861,47.0228#28.35#54.7#16.95
-95.1244,47.0229#28.35#54.58#17.07
-95.0626,47.0229#28.35#54.47#17.18
-95.0009,47.0229#28.36#54.35#17.29
-94.9391,47.0229#28.36#54.23#17.41
-94.8773,47.0229#28.36#54.11#17.53
-94.8156,47.0229#28.36#53.99#17.65
-94.7538,47.0228#28.36#53.87#17.77
-94.692,47.0227#28.36#53.75#17.89
-94.6303,47.0226#28.36#53.63#18.01
-94.5685,47.0225#28.36#53.51#18.13
-94.5068,47.0223#28.36#53.39#18.25
-94.445,47.0222#28.36#53.27#18.37
-94.3832,47.022#28.36#53.14#18.5
-94.3215,47.0218#28.36#53.01#18.63
-94.2597,47.0216#28.36#52.89#18.75
-94.198,47.0213#28.36#52.76#18.88
-94.1362,47.0211#28.37#52.64#18.99
-94.0744,47.0208#28.37#52.51#19.12
-94.0127,47.0205#28.37#52.39#19.24
-93.9509,47.0202#28.37#52.27#19.36
-93.8892,47.0198#28.37#52.15#19.48
-93.8274,47.0195#28.37#52.03#19.6
-93.7657,47.0191#28.37#51.92#19.71
-93.7039,47.0187#28.37#51.8#19.83
-93.6421,47.0183#28.37#51.69#19.94
-93.5804,47.0179#28.37#51.57#20.06
-93.5186,47.0174#28.37#51.46#20.17
-93.4569,47.0169#28.38#51.34#20.28
-93.3951,47.0165#28.38#51.22#20.4
-93.3334,47.016#28.38#51.11#20.51
-93.2716,47.0154#28.38#50.99#20.63
-93.2099,47.0149#28.38#50.87#20.75
-93.1481,47.0143#28.38#50.76#20.86
-93.0864,47.0137#28.38#50.64#20.98
-93.0246,47.0131#28.38#50.52#21.1
-92.9629,47.0125#28.39#50.42#21.19
-92.9011,47.0119#28.39#50.32#21.29
-92.8394,47.0112#28.39#50.22#21.39
-92.7776,47.0105#28.39#50.11#21.5
-92.7159,47.0098#28.39#50.01#21.6
-92.6542,47.0091#28.4#49.91#21.69
-92.5924,47.0084#28.4#49.81#21.79
-92.5307,47.0076#28.4#49.71#21.89
-92.4689,47.0068#28.41#49.62#21.97
-92.4072,47.006#28.42#49.53#22.05
-92.3455,47.0052#28.43#49.44#22.13
-92.2837,47.0044#28.44#49.35#22.21
-92.222,47.0035#28.45#49.26#22.29
-92.1602,47.0027#28.46#49.17#22.37
-92.0985,47.0018#28.47#49.08#22.45
-92.0368,47.0009#28.49#48.99#22.52
-91.975,46.9999#28.5#48.91#22.59
-91.9133,46.999#28.52#48.87#22.61
-91.8516,46.998#28.54#48.83#22.63
-91.7899,46.997#28.57#48.79#22.64
-91.7281,46.996#28.59#48.75#22.66
-91.6664,46.995#28.61#48.71#22.68
-91.6047,46.9939#28.63#48.67#22.7
-91.543,46.9929#28.65#48.63#22.72
-91.4812,46.9918#28.68#48.6#22.72
-91.4195,46.9907#28.71#48.58#22.71
-91.3578,46.9896#28.74#48.57#22.69
-91.2961,46.9884#28.77#48.55#22.68
-91.2344,46.9873#28.81#48.54#22.65
-91.1727,46.9861#28.84#48.52#22.64
-91.111,46.9849#28.87#48.51#22.62
-91.0492,46.9837#28.9#48.49#22.61
-90.9875,46.9824#28.93#48.49#22.58
-90.9258,46.9812#28.97#48.51#22.52
-90.8641,46.9799#29#48.53#22.47
-90.8024,46.9786#29.03#48.55#22.42
-90.7407,46.9773#29.06#48.57#22.37
-90.679,46.976#29.09#48.59#22.32
-90.6173,46.9746#29.12#48.61#22.27
-90.5556,46.9732#29.16#48.63#22.21
-90.4939,46.9719#29.19#48.66#22.15
-90.4322,46.9704#29.2#48.69#22.11
-90.3705,46.969#29.21#48.73#22.06
-90.3089,46.9676#29.23#48.77#22
-90.2472,46.9661#29.24#48.81#21.95
-90.1855,46.9646#29.26#48.85#21.89
-90.1238,46.9631#29.27#48.89#21.84
-90.0621,46.9616#29.28#48.93#21.79
-90.0004,46.96#29.3#48.97#21.73
-89.9388,46.9585#29.29#49.05#21.66
-89.8771,46.9569#29.28#49.14#21.58
-89.8154,46.9553#29.26#49.23#21.51
-89.7538,46.9537#29.25#49.31#21.44
-89.6921,46.952#29.24#49.4#21.36
-89.6304,46.9504#29.23#49.49#21.28
-89.5688,46.9487#29.22#49.58#21.2
-89.5071,46.947#29.21#49.66#21.13
-89.4454,46.9453#29.18#49.76#21.06
-89.3838,46.9436#29.15#49.86#20.99
-89.3221,46.9418#29.12#49.96#20.92
-89.2605,46.94#29.09#50.06#20.85
-89.1988,46.9382#29.06#50.16#20.78
-89.1372,46.9364#29.03#50.25#20.72
-89.0755,46.9346#29#50.35#20.65
-89.0139,46.9327#28.97#50.45#20.58
-88.9523,46.9309#28.92#50.53#20.55
-88.8906,46.929#28.87#50.59#20.54
-88.829,46.9271#28.82#50.66#20.52
-88.7673,46.9251#28.78#50.73#20.49
-88.7057,46.9232#28.73#50.8#20.47
-88.6441,46.9212#28.68#50.86#20.46
-88.5825,46.9193#28.63#50.93#20.44
-88.5208,46.9172#28.57#51#20.43
-88.4592,46.9152#28.53#51.05#20.42
-88.3976,46.9132#28.48#51.09#20.43
-88.336,46.9111#28.44#51.13#20.43
-88.2744,46.909#28.39#51.17#20.44
-88.2128,46.9069#28.35#51.2#20.45
-88.1512,46.9048#28.31#51.24#20.45
-88.0896,46.9027#28.26#51.28#20.46
-88.028,46.9005#28.22#51.32#20.46
-103.086,46.9005#29.55#63.47#6.98
-103.024,46.903#29.52#63.4#7.08
-102.963,46.9054#29.49#63.34#7.17
-102.901,46.9079#29.46#63.27#7.27
-102.839,46.9104#29.42#63.21#7.37
-102.778,46.9128#29.39#63.14#7.47
-102.716,46.9152#29.36#63.07#7.56999999999999
-102.655,46.9176#29.33#63.01#7.66
-102.593,46.9199#29.3#62.94#7.76000000000001
-102.531,46.9223#29.26#62.88#7.86
-102.47,46.9246#29.23#62.82#7.95
-102.408,46.9269#29.19#62.75#8.06
-102.347,46.9292#29.15#62.69#8.16
-102.285,46.9315#29.11#62.62#8.27000000000001
-102.223,46.9337#29.08#62.56#8.36
-102.162,46.936#29.04#62.5#8.46000000000001
-102.1,46.9382#29#62.43#8.56999999999999
-102.039,46.9404#28.96#62.37#8.67
-101.977,46.9426#28.93#62.31#8.75999999999999
-101.915,46.9447#28.89#62.25#8.86
-101.854,46.9469#28.86#62.18#8.96000000000001
-101.792,46.949#28.83#62.12#9.05000000000001
-101.73,46.9511#28.8#62.06#9.14
-101.669,46.9532#28.76#62#9.23999999999999
-101.607,46.9552#28.73#61.93#9.34
-101.545,46.9573#28.7#61.87#9.43000000000001
-101.484,46.9593#28.67#61.81#9.52
-101.422,46.9613#28.65#61.76#9.59
-101.361,46.9633#28.63#61.7#9.67
-101.299,46.9652#28.62#61.65#9.73
-101.237,46.9672#28.6#61.6#9.8
-101.176,46.9691#28.58#61.55#9.87
-101.114,46.971#28.56#61.49#9.95
-101.052,46.9729#28.54#61.44#10.02
-100.991,46.9748#28.53#61.39#10.08
-100.929,46.9766#28.52#61.38#10.1
-100.867,46.9785#28.51#61.37#10.12
-100.806,46.9803#28.5#61.35#10.15
-100.744,46.9821#28.49#61.34#10.17
-100.682,46.9839#28.48#61.32#10.2
-100.62,46.9856#28.48#61.31#10.21
-100.559,46.9873#28.47#61.29#10.24
-100.497,46.9891#28.46#61.28#10.26
-100.435,46.9908#28.45#61.19#10.36
-100.374,46.9924#28.45#61.11#10.44
-100.312,46.9941#28.44#61.03#10.53
-100.25,46.9957#28.44#60.96#10.6
-100.189,46.9974#28.43#60.88#10.69
-100.127,46.999#28.43#60.8#10.77
-100.065,47.0005#28.42#60.72#10.86
-100.004,47.0021#28.41#60.64#10.95
-99.9418,47.0036#28.41#60.71#10.88
-99.8801,47.0052#28.41#60.78#10.81
-99.8184,47.0067#28.4#60.85#10.75
-99.7567,47.0082#28.4#60.92#10.68
-99.695,47.0096#28.4#60.99#10.61
-99.6333,47.0111#28.39#61.06#10.55
-99.5715,47.0125#28.39#61.12#10.49
-99.5098,47.0139#28.39#61.19#10.42
-99.4481,47.0153#28.39#61.14#10.47
-99.3864,47.0167#28.38#61.07#10.55
-99.3247,47.018#28.38#60.99#10.63
-99.2629,47.0194#28.38#60.92#10.7
-99.2012,47.0207#28.38#60.85#10.77
-99.1395,47.022#28.37#60.78#10.85
-99.0777,47.0233#28.37#60.71#10.92
-99.016,47.0245#28.37#60.65#10.98
-98.9543,47.0257#28.37#60.57#11.06
-98.8925,47.027#28.37#60.49#11.14
-98.8308,47.0282#28.36#60.42#11.22
-98.769,47.0293#28.36#60.34#11.3
-98.7073,47.0305#28.36#60.26#11.38
-98.6456,47.0316#28.36#60.19#11.45
-98.5838,47.0328#28.36#60.11#11.53
-98.5221,47.0339#28.36#60.03#11.61
-98.4603,47.035#28.36#59.94#11.7
-98.3986,47.036#28.36#59.83#11.81
-98.3368,47.0371#28.35#59.72#11.93
-98.2751,47.0381#28.35#59.61#12.04
-98.2133,47.0391#28.35#59.51#12.14
-98.1516,47.0401#28.35#59.4#12.25
-98.0898,47.0411#28.35#59.29#12.36
-98.028,47.042#28.35#59.19#12.46
-97.9663,47.0429#28.35#59.08#12.57
-97.9045,47.0438#28.35#58.99#12.66
-97.8428,47.0447#28.35#58.89#12.76
-97.781,47.0456#28.35#58.8#12.85
-97.7192,47.0465#28.35#58.7#12.95
-97.6575,47.0473#28.35#58.61#13.04
-97.5957,47.0481#28.35#58.51#13.14
-97.5339,47.0489#28.35#58.42#13.23
-97.4722,47.0497#28.35#58.32#13.33
-97.4104,47.0504#28.35#58.22#13.43
-97.3486,47.0512#28.35#58.12#13.53
-97.2869,47.0519#28.35#58.02#13.63
-97.2251,47.0526#28.35#57.93#13.72
-97.1633,47.0533#28.35#57.83#13.82
-97.1015,47.054#28.35#57.73#13.92
-97.0398,47.0546#28.35#57.63#14.02
-96.978,47.0552#28.35#57.53#14.12
-96.9162,47.0558#28.35#57.44#14.21
-96.8544,47.0564#28.35#57.34#14.31
-96.7926,47.057#28.35#57.25#14.4
-96.7309,47.0575#28.35#57.16#14.49
-96.6691,47.058#28.35#57.06#14.59
-96.6073,47.0586#28.35#56.97#14.68
-96.5455,47.059#28.35#56.88#14.77
-96.4837,47.0595#28.35#56.78#14.87
-96.422,47.06#28.35#56.68#14.97
-96.3602,47.0604#28.35#56.59#15.06
-96.2984,47.0608#28.35#56.49#15.16
-96.2366,47.0612#28.35#56.39#15.26
-96.1748,47.0616#28.35#56.3#15.35
-96.113,47.0619#28.35#56.2#15.45
-96.0513,47.0623#28.35#56.1#15.55
-95.9895,47.0626#28.35#56#15.65
-95.9277,47.0629#28.35#55.9#15.75
-95.8659,47.0632#28.35#55.79#15.86
-95.8041,47.0634#28.35#55.68#15.97
-95.7423,47.0637#28.35#55.57#16.08
-95.6805,47.0639#28.35#55.46#16.19
-95.6187,47.0641#28.35#55.35#16.3
-95.557,47.0643#28.35#55.24#16.41
-95.4952,47.0644#28.35#55.13#16.52
-95.4334,47.0646#28.35#55.02#16.63
-95.3716,47.0647#28.35#54.9#16.75
-95.3098,47.0648#28.35#54.78#16.87
-95.248,47.0649#28.36#54.66#16.98
-95.1862,47.065#28.36#54.55#17.09
-95.1244,47.065#28.36#54.43#17.21
-95.0626,47.065#28.36#54.31#17.33
-95.0009,47.065#28.36#54.19#17.45
-94.9391,47.065#28.36#54.08#17.56
-94.8773,47.065#28.36#53.96#17.68
-94.8155,47.065#28.36#53.84#17.8
-94.7537,47.0649#28.36#53.72#17.92
-94.6919,47.0648#28.36#53.6#18.04
-94.6301,47.0647#28.36#53.48#18.16
-94.5683,47.0646#28.36#53.36#18.28
-94.5065,47.0644#28.36#53.24#18.4
-94.4448,47.0643#28.36#53.12#18.52
-94.383,47.0641#28.36#52.99#18.65
-94.3212,47.0639#28.37#52.87#18.76
-94.2594,47.0637#28.37#52.74#18.89
-94.1976,47.0634#28.37#52.61#19.02
-94.1358,47.0632#28.37#52.49#19.14
-94.074,47.0629#28.37#52.36#19.27
-94.0122,47.0626#28.37#52.24#19.39
-93.9505,47.0623#28.37#52.12#19.51
-93.8887,47.0619#28.37#52#19.63
-93.8269,47.0616#28.37#51.89#19.74
-93.7651,47.0612#28.37#51.77#19.86
-93.7033,47.0608#28.37#51.65#19.98
-93.6415,47.0604#28.37#51.54#20.09
-93.5797,47.06#28.38#51.42#20.2
-93.518,47.0595#28.38#51.31#20.31
-93.4562,47.0591#28.38#51.19#20.43
-93.3944,47.0586#28.38#51.07#20.55
-93.3326,47.0581#28.38#50.95#20.67
-93.2708,47.0575#28.38#50.83#20.79
-93.2091,47.057#28.38#50.72#20.9
-93.1473,47.0564#28.38#50.6#21.02
-93.0855,47.0558#28.38#50.48#21.14
-93.0237,47.0552#28.39#50.36#21.25
-92.962,47.0546#28.39#50.26#21.35
-92.9002,47.054#28.39#50.15#21.46
-92.8384,47.0533#28.39#50.05#21.56
-92.7766,47.0526#28.39#49.95#21.66
-92.7149,47.0519#28.39#49.85#21.76
-92.6531,47.0512#28.4#49.75#21.85
-92.5913,47.0505#28.4#49.64#21.96
-92.5295,47.0497#28.4#49.54#22.06
-92.4678,47.0489#28.41#49.45#22.14
-92.406,47.0481#28.42#49.35#22.23
-92.3442,47.0473#28.43#49.26#22.31
-92.2825,47.0465#28.44#49.17#22.39
-92.2207,47.0456#28.45#49.08#22.47
-92.1589,47.0448#28.46#48.99#22.55
-92.0972,47.0439#28.47#48.9#22.63
-92.0354,47.043#28.48#48.81#22.71
-91.9737,47.042#28.49#48.74#22.77
-91.9119,47.0411#28.51#48.69#22.8
-91.8502,47.0401#28.53#48.65#22.82
-91.7884,47.0391#28.55#48.61#22.84
-91.7266,47.0381#28.58#48.57#22.85
-91.6649,47.0371#28.6#48.53#22.87
-91.6031,47.036#28.62#48.49#22.89
-91.5414,47.035#28.64#48.44#22.92
-91.4796,47.0339#28.66#48.41#22.93
-91.4179,47.0328#28.69#48.4#22.91
-91.3561,47.0317#28.72#48.39#22.89
-91.2944,47.0305#28.76#48.37#22.87
-91.2327,47.0294#28.79#48.36#22.85
-91.1709,47.0282#28.82#48.35#22.83
-91.1092,47.027#28.85#48.33#22.82
-91.0474,47.0258#28.88#48.32#22.8
-90.9857,47.0245#28.91#48.31#22.78
-90.924,47.0233#28.94#48.33#22.73
-90.8622,47.022#28.98#48.35#22.67
-90.8005,47.0207#29.01#48.37#22.62
-90.7388,47.0194#29.04#48.4#22.56
-90.677,47.0181#29.07#48.42#22.51
-90.6153,47.0167#29.11#48.44#22.45
-90.5536,47.0153#29.14#48.46#22.4
-90.4919,47.014#29.17#48.48#22.35
-90.4302,47.0125#29.19#48.52#22.29
-90.3684,47.0111#29.2#48.55#22.25
-90.3067,47.0097#29.22#48.59#22.19
-90.245,47.0082#29.23#48.63#22.14
-90.1833,47.0067#29.25#48.67#22.08
-90.1216,47.0052#29.26#48.71#22.03
-90.0599,47.0037#29.28#48.74#21.98
-89.9982,47.0021#29.29#48.78#21.93
-89.9365,47.0006#29.29#48.87#21.84
-89.8748,46.999#29.28#48.95#21.77
-89.8131,46.9974#29.27#49.04#21.69
-89.7514,46.9958#29.26#49.12#21.62
-89.6897,46.9941#29.25#49.21#21.54
-89.628,46.9925#29.24#49.29#21.47
-89.5663,46.9908#29.23#49.38#21.39
-89.5046,46.9891#29.22#49.46#21.32
-89.4429,46.9874#29.19#49.56#21.25
-89.3812,46.9857#29.16#49.65#21.19
-89.3195,46.9839#29.14#49.75#21.11
-89.2579,46.9821#29.11#49.85#21.04
-89.1962,46.9803#29.08#49.94#20.98
-89.1345,46.9785#29.05#50.04#20.91
-89.0728,46.9767#29.02#50.14#20.84
-89.0112,46.9748#28.99#50.24#20.77
-88.9495,46.973#28.95#50.31#20.74
-88.8878,46.9711#28.9#50.37#20.73
-88.8262,46.9692#28.85#50.44#20.71
-88.7645,46.9672#28.8#50.5#20.7
-88.7029,46.9653#28.76#50.57#20.67
-88.6412,46.9633#28.71#50.63#20.66
-88.5795,46.9614#28.66#50.7#20.64
-88.5179,46.9593#28.61#50.76#20.63
-88.4562,46.9573#28.56#50.81#20.63
-88.3946,46.9553#28.52#50.85#20.63
-88.333,46.9532#28.47#50.89#20.64
-88.2713,46.9511#28.42#50.93#20.65
-88.2097,46.949#28.38#50.97#20.65
-88.1481,46.9469#28.33#51.01#20.66
-88.0864,46.9448#28.29#51.04#20.67
-88.0248,46.9426#28.24#51.08#20.68
-87.9632,46.9405#28.21#51.08#20.71
-87.9015,46.9383#28.19#51.06#20.75
-87.8399,46.936#28.16#51.03#20.81
-87.7783,46.9338#28.14#51.01#20.85
-87.7167,46.9316#28.12#50.98#20.9
-87.6551,46.9293#28.1#50.96#20.94
-87.5935,46.927#28.08#50.93#20.99
-87.5319,46.9247#28.06#50.91#21.03
-87.4703,46.9224#28.04#50.85#21.11
-87.4087,46.92#28.03#50.76#21.21
-87.3471,46.9176#28.02#50.66#21.32
-87.2855,46.9152#28.02#50.57#21.41
-87.2239,46.9128#28.01#50.48#21.51
-87.1623,46.9104#28#50.38#21.62
-87.1007,46.908#27.99#50.29#21.72
-87.0392,46.9055#27.98#50.19#21.83
-86.9776,46.903#27.98#50.08#21.94
-86.916,46.9005#27.97#49.94#22.09
-104.013,46.9027#29.94#64.24#5.82000000000001
-103.951,46.9055#29.91#64.18#5.91
-103.89,46.9083#29.88#64.12#6
-103.828,46.911#29.86#64.06#6.08
-103.767,46.9137#29.83#64#6.17
-103.705,46.9165#29.81#63.94#6.25
-103.644,46.9191#29.79#63.88#6.33
-103.582,46.9218#29.76#63.83#6.41
-103.52,46.9245#29.74#63.77#6.48999999999999
-103.459,46.9271#29.72#63.7#6.58
-103.397,46.9297#29.69#63.64#6.67
-103.336,46.9323#29.66#63.58#6.76000000000001
-103.274,46.9349#29.64#63.51#6.84999999999999
-103.213,46.9375#29.61#63.45#6.94
-103.151,46.94#29.58#63.39#7.03
-103.089,46.9425#29.56#63.32#7.12
-103.028,46.945#29.53#63.26#7.21000000000001
-102.966,46.9475#29.5#63.2#7.3
-102.905,46.95#29.47#63.13#7.40000000000001
-102.843,46.9524#29.44#63.07#7.48999999999999
-102.781,46.9549#29.41#63#7.59
-102.72,46.9573#29.38#62.94#7.68000000000001
-102.658,46.9596#29.35#62.87#7.78
-102.596,46.962#29.32#62.81#7.87
-102.535,46.9644#29.29#62.75#7.96000000000001
-102.473,46.9667#29.25#62.68#8.06999999999999
-102.412,46.969#29.21#62.62#8.17
-102.35,46.9713#29.18#62.56#8.25999999999999
-102.288,46.9736#29.14#62.49#8.37
-102.227,46.9758#29.1#62.43#8.47
-102.165,46.9781#29.07#62.37#8.56
-102.103,46.9803#29.03#62.31#8.66
-102.042,46.9825#28.99#62.25#8.76000000000001
-101.98,46.9847#28.96#62.19#8.84999999999999
-101.918,46.9868#28.92#62.12#8.96000000000001
-101.857,46.9889#28.89#62.06#9.05
-101.795,46.9911#28.86#62#9.14
-101.733,46.9932#28.82#61.94#9.24000000000001
-101.672,46.9952#28.79#61.88#9.33
-101.61,46.9973#28.75#61.82#9.43000000000001
-101.548,46.9994#28.72#61.76#9.52000000000001
-101.487,47.0014#28.69#61.7#9.61
-101.425,47.0034#28.67#61.64#9.69
-101.363,47.0054#28.65#61.59#9.75999999999999
-101.302,47.0073#28.63#61.54#9.83
-101.24,47.0093#28.61#61.48#9.91
-101.178,47.0112#28.59#61.43#9.98
-101.117,47.0131#28.57#61.38#10.05
-101.055,47.015#28.55#61.33#10.12
-100.993,47.0169#28.54#61.28#10.18
-100.932,47.0187#28.53#61.26#10.21
-100.87,47.0206#28.52#61.24#10.24
-100.808,47.0224#28.51#61.22#10.27
-100.746,47.0242#28.5#61.2#10.3
-100.685,47.0259#28.49#61.18#10.33
-100.623,47.0277#28.48#61.16#10.36
-100.561,47.0294#28.47#61.14#10.39
-100.5,47.0311#28.46#61.12#10.42
-100.438,47.0328#28.46#61.05#10.49
-100.376,47.0345#28.45#60.97#10.58
-100.314,47.0362#28.45#60.9#10.65
-100.253,47.0378#28.44#60.83#10.73
-100.191,47.0394#28.43#60.76#10.81
-100.129,47.041#28.43#60.69#10.88
-100.068,47.0426#28.42#60.62#10.96
-100.006,47.0442#28.42#60.55#11.03
-99.9441,47.0457#28.41#60.59#11
-99.8823,47.0473#28.41#60.64#10.95
-99.8206,47.0488#28.41#60.69#10.9
-99.7589,47.0503#28.4#60.74#10.86
-99.6971,47.0517#28.4#60.78#10.82
-99.6354,47.0532#28.4#60.83#10.77
-99.5736,47.0546#28.39#60.87#10.74
-99.5119,47.056#28.39#60.92#10.69
-99.4501,47.0574#28.39#60.87#10.74
-99.3884,47.0588#28.39#60.8#10.81
-99.3266,47.0601#28.38#60.73#10.89
-99.2649,47.0615#28.38#60.66#10.96
-99.2031,47.0628#28.38#60.59#11.03
-99.1414,47.0641#28.38#60.53#11.09
-99.0796,47.0653#28.37#60.46#11.17
-99.0178,47.0666#28.37#60.39#11.24
-98.9561,47.0678#28.37#60.32#11.31
-98.8943,47.0691#28.37#60.24#11.39
-98.8325,47.0703#28.37#60.17#11.46
-98.7708,47.0714#28.37#60.1#11.53
-98.709,47.0726#28.36#60.02#11.62
-98.6472,47.0737#28.36#59.95#11.69
-98.5854,47.0749#28.36#59.88#11.76
-98.5237,47.076#28.36#59.81#11.83
-98.4619,47.077#28.36#59.71#11.93
-98.4001,47.0781#28.36#59.61#12.03
-98.3383,47.0792#28.36#59.5#12.14
-98.2766,47.0802#28.36#59.4#12.24
-98.2148,47.0812#28.36#59.29#12.35
-98.153,47.0822#28.35#59.19#12.46
-98.0912,47.0832#28.35#59.08#12.57
-98.0294,47.0841#28.35#58.98#12.67
-97.9676,47.085#28.35#58.88#12.77
-97.9058,47.0859#28.35#58.79#12.86
-97.8441,47.0868#28.35#58.7#12.95
-97.7823,47.0877#28.35#58.61#13.04
-97.7205,47.0886#28.35#58.51#13.14
-97.6587,47.0894#28.35#58.42#13.23
-97.5969,47.0902#28.35#58.33#13.32
-97.5351,47.091#28.35#58.24#13.41
-97.4733,47.0918#28.35#58.15#13.5
-97.4115,47.0925#28.35#58.05#13.6
-97.3497,47.0933#28.35#57.95#13.7
-97.2879,47.094#28.35#57.85#13.8
-97.2261,47.0947#28.35#57.75#13.9
-97.1643,47.0954#28.35#57.65#14
-97.1025,47.096#28.35#57.55#14.1
-97.0407,47.0967#28.35#57.46#14.19
-96.9789,47.0973#28.35#57.36#14.29
-96.9171,47.0979#28.35#57.27#14.38
-96.8553,47.0985#28.35#57.17#14.48
-96.7935,47.0991#28.35#57.08#14.57
-96.7317,47.0996#28.35#56.99#14.66
-96.6698,47.1001#28.35#56.89#14.76
-96.608,47.1007#28.35#56.8#14.85
-96.5462,47.1011#28.35#56.71#14.94
-96.4844,47.1016#28.35#56.61#15.04
-96.4226,47.1021#28.35#56.52#15.13
-96.3608,47.1025#28.35#56.42#15.23
-96.299,47.1029#28.35#56.32#15.33
-96.2372,47.1033#28.35#56.23#15.42
-96.1754,47.1037#28.35#56.13#15.52
-96.1135,47.104#28.35#56.04#15.61
-96.0517,47.1044#28.35#55.94#15.71
-95.9899,47.1047#28.35#55.84#15.81
-95.9281,47.105#28.35#55.73#15.92
-95.8663,47.1053#28.35#55.62#16.03
-95.8045,47.1055#28.35#55.52#16.13
-95.7427,47.1058#28.35#55.41#16.24
-95.6808,47.106#28.35#55.3#16.35
-95.619,47.1062#28.35#55.19#16.46
-95.5572,47.1064#28.36#55.08#16.56
-95.4954,47.1065#28.36#54.97#16.67
-95.4336,47.1067#28.36#54.86#16.78
-95.3718,47.1068#28.36#54.74#16.9
-95.3099,47.1069#28.36#54.62#17.02
-95.2481,47.107#28.36#54.51#17.13
-95.1863,47.1071#28.36#54.39#17.25
-95.1245,47.1071#28.36#54.27#17.37
-95.0627,47.1071#28.36#54.16#17.48
-95.0009,47.1071#28.36#54.04#17.6
-94.939,47.1071#28.36#53.92#17.72
-94.8772,47.1071#28.36#53.8#17.84
-94.8154,47.1071#28.36#53.68#17.96
-94.7536,47.107#28.36#53.57#18.07
-94.6918,47.1069#28.36#53.45#18.19
-94.6299,47.1068#28.36#53.33#18.31
-94.5681,47.1067#28.36#53.21#18.43
-94.5063,47.1065#28.36#53.09#18.55
-94.4445,47.1064#28.37#52.97#18.66
-94.3827,47.1062#28.37#52.84#18.79
-94.3209,47.106#28.37#52.72#18.91
-94.259,47.1058#28.37#52.59#19.04
-94.1972,47.1055#28.37#52.46#19.17
-94.1354,47.1053#28.37#52.34#19.29
-94.0736,47.105#28.37#52.21#19.42
-94.0118,47.1047#28.37#52.09#19.54
-93.95,47.1044#28.37#51.97#19.66
-93.8882,47.104#28.37#51.85#19.78
-93.8263,47.1037#28.37#51.74#19.89
-93.7645,47.1033#28.37#51.62#20.01
-93.7027,47.1029#28.38#51.5#20.12
-93.6409,47.1025#28.38#51.39#20.23
-93.5791,47.1021#28.38#51.27#20.35
-93.5173,47.1016#28.38#51.16#20.46
-93.4555,47.1012#28.38#51.04#20.58
-93.3937,47.1007#28.38#50.92#20.7
-93.3319,47.1002#28.38#50.8#20.82
-93.2701,47.0996#28.38#50.68#20.94
-93.2082,47.0991#28.38#50.56#21.06
-93.1464,47.0985#28.38#50.44#21.18
-93.0846,47.0979#28.39#50.32#21.29
-93.0228,47.0973#28.39#50.21#21.4
-92.961,47.0967#28.39#50.1#21.51
-92.8992,47.0961#28.39#49.99#21.62
-92.8374,47.0954#28.39#49.89#21.72
-92.7756,47.0947#28.39#49.79#21.82
-92.7138,47.094#28.4#49.68#21.92
-92.652,47.0933#28.4#49.58#22.02
-92.5902,47.0926#28.4#49.47#22.13
-92.5284,47.0918#28.4#49.37#22.23
-92.4666,47.091#28.41#49.27#22.32
-92.4048,47.0902#28.41#49.18#22.41
-92.343,47.0894#28.42#49.09#22.49
-92.2812,47.0886#28.43#49#22.57
-92.2194,47.0877#28.44#48.9#22.66
-92.1577,47.0869#28.45#48.81#22.74
-92.0959,47.086#28.46#48.72#22.82
-92.0341,47.0851#28.46#48.63#22.91
-91.9723,47.0841#28.48#48.56#22.96
-91.9105,47.0832#28.5#48.51#22.99
-91.8487,47.0822#28.52#48.47#23.01
-91.7869,47.0812#28.54#48.43#23.03
-91.7252,47.0802#28.56#48.39#23.05
-91.6634,47.0792#28.58#48.34#23.08
-91.6016,47.0781#28.6#48.3#23.1
-91.5398,47.0771#28.63#48.26#23.11
-91.478,47.076#28.65#48.23#23.12
-91.4163,47.0749#28.68#48.22#23.1
-91.3545,47.0738#28.71#48.21#23.08
-91.2927,47.0726#28.74#48.19#23.07
-91.2309,47.0715#28.77#48.18#23.05
-91.1692,47.0703#28.79#48.17#23.04
-91.1074,47.0691#28.82#48.16#23.02
-91.0456,47.0679#28.85#48.15#23
-90.9839,47.0666#28.88#48.14#22.98
-90.9221,47.0654#28.92#48.16#22.92
-90.8604,47.0641#28.95#48.18#22.87
-90.7986,47.0628#28.99#48.2#22.81
-90.7368,47.0615#29.02#48.22#22.76
-90.6751,47.0602#29.06#48.24#22.7
-90.6133,47.0588#29.09#48.26#22.65
-90.5516,47.0574#29.12#48.28#22.6
-90.4898,47.056#29.15#48.3#22.55
-90.4281,47.0546#29.17#48.34#22.49
-90.3663,47.0532#29.19#48.38#22.43
-90.3046,47.0518#29.21#48.41#22.38
-90.2428,47.0503#29.22#48.45#22.33
-90.1811,47.0488#29.24#48.49#22.27
-90.1194,47.0473#29.26#48.52#22.22
-90.0576,47.0458#29.27#48.56#22.17
-89.9959,47.0442#29.29#48.6#22.11
-89.9342,47.0427#29.28#48.68#22.04
-89.8724,47.0411#29.28#48.76#21.96
-89.8107,47.0395#29.27#48.85#21.88
-89.749,47.0379#29.26#48.93#21.81
-89.6872,47.0362#29.26#49.01#21.73
-89.6255,47.0346#29.25#49.09#21.66
-89.5638,47.0329#29.24#49.18#21.58
-89.5021,47.0312#29.24#49.26#21.5
-89.4404,47.0295#29.21#49.35#21.44
-89.3787,47.0277#29.18#49.45#21.37
-89.317,47.026#29.15#49.54#21.31
-89.2552,47.0242#29.12#49.64#21.24
-89.1935,47.0224#29.1#49.73#21.17
-89.1318,47.0206#29.07#49.83#21.1
-89.0701,47.0188#29.04#49.92#21.04
-89.0084,47.0169#29.01#50.02#20.97
-88.9467,47.0151#28.97#50.09#20.94
-88.885,47.0132#28.92#50.15#20.93
-88.8234,47.0113#28.88#50.21#20.91
-88.7617,47.0093#28.83#50.27#20.9
-88.7,47.0074#28.79#50.34#20.87
-88.6383,47.0054#28.74#50.4#20.86
-88.5766,47.0034#28.69#50.46#20.85
-88.5149,47.0014#28.65#50.53#20.82
-88.4533,46.9994#28.6#50.57#20.83
-88.3916,46.9974#28.55#50.61#20.84
-88.3299,46.9953#28.5#50.65#20.85
-88.2683,46.9932#28.46#50.69#20.85
-88.2066,46.9911#28.41#50.73#20.86
-88.1449,46.989#28.36#50.77#20.87
-88.0833,46.9869#28.31#50.81#20.88
-88.0216,46.9847#28.26#50.85#20.89
-87.96,46.9825#28.23#50.84#20.93
-87.8983,46.9803#28.21#50.82#20.97
-87.8367,46.9781#28.18#50.79#21.03
-87.775,46.9759#28.16#50.77#21.07
-87.7134,46.9736#28.13#50.74#21.13
-87.6517,46.9714#28.11#50.71#21.18
-87.5901,46.9691#28.09#50.69#21.22
-87.5285,46.9668#28.06#50.66#21.28
-87.4669,46.9644#28.05#50.6#21.35
-87.4052,46.9621#28.04#50.51#21.45
-87.3436,46.9597#28.03#50.42#21.55
-87.282,46.9573#28.02#50.33#21.65
-87.2204,46.9549#28.01#50.24#21.75
-87.1588,46.9525#28#50.15#21.85
-87.0971,46.9501#28#50.06#21.94
-87.0355,46.9476#27.99#49.97#22.04
-86.9739,46.9451#27.98#49.86#22.16
-86.9123,46.9426#27.98#49.72#22.3
-86.8507,46.9401#27.97#49.59#22.44
-86.7891,46.9375#27.97#49.45#22.58
-86.7276,46.935#27.97#49.31#22.72
-86.666,46.9324#27.96#49.17#22.87
-86.6044,46.9298#27.96#49.03#23.01
-86.5428,46.9272#27.96#48.9#23.14
-86.4812,46.9246#27.95#48.76#23.29
-86.4197,46.9219#27.95#48.62#23.43
-86.3581,46.9192#27.95#48.48#23.57
-86.2965,46.9165#27.95#48.35#23.7
-86.235,46.9138#27.95#48.21#23.84
-86.1734,46.9111#27.95#48.08#23.97
-86.1119,46.9083#27.94#47.94#24.12
-86.0503,46.9056#27.94#47.8#24.26
-85.9888,46.9028#27.94#47.67#24.39
-85.9272,46.9#27.94#47.54#24.52
-104.94,46.9006#30.53#64.78#4.69
-104.879,46.9037#30.5#64.73#4.77
-104.817,46.9067#30.47#64.69#4.84
-104.756,46.9098#30.43#64.64#4.93000000000001
-104.694,46.9128#30.4#64.6#5
-104.633,46.9158#30.37#64.56#5.06999999999999
-104.571,46.9188#30.34#64.51#5.14999999999999
-104.51,46.9217#30.31#64.47#5.22
-104.448,46.9247#30.26#64.42#5.31999999999999
-104.386,46.9276#30.21#64.37#5.41999999999999
-104.325,46.9305#30.16#64.32#5.52000000000001
-104.263,46.9334#30.11#64.28#5.61
-104.202,46.9363#30.06#64.23#5.70999999999999
-104.14,46.9391#30.01#64.18#5.80999999999999
-104.079,46.9419#29.96#64.13#5.91
-104.017,46.9448#29.91#64.08#6.01000000000001
-103.955,46.9475#29.88#64.03#6.09
-103.894,46.9503#29.86#63.97#6.17
-103.832,46.9531#29.84#63.91#6.25
-103.771,46.9558#29.82#63.85#6.33
-103.709,46.9585#29.8#63.79#6.41
-103.648,46.9612#29.78#63.73#6.49000000000001
-103.586,46.9639#29.76#63.67#6.56999999999999
-103.524,46.9665#29.74#63.62#6.64
-103.463,46.9692#29.72#63.56#6.72
-103.401,46.9718#29.69#63.49#6.81999999999999
-103.34,46.9744#29.67#63.43#6.90000000000001
-103.278,46.977#29.64#63.37#6.99000000000001
-103.216,46.9795#29.62#63.3#7.08
-103.155,46.9821#29.59#63.24#7.17
-103.093,46.9846#29.57#63.18#7.25
-103.031,46.9871#29.55#63.12#7.33
-102.97,46.9896#29.52#63.05#7.43000000000001
-102.908,46.992#29.49#62.99#7.52
-102.847,46.9945#29.46#62.93#7.61
-102.785,46.9969#29.43#62.86#7.71000000000001
-102.723,46.9993#29.4#62.8#7.80000000000001
-102.662,47.0017#29.37#62.74#7.89
-102.6,47.0041#29.34#62.67#7.98999999999999
-102.538,47.0064#29.31#62.61#8.08
-102.477,47.0088#29.27#62.55#8.18000000000001
-102.415,47.0111#29.24#62.49#8.27
-102.353,47.0134#29.2#62.43#8.37
-102.292,47.0156#29.16#62.37#8.47
-102.23,47.0179#29.13#62.3#8.57000000000001
-102.168,47.0201#29.09#62.24#8.67
-102.107,47.0223#29.06#62.18#8.76000000000001
-102.045,47.0245#29.02#62.12#8.86
-101.983,47.0267#28.99#62.06#8.95
-101.922,47.0289#28.95#62#9.05
