-96.1989,48.9002#28.43#48.51#23.06
-96.1358,48.9006#28.43#48.41#23.16
-96.0728,48.9009#28.43#48.31#23.26
-96.0097,48.9012#28.43#48.22#23.35
-95.9467,48.9015#28.43#48.11#23.46
-95.8836,48.9018#28.43#48#23.57
-95.8206,48.9021#28.43#47.89#23.68
-95.7575,48.9023#28.43#47.79#23.78
-95.6945,48.9025#28.43#47.68#23.89
-95.6314,48.9027#28.44#47.57#23.99
-95.5684,48.9029#28.44#47.47#24.09
-95.5053,48.9031#28.44#47.36#24.2
-95.4423,48.9032#28.44#47.24#24.32
-95.3792,48.9033#28.44#47.13#24.43
-95.3161,48.9035#28.44#47.02#24.54
-95.2531,48.9035#28.44#46.9#24.66
-95.19,48.9036#28.44#46.79#24.77
-95.127,48.9037#28.44#46.68#24.88
-95.0639,48.9037#28.44#46.56#25
-95.0009,48.9037#28.44#46.45#25.11
-94.9378,48.9037#28.44#46.34#25.22
-94.8748,48.9037#28.44#46.22#25.34
-94.8117,48.9036#28.44#46.11#25.45
-94.7487,48.9035#28.44#46#25.56
-94.6856,48.9035#28.44#45.88#25.68
-94.6225,48.9034#28.44#45.77#25.79
-94.5595,48.9032#28.44#45.66#25.9
-94.4964,48.9031#28.44#45.55#26.01
-94.4334,48.9029#28.44#45.43#26.13
-94.3703,48.9027#28.44#45.31#26.25
-94.3073,48.9025#28.44#45.19#26.37
-94.2442,48.9023#28.44#45.08#26.48
-94.1812,48.9021#28.44#44.96#26.6
-94.1181,48.9018#28.44#44.84#26.72
-94.0551,48.9015#28.44#44.73#26.83
-93.992,48.9012#28.44#44.61#26.95
-93.929,48.9009#28.44#44.48#27.08
-93.8659,48.9006#28.44#44.36#27.2
-93.8029,48.9002#28.44#44.23#27.33
-99.2891,48.9006#28.59#51.53#19.88
-99.2261,48.9019#28.58#51.51#19.91
-99.1631,48.9031#28.56#51.48#19.96
-99.1001,48.9044#28.55#51.45#20
-99.037,48.9057#28.53#51.43#20.04
-98.974,48.9069#28.52#51.4#20.08
-98.911,48.9081#28.52#51.35#20.13
-98.848,48.9093#28.51#51.31#20.18
-98.7849,48.9104#28.5#51.27#20.23
-98.7219,48.9116#28.5#51.23#20.27
-98.6588,48.9127#28.49#51.18#20.33
-98.5958,48.9138#28.48#51.14#20.38
-98.5328,48.9149#28.48#51.1#20.42
-98.4697,48.916#28.47#51.05#20.48
-98.4067,48.917#28.47#51#20.53
-98.3436,48.9181#28.47#50.95#20.58
-98.2806,48.9191#28.46#50.9#20.64
-98.2175,48.9201#28.46#50.85#20.69
-98.1545,48.921#28.46#50.79#20.75
-98.0914,48.922#28.45#50.74#20.81
-98.0284,48.9229#28.45#50.69#20.86
-97.9653,48.9238#28.45#50.63#20.92
-97.9023,48.9247#28.45#50.56#20.99
-97.8392,48.9256#28.45#50.49#21.06
-97.7762,48.9265#28.44#50.42#21.14
-97.7131,48.9273#28.44#50.34#21.22
-97.6501,48.9281#28.44#50.27#21.29
-97.587,48.9289#28.44#50.2#21.36
-97.5239,48.9297#28.44#50.13#21.43
-97.4609,48.9305#28.44#50.06#21.5
-97.3978,48.9312#28.44#49.98#21.58
-97.3347,48.9319#28.44#49.91#21.65
-97.2717,48.9327#28.44#49.83#21.73
-97.2086,48.9333#28.44#49.76#21.8
-97.1455,48.934#28.44#49.69#21.87
-97.0825,48.9346#28.44#49.61#21.95
-97.0194,48.9353#28.44#49.54#22.02
-96.9563,48.9359#28.44#49.45#22.11
-96.8933,48.9365#28.44#49.36#22.2
-96.8302,48.937#28.44#49.26#22.3
-96.7671,48.9376#28.44#49.17#22.39
-96.704,48.9381#28.44#49.08#22.48
-96.641,48.9386#28.44#48.98#22.58
-96.5779,48.9391#28.44#48.89#22.67
-96.5148,48.9396#28.43#48.8#22.77
-96.4517,48.94#28.44#48.7#22.86
-96.3887,48.9405#28.44#48.6#22.96
-96.3256,48.9409#28.44#48.5#23.06
-96.2625,48.9413#28.44#48.4#23.16
-96.1994,48.9417#28.44#48.3#23.26
-96.1364,48.942#28.44#48.21#23.35
-96.0733,48.9424#28.44#48.11#23.45
-96.0102,48.9427#28.44#48.01#23.55
-95.9471,48.943#28.44#47.9#23.66
-95.884,48.9433#28.44#47.8#23.76
-95.821,48.9435#28.44#47.69#23.87
-95.7579,48.9438#28.44#47.58#23.98
-95.6948,48.944#28.44#47.48#24.08
-95.6317,48.9442#28.44#47.37#24.19
-95.5686,48.9444#28.44#47.27#24.29
-95.5055,48.9445#28.44#47.16#24.4
-95.4425,48.9447#28.44#47.05#24.51
-95.3794,48.9448#28.44#46.93#24.63
-95.3163,48.9449#28.44#46.82#24.74
-95.2532,48.945#28.44#46.71#24.85
-95.1901,48.9451#28.44#46.6#24.96
-95.127,48.9451#28.44#46.48#25.08
-95.064,48.9451#28.44#46.37#25.19
-95.0009,48.9452#28.44#46.26#25.3
-94.9378,48.9451#28.44#46.14#25.42
-94.8747,48.9451#28.44#46.03#25.53
-94.8116,48.9451#28.44#45.92#25.64
-94.7485,48.945#28.44#45.81#25.75
-94.6855,48.9449#28.44#45.69#25.87
-94.6224,48.9448#28.44#45.58#25.98
-94.5593,48.9447#28.44#45.47#26.09
-94.4962,48.9445#28.44#45.36#26.2
-94.4331,48.9444#28.44#45.24#26.32
-94.37,48.9442#28.44#45.12#26.44
-94.307,48.944#28.44#45.01#26.55
-94.2439,48.9438#28.44#44.89#26.67
-94.1808,48.9435#28.44#44.78#26.78
-94.1177,48.9433#28.44#44.66#26.9
-94.0546,48.943#28.44#44.55#27.01
-93.9915,48.9427#28.44#44.43#27.13
-93.9285,48.9424#28.44#44.3#27.26
-93.8654,48.942#28.44#44.18#27.38
-93.8023,48.9417#28.44#44.05#27.51
-93.7392,48.9413#28.44#43.93#27.63
-93.6762,48.9409#28.44#43.8#27.76
-93.6131,48.9405#28.44#43.68#27.88
-93.55,48.9401#28.44#43.55#28.01
-93.4869,48.9396#28.44#43.43#28.13
-93.4238,48.9391#28.45#43.31#28.24
-93.3608,48.9386#28.45#43.2#28.35
-93.2977,48.9381#28.45#43.09#28.46
-93.2346,48.9376#28.45#42.97#28.58
-93.1716,48.9371#28.45#42.86#28.69
-93.1085,48.9365#28.45#42.74#28.81
-93.0454,48.9359#28.45#42.63#28.92
-92.9823,48.9353#28.45#42.52#29.03
-92.9193,48.9347#28.45#42.41#29.14
-92.8562,48.934#28.45#42.31#29.24
-92.7931,48.9334#28.45#42.2#29.35
-92.7301,48.9327#28.45#42.09#29.46
-92.667,48.932#28.45#41.99#29.56
-92.6039,48.9312#28.45#41.88#29.67
-92.5409,48.9305#28.45#41.77#29.78
-92.4778,48.9297#28.45#41.68#29.87
-92.4147,48.929#28.45#41.6#29.95
-92.3517,48.9282#28.45#41.51#30.04
-92.2886,48.9273#28.45#41.43#30.12
-92.2256,48.9265#28.45#41.35#30.2
-92.1625,48.9256#28.45#41.27#30.28
-92.0995,48.9248#28.45#41.19#30.36
-92.0364,48.9239#28.45#41.11#30.44
-91.9733,48.923#28.45#41.04#30.51
-91.9103,48.922#28.45#40.98#30.57
-91.8472,48.9211#28.45#40.92#30.63
-91.7842,48.9201#28.45#40.86#30.69
-91.7212,48.9191#28.45#40.79#30.76
-91.6581,48.9181#28.45#40.73#30.82
-91.5951,48.9171#28.45#40.67#30.88
-91.532,48.916#28.45#40.61#30.94
-91.469,48.9149#28.45#40.56#30.99
-91.4059,48.9139#28.45#40.53#31.02
-91.3429,48.9127#28.45#40.5#31.05
-91.2799,48.9116#28.45#40.46#31.09
-91.2168,48.9105#28.45#40.43#31.12
-91.1538,48.9093#28.44#40.4#31.16
-91.0908,48.9081#28.44#40.37#31.19
-91.0277,48.9069#28.44#40.34#31.22
-90.9647,48.9057#28.45#40.32#31.23
-90.9017,48.9044#28.45#40.33#31.22
-90.8386,48.9032#28.45#40.33#31.22
-90.7756,48.9019#28.45#40.33#31.22
-90.7126,48.9006#28.45#40.33#31.22
-100.93,48.9014#29.36#52.03#18.61
-100.867,48.9032#29.33#52#18.67
-100.804,48.905#29.31#51.96#18.73
-100.741,48.9067#29.28#51.93#18.79
-100.678,48.9085#29.26#51.9#18.84
-100.615,48.9102#29.23#51.87#18.9
-100.552,48.9119#29.21#51.84#18.95
-100.489,48.9136#29.18#51.8#19.02
-100.426,48.9153#29.14#51.78#19.08
-100.363,48.9169#29.11#51.75#19.14
-100.3,48.9186#29.07#51.72#19.21
-100.237,48.9202#29.04#51.69#19.27
-100.174,48.9218#29#51.66#19.34
-100.111,48.9233#28.97#51.63#19.4
-100.048,48.9249#28.93#51.6#19.47
-99.9846,48.9264#28.9#51.58#19.52
-99.9215,48.9279#28.87#51.55#19.58
-99.8585,48.9294#28.84#51.53#19.63
-99.7955,48.9309#28.81#51.51#19.68
-99.7324,48.9323#28.77#51.49#19.74
-99.6694,48.9338#28.74#51.47#19.79
-99.6064,48.9352#28.71#51.45#19.84
-99.5433,48.9366#28.68#51.43#19.89
-99.4803,48.938#28.65#51.41#19.94
-99.4172,48.9393#28.64#51.38#19.98
-99.3542,48.9407#28.62#51.36#20.02
-99.2911,48.942#28.61#51.33#20.06
-99.2281,48.9433#28.59#51.3#20.11
-99.165,48.9446#28.57#51.28#20.15
-99.102,48.9458#28.56#51.25#20.19
-99.0389,48.9471#28.54#51.23#20.23
-98.9759,48.9483#28.53#51.2#20.27
-98.9128,48.9495#28.52#51.15#20.33
-98.8497,48.9507#28.52#51.11#20.37
-98.7867,48.9519#28.51#51.07#20.42
-98.7236,48.953#28.5#51.03#20.47
-98.6606,48.9541#28.5#50.99#20.51
-98.5975,48.9553#28.49#50.94#20.57
-98.5344,48.9563#28.48#50.9#20.62
-98.4713,48.9574#28.48#50.86#20.66
-98.4083,48.9585#28.47#50.8#20.73
-98.3452,48.9595#28.47#50.75#20.78
-98.2821,48.9605#28.47#50.7#20.83
-98.219,48.9615#28.46#50.65#20.89
-98.156,48.9625#28.46#50.59#20.95
-98.0929,48.9634#28.46#50.54#21
-98.0298,48.9644#28.45#50.49#21.06
-97.9667,48.9653#28.45#50.43#21.12
-97.9036,48.9662#28.45#50.36#21.19
-97.8406,48.9671#28.45#50.28#21.27
-97.7775,48.9679#28.45#50.21#21.34
-97.7144,48.9688#28.45#50.14#21.41
-97.6513,48.9696#28.44#50.07#21.49
-97.5882,48.9704#28.44#50#21.56
-97.5251,48.9712#28.44#49.93#21.63
-97.462,48.9719#28.44#49.86#21.7
-97.3989,48.9727#28.44#49.78#21.78
-97.3358,48.9734#28.44#49.71#21.85
-97.2727,48.9741#28.44#49.63#21.93
-97.2096,48.9748#28.44#49.55#22.01
-97.1465,48.9754#28.44#49.48#22.08
-97.0834,48.9761#28.44#49.4#22.16
-97.0203,48.9767#28.44#49.33#22.23
-96.9572,48.9773#28.44#49.24#22.32
-96.8941,48.9779#28.44#49.15#22.41
-96.831,48.9785#28.44#49.05#22.51
-96.7679,48.979#28.44#48.96#22.6
-96.7048,48.9796#28.44#48.86#22.7
-96.6417,48.9801#28.44#48.77#22.79
-96.5786,48.9806#28.44#48.68#22.88
-96.5155,48.981#28.44#48.58#22.98
-96.4524,48.9815#28.44#48.49#23.07
-96.3893,48.9819#28.44#48.39#23.17
-96.3262,48.9823#28.44#48.29#23.27
-96.2631,48.9827#28.44#48.19#23.37
-96.2,48.9831#28.44#48.1#23.46
-96.1369,48.9835#28.44#48#23.56
-96.0738,48.9838#28.44#47.9#23.66
-96.0107,48.9841#28.44#47.81#23.75
-95.9476,48.9844#28.44#47.7#23.86
-95.8844,48.9847#28.44#47.6#23.96
-95.8213,48.985#28.44#47.49#24.07
-95.7582,48.9852#28.44#47.38#24.18
-95.6951,48.9854#28.44#47.28#24.28
-95.632,48.9856#28.44#47.17#24.39
-95.5689,48.9858#28.44#47.07#24.49
-95.5058,48.986#28.44#46.96#24.6
-95.4427,48.9861#28.44#46.85#24.71
-95.3796,48.9862#28.44#46.74#24.82
-95.3164,48.9864#28.44#46.63#24.93
-95.2533,48.9864#28.44#46.51#25.05
-95.1902,48.9865#28.44#46.4#25.16
-95.1271,48.9866#28.44#46.29#25.27
-95.064,48.9866#28.44#46.18#25.38
-95.0009,48.9866#28.44#46.07#25.49
-94.9378,48.9866#28.44#45.95#25.61
-94.8746,48.9866#28.44#45.84#25.72
-94.8115,48.9865#28.44#45.73#25.83
-94.7484,48.9864#28.44#45.62#25.94
-94.6853,48.9864#28.44#45.5#26.06
-94.6222,48.9862#28.44#45.39#26.17
-94.5591,48.9861#28.44#45.28#26.28
-94.496,48.986#28.44#45.17#26.39
-94.4329,48.9858#28.44#45.05#26.51
-94.3697,48.9856#28.44#44.94#26.62
-94.3066,48.9854#28.44#44.82#26.74
-94.2435,48.9852#28.44#44.71#26.85
-94.1804,48.985#28.44#44.59#26.97
-94.1173,48.9847#28.44#44.48#27.08
-94.0542,48.9844#28.44#44.37#27.19
-93.9911,48.9841#28.44#44.25#27.31
-93.928,48.9838#28.44#44.12#27.44
-93.8649,48.9835#28.44#44#27.56
-93.8018,48.9831#28.44#43.87#27.69
-93.7386,48.9827#28.45#43.74#27.81
-93.6755,48.9823#28.45#43.62#27.93
-93.6124,48.9819#28.45#43.49#28.06
-93.5493,48.9815#28.45#43.37#28.18
-93.4862,48.981#28.45#43.24#28.31
-93.4231,48.9806#28.45#43.13#28.42
-93.36,48.9801#28.45#43.02#28.53
-93.2969,48.9796#28.45#42.9#28.65
-93.2338,48.979#28.45#42.79#28.76
-93.1707,48.9785#28.45#42.67#28.88
-93.1076,48.9779#28.45#42.56#28.99
-93.0445,48.9773#28.45#42.45#29.1
-92.9814,48.9767#28.45#42.34#29.21
-92.9183,48.9761#28.45#42.23#29.32
-92.8552,48.9755#28.45#42.12#29.43
-92.7921,48.9748#28.45#42.02#29.53
-92.729,48.9741#28.45#41.91#29.64
-92.6659,48.9734#28.45#41.8#29.75
-92.6028,48.9727#28.45#41.7#29.85
-92.5397,48.9719#28.45#41.59#29.96
-92.4766,48.9712#28.45#41.5#30.05
-92.4135,48.9704#28.45#41.42#30.13
-92.3505,48.9696#28.45#41.34#30.21
-92.2874,48.9688#28.45#41.26#30.29
-92.2243,48.9679#28.45#41.18#30.37
-92.1612,48.9671#28.45#41.1#30.45
-92.0981,48.9662#28.45#41.02#30.53
-92.035,48.9653#28.45#40.94#30.61
-91.9719,48.9644#28.45#40.87#30.68
-91.9089,48.9635#28.45#40.81#30.74
-91.8458,48.9625#28.45#40.75#30.8
-91.7827,48.9615#28.45#40.69#30.86
-91.7196,48.9605#28.45#40.64#30.91
-91.6565,48.9595#28.45#40.58#30.97
-91.5935,48.9585#28.45#40.52#31.03
-91.5304,48.9574#28.45#40.46#31.09
-91.4673,48.9564#28.45#40.41#31.14
-91.4043,48.9553#28.45#40.38#31.17
-91.3412,48.9542#28.45#40.35#31.2
-91.2781,48.9531#28.45#40.32#31.23
-91.2151,48.9519#28.45#40.29#31.26
-91.152,48.9507#28.45#40.26#31.29
-91.0889,48.9496#28.45#40.23#31.32
-91.0259,48.9483#28.44#40.2#31.36
-90.9628,48.9471#28.45#40.19#31.36
-90.8998,48.9459#28.45#40.19#31.36
-90.8367,48.9446#28.45#40.19#31.36
-90.7737,48.9433#28.45#40.2#31.35
-90.7106,48.942#28.45#40.2#31.35
-90.6476,48.9407#28.45#40.2#31.35
-90.5845,48.9394#28.45#40.2#31.35
-90.5215,48.938#28.45#40.21#31.34
-90.4584,48.9366#28.46#40.23#31.31
-90.3954,48.9352#28.47#40.27#31.26
-90.3323,48.9338#28.48#40.31#31.21
-90.2693,48.9324#28.49#40.34#31.17
-90.2063,48.9309#28.51#40.38#31.11
-90.1432,48.9295#28.52#40.42#31.06
-90.0802,48.928#28.53#40.45#31.02
-90.0172,48.9265#28.54#40.49#30.97
-89.9541,48.9249#28.56#40.54#30.9
-89.8911,48.9234#28.58#40.6#30.82
-89.8281,48.9218#28.6#40.66#30.74
-89.7651,48.9202#28.62#40.72#30.66
-89.7021,48.9186#28.64#40.78#30.58
-89.639,48.917#28.66#40.84#30.5
-89.576,48.9153#28.68#40.89#30.43
-89.513,48.9137#28.71#40.95#30.34
-89.45,48.912#28.74#41.01#30.25
-89.387,48.9103#28.77#41.07#30.16
-89.324,48.9085#28.8#41.12#30.08
-89.261,48.9068#28.83#41.18#29.99
-89.198,48.905#28.87#41.24#29.89
-89.135,48.9032#28.9#41.3#29.8
-89.072,48.9014#28.93#41.35#29.72
-102.255,48.9005#29.17#52.72#18.11
-102.192,48.9027#29.21#52.67#18.12
-102.129,48.9049#29.26#52.62#18.12
-102.066,48.9071#29.31#52.56#18.13
-102.003,48.9092#29.35#52.51#18.14
-101.94,48.9113#29.37#52.46#18.17
-101.878,48.9135#29.39#52.41#18.2
-101.815,48.9155#29.4#52.37#18.23
-101.752,48.9176#29.42#52.32#18.26
-101.689,48.9197#29.43#52.28#18.29
-101.626,48.9217#29.45#52.23#18.32
-101.563,48.9237#29.46#52.18#18.36
-101.5,48.9257#29.48#52.14#18.38
-101.437,48.9277#29.47#52.1#18.43
-101.374,48.9297#29.46#52.06#18.48
-101.311,48.9316#29.45#52.02#18.53
-101.248,48.9335#29.44#51.98#18.58
-101.185,48.9354#29.43#51.94#18.63
-101.122,48.9373#29.42#51.9#18.68
-101.059,48.9391#29.41#51.87#18.72
-100.996,48.941#29.4#51.83#18.77
-100.932,48.9428#29.37#51.8#18.83
-100.869,48.9446#29.35#51.77#18.88
-100.806,48.9464#29.32#51.73#18.95
-100.743,48.9482#29.3#51.7#19
-100.68,48.9499#29.27#51.67#19.06
-100.617,48.9516#29.25#51.64#19.11
-100.554,48.9533#29.23#51.61#19.16
-100.491,48.955#29.2#51.58#19.22
-100.428,48.9567#29.17#51.56#19.27
-100.365,48.9583#29.13#51.53#19.34
-100.302,48.96#29.1#51.5#19.4
-100.239,48.9616#29.06#51.47#19.47
-100.176,48.9632#29.03#51.45#19.52
-100.113,48.9647#28.99#51.42#19.59
-100.05,48.9663#28.96#51.39#19.65
-99.9869,48.9678#28.93#51.37#19.7
-99.9238,48.9693#28.89#51.35#19.76
-99.8608,48.9708#28.86#51.33#19.81
-99.7977,48.9723#28.83#51.31#19.86
-99.7346,48.9738#28.8#51.29#19.91
-99.6716,48.9752#28.76#51.27#19.97
-99.6085,48.9766#28.73#51.25#20.02
-99.5454,48.978#28.7#51.23#20.07
-99.4824,48.9794#28.67#51.21#20.12
-99.4193,48.9808#28.65#51.18#20.17
-99.3562,48.9821#28.64#51.15#20.21
-99.2931,48.9834#28.62#51.13#20.25
-99.2301,48.9847#28.6#51.1#20.3
-99.167,48.986#28.59#51.08#20.33
-99.1039,48.9873#28.57#51.05#20.38
-99.0408,48.9885#28.55#51.03#20.42
-98.9777,48.9897#28.54#51#20.46
-98.9146,48.9909#28.53#50.95#20.52
-98.8515,48.9921#28.52#50.91#20.57
-98.7884,48.9933#28.52#50.87#20.61
-98.7254,48.9944#28.51#50.83#20.66
-98.6623,48.9956#28.5#50.79#20.71
-98.5992,48.9967#28.49#50.75#20.76
-98.5361,48.9978#28.49#50.7#20.81
-98.473,48.9988#28.48#50.66#20.86
-98.4099,48.9999#28.48#50.61#20.91
-98.3468,49.0009#28.47#50.55#20.98
-98.2836,49.0019#28.47#50.5#21.03
-98.2205,49.0029#28.47#50.45#21.08
-98.1574,49.0039#28.46#50.39#21.15
-98.0943,49.0049#28.46#50.34#21.2
-98.0312,49.0058#28.46#50.29#21.25
-97.9681,49.0067#28.45#50.23#21.32
-97.905,49.0076#28.45#50.15#21.4
-97.8419,49.0085#28.45#50.08#21.47
-97.7788,49.0093#28.45#50.01#21.54
-97.7156,49.0102#28.45#49.94#21.61
-97.6525,49.011#28.45#49.87#21.68
-97.5894,49.0118#28.45#49.8#21.75
-97.5263,49.0126#28.44#49.73#21.83
-97.4632,49.0133#28.44#49.65#21.91
-97.4,49.0141#28.44#49.58#21.98
-97.3369,49.0148#28.44#49.5#22.06
-97.2738,49.0155#28.44#49.42#22.14
-97.2107,49.0162#28.44#49.35#22.21
-97.1475,49.0169#28.44#49.27#22.29
-97.0844,49.0175#28.44#49.2#22.36
-97.0213,49.0181#28.44#49.12#22.44
-96.9582,49.0187#28.44#49.03#22.53
-96.895,49.0193#28.44#48.94#22.62
-96.8319,49.0199#28.44#48.84#22.72
-96.7688,49.0205#28.44#48.75#22.81
-96.7056,49.021#28.44#48.65#22.91
-96.6425,49.0215#28.44#48.56#23
-96.5794,49.022#28.44#48.46#23.1
-96.5162,49.0225#28.44#48.37#23.19
-96.4531,49.0229#28.44#48.27#23.29
-96.39,49.0233#28.44#48.18#23.38
-96.3268,49.0238#28.44#48.08#23.48
-96.2637,49.0242#28.44#47.98#23.58
-96.2006,49.0245#28.44#47.89#23.67
-96.1374,49.0249#28.44#47.79#23.77
-96.0743,49.0252#28.44#47.7#23.86
-96.0111,49.0255#28.44#47.6#23.96
-95.948,49.0258#28.44#47.5#24.06
-95.8849,49.0261#28.44#47.39#24.17
-95.8217,49.0264#28.44#47.29#24.27
-95.7586,49.0266#28.44#47.18#24.38
-95.6954,49.0268#28.44#47.08#24.48
-95.6323,49.0271#28.44#46.97#24.59
-95.5692,49.0272#28.44#46.87#24.69
-95.506,49.0274#28.44#46.76#24.8
-95.4429,49.0275#28.44#46.65#24.91
-95.3797,49.0277#28.44#46.54#25.02
-95.3166,49.0278#28.44#46.43#25.13
-95.2534,49.0279#28.44#46.32#25.24
-95.1903,49.0279#28.44#46.21#25.35
-95.1272,49.028#28.44#46.1#25.46
-95.064,49.028#28.44#45.99#25.57
-95.0009,49.028#28.44#45.88#25.68
-94.9377,49.028#28.44#45.76#25.8
-94.8746,49.028#28.44#45.65#25.91
-94.8114,49.0279#28.44#45.54#26.02
-94.7483,49.0279#28.44#45.43#26.13
-94.6852,49.0278#28.44#45.31#26.25
-94.622,49.0277#28.44#45.2#26.36
-94.5589,49.0275#28.44#45.09#26.47
-94.4957,49.0274#28.44#44.98#26.58
-94.4326,49.0272#28.44#44.86#26.7
-94.3695,49.0271#28.44#44.75#26.81
-94.3063,49.0269#28.44#44.64#26.92
-94.2432,49.0266#28.44#44.52#27.04
-94.18,49.0264#28.44#44.41#27.15
-94.1169,49.0261#28.45#44.3#27.25
-94.0537,49.0259#28.45#44.19#27.36
-93.9906,49.0256#28.45#44.07#27.48
-93.9275,49.0252#28.45#43.95#27.6
-93.8643,49.0249#28.45#43.82#27.73
-93.8012,49.0245#28.45#43.69#27.86
-93.7381,49.0242#28.45#43.56#27.99
-93.6749,49.0238#28.45#43.44#28.11
-93.6118,49.0234#28.45#43.31#28.24
-93.5486,49.0229#28.45#43.18#28.37
-93.4855,49.0225#28.45#43.06#28.49
-93.4224,49.022#28.45#42.94#28.61
-93.3592,49.0215#28.45#42.83#28.72
-93.2961,49.021#28.45#42.72#28.83
-93.233,49.0205#28.45#42.6#28.95
-93.1698,49.0199#28.45#42.49#29.06
-93.1067,49.0193#28.45#42.38#29.17
-93.0436,49.0188#28.45#42.26#29.29
-92.9805,49.0182#28.45#42.15#29.4
-92.9173,49.0175#28.45#42.05#29.5
-92.8542,49.0169#28.45#41.94#29.61
-92.7911,49.0162#28.45#41.84#29.71
-92.728,49.0155#28.45#41.73#29.82
-92.6648,49.0148#28.45#41.62#29.93
-92.6017,49.0141#28.45#41.52#30.03
-92.5386,49.0134#28.45#41.41#30.14
-92.4755,49.0126#28.45#41.32#30.23
-92.4123,49.0118#28.45#41.24#30.31
-92.3492,49.011#28.45#41.16#30.39
-92.2861,49.0102#28.45#41.08#30.47
-92.223,49.0094#28.45#41#30.55
-92.1599,49.0085#28.45#40.93#30.62
-92.0968,49.0076#28.45#40.85#30.7
-92.0336,49.0067#28.45#40.77#30.78
-91.9705,49.0058#28.45#40.7#30.85
-91.9074,49.0049#28.45#40.64#30.91
-91.8443,49.0039#28.45#40.59#30.96
-91.7812,49.003#28.45#40.53#31.02
-91.7181,49.002#28.45#40.48#31.07
-91.655,49.001#28.45#40.42#31.13
-91.5919,48.9999#28.45#40.36#31.19
-91.5288,48.9989#28.45#40.31#31.24
-91.4657,48.9978#28.45#40.27#31.28
-91.4026,48.9967#28.45#40.24#31.31
-91.3395,48.9956#28.45#40.21#31.34
-91.2764,48.9945#28.45#40.18#31.37
-91.2133,48.9933#28.45#40.15#31.4
-91.1502,48.9922#28.45#40.12#31.43
-91.0871,48.991#28.45#40.09#31.46
-91.024,48.9898#28.45#40.06#31.49
-90.9609,48.9885#28.45#40.05#31.5
-90.8979,48.9873#28.45#40.05#31.5
-90.8348,48.986#28.45#40.06#31.49
-90.7717,48.9848#28.45#40.06#31.49
-90.7086,48.9835#28.45#40.06#31.49
-90.6455,48.9821#28.45#40.07#31.48
-90.5825,48.9808#28.45#40.07#31.48
-90.5194,48.9794#28.45#40.07#31.48
-90.4563,48.9781#28.46#40.1#31.44
-90.3932,48.9767#28.47#40.13#31.4
-90.3302,48.9752#28.48#40.17#31.35
-90.2671,48.9738#28.49#40.2#31.31
-90.204,48.9724#28.5#40.24#31.26
-90.141,48.9709#28.51#40.27#31.22
-90.0779,48.9694#28.52#40.31#31.17
-90.0149,48.9679#28.53#40.34#31.13
-89.9518,48.9663#28.55#40.39#31.06
-89.8887,48.9648#28.57#40.45#30.98
-89.8257,48.9632#28.59#40.5#30.91
-89.7626,48.9616#28.61#40.56#30.83
-89.6996,48.96#28.63#40.62#30.75
-89.6365,48.9584#28.65#40.67#30.68
-89.5735,48.9567#28.67#40.73#30.6
-89.5105,48.9551#28.69#40.79#30.52
-89.4474,48.9534#28.72#40.84#30.44
-89.3844,48.9517#28.75#40.9#30.35
-89.3214,48.95#28.78#40.95#30.27
-89.2583,48.9482#28.82#41.01#30.17
-89.1953,48.9464#28.85#41.06#30.09
-89.1323,48.9447#28.88#41.12#30
-89.0693,48.9429#28.91#41.17#29.92
-89.0062,48.941#28.94#41.23#29.83
-88.9432,48.9392#28.97#41.28#29.75
-88.8802,48.9373#29.01#41.33#29.66
-88.8172,48.9355#29.04#41.38#29.58
-88.7542,48.9336#29.07#41.42#29.51
-88.6912,48.9316#29.1#41.47#29.43
-88.6282,48.9297#29.13#41.52#29.35
-88.5652,48.9277#29.16#41.57#29.27
-88.5022,48.9258#29.19#41.62#29.19
-88.4392,48.9238#29.2#41.64#29.16
-88.3762,48.9218#29.21#41.65#29.14
-88.3132,48.9197#29.23#41.67#29.1
-88.2502,48.9177#29.24#41.69#29.07
-88.1872,48.9156#29.25#41.71#29.04
-88.1242,48.9135#29.26#41.72#29.02
-88.0612,48.9114#29.28#41.74#28.98
-87.9983,48.9093#29.29#41.76#28.95
-87.9353,48.9071#29.28#41.73#28.99
-87.8723,48.905#29.26#41.7#29.04
-87.8094,48.9028#29.25#41.67#29.08
-87.7464,48.9006#29.23#41.64#29.13
-103.329,48.9014#28.4#53.5#18.1
-103.266,48.904#28.42#53.43#18.15
-103.203,48.9065#28.45#53.36#18.19
-103.14,48.909#28.47#53.3#18.23
-103.077,48.9114#28.5#53.23#18.27
-103.014,48.9139#28.52#53.16#18.32
-102.951,48.9163#28.57#53.1#18.33
-102.888,48.9188#28.62#53.04#18.34
-102.826,48.9212#28.67#52.98#18.35
-102.763,48.9235#28.73#52.92#18.35
-102.7,48.9259#28.78#52.86#18.36
-102.637,48.9282#28.83#52.8#18.37
-102.574,48.9306#28.88#52.74#18.38
-102.511,48.9329#28.93#52.68#18.39
-102.448,48.9352#28.98#52.63#18.39
-102.385,48.9374#29.03#52.57#18.4
-102.322,48.9397#29.08#52.52#18.4
-102.259,48.9419#29.13#52.47#18.4
-102.196,48.9441#29.18#52.42#18.4
-102.133,48.9463#29.22#52.36#18.42
-102.07,48.9485#29.27#52.31#18.42
-102.007,48.9506#29.32#52.26#18.42
-101.944,48.9527#29.35#52.21#18.44
-101.881,48.9549#29.36#52.17#18.47
-101.818,48.9569#29.38#52.12#18.5
-101.755,48.959#29.4#52.08#18.52
-101.692,48.9611#29.42#52.03#18.55
-101.629,48.9631#29.44#51.99#18.57
-101.566,48.9651#29.46#51.94#18.6
-101.503,48.9671#29.48#51.9#18.62
-101.44,48.9691#29.47#51.86#18.67
-101.377,48.9711#29.46#51.82#18.72
-101.314,48.973#29.45#51.78#18.77
-101.25,48.9749#29.44#51.75#18.81
-101.187,48.9768#29.43#51.71#18.86
-101.124,48.9787#29.43#51.67#18.9
-101.061,48.9805#29.42#51.63#18.95
-100.998,48.9824#29.41#51.6#18.99
-100.935,48.9842#29.39#51.57#19.04
-100.872,48.986#29.36#51.54#19.1
-100.809,48.9878#29.34#51.51#19.15
-100.746,48.9896#29.32#51.48#19.2
-100.683,48.9913#29.29#51.45#19.26
-100.62,48.993#29.27#51.42#19.31
-100.557,48.9947#29.24#51.39#19.37
-100.494,48.9964#29.22#51.36#19.42
-100.431,48.9981#29.19#51.34#19.47
-100.368,48.9997#29.15#51.31#19.54
-100.305,49.0014#29.12#51.28#19.6
-100.242,49.003#29.09#51.26#19.65
-100.178,49.0046#29.05#51.23#19.72
-100.115,49.0061#29.02#51.21#19.77
-100.052,49.0077#28.99#51.18#19.83
-99.9892,49.0092#28.95#51.16#19.89
-99.9261,49.0107#28.92#51.14#19.94
-99.863,49.0122#28.89#51.12#19.99
-99.7999,49.0137#28.85#51.1#20.05
-99.7369,49.0152#28.82#51.08#20.1
-99.6738,49.0166#28.79#51.06#20.15
-99.6107,49.018#28.75#51.04#20.21
-99.5476,49.0194#28.72#51.02#20.26
-99.4845,49.0208#28.69#51#20.31
-99.4214,49.0222#28.67#50.98#20.35
-99.3582,49.0235#28.65#50.95#20.4
-99.2951,49.0248#28.63#50.93#20.44
-99.232,49.0261#28.62#50.9#20.48
-99.1689,49.0274#28.6#50.88#20.52
-99.1058,49.0287#28.58#50.85#20.57
-99.0427,49.0299#28.56#50.83#20.61
-98.9796,49.0311#28.54#50.8#20.66
-98.9165,49.0323#28.54#50.76#20.7
-98.8533,49.0335#28.53#50.71#20.76
-98.7902,49.0347#28.52#50.67#20.81
-98.7271,49.0358#28.51#50.63#20.86
-98.664,49.037#28.51#50.59#20.9
-98.6008,49.0381#28.5#50.55#20.95
-98.5377,49.0392#28.49#50.51#21
-98.4746,49.0402#28.48#50.46#21.06
-98.4114,49.0413#28.48#50.41#21.11
-98.3483,49.0423#28.48#50.35#21.17
-98.2852,49.0433#28.47#50.3#21.23
-98.222,49.0443#28.47#50.25#21.28
-98.1589,49.0453#28.47#50.19#21.34
-98.0958,49.0463#28.46#50.14#21.4
-98.0326,49.0472#28.46#50.09#21.45
-97.9695,49.0481#28.46#50.03#21.51
-97.9063,49.049#28.45#49.95#21.6
-97.8432,49.0499#28.45#49.88#21.67
-97.7801,49.0507#28.45#49.81#21.74
-97.7169,49.0516#28.45#49.74#21.81
-97.6538,49.0524#28.45#49.67#21.88
-97.5906,49.0532#28.45#49.6#21.95
-97.5275,49.054#28.45#49.53#22.02
-97.4643,49.0548#28.45#49.45#22.1
-97.4012,49.0555#28.44#49.37#22.19
-97.338,49.0562#28.44#49.3#22.26
-97.2749,49.0569#28.44#49.22#22.34
-97.2117,49.0576#28.44#49.14#22.42
-97.1485,49.0583#28.44#49.07#22.49
-97.0854,49.0589#28.44#48.99#22.57
-97.0222,49.0595#28.44#48.91#22.65
-96.9591,49.0602#28.44#48.82#22.74
-96.8959,49.0607#28.44#48.73#22.83
-96.8328,49.0613#28.44#48.63#22.93
-96.7696,49.0619#28.44#48.54#23.02
-96.7064,49.0624#28.44#48.44#23.12
-96.6433,49.0629#28.44#48.34#23.22
-96.5801,49.0634#28.44#48.25#23.31
-96.5169,49.0639#28.44#48.15#23.41
-96.4538,49.0643#28.44#48.06#23.5
-96.3906,49.0648#28.44#47.96#23.6
-96.3274,49.0652#28.44#47.87#23.69
-96.2643,49.0656#28.44#47.77#23.79
-96.2011,49.0659#28.44#47.68#23.88
-96.1379,49.0663#28.44#47.58#23.98
-96.0748,49.0666#28.44#47.49#24.07
-96.0116,49.067#28.44#47.4#24.16
-95.9484,49.0673#28.44#47.29#24.27
-95.8853,49.0675#28.44#47.19#24.37
-95.8221,49.0678#28.44#47.08#24.48
-95.7589,49.068#28.44#46.98#24.58
-95.6958,49.0683#28.44#46.88#24.68
-95.6326,49.0685#28.44#46.77#24.79
-95.5694,49.0686#28.44#46.67#24.89
-95.5062,49.0688#28.44#46.56#25
-95.4431,49.069#28.44#46.45#25.11
-95.3799,49.0691#28.44#46.34#25.22
-95.3167,49.0692#28.44#46.23#25.33
-95.2536,49.0693#28.44#46.12#25.44
-95.1904,49.0693#28.44#46.01#25.55
-95.1272,49.0694#28.44#45.9#25.66
-95.064,49.0694#28.44#45.79#25.77
-95.0009,49.0694#28.44#45.68#25.88
-94.9377,49.0694#28.44#45.57#25.99
-94.8745,49.0694#28.44#45.46#26.1
-94.8114,49.0693#28.44#45.35#26.21
-94.7482,49.0693#28.44#45.23#26.33
-94.685,49.0692#28.44#45.12#26.44
-94.6218,49.0691#28.44#45.01#26.55
-94.5587,49.069#28.45#44.9#26.65
-94.4955,49.0688#28.45#44.79#26.76
-94.4323,49.0686#28.45#44.67#26.88
-94.3692,49.0685#28.45#44.56#26.99
-94.306,49.0683#28.45#44.45#27.1
-94.2428,49.068#28.45#44.34#27.21
-94.1796,49.0678#28.45#44.23#27.32
-94.1165,49.0675#28.45#44.12#27.43
-94.0533,49.0673#28.45#44.01#27.54
-93.9901,49.067#28.45#43.89#27.66
-93.927,49.0666#28.45#43.77#27.78
-93.8638,49.0663#28.45#43.64#27.91
-93.8006,49.066#28.45#43.51#28.04
-93.7375,49.0656#28.45#43.38#28.17
-93.6743,49.0652#28.45#43.25#28.3
-93.6111,49.0648#28.45#43.13#28.42
-93.548,49.0643#28.45#43#28.55
-93.4848,49.0639#28.45#42.87#28.68
-93.4216,49.0634#28.45#42.76#28.79
-93.3585,49.0629#28.45#42.65#28.9
-93.2953,49.0624#28.45#42.53#29.02
-93.2322,49.0619#28.45#42.42#29.13
-93.169,49.0613#28.45#42.31#29.24
-93.1058,49.0608#28.45#42.19#29.36
-93.0427,49.0602#28.45#42.08#29.47
-92.9795,49.0596#28.45#41.97#29.58
-92.9164,49.0589#28.45#41.87#29.68
-92.8532,49.0583#28.45#41.76#29.79
-92.79,49.0576#28.45#41.65#29.9
-92.7269,49.0569#28.45#41.55#30
-92.6637,49.0562#28.45#41.44#30.11
-92.6006,49.0555#28.45#41.34#30.21
-92.5374,49.0548#28.45#41.23#30.32
-92.4743,49.054#28.45#41.14#30.41
-92.4111,49.0532#28.45#41.06#30.49
-92.348,49.0524#28.45#40.98#30.57
-92.2848,49.0516#28.45#40.91#30.64
-92.2217,49.0508#28.45#40.83#30.72
-92.1585,49.0499#28.45#40.75#30.8
-92.0954,49.049#28.45#40.67#30.88
-92.0323,49.0481#28.45#40.6#30.95
-91.9691,49.0472#28.45#40.53#31.02
-91.906,49.0463#28.45#40.48#31.07
-91.8428,49.0453#28.45#40.42#31.13
-91.7797,49.0444#28.45#40.37#31.18
-91.7166,49.0434#28.45#40.32#31.23
-91.6534,49.0424#28.45#40.27#31.28
-91.5903,49.0413#28.45#40.21#31.34
-91.5272,49.0403#28.45#40.16#31.39
-91.464,49.0392#28.45#40.12#31.43
-91.4009,49.0381#28.45#40.09#31.46
-91.3378,49.037#28.45#40.06#31.49
-91.2747,49.0359#28.45#40.04#31.51
-91.2115,49.0347#28.45#40.01#31.54
-91.1484,49.0336#28.45#39.98#31.57
-91.0853,49.0324#28.45#39.95#31.6
-91.0222,49.0312#28.45#39.92#31.63
-90.9591,49.03#28.45#39.92#31.63
-90.8959,49.0287#28.45#39.92#31.63
-90.8328,49.0274#28.45#39.92#31.63
-90.7697,49.0262#28.45#39.92#31.63
-90.7066,49.0249#28.45#39.93#31.62
-90.6435,49.0235#28.45#39.93#31.62
-90.5804,49.0222#28.45#39.93#31.62
-90.5173,49.0208#28.45#39.94#31.61
-90.4542,49.0195#28.46#39.96#31.58
-90.3911,49.0181#28.47#39.99#31.54
-90.328,49.0166#28.47#40.03#31.5
-90.2649,49.0152#28.48#40.06#31.46
-90.2018,49.0138#28.49#40.09#31.42
-90.1387,49.0123#28.5#40.13#31.37
-90.0756,49.0108#28.51#40.16#31.33
-90.0125,49.0093#28.52#40.19#31.29
-89.9494,49.0077#28.54#40.24#31.22
-89.8864,49.0062#28.56#40.3#31.14
-89.8233,49.0046#28.58#40.35#31.07
-89.7602,49.003#28.6#40.4#31
-89.6971,49.0014#28.62#40.46#30.92
-89.6341,48.9998#28.64#40.51#30.85
-89.571,48.9981#28.66#40.57#30.77
-89.5079,48.9965#28.68#40.62#30.7
-89.4448,48.9948#28.71#40.67#30.62
-89.3818,48.9931#28.74#40.73#30.53
-89.3187,48.9914#28.77#40.78#30.45
-89.2557,48.9896#28.8#40.83#30.37
-89.1926,48.9878#28.83#40.88#30.29
-89.1295,48.9861#28.86#40.94#30.2
-89.0665,48.9843#28.89#40.99#30.12
-89.0034,48.9824#28.92#41.05#30.03
-88.9404,48.9806#28.95#41.1#29.95
-88.8773,48.9787#28.98#41.14#29.88
-88.8143,48.9769#29.02#41.19#29.79
-88.7513,48.975#29.05#41.24#29.71
-88.6882,48.973#29.08#41.29#29.63
-88.6252,48.9711#29.11#41.34#29.55
-88.5622,48.9691#29.14#41.39#29.47
-88.4991,48.9672#29.17#41.44#29.39
-88.4361,48.9652#29.19#41.45#29.36
-88.3731,48.9632#29.2#41.47#29.33
-88.3101,48.9611#29.22#41.48#29.3
-88.2471,48.9591#29.23#41.5#29.27
-88.184,48.957#29.24#41.52#29.24
-88.121,48.9549#29.26#41.53#29.21
-88.058,48.9528#29.27#41.55#29.18
-87.995,48.9507#29.28#41.56#29.16
-87.932,48.9485#29.27#41.54#29.19
-87.869,48.9464#29.26#41.51#29.23
-87.806,48.9442#29.25#41.48#29.27
-87.743,48.942#29.24#41.45#29.31
-87.68,48.9397#29.23#41.42#29.35
-87.617,48.9375#29.22#41.4#29.38
-87.5541,48.9352#29.2#41.37#29.43
-87.4911,48.9329#29.19#41.34#29.47
-87.4281,48.9306#29.16#41.29#29.55
-87.3651,48.9283#29.13#41.24#29.63
-87.3022,48.926#29.1#41.19#29.71
-87.2392,48.9236#29.07#41.15#29.78
-87.1762,48.9212#29.04#41.1#29.86
-87.1133,48.9188#29.01#41.05#29.94
-87.0503,48.9164#28.98#41#30.02
-86.9874,48.914#28.94#40.95#30.11
-86.9244,48.9115#28.89#40.87#30.24
-86.8615,48.909#28.84#40.8#30.36
-86.7985,48.9065#28.79#40.72#30.49
-86.7356,48.904#28.74#40.64#30.62
-86.6726,48.9015#28.68#40.57#30.75
-104.277,48.9025#28.86#54.29#16.85
-104.214,48.9053#28.76#54.22#17.02
-104.151,48.9081#28.66#54.15#17.19
-104.088,48.9109#28.57#54.08#17.35
-104.025,48.9136#28.47#54.01#17.52
-103.962,48.9164#28.42#53.94#17.64
-103.899,48.9191#28.41#53.87#17.72
-103.837,48.9218#28.4#53.79#17.81
-103.774,48.9245#28.38#53.72#17.9
-103.711,48.9272#28.36#53.65#17.99
-103.648,48.9298#28.35#53.58#18.07
-103.585,48.9325#28.33#53.51#18.16
-103.522,48.9351#28.32#53.44#18.24
-103.459,48.9377#28.33#53.37#18.3
-103.396,48.9402#28.35#53.3#18.35
-103.333,48.9428#28.37#53.23#18.4
-103.27,48.9453#28.4#53.16#18.44
-103.207,48.9478#28.42#53.1#18.48
-103.144,48.9503#28.44#53.03#18.53
-103.081,48.9528#28.47#52.96#18.57
-103.018,48.9553#28.49#52.89#18.62
-102.955,48.9577#28.53#52.83#18.64
-102.892,48.9601#28.58#52.77#18.65
-102.829,48.9625#28.63#52.71#18.66
-102.766,48.9649#28.68#52.65#18.67
-102.703,48.9673#28.73#52.6#18.67
-102.64,48.9696#28.78#52.54#18.68
-102.577,48.9719#28.83#52.48#18.69
-102.514,48.9743#28.88#52.42#18.7
-102.451,48.9765#28.93#52.37#18.7
-102.388,48.9788#28.98#52.32#18.7
-102.325,48.9811#29.03#52.27#18.7
-102.262,48.9833#29.09#52.21#18.7
-102.199,48.9855#29.14#52.16#18.7
-102.136,48.9877#29.19#52.11#18.7
-102.073,48.9898#29.24#52.06#18.7
-102.01,48.992#29.29#52.01#18.7
-101.947,48.9941#29.32#51.96#18.72
-101.884,48.9962#29.34#51.92#18.74
-101.821,48.9983#29.36#51.87#18.77
-101.758,49.0004#29.38#51.83#18.79
-101.695,49.0025#29.4#51.79#18.81
-101.632,49.0045#29.43#51.74#18.83
-101.569,49.0065#29.45#51.7#18.85
-101.506,49.0085#29.47#51.66#18.87
-101.443,49.0105#29.47#51.62#18.91
-101.38,49.0124#29.46#51.58#18.96
-101.316,49.0144#29.45#51.55#19
-101.253,49.0163#29.45#51.51#19.04
-101.19,49.0182#29.44#51.47#19.09
-101.127,49.0201#29.44#51.44#19.12
-101.064,49.0219#29.43#51.4#19.17
-101.001,49.0238#29.42#51.36#19.22
-100.938,49.0256#29.4#51.34#19.26
-100.875,49.0274#29.38#51.31#19.31
-100.812,49.0292#29.35#51.28#19.37
-100.749,49.0309#29.33#51.25#19.42
-100.686,49.0327#29.31#51.22#19.47
-100.623,49.0344#29.29#51.2#19.51
-100.559,49.0361#29.26#51.17#19.57
-100.496,49.0378#29.24#51.14#19.62
-100.433,49.0395#29.21#51.12#19.67
-100.37,49.0411#29.18#51.09#19.73
-100.307,49.0428#29.14#51.07#19.79
-100.244,49.0444#29.11#51.04#19.85
-100.181,49.046#29.08#51.02#19.9
-100.118,49.0475#29.05#50.99#19.96
-100.055,49.0491#29.01#50.97#20.02
-99.9915,49.0506#28.98#50.94#20.08
-99.9284,49.0521#28.95#50.93#20.12
-99.8653,49.0536#28.91#50.91#20.18
-99.8022,49.0551#28.88#50.89#20.23
-99.7391,49.0566#28.84#50.87#20.29
-99.6759,49.058#28.81#50.86#20.33
-99.6128,49.0594#28.77#50.84#20.39
-99.5497,49.0608#28.74#50.82#20.44
-99.4865,49.0622#28.71#50.8#20.49
-99.4234,49.0636#28.69#50.78#20.53
-99.3603,49.0649#28.67#50.75#20.58
-99.2971,49.0662#28.65#50.73#20.62
-99.234,49.0675#28.63#50.7#20.67
-99.1709,49.0688#28.61#50.68#20.71
-99.1077,49.0701#28.59#50.65#20.76
-99.0446,49.0713#28.57#50.63#20.8
-98.9814,49.0725#28.55#50.6#20.85
-98.9183,49.0737#28.54#50.56#20.9
-98.8551,49.0749#28.54#50.51#20.95
-98.792,49.0761#28.53#50.47#21
-98.7288,49.0772#28.52#50.43#21.05
-98.6657,49.0784#28.51#50.39#21.1
-98.6025,49.0795#28.5#50.35#21.15
-98.5394,49.0806#28.5#50.31#21.19
-98.4762,49.0816#28.49#50.26#21.25
-98.413,49.0827#28.49#50.21#21.3
-98.3499,49.0837#28.48#50.16#21.36
-98.2867,49.0847#28.48#50.1#21.42
-98.2235,49.0857#28.47#50.05#21.48
-98.1604,49.0867#28.47#49.99#21.54
-98.0972,49.0877#28.47#49.94#21.59
-98.034,49.0886#28.46#49.89#21.65
-97.9709,49.0895#28.46#49.82#21.72
-97.9077,49.0904#28.46#49.75#21.79
-97.8445,49.0913#28.46#49.68#21.86
-97.7814,49.0921#28.45#49.61#21.94
-97.7182,49.093#28.45#49.54#22.01
-97.655,49.0938#28.45#49.47#22.08
-97.5918,49.0946#28.45#49.39#22.16
-97.5286,49.0954#28.45#49.32#22.23
-97.4655,49.0961#28.45#49.25#22.3
-97.4023,49.0969#28.45#49.17#22.38
-97.3391,49.0976#28.45#49.09#22.46
-97.2759,49.0983#28.45#49.01#22.54
-97.2127,49.099#28.45#48.94#22.61
-97.1495,49.0997#28.44#48.86#22.7
-97.0864,49.1003#28.44#48.78#22.78
-97.0232,49.1009#28.44#48.7#22.86
-96.96,49.1015#28.44#48.61#22.95
-96.8968,49.1021#28.44#48.52#23.04
-96.8336,49.1027#28.44#48.42#23.14
-96.7704,49.1033#28.44#48.32#23.24
-96.7072,49.1038#28.44#48.23#23.33
-96.644,49.1043#28.44#48.13#23.43
-96.5808,49.1048#28.44#48.03#23.53
-96.5176,49.1053#28.44#47.94#23.62
-96.4545,49.1057#28.44#47.84#23.72
-96.3913,49.1061#28.44#47.75#23.81
-96.3281,49.1066#28.44#47.66#23.9
-96.2649,49.107#28.44#47.56#24
-96.2017,49.1073#28.44#47.47#24.09
-96.1385,49.1077#28.44#47.38#24.18
-96.0753,49.108#28.44#47.28#24.28
-96.0121,49.1083#28.44#47.19#24.37
-95.9489,49.1086#28.44#47.09#24.47
-95.8857,49.1089#28.44#46.99#24.57
-95.8225,49.1092#28.44#46.88#24.68
-95.7593,49.1094#28.44#46.78#24.78
-95.6961,49.1097#28.44#46.68#24.88
-95.6329,49.1099#28.44#46.57#24.99
-95.5697,49.11#28.44#46.47#25.09
-95.5065,49.1102#28.44#46.36#25.2
-95.4433,49.1103#28.44#46.26#25.3
-95.3801,49.1105#28.44#46.15#25.41
-95.3169,49.1106#28.44#46.04#25.52
-95.2537,49.1107#28.44#45.93#25.63
-95.1905,49.1107#28.44#45.82#25.74
-95.1273,49.1108#28.44#45.71#25.85
-95.0641,49.1108#28.44#45.6#25.96
-95.0009,49.1108#28.44#45.49#26.07
-94.9377,49.1108#28.45#45.38#26.17
-94.8745,49.1108#28.45#45.27#26.28
-94.8113,49.1107#28.45#45.16#26.39
-94.7481,49.1107#28.45#45.04#26.51
-94.6849,49.1106#28.45#44.93#26.62
-94.6217,49.1105#28.45#44.82#26.73
-94.5585,49.1104#28.45#44.71#26.84
-94.4953,49.1102#28.45#44.6#26.95
-94.4321,49.11#28.45#44.49#27.06
-94.3689,49.1099#28.45#44.38#27.17
-94.3057,49.1097#28.45#44.27#27.28
-94.2425,49.1094#28.45#44.16#27.39
-94.1793,49.1092#28.45#44.05#27.5
-94.1161,49.1089#28.45#43.94#27.61
-94.0529,49.1087#28.45#43.83#27.72
-93.9897,49.1084#28.45#43.72#27.83
-93.9265,49.108#28.45#43.59#27.96
-93.8633,49.1077#28.45#43.46#28.09
-93.8001,49.1073#28.45#43.33#28.22
-93.7369,49.107#28.45#43.2#28.35
-93.6737,49.1066#28.45#43.07#28.48
-93.6105,49.1062#28.45#42.94#28.61
-93.5473,49.1057#28.45#42.81#28.74
-93.4841,49.1053#28.45#42.69#28.86
-93.4209,49.1048#28.45#42.58#28.97
-93.3577,49.1043#28.45#42.46#29.09
-93.2945,49.1038#28.45#42.35#29.2
-93.2313,49.1033#28.45#42.24#29.31
-93.1681,49.1027#28.45#42.12#29.43
-93.105,49.1022#28.45#42.01#29.54
-93.0418,49.1016#28.45#41.9#29.65
-92.9786,49.101#28.45#41.79#29.76
-92.9154,49.1003#28.45#41.68#29.87
-92.8522,49.0997#28.45#41.58#29.97
-92.789,49.099#28.45#41.47#30.08
-92.7258,49.0983#28.45#41.37#30.18
-92.6626,49.0976#28.45#41.26#30.29
-92.5995,49.0969#28.45#41.16#30.39
-92.5363,49.0962#28.45#41.05#30.5
-92.4731,49.0954#28.45#40.96#30.59
-92.4099,49.0946#28.45#40.88#30.67
-92.3467,49.0938#28.45#40.81#30.74
-92.2836,49.093#28.45#40.73#30.82
-92.2204,49.0922#28.45#40.65#30.9
-92.1572,49.0913#28.45#40.58#30.97
-92.094,49.0904#28.45#40.5#31.05
-92.0309,49.0895#28.45#40.42#31.13
-91.9677,49.0886#28.45#40.36#31.19
-91.9045,49.0877#28.45#40.31#31.24
-91.8414,49.0867#28.45#40.26#31.29
-91.7782,49.0858#28.45#40.21#31.34
-91.715,49.0848#28.45#40.16#31.39
-91.6519,49.0837#28.45#40.11#31.44
-91.5887,49.0827#28.45#40.06#31.49
-91.5255,49.0817#28.45#40.01#31.54
-91.4624,49.0806#28.45#39.97#31.58
-91.3992,49.0795#28.45#39.95#31.6
-91.3361,49.0784#28.45#39.92#31.63
-91.2729,49.0773#28.45#39.89#31.66
-91.2098,49.0761#28.45#39.87#31.68
-91.1466,49.075#28.45#39.84#31.71
-91.0835,49.0738#28.45#39.81#31.74
-91.0203,49.0726#28.45#39.79#31.76
-90.9572,49.0713#28.45#39.78#31.77
-90.894,49.0701#28.45#39.78#31.77
-90.8309,49.0688#28.45#39.79#31.76
-90.7677,49.0676#28.45#39.79#31.76
-90.7046,49.0663#28.45#39.79#31.76
-90.6415,49.0649#28.45#39.79#31.76
-90.5783,49.0636#28.45#39.8#31.75
-90.5152,49.0622#28.45#39.8#31.75
-90.4521,49.0609#28.45#39.82#31.73
-90.3889,49.0595#28.46#39.85#31.69
-90.3258,49.058#28.47#39.89#31.64
-90.2627,49.0566#28.48#39.92#31.6
-90.1996,49.0551#28.48#39.95#31.57
-90.1364,49.0537#28.49#39.98#31.53
-90.0733,49.0522#28.5#40.01#31.49
-90.0102,49.0507#28.51#40.05#31.44
-89.9471,49.0491#28.52#40.09#31.39
-89.884,49.0476#28.54#40.14#31.32
-89.8209,49.046#28.56#40.19#31.25
-89.7578,49.0444#28.58#40.25#31.17
-89.6947,49.0428#28.6#40.3#31.1
-89.6316,49.0412#28.62#40.35#31.03
-89.5684,49.0395#28.64#40.4#30.96
-89.5054,49.0379#28.66#40.45#30.89
-89.4423,49.0362#28.69#40.5#30.81
-89.3792,49.0345#28.72#40.55#30.73
-89.3161,49.0327#28.75#40.6#30.65
-89.253,49.031#28.78#40.66#30.56
-89.1899,49.0292#28.81#40.71#30.48
-89.1268,49.0275#28.84#40.76#30.4
-89.0637,49.0256#28.87#40.81#30.32
-89.0006,49.0238#28.9#40.86#30.24
-88.9376,49.022#28.93#40.91#30.16
-88.8745,49.0201#28.96#40.96#30.08
-88.8114,49.0182#29#41.01#29.99
-88.7484,49.0163#29.03#41.06#29.91
-88.6853,49.0144#29.06#41.11#29.83
-88.6222,49.0125#29.09#41.15#29.76
-88.5592,49.0105#29.13#41.2#29.67
-88.4961,49.0086#29.16#41.25#29.59
-88.4331,49.0066#29.17#41.27#29.56
-88.37,49.0045#29.19#41.28#29.53
-88.307,49.0025#29.21#41.3#29.49
-88.2439,49.0005#29.22#41.31#29.47
-88.1809,48.9984#29.24#41.33#29.43
-88.1178,48.9963#29.25#41.34#29.41
-88.0548,48.9942#29.27#41.36#29.37
-87.9918,48.9921#29.28#41.37#29.35
-87.9287,48.9899#29.27#41.34#29.39
-87.8657,48.9877#29.26#41.32#29.42
-87.8027,48.9855#29.25#41.29#29.46
-87.7396,48.9833#29.25#41.26#29.49
-87.6766,48.9811#29.24#41.23#29.53
-87.6136,48.9789#29.23#41.2#29.57
-87.5506,48.9766#29.22#41.18#29.6
-87.4876,48.9743#29.2#41.14#29.66
-87.4246,48.972#29.17#41.1#29.73
-87.3616,48.9697#29.14#41.05#29.81
-87.2986,48.9673#29.11#41.01#29.88
-87.2356,48.965#29.08#40.96#29.96
-87.1726,48.9626#29.05#40.91#30.04
-87.1096,48.9602#29.02#40.87#30.11
-87.0466,48.9578#28.99#40.82#30.19
-86.9836,48.9553#28.96#40.77#30.27
-86.9207,48.9529#28.91#40.69#30.4
-86.8577,48.9504#28.86#40.62#30.52
-86.7947,48.9479#28.81#40.55#30.64
-86.7317,48.9454#28.76#40.47#30.77
-86.6688,48.9429#28.71#40.4#30.89
-86.6058,48.9403#28.66#40.33#31.01
-86.5429,48.9377#28.61#40.25#31.14
-86.4799,48.9351#28.56#40.17#31.27
-86.4169,48.9325#28.52#40.08#31.4
-86.354,48.9299#28.47#39.99#31.54
-86.2911,48.9273#28.42#39.9#31.68
-86.2281,48.9246#28.37#39.81#31.82
-86.1652,48.9219#28.33#39.72#31.95
-86.1023,48.9192#28.28#39.63#32.09
-86.0393,48.9165#28.23#39.54#32.23
-85.9764,48.9137#28.19#39.44#32.37
-85.9135,48.9109#28.17#39.35#32.48
-85.8506,48.9082#28.15#39.26#32.59
-85.7877,48.9054#28.12#39.16#32.72
-85.7247,48.9025#28.1#39.07#32.83
-105.162,48.9022#29.89#54.97#15.14
-105.099,48.9053#29.9#54.91#15.19
-105.036,48.9084#29.92#54.85#15.23
-104.973,48.9115#29.88#54.79#15.33
