-97.8635,28.9005#70.56#27.64#1.8
-97.8115,28.9015#70.52#27.64#1.84
-97.7594,28.9024#70.48#27.64#1.88
-97.7074,28.9033#70.44#27.64#1.92
-97.6553,28.9042#70.4#27.65#1.94999999999999
-97.6033,28.9051#70.37#27.65#1.97999999999999
-97.5513,28.906#70.33#27.65#2.02000000000001
-97.4992,28.9068#70.29#27.66#2.05
-97.4472,28.9076#70.2#27.67#2.13
-97.3951,28.9085#70.11#27.69#2.2
-97.3431,28.9092#70.02#27.7#2.28
-97.2911,28.91#69.93#27.71#2.35999999999999
-97.239,28.9108#69.84#27.73#2.42999999999999
-97.187,28.9115#69.75#27.74#2.51000000000001
-97.1349,28.9123#69.66#27.75#2.59
-97.0829,28.913#69.58#27.77#2.65000000000001
-97.0308,28.9137#69.49#27.78#2.73
-96.9788,28.9143#69.41#27.8#2.79000000000001
-96.9267,28.915#69.34#27.81#2.84999999999999
-96.8747,28.9156#69.27#27.83#2.90000000000001
-96.8226,28.9162#69.21#27.85#2.94
-96.7706,28.9169#69.14#27.87#2.98999999999999
-96.7185,28.9174#69.07#27.88#3.05000000000001
-96.6665,28.918#69.01#27.9#3.09
-96.6144,28.9186#68.94#27.92#3.14
-96.5624,28.9191#68.87#27.94#3.19
-96.5103,28.9196#68.81#27.95#3.23999999999999
-96.4583,28.9201#68.75#27.98#3.27
-96.4062,28.9206#68.69#28.01#3.3
-96.3542,28.9211#68.63#28.03#3.34
-96.3021,28.9215#68.57#28.06#3.37
-96.2501,28.9219#68.52#28.09#3.39
-96.198,28.9223#68.46#28.11#3.43000000000001
-96.146,28.9227#68.4#28.14#3.45999999999999
-96.0939,28.9231#68.34#28.17#3.48999999999999
-96.0419,28.9235#68.28#28.19#3.53
-95.9898,28.9238#68.23#28.22#3.55
-95.9378,28.9241#68.18#28.24#3.58
-95.8857,28.9244#68.13#28.25#3.62
-95.8336,28.9247#68.08#28.27#3.65000000000001
-95.7816,28.925#68.04#28.29#3.66999999999999
-95.7295,28.9253#67.99#28.31#3.7
-95.6775,28.9255#67.94#28.32#3.74000000000001
-95.6254,28.9257#67.89#28.34#3.77
-95.5734,28.9259#67.84#28.36#3.8
-95.5213,28.9261#67.8#28.38#3.82000000000001
-95.4692,28.9263#67.7#28.39#3.91
-95.4172,28.9264#67.58#28.39#4.03
-95.3651,28.9265#67.45#28.39#4.16
-95.3131,28.9267#67.33#28.4#4.27000000000001
-95.261,28.9268#67.2#28.4#4.40000000000001
-95.209,28.9268#67.08#28.4#4.52000000000001
-95.1569,28.9269#66.95#28.41#4.64
-95.1048,28.9269#66.82#28.41#4.77000000000001
-95.0528,28.927#66.7#28.41#4.89
-95.0007,28.927#66.57#28.42#5.01000000000001
-94.9487,28.927#66.46#28.42#5.12
-94.8966,28.9269#66.35#28.41#5.24000000000001
-94.8445,28.9269#66.23#28.41#5.36
-94.7925,28.9268#66.12#28.41#5.47
-94.7404,28.9268#66#28.41#5.59
-94.6884,28.9267#65.89#28.41#5.7
-94.6363,28.9265#65.78#28.41#5.81
-94.5843,28.9264#65.66#28.41#5.93000000000001
-94.5322,28.9263#65.55#28.4#6.05000000000001
-94.4801,28.9261#65.46#28.4#6.14000000000001
-94.4281,28.9259#65.43#28.4#6.16999999999999
-94.376,28.9257#65.39#28.4#6.21000000000001
-94.324,28.9255#65.35#28.4#6.25
-94.2719,28.9253#65.31#28.39#6.3
-94.2199,28.925#65.28#28.39#6.33
-94.1678,28.9247#65.24#28.39#6.37
-94.1157,28.9244#65.2#28.38#6.42
-94.0637,28.9241#65.16#28.38#6.46000000000001
-94.0116,28.9238#65.12#28.38#6.5
-93.9596,28.9235#65.12#28.38#6.5
-93.9075,28.9231#65.12#28.37#6.50999999999999
-93.8555,28.9227#65.12#28.37#6.50999999999999
-93.8034,28.9223#65.13#28.37#6.5
-93.7514,28.9219#65.13#28.37#6.5
-93.6993,28.9215#65.13#28.37#6.5
-93.6473,28.9211#65.13#28.36#6.51000000000001
-93.5952,28.9206#65.13#28.36#6.51000000000001
-93.5431,28.9201#65.14#28.36#6.5
-93.4911,28.9196#65.13#28.36#6.51000000000001
-93.439,28.9191#65.09#28.35#6.56
-93.387,28.9186#65.05#28.35#6.59999999999999
-93.3349,28.918#65.01#28.35#6.63999999999999
-93.2829,28.9175#64.98#28.34#6.67999999999999
-93.2308,28.9169#64.94#28.34#6.72
-93.1788,28.9163#64.9#28.34#6.75999999999999
-93.1267,28.9156#64.86#28.34#6.8
-93.0747,28.915#64.82#28.33#6.85000000000001
-93.0226,28.9143#64.78#28.33#6.89
-92.9706,28.9137#64.73#28.32#6.94999999999999
-92.9186,28.913#64.67#28.31#7.02
-92.8665,28.9123#64.61#28.29#7.09999999999999
-92.8145,28.9116#64.56#28.28#7.16
-92.7624,28.9108#64.5#28.27#7.23
-92.7104,28.91#64.44#28.26#7.3
-92.6583,28.9093#64.38#28.24#7.38000000000001
-92.6063,28.9085#64.33#28.23#7.44
-92.5542,28.9077#64.27#28.22#7.51000000000001
-92.5022,28.9068#64.21#28.2#7.59
-92.4502,28.906#64.16#28.19#7.65000000000001
-92.3981,28.9051#64.1#28.17#7.73
-92.3461,28.9042#64.05#28.15#7.80000000000001
-92.2941,28.9033#63.99#28.14#7.87
-92.242,28.9024#63.94#28.12#7.94
-92.19,28.9015#63.88#28.1#8.02
-92.1379,28.9005#63.83#28.08#8.09
-99.7379,28.9001#66.6#27.56#5.84
-99.6859,28.9017#66.77#27.56#5.67
-99.6339,28.9032#66.94#27.56#5.5
-99.5819,28.9048#67.12#27.56#5.31999999999999
-99.5298,28.9063#67.29#27.57#5.13999999999999
-99.4778,28.9078#67.44#27.57#4.99000000000001
-99.4258,28.9093#67.56#27.57#4.87
-99.3738,28.9108#67.67#27.57#4.75999999999999
-99.3217,28.9123#67.79#27.57#4.63999999999999
-99.2697,28.9137#67.91#27.57#4.52000000000001
-99.2177,28.9151#68.03#27.58#4.39
-99.1657,28.9165#68.14#27.58#4.28
-99.1136,28.9179#68.26#27.58#4.16
-99.0616,28.9193#68.38#27.58#4.04000000000001
-99.0096,28.9207#68.5#27.58#3.92
-98.9575,28.922#68.59#27.59#3.81999999999999
-98.9055,28.9233#68.67#27.59#3.73999999999999
-98.8535,28.9246#68.76#27.59#3.64999999999999
-98.8014,28.9259#68.84#27.59#3.56999999999999
-98.7494,28.9272#68.93#27.59#3.47999999999999
-98.6974,28.9284#69.01#27.6#3.38999999999999
-98.6453,28.9297#69.1#27.6#3.30000000000001
-98.5933,28.9309#69.18#27.6#3.22
-98.5412,28.9321#69.27#27.6#3.13
-98.4892,28.9333#69.36#27.6#3.03999999999999
-98.4371,28.9344#69.47#27.61#2.92
-98.3851,28.9356#69.58#27.61#2.81
-98.3331,28.9367#69.69#27.61#2.7
-98.281,28.9378#69.81#27.61#2.58
-98.229,28.9389#69.92#27.61#2.47
-98.1769,28.94#70.03#27.62#2.34999999999999
-98.1249,28.941#70.14#27.62#2.23999999999999
-98.0728,28.9421#70.25#27.62#2.13
-98.0208,28.9431#70.37#27.62#2.00999999999999
-97.9687,28.9441#70.39#27.62#1.98999999999999
-97.9166,28.9451#70.35#27.63#2.02000000000001
-97.8646,28.9461#70.31#27.63#2.06
-97.8125,28.947#70.27#27.63#2.10000000000001
-97.7605,28.948#70.24#27.64#2.12
-97.7084,28.9489#70.2#27.64#2.16
-97.6564,28.9498#70.16#27.64#2.2
-97.6043,28.9507#70.13#27.64#2.23
-97.5522,28.9515#70.09#27.65#2.25999999999999
-97.5002,28.9524#70.05#27.65#2.30000000000001
-97.4481,28.9532#69.97#27.66#2.37
-97.3961,28.954#69.89#27.68#2.43000000000001
-97.344,28.9548#69.8#27.69#2.51000000000001
-97.2919,28.9556#69.72#27.7#2.58
-97.2399,28.9564#69.64#27.71#2.65000000000001
-97.1878,28.9571#69.55#27.73#2.72
-97.1357,28.9578#69.47#27.74#2.79000000000001
-97.0837,28.9585#69.39#27.75#2.86
-97.0316,28.9592#69.3#27.76#2.94
-96.9796,28.9599#69.23#27.78#2.98999999999999
-96.9275,28.9606#69.16#27.8#3.04000000000001
-96.8754,28.9612#69.1#27.81#3.09
-96.8233,28.9618#69.03#27.83#3.14
-96.7713,28.9624#68.96#27.85#3.19
-96.7192,28.963#68.9#27.86#3.23999999999999
-96.6671,28.9636#68.83#27.88#3.29000000000001
-96.6151,28.9641#68.77#27.9#3.33000000000001
-96.563,28.9647#68.7#27.92#3.38
-96.5109,28.9652#68.64#27.93#3.43000000000001
-96.4589,28.9657#68.58#27.96#3.46000000000001
-96.4068,28.9662#68.52#27.98#3.5
-96.3547,28.9666#68.46#28.01#3.53
-96.3026,28.9671#68.41#28.04#3.55000000000001
-96.2506,28.9675#68.35#28.06#3.59
-96.1985,28.9679#68.29#28.09#3.61999999999999
-96.1464,28.9683#68.24#28.12#3.64
-96.0943,28.9687#68.18#28.14#3.67999999999999
-96.0423,28.969#68.12#28.17#3.70999999999999
-95.9902,28.9694#68.07#28.19#3.74000000000001
-95.9381,28.9697#68.02#28.21#3.77000000000001
-95.886,28.97#67.97#28.23#3.8
-95.834,28.9703#67.92#28.25#3.83
-95.7819,28.9706#67.87#28.27#3.86
-95.7298,28.9708#67.83#28.28#3.89
-95.6777,28.9711#67.78#28.3#3.92
-95.6257,28.9713#67.73#28.32#3.94999999999999
-95.5736,28.9715#67.68#28.34#3.97999999999999
-95.5215,28.9717#67.63#28.36#4.01000000000001
-95.4694,28.9718#67.54#28.37#4.08999999999999
-95.4173,28.972#67.43#28.38#4.19
-95.3653,28.9721#67.31#28.38#4.31
-95.3132,28.9722#67.19#28.38#4.43000000000001
-95.2611,28.9723#67.07#28.39#4.54000000000001
-95.209,28.9724#66.95#28.39#4.66
-95.157,28.9725#66.83#28.4#4.77000000000001
-95.1049,28.9725#66.71#28.4#4.89000000000001
-95.0528,28.9725#66.59#28.41#5
-95.0007,28.9726#66.47#28.41#5.12
-94.9486,28.9725#66.36#28.41#5.23
-94.8966,28.9725#66.25#28.41#5.34
-94.8445,28.9725#66.14#28.41#5.45
-94.7924,28.9724#66.03#28.41#5.56
-94.7403,28.9723#65.92#28.41#5.67
-94.6883,28.9722#65.81#28.41#5.78
-94.6362,28.9721#65.7#28.41#5.89
-94.5841,28.972#65.59#28.4#6.00999999999999
-94.532,28.9718#65.48#28.4#6.12
-94.4799,28.9717#65.4#28.4#6.19999999999999
-94.4279,28.9715#65.37#28.4#6.22999999999999
-94.3758,28.9713#65.33#28.4#6.27000000000001
-94.3237,28.9711#65.3#28.39#6.31
-94.2716,28.9708#65.26#28.39#6.34999999999999
-94.2196,28.9706#65.23#28.39#6.38
-94.1675,28.9703#65.19#28.39#6.42
-94.1154,28.97#65.16#28.38#6.46000000000001
-94.0633,28.9697#65.13#28.38#6.49000000000001
-94.0113,28.9694#65.09#28.38#6.53
-93.9592,28.9691#65.09#28.38#6.53
-93.9071,28.9687#65.1#28.37#6.53
-93.855,28.9683#65.12#28.37#6.50999999999999
-93.803,28.9679#65.13#28.37#6.5
-93.7509,28.9675#65.14#28.37#6.48999999999999
-93.6988,28.9671#65.15#28.36#6.48999999999999
-93.6467,28.9666#65.16#28.36#6.48
-93.5947,28.9662#65.17#28.36#6.47
-93.5426,28.9657#65.18#28.36#6.45999999999999
-93.4905,28.9652#65.18#28.35#6.47
-93.4384,28.9647#65.15#28.35#6.5
-93.3864,28.9641#65.12#28.35#6.53
-93.3343,28.9636#65.09#28.35#6.56
-93.2822,28.963#65.06#28.34#6.59999999999999
-93.2302,28.9624#65.03#28.34#6.63
-93.1781,28.9618#65#28.34#6.66
-93.126,28.9612#64.97#28.33#6.7
-93.074,28.9606#64.93#28.33#6.73999999999999
-93.0219,28.9599#64.9#28.33#6.77
-92.9698,28.9593#64.86#28.32#6.81999999999999
-92.9178,28.9586#64.8#28.31#6.89
-92.8657,28.9579#64.75#28.3#6.95
-92.8136,28.9571#64.69#28.28#7.03
-92.7616,28.9564#64.64#28.27#7.09
-92.7095,28.9556#64.58#28.26#7.16
-92.6574,28.9548#64.53#28.25#7.22
-92.6054,28.954#64.47#28.24#7.29000000000001
-92.5533,28.9532#64.42#28.22#7.36
-92.5012,28.9524#64.36#28.21#7.43000000000001
-92.4492,28.9516#64.31#28.2#7.48999999999999
-92.3971,28.9507#64.25#28.18#7.56999999999999
-92.3451,28.9498#64.2#28.16#7.64
-92.293,28.9489#64.15#28.14#7.70999999999999
-92.241,28.948#64.09#28.13#7.78
-92.1889,28.947#64.04#28.11#7.84999999999999
-92.1368,28.9461#63.98#28.09#7.93000000000001
-92.0848,28.9451#63.93#28.08#7.99000000000001
-92.0327,28.9441#63.88#28.06#8.06
-91.9807,28.9431#63.83#28.04#8.13
-91.9286,28.9421#63.78#28.01#8.20999999999999
-91.8766,28.9411#63.73#27.99#8.28
-91.8245,28.94#63.69#27.96#8.34999999999999
-91.7725,28.9389#63.64#27.93#8.43000000000001
-91.7204,28.9378#63.59#27.91#8.5
-91.6684,28.9367#63.55#27.88#8.57000000000001
-91.6163,28.9356#63.5#27.86#8.64
-91.5643,28.9345#63.45#27.83#8.72
-91.5122,28.9333#63.41#27.8#8.79000000000001
-91.4602,28.9321#63.36#27.78#8.86
-91.4082,28.9309#63.32#27.76#8.92
-91.3561,28.9297#63.28#27.74#8.98
-91.3041,28.9285#63.24#27.73#9.03
-91.252,28.9272#63.2#27.71#9.09
-91.2,28.9259#63.17#27.69#9.14
-91.148,28.9247#63.13#27.67#9.19999999999999
-91.0959,28.9234#63.09#27.65#9.25999999999999
-91.0439,28.922#63.05#27.63#9.32000000000001
-90.9919,28.9207#63.01#27.61#9.38
-90.9398,28.9193#62.98#27.61#9.41
-90.8878,28.918#62.95#27.6#9.44999999999999
-90.8358,28.9166#62.93#27.59#9.48
-90.7837,28.9152#62.9#27.58#9.52000000000001
-90.7317,28.9137#62.87#27.58#9.55000000000001
-90.6797,28.9123#62.84#27.57#9.59
-90.6277,28.9108#62.82#27.56#9.62
-90.5756,28.9094#62.79#27.56#9.65000000000001
-90.5236,28.9079#62.76#27.55#9.69
-90.4716,28.9064#62.74#27.54#9.72
-90.4196,28.9048#62.72#27.54#9.74000000000001
-90.3676,28.9033#62.7#27.54#9.75999999999999
-90.3155,28.9017#62.69#27.53#9.78
-90.2635,28.9001#62.67#27.53#9.8
-101.04,28.9004#60.84#27.52#11.64
-100.988,28.9024#61.2#27.52#11.28
-100.936,28.9044#61.45#27.52#11.03
-100.884,28.9064#61.7#27.52#10.78
-100.832,28.9083#61.96#27.52#10.52
-100.78,28.9103#62.21#27.52#10.27
-100.728,28.9122#62.46#27.53#10.01
-100.676,28.9141#62.71#27.53#9.75999999999999
-100.624,28.916#62.96#27.53#9.50999999999999
-100.572,28.9179#63.21#27.53#9.25999999999999
-100.52,28.9198#63.47#27.53#9
-100.468,28.9216#63.69#27.53#8.78
-100.416,28.9235#63.9#27.53#8.56999999999999
-100.364,28.9253#64.11#27.53#8.36
-100.312,28.9271#64.32#27.53#8.15000000000001
-100.26,28.9288#64.53#27.54#7.93000000000001
-100.208,28.9306#64.73#27.54#7.72999999999999
-100.156,28.9323#64.94#27.54#7.52000000000001
-100.104,28.9341#65.15#27.54#7.31
-100.052,28.9358#65.35#27.54#7.11000000000001
-99.9999,28.9375#65.56#27.54#6.90000000000001
-99.9479,28.9391#65.73#27.55#6.72
-99.8958,28.9408#65.9#27.55#6.55
-99.8438,28.9424#66.07#27.55#6.38000000000001
-99.7918,28.944#66.24#27.55#6.21000000000001
-99.7397,28.9456#66.41#27.55#6.04000000000001
-99.6877,28.9472#66.58#27.55#5.87
-99.6357,28.9488#66.75#27.56#5.69
-99.5836,28.9503#66.92#27.56#5.52
-99.5316,28.9519#67.09#27.56#5.34999999999999
-99.4795,28.9534#67.24#27.56#5.2
-99.4275,28.9549#67.35#27.56#5.09
-99.3755,28.9564#67.47#27.56#4.97
-99.3234,28.9578#67.59#27.57#4.84
-99.2714,28.9593#67.7#27.57#4.72999999999999
-99.2193,28.9607#67.82#27.57#4.61000000000001
-99.1673,28.9621#67.93#27.57#4.5
-99.1152,28.9635#68.05#27.57#4.38
-99.0632,28.9649#68.17#27.58#4.25
-99.0111,28.9662#68.28#27.58#4.14
-98.9591,28.9676#68.37#27.58#4.05
-98.907,28.9689#68.46#27.58#3.96000000000001
-98.8549,28.9702#68.54#27.58#3.88
-98.8029,28.9715#68.63#27.59#3.78
-98.7508,28.9727#68.71#27.59#3.7
-98.6988,28.974#68.8#27.59#3.61
-98.6467,28.9752#68.88#27.59#3.53
-98.5947,28.9764#68.97#27.59#3.44
-98.5426,28.9776#69.05#27.6#3.34999999999999
-98.4905,28.9788#69.14#27.6#3.25999999999999
-98.4385,28.98#69.25#27.6#3.15000000000001
-98.3864,28.9811#69.36#27.6#3.03999999999999
-98.3343,28.9823#69.46#27.6#2.94
-98.2823,28.9834#69.57#27.61#2.82000000000001
-98.2302,28.9845#69.68#27.61#2.70999999999999
-98.1781,28.9855#69.79#27.61#2.59999999999999
-98.1261,28.9866#69.9#27.61#2.48999999999999
-98.074,28.9876#70#27.61#2.39
-98.0219,28.9887#70.11#27.62#2.27
-97.9698,28.9897#70.14#27.62#2.23999999999999
-97.9178,28.9907#70.1#27.62#2.28
-97.8657,28.9916#70.07#27.62#2.31
-97.8136,28.9926#70.03#27.63#2.34
-97.7615,28.9935#69.99#27.63#2.38000000000001
-97.7095,28.9944#69.96#27.63#2.41000000000001
-97.6574,28.9953#69.92#27.64#2.44
-97.6053,28.9962#69.89#27.64#2.47
-97.5532,28.9971#69.85#27.64#2.51000000000001
-97.5012,28.9979#69.82#27.64#2.54000000000001
-97.4491,28.9988#69.74#27.66#2.60000000000001
-97.397,28.9996#69.66#27.67#2.67
-97.3449,29.0004#69.58#27.68#2.74000000000001
-97.2928,29.0012#69.51#27.69#2.8
-97.2407,29.0019#69.43#27.7#2.86999999999999
-97.1887,29.0027#69.35#27.71#2.94
-97.1366,29.0034#69.27#27.73#3
-97.0845,29.0041#69.2#27.74#3.06
-97.0324,29.0048#69.12#27.75#3.13
-96.9803,29.0055#69.05#27.76#3.19
-96.9282,29.0061#68.98#27.78#3.23999999999999
-96.8761,29.0068#68.92#27.8#3.28
-96.824,29.0074#68.85#27.81#3.34
-96.772,29.008#68.79#27.83#3.38
-96.7199,29.0086#68.72#27.85#3.43000000000001
-96.6678,29.0092#68.66#27.86#3.48
-96.6157,29.0097#68.6#27.88#3.52000000000001
-96.5636,29.0102#68.53#27.9#3.56999999999999
-96.5115,29.0108#68.47#27.92#3.61
-96.4594,29.0113#68.41#27.94#3.65000000000001
-96.4073,29.0117#68.35#27.96#3.69
-96.3552,29.0122#68.3#27.99#3.71000000000001
-96.3031,29.0127#68.24#28.01#3.75
-96.251,29.0131#68.18#28.04#3.78
-96.1989,29.0135#68.13#28.06#3.81
-96.1469,29.0139#68.07#28.09#3.84
-96.0948,29.0143#68.02#28.11#3.87
-96.0427,29.0146#67.96#28.14#3.90000000000001
-95.9906,29.015#67.91#28.16#3.93000000000001
-95.9385,29.0153#67.86#28.18#3.96000000000001
-95.8864,29.0156#67.81#28.2#3.98999999999999
-95.8343,29.0159#67.76#28.22#4.02
-95.7822,29.0162#67.71#28.24#4.05000000000001
-95.7301,29.0164#67.67#28.26#4.06999999999999
-95.678,29.0166#67.62#28.28#4.09999999999999
-95.6259,29.0169#67.57#28.3#4.13000000000001
-95.5738,29.0171#67.52#28.32#4.16
-95.5217,29.0172#67.47#28.34#4.19
-95.4696,29.0174#67.39#28.36#4.25
-95.4175,29.0176#67.27#28.36#4.37
-95.3654,29.0177#67.16#28.37#4.47
-95.3133,29.0178#67.05#28.37#4.58
-95.2612,29.0179#66.94#28.38#4.68000000000001
-95.2091,29.018#66.82#28.39#4.79000000000001
-95.157,29.018#66.71#28.39#4.90000000000001
-95.1049,29.0181#66.6#28.4#5
-95.0528,29.0181#66.49#28.4#5.11000000000001
-95.0007,29.0181#66.38#28.41#5.21000000000001
-94.9486,29.0181#66.27#28.41#5.32000000000001
-94.8965,29.0181#66.16#28.41#5.43000000000001
-94.8444,29.018#66.06#28.41#5.53
-94.7923,29.018#65.95#28.41#5.64
-94.7402,29.0179#65.84#28.41#5.75
-94.6881,29.0178#65.74#28.41#5.85000000000001
-94.636,29.0177#65.63#28.4#5.97
-94.5839,29.0176#65.52#28.4#6.08000000000001
-94.5318,29.0174#65.42#28.4#6.18000000000001
-94.4797,29.0173#65.34#28.4#6.25999999999999
-94.4276,29.0171#65.31#28.4#6.28999999999999
-94.3755,29.0169#65.28#28.4#6.31999999999999
-94.3234,29.0167#65.25#28.39#6.36
-94.2714,29.0164#65.21#28.39#6.40000000000001
-94.2193,29.0162#65.18#28.39#6.42999999999999
-94.1672,29.0159#65.15#28.39#6.45999999999999
-94.1151,29.0156#65.12#28.38#6.5
-94.063,29.0153#65.09#28.38#6.53
-94.0109,29.015#65.06#28.38#6.56
-93.9588,29.0146#65.07#28.38#6.55000000000001
-93.9067,29.0143#65.09#28.37#6.53999999999999
-93.8546,29.0139#65.11#28.37#6.52
-93.8025,29.0135#65.13#28.37#6.5
-93.7504,29.0131#65.15#28.37#6.47999999999999
-93.6983,29.0127#65.17#28.36#6.47
-93.6462,29.0122#65.19#28.36#6.45
-93.5941,29.0118#65.21#28.36#6.43000000000001
-93.542,29.0113#65.23#28.36#6.41
-93.4899,29.0108#65.24#28.35#6.41
-93.4378,29.0103#65.21#28.35#6.44
-93.3858,29.0097#65.19#28.35#6.46000000000001
-93.3337,29.0092#65.17#28.34#6.48999999999999
-93.2816,29.0086#65.15#28.34#6.50999999999999
-93.2295,29.008#65.12#28.34#6.53999999999999
-93.1774,29.0074#65.1#28.34#6.56
-93.1253,29.0068#65.07#28.33#6.60000000000001
-93.0732,29.0062#65.05#28.33#6.62
-93.0211,29.0055#65.02#28.33#6.65000000000001
-92.969,29.0048#64.98#28.32#6.69999999999999
-92.917,29.0041#64.93#28.31#6.75999999999999
-92.8649,29.0034#64.88#28.3#6.82000000000001
-92.8128,29.0027#64.83#28.29#6.88
-92.7607,29.002#64.77#28.28#6.95
-92.7086,29.0012#64.72#28.27#7.01000000000001
-92.6565,29.0004#64.67#28.25#7.08
-92.6045,28.9996#64.62#28.24#7.14
-92.5524,28.9988#64.56#28.23#7.20999999999999
-92.5003,28.998#64.51#28.22#7.27
-92.4482,28.9971#64.46#28.2#7.34
-92.3961,28.9963#64.4#28.19#7.41
-92.3441,28.9954#64.35#28.17#7.48
-92.292,28.9945#64.3#28.15#7.55000000000001
-92.2399,28.9936#64.25#28.14#7.61
-92.1878,28.9926#64.19#28.12#7.69
-92.1357,28.9917#64.14#28.1#7.75999999999999
-92.0837,28.9907#64.09#28.09#7.81999999999999
-92.0316,28.9897#64.03#28.07#7.90000000000001
-91.9795,28.9887#63.98#28.05#7.97
-91.9275,28.9877#63.94#28.02#8.04000000000001
-91.8754,28.9866#63.89#28#8.11
-91.8233,28.9856#63.84#27.97#8.19
-91.7712,28.9845#63.8#27.95#8.25
-91.7192,28.9834#63.75#27.92#8.33
-91.6671,28.9823#63.7#27.9#8.40000000000001
-91.615,28.9812#63.66#27.87#8.47
-91.563,28.98#63.61#27.85#8.53999999999999
-91.5109,28.9789#63.56#27.82#8.62
-91.4588,28.9777#63.52#27.8#8.67999999999999
-91.4068,28.9765#63.48#27.78#8.74000000000001
-91.3547,28.9753#63.44#27.76#8.8
-91.3027,28.974#63.4#27.74#8.86
-91.2506,28.9728#63.36#27.72#8.92
-91.1985,28.9715#63.31#27.7#8.98999999999999
-91.1465,28.9702#63.27#27.68#9.05
-91.0944,28.9689#63.23#27.66#9.11
-91.0424,28.9676#63.19#27.64#9.17
-90.9903,28.9663#63.15#27.62#9.23
-90.9383,28.9649#63.12#27.62#9.26000000000001
-90.8862,28.9635#63.09#27.61#9.3
-90.8342,28.9621#63.06#27.6#9.34
-90.7821,28.9607#63.03#27.59#9.38
-90.7301,28.9593#63#27.58#9.42
-90.678,28.9579#62.97#27.57#9.46000000000001
-90.626,28.9564#62.94#27.57#9.49000000000001
-90.5739,28.9549#62.91#27.56#9.53
-90.5219,28.9534#62.89#27.55#9.56
-90.4699,28.9519#62.86#27.54#9.59999999999999
-90.4178,28.9504#62.84#27.54#9.62
-90.3658,28.9488#62.82#27.54#9.64
-90.3137,28.9473#62.81#27.53#9.66
-90.2617,28.9457#62.79#27.53#9.68000000000001
-90.2097,28.9441#62.77#27.53#9.69999999999999
-90.1576,28.9425#62.75#27.52#9.73
-90.1056,28.9408#62.73#27.52#9.75
-90.0536,28.9392#62.71#27.52#9.77
-90.0016,28.9375#62.7#27.51#9.78999999999999
-89.9495,28.9358#62.68#27.51#9.81
-89.8975,28.9341#62.66#27.51#9.83
-89.8455,28.9324#62.64#27.51#9.84999999999999
-89.7935,28.9306#62.62#27.51#9.87
-89.7414,28.9289#62.6#27.51#9.89
-89.6894,28.9271#62.58#27.5#9.92
-89.6374,28.9253#62.57#27.5#9.93000000000001
-89.5854,28.9235#62.55#27.5#9.95
-89.5334,28.9217#62.53#27.5#9.97
-89.4814,28.9198#62.51#27.5#9.99000000000001
-89.4293,28.918#62.49#27.5#10.01
-89.3773,28.9161#62.47#27.49#10.04
-89.3253,28.9142#62.45#27.49#10.06
-89.2733,28.9123#62.43#27.49#10.08
-89.2213,28.9103#62.41#27.49#10.1
-89.1693,28.9084#62.39#27.49#10.12
-89.1173,28.9064#62.37#27.49#10.14
-89.0653,28.9044#62.35#27.49#10.16
-89.0133,28.9024#62.33#27.49#10.18
-88.9613,28.9004#62.3#27.49#10.21
-102.082,28.9018#52.46#27.55#19.99
-102.03,28.9042#52.87#27.54#19.59
-101.978,28.9065#53.29#27.54#19.17
-101.926,28.9089#53.73#27.53#18.74
-101.874,28.9112#54.18#27.53#18.29
-101.822,28.9135#54.62#27.53#17.85
-101.77,28.9158#55.06#27.53#17.41
-101.718,28.918#55.5#27.52#16.98
-101.666,28.9203#55.93#27.52#16.55
-101.614,28.9225#56.37#27.52#16.11
-101.562,28.9247#56.81#27.52#15.67
-101.51,28.9269#57.24#27.51#15.25
-101.458,28.9291#57.64#27.51#14.85
-101.406,28.9313#58.03#27.51#14.46
-101.354,28.9334#58.41#27.51#14.08
-101.302,28.9355#58.8#27.51#13.69
-101.25,28.9376#59.19#27.51#13.3
-101.198,28.9397#59.57#27.51#12.92
-101.146,28.9418#59.96#27.51#12.53
-101.094,28.9439#60.35#27.51#12.14
-101.042,28.9459#60.73#27.51#11.76
-100.99,28.9479#61.09#27.51#11.4
-100.938,28.9499#61.34#27.51#11.15
-100.886,28.9519#61.6#27.51#10.89
-100.834,28.9539#61.85#27.51#10.64
-100.782,28.9558#62.1#27.52#10.38
-100.73,28.9578#62.35#27.52#10.13
-100.678,28.9597#62.6#27.52#9.88
-100.626,28.9616#62.86#27.52#9.62
-100.574,28.9635#63.11#27.52#9.37
-100.522,28.9653#63.36#27.52#9.12
-100.47,28.9672#63.58#27.52#8.90000000000001
-100.418,28.969#63.79#27.52#8.69
-100.366,28.9708#63.99#27.53#8.47999999999999
-100.314,28.9726#64.19#27.53#8.28
-100.262,28.9744#64.39#27.53#8.08
-100.21,28.9761#64.59#27.53#7.88
-100.158,28.9779#64.79#27.53#7.67999999999999
-100.106,28.9796#64.99#27.53#7.48
-100.054,28.9813#65.19#27.53#7.28
-100.002,28.983#65.38#27.54#7.08000000000001
-99.9498,28.9847#65.55#27.54#6.91
-99.8977,28.9863#65.72#27.54#6.74000000000001
-99.8457,28.988#65.89#27.54#6.56999999999999
-99.7936,28.9896#66.05#27.54#6.41
-99.7415,28.9912#66.22#27.54#6.24000000000001
-99.6895,28.9928#66.39#27.55#6.06
-99.6374,28.9943#66.55#27.55#5.90000000000001
-99.5854,28.9959#66.72#27.55#5.73
-99.5333,28.9974#66.89#27.55#5.56
-99.4813,28.9989#67.04#27.55#5.41
-99.4292,29.0004#67.15#27.56#5.28999999999999
-99.3771,29.0019#67.27#27.56#5.17
-99.3251,29.0034#67.38#27.56#5.06
-99.273,29.0048#67.49#27.56#4.95
-99.2209,29.0062#67.61#27.56#4.83
-99.1689,29.0077#67.72#27.57#4.71000000000001
-99.1168,29.009#67.84#27.57#4.59
-99.0647,29.0104#67.95#27.57#4.47999999999999
-99.0127,29.0118#68.07#27.57#4.36000000000001
-98.9606,29.0131#68.16#27.57#4.27000000000001
-98.9085,29.0144#68.24#27.58#4.18000000000001
-98.8564,29.0157#68.33#27.58#4.09
-98.8044,29.017#68.41#27.58#4.01000000000001
-98.7523,29.0183#68.5#27.58#3.92
-98.7002,29.0195#68.58#27.58#3.84
-98.6481,29.0208#68.67#27.59#3.73999999999999
-98.596,29.022#68.75#27.59#3.66
-98.544,29.0232#68.84#27.59#3.56999999999999
-98.4919,29.0244#68.92#27.59#3.48999999999999
-98.4398,29.0255#69.03#27.59#3.38
-98.3877,29.0267#69.13#27.6#3.27000000000001
-98.3356,29.0278#69.24#27.6#3.16
-98.2835,29.0289#69.34#27.6#3.06
-98.2314,29.03#69.44#27.6#2.96000000000001
-98.1794,29.0311#69.55#27.6#2.84999999999999
-98.1273,29.0322#69.65#27.61#2.73999999999999
-98.0752,29.0332#69.76#27.61#2.63
-98.0231,29.0342#69.86#27.61#2.53
-97.971,29.0352#69.89#27.61#2.5
-97.9189,29.0362#69.85#27.62#2.53
-97.8668,29.0372#69.82#27.62#2.56
-97.8147,29.0382#69.78#27.62#2.59999999999999
-97.7626,29.0391#69.75#27.62#2.63
-97.7105,29.04#69.72#27.63#2.65000000000001
-97.6584,29.0409#69.68#27.63#2.69
-97.6063,29.0418#69.65#27.63#2.72
-97.5542,29.0427#69.62#27.64#2.73999999999999
-97.5021,29.0435#69.58#27.64#2.78
-97.45,29.0443#69.51#27.65#2.84
-97.3979,29.0452#69.44#27.66#2.90000000000001
-97.3458,29.046#69.37#27.67#2.95999999999999
-97.2937,29.0467#69.29#27.68#3.03
-97.2416,29.0475#69.22#27.69#3.09
-97.1895,29.0482#69.15#27.7#3.14999999999999
-97.1374,29.049#69.08#27.71#3.21000000000001
-97.0853,29.0497#69.01#27.72#3.27
-97.0332,29.0504#68.94#27.73#3.33
-96.9811,29.051#68.87#27.74#3.39
-96.929,29.0517#68.8#27.76#3.44
-96.8769,29.0523#68.74#27.78#3.48
-96.8247,29.053#68.68#27.8#3.52
-96.7726,29.0536#68.61#27.81#3.58
-96.7205,29.0542#68.55#27.83#3.62
-96.6684,29.0547#68.49#27.85#3.66
-96.6163,29.0553#68.42#27.86#3.72
-96.5642,29.0558#68.36#27.88#3.76000000000001
-96.5121,29.0563#68.3#27.9#3.80000000000001
-96.46,29.0568#68.24#27.92#3.84
-96.4079,29.0573#68.18#27.94#3.88
-96.3557,29.0578#68.13#27.97#3.90000000000001
-96.3036,29.0582#68.07#27.99#3.94000000000001
-96.2515,29.0587#68.02#28.02#3.96000000000001
-96.1994,29.0591#67.96#28.04#4
-96.1473,29.0595#67.91#28.06#4.03
-96.0952,29.0598#67.86#28.09#4.05
-96.0431,29.0602#67.8#28.11#4.09
-95.9909,29.0605#67.75#28.14#4.11
-95.9388,29.0609#67.7#28.16#4.14
-95.8867,29.0612#67.65#28.18#4.16999999999999
-95.8346,29.0615#67.6#28.2#4.2
-95.7825,29.0617#67.55#28.22#4.23
-95.7304,29.062#67.5#28.24#4.26000000000001
-95.6783,29.0622#67.46#28.26#4.28
-95.6261,29.0624#67.41#28.28#4.31
-95.574,29.0626#67.36#28.31#4.33
-95.5219,29.0628#67.31#28.33#4.36
-95.4698,29.063#67.23#28.34#4.42999999999999
-95.4177,29.0631#67.12#28.35#4.53
-95.3655,29.0633#67.02#28.36#4.62
-95.3134,29.0634#66.91#28.36#4.73
-95.2613,29.0635#66.8#28.37#4.83
-95.2092,29.0636#66.7#28.38#4.92
-95.1571,29.0636#66.59#28.38#5.03
-95.105,29.0637#66.49#28.39#5.12
-95.0528,29.0637#66.38#28.4#5.22
-95.0007,29.0637#66.28#28.41#5.31
-94.9486,29.0637#66.17#28.41#5.42
-94.8965,29.0637#66.07#28.41#5.52000000000001
-94.8444,29.0636#65.97#28.41#5.62
-94.7922,29.0636#65.86#28.4#5.74000000000001
-94.7401,29.0635#65.76#28.4#5.84
-94.688,29.0634#65.66#28.4#5.94
-94.6359,29.0633#65.56#28.4#6.03999999999999
-94.5838,29.0631#65.45#28.4#6.15000000000001
-94.5317,29.063#65.35#28.4#6.25
-94.4795,29.0628#65.28#28.4#6.31999999999999
-94.4274,29.0626#65.25#28.4#6.34999999999999
-94.3753,29.0624#65.22#28.39#6.39
-94.3232,29.0622#65.19#28.39#6.42
-94.2711,29.062#65.16#28.39#6.45
-94.219,29.0617#65.14#28.39#6.47
-94.1668,29.0615#65.11#28.38#6.51000000000001
-94.1147,29.0612#65.08#28.38#6.54000000000001
-94.0626,29.0609#65.05#28.38#6.57000000000001
-94.0105,29.0605#65.02#28.38#6.60000000000001
-93.9584,29.0602#65.04#28.37#6.58999999999999
-93.9063,29.0598#65.07#28.37#6.56
-93.8541,29.0595#65.1#28.37#6.53
-93.802,29.0591#65.13#28.37#6.5
-93.7499,29.0587#65.16#28.36#6.48
-93.6978,29.0582#65.19#28.36#6.45
-93.6457,29.0578#65.22#28.36#6.42
-93.5936,29.0573#65.24#28.36#6.40000000000001
-93.5415,29.0568#65.27#28.35#6.38
-93.4894,29.0563#65.29#28.35#6.35999999999999
-93.4372,29.0558#65.28#28.35#6.37
-93.3851,29.0553#65.26#28.35#6.38999999999999
-93.333,29.0547#65.25#28.34#6.41
-93.2809,29.0542#65.23#28.34#6.42999999999999
-93.2288,29.0536#65.21#28.34#6.45
-93.1767,29.053#65.2#28.34#6.45999999999999
-93.1246,29.0524#65.18#28.33#6.48999999999999
-93.0725,29.0517#65.17#28.33#6.5
-93.0204,29.0511#65.15#28.33#6.52
-92.9683,29.0504#65.11#28.32#6.56999999999999
-92.9162,29.0497#65.06#28.31#6.63
-92.864,29.049#65.01#28.3#6.69
-92.8119,29.0483#64.96#28.29#6.75
-92.7598,29.0475#64.91#28.28#6.81
-92.7077,29.0468#64.86#28.27#6.87
-92.6556,29.046#64.81#28.26#6.92999999999999
-92.6035,29.0452#64.76#28.25#6.98999999999999
-92.5514,29.0444#64.71#28.24#7.05000000000001
-92.4993,29.0435#64.66#28.23#7.11
-92.4472,29.0427#64.61#28.21#7.18000000000001
-92.3951,29.0418#64.55#28.2#7.25
-92.343,29.0409#64.5#28.18#7.31999999999999
-92.2909,29.04#64.45#28.16#7.39
-92.2388,29.0391#64.4#28.15#7.44999999999999
-92.1867,29.0382#64.35#28.13#7.52000000000001
-92.1346,29.0372#64.29#28.11#7.59999999999999
-92.0825,29.0363#64.24#28.1#7.66
-92.0305,29.0353#64.19#28.08#7.73
-91.9784,29.0343#64.14#28.06#7.8
-91.9263,29.0332#64.09#28.04#7.87
-91.8742,29.0322#64.05#28.01#7.94
-91.8221,29.0311#64#27.99#8.01000000000001
-91.77,29.0301#63.95#27.96#8.09
-91.7179,29.029#63.91#27.94#8.15000000000001
-91.6658,29.0279#63.86#27.92#8.22
-91.6137,29.0267#63.81#27.89#8.3
-91.5617,29.0256#63.77#27.87#8.36
-91.5096,29.0244#63.72#27.84#8.44
-91.4575,29.0232#63.68#27.82#8.5
-91.4054,29.022#63.63#27.8#8.56999999999999
-91.3533,29.0208#63.59#27.78#8.63
-91.3012,29.0196#63.55#27.76#8.69
-91.2492,29.0183#63.51#27.74#8.75
-91.1971,29.0171#63.46#27.71#8.83
-91.145,29.0158#63.42#27.69#8.89
-91.0929,29.0145#63.38#27.67#8.94999999999999
-91.0409,29.0132#63.34#27.65#9.00999999999999
-90.9888,29.0118#63.3#27.63#9.07000000000001
-90.9367,29.0105#63.26#27.62#9.12
-90.8846,29.0091#63.23#27.61#9.16
-90.8326,29.0077#63.2#27.61#9.19
-90.7805,29.0063#63.17#27.6#9.22999999999999
-90.7284,29.0049#63.14#27.59#9.27
-90.6764,29.0034#63.1#27.58#9.31999999999999
-90.6243,29.0019#63.07#27.57#9.36
-90.5722,29.0005#63.04#27.56#9.40000000000001
-90.5202,28.999#63.01#27.55#9.44
-90.4681,28.9975#62.98#27.54#9.48
-90.4161,28.9959#62.96#27.54#9.5
-90.364,28.9944#62.95#27.54#9.50999999999999
-90.3119,28.9928#62.93#27.53#9.53999999999999
-90.2599,28.9912#62.91#27.53#9.56
-90.2078,28.9896#62.89#27.53#9.58
-90.1558,28.988#62.87#27.52#9.61
-90.1037,28.9864#62.85#27.52#9.63
-90.0517,28.9847#62.83#27.52#9.65000000000001
-89.9996,28.983#62.81#27.51#9.67999999999999
-89.9476,28.9814#62.79#27.51#9.7
-89.8955,28.9797#62.76#27.51#9.73
-89.8435,28.9779#62.74#27.51#9.75
-89.7915,28.9762#62.72#27.5#9.78
-89.7394,28.9744#62.7#27.5#9.8
-89.6874,28.9727#62.68#27.5#9.81999999999999
-89.6353,28.9709#62.66#27.5#9.84
-89.5833,28.969#62.64#27.5#9.86
-89.5313,28.9672#62.62#27.5#9.88
-89.4792,28.9654#62.59#27.49#9.92
-89.4272,28.9635#62.57#27.49#9.94
-89.3752,28.9616#62.55#27.49#9.96000000000001
-89.3232,28.9597#62.52#27.49#9.98999999999999
-89.2711,28.9578#62.5#27.49#10.01
-89.2191,28.9559#62.47#27.49#10.04
-89.1671,28.9539#62.45#27.49#10.06
-89.1151,28.952#62.43#27.49#10.08
-89.063,28.95#62.4#27.48#10.12
-89.011,28.948#62.38#27.48#10.14
-88.959,28.946#62.36#27.48#10.16
-88.907,28.9439#62.33#27.48#10.19
-88.855,28.9419#62.3#27.48#10.22
-88.803,28.9398#62.27#27.48#10.25
-88.751,28.9377#62.25#27.48#10.27
-88.699,28.9356#62.22#27.47#10.31
-88.6469,28.9335#62.2#27.47#10.33
-88.5949,28.9313#62.17#27.47#10.36
-88.5429,28.9292#62.15#27.47#10.38
-88.4909,28.927#62.13#27.47#10.4
-88.4389,28.9248#62.14#27.47#10.39
-88.387,28.9226#62.16#27.46#10.38
-88.335,28.9203#62.17#27.46#10.37
-88.283,28.9181#62.18#27.46#10.36
-88.231,28.9158#62.19#27.46#10.35
-88.179,28.9135#62.2#27.46#10.34
-88.127,28.9112#62.2#27.46#10.34
-88.075,28.9089#62.21#27.45#10.34
-88.023,28.9066#62.21#27.45#10.34
-87.9711,28.9042#62.2#27.45#10.35
-87.9191,28.9019#62.19#27.45#10.36
-103.021,28.9017#46.24#27.79#25.97
-102.969,28.9043#46.54#27.76#25.7
-102.917,28.907#46.84#27.74#25.42
-102.865,28.9097#47.14#27.73#25.13
-102.813,28.9123#47.44#27.71#24.85
-102.761,28.9149#47.74#27.69#24.57
-102.709,28.9175#48.04#27.68#24.28
-102.657,28.9201#48.34#27.66#24
-102.605,28.9226#48.64#27.64#23.72
-102.553,28.9252#48.94#27.62#23.44
-102.501,28.9277#49.24#27.61#23.15
-102.449,28.9302#49.65#27.6#22.75
-102.397,28.9327#50.06#27.59#22.35
-102.345,28.9352#50.46#27.58#21.96
-102.293,28.9377#50.87#27.57#21.56
-102.241,28.9401#51.27#27.56#21.17
-102.189,28.9425#51.68#27.56#20.76
-102.137,28.9449#52.08#27.55#20.37
-102.085,28.9473#52.49#27.54#19.97
-102.033,28.9497#52.89#27.53#19.58
-101.981,28.952#53.31#27.53#19.16
-101.929,28.9544#53.74#27.52#18.74
-101.877,28.9567#54.17#27.52#18.31
-101.825,28.959#54.6#27.52#17.88
-101.773,28.9613#55.03#27.52#17.45
-101.721,28.9636#55.46#27.51#17.03
-101.669,28.9658#55.89#27.51#16.6
-101.617,28.968#56.31#27.51#16.18
-101.565,28.9702#56.74#27.51#15.75
-101.513,28.9724#57.16#27.5#15.34
-101.461,28.9746#57.56#27.5#14.94
-101.409,28.9768#57.94#27.5#14.56
-101.357,28.9789#58.32#27.5#14.18
-101.305,28.9811#58.71#27.5#13.79
-101.253,28.9832#59.09#27.5#13.41
-101.201,28.9853#59.47#27.5#13.03
-101.149,28.9873#59.86#27.5#12.64
-101.097,28.9894#60.24#27.5#12.26
-101.045,28.9914#60.62#27.5#11.88
-100.993,28.9935#60.98#27.5#11.52
-100.941,28.9955#61.24#27.5#11.26
-100.889,28.9974#61.49#27.51#11
-100.837,28.9994#61.74#27.51#10.75
-100.785,29.0014#61.99#27.51#10.5
-100.733,29.0033#62.25#27.51#10.24
-100.68,29.0052#62.5#27.51#9.98999999999999
-100.628,29.0071#62.75#27.51#9.73999999999999
-100.576,29.009#63#27.51#9.48999999999999
-100.524,29.0109#63.26#27.51#9.23
-100.472,29.0127#63.48#27.51#9.01000000000001
-100.42,29.0145#63.67#27.52#8.81
-100.368,29.0164#63.87#27.52#8.61
-100.316,29.0181#64.06#27.52#8.42
-100.264,29.0199#64.25#27.52#8.23
-100.212,29.0217#64.45#27.52#8.03
-100.16,29.0234#64.64#27.52#7.84
-100.108,29.0251#64.83#27.53#7.64
-100.056,29.0269#65.02#27.53#7.45
-100.004,29.0285#65.21#27.53#7.26000000000001
-99.9517,29.0302#65.38#27.53#7.09
-99.8996,29.0319#65.54#27.53#6.92999999999999
-99.8475,29.0335#65.7#27.53#6.77
-99.7954,29.0351#65.87#27.54#6.59
-99.7434,29.0367#66.03#27.54#6.43000000000001
-99.6913,29.0383#66.2#27.54#6.25999999999999
-99.6392,29.0399#66.36#27.54#6.09999999999999
-99.5871,29.0414#66.52#27.54#5.94
-99.5351,29.043#66.69#27.55#5.76000000000001
-99.483,29.0445#66.83#27.55#5.62
-99.4309,29.046#66.95#27.55#5.5
-99.3788,29.0475#67.06#27.55#5.39
-99.3267,29.0489#67.17#27.55#5.28
-99.2746,29.0504#67.29#27.55#5.16
-99.2226,29.0518#67.4#27.56#5.03999999999999
-99.1705,29.0532#67.51#27.56#4.92999999999999
-99.1184,29.0546#67.63#27.56#4.81
-99.0663,29.056#67.74#27.56#4.7
-99.0142,29.0573#67.85#27.56#4.59
-98.9621,29.0587#67.95#27.57#4.47999999999999
-98.91,29.06#68.03#27.57#4.40000000000001
-98.8579,29.0613#68.11#27.57#4.31999999999999
-98.8058,29.0626#68.2#27.57#4.22999999999999
-98.7537,29.0639#68.28#27.58#4.14
-98.7016,29.0651#68.37#27.58#4.05
-98.6495,29.0663#68.45#27.58#3.97
-98.5974,29.0676#68.54#27.58#3.88
-98.5453,29.0688#68.62#27.58#3.8
-98.4932,29.0699#68.71#27.59#3.7
-98.4411,29.0711#68.81#27.59#3.59999999999999
-98.389,29.0723#68.91#27.59#3.5
-98.3369,29.0734#69.01#27.59#3.39999999999999
-98.2848,29.0745#69.11#27.59#3.3
-98.2327,29.0756#69.21#27.6#3.19
-98.1806,29.0767#69.31#27.6#3.09
-98.1285,29.0777#69.41#27.6#2.99000000000001
-98.0764,29.0788#69.51#27.6#2.88999999999999
-98.0242,29.0798#69.61#27.6#2.78999999999999
-97.9721,29.0808#69.64#27.61#2.75
-97.92,29.0818#69.6#27.61#2.79000000000001
-97.8679,29.0828#69.57#27.61#2.82000000000001
-97.8158,29.0837#69.54#27.62#2.83999999999999
-97.7637,29.0847#69.51#27.62#2.86999999999999
-97.7116,29.0856#69.48#27.62#2.89999999999999
-97.6594,29.0865#69.44#27.62#2.94
-97.6073,29.0874#69.41#27.63#2.96000000000001
-97.5552,29.0882#69.38#27.63#2.99000000000001
-97.5031,29.0891#69.35#27.63#3.02000000000001
-97.451,29.0899#69.28#27.64#3.08
-97.3988,29.0907#69.22#27.65#3.13
-97.3467,29.0915#69.15#27.66#3.19
-97.2946,29.0923#69.08#27.67#3.25
-97.2425,29.0931#69.02#27.68#3.30000000000001
-97.1903,29.0938#68.95#27.69#3.36
-97.1382,29.0945#68.88#27.7#3.42
-97.0861,29.0952#68.82#27.71#3.47
-97.034,29.0959#68.75#27.72#3.53
-96.9818,29.0966#68.69#27.73#3.58
-96.9297,29.0973#68.63#27.74#3.63000000000001
-96.8776,29.0979#68.56#27.76#3.67999999999999
-96.8255,29.0985#68.5#27.78#3.72
-96.7733,29.0991#68.44#27.79#3.77000000000001
-96.7212,29.0997#68.37#27.81#3.81999999999999
-96.6691,29.1003#68.31#27.83#3.86
-96.6169,29.1008#68.25#27.84#3.91
-96.5648,29.1014#68.19#27.86#3.95
-96.5127,29.1019#68.12#27.88#4
-96.4605,29.1024#68.07#27.9#4.03
-96.4084,29.1029#68.02#27.92#4.06
-96.3563,29.1033#67.96#27.95#4.09
-96.3041,29.1038#67.91#27.97#4.12
-96.252,29.1042#67.85#27.99#4.16000000000001
-96.1999,29.1046#67.8#28.02#4.18000000000001
-96.1477,29.105#67.75#28.04#4.21000000000001
-96.0956,29.1054#67.69#28.06#4.25
-96.0435,29.1058#67.64#28.08#4.28
-95.9913,29.1061#67.59#28.11#4.3
-95.9392,29.1064#67.54#28.13#4.33
-95.8871,29.1067#67.49#28.15#4.36000000000001
-95.8349,29.107#67.44#28.18#4.38
-95.7828,29.1073#67.39#28.2#4.41
-95.7306,29.1076#67.34#28.22#4.44
-95.6785,29.1078#67.29#28.24#4.47
-95.6264,29.108#67.25#28.27#4.48
-95.5742,29.1082#67.2#28.29#4.50999999999999
-95.5221,29.1084#67.15#28.31#4.53999999999999
-95.47,29.1086#67.07#28.33#4.60000000000001
-95.4178,29.1087#66.97#28.33#4.7
-95.3657,29.1088#66.87#28.34#4.78999999999999
-95.3135,29.109#66.77#28.35#4.88
-95.2614,29.1091#66.67#28.36#4.97
-95.2093,29.1091#66.57#28.37#5.06
-95.1571,29.1092#66.47#28.38#5.15000000000001
-95.105,29.1092#66.37#28.39#5.23999999999999
-95.0529,29.1093#66.27#28.4#5.33000000000001
-95.0007,29.1093#66.18#28.4#5.41999999999999
-94.9486,29.1093#66.08#28.4#5.52000000000001
-94.8964,29.1092#65.98#28.4#5.62
-94.8443,29.1092#65.88#28.4#5.72
-94.7922,29.1091#65.78#28.4#5.81999999999999
-94.74,29.1091#65.68#28.4#5.91999999999999
-94.6879,29.109#65.58#28.4#6.02000000000001
-94.6358,29.1088#65.48#28.4#6.12
-94.5836,29.1087#65.38#28.4#6.22
-94.5315,29.1086#65.28#28.4#6.31999999999999
-94.4793,29.1084#65.21#28.4#6.39000000000001
-94.4272,29.1082#65.19#28.4#6.41
-94.3751,29.108#65.16#28.39#6.45
-94.3229,29.1078#65.14#28.39#6.47
-94.2708,29.1076#65.12#28.39#6.48999999999999
-94.2187,29.1073#65.09#28.39#6.52
-94.1665,29.107#65.07#28.38#6.55000000000001
-94.1144,29.1067#65.04#28.38#6.58
-94.0622,29.1064#65.02#28.38#6.60000000000001
-94.0101,29.1061#64.99#28.38#6.63000000000001
-93.958,29.1058#65.02#28.37#6.61
-93.9058,29.1054#65.06#28.37#6.56999999999999
-93.8537,29.105#65.09#28.37#6.53999999999999
-93.8016,29.1046#65.13#28.37#6.5
-93.7494,29.1042#65.17#28.36#6.47
-93.6973,29.1038#65.21#28.36#6.43000000000001
-93.6452,29.1034#65.24#28.36#6.40000000000001
-93.593,29.1029#65.28#28.36#6.36
-93.5409,29.1024#65.32#28.35#6.33000000000001
-93.4888,29.1019#65.35#28.35#6.30000000000001
-93.4366,29.1014#65.34#28.35#6.31
-93.3845,29.1009#65.33#28.35#6.31999999999999
-93.3324,29.1003#65.32#28.34#6.34
-93.2802,29.0997#65.32#28.34#6.34
-93.2281,29.0992#65.31#28.34#6.34999999999999
-93.176,29.0986#65.3#28.33#6.37
-93.1239,29.0979#65.29#28.33#6.38
-93.0717,29.0973#65.28#28.33#6.39
-93.0196,29.0966#65.27#28.33#6.40000000000001
-92.9675,29.096#65.24#28.32#6.44
-92.9154,29.0953#65.19#28.31#6.5
-92.8632,29.0946#65.14#28.3#6.56
-92.8111,29.0938#65.1#28.29#6.61000000000001
-92.759,29.0931#65.05#28.28#6.67
-92.7069,29.0923#65#28.27#6.73
-92.6547,29.0915#64.95#28.27#6.78
-92.6026,29.0907#64.9#28.26#6.83999999999999
-92.5505,29.0899#64.86#28.25#6.89
-92.4984,29.0891#64.81#28.24#6.95
-92.4462,29.0883#64.76#28.22#7.02
-92.3941,29.0874#64.71#28.2#7.09
-92.342,29.0865#64.65#28.19#7.16
-92.2899,29.0856#64.6#28.17#7.23
-92.2378,29.0847#64.55#28.16#7.29000000000001
-92.1857,29.0837#64.5#28.14#7.36
-92.1335,29.0828#64.45#28.12#7.42999999999999
-92.0814,29.0818#64.4#28.11#7.48999999999999
-92.0293,29.0808#64.35#28.09#7.56
-91.9772,29.0798#64.3#28.07#7.63
-91.9251,29.0788#64.25#28.05#7.7
-91.873,29.0778#64.2#28.02#7.78
-91.8209,29.0767#64.16#28#7.84
-91.7688,29.0756#64.11#27.98#7.91
-91.7166,29.0745#64.06#27.96#7.97999999999999
-91.6645,29.0734#64.02#27.93#8.05000000000001
-91.6124,29.0723#63.97#27.91#8.12
-91.5603,29.0711#63.92#27.88#8.2
-91.5082,29.07#63.88#27.86#8.25999999999999
-91.4561,29.0688#63.83#27.84#8.33
-91.404,29.0676#63.79#27.82#8.39
-91.3519,29.0664#63.74#27.79#8.47
-91.2998,29.0651#63.7#27.77#8.53
-91.2477,29.0639#63.66#27.75#8.59
-91.1956,29.0626#63.61#27.73#8.66
-91.1435,29.0613#63.57#27.71#8.72
-91.0914,29.06#63.53#27.68#8.78999999999999
-91.0393,29.0587#63.48#27.66#8.86
-90.9872,29.0574#63.44#27.64#8.92
-90.9352,29.056#63.41#27.63#8.96000000000001
-90.8831,29.0546#63.37#27.62#9.01000000000001
-90.831,29.0532#63.34#27.61#9.05
-90.7789,29.0518#63.3#27.6#9.09999999999999
-90.7268,29.0504#63.27#27.59#9.14
-90.6747,29.049#63.23#27.58#9.19
-90.6226,29.0475#63.2#27.57#9.22999999999999
-90.5705,29.046#63.17#27.56#9.27
-90.5185,29.0445#63.13#27.55#9.31999999999999
-90.4664,29.043#63.11#27.55#9.34
-90.4143,29.0415#63.09#27.54#9.37
-90.3622,29.0399#63.07#27.54#9.39
-90.3101,29.0384#63.04#27.53#9.43000000000001
-90.2581,29.0368#63.02#27.53#9.44999999999999
-90.206,29.0352#63#27.53#9.47
-90.1539,29.0336#62.98#27.52#9.5
-90.1019,29.0319#62.96#27.52#9.52
-90.0498,29.0303#62.94#27.51#9.55
-89.9977,29.0286#62.92#27.51#9.56999999999999
-89.9456,29.0269#62.89#27.51#9.59999999999999
