-97.9928,29.9004#65.35#27.6#7.05000000000001
-97.9404,29.9014#65.36#27.61#7.03
-97.8879,29.9024#65.37#27.61#7.02
-97.8354,29.9034#65.37#27.61#7.02
-97.7829,29.9043#65.38#27.61#7.01000000000001
-97.7305,29.9052#65.39#27.62#6.98999999999999
-97.678,29.9061#65.4#27.62#6.97999999999999
-97.6255,29.907#65.41#27.62#6.97
-97.573,29.9079#65.42#27.62#6.95999999999999
-97.5205,29.9088#65.43#27.63#6.94
-97.468,29.9096#65.42#27.63#6.95
-97.4156,29.9104#65.4#27.63#6.97
-97.3631,29.9112#65.38#27.63#6.99000000000001
-97.3106,29.912#65.36#27.64#7
-97.2581,29.9128#65.34#27.64#7.02
-97.2056,29.9135#65.32#27.64#7.04000000000001
-97.1531,29.9142#65.3#27.64#7.06
-97.1006,29.915#65.29#27.65#7.06
-97.0481,29.9157#65.27#27.65#7.08000000000001
-96.9957,29.9163#65.25#27.65#7.09999999999999
-96.9432,29.917#65.22#27.65#7.13
-96.8907,29.9176#65.19#27.66#7.15000000000001
-96.8382,29.9183#65.16#27.66#7.18000000000001
-96.7857,29.9189#65.13#27.67#7.2
-96.7332,29.9195#65.1#27.67#7.23
-96.6807,29.92#65.07#27.67#7.26000000000001
-96.6282,29.9206#65.05#27.68#7.27000000000001
-96.5757,29.9211#65.02#27.68#7.30000000000001
-96.5232,29.9217#64.99#27.68#7.33000000000001
-96.4707,29.9222#64.96#27.69#7.35000000000001
-96.4182,29.9226#64.92#27.71#7.37
-96.3657,29.9231#64.89#27.72#7.39
-96.3132,29.9236#64.85#27.73#7.42
-96.2607,29.924#64.82#27.75#7.43000000000001
-96.2082,29.9244#64.78#27.76#7.45999999999999
-96.1557,29.9248#64.75#27.78#7.47
-96.1032,29.9252#64.71#27.79#7.5
-96.0507,29.9255#64.68#27.8#7.52
-95.9982,29.9259#64.64#27.82#7.53999999999999
-95.9457,29.9262#64.6#27.84#7.56
-95.8932,29.9265#64.57#27.85#7.58000000000001
-95.8407,29.9268#64.53#27.87#7.59999999999999
-95.7882,29.9271#64.49#27.89#7.62
-95.7357,29.9273#64.46#27.91#7.63000000000001
-95.6832,29.9276#64.42#27.93#7.65000000000001
-95.6307,29.9278#64.38#27.94#7.68000000000001
-95.5782,29.928#64.35#27.96#7.69
-95.5257,29.9282#64.31#27.98#7.70999999999999
-95.4732,29.9284#64.27#28#7.73
-95.4207,29.9285#64.23#28.03#7.73999999999999
-95.3682,29.9286#64.18#28.06#7.75999999999999
-95.3157,29.9287#64.14#28.09#7.77
-95.2632,29.9288#64.1#28.11#7.79000000000001
-95.2107,29.9289#64.06#28.14#7.8
-95.1582,29.929#64.01#28.17#7.81999999999999
-95.1057,29.929#63.97#28.19#7.84
-95.0532,29.9291#63.93#28.22#7.84999999999999
-95.0007,29.9291#63.89#28.25#7.86
-94.9482,29.9291#63.84#28.27#7.89
-94.8957,29.929#63.79#28.28#7.93000000000001
-94.8432,29.929#63.74#28.3#7.95999999999999
-94.7907,29.9289#63.69#28.32#7.99000000000001
-94.7382,29.9288#63.64#28.34#8.02
-94.6857,29.9288#63.59#28.36#8.05
-94.6332,29.9286#63.54#28.37#8.09
-94.5807,29.9285#63.49#28.39#8.12
-94.5282,29.9284#63.44#28.41#8.15000000000001
-94.4757,29.9282#63.42#28.42#8.16
-94.4232,29.928#63.43#28.42#8.15000000000001
-94.3707,29.9278#63.44#28.42#8.14
-94.3182,29.9276#63.44#28.43#8.13
-94.2657,29.9273#63.45#28.43#8.12
-94.2132,29.9271#63.46#28.43#8.11
-94.1607,29.9268#63.47#28.44#8.09
-94.1082,29.9265#63.48#28.44#8.08
-94.0557,29.9262#63.49#28.44#8.06999999999999
-94.0032,29.9259#63.5#28.44#8.06
-93.9507,29.9255#63.52#28.44#8.03999999999999
-93.8982,29.9252#63.55#28.44#8.01000000000001
-93.8457,29.9248#63.58#28.44#7.98
-93.7932,29.9244#63.61#28.43#7.96000000000001
-93.7407,29.924#63.64#28.43#7.93000000000001
-93.6882,29.9236#63.66#28.43#7.91
-93.6357,29.9231#63.69#28.43#7.88
-93.5832,29.9227#63.72#28.42#7.86
-93.5307,29.9222#63.75#28.42#7.83
-93.4782,29.9217#63.79#28.42#7.78999999999999
-93.4257,29.9211#63.85#28.41#7.73999999999999
-93.3732,29.9206#63.91#28.41#7.68000000000001
-93.3208,29.9201#63.97#28.41#7.62
-93.2683,29.9195#64.03#28.4#7.56999999999999
-93.2158,29.9189#64.09#28.4#7.50999999999999
-93.1633,29.9183#64.16#28.4#7.44
-93.1108,29.9177#64.22#28.39#7.39
-93.0583,29.917#64.28#28.39#7.33
-93.0058,29.9164#64.34#28.39#7.27
-92.9533,29.9157#64.39#28.38#7.23
-92.9008,29.915#64.44#28.38#7.18000000000001
-92.8483,29.9143#64.48#28.38#7.14
-92.7958,29.9135#64.53#28.37#7.09999999999999
-92.7434,29.9128#64.57#28.37#7.06
-92.6909,29.912#64.62#28.37#7.00999999999999
-92.6384,29.9112#64.66#28.37#6.97
-92.5859,29.9104#64.7#28.36#6.94
-92.5334,29.9096#64.75#28.36#6.89
-92.4809,29.9088#64.76#28.36#6.88
-92.4284,29.9079#64.75#28.35#6.90000000000001
-92.376,29.9071#64.73#28.35#6.91999999999999
-92.3235,29.9062#64.71#28.34#6.95
-92.271,29.9053#64.7#28.34#6.95999999999999
-92.2185,29.9043#64.68#28.33#6.98999999999999
-92.166,29.9034#64.66#28.33#7.01000000000001
-92.1136,29.9024#64.65#28.33#7.02
-92.0611,29.9015#64.63#28.32#7.05000000000001
-92.0086,29.9005#64.61#28.32#7.06999999999999
-99.8307,29.9#62.5#27.51#9.98999999999999
-99.7783,29.9016#62.61#27.51#9.88
-99.7258,29.9032#62.73#27.51#9.76000000000001
-99.6734,29.9048#62.84#27.52#9.64
-99.6209,29.9063#62.95#27.52#9.53
-99.5684,29.9079#63.06#27.52#9.42
-99.516,29.9094#63.17#27.53#9.3
-99.4635,29.9109#63.26#27.53#9.21000000000001
-99.411,29.9124#63.35#27.53#9.12
-99.3586,29.9139#63.44#27.53#9.03
-99.3061,29.9153#63.52#27.54#8.94
-99.2536,29.9168#63.61#27.54#8.84999999999999
-99.2012,29.9182#63.7#27.54#8.75999999999999
-99.1487,29.9196#63.79#27.55#8.66
-99.0962,29.921#63.88#27.55#8.56999999999999
-99.0437,29.9223#63.96#27.55#8.48999999999999
-98.9913,29.9237#64.05#27.55#8.40000000000001
-98.9388,29.925#64.12#27.56#8.31999999999999
-98.8863,29.9263#64.19#27.56#8.25
-98.8338,29.9276#64.27#27.56#8.17
-98.7813,29.9289#64.34#27.57#8.09
-98.7289,29.9301#64.41#27.57#8.02000000000001
-98.6764,29.9314#64.48#27.57#7.94999999999999
-98.6239,29.9326#64.55#27.57#7.88
-98.5714,29.9338#64.63#27.58#7.79000000000001
-98.5189,29.935#64.7#27.58#7.72
-98.4664,29.9362#64.75#27.58#7.67
-98.4139,29.9373#64.79#27.59#7.61999999999999
-98.3615,29.9385#64.84#27.59#7.56999999999999
-98.309,29.9396#64.88#27.59#7.53
-98.2565,29.9407#64.93#27.59#7.47999999999999
-98.204,29.9418#64.97#27.6#7.43000000000001
-98.1515,29.9428#65.01#27.6#7.38999999999999
-98.099,29.9439#65.06#27.6#7.34
-98.0465,29.9449#65.1#27.6#7.30000000000001
-97.994,29.9459#65.14#27.61#7.25
-97.9415,29.9469#65.15#27.61#7.23999999999999
-97.889,29.9479#65.16#27.61#7.23
-97.8365,29.9489#65.17#27.61#7.22
-97.784,29.9498#65.18#27.62#7.19999999999999
-97.7315,29.9507#65.18#27.62#7.19999999999999
-97.679,29.9517#65.19#27.62#7.19
-97.6265,29.9525#65.2#27.62#7.17999999999999
-97.574,29.9534#65.21#27.63#7.16000000000001
-97.5215,29.9543#65.22#27.63#7.15000000000001
-97.469,29.9551#65.22#27.63#7.15000000000001
-97.4165,29.9559#65.2#27.63#7.17
-97.364,29.9567#65.18#27.64#7.17999999999999
-97.3115,29.9575#65.16#27.64#7.2
-97.259,29.9583#65.14#27.64#7.22
-97.2065,29.959#65.13#27.64#7.23
-97.154,29.9598#65.11#27.65#7.24000000000001
-97.1014,29.9605#65.09#27.65#7.25999999999999
-97.0489,29.9612#65.08#27.65#7.27000000000001
-96.9964,29.9618#65.06#27.65#7.28999999999999
-96.9439,29.9625#65.03#27.66#7.31
-96.8914,29.9632#65#27.66#7.34
-96.8389,29.9638#64.97#27.67#7.36
-96.7864,29.9644#64.95#27.67#7.38
-96.7339,29.965#64.92#27.67#7.41
-96.6814,29.9656#64.89#27.68#7.43000000000001
-96.6288,29.9661#64.87#27.68#7.44999999999999
-96.5763,29.9666#64.84#27.68#7.47999999999999
-96.5238,29.9672#64.81#27.69#7.5
-96.4713,29.9677#64.78#27.69#7.53
-96.4188,29.9682#64.75#27.71#7.53999999999999
-96.3663,29.9686#64.71#27.72#7.57000000000001
-96.3137,29.9691#64.68#27.73#7.58999999999999
-96.2612,29.9695#64.64#27.75#7.61
-96.2087,29.9699#64.61#27.76#7.63
-96.1562,29.9703#64.58#27.77#7.65000000000001
-96.1037,29.9707#64.54#27.78#7.67999999999999
-96.0511,29.9711#64.51#27.8#7.69
-95.9986,29.9714#64.47#27.81#7.72
-95.9461,29.9717#64.44#27.83#7.73
-95.8936,29.972#64.4#27.85#7.75
-95.8411,29.9723#64.37#27.86#7.77
-95.7886,29.9726#64.33#27.88#7.79000000000001
-95.736,29.9729#64.29#27.9#7.81
-95.6835,29.9731#64.26#27.92#7.81999999999999
-95.631,29.9733#64.22#27.93#7.84999999999999
-95.5785,29.9735#64.19#27.95#7.86
-95.5259,29.9737#64.15#27.97#7.88
-95.4734,29.9739#64.11#27.99#7.90000000000001
-95.4209,29.974#64.07#28.02#7.91000000000001
-95.3684,29.9742#64.03#28.05#7.92
-95.3159,29.9743#63.99#28.07#7.94
-95.2633,29.9744#63.94#28.1#7.96000000000001
-95.2108,29.9744#63.9#28.12#7.98
-95.1583,29.9745#63.86#28.15#7.99000000000001
-95.1058,29.9745#63.82#28.18#8
-95.0532,29.9746#63.78#28.2#8.02
-95.0007,29.9746#63.74#28.23#8.03
-94.9482,29.9746#63.69#28.25#8.06
-94.8957,29.9745#63.64#28.27#8.09
-94.8432,29.9745#63.59#28.29#8.12
-94.7906,29.9744#63.55#28.31#8.14
-94.7381,29.9744#63.5#28.32#8.18000000000001
-94.6856,29.9743#63.45#28.34#8.20999999999999
-94.6331,29.9742#63.4#28.36#8.24000000000001
-94.5805,29.974#63.35#28.38#8.27
-94.528,29.9739#63.31#28.4#8.28999999999999
-94.4755,29.9737#63.28#28.41#8.31
-94.423,29.9735#63.29#28.42#8.28999999999999
-94.3705,29.9733#63.29#28.42#8.28999999999999
-94.3179,29.9731#63.29#28.42#8.28999999999999
-94.2654,29.9729#63.3#28.43#8.27000000000001
-94.2129,29.9726#63.3#28.43#8.27000000000001
-94.1604,29.9723#63.31#28.44#8.25
-94.1079,29.972#63.31#28.44#8.25
-94.0553,29.9717#63.32#28.44#8.23999999999999
-94.0028,29.9714#63.32#28.45#8.23
-93.9503,29.9711#63.34#28.45#8.20999999999999
-93.8978,29.9707#63.36#28.44#8.2
-93.8453,29.9703#63.38#28.44#8.17999999999999
-93.7927,29.9699#63.4#28.44#8.16
-93.7402,29.9695#63.42#28.44#8.14
-93.6877,29.9691#63.44#28.44#8.12
-93.6352,29.9686#63.47#28.43#8.09999999999999
-93.5827,29.9682#63.49#28.43#8.08
-93.5302,29.9677#63.51#28.43#8.06
-93.4776,29.9672#63.54#28.43#8.03
-93.4251,29.9667#63.59#28.42#7.98999999999999
-93.3726,29.9661#63.64#28.42#7.94
-93.3201,29.9656#63.69#28.41#7.90000000000001
-93.2676,29.965#63.74#28.41#7.84999999999999
-93.2151,29.9644#63.79#28.41#7.8
-93.1626,29.9638#63.85#28.4#7.75
-93.11,29.9632#63.9#28.4#7.7
-93.0575,29.9625#63.95#28.4#7.65000000000001
-93.005,29.9619#64#28.39#7.61
-92.9525,29.9612#64.07#28.39#7.54000000000001
-92.9,29.9605#64.14#28.39#7.47
-92.8475,29.9598#64.21#28.38#7.41000000000001
-92.795,29.959#64.27#28.38#7.35000000000001
-92.7425,29.9583#64.34#28.38#7.28
-92.69,29.9575#64.41#28.37#7.22
-92.6375,29.9567#64.47#28.37#7.16
-92.585,29.9559#64.54#28.37#7.08999999999999
-92.5325,29.9551#64.6#28.37#7.03
-92.4799,29.9543#64.63#28.36#7.01000000000001
-92.4274,29.9534#64.61#28.36#7.03
-92.3749,29.9526#64.58#28.35#7.06999999999999
-92.3224,29.9517#64.56#28.35#7.09
-92.2699,29.9508#64.54#28.35#7.10999999999999
-92.2174,29.9498#64.52#28.34#7.14
-92.1649,29.9489#64.5#28.34#7.16
-92.1124,29.9479#64.48#28.33#7.19
-92.0599,29.947#64.45#28.33#7.22
-92.0074,29.946#64.43#28.33#7.23999999999999
-91.9549,29.945#64.38#28.31#7.31
-91.9025,29.9439#64.33#28.3#7.37
-91.85,29.9429#64.27#28.29#7.44
-91.7975,29.9418#64.22#28.27#7.51000000000001
-91.745,29.9407#64.16#28.26#7.58
-91.6925,29.9396#64.11#28.25#7.64
-91.64,29.9385#64.05#28.23#7.72
-91.5875,29.9374#64#28.22#7.78
-91.535,29.9362#63.95#28.21#7.84
-91.4825,29.935#63.89#28.19#7.92
-91.43,29.9339#63.83#28.18#7.99000000000001
-91.3776,29.9326#63.76#28.16#8.08
-91.3251,29.9314#63.7#28.14#8.16
-91.2726,29.9302#63.64#28.12#8.23999999999999
-91.2201,29.9289#63.58#28.11#8.31
-91.1676,29.9276#63.51#28.09#8.40000000000001
-91.1151,29.9264#63.45#28.07#8.47999999999999
-91.0627,29.925#63.39#28.05#8.56
-91.0102,29.9237#63.33#28.04#8.63
-90.9577,29.9224#63.36#28.01#8.63
-90.9052,29.921#63.42#27.99#8.59
-90.8528,29.9196#63.47#27.96#8.56999999999999
-90.8003,29.9182#63.53#27.93#8.53999999999999
-90.7478,29.9168#63.59#27.91#8.5
-90.6954,29.9154#63.64#27.88#8.48
-90.6429,29.9139#63.7#27.85#8.44999999999999
-90.5904,29.9124#63.76#27.83#8.41
-90.5379,29.9109#63.83#27.8#8.37
-90.4855,29.9094#63.85#27.77#8.38
-90.433,29.9079#63.78#27.75#8.47
-90.3806,29.9064#63.72#27.74#8.54000000000001
-90.3281,29.9048#63.65#27.72#8.63
-90.2756,29.9032#63.58#27.7#8.72
-90.2232,29.9016#63.51#27.68#8.81
-90.1707,29.9#63.44#27.66#8.90000000000001
-101.092,29.9015#58.21#27.45#14.34
-101.039,29.9035#58.46#27.45#14.09
-100.987,29.9055#58.7#27.45#13.85
-100.934,29.9075#58.89#27.45#13.66
-100.882,29.9095#59.08#27.46#13.46
-100.829,29.9115#59.27#27.46#13.27
-100.777,29.9134#59.46#27.46#13.08
-100.724,29.9154#59.65#27.47#12.88
-100.672,29.9173#59.84#27.47#12.69
-100.62,29.9192#60.03#27.47#12.5
-100.567,29.9211#60.22#27.47#12.31
-100.515,29.9229#60.41#27.48#12.11
-100.462,29.9248#60.58#27.48#11.94
-100.41,29.9266#60.74#27.48#11.78
-100.357,29.9284#60.9#27.48#11.62
-100.305,29.9302#61.05#27.49#11.46
-100.252,29.9319#61.21#27.49#11.3
-100.2,29.9337#61.37#27.49#11.14
-100.147,29.9354#61.53#27.5#10.97
-100.095,29.9371#61.69#27.5#10.81
-100.042,29.9388#61.85#27.5#10.65
-99.99,29.9405#62#27.5#10.5
-99.9375,29.9422#62.11#27.51#10.38
-99.8851,29.9438#62.22#27.51#10.27
-99.8326,29.9455#62.33#27.51#10.16
-99.7801,29.9471#62.44#27.52#10.04
-99.7276,29.9487#62.55#27.52#9.93000000000001
-99.6752,29.9503#62.65#27.52#9.83
-99.6227,29.9518#62.76#27.52#9.72
-99.5702,29.9534#62.87#27.53#9.59999999999999
-99.5177,29.9549#62.98#27.53#9.49000000000001
-99.4652,29.9564#63.08#27.53#9.39
-99.4127,29.9579#63.16#27.54#9.30000000000001
-99.3603,29.9594#63.25#27.54#9.21000000000001
-99.3078,29.9608#63.34#27.54#9.12
-99.2553,29.9622#63.42#27.54#9.03999999999999
-99.2028,29.9637#63.51#27.55#8.94
-99.1503,29.9651#63.6#27.55#8.84999999999999
-99.0978,29.9665#63.68#27.55#8.77
-99.0453,29.9678#63.77#27.56#8.67
-98.9928,29.9692#63.86#27.56#8.58
-98.9403,29.9705#63.93#27.56#8.51000000000001
-98.8878,29.9718#64#27.56#8.44
-98.8353,29.9731#64.07#27.57#8.36000000000001
-98.7828,29.9744#64.14#27.57#8.28999999999999
-98.7303,29.9756#64.21#27.57#8.22
-98.6778,29.9769#64.28#27.58#8.14
-98.6253,29.9781#64.35#27.58#8.07000000000001
-98.5728,29.9793#64.42#27.58#8
-98.5203,29.9805#64.49#27.58#7.93000000000001
-98.4678,29.9817#64.54#27.59#7.86999999999999
-98.4153,29.9828#64.59#27.59#7.81999999999999
-98.3628,29.984#64.63#27.59#7.78
-98.3103,29.9851#64.67#27.59#7.73999999999999
-98.2577,29.9862#64.72#27.6#7.68000000000001
-98.2052,29.9873#64.76#27.6#7.63999999999999
-98.1527,29.9883#64.8#27.6#7.59999999999999
-98.1002,29.9894#64.84#27.61#7.55
-98.0477,29.9904#64.89#27.61#7.5
-97.9952,29.9914#64.93#27.61#7.45999999999999
-97.9426,29.9924#64.94#27.61#7.45
-97.8901,29.9934#64.95#27.62#7.42999999999999
-97.8376,29.9944#64.96#27.62#7.42
-97.7851,29.9953#64.97#27.62#7.41
-97.7326,29.9962#64.98#27.62#7.39999999999999
-97.68,29.9972#64.99#27.63#7.38000000000001
-97.6275,29.998#65#27.63#7.37
-97.575,29.9989#65.01#27.63#7.36
-97.5225,29.9998#65.02#27.63#7.35000000000001
-97.47,30.0006#65.01#27.64#7.34999999999999
-97.4174,30.0014#65#27.64#7.36
-97.3649,30.0022#64.98#27.64#7.38
-97.3124,30.003#64.96#27.64#7.40000000000001
-97.2598,30.0038#64.95#27.65#7.40000000000001
-97.2073,30.0045#64.93#27.65#7.41999999999999
-97.1548,30.0053#64.92#27.65#7.43000000000001
-97.1023,30.006#64.9#27.65#7.44999999999999
-97.0497,30.0067#64.88#27.66#7.46000000000001
-96.9972,30.0074#64.87#27.66#7.47
-96.9447,30.008#64.84#27.66#7.5
-96.8921,30.0087#64.82#27.67#7.51000000000001
-96.8396,30.0093#64.79#27.67#7.53999999999999
-96.7871,30.0099#64.76#27.67#7.56999999999999
-96.7345,30.0105#64.74#27.68#7.58000000000001
-96.682,30.0111#64.71#27.68#7.61000000000001
-96.6295,30.0116#64.69#27.68#7.63
-96.5769,30.0122#64.66#27.69#7.65000000000001
-96.5244,30.0127#64.63#27.69#7.68000000000001
-96.4719,30.0132#64.6#27.7#7.7
-96.4193,30.0137#64.57#27.71#7.72
-96.3668,30.0141#64.54#27.72#7.73999999999999
-96.3142,30.0146#64.5#27.73#7.77
-96.2617,30.015#64.47#27.74#7.79000000000001
-96.2092,30.0154#64.44#27.75#7.81
-96.1566,30.0158#64.4#27.77#7.83
-96.1041,30.0162#64.37#27.78#7.84999999999999
-96.0516,30.0166#64.34#27.79#7.87
-95.999,30.0169#64.31#27.8#7.89
-95.9465,30.0172#64.27#27.82#7.91
-95.8939,30.0175#64.24#27.84#7.92
-95.8414,30.0178#64.2#27.85#7.94999999999999
-95.7889,30.0181#64.17#27.87#7.95999999999999
-95.7363,30.0184#64.13#27.89#7.98
-95.6838,30.0186#64.1#27.91#7.99000000000001
-95.6312,30.0188#64.06#27.93#8.00999999999999
-95.5787,30.019#64.03#27.94#8.03
-95.5261,30.0192#63.99#27.96#8.05
-95.4736,30.0194#63.95#27.98#8.06999999999999
-95.4211,30.0195#63.91#28.01#8.08
-95.3685,30.0197#63.87#28.03#8.09999999999999
-95.316,30.0198#63.83#28.06#8.11
-95.2634,30.0199#63.79#28.08#8.13
-95.2109,30.02#63.75#28.11#8.14
-95.1584,30.02#63.71#28.13#8.16
-95.1058,30.0201#63.67#28.16#8.17
-95.0533,30.0201#63.63#28.19#8.17999999999999
-95.0007,30.0201#63.59#28.21#8.19999999999999
-94.9482,30.0201#63.54#28.23#8.23
-94.8956,30.0201#63.5#28.25#8.25
-94.8431,30.02#63.45#28.27#8.28
-94.7906,30.02#63.4#28.29#8.31
-94.738,30.0199#63.36#28.31#8.33
-94.6855,30.0198#63.31#28.33#8.36
-94.6329,30.0197#63.26#28.35#8.39
-94.5804,30.0195#63.22#28.37#8.41
-94.5278,30.0194#63.17#28.39#8.44
-94.4753,30.0192#63.15#28.41#8.44
-94.4228,30.019#63.15#28.41#8.44
-94.3702,30.0188#63.14#28.42#8.44
-94.3177,30.0186#63.14#28.42#8.44
-94.2651,30.0184#63.14#28.43#8.43000000000001
-94.2126,30.0181#63.14#28.43#8.43000000000001
-94.1601,30.0178#63.14#28.44#8.42
-94.1075,30.0176#63.14#28.44#8.42
-94.055,30.0172#63.14#28.45#8.41
-94.0024,30.0169#63.14#28.45#8.41
-93.9499,30.0166#63.16#28.45#8.39
-93.8974,30.0162#63.17#28.45#8.38
-93.8448,30.0158#63.18#28.45#8.37
-93.7923,30.0154#63.2#28.45#8.34999999999999
-93.7397,30.015#63.21#28.44#8.34999999999999
-93.6872,30.0146#63.23#28.44#8.33
-93.6347,30.0141#63.24#28.44#8.31999999999999
-93.5821,30.0137#63.25#28.44#8.31
-93.5296,30.0132#63.27#28.44#8.28999999999999
-93.4771,30.0127#63.29#28.43#8.28
-93.4245,30.0122#63.33#28.43#8.24000000000001
-93.372,30.0116#63.37#28.43#8.2
-93.3194,30.0111#63.41#28.42#8.17
-93.2669,30.0105#63.45#28.42#8.13
-93.2144,30.0099#63.5#28.42#8.08
-93.1618,30.0093#63.54#28.41#8.05
-93.1093,30.0087#63.58#28.41#8.01000000000001
-93.0568,30.008#63.62#28.4#7.98
-93.0043,30.0074#63.66#28.4#7.94
-92.9517,30.0067#63.75#28.4#7.84999999999999
-92.8992,30.006#63.84#28.39#7.77
-92.8467,30.0053#63.93#28.39#7.68000000000001
-92.7941,30.0046#64.02#28.39#7.59
-92.7416,30.0038#64.11#28.38#7.51000000000001
-92.6891,30.003#64.19#28.38#7.43000000000001
-92.6365,30.0023#64.28#28.38#7.34
-92.584,30.0015#64.37#28.37#7.25999999999999
-92.5315,30.0006#64.45#28.37#7.17999999999999
-92.479,29.9998#64.49#28.37#7.14
-92.4264,29.9989#64.47#28.36#7.17
-92.3739,29.9981#64.44#28.36#7.2
-92.3214,29.9972#64.41#28.36#7.23
-92.2689,29.9963#64.38#28.35#7.27000000000001
-92.2164,29.9953#64.36#28.35#7.28999999999999
-92.1638,29.9944#64.33#28.34#7.33
-92.1113,29.9934#64.31#28.34#7.34999999999999
-92.0588,29.9925#64.28#28.34#7.38
-92.0063,29.9915#64.25#28.33#7.42
-91.9538,29.9905#64.2#28.32#7.47999999999999
-91.9013,29.9894#64.14#28.31#7.55
-91.8487,29.9884#64.09#28.3#7.61
-91.7962,29.9873#64.03#28.29#7.68000000000001
-91.7437,29.9862#63.97#28.27#7.76000000000001
-91.6912,29.9851#63.92#28.26#7.81999999999999
-91.6387,29.984#63.86#28.25#7.89
-91.5862,29.9829#63.81#28.24#7.95
-91.5337,29.9817#63.75#28.22#8.03
-91.4812,29.9805#63.69#28.21#8.09999999999999
-91.4287,29.9794#63.63#28.19#8.17999999999999
-91.3762,29.9781#63.56#28.18#8.25999999999999
-91.3236,29.9769#63.5#28.16#8.34
-91.2711,29.9757#63.43#28.14#8.43000000000001
-91.2186,29.9744#63.37#28.12#8.51000000000001
-91.1661,29.9731#63.31#28.11#8.58
-91.1136,29.9718#63.24#28.09#8.67
-91.0611,29.9705#63.18#28.07#8.75
-91.0086,29.9692#63.12#28.05#8.83
-90.9561,29.9679#63.14#28.03#8.83
-90.9037,29.9665#63.18#28#8.81999999999999
-90.8512,29.9651#63.22#27.98#8.8
-90.7987,29.9637#63.26#27.95#8.79000000000001
-90.7462,29.9623#63.3#27.93#8.77000000000001
-90.6937,29.9609#63.34#27.9#8.75999999999999
-90.6412,29.9594#63.39#27.88#8.73
-90.5887,29.9579#63.43#27.85#8.72
-90.5362,29.9564#63.48#27.82#8.7
-90.4837,29.9549#63.49#27.8#8.70999999999999
-90.4313,29.9534#63.42#27.78#8.8
-90.3788,29.9519#63.35#27.76#8.89
-90.3263,29.9503#63.28#27.74#8.98
-90.2738,29.9487#63.21#27.72#9.06999999999999
-90.2213,29.9471#63.14#27.7#9.16
-90.1689,29.9455#63.08#27.68#9.24000000000001
-90.1164,29.9439#63.01#27.66#9.33
-90.0639,29.9422#62.94#27.64#9.42
-90.0114,29.9406#62.87#27.62#9.51000000000001
-89.959,29.9389#62.81#27.61#9.58
-89.9065,29.9372#62.74#27.6#9.66
-89.854,29.9355#62.68#27.59#9.73
-89.8016,29.9337#62.62#27.58#9.80000000000001
-89.7491,29.932#62.56#27.57#9.87
-89.6966,29.9302#62.49#27.56#9.95
-89.6442,29.9284#62.43#27.56#10.01
-89.5917,29.9266#62.37#27.55#10.08
-89.5393,29.9248#62.31#27.54#10.15
-89.4868,29.923#62.24#27.53#10.23
-89.4343,29.9211#62.17#27.53#10.3
-89.3819,29.9192#62.1#27.52#10.38
-89.3294,29.9173#62.03#27.52#10.45
-89.277,29.9154#61.96#27.51#10.53
-89.2245,29.9135#61.89#27.51#10.6
-89.1721,29.9115#61.82#27.5#10.68
-89.1196,29.9096#61.75#27.5#10.75
-89.0672,29.9076#61.68#27.49#10.83
-89.0148,29.9056#61.61#27.49#10.9
-88.9623,29.9036#61.54#27.49#10.97
-88.9099,29.9015#61.46#27.48#11.06
-102.195,29.9002#52.25#27.43#20.32
-102.143,29.9026#52.55#27.43#20.02
-102.09,29.9049#52.85#27.42#19.73
-102.038,29.9073#53.14#27.42#19.44
-101.985,29.9097#53.44#27.42#19.14
-101.933,29.912#53.73#27.42#18.85
-101.881,29.9143#54.02#27.43#18.55
-101.828,29.9166#54.3#27.43#18.27
-101.776,29.9189#54.59#27.43#17.98
-101.723,29.9212#54.88#27.43#17.69
-101.671,29.9234#55.17#27.43#17.4
-101.618,29.9256#55.45#27.43#17.12
-101.566,29.9279#55.74#27.43#16.83
-101.514,29.93#56.02#27.43#16.55
-101.461,29.9322#56.29#27.44#16.27
-101.409,29.9344#56.54#27.44#16.02
-101.356,29.9365#56.8#27.44#15.76
-101.304,29.9386#57.05#27.44#15.51
-101.251,29.9408#57.3#27.44#15.26
-101.199,29.9428#57.56#27.45#14.99
-101.146,29.9449#57.81#27.45#14.74
-101.094,29.947#58.06#27.45#14.49
-101.041,29.949#58.32#27.45#14.23
-100.989,29.951#58.56#27.46#13.98
-100.937,29.953#58.74#27.46#13.8
-100.884,29.955#58.93#27.46#13.61
-100.832,29.957#59.12#27.46#13.42
-100.779,29.9589#59.31#27.47#13.22
-100.727,29.9608#59.49#27.47#13.04
-100.674,29.9628#59.68#27.47#12.85
-100.622,29.9647#59.87#27.47#12.66
-100.569,29.9665#60.05#27.48#12.47
-100.517,29.9684#60.24#27.48#12.28
-100.464,29.9702#60.41#27.48#12.11
-100.412,29.9721#60.57#27.49#11.94
-100.359,29.9739#60.72#27.49#11.79
-100.307,29.9757#60.88#27.49#11.63
-100.254,29.9774#61.04#27.49#11.47
-100.202,29.9792#61.2#27.5#11.3
-100.149,29.9809#61.36#27.5#11.14
-100.097,29.9826#61.52#27.5#10.98
-100.044,29.9843#61.67#27.51#10.82
-99.992,29.986#61.82#27.51#10.67
-99.9395,29.9877#61.93#27.51#10.56
-99.887,29.9893#62.04#27.51#10.45
-99.8345,29.991#62.15#27.52#10.33
-99.782,29.9926#62.26#27.52#10.22
-99.7295,29.9942#62.36#27.52#10.12
-99.677,29.9957#62.47#27.53#10
-99.6245,29.9973#62.58#27.53#9.89
-99.572,29.9989#62.69#27.53#9.78
-99.5195,30.0004#62.8#27.53#9.67
-99.467,30.0019#62.89#27.54#9.56999999999999
-99.4145,30.0034#62.98#27.54#9.48
-99.3619,30.0048#63.06#27.54#9.40000000000001
-99.3094,30.0063#63.15#27.55#9.3
-99.2569,30.0077#63.24#27.55#9.20999999999999
-99.2044,30.0092#63.32#27.55#9.13
-99.1519,30.0106#63.41#27.55#9.04000000000001
-99.0994,30.0119#63.49#27.56#8.95
-99.0469,30.0133#63.58#27.56#8.86
-98.9944,30.0147#63.66#27.56#8.78
-98.9418,30.016#63.73#27.57#8.7
-98.8893,30.0173#63.8#27.57#8.63
-98.8368,30.0186#63.87#27.57#8.56
-98.7843,30.0199#63.94#27.57#8.49000000000001
-98.7318,30.0211#64.01#27.58#8.41
-98.6792,30.0224#64.08#27.58#8.34
-98.6267,30.0236#64.14#27.58#8.28
-98.5742,30.0248#64.21#27.59#8.2
-98.5217,30.026#64.28#27.59#8.13
-98.4691,30.0272#64.33#27.59#8.08
-98.4166,30.0283#64.38#27.59#8.03
-98.3641,30.0295#64.42#27.6#7.97999999999999
-98.3115,30.0306#64.46#27.6#7.94
-98.259,30.0317#64.5#27.6#7.90000000000001
-98.2065,30.0328#64.55#27.6#7.84999999999999
-98.1539,30.0338#64.59#27.61#7.8
-98.1014,30.0349#64.63#27.61#7.76000000000001
-98.0489,30.0359#64.68#27.61#7.70999999999999
-97.9963,30.0369#64.72#27.61#7.67
-97.9438,30.0379#64.73#27.62#7.64999999999999
-97.8913,30.0389#64.74#27.62#7.64
-97.8387,30.0399#64.75#27.62#7.63
-97.7862,30.0408#64.76#27.63#7.61
-97.7336,30.0417#64.77#27.63#7.60000000000001
-97.6811,30.0427#64.78#27.63#7.59
-97.6285,30.0435#64.79#27.63#7.58
-97.576,30.0444#64.8#27.64#7.56
-97.5235,30.0453#64.81#27.64#7.55
-97.4709,30.0461#64.81#27.64#7.55
-97.4184,30.0469#64.8#27.64#7.56
-97.3658,30.0477#64.78#27.65#7.56999999999999
-97.3133,30.0485#64.77#27.65#7.58000000000001
-97.2607,30.0493#64.75#27.65#7.59999999999999
-97.2082,30.05#64.74#27.65#7.61000000000001
-97.1556,30.0508#64.72#27.66#7.62
-97.1031,30.0515#64.71#27.66#7.63000000000001
-97.0505,30.0522#64.69#27.66#7.65000000000001
-96.998,30.0529#64.68#27.66#7.66
-96.9454,30.0535#64.65#27.67#7.67999999999999
-96.8929,30.0542#64.63#27.67#7.7
-96.8403,30.0548#64.6#27.67#7.73
-96.7878,30.0554#64.58#27.68#7.74000000000001
-96.7352,30.056#64.55#27.68#7.77000000000001
-96.6827,30.0566#64.53#27.68#7.78999999999999
-96.6301,30.0571#64.5#27.69#7.81
-96.5775,30.0577#64.48#27.69#7.83
-96.525,30.0582#64.46#27.69#7.85000000000001
-96.4724,30.0587#64.43#27.7#7.86999999999999
-96.4199,30.0592#64.39#27.71#7.90000000000001
-96.3673,30.0596#64.36#27.72#7.92
-96.3148,30.0601#64.33#27.73#7.94
-96.2622,30.0605#64.3#27.74#7.96000000000001
-96.2096,30.0609#64.27#27.75#7.98
-96.1571,30.0613#64.23#27.76#8.00999999999999
-96.1045,30.0617#64.2#27.77#8.03
-96.052,30.0621#64.17#27.78#8.05
-95.9994,30.0624#64.14#27.79#8.06999999999999
-95.9468,30.0627#64.1#27.81#8.09
-95.8943,30.0631#64.07#27.83#8.10000000000001
-95.8417,30.0633#64.04#27.85#8.10999999999999
-95.7892,30.0636#64#27.86#8.14
-95.7366,30.0639#63.97#27.88#8.15000000000001
-95.684,30.0641#63.93#27.9#8.17
-95.6315,30.0643#63.9#27.92#8.18000000000001
-95.5789,30.0645#63.87#27.93#8.2
-95.5264,30.0647#63.83#27.95#8.22
-95.4738,30.0649#63.79#27.97#8.24000000000001
-95.4212,30.065#63.75#28#8.25
-95.3687,30.0652#63.72#28.02#8.26000000000001
-95.3161,30.0653#63.68#28.04#8.28
-95.2635,30.0654#63.64#28.07#8.28999999999999
-95.211,30.0655#63.6#28.09#8.31
-95.1584,30.0655#63.56#28.12#8.31999999999999
-95.1059,30.0656#63.52#28.14#8.34
-95.0533,30.0656#63.48#28.17#8.34999999999999
-95.0007,30.0656#63.44#28.19#8.37
-94.9482,30.0656#63.39#28.21#8.40000000000001
-94.8956,30.0656#63.35#28.23#8.42
-94.843,30.0655#63.3#28.26#8.44
-94.7905,30.0655#63.26#28.28#8.46000000000001
-94.7379,30.0654#63.21#28.3#8.48999999999999
-94.6853,30.0653#63.17#28.32#8.50999999999999
-94.6328,30.0652#63.12#28.34#8.54000000000001
-94.5802,30.065#63.08#28.36#8.56
-94.5277,30.0649#63.03#28.39#8.58
-94.4751,30.0647#63.01#28.4#8.59
-94.4225,30.0645#63#28.41#8.59
-94.37,30.0643#63#28.41#8.59
-94.3174,30.0641#62.99#28.42#8.59
-94.2649,30.0639#62.99#28.43#8.58
-94.2123,30.0636#62.98#28.43#8.59
-94.1597,30.0634#62.98#28.44#8.58
-94.1072,30.0631#62.98#28.45#8.57000000000001
-94.0546,30.0628#62.97#28.45#8.58
-94.002,30.0624#62.97#28.46#8.56999999999999
-93.9495,30.0621#62.97#28.46#8.56999999999999
-93.8969,30.0617#62.98#28.46#8.56
-93.8444,30.0613#62.99#28.45#8.56
-93.7918,30.0609#62.99#28.45#8.56
-93.7393,30.0605#63#28.45#8.55
-93.6867,30.0601#63.01#28.45#8.54000000000001
-93.6341,30.0597#63.01#28.45#8.54000000000001
-93.5816,30.0592#63.02#28.44#8.53999999999999
-93.529,30.0587#63.03#28.44#8.53
-93.4765,30.0582#63.05#28.44#8.51000000000001
-93.4239,30.0577#63.07#28.44#8.48999999999999
-93.3714,30.0571#63.1#28.43#8.47
-93.3188,30.0566#63.13#28.43#8.44
-93.2662,30.056#63.17#28.43#8.40000000000001
-93.2137,30.0554#63.2#28.42#8.38
-93.1611,30.0548#63.23#28.42#8.34999999999999
-93.1086,30.0542#63.26#28.42#8.31999999999999
-93.056,30.0535#63.29#28.41#8.3
-93.0035,30.0529#63.32#28.41#8.27
-92.9509,30.0522#63.43#28.4#8.17
-92.8984,30.0515#63.54#28.4#8.06
-92.8458,30.0508#63.65#28.4#7.95
-92.7933,30.0501#63.76#28.39#7.84999999999999
-92.7407,30.0493#63.87#28.39#7.74000000000001
-92.6882,30.0485#63.98#28.39#7.63
-92.6356,30.0478#64.09#28.38#7.53
-92.5831,30.047#64.2#28.38#7.42
-92.5305,30.0461#64.31#28.38#7.31
-92.478,30.0453#64.36#28.37#7.27
-92.4255,30.0444#64.32#28.37#7.31
-92.3729,30.0436#64.29#28.37#7.33999999999999
-92.3204,30.0427#64.26#28.36#7.38
-92.2678,30.0418#64.23#28.36#7.41
-92.2153,30.0408#64.2#28.35#7.44999999999999
-92.1627,30.0399#64.17#28.35#7.47999999999999
-92.1102,30.0389#64.13#28.35#7.52000000000001
-92.0577,30.038#64.1#28.34#7.56
-92.0051,30.037#64.07#28.34#7.59
-91.9526,30.036#64.02#28.33#7.65000000000001
-91.9001,30.0349#63.96#28.32#7.72
-91.8475,30.0339#63.9#28.31#7.79000000000001
-91.795,30.0328#63.84#28.3#7.86
-91.7424,30.0317#63.78#28.28#7.94
-91.6899,30.0306#63.73#28.27#8
-91.6374,30.0295#63.67#28.26#8.06999999999999
-91.5849,30.0284#63.61#28.25#8.14
-91.5323,30.0272#63.55#28.24#8.21000000000001
-91.4798,30.026#63.49#28.23#8.28
-91.4273,30.0249#63.43#28.21#8.36
-91.3747,30.0236#63.36#28.19#8.45
-91.3222,30.0224#63.29#28.17#8.53999999999999
-91.2697,30.0212#63.23#28.16#8.61
-91.2172,30.0199#63.16#28.14#8.7
-91.1647,30.0186#63.1#28.12#8.78
-91.1121,30.0173#63.03#28.11#8.86
-91.0596,30.016#62.97#28.09#8.94
-91.0071,30.0147#62.9#28.07#9.03
-90.9546,30.0133#62.91#28.05#9.04000000000001
-90.9021,30.012#62.94#28.02#9.04000000000001
-90.8495,30.0106#62.96#28#9.03999999999999
-90.797,30.0092#62.99#27.97#9.03999999999999
-90.7445,30.0078#63.01#27.95#9.04000000000001
-90.692,30.0063#63.04#27.92#9.03999999999999
-90.6395,30.0049#63.07#27.9#9.03
-90.587,30.0034#63.1#27.88#9.02
-90.5345,30.0019#63.13#27.85#9.02
-90.482,30.0004#63.13#27.83#9.03999999999999
-90.4295,29.9989#63.06#27.8#9.14
-90.377,29.9974#62.99#27.78#9.22999999999999
-90.3245,29.9958#62.92#27.76#9.31999999999999
-90.272,29.9942#62.85#27.74#9.41
-90.2195,29.9926#62.78#27.72#9.5
-90.167,29.991#62.71#27.7#9.59
-90.1145,29.9894#62.64#27.68#9.68000000000001
-90.062,29.9877#62.57#27.66#9.77
-90.0095,29.9861#62.5#27.64#9.86
-89.957,29.9844#62.44#27.62#9.94
-89.9045,29.9827#62.37#27.61#10.02
-89.852,29.981#62.31#27.6#10.09
-89.7995,29.9792#62.25#27.59#10.16
-89.7471,29.9775#62.19#27.59#10.22
-89.6946,29.9757#62.12#27.58#10.3
-89.6421,29.9739#62.06#27.57#10.37
-89.5896,29.9721#62#27.56#10.44
-89.5371,29.9703#61.94#27.55#10.51
-89.4847,29.9684#61.87#27.54#10.59
-89.4322,29.9666#61.8#27.53#10.67
-89.3797,29.9647#61.74#27.53#10.73
-89.3272,29.9628#61.67#27.52#10.81
-89.2748,29.9609#61.6#27.52#10.88
-89.2223,29.959#61.53#27.51#10.96
-89.1698,29.957#61.46#27.51#11.03
-89.1174,29.9551#61.39#27.5#11.11
-89.0649,29.9531#61.32#27.5#11.18
-89.0124,29.9511#61.26#27.5#11.24
-88.96,29.9491#61.18#27.49#11.33
-88.9075,29.947#61.11#27.49#11.4
-88.8551,29.945#61.04#27.48#11.48
-88.8026,29.9429#60.96#27.48#11.56
-88.7502,29.9408#60.89#27.48#11.63
-88.6977,29.9387#60.81#27.47#11.72
-88.6453,29.9366#60.74#27.47#11.79
-88.5928,29.9344#60.66#27.47#11.87
-88.5404,29.9323#60.59#27.46#11.95
-88.4879,29.9301#60.51#27.46#12.03
-88.4355,29.9279#60.44#27.46#12.1
-88.3831,29.9257#60.36#27.45#12.19
-88.3306,29.9235#60.28#27.45#12.27
-88.2782,29.9212#60.21#27.45#12.34
-88.2257,29.919#60.13#27.44#12.43
-88.1733,29.9167#60.05#27.44#12.51
-88.1209,29.9144#59.97#27.44#12.59
-88.0685,29.9121#59.89#27.44#12.67
-88.016,29.9097#59.82#27.43#12.75
-87.9636,29.9074#59.75#27.43#12.82
-87.9112,29.905#59.69#27.43#12.88
-87.8588,29.9026#59.63#27.42#12.95
-87.8064,29.9002#59.57#27.42#13.01
-103.089,29.902#46.8#27.55#25.65
-103.037,29.9047#47.15#27.53#25.32
-102.984,29.9074#47.48#27.51#25.01
-102.932,29.9101#47.81#27.5#24.69
-102.879,29.9127#48.14#27.5#24.36
-102.827,29.9154#48.47#27.49#24.04
-102.775,29.918#48.8#27.48#23.72
-102.722,29.9206#49.13#27.47#23.4
-102.67,29.9232#49.46#27.47#23.07
-102.617,29.9257#49.79#27.46#22.75
-102.565,29.9283#50.12#27.45#22.43
-102.512,29.9308#50.45#27.44#22.11
-102.46,29.9333#50.75#27.44#21.81
-102.408,29.9358#51.05#27.44#21.51
-102.355,29.9383#51.34#27.44#21.22
-102.303,29.9407#51.63#27.44#20.93
-102.25,29.9432#51.93#27.43#20.64
-102.198,29.9456#52.22#27.43#20.35
-102.145,29.948#52.51#27.43#20.06
-102.093,29.9504#52.8#27.43#19.77
-102.041,29.9528#53.09#27.43#19.48
-101.988,29.9551#53.37#27.43#19.2
-101.936,29.9575#53.66#27.43#18.91
-101.883,29.9598#53.94#27.43#18.63
-101.831,29.9621#54.22#27.43#18.35
-101.778,29.9644#54.51#27.43#18.06
-101.726,29.9666#54.79#27.43#17.78
-101.673,29.9689#55.07#27.43#17.5
-101.621,29.9711#55.35#27.44#17.21
-101.569,29.9733#55.63#27.44#16.93
-101.516,29.9755#55.91#27.44#16.65
-101.464,29.9777#56.17#27.44#16.39
-101.411,29.9798#56.42#27.44#16.14
-101.359,29.982#56.67#27.44#15.89
-101.306,29.9841#56.92#27.45#15.63
-101.254,29.9862#57.17#27.45#15.38
-101.201,29.9883#57.42#27.45#15.13
-101.149,29.9904#57.67#27.45#14.88
-101.096,29.9924#57.92#27.46#14.62
-101.044,29.9945#58.17#27.46#14.37
-100.991,29.9965#58.41#27.46#14.13
-100.939,29.9985#58.6#27.46#13.94
-100.886,30.0005#58.78#27.47#13.75
-100.834,30.0024#58.97#27.47#13.56
-100.781,30.0044#59.15#27.47#13.38
-100.729,30.0063#59.33#27.47#13.2
-100.676,30.0082#59.52#27.48#13
-100.624,30.0101#59.7#27.48#12.82
-100.571,30.012#59.89#27.48#12.63
-100.519,30.0139#60.07#27.48#12.45
-100.466,30.0157#60.24#27.49#12.27
-100.414,30.0175#60.39#27.49#12.12
-100.361,30.0193#60.55#27.49#11.96
-100.309,30.0211#60.71#27.5#11.79
-100.256,30.0229#60.87#27.5#11.63
-100.204,30.0247#61.03#27.5#11.47
-100.151,30.0264#61.18#27.5#11.32
-100.099,30.0281#61.34#27.51#11.15
-100.046,30.0298#61.5#27.51#10.99
-99.9939,30.0315#61.65#27.51#10.84
-99.9414,30.0332#61.76#27.52#10.72
-99.8889,30.0348#61.86#27.52#10.62
-99.8363,30.0364#61.97#27.52#10.51
-99.7838,30.0381#62.08#27.52#10.4
-99.7313,30.0397#62.18#27.53#10.29
-99.6788,30.0412#62.29#27.53#10.18
-99.6263,30.0428#62.4#27.53#10.07
-99.5737,30.0443#62.51#27.53#9.96000000000001
-99.5212,30.0459#62.61#27.54#9.84999999999999
-99.4687,30.0474#62.71#27.54#9.75
-99.4162,30.0489#62.79#27.54#9.67
-99.3636,30.0503#62.88#27.55#9.56999999999999
-99.3111,30.0518#62.96#27.55#9.48999999999999
-99.2586,30.0532#63.05#27.55#9.40000000000001
-99.206,30.0546#63.13#27.56#9.31
-99.1535,30.056#63.22#27.56#9.22
-99.101,30.0574#63.3#27.56#9.14
-99.0484,30.0588#63.39#27.56#9.05
-98.9959,30.0602#63.47#27.57#8.96000000000001
-98.9434,30.0615#63.54#27.57#8.89
-98.8908,30.0628#63.61#27.57#8.81999999999999
-98.8383,30.0641#63.67#27.58#8.75
-98.7857,30.0654#63.74#27.58#8.68000000000001
-98.7332,30.0666#63.81#27.58#8.61
-98.6807,30.0679#63.87#27.58#8.55000000000001
-98.6281,30.0691#63.94#27.59#8.47
-98.5756,30.0703#64.01#27.59#8.39999999999999
-98.523,30.0715#64.07#27.59#8.34
-98.4705,30.0727#64.13#27.59#8.28
-98.4179,30.0738#64.17#27.6#8.22999999999999
-98.3654,30.075#64.21#27.6#8.19
-98.3128,30.0761#64.25#27.6#8.15000000000001
-98.2603,30.0772#64.3#27.61#8.09
-98.2077,30.0783#64.34#27.61#8.05
-98.1552,30.0793#64.38#27.61#8.01000000000001
-98.1026,30.0804#64.42#27.61#7.97
-98.05,30.0814#64.47#27.62#7.91
-97.9975,30.0824#64.51#27.62#7.86999999999999
-97.9449,30.0834#64.52#27.62#7.86
-97.8924,30.0844#64.53#27.62#7.84999999999999
-97.8398,30.0854#64.54#27.63#7.83
-97.7873,30.0863#64.55#27.63#7.82000000000001
-97.7347,30.0872#64.56#27.63#7.81
-97.6821,30.0882#64.57#27.63#7.80000000000001
-97.6296,30.089#64.59#27.64#7.77
-97.577,30.0899#64.6#27.64#7.76000000000001
-97.5244,30.0908#64.61#27.64#7.75
-97.4719,30.0916#64.61#27.64#7.75
-97.4193,30.0924#64.59#27.65#7.75999999999999
-97.3667,30.0932#64.58#27.65#7.77000000000001
-97.3142,30.094#64.57#27.65#7.78
-97.2616,30.0948#64.55#27.65#7.80000000000001
-97.209,30.0955#64.54#27.66#7.8
-97.1565,30.0963#64.53#27.66#7.81
-97.1039,30.097#64.51#27.66#7.83
-97.0513,30.0977#64.5#27.66#7.84
-96.9987,30.0984#64.49#27.67#7.84
-96.9462,30.099#64.46#27.67#7.87
-96.8936,30.0997#64.44#27.67#7.89
-96.841,30.1003#64.42#27.68#7.90000000000001
-96.7885,30.1009#64.39#27.68#7.93000000000001
-96.7359,30.1015#64.37#27.68#7.94999999999999
-96.6833,30.1021#64.35#27.69#7.96000000000001
-96.6307,30.1026#64.32#27.69#7.99000000000001
-96.5782,30.1032#64.3#27.69#8.01000000000001
-96.5256,30.1037#64.28#27.69#8.03
-96.473,30.1042#64.25#27.7#8.05
-96.4204,30.1047#64.22#27.71#8.06999999999999
-96.3678,30.1051#64.19#27.72#8.09
-96.3153,30.1056#64.16#27.73#8.11
-96.2627,30.106#64.13#27.74#8.13000000000001
-96.2101,30.1064#64.09#27.75#8.16
-96.1575,30.1068#64.06#27.76#8.17999999999999
-96.105,30.1072#64.03#27.77#8.2
-96.0524,30.1076#64#27.78#8.22
-95.9998,30.1079#63.97#27.79#8.24000000000001
-95.9472,30.1082#63.94#27.8#8.26000000000001
-95.8946,30.1086#63.9#27.82#8.28
-95.842,30.1088#63.87#27.84#8.29000000000001
-95.7895,30.1091#63.84#27.85#8.31
-95.7369,30.1094#63.8#27.87#8.33
-95.6843,30.1096#63.77#27.89#8.34
-95.6317,30.1098#63.74#27.91#8.34999999999999
-95.5791,30.11#63.7#27.92#8.38
-95.5266,30.1102#63.67#27.94#8.39
-95.474,30.1104#63.64#27.96#8.40000000000001
-95.4214,30.1105#63.6#27.98#8.42
-95.3688,30.1107#63.56#28.01#8.42999999999999
-95.3162,30.1108#63.52#28.03#8.44999999999999
-95.2636,30.1109#63.48#28.05#8.47
-95.2111,30.111#63.44#28.08#8.48
-95.1585,30.111#63.41#28.1#8.49000000000001
-95.1059,30.1111#63.37#28.12#8.51000000000001
-95.0533,30.1111#63.33#28.15#8.52000000000001
-95.0007,30.1111#63.29#28.17#8.53999999999999
-94.9481,30.1111#63.25#28.19#8.56
-94.8956,30.1111#63.2#28.22#8.58
-94.843,30.111#63.16#28.24#8.60000000000001
-94.7904,30.111#63.12#28.26#8.62
-94.7378,30.1109#63.07#28.29#8.64
-94.6852,30.1108#63.03#28.31#8.66
-94.6326,30.1107#62.99#28.33#8.68000000000001
-94.5801,30.1105#62.94#28.35#8.71000000000001
-94.5275,30.1104#62.9#28.38#8.72
-94.4749,30.1102#62.87#28.39#8.74000000000001
-94.4223,30.11#62.86#28.4#8.74000000000001
-94.3697,30.1098#62.85#28.41#8.73999999999999
-94.3171,30.1096#62.84#28.42#8.73999999999999
-94.2646,30.1094#62.83#28.43#8.74000000000001
-94.212,30.1091#62.83#28.43#8.74000000000001
-94.1594,30.1089#62.82#28.44#8.73999999999999
-94.1068,30.1086#62.81#28.45#8.73999999999999
-94.0542,30.1083#62.8#28.46#8.74000000000001
-94.0017,30.1079#62.79#28.46#8.75
-93.9491,30.1076#62.79#28.46#8.75
-93.8965,30.1072#62.79#28.46#8.75
-93.8439,30.1068#62.79#28.46#8.75
-93.7913,30.1065#62.79#28.46#8.75
-93.7388,30.106#62.79#28.46#8.75
-93.6862,30.1056#62.79#28.46#8.75
-93.6336,30.1052#62.79#28.45#8.76000000000001
-93.581,30.1047#62.79#28.45#8.76000000000001
-93.5285,30.1042#62.79#28.45#8.76000000000001
-93.4759,30.1037#62.8#28.45#8.75
-93.4233,30.1032#62.82#28.44#8.73999999999999
-93.3707,30.1026#62.84#28.44#8.72
-93.3181,30.1021#62.86#28.44#8.7
-93.2656,30.1015#62.88#28.43#8.69
-93.213,30.1009#62.9#28.43#8.67
-93.1604,30.1003#62.92#28.43#8.65000000000001
-93.1078,30.0997#62.94#28.42#8.64
-93.0553,30.099#62.96#28.42#8.62
-93.0027,30.0984#62.98#28.42#8.59999999999999
-92.9501,30.0977#63.11#28.41#8.48
-92.8976,30.097#63.25#28.41#8.34
-92.845,30.0963#63.38#28.4#8.22
-92.7924,30.0956#63.51#28.4#8.09
-92.7399,30.0948#63.64#28.4#7.96000000000001
-92.6873,30.094#63.78#28.39#7.83
-92.6347,30.0933#63.91#28.39#7.7
-92.5821,30.0925#64.04#28.39#7.56999999999999
-92.5296,30.0916#64.17#28.38#7.45
-92.477,30.0908#64.22#28.38#7.40000000000001
-92.4245,30.0899#64.18#28.38#7.44
-92.3719,30.0891#64.15#28.37#7.47999999999999
-92.3193,30.0882#64.11#28.37#7.52
-92.2668,30.0873#64.07#28.37#7.56
-92.2142,30.0863#64.04#28.36#7.59999999999999
-92.1616,30.0854#64#28.36#7.64
-92.1091,30.0844#63.96#28.35#7.69
-92.0565,30.0835#63.93#28.35#7.72
-92.004,30.0825#63.89#28.35#7.75999999999999
-91.9514,30.0815#63.83#28.34#7.83
-91.8988,30.0804#63.77#28.33#7.90000000000001
-91.8463,30.0794#63.71#28.32#7.97
-91.7937,30.0783#63.65#28.31#8.04000000000001
-91.7412,30.0772#63.59#28.3#8.11
-91.6886,30.0761#63.53#28.29#8.18000000000001
-91.6361,30.075#63.48#28.28#8.24000000000001
-91.5835,30.0739#63.42#28.27#8.31
-91.531,30.0727#63.36#28.25#8.39
-91.4784,30.0715#63.29#28.24#8.47
-91.4259,30.0703#63.23#28.22#8.55000000000001
-91.3733,30.0691#63.16#28.21#8.63
-91.3208,30.0679#63.09#28.19#8.72
-91.2683,30.0667#63.02#28.17#8.81
-91.2157,30.0654#62.95#28.16#8.89
-91.1632,30.0641#62.89#28.14#8.97
-91.1106,30.0628#62.82#28.12#9.06
-91.0581,30.0615#62.75#28.11#9.14
-91.0055,30.0602#62.68#28.09#9.23
-90.953,30.0588#62.68#28.07#9.25
-90.9005,30.0575#62.69#28.04#9.27000000000001
-90.8479,30.0561#62.7#28.02#9.28
-90.7954,30.0547#62.71#28#9.28999999999999
-90.7429,30.0533#62.73#27.97#9.30000000000001
-90.6903,30.0518#62.74#27.95#9.31
-90.6378,30.0504#62.75#27.92#9.33
-90.5853,30.0489#62.77#27.9#9.33
-90.5328,30.0474#62.78#27.88#9.34
-90.4802,30.0459#62.77#27.85#9.38
-90.4277,30.0444#62.7#27.83#9.47
-90.3752,30.0428#62.62#27.81#9.57000000000001
-90.3227,30.0413#62.55#27.79#9.66
-90.2701,30.0397#62.48#27.76#9.76000000000001
-90.2176,30.0381#62.41#27.74#9.85000000000001
-90.1651,30.0365#62.34#27.72#9.94
-90.1126,30.0349#62.27#27.7#10.03
