-97.8021,32.9005#47.6#27.96#24.44
-97.7482,32.9015#47.59#27.96#24.45
-97.6944,32.9024#47.57#27.97#24.46
-97.6405,32.9033#47.56#27.97#24.47
-97.5866,32.9041#47.55#27.97#24.48
-97.5328,32.905#47.53#27.97#24.5
-97.4789,32.9058#47.51#27.98#24.51
-97.4251,32.9066#47.49#27.98#24.53
-97.3712,32.9074#47.46#27.98#24.56
-97.3173,32.9082#47.43#27.98#24.59
-97.2635,32.909#47.4#27.99#24.61
-97.2096,32.9097#47.38#27.99#24.63
-97.1557,32.9105#47.35#27.99#24.66
-97.1019,32.9112#47.32#27.99#24.69
-97.048,32.9119#47.29#28#24.71
-96.9941,32.9125#47.26#28#24.74
-96.9403,32.9132#47.21#28#24.79
-96.8864,32.9138#47.16#28#24.84
-96.8325,32.9144#47.11#28#24.89
-96.7787,32.9151#47.06#28.01#24.93
-96.7248,32.9156#47.01#28.01#24.98
-96.6709,32.9162#46.96#28.01#25.03
-96.6171,32.9167#46.91#28.01#25.08
-96.5632,32.9173#46.86#28.02#25.12
-96.5093,32.9178#46.81#28.02#25.17
-96.4554,32.9183#46.76#28.02#25.22
-96.4016,32.9188#46.7#28.02#25.28
-96.3477,32.9192#46.64#28.03#25.33
-96.2938,32.9197#46.58#28.03#25.39
-96.2399,32.9201#46.52#28.03#25.45
-96.1861,32.9205#46.46#28.03#25.51
-96.1322,32.9209#46.4#28.03#25.57
-96.0783,32.9212#46.34#28.04#25.62
-96.0244,32.9216#46.28#28.04#25.68
-95.9706,32.9219#46.21#28.04#25.75
-95.9167,32.9222#46.13#28.04#25.83
-95.8628,32.9225#46.05#28.04#25.91
-95.8089,32.9228#45.97#28.05#25.98
-95.755,32.9231#45.9#28.05#26.05
-95.7012,32.9233#45.82#28.05#26.13
-95.6473,32.9235#45.74#28.05#26.21
-95.5934,32.9238#45.66#28.05#26.29
-95.5395,32.9239#45.58#28.06#26.36
-95.4857,32.9241#45.51#28.06#26.43
-95.4318,32.9243#45.42#28.06#26.52
-95.3779,32.9244#45.34#28.06#26.6
-95.324,32.9245#45.26#28.06#26.68
-95.2701,32.9246#45.17#28.07#26.76
-95.2163,32.9247#45.09#28.07#26.84
-95.1624,32.9248#45.01#28.07#26.92
-95.1085,32.9248#44.93#28.07#27
-95.0546,32.9248#44.85#28.07#27.08
-95.0007,32.9248#44.76#28.07#27.17
-94.9469,32.9248#44.67#28.08#27.25
-94.893,32.9248#44.58#28.08#27.34
-94.8391,32.9248#44.49#28.08#27.43
-94.7852,32.9247#44.4#28.08#27.52
-94.7313,32.9246#44.31#28.08#27.61
-94.6775,32.9245#44.22#28.08#27.7
-94.6236,32.9244#44.13#28.09#27.78
-94.5697,32.9243#44.04#28.09#27.87
-94.5158,32.9241#43.95#28.09#27.96
-94.462,32.9239#43.87#28.09#28.04
-94.4081,32.9238#43.79#28.09#28.12
-94.3542,32.9236#43.72#28.09#28.19
-94.3003,32.9233#43.65#28.09#28.26
-94.2464,32.9231#43.58#28.1#28.32
-94.1926,32.9228#43.5#28.1#28.4
-94.1387,32.9225#43.43#28.1#28.47
-94.0848,32.9223#43.36#28.1#28.54
-94.0309,32.9219#43.29#28.1#28.61
-93.9771,32.9216#43.22#28.1#28.68
-93.9232,32.9213#43.16#28.11#28.73
-93.8693,32.9209#43.09#28.11#28.8
-93.8154,32.9205#43.03#28.11#28.86
-93.7616,32.9201#42.97#28.11#28.92
-93.7077,32.9197#42.9#28.12#28.98
-93.6538,32.9192#42.84#28.12#29.04
-93.5999,32.9188#42.78#28.12#29.1
-93.5461,32.9183#42.72#28.12#29.16
-93.4922,32.9178#42.66#28.13#29.21
-93.4383,32.9173#42.63#28.14#29.23
-93.3844,32.9168#42.6#28.15#29.25
-93.3306,32.9162#42.58#28.17#29.25
-93.2767,32.9157#42.55#28.18#29.27
-93.2228,32.9151#42.52#28.19#29.29
-93.169,32.9145#42.5#28.21#29.29
-93.1151,32.9138#42.47#28.22#29.31
-93.0612,32.9132#42.45#28.23#29.32
-93.0073,32.9126#42.42#28.25#29.33
-92.9535,32.9119#42.4#28.26#29.34
-92.8996,32.9112#42.38#28.28#29.34
-92.8457,32.9105#42.36#28.3#29.34
-92.7919,32.9097#42.33#28.32#29.35
-92.738,32.909#42.31#28.34#29.35
-92.6842,32.9082#42.29#28.35#29.36
-92.6303,32.9075#42.27#28.37#29.36
-92.5764,32.9067#42.25#28.39#29.36
-92.5226,32.9058#42.23#28.41#29.36
-92.4687,32.905#42.22#28.43#29.35
-92.4148,32.9042#42.22#28.46#29.32
-92.361,32.9033#42.22#28.49#29.29
-92.3071,32.9024#42.22#28.51#29.27
-92.2533,32.9015#42.22#28.54#29.24
-92.1994,32.9006#42.22#28.56#29.22
-99.7421,32.9005#45.89#27.85#26.26
-99.6883,32.902#45.98#27.85#26.17
-99.6344,32.9036#46.07#27.85#26.08
-99.5806,32.9051#46.17#27.86#25.97
-99.5267,32.9066#46.26#27.86#25.88
-99.4729,32.9081#46.33#27.87#25.8
-99.4191,32.9096#46.38#27.87#25.75
-99.3652,32.9111#46.43#27.87#25.7
-99.3114,32.9125#46.48#27.88#25.64
-99.2575,32.914#46.54#27.88#25.58
-99.2037,32.9154#46.59#27.88#25.53
-99.1498,32.9168#46.64#27.89#25.47
-99.096,32.9182#46.69#27.89#25.42
-99.0421,32.9195#46.74#27.9#25.36
-98.9883,32.9208#46.79#27.9#25.31
-98.9344,32.9222#46.83#27.9#25.27
-98.8806,32.9235#46.87#27.91#25.22
-98.8267,32.9248#46.9#27.91#25.19
-98.7728,32.926#46.94#27.91#25.15
-98.719,32.9273#46.98#27.92#25.1
-98.6651,32.9285#47.02#27.92#25.06
-98.6113,32.9297#47.06#27.92#25.02
-98.5574,32.9309#47.1#27.93#24.97
-98.5035,32.9321#47.14#27.93#24.93
-98.4497,32.9333#47.15#27.93#24.92
-98.3958,32.9344#47.15#27.94#24.91
-98.3419,32.9355#47.16#27.94#24.9
-98.2881,32.9366#47.17#27.94#24.89
-98.2342,32.9377#47.17#27.94#24.89
-98.1803,32.9388#47.18#27.95#24.87
-98.1264,32.9398#47.19#27.95#24.86
-98.0726,32.9409#47.19#27.95#24.86
-98.0187,32.9419#47.2#27.96#24.84
-97.9648,32.9429#47.19#27.96#24.85
-97.9109,32.9439#47.17#27.96#24.87
-97.8571,32.9448#47.16#27.96#24.88
-97.8032,32.9458#47.14#27.97#24.89
-97.7493,32.9467#47.12#27.97#24.91
-97.6954,32.9476#47.11#27.97#24.92
-97.6416,32.9485#47.09#27.98#24.93
-97.5877,32.9494#47.07#27.98#24.95
-97.5338,32.9502#47.05#27.98#24.97
-97.4799,32.9511#47.03#27.98#24.99
-97.426,32.9519#47#27.99#25.01
-97.3721,32.9527#46.97#27.99#25.04
-97.3183,32.9535#46.94#27.99#25.07
-97.2644,32.9542#46.91#27.99#25.1
-97.2105,32.955#46.87#28#25.13
-97.1566,32.9557#46.84#28#25.16
-97.1027,32.9564#46.81#28#25.19
-97.0488,32.9571#46.78#28#25.22
-96.9949,32.9578#46.75#28.01#25.24
-96.941,32.9584#46.69#28.01#25.3
-96.8872,32.9591#46.64#28.01#25.35
-96.8333,32.9597#46.59#28.01#25.4
-96.7794,32.9603#46.53#28.02#25.45
-96.7255,32.9609#46.48#28.02#25.5
-96.6716,32.9614#46.43#28.02#25.55
-96.6177,32.962#46.38#28.02#25.6
-96.5638,32.9625#46.32#28.02#25.66
-96.5099,32.963#46.27#28.03#25.7
-96.456,32.9635#46.21#28.03#25.76
-96.4021,32.964#46.15#28.03#25.82
-96.3482,32.9645#46.09#28.03#25.88
-96.2943,32.9649#46.02#28.04#25.94
-96.2404,32.9653#45.96#28.04#26
-96.1865,32.9657#45.9#28.04#26.06
-96.1326,32.9661#45.84#28.04#26.12
-96.0787,32.9665#45.78#28.04#26.18
-96.0248,32.9668#45.71#28.05#26.24
-95.9709,32.9672#45.64#28.05#26.31
-95.917,32.9675#45.56#28.05#26.39
-95.8631,32.9678#45.48#28.05#26.47
-95.8092,32.9681#45.4#28.05#26.55
-95.7553,32.9683#45.33#28.06#26.61
-95.7015,32.9686#45.25#28.06#26.69
-95.6476,32.9688#45.17#28.06#26.77
-95.5937,32.969#45.09#28.06#26.85
-95.5398,32.9692#45.01#28.06#26.93
-95.4859,32.9694#44.93#28.07#27
-95.432,32.9695#44.85#28.07#27.08
-95.3781,32.9696#44.77#28.07#27.16
-95.3241,32.9698#44.68#28.07#27.25
-95.2702,32.9699#44.6#28.07#27.33
-95.2163,32.9699#44.52#28.07#27.41
-95.1624,32.97#44.43#28.08#27.49
-95.1085,32.97#44.35#28.08#27.57
-95.0546,32.9701#44.27#28.08#27.65
-95.0007,32.9701#44.19#28.08#27.73
-94.9468,32.9701#44.1#28.08#27.82
-94.8929,32.97#44.01#28.08#27.91
-94.839,32.97#43.92#28.09#27.99
-94.7851,32.9699#43.84#28.09#28.07
-94.7312,32.9699#43.75#28.09#28.16
-94.6773,32.9698#43.66#28.09#28.25
-94.6234,32.9696#43.58#28.09#28.33
-94.5695,32.9695#43.49#28.09#28.42
-94.5156,32.9694#43.4#28.1#28.5
-94.4617,32.9692#43.33#28.1#28.57
-94.4078,32.969#43.26#28.1#28.64
-94.3539,32.9688#43.19#28.1#28.71
-94.3,32.9686#43.12#28.1#28.78
-94.2461,32.9683#43.05#28.1#28.85
-94.1922,32.9681#42.98#28.1#28.92
-94.1383,32.9678#42.91#28.11#28.98
-94.0844,32.9675#42.85#28.11#29.04
-94.0305,32.9672#42.78#28.11#29.11
-93.9766,32.9668#42.71#28.11#29.18
-93.9227,32.9665#42.65#28.11#29.24
-93.8689,32.9661#42.59#28.12#29.29
-93.815,32.9657#42.54#28.12#29.34
-93.7611,32.9653#42.48#28.12#29.4
-93.7072,32.9649#42.42#28.12#29.46
-93.6533,32.9645#42.36#28.12#29.52
-93.5994,32.964#42.3#28.13#29.57
-93.5455,32.9635#42.24#28.13#29.63
-93.4916,32.963#42.19#28.13#29.68
-93.4377,32.9625#42.16#28.14#29.7
-93.3838,32.962#42.14#28.16#29.7
-93.3299,32.9615#42.11#28.17#29.72
-93.276,32.9609#42.09#28.18#29.73
-93.2221,32.9603#42.07#28.19#29.74
-93.1682,32.9597#42.04#28.2#29.76
-93.1143,32.9591#42.02#28.22#29.76
-93.0604,32.9584#41.99#28.23#29.78
-93.0066,32.9578#41.97#28.24#29.79
-92.9527,32.9571#41.95#28.26#29.79
-92.8988,32.9564#41.93#28.28#29.79
-92.8449,32.9557#41.91#28.29#29.8
-92.791,32.955#41.9#28.31#29.79
-92.7371,32.9542#41.88#28.33#29.79
-92.6832,32.9535#41.86#28.35#29.79
-92.6293,32.9527#41.84#28.37#29.79
-92.5755,32.9519#41.82#28.39#29.79
-92.5216,32.9511#41.8#28.4#29.8
-92.4677,32.9502#41.8#28.43#29.77
-92.4138,32.9494#41.8#28.45#29.75
-92.3599,32.9485#41.8#28.48#29.72
-92.3061,32.9476#41.8#28.5#29.7
-92.2522,32.9467#41.8#28.53#29.67
-92.1983,32.9458#41.8#28.55#29.65
-92.1444,32.9448#41.8#28.58#29.62
-92.0905,32.9439#41.81#28.61#29.58
-92.0367,32.9429#41.81#28.63#29.56
-91.9828,32.9419#41.81#28.65#29.54
-91.9289,32.9409#41.81#28.67#29.52
-91.875,32.9399#41.81#28.68#29.51
-91.8212,32.9388#41.8#28.69#29.51
-91.7673,32.9377#41.8#28.71#29.49
-91.7134,32.9367#41.8#28.72#29.48
-91.6596,32.9355#41.8#28.73#29.47
-91.6057,32.9344#41.8#28.74#29.46
-91.5518,32.9333#41.8#28.76#29.44
-91.498,32.9321#41.8#28.77#29.43
-91.4441,32.9309#41.79#28.77#29.44
-91.3902,32.9298#41.78#28.76#29.46
-91.3364,32.9285#41.78#28.76#29.46
-91.2825,32.9273#41.77#28.76#29.47
-91.2287,32.9261#41.76#28.75#29.49
-91.1748,32.9248#41.76#28.75#29.49
-91.1209,32.9235#41.75#28.75#29.5
-91.0671,32.9222#41.75#28.74#29.51
-91.0132,32.9209#41.74#28.74#29.52
-90.9594,32.9195#41.73#28.73#29.54
-90.9055,32.9182#41.72#28.72#29.56
-90.8517,32.9168#41.7#28.71#29.59
-90.7978,32.9154#41.69#28.71#29.6
-90.744,32.914#41.68#28.7#29.62
-90.6901,32.9126#41.66#28.69#29.65
-90.6363,32.9111#41.65#28.68#29.67
-90.5824,32.9097#41.64#28.67#29.69
-90.5286,32.9082#41.62#28.66#29.72
-90.4747,32.9067#41.6#28.65#29.75
-90.4209,32.9052#41.57#28.65#29.78
-90.3671,32.9036#41.54#28.64#29.82
-90.3132,32.9021#41.52#28.63#29.85
-90.2594,32.9005#41.49#28.62#29.89
-101.09,32.9005#42.96#27.76#29.28
-101.036,32.9025#43.07#27.75#29.18
-100.982,32.9045#43.18#27.75#29.07
-100.928,32.9065#43.29#27.76#28.95
-100.875,32.9085#43.4#27.76#28.84
-100.821,32.9104#43.52#27.76#28.72
-100.767,32.9124#43.63#27.77#28.6
-100.713,32.9143#43.75#27.77#28.48
-100.659,32.9162#43.86#27.77#28.37
-100.605,32.9181#43.98#27.77#28.25
-100.552,32.9199#44.09#27.78#28.13
-100.498,32.9218#44.2#27.78#28.02
-100.444,32.9236#44.3#27.78#27.92
-100.39,32.9254#44.4#27.79#27.81
-100.336,32.9272#44.49#27.79#27.72
-100.282,32.929#44.59#27.8#27.61
-100.229,32.9307#44.69#27.81#27.5
-100.175,32.9324#44.78#27.81#27.41
-100.121,32.9342#44.88#27.82#27.3
-100.067,32.9359#44.98#27.82#27.2
-100.013,32.9375#45.07#27.83#27.1
-99.9594,32.9392#45.16#27.83#27.01
-99.9055,32.9409#45.26#27.84#26.9
-99.8517,32.9425#45.35#27.84#26.81
-99.7978,32.9441#45.44#27.84#26.72
-99.744,32.9457#45.53#27.85#26.62
-99.6901,32.9473#45.62#27.85#26.53
-99.6363,32.9488#45.71#27.86#26.43
-99.5824,32.9503#45.8#27.86#26.34
-99.5285,32.9519#45.89#27.87#26.24
-99.4747,32.9534#45.96#27.87#26.17
-99.4208,32.9548#46.01#27.88#26.11
-99.3669,32.9563#46.06#27.88#26.06
-99.3131,32.9578#46.11#27.88#26.01
-99.2592,32.9592#46.16#27.89#25.95
-99.2053,32.9606#46.2#27.89#25.91
-99.1515,32.962#46.25#27.9#25.85
-99.0976,32.9634#46.3#27.9#25.8
-99.0437,32.9647#46.35#27.9#25.75
-98.9898,32.9661#46.4#27.91#25.69
-98.936,32.9674#46.43#27.91#25.66
-98.8821,32.9687#46.47#27.91#25.62
-98.8282,32.97#46.5#27.92#25.58
-98.7743,32.9712#46.54#27.92#25.54
-98.7205,32.9725#46.58#27.92#25.5
-98.6666,32.9737#46.61#27.93#25.46
-98.6127,32.9749#46.65#27.93#25.42
-98.5588,32.9761#46.69#27.93#25.38
-98.5049,32.9773#46.72#27.94#25.34
-98.451,32.9785#46.73#27.94#25.33
-98.3971,32.9796#46.73#27.94#25.33
-98.3433,32.9807#46.74#27.95#25.31
-98.2894,32.9818#46.74#27.95#25.31
-98.2355,32.9829#46.74#27.95#25.31
-98.1816,32.984#46.75#27.96#25.29
-98.1277,32.9851#46.75#27.96#25.29
-98.0738,32.9861#46.75#27.96#25.29
-98.0199,32.9871#46.76#27.96#25.28
-97.966,32.9881#46.74#27.97#25.29
-97.9121,32.9891#46.72#27.97#25.31
-97.8582,32.9901#46.7#27.97#25.33
-97.8043,32.991#46.68#27.98#25.34
-97.7504,32.9919#46.66#27.98#25.36
-97.6965,32.9928#46.64#27.98#25.38
-97.6426,32.9937#46.62#27.98#25.4
-97.5887,32.9946#46.6#27.99#25.41
-97.5348,32.9954#46.58#27.99#25.43
-97.4809,32.9963#46.55#27.99#25.46
-97.427,32.9971#46.51#27.99#25.5
-97.3731,32.9979#46.48#28#25.52
-97.3192,32.9987#46.44#28#25.56
-97.2653,32.9994#46.41#28#25.59
-97.2114,33.0002#46.37#28#25.63
-97.1575,33.0009#46.34#28.01#25.65
-97.1035,33.0016#46.3#28.01#25.69
-97.0496,33.0023#46.27#28.01#25.72
-96.9957,33.003#46.23#28.01#25.76
-96.9418,33.0037#46.17#28.02#25.81
-96.8879,33.0043#46.12#28.02#25.86
-96.834,33.0049#46.06#28.02#25.92
-96.7801,33.0055#46.01#28.02#25.97
-96.7262,33.0061#45.95#28.03#26.02
-96.6723,33.0067#45.89#28.03#26.08
-96.6183,33.0072#45.84#28.03#26.13
-96.5644,33.0078#45.78#28.03#26.19
-96.5105,33.0083#45.73#28.03#26.24
-96.4566,33.0088#45.67#28.04#26.29
-96.4027,33.0092#45.6#28.04#26.36
-96.3488,33.0097#45.53#28.04#26.43
-96.2948,33.0101#45.47#28.04#26.49
-96.2409,33.0106#45.4#28.04#26.56
-96.187,33.011#45.34#28.05#26.61
-96.1331,33.0113#45.28#28.05#26.67
-96.0792,33.0117#45.21#28.05#26.74
-96.0253,33.0121#45.15#28.05#26.8
-95.9713,33.0124#45.07#28.06#26.87
-95.9174,33.0127#44.99#28.06#26.95
-95.8635,33.013#44.91#28.06#27.03
-95.8096,33.0133#44.83#28.06#27.11
-95.7557,33.0136#44.75#28.06#27.19
-95.7017,33.0138#44.68#28.07#27.25
-95.6478,33.014#44.6#28.07#27.33
-95.5939,33.0142#44.52#28.07#27.41
-95.54,33.0144#44.44#28.07#27.49
-95.486,33.0146#44.36#28.07#27.57
-95.4321,33.0147#44.27#28.07#27.66
-95.3782,33.0149#44.19#28.08#27.73
-95.3243,33.015#44.11#28.08#27.81
-95.2704,33.0151#44.02#28.08#27.9
-95.2164,33.0152#43.94#28.08#27.98
-95.1625,33.0152#43.86#28.08#28.06
-95.1086,33.0153#43.78#28.09#28.13
-95.0547,33.0153#43.69#28.09#28.22
-95.0007,33.0153#43.61#28.09#28.3
-94.9468,33.0153#43.53#28.09#28.38
-94.8929,33.0153#43.44#28.09#28.47
-94.839,33.0152#43.36#28.09#28.55
-94.7851,33.0152#43.28#28.1#28.62
-94.7311,33.0151#43.19#28.1#28.71
-94.6772,33.015#43.11#28.1#28.79
-94.6233,33.0149#43.03#28.1#28.87
-94.5694,33.0147#42.94#28.1#28.96
-94.5154,33.0146#42.86#28.1#29.04
-94.4615,33.0144#42.79#28.1#29.11
-94.4076,33.0142#42.72#28.11#29.17
-94.3537,33.014#42.66#28.11#29.23
-94.2998,33.0138#42.59#28.11#29.3
-94.2458,33.0136#42.53#28.11#29.36
-94.1919,33.0133#42.46#28.11#29.43
-94.138,33.013#42.4#28.11#29.49
-94.0841,33.0127#42.33#28.11#29.56
-94.0302,33.0124#42.27#28.12#29.61
-93.9762,33.0121#42.21#28.12#29.67
-93.9223,33.0117#42.15#28.12#29.73
-93.8684,33.0114#42.1#28.12#29.78
-93.8145,33.011#42.04#28.12#29.84
-93.7606,33.0106#41.99#28.13#29.88
-93.7066,33.0101#41.93#28.13#29.94
-93.6527,33.0097#41.88#28.13#29.99
-93.5988,33.0092#41.82#28.13#30.05
-93.5449,33.0088#41.77#28.13#30.1
-93.491,33.0083#41.72#28.14#30.14
-93.4371,33.0078#41.69#28.15#30.16
-93.3832,33.0072#41.67#28.16#30.17
-93.3292,33.0067#41.65#28.17#30.18
-93.2753,33.0061#41.63#28.18#30.19
-93.2214,33.0055#41.61#28.19#30.2
-93.1675,33.0049#41.59#28.2#30.21
-93.1136,33.0043#41.57#28.21#30.22
-93.0597,33.0037#41.54#28.23#30.23
-93.0058,33.003#41.52#28.24#30.24
-92.9519,33.0023#41.51#28.25#30.24
-92.8979,33.0017#41.49#28.27#30.24
-92.844,33.0009#41.47#28.29#30.24
-92.7901,33.0002#41.46#28.31#30.23
-92.7362,32.9995#41.44#28.33#30.23
-92.6823,32.9987#41.42#28.34#30.24
-92.6284,32.9979#41.41#28.36#30.23
-92.5745,32.9971#41.39#28.38#30.23
-92.5206,32.9963#41.38#28.4#30.22
-92.4667,32.9955#41.37#28.42#30.21
-92.4128,32.9946#41.37#28.44#30.19
-92.3589,32.9937#41.38#28.47#30.15
-92.305,32.9929#41.38#28.49#30.13
-92.2511,32.9919#41.38#28.52#30.1
-92.1972,32.991#41.39#28.54#30.07
-92.1433,32.9901#41.39#28.57#30.04
-92.0894,32.9891#41.39#28.59#30.02
-92.0355,32.9881#41.4#28.62#29.98
-91.9816,32.9871#41.4#28.64#29.96
-91.9277,32.9861#41.4#28.66#29.94
-91.8738,32.9851#41.4#28.67#29.93
-91.8199,32.984#41.4#28.68#29.92
-91.766,32.983#41.4#28.7#29.9
-91.7121,32.9819#41.4#28.71#29.89
-91.6582,32.9808#41.41#28.73#29.86
-91.6043,32.9797#41.41#28.74#29.85
-91.5505,32.9785#41.41#28.76#29.83
-91.4966,32.9773#41.41#28.77#29.82
-91.4427,32.9762#41.41#28.77#29.82
-91.3888,32.975#41.4#28.76#29.84
-91.3349,32.9738#41.4#28.76#29.84
-91.281,32.9725#41.39#28.76#29.85
-91.2272,32.9713#41.39#28.76#29.85
-91.1733,32.97#41.38#28.76#29.86
-91.1194,32.9687#41.38#28.75#29.87
-91.0655,32.9674#41.38#28.75#29.87
-91.0116,32.9661#41.37#28.75#29.88
-90.9578,32.9648#41.36#28.74#29.9
-90.9039,32.9634#41.35#28.73#29.92
-90.85,32.962#41.34#28.72#29.94
-90.7961,32.9606#41.33#28.72#29.95
-90.7423,32.9592#41.32#28.71#29.97
-90.6884,32.9578#41.31#28.7#29.99
-90.6345,32.9564#41.3#28.69#30.01
-90.5807,32.9549#41.29#28.68#30.03
-90.5268,32.9534#41.28#28.67#30.05
-90.4729,32.9519#41.26#28.66#30.08
-90.4191,32.9504#41.23#28.66#30.11
-90.3652,32.9489#41.2#28.65#30.15
-90.3114,32.9473#41.18#28.64#30.18
-90.2575,32.9457#41.15#28.63#30.22
-90.2037,32.9441#41.12#28.62#30.26
-90.1498,32.9425#41.1#28.61#30.29
-90.0959,32.9409#41.07#28.6#30.33
-90.0421,32.9393#41.04#28.59#30.37
-89.9882,32.9376#41.02#28.59#30.39
-89.9344,32.9359#40.99#28.58#30.43
-89.8806,32.9342#40.96#28.57#30.47
-89.8267,32.9325#40.93#28.56#30.51
-89.7729,32.9308#40.9#28.55#30.55
-89.719,32.929#40.87#28.55#30.58
-89.6652,32.9272#40.84#28.54#30.62
-89.6113,32.9255#40.81#28.53#30.66
-89.5575,32.9236#40.79#28.52#30.69
-89.5037,32.9218#40.76#28.52#30.72
-89.4498,32.92#40.72#28.51#30.77
-89.396,32.9181#40.69#28.5#30.81
-89.3422,32.9162#40.65#28.49#30.86
-89.2884,32.9143#40.62#28.48#30.9
-89.2345,32.9124#40.58#28.47#30.95
-89.1807,32.9105#40.55#28.46#30.99
-89.1269,32.9086#40.51#28.46#31.03
-89.0731,32.9066#40.47#28.45#31.08
-89.0192,32.9046#40.44#28.44#31.12
-88.9654,32.9026#40.4#28.42#31.18
-88.9116,32.9006#40.37#28.41#31.22
-102.169,32.9015#40.47#27.82#31.71
-102.115,32.9039#40.61#27.82#31.57
-102.061,32.9062#40.75#27.82#31.43
-102.007,32.9086#40.88#27.81#31.31
-101.953,32.9109#40.99#27.81#31.2
-101.9,32.9132#41.1#27.8#31.1
-101.846,32.9155#41.2#27.8#31
-101.792,32.9178#41.3#27.79#30.91
-101.738,32.92#41.41#27.79#30.8
-101.684,32.9223#41.51#27.79#30.7
-101.631,32.9245#41.61#27.78#30.61
-101.577,32.9267#41.71#27.78#30.51
-101.523,32.9289#41.82#27.77#30.41
-101.469,32.9311#41.92#27.77#30.31
-101.415,32.9332#42.02#27.77#30.21
-101.361,32.9353#42.12#27.77#30.11
-101.308,32.9374#42.23#27.77#30
-101.254,32.9395#42.33#27.76#29.91
-101.2,32.9416#42.43#27.76#29.81
-101.146,32.9437#42.53#27.76#29.71
-101.092,32.9457#42.63#27.76#29.61
-101.038,32.9477#42.74#27.76#29.5
-100.985,32.9497#42.84#27.76#29.4
-100.931,32.9517#42.95#27.76#29.29
-100.877,32.9537#43.07#27.76#29.17
-100.823,32.9556#43.18#27.76#29.06
-100.769,32.9576#43.29#27.77#28.94
-100.715,32.9595#43.41#27.77#28.82
-100.662,32.9614#43.52#27.77#28.71
-100.608,32.9633#43.63#27.77#28.6
-100.554,32.9651#43.74#27.78#28.48
-100.5,32.967#43.86#27.78#28.36
-100.446,32.9688#43.95#27.78#28.27
-100.392,32.9706#44.05#27.79#28.16
-100.338,32.9724#44.14#27.8#28.06
-100.285,32.9742#44.24#27.8#27.96
-100.231,32.9759#44.33#27.81#27.86
-100.177,32.9777#44.43#27.81#27.76
-100.123,32.9794#44.52#27.82#27.66
-100.069,32.9811#44.62#27.82#27.56
-100.015,32.9828#44.71#27.83#27.46
-99.9614,32.9844#44.8#27.83#27.37
-99.9075,32.9861#44.89#27.84#27.27
-99.8536,32.9877#44.98#27.84#27.18
-99.7997,32.9893#45.07#27.85#27.08
-99.7459,32.9909#45.16#27.85#26.99
-99.692,32.9925#45.25#27.86#26.89
-99.6381,32.994#45.34#27.86#26.8
-99.5842,32.9956#45.43#27.87#26.7
-99.5303,32.9971#45.53#27.87#26.6
-99.4765,32.9986#45.6#27.88#26.52
-99.4226,33.0001#45.64#27.88#26.48
-99.3687,33.0015#45.69#27.89#26.42
-99.3148,33.003#45.73#27.89#26.38
-99.2609,33.0044#45.78#27.89#26.33
-99.207,33.0058#45.82#27.9#26.28
-99.1531,33.0072#45.87#27.9#26.23
-99.0992,33.0086#45.91#27.91#26.18
-99.0453,33.0099#45.96#27.91#26.13
-98.9914,33.0113#46#27.91#26.09
-98.9375,33.0126#46.04#27.92#26.04
-98.8836,33.0139#46.07#27.92#26.01
-98.8297,33.0152#46.1#27.92#25.98
-98.7758,33.0165#46.14#27.93#25.93
-98.7219,33.0177#46.17#27.93#25.9
-98.668,33.0189#46.21#27.93#25.86
-98.6141,33.0202#46.24#27.94#25.82
-98.5602,33.0214#46.27#27.94#25.79
-98.5063,33.0225#46.31#27.94#25.75
-98.4524,33.0237#46.31#27.95#25.74
-98.3985,33.0248#46.31#27.95#25.74
-98.3446,33.026#46.31#27.95#25.74
-98.2907,33.0271#46.31#27.96#25.73
-98.2368,33.0282#46.31#27.96#25.73
-98.1828,33.0292#46.31#27.96#25.73
-98.1289,33.0303#46.31#27.97#25.72
-98.075,33.0313#46.31#27.97#25.72
-98.0211,33.0323#46.31#27.97#25.72
-97.9672,33.0333#46.3#27.97#25.73
-97.9133,33.0343#46.27#27.98#25.75
-97.8593,33.0353#46.25#27.98#25.77
-97.8054,33.0362#46.22#27.98#25.8
-97.7515,33.0371#46.2#27.99#25.81
-97.6976,33.0381#46.17#27.99#25.84
-97.6437,33.0389#46.15#27.99#25.86
-97.5897,33.0398#46.12#27.99#25.89
-97.5358,33.0407#46.1#28#25.9
-97.4819,33.0415#46.07#28#25.93
-97.428,33.0423#46.03#28#25.97
-97.374,33.0431#45.99#28#26.01
-97.3201,33.0439#45.95#28.01#26.04
-97.2662,33.0447#45.91#28.01#26.08
-97.2122,33.0454#45.87#28.01#26.12
-97.1583,33.0461#45.83#28.01#26.16
-97.1044,33.0469#45.79#28.02#26.19
-97.0505,33.0476#45.75#28.02#26.23
-96.9965,33.0482#45.71#28.02#26.27
-96.9426,33.0489#45.66#28.02#26.32
-96.8887,33.0495#45.6#28.03#26.37
-96.8347,33.0501#45.54#28.03#26.43
-96.7808,33.0507#45.48#28.03#26.49
-96.7269,33.0513#45.42#28.03#26.55
-96.6729,33.0519#45.36#28.04#26.6
-96.619,33.0524#45.3#28.04#26.66
-96.565,33.053#45.24#28.04#26.72
-96.5111,33.0535#45.19#28.04#26.77
-96.4572,33.054#45.12#28.04#26.84
-96.4032,33.0545#45.05#28.05#26.9
-96.3493,33.0549#44.98#28.05#26.97
-96.2954,33.0554#44.92#28.05#27.03
-96.2414,33.0558#44.85#28.05#27.1
-96.1875,33.0562#44.78#28.05#27.17
-96.1335,33.0566#44.71#28.06#27.23
-96.0796,33.0569#44.65#28.06#27.29
-96.0257,33.0573#44.58#28.06#27.36
-95.9717,33.0576#44.51#28.06#27.43
-95.9178,33.0579#44.43#28.06#27.51
-95.8638,33.0582#44.34#28.07#27.59
-95.8099,33.0585#44.26#28.07#27.67
-95.756,33.0588#44.18#28.07#27.75
-95.702,33.059#44.1#28.07#27.83
-95.6481,33.0593#44.02#28.07#27.91
-95.5941,33.0595#43.94#28.08#27.98
-95.5402,33.0596#43.87#28.08#28.05
-95.4862,33.0598#43.79#28.08#28.13
-95.4323,33.06#43.7#28.08#28.22
-95.3784,33.0601#43.62#28.08#28.3
-95.3244,33.0602#43.53#28.09#28.38
-95.2705,33.0603#43.45#28.09#28.46
-95.2165,33.0604#43.37#28.09#28.54
-95.1626,33.0605#43.28#28.09#28.63
-95.1086,33.0605#43.2#28.09#28.71
-95.0547,33.0605#43.12#28.09#28.79
-95.0007,33.0605#43.04#28.1#28.86
-94.9468,33.0605#42.96#28.1#28.94
-94.8929,33.0605#42.87#28.1#29.03
-94.8389,33.0605#42.79#28.1#29.11
-94.785,33.0604#42.71#28.1#29.19
-94.731,33.0603#42.64#28.1#29.26
-94.6771,33.0602#42.56#28.11#29.33
-94.6231,33.0601#42.48#28.11#29.41
-94.5692,33.06#42.4#28.11#29.49
-94.5153,33.0598#42.32#28.11#29.57
-94.4613,33.0597#42.25#28.11#29.64
-94.4074,33.0595#42.19#28.11#29.7
-94.3534,33.0593#42.13#28.11#29.76
-94.2995,33.059#42.07#28.12#29.81
-94.2455,33.0588#42#28.12#29.88
-94.1916,33.0585#41.94#28.12#29.94
-94.1377,33.0583#41.88#28.12#30
-94.0837,33.058#41.82#28.12#30.06
-94.0298,33.0576#41.76#28.12#30.12
-93.9758,33.0573#41.7#28.12#30.18
-93.9219,33.057#41.65#28.13#30.22
-93.868,33.0566#41.6#28.13#30.27
-93.814,33.0562#41.55#28.13#30.32
-93.7601,33.0558#41.5#28.13#30.37
-93.7061,33.0554#41.44#28.13#30.43
-93.6522,33.0549#41.39#28.14#30.47
-93.5983,33.0545#41.34#28.14#30.52
-93.5443,33.054#41.29#28.14#30.57
-93.4904,33.0535#41.25#28.14#30.61
-93.4364,33.053#41.23#28.15#30.62
-93.3825,33.0525#41.21#28.16#30.63
-93.3286,33.0519#41.19#28.17#30.64
-93.2746,33.0513#41.17#28.18#30.65
-93.2207,33.0508#41.15#28.19#30.66
-93.1668,33.0502#41.13#28.2#30.67
-93.1128,33.0495#41.11#28.21#30.68
-93.0589,33.0489#41.09#28.22#30.69
-93.005,33.0482#41.08#28.23#30.69
-92.951,33.0476#41.06#28.25#30.69
-92.8971,33.0469#41.05#28.27#30.68
-92.8432,33.0462#41.03#28.28#30.69
-92.7892,33.0454#41.02#28.3#30.68
-92.7353,33.0447#41#28.32#30.68
-92.6814,33.0439#40.99#28.34#30.67
-92.6275,33.0431#40.98#28.36#30.66
-92.5735,33.0423#40.96#28.37#30.67
-92.5196,33.0415#40.95#28.39#30.66
-92.4657,33.0407#40.95#28.41#30.64
-92.4118,33.0398#40.95#28.44#30.61
-92.3578,33.039#40.96#28.46#30.58
-92.3039,33.0381#40.96#28.49#30.55
-92.25,33.0372#40.96#28.51#30.53
-92.1961,33.0362#40.97#28.53#30.5
-92.1421,33.0353#40.97#28.56#30.47
-92.0882,33.0343#40.98#28.58#30.44
-92.0343,33.0334#40.98#28.61#30.41
-91.9804,33.0324#40.99#28.63#30.38
-91.9265,33.0313#40.99#28.64#30.37
-91.8726,33.0303#41#28.66#30.34
-91.8186,33.0293#41#28.68#30.32
-91.7647,33.0282#41#28.69#30.31
-91.7108,33.0271#41.01#28.71#30.28
-91.6569,33.026#41.01#28.72#30.27
-91.603,33.0249#41.02#28.74#30.24
-91.5491,33.0237#41.02#28.76#30.22
-91.4952,33.0226#41.02#28.77#30.21
-91.4413,33.0214#41.02#28.77#30.21
-91.3874,33.0202#41.02#28.77#30.21
-91.3335,33.019#41.02#28.77#30.21
-91.2796,33.0177#41.01#28.77#30.22
-91.2257,33.0165#41.01#28.76#30.23
-91.1718,33.0152#41.01#28.76#30.23
-91.1179,33.0139#41.01#28.76#30.23
-91.064,33.0126#41#28.76#30.24
-91.0101,33.0113#41#28.76#30.24
-90.9562,33.01#40.99#28.75#30.26
-90.9023,33.0086#40.99#28.74#30.27
-90.8484,33.0072#40.98#28.73#30.29
-90.7945,33.0059#40.97#28.73#30.3
-90.7406,33.0044#40.96#28.72#30.32
-90.6867,33.003#40.96#28.71#30.33
-90.6328,33.0016#40.95#28.7#30.35
-90.5789,33.0001#40.94#28.69#30.37
-90.525,32.9986#40.93#28.68#30.39
-90.4711,32.9971#40.92#28.67#30.41
-90.4173,32.9956#40.89#28.66#30.45
-90.3634,32.9941#40.87#28.66#30.47
-90.3095,32.9925#40.84#28.65#30.51
-90.2556,32.9909#40.82#28.64#30.54
-90.2017,32.9893#40.79#28.63#30.58
-90.1479,32.9877#40.77#28.62#30.61
-90.094,32.9861#40.74#28.61#30.65
-90.0401,32.9845#40.72#28.6#30.68
-89.9863,32.9828#40.69#28.59#30.72
-89.9324,32.9811#40.66#28.59#30.75
-89.8785,32.9794#40.64#28.58#30.78
-89.8247,32.9777#40.61#28.57#30.82
-89.7708,32.976#40.59#28.56#30.85
-89.7169,32.9742#40.56#28.55#30.89
-89.6631,32.9724#40.53#28.55#30.92
-89.6092,32.9707#40.51#28.54#30.95
-89.5553,32.9688#40.48#28.53#30.99
-89.5015,32.967#40.45#28.52#31.03
-89.4476,32.9652#40.42#28.51#31.07
-89.3938,32.9633#40.39#28.5#31.11
-89.3399,32.9614#40.36#28.5#31.14
-89.2861,32.9595#40.32#28.49#31.19
-89.2322,32.9576#40.29#28.48#31.23
-89.1784,32.9557#40.26#28.47#31.27
-89.1245,32.9537#40.22#28.46#31.32
-89.0707,32.9518#40.19#28.45#31.36
-89.0169,32.9498#40.16#28.44#31.4
-88.963,32.9478#40.13#28.43#31.44
-88.9092,32.9458#40.1#28.41#31.49
-88.8554,32.9437#40.07#28.4#31.53
-88.8015,32.9417#40.03#28.38#31.59
-88.7477,32.9396#40#28.36#31.64
-88.6939,32.9375#39.97#28.35#31.68
-88.64,32.9354#39.94#28.33#31.73
-88.5862,32.9333#39.91#28.31#31.78
-88.5324,32.9311#39.88#28.3#31.82
-88.4786,32.9289#39.85#28.28#31.87
-88.4248,32.9268#39.83#28.26#31.91
-88.3709,32.9246#39.8#28.24#31.96
-88.3171,32.9223#39.78#28.21#32.01
-88.2633,32.9201#39.75#28.19#32.06
-88.2095,32.9178#39.73#28.17#32.1
-88.1557,32.9156#39.7#28.15#32.15
-88.1019,32.9133#39.68#28.13#32.19
-88.0481,32.911#39.65#28.11#32.24
-87.9943,32.9086#39.63#28.09#32.28
-87.9405,32.9063#39.63#28.06#32.31
-87.8867,32.9039#39.62#28.03#32.35
-87.8329,32.9016#39.62#28#32.38
-103.14,32.9007#38.13#27.89#33.98
-103.086,32.9034#38.24#27.89#33.87
-103.032,32.9061#38.35#27.88#33.77
-102.978,32.9088#38.46#27.88#33.66
-102.925,32.9114#38.57#27.88#33.55
-102.871,32.9141#38.67#27.87#33.46
-102.817,32.9167#38.78#27.87#33.35
-102.763,32.9193#38.88#27.87#33.25
-102.709,32.9219#38.99#27.86#33.15
-102.656,32.9244#39.1#27.86#33.04
-102.602,32.927#39.2#27.86#32.94
-102.548,32.9295#39.31#27.85#32.84
-102.494,32.932#39.42#27.85#32.73
-102.44,32.9345#39.55#27.84#32.61
-102.387,32.937#39.69#27.84#32.47
-102.333,32.9394#39.82#27.84#32.34
-102.279,32.9419#39.95#27.83#32.22
-102.225,32.9443#40.09#27.83#32.08
-102.171,32.9467#40.22#27.82#31.96
-102.118,32.9491#40.35#27.82#31.83
-102.064,32.9514#40.48#27.82#31.7
-102.01,32.9538#40.61#27.81#31.58
-101.956,32.9561#40.72#27.81#31.47
-101.902,32.9584#40.82#27.8#31.38
-101.849,32.9607#40.92#27.8#31.28
-101.795,32.963#41.02#27.8#31.18
-101.741,32.9652#41.12#27.79#31.09
-101.687,32.9675#41.22#27.79#30.99
-101.633,32.9697#41.31#27.78#30.91
-101.579,32.9719#41.41#27.78#30.81
-101.526,32.9741#41.51#27.78#30.71
-101.472,32.9762#41.61#27.77#30.62
-101.418,32.9784#41.71#27.77#30.52
-101.364,32.9805#41.81#27.77#30.42
-101.31,32.9826#41.91#27.77#30.32
-101.256,32.9847#42.01#27.77#30.22
-101.202,32.9868#42.11#27.76#30.13
-101.149,32.9889#42.21#27.76#30.03
-101.095,32.9909#42.31#27.76#29.93
-101.041,32.9929#42.41#27.76#29.83
-100.987,32.9949#42.51#27.76#29.73
-100.933,32.9969#42.62#27.76#29.62
-100.879,32.9989#42.73#27.76#29.51
-100.825,33.0008#42.84#27.76#29.4
-100.772,33.0028#42.95#27.77#29.28
-100.718,33.0047#43.06#27.77#29.17
-100.664,33.0066#43.18#27.77#29.05
-100.61,33.0085#43.29#27.77#28.94
-100.556,33.0103#43.4#27.78#28.82
-100.502,33.0122#43.51#27.78#28.71
-100.448,33.014#43.6#27.78#28.62
-100.394,33.0158#43.7#27.79#28.51
-100.341,33.0176#43.79#27.8#28.41
-100.287,33.0194#43.88#27.8#28.32
-100.233,33.0211#43.98#27.81#28.21
-100.179,33.0229#44.07#27.81#28.12
-100.125,33.0246#44.17#27.82#28.01
-100.071,33.0263#44.26#27.83#27.91
-100.017,33.028#44.35#27.83#27.82
-99.9633,33.0296#44.44#27.84#27.72
-99.9094,33.0313#44.53#27.84#27.63
-99.8555,33.0329#44.62#27.85#27.53
-99.8017,33.0345#44.71#27.85#27.44
-99.7478,33.0361#44.8#27.86#27.34
-99.6939,33.0377#44.89#27.86#27.25
-99.64,33.0392#44.98#27.87#27.15
-99.586,33.0408#45.07#27.87#27.06
-99.5321,33.0423#45.16#27.88#26.96
-99.4782,33.0438#45.23#27.88#26.89
-99.4243,33.0453#45.27#27.89#26.84
-99.3704,33.0467#45.31#27.89#26.8
-99.3165,33.0482#45.36#27.9#26.74
-99.2626,33.0496#45.4#27.9#26.7
-99.2087,33.051#45.44#27.9#26.66
-99.1548,33.0524#45.48#27.91#26.61
-99.1009,33.0538#45.53#27.91#26.56
-99.0469,33.0552#45.57#27.92#26.51
-98.993,33.0565#45.61#27.92#26.47
-98.9391,33.0578#45.64#27.92#26.44
-98.8852,33.0591#45.67#27.93#26.4
-98.8313,33.0604#45.7#27.93#26.37
-98.7773,33.0617#45.74#27.93#26.33
-98.7234,33.0629#45.77#27.94#26.29
-98.6695,33.0642#45.8#27.94#26.26
-98.6156,33.0654#45.83#27.95#26.22
-98.5616,33.0666#45.86#27.95#26.19
-98.5077,33.0677#45.9#27.95#26.15
-98.4538,33.0689#45.9#27.96#26.14
-98.3998,33.0701#45.89#27.96#26.15
-98.3459,33.0712#45.89#27.96#26.15
-98.292,33.0723#45.89#27.96#26.15
-98.238,33.0734#45.88#27.97#26.15
-98.1841,33.0744#45.88#27.97#26.15
-98.1302,33.0755#45.87#27.97#26.16
-98.0762,33.0765#45.87#27.98#26.15
-98.0223,33.0775#45.87#27.98#26.15
-97.9684,33.0785#45.85#27.98#26.17
-97.9144,33.0795#45.82#27.99#26.19
-97.8605,33.0805#45.79#27.99#26.22
-97.8065,33.0814#45.76#27.99#26.25
-97.7526,33.0824#45.73#27.99#26.28
-97.6987,33.0833#45.71#28#26.29
-97.6447,33.0842#45.68#28#26.32
-97.5908,33.085#45.65#28#26.35
-97.5368,33.0859#45.62#28#26.38
-97.4829,33.0867#45.59#28.01#26.4
-97.4289,33.0875#45.54#28.01#26.45
-97.375,33.0883#45.5#28.01#26.49
-97.321,33.0891#45.46#28.01#26.53
-97.2671,33.0899#45.41#28.02#26.57
-97.2131,33.0906#45.37#28.02#26.61
-97.1592,33.0914#45.33#28.02#26.65
-97.1052,33.0921#45.29#28.02#26.69
-97.0513,33.0928#45.24#28.03#26.73
-96.9973,33.0934#45.2#28.03#26.77
-96.9434,33.0941#45.14#28.03#26.83
-96.8894,33.0947#45.07#28.03#26.9
-96.8355,33.0954#45.01#28.04#26.95
-96.7815,33.096#44.95#28.04#27.01
-96.7275,33.0966#44.89#28.04#27.07
-96.6736,33.0971#44.83#28.04#27.13
-96.6196,33.0977#44.77#28.05#27.18
-96.5657,33.0982#44.71#28.05#27.24
-96.5117,33.0987#44.64#28.05#27.31
-96.4578,33.0992#44.58#28.05#27.37
-96.4038,33.0997#44.51#28.05#27.44
-96.3498,33.1001#44.43#28.06#27.51
-96.2959,33.1006#44.36#28.06#27.58
-96.2419,33.101#44.29#28.06#27.65
-96.188,33.1014#44.22#28.06#27.72
-96.134,33.1018#44.15#28.06#27.79
-96.08,33.1022#44.08#28.07#27.85
-96.0261,33.1025#44.01#28.07#27.92
-95.9721,33.1029#43.94#28.07#27.99
-95.9181,33.1032#43.86#28.07#28.07
-95.8642,33.1035#43.78#28.07#28.15
-95.8102,33.1037#43.69#28.08#28.23
-95.7563,33.104#43.61#28.08#28.31
-95.7023,33.1042#43.53#28.08#28.39
-95.6483,33.1045#43.45#28.08#28.47
-95.5944,33.1047#43.37#28.08#28.55
-95.5404,33.1049#43.29#28.09#28.62
-95.4864,33.105#43.21#28.09#28.7
-95.4325,33.1052#43.13#28.09#28.78
-95.3785,33.1053#43.04#28.09#28.87
-95.3245,33.1054#42.96#28.09#28.95
-95.2706,33.1055#42.88#28.09#29.03
-95.2166,33.1056#42.79#28.1#29.11
-95.1626,33.1057#42.71#28.1#29.19
-95.1087,33.1057#42.62#28.1#29.28
-95.0547,33.1058#42.54#28.1#29.36
-95.0007,33.1058#42.46#28.1#29.44
-94.9468,33.1058#42.38#28.1#29.52
-94.8928,33.1057#42.31#28.11#29.58
-94.8388,33.1057#42.23#28.11#29.66
-94.7849,33.1056#42.15#28.11#29.74
-94.7309,33.1055#42.08#28.11#29.81
-94.677,33.1055#42#28.11#29.89
-94.623,33.1053#41.93#28.11#29.96
-94.569,33.1052#41.85#28.12#30.03
-94.5151,33.105#41.78#28.12#30.1
-94.4611,33.1049#41.71#28.12#30.17
-94.4071,33.1047#41.66#28.12#30.22
-94.3532,33.1045#41.6#28.12#30.28
-94.2992,33.1043#41.54#28.12#30.34
-94.2452,33.104#41.48#28.12#30.4
-94.1913,33.1038#41.42#28.13#30.45
-94.1373,33.1035#41.37#28.13#30.5
-94.0833,33.1032#41.31#28.13#30.56
-94.0294,33.1029#41.25#28.13#30.62
-93.9754,33.1025#41.2#28.13#30.67
-93.9215,33.1022#41.15#28.13#30.72
-93.8675,33.1018#41.1#28.13#30.77
-93.8135,33.1014#41.05#28.14#30.81
-93.7596,33.101#41.01#28.14#30.85
-93.7056,33.1006#40.96#28.14#30.9
-93.6517,33.1002#40.91#28.14#30.95
-93.5977,33.0997#40.86#28.14#31
-93.5437,33.0992#40.82#28.15#31.03
-93.4898,33.0987#40.78#28.15#31.07
-93.4358,33.0982#40.76#28.16#31.08
-93.3819,33.0977#40.74#28.17#31.09
-93.3279,33.0971#40.72#28.17#31.11
-93.2739,33.0966#40.71#28.18#31.11
-93.22,33.096#40.69#28.19#31.12
-93.166,33.0954#40.68#28.2#31.12
-93.1121,33.0948#40.66#28.21#31.13
-93.0581,33.0941#40.64#28.22#31.14
-93.0042,33.0935#40.63#28.23#31.14
-92.9502,33.0928#40.61#28.24#31.15
-92.8963,33.0921#40.6#28.26#31.14
-92.8423,33.0914#40.59#28.28#31.13
-92.7884,33.0907#40.58#28.3#31.12
-92.7344,33.0899#40.57#28.31#31.12
-92.6805,33.0891#40.56#28.33#31.11
-92.6265,33.0884#40.54#28.35#31.11
-92.5726,33.0876#40.53#28.37#31.1
-92.5186,33.0867#40.52#28.38#31.1
-92.4647,33.0859#40.52#28.41#31.07
-92.4107,33.0851#40.53#28.43#31.04
-92.3568,33.0842#40.53#28.45#31.02
-92.3028,33.0833#40.54#28.48#30.98
-92.2489,33.0824#40.55#28.5#30.95
-92.1949,33.0815#40.55#28.52#30.93
-92.141,33.0805#40.56#28.55#30.89
-92.0871,33.0796#40.57#28.57#30.86
-92.0331,33.0786#40.57#28.6#30.83
-91.9792,33.0776#40.58#28.62#30.8
-91.9253,33.0766#40.59#28.63#30.78
-91.8713,33.0755#40.59#28.65#30.76
-91.8174,33.0745#40.6#28.67#30.73
-91.7634,33.0734#40.61#28.69#30.7
-91.7095,33.0723#40.61#28.7#30.69
-91.6556,33.0712#40.62#28.72#30.66
-91.6016,33.0701#40.63#28.74#30.63
-91.5477,33.0689#40.63#28.76#30.61
-91.4938,33.0678#40.64#28.77#30.59
-91.4399,33.0666#40.64#28.77#30.59
-91.3859,33.0654#40.64#28.77#30.59
-91.332,33.0642#40.64#28.77#30.59
-91.2781,33.063#40.63#28.77#30.6
-91.2242,33.0617#40.63#28.77#30.6
-91.1702,33.0604#40.63#28.77#30.6
-91.1163,33.0592#40.63#28.77#30.6
-91.0624,33.0579#40.63#28.77#30.6
-91.0085,33.0565#40.63#28.77#30.6
-90.9545,33.0552#40.63#28.76#30.61
-90.9006,33.0538#40.62#28.75#30.63
-90.8467,33.0525#40.62#28.74#30.64
-90.7928,33.0511#40.61#28.74#30.65
-90.7389,33.0497#40.61#28.73#30.66
-90.685,33.0482#40.6#28.72#30.68
-90.6311,33.0468#40.6#28.71#30.69
-90.5772,33.0453#40.59#28.7#30.71
-90.5233,33.0438#40.59#28.69#30.72
-90.4693,33.0423#40.57#28.68#30.75
-90.4154,33.0408#40.55#28.67#30.78
-90.3615,33.0393#40.53#28.67#30.8
-90.3076,33.0377#40.5#28.66#30.84
-90.2537,33.0361#40.48#28.65#30.87
-90.1998,33.0345#40.46#28.64#30.9
-90.1459,33.0329#40.43#28.63#30.94
-90.092,33.0313#40.41#28.62#30.97
-90.0382,33.0297#40.39#28.61#31
-89.9843,33.028#40.37#28.6#31.03
-89.9304,33.0263#40.34#28.59#31.07
-89.8765,33.0246#40.32#28.58#31.1
-89.8226,33.0229#40.29#28.58#31.13
-89.7687,33.0212#40.27#28.57#31.16
-89.7148,33.0194#40.25#28.56#31.19
-89.6609,33.0176#40.22#28.55#31.23
-89.6071,33.0159#40.2#28.54#31.26
-89.5532,33.014#40.17#28.54#31.29
-89.4993,33.0122#40.15#28.53#31.32
-89.4454,33.0104#40.12#28.52#31.36
-89.3916,33.0085#40.09#28.51#31.4
-89.3377,33.0066#40.06#28.5#31.44
-89.2838,33.0047#40.03#28.49#31.48
-89.2299,33.0028#40#28.48#31.52
-89.1761,33.0009#39.97#28.48#31.55
-89.1222,32.9989#39.94#28.47#31.59
-89.0683,32.997#39.91#28.46#31.63
-89.0145,32.995#39.87#28.45#31.68
-88.9606,32.993#39.85#28.44#31.71
-88.9068,32.991#39.82#28.42#31.76
-88.8529,32.9889#39.79#28.4#31.81
-88.7991,32.9869#39.76#28.39#31.85
-88.7452,32.9848#39.73#28.37#31.9
-88.6914,32.9827#39.71#28.36#31.93
-88.6375,32.9806#39.68#28.34#31.98
-88.5837,32.9784#39.65#28.33#32.02
-88.5298,32.9763#39.62#28.31#32.07
-88.476,32.9741#39.6#28.29#32.11
-88.4221,32.9719#39.57#28.27#32.16
-88.3683,32.9697#39.55#28.25#32.2
-88.3145,32.9675#39.53#28.23#32.24
-88.2606,32.9653#39.51#28.21#32.28
-88.2068,32.963#39.48#28.19#32.33
-88.153,32.9608#39.46#28.16#32.38
-88.0992,32.9585#39.44#28.14#32.42
-88.0453,32.9562#39.41#28.12#32.47
-87.9915,32.9538#39.39#28.1#32.51
-87.9377,32.9515#39.39#28.07#32.54
-87.8839,32.9491#39.39#28.04#32.57
-87.8301,32.9467#39.39#28.01#32.6
-87.7762,32.9443#39.39#27.98#32.63
-87.7224,32.9419#39.38#27.96#32.66
-87.6686,32.9395#39.38#27.93#32.69
-87.6148,32.937#39.38#27.9#32.72
-87.561,32.9346#39.38#27.87#32.75
-87.5072,32.9321#39.37#27.84#32.79
-87.4534,32.9296#39.38#27.82#32.8
-87.3996,32.927#39.39#27.79#32.82
-87.3458,32.9245#39.4#27.77#32.83
-87.292,32.9219#39.4#27.74#32.86
-87.2382,32.9194#39.41#27.72#32.87
-87.1844,32.9168#39.42#27.7#32.88
-87.1307,32.9141#39.42#27.67#32.91
-87.0769,32.9115#39.43#27.65#32.92
-87.0231,32.9089#39.44#27.63#32.93
-86.9693,32.9062#39.45#27.61#32.94
-86.9155,32.9035#39.46#27.6#32.94
-86.8618,32.9008#39.48#27.58#32.94
-104.003,32.9002#35.97#27.92#36.11
-103.95,32.9032#36.1#27.92#35.98
-103.896,32.9061#36.24#27.92#35.84
-103.842,32.9091#36.37#27.91#35.72
-103.788,32.912#36.5#27.91#35.59
-103.735,32.9149#36.64#27.91#35.45
-103.681,32.9178#36.77#27.91#35.32
-103.627,32.9207#36.9#27.91#35.19
-103.573,32.9236#37.03#27.91#35.06
-103.519,32.9264#37.16#27.91#34.93
-103.466,32.9293#37.28#27.9#34.82
-103.412,32.9321#37.39#27.9#34.71
-103.358,32.9349#37.5#27.9#34.6
-103.304,32.9377#37.6#27.9#34.5
-103.251,32.9404#37.71#27.89#34.4
-103.197,32.9432#37.82#27.89#34.29
-103.143,32.9459#37.93#27.89#34.18
-103.089,32.9486#38.04#27.88#34.08
-103.035,32.9513#38.15#27.88#33.97
-102.982,32.954#38.25#27.88#33.87
-102.928,32.9566#38.36#27.88#33.76
-102.874,32.9592#38.46#27.87#33.67
-102.82,32.9619#38.57#27.87#33.56
-102.766,32.9645#38.67#27.87#33.46
-102.713,32.967#38.77#27.86#33.37
-102.659,32.9696#38.88#27.86#33.26
-102.605,32.9721#38.98#27.86#33.16
-102.551,32.9747#39.08#27.85#33.07
-102.497,32.9772#39.19#27.85#32.96
-102.443,32.9797#39.32#27.84#32.84
-102.39,32.9821#39.45#27.84#32.71
-102.336,32.9846#39.58#27.84#32.58
-102.282,32.987#39.71#27.83#32.46
-102.228,32.9894#39.83#27.83#32.34
-102.174,32.9918#39.96#27.83#32.21
-102.12,32.9942#40.09#27.82#32.09
-102.067,32.9966#40.22#27.82#31.96
-102.013,32.9989#40.34#27.81#31.85
-101.959,33.0013#40.45#27.81#31.74
-101.905,33.0036#40.54#27.81#31.65
-101.851,33.0059#40.64#27.8#31.56
-101.797,33.0081#40.73#27.8#31.47
-101.744,33.0104#40.83#27.79#31.38
-101.69,33.0126#40.92#27.79#31.29
-101.636,33.0149#41.02#27.79#31.19
-101.582,33.0171#41.11#27.78#31.11
-101.528,33.0193#41.2#27.78#31.02
-101.474,33.0214#41.3#27.77#30.93
-101.42,33.0236#41.4#27.77#30.83
-101.367,33.0257#41.49#27.77#30.74
-101.313,33.0278#41.59#27.77#30.64
-101.259,33.0299#41.69#27.77#30.54
-101.205,33.032#41.78#27.77#30.45
-101.151,33.034#41.88#27.76#30.36
-101.097,33.0361#41.98#27.76#30.26
-101.043,33.0381#42.07#27.76#30.17
-100.989,33.0401#42.17#27.76#30.07
-100.936,33.0421#42.28#27.76#29.96
-100.882,33.0441#42.39#27.76#29.85
-100.828,33.046#42.5#27.77#29.73
-100.774,33.048#42.61#27.77#29.62
-100.72,33.0499#42.72#27.77#29.51
-100.666,33.0518#42.83#27.77#29.4
-100.612,33.0537#42.94#27.77#29.29
-100.558,33.0555#43.05#27.78#29.17
-100.504,33.0574#43.16#27.78#29.06
-100.45,33.0592#43.26#27.78#28.96
-100.397,33.061#43.35#27.79#28.86
-100.343,33.0628#43.44#27.8#28.76
-100.289,33.0646#43.53#27.8#28.67
-100.235,33.0663#43.62#27.81#28.57
-100.181,33.0681#43.72#27.82#28.46
-100.127,33.0698#43.81#27.82#28.37
-100.073,33.0715#43.9#27.83#28.27
-100.019,33.0732#43.99#27.83#28.18
-99.9653,33.0748#44.08#27.84#28.08
-99.9114,33.0765#44.17#27.85#27.98
-99.8575,33.0781#44.26#27.85#27.89
-99.8036,33.0797#44.35#27.86#27.79
-99.7496,33.0813#44.44#27.86#27.7
-99.6957,33.0829#44.53#27.87#27.6
-99.6418,33.0844#44.62#27.87#27.51
-99.5879,33.086#44.7#27.88#27.42
