-98.0165,36.9007#27.19#34.68#38.13
-97.9607,36.9017#27.16#34.68#38.16
-97.9048,36.9027#27.14#34.68#38.18
-97.849,36.9036#27.12#34.68#38.2
-97.7932,36.9045#27.1#34.68#38.22
-97.7373,36.9055#27.08#34.68#38.24
-97.6815,36.9064#27.06#34.68#38.26
-97.6257,36.9072#27.04#34.68#38.28
-97.5698,36.9081#27.02#34.68#38.3
-97.514,36.9089#27#34.68#38.32
-97.4582,36.9097#26.99#34.68#38.33
-97.4023,36.9105#26.98#34.68#38.34
-97.3465,36.9113#26.97#34.69#38.34
-97.2906,36.9121#26.96#34.69#38.35
-97.2348,36.9128#26.95#34.69#38.36
-97.179,36.9136#26.94#34.69#38.37
-97.1231,36.9143#26.93#34.7#38.37
-97.0673,36.915#26.92#34.7#38.38
-97.0114,36.9156#26.91#34.7#38.39
-96.9556,36.9163#26.9#34.7#38.4
-96.8997,36.9169#26.9#34.7#38.4
-96.8439,36.9175#26.89#34.71#38.4
-96.7881,36.9181#26.89#34.71#38.4
-96.7322,36.9187#26.88#34.71#38.41
-96.6764,36.9193#26.88#34.71#38.41
-96.6205,36.9198#26.88#34.71#38.41
-96.5647,36.9203#26.87#34.72#38.41
-96.5088,36.9208#26.87#34.72#38.41
-96.453,36.9213#26.86#34.72#38.42
-96.3971,36.9218#26.86#34.72#38.42
-96.3413,36.9223#26.86#34.73#38.41
-96.2854,36.9227#26.86#34.73#38.41
-96.2296,36.9231#26.86#34.74#38.4
-96.1737,36.9235#26.85#34.74#38.41
-96.1179,36.9239#26.85#34.74#38.41
-96.062,36.9242#26.85#34.75#38.4
-96.0062,36.9246#26.85#34.75#38.4
-95.9503,36.9249#26.85#34.75#38.4
-95.8945,36.9252#26.85#34.76#38.39
-95.8386,36.9255#26.84#34.76#38.4
-95.7827,36.9257#26.84#34.76#38.4
-95.7269,36.926#26.84#34.76#38.4
-95.671,36.9262#26.84#34.77#38.39
-95.6152,36.9264#26.84#34.77#38.39
-95.5593,36.9266#26.84#34.77#38.39
-95.5035,36.9268#26.84#34.78#38.38
-95.4476,36.927#26.84#34.78#38.38
-95.3918,36.9271#26.84#34.79#38.37
-95.3359,36.9272#26.84#34.79#38.37
-95.2801,36.9273#26.84#34.79#38.37
-95.2242,36.9274#26.84#34.8#38.36
-95.1683,36.9275#26.84#34.8#38.36
-95.1125,36.9275#26.84#34.81#38.35
-95.0566,36.9275#26.84#34.81#38.35
-95.0008,36.9276#26.84#34.81#38.35
-94.9449,36.9275#26.84#34.82#38.34
-94.8891,36.9275#26.85#34.82#38.33
-94.8332,36.9275#26.85#34.82#38.33
-94.7773,36.9274#26.85#34.83#38.32
-94.7215,36.9273#26.85#34.83#38.32
-94.6656,36.9272#26.85#34.83#38.32
-94.6098,36.9271#26.85#34.83#38.32
-94.5539,36.927#26.85#34.84#38.31
-94.4981,36.9268#26.85#34.84#38.31
-94.4422,36.9266#26.85#34.84#38.31
-94.3864,36.9264#26.85#34.85#38.3
-94.3305,36.9262#26.85#34.85#38.3
-94.2747,36.926#26.86#34.85#38.29
-94.2188,36.9258#26.86#34.85#38.29
-94.1629,36.9255#26.86#34.86#38.28
-94.1071,36.9252#26.86#34.86#38.28
-94.0512,36.9249#26.86#34.86#38.28
-93.9954,36.9246#26.86#34.86#38.28
-93.9395,36.9242#26.86#34.87#38.27
-93.8837,36.9239#26.86#34.88#38.26
-93.8278,36.9235#26.87#34.88#38.25
-93.772,36.9231#26.87#34.89#38.24
-93.7161,36.9227#26.87#34.89#38.24
-93.6603,36.9223#26.87#34.9#38.23
-93.6044,36.9218#26.87#34.9#38.23
-93.5486,36.9213#26.87#34.91#38.22
-93.4927,36.9209#26.87#34.91#38.22
-93.4369,36.9204#26.87#34.92#38.21
-93.381,36.9198#26.88#34.93#38.19
-93.3252,36.9193#26.88#34.93#38.19
-93.2693,36.9187#26.88#34.94#38.18
-93.2135,36.9181#26.88#34.95#38.17
-93.1576,36.9175#26.88#34.95#38.17
-93.1018,36.9169#26.88#34.96#38.16
-93.046,36.9163#26.88#34.97#38.15
-92.9901,36.9156#26.88#34.97#38.15
-92.9343,36.915#26.89#34.98#38.13
-92.8784,36.9143#26.89#34.99#38.12
-92.8226,36.9136#26.89#35#38.11
-92.7667,36.9128#26.89#35.01#38.1
-92.7109,36.9121#26.89#35.02#38.09
-92.6551,36.9113#26.89#35.03#38.08
-92.5992,36.9106#26.89#35.04#38.07
-92.5434,36.9098#26.89#35.05#38.06
-92.4875,36.9089#26.9#35.06#38.04
-92.4317,36.9081#26.9#35.07#38.03
-92.3759,36.9072#26.9#35.08#38.02
-92.32,36.9064#26.9#35.09#38.01
-92.2642,36.9055#26.9#35.1#38
-92.2084,36.9046#26.9#35.11#37.99
-92.1525,36.9036#26.9#35.12#37.98
-92.0967,36.9027#26.9#35.13#37.97
-92.0409,36.9017#26.9#35.13#37.97
-91.9851,36.9007#26.9#35.14#37.96
-99.916,36.901#28.46#35.53#36.01
-99.8602,36.9026#28.44#35.5#36.06
-99.8043,36.9042#28.43#35.47#36.1
-99.7485,36.9057#28.42#35.44#36.14
-99.6927,36.9073#28.41#35.42#36.17
-99.6369,36.9088#28.4#35.39#36.21
-99.5811,36.9103#28.39#35.36#36.25
-99.5253,36.9118#28.38#35.33#36.29
-99.4695,36.9133#28.36#35.31#36.33
-99.4136,36.9148#28.33#35.29#36.38
-99.3578,36.9162#28.3#35.27#36.43
-99.302,36.9177#28.27#35.25#36.48
-99.2462,36.9191#28.24#35.23#36.53
-99.1904,36.9205#28.21#35.21#36.58
-99.1345,36.9218#28.18#35.19#36.63
-99.0787,36.9232#28.15#35.17#36.68
-99.0229,36.9245#28.12#35.15#36.73
-98.967,36.9258#28.07#35.14#36.79
-98.9112,36.9271#28.02#35.13#36.85
-98.8554,36.9284#27.96#35.12#36.92
-98.7995,36.9297#27.91#35.11#36.98
-98.7437,36.9309#27.85#35.1#37.05
-98.6879,36.9321#27.8#35.08#37.12
-98.632,36.9333#27.74#35.07#37.19
-98.5762,36.9345#27.69#35.06#37.25
-98.5204,36.9357#27.64#35.05#37.31
-98.4645,36.9368#27.59#35.04#37.37
-98.4087,36.938#27.54#35.04#37.42
-98.3528,36.9391#27.49#35.03#37.48
-98.297,36.9402#27.45#35.02#37.53
-98.2411,36.9413#27.4#35.02#37.58
-98.1853,36.9423#27.36#35.01#37.63
-98.1294,36.9434#27.31#35#37.69
-98.0736,36.9444#27.26#35#37.74
-98.0177,36.9454#27.21#34.99#37.8
-97.9619,36.9464#27.18#34.99#37.83
-97.906,36.9473#27.16#34.99#37.85
-97.8502,36.9483#27.14#34.98#37.88
-97.7943,36.9492#27.12#34.98#37.9
-97.7385,36.9501#27.1#34.98#37.92
-97.6826,36.951#27.07#34.98#37.95
-97.6268,36.9519#27.05#34.98#37.97
-97.5709,36.9527#27.03#34.98#37.99
-97.515,36.9536#27#34.98#38.02
-97.4592,36.9544#26.99#34.98#38.03
-97.4033,36.9552#26.98#34.98#38.04
-97.3475,36.956#26.97#34.98#38.05
-97.2916,36.9567#26.96#34.98#38.06
-97.2357,36.9575#26.95#34.98#38.07
-97.1799,36.9582#26.94#34.98#38.08
-97.124,36.9589#26.93#34.99#38.08
-97.0681,36.9596#26.92#34.99#38.09
-97.0123,36.9603#26.91#34.99#38.1
-96.9564,36.9609#26.9#34.99#38.11
-96.9005,36.9616#26.9#34.99#38.11
-96.8447,36.9622#26.89#34.99#38.12
-96.7888,36.9628#26.89#34.99#38.12
-96.7329,36.9634#26.88#34.99#38.13
-96.6771,36.9639#26.88#34.99#38.13
-96.6212,36.9645#26.87#35#38.13
-96.5653,36.965#26.87#35#38.13
-96.5094,36.9655#26.86#35#38.14
-96.4536,36.966#26.86#35#38.14
-96.3977,36.9665#26.86#35#38.14
-96.3418,36.9669#26.86#35.01#38.13
-96.2859,36.9673#26.86#35.01#38.13
-96.2301,36.9678#26.85#35.01#38.14
-96.1742,36.9682#26.85#35.01#38.14
-96.1183,36.9685#26.85#35.02#38.13
-96.0624,36.9689#26.85#35.02#38.13
-96.0066,36.9692#26.84#35.02#38.14
-95.9507,36.9696#26.84#35.02#38.14
-95.8948,36.9699#26.84#35.02#38.14
-95.8389,36.9701#26.84#35.03#38.13
-95.7831,36.9704#26.84#35.03#38.13
-95.7272,36.9707#26.84#35.03#38.13
-95.6713,36.9709#26.84#35.03#38.13
-95.6154,36.9711#26.84#35.04#38.12
-95.5596,36.9713#26.84#35.04#38.12
-95.5037,36.9715#26.84#35.04#38.12
-95.4478,36.9716#26.84#35.04#38.12
-95.3919,36.9718#26.84#35.05#38.11
-95.336,36.9719#26.84#35.05#38.11
-95.2802,36.972#26.84#35.05#38.11
-95.2243,36.9721#26.84#35.06#38.1
-95.1684,36.9721#26.84#35.06#38.1
-95.1125,36.9722#26.84#35.06#38.1
-95.0567,36.9722#26.84#35.07#38.09
-95.0008,36.9722#26.84#35.07#38.09
-94.9449,36.9722#26.84#35.07#38.09
-94.889,36.9722#26.84#35.08#38.08
-94.8331,36.9721#26.84#35.08#38.08
-94.7773,36.9721#26.84#35.08#38.08
-94.7214,36.972#26.85#35.08#38.07
-94.6655,36.9719#26.85#35.08#38.07
-94.6096,36.9718#26.85#35.09#38.06
-94.5537,36.9716#26.85#35.09#38.06
-94.4979,36.9715#26.85#35.09#38.06
-94.442,36.9713#26.85#35.09#38.06
-94.3861,36.9711#26.85#35.09#38.06
-94.3302,36.9709#26.85#35.1#38.05
-94.2744,36.9707#26.85#35.1#38.05
-94.2185,36.9704#26.85#35.1#38.05
-94.1626,36.9702#26.86#35.1#38.04
-94.1067,36.9699#26.86#35.1#38.04
-94.0508,36.9696#26.86#35.11#38.03
-93.995,36.9692#26.86#35.11#38.03
-93.9391,36.9689#26.86#35.11#38.03
-93.8832,36.9685#26.86#35.12#38.02
-93.8273,36.9682#26.86#35.12#38.02
-93.7715,36.9678#26.86#35.13#38.01
-93.7156,36.9674#26.87#35.13#38
-93.6597,36.9669#26.87#35.14#37.99
-93.6038,36.9665#26.87#35.14#37.99
-93.548,36.966#26.87#35.14#37.99
-93.4921,36.9655#26.87#35.15#37.98
-93.4362,36.965#26.87#35.16#37.97
-93.3804,36.9645#26.87#35.16#37.97
-93.3245,36.9639#26.87#35.17#37.96
-93.2686,36.9634#26.88#35.17#37.95
-93.2128,36.9628#26.88#35.18#37.94
-93.1569,36.9622#26.88#35.18#37.94
-93.101,36.9616#26.88#35.19#37.93
-93.0451,36.961#26.88#35.2#37.92
-92.9893,36.9603#26.88#35.2#37.92
-92.9334,36.9596#26.88#35.21#37.91
-92.8775,36.9589#26.88#35.22#37.9
-92.8217,36.9582#26.89#35.23#37.88
-92.7658,36.9575#26.89#35.24#37.87
-92.71,36.9568#26.89#35.25#37.86
-92.6541,36.956#26.89#35.26#37.85
-92.5982,36.9552#26.89#35.26#37.85
-92.5424,36.9544#26.89#35.27#37.84
-92.4865,36.9536#26.89#35.28#37.83
-92.4307,36.9528#26.89#35.29#37.82
-92.3748,36.9519#26.89#35.3#37.81
-92.3189,36.951#26.89#35.31#37.8
-92.2631,36.9501#26.89#35.31#37.8
-92.2072,36.9492#26.9#35.32#37.78
-92.1514,36.9483#26.9#35.33#37.77
-92.0955,36.9474#26.9#35.34#37.76
-92.0397,36.9464#26.9#35.35#37.75
-91.9838,36.9454#26.9#35.36#37.74
-91.928,36.9444#26.9#35.37#37.73
-91.8721,36.9434#26.9#35.38#37.72
-91.8163,36.9423#26.9#35.39#37.71
-91.7604,36.9413#26.9#35.4#37.7
-91.7046,36.9402#26.9#35.41#37.69
-91.6487,36.9391#26.9#35.42#37.68
-91.5929,36.938#26.9#35.43#37.67
-91.537,36.9369#26.9#35.44#37.66
-91.4812,36.9357#26.9#35.45#37.65
-91.4254,36.9346#26.9#35.45#37.65
-91.3695,36.9334#26.9#35.45#37.65
-91.3137,36.9322#26.9#35.46#37.64
-91.2578,36.9309#26.9#35.46#37.64
-91.202,36.9297#26.9#35.46#37.64
-91.1462,36.9284#26.9#35.47#37.63
-91.0903,36.9272#26.9#35.47#37.63
-91.0345,36.9259#26.9#35.47#37.63
-90.9787,36.9245#26.9#35.48#37.62
-90.9228,36.9232#26.9#35.47#37.63
-90.867,36.9219#26.9#35.47#37.63
-90.8112,36.9205#26.9#35.47#37.63
-90.7554,36.9191#26.9#35.47#37.63
-90.6995,36.9177#26.9#35.47#37.63
-90.6437,36.9163#26.9#35.47#37.63
-90.5879,36.9148#26.9#35.47#37.63
-90.5321,36.9134#26.9#35.47#37.63
-90.4763,36.9119#26.9#35.46#37.64
-90.4204,36.9104#26.89#35.44#37.67
-90.3646,36.9089#26.89#35.43#37.68
-90.3088,36.9073#26.89#35.42#37.69
-90.253,36.9058#26.89#35.4#37.71
-90.1972,36.9042#26.89#35.39#37.72
-90.1414,36.9026#26.89#35.37#37.74
-90.0856,36.901#26.89#35.36#37.75
-101.257,36.9014#27.85#37.08#35.07
-101.202,36.9035#27.89#37.02#35.09
-101.146,36.9055#27.93#36.95#35.12
-101.09,36.9075#27.96#36.89#35.15
-101.034,36.9095#28#36.82#35.18
-100.978,36.9115#28.03#36.76#35.21
-100.923,36.9135#28.06#36.7#35.24
-100.867,36.9154#28.09#36.65#35.26
-100.811,36.9173#28.12#36.59#35.29
-100.755,36.9192#28.16#36.54#35.3
-100.699,36.9211#28.19#36.48#35.33
-100.644,36.923#28.22#36.43#35.35
-100.588,36.9248#28.25#36.37#35.38
-100.532,36.9267#28.28#36.31#35.41
-100.476,36.9285#28.31#36.26#35.43
-100.42,36.9303#28.33#36.23#35.44
-100.365,36.9321#28.34#36.19#35.47
-100.309,36.9338#28.36#36.15#35.49
-100.253,36.9356#28.38#36.11#35.51
-100.197,36.9373#28.39#36.07#35.54
-100.141,36.939#28.41#36.02#35.57
-100.085,36.9407#28.43#35.98#35.59
-100.03,36.9423#28.44#35.94#35.62
-99.9738,36.944#28.45#35.91#35.64
-99.918,36.9456#28.44#35.88#35.68
-99.8622,36.9472#28.43#35.85#35.72
-99.8063,36.9488#28.42#35.82#35.76
-99.7505,36.9504#28.42#35.79#35.79
-99.6947,36.9519#28.41#35.76#35.83
-99.6388,36.9535#28.4#35.73#35.87
-99.583,36.955#28.39#35.7#35.91
-99.5271,36.9565#28.38#35.67#35.95
-99.4713,36.958#28.37#35.64#35.99
-99.4155,36.9594#28.34#35.62#36.04
-99.3596,36.9609#28.31#35.6#36.09
-99.3038,36.9623#28.28#35.58#36.14
-99.2479,36.9637#28.25#35.56#36.19
-99.1921,36.9651#28.22#35.54#36.24
-99.1362,36.9665#28.19#35.52#36.29
-99.0804,36.9678#28.16#35.5#36.34
-99.0245,36.9692#28.13#35.48#36.39
-98.9687,36.9705#28.09#35.46#36.45
-98.9128,36.9718#28.04#35.45#36.51
-98.857,36.973#27.99#35.44#36.57
-98.8011,36.9743#27.93#35.43#36.64
-98.7452,36.9756#27.88#35.42#36.7
-98.6894,36.9768#27.83#35.4#36.77
-98.6335,36.978#27.78#35.39#36.83
-98.5777,36.9792#27.73#35.38#36.89
-98.5218,36.9803#27.68#35.37#36.95
-98.4659,36.9815#27.63#35.36#37.01
-98.4101,36.9826#27.58#35.35#37.07
-98.3542,36.9837#27.53#35.34#37.13
-98.2983,36.9848#27.48#35.34#37.18
-98.2425,36.9859#27.44#35.33#37.23
-98.1866,36.987#27.39#35.32#37.29
-98.1307,36.988#27.34#35.31#37.35
-98.0749,36.989#27.29#35.3#37.41
-98.019,36.99#27.24#35.3#37.46
-97.9631,36.991#27.21#35.29#37.5
-97.9072,36.992#27.18#35.29#37.53
-97.8514,36.9929#27.16#35.29#37.55
-97.7955,36.9939#27.13#35.29#37.58
-97.7396,36.9948#27.11#35.28#37.61
-97.6837,36.9957#27.09#35.28#37.63
-97.6278,36.9965#27.06#35.28#37.66
-97.572,36.9974#27.04#35.28#37.68
-97.5161,36.9982#27.01#35.27#37.72
-97.4602,36.999#27#35.27#37.73
-97.4043,36.9998#26.99#35.27#37.74
-97.3484,37.0006#26.98#35.27#37.75
-97.2925,37.0014#26.96#35.27#37.77
-97.2366,37.0021#26.95#35.27#37.78
-97.1808,37.0029#26.94#35.27#37.79
-97.1249,37.0036#26.93#35.27#37.8
-97.069,37.0043#26.92#35.27#37.81
-97.0131,37.0049#26.91#35.27#37.82
-96.9572,37.0056#26.91#35.27#37.82
-96.9013,37.0062#26.9#35.28#37.82
-96.8454,37.0068#26.89#35.28#37.83
-96.7895,37.0074#26.89#35.28#37.83
-96.7336,37.008#26.88#35.28#37.84
-96.6777,37.0086#26.88#35.28#37.84
-96.6219,37.0091#26.87#35.28#37.85
-96.566,37.0097#26.87#35.28#37.85
-96.5101,37.0102#26.86#35.28#37.86
-96.4542,37.0106#26.86#35.28#37.86
-96.3983,37.0111#26.86#35.28#37.86
-96.3424,37.0116#26.86#35.28#37.86
-96.2865,37.012#26.85#35.28#37.87
-96.2306,37.0124#26.85#35.29#37.86
-96.1747,37.0128#26.85#35.29#37.86
-96.1188,37.0132#26.85#35.29#37.86
-96.0629,37.0135#26.85#35.29#37.86
-96.007,37.0139#26.84#35.29#37.87
-95.9511,37.0142#26.84#35.29#37.87
-95.8952,37.0145#26.84#35.29#37.87
-95.8393,37.0148#26.84#35.3#37.86
-95.7834,37.0151#26.84#35.3#37.86
-95.7275,37.0153#26.84#35.3#37.86
-95.6716,37.0155#26.84#35.3#37.86
-95.6157,37.0158#26.84#35.3#37.86
-95.5598,37.016#26.84#35.3#37.86
-95.5039,37.0161#26.84#35.3#37.86
-95.448,37.0163#26.84#35.31#37.85
-95.3921,37.0164#26.84#35.31#37.85
-95.3362,37.0165#26.84#35.31#37.85
-95.2803,37.0166#26.84#35.32#37.84
-95.2244,37.0167#26.84#35.32#37.84
-95.1685,37.0168#26.84#35.32#37.84
-95.1126,37.0168#26.84#35.32#37.84
-95.0567,37.0169#26.84#35.32#37.84
-95.0008,37.0169#26.84#35.33#37.83
-94.9449,37.0169#26.84#35.33#37.83
-94.889,37.0168#26.84#35.33#37.83
-94.8331,37.0168#26.84#35.33#37.83
-94.7772,37.0167#26.84#35.33#37.83
-94.7213,37.0166#26.84#35.33#37.83
-94.6654,37.0165#26.84#35.34#37.82
-94.6095,37.0164#26.84#35.34#37.82
-94.5536,37.0163#26.85#35.34#37.81
-94.4977,37.0161#26.85#35.34#37.81
-94.4418,37.016#26.85#35.34#37.81
-94.3859,37.0158#26.85#35.34#37.81
-94.33,37.0156#26.85#35.34#37.81
-94.2741,37.0153#26.85#35.34#37.81
-94.2182,37.0151#26.85#35.35#37.8
-94.1623,37.0148#26.85#35.35#37.8
-94.1064,37.0145#26.85#35.35#37.8
-94.0505,37.0142#26.86#35.35#37.79
-93.9946,37.0139#26.86#35.35#37.79
-93.9387,37.0136#26.86#35.35#37.79
-93.8828,37.0132#26.86#35.36#37.78
-93.8269,37.0128#26.86#35.36#37.78
-93.771,37.0124#26.86#35.37#37.77
-93.7151,37.012#26.86#35.37#37.77
-93.6592,37.0116#26.86#35.37#37.77
-93.6033,37.0111#26.87#35.38#37.75
-93.5474,37.0107#26.87#35.38#37.75
-93.4915,37.0102#26.87#35.38#37.75
-93.4356,37.0097#26.87#35.39#37.74
-93.3797,37.0091#26.87#35.39#37.74
-93.3238,37.0086#26.87#35.4#37.73
-93.2679,37.008#26.87#35.4#37.73
-93.212,37.0075#26.87#35.41#37.72
-93.1561,37.0069#26.88#35.41#37.71
-93.1002,37.0062#26.88#35.42#37.7
-93.0443,37.0056#26.88#35.42#37.7
-92.9885,37.005#26.88#35.43#37.69
-92.9326,37.0043#26.88#35.44#37.68
-92.8767,37.0036#26.88#35.45#37.67
-92.8208,37.0029#26.88#35.45#37.67
-92.7649,37.0022#26.88#35.46#37.66
-92.709,37.0014#26.89#35.47#37.64
-92.6531,37.0007#26.89#35.48#37.63
-92.5972,36.9999#26.89#35.48#37.63
-92.5414,36.9991#26.89#35.49#37.62
-92.4855,36.9983#26.89#35.5#37.61
-92.4296,36.9974#26.89#35.51#37.6
-92.3737,36.9966#26.89#35.51#37.6
-92.3178,36.9957#26.89#35.52#37.59
-92.2619,36.9948#26.89#35.53#37.58
-92.2061,36.9939#26.89#35.54#37.57
-92.1502,36.993#26.89#35.54#37.57
-92.0943,36.992#26.89#35.55#37.56
-92.0384,36.991#26.89#35.56#37.55
-91.9826,36.9901#26.9#35.57#37.53
-91.9267,36.9891#26.9#35.58#37.52
-91.8708,36.988#26.9#35.59#37.51
-91.8149,36.987#26.9#35.6#37.5
-91.7591,36.9859#26.9#35.61#37.49
-91.7032,36.9849#26.9#35.61#37.49
-91.6473,36.9838#26.9#35.62#37.48
-91.5915,36.9827#26.9#35.63#37.47
-91.5356,36.9815#26.9#35.64#37.46
-91.4797,36.9804#26.9#35.65#37.45
-91.4239,36.9792#26.9#35.65#37.45
-91.368,36.978#26.9#35.65#37.45
-91.3122,36.9768#26.9#35.66#37.44
-91.2563,36.9756#26.9#35.66#37.44
-91.2004,36.9743#26.9#35.66#37.44
-91.1446,36.9731#26.9#35.67#37.43
-91.0887,36.9718#26.9#35.67#37.43
-91.0329,36.9705#26.9#35.67#37.43
-90.977,36.9692#26.9#35.67#37.43
-90.9212,36.9679#26.9#35.67#37.43
-90.8653,36.9665#26.89#35.67#37.44
-90.8095,36.9651#26.89#35.67#37.44
-90.7536,36.9637#26.89#35.66#37.45
-90.6978,36.9623#26.89#35.66#37.45
-90.6419,36.9609#26.89#35.66#37.45
-90.5861,36.9595#26.89#35.66#37.45
-90.5302,36.958#26.89#35.65#37.46
-90.4744,36.9565#26.89#35.65#37.46
-90.4186,36.955#26.89#35.63#37.48
-90.3627,36.9535#26.89#35.62#37.49
-90.3069,36.952#26.89#35.6#37.51
-90.2511,36.9504#26.89#35.59#37.52
-90.1952,36.9488#26.89#35.57#37.54
-90.1394,36.9473#26.89#35.56#37.55
-90.0836,36.9456#26.89#35.54#37.57
-90.0277,36.944#26.89#35.53#37.58
-89.9719,36.9424#26.89#35.5#37.61
-89.9161,36.9407#26.89#35.47#37.64
-89.8603,36.939#26.89#35.43#37.68
-89.8044,36.9373#26.89#35.39#37.72
-89.7486,36.9356#26.89#35.36#37.75
-89.6928,36.9339#26.89#35.32#37.79
-89.637,36.9321#26.89#35.29#37.82
-89.5812,36.9303#26.89#35.25#37.86
-89.5254,36.9285#26.89#35.22#37.89
-89.4695,36.9267#26.89#35.17#37.94
-89.4137,36.9249#26.89#35.13#37.98
-89.3579,36.923#26.89#35.08#38.03
-89.3021,36.9212#26.89#35.04#38.07
-89.2463,36.9193#26.89#34.99#38.12
-89.1905,36.9174#26.89#34.95#38.16
-89.1347,36.9155#26.89#34.9#38.21
-89.0789,36.9135#26.89#34.85#38.26
-89.0231,36.9116#26.89#34.81#38.3
-88.9673,36.9096#26.89#34.75#38.36
-88.9116,36.9076#26.89#34.69#38.42
-88.8558,36.9056#26.9#34.62#38.48
-88.8,36.9036#26.9#34.55#38.55
-88.7442,36.9015#26.9#34.49#38.61
-102.376,36.9012#27.44#39.02#33.54
-102.32,36.9036#27.45#38.94#33.61
-102.264,36.906#27.46#38.85#33.69
-102.208,36.9084#27.46#38.77#33.77
-102.153,36.9107#27.47#38.69#33.84
-102.097,36.9131#27.48#38.61#33.91
-102.041,36.9154#27.49#38.53#33.98
-101.985,36.9177#27.5#38.44#34.06
-101.929,36.92#27.52#38.36#34.12
-101.874,36.9223#27.54#38.28#34.18
-101.818,36.9245#27.56#38.2#34.24
-101.762,36.9268#27.58#38.12#34.3
-101.706,36.929#27.6#38.04#34.36
-101.651,36.9312#27.62#37.96#34.42
-101.595,36.9334#27.64#37.88#34.48
-101.539,36.9355#27.66#37.8#34.54
-101.483,36.9377#27.68#37.72#34.6
-101.427,36.9398#27.71#37.66#34.63
-101.372,36.9419#27.75#37.59#34.66
-101.316,36.944#27.78#37.53#34.69
-101.26,36.9461#27.82#37.46#34.72
-101.204,36.9481#27.85#37.4#34.75
-101.148,36.9502#27.89#37.33#34.78
-101.092,36.9522#27.92#37.27#34.81
-101.037,36.9542#27.95#37.2#34.85
-100.981,36.9561#27.99#37.14#34.87
-100.925,36.9581#28.02#37.08#34.9
-100.869,36.96#28.05#37.02#34.93
-100.813,36.962#28.08#36.97#34.95
-100.758,36.9639#28.12#36.91#34.97
-100.702,36.9658#28.15#36.85#35
-100.646,36.9676#28.18#36.8#35.02
-100.59,36.9695#28.21#36.74#35.05
-100.534,36.9713#28.25#36.68#35.07
-100.478,36.9731#28.28#36.63#35.09
-100.423,36.9749#28.29#36.59#35.12
-100.367,36.9767#28.31#36.55#35.14
-100.311,36.9784#28.33#36.51#35.16
-100.255,36.9802#28.35#36.46#35.19
-100.199,36.9819#28.37#36.42#35.21
-100.143,36.9836#28.39#36.38#35.23
-100.088,36.9853#28.4#36.34#35.26
-100.032,36.987#28.42#36.3#35.28
-99.9759,36.9886#28.43#36.26#35.31
-99.92,36.9902#28.43#36.23#35.34
-99.8642,36.9918#28.42#36.2#35.38
-99.8083,36.9934#28.41#36.17#35.42
-99.7525,36.995#28.41#36.14#35.45
-99.6966,36.9966#28.4#36.1#35.5
-99.6407,36.9981#28.4#36.07#35.53
-99.5849,36.9996#28.39#36.04#35.57
-99.529,37.0011#28.39#36.01#35.6
-99.4732,37.0026#28.37#35.98#35.65
-99.4173,37.0041#28.34#35.96#35.7
-99.3614,37.0055#28.32#35.94#35.74
-99.3056,37.0069#28.29#35.92#35.79
-99.2497,37.0083#28.26#35.89#35.85
-99.1938,37.0097#28.23#35.87#35.9
-99.1379,37.0111#28.2#35.85#35.95
-99.0821,37.0125#28.18#35.83#35.99
-99.0262,37.0138#28.15#35.8#36.05
-98.9703,37.0151#28.11#35.79#36.1
-98.9144,37.0164#28.06#35.77#36.17
-98.8586,37.0177#28.01#35.76#36.23
-98.8027,37.0189#27.96#35.75#36.29
-98.7468,37.0202#27.91#35.74#36.35
-98.6909,37.0214#27.86#35.72#36.42
-98.635,37.0226#27.81#35.71#36.48
-98.5791,37.0238#27.77#35.7#36.53
-98.5233,37.025#27.72#35.68#36.6
-98.4674,37.0261#27.67#35.67#36.66
-98.4115,37.0273#27.62#35.67#36.71
-98.3556,37.0284#27.57#35.66#36.77
-98.2997,37.0295#27.52#35.65#36.83
-98.2438,37.0305#27.47#35.64#36.89
-98.1879,37.0316#27.42#35.63#36.95
-98.132,37.0326#27.37#35.62#37.01
-98.0761,37.0337#27.32#35.61#37.07
-98.0202,37.0347#27.27#35.6#37.13
-97.9643,37.0357#27.23#35.6#37.17
-97.9084,37.0366#27.2#35.6#37.2
-97.8525,37.0376#27.18#35.59#37.23
-97.7966,37.0385#27.15#35.59#37.26
-97.7407,37.0394#27.13#35.59#37.28
-97.6848,37.0403#27.1#35.58#37.32
-97.6289,37.0412#27.07#35.58#37.35
-97.573,37.042#27.04#35.57#37.39
-97.5171,37.0429#27.02#35.57#37.41
-97.4612,37.0437#27#35.57#37.43
-97.4053,37.0445#26.99#35.57#37.44
-97.3494,37.0453#26.98#35.57#37.45
-97.2935,37.046#26.97#35.57#37.46
-97.2376,37.0468#26.96#35.57#37.47
-97.1817,37.0475#26.95#35.57#37.48
-97.1257,37.0482#26.94#35.56#37.5
-97.0698,37.0489#26.92#35.56#37.52
-97.0139,37.0496#26.91#35.56#37.53
-96.958,37.0502#26.91#35.56#37.53
-96.9021,37.0509#26.9#35.56#37.54
-96.8462,37.0515#26.9#35.56#37.54
-96.7903,37.0521#26.89#35.56#37.55
-96.7344,37.0527#26.88#35.56#37.56
-96.6784,37.0532#26.88#35.56#37.56
-96.6225,37.0538#26.87#35.56#37.57
-96.5666,37.0543#26.87#35.56#37.57
-96.5107,37.0548#26.86#35.56#37.58
-96.4548,37.0553#26.86#35.56#37.58
-96.3988,37.0558#26.86#35.56#37.58
-96.3429,37.0562#26.85#35.56#37.59
-96.287,37.0566#26.85#35.56#37.59
-96.2311,37.0571#26.85#35.56#37.59
-96.1752,37.0575#26.85#35.56#37.59
-96.1192,37.0578#26.85#35.56#37.59
-96.0633,37.0582#26.84#35.56#37.6
-96.0074,37.0585#26.84#35.56#37.6
-95.9515,37.0589#26.84#35.56#37.6
-95.8956,37.0592#26.84#35.56#37.6
-95.8396,37.0594#26.84#35.56#37.6
-95.7837,37.0597#26.84#35.57#37.59
-95.7278,37.06#26.84#35.57#37.59
-95.6719,37.0602#26.84#35.57#37.59
-95.6159,37.0604#26.84#35.57#37.59
-95.56,37.0606#26.83#35.57#37.6
-95.5041,37.0608#26.83#35.57#37.6
-95.4482,37.0609#26.83#35.57#37.6
-95.3922,37.0611#26.83#35.57#37.6
-95.3363,37.0612#26.83#35.57#37.6
-95.2804,37.0613#26.83#35.58#37.59
-95.2245,37.0614#26.84#35.58#37.58
-95.1685,37.0614#26.84#35.58#37.58
-95.1126,37.0615#26.84#35.58#37.58
-95.0567,37.0615#26.84#35.58#37.58
-95.0008,37.0615#26.84#35.58#37.58
-94.9448,37.0615#26.84#35.58#37.58
-94.8889,37.0615#26.84#35.58#37.58
-94.833,37.0614#26.84#35.59#37.57
-94.7771,37.0614#26.84#35.59#37.57
-94.7211,37.0613#26.84#35.59#37.57
-94.6652,37.0612#26.84#35.59#37.57
-94.6093,37.0611#26.84#35.59#37.57
-94.5534,37.0609#26.84#35.59#37.57
-94.4975,37.0608#26.84#35.59#37.57
-94.4415,37.0606#26.84#35.59#37.57
-94.3856,37.0604#26.85#35.59#37.56
-94.3297,37.0602#26.85#35.59#37.56
-94.2738,37.06#26.85#35.59#37.56
-94.2178,37.0597#26.85#35.59#37.56
-94.1619,37.0595#26.85#35.59#37.56
-94.106,37.0592#26.85#35.59#37.56
-94.0501,37.0589#26.85#35.59#37.56
-93.9941,37.0585#26.85#35.59#37.56
-93.9382,37.0582#26.86#35.6#37.54
-93.8823,37.0578#26.86#35.6#37.54
-93.8264,37.0575#26.86#35.6#37.54
-93.7705,37.0571#26.86#35.61#37.53
-93.7145,37.0567#26.86#35.61#37.53
-93.6586,37.0562#26.86#35.61#37.53
-93.6027,37.0558#26.86#35.61#37.53
-93.5468,37.0553#26.86#35.62#37.52
-93.4909,37.0548#26.87#35.62#37.51
-93.4349,37.0543#26.87#35.62#37.51
-93.379,37.0538#26.87#35.63#37.5
-93.3231,37.0532#26.87#35.63#37.5
-93.2672,37.0527#26.87#35.64#37.49
-93.2113,37.0521#26.87#35.64#37.49
-93.1554,37.0515#26.87#35.64#37.49
-93.0994,37.0509#26.87#35.65#37.48
-93.0435,37.0503#26.88#35.65#37.47
-92.9876,37.0496#26.88#35.66#37.46
-92.9317,37.0489#26.88#35.66#37.46
-92.8758,37.0482#26.88#35.67#37.45
-92.8199,37.0475#26.88#35.68#37.44
-92.764,37.0468#26.88#35.68#37.44
-92.7081,37.0461#26.88#35.69#37.43
-92.6522,37.0453#26.88#35.7#37.42
-92.5962,37.0445#26.88#35.7#37.42
-92.5403,37.0437#26.89#35.71#37.4
-92.4844,37.0429#26.89#35.72#37.39
-92.4285,37.0421#26.89#35.72#37.39
-92.3726,37.0412#26.89#35.73#37.38
-92.3167,37.0403#26.89#35.74#37.37
-92.2608,37.0394#26.89#35.75#37.36
-92.2049,37.0385#26.89#35.75#37.36
-92.149,37.0376#26.89#35.76#37.35
-92.0931,37.0366#26.89#35.77#37.34
-92.0372,37.0357#26.89#35.77#37.34
-91.9813,37.0347#26.89#35.78#37.33
-91.9254,37.0337#26.89#35.79#37.32
-91.8695,37.0327#26.89#35.8#37.31
-91.8136,37.0316#26.89#35.8#37.31
-91.7577,37.0306#26.89#35.81#37.3
-91.7018,37.0295#26.89#35.82#37.29
-91.646,37.0284#26.89#35.83#37.28
-91.5901,37.0273#26.89#35.84#37.27
-91.5342,37.0262#26.89#35.84#37.27
-91.4783,37.025#26.89#35.85#37.26
-91.4224,37.0238#26.89#35.85#37.26
-91.3665,37.0227#26.89#35.86#37.25
-91.3106,37.0214#26.89#35.86#37.25
-91.2547,37.0202#26.89#35.86#37.25
-91.1989,37.019#26.89#35.86#37.25
-91.143,37.0177#26.89#35.86#37.25
-91.0871,37.0164#26.89#35.87#37.24
-91.0312,37.0151#26.89#35.87#37.24
-90.9754,37.0138#26.89#35.87#37.24
-90.9195,37.0125#26.89#35.86#37.25
-90.8636,37.0111#26.89#35.86#37.25
-90.8077,37.0098#26.89#35.86#37.25
-90.7519,37.0084#26.89#35.85#37.26
-90.696,37.007#26.89#35.85#37.26
-90.6401,37.0055#26.89#35.85#37.26
-90.5843,37.0041#26.89#35.85#37.26
-90.5284,37.0026#26.89#35.84#37.27
-90.4725,37.0012#26.89#35.83#37.28
-90.4167,36.9997#26.89#35.82#37.29
-90.3608,36.9981#26.89#35.8#37.31
-90.3049,36.9966#26.89#35.79#37.32
-90.2491,36.9951#26.89#35.77#37.34
-90.1932,36.9935#26.89#35.75#37.36
-90.1374,36.9919#26.89#35.74#37.37
-90.0815,36.9903#26.89#35.72#37.39
-90.0257,36.9886#26.88#35.71#37.41
-89.9698,36.987#26.88#35.68#37.44
-89.914,36.9853#26.88#35.65#37.47
-89.8581,36.9837#26.88#35.61#37.51
-89.8023,36.982#26.88#35.58#37.54
-89.7465,36.9802#26.88#35.54#37.58
-89.6906,36.9785#26.88#35.51#37.61
-89.6348,36.9767#26.88#35.47#37.65
-89.5789,36.975#26.88#35.43#37.69
-89.5231,36.9732#26.88#35.4#37.72
-89.4673,36.9714#26.88#35.36#37.76
-89.4114,36.9695#26.89#35.31#37.8
-89.3556,36.9677#26.89#35.26#37.85
-89.2998,36.9658#26.89#35.22#37.89
-89.244,36.9639#26.89#35.17#37.94
-89.1881,36.962#26.89#35.13#37.98
-89.1323,36.9601#26.89#35.08#38.03
-89.0765,36.9582#26.89#35.03#38.08
-89.0207,36.9562#26.89#34.99#38.12
-88.9649,36.9542#26.89#34.93#38.18
-88.909,36.9522#26.89#34.86#38.25
-88.8532,36.9502#26.89#34.8#38.31
-88.7974,36.9482#26.9#34.73#38.37
-88.7416,36.9461#26.9#34.67#38.43
-88.6858,36.9441#26.9#34.6#38.5
-88.63,36.942#26.9#34.54#38.56
-88.5742,36.9399#26.9#34.47#38.63
-88.5184,36.9377#26.9#34.41#38.69
-88.4626,36.9356#26.9#34.32#38.78
-88.4068,36.9334#26.91#34.22#38.87
-88.351,36.9313#26.91#34.11#38.98
-88.2952,36.9291#26.91#34.01#39.08
-88.2395,36.9268#26.91#33.91#39.18
-88.1837,36.9246#26.92#33.81#39.27
-88.1279,36.9223#26.92#33.71#39.37
-88.0721,36.9201#26.92#33.61#39.47
-88.0163,36.9178#26.92#33.5#39.58
-87.9606,36.9155#26.93#33.41#39.66
-87.9048,36.9132#26.93#33.32#39.75
-87.849,36.9108#26.94#33.24#39.82
-87.7932,36.9084#26.94#33.15#39.91
-87.7375,36.9061#26.94#33.06#40
-87.6817,36.9037#26.95#32.97#40.08
-87.626,36.9012#26.95#32.89#40.16
-103.327,36.9018#27.58#40.9#31.52
-103.271,36.9046#27.56#40.82#31.62
-103.215,36.9073#27.54#40.73#31.73
-103.159,36.91#27.52#40.65#31.83
-103.104,36.9127#27.5#40.56#31.94
-103.048,36.9153#27.48#40.48#32.04
-102.992,36.918#27.47#40.39#32.14
-102.936,36.9206#27.46#40.3#32.24
-102.881,36.9232#27.45#40.2#32.35
-102.825,36.9258#27.45#40.11#32.44
-102.769,36.9283#27.44#40.02#32.54
-102.713,36.9309#27.43#39.93#32.64
-102.658,36.9334#27.42#39.84#32.74
-102.602,36.9359#27.42#39.74#32.84
-102.546,36.9384#27.41#39.65#32.94
-102.49,36.9409#27.41#39.56#33.03
-102.434,36.9433#27.41#39.48#33.11
-102.379,36.9458#27.42#39.4#33.18
-102.323,36.9482#27.43#39.32#33.25
-102.267,36.9506#27.44#39.24#33.32
-102.211,36.953#27.45#39.16#33.39
-102.155,36.9553#27.45#39.07#33.48
-102.1,36.9577#27.46#38.99#33.55
-102.044,36.96#27.47#38.91#33.62
-101.988,36.9623#27.48#38.83#33.69
-101.932,36.9646#27.5#38.75#33.75
-101.876,36.9669#27.52#38.67#33.81
-101.821,36.9691#27.54#38.59#33.87
-101.765,36.9714#27.55#38.51#33.94
-101.709,36.9736#27.57#38.43#34
-101.653,36.9758#27.59#38.35#34.06
-101.597,36.978#27.61#38.27#34.12
-101.542,36.9801#27.63#38.18#34.19
-101.486,36.9823#27.65#38.11#34.24
-101.43,36.9844#27.68#38.04#34.28
-101.374,36.9865#27.72#37.98#34.3
-101.318,36.9886#27.75#37.91#34.34
-101.263,36.9907#27.78#37.84#34.38
-101.207,36.9927#27.81#37.78#34.41
-101.151,36.9948#27.85#37.71#34.44
-101.095,36.9968#27.88#37.65#34.47
-101.039,36.9988#27.91#37.58#34.51
-100.983,37.0008#27.94#37.52#34.54
-100.927,37.0027#27.98#37.46#34.56
-100.872,37.0047#28.01#37.4#34.59
-100.816,37.0066#28.04#37.34#34.62
-100.76,37.0085#28.08#37.28#34.64
-100.704,37.0104#28.11#37.22#34.67
-100.648,37.0122#28.14#37.16#34.7
-100.592,37.0141#28.18#37.1#34.72
-100.537,37.0159#28.21#37.04#34.75
-100.481,37.0177#28.24#36.99#34.77
-100.425,37.0195#28.26#36.95#34.79
-100.369,37.0213#28.28#36.91#34.81
-100.313,37.0231#28.3#36.86#34.84
-100.257,37.0248#28.32#36.82#34.86
-100.201,37.0265#28.34#36.78#34.88
-100.146,37.0282#28.36#36.74#34.9
-100.09,37.0299#28.38#36.69#34.93
-100.034,37.0316#28.4#36.65#34.95
-99.9779,37.0332#28.41#36.61#34.98
-99.922,37.0349#28.41#36.58#35.01
-99.8662,37.0365#28.41#36.55#35.04
-99.8103,37.0381#28.4#36.51#35.09
-99.7544,37.0396#28.4#36.48#35.12
-99.6985,37.0412#28.4#36.45#35.15
-99.6426,37.0427#28.4#36.42#35.18
-99.5868,37.0442#28.39#36.38#35.23
-99.5309,37.0457#28.39#36.35#35.26
-99.475,37.0472#28.38#36.32#35.3
-99.4191,37.0487#28.35#36.3#35.35
-99.3632,37.0501#28.32#36.27#35.41
-99.3073,37.0516#28.3#36.25#35.45
-99.2514,37.053#28.27#36.23#35.5
-99.1955,37.0544#28.24#36.2#35.56
-99.1396,37.0557#28.22#36.18#35.6
-99.0837,37.0571#28.19#36.16#35.65
-99.0279,37.0584#28.16#36.13#35.71
-98.972,37.0597#28.13#36.11#35.76
-98.9161,37.061#28.08#36.1#35.82
-98.8601,37.0623#28.03#36.09#35.88
-98.8042,37.0636#27.99#36.07#35.94
-98.7483,37.0648#27.94#36.06#36
-98.6924,37.066#27.9#36.04#36.06
-98.6365,37.0673#27.85#36.03#36.12
-98.5806,37.0684#27.8#36.02#36.18
-98.5247,37.0696#27.76#36#36.24
-98.4688,37.0708#27.71#35.99#36.3
-98.4129,37.0719#27.66#35.98#36.36
-98.357,37.073#27.61#35.97#36.42
-98.3011,37.0741#27.55#35.96#36.49
-98.2451,37.0752#27.5#35.95#36.55
-98.1892,37.0762#27.45#35.94#36.61
-98.1333,37.0773#27.4#35.93#36.67
-98.0774,37.0783#27.35#35.92#36.73
-98.0215,37.0793#27.29#35.91#36.8
-97.9655,37.0803#27.25#35.9#36.85
-97.9096,37.0813#27.23#35.9#36.87
-97.8537,37.0822#27.2#35.9#36.9
-97.7978,37.0831#27.17#35.89#36.94
-97.7419,37.084#27.14#35.89#36.97
-97.6859,37.0849#27.11#35.88#37.01
-97.63,37.0858#27.08#35.88#37.04
-97.5741,37.0867#27.05#35.87#37.08
-97.5181,37.0875#27.02#35.87#37.11
-97.4622,37.0883#27.01#35.86#37.13
-97.4063,37.0891#27#35.86#37.14
-97.3504,37.0899#26.98#35.86#37.16
-97.2944,37.0907#26.97#35.86#37.17
-97.2385,37.0914#26.96#35.86#37.18
-97.1826,37.0921#26.95#35.86#37.19
-97.1266,37.0929#26.94#35.85#37.21
-97.0707,37.0935#26.93#35.85#37.22
-97.0148,37.0942#26.91#35.85#37.24
-96.9588,37.0949#26.91#35.85#37.24
-96.9029,37.0955#26.9#35.85#37.25
-96.8469,37.0961#26.9#35.85#37.25
-96.791,37.0967#26.89#35.84#37.27
-96.7351,37.0973#26.88#35.84#37.28
-96.6791,37.0979#26.88#35.84#37.28
-96.6232,37.0984#26.87#35.84#37.29
-96.5673,37.0989#26.87#35.84#37.29
-96.5113,37.0994#26.86#35.84#37.3
-96.4554,37.0999#26.86#35.84#37.3
-96.3994,37.1004#26.86#35.84#37.3
-96.3435,37.1009#26.85#35.84#37.31
-96.2875,37.1013#26.85#35.84#37.31
-96.2316,37.1017#26.85#35.84#37.31
-96.1757,37.1021#26.85#35.83#37.32
-96.1197,37.1025#26.84#35.83#37.33
-96.0638,37.1028#26.84#35.83#37.33
-96.0078,37.1032#26.84#35.83#37.33
-95.9519,37.1035#26.84#35.83#37.33
-95.8959,37.1038#26.84#35.83#37.33
-95.84,37.1041#26.84#35.83#37.33
-95.784,37.1044#26.84#35.83#37.33
-95.7281,37.1046#26.83#35.83#37.34
-95.6721,37.1048#26.83#35.83#37.34
-95.6162,37.105#26.83#35.83#37.34
-95.5603,37.1052#26.83#35.83#37.34
-95.5043,37.1054#26.83#35.83#37.34
-95.4484,37.1056#26.83#35.83#37.34
-95.3924,37.1057#26.83#35.83#37.34
-95.3365,37.1058#26.83#35.84#37.33
-95.2805,37.1059#26.83#35.84#37.33
-95.2246,37.106#26.83#35.84#37.33
-95.1686,37.1061#26.83#35.84#37.33
-95.1127,37.1061#26.83#35.84#37.33
-95.0567,37.1062#26.83#35.84#37.33
-95.0008,37.1062#26.83#35.84#37.33
-94.9448,37.1062#26.83#35.84#37.33
-94.8889,37.1061#26.84#35.84#37.32
-94.8329,37.1061#26.84#35.84#37.32
-94.777,37.106#26.84#35.84#37.32
-94.721,37.1059#26.84#35.84#37.32
-94.6651,37.1058#26.84#35.84#37.32
-94.6091,37.1057#26.84#35.84#37.32
-94.5532,37.1056#26.84#35.84#37.32
-94.4972,37.1054#26.84#35.84#37.32
-94.4413,37.1052#26.84#35.84#37.32
-94.3853,37.1051#26.84#35.84#37.32
-94.3294,37.1048#26.84#35.84#37.32
-94.2735,37.1046#26.85#35.84#37.31
-94.2175,37.1044#26.85#35.84#37.31
-94.1616,37.1041#26.85#35.84#37.31
-94.1056,37.1038#26.85#35.84#37.31
-94.0497,37.1035#26.85#35.84#37.31
-93.9937,37.1032#26.85#35.84#37.31
-93.9378,37.1028#26.85#35.84#37.31
-93.8818,37.1025#26.85#35.84#37.31
-93.8259,37.1021#26.86#35.84#37.3
-93.7699,37.1017#26.86#35.84#37.3
-93.714,37.1013#26.86#35.85#37.29
-93.6581,37.1009#26.86#35.85#37.29
-93.6021,37.1004#26.86#35.85#37.29
-93.5462,37.0999#26.86#35.85#37.29
-93.4902,37.0995#26.86#35.85#37.29
-93.4343,37.099#26.86#35.86#37.28
-93.3784,37.0984#26.87#35.86#37.27
-93.3224,37.0979#26.87#35.86#37.27
-93.2665,37.0973#26.87#35.87#37.26
-93.2105,37.0967#26.87#35.87#37.26
-93.1546,37.0961#26.87#35.87#37.26
-93.0987,37.0955#26.87#35.88#37.25
-93.0427,37.0949#26.87#35.88#37.25
-92.9868,37.0942#26.87#35.88#37.25
-92.9309,37.0936#26.88#35.89#37.23
-92.8749,37.0929#26.88#35.9#37.22
-92.819,37.0922#26.88#35.9#37.22
-92.7631,37.0914#26.88#35.91#37.21
-92.7071,37.0907#26.88#35.91#37.21
-92.6512,37.0899#26.88#35.92#37.2
-92.5953,37.0892#26.88#35.92#37.2
-92.5393,37.0884#26.88#35.93#37.19
-92.4834,37.0875#26.88#35.94#37.18
-92.4275,37.0867#26.88#35.94#37.18
-92.3715,37.0858#26.88#35.95#37.17
-92.3156,37.085#26.89#35.95#37.16
-92.2597,37.0841#26.89#35.96#37.15
-92.2038,37.0832#26.89#35.97#37.14
-92.1478,37.0822#26.89#35.97#37.14
-92.0919,37.0813#26.89#35.98#37.13
-92.036,37.0803#26.89#35.98#37.13
-91.9801,37.0793#26.89#35.99#37.12
-91.9242,37.0783#26.89#36#37.11
-91.8682,37.0773#26.89#36.01#37.1
-91.8123,37.0763#26.89#36.01#37.1
-91.7564,37.0752#26.89#36.02#37.09
-91.7005,37.0741#26.89#36.03#37.08
-91.6446,37.073#26.89#36.03#37.08
-91.5887,37.0719#26.89#36.04#37.07
-91.5327,37.0708#26.89#36.05#37.06
-91.4768,37.0696#26.89#36.05#37.06
-91.4209,37.0685#26.89#36.05#37.06
-91.365,37.0673#26.89#36.06#37.05
-91.3091,37.0661#26.89#36.06#37.05
-91.2532,37.0649#26.89#36.06#37.05
-91.1973,37.0636#26.89#36.06#37.05
-91.1414,37.0624#26.89#36.06#37.05
-91.0855,37.0611#26.89#36.06#37.05
-91.0296,37.0598#26.89#36.06#37.05
-90.9737,37.0585#26.89#36.06#37.05
-90.9178,37.0571#26.89#36.06#37.05
-90.8619,37.0558#26.89#36.05#37.06
-90.806,37.0544#26.89#36.05#37.06
-90.7501,37.053#26.89#36.05#37.06
-90.6942,37.0516#26.89#36.04#37.07
-90.6383,37.0502#26.89#36.04#37.07
-90.5824,37.0487#26.89#36.03#37.08
-90.5265,37.0473#26.88#36.03#37.09
-90.4707,37.0458#26.88#36.02#37.1
-90.4148,37.0443#26.88#36#37.12
-90.3589,37.0428#26.88#35.99#37.13
-90.303,37.0412#26.88#35.97#37.15
-90.2471,37.0397#26.88#35.95#37.17
-90.1913,37.0381#26.88#35.94#37.18
-90.1354,37.0365#26.88#35.92#37.2
-90.0795,37.0349#26.88#35.91#37.21
-90.0236,37.0333#26.88#35.89#37.23
-89.9678,37.0316#26.88#35.86#37.26
-89.9119,37.03#26.88#35.83#37.29
-89.856,37.0283#26.88#35.79#37.33
-89.8002,37.0266#26.88#35.76#37.36
-89.7443,37.0249#26.88#35.72#37.4
-89.6884,37.0231#26.88#35.69#37.43
-89.6326,37.0214#26.88#35.65#37.47
-89.5767,37.0196#26.88#35.62#37.5
-89.5208,37.0178#26.88#35.58#37.54
-89.465,37.016#26.88#35.54#37.58
-89.4091,37.0141#26.88#35.49#37.63
-89.3533,37.0123#26.88#35.45#37.67
-89.2974,37.0104#26.88#35.4#37.72
-89.2416,37.0085#26.88#35.35#37.77
-89.1857,37.0066#26.89#35.31#37.8
-89.1299,37.0047#26.89#35.26#37.85
-89.0741,37.0028#26.89#35.21#37.9
-89.0182,37.0008#26.89#35.16#37.95
-88.9624,36.9988#26.89#35.11#38
-88.9065,36.9968#26.89#35.04#38.07
-88.8507,36.9948#26.89#34.98#38.13
-88.7949,36.9928#26.89#34.91#38.2
-88.739,36.9907#26.89#34.85#38.26
-88.6832,36.9887#26.9#34.78#38.32
-88.6274,36.9866#26.9#34.72#38.38
-88.5716,36.9845#26.9#34.66#38.44
-88.5157,36.9823#26.9#34.59#38.51
-88.4599,36.9802#26.9#34.5#38.6
-88.4041,36.978#26.9#34.4#38.7
-88.3483,36.9759#26.91#34.3#38.79
-88.2925,36.9737#26.91#34.19#38.9
-88.2367,36.9714#26.91#34.09#39
-88.1809,36.9692#26.92#33.99#39.09
-88.1251,36.967#26.92#33.89#39.19
-88.0693,36.9647#26.92#33.79#39.29
-88.0135,36.9624#26.92#33.69#39.39
-87.9577,36.9601#26.93#33.59#39.48
-87.9019,36.9578#26.93#33.5#39.57
-87.8461,36.9554#26.93#33.41#39.66
-87.7903,36.953#26.94#33.32#39.74
-87.7345,36.9507#26.94#33.22#39.84
-87.6787,36.9483#26.94#33.13#39.93
-87.6229,36.9458#26.95#33.04#40.01
-87.5671,36.9434#26.95#32.95#40.1
-87.5114,36.941#26.95#32.86#40.19
-87.4556,36.9385#26.96#32.76#40.28
-87.3998,36.936#26.96#32.65#40.39
-87.344,36.9335#26.97#32.54#40.49
-87.2883,36.9309#26.97#32.44#40.59
-87.2325,36.9284#26.98#32.33#40.69
-87.1767,36.9258#26.99#32.22#40.79
-87.121,36.9232#26.99#32.12#40.89
-87.0652,36.9206#27#32.01#40.99
-87.0095,36.918#27#31.91#41.09
-86.9537,36.9154#27.01#31.8#41.19
-86.898,36.9127#27.02#31.7#41.28
-86.8422,36.9101#27.03#31.59#41.38
-86.7865,36.9074#27.04#31.49#41.47
-86.7307,36.9046#27.05#31.39#41.56
-86.675,36.9019#27.06#31.28#41.66
-104.222,36.9002#28.49#42.32#29.19
-104.166,36.9032#28.38#42.27#29.35
-104.11,36.9062#28.26#42.22#29.52
-104.055,36.9092#28.14#42.17#29.69
-103.999,36.9122#28.03#42.12#29.85
-103.943,36.9152#27.98#42.05#29.97
-103.887,36.9181#27.94#41.99#30.07
-103.832,36.921#27.89#41.92#30.19
-103.776,36.9239#27.85#41.86#30.29
-103.72,36.9268#27.8#41.79#30.41
-103.664,36.9296#27.76#41.73#30.51
-103.609,36.9325#27.71#41.66#30.63
-103.553,36.9353#27.67#41.6#30.73
-103.497,36.9381#27.62#41.53#30.85
-103.441,36.9409#27.61#41.45#30.94
-103.386,36.9437#27.59#41.36#31.05
-103.33,36.9464#27.57#41.27#31.16
-103.274,36.9492#27.55#41.19#31.26
-103.218,36.9519#27.53#41.1#31.37
-103.163,36.9546#27.51#41.02#31.47
-103.107,36.9572#27.49#40.93#31.58
-103.051,36.9599#27.48#40.85#31.67
-102.995,36.9625#27.46#40.76#31.78
-102.94,36.9652#27.45#40.67#31.88
-102.884,36.9678#27.44#40.58#31.98
-102.828,36.9704#27.44#40.49#32.07
-102.772,36.9729#27.43#40.4#32.17
-102.716,36.9755#27.42#40.31#32.27
-102.661,36.978#27.42#40.21#32.37
-102.605,36.9805#27.41#40.12#32.47
-102.549,36.983#27.4#40.03#32.57
-102.493,36.9855#27.4#39.94#32.66
-102.437,36.9879#27.4#39.86#32.74
-102.382,36.9904#27.41#39.78#32.81
-102.326,36.9928#27.42#39.7#32.88
-102.27,36.9952#27.42#39.62#32.96
-102.214,36.9976#27.43#39.54#33.03
-102.158,36.9999#27.44#39.46#33.1
-102.103,37.0023#27.44#39.38#33.18
-102.047,37.0046#27.45#39.3#33.25
-101.991,37.0069#27.46#39.21#33.33
-101.935,37.0092#27.47#39.13#33.4
-101.879,37.0115#27.49#39.05#33.46
-101.823,37.0137#27.51#38.97#33.52
-101.768,37.016#27.53#38.89#33.58
-101.712,37.0182#27.55#38.81#33.64
-101.656,37.0204#27.56#38.73#33.71
-101.6,37.0226#27.58#38.65#33.77
-101.544,37.0247#27.6#38.57#33.83
-101.488,37.0269#27.62#38.49#33.89
-101.433,37.029#27.65#38.42#33.93
-101.377,37.0311#27.68#38.36#33.96
-101.321,37.0332#27.71#38.29#34
-101.265,37.0353#27.74#38.23#34.03
-101.209,37.0373#27.77#38.16#34.07
-101.153,37.0394#27.81#38.09#34.1
-101.098,37.0414#27.84#38.03#34.13
-101.042,37.0434#27.87#37.96#34.17
-100.986,37.0454#27.9#37.89#34.21
-100.93,37.0473#27.93#37.83#34.24
-100.874,37.0493#27.97#37.78#34.25
-100.818,37.0512#28#37.71#34.29
-100.762,37.0531#28.04#37.65#34.31
-100.706,37.055#28.07#37.59#34.34
-100.651,37.0569#28.11#37.53#34.36
-100.595,37.0587#28.14#37.47#34.39
-100.539,37.0605#28.18#37.41#34.41
-100.483,37.0623#28.21#37.35#34.44
-100.427,37.0641#28.23#37.31#34.46
-100.371,37.0659#28.25#37.27#34.48
-100.315,37.0677#28.27#37.22#34.51
-100.259,37.0694#28.29#37.18#34.53
-100.204,37.0711#28.32#37.14#34.54
-100.148,37.0728#28.34#37.09#34.57
-100.092,37.0745#28.36#37.05#34.59
-100.036,37.0762#28.38#37#34.62
-99.98,37.0778#28.4#36.96#34.64
-99.9241,37.0795#28.39#36.93#34.68
-99.8682,37.0811#28.39#36.9#34.71
-99.8123,37.0827#28.39#36.86#34.75
-99.7564,37.0843#28.39#36.83#34.78
-99.7005,37.0858#28.39#36.79#34.82
-99.6446,37.0873#28.39#36.76#34.85
-99.5887,37.0889#28.39#36.72#34.89
-99.5328,37.0904#28.39#36.69#34.92
-99.4768,37.0918#28.38#36.66#34.96
