-97.9912,45.9002#28.3#63.69#8.01000000000001
-97.9302,45.9011#28.3#63.6#8.09999999999999
-97.8692,45.9021#28.3#63.51#8.19
-97.8082,45.9029#28.3#63.42#8.28
-97.7472,45.9038#28.3#63.33#8.37
-97.6862,45.9047#28.3#63.24#8.45999999999999
-97.6252,45.9055#28.3#63.15#8.55
-97.5641,45.9063#28.3#63.06#8.64
-97.5031,45.9071#28.3#62.97#8.73
-97.4421,45.9079#28.3#62.86#8.84
-97.3811,45.9086#28.3#62.76#8.94
-97.3201,45.9094#28.3#62.65#9.05
-97.259,45.9101#28.3#62.54#9.16
-97.198,45.9108#28.3#62.43#9.27
-97.137,45.9115#28.3#62.32#9.38
-97.076,45.9121#28.3#62.22#9.48
-97.015,45.9128#28.3#62.11#9.59
-96.9539,45.9134#28.3#62.08#9.62
-96.8929,45.914#28.3#62.09#9.61
-96.8319,45.9146#28.3#62.09#9.61
-96.7708,45.9151#28.3#62.09#9.61
-96.7098,45.9157#28.3#62.09#9.61
-96.6488,45.9162#28.3#62.09#9.61
-96.5878,45.9167#28.3#62.09#9.61
-96.5267,45.9172#28.3#62.09#9.61
-96.4657,45.9177#28.3#62#9.7
-96.4047,45.9181#28.3#61.86#9.84
-96.3436,45.9185#28.3#61.71#9.98999999999999
-96.2826,45.919#28.3#61.56#10.14
-96.2216,45.9194#28.3#61.41#10.29
-96.1605,45.9197#28.3#61.26#10.44
-96.0995,45.9201#28.3#61.11#10.59
-96.0385,45.9204#28.3#60.96#10.74
-95.9774,45.9207#28.3#60.8#10.9
-95.9164,45.921#28.3#60.62#11.08
-95.8554,45.9213#28.3#60.44#11.26
-95.7943,45.9216#28.3#60.27#11.43
-95.7333,45.9218#28.3#60.09#11.61
-95.6723,45.922#28.3#59.91#11.79
-95.6112,45.9222#28.3#59.74#11.96
-95.5502,45.9224#28.3#59.56#12.14
-95.4891,45.9226#28.3#59.39#12.31
-95.4281,45.9227#28.3#59.26#12.44
-95.3671,45.9228#28.3#59.12#12.58
-95.306,45.9229#28.3#58.99#12.71
-95.245,45.923#28.3#58.85#12.85
-95.184,45.9231#28.3#58.72#12.98
-95.1229,45.9231#28.3#58.59#13.11
-95.0619,45.9232#28.3#58.45#13.25
-95.0008,45.9232#28.3#58.32#13.38
-94.9398,45.9232#28.3#58.18#13.52
-94.8788,45.9231#28.3#58.03#13.67
-94.8177,45.9231#28.3#57.89#13.81
-94.7567,45.923#28.3#57.75#13.95
-94.6957,45.9229#28.31#57.61#14.08
-94.6346,45.9228#28.31#57.47#14.22
-94.5736,45.9227#28.31#57.33#14.36
-94.5125,45.9226#28.31#57.18#14.51
-94.4515,45.9224#28.31#57.05#14.64
-94.3905,45.9222#28.31#56.91#14.78
-94.3294,45.922#28.31#56.77#14.92
-94.2684,45.9218#28.31#56.64#15.05
-94.2074,45.9216#28.31#56.5#15.19
-94.1463,45.9213#28.31#56.36#15.33
-94.0853,45.921#28.31#56.23#15.46
-94.0242,45.9207#28.32#56.09#15.59
-93.9632,45.9204#28.32#55.96#15.72
-93.9022,45.9201#28.32#55.84#15.84
-93.8411,45.9197#28.32#55.71#15.97
-93.7801,45.9194#28.33#55.59#16.08
-93.7191,45.919#28.33#55.46#16.21
-93.658,45.9186#28.33#55.34#16.33
-93.597,45.9181#28.34#55.21#16.45
-93.536,45.9177#28.34#55.09#16.57
-93.475,45.9172#28.35#54.97#16.68
-93.4139,45.9167#28.36#54.85#16.79
-93.3529,45.9162#28.38#54.74#16.88
-93.2919,45.9157#28.39#54.62#16.99
-93.2308,45.9151#28.41#54.51#17.08
-93.1698,45.9146#28.42#54.39#17.19
-93.1088,45.914#28.44#54.27#17.29
-93.0478,45.9134#28.45#54.16#17.39
-92.9867,45.9128#28.47#54.05#17.48
-92.9257,45.9121#28.5#53.94#17.56
-92.8647,45.9115#28.52#53.84#17.64
-92.8037,45.9108#28.54#53.74#17.72
-92.7426,45.9101#28.57#53.63#17.8
-92.6816,45.9094#28.59#53.53#17.88
-92.6206,45.9087#28.62#53.43#17.95
-92.5596,45.9079#28.64#53.32#18.04
-92.4986,45.9071#28.67#53.22#18.11
-92.4375,45.9063#28.7#53.14#18.16
-92.3765,45.9055#28.74#53.06#18.2
-92.3155,45.9047#28.78#52.98#18.24
-92.2545,45.9038#28.81#52.89#18.3
-92.1935,45.903#28.85#52.81#18.34
-92.1325,45.9021#28.89#52.73#18.38
-92.0715,45.9012#28.92#52.65#18.43
-92.0105,45.9002#28.96#52.57#18.47
-100.006,45.9014#28.36#65.34#6.3
-99.945,45.9029#28.35#65.32#6.33000000000001
-99.884,45.9045#28.35#65.29#6.35999999999999
-99.823,45.906#28.35#65.26#6.38999999999999
-99.762,45.9075#28.35#65.23#6.41999999999999
-99.701,45.909#28.35#65.2#6.44999999999999
-99.64,45.9104#28.34#65.16#6.5
-99.579,45.9119#28.34#65.13#6.53
-99.518,45.9133#28.34#65.1#6.56
-99.457,45.9147#28.34#65.06#6.59999999999999
-99.396,45.9161#28.33#65.01#6.66
-99.335,45.9174#28.33#64.96#6.71000000000001
-99.274,45.9188#28.33#64.91#6.76000000000001
-99.213,45.9201#28.33#64.86#6.81
-99.152,45.9214#28.33#64.81#6.86
-99.091,45.9227#28.32#64.76#6.91999999999999
-99.03,45.924#28.32#64.71#6.97
-98.969,45.9252#28.32#64.65#7.03
-98.908,45.9265#28.32#64.57#7.11000000000001
-98.8469,45.9277#28.32#64.5#7.18000000000001
-98.7859,45.9289#28.32#64.43#7.25
-98.7249,45.9301#28.32#64.36#7.31999999999999
-98.6639,45.9312#28.31#64.29#7.39999999999999
-98.6029,45.9324#28.31#64.21#7.48
-98.5418,45.9335#28.31#64.14#7.55
-98.4808,45.9346#28.31#64.08#7.61
-98.4198,45.9357#28.31#64.02#7.67
-98.3588,45.9367#28.31#63.97#7.72
-98.2977,45.9378#28.31#63.92#7.77
-98.2367,45.9388#28.31#63.87#7.82000000000001
-98.1757,45.9398#28.31#63.81#7.88
-98.1146,45.9408#28.3#63.76#7.94
-98.0536,45.9417#28.3#63.71#7.98999999999999
-97.9926,45.9427#28.3#63.66#8.04000000000001
-97.9315,45.9436#28.3#63.56#8.14
-97.8705,45.9445#28.3#63.47#8.23
-97.8095,45.9454#28.3#63.38#8.31999999999999
-97.7484,45.9463#28.3#63.29#8.41
-97.6874,45.9471#28.3#63.19#8.51000000000001
-97.6263,45.948#28.3#63.1#8.59999999999999
-97.5653,45.9488#28.3#63.01#8.69
-97.5043,45.9496#28.3#62.91#8.79000000000001
-97.4432,45.9503#28.3#62.81#8.89
-97.3822,45.9511#28.3#62.7#9
-97.3211,45.9518#28.3#62.58#9.12
-97.2601,45.9526#28.3#62.47#9.23
-97.199,45.9533#28.3#62.36#9.34
-97.138,45.9539#28.3#62.25#9.45
-97.0769,45.9546#28.3#62.14#9.56
-97.0159,45.9552#28.3#62.03#9.67
-96.9548,45.9559#28.3#61.99#9.70999999999999
-96.8938,45.9565#28.3#61.97#9.73
-96.8327,45.957#28.3#61.96#9.73999999999999
-96.7716,45.9576#28.3#61.94#9.76000000000001
-96.7106,45.9581#28.3#61.92#9.78
-96.6495,45.9587#28.3#61.9#9.8
-96.5885,45.9592#28.3#61.89#9.81
-96.5274,45.9597#28.3#61.87#9.83
-96.4664,45.9601#28.3#61.78#9.92
-96.4053,45.9606#28.3#61.63#10.07
-96.3442,45.961#28.3#61.48#10.22
-96.2832,45.9614#28.3#61.33#10.37
-96.2221,45.9618#28.3#61.19#10.51
-96.1611,45.9622#28.3#61.04#10.66
-96.1,45.9625#28.3#60.89#10.81
-96.0389,45.9629#28.3#60.75#10.95
-95.9779,45.9632#28.3#60.59#11.11
-95.9168,45.9635#28.3#60.42#11.28
-95.8558,45.9638#28.3#60.25#11.45
-95.7947,45.964#28.3#60.08#11.62
-95.7336,45.9643#28.3#59.91#11.79
-95.6726,45.9645#28.3#59.74#11.96
-95.6115,45.9647#28.3#59.57#12.13
-95.5504,45.9649#28.3#59.4#12.3
-95.4894,45.965#28.3#59.24#12.46
-95.4283,45.9652#28.3#59.1#12.6
-95.3672,45.9653#28.3#58.97#12.73
-95.3062,45.9654#28.3#58.84#12.86
-95.2451,45.9655#28.3#58.7#13
-95.184,45.9656#28.3#58.57#13.13
-95.123,45.9656#28.3#58.44#13.26
-95.0619,45.9656#28.3#58.3#13.4
-95.0008,45.9656#28.3#58.17#13.53
-94.9398,45.9656#28.3#58.03#13.67
-94.8787,45.9656#28.31#57.89#13.8
-94.8176,45.9656#28.31#57.75#13.94
-94.7566,45.9655#28.31#57.61#14.08
-94.6955,45.9654#28.31#57.47#14.22
-94.6345,45.9653#28.31#57.32#14.37
-94.5734,45.9652#28.31#57.18#14.51
-94.5123,45.965#28.31#57.04#14.65
-94.4513,45.9649#28.31#56.91#14.78
-94.3902,45.9647#28.31#56.77#14.92
-94.3291,45.9645#28.31#56.63#15.06
-94.2681,45.9643#28.31#56.5#15.19
-94.207,45.964#28.31#56.36#15.33
-94.1459,45.9638#28.32#56.23#15.45
-94.0849,45.9635#28.32#56.09#15.59
-94.0238,45.9632#28.32#55.96#15.72
-93.9627,45.9629#28.32#55.83#15.85
-93.9017,45.9626#28.32#55.7#15.98
-93.8406,45.9622#28.32#55.58#16.1
-93.7796,45.9618#28.33#55.45#16.22
-93.7185,45.9614#28.33#55.33#16.34
-93.6574,45.961#28.33#55.21#16.46
-93.5964,45.9606#28.34#55.08#16.58
-93.5353,45.9601#28.34#54.96#16.7
-93.4743,45.9597#28.35#54.84#16.81
-93.4132,45.9592#28.36#54.72#16.92
-93.3522,45.9587#28.37#54.61#17.02
-93.2911,45.9582#28.39#54.49#17.12
-93.23,45.9576#28.4#54.38#17.22
-93.169,45.9571#28.42#54.26#17.32
-93.1079,45.9565#28.43#54.15#17.42
-93.0469,45.9559#28.44#54.03#17.53
-92.9858,45.9552#28.46#53.92#17.62
-92.9248,45.9546#28.48#53.82#17.7
-92.8637,45.9539#28.51#53.72#17.77
-92.8027,45.9533#28.53#53.61#17.86
-92.7416,45.9526#28.56#53.51#17.93
-92.6806,45.9519#28.58#53.41#18.01
-92.6195,45.9511#28.6#53.31#18.09
-92.5585,45.9504#28.63#53.2#18.17
-92.4974,45.9496#28.65#53.1#18.25
-92.4364,45.9488#28.69#53.02#18.29
-92.3753,45.948#28.72#52.94#18.34
-92.3143,45.9472#28.76#52.86#18.38
-92.2533,45.9463#28.79#52.77#18.44
-92.1922,45.9454#28.83#52.69#18.48
-92.1312,45.9445#28.86#52.61#18.53
-92.0701,45.9436#28.9#52.53#18.57
-92.0091,45.9427#28.93#52.45#18.62
-91.9481,45.9418#28.97#52.39#18.64
-91.887,45.9408#29#52.34#18.66
-91.826,45.9398#29.03#52.28#18.69
-91.765,45.9388#29.06#52.23#18.71
-91.7039,45.9378#29.09#52.18#18.73
-91.6429,45.9367#29.13#52.12#18.75
-91.5819,45.9357#29.16#52.07#18.77
-91.5209,45.9346#29.19#52.01#18.8
-91.4598,45.9335#29.21#51.97#18.82
-91.3988,45.9324#29.22#51.94#18.84
-91.3378,45.9313#29.24#51.91#18.85
-91.2768,45.9301#29.25#51.87#18.88
-91.2158,45.9289#29.26#51.84#18.9
-91.1547,45.9277#29.27#51.8#18.93
-91.0937,45.9265#29.29#51.77#18.94
-91.0327,45.9253#29.3#51.74#18.96
-90.9717,45.924#29.3#51.71#18.99
-90.9107,45.9228#29.29#51.7#19.01
-90.8497,45.9215#29.27#51.69#19.04
-90.7887,45.9202#29.26#51.67#19.07
-90.7277,45.9188#29.25#51.66#19.09
-90.6667,45.9175#29.23#51.65#19.12
-90.6057,45.9161#29.22#51.63#19.15
-90.5447,45.9147#29.2#51.62#19.18
-90.4837,45.9133#29.18#51.61#19.21
-90.4227,45.9119#29.15#51.61#19.24
-90.3617,45.9105#29.12#51.61#19.27
-90.3007,45.909#29.09#51.61#19.3
-90.2397,45.9075#29.06#51.6#19.34
-90.1787,45.906#29.03#51.6#19.37
-90.1177,45.9045#29#51.6#19.4
-90.0567,45.903#28.97#51.6#19.43
-89.9957,45.9014#28.93#51.6#19.47
-101.472,45.9007#28.46#64.46#7.08000000000001
-101.411,45.9027#28.45#64.45#7.09999999999999
-101.35,45.9047#28.45#64.45#7.09999999999999
-101.289,45.9067#28.44#64.44#7.12
-101.228,45.9086#28.44#64.44#7.12
-101.167,45.9106#28.43#64.43#7.13999999999999
-101.106,45.9125#28.43#64.43#7.13999999999999
-101.045,45.9144#28.42#64.42#7.16
-100.984,45.9163#28.41#64.44#7.15000000000001
-100.923,45.9181#28.41#64.5#7.09
-100.862,45.92#28.41#64.56#7.03
-100.801,45.9218#28.4#64.62#6.97999999999999
-100.74,45.9236#28.4#64.68#6.91999999999999
-100.679,45.9254#28.4#64.74#6.86000000000001
-100.618,45.9272#28.39#64.8#6.81
-100.557,45.9289#28.39#64.86#6.75
-100.496,45.9306#28.38#64.92#6.7
-100.435,45.9324#28.38#64.96#6.66000000000001
-100.374,45.9341#28.38#65#6.62
-100.313,45.9357#28.37#65.04#6.58999999999999
-100.252,45.9374#28.37#65.08#6.55
-100.191,45.939#28.37#65.12#6.50999999999999
-100.13,45.9406#28.37#65.16#6.47
-100.069,45.9422#28.36#65.2#6.44
-100.008,45.9438#28.36#65.24#6.40000000000001
-99.9472,45.9454#28.36#65.22#6.42
-99.8862,45.9469#28.35#65.19#6.46000000000001
-99.8252,45.9484#28.35#65.16#6.49000000000001
-99.7642,45.9499#28.35#65.13#6.52000000000001
-99.7031,45.9514#28.35#65.1#6.55000000000001
-99.6421,45.9529#28.34#65.07#6.59
-99.5811,45.9543#28.34#65.05#6.61
-99.5201,45.9557#28.34#65.02#6.64
-99.459,45.9571#28.34#64.97#6.69
-99.398,45.9585#28.34#64.93#6.72999999999999
-99.337,45.9599#28.33#64.88#6.79000000000001
-99.276,45.9612#28.33#64.83#6.84
-99.2149,45.9626#28.33#64.78#6.89
-99.1539,45.9639#28.33#64.73#6.94
-99.0928,45.9652#28.33#64.69#6.98
-99.0318,45.9664#28.32#64.64#7.03999999999999
-98.9708,45.9677#28.32#64.58#7.09999999999999
-98.9097,45.9689#28.32#64.5#7.18000000000001
-98.8487,45.9701#28.32#64.43#7.25
-98.7876,45.9713#28.32#64.36#7.31999999999999
-98.7266,45.9725#28.32#64.28#7.40000000000001
-98.6655,45.9737#28.32#64.21#7.47
-98.6045,45.9748#28.31#64.14#7.55
-98.5434,45.9759#28.31#64.07#7.62
-98.4824,45.977#28.31#64#7.69
-98.4213,45.9781#28.31#63.95#7.73999999999999
-98.3603,45.9792#28.31#63.91#7.78
-98.2992,45.9802#28.31#63.86#7.83
-98.2382,45.9812#28.31#63.81#7.88
-98.1771,45.9822#28.31#63.77#7.92
-98.116,45.9832#28.31#63.72#7.97
-98.055,45.9842#28.31#63.68#8.01000000000001
-97.9939,45.9851#28.3#63.63#8.06999999999999
-97.9329,45.9861#28.3#63.53#8.17
-97.8718,45.987#28.3#63.44#8.26000000000001
-97.8107,45.9879#28.3#63.34#8.36
-97.7497,45.9887#28.3#63.24#8.45999999999999
-97.6886,45.9896#28.3#63.15#8.55
-97.6275,45.9904#28.3#63.05#8.65000000000001
-97.5665,45.9912#28.3#62.96#8.73999999999999
-97.5054,45.992#28.3#62.86#8.84
-97.4443,45.9928#28.3#62.75#8.95
-97.3832,45.9936#28.3#62.63#9.06999999999999
-97.3222,45.9943#28.3#62.52#9.17999999999999
-97.2611,45.995#28.3#62.41#9.29000000000001
-97.2,45.9957#28.3#62.3#9.40000000000001
-97.1389,45.9964#28.3#62.18#9.52
-97.0779,45.997#28.3#62.07#9.63
-97.0168,45.9977#28.3#61.96#9.73999999999999
-96.9557,45.9983#28.3#61.9#9.8
-96.8946,45.9989#28.3#61.86#9.84
-96.8335,45.9995#28.3#61.83#9.87
-96.7724,46.0001#28.3#61.79#9.91
-96.7114,46.0006#28.3#61.76#9.94
-96.6503,46.0011#28.3#61.72#9.98
-96.5892,46.0016#28.3#61.68#10.02
-96.5281,46.0021#28.3#61.65#10.05
-96.467,46.0026#28.3#61.55#10.15
-96.4059,46.003#28.3#61.4#10.3
-96.3449,46.0035#28.3#61.26#10.44
-96.2838,46.0039#28.3#61.11#10.59
-96.2227,46.0043#28.3#60.97#10.73
-96.1616,46.0046#28.3#60.82#10.88
-96.1005,46.005#28.3#60.68#11.02
-96.0394,46.0053#28.3#60.53#11.17
-95.9783,46.0057#28.3#60.38#11.32
-95.9172,46.0059#28.3#60.22#11.48
-95.8561,46.0062#28.3#60.06#11.64
-95.795,46.0065#28.3#59.89#11.81
-95.734,46.0067#28.3#59.73#11.97
-95.6729,46.0069#28.3#59.56#12.14
-95.6118,46.0071#28.3#59.4#12.3
-95.5507,46.0073#28.3#59.24#12.46
-95.4896,46.0075#28.3#59.08#12.62
-95.4285,46.0076#28.3#58.95#12.75
-95.3674,46.0078#28.3#58.82#12.88
-95.3063,46.0079#28.3#58.68#13.02
-95.2452,46.0079#28.3#58.55#13.15
-95.1841,46.008#28.3#58.42#13.28
-95.123,46.0081#28.31#58.29#13.4
-95.0619,46.0081#28.31#58.16#13.53
-95.0008,46.0081#28.31#58.02#13.67
-94.9398,46.0081#28.31#57.88#13.81
-94.8787,46.0081#28.31#57.74#13.95
-94.8176,46.008#28.31#57.6#14.09
-94.7565,46.008#28.31#57.46#14.23
-94.6954,46.0079#28.31#57.32#14.37
-94.6343,46.0078#28.31#57.18#14.51
-94.5732,46.0076#28.31#57.04#14.65
-94.5121,46.0075#28.31#56.9#14.79
-94.451,46.0073#28.31#56.77#14.92
-94.3899,46.0072#28.31#56.63#15.06
-94.3288,46.0069#28.31#56.5#15.19
-94.2677,46.0067#28.32#56.36#15.32
-94.2066,46.0065#28.32#56.23#15.45
-94.1456,46.0062#28.32#56.09#15.59
-94.0845,46.006#28.32#55.96#15.72
-94.0234,46.0057#28.32#55.82#15.86
-93.9623,46.0053#28.32#55.69#15.99
-93.9012,46.005#28.32#55.57#16.11
-93.8401,46.0047#28.33#55.45#16.22
-93.779,46.0043#28.33#55.32#16.35
-93.7179,46.0039#28.33#55.2#16.47
-93.6568,46.0035#28.33#55.07#16.6
-93.5958,46.0031#28.34#54.95#16.71
-93.5347,46.0026#28.34#54.83#16.83
-93.4736,46.0021#28.35#54.71#16.94
-93.4125,46.0016#28.36#54.59#17.05
-93.3514,46.0011#28.37#54.48#17.15
-93.2903,46.0006#28.38#54.36#17.26
-93.2292,46.0001#28.4#54.25#17.35
-93.1682,45.9995#28.41#54.14#17.45
-93.1071,45.9989#28.42#54.02#17.56
-93.046,45.9983#28.43#53.91#17.66
-92.9849,45.9977#28.45#53.8#17.75
-92.9238,45.9971#28.47#53.69#17.84
-92.8628,45.9964#28.5#53.59#17.91
-92.8017,45.9957#28.52#53.49#17.99
-92.7406,45.995#28.54#53.39#18.07
-92.6795,45.9943#28.57#53.29#18.14
-92.6185,45.9936#28.59#53.18#18.23
-92.5574,45.9928#28.61#53.08#18.31
-92.4963,45.992#28.64#52.98#18.38
-92.4352,45.9913#28.67#52.9#18.43
-92.3742,45.9904#28.7#52.82#18.48
-92.3131,45.9896#28.74#52.74#18.52
-92.252,45.9888#28.77#52.66#18.57
-92.191,45.9879#28.8#52.57#18.63
-92.1299,45.987#28.84#52.49#18.67
-92.0688,45.9861#28.87#52.41#18.72
-92.0078,45.9852#28.91#52.33#18.76
-91.9467,45.9842#28.94#52.27#18.79
-91.8856,45.9833#28.97#52.22#18.81
-91.8246,45.9823#29.01#52.17#18.82
-91.7635,45.9813#29.04#52.12#18.84
-91.7025,45.9802#29.07#52.06#18.87
-91.6414,45.9792#29.11#52.01#18.88
-91.5804,45.9781#29.14#51.96#18.9
-91.5193,45.9771#29.17#51.91#18.92
-91.4582,45.976#29.19#51.87#18.94
-91.3972,45.9748#29.21#51.83#18.96
-91.3361,45.9737#29.22#51.8#18.98
-91.2751,45.9725#29.24#51.77#18.99
-91.214,45.9714#29.25#51.73#19.02
-91.153,45.9702#29.27#51.7#19.03
-91.092,45.969#29.28#51.67#19.05
-91.0309,45.9677#29.3#51.64#19.06
-90.9699,45.9665#29.3#51.61#19.09
-90.9088,45.9652#29.29#51.6#19.11
-90.8478,45.9639#29.28#51.59#19.13
-90.7868,45.9626#29.26#51.58#19.16
-90.7257,45.9613#29.25#51.57#19.18
-90.6647,45.9599#29.24#51.56#19.2
-90.6037,45.9586#29.23#51.55#19.22
-90.5426,45.9572#29.22#51.54#19.24
-90.4816,45.9558#29.2#51.53#19.27
-90.4206,45.9543#29.17#51.53#19.3
-90.3596,45.9529#29.14#51.53#19.33
-90.2986,45.9514#29.11#51.52#19.37
-90.2375,45.95#29.08#51.52#19.4
-90.1765,45.9485#29.05#51.52#19.43
-90.1155,45.9469#29.02#51.52#19.46
-90.0545,45.9454#28.99#51.52#19.49
-89.9935,45.9438#28.95#51.52#19.53
-89.9325,45.9423#28.91#51.53#19.56
-89.8715,45.9407#28.86#51.54#19.6
-89.8105,45.9391#28.81#51.55#19.64
-89.7495,45.9374#28.76#51.55#19.69
-89.6885,45.9358#28.71#51.56#19.73
-89.6275,45.9341#28.66#51.57#19.77
-89.5665,45.9324#28.61#51.58#19.81
-89.5055,45.9307#28.56#51.59#19.85
-89.4445,45.929#28.51#51.61#19.88
-89.3835,45.9272#28.46#51.63#19.91
-89.3225,45.9254#28.42#51.65#19.93
-89.2615,45.9237#28.38#51.67#19.95
-89.2005,45.9219#28.33#51.69#19.98
-89.1395,45.92#28.29#51.71#20
-89.0786,45.9182#28.24#51.73#20.03
-89.0176,45.9163#28.2#51.74#20.06
-88.9566,45.9144#28.17#51.76#20.07
-88.8957,45.9125#28.15#51.77#20.08
-88.8347,45.9106#28.13#51.78#20.09
-88.7737,45.9087#28.11#51.79#20.1
-88.7128,45.9067#28.09#51.8#20.11
-88.6518,45.9047#28.07#51.81#20.12
-88.5908,45.9027#28.05#51.82#20.13
-88.5299,45.9007#28.03#51.83#20.14
-102.633,45.9011#28.78#66.14#5.08
-102.572,45.9035#28.74#66.04#5.22
-102.511,45.9059#28.7#65.95#5.34999999999999
-102.45,45.9082#28.68#65.85#5.47
-102.389,45.9105#28.66#65.75#5.59
-102.328,45.9129#28.65#65.65#5.69999999999999
-102.267,45.9151#28.63#65.55#5.82000000000001
-102.206,45.9174#28.61#65.45#5.94
-102.145,45.9196#28.59#65.35#6.06
-102.084,45.9219#28.57#65.25#6.18000000000001
-102.023,45.9241#28.55#65.15#6.3
-101.962,45.9263#28.54#65.05#6.41
-101.902,45.9284#28.53#64.96#6.51000000000001
-101.841,45.9306#28.52#64.87#6.61
-101.78,45.9327#28.51#64.78#6.70999999999999
-101.719,45.9348#28.5#64.69#6.81
-101.658,45.9369#28.49#64.6#6.91000000000001
-101.597,45.939#28.48#64.51#7.00999999999999
-101.536,45.9411#28.47#64.42#7.11
-101.475,45.9431#28.46#64.37#7.16999999999999
-101.414,45.9451#28.46#64.36#7.18000000000001
-101.353,45.9471#28.45#64.36#7.19
-101.292,45.9491#28.45#64.35#7.2
-101.231,45.9511#28.44#64.35#7.21000000000001
-101.17,45.953#28.43#64.34#7.22999999999999
-101.109,45.9549#28.43#64.34#7.22999999999999
-101.048,45.9568#28.42#64.34#7.23999999999999
-100.987,45.9587#28.42#64.35#7.23
-100.926,45.9606#28.41#64.4#7.19
-100.865,45.9624#28.41#64.46#7.13000000000001
-100.804,45.9642#28.41#64.52#7.07000000000001
-100.743,45.966#28.4#64.57#7.03
-100.682,45.9678#28.4#64.63#6.97
-100.621,45.9696#28.39#64.68#6.92999999999999
-100.56,45.9713#28.39#64.74#6.87
-100.499,45.9731#28.39#64.79#6.81999999999999
-100.438,45.9748#28.38#64.84#6.78
-100.377,45.9765#28.38#64.88#6.74000000000001
-100.316,45.9782#28.38#64.92#6.7
-100.255,45.9798#28.37#64.96#6.67
-100.194,45.9814#28.37#65.01#6.61999999999999
-100.133,45.9831#28.37#65.05#6.58
-100.072,45.9847#28.36#65.1#6.54000000000001
-100.01,45.9862#28.36#65.14#6.5
-99.9494,45.9878#28.36#65.12#6.52
-99.8884,45.9893#28.36#65.1#6.54000000000001
-99.8273,45.9909#28.35#65.07#6.58000000000001
-99.7663,45.9924#28.35#65.04#6.60999999999999
-99.7053,45.9938#28.35#65.01#6.63999999999999
-99.6442,45.9953#28.35#64.98#6.66999999999999
-99.5832,45.9967#28.34#64.96#6.7
-99.5221,45.9982#28.34#64.93#6.72999999999999
-99.461,45.9996#28.34#64.89#6.77
-99.4,46.001#28.34#64.84#6.81999999999999
-99.3389,46.0023#28.34#64.8#6.86
-99.2779,46.0037#28.33#64.75#6.92
-99.2168,46.005#28.33#64.7#6.97
-99.1558,46.0063#28.33#64.66#7.01000000000001
-99.0947,46.0076#28.33#64.61#7.06
-99.0336,46.0089#28.33#64.57#7.10000000000001
-98.9726,46.0101#28.32#64.51#7.16999999999999
-98.9115,46.0114#28.32#64.43#7.25
-98.8504,46.0126#28.32#64.36#7.31999999999999
-98.7893,46.0138#28.32#64.29#7.38999999999999
-98.7283,46.015#28.32#64.21#7.47
-98.6672,46.0161#28.32#64.14#7.53999999999999
-98.6061,46.0172#28.32#64.06#7.62
-98.545,46.0184#28.31#63.99#7.7
-98.484,46.0195#28.31#63.92#7.77
-98.4229,46.0205#28.31#63.88#7.81
-98.3618,46.0216#28.31#63.84#7.84999999999999
-98.3007,46.0226#28.31#63.8#7.89
-98.2396,46.0237#28.31#63.76#7.93000000000001
-98.1785,46.0247#28.31#63.72#7.97
-98.1175,46.0257#28.31#63.68#8.01000000000001
-98.0564,46.0266#28.31#63.64#8.05
-97.9953,46.0276#28.31#63.6#8.09
-97.9342,46.0285#28.31#63.5#8.19
-97.8731,46.0294#28.31#63.4#8.29000000000001
-97.812,46.0303#28.31#63.3#8.39
-97.7509,46.0312#28.31#63.2#8.48999999999999
-97.6898,46.032#28.3#63.1#8.59999999999999
-97.6287,46.0329#28.3#63#8.7
-97.5676,46.0337#28.3#62.9#8.8
-97.5065,46.0345#28.3#62.8#8.90000000000001
-97.4454,46.0352#28.3#62.69#9.01000000000001
-97.3843,46.036#28.3#62.57#9.13
-97.3232,46.0367#28.3#62.46#9.23999999999999
-97.2621,46.0374#28.3#62.34#9.36
-97.201,46.0381#28.3#62.23#9.47
-97.1399,46.0388#28.3#62.11#9.59
-97.0788,46.0395#28.3#61.99#9.70999999999999
-97.0177,46.0401#28.3#61.88#9.81999999999999
-96.9566,46.0407#28.3#61.81#9.89
-96.8955,46.0413#28.3#61.75#9.95
-96.8344,46.0419#28.3#61.7#10
-96.7732,46.0425#28.3#61.65#10.05
-96.7121,46.043#28.3#61.59#10.11
-96.651,46.0436#28.3#61.54#10.16
-96.5899,46.0441#28.3#61.48#10.22
-96.5288,46.0446#28.3#61.42#10.28
-96.4677,46.045#28.3#61.32#10.38
-96.4066,46.0455#28.3#61.18#10.52
-96.3455,46.0459#28.3#61.04#10.66
-96.2843,46.0463#28.3#60.89#10.81
-96.2232,46.0467#28.3#60.75#10.95
-96.1621,46.0471#28.3#60.61#11.09
-96.101,46.0474#28.3#60.46#11.24
-96.0399,46.0478#28.3#60.32#11.38
-95.9788,46.0481#28.3#60.18#11.52
-95.9176,46.0484#28.3#60.02#11.68
-95.8565,46.0487#28.3#59.86#11.84
-95.7954,46.0489#28.3#59.7#12
-95.7343,46.0492#28.3#59.55#12.15
-95.6732,46.0494#28.3#59.39#12.31
-95.612,46.0496#28.3#59.23#12.47
-95.5509,46.0498#28.3#59.08#12.62
-95.4898,46.0499#28.31#58.93#12.76
-95.4287,46.0501#28.31#58.79#12.9
-95.3676,46.0502#28.31#58.66#13.03
-95.3064,46.0503#28.31#58.53#13.16
-95.2453,46.0504#28.31#58.4#13.29
-95.1842,46.0505#28.31#58.27#13.42
-95.1231,46.0505#28.31#58.14#13.55
-95.062,46.0505#28.31#58.01#13.68
-95.0008,46.0505#28.31#57.88#13.81
-94.9397,46.0505#28.31#57.74#13.95
-94.8786,46.0505#28.31#57.6#14.09
-94.8175,46.0505#28.31#57.46#14.23
-94.7564,46.0504#28.31#57.32#14.37
-94.6952,46.0503#28.31#57.18#14.51
-94.6341,46.0502#28.31#57.04#14.65
-94.573,46.0501#28.31#56.9#14.79
-94.5119,46.0499#28.31#56.76#14.93
-94.4508,46.0498#28.31#56.63#15.06
-94.3896,46.0496#28.32#56.49#15.19
-94.3285,46.0494#28.32#56.36#15.32
-94.2674,46.0492#28.32#56.22#15.46
-94.2063,46.0489#28.32#56.09#15.59
-94.1452,46.0487#28.32#55.95#15.73
-94.084,46.0484#28.32#55.82#15.86
-94.0229,46.0481#28.32#55.69#15.99
-93.9618,46.0478#28.32#55.56#16.12
-93.9007,46.0475#28.33#55.43#16.24
-93.8396,46.0471#28.33#55.31#16.36
-93.7785,46.0467#28.33#55.19#16.48
-93.7173,46.0463#28.33#55.07#16.6
-93.6562,46.0459#28.33#54.94#16.73
-93.5951,46.0455#28.34#54.82#16.84
-93.534,46.045#28.34#54.7#16.96
-93.4729,46.0446#28.35#54.58#17.07
-93.4118,46.0441#28.36#54.46#17.18
-93.3507,46.0436#28.37#54.35#17.28
-93.2896,46.0431#28.38#54.24#17.38
-93.2284,46.0425#28.39#54.12#17.49
-93.1673,46.0419#28.4#54.01#17.59
-93.1062,46.0414#28.41#53.89#17.7
-93.0451,46.0408#28.42#53.78#17.8
-92.984,46.0401#28.44#53.67#17.89
-92.9229,46.0395#28.46#53.57#17.97
-92.8618,46.0388#28.48#53.47#18.05
-92.8007,46.0382#28.51#53.37#18.12
-92.7396,46.0375#28.53#53.26#18.21
-92.6785,46.0367#28.55#53.16#18.29
-92.6174,46.036#28.57#53.06#18.37
-92.5563,46.0353#28.6#52.96#18.44
-92.4952,46.0345#28.62#52.86#18.52
-92.4341,46.0337#28.65#52.78#18.57
-92.373,46.0329#28.69#52.7#18.61
-92.3119,46.032#28.72#52.62#18.66
-92.2508,46.0312#28.75#52.54#18.71
-92.1897,46.0303#28.78#52.45#18.77
-92.1286,46.0294#28.82#52.37#18.81
-92.0675,46.0285#28.85#52.29#18.86
-92.0064,46.0276#28.88#52.21#18.91
-91.9453,46.0267#28.91#52.16#18.93
-91.8842,46.0257#28.95#52.11#18.94
-91.8231,46.0247#28.98#52.05#18.97
-91.7621,46.0237#29.02#52#18.98
-91.701,46.0227#29.05#51.95#19
-91.6399,46.0216#29.09#51.9#19.01
-91.5788,46.0206#29.12#51.85#19.03
-91.5177,46.0195#29.16#51.8#19.04
-91.4566,46.0184#29.18#51.76#19.06
-91.3956,46.0173#29.19#51.73#19.08
-91.3345,46.0161#29.21#51.7#19.09
-91.2734,46.015#29.23#51.66#19.11
-91.2123,46.0138#29.24#51.63#19.13
-91.1513,46.0126#29.26#51.6#19.14
-91.0902,46.0114#29.28#51.57#19.15
-91.0291,46.0102#29.29#51.53#19.18
-90.9681,46.0089#29.29#51.51#19.2
-90.907,46.0076#29.29#51.51#19.2
-90.8459,46.0064#29.28#51.5#19.22
-90.7849,46.005#29.27#51.49#19.24
-90.7238,46.0037#29.26#51.48#19.26
-90.6628,46.0024#29.25#51.47#19.28
-90.6017,46.001#29.24#51.46#19.3
-90.5406,45.9996#29.23#51.45#19.32
-90.4796,45.9982#29.21#51.44#19.35
-90.4185,45.9968#29.19#51.44#19.37
-90.3575,45.9953#29.16#51.44#19.4
-90.2964,45.9939#29.13#51.44#19.43
-90.2354,45.9924#29.1#51.44#19.46
-90.1743,45.9909#29.07#51.44#19.49
-90.1133,45.9894#29.04#51.44#19.52
-90.0523,45.9878#29.01#51.44#19.55
-89.9912,45.9863#28.98#51.44#19.58
-89.9302,45.9847#28.93#51.45#19.62
-89.8692,45.9831#28.88#51.46#19.66
-89.8081,45.9815#28.83#51.47#19.7
-89.7471,45.9799#28.79#51.48#19.73
-89.6861,45.9782#28.74#51.49#19.77
-89.625,45.9765#28.69#51.5#19.81
-89.564,45.9748#28.64#51.51#19.85
-89.503,45.9731#28.59#51.52#19.89
-89.442,45.9714#28.55#51.55#19.9
-89.381,45.9696#28.5#51.57#19.93
-89.3199,45.9679#28.45#51.59#19.96
-89.2589,45.9661#28.41#51.62#19.97
-89.1979,45.9643#28.36#51.64#20
-89.1369,45.9625#28.31#51.67#20.02
-89.0759,45.9606#28.27#51.69#20.04
-89.0149,45.9588#28.22#51.71#20.07
-88.9539,45.9569#28.19#51.73#20.08
-88.8929,45.955#28.17#51.74#20.09
-88.8319,45.953#28.15#51.75#20.1
-88.7709,45.9511#28.13#51.76#20.11
-88.7099,45.9491#28.11#51.78#20.11
-88.6489,45.9472#28.08#51.79#20.13
-88.588,45.9452#28.06#51.8#20.14
-88.527,45.9432#28.04#51.81#20.15
-88.466,45.9411#28.03#51.81#20.16
-88.405,45.9391#28.02#51.81#20.17
-88.344,45.937#28.01#51.81#20.18
-88.2831,45.9349#28#51.8#20.2
-88.2221,45.9328#28#51.8#20.2
-88.1611,45.9307#27.99#51.79#20.22
-88.1002,45.9285#27.98#51.79#20.23
-88.0392,45.9263#27.97#51.78#20.25
-87.9782,45.9241#27.97#51.77#20.26
-87.9173,45.9219#27.96#51.74#20.3
-87.8563,45.9197#27.96#51.72#20.32
-87.7954,45.9175#27.96#51.69#20.35
-87.7344,45.9152#27.96#51.67#20.37
-87.6735,45.9129#27.95#51.64#20.41
-87.6126,45.9106#27.95#51.61#20.44
-87.5516,45.9083#27.95#51.59#20.46
-87.4907,45.9059#27.95#51.56#20.49
-87.4297,45.9036#27.95#51.51#20.54
-87.3688,45.9012#27.95#51.45#20.6
-103.672,45.9002#29.63#67.61#2.76000000000001
-103.611,45.9029#29.56#67.52#2.92
-103.55,45.9056#29.5#67.44#3.06
-103.489,45.9082#29.44#67.35#3.21000000000001
-103.428,45.9109#29.38#67.25#3.37
-103.368,45.9135#29.33#67.16#3.51000000000001
-103.307,45.9161#29.28#67.07#3.65000000000001
-103.246,45.9187#29.23#66.97#3.8
-103.185,45.9213#29.18#66.88#3.94
-103.124,45.9238#29.13#66.79#4.08
-103.063,45.9264#29.07#66.7#4.22999999999999
-103.002,45.9289#29.02#66.61#4.37
-102.941,45.9314#28.99#66.51#4.5
-102.88,45.9338#28.95#66.41#4.64
-102.819,45.9363#28.91#66.31#4.78
-102.758,45.9387#28.87#66.22#4.91
-102.697,45.9412#28.84#66.12#5.03999999999999
-102.636,45.9435#28.8#66.02#5.18000000000001
-102.575,45.9459#28.76#65.93#5.30999999999999
-102.514,45.9483#28.72#65.83#5.45
-102.453,45.9506#28.7#65.73#5.56999999999999
-102.392,45.953#28.68#65.64#5.68000000000001
-102.331,45.9553#28.66#65.54#5.8
-102.271,45.9575#28.64#65.44#5.92
-102.21,45.9598#28.62#65.34#6.03999999999999
-102.149,45.9621#28.6#65.24#6.16
-102.088,45.9643#28.58#65.15#6.27
-102.027,45.9665#28.56#65.05#6.39
-101.966,45.9687#28.55#64.96#6.49000000000001
-101.905,45.9709#28.54#64.87#6.59
-101.844,45.973#28.53#64.78#6.69
-101.783,45.9751#28.52#64.69#6.79000000000001
-101.722,45.9773#28.51#64.6#6.89
-101.661,45.9793#28.5#64.51#6.98999999999999
-101.6,45.9814#28.49#64.42#7.09
-101.539,45.9835#28.48#64.33#7.19
-101.478,45.9855#28.47#64.27#7.26000000000001
-101.417,45.9875#28.46#64.27#7.27000000000001
-101.356,45.9895#28.46#64.27#7.27000000000001
-101.295,45.9915#28.45#64.26#7.28999999999999
-101.234,45.9935#28.44#64.26#7.3
-101.173,45.9954#28.44#64.26#7.3
-101.112,45.9973#28.43#64.25#7.31999999999999
-101.051,45.9992#28.43#64.25#7.31999999999999
-100.989,46.0011#28.42#64.26#7.31999999999999
-100.928,46.003#28.42#64.31#7.27
-100.867,46.0048#28.41#64.36#7.23
-100.806,46.0067#28.41#64.41#7.18000000000001
-100.745,46.0085#28.4#64.46#7.14000000000001
-100.684,46.0102#28.4#64.52#7.08000000000001
-100.623,46.012#28.4#64.57#7.03
-100.562,46.0138#28.39#64.62#6.98999999999999
-100.501,46.0155#28.39#64.67#6.94
-100.44,46.0172#28.38#64.71#6.91000000000001
-100.379,46.0189#28.38#64.76#6.86
-100.318,46.0206#28.38#64.8#6.82000000000001
-100.257,46.0222#28.38#64.85#6.77000000000001
-100.196,46.0239#28.37#64.9#6.72999999999999
-100.135,46.0255#28.37#64.94#6.69
-100.074,46.0271#28.37#64.99#6.64
-100.013,46.0287#28.36#65.04#6.59999999999999
-99.9517,46.0302#28.36#65.03#6.61
-99.8906,46.0318#28.36#65#6.64
-99.8295,46.0333#28.36#64.97#6.67
-99.7684,46.0348#28.35#64.95#6.69999999999999
-99.7074,46.0363#28.35#64.92#6.72999999999999
-99.6463,46.0377#28.35#64.9#6.75
-99.5852,46.0392#28.35#64.87#6.78
-99.5241,46.0406#28.34#64.84#6.81999999999999
-99.4631,46.042#28.34#64.81#6.84999999999999
-99.402,46.0434#28.34#64.76#6.89999999999999
-99.3409,46.0448#28.34#64.72#6.94
-99.2798,46.0461#28.34#64.67#6.98999999999999
-99.2187,46.0474#28.33#64.63#7.04000000000001
-99.1576,46.0487#28.33#64.58#7.09
-99.0965,46.05#28.33#64.54#7.13
-99.0354,46.0513#28.33#64.5#7.17
-98.9743,46.0526#28.33#64.44#7.23
-98.9133,46.0538#28.32#64.36#7.31999999999999
-98.8522,46.055#28.32#64.29#7.38999999999999
-98.7911,46.0562#28.32#64.21#7.47
-98.73,46.0574#28.32#64.14#7.53999999999999
-98.6688,46.0585#28.32#64.06#7.62
-98.6077,46.0597#28.32#63.99#7.69
-98.5466,46.0608#28.32#63.91#7.77000000000001
-98.4855,46.0619#28.31#63.85#7.84
-98.4244,46.063#28.31#63.81#7.88
-98.3633,46.064#28.31#63.77#7.92
-98.3022,46.0651#28.31#63.74#7.95
-98.2411,46.0661#28.31#63.71#7.98
-98.18,46.0671#28.31#63.67#8.02
-98.1189,46.0681#28.31#63.64#8.05
-98.0577,46.0691#28.31#63.61#8.08
-97.9966,46.07#28.31#63.57#8.12
-97.9355,46.0709#28.31#63.47#8.22
-97.8744,46.0718#28.31#63.36#8.33
-97.8133,46.0727#28.31#63.26#8.43000000000001
-97.7521,46.0736#28.31#63.16#8.53
-97.691,46.0744#28.31#63.06#8.63
-97.6299,46.0753#28.31#62.95#8.73999999999999
-97.5688,46.0761#28.31#62.85#8.84
-97.5076,46.0769#28.31#62.75#8.94
-97.4465,46.0777#28.31#62.63#9.06
-97.3854,46.0784#28.31#62.51#9.18000000000001
-97.3243,46.0792#28.31#62.4#9.29000000000001
-97.2631,46.0799#28.3#62.28#9.42
-97.202,46.0806#28.3#62.16#9.54000000000001
-97.1409,46.0812#28.3#62.04#9.66
-97.0797,46.0819#28.3#61.92#9.78
-97.0186,46.0826#28.3#61.8#9.90000000000001
-96.9575,46.0832#28.3#61.72#9.98
-96.8963,46.0838#28.3#61.64#10.06
-96.8352,46.0844#28.3#61.57#10.13
-96.774,46.0849#28.3#61.5#10.2
-96.7129,46.0855#28.3#61.43#10.27
-96.6518,46.086#28.3#61.35#10.35
-96.5906,46.0865#28.3#61.28#10.42
-96.5295,46.087#28.3#61.2#10.5
-96.4683,46.0875#28.3#61.09#10.61
-96.4072,46.0879#28.3#60.95#10.75
-96.3461,46.0883#28.3#60.81#10.89
-96.2849,46.0888#28.3#60.67#11.03
-96.2238,46.0891#28.3#60.53#11.17
-96.1626,46.0895#28.31#60.39#11.3
-96.1015,46.0899#28.31#60.25#11.44
-96.0403,46.0902#28.31#60.11#11.58
-95.9792,46.0905#28.31#59.97#11.72
-95.9181,46.0908#28.31#59.82#11.87
-95.8569,46.0911#28.31#59.67#12.02
-95.7958,46.0914#28.31#59.52#12.17
-95.7346,46.0916#28.31#59.37#12.32
-95.6735,46.0918#28.31#59.22#12.47
-95.6123,46.092#28.31#59.07#12.62
-95.5512,46.0922#28.31#58.92#12.77
-95.49,46.0924#28.31#58.77#12.92
-95.4289,46.0925#28.31#58.64#13.05
-95.3677,46.0926#28.31#58.51#13.18
-95.3066,46.0927#28.31#58.38#13.31
-95.2454,46.0928#28.31#58.25#13.44
-95.1843,46.0929#28.31#58.12#13.57
-95.1231,46.0929#28.31#57.99#13.7
-95.062,46.093#28.31#57.86#13.83
-95.0008,46.093#28.31#57.73#13.96
-94.9397,46.093#28.31#57.59#14.1
-94.8785,46.0929#28.31#57.45#14.24
-94.8174,46.0929#28.31#57.31#14.38
-94.7563,46.0928#28.31#57.17#14.52
-94.6951,46.0927#28.31#57.04#14.65
-94.634,46.0926#28.31#56.9#14.79
-94.5728,46.0925#28.31#56.76#14.93
-94.5117,46.0924#28.32#56.62#15.06
-94.4505,46.0922#28.32#56.49#15.19
-94.3894,46.092#28.32#56.35#15.33
-94.3282,46.0918#28.32#56.22#15.46
-94.2671,46.0916#28.32#56.08#15.6
-94.2059,46.0914#28.32#55.95#15.73
-94.1448,46.0911#28.32#55.82#15.86
-94.0836,46.0908#28.32#55.68#16
-94.0225,46.0905#28.32#55.55#16.13
-93.9613,46.0902#28.32#55.42#16.26
-93.9002,46.0899#28.33#55.3#16.37
-93.8391,46.0895#28.33#55.18#16.49
-93.7779,46.0892#28.33#55.06#16.61
-93.7168,46.0888#28.33#54.93#16.74
-93.6556,46.0884#28.34#54.81#16.85
-93.5945,46.0879#28.34#54.69#16.97
-93.5333,46.0875#28.34#54.57#17.09
-93.4722,46.087#28.35#54.45#17.2
-93.4111,46.0865#28.35#54.33#17.32
-93.3499,46.086#28.36#54.22#17.42
-93.2888,46.0855#28.37#54.11#17.52
-93.2276,46.0849#28.38#53.99#17.63
-93.1665,46.0844#28.39#53.88#17.73
-93.1054,46.0838#28.4#53.77#17.83
-93.0442,46.0832#28.41#53.65#17.94
-92.9831,46.0826#28.42#53.55#18.03
-92.922,46.0819#28.45#53.44#18.11
-92.8608,46.0813#28.47#53.34#18.19
-92.7997,46.0806#28.49#53.24#18.27
-92.7386,46.0799#28.51#53.14#18.35
-92.6774,46.0792#28.54#53.04#18.42
-92.6163,46.0784#28.56#52.94#18.5
-92.5552,46.0777#28.58#52.84#18.58
-92.494,46.0769#28.61#52.74#18.65
-92.4329,46.0761#28.64#52.66#18.7
-92.3718,46.0753#28.67#52.58#18.75
-92.3107,46.0745#28.7#52.5#18.8
-92.2495,46.0736#28.73#52.42#18.85
-92.1884,46.0728#28.76#52.33#18.91
-92.1273,46.0719#28.79#52.25#18.96
-92.0662,46.071#28.82#52.17#19.01
-92.0051,46.07#28.85#52.09#19.06
-91.9439,46.0691#28.89#52.04#19.07
-91.8828,46.0681#28.92#51.99#19.09
-91.8217,46.0671#28.96#51.94#19.1
-91.7606,46.0661#29#51.89#19.11
-91.6995,46.0651#29.03#51.84#19.13
-91.6384,46.0641#29.07#51.79#19.14
-91.5773,46.063#29.1#51.74#19.16
-91.5162,46.0619#29.14#51.69#19.17
-91.455,46.0608#29.16#51.66#19.18
-91.3939,46.0597#29.18#51.63#19.19
-91.3328,46.0586#29.2#51.59#19.21
-91.2717,46.0574#29.22#51.56#19.22
-91.2106,46.0562#29.23#51.53#19.24
-91.1495,46.055#29.25#51.5#19.25
-91.0884,46.0538#29.27#51.47#19.26
-91.0273,46.0526#29.29#51.43#19.28
-90.9662,46.0513#29.29#51.42#19.29
-90.9052,46.0501#29.29#51.41#19.3
-90.8441,46.0488#29.28#51.4#19.32
-90.783,46.0475#29.27#51.39#19.34
-90.7219,46.0461#29.27#51.39#19.34
-90.6608,46.0448#29.26#51.38#19.36
-90.5997,46.0434#29.25#51.37#19.38
-90.5386,46.042#29.25#51.36#19.39
-90.4775,46.0406#29.23#51.36#19.41
-90.4165,46.0392#29.2#51.36#19.44
-90.3554,46.0378#29.17#51.36#19.47
-90.2943,46.0363#29.14#51.36#19.5
-90.2332,46.0348#29.12#51.36#19.52
-90.1722,46.0333#29.09#51.36#19.55
-90.1111,46.0318#29.06#51.36#19.58
-90.05,46.0303#29.03#51.37#19.6
-89.989,46.0287#29#51.37#19.63
-89.9279,46.0271#28.95#51.38#19.67
-89.8668,46.0255#28.91#51.39#19.7
-89.8058,46.0239#28.86#51.4#19.74
-89.7447,46.0223#28.82#51.41#19.77
-89.6837,46.0206#28.77#51.42#19.81
-89.6226,46.0189#28.73#51.44#19.83
-89.5616,46.0173#28.68#51.45#19.87
-89.5005,46.0155#28.63#51.46#19.91
-89.4395,46.0138#28.59#51.49#19.92
-89.3784,46.0121#28.54#51.51#19.95
-89.3174,46.0103#28.49#51.54#19.97
-89.2563,46.0085#28.44#51.57#19.99
-89.1953,46.0067#28.39#51.6#20.01
-89.1343,46.0049#28.34#51.62#20.04
-89.0732,46.003#28.29#51.65#20.06
-89.0122,46.0012#28.25#51.68#20.07
-88.9512,45.9993#28.22#51.7#20.08
-88.8902,45.9974#28.19#51.71#20.1
-88.8291,45.9955#28.17#51.73#20.1
-88.7681,45.9935#28.14#51.74#20.12
-88.7071,45.9916#28.12#51.75#20.13
-88.6461,45.9896#28.1#51.77#20.13
-88.5851,45.9876#28.07#51.78#20.15
-88.5241,45.9856#28.05#51.8#20.15
-88.463,45.9835#28.04#51.8#20.16
-88.402,45.9815#28.03#51.8#20.17
-88.341,45.9794#28.02#51.79#20.19
-88.28,45.9773#28.01#51.79#20.2
-88.219,45.9752#28#51.79#20.21
-88.158,45.9731#27.99#51.78#20.23
-88.0971,45.9709#27.99#51.78#20.23
-88.0361,45.9687#27.98#51.77#20.25
-87.9751,45.9666#27.97#51.76#20.27
-87.9141,45.9643#27.97#51.74#20.29
-87.8531,45.9621#27.97#51.71#20.32
-87.7921,45.9599#27.96#51.68#20.36
-87.7312,45.9576#27.96#51.66#20.38
-87.6702,45.9553#27.96#51.63#20.41
-87.6092,45.953#27.95#51.6#20.45
-87.5483,45.9507#27.95#51.58#20.47
-87.4873,45.9484#27.95#51.55#20.5
-87.4263,45.946#27.95#51.49#20.56
-87.3654,45.9436#27.95#51.43#20.62
-87.3044,45.9412#27.95#51.38#20.67
-87.2435,45.9388#27.95#51.32#20.73
-87.1825,45.9364#27.95#51.27#20.78
-87.1216,45.9339#27.95#51.21#20.84
-87.0606,45.9314#27.95#51.16#20.89
-86.9997,45.9289#27.95#51.11#20.94
-86.9388,45.9264#27.95#51.06#20.99
-86.8778,45.9239#27.95#51.02#21.03
-86.8169,45.9213#27.95#50.98#21.07
-86.756,45.9188#27.95#50.94#21.11
-86.6951,45.9162#27.95#50.9#21.15
-86.6342,45.9136#27.95#50.85#21.2
-86.5732,45.9109#27.95#50.81#21.24
-86.5123,45.9083#27.95#50.77#21.28
-86.4514,45.9056#27.95#50.73#21.32
-86.3905,45.9029#27.95#50.69#21.36
-86.3296,45.9002#27.95#50.65#21.4
-104.529,45.9027#30.98#68.47#.549999999999997
-104.468,45.9056#30.88#68.41#.710000000000008
-104.407,45.9086#30.77#68.35#.88000000000001
-104.346,45.9115#30.65#68.29#1.06
-104.285,45.9144#30.54#68.22#1.24000000000001
-104.224,45.9173#30.42#68.16#1.42
-104.163,45.9202#30.31#68.1#1.59
-104.102,45.9231#30.19#68.04#1.77
-104.041,45.9259#30.08#67.97#1.95
-103.981,45.9287#29.98#67.9#2.11999999999999
-103.92,45.9315#29.91#67.81#2.28
-103.859,45.9343#29.85#67.73#2.41999999999999
-103.798,45.9371#29.78#67.64#2.58
-103.737,45.9398#29.72#67.55#2.73
-103.676,45.9426#29.65#67.46#2.89000000000001
-103.615,45.9453#29.59#67.38#3.03
-103.554,45.9479#29.52#67.29#3.19
-103.493,45.9506#29.46#67.2#3.34
-103.432,45.9533#29.41#67.11#3.48
-103.371,45.9559#29.36#67.02#3.62
-103.31,45.9585#29.31#66.93#3.75999999999999
-103.249,45.9611#29.25#66.84#3.91
-103.188,45.9637#29.2#66.75#4.05
-103.127,45.9662#29.15#66.66#4.19
-103.067,45.9687#29.1#66.57#4.33000000000001
-103.006,45.9713#29.05#66.48#4.47
-102.945,45.9738#29.01#66.38#4.61
-102.884,45.9762#28.98#66.29#4.72999999999999
-102.823,45.9787#28.94#66.19#4.87
-102.762,45.9811#28.9#66.09#5.00999999999999
-102.701,45.9835#28.86#66#5.14
-102.64,45.9859#28.82#65.91#5.27000000000001
-102.579,45.9883#28.78#65.81#5.41
-102.518,45.9907#28.74#65.72#5.54000000000001
-102.457,45.993#28.72#65.62#5.66
-102.396,45.9954#28.7#65.52#5.78
-102.335,45.9977#28.68#65.43#5.88999999999999
-102.274,45.9999#28.66#65.33#6.01000000000001
-102.213,46.0022#28.63#65.24#6.13000000000001
-102.152,46.0045#28.61#65.14#6.25
-102.091,46.0067#28.59#65.05#6.36
-102.03,46.0089#28.57#64.95#6.47999999999999
-101.969,46.0111#28.55#64.86#6.59
-101.908,46.0133#28.54#64.77#6.69
-101.847,46.0154#28.53#64.68#6.78999999999999
-101.786,46.0175#28.52#64.59#6.89
-101.725,46.0196#28.51#64.51#6.97999999999999
-101.664,46.0217#28.5#64.42#7.08
-101.603,46.0238#28.49#64.33#7.18000000000001
-101.542,46.0259#28.48#64.24#7.28
-101.481,46.0279#28.47#64.18#7.34999999999999
-101.42,46.0299#28.47#64.18#7.34999999999999
-101.358,46.0319#28.46#64.18#7.35999999999999
-101.297,46.0339#28.45#64.17#7.38
-101.236,46.0359#28.45#64.17#7.38
-101.175,46.0378#28.44#64.17#7.39
-101.114,46.0397#28.44#64.17#7.39
-101.053,46.0416#28.43#64.16#7.41
-100.992,46.0435#28.42#64.17#7.41
-100.931,46.0454#28.42#64.22#7.36
-100.87,46.0472#28.41#64.26#7.33
-100.809,46.0491#28.41#64.31#7.28
-100.748,46.0509#28.41#64.36#7.23
-100.687,46.0527#28.4#64.4#7.19999999999999
-100.626,46.0544#28.4#64.45#7.15000000000001
-100.565,46.0562#28.39#64.49#7.12
-100.504,46.0579#28.39#64.54#7.06999999999999
-100.443,46.0596#28.39#64.59#7.02
-100.382,46.0613#28.38#64.63#6.99000000000001
-100.32,46.063#28.38#64.68#6.94
-100.259,46.0646#28.38#64.73#6.89
-100.198,46.0663#28.37#64.78#6.84999999999999
-100.137,46.0679#28.37#64.83#6.8
-100.076,46.0695#28.37#64.89#6.73999999999999
-100.015,46.0711#28.37#64.94#6.69
-99.9539,46.0726#28.36#64.93#6.70999999999999
-99.8928,46.0742#28.36#64.9#6.73999999999999
-99.8317,46.0757#28.36#64.88#6.76000000000001
-99.7706,46.0772#28.36#64.85#6.79000000000001
-99.7095,46.0787#28.35#64.83#6.81999999999999
-99.6484,46.0801#28.35#64.81#6.84
-99.5873,46.0816#28.35#64.78#6.87
-99.5262,46.083#28.35#64.76#6.88999999999999
-99.4651,46.0844#28.34#64.72#6.94
-99.404,46.0858#28.34#64.68#6.97999999999999
-99.3429,46.0872#28.34#64.64#7.02
-99.2817,46.0885#28.34#64.59#7.06999999999999
-99.2206,46.0898#28.34#64.55#7.11
-99.1595,46.0911#28.33#64.51#7.16
-99.0984,46.0924#28.33#64.47#7.2
-99.0373,46.0937#28.33#64.43#7.23999999999999
-98.9761,46.095#28.33#64.37#7.3
-98.915,46.0962#28.33#64.29#7.38
-98.8539,46.0974#28.32#64.22#7.46000000000001
-98.7928,46.0986#28.32#64.14#7.53999999999999
-98.7316,46.0998#28.32#64.06#7.62
-98.6705,46.1009#28.32#63.99#7.69
