-98.0186,30.9008#60.77#27.7#11.53
-97.9656,30.9018#60.8#27.7#11.5
-97.9127,30.9028#60.82#27.71#11.47
-97.8598,30.9037#60.85#27.71#11.44
-97.8068,30.9047#60.87#27.71#11.42
-97.7539,30.9056#60.89#27.71#11.4
-97.701,30.9065#60.91#27.72#11.37
-97.6481,30.9074#60.94#27.72#11.34
-97.5951,30.9083#60.96#27.72#11.32
-97.5422,30.9092#60.98#27.72#11.3
-97.4893,30.91#61#27.73#11.27
-97.4363,30.9108#61.01#27.73#11.26
-97.3834,30.9117#61.01#27.73#11.26
-97.3304,30.9124#61.02#27.74#11.24
-97.2775,30.9132#61.02#27.74#11.24
-97.2246,30.914#61.03#27.74#11.23
-97.1716,30.9147#61.04#27.74#11.22
-97.1187,30.9154#61.04#27.75#11.21
-97.0657,30.9161#61.05#27.75#11.2
-97.0128,30.9168#61.05#27.75#11.2
-96.9599,30.9175#61.05#27.75#11.2
-96.9069,30.9181#61.05#27.76#11.19
-96.854,30.9187#61.04#27.76#11.2
-96.801,30.9194#61.04#27.76#11.2
-96.7481,30.92#61.04#27.76#11.2
-96.6951,30.9205#61.03#27.77#11.2
-96.6422,30.9211#61.03#27.77#11.2
-96.5893,30.9216#61.03#27.77#11.2
-96.5363,30.9222#61.02#27.77#11.21
-96.4834,30.9227#61.01#27.77#11.22
-96.4304,30.9232#61#27.78#11.22
-96.3775,30.9236#60.98#27.78#11.24
-96.3245,30.9241#60.97#27.78#11.25
-96.2716,30.9245#60.95#27.78#11.27
-96.2186,30.9249#60.93#27.79#11.28
-96.1657,30.9253#60.92#27.79#11.29
-96.1127,30.9257#60.9#27.79#11.31
-96.0598,30.9261#60.89#27.79#11.32
-96.0068,30.9264#60.87#27.8#11.33
-95.9539,30.9267#60.85#27.8#11.35
-95.9009,30.9271#60.82#27.8#11.38
-95.848,30.9273#60.8#27.81#11.39
-95.795,30.9276#60.77#27.81#11.42
-95.7421,30.9279#60.75#27.81#11.44
-95.6891,30.9281#60.72#27.82#11.46
-95.6362,30.9283#60.7#27.82#11.48
-95.5832,30.9285#60.67#27.82#11.51
-95.5303,30.9287#60.65#27.83#11.52
-95.4773,30.9289#60.62#27.83#11.55
-95.4244,30.9291#60.6#27.85#11.55
-95.3714,30.9292#60.57#27.86#11.57
-95.3185,30.9293#60.54#27.87#11.59
-95.2655,30.9294#60.52#27.89#11.59
-95.2125,30.9295#60.49#27.9#11.61
-95.1596,30.9295#60.46#27.92#11.62
-95.1066,30.9296#60.44#27.93#11.63
-95.0537,30.9296#60.41#27.94#11.65
-95.0007,30.9296#60.39#27.96#11.65
-94.9478,30.9296#60.35#27.97#11.68
-94.8948,30.9296#60.32#27.99#11.69
-94.8419,30.9295#60.29#28.01#11.7
-94.7889,30.9295#60.26#28.03#11.71
-94.736,30.9294#60.23#28.05#11.72
-94.683,30.9293#60.2#28.06#11.74
-94.6301,30.9292#60.17#28.08#11.75
-94.5771,30.9291#60.14#28.1#11.76
-94.5242,30.9289#60.11#28.12#11.77
-94.4712,30.9287#60.08#28.14#11.78
-94.4183,30.9286#60.05#28.17#11.78
-94.3653,30.9283#60.02#28.2#11.78
-94.3123,30.9281#59.99#28.22#11.79
-94.2594,30.9279#59.96#28.25#11.79
-94.2064,30.9276#59.93#28.28#11.79
-94.1535,30.9274#59.9#28.3#11.8
-94.1005,30.9271#59.87#28.33#11.8
-94.0476,30.9268#59.84#28.36#11.8
-93.9946,30.9264#59.82#28.39#11.79
-93.9417,30.9261#59.78#28.4#11.82
-93.8887,30.9257#59.75#28.42#11.83
-93.8358,30.9253#59.72#28.44#11.84
-93.7828,30.9249#59.69#28.45#11.86
-93.7299,30.9245#59.66#28.47#11.87
-93.6769,30.9241#59.62#28.49#11.89
-93.624,30.9236#59.59#28.5#11.91
-93.571,30.9232#59.56#28.52#11.92
-93.5181,30.9227#59.53#28.54#11.93
-93.4652,30.9222#59.5#28.54#11.96
-93.4122,30.9216#59.46#28.54#12
-93.3593,30.9211#59.43#28.54#12.03
-93.3063,30.9205#59.39#28.55#12.06
-93.2534,30.92#59.36#28.55#12.09
-93.2004,30.9194#59.32#28.55#12.13
-93.1475,30.9188#59.29#28.55#12.16
-93.0945,30.9181#59.25#28.55#12.2
-93.0416,30.9175#59.22#28.55#12.23
-92.9887,30.9168#59.18#28.55#12.27
-92.9357,30.9161#59.13#28.55#12.32
-92.8828,30.9154#59.07#28.54#12.39
-92.8298,30.9147#59.01#28.54#12.45
-92.7769,30.914#58.96#28.54#12.5
-92.724,30.9132#58.9#28.53#12.57
-92.671,30.9125#58.85#28.53#12.62
-92.6181,30.9117#58.79#28.52#12.69
-92.5651,30.9109#58.74#28.52#12.74
-92.5122,30.91#58.68#28.52#12.8
-92.4593,30.9092#58.63#28.51#12.86
-92.4063,30.9083#58.57#28.51#12.92
-92.3534,30.9075#58.51#28.5#12.99
-92.3005,30.9066#58.46#28.5#13.04
-92.2475,30.9057#58.4#28.49#13.11
-92.1946,30.9047#58.35#28.49#13.16
-92.1417,30.9038#58.29#28.48#13.23
-92.0888,30.9028#58.24#28.48#13.28
-92.0358,30.9018#58.18#28.47#13.35
-91.9829,30.9008#58.12#28.47#13.41
-99.8722,30.9#57.86#27.61#14.53
-99.8193,30.9016#57.97#27.61#14.42
-99.7664,30.9032#58.08#27.61#14.31
-99.7135,30.9048#58.19#27.61#14.2
-99.6606,30.9063#58.29#27.62#14.09
-99.6077,30.9079#58.4#27.62#13.98
-99.5548,30.9094#58.51#27.62#13.87
-99.5019,30.9109#58.62#27.63#13.75
-99.4489,30.9124#58.71#27.63#13.66
-99.396,30.9139#58.8#27.63#13.57
-99.3431,30.9154#58.89#27.63#13.48
-99.2902,30.9168#58.98#27.64#13.38
-99.2373,30.9183#59.07#27.64#13.29
-99.1843,30.9197#59.16#27.64#13.2
-99.1314,30.9211#59.25#27.65#13.1
-99.0785,30.9224#59.34#27.65#13.01
-99.0256,30.9238#59.44#27.65#12.91
-98.9726,30.9251#59.51#27.65#12.84
-98.9197,30.9265#59.57#27.66#12.77
-98.8668,30.9278#59.63#27.66#12.71
-98.8138,30.9291#59.69#27.66#12.65
-98.7609,30.9303#59.75#27.67#12.58
-98.708,30.9316#59.81#27.67#12.52
-98.655,30.9328#59.88#27.67#12.45
-98.6021,30.934#59.94#27.67#12.39
-98.5492,30.9352#60#27.68#12.32
-98.4962,30.9364#60.06#27.68#12.26
-98.4433,30.9376#60.11#27.68#12.21
-98.3904,30.9387#60.16#27.69#12.15
-98.3374,30.9398#60.21#27.69#12.1
-98.2845,30.9409#60.26#27.69#12.05
-98.2315,30.942#60.31#27.69#12
-98.1786,30.9431#60.36#27.7#11.94
-98.1256,30.9442#60.41#27.7#11.89
-98.0727,30.9452#60.46#27.7#11.84
-98.0197,30.9462#60.51#27.71#11.78
-97.9668,30.9472#60.55#27.71#11.74
-97.9138,30.9482#60.57#27.71#11.72
-97.8609,30.9492#60.6#27.71#11.69
-97.8079,30.9501#60.62#27.72#11.66
-97.755,30.9511#60.64#27.72#11.64
-97.702,30.952#60.67#27.72#11.61
-97.6491,30.9529#60.69#27.72#11.59
-97.5961,30.9537#60.72#27.73#11.55
-97.5432,30.9546#60.74#27.73#11.53
-97.4902,30.9555#60.76#27.73#11.51
-97.4373,30.9563#60.77#27.74#11.49
-97.3843,30.9571#60.78#27.74#11.48
-97.3314,30.9579#60.78#27.74#11.48
-97.2784,30.9586#60.79#27.74#11.47
-97.2254,30.9594#60.8#27.75#11.45
-97.1725,30.9601#60.81#27.75#11.44
-97.1195,30.9609#60.81#27.75#11.44
-97.0666,30.9616#60.82#27.75#11.43
-97.0136,30.9622#60.83#27.76#11.41
-96.9606,30.9629#60.83#27.76#11.41
-96.9077,30.9636#60.82#27.76#11.42
-96.8547,30.9642#60.82#27.76#11.42
-96.8017,30.9648#60.82#27.77#11.41
-96.7488,30.9654#60.81#27.77#11.42
-96.6958,30.966#60.81#27.77#11.42
-96.6428,30.9665#60.81#27.77#11.42
-96.5899,30.9671#60.81#27.78#11.41
-96.5369,30.9676#60.8#27.78#11.42
-96.4839,30.9681#60.8#27.78#11.42
-96.431,30.9686#60.78#27.78#11.44
-96.378,30.9691#60.77#27.78#11.45
-96.325,30.9695#60.75#27.79#11.46
-96.2721,30.9699#60.73#27.79#11.48
-96.2191,30.9704#60.72#27.79#11.49
-96.1661,30.9708#60.7#27.79#11.51
-96.1132,30.9711#60.69#27.8#11.51
-96.0602,30.9715#60.67#27.8#11.53
-96.0072,30.9719#60.66#27.8#11.54
-95.9542,30.9722#60.63#27.8#11.57
-95.9013,30.9725#60.61#27.81#11.58
-95.8483,30.9728#60.58#27.81#11.61
-95.7953,30.9731#60.56#27.81#11.63
-95.7424,30.9733#60.53#27.82#11.65
-95.6894,30.9736#60.5#27.82#11.68
-95.6364,30.9738#60.48#27.82#11.7
-95.5834,30.974#60.45#27.83#11.72
-95.5305,30.9742#60.43#27.83#11.74
-95.4775,30.9743#60.4#27.84#11.76
-95.4245,30.9745#60.37#27.85#11.78
-95.3715,30.9746#60.34#27.86#11.8
-95.3186,30.9747#60.32#27.87#11.81
-95.2656,30.9748#60.29#27.89#11.82
-95.2126,30.9749#60.26#27.9#11.84
-95.1597,30.975#60.23#27.91#11.86
-95.1067,30.975#60.2#27.92#11.88
-95.0537,30.9751#60.18#27.94#11.88
-95.0007,30.9751#60.15#27.95#11.9
-94.9478,30.9751#60.12#27.97#11.91
-94.8948,30.975#60.08#27.99#11.93
-94.8418,30.975#60.05#28#11.95
-94.7888,30.9749#60.02#28.02#11.96
-94.7359,30.9748#59.98#28.04#11.98
-94.6829,30.9747#59.95#28.06#11.99
-94.6299,30.9746#59.92#28.07#12.01
-94.5769,30.9745#59.89#28.09#12.02
-94.524,30.9743#59.85#28.11#12.04
-94.471,30.9742#59.82#28.13#12.05
-94.418,30.974#59.79#28.16#12.05
-94.3651,30.9738#59.76#28.18#12.06
-94.3121,30.9736#59.73#28.21#12.06
-94.2591,30.9733#59.69#28.24#12.07
-94.2061,30.9731#59.66#28.26#12.08
-94.1532,30.9728#59.63#28.29#12.08
-94.1002,30.9725#59.6#28.32#12.08
-94.0472,30.9722#59.57#28.34#12.09
-93.9942,30.9719#59.54#28.37#12.09
-93.9413,30.9715#59.5#28.39#12.11
-93.8883,30.9712#59.47#28.4#12.13
-93.8353,30.9708#59.43#28.42#12.15
-93.7824,30.9704#59.4#28.44#12.16
-93.7294,30.97#59.36#28.46#12.18
-93.6764,30.9695#59.33#28.48#12.19
-93.6235,30.9691#59.3#28.49#12.21
-93.5705,30.9686#59.26#28.51#12.23
-93.5175,30.9681#59.23#28.53#12.24
-93.4646,30.9676#59.19#28.54#12.27
-93.4116,30.9671#59.15#28.54#12.31
-93.3586,30.9665#59.12#28.54#12.34
-93.3057,30.966#59.08#28.55#12.37
-93.2527,30.9654#59.04#28.55#12.41
-93.1997,30.9648#59.01#28.55#12.44
-93.1468,30.9642#58.97#28.55#12.48
-93.0938,30.9636#58.93#28.55#12.52
-93.0408,30.9629#58.9#28.56#12.54
-92.9879,30.9623#58.86#28.56#12.58
-92.9349,30.9616#58.8#28.55#12.65
-92.8819,30.9609#58.75#28.55#12.7
-92.829,30.9602#58.69#28.55#12.76
-92.776,30.9594#58.63#28.54#12.83
-92.7231,30.9587#58.58#28.54#12.88
-92.6701,30.9579#58.52#28.54#12.94
-92.6172,30.9571#58.47#28.53#13
-92.5642,30.9563#58.41#28.53#13.06
-92.5112,30.9555#58.36#28.52#13.12
-92.4583,30.9546#58.3#28.52#13.18
-92.4053,30.9538#58.25#28.51#13.24
-92.3524,30.9529#58.19#28.51#13.3
-92.2994,30.952#58.13#28.5#13.37
-92.2465,30.9511#58.08#28.5#13.42
-92.1935,30.9502#58.02#28.5#13.48
-92.1406,30.9492#57.97#28.49#13.54
-92.0876,30.9482#57.91#28.49#13.6
-92.0347,30.9473#57.86#28.48#13.66
-91.9817,30.9462#57.8#28.48#13.72
-91.9288,30.9452#57.74#28.47#13.79
-91.8758,30.9442#57.69#28.47#13.84
-91.8229,30.9431#57.63#28.46#13.91
-91.7699,30.9421#57.58#28.46#13.96
-91.717,30.941#57.52#28.46#14.02
-91.6641,30.9399#57.47#28.45#14.08
-91.6111,30.9387#57.41#28.45#14.14
-91.5582,30.9376#57.36#28.44#14.2
-91.5052,30.9364#57.31#28.44#14.25
-91.4523,30.9353#57.25#28.43#14.32
-91.3994,30.9341#57.2#28.43#14.37
-91.3464,30.9328#57.14#28.42#14.44
-91.2935,30.9316#57.09#28.42#14.49
-91.2405,30.9304#57.03#28.41#14.56
-91.1876,30.9291#56.98#28.41#14.61
-91.1347,30.9278#56.92#28.4#14.68
-91.0818,30.9265#56.87#28.4#14.73
-91.0288,30.9252#56.82#28.39#14.79
-90.9759,30.9238#56.76#28.39#14.85
-90.923,30.9225#56.7#28.37#14.93
-90.87,30.9211#56.64#28.36#15
-90.8171,30.9197#56.58#28.34#15.08
-90.7642,30.9183#56.52#28.33#15.15
-90.7113,30.9169#56.45#28.32#15.23
-90.6584,30.9154#56.39#28.3#15.31
-90.6054,30.914#56.33#28.29#15.38
-90.5525,30.9125#56.27#28.27#15.46
-90.4996,30.911#56.21#28.26#15.53
-90.4467,30.9095#56.15#28.24#15.61
-90.3938,30.9079#56.1#28.22#15.68
-90.3409,30.9064#56.04#28.21#15.75
-90.288,30.9048#55.98#28.19#15.83
-90.235,30.9032#55.93#28.17#15.9
-90.1821,30.9016#55.87#28.15#15.98
-90.1292,30.9#55.81#28.13#16.06
-101.144,30.9011#54.62#27.55#17.83
-101.091,30.9031#54.77#27.55#17.68
-101.038,30.9052#54.93#27.55#17.52
-100.985,30.9072#55.08#27.56#17.36
-100.932,30.9092#55.24#27.56#17.2
-100.879,30.9111#55.41#27.56#17.03
-100.827,30.9131#55.57#27.56#16.87
-100.774,30.915#55.73#27.56#16.71
-100.721,30.917#55.89#27.57#16.54
-100.668,30.9189#56.04#27.57#16.39
-100.615,30.9208#56.2#27.57#16.23
-100.562,30.9226#56.36#27.57#16.07
-100.509,30.9245#56.52#27.58#15.9
-100.456,30.9263#56.62#27.58#15.8
-100.403,30.9282#56.7#27.58#15.72
-100.35,30.93#56.79#27.59#15.62
-100.297,30.9317#56.87#27.59#15.54
-100.245,30.9335#56.96#27.59#15.45
-100.192,30.9352#57.05#27.59#15.36
-100.139,30.937#57.14#27.6#15.26
-100.086,30.9387#57.22#27.6#15.18
-100.033,30.9404#57.31#27.6#15.09
-99.98,30.9421#57.41#27.6#14.99
-99.9271,30.9437#57.51#27.61#14.88
-99.8741,30.9454#57.62#27.61#14.77
-99.8212,30.947#57.72#27.61#14.67
-99.7683,30.9486#57.83#27.62#14.55
-99.7153,30.9502#57.94#27.62#14.44
-99.6624,30.9518#58.04#27.62#14.34
-99.6095,30.9533#58.15#27.63#14.22
-99.5566,30.9548#58.25#27.63#14.12
-99.5036,30.9564#58.36#27.63#14.01
-99.4507,30.9579#58.45#27.63#13.92
-99.3977,30.9593#58.54#27.64#13.82
-99.3448,30.9608#58.63#27.64#13.73
-99.2919,30.9623#58.72#27.64#13.64
-99.2389,30.9637#58.81#27.65#13.54
-99.186,30.9651#58.9#27.65#13.45
-99.133,30.9665#58.99#27.65#13.36
-99.0801,30.9679#59.08#27.65#13.27
-99.0271,30.9692#59.17#27.66#13.17
-98.9742,30.9706#59.25#27.66#13.09
-98.9212,30.9719#59.31#27.66#13.03
-98.8683,30.9732#59.37#27.67#12.96
-98.8153,30.9745#59.43#27.67#12.9
-98.7624,30.9757#59.49#27.67#12.84
-98.7094,30.977#59.55#27.67#12.78
-98.6565,30.9782#59.61#27.68#12.71
-98.6035,30.9794#59.68#27.68#12.64
-98.5506,30.9806#59.74#27.68#12.58
-98.4976,30.9818#59.8#27.69#12.51
-98.4446,30.983#59.85#27.69#12.46
-98.3917,30.9841#59.9#27.69#12.41
-98.3387,30.9853#59.95#27.69#12.36
-98.2858,30.9864#60#27.7#12.3
-98.2328,30.9875#60.05#27.7#12.25
-98.1798,30.9885#60.11#27.7#12.19
-98.1269,30.9896#60.16#27.7#12.14
-98.0739,30.9906#60.21#27.71#12.08
-98.0209,30.9916#60.26#27.71#12.03
-97.968,30.9926#60.3#27.71#11.99
-97.915,30.9936#60.32#27.72#11.96
-97.862,30.9946#60.35#27.72#11.93
-97.809,30.9956#60.37#27.72#11.91
-97.7561,30.9965#60.4#27.72#11.88
-97.7031,30.9974#60.42#27.73#11.85
-97.6501,30.9983#60.45#27.73#11.82
-97.5972,30.9992#60.47#27.73#11.8
-97.5442,31#60.5#27.73#11.77
-97.4912,31.0009#60.52#27.74#11.74
-97.4382,31.0017#60.53#27.74#11.73
-97.3852,31.0025#60.54#27.74#11.72
-97.3323,31.0033#60.55#27.75#11.7
-97.2793,31.0041#60.56#27.75#11.69
-97.2263,31.0048#60.57#27.75#11.68
-97.1733,31.0056#60.57#27.75#11.68
-97.1203,31.0063#60.58#27.76#11.66
-97.0674,31.007#60.59#27.76#11.65
-97.0144,31.0077#60.6#27.76#11.64
-96.9614,31.0083#60.6#27.76#11.64
-96.9084,31.009#60.6#27.77#11.63
-96.8554,31.0096#60.6#27.77#11.63
-96.8024,31.0102#60.6#27.77#11.63
-96.7495,31.0108#60.59#27.77#11.64
-96.6965,31.0114#60.59#27.78#11.63
-96.6435,31.012#60.59#27.78#11.63
-96.5905,31.0125#60.59#27.78#11.63
-96.5375,31.013#60.58#27.78#11.64
-96.4845,31.0135#60.58#27.79#11.63
-96.4315,31.014#60.56#27.79#11.65
-96.3785,31.0145#60.55#27.79#11.66
-96.3256,31.0149#60.53#27.79#11.68
-96.2726,31.0154#60.52#27.79#11.69
-96.2196,31.0158#60.5#27.8#11.7
-96.1666,31.0162#60.49#27.8#11.71
-96.1136,31.0166#60.48#27.8#11.72
-96.0606,31.0169#60.46#27.8#11.74
-96.0076,31.0173#60.45#27.81#11.74
-95.9546,31.0176#60.42#27.81#11.77
-95.9016,31.0179#60.39#27.81#11.8
-95.8486,31.0182#60.37#27.82#11.81
-95.7956,31.0185#60.34#27.82#11.84
-95.7426,31.0188#60.31#27.82#11.87
-95.6897,31.019#60.28#27.82#11.9
-95.6367,31.0192#60.26#27.83#11.91
-95.5837,31.0194#60.23#27.83#11.94
-95.5307,31.0196#60.2#27.83#11.97
-95.4777,31.0198#60.18#27.84#11.98
-95.4247,31.0199#60.15#27.85#12
-95.3717,31.0201#60.12#27.86#12.02
-95.3187,31.0202#60.09#27.87#12.04
-95.2657,31.0203#60.06#27.89#12.05
-95.2127,31.0204#60.03#27.9#12.07
-95.1597,31.0204#60#27.91#12.09
-95.1067,31.0205#59.97#27.92#12.11
-95.0537,31.0205#59.94#27.93#12.13
-95.0007,31.0205#59.91#27.94#12.15
-94.9477,31.0205#59.88#27.96#12.16
-94.8947,31.0205#59.84#27.98#12.18
-94.8417,31.0204#59.81#27.99#12.2
-94.7888,31.0204#59.77#28.01#12.22
-94.7358,31.0203#59.74#28.03#12.23
-94.6828,31.0202#59.7#28.05#12.25
-94.6298,31.0201#59.67#28.07#12.26
-94.5768,31.0199#59.63#28.08#12.29
-94.5238,31.0198#59.6#28.1#12.3
-94.4708,31.0196#59.56#28.12#12.32
-94.4178,31.0194#59.53#28.15#12.32
-94.3648,31.0192#59.5#28.17#12.33
-94.3118,31.019#59.46#28.2#12.34
-94.2588,31.0188#59.43#28.22#12.35
-94.2058,31.0185#59.4#28.25#12.35
-94.1528,31.0182#59.36#28.27#12.37
-94.0998,31.0179#59.33#28.3#12.37
-94.0468,31.0176#59.3#28.32#12.38
-93.9939,31.0173#59.26#28.35#12.39
-93.9409,31.017#59.22#28.37#12.41
-93.8879,31.0166#59.19#28.39#12.42
-93.8349,31.0162#59.15#28.41#12.44
-93.7819,31.0158#59.11#28.43#12.46
-93.7289,31.0154#59.07#28.45#12.48
-93.6759,31.015#59.04#28.47#12.49
-93.6229,31.0145#59#28.48#12.52
-93.5699,31.014#58.96#28.5#12.54
-93.5169,31.0135#58.92#28.52#12.56
-93.464,31.013#58.89#28.53#12.58
-93.411,31.0125#58.85#28.54#12.61
-93.358,31.012#58.81#28.54#12.65
-93.305,31.0114#58.77#28.54#12.69
-93.252,31.0108#58.73#28.55#12.72
-93.199,31.0102#58.69#28.55#12.76
-93.146,31.0096#58.65#28.56#12.79
-93.0931,31.009#58.61#28.56#12.83
-93.0401,31.0084#58.57#28.56#12.87
-92.9871,31.0077#58.53#28.56#12.91
-92.9341,31.007#58.48#28.56#12.96
-92.8811,31.0063#58.42#28.56#13.02
-92.8281,31.0056#58.37#28.55#13.08
-92.7752,31.0048#58.31#28.55#13.14
-92.7222,31.0041#58.25#28.55#13.2
-92.6692,31.0033#58.2#28.54#13.26
-92.6162,31.0025#58.14#28.54#13.32
-92.5632,31.0017#58.09#28.54#13.37
-92.5103,31.0009#58.03#28.53#13.44
-92.4573,31.0001#57.98#28.53#13.49
-92.4043,30.9992#57.92#28.52#13.56
-92.3513,30.9983#57.87#28.52#13.61
-92.2984,30.9974#57.81#28.51#13.68
-92.2454,30.9965#57.75#28.51#13.74
-92.1924,30.9956#57.7#28.5#13.8
-92.1394,30.9946#57.64#28.5#13.86
-92.0865,30.9937#57.59#28.49#13.92
-92.0335,30.9927#57.53#28.49#13.98
-91.9805,30.9917#57.48#28.48#14.04
-91.9276,30.9907#57.42#28.48#14.1
-91.8746,30.9896#57.37#28.48#14.15
-91.8216,30.9886#57.31#28.47#14.22
-91.7687,30.9875#57.25#28.47#14.28
-91.7157,30.9864#57.2#28.46#14.34
-91.6627,30.9853#57.14#28.46#14.4
-91.6098,30.9842#57.09#28.45#14.46
-91.5568,30.983#57.04#28.45#14.51
-91.5039,30.9819#56.98#28.45#14.57
-91.4509,30.9807#56.93#28.44#14.63
-91.3979,30.9795#56.87#28.44#14.69
-91.345,30.9783#56.82#28.43#14.75
-91.292,30.977#56.76#28.43#14.81
-91.2391,30.9758#56.71#28.42#14.87
-91.1861,30.9745#56.65#28.42#14.93
-91.1332,30.9732#56.6#28.41#14.99
-91.0802,30.9719#56.54#28.41#15.05
-91.0273,30.9706#56.49#28.4#15.11
-90.9743,30.9693#56.43#28.39#15.18
-90.9214,30.9679#56.37#28.38#15.25
-90.8684,30.9665#56.31#28.37#15.32
-90.8155,30.9651#56.25#28.35#15.4
-90.7625,30.9637#56.19#28.34#15.47
-90.7096,30.9623#56.13#28.33#15.54
-90.6567,30.9608#56.07#28.31#15.62
-90.6037,30.9594#56.01#28.3#15.69
-90.5508,30.9579#55.95#28.29#15.76
-90.4978,30.9564#55.89#28.27#15.84
-90.4449,30.9549#55.83#28.26#15.91
-90.392,30.9533#55.77#28.24#15.99
-90.339,30.9518#55.72#28.22#16.06
-90.2861,30.9502#55.66#28.2#16.14
-90.2332,30.9486#55.6#28.19#16.21
-90.1803,30.947#55.55#28.17#16.28
-90.1273,30.9454#55.49#28.15#16.36
-90.0744,30.9438#55.44#28.13#16.43
-90.0215,30.9421#55.38#28.11#16.51
-89.9686,30.9404#55.32#28.09#16.59
-89.9156,30.9387#55.27#28.06#16.67
-89.8627,30.937#55.22#28.04#16.74
-89.8098,30.9353#55.16#28.01#16.83
-89.7569,30.9335#55.11#27.99#16.9
-89.704,30.9318#55.05#27.96#16.99
-89.6511,30.93#55#27.93#17.07
-89.5981,30.9282#54.95#27.91#17.14
-89.5452,30.9264#54.89#27.88#17.23
-89.4923,30.9245#54.84#27.85#17.31
-89.4394,30.9227#54.79#27.83#17.38
-89.3865,30.9208#54.75#27.81#17.44
-89.3336,30.9189#54.7#27.79#17.51
-89.2807,30.917#54.65#27.77#17.58
-89.2278,30.9151#54.61#27.75#17.64
-89.1749,30.9132#54.56#27.73#17.71
-89.122,30.9112#54.51#27.71#17.78
-89.0691,30.9092#54.46#27.69#17.85
-89.0162,30.9072#54.42#27.67#17.91
-88.9633,30.9052#54.38#27.66#17.96
-88.9105,30.9032#54.34#27.65#18.01
-88.8576,30.9011#54.3#27.64#18.06
-102.204,30.9018#51.25#27.59#21.16
-102.151,30.9042#51.49#27.58#20.93
-102.098,30.9065#51.72#27.57#20.71
-102.045,30.9089#51.95#27.56#20.49
-101.993,30.9113#52.17#27.56#20.27
-101.94,30.9136#52.31#27.56#20.13
-101.887,30.9159#52.44#27.55#20.01
-101.834,30.9182#52.57#27.55#19.88
-101.781,30.9205#52.71#27.55#19.74
-101.728,30.9228#52.84#27.55#19.61
-101.675,30.925#52.97#27.55#19.48
-101.622,30.9272#53.11#27.55#19.34
-101.569,30.9294#53.24#27.55#19.21
-101.517,30.9316#53.37#27.55#19.08
-101.464,30.9338#53.52#27.55#18.93
-101.411,30.936#53.68#27.55#18.77
-101.358,30.9381#53.83#27.55#18.62
-101.305,30.9402#53.98#27.55#18.47
-101.252,30.9423#54.14#27.55#18.31
-101.199,30.9444#54.29#27.55#18.16
-101.146,30.9465#54.44#27.56#18
-101.093,30.9485#54.6#27.56#17.84
-101.04,30.9506#54.75#27.56#17.69
-100.988,30.9526#54.9#27.56#17.54
-100.935,30.9546#55.06#27.56#17.38
-100.882,30.9565#55.21#27.57#17.22
-100.829,30.9585#55.36#27.57#17.07
-100.776,30.9604#55.52#27.57#16.91
-100.723,30.9624#55.67#27.57#16.76
-100.67,30.9643#55.82#27.58#16.6
-100.617,30.9662#55.97#27.58#16.45
-100.564,30.968#56.12#27.58#16.3
-100.511,30.9699#56.27#27.58#16.15
-100.458,30.9717#56.37#27.58#16.05
-100.405,30.9736#56.46#27.59#15.95
-100.352,30.9754#56.54#27.59#15.87
-100.3,30.9771#56.63#27.59#15.78
-100.247,30.9789#56.72#27.6#15.68
-100.194,30.9807#56.81#27.6#15.59
-100.141,30.9824#56.9#27.6#15.5
-100.088,30.9841#56.98#27.6#15.42
-100.035,30.9858#57.07#27.61#15.32
-99.9819,30.9875#57.17#27.61#15.22
-99.929,30.9891#57.27#27.61#15.12
-99.876,30.9908#57.38#27.62#15
-99.8231,30.9924#57.48#27.62#14.9
-99.7701,30.994#57.58#27.62#14.8
-99.7172,30.9956#57.69#27.62#14.69
-99.6642,30.9972#57.79#27.63#14.58
-99.6113,30.9987#57.89#27.63#14.48
-99.5583,31.0003#58#27.63#14.37
-99.5054,31.0018#58.1#27.64#14.26
-99.4524,31.0033#58.19#27.64#14.17
-99.3995,31.0048#58.28#27.64#14.08
-99.3465,31.0062#58.37#27.64#13.99
-99.2935,31.0077#58.46#27.65#13.89
-99.2406,31.0091#58.55#27.65#13.8
-99.1876,31.0105#58.64#27.65#13.71
-99.1346,31.0119#58.73#27.66#13.61
-99.0817,31.0133#58.82#27.66#13.52
-99.0287,31.0146#58.91#27.66#13.43
-98.9757,31.016#58.99#27.66#13.35
-98.9228,31.0173#59.05#27.67#13.28
-98.8698,31.0186#59.11#27.67#13.22
-98.8168,31.0199#59.17#27.67#13.16
-98.7639,31.0212#59.23#27.68#13.09
-98.7109,31.0224#59.29#27.68#13.03
-98.6579,31.0236#59.35#27.68#12.97
-98.6049,31.0249#59.41#27.68#12.91
-98.5519,31.0261#59.48#27.69#12.83
-98.499,31.0272#59.54#27.69#12.77
-98.446,31.0284#59.59#27.69#12.72
-98.393,31.0295#59.64#27.7#12.66
-98.34,31.0307#59.69#27.7#12.61
-98.287,31.0318#59.74#27.7#12.56
-98.2341,31.0329#59.8#27.7#12.5
-98.1811,31.034#59.85#27.71#12.44
-98.1281,31.035#59.9#27.71#12.39
-98.0751,31.036#59.95#27.71#12.34
-98.0221,31.0371#60.01#27.72#12.27
-97.9691,31.0381#60.04#27.72#12.24
-97.9161,31.0391#60.07#27.72#12.21
-97.8631,31.04#60.1#27.72#12.18
-97.8101,31.041#60.12#27.73#12.15
-97.7571,31.0419#60.15#27.73#12.12
-97.7042,31.0428#60.18#27.73#12.09
-97.6512,31.0437#60.2#27.73#12.07
-97.5982,31.0446#60.23#27.74#12.03
-97.5452,31.0455#60.26#27.74#12
-97.4922,31.0463#60.28#27.74#11.98
-97.4392,31.0471#60.29#27.75#11.96
-97.3862,31.0479#60.3#27.75#11.95
-97.3332,31.0487#60.31#27.75#11.94
-97.2802,31.0495#60.32#27.75#11.93
-97.2272,31.0503#60.33#27.76#11.91
-97.1742,31.051#60.34#27.76#11.9
-97.1212,31.0517#60.36#27.76#11.88
-97.0682,31.0524#60.37#27.76#11.87
-97.0152,31.0531#60.38#27.77#11.85
-96.9622,31.0538#60.38#27.77#11.85
-96.9092,31.0544#60.38#27.77#11.85
-96.8562,31.055#60.38#27.77#11.85
-96.8031,31.0557#60.37#27.78#11.85
-96.7501,31.0562#60.37#27.78#11.85
-96.6971,31.0568#60.37#27.78#11.85
-96.6441,31.0574#60.37#27.78#11.85
-96.5911,31.0579#60.37#27.79#11.84
-96.5381,31.0585#60.37#27.79#11.84
-96.4851,31.059#60.36#27.79#11.85
-96.4321,31.0594#60.35#27.79#11.86
-96.3791,31.0599#60.33#27.8#11.87
-96.3261,31.0604#60.32#27.8#11.88
-96.2731,31.0608#60.3#27.8#11.9
-96.2201,31.0612#60.29#27.8#11.91
-96.167,31.0616#60.28#27.8#11.92
-96.114,31.062#60.26#27.81#11.93
-96.061,31.0624#60.25#27.81#11.94
-96.008,31.0627#60.23#27.81#11.96
-95.955,31.063#60.21#27.81#11.98
-95.902,31.0634#60.18#27.82#12
-95.849,31.0636#60.15#27.82#12.03
-95.796,31.0639#60.12#27.82#12.06
-95.7429,31.0642#60.09#27.83#12.08
-95.6899,31.0644#60.07#27.83#12.1
-95.6369,31.0646#60.04#27.83#12.13
-95.5839,31.0648#60.01#27.83#12.16
-95.5309,31.065#59.98#27.84#12.18
-95.4779,31.0652#59.95#27.84#12.21
-95.4249,31.0654#59.92#27.85#12.23
-95.3718,31.0655#59.89#27.86#12.25
-95.3188,31.0656#59.86#27.87#12.27
-95.2658,31.0657#59.83#27.88#12.29
-95.2128,31.0658#59.8#27.89#12.31
-95.1598,31.0658#59.77#27.9#12.33
-95.1068,31.0659#59.74#27.91#12.35
-95.0537,31.0659#59.71#27.92#12.37
-95.0007,31.0659#59.68#27.93#12.39
-94.9477,31.0659#59.64#27.95#12.41
-94.8947,31.0659#59.6#27.97#12.43
-94.8417,31.0658#59.57#27.99#12.44
-94.7887,31.0658#59.53#28#12.47
-94.7357,31.0657#59.49#28.02#12.49
-94.6826,31.0656#59.45#28.04#12.51
-94.6296,31.0655#59.42#28.06#12.52
-94.5766,31.0654#59.38#28.07#12.55
-94.5236,31.0652#59.34#28.09#12.57
-94.4706,31.065#59.31#28.11#12.58
-94.4176,31.0649#59.27#28.14#12.59
-94.3646,31.0647#59.23#28.16#12.61
-94.3115,31.0644#59.2#28.18#12.62
-94.2585,31.0642#59.16#28.21#12.63
-94.2055,31.0639#59.13#28.23#12.64
-94.1525,31.0637#59.09#28.26#12.65
-94.0995,31.0634#59.06#28.28#12.66
-94.0465,31.0631#59.02#28.31#12.67
-93.9935,31.0627#58.99#28.33#12.68
-93.9404,31.0624#58.95#28.35#12.7
-93.8874,31.062#58.9#28.37#12.73
-93.8344,31.0616#58.86#28.39#12.75
-93.7814,31.0612#58.82#28.41#12.77
-93.7284,31.0608#58.78#28.43#12.79
-93.6754,31.0604#58.74#28.46#12.8
-93.6224,31.0599#58.7#28.48#12.82
-93.5694,31.0595#58.66#28.5#12.84
-93.5164,31.059#58.62#28.52#12.86
-93.4634,31.0585#58.58#28.53#12.89
-93.4103,31.0579#58.54#28.53#12.93
-93.3573,31.0574#58.5#28.54#12.96
-93.3043,31.0568#58.45#28.54#13.01
-93.2513,31.0563#58.41#28.55#13.04
-93.1983,31.0557#58.37#28.55#13.08
-93.1453,31.0551#58.33#28.56#13.11
-93.0923,31.0544#58.29#28.56#13.15
-93.0393,31.0538#58.25#28.57#13.18
-92.9863,31.0531#58.21#28.57#13.22
-92.9333,31.0524#58.15#28.57#13.28
-92.8803,31.0517#58.1#28.56#13.34
-92.8273,31.051#58.04#28.56#13.4
-92.7743,31.0503#57.99#28.56#13.45
-92.7213,31.0495#57.93#28.55#13.52
-92.6683,31.0487#57.87#28.55#13.58
-92.6153,31.048#57.82#28.55#13.63
-92.5623,31.0472#57.76#28.54#13.7
-92.5093,31.0463#57.71#28.54#13.75
-92.4563,31.0455#57.65#28.53#13.82
-92.4033,31.0446#57.6#28.53#13.87
-92.3503,31.0437#57.54#28.53#13.93
-92.2973,31.0428#57.49#28.52#13.99
-92.2443,31.0419#57.43#28.52#14.05
-92.1913,31.041#57.37#28.51#14.12
-92.1383,31.0401#57.32#28.51#14.17
-92.0853,31.0391#57.26#28.5#14.24
-92.0323,31.0381#57.21#28.5#14.29
-91.9794,31.0371#57.15#28.49#14.36
-91.9264,31.0361#57.1#28.49#14.41
-91.8734,31.035#57.04#28.48#14.48
-91.8204,31.034#56.99#28.48#14.53
-91.7674,31.0329#56.93#28.47#14.6
-91.7144,31.0318#56.87#28.47#14.66
-91.6614,31.0307#56.82#28.46#14.72
-91.6085,31.0296#56.77#28.46#14.77
-91.5555,31.0284#56.71#28.46#14.83
-91.5025,31.0273#56.66#28.45#14.89
-91.4495,31.0261#56.6#28.45#14.95
-91.3965,31.0249#56.55#28.44#15.01
-91.3436,31.0237#56.49#28.44#15.07
-91.2906,31.0224#56.44#28.43#15.13
-91.2376,31.0212#56.38#28.43#15.19
-91.1846,31.0199#56.33#28.42#15.25
-91.1317,31.0186#56.27#28.42#15.31
-91.0787,31.0173#56.22#28.41#15.37
-91.0257,31.016#56.16#28.41#15.43
-90.9728,31.0147#56.11#28.4#15.49
-90.9198,31.0133#56.05#28.39#15.56
-90.8668,31.0119#55.99#28.38#15.63
-90.8139,31.0105#55.92#28.36#15.72
-90.7609,31.0091#55.86#28.35#15.79
-90.7079,31.0077#55.8#28.34#15.86
-90.655,31.0063#55.74#28.33#15.93
-90.602,31.0048#55.68#28.32#16
-90.549,31.0033#55.62#28.3#16.08
-90.4961,31.0018#55.56#28.29#16.15
-90.4431,31.0003#55.51#28.27#16.22
-90.3902,30.9988#55.45#28.25#16.3
-90.3372,30.9972#55.39#28.24#16.37
-90.2843,30.9956#55.34#28.22#16.44
-90.2313,30.994#55.28#28.2#16.52
-90.1784,30.9924#55.23#28.18#16.59
-90.1254,30.9908#55.17#28.17#16.66
-90.0725,30.9892#55.11#28.15#16.74
-90.0195,30.9875#55.06#28.13#16.81
-89.9666,30.9858#55#28.11#16.89
-89.9136,30.9841#54.95#28.08#16.97
-89.8607,30.9824#54.89#28.06#17.05
-89.8078,30.9807#54.84#28.03#17.13
-89.7548,30.979#54.79#28.01#17.2
-89.7019,30.9772#54.73#27.98#17.29
-89.649,30.9754#54.68#27.96#17.36
-89.596,30.9736#54.63#27.93#17.44
-89.5431,30.9718#54.57#27.9#17.53
-89.4902,30.9699#54.52#27.88#17.6
-89.4372,30.9681#54.47#27.86#17.67
-89.3843,30.9662#54.43#27.84#17.73
-89.3314,30.9643#54.38#27.81#17.81
-89.2785,30.9624#54.34#27.79#17.87
-89.2256,30.9605#54.29#27.77#17.94
-89.1726,30.9586#54.24#27.75#18.01
-89.1197,30.9566#54.2#27.73#18.07
-89.0668,30.9546#54.15#27.71#18.14
-89.0139,30.9526#54.1#27.69#18.21
-88.961,30.9506#54.06#27.67#18.27
-88.9081,30.9486#54.03#27.66#18.31
-88.8552,30.9465#53.99#27.65#18.36
-88.8023,30.9445#53.95#27.64#18.41
-88.7494,30.9424#53.91#27.63#18.46
-88.6965,30.9403#53.87#27.62#18.51
-88.6436,30.9382#53.84#27.61#18.55
-88.5907,30.936#53.8#27.6#18.6
-88.5378,30.9339#53.76#27.59#18.65
-88.4849,30.9317#53.73#27.58#18.69
-88.432,30.9295#53.7#27.57#18.73
-88.3791,30.9273#53.67#27.57#18.76
-88.3262,30.9251#53.65#27.56#18.79
-88.2733,30.9228#53.62#27.55#18.83
-88.2204,30.9206#53.6#27.55#18.85
-88.1675,30.9183#53.57#27.54#18.89
-88.1147,30.916#53.54#27.53#18.93
-88.0618,30.9137#53.52#27.53#18.95
-88.0089,30.9113#53.49#27.52#18.99
-87.956,30.909#53.47#27.51#19.02
-87.9032,30.9066#53.46#27.51#19.03
-87.8503,30.9042#53.44#27.5#19.06
-87.7974,30.9018#53.42#27.5#19.08
-103.158,30.9008#45.53#27.85#26.62
-103.106,30.9035#45.86#27.83#26.31
-103.053,30.9063#46.2#27.82#25.98
-103,30.9089#46.53#27.8#25.67
-102.947,30.9116#46.88#27.78#25.34
-102.894,30.9143#47.22#27.77#25.01
-102.841,30.9169#47.57#27.75#24.68
-102.788,30.9195#47.91#27.73#24.36
-102.736,30.9221#48.26#27.72#24.02
-102.683,30.9247#48.61#27.7#23.69
-102.63,30.9273#48.95#27.68#23.37
-102.577,30.9298#49.3#27.67#23.03
-102.524,30.9323#49.65#27.65#22.7
-102.471,30.9348#49.93#27.64#22.43
-102.418,30.9373#50.16#27.63#22.21
-102.365,30.9398#50.4#27.62#21.98
-102.313,30.9423#50.63#27.62#21.75
-102.26,30.9447#50.86#27.61#21.53
-102.207,30.9471#51.09#27.6#21.31
-102.154,30.9495#51.33#27.59#21.08
-102.101,30.9519#51.56#27.58#20.86
-102.048,30.9543#51.79#27.57#20.64
-101.995,30.9566#52.02#27.57#20.41
-101.942,30.959#52.15#27.56#20.29
-101.889,30.9613#52.28#27.56#20.16
-101.837,30.9636#52.42#27.56#20.02
-101.784,30.9659#52.55#27.56#19.89
-101.731,30.9681#52.68#27.56#19.76
-101.678,30.9704#52.82#27.56#19.62
-101.625,30.9726#52.95#27.56#19.49
-101.572,30.9748#53.08#27.56#19.36
-101.519,30.977#53.22#27.55#19.23
-101.466,30.9792#53.36#27.55#19.09
-101.413,30.9813#53.51#27.56#18.93
-101.36,30.9835#53.67#27.56#18.77
-101.307,30.9856#53.82#27.56#18.62
-101.255,30.9877#53.97#27.56#18.47
-101.202,30.9898#54.12#27.56#18.32
-101.149,30.9919#54.27#27.56#18.17
-101.096,30.9939#54.42#27.56#18.02
-101.043,30.9959#54.57#27.56#17.87
-100.99,30.998#54.72#27.57#17.71
-100.937,31#54.87#27.57#17.56
-100.884,31.0019#55.02#27.57#17.41
-100.831,31.0039#55.16#27.57#17.27
-100.778,31.0058#55.31#27.58#17.11
-100.725,31.0078#55.45#27.58#16.97
-100.672,31.0097#55.59#27.58#16.83
-100.619,31.0116#55.74#27.58#16.68
-100.566,31.0134#55.88#27.59#16.53
-100.513,31.0153#56.02#27.59#16.39
-100.46,31.0171#56.12#27.59#16.29
-100.408,31.019#56.21#27.59#16.2
-100.355,31.0208#56.3#27.6#16.1
-100.302,31.0225#56.39#27.6#16.01
-100.249,31.0243#56.48#27.6#15.92
-100.196,31.0261#56.57#27.6#15.83
-100.143,31.0278#56.66#27.61#15.73
-100.09,31.0295#56.75#27.61#15.64
-100.037,31.0312#56.84#27.61#15.55
-99.9839,31.0329#56.93#27.61#15.46
-99.9309,31.0345#57.03#27.62#15.35
-99.8779,31.0362#57.13#27.62#15.25
-99.825,31.0378#57.23#27.62#15.15
-99.772,31.0394#57.34#27.63#15.03
-99.719,31.041#57.44#27.63#14.93
-99.6661,31.0426#57.54#27.63#14.83
-99.6131,31.0441#57.64#27.64#14.72
-99.5601,31.0457#57.74#27.64#14.62
-99.5071,31.0472#57.84#27.64#14.52
-99.4542,31.0487#57.93#27.64#14.43
-99.4012,31.0502#58.02#27.65#14.33
-99.3482,31.0516#58.11#27.65#14.24
-99.2952,31.0531#58.2#27.65#14.15
-99.2422,31.0545#58.29#27.66#14.05
-99.1892,31.0559#58.38#27.66#13.96
-99.1363,31.0573#58.47#27.66#13.87
-99.0833,31.0587#58.56#27.66#13.78
-99.0303,31.06#58.65#27.67#13.68
-98.9773,31.0614#58.73#27.67#13.6
-98.9243,31.0627#58.79#27.67#13.54
-98.8713,31.064#58.85#27.68#13.47
-98.8183,31.0653#58.91#27.68#13.41
-98.7653,31.0666#58.97#27.68#13.35
-98.7123,31.0678#59.03#27.68#13.29
-98.6593,31.0691#59.09#27.69#13.22
-98.6063,31.0703#59.15#27.69#13.16
-98.5533,31.0715#59.22#27.69#13.09
-98.5003,31.0727#59.28#27.7#13.02
-98.4473,31.0738#59.33#27.7#12.97
-98.3943,31.075#59.38#27.7#12.92
-98.3413,31.0761#59.43#27.7#12.87
-98.2883,31.0772#59.49#27.71#12.8
-98.2353,31.0783#59.54#27.71#12.75
-98.1823,31.0794#59.59#27.71#12.7
-98.1293,31.0804#59.65#27.71#12.64
-98.0763,31.0815#59.7#27.72#12.58
-98.0233,31.0825#59.75#27.72#12.53
-97.9703,31.0835#59.79#27.72#12.49
-97.9173,31.0845#59.82#27.73#12.45
-97.8643,31.0854#59.85#27.73#12.42
-97.8112,31.0864#59.87#27.73#12.4
-97.7582,31.0873#59.9#27.73#12.37
-97.7052,31.0882#59.93#27.74#12.33
-97.6522,31.0891#59.96#27.74#12.3
-97.5992,31.09#59.99#27.74#12.27
-97.5462,31.0909#60.02#27.75#12.23
-97.4931,31.0917#60.04#27.75#12.21
-97.4401,31.0925#60.05#27.75#12.2
-97.3871,31.0934#60.06#27.75#12.19
-97.3341,31.0941#60.08#27.76#12.16
-97.2811,31.0949#60.09#27.76#12.15
-97.228,31.0957#60.1#27.76#12.14
-97.175,31.0964#60.11#27.76#12.13
-97.122,31.0971#60.13#27.77#12.1
-97.069,31.0978#60.14#27.77#12.09
-97.016,31.0985#60.15#27.77#12.08
-96.9629,31.0992#60.16#27.77#12.07
-96.9099,31.0998#60.15#27.78#12.07
-96.8569,31.1005#60.15#27.78#12.07
-96.8039,31.1011#60.15#27.78#12.07
-96.7508,31.1017#60.15#27.78#12.07
-96.6978,31.1023#60.15#27.79#12.06
-96.6448,31.1028#60.15#27.79#12.06
-96.5917,31.1034#60.15#27.79#12.06
-96.5387,31.1039#60.15#27.79#12.06
-96.4857,31.1044#60.14#27.8#12.06
-96.4327,31.1049#60.13#27.8#12.07
-96.3796,31.1053#60.12#27.8#12.08
-96.3266,31.1058#60.1#27.8#12.1
-96.2736,31.1062#60.09#27.8#12.11
-96.2205,31.1066#60.07#27.81#12.12
-96.1675,31.107#60.06#27.81#12.13
-96.1145,31.1074#60.05#27.81#12.14
-96.0614,31.1078#60.03#27.81#12.16
-96.0084,31.1081#60.02#27.82#12.16
-95.9554,31.1085#59.99#27.82#12.19
-95.9023,31.1088#59.96#27.82#12.22
-95.8493,31.1091#59.94#27.82#12.24
-95.7963,31.1094#59.91#27.83#12.26
-95.7432,31.1096#59.88#27.83#12.29
-95.6902,31.1098#59.85#27.83#12.32
-95.6372,31.1101#59.82#27.84#12.34
-95.5841,31.1103#59.79#27.84#12.37
-95.5311,31.1105#59.76#27.84#12.4
-95.4781,31.1106#59.73#27.85#12.42
-95.425,31.1108#59.7#27.86#12.44
-95.372,31.1109#59.67#27.86#12.47
-95.3189,31.111#59.63#27.87#12.5
-95.2659,31.1111#59.6#27.88#12.52
-95.2129,31.1112#59.57#27.89#12.54
-95.1598,31.1113#59.54#27.9#12.56
-95.1068,31.1113#59.51#27.91#12.58
-95.0538,31.1113#59.48#27.92#12.6
-95.0007,31.1114#59.44#27.93#12.63
-94.9477,31.1113#59.4#27.94#12.66
-94.8947,31.1113#59.36#27.96#12.68
-94.8416,31.1113#59.33#27.98#12.69
-94.7886,31.1112#59.29#28#12.71
-94.7356,31.1111#59.25#28.01#12.74
-94.6825,31.111#59.21#28.03#12.76
-94.6295,31.1109#59.17#28.05#12.78
-94.5764,31.1108#59.13#28.07#12.8
-94.5234,31.1106#59.09#28.08#12.83
-94.4704,31.1105#59.05#28.1#12.85
-94.4173,31.1103#59.01#28.13#12.86
-94.3643,31.1101#58.97#28.15#12.88
-94.3113,31.1099#58.94#28.17#12.89
-94.2582,31.1096#58.9#28.2#12.9
-94.2052,31.1094#58.86#28.22#12.92
-94.1522,31.1091#58.82#28.24#12.94
-94.0991,31.1088#58.79#28.26#12.95
-94.0461,31.1085#58.75#28.29#12.96
-93.9931,31.1082#58.71#28.31#12.98
-93.94,31.1078#58.67#28.33#13
-93.887,31.1074#58.62#28.36#13.02
-93.834,31.1071#58.58#28.38#13.04
-93.7809,31.1067#58.53#28.4#13.07
-93.7279,31.1062#58.49#28.42#13.09
-93.6749,31.1058#58.45#28.44#13.11
-93.6218,31.1054#58.4#28.47#13.13
-93.5688,31.1049#58.36#28.49#13.15
-93.5158,31.1044#58.32#28.51#13.17
-93.4628,31.1039#58.27#28.52#13.21
-93.4097,31.1034#58.23#28.53#13.24
-93.3567,31.1028#58.19#28.54#13.27
-93.3037,31.1023#58.14#28.54#13.32
-93.2506,31.1017#58.1#28.55#13.35
-93.1976,31.1011#58.06#28.56#13.38
-93.1446,31.1005#58.01#28.56#13.43
-93.0916,31.0999#57.97#28.57#13.46
-93.0385,31.0992#57.93#28.57#13.5
-92.9855,31.0985#57.88#28.58#13.54
-92.9325,31.0979#57.83#28.57#13.6
-92.8795,31.0972#57.77#28.57#13.66
-92.8264,31.0964#57.72#28.57#13.71
-92.7734,31.0957#57.66#28.56#13.78
-92.7204,31.0949#57.61#28.56#13.83
-92.6674,31.0942#57.55#28.56#13.89
-92.6144,31.0934#57.5#28.55#13.95
-92.5613,31.0926#57.44#28.55#14.01
-92.5083,31.0917#57.39#28.55#14.06
-92.4553,31.0909#57.33#28.54#14.13
-92.4023,31.09#57.27#28.54#14.19
-92.3493,31.0892#57.22#28.53#14.25
-92.2963,31.0883#57.16#28.53#14.31
-92.2432,31.0874#57.11#28.52#14.37
-92.1902,31.0864#57.05#28.52#14.43
-92.1372,31.0855#56.99#28.51#14.5
-92.0842,31.0845#56.94#28.51#14.55
-92.0312,31.0835#56.88#28.5#14.62
-91.9782,31.0825#56.83#28.5#14.67
-91.9252,31.0815#56.77#28.49#14.74
-91.8722,31.0805#56.72#28.49#14.79
-91.8192,31.0794#56.66#28.49#14.85
-91.7661,31.0783#56.61#28.48#14.91
-91.7131,31.0772#56.55#28.48#14.97
-91.6601,31.0761#56.5#28.47#15.03
-91.6071,31.075#56.44#28.47#15.09
-91.5541,31.0738#56.39#28.46#15.15
-91.5011,31.0727#56.33#28.46#15.21
-91.4481,31.0715#56.28#28.45#15.27
-91.3951,31.0703#56.22#28.45#15.33
-91.3421,31.0691#56.16#28.44#15.4
-91.2891,31.0679#56.11#28.44#15.45
-91.2361,31.0666#56.06#28.43#15.51
-91.1831,31.0653#56#28.43#15.57
-91.1302,31.064#55.95#28.43#15.62
-91.0772,31.0627#55.89#28.42#15.69
-91.0242,31.0614#55.84#28.42#15.74
-90.9712,31.0601#55.78#28.41#15.81
-90.9182,31.0587#55.72#28.4#15.88
-90.8652,31.0573#55.66#28.39#15.95
-90.8122,31.056#55.6#28.37#16.03
-90.7592,31.0545#55.54#28.36#16.1
-90.7062,31.0531#55.48#28.35#16.17
-90.6533,31.0517#55.42#28.34#16.24
-90.6003,31.0502#55.36#28.33#16.31
-90.5473,31.0487#55.3#28.32#16.38
-90.4943,31.0472#55.24#28.31#16.45
-90.4413,31.0457#55.18#28.29#16.53
-90.3884,31.0442#55.13#28.27#16.6
-90.3354,31.0426#55.07#28.25#16.68
-90.2824,31.041#55.02#28.24#16.74
-90.2295,31.0395#54.96#28.22#16.82
-90.1765,31.0378#54.9#28.2#16.9
-90.1235,31.0362#54.85#28.18#16.97
-90.0706,31.0346#54.79#28.17#17.04
-90.0176,31.0329#54.74#28.15#17.11
-89.9646,31.0312#54.68#28.13#17.19
-89.9117,31.0295#54.63#28.1#17.27
-89.8587,31.0278#54.57#28.08#17.35
-89.8057,31.0261#54.52#28.05#17.43
-89.7528,31.0244#54.46#28.03#17.51
-89.6998,31.0226#54.41#28#17.59
-89.6469,31.0208#54.36#27.98#17.66
-89.5939,31.019#54.3#27.95#17.75
-89.541,31.0172#54.25#27.93#17.82
-89.488,31.0153#54.2#27.9#17.9
-89.4351,31.0135#54.15#27.88#17.97
-89.3821,31.0116#54.11#27.86#18.03
-89.3292,31.0097#54.06#27.84#18.1
-89.2762,31.0078#54.02#27.81#18.17
-89.2233,31.0059#53.97#27.79#18.24
-89.1704,31.004#53.93#27.77#18.3
-89.1174,31.002#53.88#27.75#18.37
-89.0645,31#53.84#27.73#18.43
-89.0116,30.998#53.79#27.71#18.5
-88.9586,30.996#53.75#27.69#18.56
-88.9057,30.994#53.72#27.68#18.6
-88.8528,30.9919#53.68#27.67#18.65
-88.7998,30.9898#53.64#27.65#18.71
-88.7469,30.9878#53.6#27.64#18.76
-88.694,30.9857#53.57#27.63#18.8
-88.6411,30.9835#53.53#27.62#18.85
-88.5882,30.9814#53.49#27.61#18.9
-88.5352,30.9792#53.45#27.6#18.95
-88.4823,30.9771#53.42#27.59#18.99
-88.4294,30.9749#53.4#27.58#19.02
-88.3765,30.9727#53.37#27.57#19.06
-88.3236,30.9704#53.35#27.57#19.08
-88.2707,30.9682#53.33#27.56#19.11
-88.2178,30.9659#53.3#27.55#19.15
-88.1649,30.9637#53.28#27.54#19.18
-88.112,30.9614#53.25#27.54#19.21
-88.0591,30.959#53.23#27.53#19.24
-88.0062,30.9567#53.2#27.52#19.28
-87.9533,30.9544#53.19#27.52#19.29
-87.9004,30.952#53.17#27.51#19.32
-87.8475,30.9496#53.16#27.51#19.33
-87.7946,30.9472#53.14#27.5#19.36
-87.7417,30.9448#53.12#27.49#19.39
-87.6888,30.9423#53.11#27.49#19.4
-87.636,30.9399#53.09#27.48#19.43
-87.5831,30.9374#53.07#27.48#19.45
-87.5302,30.9349#53.06#27.47#19.47
-87.4773,30.9324#53.05#27.47#19.48
-87.4245,30.9299#53.04#27.46#19.5
-87.3716,30.9273#53.03#27.46#19.51
-87.3187,30.9248#53.03#27.45#19.52
-87.2659,30.9222#53.02#27.45#19.53
-87.213,30.9196#53.01#27.44#19.55
-87.1601,30.917#53.01#27.44#19.55
-87.1073,30.9143#53#27.43#19.57
-87.0544,30.9117#52.99#27.42#19.59
-87.0016,30.909#52.99#27.42#19.59
-86.9487,30.9063#52.99#27.41#19.6
-86.8959,30.9036#52.99#27.41#19.6
-86.843,30.9009#52.99#27.4#19.61
-104.007,30.9002#39.87#28.16#31.97
-103.954,30.9032#40.21#28.14#31.65
-103.901,30.9062#40.56#28.12#31.32
-103.849,30.9092#40.92#28.1#30.98
-103.796,30.9121#41.27#28.08#30.65
-103.743,30.9151#41.62#28.06#30.32
-103.69,30.918#41.97#28.04#29.99
-103.637,30.9209#42.32#28.02#29.66
-103.584,30.9238#42.67#28#29.33
-103.532,30.9266#43.02#27.98#29
-103.479,30.9295#43.36#27.96#28.68
-103.426,30.9323#43.69#27.94#28.37
-103.373,30.9351#44.03#27.93#28.04
-103.32,30.9379#44.36#27.91#27.73
-103.267,30.9407#44.69#27.89#27.42
-103.214,30.9434#45.03#27.88#27.09
-103.162,30.9462#45.36#27.86#26.78
-103.109,30.9489#45.69#27.84#26.47
-103.056,30.9516#46.03#27.83#26.14
-103.003,30.9543#46.36#27.81#25.83
-102.95,30.957#46.71#27.79#25.5
-102.897,30.9596#47.06#27.78#25.16
-102.844,30.9623#47.4#27.76#24.84
-102.791,30.9649#47.75#27.75#24.5
-102.739,30.9675#48.1#27.73#24.17
-102.686,30.9701#48.44#27.71#23.85
-102.633,30.9726#48.79#27.7#23.51
-102.58,30.9752#49.14#27.68#23.18
-102.527,30.9777#49.49#27.67#22.84
-102.474,30.9802#49.78#27.65#22.57
-102.421,30.9827#50.01#27.65#22.34
-102.368,30.9852#50.24#27.64#22.12
-102.315,30.9876#50.47#27.63#21.9
-102.263,30.9901#50.7#27.62#21.68
-102.21,30.9925#50.94#27.61#21.45
-102.157,30.9949#51.17#27.6#21.23
-102.104,30.9973#51.4#27.59#21.01
-102.051,30.9997#51.63#27.58#20.79
-101.998,31.002#51.86#27.58#20.56
-101.945,31.0044#51.99#27.57#20.44
-101.892,31.0067#52.13#27.57#20.3
-101.839,31.009#52.26#27.57#20.17
-101.786,31.0113#52.39#27.57#20.04
-101.733,31.0135#52.53#27.57#19.9
-101.68,31.0158#52.66#27.57#19.77
-101.628,31.018#52.79#27.56#19.65
-101.575,31.0202#52.93#27.56#19.51
