-96.6624,24.9002#54.04#28.91#17.05
-96.612,24.9008#53.98#28.89#17.13
-96.5617,24.9013#53.92#28.87#17.21
-96.5113,24.9018#53.86#28.85#17.29
-96.461,24.9023#53.79#28.82#17.39
-96.4106,24.9028#53.72#28.8#17.48
-96.3603,24.9033#53.66#28.77#17.57
-96.3099,24.9037#53.59#28.75#17.66
-96.2596,24.9042#53.52#28.73#17.75
-96.2092,24.9046#53.45#28.7#17.85
-96.1589,24.905#53.38#28.68#17.94
-96.1085,24.9054#53.31#28.66#18.03
-96.0582,24.9057#53.24#28.63#18.13
-96.0078,24.9061#53.17#28.61#18.22
-95.9574,24.9064#53.1#28.58#18.32
-95.9071,24.9067#53.02#28.55#18.43
-95.8567,24.907#52.94#28.52#18.54
-95.8064,24.9073#52.86#28.49#18.65
-95.756,24.9076#52.78#28.45#18.77
-95.7057,24.9078#52.71#28.42#18.87
-95.6553,24.908#52.63#28.39#18.98
-95.605,24.9083#52.55#28.36#19.09
-95.5546,24.9085#52.47#28.33#19.2
-95.5043,24.9086#52.39#28.3#19.31
-95.4539,24.9088#52.3#28.28#19.42
-95.4035,24.9089#52.21#28.27#19.52
-95.3532,24.9091#52.12#28.25#19.63
-95.3028,24.9092#52.03#28.23#19.74
-95.2525,24.9093#51.95#28.22#19.83
-95.2021,24.9093#51.86#28.2#19.94
-95.1518,24.9094#51.77#28.18#20.05
-95.1014,24.9095#51.68#28.16#20.16
-95.0511,24.9095#51.59#28.15#20.26
-95.0007,24.9095#51.5#28.13#20.37
-94.9503,24.9095#51.38#28.12#20.5
-94.9,24.9095#51.27#28.12#20.61
-94.8496,24.9094#51.15#28.11#20.74
-94.7993,24.9094#51.03#28.1#20.87
-94.7489,24.9093#50.92#28.1#20.98
-94.6986,24.9092#50.8#28.09#21.11
-94.6482,24.9091#50.69#28.08#21.23
-94.5978,24.9089#50.57#28.08#21.35
-94.5475,24.9088#50.45#28.07#21.48
-94.4971,24.9086#50.34#28.06#21.6
-94.4468,24.9085#50.23#28.06#21.71
-94.3964,24.9083#50.12#28.05#21.83
-94.3461,24.9081#50.01#28.05#21.94
-94.2957,24.9078#49.89#28.05#22.06
-94.2454,24.9076#49.78#28.04#22.18
-94.195,24.9073#49.67#28.04#22.29
-94.1447,24.907#49.56#28.04#22.4
-94.0943,24.9067#49.45#28.03#22.52
-94.0439,24.9064#49.34#28.03#22.63
-93.9936,24.9061#49.23#28.03#22.74
-93.9432,24.9058#49.14#28.02#22.84
-93.8929,24.9054#49.05#28.02#22.93
-93.8425,24.905#48.96#28.02#23.02
-93.7922,24.9046#48.87#28.02#23.11
-93.7418,24.9042#48.78#28.01#23.21
-93.6915,24.9038#48.69#28.01#23.3
-93.6411,24.9033#48.6#28.01#23.39
-93.5908,24.9028#48.51#28.01#23.48
-93.5404,24.9024#48.41#28.01#23.58
-93.4901,24.9019#48.33#28#23.67
-93.4397,24.9013#48.25#28#23.75
-93.3894,24.9008#48.17#28#23.83
-93.339,24.9003#48.09#28#23.91
-99.0295,24.9009#53.89#29.71#16.4
-98.9792,24.9022#53.99#29.66#16.35
-98.9288,24.9035#54.07#29.64#16.29
-98.8785,24.9049#54.14#29.61#16.25
-98.8282,24.9062#54.22#29.58#16.2
-98.7778,24.9074#54.29#29.56#16.15
-98.7275,24.9087#54.36#29.53#16.11
-98.6771,24.9099#54.44#29.51#16.05
-98.6268,24.9112#54.51#29.48#16.01
-98.5765,24.9124#54.58#29.46#15.96
-98.5261,24.9136#54.66#29.43#15.91
-98.4758,24.9148#54.71#29.41#15.88
-98.4254,24.9159#54.75#29.39#15.86
-98.3751,24.9171#54.78#29.38#15.84
-98.3248,24.9182#54.82#29.36#15.82
-98.2744,24.9193#54.86#29.34#15.8
-98.2241,24.9204#54.9#29.33#15.77
-98.1737,24.9215#54.93#29.31#15.76
-98.1234,24.9225#54.97#29.29#15.74
-98.073,24.9236#55.01#29.28#15.71
-98.0227,24.9246#55.04#29.26#15.7
-97.9723,24.9256#55.06#29.25#15.69
-97.922,24.9266#55.06#29.24#15.7
-97.8716,24.9276#55.06#29.23#15.71
-97.8213,24.9286#55.05#29.22#15.73
-97.7709,24.9295#55.05#29.21#15.74
-97.7206,24.9304#55.05#29.2#15.75
-97.6702,24.9313#55.05#29.19#15.76
-97.6199,24.9322#55.04#29.18#15.78
-97.5695,24.9331#55.04#29.18#15.78
-97.5191,24.934#55.04#29.17#15.79
-97.4688,24.9348#55.02#29.16#15.82
-97.4184,24.9356#55#29.15#15.85
-97.3681,24.9364#54.97#29.14#15.89
-97.3177,24.9372#54.95#29.14#15.91
-97.2673,24.938#54.93#29.13#15.94
-97.217,24.9387#54.9#29.12#15.98
-97.1666,24.9395#54.88#29.11#16.01
-97.1163,24.9402#54.85#29.11#16.04
-97.0659,24.9409#54.83#29.1#16.07
-97.0155,24.9416#54.8#29.09#16.11
-96.9652,24.9423#54.75#29.07#16.18
-96.9148,24.9429#54.69#29.06#16.25
-96.8644,24.9435#54.63#29.04#16.33
-96.8141,24.9442#54.57#29.02#16.41
-96.7637,24.9448#54.51#29#16.49
-96.7133,24.9454#54.45#28.98#16.57
-96.663,24.9459#54.39#28.96#16.65
-96.6126,24.9465#54.33#28.94#16.73
-96.5622,24.947#54.26#28.92#16.82
-96.5119,24.9475#54.2#28.9#16.9
-96.4615,24.948#54.14#28.88#16.98
-96.4111,24.9485#54.07#28.86#17.07
-96.3608,24.949#54#28.84#17.16
-96.3104,24.9494#53.93#28.81#17.26
-96.26,24.9499#53.86#28.79#17.35
-96.2097,24.9503#53.79#28.76#17.45
-96.1593,24.9507#53.72#28.74#17.54
-96.1089,24.9511#53.65#28.72#17.63
-96.0585,24.9514#53.58#28.69#17.73
-96.0082,24.9518#53.51#28.67#17.82
-95.9578,24.9521#53.44#28.64#17.92
-95.9074,24.9524#53.36#28.61#18.03
-95.8571,24.9527#53.28#28.58#18.14
-95.8067,24.953#53.2#28.55#18.25
-95.7563,24.9533#53.12#28.52#18.36
-95.7059,24.9535#53.04#28.49#18.47
-95.6556,24.9537#52.96#28.46#18.58
-95.6052,24.9539#52.88#28.44#18.68
-95.5548,24.9541#52.8#28.41#18.79
-95.5044,24.9543#52.72#28.38#18.9
-95.4541,24.9545#52.63#28.36#19.01
-95.4037,24.9546#52.54#28.34#19.12
-95.3533,24.9548#52.45#28.32#19.23
-95.3029,24.9549#52.36#28.31#19.33
-95.2526,24.955#52.26#28.29#19.45
-95.2022,24.955#52.17#28.27#19.56
-95.1518,24.9551#52.08#28.25#19.67
-95.1014,24.9551#51.99#28.24#19.77
-95.0511,24.9552#51.89#28.22#19.89
-95.0007,24.9552#51.8#28.2#20
-94.9503,24.9552#51.68#28.19#20.13
-94.8999,24.9551#51.57#28.18#20.25
-94.8496,24.9551#51.45#28.18#20.37
-94.7992,24.955#51.34#28.17#20.49
-94.7488,24.955#51.22#28.16#20.62
-94.6984,24.9549#51.11#28.15#20.74
-94.6481,24.9548#50.99#28.15#20.86
-94.5977,24.9546#50.88#28.14#20.98
-94.5473,24.9545#50.76#28.13#21.11
-94.497,24.9543#50.64#28.12#21.24
-94.4466,24.9541#50.53#28.12#21.35
-94.3962,24.954#50.42#28.12#21.46
-94.3458,24.9537#50.3#28.11#21.59
-94.2955,24.9535#50.19#28.11#21.7
-94.2451,24.9533#50.07#28.1#21.83
-94.1947,24.953#49.96#28.1#21.94
-94.1443,24.9527#49.84#28.1#22.06
-94.094,24.9524#49.73#28.09#22.18
-94.0436,24.9521#49.61#28.09#22.3
-93.9932,24.9518#49.5#28.08#22.42
-93.9428,24.9514#49.41#28.08#22.51
-93.8925,24.9511#49.32#28.08#22.6
-93.8421,24.9507#49.22#28.08#22.7
-93.7917,24.9503#49.13#28.07#22.8
-93.7414,24.9499#49.04#28.07#22.89
-93.691,24.9494#48.95#28.07#22.98
-93.6406,24.949#48.85#28.07#23.08
-93.5903,24.9485#48.76#28.06#23.18
-93.5399,24.948#48.67#28.06#23.27
-93.4895,24.9475#48.58#28.06#23.36
-93.4391,24.947#48.49#28.06#23.45
-93.3888,24.9465#48.41#28.06#23.53
-93.3384,24.9459#48.33#28.05#23.62
-93.288,24.9454#48.25#28.05#23.7
-93.2377,24.9448#48.17#28.05#23.78
-93.1873,24.9442#48.09#28.05#23.86
-93.1369,24.9436#48.01#28.05#23.94
-93.0866,24.9429#47.92#28.05#24.03
-93.0362,24.9423#47.84#28.04#24.12
-92.9859,24.9416#47.77#28.04#24.19
-92.9355,24.9409#47.7#28.04#24.26
-92.8851,24.9402#47.63#28.04#24.33
-92.8348,24.9395#47.56#28.04#24.4
-92.7844,24.9388#47.49#28.04#24.47
-92.734,24.938#47.42#28.03#24.55
-92.6837,24.9372#47.36#28.03#24.61
-92.6333,24.9364#47.29#28.03#24.68
-92.583,24.9356#47.22#28.03#24.75
-92.5326,24.9348#47.15#28.03#24.82
-92.4822,24.934#47.09#28.03#24.88
-92.4319,24.9331#47.03#28.02#24.95
-92.3815,24.9322#46.97#28.02#25.01
-92.3312,24.9314#46.9#28.02#25.08
-92.2808,24.9304#46.84#28.02#25.14
-92.2305,24.9295#46.78#28.02#25.2
-92.1801,24.9286#46.72#28.02#25.26
-92.1298,24.9276#46.66#28.02#25.32
-92.0794,24.9266#46.6#28.01#25.39
-92.0291,24.9257#46.54#28.01#25.45
-91.9787,24.9246#46.49#28.01#25.5
-91.9284,24.9236#46.44#28.01#25.55
-91.878,24.9226#46.39#28.01#25.6
-91.8277,24.9215#46.34#28.01#25.65
-91.7773,24.9204#46.3#28#25.7
-91.727,24.9193#46.25#28#25.75
-91.6766,24.9182#46.2#28#25.8
-91.6263,24.9171#46.16#28#25.84
-91.5759,24.916#46.11#28#25.89
-91.5256,24.9148#46.06#28#25.94
-91.4753,24.9136#46.02#27.99#25.99
-91.4249,24.9124#45.99#27.99#26.02
-91.3746,24.9112#45.95#27.99#26.06
-91.3242,24.91#45.92#27.99#26.09
-91.2739,24.9087#45.89#27.99#26.12
-91.2236,24.9075#45.85#27.98#26.17
-91.1732,24.9062#45.82#27.98#26.2
-91.1229,24.9049#45.79#27.98#26.23
-91.0726,24.9036#45.75#27.98#26.27
-91.0222,24.9022#45.72#27.98#26.3
-90.9719,24.9009#45.69#27.98#26.33
-100.491,24.9#49.97#30.52#19.51
-100.44,24.9019#50.14#30.55#19.31
-100.39,24.9037#50.31#30.57#19.12
-100.34,24.9055#50.48#30.59#18.93
-100.289,24.9073#50.65#30.61#18.74
-100.239,24.9091#50.83#30.63#18.54
-100.189,24.9108#51#30.65#18.35
-100.138,24.9126#51.17#30.67#18.16
-100.088,24.9143#51.34#30.69#17.97
-100.038,24.916#51.51#30.71#17.78
-99.9874,24.9177#51.68#30.72#17.6
-99.9371,24.9193#51.81#30.68#17.51
-99.8867,24.921#51.95#30.64#17.41
-99.8364,24.9226#52.08#30.6#17.32
-99.7861,24.9243#52.22#30.56#17.22
-99.7358,24.9259#52.35#30.53#17.12
-99.6854,24.9274#52.49#30.49#17.02
-99.6351,24.929#52.62#30.45#16.93
-99.5848,24.9306#52.76#30.41#16.83
-99.5344,24.9321#52.89#30.37#16.74
-99.4841,24.9336#53.02#30.33#16.65
-99.4337,24.9351#53.15#30.26#16.59
-99.3834,24.9366#53.29#30.19#16.52
-99.3331,24.9381#53.42#30.12#16.46
-99.2827,24.9395#53.55#30.06#16.39
-99.2324,24.941#53.68#29.99#16.33
-99.182,24.9424#53.81#29.93#16.26
-99.1317,24.9438#53.94#29.86#16.2
-99.0813,24.9452#54.08#29.8#16.12
-99.031,24.9465#54.21#29.73#16.06
-98.9806,24.9479#54.32#29.68#16
-98.9303,24.9492#54.39#29.66#15.95
-98.8799,24.9505#54.47#29.63#15.9
-98.8296,24.9518#54.54#29.61#15.85
-98.7792,24.9531#54.62#29.58#15.8
-98.7289,24.9544#54.69#29.56#15.75
-98.6785,24.9556#54.77#29.53#15.7
-98.6282,24.9569#54.84#29.51#15.65
-98.5778,24.9581#54.92#29.49#15.59
-98.5274,24.9593#54.99#29.46#15.55
-98.4771,24.9604#55.05#29.44#15.51
-98.4267,24.9616#55.09#29.42#15.49
-98.3764,24.9627#55.13#29.41#15.46
-98.326,24.9639#55.17#29.39#15.44
-98.2756,24.965#55.21#29.38#15.41
-98.2253,24.9661#55.25#29.36#15.39
-98.1749,24.9672#55.29#29.35#15.36
-98.1245,24.9682#55.33#29.33#15.34
-98.0742,24.9693#55.36#29.31#15.33
-98.0238,24.9703#55.4#29.3#15.3
-97.9734,24.9713#55.42#29.29#15.29
-97.9231,24.9723#55.42#29.28#15.3
-97.8727,24.9733#55.41#29.27#15.32
-97.8223,24.9742#55.41#29.26#15.33
-97.7719,24.9752#55.41#29.25#15.34
-97.7216,24.9761#55.4#29.24#15.36
-97.6712,24.977#55.4#29.23#15.37
-97.6208,24.9779#55.39#29.23#15.38
-97.5705,24.9788#55.39#29.22#15.39
-97.5201,24.9796#55.38#29.21#15.41
-97.4697,24.9805#55.37#29.2#15.43
-97.4193,24.9813#55.34#29.19#15.47
-97.3689,24.9821#55.32#29.19#15.49
-97.3186,24.9829#55.29#29.18#15.53
-97.2682,24.9837#55.27#29.17#15.56
-97.2178,24.9844#55.25#29.16#15.59
-97.1674,24.9852#55.22#29.16#15.62
-97.117,24.9859#55.2#29.15#15.65
-97.0667,24.9866#55.17#29.14#15.69
-97.0163,24.9873#55.15#29.14#15.71
-96.9659,24.9879#55.1#29.12#15.78
-96.9155,24.9886#55.04#29.1#15.86
-96.8651,24.9892#54.98#29.09#15.93
-96.8148,24.9899#54.92#29.07#16.01
-96.7644,24.9905#54.86#29.05#16.09
-96.714,24.991#54.79#29.03#16.18
-96.6636,24.9916#54.73#29.02#16.25
-96.6132,24.9922#54.67#29#16.33
-96.5628,24.9927#54.61#28.98#16.41
-96.5124,24.9932#54.55#28.96#16.49
-96.462,24.9937#54.48#28.94#16.58
-96.4117,24.9942#54.41#28.92#16.67
-96.3613,24.9947#54.34#28.9#16.76
-96.3109,24.9951#54.27#28.87#16.86
-96.2605,24.9956#54.2#28.85#16.95
-96.2101,24.996#54.13#28.83#17.04
-96.1597,24.9964#54.06#28.8#17.14
-96.1093,24.9967#53.99#28.78#17.23
-96.0589,24.9971#53.92#28.76#17.32
-96.0085,24.9975#53.85#28.73#17.42
-95.9582,24.9978#53.78#28.71#17.51
-95.9078,24.9981#53.7#28.68#17.62
-95.8574,24.9984#53.62#28.65#17.73
-95.807,24.9987#53.54#28.62#17.84
-95.7566,24.9989#53.46#28.59#17.95
-95.7062,24.9992#53.38#28.56#18.06
-95.6558,24.9994#53.3#28.54#18.16
-95.6054,24.9996#53.22#28.51#18.27
-95.555,24.9998#53.14#28.48#18.38
-95.5046,25#53.06#28.45#18.49
-95.4542,25.0002#52.97#28.43#18.6
-95.4038,25.0003#52.87#28.41#18.72
-95.3534,25.0004#52.77#28.4#18.83
-95.3031,25.0006#52.68#28.38#18.94
-95.2527,25.0006#52.58#28.36#19.06
-95.2023,25.0007#52.49#28.34#19.17
-95.1519,25.0008#52.39#28.32#19.29
-95.1015,25.0008#52.3#28.31#19.39
-95.0511,25.0009#52.2#28.29#19.51
-95.0007,25.0009#52.1#28.27#19.63
-94.9503,25.0009#51.99#28.26#19.75
-94.8999,25.0008#51.87#28.25#19.88
-94.8495,25.0008#51.76#28.24#20
-94.7991,25.0007#51.64#28.24#20.12
-94.7487,25.0007#51.53#28.23#20.24
-94.6983,25.0006#51.41#28.22#20.37
-94.6479,25.0004#51.3#28.21#20.49
-94.5975,25.0003#51.18#28.2#20.62
-94.5472,25.0002#51.07#28.19#20.74
-94.4968,25#50.95#28.18#20.87
-94.4464,24.9998#50.83#28.18#20.99
-94.396,24.9996#50.72#28.18#21.1
-94.3456,24.9994#50.6#28.17#21.23
-94.2952,24.9992#50.48#28.17#21.35
-94.2448,24.999#50.36#28.16#21.48
-94.1944,24.9987#50.25#28.16#21.59
-94.144,24.9984#50.13#28.16#21.71
-94.0936,24.9981#50.01#28.15#21.84
-94.0432,24.9978#49.89#28.15#21.96
-93.9928,24.9975#49.78#28.14#22.08
-93.9425,24.9971#49.68#28.14#22.18
-93.8921,24.9968#49.59#28.14#22.27
-93.8417,24.9964#49.49#28.13#22.38
-93.7913,24.996#49.4#28.13#22.47
-93.7409,24.9956#49.3#28.13#22.57
-93.6905,24.9951#49.21#28.13#22.66
-93.6401,24.9947#49.11#28.12#22.77
-93.5897,24.9942#49.01#28.12#22.87
-93.5393,24.9937#48.92#28.12#22.96
-93.489,24.9932#48.83#28.12#23.05
-93.4386,24.9927#48.74#28.11#23.15
-93.3882,24.9922#48.66#28.11#23.23
-93.3378,24.9916#48.57#28.11#23.32
-93.2874,24.9911#48.49#28.11#23.4
-93.237,24.9905#48.41#28.11#23.48
-93.1866,24.9899#48.32#28.1#23.58
-93.1363,24.9893#48.24#28.1#23.66
-93.0859,24.9886#48.15#28.1#23.75
-93.0355,24.988#48.07#28.1#23.83
-92.9851,24.9873#47.99#28.1#23.91
-92.9347,24.9866#47.92#28.09#23.99
-92.8843,24.9859#47.85#28.09#24.06
-92.834,24.9852#47.78#28.09#24.13
-92.7836,24.9844#47.71#28.09#24.2
-92.7332,24.9837#47.64#28.09#24.27
-92.6828,24.9829#47.57#28.09#24.34
-92.6324,24.9821#47.5#28.08#24.42
-92.5821,24.9813#47.43#28.08#24.49
-92.5317,24.9805#47.36#28.08#24.56
-92.4813,24.9797#47.3#28.08#24.62
-92.4309,24.9788#47.24#28.08#24.68
-92.3806,24.9779#47.17#28.08#24.75
-92.3302,24.977#47.11#28.07#24.82
-92.2798,24.9761#47.05#28.07#24.88
-92.2294,24.9752#46.99#28.07#24.94
-92.1791,24.9743#46.93#28.07#25
-92.1287,24.9733#46.87#28.07#25.06
-92.0783,24.9723#46.8#28.07#25.13
-92.028,24.9713#46.74#28.06#25.2
-91.9776,24.9703#46.69#28.06#25.25
-91.9272,24.9693#46.64#28.06#25.3
-91.8769,24.9683#46.59#28.06#25.35
-91.8265,24.9672#46.54#28.06#25.4
-91.7761,24.9661#46.5#28.06#25.44
-91.7258,24.965#46.45#28.05#25.5
-91.6754,24.9639#46.4#28.05#25.55
-91.625,24.9628#46.35#28.05#25.6
-91.5747,24.9616#46.31#28.05#25.64
-91.5243,24.9605#46.26#28.05#25.69
-91.474,24.9593#46.22#28.04#25.74
-91.4236,24.9581#46.18#28.04#25.78
-91.3732,24.9569#46.15#28.04#25.81
-91.3229,24.9557#46.12#28.04#25.84
-91.2725,24.9544#46.08#28.04#25.88
-91.2222,24.9531#46.05#28.04#25.91
-91.1718,24.9519#46.02#28.03#25.95
-91.1215,24.9506#45.98#28.03#25.99
-91.0711,24.9492#45.95#28.03#26.02
-91.0208,24.9479#45.92#28.03#26.05
-90.9704,24.9466#45.89#28.03#26.08
-90.9201,24.9452#45.87#28.02#26.11
-90.8697,24.9438#45.84#28.02#26.14
-90.8194,24.9424#45.82#28.02#26.16
-90.769,24.941#45.8#28.02#26.18
-90.7187,24.9396#45.78#28.02#26.2
-90.6683,24.9381#45.75#28.01#26.24
-90.618,24.9367#45.73#28.01#26.26
-90.5677,24.9352#45.71#28.01#26.28
-90.5173,24.9337#45.68#28.01#26.31
-90.467,24.9321#45.67#28.01#26.32
-90.4166,24.9306#45.66#28#26.34
-90.3663,24.9291#45.64#28#26.36
-90.316,24.9275#45.63#28#26.37
-90.2656,24.9259#45.62#28#26.38
-90.2153,24.9243#45.61#27.99#26.4
-90.165,24.9227#45.59#27.99#26.42
-90.1146,24.921#45.58#27.99#26.43
-90.0643,24.9194#45.57#27.99#26.44
-90.014,24.9177#45.56#27.98#26.46
-89.9637,24.916#45.55#27.98#26.47
-89.9133,24.9143#45.55#27.98#26.47
-89.863,24.9126#45.55#27.98#26.47
-89.8127,24.9109#45.55#27.97#26.48
-89.7624,24.9091#45.54#27.97#26.49
-89.7121,24.9073#45.54#27.97#26.49
-89.6618,24.9056#45.54#27.96#26.5
-89.6114,24.9037#45.54#27.96#26.5
-89.5611,24.9019#45.53#27.96#26.51
-89.5108,24.9001#45.53#27.96#26.51
-101.599,24.9009#45.97#28.9#25.13
-101.549,24.9031#46.2#28.98#24.82
-101.499,24.9053#46.42#29.06#24.52
-101.449,24.9075#46.61#29.16#24.23
-101.398,24.9096#46.8#29.27#23.93
-101.348,24.9118#47#29.37#23.63
-101.298,24.9139#47.19#29.48#23.33
-101.247,24.916#47.38#29.58#23.04
-101.197,24.9181#47.57#29.68#22.75
-101.147,24.9202#47.77#29.79#22.44
-101.096,24.9223#47.96#29.89#22.15
-101.046,24.9243#48.16#29.99#21.85
-100.996,24.9263#48.35#30.08#21.57
-100.946,24.9283#48.54#30.13#21.33
-100.895,24.9303#48.73#30.18#21.09
-100.845,24.9323#48.91#30.22#20.87
-100.795,24.9343#49.1#30.27#20.63
-100.744,24.9362#49.29#30.31#20.4
-100.694,24.9381#49.48#30.36#20.16
-100.644,24.9401#49.67#30.4#19.93
-100.593,24.9419#49.86#30.45#19.69
-100.543,24.9438#50.05#30.49#19.46
-100.493,24.9457#50.23#30.53#19.24
-100.442,24.9475#50.41#30.55#19.04
-100.392,24.9493#50.58#30.57#18.85
-100.342,24.9512#50.76#30.58#18.66
-100.291,24.9529#50.93#30.6#18.47
-100.241,24.9547#51.11#30.62#18.27
-100.191,24.9565#51.28#30.63#18.09
-100.14,24.9582#51.46#30.65#17.89
-100.09,24.9599#51.63#30.66#17.71
-100.04,24.9616#51.81#30.68#17.51
-99.9893,24.9633#51.98#30.68#17.34
-99.9389,24.965#52.11#30.64#17.25
-99.8886,24.9667#52.25#30.6#17.15
-99.8382,24.9683#52.38#30.57#17.05
-99.7879,24.9699#52.52#30.53#16.95
-99.7375,24.9715#52.65#30.49#16.86
-99.6872,24.9731#52.79#30.45#16.76
-99.6368,24.9747#52.92#30.41#16.67
-99.5865,24.9762#53.05#30.37#16.58
-99.5361,24.9778#53.19#30.33#16.48
-99.4857,24.9793#53.32#30.29#16.39
-99.4354,24.9808#53.46#30.23#16.31
-99.385,24.9823#53.59#30.17#16.24
-99.3347,24.9837#53.72#30.11#16.17
-99.2843,24.9852#53.86#30.04#16.1
-99.2339,24.9866#53.99#29.98#16.03
-99.1836,24.988#54.13#29.92#15.95
-99.1332,24.9894#54.26#29.87#15.87
-99.0828,24.9908#54.39#29.81#15.8
-99.0325,24.9922#54.53#29.75#15.72
-98.9821,24.9935#54.64#29.7#15.66
-98.9317,24.9949#54.72#29.68#15.6
-98.8814,24.9962#54.79#29.66#15.55
-98.831,24.9975#54.87#29.63#15.5
-98.7806,24.9988#54.95#29.61#15.44
-98.7303,25#55.02#29.59#15.39
-98.6799,25.0013#55.1#29.56#15.34
-98.6295,25.0025#55.17#29.54#15.29
-98.5791,25.0037#55.25#29.52#15.23
-98.5288,25.0049#55.33#29.49#15.18
-98.4784,25.0061#55.39#29.47#15.14
-98.428,25.0073#55.43#29.46#15.11
-98.3776,25.0084#55.47#29.44#15.09
-98.3272,25.0096#55.51#29.43#15.06
-98.2769,25.0107#55.56#29.41#15.03
-98.2265,25.0118#55.6#29.4#15
-98.1761,25.0128#55.64#29.38#14.98
-98.1257,25.0139#55.68#29.37#14.95
-98.0753,25.0149#55.72#29.35#14.93
-98.0249,25.016#55.77#29.34#14.89
-97.9745,25.017#55.78#29.33#14.89
-97.9242,25.018#55.78#29.32#14.9
-97.8738,25.019#55.77#29.31#14.92
-97.8234,25.0199#55.77#29.3#14.93
-97.773,25.0209#55.76#29.29#14.95
-97.7226,25.0218#55.75#29.28#14.97
-97.6722,25.0227#55.75#29.28#14.97
-97.6218,25.0236#55.74#29.27#14.99
-97.5714,25.0245#55.73#29.26#15.01
-97.521,25.0253#55.73#29.25#15.02
-97.4706,25.0262#55.71#29.24#15.05
-97.4202,25.027#55.69#29.24#15.07
-97.3698,25.0278#55.66#29.23#15.11
-97.3194,25.0286#55.64#29.22#15.14
-97.269,25.0293#55.62#29.22#15.16
-97.2186,25.0301#55.59#29.21#15.2
-97.1682,25.0308#55.57#29.2#15.23
-97.1178,25.0316#55.54#29.2#15.26
-97.0674,25.0323#55.52#29.19#15.29
-97.017,25.033#55.49#29.18#15.33
-96.9666,25.0336#55.44#29.17#15.39
-96.9162,25.0343#55.38#29.15#15.47
-96.8658,25.0349#55.32#29.14#15.54
-96.8154,25.0355#55.26#29.12#15.62
-96.765,25.0361#55.2#29.1#15.7
-96.7146,25.0367#55.14#29.09#15.77
-96.6642,25.0373#55.08#29.07#15.85
-96.6138,25.0378#55.01#29.06#15.93
-96.5634,25.0384#54.95#29.04#16.01
-96.513,25.0389#54.89#29.02#16.09
-96.4626,25.0394#54.82#29#16.18
-96.4122,25.0399#54.75#28.98#16.27
-96.3618,25.0404#54.68#28.96#16.36
-96.3114,25.0408#54.61#28.93#16.46
-96.261,25.0412#54.54#28.91#16.55
-96.2106,25.0417#54.48#28.89#16.63
-96.1601,25.0421#54.41#28.86#16.73
-96.1097,25.0424#54.34#28.84#16.82
-96.0593,25.0428#54.26#28.82#16.92
-96.0089,25.0431#54.19#28.8#17.01
-95.9585,25.0435#54.12#28.77#17.11
-95.9081,25.0438#54.04#28.74#17.22
-95.8577,25.0441#53.96#28.72#17.32
-95.8073,25.0444#53.88#28.69#17.43
-95.7569,25.0446#53.8#28.66#17.54
-95.7065,25.0449#53.72#28.64#17.64
-95.6561,25.0451#53.64#28.61#17.75
-95.6056,25.0453#53.56#28.58#17.86
-95.5552,25.0455#53.47#28.55#17.98
-95.5048,25.0457#53.39#28.53#18.08
-95.4544,25.0459#53.3#28.51#18.19
-95.404,25.046#53.2#28.49#18.31
-95.3536,25.0461#53.1#28.47#18.43
-95.3032,25.0462#53#28.45#18.55
-95.2528,25.0463#52.9#28.43#18.67
-95.2023,25.0464#52.8#28.41#18.79
-95.1519,25.0465#52.7#28.4#18.9
-95.1015,25.0465#52.6#28.38#19.02
-95.0511,25.0465#52.51#28.36#19.13
-95.0007,25.0466#52.41#28.34#19.25
-94.9503,25.0465#52.29#28.33#19.38
-94.8999,25.0465#52.18#28.32#19.5
-94.8495,25.0465#52.06#28.31#19.63
-94.799,25.0464#51.95#28.3#19.75
-94.7486,25.0463#51.83#28.29#19.88
-94.6982,25.0462#51.72#28.28#20
-94.6478,25.0461#51.6#28.27#20.13
-94.5974,25.046#51.49#28.26#20.25
-94.547,25.0459#51.37#28.26#20.37
-94.4966,25.0457#51.26#28.25#20.49
-94.4462,25.0455#51.14#28.24#20.62
-94.3958,25.0453#51.02#28.24#20.74
-94.3453,25.0451#50.9#28.23#20.87
-94.2949,25.0449#50.77#28.23#21
-94.2445,25.0446#50.65#28.22#21.13
-94.1941,25.0444#50.53#28.22#21.25
-94.1437,25.0441#50.41#28.21#21.38
-94.0933,25.0438#50.29#28.21#21.5
-94.0429,25.0435#50.17#28.21#21.62
-93.9925,25.0432#50.05#28.2#21.75
-93.9421,25.0428#49.95#28.2#21.85
-93.8917,25.0424#49.85#28.2#21.95
-93.8412,25.0421#49.76#28.19#22.05
-93.7908,25.0417#49.66#28.19#22.15
-93.7404,25.0412#49.56#28.19#22.25
-93.69,25.0408#49.46#28.18#22.36
-93.6396,25.0404#49.37#28.18#22.45
-93.5892,25.0399#49.27#28.18#22.55
-93.5388,25.0394#49.17#28.18#22.65
-93.4884,25.0389#49.08#28.17#22.75
-93.438,25.0384#48.99#28.17#22.84
-93.3876,25.0379#48.9#28.17#22.93
-93.3372,25.0373#48.82#28.17#23.01
-93.2868,25.0367#48.73#28.16#23.11
-93.2364,25.0362#48.64#28.16#23.2
-93.186,25.0356#48.56#28.16#23.28
-93.1356,25.0349#48.47#28.16#23.37
-93.0852,25.0343#48.38#28.16#23.46
-93.0348,25.0336#48.3#28.15#23.55
-92.9844,25.033#48.22#28.15#23.63
-92.934,25.0323#48.14#28.15#23.71
-92.8836,25.0316#48.07#28.15#23.78
-92.8332,25.0309#48#28.15#23.85
-92.7828,25.0301#47.93#28.14#23.93
-92.7324,25.0294#47.86#28.14#24
-92.682,25.0286#47.79#28.14#24.07
-92.6316,25.0278#47.72#28.14#24.14
-92.5812,25.027#47.65#28.14#24.21
-92.5308,25.0262#47.57#28.13#24.3
-92.4804,25.0253#47.51#28.13#24.36
-92.43,25.0245#47.44#28.13#24.43
-92.3796,25.0236#47.38#28.13#24.49
-92.3292,25.0227#47.32#28.13#24.55
-92.2788,25.0218#47.26#28.13#24.61
-92.2284,25.0209#47.19#28.12#24.69
-92.178,25.0199#47.13#28.12#24.75
-92.1276,25.019#47.07#28.12#24.81
-92.0772,25.018#47.01#28.12#24.87
-92.0269,25.017#46.94#28.12#24.94
-91.9765,25.016#46.89#28.11#25
-91.9261,25.015#46.84#28.11#25.05
-91.8757,25.0139#46.79#28.11#25.1
-91.8253,25.0129#46.74#28.11#25.15
-91.7749,25.0118#46.7#28.11#25.19
-91.7245,25.0107#46.65#28.11#25.24
-91.6742,25.0096#46.6#28.1#25.3
-91.6238,25.0085#46.55#28.1#25.35
-91.5734,25.0073#46.5#28.1#25.4
-91.523,25.0061#46.45#28.1#25.45
-91.4726,25.005#46.41#28.1#25.49
-91.4223,25.0038#46.38#28.09#25.53
-91.3719,25.0026#46.35#28.09#25.56
-91.3215,25.0013#46.31#28.09#25.6
-91.2711,25.0001#46.28#28.09#25.63
-91.2208,24.9988#46.25#28.09#25.66
-91.1704,24.9975#46.21#28.08#25.71
-91.12,24.9962#46.18#28.08#25.74
-91.0696,24.9949#46.15#28.08#25.77
-91.0193,24.9936#46.11#28.08#25.81
-90.9689,24.9922#46.08#28.08#25.84
-90.9185,24.9909#46.06#28.07#25.87
-90.8682,24.9895#46.04#28.07#25.89
-90.8178,24.9881#46.02#28.07#25.91
-90.7674,24.9867#46#28.07#25.93
-90.7171,24.9852#45.98#28.06#25.96
-90.6667,24.9838#45.95#28.06#25.99
-90.6164,24.9823#45.93#28.06#26.01
-90.566,24.9808#45.91#28.06#26.03
-90.5156,24.9793#45.89#28.06#26.05
-90.4653,24.9778#45.87#28.05#26.08
-90.4149,24.9763#45.86#28.05#26.09
-90.3646,24.9747#45.85#28.05#26.1
-90.3142,24.9732#45.84#28.05#26.11
-90.2639,24.9716#45.82#28.04#26.14
-90.2135,24.97#45.81#28.04#26.15
-90.1632,24.9683#45.8#28.04#26.16
-90.1128,24.9667#45.79#28.04#26.17
-90.0625,24.965#45.77#28.03#26.2
-90.0121,24.9634#45.76#28.03#26.21
-89.9618,24.9617#45.76#28.03#26.21
-89.9115,24.96#45.75#28.03#26.22
-89.8611,24.9583#45.75#28.02#26.23
-89.8108,24.9565#45.75#28.02#26.23
-89.7604,24.9548#45.75#28.02#26.23
-89.7101,24.953#45.74#28.01#26.25
-89.6598,24.9512#45.74#28.01#26.25
-89.6094,24.9494#45.74#28.01#26.25
-89.5591,24.9476#45.74#28.01#26.25
-89.5088,24.9457#45.73#28#26.27
-89.4584,24.9439#45.74#28#26.26
-89.4081,24.942#45.74#28#26.26
-89.3578,24.9401#45.75#27.99#26.26
-89.3075,24.9382#45.76#27.99#26.25
-89.2571,24.9363#45.76#27.99#26.25
-89.2068,24.9343#45.77#27.98#26.25
-89.1565,24.9324#45.77#27.98#26.25
-89.1062,24.9304#45.78#27.98#26.24
-89.0559,24.9284#45.78#27.97#26.25
-89.0056,24.9264#45.79#27.97#26.24
-88.9552,24.9244#45.8#27.97#26.23
-88.9049,24.9223#45.81#27.96#26.23
-88.8546,24.9203#45.83#27.96#26.21
-88.8043,24.9182#45.84#27.96#26.2
-88.754,24.9161#45.85#27.95#26.2
-88.7037,24.914#45.87#27.95#26.18
-88.6534,24.9118#45.88#27.95#26.17
-88.6031,24.9097#45.89#27.94#26.17
-88.5528,24.9075#45.9#27.94#26.16
-88.5025,24.9054#45.92#27.94#26.14
-88.4522,24.9032#45.93#27.93#26.14
-88.4019,24.9009#45.95#27.93#26.12
-102.558,24.9012#42.12#28#29.88
-102.507,24.9038#42.34#28.02#29.64
-102.457,24.9063#42.53#28.05#29.42
-102.407,24.9088#42.73#28.09#29.18
-102.356,24.9113#42.93#28.12#28.95
-102.306,24.9137#43.13#28.16#28.71
-102.256,24.9162#43.32#28.2#28.48
-102.206,24.9186#43.52#28.24#28.24
-102.155,24.921#43.72#28.28#28
-102.105,24.9234#43.92#28.31#27.77
-102.055,24.9258#44.11#28.35#27.54
-102.004,24.9282#44.31#28.39#27.3
-101.954,24.9305#44.54#28.47#26.99
-101.904,24.9329#44.77#28.55#26.68
-101.853,24.9352#44.99#28.62#26.39
-101.803,24.9375#45.22#28.7#26.08
-101.753,24.9398#45.45#28.78#25.77
-101.703,24.942#45.68#28.86#25.46
-101.652,24.9443#45.91#28.94#25.15
-101.602,24.9465#46.14#29.02#24.84
-101.552,24.9487#46.37#29.09#24.54
-101.501,24.9509#46.6#29.17#24.23
-101.451,24.9531#46.79#29.27#23.94
-101.401,24.9553#46.99#29.37#23.64
-101.35,24.9574#47.19#29.47#23.34
-101.3,24.9596#47.39#29.56#23.05
-101.25,24.9617#47.58#29.66#22.76
-101.199,24.9638#47.78#29.76#22.46
-101.149,24.9658#47.98#29.85#22.17
-101.099,24.9679#48.18#29.95#21.87
-101.048,24.97#48.38#30.04#21.58
-100.998,24.972#48.58#30.13#21.29
-100.948,24.974#48.77#30.17#21.06
-100.897,24.976#48.96#30.21#20.83
-100.847,24.978#49.15#30.26#20.59
-100.797,24.9799#49.34#30.3#20.36
-100.746,24.9819#49.54#30.34#20.12
-100.696,24.9838#49.73#30.38#19.89
-100.646,24.9857#49.92#30.42#19.66
-100.595,24.9876#50.11#30.46#19.43
-100.545,24.9895#50.31#30.51#19.18
-100.495,24.9913#50.5#30.54#18.96
-100.444,24.9932#50.68#30.56#18.76
-100.394,24.995#50.85#30.57#18.58
-100.344,24.9968#51.03#30.58#18.39
-100.293,24.9986#51.21#30.59#18.2
-100.243,25.0004#51.39#30.6#18.01
-100.193,25.0021#51.57#30.61#17.82
-100.142,25.0039#51.75#30.62#17.63
-100.092,25.0056#51.93#30.63#17.44
-100.041,25.0073#52.11#30.64#17.25
-99.9911,25.009#52.28#30.65#17.07
-99.9407,25.0107#52.41#30.61#16.98
-99.8904,25.0123#52.55#30.57#16.88
-99.84,25.014#52.68#30.53#16.79
-99.7896,25.0156#52.82#30.49#16.69
-99.7393,25.0172#52.95#30.45#16.6
-99.6889,25.0188#53.09#30.41#16.5
-99.6385,25.0203#53.22#30.37#16.41
-99.5882,25.0219#53.35#30.33#16.32
-99.5378,25.0234#53.49#30.29#16.22
-99.4874,25.025#53.62#30.25#16.13
-99.437,25.0265#53.76#30.2#16.04
-99.3867,25.0279#53.9#30.14#15.96
-99.3363,25.0294#54.03#30.09#15.88
-99.2859,25.0309#54.17#30.03#15.8
-99.2355,25.0323#54.3#29.98#15.72
-99.1851,25.0337#54.44#29.92#15.64
-99.1348,25.0351#54.58#29.87#15.55
-99.0844,25.0365#54.71#29.82#15.47
-99.034,25.0379#54.85#29.76#15.39
-98.9836,25.0392#54.97#29.72#15.31
-98.9332,25.0406#55.04#29.7#15.26
-98.8828,25.0419#55.12#29.68#15.2
-98.8324,25.0432#55.2#29.66#15.14
-98.782,25.0444#55.27#29.63#15.1
-98.7316,25.0457#55.35#29.61#15.04
-98.6813,25.047#55.43#29.59#14.98
-98.6309,25.0482#55.51#29.57#14.92
-98.5805,25.0494#55.58#29.55#14.87
-98.5301,25.0506#55.66#29.52#14.82
-98.4797,25.0518#55.72#29.5#14.78
-98.4293,25.053#55.77#29.49#14.74
-98.3789,25.0541#55.81#29.48#14.71
-98.3285,25.0552#55.86#29.46#14.68
-98.2781,25.0563#55.9#29.45#14.65
-98.2277,25.0574#55.95#29.43#14.62
-98.1773,25.0585#55.99#29.42#14.59
-98.1269,25.0596#56.04#29.41#14.55
-98.0765,25.0606#56.08#29.39#14.53
-98.0261,25.0616#56.13#29.38#14.49
-97.9756,25.0627#56.15#29.37#14.48
-97.9252,25.0637#56.14#29.36#14.5
-97.8748,25.0646#56.13#29.35#14.52
-97.8244,25.0656#56.12#29.34#14.54
-97.774,25.0665#56.12#29.33#14.55
-97.7236,25.0675#56.11#29.33#14.56
-97.6732,25.0684#56.1#29.32#14.58
-97.6228,25.0693#56.09#29.31#14.6
-97.5724,25.0701#56.08#29.3#14.62
-97.522,25.071#56.07#29.29#14.64
-97.4715,25.0718#56.05#29.29#14.66
-97.4211,25.0727#56.03#29.28#14.69
-97.3707,25.0735#56.01#29.27#14.72
-97.3203,25.0743#55.98#29.27#14.75
-97.2699,25.075#55.96#29.26#14.78
-97.2195,25.0758#55.94#29.25#14.81
-97.169,25.0765#55.91#29.25#14.84
-97.1186,25.0772#55.89#29.24#14.87
-97.0682,25.078#55.86#29.23#14.91
-97.0178,25.0786#55.84#29.23#14.93
-96.9674,25.0793#55.79#29.21#15
-96.9169,25.08#55.73#29.2#15.07
-96.8665,25.0806#55.67#29.19#15.14
-96.8161,25.0812#55.61#29.17#15.22
-96.7657,25.0818#55.54#29.16#15.3
-96.7153,25.0824#55.48#29.14#15.38
-96.6648,25.083#55.42#29.13#15.45
-96.6144,25.0835#55.36#29.11#15.53
-96.564,25.0841#55.3#29.1#15.6
-96.5136,25.0846#55.23#29.08#15.69
-96.4631,25.0851#55.17#29.06#15.77
-96.4127,25.0856#55.1#29.04#15.86
-96.3623,25.086#55.03#29.02#15.95
-96.3119,25.0865#54.96#28.99#16.05
-96.2614,25.0869#54.89#28.97#16.14
-96.211,25.0873#54.82#28.95#16.23
-96.1606,25.0877#54.75#28.93#16.32
-96.1102,25.0881#54.68#28.9#16.42
-96.0597,25.0885#54.61#28.88#16.51
-96.0093,25.0888#54.53#28.86#16.61
-95.9589,25.0892#54.46#28.83#16.71
-95.9084,25.0895#54.38#28.81#16.81
-95.858,25.0898#54.3#28.78#16.92
-95.8076,25.0901#54.21#28.76#17.03
-95.7572,25.0903#54.13#28.73#17.14
-95.7067,25.0906#54.05#28.71#17.24
-95.6563,25.0908#53.97#28.68#17.35
-95.6059,25.091#53.89#28.65#17.46
-95.5554,25.0912#53.81#28.63#17.56
-95.505,25.0914#53.73#28.6#17.67
-95.4546,25.0915#53.63#28.58#17.79
-95.4041,25.0917#53.53#28.56#17.91
-95.3537,25.0918#53.43#28.54#18.03
-95.3033,25.0919#53.32#28.52#18.16
-95.2529,25.092#53.22#28.51#18.27
-95.2024,25.0921#53.12#28.49#18.39
-95.152,25.0922#53.02#28.47#18.51
-95.1016,25.0922#52.91#28.45#18.64
-95.0511,25.0922#52.81#28.43#18.76
-95.0007,25.0922#52.71#28.41#18.88
-94.9503,25.0922#52.6#28.4#19
-94.8998,25.0922#52.48#28.39#19.13
-94.8494,25.0922#52.37#28.38#19.25
-94.799,25.0921#52.25#28.37#19.38
-94.7485,25.092#52.14#28.36#19.5
-94.6981,25.0919#52.02#28.35#19.63
-94.6477,25.0918#51.91#28.34#19.75
-94.5973,25.0917#51.79#28.33#19.88
-94.5468,25.0916#51.68#28.32#20
-94.4964,25.0914#51.56#28.31#20.13
-94.446,25.0912#51.44#28.3#20.26
-94.3955,25.091#51.32#28.3#20.38
-94.3451,25.0908#51.19#28.29#20.52
-94.2947,25.0906#51.07#28.29#20.64
-94.2442,25.0903#50.94#28.28#20.78
-94.1938,25.0901#50.82#28.28#20.9
-94.1434,25.0898#50.69#28.27#21.04
-94.093,25.0895#50.57#28.27#21.16
-94.0425,25.0892#50.44#28.26#21.3
-93.9921,25.0888#50.32#28.26#21.42
-93.9417,25.0885#50.22#28.26#21.52
-93.8912,25.0881#50.12#28.25#21.63
-93.8408,25.0878#50.02#28.25#21.73
-93.7904,25.0874#49.92#28.25#21.83
-93.74,25.0869#49.82#28.24#21.94
-93.6895,25.0865#49.72#28.24#22.04
-93.6391,25.0861#49.62#28.24#22.14
-93.5887,25.0856#49.52#28.23#22.25
-93.5383,25.0851#49.42#28.23#22.35
-93.4878,25.0846#49.33#28.23#22.44
-93.4374,25.0841#49.24#28.23#22.53
-93.387,25.0835#49.15#28.22#22.63
-93.3366,25.083#49.06#28.22#22.72
-93.2861,25.0824#48.97#28.22#22.81
-93.2357,25.0818#48.88#28.22#22.9
-93.1853,25.0812#48.79#28.22#22.99
-93.1349,25.0806#48.7#28.21#23.09
-93.0844,25.08#48.61#28.21#23.18
-93.034,25.0793#48.52#28.21#23.27
-92.9836,25.0787#48.44#28.21#23.35
-92.9332,25.078#48.37#28.2#23.43
-92.8828,25.0773#48.29#28.2#23.51
-92.8324,25.0765#48.22#28.2#23.58
-92.7819,25.0758#48.15#28.2#23.65
-92.7315,25.075#48.08#28.2#23.72
-92.6811,25.0743#48#28.19#23.81
-92.6307,25.0735#47.93#28.19#23.88
-92.5803,25.0727#47.86#28.19#23.95
-92.5299,25.0719#47.79#28.19#24.02
-92.4794,25.071#47.72#28.19#24.09
-92.429,25.0702#47.65#28.18#24.17
-92.3786,25.0693#47.59#28.18#24.23
-92.3282,25.0684#47.53#28.18#24.29
-92.2778,25.0675#47.46#28.18#24.36
-92.2274,25.0666#47.4#28.18#24.42
-92.177,25.0656#47.34#28.17#24.49
-92.1266,25.0647#47.27#28.17#24.56
-92.0762,25.0637#47.21#28.17#24.62
-92.0257,25.0627#47.15#28.17#24.68
-91.9753,25.0617#47.09#28.17#24.74
-91.9249,25.0606#47.04#28.16#24.8
-91.8745,25.0596#46.99#28.16#24.85
-91.8241,25.0585#46.94#28.16#24.9
-91.7737,25.0575#46.89#28.16#24.95
-91.7233,25.0564#46.85#28.16#24.99
-91.6729,25.0553#46.8#28.15#25.05
-91.6225,25.0541#46.75#28.15#25.1
-91.5721,25.053#46.7#28.15#25.15
-91.5217,25.0518#46.65#28.15#25.2
-91.4713,25.0506#46.61#28.15#25.24
-91.4209,25.0494#46.58#28.14#25.28
-91.3705,25.0482#46.54#28.14#25.32
-91.3201,25.047#46.51#28.14#25.35
-91.2697,25.0457#46.48#28.14#25.38
-91.2194,25.0445#46.44#28.14#25.42
-91.169,25.0432#46.41#28.13#25.46
-91.1186,25.0419#46.37#28.13#25.5
-91.0682,25.0406#46.34#28.13#25.53
-91.0178,25.0393#46.31#28.13#25.56
-90.9674,25.0379#46.28#28.13#25.59
-90.917,25.0365#46.26#28.12#25.62
-90.8666,25.0352#46.24#28.12#25.64
-90.8163,25.0338#46.22#28.12#25.66
-90.7659,25.0323#46.2#28.12#25.68
-90.7155,25.0309#46.18#28.11#25.71
-90.6651,25.0295#46.15#28.11#25.74
-90.6147,25.028#46.13#28.11#25.76
-90.5644,25.0265#46.11#28.11#25.78
-90.514,25.025#46.09#28.11#25.8
-90.4636,25.0235#46.07#28.1#25.83
-90.4132,25.0219#46.06#28.1#25.84
-90.3629,25.0204#46.05#28.1#25.85
-90.3125,25.0188#46.04#28.09#25.87
-90.2621,25.0172#46.03#28.09#25.88
-90.2117,25.0156#46.01#28.09#25.9
-90.1614,25.014#46#28.09#25.91
-90.111,25.0124#45.99#28.08#25.93
-90.0606,25.0107#45.98#28.08#25.94
-90.0103,25.009#45.96#28.08#25.96
-89.9599,25.0073#45.96#28.08#25.96
-89.9096,25.0056#45.96#28.07#25.97
-89.8592,25.0039#45.96#28.07#25.97
-89.8088,25.0022#45.95#28.07#25.98
-89.7585,25.0004#45.95#28.06#25.99
-89.7081,24.9986#45.95#28.06#25.99
-89.6578,24.9969#45.94#28.06#26
-89.6074,24.995#45.94#28.06#26
-89.5571,24.9932#45.94#28.05#26.01
-89.5067,24.9914#45.94#28.05#26.01
-89.4564,24.9895#45.94#28.05#26.01
-89.406,24.9876#45.95#28.04#26.01
-89.3557,24.9858#45.95#28.04#26.01
-89.3054,24.9838#45.96#28.04#26
-89.255,24.9819#45.97#28.03#26
-89.2047,24.98#45.97#28.03#26
-89.1543,24.978#45.98#28.03#25.99
-89.104,24.976#45.98#28.02#26
-89.0537,24.974#45.99#28.02#25.99
-89.0033,24.972#46#28.02#25.98
-88.953,24.97#46.01#28.01#25.98
-88.9027,24.968#46.02#28.01#25.97
-88.8523,24.9659#46.04#28.01#25.95
-88.802,24.9638#46.05#28#25.95
-88.7517,24.9617#46.06#28#25.94
-88.7014,24.9596#46.08#28#25.92
-88.651,24.9575#46.09#27.99#25.92
-88.6007,24.9553#46.1#27.99#25.91
-88.5504,24.9532#46.11#27.98#25.91
-88.5001,24.951#46.13#27.98#25.89
-88.4498,24.9488#46.15#27.98#25.87
-88.3995,24.9466#46.16#27.97#25.87
-88.3492,24.9444#46.18#27.97#25.85
-88.2988,24.9421#46.2#27.96#25.84
-88.2485,24.9398#46.22#27.96#25.82
-88.1982,24.9376#46.24#27.96#25.8
-88.1479,24.9353#46.25#27.95#25.8
-88.0976,24.9329#46.27#27.95#25.78
-88.0473,24.9306#46.29#27.94#25.77
-87.997,24.9283#46.31#27.94#25.75
-87.9467,24.9259#46.33#27.94#25.73
-87.8964,24.9235#46.36#27.93#25.71
-87.8461,24.9211#46.39#27.93#25.68
-87.7959,24.9187#46.41#27.92#25.67
-87.7456,24.9163#46.44#27.92#25.64
-87.6953,24.9138#46.47#27.91#25.62
-87.645,24.9113#46.49#27.91#25.6
-87.5947,24.9089#46.52#27.9#25.58
-87.5444,24.9064#46.55#27.9#25.55
-87.4942,24.9038#46.58#27.89#25.53
-87.4439,24.9013#46.62#27.89#25.49
-103.415,24.9011#39.18#27.91#32.91
-103.365,24.9039#39.32#27.92#32.76
-103.314,24.9068#39.47#27.93#32.6
-103.264,24.9095#39.62#27.94#32.44
-103.214,24.9123#39.77#27.95#32.28
-103.164,24.9151#39.91#27.96#32.13
-103.113,24.9178#40.06#27.96#31.98
-103.063,24.9205#40.21#27.97#31.82
-103.013,24.9232#40.36#27.98#31.66
-102.963,24.9259#40.56#27.99#31.45
-102.912,24.9286#40.77#28.01#31.22
-102.862,24.9313#40.98#28.02#31
-102.812,24.9339#41.2#28.03#30.77
-102.761,24.9365#41.41#28.04#30.55
-102.711,24.9391#41.62#28.06#30.32
-102.661,24.9417#41.84#28.07#30.09
-102.611,24.9443#42.05#28.08#29.87
-102.56,24.9468#42.26#28.09#29.65
-102.51,24.9494#42.47#28.11#29.42
-102.46,24.9519#42.68#28.14#29.18
-102.409,24.9544#42.87#28.18#28.95
-102.359,24.9569#43.07#28.22#28.71
-102.309,24.9594#43.27#28.26#28.47
-102.259,24.9618#43.47#28.3#28.23
-102.208,24.9642#43.67#28.34#27.99
-102.158,24.9667#43.87#28.38#27.75
-102.108,24.9691#44.07#28.42#27.51
-102.057,24.9715#44.27#28.46#27.27
-102.007,24.9738#44.47#28.51#27.02
-101.957,24.9762#44.7#28.58#26.72
-101.906,24.9785#44.93#28.66#26.41
-101.856,24.9808#45.16#28.74#26.1
-101.806,24.9831#45.39#28.82#25.79
-101.755,24.9854#45.62#28.9#25.48
-101.705,24.9877#45.85#28.98#25.17
-101.655,24.9899#46.08#29.05#24.87
-101.604,24.9922#46.31#29.13#24.56
-101.554,24.9944#46.54#29.21#24.25
-101.504,24.9966#46.77#29.29#23.94
-101.453,24.9988#46.97#29.38#23.65
-101.403,25.0009#47.18#29.47#23.35
-101.353,25.0031#47.38#29.56#23.06
-101.302,25.0052#47.58#29.65#22.77
-101.252,25.0073#47.78#29.74#22.48
-101.202,25.0094#47.99#29.83#22.18
-101.151,25.0115#48.19#29.92#21.89
-101.101,25.0135#48.4#30#21.6
-101.051,25.0156#48.6#30.09#21.31
-101,25.0176#48.81#30.17#21.02
-100.95,25.0196#49#30.21#20.79
-100.9,25.0216#49.2#30.25#20.55
-100.849,25.0236#49.39#30.29#20.32
-100.799,25.0256#49.59#30.33#20.08
-100.749,25.0275#49.78#30.37#19.85
-100.698,25.0294#49.98#30.41#19.61
-100.648,25.0314#50.17#30.44#19.39
-100.597,25.0332#50.37#30.48#19.15
-100.547,25.0351#50.57#30.52#18.91
-100.497,25.037#50.76#30.55#18.69
-100.446,25.0388#50.94#30.56#18.5
-100.396,25.0407#51.13#30.57#18.3
-100.346,25.0425#51.31#30.58#18.11
-100.295,25.0443#51.49#30.58#17.93
-100.245,25.046#51.67#30.59#17.74
-100.194,25.0478#51.85#30.6#17.55
-100.144,25.0495#52.04#30.6#17.36
-100.094,25.0512#52.22#30.61#17.17
-100.043,25.053#52.4#30.61#16.99
-99.993,25.0546#52.58#30.61#16.81
-99.9426,25.0563#52.71#30.57#16.72
-99.8922,25.058#52.85#30.53#16.62
-99.8418,25.0596#52.98#30.49#16.53
-99.7914,25.0612#53.12#30.45#16.43
-99.741,25.0628#53.25#30.41#16.34
-99.6906,25.0644#53.39#30.37#16.24
-99.6403,25.066#53.52#30.33#16.15
-99.5899,25.0676#53.65#30.3#16.05
-99.5395,25.0691#53.79#30.26#15.95
-99.4891,25.0706#53.92#30.21#15.87
-99.4387,25.0721#54.06#30.16#15.78
-99.3883,25.0736#54.2#30.12#15.68
-99.3379,25.0751#54.34#30.07#15.59
-99.2875,25.0765#54.48#30.02#15.5
-99.2371,25.078#54.61#29.97#15.42
-99.1867,25.0794#54.75#29.92#15.33
-99.1363,25.0808#54.89#29.87#15.24
-99.0859,25.0822#55.03#29.83#15.14
-99.0355,25.0835#55.17#29.78#15.05
-98.9851,25.0849#55.29#29.74#14.97
-98.9347,25.0862#55.37#29.72#14.91
-98.8843,25.0875#55.45#29.7#14.85
-98.8339,25.0888#55.52#29.68#14.8
-98.7834,25.0901#55.6#29.66#14.74
-98.733,25.0914#55.68#29.64#14.68
-98.6826,25.0926#55.76#29.62#14.62
-98.6322,25.0939#55.84#29.6#14.56
-98.5818,25.0951#55.92#29.57#14.51
-98.5314,25.0963#56#29.55#14.45
-98.481,25.0975#56.06#29.54#14.4
-98.4305,25.0986#56.11#29.52#14.37
-98.3801,25.0998#56.16#29.51#14.33
-98.3297,25.1009#56.2#29.5#14.3
-98.2793,25.102#56.25#29.48#14.27
-98.2289,25.1031#56.3#29.47#14.23
-98.1784,25.1042#56.35#29.46#14.19
-98.128,25.1053#56.39#29.44#14.17
-98.0776,25.1063#56.44#29.43#14.13
-98.0272,25.1073#56.49#29.42#14.09
-97.9768,25.1083#56.51#29.41#14.08
-97.9263,25.1093#56.5#29.4#14.1
-97.8759,25.1103#56.49#29.39#14.12
-97.8255,25.1113#56.48#29.38#14.14
-97.775,25.1122#56.47#29.38#14.15
-97.7246,25.1131#56.46#29.37#14.17
-97.6742,25.114#56.45#29.36#14.19
-97.6238,25.1149#56.44#29.35#14.21
-97.5733,25.1158#56.43#29.34#14.23
-97.5229,25.1167#56.42#29.34#14.24
-97.4725,25.1175#56.4#29.33#14.27
-97.422,25.1183#56.38#29.32#14.3
-97.3716,25.1191#56.35#29.32#14.33
-97.3212,25.1199#56.33#29.31#14.36
-97.2707,25.1207#56.3#29.3#14.4
-97.2203,25.1215#56.28#29.3#14.42
-97.1699,25.1222#56.26#29.29#14.45
-97.1194,25.1229#56.23#29.28#14.49
-97.069,25.1236#56.21#29.28#14.51
-97.0185,25.1243#56.18#29.27#14.55
-96.9681,25.125#56.13#29.26#14.61
-96.9177,25.1256#56.07#29.25#14.68
-96.8672,25.1263#56.01#29.23#14.76
-96.8168,25.1269#55.95#29.22#14.83
-96.7663,25.1275#55.89#29.21#14.9
-96.7159,25.1281#55.83#29.19#14.98
-96.6655,25.1287#55.76#29.18#15.06
-96.615,25.1292#55.7#29.17#15.13
-96.5646,25.1298#55.64#29.15#15.21
-96.5141,25.1303#55.58#29.14#15.28
-96.4637,25.1308#55.51#29.12#15.37
-96.4132,25.1313#55.44#29.1#15.46
-96.3628,25.1317#55.37#29.08#15.55
-96.3123,25.1322#55.3#29.05#15.65
-96.2619,25.1326#55.23#29.03#15.74
-96.2115,25.133#55.16#29.01#15.83
-96.161,25.1334#55.09#28.99#15.92
-96.1106,25.1338#55.02#28.97#16.01
-96.0601,25.1342#54.95#28.94#16.11
-96.0097,25.1345#54.87#28.92#16.21
-95.9592,25.1349#54.8#28.9#16.3
-95.9088,25.1352#54.71#28.87#16.42
-95.8583,25.1355#54.63#28.85#16.52
-95.8079,25.1357#54.55#28.82#16.63
-95.7574,25.136#54.47#28.8#16.73
