-95.6901,39.9001#27.69#50.81#21.5
-95.6327,39.9003#27.64#50.78#21.58
-95.5752,39.9005#27.59#50.75#21.66
-95.5178,39.9006#27.53#50.72#21.75
-95.4603,39.9008#27.49#50.69#21.82
-95.4029,39.9009#27.45#50.67#21.88
-95.3454,39.9011#27.41#50.64#21.95
-95.288,39.9012#27.36#50.61#22.03
-95.2306,39.9013#27.32#50.59#22.09
-95.1731,39.9013#27.28#50.56#22.16
-95.1157,39.9014#27.24#50.54#22.22
-95.0582,39.9014#27.2#50.51#22.29
-95.0008,39.9014#27.16#50.48#22.36
-94.9434,39.9014#27.14#50.45#22.41
-94.8859,39.9014#27.12#50.42#22.46
-94.8285,39.9013#27.1#50.39#22.51
-94.771,39.9013#27.08#50.36#22.56
-94.7136,39.9012#27.07#50.33#22.6
-94.6561,39.9011#27.05#50.3#22.65
-94.5987,39.901#27.03#50.27#22.7
-94.5413,39.9008#27.01#50.24#22.75
-94.4838,39.9007#27#50.21#22.79
-94.4264,39.9005#26.99#50.18#22.83
-94.3689,39.9003#26.98#50.16#22.86
-94.3115,39.9001#26.97#50.13#22.9
-98.9648,39.901#27.25#53.42#19.33
-98.9074,39.9023#27.27#53.36#19.37
-98.85,39.9036#27.3#53.29#19.41
-98.7926,39.9048#27.33#53.22#19.45
-98.7352,39.906#27.36#53.16#19.48
-98.6777,39.9072#27.38#53.09#19.53
-98.6203,39.9084#27.41#53.02#19.57
-98.5629,39.9096#27.44#52.96#19.6
-98.5055,39.9107#27.47#52.89#19.64
-98.448,39.9119#27.51#52.83#19.66
-98.3906,39.913#27.55#52.77#19.68
-98.3332,39.9141#27.6#52.71#19.69
-98.2757,39.9151#27.64#52.65#19.71
-98.2183,39.9162#27.69#52.59#19.72
-98.1609,39.9172#27.73#52.53#19.74
-98.1034,39.9182#27.78#52.47#19.75
-98.046,39.9192#27.82#52.41#19.77
-97.9886,39.9202#27.86#52.36#19.78
-97.9311,39.9212#27.9#52.32#19.78
-97.8737,39.9221#27.94#52.28#19.78
-97.8162,39.9231#27.98#52.24#19.78
-97.7588,39.924#28.01#52.21#19.78
-97.7014,39.9248#28.05#52.17#19.78
-97.6439,39.9257#28.09#52.13#19.78
-97.5865,39.9266#28.13#52.09#19.78
-97.529,39.9274#28.17#52.05#19.78
-97.4716,39.9282#28.2#52.01#19.79
-97.4141,39.929#28.21#51.97#19.82
-97.3567,39.9298#28.23#51.93#19.84
-97.2992,39.9305#28.25#51.89#19.86
-97.2418,39.9313#28.27#51.85#19.88
-97.1843,39.932#28.28#51.81#19.91
-97.1269,39.9327#28.3#51.77#19.93
-97.0694,39.9334#28.32#51.73#19.95
-97.012,39.934#28.34#51.69#19.97
-96.9545,39.9347#28.33#51.66#20.01
-96.8971,39.9353#28.32#51.62#20.06
-96.8396,39.9359#28.31#51.59#20.1
-96.7822,39.9365#28.3#51.56#20.14
-96.7247,39.9371#28.29#51.53#20.18
-96.6672,39.9376#28.28#51.5#20.22
-96.6098,39.9382#28.27#51.47#20.26
-96.5523,39.9387#28.26#51.44#20.3
-96.4949,39.9392#28.25#51.41#20.34
-96.4374,39.9396#28.22#51.38#20.4
-96.3799,39.9401#28.19#51.34#20.47
-96.3225,39.9405#28.17#51.31#20.52
-96.265,39.941#28.14#51.28#20.58
-96.2076,39.9414#28.11#51.25#20.64
-96.1501,39.9417#28.09#51.22#20.69
-96.0926,39.9421#28.06#51.19#20.75
-96.0352,39.9425#28.03#51.15#20.82
-95.9777,39.9428#27.99#51.12#20.89
-95.9202,39.9431#27.95#51.09#20.96
-95.8628,39.9434#27.9#51.06#21.04
-95.8053,39.9437#27.85#51.03#21.12
-95.7479,39.9439#27.8#51#21.2
-95.6904,39.9441#27.75#50.98#21.27
-95.6329,39.9444#27.7#50.95#21.35
-95.5755,39.9445#27.65#50.92#21.43
-95.518,39.9447#27.6#50.89#21.51
-95.4605,39.9449#27.56#50.86#21.58
-95.4031,39.945#27.51#50.83#21.66
-95.3456,39.9451#27.47#50.81#21.72
-95.2881,39.9453#27.43#50.78#21.79
-95.2307,39.9453#27.38#50.75#21.87
-95.1732,39.9454#27.34#50.73#21.93
-95.1157,39.9454#27.3#50.7#22
-95.0583,39.9455#27.25#50.67#22.08
-95.0008,39.9455#27.21#50.64#22.15
-94.9433,39.9455#27.19#50.62#22.19
-94.8859,39.9454#27.17#50.59#22.24
-94.8284,39.9454#27.15#50.56#22.29
-94.7709,39.9453#27.13#50.52#22.35
-94.7135,39.9453#27.11#50.49#22.4
-94.656,39.9452#27.09#50.46#22.45
-94.5985,39.945#27.07#50.43#22.5
-94.5411,39.9449#27.05#50.4#22.55
-94.4836,39.9447#27.03#50.37#22.6
-94.4261,39.9446#27.02#50.35#22.63
-94.3687,39.9444#27.01#50.32#22.67
-94.3112,39.9441#27.01#50.29#22.7
-94.2537,39.9439#27#50.26#22.74
-94.1963,39.9437#26.99#50.23#22.78
-94.1388,39.9434#26.98#50.2#22.82
-94.0813,39.9431#26.97#50.18#22.85
-94.0239,39.9428#26.97#50.15#22.88
-93.9664,39.9425#26.96#50.12#22.92
-93.909,39.9421#26.96#50.08#22.96
-93.8515,39.9418#26.95#50.05#23
-93.794,39.9414#26.95#50.02#23.03
-93.7366,39.941#26.95#49.98#23.07
-93.6791,39.9406#26.94#49.95#23.11
-93.6216,39.9401#26.94#49.92#23.14
-93.5642,39.9397#26.94#49.88#23.18
-93.5067,39.9392#26.93#49.85#23.22
-93.4493,39.9387#26.93#49.81#23.26
-93.3918,39.9382#26.93#49.78#23.29
-93.3344,39.9376#26.93#49.75#23.32
-93.2769,39.9371#26.93#49.71#23.36
-93.2194,39.9365#26.93#49.68#23.39
-93.162,39.9359#26.92#49.64#23.44
-93.1045,39.9353#26.92#49.61#23.47
-93.0471,39.9347#26.92#49.58#23.5
-92.9896,39.9341#26.92#49.54#23.54
-92.9322,39.9334#26.92#49.5#23.58
-92.8747,39.9327#26.92#49.46#23.62
-92.8173,39.932#26.92#49.42#23.66
-92.7598,39.9313#26.92#49.38#23.7
-92.7024,39.9306#26.92#49.33#23.75
-92.6449,39.9298#26.92#49.29#23.79
-92.5875,39.929#26.92#49.25#23.83
-92.53,39.9282#26.92#49.21#23.87
-92.4726,39.9274#26.92#49.17#23.91
-92.4151,39.9266#26.92#49.13#23.95
-92.3577,39.9257#26.92#49.09#23.99
-92.3002,39.9249#26.92#49.04#24.04
-92.2428,39.924#26.92#49#24.08
-92.1853,39.9231#26.92#48.96#24.12
-92.1279,39.9222#26.92#48.92#24.16
-92.0705,39.9212#26.92#48.88#24.2
-92.013,39.9203#26.92#48.84#24.24
-91.9556,39.9193#26.92#48.79#24.29
-91.8981,39.9183#26.92#48.74#24.34
-91.8407,39.9173#26.92#48.7#24.38
-91.7833,39.9162#26.92#48.65#24.43
-91.7258,39.9152#26.93#48.61#24.46
-91.6684,39.9141#26.93#48.56#24.51
-91.611,39.913#26.93#48.51#24.56
-91.5536,39.9119#26.93#48.47#24.6
-91.4961,39.9108#26.93#48.42#24.65
-91.4387,39.9096#26.93#48.37#24.7
-91.3813,39.9084#26.93#48.32#24.75
-91.3238,39.9073#26.93#48.27#24.8
-91.2664,39.9061#26.93#48.22#24.85
-91.209,39.9048#26.93#48.17#24.9
-91.1516,39.9036#26.93#48.12#24.95
-91.0942,39.9023#26.94#48.07#24.99
-91.0367,39.9011#26.94#48.02#25.04
-100.574,39.9017#27.07#55.75#17.18
-100.517,39.9035#27.07#55.66#17.27
-100.459,39.9053#27.07#55.58#17.35
-100.402,39.907#27.07#55.5#17.43
-100.345,39.9088#27.07#55.42#17.51
-100.287,39.9105#27.07#55.35#17.58
-100.23,39.9122#27.07#55.27#17.66
-100.172,39.9139#27.07#55.19#17.74
-100.115,39.9156#27.07#55.12#17.81
-100.058,39.9172#27.07#55.04#17.89
-100,39.9189#27.07#54.96#17.97
-99.9428,39.9205#27.08#54.89#18.03
-99.8854,39.9221#27.08#54.81#18.11
-99.828,39.9236#27.08#54.74#18.18
-99.7706,39.9252#27.08#54.66#18.26
-99.7131,39.9267#27.09#54.59#18.32
-99.6557,39.9283#27.09#54.51#18.4
-99.5983,39.9298#27.09#54.43#18.48
-99.5409,39.9313#27.09#54.36#18.55
-99.4834,39.9327#27.1#54.28#18.62
-99.426,39.9342#27.12#54.21#18.67
-99.3686,39.9356#27.13#54.14#18.73
-99.3112,39.937#27.15#54.06#18.79
-99.2537,39.9384#27.17#53.99#18.84
-99.1963,39.9398#27.18#53.91#18.91
-99.1388,39.9411#27.2#53.84#18.96
-99.0814,39.9425#27.21#53.76#19.03
-99.024,39.9438#27.23#53.69#19.08
-98.9665,39.9451#27.25#53.62#19.13
-98.9091,39.9464#27.28#53.55#19.17
-98.8516,39.9476#27.31#53.49#19.2
-98.7942,39.9489#27.33#53.42#19.25
-98.7368,39.9501#27.36#53.35#19.29
-98.6793,39.9513#27.39#53.28#19.33
-98.6219,39.9525#27.42#53.22#19.36
-98.5644,39.9536#27.44#53.15#19.41
-98.507,39.9548#27.47#53.08#19.45
-98.4495,39.9559#27.51#53.02#19.47
-98.392,39.957#27.55#52.96#19.49
-98.3346,39.9581#27.6#52.9#19.5
-98.2771,39.9592#27.64#52.85#19.51
-98.2197,39.9603#27.68#52.79#19.53
-98.1622,39.9613#27.72#52.73#19.55
-98.1048,39.9623#27.77#52.67#19.56
-98.0473,39.9633#27.81#52.61#19.58
-97.9898,39.9643#27.85#52.55#19.6
-97.9324,39.9653#27.89#52.51#19.6
-97.8749,39.9662#27.93#52.47#19.6
-97.8174,39.9671#27.97#52.43#19.6
-97.76,39.968#28.01#52.4#19.59
-97.7025,39.9689#28.05#52.36#19.59
-97.645,39.9698#28.09#52.31#19.6
-97.5876,39.9706#28.13#52.27#19.6
-97.5301,39.9715#28.17#52.23#19.6
-97.4726,39.9723#28.2#52.19#19.61
-97.4152,39.9731#28.21#52.15#19.64
-97.3577,39.9738#28.23#52.11#19.66
-97.3002,39.9746#28.25#52.07#19.68
-97.2427,39.9753#28.27#52.03#19.7
-97.1853,39.9761#28.29#51.99#19.72
-97.1278,39.9768#28.31#51.95#19.74
-97.0703,39.9774#28.33#51.91#19.76
-97.0128,39.9781#28.35#51.87#19.78
-96.9553,39.9787#28.35#51.84#19.81
-96.8979,39.9794#28.34#51.81#19.85
-96.8404,39.98#28.33#51.77#19.9
-96.7829,39.9806#28.33#51.74#19.93
-96.7254,39.9811#28.32#51.71#19.97
-96.6679,39.9817#28.31#51.68#20.01
-96.6105,39.9822#28.3#51.65#20.05
-96.553,39.9827#28.3#51.62#20.08
-96.4955,39.9832#28.29#51.58#20.13
-96.438,39.9837#28.26#51.55#20.19
-96.3805,39.9842#28.24#51.52#20.24
-96.323,39.9846#28.21#51.49#20.3
-96.2656,39.985#28.18#51.46#20.36
-96.2081,39.9854#28.16#51.42#20.42
-96.1506,39.9858#28.13#51.39#20.48
-96.0931,39.9862#28.1#51.36#20.54
-96.0356,39.9865#28.08#51.33#20.59
-95.9781,39.9869#28.04#51.3#20.66
-95.9206,39.9872#28#51.27#20.73
-95.8631,39.9874#27.95#51.24#20.81
-95.8057,39.9877#27.9#51.2#20.9
-95.7482,39.988#27.86#51.17#20.97
-95.6907,39.9882#27.81#51.14#21.05
-95.6332,39.9884#27.76#51.11#21.13
-95.5757,39.9886#27.72#51.08#21.2
-95.5182,39.9888#27.67#51.05#21.28
-95.4607,39.989#27.62#51.02#21.36
-95.4032,39.9891#27.58#51#21.42
-95.3457,39.9892#27.53#50.97#21.5
-95.2882,39.9893#27.49#50.94#21.57
-95.2308,39.9894#27.44#50.92#21.64
-95.1733,39.9895#27.4#50.89#21.71
-95.1158,39.9895#27.35#50.86#21.79
-95.0583,39.9895#27.31#50.83#21.86
-95.0008,39.9896#27.26#50.81#21.93
-94.9433,39.9895#27.24#50.78#21.98
-94.8858,39.9895#27.22#50.75#22.03
-94.8283,39.9895#27.2#50.72#22.08
-94.7708,39.9894#27.17#50.69#22.14
-94.7133,39.9893#27.15#50.66#22.19
-94.6559,39.9892#27.13#50.63#22.24
-94.5984,39.9891#27.11#50.6#22.29
-94.5409,39.989#27.08#50.57#22.35
-94.4834,39.9888#27.07#50.54#22.39
-94.4259,39.9886#27.06#50.51#22.43
-94.3684,39.9884#27.05#50.48#22.47
-94.3109,39.9882#27.04#50.45#22.51
-94.2534,39.988#27.03#50.42#22.55
-94.1959,39.9877#27.02#50.4#22.58
-94.1384,39.9875#27.01#50.37#22.62
-94.081,39.9872#27.01#50.34#22.65
-94.0235,39.9869#27#50.31#22.69
-93.966,39.9865#26.99#50.28#22.73
-93.9085,39.9862#26.99#50.25#22.76
-93.851,39.9858#26.98#50.21#22.81
-93.7935,39.9854#26.98#50.18#22.84
-93.736,39.985#26.98#50.15#22.87
-93.6785,39.9846#26.97#50.11#22.92
-93.6211,39.9842#26.97#50.08#22.95
-93.5636,39.9837#26.96#50.05#22.99
-93.5061,39.9832#26.96#50.01#23.03
-93.4486,39.9828#26.96#49.98#23.06
-93.3911,39.9822#26.96#49.95#23.09
-93.3336,39.9817#26.96#49.91#23.13
-93.2762,39.9812#26.96#49.88#23.16
-93.2187,39.9806#26.95#49.84#23.21
-93.1612,39.98#26.95#49.81#23.24
-93.1037,39.9794#26.95#49.78#23.27
-93.0462,39.9788#26.95#49.74#23.31
-92.9888,39.9781#26.95#49.71#23.34
-92.9313,39.9775#26.95#49.67#23.38
-92.8738,39.9768#26.95#49.63#23.42
-92.8163,39.9761#26.95#49.59#23.46
-92.7589,39.9754#26.95#49.55#23.5
-92.7014,39.9746#26.95#49.51#23.54
-92.6439,39.9739#26.95#49.47#23.58
-92.5864,39.9731#26.95#49.43#23.62
-92.529,39.9723#26.95#49.39#23.66
-92.4715,39.9715#26.95#49.34#23.71
-92.414,39.9707#26.95#49.3#23.75
-92.3566,39.9698#26.95#49.26#23.79
-92.2991,39.9689#26.95#49.22#23.83
-92.2416,39.9681#26.95#49.18#23.87
-92.1841,39.9671#26.95#49.14#23.91
-92.1267,39.9662#26.95#49.1#23.95
-92.0692,39.9653#26.95#49.06#23.99
-92.0118,39.9643#26.95#49.02#24.03
-91.9543,39.9633#26.95#48.97#24.08
-91.8968,39.9623#26.95#48.93#24.12
-91.8394,39.9613#26.95#48.88#24.17
-91.7819,39.9603#26.96#48.84#24.2
-91.7245,39.9592#26.96#48.79#24.25
-91.667,39.9582#26.96#48.74#24.3
-91.6095,39.9571#26.96#48.7#24.34
-91.5521,39.956#26.96#48.65#24.39
-91.4946,39.9548#26.96#48.61#24.43
-91.4372,39.9537#26.96#48.55#24.49
-91.3797,39.9525#26.96#48.5#24.54
-91.3223,39.9513#26.96#48.45#24.59
-91.2648,39.9501#26.96#48.4#24.64
-91.2074,39.9489#26.97#48.35#24.68
-91.1499,39.9477#26.97#48.3#24.73
-91.0925,39.9464#26.97#48.25#24.78
-91.0351,39.9451#26.97#48.2#24.83
-90.9776,39.9438#26.97#48.15#24.88
-90.9202,39.9425#26.97#48.1#24.93
-90.8627,39.9412#26.97#48.05#24.98
-90.8053,39.9398#26.98#47.99#25.03
-90.7479,39.9384#26.98#47.94#25.08
-90.6904,39.937#26.98#47.89#25.13
-90.633,39.9356#26.98#47.84#25.18
-90.5756,39.9342#26.98#47.78#25.24
-90.5181,39.9328#26.98#47.73#25.29
-90.4607,39.9313#26.98#47.68#25.34
-90.4033,39.9298#26.99#47.63#25.38
-90.3459,39.9283#26.99#47.58#25.43
-90.2884,39.9268#26.99#47.53#25.48
-90.231,39.9252#26.99#47.48#25.53
-90.1736,39.9237#26.99#47.43#25.58
-90.1162,39.9221#26.99#47.38#25.63
-90.0588,39.9205#27#47.33#25.67
-90.0014,39.9189#27#47.28#25.72
-89.9439,39.9173#27#47.22#25.78
-89.8865,39.9156#27#47.16#25.84
-89.8291,39.9139#27#47.11#25.89
-89.7717,39.9123#27.01#47.05#25.94
-89.7143,39.9105#27.01#47#25.99
-89.6569,39.9088#27.01#46.94#26.05
-89.5995,39.9071#27.01#46.89#26.1
-89.5421,39.9053#27.01#46.83#26.16
-89.4847,39.9035#27.02#46.77#26.21
-89.4273,39.9017#27.02#46.72#26.26
-101.839,39.9013#27.11#57.93#14.96
-101.782,39.9036#27.1#57.83#15.07
-101.725,39.9057#27.1#57.73#15.17
-101.667,39.9079#27.1#57.62#15.28
-101.61,39.9101#27.1#57.52#15.38
-101.552,39.9122#27.1#57.42#15.48
-101.495,39.9143#27.1#57.32#15.58
-101.438,39.9164#27.1#57.24#15.66
-101.38,39.9185#27.1#57.16#15.74
-101.323,39.9206#27.09#57.07#15.84
-101.265,39.9226#27.09#56.99#15.92
-101.208,39.9247#27.09#56.91#16
-101.151,39.9267#27.09#56.82#16.09
-101.093,39.9287#27.09#56.74#16.17
-101.036,39.9306#27.09#56.66#16.25
-100.978,39.9326#27.09#56.57#16.34
-100.921,39.9345#27.09#56.48#16.43
-100.864,39.9364#27.09#56.4#16.51
-100.806,39.9383#27.09#56.31#16.6
-100.749,39.9402#27.09#56.22#16.69
-100.691,39.9421#27.09#56.14#16.77
-100.634,39.9439#27.09#56.05#16.86
-100.577,39.9457#27.09#55.96#16.95
-100.519,39.9475#27.09#55.87#17.04
-100.462,39.9493#27.09#55.79#17.12
-100.404,39.9511#27.09#55.71#17.2
-100.347,39.9528#27.09#55.64#17.27
-100.29,39.9545#27.09#55.56#17.35
-100.232,39.9562#27.09#55.48#17.43
-100.175,39.9579#27.09#55.4#17.51
-100.117,39.9596#27.1#55.33#17.57
-100.06,39.9613#27.1#55.25#17.65
-100.002,39.9629#27.1#55.17#17.73
-99.9449,39.9645#27.1#55.09#17.81
-99.8875,39.9661#27.1#55.02#17.88
-99.83,39.9677#27.1#54.94#17.96
-99.7726,39.9692#27.11#54.87#18.02
-99.7151,39.9708#27.11#54.79#18.1
-99.6577,39.9723#27.11#54.71#18.18
-99.6002,39.9738#27.11#54.64#18.25
-99.5428,39.9753#27.11#54.56#18.33
-99.4853,39.9768#27.12#54.48#18.4
-99.4279,39.9782#27.14#54.41#18.45
-99.3704,39.9796#27.15#54.34#18.51
-99.313,39.9811#27.17#54.26#18.57
-99.2555,39.9824#27.18#54.19#18.63
-99.1981,39.9838#27.19#54.11#18.7
-99.1406,39.9852#27.21#54.04#18.75
-99.0831,39.9865#27.22#53.96#18.82
-99.0257,39.9878#27.24#53.89#18.87
-98.9682,39.9891#27.26#53.82#18.92
-98.9107,39.9904#27.29#53.75#18.96
-98.8533,39.9917#27.31#53.68#19.01
-98.7958,39.9929#27.34#53.61#19.05
-98.7383,39.9941#27.37#53.55#19.08
-98.6809,39.9953#27.39#53.48#19.13
-98.6234,39.9965#27.42#53.41#19.17
-98.5659,39.9977#27.45#53.34#19.21
-98.5084,39.9988#27.47#53.27#19.26
-98.451,40#27.51#53.21#19.28
-98.3935,40.0011#27.55#53.16#19.29
-98.336,40.0022#27.59#53.1#19.31
-98.2785,40.0033#27.63#53.04#19.33
-98.221,40.0043#27.68#52.98#19.34
-98.1636,40.0053#27.72#52.92#19.36
-98.1061,40.0064#27.76#52.86#19.38
-98.0486,40.0074#27.8#52.8#19.4
-97.9911,40.0083#27.84#52.75#19.41
-97.9336,40.0093#27.88#52.71#19.41
-97.8761,40.0102#27.92#52.67#19.41
-97.8186,40.0112#27.96#52.63#19.41
-97.7611,40.0121#28#52.58#19.42
-97.7037,40.013#28.04#52.54#19.42
-97.6462,40.0138#28.08#52.5#19.42
-97.5887,40.0147#28.12#52.46#19.42
-97.5312,40.0155#28.16#52.42#19.42
-97.4737,40.0163#28.2#52.38#19.42
-97.4162,40.0171#28.22#52.34#19.44
-97.3587,40.0179#28.24#52.3#19.46
-97.3012,40.0187#28.26#52.26#19.48
-97.2437,40.0194#28.28#52.22#19.5
-97.1862,40.0201#28.3#52.18#19.52
-97.1287,40.0208#28.32#52.14#19.54
-97.0712,40.0215#28.34#52.09#19.57
-97.0137,40.0222#28.36#52.05#19.59
-96.9562,40.0228#28.37#52.02#19.61
-96.8987,40.0234#28.36#51.99#19.65
-96.8412,40.024#28.36#51.96#19.68
-96.7837,40.0246#28.35#51.92#19.73
-96.7262,40.0252#28.35#51.89#19.76
-96.6687,40.0257#28.34#51.86#19.8
-96.6111,40.0263#28.34#51.83#19.83
-96.5536,40.0268#28.33#51.79#19.88
-96.4961,40.0273#28.33#51.76#19.91
-96.4386,40.0278#28.3#51.73#19.97
-96.3811,40.0282#28.28#51.7#20.02
-96.3236,40.0287#28.25#51.66#20.09
-96.2661,40.0291#28.23#51.63#20.14
-96.2086,40.0295#28.2#51.6#20.2
-96.1511,40.0299#28.17#51.57#20.26
-96.0936,40.0302#28.15#51.53#20.32
-96.036,40.0306#28.12#51.5#20.38
-95.9785,40.0309#28.09#51.47#20.44
-95.921,40.0312#28.05#51.44#20.51
-95.8635,40.0315#28#51.41#20.59
-95.806,40.0318#27.96#51.38#20.66
-95.7485,40.032#27.91#51.34#20.75
-95.691,40.0323#27.87#51.31#20.82
-95.6335,40.0325#27.83#51.28#20.89
-95.5759,40.0327#27.78#51.25#20.97
-95.5184,40.0329#27.74#51.22#21.04
-95.4609,40.033#27.69#51.19#21.12
-95.4034,40.0332#27.65#51.16#21.19
-95.3459,40.0333#27.6#51.14#21.26
-95.2884,40.0334#27.55#51.11#21.34
-95.2309,40.0335#27.5#51.08#21.42
-95.1733,40.0335#27.46#51.05#21.49
-95.1158,40.0336#27.41#51.02#21.57
-95.0583,40.0336#27.36#50.99#21.65
-95.0008,40.0336#27.32#50.97#21.71
-94.9433,40.0336#27.29#50.94#21.77
-94.8858,40.0336#27.27#50.91#21.82
-94.8282,40.0335#27.24#50.88#21.88
-94.7707,40.0335#27.22#50.85#21.93
-94.7132,40.0334#27.19#50.82#21.99
-94.6557,40.0333#27.17#50.79#22.04
-94.5982,40.0332#27.14#50.76#22.1
-94.5407,40.033#27.12#50.73#22.15
-94.4832,40.0329#27.1#50.7#22.2
-94.4256,40.0327#27.09#50.67#22.24
-94.3681,40.0325#27.08#50.64#22.28
-94.3106,40.0323#27.07#50.61#22.32
-94.2531,40.032#27.06#50.59#22.35
-94.1956,40.0318#27.05#50.56#22.39
-94.1381,40.0315#27.05#50.53#22.42
-94.0806,40.0312#27.04#50.5#22.46
-94.0231,40.0309#27.03#50.47#22.5
-93.9655,40.0306#27.02#50.44#22.54
-93.908,40.0302#27.02#50.41#22.57
-93.8505,40.0299#27.01#50.38#22.61
-93.793,40.0295#27.01#50.34#22.65
-93.7355,40.0291#27.01#50.31#22.68
-93.678,40.0287#27#50.28#22.72
-93.6205,40.0282#27#50.24#22.76
-93.563,40.0278#26.99#50.21#22.8
-93.5055,40.0273#26.99#50.18#22.83
-93.448,40.0268#26.99#50.14#22.87
-93.3904,40.0263#26.99#50.11#22.9
-93.3329,40.0258#26.99#50.08#22.93
-93.2754,40.0252#26.98#50.04#22.98
-93.2179,40.0246#26.98#50.01#23.01
-93.1604,40.0241#26.98#49.98#23.04
-93.1029,40.0234#26.98#49.94#23.08
-93.0454,40.0228#26.98#49.91#23.11
-92.9879,40.0222#26.98#49.88#23.14
-92.9304,40.0215#26.98#49.84#23.18
-92.8729,40.0208#26.98#49.8#23.22
-92.8154,40.0201#26.98#49.76#23.26
-92.7579,40.0194#26.98#49.72#23.3
-92.7004,40.0187#26.98#49.68#23.34
-92.6429,40.0179#26.98#49.64#23.38
-92.5854,40.0171#26.98#49.6#23.42
-92.5279,40.0164#26.98#49.56#23.46
-92.4704,40.0155#26.98#49.52#23.5
-92.4129,40.0147#26.98#49.48#23.54
-92.3554,40.0139#26.98#49.44#23.58
-92.2979,40.013#26.98#49.4#23.62
-92.2404,40.0121#26.98#49.36#23.66
-92.183,40.0112#26.98#49.32#23.7
-92.1255,40.0103#26.98#49.28#23.74
-92.068,40.0093#26.98#49.24#23.78
-92.0105,40.0084#26.98#49.2#23.82
-91.953,40.0074#26.98#49.15#23.87
-91.8955,40.0064#26.98#49.11#23.91
-91.838,40.0054#26.98#49.06#23.96
-91.7805,40.0043#26.99#49.02#23.99
-91.7231,40.0033#26.99#48.97#24.04
-91.6656,40.0022#26.99#48.93#24.08
-91.6081,40.0011#26.99#48.88#24.13
-91.5506,40#26.99#48.84#24.17
-91.4931,39.9989#26.99#48.79#24.22
-91.4357,39.9977#26.99#48.74#24.27
-91.3782,39.9966#26.99#48.69#24.32
-91.3207,39.9954#27#48.64#24.36
-91.2633,39.9942#27#48.59#24.41
-91.2058,39.9929#27#48.54#24.46
-91.1483,39.9917#27#48.48#24.52
-91.0908,39.9904#27#48.43#24.57
-91.0334,39.9892#27#48.38#24.62
-90.9759,39.9879#27#48.33#24.67
-90.9184,39.9865#27.01#48.28#24.71
-90.861,39.9852#27.01#48.22#24.77
-90.8035,39.9839#27.01#48.17#24.82
-90.7461,39.9825#27.01#48.12#24.87
-90.6886,39.9811#27.01#48.06#24.93
-90.6312,39.9797#27.01#48.01#24.98
-90.5737,39.9783#27.01#47.96#25.03
-90.5162,39.9768#27.02#47.9#25.08
-90.4588,39.9753#27.02#47.85#25.13
-90.4013,39.9739#27.02#47.8#25.18
-90.3439,39.9724#27.02#47.75#25.23
-90.2864,39.9708#27.02#47.7#25.28
-90.229,39.9693#27.03#47.65#25.32
-90.1716,39.9677#27.03#47.6#25.37
-90.1141,39.9662#27.03#47.54#25.43
-90.0567,39.9646#27.03#47.49#25.48
-89.9992,39.9629#27.03#47.44#25.53
-89.9418,39.9613#27.04#47.39#25.57
-89.8844,39.9597#27.04#47.33#25.63
-89.8269,39.958#27.04#47.27#25.69
-89.7695,39.9563#27.04#47.22#25.74
-89.7121,39.9546#27.04#47.16#25.8
-89.6547,39.9529#27.05#47.1#25.85
-89.5972,39.9511#27.05#47.05#25.9
-89.5398,39.9493#27.05#46.99#25.96
-89.4824,39.9476#27.05#46.93#26.02
-89.425,39.9458#27.06#46.88#26.06
-89.3675,39.9439#27.06#46.82#26.12
-89.3101,39.9421#27.06#46.76#26.18
-89.2527,39.9402#27.07#46.7#26.23
-89.1953,39.9384#27.07#46.65#26.28
-89.1379,39.9365#27.07#46.59#26.34
-89.0805,39.9346#27.07#46.53#26.4
-89.0231,39.9326#27.08#46.47#26.45
-88.9657,39.9307#27.08#46.41#26.51
-88.9083,39.9287#27.08#46.35#26.57
-88.8509,39.9267#27.09#46.29#26.62
-88.7935,39.9247#27.09#46.22#26.69
-88.7361,39.9227#27.09#46.16#26.75
-88.6787,39.9206#27.1#46.1#26.8
-88.6213,39.9186#27.1#46.04#26.86
-88.5639,39.9165#27.1#45.98#26.92
-88.5065,39.9144#27.11#45.91#26.98
-88.4492,39.9123#27.11#45.84#27.05
-88.3918,39.9101#27.12#45.77#27.11
-88.3344,39.908#27.12#45.69#27.19
-88.277,39.9058#27.12#45.62#27.26
-88.2197,39.9036#27.13#45.55#27.32
-88.1623,39.9014#27.13#45.47#27.4
-102.875,39.9023#27.2#59.7#13.1
-102.818,39.9049#27.2#59.61#13.19
-102.76,39.9074#27.19#59.52#13.29
-102.703,39.9099#27.18#59.43#13.39
-102.645,39.9124#27.17#59.33#13.5
-102.588,39.9149#27.17#59.24#13.59
-102.531,39.9174#27.16#59.15#13.69
-102.473,39.9198#27.15#59.07#13.78
-102.416,39.9222#27.15#58.99#13.86
-102.359,39.9246#27.15#58.91#13.94
-102.301,39.927#27.15#58.84#14.01
-102.244,39.9293#27.14#58.76#14.1
-102.187,39.9317#27.14#58.68#14.18
-102.129,39.934#27.14#58.61#14.25
-102.072,39.9363#27.13#58.53#14.34
-102.014,39.9386#27.13#58.46#14.41
-101.957,39.9409#27.13#58.36#14.51
-101.9,39.9431#27.13#58.26#14.61
-101.842,39.9454#27.12#58.16#14.72
-101.785,39.9476#27.12#58.06#14.82
-101.727,39.9498#27.12#57.96#14.92
-101.67,39.9519#27.12#57.86#15.02
-101.613,39.9541#27.12#57.76#15.12
-101.555,39.9562#27.12#57.66#15.22
-101.498,39.9584#27.12#57.56#15.32
-101.44,39.9605#27.12#57.48#15.4
-101.383,39.9625#27.12#57.39#15.49
-101.326,39.9646#27.12#57.31#15.57
-101.268,39.9667#27.12#57.22#15.66
-101.211,39.9687#27.11#57.14#15.75
-101.153,39.9707#27.11#57.05#15.84
-101.096,39.9727#27.11#56.97#15.92
-101.038,39.9747#27.11#56.88#16.01
-100.981,39.9766#27.11#56.79#16.1
-100.924,39.9785#27.11#56.71#16.18
-100.866,39.9805#27.11#56.62#16.27
-100.809,39.9823#27.11#56.53#16.36
-100.751,39.9842#27.11#56.44#16.45
-100.694,39.9861#27.11#56.35#16.54
-100.636,39.9879#27.11#56.26#16.63
-100.579,39.9897#27.11#56.17#16.72
-100.522,39.9915#27.11#56.08#16.81
-100.464,39.9933#27.11#56#16.89
-100.407,39.9951#27.11#55.92#16.97
-100.349,39.9968#27.12#55.85#17.03
-100.292,39.9986#27.12#55.77#17.11
-100.234,40.0003#27.12#55.69#17.19
-100.177,40.002#27.12#55.61#17.27
-100.119,40.0036#27.12#55.54#17.34
-100.062,40.0053#27.12#55.46#17.42
-100.004,40.0069#27.12#55.38#17.5
-99.947,40.0085#27.12#55.3#17.58
-99.8895,40.0101#27.12#55.23#17.65
-99.8321,40.0117#27.13#55.15#17.72
-99.7746,40.0133#27.13#55.07#17.8
-99.7171,40.0148#27.13#55#17.87
-99.6597,40.0163#27.13#54.92#17.95
-99.6022,40.0179#27.13#54.84#18.03
-99.5447,40.0193#27.14#54.76#18.1
-99.4872,40.0208#27.14#54.69#18.17
-99.4298,40.0223#27.15#54.61#18.24
-99.3723,40.0237#27.17#54.54#18.29
-99.3148,40.0251#27.18#54.46#18.36
-99.2573,40.0265#27.19#54.38#18.43
-99.1998,40.0279#27.21#54.31#18.48
-99.1424,40.0292#27.22#54.23#18.55
-99.0849,40.0306#27.23#54.16#18.61
-99.0274,40.0319#27.25#54.08#18.67
-98.9699,40.0332#27.27#54.01#18.72
-98.9124,40.0344#27.29#53.94#18.77
-98.8549,40.0357#27.32#53.88#18.8
-98.7974,40.037#27.34#53.81#18.85
-98.7399,40.0382#27.37#53.74#18.89
-98.6824,40.0394#27.4#53.67#18.93
-98.6249,40.0406#27.42#53.6#18.98
-98.5674,40.0417#27.45#53.53#19.02
-98.5099,40.0429#27.47#53.46#19.07
-98.4524,40.044#27.51#53.41#19.08
-98.3949,40.0451#27.55#53.35#19.1
-98.3374,40.0462#27.59#53.29#19.12
-98.2799,40.0473#27.63#53.23#19.14
-98.2224,40.0483#27.67#53.17#19.16
-98.1649,40.0494#27.71#53.12#19.17
-98.1074,40.0504#27.75#53.06#19.19
-98.0499,40.0514#27.79#53#19.21
-97.9924,40.0524#27.83#52.94#19.23
-97.9349,40.0533#27.87#52.9#19.23
-97.8773,40.0543#27.91#52.86#19.23
-97.8198,40.0552#27.95#52.82#19.23
-97.7623,40.0561#27.99#52.77#19.24
-97.7048,40.057#28.03#52.73#19.24
-97.6473,40.0579#28.08#52.69#19.23
-97.5898,40.0587#28.12#52.65#19.23
-97.5322,40.0596#28.16#52.6#19.24
-97.4747,40.0604#28.19#52.56#19.25
-97.4172,40.0612#28.22#52.52#19.26
-97.3597,40.0619#28.24#52.48#19.28
-97.3022,40.0627#28.26#52.44#19.3
-97.2446,40.0634#28.29#52.4#19.31
-97.1871,40.0642#28.31#52.36#19.33
-97.1296,40.0649#28.33#52.32#19.35
-97.0721,40.0655#28.36#52.28#19.36
-97.0145,40.0662#28.38#52.24#19.38
-96.957,40.0669#28.38#52.2#19.42
-96.8995,40.0675#28.38#52.17#19.45
-96.8419,40.0681#28.38#52.14#19.48
-96.7844,40.0687#28.38#52.1#19.52
-96.7269,40.0692#28.37#52.07#19.56
-96.6694,40.0698#28.37#52.04#19.59
-96.6118,40.0703#28.37#52#19.63
-96.5543,40.0708#28.37#51.97#19.66
-96.4968,40.0713#28.37#51.94#19.69
-96.4392,40.0718#28.34#51.9#19.76
-96.3817,40.0723#28.32#51.87#19.81
-96.3242,40.0727#28.29#51.84#19.87
-96.2666,40.0731#28.27#51.81#19.92
-96.2091,40.0735#28.24#51.77#19.99
-96.1516,40.0739#28.22#51.74#20.04
-96.094,40.0743#28.19#51.71#20.1
-96.0365,40.0746#28.17#51.67#20.16
-95.979,40.075#28.14#51.64#20.22
-95.9214,40.0753#28.1#51.61#20.29
-95.8639,40.0756#28.06#51.58#20.36
-95.8063,40.0758#28.01#51.55#20.44
-95.7488,40.0761#27.97#51.51#20.52
-95.6913,40.0763#27.93#51.48#20.59
-95.6337,40.0765#27.89#51.45#20.66
-95.5762,40.0767#27.85#51.42#20.73
-95.5186,40.0769#27.81#51.39#20.8
-95.4611,40.0771#27.76#51.36#20.88
-95.4036,40.0772#27.71#51.33#20.96
-95.346,40.0773#27.66#51.3#21.04
-95.2885,40.0774#27.61#51.27#21.12
-95.231,40.0775#27.56#51.24#21.2
-95.1734,40.0776#27.52#51.21#21.27
-95.1159,40.0776#27.47#51.19#21.34
-95.0583,40.0777#27.42#51.16#21.42
-95.0008,40.0777#27.37#51.13#21.5
-94.9433,40.0777#27.34#51.1#21.56
-94.8857,40.0776#27.31#51.07#21.62
-94.8282,40.0776#27.29#51.04#21.67
-94.7706,40.0775#27.26#51.01#21.73
-94.7131,40.0774#27.24#50.98#21.78
-94.6556,40.0773#27.21#50.95#21.84
-94.598,40.0772#27.18#50.92#21.9
-94.5405,40.0771#27.16#50.89#21.95
-94.4829,40.0769#27.14#50.86#22
-94.4254,40.0767#27.13#50.83#22.04
-94.3679,40.0765#27.12#50.8#22.08
-94.3103,40.0763#27.11#50.78#22.11
-94.2528,40.0761#27.1#50.75#22.15
-94.1952,40.0758#27.09#50.72#22.19
-94.1377,40.0756#27.08#50.69#22.23
-94.0802,40.0753#27.07#50.66#22.27
-94.0226,40.075#27.06#50.64#22.3
-93.9651,40.0746#27.05#50.61#22.34
-93.9076,40.0743#27.05#50.57#22.38
-93.85,40.0739#27.04#50.54#22.42
-93.7925,40.0735#27.04#50.51#22.45
-93.735,40.0731#27.04#50.47#22.49
-93.6774,40.0727#27.03#50.44#22.53
-93.6199,40.0723#27.03#50.41#22.56
-93.5624,40.0718#27.02#50.37#22.61
-93.5048,40.0714#27.02#50.34#22.64
-93.4473,40.0709#27.02#50.31#22.67
-93.3898,40.0703#27.02#50.28#22.7
-93.3322,40.0698#27.01#50.24#22.75
-93.2747,40.0693#27.01#50.21#22.78
-93.2172,40.0687#27.01#50.18#22.81
-93.1596,40.0681#27.01#50.15#22.84
-93.1021,40.0675#27.01#50.11#22.88
-93.0446,40.0669#27.01#50.08#22.91
-92.9871,40.0662#27.01#50.04#22.95
-92.9295,40.0656#27.01#50.01#22.98
-92.872,40.0649#27.01#49.97#23.02
-92.8145,40.0642#27.01#49.93#23.06
-92.757,40.0635#27.01#49.89#23.1
-92.6994,40.0627#27.01#49.85#23.14
-92.6419,40.062#27.01#49.81#23.18
-92.5844,40.0612#27.01#49.77#23.22
-92.5269,40.0604#27.01#49.73#23.26
-92.4693,40.0596#27.01#49.69#23.3
-92.4118,40.0588#27.01#49.65#23.34
-92.3543,40.0579#27.01#49.62#23.37
-92.2968,40.057#27.01#49.58#23.41
-92.2393,40.0561#27.01#49.54#23.45
-92.1818,40.0552#27.01#49.5#23.49
-92.1242,40.0543#27.01#49.46#23.53
-92.0667,40.0534#27.01#49.42#23.57
-92.0092,40.0524#27.01#49.38#23.61
-91.9517,40.0514#27.01#49.33#23.66
-91.8942,40.0504#27.01#49.29#23.7
-91.8367,40.0494#27.02#49.25#23.73
-91.7792,40.0484#27.02#49.2#23.78
-91.7217,40.0473#27.02#49.16#23.82
-91.6642,40.0462#27.02#49.11#23.87
-91.6067,40.0452#27.02#49.07#23.91
-91.5492,40.044#27.02#49.02#23.96
-91.4917,40.0429#27.02#48.98#24
-91.4342,40.0418#27.02#48.93#24.05
-91.3767,40.0406#27.03#48.87#24.1
-91.3192,40.0394#27.03#48.82#24.15
-91.2617,40.0382#27.03#48.77#24.2
-91.2042,40.037#27.03#48.72#24.25
-91.1467,40.0357#27.03#48.67#24.3
-91.0892,40.0345#27.03#48.61#24.36
-91.0317,40.0332#27.03#48.56#24.41
-90.9742,40.0319#27.04#48.51#24.45
-90.9167,40.0306#27.04#48.45#24.51
-90.8592,40.0293#27.04#48.4#24.56
-90.8017,40.0279#27.04#48.34#24.62
-90.7443,40.0265#27.04#48.29#24.67
-90.6868,40.0251#27.04#48.24#24.72
-90.6293,40.0237#27.05#48.18#24.77
-90.5718,40.0223#27.05#48.13#24.82
-90.5143,40.0208#27.05#48.07#24.88
-90.4569,40.0194#27.05#48.02#24.93
-90.3994,40.0179#27.05#47.97#24.98
-90.3419,40.0164#27.06#47.92#25.02
-90.2844,40.0149#27.06#47.87#25.07
-90.227,40.0133#27.06#47.81#25.13
-90.1695,40.0118#27.06#47.76#25.18
-90.112,40.0102#27.06#47.71#25.23
-90.0546,40.0086#27.07#47.66#25.27
-89.9971,40.007#27.07#47.61#25.32
-89.9397,40.0053#27.07#47.55#25.38
-89.8822,40.0037#27.07#47.49#25.44
-89.8247,40.002#27.08#47.44#25.48
-89.7673,40.0003#27.08#47.38#25.54
-89.7098,39.9986#27.08#47.32#25.6
-89.6524,39.9969#27.08#47.27#25.65
-89.5949,39.9951#27.09#47.21#25.7
-89.5375,39.9934#27.09#47.15#25.76
-89.48,39.9916#27.09#47.1#25.81
-89.4226,39.9898#27.09#47.04#25.87
-89.3652,39.988#27.1#46.98#25.92
-89.3077,39.9861#27.1#46.92#25.98
-89.2503,39.9843#27.1#46.86#26.04
-89.1928,39.9824#27.11#46.8#26.09
-89.1354,39.9805#27.11#46.75#26.14
-89.078,39.9786#27.11#46.69#26.2
-89.0206,39.9767#27.11#46.63#26.26
-88.9631,39.9747#27.12#46.57#26.31
-88.9057,39.9727#27.12#46.51#26.37
-88.8483,39.9707#27.13#46.44#26.43
-88.7909,39.9687#27.13#46.38#26.49
-88.7334,39.9667#27.13#46.32#26.55
-88.676,39.9647#27.14#46.26#26.6
-88.6186,39.9626#27.14#46.19#26.67
-88.5612,39.9605#27.14#46.13#26.73
-88.5038,39.9584#27.15#46.07#26.78
-88.4464,39.9563#27.15#45.99#26.86
-88.389,39.9542#27.16#45.92#26.92
-88.3316,39.952#27.16#45.85#26.99
-88.2742,39.9498#27.16#45.77#27.07
-88.2168,39.9476#27.17#45.7#27.13
-88.1594,39.9454#27.17#45.62#27.21
-88.102,39.9432#27.18#45.55#27.27
-88.0446,39.9409#27.18#45.48#27.34
-87.9872,39.9387#27.19#45.4#27.41
-87.9298,39.9364#27.19#45.3#27.51
-87.8725,39.9341#27.2#45.21#27.59
-87.8151,39.9318#27.2#45.12#27.68
-87.7577,39.9294#27.21#45.03#27.76
-87.7003,39.9271#27.21#44.93#27.86
-87.643,39.9247#27.22#44.84#27.94
-87.5856,39.9223#27.22#44.75#28.03
-87.5282,39.9199#27.23#44.65#28.12
-87.4709,39.9174#27.23#44.55#28.22
-87.4135,39.915#27.24#44.44#28.32
-87.3561,39.9125#27.25#44.33#28.42
-87.2988,39.91#27.25#44.22#28.53
-87.2414,39.9075#27.26#44.11#28.63
-87.1841,39.905#27.26#44#28.74
-87.1267,39.9024#27.27#43.89#28.84
-103.853,39.9001#27.65#60.86#11.49
-103.796,39.903#27.61#60.81#11.58
-103.738,39.9059#27.57#60.77#11.66
-103.681,39.9087#27.52#60.73#11.75
-103.624,39.9115#27.48#60.69#11.83
-103.566,39.9143#27.44#60.64#11.92
-103.509,39.9171#27.39#60.6#12.01
-103.452,39.9198#27.37#60.54#12.09
-103.394,39.9226#27.36#60.48#12.16
-103.337,39.9253#27.34#60.42#12.24
-103.28,39.928#27.32#60.36#12.32
-103.222,39.9307#27.3#60.3#12.4
-103.165,39.9333#27.29#60.24#12.47
-103.108,39.936#27.27#60.18#12.55
-103.05,39.9386#27.25#60.12#12.63
-102.993,39.9412#27.24#60.06#12.7
-102.936,39.9438#27.23#59.97#12.8
-102.878,39.9463#27.22#59.88#12.9
-102.821,39.9489#27.22#59.79#12.99
-102.763,39.9514#27.21#59.7#13.09
-102.706,39.9539#27.2#59.61#13.19
-102.649,39.9564#27.19#59.53#13.28
-102.591,39.9589#27.19#59.44#13.37
-102.534,39.9614#27.18#59.35#13.47
-102.477,39.9638#27.17#59.27#13.56
-102.419,39.9662#27.17#59.2#13.63
-102.362,39.9686#27.17#59.12#13.71
-102.304,39.971#27.16#59.05#13.79
-102.247,39.9734#27.16#58.98#13.86
-102.19,39.9757#27.16#58.9#13.94
-102.132,39.978#27.16#58.83#14.01
-102.075,39.9803#27.15#58.76#14.09
-102.017,39.9826#27.15#58.69#14.16
-101.96,39.9849#27.15#58.6#14.25
-101.903,39.9871#27.15#58.5#14.35
-101.845,39.9894#27.14#58.4#14.46
-101.788,39.9916#27.14#58.3#14.56
-101.73,39.9938#27.14#58.2#14.66
-101.673,39.996#27.14#58.1#14.76
-101.615,39.9981#27.14#58#14.86
-101.558,40.0003#27.14#57.9#14.96
-101.501,40.0024#27.14#57.8#15.06
-101.443,40.0045#27.14#57.71#15.15
-101.386,40.0066#27.14#57.63#15.23
-101.328,40.0086#27.14#57.54#15.32
-101.271,40.0107#27.14#57.45#15.41
-101.213,40.0127#27.14#57.37#15.49
-101.156,40.0147#27.14#57.28#15.58
-101.098,40.0167#27.13#57.19#15.68
-101.041,40.0187#27.13#57.11#15.76
-100.984,40.0206#27.13#57.02#15.85
-100.926,40.0226#27.13#56.93#15.94
-100.869,40.0245#27.13#56.84#16.03
-100.811,40.0264#27.13#56.75#16.12
-100.754,40.0282#27.13#56.66#16.21
-100.696,40.0301#27.13#56.57#16.3
-100.639,40.0319#27.14#56.48#16.38
-100.581,40.0338#27.14#56.39#16.47
-100.524,40.0356#27.14#56.3#16.56
-100.466,40.0374#27.14#56.21#16.65
-100.409,40.0391#27.14#56.14#16.72
-100.351,40.0409#27.14#56.06#16.8
-100.294,40.0426#27.14#55.98#16.88
-100.237,40.0443#27.14#55.9#16.96
-100.179,40.046#27.14#55.83#17.03
-100.122,40.0477#27.14#55.75#17.11
-100.064,40.0493#27.14#55.67#17.19
-100.007,40.051#27.14#55.59#17.27
-99.9491,40.0526#27.14#55.51#17.35
-99.8916,40.0542#27.14#55.44#17.42
-99.8341,40.0558#27.15#55.36#17.49
-99.7766,40.0573#27.15#55.28#17.57
-99.7191,40.0589#27.15#55.2#17.65
-99.6616,40.0604#27.15#55.12#17.73
-99.6041,40.0619#27.16#55.04#17.8
-99.5467,40.0634#27.16#54.96#17.88
-99.4892,40.0648#27.16#54.89#17.95
-99.4316,40.0663#27.17#54.81#18.02
-99.3741,40.0677#27.18#54.74#18.08
-99.3166,40.0691#27.2#54.66#18.14
-99.2591,40.0705#27.21#54.58#18.21
-99.2016,40.0719#27.22#54.51#18.27
-99.1441,40.0732#27.23#54.43#18.34
-99.0866,40.0746#27.24#54.36#18.4
-99.0291,40.0759#27.25#54.28#18.47
-98.9716,40.0772#27.27#54.21#18.52
-98.9141,40.0785#27.3#54.14#18.56
-98.8565,40.0797#27.32#54.07#18.61
-98.799,40.081#27.35#54#18.65
-98.7415,40.0822#27.37#53.93#18.7
-98.684,40.0834#27.4#53.86#18.74
-98.6265,40.0846#27.43#53.79#18.78
-98.5689,40.0858#27.45#53.73#18.82
-98.5114,40.0869#27.48#53.66#18.86
-98.4539,40.088#27.51#53.6#18.89
-98.3964,40.0892#27.55#53.54#18.91
-98.3388,40.0903#27.59#53.48#18.93
-98.2813,40.0913#27.63#53.42#18.95
-98.2238,40.0924#27.66#53.37#18.97
-98.1662,40.0934#27.7#53.31#18.99
-98.1087,40.0944#27.74#53.25#19.01
-98.0512,40.0954#27.78#53.19#19.03
-97.9936,40.0964#27.81#53.14#19.05
-97.9361,40.0974#27.86#53.09#19.05
-97.8786,40.0983#27.9#53.05#19.05
-97.821,40.0993#27.94#53.01#19.05
-97.7635,40.1002#27.99#52.96#19.05
-97.7059,40.101#28.03#52.92#19.05
-97.6484,40.1019#28.07#52.88#19.05
-97.5909,40.1028#28.12#52.83#19.05
-97.5333,40.1036#28.16#52.79#19.05
-97.4758,40.1044#28.19#52.75#19.06
-97.4182,40.1052#28.22#52.71#19.07
-97.3607,40.106#28.24#52.67#19.09
-97.3031,40.1067#28.27#52.62#19.11
-97.2456,40.1075#28.29#52.58#19.13
-97.188,40.1082#28.32#52.54#19.14
-97.1305,40.1089#28.34#52.5#19.16
-97.0729,40.1096#28.37#52.46#19.17
-97.0154,40.1102#28.39#52.42#19.19
-96.9578,40.1109#28.4#52.38#19.22
-96.9003,40.1115#28.4#52.35#19.25
-96.8427,40.1121#28.4#52.32#19.28
-96.7852,40.1127#28.4#52.28#19.32
-96.7276,40.1133#28.4#52.25#19.35
-96.6701,40.1138#28.4#52.22#19.38
-96.6125,40.1144#28.4#52.18#19.42
-96.555,40.1149#28.4#52.15#19.45
-96.4974,40.1154#28.4#52.11#19.49
-96.4398,40.1159#28.38#52.08#19.54
-96.3823,40.1163#28.36#52.05#19.59
-96.3247,40.1168#28.33#52.01#19.66
-96.2672,40.1172#28.31#51.98#19.71
-96.2096,40.1176#28.29#51.95#19.76
-96.152,40.118#28.26#51.91#19.83
-96.0945,40.1183#28.24#51.88#19.88
-96.0369,40.1187#28.22#51.85#19.93
-95.9794,40.119#28.19#51.81#20
-95.9218,40.1193#28.15#51.78#20.07
-95.8642,40.1196#28.11#51.75#20.14
-95.8067,40.1199#28.07#51.72#20.21
-95.7491,40.1201#28.03#51.68#20.29
-95.6916,40.1204#27.99#51.65#20.36
-95.634,40.1206#27.95#51.62#20.43
-95.5764,40.1208#27.91#51.59#20.5
-95.5189,40.1209#27.87#51.55#20.58
-95.4613,40.1211#27.83#51.52#20.65
-95.4037,40.1212#27.78#51.49#20.73
-95.3462,40.1214#27.73#51.47#20.8
-95.2886,40.1215#27.68#51.44#20.88
-95.2311,40.1216#27.62#51.41#20.97
-95.1735,40.1216#27.57#51.38#21.05
-95.1159,40.1217#27.52#51.35#21.13
-95.0584,40.1217#27.47#51.32#21.21
-95.0008,40.1217#27.42#51.29#21.29
-94.9432,40.1217#27.39#51.26#21.35
-94.8857,40.1217#27.36#51.23#21.41
-94.8281,40.1216#27.33#51.2#21.47
-94.7705,40.1216#27.31#51.17#21.52
-94.713,40.1215#27.28#51.14#21.58
-94.6554,40.1214#27.25#51.11#21.64
-94.5978,40.1212#27.22#51.08#21.7
-94.5403,40.1211#27.19#51.05#21.76
-94.4827,40.1209#27.17#51.02#21.81
-94.4252,40.1208#27.16#50.99#21.85
-94.3676,40.1206#27.15#50.97#21.88
-94.31,40.1204#27.14#50.94#21.92
-94.2525,40.1201#27.13#50.91#21.96
-94.1949,40.1199#27.12#50.88#22
-94.1373,40.1196#27.11#50.86#22.03
-94.0798,40.1193#27.1#50.83#22.07
-94.0222,40.119#27.09#50.8#22.11
-93.9647,40.1187#27.08#50.77#22.15
-93.9071,40.1183#27.08#50.74#22.18
-93.8495,40.118#27.07#50.7#22.23
-93.792,40.1176#27.07#50.67#22.26
-93.7344,40.1172#27.06#50.64#22.3
-93.6769,40.1168#27.06#50.61#22.33
-93.6193,40.1163#27.06#50.57#22.37
-93.5617,40.1159#27.05#50.54#22.41
-93.5042,40.1154#27.05#50.51#22.44
-93.4466,40.1149#27.05#50.47#22.48
-93.3891,40.1144#27.04#50.44#22.52
-93.3315,40.1138#27.04#50.41#22.55
-93.274,40.1133#27.04#50.38#22.58
-93.2164,40.1127#27.04#50.34#22.62
-93.1589,40.1121#27.04#50.31#22.65
-93.1013,40.1115#27.04#50.28#22.68
-93.0438,40.1109#27.04#50.25#22.71
-92.9862,40.1103#27.04#50.21#22.75
-92.9287,40.1096#27.04#50.18#22.78
-92.8711,40.1089#27.04#50.14#22.82
-92.8136,40.1082#27.04#50.1#22.86
-92.756,40.1075#27.04#50.06#22.9
-92.6985,40.1068#27.04#50.02#22.94
-92.6409,40.106#27.04#49.98#22.98
-92.5834,40.1052#27.04#49.95#23.01
-92.5258,40.1044#27.04#49.91#23.05
-92.4683,40.1036#27.04#49.87#23.09
-92.4107,40.1028#27.04#49.83#23.13
-92.3532,40.1019#27.04#49.79#23.17
-92.2956,40.1011#27.04#49.75#23.21
-92.2381,40.1002#27.04#49.71#23.25
-92.1806,40.0993#27.04#49.67#23.29
-92.123,40.0984#27.04#49.64#23.32
-92.0655,40.0974#27.04#49.6#23.36
-92.0079,40.0964#27.04#49.56#23.4
-91.9504,40.0955#27.04#49.51#23.45
-91.8929,40.0945#27.04#49.47#23.49
-91.8353,40.0934#27.05#49.43#23.52
-91.7778,40.0924#27.05#49.38#23.57
-91.7203,40.0914#27.05#49.34#23.61
-91.6628,40.0903#27.05#49.3#23.65
-91.6052,40.0892#27.05#49.25#23.7
-91.5477,40.0881#27.05#49.21#23.74
-91.4902,40.0869#27.05#49.16#23.79
-91.4326,40.0858#27.06#49.11#23.83
-91.3751,40.0846#27.06#49.06#23.88
-91.3176,40.0834#27.06#49.01#23.93
-91.2601,40.0822#27.06#48.95#23.99
-91.2026,40.081#27.06#48.9#24.04
-91.145,40.0798#27.06#48.85#24.09
-91.0875,40.0785#27.07#48.79#24.14
-91.03,40.0772#27.07#48.74#24.19
-90.9725,40.0759#27.07#48.69#24.24
-90.915,40.0746#27.07#48.63#24.3
-90.8575,40.0733#27.07#48.58#24.35
-90.8,40.0719#27.07#48.52#24.41
-90.7425,40.0706#27.08#48.47#24.45
-90.6849,40.0692#27.08#48.41#24.51
-90.6274,40.0678#27.08#48.35#24.57
-90.5699,40.0663#27.08#48.3#24.62
-90.5124,40.0649#27.08#48.24#24.68
-90.4549,40.0634#27.09#48.19#24.72
-90.3974,40.0619#27.09#48.14#24.77
-90.3399,40.0604#27.09#48.09#24.82
-90.2824,40.0589#27.09#48.03#24.88
-90.225,40.0574#27.1#47.98#24.92
-90.1675,40.0558#27.1#47.93#24.97
-90.11,40.0542#27.1#47.88#25.02
-90.0525,40.0526#27.1#47.83#25.07
-89.995,40.051#27.1#47.77#25.13
-89.9375,40.0494#27.11#47.72#25.17
-89.88,40.0477#27.11#47.66#25.23
-89.8225,40.046#27.11#47.6#25.29
-89.7651,40.0444#27.11#47.55#25.34
-89.7076,40.0426#27.12#47.49#25.39
-89.6501,40.0409#27.12#47.43#25.45
-89.5926,40.0392#27.12#47.37#25.51
-89.5352,40.0374#27.12#47.32#25.56
-89.4777,40.0356#27.13#47.26#25.61
-89.4202,40.0338#27.13#47.2#25.67
-89.3628,40.032#27.13#47.14#25.73
-89.3053,40.0302#27.14#47.08#25.78
-89.2478,40.0283#27.14#47.02#25.84
-89.1904,40.0264#27.14#46.96#25.9
-89.1329,40.0245#27.15#46.91#25.94
-89.0755,40.0226#27.15#46.85#26
-89.018,40.0207#27.15#46.79#26.06
-88.9606,40.0187#27.16#46.73#26.11
-88.9031,40.0168#27.16#46.66#26.18
-88.8457,40.0148#27.16#46.6#26.24
-88.7882,40.0128#27.17#46.54#26.29
-88.7308,40.0107#27.17#46.47#26.36
-88.6733,40.0087#27.17#46.41#26.42
-88.6159,40.0066#27.18#46.35#26.47
-88.5585,40.0045#27.18#46.28#26.54
-88.501,40.0024#27.19#46.22#26.59
-88.4436,40.0003#27.19#46.15#26.66
-88.3862,39.9982#27.2#46.07#26.73
-88.3288,39.996#27.2#46#26.8
-88.2713,39.9938#27.2#45.92#26.88
-88.2139,39.9917#27.21#45.85#26.94
-88.1565,39.9894#27.21#45.78#27.01
-88.0991,39.9872#27.22#45.7#27.08
-88.0417,39.985#27.22#45.63#27.15
-87.9842,39.9827#27.23#45.55#27.22
-87.9268,39.9804#27.23#45.45#27.32
-87.8694,39.9781#27.24#45.36#27.4
-87.812,39.9758#27.24#45.27#27.49
-87.7546,39.9734#27.25#45.17#27.58
-87.6972,39.9711#27.25#45.08#27.67
-87.6398,39.9687#27.26#44.99#27.75
-87.5824,39.9663#27.26#44.89#27.85
-87.5251,39.9639#27.27#44.8#27.93
-87.4677,39.9614#27.28#44.7#28.02
-87.4103,39.959#27.28#44.59#28.13
-87.3529,39.9565#27.29#44.48#28.23
