-97.4465,33.9006#37.64#28.32#34.04
-97.3921,33.9014#37.57#28.33#34.1
-97.3378,33.9021#37.49#28.33#34.18
-97.2834,33.9029#37.42#28.33#34.25
-97.2291,33.9037#37.35#28.33#34.32
-97.1748,33.9044#37.27#28.33#34.4
-97.1204,33.9051#37.2#28.34#34.46
-97.0661,33.9058#37.12#28.34#34.54
-97.0117,33.9065#37.05#28.34#34.61
-96.9574,33.9072#36.98#28.34#34.68
-96.903,33.9078#36.9#28.34#34.76
-96.8487,33.9084#36.83#28.34#34.83
-96.7944,33.909#36.75#28.35#34.9
-96.74,33.9096#36.68#28.35#34.97
-96.6857,33.9102#36.6#28.35#35.05
-96.6313,33.9107#36.53#28.35#35.12
-96.577,33.9113#36.45#28.35#35.2
-96.5226,33.9118#36.38#28.35#35.27
-96.4683,33.9123#36.31#28.35#35.34
-96.4139,33.9128#36.25#28.36#35.39
-96.3596,33.9132#36.19#28.36#35.45
-96.3052,33.9137#36.13#28.36#35.51
-96.2509,33.9141#36.07#28.36#35.57
-96.1965,33.9145#36#28.36#35.64
-96.1422,33.9149#35.94#28.36#35.7
-96.0878,33.9153#35.88#28.36#35.76
-96.0335,33.9156#35.82#28.36#35.82
-95.9791,33.9159#35.76#28.36#35.88
-95.9248,33.9163#35.71#28.36#35.93
-95.8704,33.9166#35.66#28.37#35.97
-95.8161,33.9168#35.6#28.37#36.03
-95.7617,33.9171#35.55#28.37#36.08
-95.7074,33.9173#35.5#28.37#36.13
-95.653,33.9176#35.44#28.37#36.19
-95.5987,33.9178#35.39#28.37#36.24
-95.5443,33.918#35.34#28.37#36.29
-95.4899,33.9181#35.29#28.37#36.34
-95.4356,33.9183#35.24#28.37#36.39
-95.3812,33.9184#35.19#28.37#36.44
-95.3269,33.9186#35.14#28.38#36.48
-95.2725,33.9187#35.09#28.38#36.53
-95.2182,33.9187#35.04#28.38#36.58
-95.1638,33.9188#34.99#28.38#36.63
-95.1095,33.9188#34.94#28.38#36.68
-95.0551,33.9189#34.89#28.38#36.73
-95.0008,33.9189#34.84#28.38#36.78
-94.9464,33.9189#34.79#28.38#36.83
-94.892,33.9188#34.75#28.38#36.87
-94.8377,33.9188#34.7#28.38#36.92
-94.7833,33.9187#34.66#28.38#36.96
-94.729,33.9187#34.62#28.38#37
-94.6746,33.9186#34.57#28.38#37.05
-94.6203,33.9184#34.53#28.39#37.08
-94.5659,33.9183#34.49#28.39#37.12
-94.5116,33.9181#34.44#28.39#37.17
-94.4572,33.918#34.4#28.39#37.21
-94.4029,33.9178#34.37#28.39#37.24
-94.3485,33.9176#34.33#28.39#37.28
-94.2941,33.9174#34.29#28.39#37.32
-94.2398,33.9171#34.25#28.39#37.36
-94.1854,33.9168#34.22#28.39#37.39
-94.1311,33.9166#34.18#28.39#37.43
-94.0767,33.9163#34.14#28.39#37.47
-94.0224,33.916#34.11#28.39#37.5
-93.968,33.9156#34.07#28.39#37.54
-93.9137,33.9153#34.04#28.39#37.57
-93.8593,33.9149#34.01#28.39#37.6
-93.805,33.9145#33.98#28.39#37.63
-93.7506,33.9141#33.95#28.39#37.66
-93.6963,33.9137#33.92#28.4#37.68
-93.6419,33.9132#33.89#28.4#37.71
-93.5876,33.9128#33.86#28.4#37.74
-93.5332,33.9123#33.83#28.4#37.77
-93.4789,33.9118#33.8#28.4#37.8
-93.4245,33.9113#33.78#28.4#37.82
-93.3702,33.9107#33.76#28.4#37.84
-93.3158,33.9102#33.73#28.4#37.87
-93.2615,33.9096#33.71#28.4#37.89
-93.2071,33.909#33.69#28.4#37.91
-93.1528,33.9084#33.67#28.4#37.93
-93.0985,33.9078#33.64#28.4#37.96
-93.0441,33.9072#33.62#28.41#37.97
-92.9898,33.9065#33.6#28.41#37.99
-92.9354,33.9058#33.59#28.41#38
-92.8811,33.9051#33.58#28.41#38.01
-92.8267,33.9044#33.57#28.42#38.01
-92.7724,33.9037#33.56#28.42#38.02
-92.7181,33.9029#33.55#28.43#38.02
-92.6637,33.9022#33.54#28.43#38.03
-92.6094,33.9014#33.52#28.43#38.05
-92.555,33.9006#33.51#28.44#38.05
-99.5667,33.9002#38.43#28.1#33.47
-99.5124,33.9017#38.47#28.11#33.42
-99.458,33.9032#38.48#28.12#33.4
-99.4037,33.9046#38.49#28.13#33.38
-99.3494,33.9061#38.49#28.14#33.37
-99.2951,33.9075#38.49#28.15#33.36
-99.2408,33.909#38.5#28.17#33.33
-99.1864,33.9104#38.5#28.18#33.32
-99.1321,33.9117#38.5#28.19#33.31
-99.0778,33.9131#38.51#28.2#33.29
-99.0234,33.9145#38.51#28.21#33.28
-98.9691,33.9158#38.51#28.22#33.27
-98.9148,33.9171#38.5#28.23#33.27
-98.8605,33.9184#38.49#28.24#33.27
-98.8061,33.9197#38.48#28.24#33.28
-98.7518,33.9209#38.48#28.25#33.27
-98.6975,33.9222#38.47#28.26#33.27
-98.6431,33.9234#38.46#28.26#33.28
-98.5888,33.9246#38.45#28.27#33.28
-98.5344,33.9258#38.45#28.28#33.27
-98.4801,33.9269#38.42#28.28#33.3
-98.4258,33.9281#38.38#28.29#33.33
-98.3714,33.9292#38.34#28.29#33.37
-98.3171,33.9303#38.29#28.29#33.42
-98.2627,33.9314#38.25#28.3#33.45
-98.2084,33.9325#38.2#28.3#33.5
-98.154,33.9336#38.16#28.31#33.53
-98.0997,33.9346#38.11#28.31#33.58
-98.0453,33.9356#38.07#28.31#33.62
-97.991,33.9366#38.02#28.32#33.66
-97.9366,33.9376#37.95#28.32#33.73
-97.8823,33.9386#37.87#28.32#33.81
-97.8279,33.9395#37.8#28.33#33.87
-97.7736,33.9405#37.73#28.33#33.94
-97.7192,33.9414#37.65#28.33#34.02
-97.6649,33.9423#37.58#28.34#34.08
-97.6105,33.9431#37.51#28.34#34.15
-97.5562,33.944#37.44#28.34#34.22
-97.5018,33.9448#37.36#28.34#34.3
-97.4474,33.9457#37.29#28.35#34.36
-97.3931,33.9465#37.21#28.35#34.44
-97.3387,33.9473#37.13#28.35#34.52
-97.2844,33.948#37.06#28.35#34.59
-97.23,33.9488#36.98#28.35#34.67
-97.1756,33.9495#36.91#28.35#34.74
-97.1213,33.9502#36.83#28.36#34.81
-97.0669,33.9509#36.75#28.36#34.89
-97.0125,33.9516#36.68#28.36#34.96
-96.9582,33.9523#36.6#28.36#35.04
-96.9038,33.9529#36.53#28.36#35.11
-96.8494,33.9535#36.45#28.36#35.19
-96.7951,33.9541#36.38#28.37#35.25
-96.7407,33.9547#36.3#28.37#35.33
-96.6863,33.9553#36.22#28.37#35.41
-96.632,33.9558#36.15#28.37#35.48
-96.5776,33.9564#36.07#28.37#35.56
-96.5232,33.9569#36#28.37#35.63
-96.4689,33.9574#35.93#28.37#35.7
-96.4145,33.9579#35.87#28.38#35.75
-96.3601,33.9583#35.81#28.38#35.81
-96.3058,33.9588#35.75#28.38#35.87
-96.2514,33.9592#35.69#28.38#35.93
-96.197,33.9596#35.63#28.38#35.99
-96.1426,33.96#35.56#28.38#36.06
-96.0883,33.9604#35.5#28.38#36.12
-96.0339,33.9607#35.44#28.38#36.18
-95.9795,33.9611#35.39#28.38#36.23
-95.9251,33.9614#35.33#28.38#36.29
-95.8708,33.9617#35.28#28.39#36.33
-95.8164,33.962#35.23#28.39#36.38
-95.762,33.9622#35.18#28.39#36.43
-95.7076,33.9625#35.13#28.39#36.48
-95.6533,33.9627#35.07#28.39#36.54
-95.5989,33.9629#35.02#28.39#36.59
-95.5445,33.9631#34.97#28.39#36.64
-95.4901,33.9633#34.92#28.39#36.69
-95.4358,33.9634#34.87#28.39#36.74
-95.3814,33.9636#34.82#28.39#36.79
-95.327,33.9637#34.77#28.39#36.84
-95.2726,33.9638#34.72#28.4#36.88
-95.2183,33.9639#34.67#28.4#36.93
-95.1639,33.9639#34.63#28.4#36.97
-95.1095,33.964#34.58#28.4#37.02
-95.0551,33.964#34.53#28.4#37.07
-95.0008,33.964#34.48#28.4#37.12
-94.9464,33.964#34.44#28.4#37.16
-94.892,33.964#34.39#28.4#37.21
-94.8376,33.9639#34.35#28.4#37.25
-94.7832,33.9639#34.31#28.4#37.29
-94.7289,33.9638#34.27#28.4#37.33
-94.6745,33.9637#34.22#28.4#37.38
-94.6201,33.9636#34.18#28.4#37.42
-94.5657,33.9634#34.14#28.4#37.46
-94.5114,33.9633#34.1#28.4#37.5
-94.457,33.9631#34.06#28.41#37.53
-94.4026,33.9629#34.02#28.41#37.57
-94.3482,33.9627#33.98#28.41#37.61
-94.2939,33.9625#33.95#28.41#37.64
-94.2395,33.9622#33.91#28.41#37.68
-94.1851,33.962#33.87#28.41#37.72
-94.1307,33.9617#33.84#28.41#37.75
-94.0764,33.9614#33.8#28.41#37.79
-94.022,33.9611#33.77#28.41#37.82
-93.9676,33.9607#33.73#28.41#37.86
-93.9132,33.9604#33.7#28.41#37.89
-93.8589,33.96#33.67#28.41#37.92
-93.8045,33.9596#33.64#28.41#37.95
-93.7501,33.9592#33.61#28.41#37.98
-93.6958,33.9588#33.58#28.41#38.01
-93.6414,33.9584#33.55#28.41#38.04
-93.587,33.9579#33.52#28.41#38.07
-93.5326,33.9574#33.49#28.41#38.1
-93.4783,33.9569#33.46#28.42#38.12
-93.4239,33.9564#33.44#28.42#38.14
-93.3695,33.9559#33.42#28.42#38.16
-93.3152,33.9553#33.4#28.42#38.18
-93.2608,33.9547#33.37#28.42#38.21
-93.2064,33.9542#33.35#28.42#38.23
-93.1521,33.9536#33.33#28.42#38.25
-93.0977,33.9529#33.31#28.42#38.27
-93.0433,33.9523#33.28#28.42#38.3
-92.989,33.9516#33.26#28.43#38.31
-92.9346,33.9509#33.25#28.43#38.32
-92.8802,33.9503#33.24#28.43#38.33
-92.8259,33.9495#33.23#28.44#38.33
-92.7715,33.9488#33.21#28.44#38.35
-92.7171,33.9481#33.2#28.45#38.35
-92.6628,33.9473#33.19#28.45#38.36
-92.6084,33.9465#33.18#28.45#38.37
-92.5541,33.9457#33.17#28.46#38.37
-92.4997,33.9449#33.16#28.46#38.38
-92.4453,33.944#33.15#28.48#38.37
-92.391,33.9432#33.14#28.49#38.37
-92.3366,33.9423#33.14#28.51#38.35
-92.2823,33.9414#33.13#28.53#38.34
-92.2279,33.9405#33.12#28.54#38.34
-92.1736,33.9396#33.11#28.56#38.33
-92.1192,33.9386#33.11#28.58#38.31
-92.0649,33.9376#33.1#28.59#38.31
-92.0105,33.9367#33.09#28.61#38.3
-91.9562,33.9356#33.11#28.63#38.26
-91.9018,33.9346#33.14#28.65#38.21
-91.8475,33.9336#33.16#28.67#38.17
-91.7931,33.9325#33.18#28.69#38.13
-91.7388,33.9315#33.21#28.71#38.08
-91.6844,33.9304#33.23#28.73#38.04
-91.6301,33.9292#33.26#28.75#37.99
-91.5757,33.9281#33.28#28.77#37.95
-91.5214,33.927#33.31#28.79#37.9
-91.4671,33.9258#33.33#28.81#37.86
-91.4127,33.9246#33.35#28.83#37.82
-91.3584,33.9234#33.38#28.85#37.77
-91.3041,33.9222#33.4#28.87#37.73
-91.2497,33.921#33.42#28.89#37.69
-91.1954,33.9197#33.44#28.91#37.65
-91.141,33.9184#33.47#28.93#37.6
-91.0867,33.9171#33.49#28.95#37.56
-91.0324,33.9158#33.51#28.97#37.52
-90.9781,33.9145#33.55#28.98#37.47
-90.9237,33.9131#33.6#28.98#37.42
-90.8694,33.9118#33.64#28.99#37.37
-90.8151,33.9104#33.69#28.99#37.32
-90.7607,33.909#33.74#28.99#37.27
-90.7064,33.9076#33.79#29#37.21
-90.6521,33.9061#33.84#29#37.16
-90.5978,33.9047#33.89#29#37.11
-90.5435,33.9032#33.94#29.01#37.05
-90.4891,33.9017#33.98#29.01#37.01
-90.4348,33.9002#34.02#28.99#36.99
-100.926,33.9016#36.98#27.98#35.04
-100.872,33.9036#37.03#27.98#34.99
-100.818,33.9055#37.08#27.98#34.94
-100.764,33.9075#37.14#27.98#34.88
-100.709,33.9094#37.19#27.98#34.83
-100.655,33.9113#37.24#27.98#34.78
-100.601,33.9131#37.29#27.98#34.73
-100.546,33.915#37.34#27.98#34.68
-100.492,33.9168#37.39#27.98#34.63
-100.438,33.9186#37.44#27.98#34.58
-100.383,33.9204#37.48#27.99#34.53
-100.329,33.9222#37.52#27.99#34.49
-100.275,33.924#37.57#28#34.43
-100.22,33.9257#37.61#28#34.39
-100.166,33.9275#37.65#28#34.35
-100.112,33.9292#37.7#28.01#34.29
-100.057,33.9309#37.74#28.01#34.25
-100.003,33.9325#37.78#28.02#34.2
-99.9488,33.9342#37.83#28.03#34.14
-99.8945,33.9358#37.87#28.04#34.09
-99.8402,33.9374#37.91#28.05#34.04
-99.7858,33.939#37.95#28.06#33.99
-99.7315,33.9406#37.99#28.07#33.94
-99.6772,33.9422#38.04#28.08#33.88
-99.6228,33.9437#38.08#28.09#33.83
-99.5685,33.9453#38.12#28.11#33.77
-99.5142,33.9468#38.16#28.12#33.72
-99.4598,33.9483#38.18#28.13#33.69
-99.4055,33.9497#38.18#28.14#33.68
-99.3511,33.9512#38.18#28.15#33.67
-99.2968,33.9526#38.18#28.17#33.65
-99.2425,33.9541#38.19#28.18#33.63
-99.1881,33.9555#38.19#28.19#33.62
-99.1338,33.9568#38.19#28.2#33.61
-99.0794,33.9582#38.19#28.21#33.6
-99.0251,33.9596#38.2#28.23#33.57
-98.9707,33.9609#38.19#28.24#33.57
-98.9164,33.9622#38.18#28.24#33.58
-98.862,33.9635#38.17#28.25#33.58
-98.8076,33.9648#38.16#28.26#33.58
-98.7533,33.966#38.15#28.27#33.58
-98.6989,33.9673#38.15#28.27#33.58
-98.6446,33.9685#38.14#28.28#33.58
-98.5902,33.9697#38.13#28.29#33.58
-98.5359,33.9709#38.12#28.3#33.58
-98.4815,33.972#38.1#28.3#33.6
-98.4271,33.9732#38.05#28.31#33.64
-98.3728,33.9743#38.01#28.31#33.68
-98.3184,33.9754#37.96#28.31#33.73
-98.264,33.9765#37.92#28.32#33.76
-98.2097,33.9776#37.87#28.32#33.81
-98.1553,33.9787#37.83#28.33#33.84
-98.1009,33.9797#37.78#28.33#33.89
-98.0466,33.9807#37.74#28.34#33.92
-97.9922,33.9817#37.69#28.34#33.97
-97.9378,33.9827#37.61#28.34#34.05
-97.8834,33.9837#37.54#28.34#34.12
-97.8291,33.9846#37.46#28.35#34.19
-97.7747,33.9856#37.38#28.35#34.27
-97.7203,33.9865#37.31#28.35#34.34
-97.6659,33.9874#37.23#28.36#34.41
-97.6116,33.9883#37.16#28.36#34.48
-97.5572,33.9891#37.08#28.36#34.56
-97.5028,33.99#37.01#28.36#34.63
-97.4484,33.9908#36.93#28.37#34.7
-97.394,33.9916#36.85#28.37#34.78
-97.3397,33.9924#36.77#28.37#34.86
-97.2853,33.9931#36.7#28.37#34.93
-97.2309,33.9939#36.62#28.37#35.01
-97.1765,33.9946#36.54#28.38#35.08
-97.1221,33.9953#36.46#28.38#35.16
-97.0677,33.996#36.38#28.38#35.24
-97.0133,33.9967#36.31#28.38#35.31
-96.959,33.9974#36.23#28.38#35.39
-96.9046,33.998#36.15#28.38#35.47
-96.8502,33.9986#36.08#28.39#35.53
-96.7958,33.9992#36#28.39#35.61
-96.7414,33.9998#35.92#28.39#35.69
-96.687,34.0004#35.85#28.39#35.76
-96.6326,34.001#35.77#28.39#35.84
-96.5782,34.0015#35.69#28.39#35.92
-96.5238,34.002#35.62#28.39#35.99
-96.4695,34.0025#35.55#28.39#36.06
-96.4151,34.003#35.49#28.4#36.11
-96.3607,34.0034#35.43#28.4#36.17
-96.3063,34.0039#35.37#28.4#36.23
-96.2519,34.0043#35.31#28.4#36.29
-96.1975,34.0047#35.25#28.4#36.35
-96.1431,34.0051#35.19#28.4#36.41
-96.0887,34.0055#35.13#28.4#36.47
-96.0343,34.0058#35.07#28.4#36.53
-95.9799,34.0062#35.01#28.4#36.59
-95.9255,34.0065#34.96#28.4#36.64
-95.8711,34.0068#34.91#28.41#36.68
-95.8167,34.0071#34.86#28.41#36.73
-95.7623,34.0073#34.81#28.41#36.78
-95.7079,34.0076#34.75#28.41#36.84
-95.6535,34.0078#34.7#28.41#36.89
-95.5991,34.008#34.65#28.41#36.94
-95.5447,34.0082#34.6#28.41#36.99
-95.4903,34.0084#34.55#28.41#37.04
-95.4359,34.0085#34.5#28.41#37.09
-95.3815,34.0087#34.46#28.41#37.13
-95.3271,34.0088#34.41#28.41#37.18
-95.2727,34.0089#34.36#28.41#37.23
-95.2183,34.009#34.31#28.41#37.28
-95.1639,34.009#34.27#28.42#37.31
-95.1095,34.0091#34.22#28.42#37.36
-95.0552,34.0091#34.17#28.42#37.41
-95.0008,34.0091#34.12#28.42#37.46
-94.9464,34.0091#34.08#28.42#37.5
-94.892,34.0091#34.04#28.42#37.54
-94.8376,34.009#34#28.42#37.58
-94.7832,34.009#33.96#28.42#37.62
-94.7288,34.0089#33.92#28.42#37.66
-94.6744,34.0088#33.87#28.42#37.71
-94.62,34.0087#33.83#28.42#37.75
-94.5656,34.0085#33.79#28.42#37.79
-94.5112,34.0084#33.75#28.42#37.83
-94.4568,34.0082#33.71#28.42#37.87
-94.4024,34.008#33.68#28.42#37.9
-94.348,34.0078#33.64#28.42#37.94
-94.2936,34.0076#33.61#28.42#37.97
-94.2392,34.0073#33.57#28.43#38
-94.1848,34.0071#33.53#28.43#38.04
-94.1304,34.0068#33.5#28.43#38.07
-94.076,34.0065#33.46#28.43#38.11
-94.0216,34.0062#33.43#28.43#38.14
-93.9672,34.0058#33.39#28.43#38.18
-93.9128,34.0055#33.36#28.43#38.21
-93.8584,34.0051#33.33#28.43#38.24
-93.804,34.0047#33.3#28.43#38.27
-93.7496,34.0043#33.27#28.43#38.3
-93.6952,34.0039#33.24#28.43#38.33
-93.6408,34.0035#33.22#28.43#38.35
-93.5864,34.003#33.19#28.43#38.38
-93.532,34.0025#33.16#28.43#38.41
-93.4777,34.002#33.13#28.43#38.44
-93.4233,34.0015#33.11#28.43#38.46
-93.3689,34.001#33.08#28.44#38.48
-93.3145,34.0004#33.06#28.44#38.5
-93.2601,33.9999#33.04#28.44#38.52
-93.2057,33.9993#33.01#28.44#38.55
-93.1513,33.9987#32.99#28.44#38.57
-93.0969,33.998#32.97#28.44#38.59
-93.0425,33.9974#32.94#28.44#38.62
-92.9882,33.9967#32.92#28.44#38.64
-92.9338,33.9961#32.91#28.45#38.64
-92.8794,33.9954#32.9#28.45#38.65
-92.825,33.9946#32.88#28.46#38.66
-92.7706,33.9939#32.87#28.46#38.67
-92.7162,33.9932#32.86#28.46#38.68
-92.6618,33.9924#32.85#28.47#38.68
-92.6075,33.9916#32.84#28.47#38.69
-92.5531,33.9908#32.82#28.48#38.7
-92.4987,33.99#32.81#28.48#38.71
-92.4443,33.9891#32.8#28.5#38.7
-92.3899,33.9883#32.8#28.51#38.69
-92.3356,33.9874#32.79#28.53#38.68
-92.2812,33.9865#32.78#28.54#38.68
-92.2268,33.9856#32.77#28.56#38.67
-92.1724,33.9847#32.77#28.57#38.66
-92.1181,33.9837#32.76#28.59#38.65
-92.0637,33.9827#32.75#28.61#38.64
-92.0093,33.9818#32.75#28.62#38.63
-91.9549,33.9808#32.77#28.64#38.59
-91.9006,33.9797#32.79#28.66#38.55
-91.8462,33.9787#32.81#28.68#38.51
-91.7918,33.9776#32.83#28.7#38.47
-91.7375,33.9766#32.86#28.72#38.42
-91.6831,33.9755#32.88#28.74#38.38
-91.6287,33.9744#32.91#28.76#38.33
-91.5744,33.9732#32.93#28.78#38.29
-91.52,33.9721#32.95#28.8#38.25
-91.4656,33.9709#32.98#28.82#38.2
-91.4113,33.9697#33#28.84#38.16
-91.3569,33.9685#33.03#28.86#38.11
-91.3026,33.9673#33.05#28.88#38.07
-91.2482,33.9661#33.07#28.9#38.03
-91.1939,33.9648#33.1#28.92#37.98
-91.1395,33.9635#33.12#28.94#37.94
-91.0851,33.9622#33.15#28.96#37.89
-91.0308,33.9609#33.17#28.98#37.85
-90.9764,33.9596#33.21#28.99#37.8
-90.9221,33.9582#33.26#28.99#37.75
-90.8677,33.9569#33.31#29#37.69
-90.8134,33.9555#33.36#29#37.64
-90.759,33.9541#33.41#29.01#37.58
-90.7047,33.9527#33.45#29.01#37.54
-90.6504,33.9512#33.5#29.02#37.48
-90.596,33.9498#33.55#29.02#37.43
-90.5417,33.9483#33.6#29.02#37.38
-90.4873,33.9468#33.65#29.02#37.33
-90.433,33.9453#33.69#29.01#37.3
-90.3787,33.9438#33.74#29#37.26
-90.3243,33.9422#33.78#28.99#37.23
-90.27,33.9407#33.82#28.98#37.2
-90.2157,33.9391#33.86#28.97#37.17
-90.1613,33.9375#33.9#28.96#37.14
-90.107,33.9359#33.94#28.95#37.11
-90.0527,33.9342#33.98#28.94#37.08
-89.9984,33.9326#34.02#28.93#37.05
-89.944,33.9309#34.06#28.92#37.02
-89.8897,33.9292#34.09#28.9#37.01
-89.8354,33.9275#34.12#28.89#36.99
-89.7811,33.9258#34.15#28.87#36.98
-89.7268,33.924#34.18#28.86#36.96
-89.6724,33.9223#34.21#28.84#36.95
-89.6181,33.9205#34.24#28.83#36.93
-89.5638,33.9187#34.27#28.82#36.91
-89.5095,33.9169#34.3#28.8#36.9
-89.4552,33.915#34.33#28.79#36.88
-89.4009,33.9132#34.35#28.78#36.87
-89.3466,33.9113#34.37#28.76#36.87
-89.2923,33.9094#34.39#28.75#36.86
-89.238,33.9075#34.41#28.74#36.85
-89.1837,33.9056#34.42#28.72#36.86
-89.1294,33.9036#34.44#28.71#36.85
-89.0751,33.9017#34.46#28.7#36.84
-102.069,33.9013#35.53#28.04#36.43
-102.015,33.9037#35.6#28.04#36.36
-101.96,33.906#35.66#28.04#36.3
-101.906,33.9083#35.72#28.04#36.24
-101.852,33.9106#35.77#28.03#36.2
-101.798,33.9129#35.83#28.03#36.14
-101.743,33.9151#35.89#28.03#36.08
-101.689,33.9173#35.95#28.03#36.02
-101.635,33.9196#36#28.02#35.98
-101.58,33.9217#36.06#28.02#35.92
-101.526,33.9239#36.12#28.02#35.86
-101.472,33.9261#36.18#28.02#35.8
-101.418,33.9282#36.23#28.01#35.76
-101.363,33.9304#36.29#28.01#35.7
-101.309,33.9325#36.35#28.01#35.64
-101.255,33.9346#36.4#28.01#35.59
-101.2,33.9366#36.46#28#35.54
-101.146,33.9387#36.51#28#35.49
-101.092,33.9407#36.57#28#35.43
-101.037,33.9427#36.62#28#35.38
-100.983,33.9447#36.68#28#35.32
-100.929,33.9467#36.73#28#35.27
-100.874,33.9487#36.78#28#35.22
-100.82,33.9506#36.83#28#35.17
-100.766,33.9525#36.88#28#35.12
-100.712,33.9545#36.93#28#35.07
-100.657,33.9563#36.98#27.99#35.03
-100.603,33.9582#37.03#27.99#34.98
-100.549,33.9601#37.08#27.99#34.93
-100.494,33.9619#37.13#27.99#34.88
-100.44,33.9637#37.17#28#34.83
-100.386,33.9655#37.21#28#34.79
-100.331,33.9673#37.25#28.01#34.74
-100.277,33.9691#37.29#28.01#34.7
-100.223,33.9708#37.33#28.01#34.66
-100.168,33.9725#37.37#28.02#34.61
-100.114,33.9743#37.41#28.02#34.57
-100.059,33.9759#37.46#28.02#34.52
-100.005,33.9776#37.5#28.03#34.47
-99.9508,33.9793#37.54#28.04#34.42
-99.8965,33.9809#37.58#28.05#34.37
-99.8421,33.9825#37.62#28.06#34.32
-99.7878,33.9841#37.66#28.07#34.27
-99.7334,33.9857#37.7#28.08#34.22
-99.679,33.9873#37.74#28.09#34.17
-99.6247,33.9888#37.78#28.1#34.12
-99.5703,33.9904#37.82#28.11#34.07
-99.516,33.9919#37.86#28.12#34.02
-99.4616,33.9934#37.87#28.14#33.99
-99.4073,33.9948#37.87#28.15#33.98
-99.3529,33.9963#37.87#28.16#33.97
-99.2985,33.9977#37.87#28.18#33.95
-99.2442,33.9992#37.88#28.19#33.93
-99.1898,34.0006#37.88#28.2#33.92
-99.1354,34.0019#37.88#28.21#33.91
-99.081,34.0033#37.88#28.23#33.89
-99.0267,34.0047#37.88#28.24#33.88
-98.9723,34.006#37.88#28.25#33.87
-98.9179,34.0073#37.86#28.26#33.88
-98.8636,34.0086#37.85#28.27#33.88
-98.8092,34.0099#37.84#28.27#33.89
-98.7548,34.0111#37.83#28.28#33.89
-98.7004,34.0124#37.82#28.29#33.89
-98.646,34.0136#37.81#28.3#33.89
-98.5917,34.0148#37.8#28.31#33.89
-98.5373,34.016#37.79#28.31#33.9
-98.4829,34.0171#37.77#28.32#33.91
-98.4285,34.0183#37.72#28.33#33.95
-98.3741,34.0194#37.68#28.33#33.99
-98.3197,34.0205#37.63#28.33#34.04
-98.2653,34.0216#37.58#28.34#34.08
-98.211,34.0227#37.54#28.34#34.12
-98.1566,34.0238#37.49#28.35#34.16
-98.1022,34.0248#37.45#28.35#34.2
-98.0478,34.0258#37.4#28.36#34.24
-97.9934,34.0268#37.35#28.36#34.29
-97.939,34.0278#37.27#28.36#34.37
-97.8846,34.0288#37.2#28.37#34.43
-97.8302,34.0297#37.12#28.37#34.51
-97.7758,34.0307#37.04#28.37#34.59
-97.7214,34.0316#36.96#28.37#34.67
-97.667,34.0325#36.89#28.38#34.73
-97.6126,34.0334#36.81#28.38#34.81
-97.5582,34.0342#36.73#28.38#34.89
-97.5038,34.0351#36.66#28.39#34.95
-97.4494,34.0359#36.58#28.39#35.03
-97.395,34.0367#36.5#28.39#35.11
-97.3406,34.0375#36.42#28.39#35.19
-97.2862,34.0382#36.34#28.39#35.27
-97.2318,34.039#36.25#28.39#35.36
-97.1774,34.0397#36.17#28.4#35.43
-97.123,34.0404#36.09#28.4#35.51
-97.0686,34.0411#36.02#28.4#35.58
-97.0142,34.0418#35.94#28.4#35.66
-96.9597,34.0425#35.86#28.4#35.74
-96.9053,34.0431#35.78#28.4#35.82
-96.8509,34.0437#35.7#28.41#35.89
-96.7965,34.0444#35.62#28.41#35.97
-96.7421,34.0449#35.54#28.41#36.05
-96.6877,34.0455#35.47#28.41#36.12
-96.6333,34.0461#35.39#28.41#36.2
-96.5789,34.0466#35.31#28.41#36.28
-96.5245,34.0471#35.23#28.41#36.36
-96.47,34.0476#35.17#28.41#36.42
-96.4156,34.0481#35.11#28.42#36.47
-96.3612,34.0486#35.05#28.42#36.53
-96.3068,34.049#34.99#28.42#36.59
-96.2524,34.0494#34.93#28.42#36.65
-96.198,34.0498#34.87#28.42#36.71
-96.1436,34.0502#34.81#28.42#36.77
-96.0891,34.0506#34.75#28.42#36.83
-96.0347,34.0509#34.69#28.42#36.89
-95.9803,34.0513#34.64#28.42#36.94
-95.9259,34.0516#34.58#28.42#37
-95.8715,34.0519#34.53#28.42#37.05
-95.817,34.0522#34.48#28.43#37.09
-95.7626,34.0524#34.43#28.43#37.14
-95.7082,34.0527#34.38#28.43#37.19
-95.6538,34.0529#34.33#28.43#37.24
-95.5994,34.0531#34.28#28.43#37.29
-95.545,34.0533#34.23#28.43#37.34
-95.4905,34.0535#34.18#28.43#37.39
-95.4361,34.0536#34.14#28.43#37.43
-95.3817,34.0538#34.09#28.43#37.48
-95.3273,34.0539#34.04#28.43#37.53
-95.2729,34.054#34#28.43#37.57
-95.2184,34.0541#33.95#28.43#37.62
-95.164,34.0541#33.91#28.43#37.66
-95.1096,34.0542#33.86#28.43#37.71
-95.0552,34.0542#33.81#28.44#37.75
-95.0008,34.0542#33.77#28.44#37.79
-94.9463,34.0542#33.73#28.44#37.83
-94.8919,34.0542#33.69#28.44#37.87
-94.8375,34.0541#33.65#28.44#37.91
-94.7831,34.0541#33.61#28.44#37.95
-94.7287,34.054#33.57#28.44#37.99
-94.6742,34.0539#33.53#28.44#38.03
-94.6198,34.0538#33.49#28.44#38.07
-94.5654,34.0536#33.45#28.44#38.11
-94.511,34.0535#33.41#28.44#38.15
-94.4566,34.0533#33.37#28.44#38.19
-94.4021,34.0531#33.33#28.44#38.23
-94.3477,34.0529#33.3#28.44#38.26
-94.2933,34.0527#33.26#28.44#38.3
-94.2389,34.0524#33.23#28.44#38.33
-94.1845,34.0522#33.19#28.44#38.37
-94.13,34.0519#33.16#28.44#38.4
-94.0756,34.0516#33.12#28.44#38.44
-94.0212,34.0513#33.09#28.44#38.47
-93.9668,34.051#33.06#28.45#38.49
-93.9124,34.0506#33.03#28.45#38.52
-93.858,34.0502#33#28.45#38.55
-93.8035,34.0498#32.97#28.45#38.58
-93.7491,34.0494#32.94#28.45#38.61
-93.6947,34.049#32.91#28.45#38.64
-93.6403,34.0486#32.88#28.45#38.67
-93.5859,34.0481#32.85#28.45#38.7
-93.5315,34.0476#32.82#28.45#38.73
-93.477,34.0471#32.79#28.45#38.76
-93.4226,34.0466#32.77#28.45#38.78
-93.3682,34.0461#32.74#28.45#38.81
-93.3138,34.0455#32.72#28.46#38.82
-93.2594,34.045#32.7#28.46#38.84
-93.205,34.0444#32.67#28.46#38.87
-93.1506,34.0438#32.65#28.46#38.89
-93.0962,34.0431#32.63#28.46#38.91
-93.0418,34.0425#32.6#28.46#38.94
-92.9873,34.0418#32.58#28.46#38.96
-92.9329,34.0412#32.57#28.47#38.96
-92.8785,34.0405#32.56#28.47#38.97
-92.8241,34.0397#32.54#28.48#38.98
-92.7697,34.039#32.53#28.48#38.99
-92.7153,34.0383#32.52#28.48#39
-92.6609,34.0375#32.5#28.49#39.01
-92.6065,34.0367#32.49#28.49#39.02
-92.5521,34.0359#32.48#28.5#39.02
-92.4977,34.0351#32.47#28.5#39.03
-92.4433,34.0342#32.46#28.51#39.03
-92.3889,34.0334#32.45#28.53#39.02
-92.3345,34.0325#32.44#28.54#39.02
-92.2801,34.0316#32.44#28.56#39
-92.2257,34.0307#32.43#28.57#39
-92.1713,34.0298#32.42#28.59#38.99
-92.1169,34.0288#32.41#28.6#38.99
-92.0625,34.0278#32.41#28.62#38.97
-92.0081,34.0269#32.4#28.63#38.97
-91.9537,34.0259#32.42#28.65#38.93
-91.8993,34.0248#32.44#28.67#38.89
-91.8449,34.0238#32.46#28.69#38.85
-91.7905,34.0227#32.49#28.71#38.8
-91.7362,34.0217#32.51#28.73#38.76
-91.6818,34.0206#32.53#28.75#38.72
-91.6274,34.0195#32.56#28.77#38.67
-91.573,34.0183#32.58#28.79#38.63
-91.5186,34.0172#32.6#28.81#38.59
-91.4642,34.016#32.63#28.83#38.54
-91.4098,34.0148#32.65#28.85#38.5
-91.3555,34.0136#32.68#28.87#38.45
-91.3011,34.0124#32.7#28.89#38.41
-91.2467,34.0112#32.73#28.91#38.36
-91.1923,34.0099#32.75#28.93#38.32
-91.1379,34.0086#32.78#28.95#38.27
-91.0836,34.0073#32.8#28.97#38.23
-91.0292,34.006#32.83#28.99#38.18
-90.9748,34.0047#32.87#29#38.13
-90.9205,34.0033#32.92#29#38.08
-90.8661,34.002#32.97#29.01#38.02
-90.8117,34.0006#33.02#29.02#37.96
-90.7573,33.9992#33.07#29.02#37.91
-90.703,33.9978#33.12#29.03#37.85
-90.6486,33.9963#33.17#29.03#37.8
-90.5943,33.9949#33.22#29.04#37.74
-90.5399,33.9934#33.27#29.04#37.69
-90.4855,33.9919#33.32#29.04#37.64
-90.4312,33.9904#33.37#29.03#37.6
-90.3768,33.9889#33.41#29.02#37.57
-90.3225,33.9873#33.45#29.01#37.54
-90.2681,33.9858#33.5#29#37.5
-90.2137,33.9842#33.54#28.99#37.47
-90.1594,33.9826#33.59#28.98#37.43
-90.105,33.981#33.63#28.97#37.4
-90.0507,33.9793#33.67#28.96#37.37
-89.9963,33.9777#33.72#28.95#37.33
-89.942,33.976#33.75#28.94#37.31
-89.8877,33.9743#33.79#28.93#37.28
-89.8333,33.9726#33.82#28.91#37.27
-89.779,33.9709#33.85#28.9#37.25
-89.7246,33.9691#33.89#28.88#37.23
-89.6703,33.9674#33.92#28.87#37.21
-89.616,33.9656#33.95#28.85#37.2
-89.5616,33.9638#33.99#28.84#37.17
-89.5073,33.962#34.02#28.82#37.16
-89.453,33.9601#34.04#28.81#37.15
-89.3986,33.9583#34.07#28.8#37.13
-89.3443,33.9564#34.09#28.78#37.13
-89.29,33.9545#34.11#28.77#37.12
-89.2357,33.9526#34.13#28.76#37.11
-89.1813,33.9507#34.15#28.75#37.1
-89.127,33.9487#34.18#28.73#37.09
-89.0727,33.9468#34.2#28.72#37.08
-89.0184,33.9448#34.22#28.71#37.07
-88.9641,33.9428#34.24#28.69#37.07
-88.9098,33.9408#34.25#28.68#37.07
-88.8555,33.9387#34.26#28.67#37.07
-88.8012,33.9367#34.28#28.66#37.06
-88.7468,33.9346#34.29#28.65#37.06
-88.6925,33.9325#34.3#28.63#37.07
-88.6382,33.9304#34.32#28.62#37.06
-88.5839,33.9283#34.33#28.61#37.06
-88.5296,33.9261#34.35#28.6#37.05
-88.4753,33.924#34.36#28.59#37.05
-88.4211,33.9218#34.37#28.58#37.05
-88.3668,33.9196#34.38#28.56#37.06
-88.3125,33.9174#34.39#28.55#37.06
-88.2582,33.9152#34.4#28.54#37.06
-88.2039,33.9129#34.41#28.53#37.06
-88.1496,33.9106#34.42#28.52#37.06
-88.0953,33.9084#34.43#28.51#37.06
-88.0411,33.9061#34.44#28.5#37.06
-87.9868,33.9037#34.45#28.48#37.07
-87.9325,33.9014#34.47#28.46#37.07
-103.049,33.9011#34.09#28.08#37.83
-102.994,33.9038#34.17#28.08#37.75
-102.94,33.9064#34.24#28.08#37.68
-102.886,33.9091#34.3#28.08#37.62
-102.832,33.9117#34.37#28.08#37.55
-102.777,33.9143#34.43#28.08#37.49
-102.723,33.9169#34.5#28.08#37.42
-102.669,33.9194#34.56#28.08#37.36
-102.615,33.922#34.63#28.08#37.29
-102.56,33.9245#34.69#28.08#37.23
-102.506,33.927#34.75#28.07#37.18
-102.452,33.9295#34.82#28.07#37.11
-102.398,33.9319#34.89#28.07#37.04
-102.343,33.9344#34.96#28.07#36.97
-102.289,33.9368#35.03#28.07#36.9
-102.235,33.9392#35.1#28.07#36.83
-102.18,33.9416#35.16#28.06#36.78
-102.126,33.944#35.23#28.06#36.71
-102.072,33.9464#35.3#28.06#36.64
-102.018,33.9487#35.37#28.06#36.57
-101.963,33.951#35.43#28.06#36.51
-101.909,33.9534#35.49#28.05#36.46
-101.855,33.9556#35.55#28.05#36.4
-101.8,33.9579#35.6#28.05#36.35
-101.746,33.9602#35.66#28.05#36.29
-101.692,33.9624#35.72#28.04#36.24
-101.637,33.9646#35.77#28.04#36.19
-101.583,33.9668#35.83#28.04#36.13
-101.529,33.969#35.89#28.04#36.07
-101.474,33.9712#35.95#28.03#36.02
-101.42,33.9733#36#28.03#35.97
-101.366,33.9754#36.05#28.03#35.92
-101.311,33.9775#36.11#28.03#35.86
-101.257,33.9796#36.16#28.02#35.82
-101.203,33.9817#36.22#28.02#35.76
-101.149,33.9837#36.27#28.02#35.71
-101.094,33.9858#36.32#28.02#35.66
-101.04,33.9878#36.38#28.01#35.61
-100.986,33.9898#36.43#28.01#35.56
-100.931,33.9918#36.48#28.01#35.51
-100.877,33.9937#36.53#28.01#35.46
-100.822,33.9957#36.58#28.01#35.41
-100.768,33.9976#36.62#28.01#35.37
-100.714,33.9995#36.67#28.01#35.32
-100.659,34.0014#36.72#28.01#35.27
-100.605,34.0033#36.77#28.01#35.22
-100.551,34.0051#36.82#28.01#35.17
-100.496,34.007#36.87#28.01#35.12
-100.442,34.0088#36.91#28.01#35.08
-100.388,34.0106#36.94#28.02#35.04
-100.333,34.0124#36.98#28.02#35
-100.279,34.0141#37.02#28.02#34.96
-100.225,34.0159#37.06#28.03#34.91
-100.17,34.0176#37.1#28.03#34.87
-100.116,34.0193#37.13#28.03#34.84
-100.062,34.021#37.17#28.04#34.79
-100.007,34.0227#37.21#28.04#34.75
-99.9528,34.0244#37.25#28.05#34.7
-99.8984,34.026#37.28#28.06#34.66
-99.8441,34.0276#37.32#28.07#34.61
-99.7897,34.0292#37.36#28.08#34.56
-99.7353,34.0308#37.4#28.09#34.51
-99.6809,34.0324#37.44#28.1#34.46
-99.6265,34.0339#37.48#28.11#34.41
-99.5722,34.0354#37.51#28.12#34.37
-99.5178,34.037#37.55#28.13#34.32
-99.4634,34.0384#37.56#28.14#34.3
-99.409,34.0399#37.56#28.16#34.28
-99.3546,34.0414#37.56#28.17#34.27
-99.3002,34.0428#37.56#28.19#34.25
-99.2459,34.0442#37.56#28.2#34.24
-99.1915,34.0456#37.56#28.21#34.23
-99.1371,34.047#37.56#28.23#34.21
-99.0827,34.0484#37.56#28.24#34.2
-99.0283,34.0497#37.57#28.25#34.18
-98.9739,34.0511#37.56#28.26#34.18
-98.9195,34.0524#37.55#28.27#34.18
-98.8651,34.0537#37.53#28.28#34.19
-98.8107,34.055#37.52#28.29#34.19
-98.7563,34.0562#37.51#28.3#34.19
-98.7019,34.0575#37.5#28.31#34.19
-98.6475,34.0587#37.49#28.32#34.19
-98.5931,34.0599#37.47#28.32#34.21
-98.5387,34.0611#37.46#28.33#34.21
-98.4843,34.0622#37.44#28.34#34.22
-98.4299,34.0634#37.39#28.35#34.26
-98.3755,34.0645#37.35#28.35#34.3
-98.3211,34.0656#37.3#28.35#34.35
-98.2667,34.0667#37.25#28.36#34.39
-98.2122,34.0678#37.21#28.36#34.43
-98.1578,34.0689#37.16#28.37#34.47
-98.1034,34.0699#37.11#28.37#34.52
-98.049,34.0709#37.07#28.38#34.55
-97.9946,34.0719#37.02#28.38#34.6
-97.9402,34.0729#36.94#28.38#34.68
-97.8858,34.0739#36.86#28.39#34.75
-97.8313,34.0748#36.78#28.39#34.83
-97.7769,34.0758#36.7#28.39#34.91
-97.7225,34.0767#36.62#28.4#34.98
-97.6681,34.0776#36.54#28.4#35.06
-97.6137,34.0785#36.46#28.4#35.14
-97.5592,34.0793#36.38#28.4#35.22
-97.5048,34.0802#36.3#28.41#35.29
-97.4504,34.081#36.22#28.41#35.37
-97.396,34.0818#36.14#28.41#35.45
-97.3415,34.0826#36.06#28.41#35.53
-97.2871,34.0833#35.97#28.41#35.62
-97.2327,34.0841#35.89#28.42#35.69
-97.1783,34.0848#35.81#28.42#35.77
-97.1238,34.0855#35.73#28.42#35.85
-97.0694,34.0862#35.65#28.42#35.93
-97.015,34.0869#35.56#28.42#36.02
-96.9605,34.0876#35.48#28.42#36.1
-96.9061,34.0882#35.4#28.43#36.17
-96.8517,34.0888#35.33#28.43#36.24
-96.7972,34.0895#35.25#28.43#36.32
-96.7428,34.09#35.17#28.43#36.4
-96.6884,34.0906#35.09#28.43#36.48
-96.6339,34.0912#35.01#28.43#36.56
-96.5795,34.0917#34.93#28.43#36.64
-96.5251,34.0922#34.85#28.43#36.72
-96.4706,34.0927#34.78#28.43#36.79
-96.4162,34.0932#34.73#28.44#36.83
-96.3618,34.0937#34.67#28.44#36.89
-96.3073,34.0941#34.61#28.44#36.95
-96.2529,34.0945#34.55#28.44#37.01
-96.1985,34.0949#34.49#28.44#37.07
-96.144,34.0953#34.43#28.44#37.13
-96.0896,34.0957#34.37#28.44#37.19
-96.0351,34.096#34.31#28.44#37.25
-95.9807,34.0964#34.26#28.44#37.3
-95.9263,34.0967#34.21#28.44#37.35
-95.8718,34.097#34.16#28.44#37.4
-95.8174,34.0973#34.11#28.44#37.45
-95.7629,34.0975#34.06#28.45#37.49
-95.7085,34.0978#34.01#28.45#37.54
-95.6541,34.098#33.96#28.45#37.59
-95.5996,34.0982#33.91#28.45#37.64
-95.5452,34.0984#33.86#28.45#37.69
-95.4907,34.0986#33.82#28.45#37.73
-95.4363,34.0987#33.77#28.45#37.78
-95.3818,34.0989#33.73#28.45#37.82
-95.3274,34.099#33.68#28.45#37.87
-95.273,34.0991#33.64#28.45#37.91
-95.2185,34.0992#33.59#28.45#37.96
-95.1641,34.0992#33.55#28.45#38
-95.1096,34.0993#33.5#28.45#38.05
-95.0552,34.0993#33.46#28.45#38.09
-95.0008,34.0993#33.41#28.45#38.14
-94.9463,34.0993#33.37#28.45#38.18
-94.8919,34.0993#33.33#28.46#38.21
-94.8374,34.0992#33.29#28.46#38.25
-94.783,34.0992#33.26#28.46#38.28
-94.7285,34.0991#33.22#28.46#38.32
-94.6741,34.099#33.18#28.46#38.36
-94.6197,34.0989#33.14#28.46#38.4
-94.5652,34.0987#33.1#28.46#38.44
-94.5108,34.0986#33.06#28.46#38.48
-94.4563,34.0984#33.02#28.46#38.52
-94.4019,34.0982#32.99#28.46#38.55
-94.3475,34.098#32.95#28.46#38.59
-94.293,34.0978#32.92#28.46#38.62
-94.2386,34.0975#32.89#28.46#38.65
-94.1841,34.0973#32.85#28.46#38.69
-94.1297,34.097#32.82#28.46#38.72
-94.0752,34.0967#32.78#28.46#38.76
-94.0208,34.0964#32.75#28.46#38.79
-93.9664,34.0961#32.72#28.46#38.82
-93.9119,34.0957#32.69#28.46#38.85
-93.8575,34.0953#32.66#28.46#38.88
-93.8031,34.0949#32.63#28.47#38.9
-93.7486,34.0945#32.6#28.47#38.93
-93.6942,34.0941#32.57#28.47#38.96
-93.6397,34.0937#32.54#28.47#38.99
-93.5853,34.0932#32.51#28.47#39.02
-93.5309,34.0927#32.48#28.47#39.05
-93.4764,34.0922#32.46#28.47#39.07
-93.422,34.0917#32.43#28.47#39.1
-93.3676,34.0912#32.41#28.47#39.12
-93.3131,34.0906#32.38#28.47#39.15
-93.2587,34.0901#32.36#28.48#39.16
-93.2043,34.0895#32.34#28.48#39.18
-93.1498,34.0889#32.31#28.48#39.21
-93.0954,34.0882#32.29#28.48#39.23
-93.041,34.0876#32.26#28.48#39.26
-92.9865,34.0869#32.24#28.48#39.28
-92.9321,34.0863#32.23#28.49#39.28
-92.8777,34.0856#32.21#28.49#39.3
-92.8232,34.0848#32.2#28.49#39.31
-92.7688,34.0841#32.19#28.5#39.31
-92.7144,34.0834#32.17#28.5#39.33
-92.66,34.0826#32.16#28.51#39.33
-92.6055,34.0818#32.15#28.51#39.34
-92.5511,34.081#32.13#28.51#39.36
-92.4967,34.0802#32.12#28.52#39.36
-92.4423,34.0793#32.11#28.53#39.36
-92.3878,34.0785#32.1#28.55#39.35
-92.3334,34.0776#32.1#28.56#39.34
-92.279,34.0767#32.09#28.57#39.34
-92.2246,34.0758#32.08#28.59#39.33
-92.1702,34.0749#32.07#28.6#39.33
-92.1157,34.0739#32.07#28.62#39.31
-92.0613,34.0729#32.06#28.63#39.31
-92.0069,34.072#32.05#28.65#39.3
-91.9525,34.0709#32.07#28.66#39.27
-91.8981,34.0699#32.09#28.68#39.23
-91.8437,34.0689#32.11#28.7#39.19
-91.7893,34.0678#32.14#28.72#39.14
-91.7348,34.0668#32.16#28.74#39.1
-91.6804,34.0657#32.18#28.76#39.06
-91.626,34.0645#32.2#28.78#39.02
-91.5716,34.0634#32.23#28.81#38.96
-91.5172,34.0623#32.25#28.83#38.92
-91.4628,34.0611#32.28#28.84#38.88
-91.4084,34.0599#32.3#28.86#38.84
-91.354,34.0587#32.33#28.88#38.79
-91.2996,34.0575#32.36#28.9#38.74
-91.2452,34.0562#32.38#28.92#38.7
-91.1908,34.055#32.41#28.94#38.65
-91.1364,34.0537#32.44#28.96#38.6
-91.082,34.0524#32.46#28.98#38.56
-91.0276,34.0511#32.49#29#38.51
-90.9732,34.0498#32.53#29.01#38.46
-90.9188,34.0484#32.58#29.02#38.4
-90.8644,34.0471#32.63#29.02#38.35
-90.81,34.0457#32.68#29.03#38.29
-90.7556,34.0443#32.73#29.04#38.23
-90.7013,34.0429#32.79#29.04#38.17
-90.6469,34.0414#32.84#29.05#38.11
-90.5925,34.04#32.89#29.06#38.05
-90.5381,34.0385#32.94#29.06#38
-90.4837,34.037#32.99#29.06#37.95
-90.4293,34.0355#33.04#29.05#37.91
-90.375,34.034#33.09#29.04#37.87
-90.3206,34.0324#33.13#29.04#37.83
-90.2662,34.0308#33.18#29.03#37.79
-90.2118,34.0293#33.23#29.02#37.75
-90.1575,34.0277#33.27#29.01#37.72
-90.1031,34.026#33.32#29#37.68
-90.0487,34.0244#33.37#28.99#37.64
-89.9943,34.0227#33.41#28.98#37.61
-89.94,34.0211#33.45#28.96#37.59
-89.8856,34.0194#33.48#28.95#37.57
-89.8312,34.0177#33.52#28.93#37.55
-89.7769,34.0159#33.56#28.92#37.52
-89.7225,34.0142#33.59#28.91#37.5
-89.6682,34.0124#33.63#28.89#37.48
-89.6138,34.0107#33.66#28.88#37.46
-89.5594,34.0089#33.7#28.86#37.44
-89.5051,34.007#33.73#28.85#37.42
-89.4507,34.0052#33.76#28.83#37.41
-89.3964,34.0033#33.79#28.82#37.39
-89.342,34.0015#33.81#28.81#37.38
-89.2877,33.9996#33.83#28.79#37.38
-89.2334,33.9977#33.86#28.78#37.36
-89.179,33.9957#33.88#28.77#37.35
-89.1247,33.9938#33.91#28.75#37.34
-89.0703,33.9918#33.93#28.74#37.33
-89.016,33.9899#33.96#28.73#37.31
-88.9617,33.9879#33.97#28.71#37.32
-88.9073,33.9858#33.99#28.7#37.31
-88.853,33.9838#34#28.69#37.31
-88.7987,33.9818#34.02#28.68#37.3
-88.7443,33.9797#34.04#28.66#37.3
-88.69,33.9776#34.05#28.65#37.3
-88.6357,33.9755#34.07#28.64#37.29
-88.5814,33.9734#34.08#28.63#37.29
-88.527,33.9712#34.1#28.62#37.28
-88.4727,33.9691#34.11#28.6#37.29
-88.4184,33.9669#34.12#28.59#37.29
-88.3641,33.9647#34.13#28.58#37.29
-88.3098,33.9625#34.15#28.57#37.28
-88.2555,33.9602#34.16#28.56#37.28
-88.2012,33.958#34.17#28.55#37.28
-88.1469,33.9557#34.18#28.53#37.29
-88.0926,33.9534#34.19#28.52#37.29
-88.0383,33.9511#34.2#28.51#37.29
-87.984,33.9488#34.22#28.5#37.28
-87.9297,33.9464#34.23#28.48#37.29
-87.8754,33.9441#34.25#28.46#37.29
-87.8211,33.9417#34.26#28.45#37.29
-87.7668,33.9393#34.28#28.43#37.29
-87.7125,33.9369#34.29#28.41#37.3
-87.6582,33.9345#34.3#28.39#37.31
-87.604,33.932#34.32#28.37#37.31
-87.5497,33.9295#34.33#28.36#37.31
-87.4954,33.9271#34.35#28.34#37.31
-87.4411,33.9246#34.37#28.32#37.31
-87.3868,33.922#34.4#28.29#37.31
-87.3326,33.9195#34.42#28.27#37.31
-87.2783,33.9169#34.45#28.25#37.3
-87.224,33.9144#34.47#28.23#37.3
-87.1698,33.9118#34.49#28.21#37.3
-87.1155,33.9092#34.52#28.19#37.29
-87.0613,33.9065#34.54#28.17#37.29
-87.007,33.9039#34.57#28.15#37.28
-86.9528,33.9012#34.6#28.12#37.28
-103.92,33.901#32.69#27.99#39.32
-103.866,33.904#32.76#28#39.24
-103.812,33.9069#32.83#28.01#39.16
-103.757,33.9098#32.91#28.03#39.06
-103.703,33.9127#32.98#28.04#38.98
-103.649,33.9156#33.05#28.05#38.9
-103.595,33.9185#33.12#28.06#38.82
-103.54,33.9213#33.19#28.07#38.74
-103.486,33.9242#33.26#28.08#38.66
-103.432,33.927#33.35#28.08#38.57
-103.378,33.9298#33.43#28.08#38.49
-103.323,33.9326#33.51#28.09#38.4
-103.269,33.9353#33.59#28.09#38.32
-103.215,33.9381#33.67#28.09#38.24
-103.161,33.9408#33.75#28.09#38.16
-103.106,33.9435#33.83#28.1#38.07
-103.052,33.9462#33.91#28.1#37.99
-102.998,33.9488#33.98#28.1#37.92
-102.943,33.9515#34.04#28.1#37.86
-102.889,33.9541#34.11#28.1#37.79
-102.835,33.9567#34.17#28.1#37.73
-102.781,33.9593#34.23#28.1#37.67
-102.726,33.9619#34.29#28.1#37.61
-102.672,33.9645#34.35#28.1#37.55
-102.618,33.967#34.41#28.09#37.5
-102.563,33.9695#34.47#28.09#37.44
-102.509,33.972#34.53#28.09#37.38
-102.455,33.9745#34.6#28.09#37.31
-102.401,33.977#34.67#28.09#37.24
-102.346,33.9794#34.74#28.09#37.17
-102.292,33.9819#34.8#28.09#37.11
-102.238,33.9843#34.87#28.08#37.05
-102.183,33.9867#34.94#28.08#36.98
-102.129,33.9891#35.01#28.08#36.91
-102.075,33.9914#35.08#28.08#36.84
-102.02,33.9938#35.14#28.08#36.78
-101.966,33.9961#35.2#28.07#36.73
-101.912,33.9984#35.26#28.07#36.67
-101.857,34.0007#35.32#28.07#36.61
-101.803,34.003#35.37#28.07#36.56
-101.749,34.0052#35.43#28.06#36.51
-101.694,34.0075#35.49#28.06#36.45
-101.64,34.0097#35.54#28.06#36.4
-101.586,34.0119#35.6#28.06#36.34
-101.531,34.0141#35.66#28.05#36.29
-101.477,34.0162#35.71#28.05#36.24
-101.423,34.0184#35.77#28.05#36.18
-101.368,34.0205#35.82#28.05#36.13
-101.314,34.0226#35.87#28.04#36.09
-101.26,34.0247#35.92#28.04#36.04
-101.205,34.0268#35.97#28.04#35.99
-101.151,34.0288#36.02#28.04#35.94
-101.097,34.0308#36.08#28.03#35.89
-101.042,34.0329#36.13#28.03#35.84
-100.988,34.0349#36.18#28.03#35.79
-100.934,34.0368#36.23#28.03#35.74
-100.879,34.0388#36.27#28.03#35.7
-100.825,34.0408#36.32#28.03#35.65
-100.77,34.0427#36.37#28.03#35.6
-100.716,34.0446#36.42#28.03#35.55
-100.662,34.0465#36.46#28.03#35.51
-100.607,34.0484#36.51#28.02#35.47
-100.553,34.0502#36.56#28.02#35.42
-100.499,34.0521#36.6#28.02#35.38
-100.444,34.0539#36.64#28.03#35.33
-100.39,34.0557#36.68#28.03#35.29
-100.335,34.0575#36.71#28.03#35.26
-100.281,34.0592#36.75#28.04#35.21
-100.227,34.061#36.78#28.04#35.18
-100.172,34.0627#36.82#28.04#35.14
-100.118,34.0644#36.85#28.05#35.1
-100.064,34.0661#36.89#28.05#35.06
-100.009,34.0678#36.92#28.05#35.03
-99.9548,34.0694#36.96#28.06#34.98
-99.9004,34.0711#36.99#28.07#34.94
-99.846,34.0727#37.03#28.08#34.89
-99.7916,34.0743#37.07#28.09#34.84
-99.7372,34.0759#37.1#28.1#34.8
-99.6828,34.0774#37.14#28.11#34.75
-99.6284,34.079#37.17#28.12#34.71
-99.574,34.0805#37.21#28.13#34.66
-99.5196,34.082#37.25#28.14#34.61
-99.4652,34.0835#37.26#28.15#34.59
-99.4108,34.085#37.26#28.17#34.57
-99.3564,34.0865#37.26#28.18#34.56
-99.302,34.0879#37.26#28.19#34.55
-99.2476,34.0893#37.25#28.21#34.54
-99.1932,34.0907#37.25#28.22#34.53
-99.1387,34.0921#37.25#28.24#34.51
-99.0843,34.0935#37.25#28.25#34.5
-99.0299,34.0948#37.25#28.27#34.48
-98.9755,34.0962#37.24#28.28#34.48
-98.9211,34.0975#37.23#28.29#34.48
-98.8667,34.0988#37.22#28.3#34.48
-98.8122,34.1#37.2#28.31#34.49
-98.7578,34.1013#37.19#28.31#34.5
-98.7034,34.1025#37.17#28.32#34.51
-98.649,34.1038#37.16#28.33#34.51
-98.5945,34.105#37.15#28.34#34.51
-98.5401,34.1061#37.13#28.35#34.52
-98.4857,34.1073#37.11#28.36#34.53
-98.4313,34.1085#37.06#28.36#34.58
-98.3768,34.1096#37.02#28.37#34.61
-98.3224,34.1107#36.97#28.37#34.66
-98.268,34.1118#36.92#28.38#34.7
-98.2135,34.1129#36.87#28.38#34.75
-98.1591,34.1139#36.83#28.39#34.78
-98.1047,34.115#36.78#28.39#34.83
-98.0502,34.116#36.73#28.4#34.87
-97.9958,34.117#36.68#28.4#34.92
-97.9414,34.118#36.6#28.4#35
-97.8869,34.119#36.52#28.41#35.07
-97.8325,34.1199#36.44#28.41#35.15
-97.778,34.1209#36.36#28.41#35.23
-97.7236,34.1218#36.28#28.42#35.3
-97.6692,34.1227#36.19#28.42#35.39
-97.6147,34.1235#36.11#28.42#35.47
-97.5603,34.1244#36.03#28.42#35.55
-97.5058,34.1252#35.95#28.43#35.62
-97.4514,34.1261#35.87#28.43#35.7
-97.3969,34.1269#35.78#28.43#35.79
-97.3425,34.1277#35.7#28.43#35.87
-97.288,34.1284#35.61#28.43#35.96
-97.2336,34.1292#35.53#28.44#36.03
-97.1791,34.1299#35.44#28.44#36.12
