-98.7639,35.9007#28.07#29.79#42.14
-98.7086,35.902#28.03#29.8#42.17
-98.6532,35.9032#27.99#29.81#42.2
-98.5979,35.9044#27.95#29.82#42.23
-98.5426,35.9056#27.91#29.83#42.26
-98.4873,35.9067#27.87#29.85#42.28
-98.432,35.9079#27.84#29.86#42.3
-98.3767,35.909#27.8#29.88#42.32
-98.3213,35.9101#27.77#29.89#42.34
-98.266,35.9112#27.74#29.91#42.35
-98.2107,35.9123#27.7#29.92#42.38
-98.1554,35.9133#27.67#29.94#42.39
-98.1,35.9143#27.64#29.95#42.41
-98.0447,35.9154#27.6#29.97#42.43
-97.9894,35.9164#27.57#29.99#42.44
-97.9341,35.9173#27.55#30.01#42.44
-97.8787,35.9183#27.53#30.03#42.44
-97.8234,35.9192#27.5#30.05#42.45
-97.7681,35.9202#27.48#30.07#42.45
-97.7127,35.9211#27.45#30.09#42.46
-97.6574,35.922#27.43#30.11#42.46
-97.6021,35.9228#27.41#30.13#42.46
-97.5467,35.9237#27.38#30.15#42.47
-97.4914,35.9245#27.36#30.17#42.47
-97.4361,35.9253#27.34#30.19#42.47
-97.3807,35.9261#27.33#30.22#42.45
-97.3254,35.9269#27.31#30.24#42.45
-97.2701,35.9277#27.29#30.26#42.45
-97.2147,35.9284#27.28#30.28#42.44
-97.1594,35.9291#27.26#30.31#42.43
-97.104,35.9298#27.24#30.33#42.43
-97.0487,35.9305#27.23#30.35#42.42
-96.9934,35.9312#27.21#30.37#42.42
-96.938,35.9318#27.2#30.39#42.41
-96.8827,35.9325#27.19#30.4#42.41
-96.8273,35.9331#27.18#30.41#42.41
-96.772,35.9337#27.17#30.43#42.4
-96.7166,35.9342#27.16#30.44#42.4
-96.6613,35.9348#27.15#30.45#42.4
-96.606,35.9353#27.14#30.47#42.39
-96.5506,35.9359#27.13#30.48#42.39
-96.4953,35.9364#27.12#30.49#42.39
-96.4399,35.9369#27.11#30.5#42.39
-96.3846,35.9373#27.11#30.51#42.38
-96.3292,35.9378#27.1#30.52#42.38
-96.2739,35.9382#27.1#30.53#42.37
-96.2185,35.9386#27.09#30.54#42.37
-96.1632,35.939#27.08#30.55#42.37
-96.1078,35.9394#27.08#30.56#42.36
-96.0525,35.9397#27.07#30.57#42.36
-95.9971,35.9401#27.07#30.58#42.35
-95.9418,35.9404#27.06#30.59#42.35
-95.8864,35.9407#27.06#30.6#42.34
-95.8311,35.941#27.06#30.61#42.33
-95.7757,35.9412#27.06#30.62#42.32
-95.7204,35.9415#27.05#30.63#42.32
-95.665,35.9417#27.05#30.64#42.31
-95.6097,35.9419#27.05#30.65#42.3
-95.5543,35.9421#27.05#30.66#42.29
-95.4989,35.9423#27.04#30.67#42.29
-95.4436,35.9425#27.04#30.68#42.28
-95.3882,35.9426#27.04#30.69#42.27
-95.3329,35.9427#27.04#30.7#42.26
-95.2775,35.9428#27.04#30.71#42.25
-95.2222,35.9429#27.04#30.72#42.24
-95.1668,35.943#27.04#30.73#42.23
-95.1115,35.943#27.03#30.73#42.24
-95.0561,35.943#27.03#30.74#42.23
-95.0008,35.943#27.03#30.75#42.22
-94.9454,35.943#27.03#30.76#42.21
-94.8901,35.943#27.03#30.77#42.2
-94.8347,35.943#27.03#30.78#42.19
-94.7793,35.9429#27.03#30.79#42.18
-94.724,35.9428#27.02#30.8#42.18
-94.6686,35.9427#27.02#30.81#42.17
-94.6133,35.9426#27.02#30.82#42.16
-94.5579,35.9425#27.02#30.83#42.15
-94.5026,35.9423#27.02#30.84#42.14
-94.4472,35.9421#27.02#30.85#42.13
-94.3919,35.9419#27.02#30.86#42.12
-94.3365,35.9417#27.02#30.87#42.11
-94.2812,35.9415#27.02#30.88#42.1
-94.2258,35.9413#27.02#30.89#42.09
-94.1705,35.941#27.01#30.9#42.09
-94.1151,35.9407#27.01#30.91#42.08
-94.0598,35.9404#27.01#30.92#42.07
-94.0044,35.9401#27.01#30.93#42.06
-93.9491,35.9397#27.01#30.94#42.05
-93.8937,35.9394#27.01#30.95#42.04
-93.8384,35.939#27.01#30.97#42.02
-93.783,35.9386#27.01#30.98#42.01
-93.7277,35.9382#27.01#30.99#42
-93.6723,35.9378#27.01#31#41.99
-93.617,35.9373#27.01#31.01#41.98
-93.5616,35.9369#27.01#31.03#41.96
-93.5063,35.9364#27.01#31.04#41.95
-93.4509,35.9359#27.01#31.05#41.94
-93.3956,35.9354#27.01#31.06#41.93
-93.3402,35.9348#27.01#31.08#41.91
-93.2849,35.9343#27.01#31.09#41.9
-93.2295,35.9337#27.01#31.11#41.88
-93.1742,35.9331#27.01#31.12#41.87
-93.1189,35.9325#27.01#31.13#41.86
-93.0635,35.9318#27.01#31.15#41.84
-93.0082,35.9312#27.01#31.16#41.83
-92.9528,35.9305#27.01#31.18#41.81
-92.8975,35.9298#27.01#31.19#41.8
-92.8421,35.9291#27.01#31.21#41.78
-92.7868,35.9284#27.01#31.22#41.77
-92.7315,35.9277#27.02#31.24#41.74
-92.6761,35.9269#27.02#31.26#41.72
-92.6208,35.9261#27.02#31.27#41.71
-92.5655,35.9253#27.02#31.29#41.69
-92.5101,35.9245#27.02#31.3#41.68
-92.4548,35.9237#27.02#31.32#41.66
-92.3994,35.9228#27.02#31.34#41.64
-92.3441,35.922#27.02#31.35#41.63
-92.2888,35.9211#27.03#31.37#41.6
-92.2335,35.9202#27.03#31.39#41.58
-92.1781,35.9193#27.03#31.4#41.57
-92.1228,35.9183#27.03#31.42#41.55
-92.0675,35.9174#27.03#31.44#41.53
-92.0121,35.9164#27.03#31.45#41.52
-91.9568,35.9154#27.03#31.47#41.5
-91.9015,35.9144#27.04#31.49#41.47
-91.8462,35.9133#27.04#31.5#41.46
-91.7908,35.9123#27.04#31.52#41.44
-91.7355,35.9112#27.04#31.53#41.43
-91.6802,35.9101#27.04#31.55#41.41
-91.6249,35.909#27.04#31.57#41.39
-91.5696,35.9079#27.05#31.58#41.37
-91.5142,35.9068#27.05#31.6#41.35
-91.4589,35.9056#27.05#31.61#41.34
-91.4036,35.9044#27.05#31.62#41.33
-91.3483,35.9032#27.06#31.64#41.3
-91.293,35.902#27.06#31.65#41.29
-91.2377,35.9008#27.06#31.66#41.28
-100.425,35.9#29.18#30.03#40.79
-100.369,35.9018#29.16#30.02#40.82
-100.314,35.9035#29.15#30.01#40.84
-100.259,35.9053#29.13#30#40.87
-100.204,35.907#29.12#29.99#40.89
-100.148,35.9087#29.1#29.98#40.92
-100.093,35.9104#29.09#29.97#40.94
-100.038,35.9121#29.07#29.95#40.98
-99.9824,35.9137#29.05#29.94#41.01
-99.9271,35.9154#29.01#29.94#41.05
-99.8718,35.917#28.96#29.93#41.11
-99.8165,35.9186#28.92#29.93#41.15
-99.7612,35.9202#28.87#29.92#41.21
-99.7059,35.9217#28.83#29.92#41.25
-99.6506,35.9233#28.79#29.91#41.3
-99.5953,35.9248#28.74#29.91#41.35
-99.5399,35.9263#28.7#29.9#41.4
-99.4846,35.9278#28.66#29.9#41.44
-99.4293,35.9293#28.6#29.89#41.51
-99.374,35.9307#28.55#29.89#41.56
-99.3187,35.9322#28.5#29.89#41.61
-99.2634,35.9336#28.45#29.89#41.66
-99.208,35.935#28.39#29.89#41.72
-99.1527,35.9364#28.34#29.89#41.77
-99.0974,35.9377#28.29#29.89#41.82
-99.0421,35.9391#28.23#29.89#41.88
-98.9867,35.9404#28.18#29.89#41.93
-98.9314,35.9417#28.14#29.9#41.96
-98.8761,35.943#28.1#29.91#41.99
-98.8207,35.9443#28.06#29.93#42.01
-98.7654,35.9455#28.02#29.94#42.04
-98.7101,35.9468#27.98#29.95#42.07
-98.6547,35.948#27.94#29.96#42.1
-98.5994,35.9492#27.9#29.97#42.13
-98.5441,35.9504#27.85#29.98#42.17
-98.4887,35.9515#27.81#29.99#42.2
-98.4334,35.9527#27.78#30#42.22
-98.378,35.9538#27.75#30.02#42.23
-98.3227,35.9549#27.72#30.03#42.25
-98.2674,35.956#27.69#30.05#42.26
-98.212,35.9571#27.65#30.06#42.29
-98.1567,35.9581#27.62#30.07#42.31
-98.1013,35.9592#27.59#30.09#42.32
-98.046,35.9602#27.56#30.1#42.34
-97.9906,35.9612#27.53#30.12#42.35
-97.9353,35.9622#27.51#30.14#42.35
-97.8799,35.9631#27.48#30.16#42.36
-97.8246,35.9641#27.46#30.18#42.36
-97.7692,35.965#27.44#30.19#42.37
-97.7139,35.9659#27.41#30.21#42.38
-97.6585,35.9668#27.39#30.23#42.38
-97.6031,35.9676#27.37#30.25#42.38
-97.5478,35.9685#27.35#30.27#42.38
-97.4924,35.9693#27.32#30.29#42.39
-97.4371,35.9701#27.31#30.32#42.37
-97.3817,35.9709#27.29#30.34#42.37
-97.3264,35.9717#27.28#30.36#42.36
-97.271,35.9725#27.26#30.39#42.35
-97.2156,35.9732#27.25#30.41#42.34
-97.1603,35.9739#27.23#30.44#42.33
-97.1049,35.9746#27.22#30.46#42.32
-97.0495,35.9753#27.2#30.49#42.31
-96.9942,35.976#27.19#30.51#42.3
-96.9388,35.9767#27.18#30.52#42.3
-96.8834,35.9773#27.17#30.54#42.29
-96.8281,35.9779#27.16#30.55#42.29
-96.7727,35.9785#27.15#30.56#42.29
-96.7173,35.9791#27.14#30.58#42.28
-96.662,35.9796#27.13#30.59#42.28
-96.6066,35.9802#27.12#30.6#42.28
-96.5512,35.9807#27.11#30.61#42.28
-96.4959,35.9812#27.1#30.63#42.27
-96.4405,35.9817#27.09#30.64#42.27
-96.3851,35.9821#27.09#30.65#42.26
-96.3298,35.9826#27.08#30.66#42.26
-96.2744,35.983#27.08#30.67#42.25
-96.219,35.9834#27.07#30.68#42.25
-96.1636,35.9838#27.07#30.69#42.24
-96.1083,35.9842#27.06#30.7#42.24
-96.0529,35.9846#27.05#30.71#42.24
-95.9975,35.9849#27.05#30.72#42.23
-95.9422,35.9852#27.05#30.73#42.22
-95.8868,35.9855#27.04#30.74#42.22
-95.8314,35.9858#27.04#30.75#42.21
-95.776,35.9861#27.04#30.76#42.2
-95.7207,35.9863#27.04#30.77#42.19
-95.6653,35.9866#27.03#30.77#42.2
-95.6099,35.9868#27.03#30.78#42.19
-95.5545,35.987#27.03#30.79#42.18
-95.4992,35.9871#27.03#30.8#42.17
-95.4438,35.9873#27.03#30.81#42.16
-95.3884,35.9874#27.02#30.82#42.16
-95.333,35.9875#27.02#30.83#42.15
-95.2776,35.9876#27.02#30.84#42.14
-95.2223,35.9877#27.02#30.85#42.13
-95.1669,35.9878#27.02#30.86#42.12
-95.1115,35.9878#27.02#30.87#42.11
-95.0561,35.9879#27.02#30.88#42.1
-95.0008,35.9879#27.02#30.89#42.09
-94.9454,35.9879#27.02#30.9#42.08
-94.89,35.9878#27.01#30.91#42.08
-94.8346,35.9878#27.01#30.92#42.07
-94.7793,35.9877#27.01#30.93#42.06
-94.7239,35.9876#27.01#30.93#42.06
-94.6685,35.9875#27.01#30.94#42.05
-94.6131,35.9874#27.01#30.95#42.04
-94.5578,35.9873#27.01#30.96#42.03
-94.5024,35.9871#27.01#30.97#42.02
-94.447,35.987#27.01#30.98#42.01
-94.3916,35.9868#27.01#30.99#42
-94.3363,35.9866#27#31#42
-94.2809,35.9863#27#31.01#41.99
-94.2255,35.9861#27#31.02#41.98
-94.1701,35.9858#27#31.03#41.97
-94.1148,35.9855#27#31.04#41.96
-94.0594,35.9852#27#31.05#41.95
-94.004,35.9849#27#31.06#41.94
-93.9486,35.9846#27#31.08#41.92
-93.8933,35.9842#27#31.09#41.91
-93.8379,35.9838#27#31.1#41.9
-93.7825,35.9834#27#31.11#41.89
-93.7271,35.983#27#31.12#41.88
-93.6718,35.9826#27#31.13#41.87
-93.6164,35.9822#27#31.15#41.85
-93.561,35.9817#27#31.16#41.84
-93.5057,35.9812#27#31.17#41.83
-93.4503,35.9807#27#31.18#41.82
-93.3949,35.9802#27#31.2#41.8
-93.3396,35.9796#27#31.21#41.79
-93.2842,35.9791#27#31.22#41.78
-93.2288,35.9785#27#31.24#41.76
-93.1734,35.9779#27#31.25#41.75
-93.1181,35.9773#27#31.26#41.74
-93.0627,35.9767#27#31.28#41.72
-93.0074,35.976#27#31.29#41.71
-92.952,35.9754#27#31.31#41.69
-92.8966,35.9747#27#31.32#41.68
-92.8413,35.974#27#31.34#41.66
-92.7859,35.9732#27.01#31.35#41.64
-92.7305,35.9725#27.01#31.37#41.62
-92.6752,35.9717#27.01#31.39#41.6
-92.6198,35.971#27.01#31.4#41.59
-92.5645,35.9702#27.01#31.42#41.57
-92.5091,35.9694#27.01#31.43#41.56
-92.4537,35.9685#27.01#31.45#41.54
-92.3984,35.9677#27.01#31.47#41.52
-92.343,35.9668#27.02#31.48#41.5
-92.2877,35.9659#27.02#31.5#41.48
-92.2323,35.965#27.02#31.52#41.46
-92.177,35.9641#27.02#31.53#41.45
-92.1216,35.9631#27.02#31.55#41.43
-92.0663,35.9622#27.02#31.56#41.42
-92.0109,35.9612#27.02#31.58#41.4
-91.9556,35.9602#27.03#31.6#41.37
-91.9002,35.9592#27.03#31.61#41.36
-91.8449,35.9582#27.03#31.63#41.34
-91.7895,35.9571#27.03#31.64#41.33
-91.7342,35.956#27.03#31.66#41.31
-91.6788,35.9549#27.03#31.68#41.29
-91.6235,35.9538#27.04#31.69#41.27
-91.5682,35.9527#27.04#31.71#41.25
-91.5128,35.9516#27.04#31.72#41.24
-91.4575,35.9504#27.04#31.74#41.22
-91.4021,35.9492#27.04#31.75#41.21
-91.3468,35.948#27.05#31.76#41.19
-91.2915,35.9468#27.05#31.77#41.18
-91.2361,35.9456#27.05#31.78#41.17
-91.1808,35.9443#27.05#31.8#41.15
-91.1255,35.9431#27.06#31.81#41.13
-91.0701,35.9418#27.06#31.82#41.12
-91.0148,35.9405#27.06#31.83#41.11
-90.9595,35.9391#27.07#31.84#41.09
-90.9041,35.9378#27.07#31.85#41.08
-90.8488,35.9364#27.07#31.86#41.07
-90.7935,35.935#27.07#31.87#41.06
-90.7382,35.9336#27.08#31.88#41.04
-90.6829,35.9322#27.08#31.88#41.04
-90.6275,35.9308#27.08#31.89#41.03
-90.5722,35.9293#27.09#31.9#41.01
-90.5169,35.9279#27.09#31.91#41
-90.4616,35.9264#27.09#31.91#41
-90.4063,35.9249#27.09#31.91#41
-90.351,35.9233#27.1#31.91#40.99
-90.2956,35.9218#27.1#31.91#40.99
-90.2403,35.9202#27.1#31.91#40.99
-90.185,35.9186#27.11#31.91#40.98
-90.1297,35.917#27.11#31.91#40.98
-90.0744,35.9154#27.11#31.91#40.98
-90.0191,35.9138#27.12#31.9#40.98
-89.9638,35.9121#27.12#31.89#40.99
-89.9085,35.9105#27.12#31.88#41
-89.8532,35.9088#27.13#31.86#41.01
-89.7979,35.9071#27.13#31.85#41.02
-89.7426,35.9053#27.13#31.83#41.04
-89.6873,35.9036#27.14#31.82#41.04
-89.632,35.9018#27.14#31.8#41.06
-89.5768,35.9#27.15#31.79#41.06
-101.643,35.9009#28.88#30.09#41.03
-101.588,35.9031#28.91#30.04#41.05
-101.533,35.9053#28.94#30#41.06
-101.478,35.9074#28.97#29.99#41.04
-101.422,35.9095#28.99#30.03#40.98
-101.367,35.9117#29#30.08#40.92
-101.312,35.9137#29.02#30.12#40.86
-101.256,35.9158#29.04#30.16#40.8
-101.201,35.9179#29.06#30.2#40.74
-101.146,35.9199#29.08#30.24#40.68
-101.091,35.9219#29.1#30.28#40.62
-101.035,35.9239#29.12#30.32#40.56
-100.98,35.9259#29.13#30.33#40.54
-100.925,35.9279#29.13#30.32#40.55
-100.869,35.9298#29.13#30.31#40.56
-100.814,35.9318#29.13#30.3#40.57
-100.759,35.9337#29.14#30.28#40.58
-100.704,35.9356#29.14#30.27#40.59
-100.648,35.9375#29.14#30.26#40.6
-100.593,35.9393#29.14#30.24#40.62
-100.538,35.9412#29.15#30.23#40.62
-100.482,35.943#29.14#30.22#40.64
-100.427,35.9448#29.13#30.21#40.66
-100.372,35.9466#29.11#30.19#40.7
-100.316,35.9483#29.1#30.18#40.72
-100.261,35.9501#29.08#30.17#40.75
-100.206,35.9518#29.07#30.16#40.77
-100.15,35.9535#29.06#30.15#40.79
-100.095,35.9552#29.04#30.13#40.83
-100.04,35.9569#29.03#30.12#40.85
-99.9844,35.9585#29#30.11#40.89
-99.9291,35.9602#28.96#30.11#40.93
-99.8738,35.9618#28.92#30.1#40.98
-99.8185,35.9634#28.88#30.09#41.03
-99.7631,35.965#28.84#30.09#41.07
-99.7078,35.9666#28.79#30.08#41.13
-99.6525,35.9681#28.75#30.07#41.18
-99.5971,35.9696#28.71#30.07#41.22
-99.5418,35.9711#28.67#30.06#41.27
-99.4865,35.9726#28.63#30.06#41.31
-99.4311,35.9741#28.57#30.05#41.38
-99.3758,35.9756#28.52#30.05#41.43
-99.3204,35.977#28.46#30.05#41.49
-99.2651,35.9784#28.41#30.05#41.54
-99.2098,35.9798#28.35#30.05#41.6
-99.1544,35.9812#28.3#30.05#41.65
-99.0991,35.9826#28.25#30.05#41.7
-99.0437,35.9839#28.19#30.05#41.76
-98.9884,35.9852#28.14#30.05#41.81
-98.933,35.9865#28.1#30.06#41.84
-98.8777,35.9878#28.05#30.07#41.88
-98.8223,35.9891#28.01#30.08#41.91
-98.7669,35.9904#27.97#30.09#41.94
-98.7116,35.9916#27.93#30.1#41.97
-98.6562,35.9928#27.88#30.11#42.01
-98.6009,35.994#27.84#30.12#42.04
-98.5455,35.9952#27.8#30.12#42.08
-98.4901,35.9964#27.76#30.13#42.11
-98.4348,35.9975#27.73#30.15#42.12
-98.3794,35.9986#27.7#30.16#42.14
-98.3241,35.9997#27.67#30.17#42.16
-98.2687,36.0008#27.64#30.19#42.17
-98.2133,36.0019#27.6#30.2#42.2
-98.1579,36.0029#27.57#30.21#42.22
-98.1026,36.004#27.54#30.22#42.24
-98.0472,36.005#27.51#30.23#42.26
-97.9918,36.006#27.48#30.25#42.27
-97.9365,36.007#27.46#30.27#42.27
-97.8811,36.0079#27.44#30.28#42.28
-97.8257,36.0089#27.42#30.3#42.28
-97.7703,36.0098#27.4#30.32#42.28
-97.715,36.0107#27.37#30.34#42.29
-97.6596,36.0116#27.35#30.36#42.29
-97.6042,36.0125#27.33#30.37#42.3
-97.5488,36.0133#27.31#30.39#42.3
-97.4934,36.0141#27.29#30.41#42.3
-97.4381,36.015#27.27#30.44#42.29
-97.3827,36.0158#27.26#30.46#42.28
-97.3273,36.0165#27.24#30.49#42.27
-97.2719,36.0173#27.23#30.52#42.25
-97.2165,36.018#27.22#30.54#42.24
-97.1612,36.0188#27.2#30.57#42.23
-97.1058,36.0195#27.19#30.6#42.21
-97.0504,36.0202#27.17#30.62#42.21
-96.995,36.0208#27.16#30.65#42.19
-96.9396,36.0215#27.15#30.66#42.19
-96.8842,36.0221#27.14#30.67#42.19
-96.8288,36.0227#27.13#30.69#42.18
-96.7734,36.0233#27.12#30.7#42.18
-96.718,36.0239#27.11#30.71#42.18
-96.6627,36.0244#27.1#30.72#42.18
-96.6073,36.025#27.1#30.74#42.16
-96.5519,36.0255#27.09#30.75#42.16
-96.4965,36.026#27.08#30.76#42.16
-96.4411,36.0265#27.07#30.77#42.16
-96.3857,36.027#27.07#30.78#42.15
-96.3303,36.0274#27.06#30.79#42.15
-96.2749,36.0278#27.06#30.8#42.14
-96.2195,36.0283#27.05#30.81#42.14
-96.1641,36.0287#27.05#30.82#42.13
-96.1087,36.029#27.04#30.83#42.13
-96.0533,36.0294#27.04#30.84#42.12
-95.9979,36.0297#27.03#30.85#42.12
-95.9425,36.03#27.03#30.86#42.11
-95.8871,36.0303#27.03#30.87#42.1
-95.8317,36.0306#27.02#30.88#42.1
-95.7763,36.0309#27.02#30.89#42.09
-95.7209,36.0311#27.02#30.9#42.08
-95.6656,36.0314#27.02#30.91#42.07
-95.6102,36.0316#27.02#30.92#42.06
-95.5548,36.0318#27.01#30.93#42.06
-95.4994,36.0319#27.01#30.94#42.05
-95.444,36.0321#27.01#30.95#42.04
-95.3886,36.0322#27.01#30.96#42.03
-95.3332,36.0324#27.01#30.97#42.02
-95.2778,36.0325#27.01#30.97#42.02
-95.2224,36.0325#27.01#30.98#42.01
-95.167,36.0326#27#30.99#42.01
-95.1116,36.0327#27#31#42
-95.0562,36.0327#27#31.01#41.99
-95.0008,36.0327#27#31.02#41.98
-94.9454,36.0327#27#31.03#41.97
-94.89,36.0327#27#31.04#41.96
-94.8346,36.0326#27#31.05#41.95
-94.7792,36.0325#27#31.06#41.94
-94.7238,36.0325#27#31.07#41.93
-94.6684,36.0324#27#31.08#41.92
-94.613,36.0322#26.99#31.09#41.92
-94.5576,36.0321#26.99#31.1#41.91
-94.5022,36.032#26.99#31.11#41.9
-94.4468,36.0318#26.99#31.12#41.89
-94.3914,36.0316#26.99#31.13#41.88
-94.336,36.0314#26.99#31.14#41.87
-94.2806,36.0311#26.99#31.15#41.86
-94.2252,36.0309#26.99#31.16#41.85
-94.1698,36.0306#26.99#31.17#41.84
-94.1144,36.0304#26.99#31.18#41.83
-94.059,36.0301#26.99#31.19#41.82
-94.0036,36.0297#26.99#31.2#41.81
-93.9482,36.0294#26.99#31.21#41.8
-93.8928,36.029#26.99#31.22#41.79
-93.8374,36.0287#26.99#31.23#41.78
-93.782,36.0283#26.99#31.24#41.77
-93.7266,36.0279#26.99#31.26#41.75
-93.6712,36.0274#26.99#31.27#41.74
-93.6158,36.027#26.99#31.28#41.73
-93.5604,36.0265#26.99#31.29#41.72
-93.505,36.026#26.99#31.3#41.71
-93.4497,36.0255#26.99#31.32#41.69
-93.3943,36.025#26.99#31.33#41.68
-93.3389,36.0245#26.99#31.34#41.67
-93.2835,36.0239#26.99#31.36#41.65
-93.2281,36.0233#26.99#31.37#41.64
-93.1727,36.0227#26.99#31.38#41.63
-93.1173,36.0221#26.99#31.4#41.61
-93.0619,36.0215#26.99#31.41#41.6
-93.0065,36.0208#26.99#31.42#41.59
-92.9512,36.0202#26.99#31.44#41.57
-92.8958,36.0195#26.99#31.45#41.56
-92.8404,36.0188#27#31.47#41.53
-92.785,36.0181#27#31.49#41.51
-92.7296,36.0173#27#31.5#41.5
-92.6742,36.0166#27#31.52#41.48
-92.6188,36.0158#27#31.53#41.47
-92.5635,36.015#27#31.55#41.45
-92.5081,36.0142#27#31.56#41.44
-92.4527,36.0133#27#31.58#41.42
-92.3973,36.0125#27.01#31.6#41.39
-92.3419,36.0116#27.01#31.61#41.38
-92.2866,36.0107#27.01#31.63#41.36
-92.2312,36.0098#27.01#31.64#41.35
-92.1758,36.0089#27.01#31.66#41.33
-92.1204,36.008#27.01#31.68#41.31
-92.0651,36.007#27.01#31.69#41.3
-92.0097,36.006#27.02#31.71#41.27
-91.9543,36.005#27.02#31.72#41.26
-91.899,36.004#27.02#31.74#41.24
-91.8436,36.003#27.02#31.76#41.22
-91.7882,36.0019#27.02#31.77#41.21
-91.7328,36.0008#27.02#31.79#41.19
-91.6775,35.9998#27.02#31.8#41.18
-91.6221,35.9987#27.03#31.82#41.15
-91.5667,35.9975#27.03#31.83#41.14
-91.5114,35.9964#27.03#31.85#41.12
-91.456,35.9952#27.03#31.86#41.11
-91.4007,35.994#27.03#31.87#41.1
-91.3453,35.9928#27.04#31.89#41.07
-91.2899,35.9916#27.04#31.9#41.06
-91.2346,35.9904#27.04#31.91#41.05
-91.1792,35.9891#27.04#31.92#41.04
-91.1239,35.9879#27.05#31.93#41.02
-91.0685,35.9866#27.05#31.94#41.01
-91.0132,35.9853#27.05#31.96#40.99
-90.9578,35.9839#27.05#31.97#40.98
-90.9025,35.9826#27.06#31.97#40.97
-90.8471,35.9812#27.06#31.98#40.96
-90.7918,35.9799#27.06#31.99#40.95
-90.7364,35.9785#27.06#32#40.94
-90.6811,35.977#27.07#32.01#40.92
-90.6257,35.9756#27.07#32.01#40.92
-90.5704,35.9741#27.07#32.02#40.91
-90.5151,35.9727#27.07#32.03#40.9
-90.4597,35.9712#27.08#32.03#40.89
-90.4044,35.9697#27.08#32.03#40.89
-90.3491,35.9681#27.08#32.03#40.89
-90.2937,35.9666#27.08#32.03#40.89
-90.2384,35.965#27.09#32.03#40.88
-90.1831,35.9634#27.09#32.02#40.89
-90.1277,35.9618#27.09#32.02#40.89
-90.0724,35.9602#27.1#32.02#40.88
-90.0171,35.9586#27.1#32.02#40.88
-89.9618,35.9569#27.1#32.01#40.89
-89.9064,35.9553#27.11#31.99#40.9
-89.8511,35.9536#27.11#31.98#40.91
-89.7958,35.9519#27.11#31.96#40.93
-89.7405,35.9501#27.12#31.94#40.94
-89.6852,35.9484#27.12#31.93#40.95
-89.6299,35.9466#27.12#31.91#40.97
-89.5745,35.9448#27.13#31.9#40.97
-89.5192,35.943#27.13#31.88#40.99
-89.4639,35.9412#27.14#31.86#41
-89.4086,35.9394#27.14#31.83#41.03
-89.3533,35.9375#27.15#31.81#41.04
-89.298,35.9356#27.15#31.78#41.07
-89.2427,35.9337#27.16#31.75#41.09
-89.1874,35.9318#27.16#31.73#41.11
-89.1321,35.9299#27.17#31.7#41.13
-89.0768,35.928#27.17#31.67#41.16
-89.0215,35.926#27.18#31.65#41.17
-88.9662,35.924#27.18#31.61#41.21
-88.911,35.922#27.19#31.57#41.24
-88.8557,35.92#27.19#31.53#41.28
-88.8004,35.9179#27.2#31.48#41.32
-88.7451,35.9159#27.2#31.44#41.36
-88.6898,35.9138#27.21#31.4#41.39
-88.6345,35.9117#27.21#31.36#41.43
-88.5793,35.9096#27.22#31.31#41.47
-88.524,35.9075#27.22#31.27#41.51
-88.4687,35.9053#27.23#31.22#41.55
-88.4134,35.9031#27.24#31.16#41.6
-88.3582,35.901#27.24#31.1#41.66
-102.696,35.9007#28.22#31.29#40.49
-102.641,35.9032#28.23#31.23#40.54
-102.586,35.9057#28.25#31.17#40.58
-102.53,35.9082#28.26#31.1#40.64
-102.475,35.9107#28.29#31.05#40.66
-102.42,35.9131#28.32#31.01#40.67
-102.365,35.9156#28.36#30.96#40.68
-102.309,35.918#28.39#30.92#40.69
-102.254,35.9204#28.43#30.87#40.7
-102.199,35.9228#28.47#30.82#40.71
-102.144,35.9252#28.5#30.78#40.72
-102.088,35.9275#28.53#30.73#40.74
-102.033,35.9299#28.57#30.68#40.75
-101.978,35.9322#28.6#30.63#40.77
-101.922,35.9345#28.64#30.59#40.77
-101.867,35.9368#28.67#30.55#40.78
-101.812,35.939#28.7#30.5#40.8
-101.757,35.9413#28.73#30.46#40.81
-101.701,35.9435#28.77#30.42#40.81
-101.646,35.9457#28.8#30.37#40.83
-101.591,35.9479#28.83#30.33#40.84
-101.535,35.95#28.87#30.28#40.85
-101.48,35.9522#28.89#30.27#40.84
-101.425,35.9543#28.91#30.3#40.79
-101.37,35.9564#28.93#30.33#40.74
-101.314,35.9585#28.95#30.37#40.68
-101.259,35.9606#28.97#30.4#40.63
-101.204,35.9627#28.99#30.43#40.58
-101.148,35.9647#29.01#30.46#40.53
-101.093,35.9667#29.03#30.49#40.48
-101.038,35.9687#29.05#30.52#40.43
-100.982,35.9707#29.06#30.53#40.41
-100.927,35.9727#29.07#30.52#40.41
-100.872,35.9746#29.07#30.5#40.43
-100.816,35.9766#29.07#30.49#40.44
-100.761,35.9785#29.08#30.47#40.45
-100.706,35.9804#29.08#30.46#40.46
-100.651,35.9823#29.08#30.44#40.48
-100.595,35.9841#29.09#30.43#40.48
-100.54,35.9859#29.09#30.41#40.5
-100.485,35.9878#29.09#30.39#40.52
-100.429,35.9896#29.08#30.38#40.54
-100.374,35.9914#29.06#30.37#40.57
-100.319,35.9931#29.05#30.36#40.59
-100.263,35.9949#29.03#30.34#40.63
-100.208,35.9966#29.02#30.33#40.65
-100.153,35.9983#29.01#30.32#40.67
-100.097,36#28.99#30.3#40.71
-100.042,36.0017#28.98#30.29#40.73
-99.9865,36.0033#28.96#30.28#40.76
-99.9311,36.005#28.92#30.27#40.81
-99.8758,36.0066#28.88#30.26#40.86
-99.8204,36.0082#28.84#30.26#40.9
-99.7651,36.0098#28.8#30.25#40.95
-99.7097,36.0113#28.76#30.24#41
-99.6544,36.0129#28.72#30.24#41.04
-99.599,36.0144#28.68#30.23#41.09
-99.5437,36.0159#28.64#30.22#41.14
-99.4883,36.0174#28.6#30.22#41.18
-99.4329,36.0189#28.54#30.21#41.25
-99.3776,36.0204#28.48#30.21#41.31
-99.3222,36.0218#28.43#30.21#41.36
-99.2668,36.0232#28.37#30.21#41.42
-99.2115,36.0246#28.32#30.21#41.47
-99.1561,36.026#28.26#30.21#41.53
-99.1007,36.0274#28.2#30.2#41.6
-99.0454,36.0287#28.15#30.2#41.65
-98.99,36.03#28.09#30.2#41.71
-98.9346,36.0313#28.05#30.21#41.74
-98.8792,36.0326#28.01#30.22#41.77
-98.8239,36.0339#27.96#30.23#41.81
-98.7685,36.0352#27.92#30.24#41.84
-98.7131,36.0364#27.88#30.25#41.87
-98.6577,36.0376#27.83#30.25#41.92
-98.6023,36.0388#27.79#30.26#41.95
-98.547,36.04#27.75#30.27#41.98
-98.4916,36.0412#27.7#30.28#42.02
-98.4362,36.0423#27.67#30.29#42.04
-98.3808,36.0434#27.64#30.3#42.06
-98.3254,36.0445#27.61#30.31#42.08
-98.27,36.0456#27.58#30.32#42.1
-98.2146,36.0467#27.56#30.33#42.11
-98.1592,36.0477#27.53#30.34#42.13
-98.1038,36.0488#27.5#30.36#42.14
-98.0485,36.0498#27.47#30.37#42.16
-97.9931,36.0508#27.44#30.38#42.18
-97.9377,36.0518#27.42#30.39#42.19
-97.8823,36.0527#27.4#30.41#42.19
-97.8269,36.0537#27.38#30.43#42.19
-97.7715,36.0546#27.36#30.44#42.2
-97.7161,36.0555#27.33#30.46#42.21
-97.6607,36.0564#27.31#30.48#42.21
-97.6053,36.0573#27.29#30.49#42.22
-97.5499,36.0581#27.27#30.51#42.22
-97.4945,36.059#27.25#30.53#42.22
-97.4391,36.0598#27.24#30.56#42.2
-97.3837,36.0606#27.23#30.59#42.18
-97.3283,36.0613#27.21#30.61#42.18
-97.2728,36.0621#27.2#30.64#42.16
-97.2174,36.0628#27.19#30.67#42.14
-97.162,36.0636#27.17#30.7#42.13
-97.1066,36.0643#27.16#30.73#42.11
-97.0512,36.065#27.15#30.76#42.09
-96.9958,36.0656#27.13#30.79#42.08
-96.9404,36.0663#27.12#30.8#42.08
-96.885,36.0669#27.12#30.81#42.07
-96.8296,36.0675#27.11#30.82#42.07
-96.7742,36.0681#27.1#30.84#42.06
-96.7188,36.0687#27.09#30.85#42.06
-96.6633,36.0693#27.08#30.86#42.06
-96.6079,36.0698#27.07#30.87#42.06
-96.5525,36.0703#27.07#30.88#42.05
-96.4971,36.0708#27.06#30.9#42.04
-96.4417,36.0713#27.05#30.91#42.04
-96.3863,36.0718#27.05#30.92#42.03
-96.3308,36.0722#27.04#30.93#42.03
-96.2754,36.0727#27.04#30.94#42.02
-96.22,36.0731#27.03#30.95#42.02
-96.1646,36.0735#27.03#30.96#42.01
-96.1092,36.0738#27.02#30.97#42.01
-96.0538,36.0742#27.02#30.98#42
-95.9983,36.0745#27.01#30.99#42
-95.9429,36.0749#27.01#31#41.99
-95.8875,36.0752#27.01#31.01#41.98
-95.8321,36.0754#27.01#31.01#41.98
-95.7767,36.0757#27#31.02#41.98
-95.7212,36.076#27#31.03#41.97
-95.6658,36.0762#27#31.04#41.96
-95.6104,36.0764#27#31.05#41.95
-95.555,36.0766#27#31.06#41.94
-95.4996,36.0768#26.99#31.07#41.94
-95.4441,36.0769#26.99#31.08#41.93
-95.3887,36.0771#26.99#31.09#41.92
-95.3333,36.0772#26.99#31.1#41.91
-95.2779,36.0773#26.99#31.11#41.9
-95.2225,36.0774#26.99#31.12#41.89
-95.167,36.0774#26.99#31.13#41.88
-95.1116,36.0775#26.99#31.14#41.87
-95.0562,36.0775#26.99#31.15#41.86
-95.0008,36.0775#26.99#31.16#41.85
-94.9453,36.0775#26.99#31.17#41.84
-94.8899,36.0775#26.98#31.18#41.84
-94.8345,36.0774#26.98#31.18#41.84
-94.7791,36.0774#26.98#31.19#41.83
-94.7237,36.0773#26.98#31.2#41.82
-94.6682,36.0772#26.98#31.21#41.81
-94.6128,36.0771#26.98#31.22#41.8
-94.5574,36.0769#26.98#31.23#41.79
-94.502,36.0768#26.98#31.24#41.78
-94.4466,36.0766#26.98#31.25#41.77
-94.3911,36.0764#26.98#31.26#41.76
-94.3357,36.0762#26.98#31.27#41.75
-94.2803,36.076#26.98#31.28#41.74
-94.2249,36.0757#26.98#31.29#41.73
-94.1694,36.0755#26.98#31.3#41.72
-94.114,36.0752#26.98#31.31#41.71
-94.0586,36.0749#26.98#31.32#41.7
-94.0032,36.0745#26.98#31.33#41.69
-93.9478,36.0742#26.98#31.34#41.68
-93.8924,36.0738#26.98#31.35#41.67
-93.8369,36.0735#26.98#31.36#41.66
-93.7815,36.0731#26.98#31.38#41.64
-93.7261,36.0727#26.98#31.39#41.63
-93.6707,36.0722#26.98#31.4#41.62
-93.6153,36.0718#26.98#31.41#41.61
-93.5599,36.0713#26.98#31.42#41.6
-93.5044,36.0708#26.98#31.43#41.59
-93.449,36.0703#26.98#31.45#41.57
-93.3936,36.0698#26.98#31.46#41.56
-93.3382,36.0693#26.98#31.47#41.55
-93.2828,36.0687#26.98#31.49#41.53
-93.2274,36.0681#26.98#31.5#41.52
-93.172,36.0675#26.98#31.51#41.51
-93.1165,36.0669#26.98#31.53#41.49
-93.0611,36.0663#26.98#31.54#41.48
-93.0057,36.0657#26.98#31.55#41.47
-92.9503,36.065#26.98#31.57#41.45
-92.8949,36.0643#26.99#31.58#41.43
-92.8395,36.0636#26.99#31.6#41.41
-92.7841,36.0629#26.99#31.62#41.39
-92.7287,36.0621#26.99#31.63#41.38
-92.6733,36.0614#26.99#31.65#41.36
-92.6179,36.0606#26.99#31.66#41.35
-92.5625,36.0598#26.99#31.68#41.33
-92.5071,36.059#26.99#31.69#41.32
-92.4517,36.0581#27#31.71#41.29
-92.3963,36.0573#27#31.72#41.28
-92.3409,36.0564#27#31.74#41.26
-92.2855,36.0555#27#31.76#41.24
-92.2301,36.0546#27#31.77#41.23
-92.1747,36.0537#27#31.79#41.21
-92.1193,36.0528#27#31.8#41.2
-92.0639,36.0518#27.01#31.82#41.17
-92.0085,36.0508#27.01#31.84#41.15
-91.9531,36.0498#27.01#31.85#41.14
-91.8977,36.0488#27.01#31.87#41.12
-91.8423,36.0478#27.01#31.88#41.11
-91.7869,36.0467#27.01#31.9#41.09
-91.7315,36.0457#27.01#31.91#41.08
-91.6761,36.0446#27.02#31.93#41.05
-91.6207,36.0435#27.02#31.94#41.04
-91.5653,36.0423#27.02#31.96#41.02
-91.51,36.0412#27.02#31.97#41.01
-91.4546,36.04#27.02#31.99#40.99
-91.3992,36.0388#27.02#32#40.98
-91.3438,36.0376#27.03#32.01#40.96
-91.2884,36.0364#27.03#32.02#40.95
-91.233,36.0352#27.03#32.03#40.94
-91.1777,36.0339#27.03#32.05#40.92
-91.1223,36.0327#27.03#32.06#40.91
-91.0669,36.0314#27.04#32.07#40.89
-91.0115,36.0301#27.04#32.08#40.88
-90.9562,36.0287#27.04#32.09#40.87
-90.9008,36.0274#27.04#32.1#40.86
-90.8454,36.026#27.05#32.1#40.85
-90.7901,36.0247#27.05#32.11#40.84
-90.7347,36.0233#27.05#32.12#40.83
-90.6793,36.0218#27.05#32.13#40.82
-90.624,36.0204#27.06#32.13#40.81
-90.5686,36.0189#27.06#32.14#40.8
-90.5132,36.0175#27.06#32.15#40.79
-90.4579,36.016#27.06#32.15#40.79
-90.4025,36.0145#27.06#32.15#40.79
-90.3472,36.0129#27.07#32.15#40.78
-90.2918,36.0114#27.07#32.14#40.79
-90.2364,36.0098#27.07#32.14#40.79
-90.1811,36.0082#27.07#32.14#40.79
-90.1257,36.0066#27.08#32.14#40.78
-90.0704,36.005#27.08#32.14#40.78
-90.015,36.0034#27.08#32.14#40.78
-89.9597,36.0017#27.09#32.12#40.79
-89.9044,36.0001#27.09#32.11#40.8
-89.849,35.9984#27.09#32.09#40.82
-89.7937,35.9966#27.09#32.07#40.84
-89.7383,35.9949#27.1#32.05#40.85
-89.683,35.9932#27.1#32.04#40.86
-89.6277,35.9914#27.1#32.02#40.88
-89.5723,35.9896#27.11#32#40.89
-89.517,35.9878#27.11#31.99#40.9
-89.4617,35.986#27.12#31.96#40.92
-89.4063,35.9842#27.12#31.94#40.94
-89.351,35.9823#27.12#31.91#40.97
-89.2957,35.9804#27.13#31.89#40.98
-89.2404,35.9785#27.13#31.86#41.01
-89.185,35.9766#27.14#31.83#41.03
-89.1297,35.9747#27.14#31.81#41.05
-89.0744,35.9727#27.15#31.78#41.07
-89.0191,35.9708#27.15#31.75#41.1
-88.9638,35.9688#27.16#31.72#41.12
-88.9085,35.9668#27.16#31.68#41.16
-88.8532,35.9648#27.17#31.63#41.2
-88.7978,35.9627#27.17#31.59#41.24
-88.7425,35.9607#27.18#31.55#41.27
-88.6872,35.9586#27.18#31.51#41.31
-88.6319,35.9565#27.19#31.47#41.34
-88.5766,35.9544#27.19#31.43#41.38
-88.5213,35.9522#27.2#31.38#41.42
-88.466,35.9501#27.2#31.33#41.47
-88.4108,35.9479#27.21#31.27#41.52
-88.3555,35.9457#27.21#31.21#41.58
-88.3002,35.9435#27.22#31.15#41.63
-88.2449,35.9413#27.22#31.09#41.69
-88.1896,35.9391#27.23#31.04#41.73
-88.1343,35.9368#27.23#30.98#41.79
-88.0791,35.9345#27.24#30.92#41.84
-88.0238,35.9322#27.25#30.86#41.89
-87.9685,35.9299#27.25#30.79#41.96
-87.9132,35.9276#27.26#30.72#42.02
-87.858,35.9252#27.27#30.65#42.08
-87.8027,35.9229#27.28#30.57#42.15
-87.7474,35.9205#27.28#30.5#42.22
-87.6922,35.9181#27.29#30.43#42.28
-87.6369,35.9157#27.3#30.35#42.35
-87.5816,35.9132#27.31#30.28#42.41
-87.5264,35.9108#27.32#30.21#42.47
-87.4711,35.9083#27.33#30.14#42.53
-87.4159,35.9058#27.35#30.06#42.59
-87.3606,35.9033#27.37#29.99#42.64
-87.3054,35.9007#27.39#29.92#42.69
-103.583,35.9024#28.25#32.68#39.07
-103.528,35.9052#28.2#32.61#39.19
-103.473,35.908#28.17#32.55#39.28
-103.418,35.9108#28.16#32.48#39.36
-103.362,35.9136#28.15#32.41#39.44
-103.307,35.9163#28.14#32.35#39.51
-103.252,35.9191#28.13#32.28#39.59
-103.197,35.9218#28.12#32.21#39.67
-103.141,35.9245#28.11#32.14#39.75
-103.086,35.9272#28.1#32.08#39.82
-103.031,35.9298#28.09#32.01#39.9
-102.976,35.9325#28.09#31.94#39.97
-102.92,35.9351#28.1#31.88#40.02
-102.865,35.9377#28.12#31.82#40.06
-102.81,35.9403#28.13#31.75#40.12
-102.755,35.9429#28.15#31.69#40.16
-102.699,35.9454#28.16#31.63#40.21
-102.644,35.948#28.18#31.56#40.26
-102.589,35.9505#28.19#31.5#40.31
-102.533,35.953#28.2#31.44#40.36
-102.478,35.9555#28.23#31.38#40.39
-102.423,35.9579#28.26#31.33#40.41
-102.368,35.9604#28.29#31.28#40.43
-102.312,35.9628#28.33#31.23#40.44
-102.257,35.9652#28.36#31.18#40.46
-102.202,35.9676#28.39#31.13#40.48
-102.146,35.9699#28.43#31.08#40.49
-102.091,35.9723#28.46#31.02#40.52
-102.036,35.9746#28.49#30.97#40.54
-101.981,35.9769#28.52#30.92#40.56
-101.925,35.9792#28.56#30.88#40.56
-101.87,35.9815#28.59#30.83#40.58
-101.815,35.9838#28.62#30.79#40.59
-101.759,35.986#28.66#30.75#40.59
-101.704,35.9883#28.69#30.7#40.61
-101.649,35.9905#28.72#30.66#40.62
-101.593,35.9926#28.76#30.61#40.63
-101.538,35.9948#28.79#30.57#40.64
-101.483,35.997#28.82#30.54#40.64
-101.428,35.9991#28.84#30.57#40.59
-101.372,36.0012#28.86#30.59#40.55
-101.317,36.0033#28.88#30.61#40.51
-101.262,36.0054#28.9#30.64#40.46
-101.206,36.0074#28.92#30.66#40.42
-101.151,36.0095#28.94#30.68#40.38
-101.096,36.0115#28.96#30.7#40.34
-101.04,36.0135#28.98#30.72#40.3
-100.985,36.0155#29#30.72#40.28
-100.93,36.0175#29#30.71#40.29
-100.874,36.0194#29.01#30.69#40.3
-100.819,36.0213#29.01#30.68#40.31
-100.764,36.0233#29.02#30.66#40.32
-100.708,36.0252#29.02#30.64#40.34
-100.653,36.027#29.03#30.62#40.35
-100.597,36.0289#29.03#30.61#40.36
-100.542,36.0307#29.04#30.59#40.37
-100.487,36.0326#29.04#30.57#40.39
-100.431,36.0344#29.02#30.56#40.42
-100.376,36.0361#29.01#30.54#40.45
-100.321,36.0379#29#30.53#40.47
-100.265,36.0397#28.98#30.52#40.5
-100.21,36.0414#28.97#30.5#40.53
-100.155,36.0431#28.96#30.49#40.55
-100.099,36.0448#28.94#30.47#40.59
-100.044,36.0465#28.93#30.46#40.61
-99.9885,36.0481#28.91#30.44#40.65
-99.9332,36.0498#28.87#30.44#40.69
-99.8778,36.0514#28.84#30.43#40.73
-99.8224,36.053#28.8#30.42#40.78
-99.767,36.0546#28.76#30.41#40.83
-99.7117,36.0561#28.72#30.41#40.87
-99.6563,36.0577#28.68#30.4#40.92
-99.6009,36.0592#28.64#30.39#40.97
-99.5455,36.0607#28.61#30.38#41.01
-99.4901,36.0622#28.57#30.38#41.05
-99.4347,36.0637#28.51#30.37#41.12
-99.3794,36.0651#28.45#30.37#41.18
-99.324,36.0666#28.39#30.37#41.24
-99.2686,36.068#28.34#30.37#41.29
-99.2132,36.0694#28.28#30.37#41.35
-99.1578,36.0708#28.22#30.36#41.42
-99.1024,36.0722#28.16#30.36#41.48
-99.047,36.0735#28.11#30.36#41.53
-98.9916,36.0748#28.05#30.36#41.59
-98.9362,36.0761#28.01#30.36#41.63
-98.8808,36.0774#27.96#30.37#41.67
-98.8254,36.0787#27.92#30.38#41.7
-98.77,36.08#27.87#30.39#41.74
-98.7146,36.0812#27.83#30.39#41.78
-98.6592,36.0824#27.78#30.4#41.82
-98.6038,36.0836#27.74#30.41#41.85
-98.5484,36.0848#27.69#30.41#41.9
-98.493,36.086#27.65#30.42#41.93
-98.4376,36.0871#27.62#30.43#41.95
-98.3822,36.0882#27.59#30.44#41.97
-98.3268,36.0893#27.56#30.45#41.99
-98.2714,36.0904#27.53#30.46#42.01
-98.2159,36.0915#27.51#30.47#42.02
-98.1605,36.0925#27.48#30.48#42.04
-98.1051,36.0936#27.45#30.49#42.06
-98.0497,36.0946#27.42#30.5#42.08
-97.9943,36.0956#27.39#30.51#42.1
-97.9389,36.0966#27.37#30.52#42.11
-97.8834,36.0975#27.35#30.54#42.11
-97.828,36.0985#27.33#30.55#42.12
-97.7726,36.0994#27.31#30.57#42.12
-97.7172,36.1003#27.3#30.59#42.11
-97.6618,36.1012#27.28#30.6#42.12
-97.6063,36.1021#27.26#30.62#42.12
-97.5509,36.1029#27.24#30.63#42.13
-97.4955,36.1038#27.22#30.65#42.13
-97.4401,36.1046#27.21#30.68#42.11
-97.3846,36.1054#27.19#30.71#42.1
-97.3292,36.1061#27.18#30.74#42.08
-97.2738,36.1069#27.17#30.77#42.06
-97.2183,36.1077#27.15#30.8#42.05
-97.1629,36.1084#27.14#30.83#42.03
-97.1075,36.1091#27.13#30.86#42.01
-97.0521,36.1098#27.12#30.9#41.98
-96.9966,36.1104#27.11#30.93#41.96
-96.9412,36.1111#27.1#30.94#41.96
-96.8858,36.1117#27.09#30.95#41.96
-96.8303,36.1123#27.08#30.96#41.96
-96.7749,36.1129#27.07#30.97#41.96
-96.7195,36.1135#27.07#30.98#41.95
-96.664,36.1141#27.06#31#41.94
-96.6086,36.1146#27.05#31.01#41.94
-96.5531,36.1151#27.04#31.02#41.94
-96.4977,36.1156#27.04#31.03#41.93
-96.4423,36.1161#27.03#31.04#41.93
-96.3868,36.1166#27.03#31.05#41.92
-96.3314,36.117#27.02#31.06#41.92
-96.276,36.1175#27.02#31.07#41.91
-96.2205,36.1179#27.01#31.08#41.91
-96.1651,36.1183#27.01#31.09#41.9
-96.1096,36.1186#27#31.1#41.9
-96.0542,36.119#27#31.11#41.89
-95.9987,36.1193#27#31.12#41.88
-95.9433,36.1197#26.99#31.13#41.88
-95.8879,36.12#26.99#31.14#41.87
-95.8324,36.1202#26.99#31.15#41.86
-95.777,36.1205#26.99#31.16#41.85
-95.7215,36.1208#26.99#31.17#41.84
-95.6661,36.121#26.98#31.18#41.84
-95.6107,36.1212#26.98#31.19#41.83
-95.5552,36.1214#26.98#31.2#41.82
-95.4998,36.1216#26.98#31.2#41.82
-95.4443,36.1217#26.98#31.21#41.81
-95.3889,36.1219#26.98#31.22#41.8
-95.3334,36.122#26.98#31.23#41.79
-95.278,36.1221#26.97#31.24#41.79
-95.2225,36.1222#26.97#31.25#41.78
-95.1671,36.1222#26.97#31.26#41.77
-95.1117,36.1223#26.97#31.27#41.76
-95.0562,36.1223#26.97#31.28#41.75
-95.0008,36.1223#26.97#31.29#41.74
-94.9453,36.1223#26.97#31.3#41.73
-94.8899,36.1223#26.97#31.31#41.72
-94.8344,36.1222#26.97#31.32#41.71
-94.779,36.1222#26.97#31.33#41.7
-94.7235,36.1221#26.97#31.34#41.69
-94.6681,36.122#26.97#31.35#41.68
-94.6127,36.1219#26.97#31.36#41.67
-94.5572,36.1217#26.97#31.37#41.66
-94.5018,36.1216#26.97#31.37#41.66
-94.4463,36.1214#26.97#31.38#41.65
-94.3909,36.1212#26.97#31.39#41.64
-94.3354,36.121#26.97#31.4#41.63
-94.28,36.1208#26.97#31.41#41.62
-94.2246,36.1205#26.97#31.42#41.61
-94.1691,36.1203#26.97#31.43#41.6
-94.1137,36.12#26.97#31.44#41.59
-94.0582,36.1197#26.97#31.45#41.58
-94.0028,36.1193#26.97#31.46#41.57
-93.9473,36.119#26.97#31.47#41.56
-93.8919,36.1187#26.97#31.49#41.54
-93.8365,36.1183#26.97#31.5#41.53
-93.781,36.1179#26.97#31.51#41.52
-93.7256,36.1175#26.97#31.52#41.51
-93.6701,36.117#26.97#31.53#41.5
-93.6147,36.1166#26.97#31.54#41.49
-93.5593,36.1161#26.97#31.55#41.48
-93.5038,36.1156#26.97#31.57#41.46
-93.4484,36.1151#26.97#31.58#41.45
-93.3929,36.1146#26.97#31.59#41.44
-93.3375,36.1141#26.97#31.61#41.42
-93.2821,36.1135#26.97#31.62#41.41
-93.2266,36.1129#26.97#31.63#41.4
-93.1712,36.1123#26.97#31.65#41.38
-93.1158,36.1117#26.97#31.66#41.37
-93.0603,36.1111#26.97#31.67#41.36
-93.0049,36.1105#26.97#31.68#41.35
-92.9495,36.1098#26.98#31.7#41.32
-92.894,36.1091#26.98#31.72#41.3
-92.8386,36.1084#26.98#31.73#41.29
-92.7832,36.1077#26.98#31.75#41.27
-92.7278,36.1069#26.98#31.76#41.26
-92.6723,36.1062#26.98#31.78#41.24
-92.6169,36.1054#26.98#31.79#41.23
-92.5615,36.1046#26.98#31.81#41.21
-92.506,36.1038#26.99#31.82#41.19
-92.4506,36.1029#26.99#31.84#41.17
-92.3952,36.1021#26.99#31.85#41.16
-92.3398,36.1012#26.99#31.87#41.14
-92.2843,36.1003#26.99#31.89#41.12
-92.2289,36.0994#26.99#31.9#41.11
-92.1735,36.0985#26.99#31.92#41.09
-92.1181,36.0976#26.99#31.93#41.08
-92.0627,36.0966#27#31.95#41.05
-92.0072,36.0956#27#31.96#41.04
-91.9518,36.0946#27#31.98#41.02
-91.8964,36.0936#27#31.99#41.01
-91.841,36.0926#27#32.01#40.99
-91.7856,36.0915#27#32.02#40.98
-91.7302,36.0905#27#32.04#40.96
-91.6748,36.0894#27.01#32.06#40.93
-91.6194,36.0883#27.01#32.07#40.92
-91.5639,36.0871#27.01#32.09#40.9
-91.5085,36.086#27.01#32.1#40.89
-91.4531,36.0848#27.01#32.11#40.88
-91.3977,36.0836#27.01#32.12#40.87
-91.3423,36.0824#27.02#32.14#40.84
-91.2869,36.0812#27.02#32.15#40.83
-91.2315,36.08#27.02#32.16#40.82
-91.1761,36.0787#27.02#32.17#40.81
-91.1207,36.0775#27.02#32.18#40.8
-91.0653,36.0762#27.03#32.19#40.78
-91.0099,36.0749#27.03#32.2#40.77
-90.9545,36.0735#27.03#32.21#40.76
-90.8991,36.0722#27.03#32.22#40.75
-90.8437,36.0708#27.03#32.23#40.74
-90.7883,36.0694#27.04#32.23#40.73
-90.7329,36.068#27.04#32.24#40.72
-90.6776,36.0666#27.04#32.25#40.71
-90.6222,36.0652#27.04#32.26#40.7
-90.5668,36.0637#27.04#32.26#40.7
-90.5114,36.0623#27.05#32.27#40.68
-90.456,36.0608#27.05#32.27#40.68
-90.4006,36.0593#27.05#32.27#40.68
-90.3453,36.0577#27.05#32.27#40.68
-90.2899,36.0562#27.05#32.26#40.69
-90.2345,36.0546#27.06#32.26#40.68
-90.1791,36.053#27.06#32.26#40.68
-90.1238,36.0514#27.06#32.26#40.68
-90.0684,36.0498#27.06#32.25#40.69
-90.013,36.0482#27.07#32.25#40.68
-89.9576,36.0465#27.07#32.24#40.69
-89.9023,36.0448#27.07#32.22#40.71
-89.8469,36.0431#27.07#32.2#40.73
-89.7915,36.0414#27.08#32.18#40.74
-89.7362,36.0397#27.08#32.16#40.76
-89.6808,36.038#27.08#32.15#40.77
-89.6255,36.0362#27.08#32.13#40.79
-89.5701,36.0344#27.09#32.11#40.8
-89.5148,36.0326#27.09#32.09#40.82
-89.4594,36.0308#27.09#32.07#40.84
-89.404,36.0289#27.1#32.04#40.86
-89.3487,36.0271#27.1#32.02#40.88
-89.2934,36.0252#27.11#31.99#40.9
-89.238,36.0233#27.11#31.97#40.92
-89.1827,36.0214#27.12#31.94#40.94
-89.1273,36.0195#27.12#31.91#40.97
-89.072,36.0175#27.12#31.89#40.99
-89.0166,36.0156#27.13#31.86#41.01
-88.9613,36.0136#27.13#31.82#41.05
-88.906,36.0116#27.14#31.78#41.08
-88.8506,36.0095#27.14#31.74#41.12
-88.7953,36.0075#27.15#31.7#41.15
-88.74,36.0054#27.15#31.66#41.19
-88.6847,36.0034#27.16#31.62#41.22
-88.6293,36.0013#27.16#31.58#41.26
-88.574,35.9992#27.17#31.54#41.29
-88.5187,35.997#27.17#31.5#41.33
-88.4634,35.9949#27.18#31.44#41.38
-88.4081,35.9927#27.18#31.38#41.44
-88.3528,35.9905#27.19#31.32#41.49
-88.2974,35.9883#27.19#31.26#41.55
-88.2421,35.9861#27.2#31.2#41.6
-88.1868,35.9838#27.2#31.14#41.66
-88.1315,35.9816#27.21#31.08#41.71
-88.0762,35.9793#27.21#31.02#41.77
-88.0209,35.977#27.22#30.96#41.82
-87.9656,35.9747#27.22#30.9#41.88
-87.9103,35.9724#27.23#30.82#41.95
-87.855,35.97#27.24#30.75#42.01
-87.7998,35.9676#27.25#30.67#42.08
-87.7445,35.9653#27.25#30.6#42.15
-87.6892,35.9628#27.26#30.53#42.21
-87.6339,35.9604#27.27#30.45#42.28
-87.5786,35.958#27.28#30.38#42.34
-87.5233,35.9555#27.29#30.3#42.41
-87.4681,35.953#27.3#30.23#42.47
-87.4128,35.9505#27.32#30.16#42.52
-87.3575,35.948#27.34#30.08#42.58
-87.3023,35.9455#27.35#30.01#42.64
-87.247,35.9429#27.37#29.94#42.69
-87.1917,35.9404#27.39#29.86#42.75
-87.1365,35.9378#27.41#29.79#42.8
-87.0812,35.9352#27.43#29.72#42.85
-87.026,35.9326#27.45#29.64#42.91
-86.9707,35.9299#27.48#29.58#42.94
-86.9155,35.9272#27.52#29.51#42.97
-86.8602,35.9246#27.56#29.45#42.99
-86.805,35.9219#27.6#29.39#43.01
-86.7497,35.9191#27.64#29.33#43.03
-86.6945,35.9164#27.68#29.27#43.05
-86.6393,35.9137#27.73#29.2#43.07
-86.584,35.9109#27.77#29.14#43.09
-86.5288,35.9081#27.81#29.08#43.11
-86.4736,35.9053#27.87#29.03#43.1
-86.4183,35.9025#27.96#28.99#43.05
-104.415,35.9025#29.36#34.14#36.5
