-96.8103,34.9002#29.39#28.75#41.86
-96.7555,34.9008#29.32#28.76#41.92
-96.7007,34.9014#29.25#28.76#41.99
-96.6458,34.9019#29.18#28.76#42.06
-96.591,34.9024#29.11#28.76#42.13
-96.5362,34.903#29.04#28.77#42.19
-96.4813,34.9035#29#28.77#42.23
-96.4265,34.9039#29.02#28.77#42.21
-96.3717,34.9044#29.04#28.77#42.19
-96.3168,34.9049#29.05#28.77#42.18
-96.262,34.9053#29.07#28.78#42.15
-96.2072,34.9057#29.09#28.78#42.13
-96.1523,34.9061#29.11#28.78#42.11
-96.0975,34.9065#29.12#28.78#42.1
-96.0427,34.9068#29.14#28.79#42.07
-95.9878,34.9072#29.15#28.79#42.06
-95.933,34.9075#29.13#28.79#42.08
-95.8782,34.9078#29.11#28.79#42.1
-95.8233,34.9081#29.09#28.79#42.12
-95.7685,34.9083#29.07#28.8#42.13
-95.7137,34.9086#29.05#28.8#42.15
-95.6588,34.9088#29.03#28.8#42.17
-95.604,34.909#29.01#28.8#42.19
-95.5491,34.9092#28.99#28.81#42.2
-95.4943,34.9094#28.97#28.81#42.22
-95.4395,34.9095#28.95#28.81#42.24
-95.3846,34.9097#28.93#28.81#42.26
-95.3298,34.9098#28.91#28.82#42.27
-95.275,34.9099#28.89#28.82#42.29
-95.2201,34.91#28.87#28.82#42.31
-95.1653,34.91#28.85#28.82#42.33
-95.1104,34.9101#28.83#28.83#42.34
-95.0556,34.9101#28.81#28.83#42.36
-95.0008,34.9101#28.79#28.83#42.38
-94.9459,34.9101#28.77#28.83#42.4
-94.8911,34.9101#28.75#28.84#42.41
-94.8362,34.91#28.73#28.84#42.43
-94.7814,34.91#28.71#28.84#42.45
-94.7266,34.9099#28.69#28.84#42.47
-94.6717,34.9098#28.67#28.85#42.48
-94.6169,34.9097#28.65#28.85#42.5
-94.562,34.9095#28.63#28.85#42.52
-94.5072,34.9094#28.62#28.85#42.53
-94.4524,34.9092#28.6#28.86#42.54
-94.3975,34.909#28.58#28.86#42.56
-94.3427,34.9088#28.56#28.86#42.58
-94.2879,34.9086#28.54#28.87#42.59
-94.233,34.9083#28.53#28.87#42.6
-94.1782,34.9081#28.51#28.88#42.61
-94.1233,34.9078#28.49#28.88#42.63
-94.0685,34.9075#28.47#28.88#42.65
-94.0137,34.9072#28.46#28.89#42.65
-93.9588,34.9068#28.44#28.89#42.67
-93.904,34.9065#28.43#28.9#42.67
-93.8492,34.9061#28.41#28.9#42.69
-93.7943,34.9057#28.39#28.91#42.7
-93.7395,34.9053#28.38#28.91#42.71
-93.6847,34.9049#28.36#28.92#42.72
-93.6298,34.9044#28.35#28.93#42.72
-93.575,34.904#28.33#28.93#42.74
-93.5202,34.9035#28.32#28.94#42.74
-93.4653,34.903#28.3#28.94#42.76
-93.4105,34.9025#28.29#28.95#42.76
-93.3557,34.9019#28.28#28.96#42.76
-93.3008,34.9014#28.27#28.97#42.76
-93.246,34.9008#28.26#28.97#42.77
-93.1912,34.9002#28.25#28.98#42.77
-99.2237,34.9011#31.94#28.29#39.77
-99.1689,34.9025#31.93#28.3#39.77
-99.1141,34.9039#31.91#28.31#39.78
-99.0593,34.9053#31.9#28.32#39.78
-99.0044,34.9066#31.88#28.33#39.79
-98.9496,34.9079#31.85#28.35#39.8
-98.8948,34.9092#31.82#28.37#39.81
-98.84,34.9105#31.78#28.39#39.83
-98.7852,34.9118#31.75#28.41#39.84
-98.7304,34.913#31.72#28.43#39.85
-98.6755,34.9142#31.68#28.44#39.88
-98.6207,34.9154#31.65#28.46#39.89
-98.5659,34.9166#31.62#28.48#39.9
-98.5111,34.9178#31.58#28.5#39.92
-98.4563,34.919#31.53#28.52#39.95
-98.4014,34.9201#31.47#28.54#39.99
-98.3466,34.9212#31.42#28.55#40.03
-98.2918,34.9223#31.36#28.57#40.07
-98.2369,34.9234#31.31#28.59#40.1
-98.1821,34.9245#31.25#28.6#40.15
-98.1273,34.9255#31.19#28.62#40.19
-98.0724,34.9265#31.14#28.64#40.22
-98.0176,34.9276#31.08#28.65#40.27
-97.9628,34.9285#31.01#28.66#40.33
-97.9079,34.9295#30.92#28.67#40.41
-97.8531,34.9305#30.83#28.68#40.49
-97.7983,34.9314#30.74#28.69#40.57
-97.7434,34.9323#30.66#28.7#40.64
-97.6886,34.9332#30.57#28.71#40.72
-97.6338,34.9341#30.49#28.71#40.8
-97.5789,34.935#30.4#28.72#40.88
-97.5241,34.9358#30.31#28.73#40.96
-97.4692,34.9367#30.23#28.74#41.03
-97.4144,34.9375#30.14#28.74#41.12
-97.3595,34.9383#30.05#28.75#41.2
-97.3047,34.939#29.96#28.75#41.29
-97.2499,34.9398#29.88#28.76#41.36
-97.195,34.9405#29.79#28.76#41.45
-97.1402,34.9412#29.7#28.76#41.54
-97.0853,34.9419#29.62#28.77#41.61
-97.0305,34.9426#29.53#28.77#41.7
-96.9756,34.9433#29.45#28.78#41.77
-96.9208,34.9439#29.38#28.78#41.84
-96.8659,34.9446#29.32#28.78#41.9
-96.8111,34.9452#29.25#28.79#41.96
-96.7562,34.9458#29.18#28.79#42.03
-96.7014,34.9463#29.12#28.79#42.09
-96.6465,34.9469#29.05#28.79#42.16
-96.5917,34.9474#28.98#28.8#42.22
-96.5368,34.9479#28.92#28.8#42.28
-96.4819,34.9484#28.88#28.8#42.32
-96.4271,34.9489#28.89#28.81#42.3
-96.3722,34.9494#28.9#28.81#42.29
-96.3174,34.9498#28.92#28.81#42.27
-96.2625,34.9503#28.93#28.81#42.26
-96.2077,34.9507#28.94#28.82#42.24
-96.1528,34.9511#28.96#28.82#42.22
-96.098,34.9514#28.97#28.82#42.21
-96.0431,34.9518#28.98#28.82#42.2
-95.9882,34.9521#28.99#28.83#42.18
-95.9334,34.9525#28.97#28.83#42.2
-95.8785,34.9528#28.95#28.83#42.22
-95.8237,34.953#28.94#28.83#42.23
-95.7688,34.9533#28.92#28.84#42.24
-95.7139,34.9535#28.9#28.84#42.26
-95.6591,34.9538#28.88#28.84#42.28
-95.6042,34.954#28.86#28.84#42.3
-95.5494,34.9542#28.85#28.85#42.3
-95.4945,34.9543#28.83#28.85#42.32
-95.4396,34.9545#28.81#28.85#42.34
-95.3848,34.9546#28.79#28.86#42.35
-95.3299,34.9548#28.77#28.86#42.37
-95.2751,34.9549#28.75#28.86#42.39
-95.2202,34.9549#28.73#28.86#42.41
-95.1653,34.955#28.71#28.87#42.42
-95.1105,34.9551#28.69#28.87#42.44
-95.0556,34.9551#28.68#28.87#42.45
-95.0008,34.9551#28.66#28.88#42.46
-94.9459,34.9551#28.64#28.88#42.48
-94.891,34.9551#28.62#28.88#42.5
-94.8362,34.955#28.6#28.89#42.51
-94.7813,34.9549#28.58#28.89#42.53
-94.7265,34.9549#28.56#28.89#42.55
-94.6716,34.9548#28.55#28.89#42.56
-94.6167,34.9546#28.53#28.9#42.57
-94.5619,34.9545#28.51#28.9#42.59
-94.507,34.9544#28.49#28.9#42.61
-94.4522,34.9542#28.47#28.91#42.62
-94.3973,34.954#28.46#28.91#42.63
-94.3424,34.9538#28.44#28.92#42.64
-94.2876,34.9536#28.43#28.92#42.65
-94.2327,34.9533#28.41#28.92#42.67
-94.1779,34.953#28.39#28.93#42.68
-94.123,34.9528#28.38#28.93#42.69
-94.0681,34.9525#28.36#28.94#42.7
-94.0133,34.9521#28.34#28.94#42.72
-93.9584,34.9518#28.33#28.95#42.72
-93.9036,34.9515#28.31#28.95#42.74
-93.8487,34.9511#28.3#28.96#42.74
-93.7938,34.9507#28.28#28.96#42.76
-93.739,34.9503#28.27#28.97#42.76
-93.6841,34.9499#28.25#28.98#42.77
-93.6293,34.9494#28.24#28.98#42.78
-93.5744,34.9489#28.23#28.99#42.78
-93.5196,34.9485#28.21#29#42.79
-93.4647,34.948#28.2#29#42.8
-93.4099,34.9474#28.19#29.01#42.8
-93.355,34.9469#28.18#29.02#42.8
-93.3002,34.9464#28.17#29.03#42.8
-93.2453,34.9458#28.16#29.04#42.8
-93.1905,34.9452#28.15#29.04#42.81
-93.1356,34.9446#28.14#29.05#42.81
-93.0808,34.944#28.13#29.06#42.81
-93.0259,34.9433#28.12#29.07#42.81
-92.9711,34.9426#28.11#29.08#42.81
-92.9162,34.942#28.1#29.09#42.81
-92.8614,34.9413#28.1#29.1#42.8
-92.8065,34.9405#28.09#29.11#42.8
-92.7517,34.9398#28.09#29.12#42.79
-92.6968,34.9391#28.08#29.13#42.79
-92.642,34.9383#28.08#29.14#42.78
-92.5871,34.9375#28.07#29.15#42.78
-92.5323,34.9367#28.06#29.17#42.77
-92.4774,34.9359#28.06#29.18#42.76
-92.4226,34.935#28.06#29.19#42.75
-92.3678,34.9341#28.06#29.2#42.74
-92.3129,34.9333#28.07#29.22#42.71
-92.2581,34.9324#28.07#29.23#42.7
-92.2032,34.9314#28.07#29.24#42.69
-92.1484,34.9305#28.07#29.26#42.67
-92.0936,34.9295#28.07#29.27#42.66
-92.0387,34.9286#28.07#29.28#42.65
-91.9839,34.9276#28.08#29.3#42.62
-91.9291,34.9266#28.08#29.31#42.61
-91.8742,34.9255#28.09#29.33#42.58
-91.8194,34.9245#28.1#29.34#42.56
-91.7646,34.9234#28.11#29.36#42.53
-91.7097,34.9224#28.12#29.38#42.5
-91.6549,34.9213#28.13#29.39#42.48
-91.6001,34.9201#28.14#29.41#42.45
-91.5453,34.919#28.14#29.42#42.44
-91.4904,34.9178#28.16#29.44#42.4
-91.4356,34.9167#28.17#29.46#42.37
-91.3808,34.9155#28.19#29.48#42.33
-91.326,34.9143#28.21#29.49#42.3
-91.2712,34.913#28.23#29.51#42.26
-91.2163,34.9118#28.26#29.53#42.21
-91.1615,34.9105#28.28#29.55#42.17
-91.1067,34.9093#28.3#29.57#42.13
-91.0519,34.908#28.32#29.59#42.09
-90.9971,34.9066#28.34#29.61#42.05
-90.9423,34.9053#28.37#29.62#42.01
-90.8874,34.9039#28.4#29.64#41.96
-90.8326,34.9026#28.43#29.65#41.92
-90.7778,34.9012#28.46#29.67#41.87
-100.705,34.9016#31.95#28.27#39.78
-100.65,34.9035#31.94#28.27#39.79
-100.596,34.9054#31.94#28.26#39.8
-100.541,34.9072#31.93#28.26#39.81
-100.486,34.9091#31.92#28.26#39.82
-100.431,34.9109#31.92#28.26#39.82
-100.376,34.9127#31.92#28.25#39.83
-100.322,34.9144#31.91#28.25#39.84
-100.267,34.9162#31.91#28.25#39.84
-100.212,34.9179#31.91#28.25#39.84
-100.157,34.9197#31.9#28.24#39.86
-100.102,34.9214#31.9#28.24#39.86
-100.048,34.923#31.89#28.24#39.87
-99.9929,34.9247#31.89#28.24#39.87
-99.9381,34.9263#31.88#28.24#39.88
-99.8833,34.928#31.87#28.24#39.89
-99.8284,34.9296#31.87#28.25#39.88
-99.7736,34.9312#31.86#28.25#39.89
-99.7188,34.9328#31.85#28.25#39.9
-99.664,34.9343#31.84#28.25#39.91
-99.6092,34.9358#31.83#28.26#39.91
-99.5544,34.9374#31.82#28.26#39.92
-99.4995,34.9389#31.81#28.26#39.93
-99.4447,34.9404#31.8#28.27#39.93
-99.3899,34.9418#31.78#28.28#39.94
-99.3351,34.9433#31.76#28.29#39.95
-99.2802,34.9447#31.75#28.3#39.95
-99.2254,34.9461#31.73#28.31#39.96
-99.1706,34.9475#31.71#28.32#39.97
-99.1157,34.9489#31.7#28.33#39.97
-99.0609,34.9502#31.68#28.33#39.99
-99.0061,34.9516#31.66#28.34#40
-98.9512,34.9529#31.63#28.36#40.01
-98.8964,34.9542#31.59#28.38#40.03
-98.8416,34.9555#31.56#28.4#40.04
-98.7867,34.9567#31.52#28.42#40.06
-98.7319,34.958#31.49#28.43#40.08
-98.677,34.9592#31.46#28.45#40.09
-98.6222,34.9604#31.42#28.47#40.11
-98.5673,34.9616#31.39#28.49#40.12
-98.5125,34.9628#31.35#28.51#40.14
-98.4577,34.9639#31.3#28.53#40.17
-98.4028,34.9651#31.25#28.54#40.21
-98.348,34.9662#31.19#28.56#40.25
-98.2931,34.9673#31.13#28.58#40.29
-98.2383,34.9684#31.08#28.6#40.32
-98.1834,34.9694#31.02#28.62#40.36
-98.1285,34.9705#30.97#28.63#40.4
-98.0737,34.9715#30.91#28.65#40.44
-98.0188,34.9725#30.85#28.67#40.48
-97.964,34.9735#30.78#28.68#40.54
-97.9091,34.9745#30.7#28.69#40.61
-97.8543,34.9754#30.61#28.7#40.69
-97.7994,34.9764#30.53#28.71#40.76
-97.7445,34.9773#30.45#28.72#40.83
-97.6897,34.9782#30.36#28.73#40.91
-97.6348,34.9791#30.28#28.74#40.98
-97.58,34.98#30.2#28.75#41.05
-97.5251,34.9808#30.11#28.76#41.13
-97.4702,34.9816#30.03#28.76#41.21
-97.4154,34.9824#29.95#28.77#41.28
-97.3605,34.9832#29.86#28.77#41.37
-97.3056,34.984#29.78#28.78#41.44
-97.2508,34.9848#29.7#28.78#41.52
-97.1959,34.9855#29.62#28.79#41.59
-97.141,34.9862#29.53#28.79#41.68
-97.0862,34.9869#29.45#28.8#41.75
-97.0313,34.9876#29.37#28.8#41.83
-96.9764,34.9883#29.3#28.81#41.89
-96.9215,34.9889#29.23#28.81#41.96
-96.8667,34.9895#29.17#28.81#42.02
-96.8118,34.9901#29.1#28.82#42.08
-96.7569,34.9907#29.04#28.82#42.14
-96.702,34.9913#28.98#28.82#42.2
-96.6472,34.9919#28.92#28.83#42.25
-96.5923,34.9924#28.85#28.83#42.32
-96.5374,34.9929#28.79#28.83#42.38
-96.4825,34.9934#28.75#28.84#42.41
-96.4277,34.9939#28.76#28.84#42.4
-96.3728,34.9944#28.77#28.84#42.39
-96.3179,34.9948#28.78#28.85#42.37
-96.263,34.9952#28.79#28.85#42.36
-96.2082,34.9957#28.8#28.85#42.35
-96.1533,34.996#28.81#28.86#42.33
-96.0984,34.9964#28.82#28.86#42.32
-96.0435,34.9968#28.83#28.86#42.31
-95.9886,34.9971#28.83#28.86#42.31
-95.9338,34.9974#28.81#28.87#42.32
-95.8789,34.9977#28.8#28.87#42.33
-95.824,34.998#28.78#28.87#42.35
-95.7691,34.9983#28.76#28.88#42.36
-95.7142,34.9985#28.75#28.88#42.37
-95.6594,34.9988#28.73#28.88#42.39
-95.6045,34.999#28.71#28.89#42.4
-95.5496,34.9992#28.7#28.89#42.41
-95.4947,34.9993#28.68#28.89#42.43
-95.4398,34.9995#28.66#28.9#42.44
-95.3849,34.9996#28.65#28.9#42.45
-95.3301,34.9997#28.63#28.9#42.47
-95.2752,34.9998#28.61#28.91#42.48
-95.2203,34.9999#28.59#28.91#42.5
-95.1654,35#28.57#28.91#42.52
-95.1105,35#28.56#28.92#42.52
-95.0556,35.0001#28.54#28.92#42.54
-95.0008,35.0001#28.52#28.92#42.56
-94.9459,35.0001#28.5#28.93#42.57
-94.891,35#28.49#28.93#42.58
-94.8361,35#28.47#28.93#42.6
-94.7812,34.9999#28.45#28.94#42.61
-94.7263,34.9998#28.44#28.94#42.62
-94.6715,34.9997#28.42#28.94#42.64
-94.6166,34.9996#28.4#28.95#42.65
-94.5617,34.9995#28.38#28.95#42.67
-94.5068,34.9993#28.37#28.95#42.68
-94.4519,34.9992#28.35#28.96#42.69
-94.397,34.999#28.34#28.96#42.7
-94.3422,34.9988#28.32#28.97#42.71
-94.2873,34.9985#28.31#28.97#42.72
-94.2324,34.9983#28.29#28.98#42.73
-94.1775,34.998#28.27#28.98#42.75
-94.1226,34.9977#28.26#28.98#42.76
-94.0678,34.9974#28.24#28.99#42.77
-94.0129,34.9971#28.23#28.99#42.78
-93.958,34.9968#28.22#29#42.78
-93.9031,34.9964#28.2#29.01#42.79
-93.8482,34.9961#28.19#29.01#42.8
-93.7934,34.9957#28.17#29.02#42.81
-93.7385,34.9953#28.16#29.03#42.81
-93.6836,34.9948#28.15#29.03#42.82
-93.6287,34.9944#28.13#29.04#42.83
-93.5738,34.9939#28.12#29.05#42.83
-93.519,34.9934#28.11#29.05#42.84
-93.4641,34.9929#28.1#29.06#42.84
-93.4092,34.9924#28.09#29.07#42.84
-93.3543,34.9919#28.08#29.08#42.84
-93.2995,34.9913#28.07#29.09#42.84
-93.2446,34.9908#28.06#29.1#42.84
-93.1897,34.9902#28.05#29.11#42.84
-93.1348,34.9896#28.04#29.12#42.84
-93.08,34.9889#28.03#29.12#42.85
-93.0251,34.9883#28.02#29.13#42.85
-92.9702,34.9876#28.01#29.14#42.85
-92.9154,34.9869#28.01#29.16#42.83
-92.8605,34.9862#28#29.17#42.83
-92.8056,34.9855#28#29.18#42.82
-92.7508,34.9848#27.99#29.19#42.82
-92.6959,34.984#27.99#29.2#42.81
-92.641,34.9833#27.98#29.21#42.81
-92.5862,34.9825#27.98#29.22#42.8
-92.5313,34.9817#27.97#29.23#42.8
-92.4764,34.9808#27.97#29.25#42.78
-92.4216,34.98#27.97#29.26#42.77
-92.3667,34.9791#27.98#29.27#42.75
-92.3118,34.9782#27.98#29.29#42.73
-92.257,34.9773#27.98#29.3#42.72
-92.2021,34.9764#27.98#29.32#42.7
-92.1473,34.9755#27.98#29.33#42.69
-92.0924,34.9745#27.98#29.34#42.68
-92.0375,34.9735#27.99#29.36#42.65
-91.9827,34.9726#27.99#29.37#42.64
-91.9278,34.9715#28#29.39#42.61
-91.873,34.9705#28.01#29.4#42.59
-91.8181,34.9695#28.01#29.42#42.57
-91.7633,34.9684#28.02#29.43#42.55
-91.7084,34.9673#28.03#29.45#42.52
-91.6536,34.9662#28.04#29.47#42.49
-91.5987,34.9651#28.05#29.48#42.47
-91.5439,34.964#28.06#29.5#42.44
-91.489,34.9628#28.07#29.51#42.42
-91.4342,34.9616#28.09#29.53#42.38
-91.3793,34.9604#28.1#29.55#42.35
-91.3245,34.9592#28.12#29.57#42.31
-91.2696,34.958#28.14#29.59#42.27
-91.2148,34.9568#28.16#29.61#42.23
-91.16,34.9555#28.18#29.63#42.19
-91.1051,34.9542#28.2#29.65#42.15
-91.0503,34.9529#28.22#29.66#42.12
-90.9954,34.9516#28.24#29.68#42.08
-90.9406,34.9503#28.27#29.7#42.03
-90.8858,34.9489#28.3#29.71#41.99
-90.8309,34.9475#28.33#29.73#41.94
-90.7761,34.9461#28.36#29.74#41.9
-90.7213,34.9447#28.39#29.76#41.85
-90.6665,34.9433#28.41#29.77#41.82
-90.6116,34.9419#28.44#29.79#41.77
-90.5568,34.9404#28.47#29.8#41.73
-90.502,34.9389#28.5#29.81#41.69
-90.4472,34.9374#28.54#29.82#41.64
-90.3923,34.9359#28.57#29.82#41.61
-90.3375,34.9344#28.6#29.83#41.57
-90.2827,34.9328#28.63#29.83#41.54
-90.2279,34.9312#28.67#29.83#41.5
-90.1731,34.9296#28.7#29.84#41.46
-90.1183,34.928#28.73#29.84#41.43
-90.0635,34.9264#28.77#29.85#41.38
-90.0086,34.9247#28.8#29.85#41.35
-89.9538,34.9231#28.83#29.84#41.33
-89.899,34.9214#28.87#29.83#41.3
-89.8442,34.9197#28.9#29.82#41.28
-89.7894,34.918#28.93#29.81#41.26
-89.7346,34.9162#28.96#29.79#41.25
-89.6798,34.9145#29#29.78#41.22
-89.625,34.9127#29.03#29.77#41.2
-89.5702,34.9109#29.06#29.76#41.18
-89.5154,34.9091#29.1#29.75#41.15
-89.4606,34.9073#29.13#29.73#41.14
-89.4058,34.9054#29.16#29.7#41.14
-89.3511,34.9036#29.19#29.68#41.13
-89.2963,34.9017#29.22#29.66#41.12
-101.913,34.9006#31.46#28.43#40.11
-101.858,34.9028#31.49#28.42#40.09
-101.803,34.9051#31.52#28.42#40.06
-101.749,34.9074#31.55#28.41#40.04
-101.694,34.9096#31.57#28.4#40.03
-101.639,34.9118#31.6#28.4#40
-101.584,34.914#31.63#28.39#39.98
-101.529,34.9162#31.65#28.38#39.97
-101.475,34.9183#31.68#28.38#39.94
-101.42,34.9205#31.69#28.37#39.94
-101.365,34.9226#31.71#28.36#39.93
-101.31,34.9247#31.73#28.36#39.91
-101.256,34.9268#31.75#28.35#39.9
-101.201,34.9288#31.76#28.34#39.9
-101.146,34.9309#31.78#28.33#39.89
-101.091,34.9329#31.8#28.33#39.87
-101.036,34.9349#31.82#28.32#39.86
-100.982,34.9369#31.83#28.31#39.86
-100.927,34.9389#31.82#28.31#39.87
-100.872,34.9408#31.81#28.31#39.88
-100.817,34.9428#31.8#28.3#39.9
-100.762,34.9447#31.8#28.3#39.9
-100.708,34.9466#31.79#28.3#39.91
-100.653,34.9485#31.78#28.29#39.93
-100.598,34.9503#31.78#28.29#39.93
-100.543,34.9522#31.77#28.29#39.94
-100.488,34.954#31.77#28.28#39.95
-100.433,34.9558#31.76#28.28#39.96
-100.379,34.9576#31.75#28.28#39.97
-100.324,34.9594#31.75#28.27#39.98
-100.269,34.9611#31.74#28.27#39.99
-100.214,34.9629#31.73#28.27#40
-100.159,34.9646#31.73#28.27#40
-100.105,34.9663#31.72#28.26#40.02
-100.05,34.968#31.71#28.26#40.03
-99.9949,34.9697#31.71#28.26#40.03
-99.9401,34.9713#31.7#28.26#40.04
-99.8852,34.9729#31.68#28.26#40.06
-99.8304,34.9745#31.67#28.26#40.07
-99.7756,34.9761#31.66#28.27#40.07
-99.7207,34.9777#31.65#28.27#40.08
-99.6659,34.9793#31.64#28.27#40.09
-99.611,34.9808#31.63#28.27#40.1
-99.5562,34.9823#31.62#28.28#40.1
-99.5013,34.9838#31.61#28.28#40.11
-99.4465,34.9853#31.59#28.29#40.12
-99.3917,34.9868#31.57#28.3#40.13
-99.3368,34.9882#31.55#28.3#40.15
-99.282,34.9896#31.53#28.31#40.16
-99.2271,34.9911#31.51#28.32#40.17
-99.1723,34.9925#31.5#28.33#40.17
-99.1174,34.9938#31.48#28.34#40.18
-99.0625,34.9952#31.46#28.35#40.19
-99.0077,34.9965#31.44#28.36#40.2
-98.9528,34.9978#31.41#28.37#40.22
-98.898,34.9991#31.37#28.39#40.24
-98.8431,35.0004#31.34#28.41#40.25
-98.7882,35.0017#31.3#28.43#40.27
-98.7334,35.0029#31.26#28.44#40.3
-98.6785,35.0042#31.23#28.46#40.31
-98.6237,35.0054#31.19#28.48#40.33
-98.5688,35.0066#31.16#28.5#40.34
-98.5139,35.0077#31.12#28.52#40.36
-98.4591,35.0089#31.07#28.53#40.4
-98.4042,35.01#31.02#28.55#40.43
-98.3493,35.0112#30.96#28.57#40.47
-98.2944,35.0123#30.9#28.59#40.51
-98.2396,35.0133#30.85#28.61#40.54
-98.1847,35.0144#30.79#28.63#40.58
-98.1298,35.0155#30.74#28.65#40.61
-98.0749,35.0165#30.68#28.67#40.65
-98.0201,35.0175#30.63#28.68#40.69
-97.9652,35.0185#30.55#28.7#40.75
-97.9103,35.0195#30.47#28.71#40.82
-97.8554,35.0204#30.39#28.72#40.89
-97.8005,35.0214#30.31#28.73#40.96
-97.7457,35.0223#30.23#28.74#41.03
-97.6908,35.0232#30.15#28.75#41.1
-97.6359,35.0241#30.07#28.76#41.17
-97.581,35.0249#29.99#28.77#41.24
-97.5261,35.0258#29.92#28.78#41.3
-97.4712,35.0266#29.84#28.79#41.37
-97.4163,35.0274#29.76#28.8#41.44
-97.3615,35.0282#29.68#28.8#41.52
-97.3066,35.029#29.6#28.81#41.59
-97.2517,35.0297#29.52#28.81#41.67
-97.1968,35.0305#29.44#28.82#41.74
-97.1419,35.0312#29.36#28.82#41.82
-97.087,35.0319#29.29#28.83#41.88
-97.0321,35.0326#29.21#28.83#41.96
-96.9772,35.0332#29.14#28.84#42.02
-96.9223,35.0339#29.08#28.84#42.08
-96.8674,35.0345#29.02#28.85#42.13
-96.8125,35.0351#28.96#28.85#42.19
-96.7576,35.0357#28.9#28.85#42.25
-96.7027,35.0363#28.84#28.86#42.3
-96.6478,35.0368#28.78#28.86#42.36
-96.5929,35.0374#28.72#28.87#42.41
-96.538,35.0379#28.66#28.87#42.47
-96.4831,35.0384#28.62#28.87#42.51
-96.4282,35.0389#28.63#28.88#42.49
-96.3733,35.0393#28.64#28.88#42.48
-96.3184,35.0398#28.64#28.88#42.48
-96.2635,35.0402#28.65#28.89#42.46
-96.2086,35.0406#28.65#28.89#42.46
-96.1537,35.041#28.66#28.89#42.45
-96.0988,35.0414#28.66#28.9#42.44
-96.0439,35.0417#28.67#28.9#42.43
-95.989,35.0421#28.67#28.9#42.43
-95.9341,35.0424#28.66#28.91#42.43
-95.8792,35.0427#28.64#28.91#42.45
-95.8243,35.043#28.63#28.91#42.46
-95.7694,35.0432#28.61#28.92#42.47
-95.7145,35.0435#28.6#28.92#42.48
-95.6596,35.0437#28.58#28.92#42.5
-95.6047,35.0439#28.57#28.93#42.5
-95.5498,35.0441#28.55#28.93#42.52
-95.4949,35.0443#28.54#28.94#42.52
-95.44,35.0445#28.52#28.94#42.54
-95.3851,35.0446#28.5#28.94#42.56
-95.3302,35.0447#28.49#28.95#42.56
-95.2753,35.0448#28.47#28.95#42.58
-95.2204,35.0449#28.45#28.95#42.6
-95.1655,35.045#28.44#28.96#42.6
-95.1106,35.045#28.42#28.96#42.62
-95.0557,35.045#28.4#28.96#42.64
-95.0008,35.045#28.39#28.97#42.64
-94.9459,35.045#28.37#28.97#42.66
-94.8909,35.045#28.36#28.98#42.66
-94.836,35.045#28.34#28.98#42.68
-94.7811,35.0449#28.32#28.98#42.7
-94.7262,35.0448#28.31#28.99#42.7
-94.6713,35.0447#28.29#28.99#42.72
-94.6164,35.0446#28.28#28.99#42.73
-94.5615,35.0445#28.26#29#42.74
-94.5066,35.0443#28.24#29#42.76
-94.4517,35.0441#28.23#29.01#42.76
-94.3968,35.0439#28.21#29.01#42.78
-94.3419,35.0437#28.2#29.02#42.78
-94.287,35.0435#28.19#29.02#42.79
-94.2321,35.0433#28.17#29.03#42.8
-94.1772,35.043#28.16#29.03#42.81
-94.1223,35.0427#28.14#29.04#42.82
-94.0674,35.0424#28.13#29.04#42.83
-94.0125,35.0421#28.12#29.05#42.83
-93.9576,35.0418#28.1#29.05#42.85
-93.9027,35.0414#28.09#29.06#42.85
-93.8478,35.041#28.08#29.07#42.85
-93.7929,35.0406#28.06#29.08#42.86
-93.738,35.0402#28.05#29.08#42.87
-93.6831,35.0398#28.04#29.09#42.87
-93.6282,35.0394#28.03#29.1#42.87
-93.5733,35.0389#28.01#29.11#42.88
-93.5184,35.0384#28#29.11#42.89
-93.4635,35.0379#27.99#29.12#42.89
-93.4086,35.0374#27.98#29.13#42.89
-93.3537,35.0369#27.97#29.14#42.89
-93.2988,35.0363#27.97#29.15#42.88
-93.2439,35.0357#27.96#29.16#42.88
-93.189,35.0351#27.95#29.17#42.88
-93.1341,35.0345#27.94#29.18#42.88
-93.0792,35.0339#27.93#29.19#42.88
-93.0243,35.0332#27.92#29.2#42.88
-92.9694,35.0326#27.92#29.21#42.87
-92.9145,35.0319#27.91#29.22#42.87
-92.8596,35.0312#27.91#29.23#42.86
-92.8047,35.0305#27.91#29.24#42.85
-92.7498,35.0297#27.9#29.26#42.84
-92.695,35.029#27.9#29.27#42.83
-92.6401,35.0282#27.89#29.28#42.83
-92.5852,35.0274#27.89#29.29#42.82
-92.5303,35.0266#27.88#29.3#42.82
-92.4754,35.0258#27.88#29.32#42.8
-92.4205,35.0249#27.89#29.33#42.78
-92.3656,35.0241#27.89#29.35#42.76
-92.3107,35.0232#27.89#29.36#42.75
-92.2559,35.0223#27.89#29.37#42.74
-92.201,35.0214#27.89#29.39#42.72
-92.1461,35.0204#27.9#29.4#42.7
-92.0912,35.0195#27.9#29.42#42.68
-92.0363,35.0185#27.9#29.43#42.67
-91.9815,35.0175#27.9#29.45#42.65
-91.9266,35.0165#27.91#29.46#42.63
-91.8717,35.0155#27.92#29.48#42.6
-91.8168,35.0144#27.93#29.49#42.58
-91.762,35.0134#27.93#29.51#42.56
-91.7071,35.0123#27.94#29.52#42.54
-91.6522,35.0112#27.95#29.54#42.51
-91.5973,35.0101#27.96#29.56#42.48
-91.5425,35.0089#27.97#29.57#42.46
-91.4876,35.0078#27.98#29.59#42.43
-91.4327,35.0066#28#29.61#42.39
-91.3779,35.0054#28.01#29.63#42.36
-91.323,35.0042#28.03#29.64#42.33
-91.2681,35.003#28.05#29.66#42.29
-91.2133,35.0017#28.07#29.68#42.25
-91.1584,35.0005#28.09#29.7#42.21
-91.1035,34.9992#28.11#29.72#42.17
-91.0487,34.9979#28.12#29.74#42.14
-90.9938,34.9966#28.14#29.76#42.1
-90.939,34.9952#28.17#29.77#42.06
-90.8841,34.9939#28.2#29.79#42.01
-90.8293,34.9925#28.23#29.8#41.97
-90.7744,34.9911#28.25#29.82#41.93
-90.7196,34.9897#28.28#29.83#41.89
-90.6647,34.9883#28.31#29.85#41.84
-90.6099,34.9868#28.34#29.86#41.8
-90.555,34.9853#28.37#29.87#41.76
-90.5002,34.9839#28.39#29.89#41.72
-90.4453,34.9824#28.43#29.89#41.68
-90.3905,34.9808#28.46#29.9#41.64
-90.3356,34.9793#28.49#29.9#41.61
-90.2808,34.9778#28.52#29.91#41.57
-90.226,34.9762#28.55#29.91#41.54
-90.1711,34.9746#28.58#29.91#41.51
-90.1163,34.973#28.62#29.92#41.46
-90.0615,34.9713#28.65#29.92#41.43
-90.0066,34.9697#28.68#29.92#41.4
-89.9518,34.968#28.71#29.92#41.37
-89.897,34.9664#28.74#29.9#41.36
-89.8421,34.9647#28.77#29.89#41.34
-89.7873,34.9629#28.8#29.88#41.32
-89.7325,34.9612#28.83#29.87#41.3
-89.6777,34.9594#28.87#29.86#41.27
-89.6228,34.9577#28.9#29.85#41.25
-89.568,34.9559#28.93#29.84#41.23
-89.5132,34.9541#28.96#29.83#41.21
-89.4584,34.9522#28.99#29.81#41.2
-89.4036,34.9504#29.02#29.78#41.2
-89.3488,34.9485#29.05#29.76#41.19
-89.294,34.9466#29.08#29.74#41.18
-89.2392,34.9447#29.11#29.71#41.18
-89.1844,34.9428#29.14#29.69#41.17
-89.1295,34.9409#29.16#29.67#41.17
-89.0747,34.9389#29.19#29.64#41.17
-89.0199,34.937#29.22#29.62#41.16
-88.9651,34.935#29.25#29.59#41.16
-88.9104,34.933#29.27#29.56#41.17
-88.8556,34.9309#29.3#29.53#41.17
-88.8008,34.9289#29.32#29.5#41.18
-88.746,34.9268#29.35#29.47#41.18
-88.6912,34.9247#29.37#29.44#41.19
-88.6364,34.9226#29.4#29.41#41.19
-88.5816,34.9205#29.42#29.38#41.2
-88.5268,34.9184#29.45#29.35#41.2
-88.4721,34.9162#29.47#29.32#41.21
-88.4173,34.914#29.49#29.29#41.22
-88.3625,34.9119#29.51#29.26#41.23
-88.3077,34.9096#29.53#29.23#41.24
-88.253,34.9074#29.55#29.2#41.25
-88.1982,34.9052#29.57#29.17#41.26
-88.1434,34.9029#29.58#29.14#41.28
-88.0887,34.9006#29.6#29.11#41.29
-102.901,34.9013#30.65#28.56#40.79
-102.847,34.9039#30.68#28.56#40.76
-102.792,34.9065#30.72#28.56#40.72
-102.737,34.9091#30.76#28.56#40.68
-102.682,34.9116#30.8#28.56#40.64
-102.628,34.9141#30.84#28.55#40.61
-102.573,34.9167#30.87#28.55#40.58
-102.518,34.9192#30.91#28.55#40.54
-102.463,34.9216#30.95#28.54#40.51
-102.409,34.9241#30.99#28.54#40.47
-102.354,34.9266#31.03#28.53#40.44
-102.299,34.929#31.06#28.53#40.41
-102.244,34.9314#31.1#28.52#40.38
-102.19,34.9338#31.14#28.51#40.35
-102.135,34.9362#31.18#28.51#40.31
-102.08,34.9385#31.22#28.5#40.28
-102.025,34.9409#31.25#28.49#40.26
-101.97,34.9432#31.29#28.48#40.23
-101.916,34.9455#31.31#28.48#40.21
-101.861,34.9478#31.34#28.47#40.19
-101.806,34.95#31.37#28.46#40.17
-101.751,34.9523#31.39#28.45#40.16
-101.696,34.9545#31.42#28.44#40.14
-101.642,34.9567#31.45#28.44#40.11
-101.587,34.9589#31.47#28.43#40.1
-101.532,34.9611#31.5#28.42#40.08
-101.477,34.9632#31.52#28.41#40.07
-101.422,34.9654#31.54#28.4#40.06
-101.368,34.9675#31.56#28.39#40.05
-101.313,34.9696#31.57#28.39#40.04
-101.258,34.9717#31.59#28.38#40.03
-101.203,34.9738#31.61#28.37#40.02
-101.148,34.9758#31.62#28.36#40.02
-101.094,34.9778#31.64#28.35#40.01
-101.039,34.9798#31.66#28.34#40
-100.984,34.9818#31.67#28.34#39.99
-100.929,34.9838#31.66#28.33#40.01
-100.874,34.9858#31.65#28.33#40.02
-100.82,34.9877#31.65#28.33#40.02
-100.765,34.9896#31.64#28.32#40.04
-100.71,34.9915#31.63#28.32#40.05
-100.655,34.9934#31.63#28.32#40.05
-100.6,34.9953#31.62#28.31#40.07
-100.545,34.9971#31.61#28.31#40.08
-100.491,34.999#31.61#28.31#40.08
-100.436,35.0008#31.6#28.3#40.1
-100.381,35.0026#31.59#28.3#40.11
-100.326,35.0043#31.58#28.3#40.12
-100.271,35.0061#31.57#28.29#40.14
-100.216,35.0078#31.56#28.29#40.15
-100.161,35.0095#31.55#28.29#40.16
-100.107,35.0112#31.54#28.28#40.18
-100.052,35.0129#31.53#28.28#40.19
-99.9969,35.0146#31.52#28.28#40.2
-99.9421,35.0162#31.51#28.28#40.21
-99.8872,35.0179#31.5#28.28#40.22
-99.8323,35.0195#31.48#28.28#40.24
-99.7775,35.0211#31.47#28.29#40.24
-99.7226,35.0227#31.46#28.29#40.25
-99.6678,35.0242#31.44#28.29#40.27
-99.6129,35.0257#31.43#28.29#40.28
-99.558,35.0273#31.42#28.29#40.29
-99.5032,35.0288#31.4#28.29#40.31
-99.4483,35.0303#31.38#28.3#40.32
-99.3934,35.0317#31.36#28.31#40.33
-99.3386,35.0332#31.34#28.32#40.34
-99.2837,35.0346#31.32#28.33#40.35
-99.2288,35.036#31.3#28.33#40.37
-99.1739,35.0374#31.28#28.34#40.38
-99.1191,35.0388#31.26#28.35#40.39
-99.0642,35.0401#31.24#28.36#40.4
-99.0093,35.0415#31.22#28.37#40.41
-98.9544,35.0428#31.19#28.38#40.43
-98.8995,35.0441#31.15#28.4#40.45
-98.8447,35.0454#31.11#28.42#40.47
-98.7898,35.0466#31.08#28.44#40.48
-98.7349,35.0479#31.04#28.45#40.51
-98.68,35.0491#31#28.47#40.53
-98.6251,35.0503#30.97#28.49#40.54
-98.5702,35.0515#30.93#28.51#40.56
-98.5153,35.0527#30.89#28.52#40.59
-98.4605,35.0539#30.84#28.54#40.62
-98.4056,35.055#30.79#28.56#40.65
-98.3507,35.0561#30.73#28.58#40.69
-98.2958,35.0572#30.67#28.6#40.73
-98.2409,35.0583#30.62#28.62#40.76
-98.186,35.0594#30.56#28.64#40.8
-98.1311,35.0604#30.51#28.66#40.83
-98.0762,35.0614#30.45#28.68#40.87
-98.0213,35.0624#30.4#28.7#40.9
-97.9664,35.0634#30.33#28.71#40.96
-97.9115,35.0644#30.25#28.73#41.02
-97.8566,35.0654#30.17#28.74#41.09
-97.8017,35.0663#30.1#28.75#41.15
-97.7468,35.0672#30.02#28.76#41.22
-97.6919,35.0681#29.94#28.77#41.29
-97.637,35.069#29.87#28.78#41.35
-97.582,35.0699#29.79#28.8#41.41
-97.5271,35.0707#29.72#28.81#41.47
-97.4722,35.0716#29.64#28.82#41.54
-97.4173,35.0724#29.57#28.82#41.61
-97.3624,35.0732#29.49#28.83#41.68
-97.3075,35.0739#29.42#28.83#41.75
-97.2526,35.0747#29.34#28.84#41.82
-97.1977,35.0754#29.27#28.85#41.88
-97.1428,35.0761#29.2#28.85#41.95
-97.0878,35.0768#29.12#28.86#42.02
-97.0329,35.0775#29.05#28.86#42.09
-96.978,35.0782#28.98#28.87#42.15
-96.9231,35.0788#28.93#28.87#42.2
-96.8682,35.0795#28.87#28.88#42.25
-96.8133,35.0801#28.81#28.88#42.31
-96.7583,35.0807#28.76#28.89#42.35
-96.7034,35.0812#28.7#28.89#42.41
-96.6485,35.0818#28.65#28.9#42.45
-96.5936,35.0823#28.59#28.9#42.51
-96.5387,35.0829#28.54#28.9#42.56
-96.4837,35.0834#28.5#28.91#42.59
-96.4288,35.0838#28.5#28.91#42.59
-96.3739,35.0843#28.5#28.92#42.58
-96.319,35.0848#28.5#28.92#42.58
-96.2641,35.0852#28.51#28.92#42.57
-96.2091,35.0856#28.51#28.93#42.56
-96.1542,35.086#28.51#28.93#42.56
-96.0993,35.0864#28.51#28.93#42.56
-96.0444,35.0867#28.51#28.94#42.55
-95.9894,35.087#28.51#28.94#42.55
-95.9345,35.0874#28.5#28.95#42.55
-95.8796,35.0877#28.48#28.95#42.57
-95.8247,35.0879#28.47#28.95#42.58
-95.7697,35.0882#28.46#28.96#42.58
-95.7148,35.0885#28.44#28.96#42.6
-95.6599,35.0887#28.43#28.97#42.6
-95.605,35.0889#28.42#28.97#42.61
-95.55,35.0891#28.4#28.97#42.63
-95.4951,35.0893#28.39#28.98#42.63
-95.4402,35.0894#28.38#28.98#42.64
-95.3853,35.0896#28.36#28.99#42.65
-95.3303,35.0897#28.34#28.99#42.67
-95.2754,35.0898#28.33#28.99#42.68
-95.2205,35.0899#28.31#29#42.69
-95.1655,35.0899#28.3#29#42.7
-95.1106,35.09#28.28#29.01#42.71
-95.0557,35.09#28.27#29.01#42.72
-95.0008,35.09#28.25#29.01#42.74
-94.9458,35.09#28.24#29.02#42.74
-94.8909,35.09#28.22#29.02#42.76
-94.836,35.0899#28.21#29.03#42.76
-94.781,35.0899#28.19#29.03#42.78
-94.7261,35.0898#28.18#29.04#42.78
-94.6712,35.0897#28.16#29.04#42.8
-94.6163,35.0896#28.15#29.04#42.81
-94.5613,35.0894#28.13#29.05#42.82
-94.5064,35.0893#28.12#29.05#42.83
-94.4515,35.0891#28.11#29.06#42.83
-94.3966,35.0889#28.09#29.06#42.85
-94.3416,35.0887#28.08#29.07#42.85
-94.2867,35.0885#28.07#29.07#42.86
-94.2318,35.0882#28.05#29.08#42.87
-94.1769,35.088#28.04#29.09#42.87
-94.1219,35.0877#28.03#29.09#42.88
-94.067,35.0874#28.01#29.1#42.89
-94.0121,35.0871#28#29.1#42.9
-93.9572,35.0867#27.99#29.11#42.9
-93.9022,35.0864#27.98#29.12#42.9
-93.8473,35.086#27.97#29.13#42.9
-93.7924,35.0856#27.95#29.13#42.92
-93.7375,35.0852#27.94#29.14#42.92
-93.6825,35.0848#27.93#29.15#42.92
-93.6276,35.0843#27.92#29.16#42.92
-93.5727,35.0839#27.91#29.16#42.93
-93.5178,35.0834#27.9#29.17#42.93
-93.4628,35.0829#27.89#29.18#42.93
-93.4079,35.0824#27.88#29.19#42.93
-93.353,35.0818#27.87#29.2#42.93
-93.2981,35.0813#27.87#29.21#42.92
-93.2432,35.0807#27.86#29.22#42.92
-93.1883,35.0801#27.85#29.23#42.92
-93.1333,35.0795#27.84#29.24#42.92
-93.0784,35.0789#27.84#29.25#42.91
-93.0235,35.0782#27.83#29.26#42.91
-92.9686,35.0775#27.82#29.27#42.91
-92.9137,35.0769#27.82#29.29#42.89
-92.8588,35.0762#27.82#29.3#42.88
-92.8038,35.0754#27.81#29.31#42.88
-92.7489,35.0747#27.81#29.32#42.87
-92.694,35.074#27.81#29.34#42.85
-92.6391,35.0732#27.8#29.35#42.85
-92.5842,35.0724#27.8#29.36#42.84
-92.5293,35.0716#27.8#29.37#42.83
-92.4744,35.0707#27.79#29.39#42.82
-92.4195,35.0699#27.8#29.4#42.8
-92.3646,35.069#27.8#29.42#42.78
-92.3097,35.0682#27.8#29.43#42.77
-92.2547,35.0673#27.8#29.44#42.76
-92.1998,35.0663#27.81#29.46#42.73
-92.1449,35.0654#27.81#29.47#42.72
-92.09,35.0644#27.81#29.49#42.7
-92.0351,35.0635#27.81#29.5#42.69
-91.9802,35.0625#27.82#29.52#42.66
-91.9253,35.0615#27.82#29.53#42.65
-91.8704,35.0604#27.83#29.55#42.62
-91.8155,35.0594#27.84#29.57#42.59
-91.7606,35.0583#27.85#29.58#42.57
-91.7057,35.0572#27.85#29.6#42.55
-91.6509,35.0561#27.86#29.62#42.52
-91.596,35.055#27.87#29.63#42.5
-91.5411,35.0539#27.88#29.65#42.47
-91.4862,35.0527#27.89#29.66#42.45
-91.4313,35.0516#27.91#29.68#42.41
-91.3764,35.0504#27.92#29.7#42.38
-91.3215,35.0492#27.94#29.72#42.34
-91.2666,35.0479#27.96#29.74#42.3
-91.2117,35.0467#27.98#29.76#42.26
-91.1569,35.0454#27.99#29.77#42.24
-91.102,35.0441#28.01#29.79#42.2
-91.0471,35.0428#28.03#29.81#42.16
-90.9922,35.0415#28.05#29.83#42.12
-90.9373,35.0402#28.07#29.84#42.09
-90.8824,35.0388#28.1#29.86#42.04
-90.8276,35.0374#28.13#29.87#42
-90.7727,35.036#28.15#29.89#41.96
-90.7178,35.0346#28.18#29.9#41.92
-90.663,35.0332#28.21#29.92#41.87
-90.6081,35.0318#28.23#29.93#41.84
-90.5532,35.0303#28.26#29.95#41.79
-90.4983,35.0288#28.29#29.96#41.75
-90.4435,35.0273#28.32#29.97#41.71
-90.3886,35.0258#28.34#29.97#41.69
-90.3337,35.0243#28.37#29.98#41.65
-90.2789,35.0227#28.4#29.98#41.62
-90.224,35.0211#28.43#29.98#41.59
-90.1692,35.0195#28.46#29.99#41.55
-90.1143,35.0179#28.5#29.99#41.51
-90.0595,35.0163#28.53#30#41.47
-90.0046,35.0146#28.56#30#41.44
-89.9497,35.013#28.59#29.99#41.42
-89.8949,35.0113#28.62#29.98#41.4
-89.84,35.0096#28.64#29.97#41.39
-89.7852,35.0079#28.67#29.96#41.37
-89.7304,35.0061#28.7#29.95#41.35
-89.6755,35.0044#28.73#29.94#41.33
-89.6207,35.0026#28.76#29.93#41.31
-89.5658,35.0008#28.79#29.92#41.29
-89.511,34.999#28.82#29.91#41.27
-89.4562,34.9972#28.85#29.88#41.27
-89.4013,34.9953#28.88#29.86#41.26
-89.3465,34.9935#28.91#29.84#41.25
-89.2917,34.9916#28.94#29.81#41.25
-89.2368,34.9897#28.96#29.79#41.25
-89.182,34.9878#28.99#29.77#41.24
-89.1272,34.9858#29.02#29.74#41.24
-89.0723,34.9839#29.05#29.72#41.23
-89.0175,34.9819#29.08#29.7#41.22
-88.9627,34.9799#29.1#29.67#41.23
-88.9079,34.9779#29.13#29.64#41.23
-88.8531,34.9759#29.15#29.6#41.25
-88.7983,34.9738#29.17#29.57#41.26
-88.7434,34.9717#29.2#29.54#41.26
-88.6886,34.9697#29.22#29.51#41.27
-88.6338,34.9676#29.25#29.48#41.27
-88.579,34.9654#29.27#29.45#41.28
-88.5242,34.9633#29.29#29.42#41.29
-88.4694,34.9611#29.32#29.38#41.3
-88.4146,34.959#29.33#29.35#41.32
-88.3598,34.9568#29.35#29.32#41.33
-88.305,34.9546#29.37#29.29#41.34
-88.2502,34.9523#29.39#29.26#41.35
-88.1954,34.9501#29.41#29.22#41.37
-88.1407,34.9478#29.43#29.19#41.38
-88.0859,34.9455#29.45#29.16#41.39
-88.0311,34.9432#29.47#29.13#41.4
-87.9763,34.9409#29.49#29.1#41.41
-87.9215,34.9386#29.51#29.07#41.42
-87.8667,34.9362#29.54#29.04#41.42
-87.812,34.9339#29.56#29.01#41.43
-87.7572,34.9315#29.59#28.98#41.43
-87.7024,34.9291#29.61#28.95#41.44
-87.6477,34.9266#29.63#28.92#41.45
-87.5929,34.9242#29.66#28.9#41.44
-87.5381,34.9217#29.68#28.87#41.45
-87.4834,34.9192#29.71#28.84#41.45
-87.4286,34.9167#29.75#28.82#41.43
-87.3739,34.9142#29.79#28.79#41.42
-87.3191,34.9117#29.84#28.77#41.39
-87.2644,34.9091#29.88#28.75#41.37
-87.2096,34.9065#29.92#28.72#41.36
-87.1549,34.904#29.96#28.7#41.34
-87.1001,34.9013#30#28.68#41.32
-103.78,34.9019#30.24#28.68#41.08
-103.726,34.9048#30.24#28.67#41.09
-103.671,34.9077#30.24#28.66#41.1
-103.616,34.9106#30.23#28.65#41.12
-103.562,34.9134#30.23#28.65#41.12
-103.507,34.9163#30.22#28.64#41.14
-103.452,34.9191#30.24#28.64#41.12
-103.397,34.9219#30.27#28.64#41.09
-103.343,34.9246#30.29#28.64#41.07
-103.288,34.9274#30.31#28.64#41.05
-103.233,34.9301#30.34#28.64#41.02
-103.178,34.9329#30.36#28.64#41
-103.124,34.9356#30.38#28.64#40.98
-103.069,34.9382#30.41#28.64#40.95
-103.014,34.9409#30.43#28.64#40.93
-102.959,34.9436#30.46#28.64#40.9
-102.905,34.9462#30.5#28.64#40.86
-102.85,34.9488#30.54#28.63#40.83
-102.795,34.9514#30.57#28.63#40.8
-102.74,34.954#30.61#28.63#40.76
-102.686,34.9565#30.65#28.62#40.73
-102.631,34.9591#30.69#28.62#40.69
-102.576,34.9616#30.73#28.62#40.65
-102.521,34.9641#30.76#28.61#40.63
-102.466,34.9666#30.8#28.61#40.59
-102.412,34.969#30.84#28.6#40.56
-102.357,34.9715#30.88#28.59#40.53
-102.302,34.9739#30.92#28.58#40.5
-102.247,34.9763#30.95#28.57#40.48
-102.192,34.9787#30.99#28.57#40.44
-102.138,34.9811#31.03#28.56#40.41
-102.083,34.9834#31.07#28.55#40.38
-102.028,34.9858#31.1#28.54#40.36
-101.973,34.9881#31.14#28.53#40.33
-101.918,34.9904#31.16#28.52#40.32
-101.864,34.9927#31.19#28.51#40.3
-101.809,34.995#31.22#28.5#40.28
-101.754,34.9972#31.24#28.49#40.27
-101.699,34.9994#31.27#28.48#40.25
-101.644,35.0016#31.29#28.47#40.24
-101.59,35.0038#31.32#28.46#40.22
-101.535,35.006#31.35#28.45#40.2
-101.48,35.0082#31.37#28.44#40.19
-101.425,35.0103#31.39#28.43#40.18
-101.37,35.0124#31.4#28.43#40.17
-101.315,35.0145#31.42#28.42#40.16
-101.261,35.0166#31.43#28.41#40.16
-101.206,35.0187#31.45#28.4#40.15
-101.151,35.0207#31.47#28.39#40.14
-101.096,35.0228#31.48#28.38#40.14
-101.041,35.0248#31.5#28.37#40.13
-100.986,35.0268#31.51#28.36#40.13
-100.932,35.0287#31.5#28.36#40.14
-100.877,35.0307#31.5#28.35#40.15
-100.822,35.0326#31.49#28.35#40.16
-100.767,35.0346#31.48#28.35#40.17
-100.712,35.0365#31.48#28.34#40.18
-100.657,35.0383#31.47#28.34#40.19
-100.602,35.0402#31.46#28.34#40.2
-100.548,35.0421#31.46#28.34#40.2
-100.493,35.0439#31.45#28.33#40.22
-100.438,35.0457#31.44#28.33#40.23
-100.383,35.0475#31.43#28.33#40.24
-100.328,35.0493#31.42#28.32#40.26
-100.273,35.051#31.4#28.32#40.28
-100.218,35.0528#31.39#28.31#40.3
-100.164,35.0545#31.38#28.31#40.31
-100.109,35.0562#31.37#28.31#40.32
-100.054,35.0579#31.35#28.3#40.35
-99.9989,35.0595#31.34#28.3#40.36
-99.9441,35.0612#31.32#28.3#40.38
-99.8892,35.0628#31.31#28.3#40.39
-99.8343,35.0644#31.29#28.3#40.41
-99.7794,35.066#31.28#28.3#40.42
-99.7245,35.0676#31.26#28.3#40.44
-99.6697,35.0692#31.24#28.31#40.45
-99.6148,35.0707#31.23#28.31#40.46
-99.5599,35.0722#31.21#28.31#40.48
-99.505,35.0737#31.19#28.31#40.5
-99.4501,35.0752#31.17#28.32#40.51
-99.3952,35.0767#31.15#28.32#40.53
-99.3403,35.0781#31.13#28.33#40.54
-99.2854,35.0795#31.11#28.34#40.55
-99.2305,35.081#31.09#28.35#40.56
-99.1756,35.0823#31.06#28.36#40.58
-99.1207,35.0837#31.04#28.37#40.59
-99.0658,35.0851#31.02#28.37#40.61
-99.0109,35.0864#31#28.38#40.62
-98.956,35.0877#30.96#28.4#40.64
-98.9011,35.089#30.93#28.41#40.66
-98.8462,35.0903#30.89#28.43#40.68
-98.7913,35.0916#30.85#28.45#40.7
-98.7364,35.0928#30.81#28.46#40.73
-98.6815,35.0941#30.77#28.48#40.75
-98.6266,35.0953#30.74#28.5#40.76
-98.5717,35.0965#30.7#28.51#40.79
-98.5168,35.0976#30.66#28.53#40.81
-98.4619,35.0988#30.61#28.55#40.84
-98.4069,35.0999#30.56#28.57#40.87
-98.352,35.1011#30.5#28.59#40.91
-98.2971,35.1022#30.44#28.61#40.95
-98.2422,35.1032#30.39#28.63#40.98
-98.1873,35.1043#30.33#28.65#41.02
-98.1323,35.1054#30.28#28.67#41.05
-98.0774,35.1064#30.22#28.69#41.09
-98.0225,35.1074#30.17#28.72#41.11
-97.9676,35.1084#30.1#28.73#41.17
-97.9127,35.1094#30.03#28.74#41.23
-97.8577,35.1103#29.95#28.76#41.29
-97.8028,35.1113#29.88#28.77#41.35
-97.7479,35.1122#29.81#28.78#41.41
-97.693,35.1131#29.73#28.79#41.48
-97.638,35.114#29.66#28.81#41.53
-97.5831,35.1148#29.59#28.82#41.59
-97.5282,35.1157#29.52#28.83#41.65
-97.4732,35.1165#29.44#28.84#41.72
-97.4183,35.1173#29.37#28.85#41.78
-97.3634,35.1181#29.3#28.86#41.84
-97.3084,35.1189#29.23#28.86#41.91
-97.2535,35.1196#29.17#28.87#41.96
-97.1986,35.1204#29.1#28.88#42.02
-97.1436,35.1211#29.03#28.88#42.09
-97.0887,35.1218#28.96#28.89#42.15
-97.0338,35.1225#28.89#28.89#42.22
-96.9788,35.1231#28.83#28.9#42.27
-96.9239,35.1238#28.77#28.91#42.32
-96.8689,35.1244#28.72#28.91#42.37
-96.814,35.125#28.67#28.91#42.42
-96.7591,35.1256#28.62#28.92#42.46
-96.7041,35.1262#28.56#28.92#42.52
-96.6492,35.1268#28.51#28.93#42.56
-96.5942,35.1273#28.46#28.93#42.61
-96.5393,35.1278#28.41#28.94#42.65
-96.4843,35.1283#28.37#28.94#42.69
-96.4294,35.1288#28.37#28.95#42.68
-96.3745,35.1293#28.37#28.95#42.68
-96.3195,35.1297#28.37#28.96#42.67
-96.2646,35.1301#28.36#28.96#42.68
-96.2096,35.1305#28.36#28.96#42.68
-96.1547,35.1309#28.36#28.97#42.67
-96.0997,35.1313#28.36#28.97#42.67
-96.0448,35.1317#28.36#28.98#42.66
-95.9898,35.132#28.35#28.98#42.67
-95.9349,35.1323#28.34#28.99#42.67
-95.8799,35.1326#28.33#28.99#42.68
-95.825,35.1329#28.32#28.99#42.69
-95.7701,35.1332#28.3#29#42.7
-95.7151,35.1334#28.29#29#42.71
-95.6602,35.1336#28.28#29.01#42.71
-95.6052,35.1339#28.27#29.01#42.72
-95.5503,35.134#28.26#29.02#42.72
-95.4953,35.1342#28.25#29.02#42.73
-95.4404,35.1344#28.23#29.02#42.75
-95.3854,35.1345#28.22#29.03#42.75
-95.3305,35.1346#28.2#29.03#42.77
-95.2755,35.1347#28.19#29.04#42.77
-95.2206,35.1348#28.17#29.04#42.79
-95.1656,35.1349#28.16#29.05#42.79
-95.1107,35.1349#28.15#29.05#42.8
-95.0557,35.1349#28.13#29.06#42.81
-95.0008,35.135#28.12#29.06#42.82
-94.9458,35.135#28.11#29.07#42.82
-94.8909,35.1349#28.09#29.07#42.84
-94.8359,35.1349#28.08#29.07#42.85
-94.781,35.1348#28.06#29.08#42.86
-94.726,35.1347#28.05#29.08#42.87
-94.6711,35.1346#28.04#29.09#42.87
-94.6161,35.1345#28.02#29.09#42.89
-94.5612,35.1344#28.01#29.1#42.89
-94.5062,35.1342#28#29.1#42.9
-94.4513,35.1341#27.98#29.11#42.91
-94.3963,35.1339#27.97#29.11#42.92
-94.3414,35.1337#27.96#29.12#42.92
-94.2864,35.1334#27.95#29.13#42.92
-94.2315,35.1332#27.93#29.13#42.94
-94.1765,35.1329#27.92#29.14#42.94
-94.1216,35.1326#27.91#29.14#42.95
-94.0666,35.1323#27.9#29.15#42.95
-94.0117,35.132#27.89#29.16#42.95
-93.9567,35.1317#27.88#29.16#42.96
-93.9018,35.1313#27.87#29.17#42.96
-93.8468,35.1309#27.86#29.18#42.96
-93.7919,35.1306#27.84#29.19#42.97
-93.7369,35.1301#27.83#29.2#42.97
-93.682,35.1297#27.82#29.21#42.97
-93.6271,35.1293#27.81#29.21#42.98
-93.5721,35.1288#27.8#29.22#42.98
-93.5172,35.1283#27.79#29.23#42.98
-93.4622,35.1278#27.78#29.24#42.98
