-97.0889,40.9005#28.37#55.7#15.93
-97.0309,40.9012#28.41#55.65#15.94
-96.9729,40.9018#28.45#55.6#15.95
-96.9149,40.9025#28.48#55.56#15.96
-96.8569,40.9031#28.52#55.52#15.96
-96.7989,40.9037#28.55#55.47#15.98
-96.7409,40.9043#28.59#55.43#15.98
-96.6829,40.9048#28.62#55.38#16
-96.6249,40.9053#28.65#55.34#16.01
-96.5669,40.9059#28.69#55.29#16.02
-96.5089,40.9064#28.72#55.25#16.03
-96.4509,40.9068#28.74#55.2#16.06
-96.3929,40.9073#28.76#55.16#16.08
-96.3349,40.9077#28.77#55.12#16.11
-96.2769,40.9082#28.79#55.07#16.14
-96.2189,40.9086#28.8#55.03#16.17
-96.1609,40.9089#28.82#54.99#16.19
-96.1029,40.9093#28.84#54.94#16.22
-96.0449,40.9097#28.85#54.9#16.25
-95.9869,40.91#28.86#54.86#16.28
-95.9289,40.9103#28.85#54.81#16.34
-95.8709,40.9106#28.84#54.77#16.39
-95.8129,40.9109#28.83#54.72#16.45
-95.7549,40.9111#28.82#54.67#16.51
-95.6969,40.9113#28.81#54.63#16.56
-95.6389,40.9116#28.8#54.58#16.62
-95.5809,40.9118#28.79#54.54#16.67
-95.5229,40.9119#28.78#54.49#16.73
-95.4649,40.9121#28.75#54.45#16.8
-95.4069,40.9122#28.73#54.41#16.86
-95.3488,40.9124#28.7#54.37#16.93
-95.2908,40.9125#28.67#54.32#17.01
-95.2328,40.9125#28.65#54.28#17.07
-95.1748,40.9126#28.62#54.24#17.14
-95.1168,40.9127#28.59#54.2#17.21
-95.0588,40.9127#28.57#54.16#17.27
-95.0008,40.9127#28.54#54.11#17.35
-94.9428,40.9127#28.49#54.07#17.44
-94.8848,40.9127#28.44#54.03#17.53
-94.8268,40.9126#28.39#54#17.61
-94.7688,40.9126#28.34#53.96#17.7
-94.7108,40.9125#28.3#53.92#17.78
-94.6528,40.9124#28.25#53.88#17.87
-94.5947,40.9122#28.2#53.84#17.96
-94.5367,40.9121#28.15#53.8#18.05
-94.4787,40.9119#28.1#53.75#18.15
-94.4207,40.9118#28.06#53.71#18.23
-94.3627,40.9116#28.02#53.67#18.31
-94.3047,40.9114#27.98#53.63#18.39
-94.2467,40.9111#27.94#53.59#18.47
-94.1887,40.9109#27.9#53.54#18.56
-94.1307,40.9106#27.86#53.5#18.64
-94.0727,40.9103#27.82#53.46#18.72
-94.0147,40.91#27.78#53.42#18.8
-93.9567,40.9097#27.75#53.38#18.87
-93.8987,40.9093#27.74#53.34#18.92
-93.8407,40.909#27.72#53.3#18.98
-93.7827,40.9086#27.7#53.26#19.04
-93.7247,40.9082#27.69#53.21#19.1
-93.6667,40.9077#27.67#53.17#19.16
-93.6087,40.9073#27.65#53.13#19.22
-93.5507,40.9068#27.64#53.09#19.27
-93.4927,40.9064#27.62#53.05#19.33
-93.4347,40.9059#27.62#53.01#19.37
-93.3767,40.9054#27.61#52.96#19.43
-93.3187,40.9048#27.6#52.92#19.48
-93.2607,40.9043#27.6#52.88#19.52
-93.2027,40.9037#27.59#52.83#19.58
-93.1447,40.9031#27.59#52.79#19.62
-93.0867,40.9025#27.58#52.74#19.68
-93.0287,40.9019#27.58#52.7#19.72
-92.9707,40.9012#27.57#52.65#19.78
-92.9127,40.9006#27.57#52.61#19.82
-99.4677,40.9009#27.61#58.52#13.87
-99.4097,40.9024#27.61#58.43#13.96
-99.3517,40.9038#27.61#58.34#14.05
-99.2938,40.9052#27.61#58.25#14.14
-99.2358,40.9065#27.62#58.15#14.23
-99.1778,40.9079#27.62#58.06#14.32
-99.1198,40.9092#27.62#57.97#14.41
-99.0619,40.9106#27.62#57.88#14.5
-99.0039,40.9119#27.63#57.78#14.59
-98.9459,40.9132#27.63#57.72#14.65
-98.8879,40.9144#27.64#57.65#14.71
-98.8299,40.9157#27.64#57.59#14.77
-98.7719,40.9169#27.65#57.52#14.83
-98.7139,40.9181#27.65#57.46#14.89
-98.656,40.9193#27.66#57.39#14.95
-98.598,40.9205#27.66#57.32#15.02
-98.54,40.9216#27.67#57.26#15.07
-98.482,40.9228#27.68#57.19#15.13
-98.424,40.9239#27.7#57.13#15.17
-98.366,40.925#27.72#57.08#15.2
-98.308,40.9261#27.74#57.02#15.24
-98.25,40.9271#27.76#56.96#15.28
-98.192,40.9282#27.78#56.9#15.32
-98.134,40.9292#27.8#56.84#15.36
-98.076,40.9302#27.82#56.78#15.4
-98.018,40.9312#27.84#56.72#15.44
-97.96,40.9321#27.86#56.66#15.48
-97.902,40.9331#27.89#56.6#15.51
-97.844,40.934#27.91#56.55#15.54
-97.786,40.9349#27.94#56.49#15.57
-97.728,40.9358#27.97#56.44#15.59
-97.6699,40.9367#28#56.38#15.62
-97.6119,40.9375#28.02#56.33#15.65
-97.5539,40.9384#28.05#56.27#15.68
-97.4959,40.9392#28.08#56.21#15.71
-97.4379,40.94#28.12#56.17#15.71
-97.3799,40.9408#28.16#56.12#15.72
-97.3219,40.9415#28.2#56.07#15.73
-97.2639,40.9423#28.24#56.02#15.74
-97.2058,40.943#28.28#55.97#15.75
-97.1478,40.9437#28.32#55.93#15.75
-97.0898,40.9444#28.35#55.88#15.77
-97.0318,40.945#28.39#55.83#15.78
-96.9738,40.9457#28.43#55.78#15.79
-96.9157,40.9463#28.47#55.74#15.79
-96.8577,40.9469#28.5#55.69#15.81
-96.7997,40.9475#28.54#55.65#15.81
-96.7417,40.9481#28.57#55.6#15.83
-96.6837,40.9487#28.61#55.56#15.83
-96.6256,40.9492#28.64#55.51#15.85
-96.5676,40.9497#28.68#55.46#15.86
-96.5096,40.9502#28.71#55.42#15.87
-96.4516,40.9507#28.73#55.37#15.9
-96.3935,40.9511#28.75#55.33#15.92
-96.3355,40.9516#28.77#55.29#15.94
-96.2775,40.952#28.79#55.24#15.97
-96.2194,40.9524#28.8#55.2#16
-96.1614,40.9528#28.82#55.15#16.03
-96.1034,40.9532#28.84#55.11#16.05
-96.0454,40.9535#28.86#55.07#16.07
-95.9873,40.9538#28.87#55.02#16.11
-95.9293,40.9541#28.86#54.98#16.16
-95.8713,40.9544#28.85#54.93#16.22
-95.8132,40.9547#28.84#54.88#16.28
-95.7552,40.955#28.84#54.84#16.32
-95.6972,40.9552#28.83#54.79#16.38
-95.6392,40.9554#28.82#54.74#16.44
-95.5811,40.9556#28.81#54.7#16.49
-95.5231,40.9558#28.8#54.65#16.55
-95.4651,40.9559#28.78#54.61#16.61
-95.407,40.9561#28.76#54.57#16.67
-95.349,40.9562#28.73#54.52#16.75
-95.291,40.9563#28.71#54.48#16.81
-95.2329,40.9564#28.68#54.44#16.88
-95.1749,40.9565#28.66#54.4#16.94
-95.1169,40.9565#28.63#54.35#17.02
-95.0588,40.9565#28.6#54.31#17.09
-95.0008,40.9565#28.58#54.27#17.15
-94.9428,40.9565#28.53#54.23#17.24
-94.8847,40.9565#28.49#54.19#17.32
-94.8267,40.9565#28.44#54.15#17.41
-94.7687,40.9564#28.39#54.11#17.5
-94.7106,40.9563#28.35#54.06#17.59
-94.6526,40.9562#28.3#54.02#17.68
-94.5946,40.9561#28.25#53.98#17.77
-94.5365,40.9559#28.21#53.94#17.85
-94.4785,40.9558#28.16#53.9#17.94
-94.4205,40.9556#28.12#53.86#18.02
-94.3625,40.9554#28.07#53.81#18.12
-94.3044,40.9552#28.03#53.77#18.2
-94.2464,40.955#27.99#53.73#18.28
-94.1884,40.9547#27.95#53.69#18.36
-94.1303,40.9544#27.9#53.64#18.46
-94.0723,40.9541#27.86#53.6#18.54
-94.0143,40.9538#27.82#53.56#18.62
-93.9562,40.9535#27.79#53.52#18.69
-93.8982,40.9532#27.78#53.47#18.75
-93.8402,40.9528#27.76#53.43#18.81
-93.7822,40.9524#27.74#53.39#18.87
-93.7241,40.952#27.72#53.35#18.93
-93.6661,40.9516#27.7#53.31#18.99
-93.6081,40.9512#27.68#53.27#19.05
-93.55,40.9507#27.66#53.23#19.11
-93.492,40.9502#27.65#53.18#19.17
-93.434,40.9497#27.64#53.14#19.22
-93.376,40.9492#27.63#53.09#19.28
-93.3179,40.9487#27.63#53.05#19.32
-93.2599,40.9481#27.62#53#19.38
-93.2019,40.9475#27.62#52.96#19.42
-93.1439,40.947#27.61#52.91#19.48
-93.0859,40.9463#27.6#52.87#19.53
-93.0278,40.9457#27.6#52.82#19.58
-92.9698,40.9451#27.59#52.78#19.63
-92.9118,40.9444#27.59#52.73#19.68
-92.8538,40.9437#27.59#52.68#19.73
-92.7958,40.943#27.59#52.63#19.78
-92.7377,40.9423#27.59#52.58#19.83
-92.6797,40.9415#27.59#52.53#19.88
-92.6217,40.9408#27.59#52.48#19.93
-92.5637,40.94#27.59#52.43#19.98
-92.5057,40.9392#27.59#52.39#20.02
-92.4477,40.9384#27.59#52.34#20.07
-92.3897,40.9376#27.59#52.29#20.12
-92.3317,40.9367#27.59#52.25#20.16
-92.2736,40.9358#27.6#52.2#20.2
-92.2156,40.9349#27.6#52.16#20.24
-92.1576,40.934#27.6#52.11#20.29
-92.0996,40.9331#27.6#52.07#20.33
-92.0416,40.9322#27.6#52.02#20.38
-91.9836,40.9312#27.61#51.98#20.41
-91.9256,40.9302#27.61#51.93#20.46
-91.8676,40.9292#27.61#51.88#20.51
-91.8096,40.9282#27.62#51.83#20.55
-91.7516,40.9271#27.62#51.78#20.6
-91.6936,40.9261#27.62#51.74#20.64
-91.6356,40.925#27.63#51.69#20.68
-91.5776,40.9239#27.63#51.64#20.73
-91.5196,40.9228#27.63#51.59#20.78
-91.4616,40.9217#27.64#51.55#20.81
-91.4036,40.9205#27.64#51.5#20.86
-91.3456,40.9193#27.65#51.46#20.89
-91.2877,40.9181#27.65#51.41#20.94
-91.2297,40.9169#27.65#51.37#20.98
-91.1717,40.9157#27.66#51.33#21.01
-91.1137,40.9145#27.66#51.28#21.06
-91.0557,40.9132#27.67#51.24#21.09
-90.9977,40.9119#27.67#51.19#21.14
-90.9397,40.9106#27.68#51.15#21.17
-90.8818,40.9093#27.68#51.11#21.21
-90.8238,40.9079#27.69#51.06#21.25
-90.7658,40.9066#27.69#51.02#21.29
-90.7078,40.9052#27.69#50.98#21.33
-90.6499,40.9038#27.7#50.94#21.36
-90.5919,40.9024#27.7#50.89#21.41
-90.5339,40.901#27.71#50.85#21.44
-100.977,40.9008#27.57#60.74#11.69
-100.919,40.9028#27.58#60.68#11.74
-100.861,40.9047#27.58#60.62#11.8
-100.803,40.9066#27.58#60.56#11.86
-100.745,40.9084#27.58#60.5#11.92
-100.687,40.9103#27.58#60.44#11.98
-100.629,40.9121#27.58#60.39#12.03
-100.571,40.9139#27.58#60.33#12.09
-100.513,40.9157#27.58#60.27#12.15
-100.455,40.9175#27.59#60.18#12.23
-100.397,40.9192#27.59#60.09#12.32
-100.339,40.921#27.59#60#12.41
-100.281,40.9227#27.59#59.91#12.5
-100.223,40.9244#27.59#59.83#12.58
-100.165,40.9261#27.6#59.74#12.66
-100.107,40.9277#27.6#59.65#12.75
-100.049,40.9294#27.6#59.56#12.84
-99.9915,40.931#27.6#59.47#12.93
-99.9335,40.9326#27.6#59.39#13.01
-99.8755,40.9342#27.6#59.3#13.1
-99.8175,40.9357#27.61#59.22#13.17
-99.7595,40.9373#27.61#59.13#13.26
-99.7016,40.9388#27.61#59.05#13.34
-99.6436,40.9403#27.61#58.97#13.42
-99.5856,40.9418#27.62#58.88#13.5
-99.5276,40.9433#27.62#58.8#13.58
-99.4696,40.9447#27.62#58.71#13.67
-99.4116,40.9462#27.62#58.62#13.76
-99.3536,40.9476#27.63#58.53#13.84
-99.2956,40.949#27.63#58.44#13.93
-99.2376,40.9504#27.63#58.35#14.02
-99.1796,40.9517#27.63#58.25#14.12
-99.1216,40.9531#27.64#58.16#14.2
-99.0636,40.9544#27.64#58.07#14.29
-99.0056,40.9557#27.64#57.98#14.38
-98.9476,40.957#27.65#57.91#14.44
-98.8896,40.9583#27.65#57.85#14.5
-98.8316,40.9595#27.66#57.78#14.56
-98.7735,40.9607#27.66#57.71#14.63
-98.7155,40.9619#27.67#57.65#14.68
-98.6575,40.9631#27.67#57.58#14.75
-98.5995,40.9643#27.68#57.51#14.81
-98.5415,40.9655#27.68#57.45#14.87
-98.4835,40.9666#27.69#57.38#14.93
-98.4255,40.9677#27.71#57.32#14.97
-98.3674,40.9688#27.73#57.26#15.01
-98.3094,40.9699#27.74#57.2#15.06
-98.2514,40.971#27.76#57.14#15.1
-98.1934,40.972#27.78#57.08#15.14
-98.1353,40.973#27.8#57.02#15.18
-98.0773,40.974#27.82#56.96#15.22
-98.0193,40.975#27.83#56.9#15.27
-97.9613,40.976#27.86#56.84#15.3
-97.9032,40.9769#27.88#56.79#15.33
-97.8452,40.9778#27.91#56.73#15.36
-97.7872,40.9788#27.94#56.67#15.39
-97.7291,40.9796#27.96#56.62#15.42
-97.6711,40.9805#27.99#56.56#15.45
-97.6131,40.9814#28.02#56.51#15.47
-97.555,40.9822#28.04#56.45#15.51
-97.497,40.983#28.07#56.39#15.54
-97.4389,40.9838#28.11#56.35#15.54
-97.3809,40.9846#28.15#56.3#15.55
-97.3229,40.9854#28.19#56.25#15.56
-97.2648,40.9861#28.22#56.2#15.58
-97.2068,40.9868#28.26#56.15#15.59
-97.1487,40.9875#28.3#56.1#15.6
-97.0907,40.9882#28.34#56.06#15.6
-97.0327,40.9889#28.37#56.01#15.62
-96.9746,40.9895#28.41#55.96#15.63
-96.9166,40.9902#28.45#55.91#15.64
-96.8585,40.9908#28.48#55.87#15.65
-96.8005,40.9914#28.52#55.82#15.66
-96.7424,40.9919#28.56#55.78#15.66
-96.6844,40.9925#28.59#55.73#15.68
-96.6263,40.993#28.63#55.68#15.69
-96.5683,40.9935#28.67#55.64#15.69
-96.5102,40.994#28.7#55.59#15.71
-96.4522,40.9945#28.73#55.55#15.72
-96.3941,40.995#28.75#55.5#15.75
-96.3361,40.9954#28.76#55.46#15.78
-96.278,40.9958#28.78#55.41#15.81
-96.22,40.9962#28.8#55.37#15.83
-96.1619,40.9966#28.82#55.32#15.86
-96.1039,40.997#28.84#55.28#15.88
-96.0458,40.9973#28.86#55.23#15.91
-95.9878,40.9977#28.88#55.19#15.93
-95.9297,40.998#28.87#55.14#15.99
-95.8716,40.9983#28.87#55.09#16.04
-95.8136,40.9985#28.86#55.05#16.09
-95.7555,40.9988#28.85#55#16.15
-95.6975,40.999#28.85#54.95#16.2
-95.6394,40.9992#28.84#54.91#16.25
-95.5814,40.9994#28.84#54.86#16.3
-95.5233,40.9996#28.83#54.81#16.36
-95.4653,40.9998#28.81#54.77#16.42
-95.4072,40.9999#28.79#54.72#16.49
-95.3491,41#28.77#54.68#16.55
-95.2911,41.0001#28.74#54.64#16.62
-95.233,41.0002#28.72#54.6#16.68
-95.175,41.0003#28.69#54.55#16.76
-95.1169,41.0003#28.67#54.51#16.82
-95.0589,41.0004#28.64#54.47#16.89
-95.0008,41.0004#28.62#54.42#16.96
-94.9427,41.0004#28.57#54.38#17.05
-94.8847,41.0003#28.53#54.34#17.13
-94.8266,41.0003#28.48#54.3#17.22
-94.7686,41.0002#28.44#54.26#17.3
-94.7105,41.0002#28.4#54.21#17.39
-94.6525,41#28.35#54.17#17.48
-94.5944,40.9999#28.31#54.13#17.56
-94.5363,40.9998#28.26#54.09#17.65
-94.4783,40.9996#28.22#54.05#17.73
-94.4202,40.9994#28.17#54#17.83
-94.3622,40.9993#28.13#53.96#17.91
-94.3041,40.999#28.08#53.92#18
-94.2461,40.9988#28.04#53.87#18.09
-94.188,40.9985#28#53.83#18.17
-94.13,40.9983#27.95#53.78#18.27
-94.0719,40.998#27.91#53.74#18.35
-94.0138,40.9977#27.86#53.7#18.44
-93.9558,40.9973#27.84#53.65#18.51
-93.8977,40.997#27.81#53.61#18.58
-93.8397,40.9966#27.79#53.57#18.64
-93.7816,40.9963#27.77#53.53#18.7
-93.7236,40.9958#27.75#53.49#18.76
-93.6655,40.9954#27.73#53.44#18.83
-93.6075,40.995#27.71#53.4#18.89
-93.5494,40.9945#27.69#53.36#18.95
-93.4914,40.994#27.67#53.32#19.01
-93.4333,40.9936#27.66#53.27#19.07
-93.3753,40.993#27.66#53.22#19.12
-93.3172,40.9925#27.65#53.18#19.17
-93.2592,40.9919#27.64#53.13#19.23
-93.2011,40.9914#27.64#53.08#19.28
-93.1431,40.9908#27.63#53.04#19.33
-93.085,40.9902#27.62#52.99#19.39
-93.027,40.9895#27.62#52.95#19.43
-92.9689,40.9889#27.61#52.9#19.49
-92.9109,40.9882#27.61#52.85#19.54
-92.8529,40.9876#27.61#52.8#19.59
-92.7948,40.9868#27.61#52.75#19.64
-92.7368,40.9861#27.61#52.7#19.69
-92.6787,40.9854#27.61#52.65#19.74
-92.6207,40.9846#27.61#52.6#19.79
-92.5627,40.9838#27.61#52.55#19.84
-92.5046,40.983#27.61#52.5#19.89
-92.4466,40.9822#27.61#52.45#19.94
-92.3885,40.9814#27.61#52.4#19.99
-92.3305,40.9805#27.61#52.36#20.03
-92.2725,40.9797#27.61#52.31#20.08
-92.2144,40.9788#27.62#52.26#20.12
-92.1564,40.9779#27.62#52.22#20.16
-92.0984,40.9769#27.62#52.17#20.21
-92.0404,40.976#27.62#52.12#20.26
-91.9823,40.975#27.62#52.08#20.3
-91.9243,40.974#27.63#52.03#20.34
-91.8663,40.973#27.63#51.98#20.39
-91.8082,40.972#27.63#51.93#20.44
-91.7502,40.971#27.64#51.88#20.48
-91.6922,40.9699#27.64#51.83#20.53
-91.6342,40.9688#27.64#51.79#20.57
-91.5762,40.9677#27.65#51.74#20.61
-91.5181,40.9666#27.65#51.69#20.66
-91.4601,40.9655#27.65#51.64#20.71
-91.4021,40.9643#27.66#51.6#20.74
-91.3441,40.9632#27.66#51.55#20.79
-91.2861,40.962#27.67#51.51#20.82
-91.2281,40.9608#27.67#51.46#20.87
-91.17,40.9595#27.68#51.42#20.9
-91.112,40.9583#27.68#51.37#20.95
-91.054,40.957#27.68#51.33#20.99
-90.996,40.9557#27.69#51.28#21.03
-90.938,40.9544#27.69#51.24#21.07
-90.88,40.9531#27.7#51.2#21.1
-90.822,40.9518#27.7#51.15#21.15
-90.764,40.9504#27.71#51.11#21.18
-90.706,40.949#27.71#51.07#21.22
-90.648,40.9476#27.72#51.02#21.26
-90.59,40.9462#27.72#50.98#21.3
-90.532,40.9448#27.73#50.94#21.33
-90.474,40.9433#27.73#50.89#21.38
-90.416,40.9419#27.74#50.86#21.4
-90.358,40.9404#27.74#50.82#21.44
-90.3,40.9389#27.75#50.78#21.47
-90.2421,40.9373#27.75#50.74#21.51
-90.1841,40.9358#27.76#50.7#21.54
-90.1261,40.9342#27.76#50.66#21.58
-90.0681,40.9326#27.77#50.62#21.61
-90.0101,40.931#27.77#50.59#21.64
-89.9522,40.9294#27.78#50.55#21.67
-89.8942,40.9278#27.78#50.52#21.7
-89.8362,40.9261#27.79#50.48#21.73
-89.7782,40.9244#27.8#50.45#21.75
-89.7203,40.9227#27.8#50.41#21.79
-89.6623,40.921#27.81#50.38#21.81
-89.6043,40.9193#27.81#50.34#21.85
-89.5464,40.9175#27.82#50.31#21.87
-89.4884,40.9158#27.82#50.27#21.91
-89.4304,40.914#27.83#50.21#21.96
-89.3725,40.9122#27.84#50.16#22
-89.3145,40.9103#27.84#50.11#22.05
-89.2566,40.9085#27.85#50.06#22.09
-89.1986,40.9066#27.86#50#22.14
-89.1407,40.9047#27.86#49.95#22.19
-89.0827,40.9028#27.87#49.9#22.23
-89.0248,40.9009#27.87#49.84#22.29
-102.138,40.9023#27.58#62.12#10.3
-102.08,40.9046#27.58#62.06#10.36
-102.022,40.9068#27.58#62#10.42
-101.965,40.9091#27.58#61.94#10.48
-101.907,40.9113#27.58#61.87#10.55
-101.849,40.9136#27.58#61.81#10.61
-101.791,40.9158#27.58#61.74#10.68
-101.733,40.918#27.58#61.67#10.75
-101.675,40.9201#27.58#61.61#10.81
-101.617,40.9223#27.58#61.54#10.88
-101.559,40.9244#27.58#61.47#10.95
-101.501,40.9265#27.58#61.41#11.01
-101.443,40.9286#27.58#61.34#11.08
-101.385,40.9307#27.58#61.28#11.14
-101.327,40.9327#27.58#61.22#11.2
-101.269,40.9348#27.58#61.16#11.26
-101.211,40.9368#27.58#61.1#11.32
-101.153,40.9388#27.58#61.04#11.38
-101.095,40.9408#27.58#60.97#11.45
-101.037,40.9427#27.59#60.91#11.5
-100.979,40.9447#27.59#60.85#11.56
-100.921,40.9466#27.59#60.79#11.62
-100.863,40.9485#27.59#60.73#11.68
-100.805,40.9504#27.59#60.68#11.73
-100.747,40.9522#27.59#60.62#11.79
-100.69,40.9541#27.59#60.56#11.85
-100.632,40.9559#27.6#60.5#11.9
-100.574,40.9577#27.6#60.44#11.96
-100.516,40.9595#27.6#60.38#12.02
-100.458,40.9613#27.6#60.31#12.09
-100.4,40.963#27.6#60.22#12.18
-100.342,40.9648#27.6#60.13#12.27
-100.284,40.9665#27.6#60.05#12.35
-100.226,40.9682#27.61#59.96#12.43
-100.168,40.9699#27.61#59.88#12.51
-100.11,40.9715#27.61#59.79#12.6
-100.052,40.9732#27.61#59.71#12.68
-99.9936,40.9748#27.61#59.63#12.76
-99.9356,40.9764#27.62#59.54#12.84
-99.8776,40.978#27.62#59.46#12.92
-99.8196,40.9796#27.62#59.38#13
-99.7616,40.9811#27.62#59.3#13.08
-99.7036,40.9826#27.62#59.22#13.16
-99.6456,40.9841#27.63#59.14#13.23
-99.5875,40.9856#27.63#59.06#13.31
-99.5295,40.9871#27.63#58.98#13.39
-99.4715,40.9886#27.63#58.9#13.47
-99.4135,40.99#27.64#58.81#13.55
-99.3555,40.9914#27.64#58.72#13.64
-99.2974,40.9928#27.64#58.63#13.73
-99.2394,40.9942#27.64#58.54#13.82
-99.1814,40.9956#27.65#58.45#13.9
-99.1234,40.9969#27.65#58.36#13.99
-99.0653,40.9982#27.65#58.27#14.08
-99.0073,40.9995#27.66#58.17#14.17
-98.9493,41.0008#27.66#58.1#14.24
-98.8912,41.0021#27.66#58.04#14.3
-98.8332,41.0033#27.67#57.97#14.36
-98.7752,41.0046#27.67#57.9#14.43
-98.7171,41.0058#27.68#57.84#14.48
-98.6591,41.007#27.68#57.77#14.55
-98.601,41.0081#27.69#57.7#14.61
-98.543,41.0093#27.69#57.63#14.68
-98.485,41.0104#27.7#57.57#14.73
-98.4269,41.0115#27.72#57.51#14.77
-98.3689,41.0126#27.73#57.45#14.82
-98.3108,41.0137#27.75#57.39#14.86
-98.2528,41.0148#27.77#57.33#14.9
-98.1947,41.0158#27.78#57.27#14.95
-98.1367,41.0168#27.8#57.2#15
-98.0786,41.0178#27.82#57.14#15.04
-98.0206,41.0188#27.83#57.08#15.09
-97.9625,41.0198#27.85#57.03#15.12
-97.9045,41.0207#27.88#56.97#15.15
-97.8464,41.0217#27.91#56.91#15.18
-97.7884,41.0226#27.93#56.86#15.21
-97.7303,41.0235#27.96#56.8#15.24
-97.6722,41.0243#27.99#56.74#15.27
-97.6142,41.0252#28.01#56.69#15.3
-97.5561,41.026#28.04#56.63#15.33
-97.4981,41.0269#28.06#56.57#15.37
-97.44,41.0276#28.1#56.53#15.37
-97.3819,41.0284#28.14#56.48#15.38
-97.3239,41.0292#28.17#56.43#15.4
-97.2658,41.0299#28.21#56.38#15.41
-97.2077,41.0307#28.25#56.33#15.42
-97.1497,41.0314#28.28#56.28#15.44
-97.0916,41.032#28.32#56.23#15.45
-97.0335,41.0327#28.36#56.18#15.46
-96.9755,41.0334#28.39#56.14#15.47
-96.9174,41.034#28.43#56.09#15.48
-96.8593,41.0346#28.47#56.04#15.49
-96.8012,41.0352#28.51#56#15.49
-96.7432,41.0358#28.54#55.95#15.51
-96.6851,41.0363#28.58#55.9#15.52
-96.627,41.0368#28.62#55.86#15.52
-96.569,41.0374#28.66#55.81#15.53
-96.5109,41.0379#28.69#55.76#15.55
-96.4528,41.0383#28.72#55.72#15.56
-96.3947,41.0388#28.74#55.67#15.59
-96.3366,41.0392#28.76#55.63#15.61
-96.2786,41.0397#28.78#55.58#15.64
-96.2205,41.0401#28.8#55.54#15.66
-96.1624,41.0405#28.82#55.49#15.69
-96.1043,41.0408#28.85#55.44#15.71
-96.0463,41.0412#28.87#55.4#15.73
-95.9882,41.0415#28.88#55.35#15.77
-95.9301,41.0418#28.88#55.3#15.82
-95.872,41.0421#28.88#55.26#15.86
-95.8139,41.0424#28.87#55.21#15.92
-95.7559,41.0426#28.87#55.16#15.97
-95.6978,41.0429#28.87#55.11#16.02
-95.6397,41.0431#28.87#55.07#16.06
-95.5816,41.0433#28.86#55.02#16.12
-95.5235,41.0434#28.86#54.97#16.17
-95.4655,41.0436#28.85#54.93#16.22
-95.4074,41.0437#28.82#54.88#16.3
-95.3493,41.0439#28.8#54.84#16.36
-95.2912,41.044#28.77#54.8#16.43
-95.2331,41.0441#28.75#54.75#16.5
-95.175,41.0441#28.73#54.71#16.56
-95.117,41.0442#28.7#54.66#16.64
-95.0589,41.0442#28.68#54.62#16.7
-95.0008,41.0442#28.65#54.58#16.77
-94.9427,41.0442#28.61#54.53#16.86
-94.8846,41.0442#28.57#54.49#16.94
-94.8266,41.0441#28.53#54.45#17.02
-94.7685,41.0441#28.49#54.41#17.1
-94.7104,41.044#28.45#54.36#17.19
-94.6523,41.0439#28.4#54.32#17.28
-94.5942,41.0438#28.36#54.28#17.36
-94.5361,41.0436#28.32#54.24#17.44
-94.4781,41.0435#28.28#54.19#17.53
-94.42,41.0433#28.23#54.15#17.62
-94.3619,41.0431#28.18#54.1#17.72
-94.3038,41.0429#28.14#54.06#17.8
-94.2457,41.0426#28.09#54.01#17.9
-94.1877,41.0424#28.04#53.97#17.99
-94.1296,41.0421#28#53.92#18.08
-94.0715,41.0418#27.95#53.88#18.17
-94.0134,41.0415#27.91#53.84#18.25
-93.9553,41.0412#27.88#53.79#18.33
-93.8973,41.0408#27.85#53.75#18.4
-93.8392,41.0405#27.83#53.71#18.46
-93.7811,41.0401#27.81#53.66#18.53
-93.723,41.0397#27.78#53.62#18.6
-93.665,41.0393#27.76#53.58#18.66
-93.6069,41.0388#27.74#53.53#18.73
-93.5488,41.0384#27.72#53.49#18.79
-93.4907,41.0379#27.7#53.45#18.85
-93.4327,41.0374#27.69#53.4#18.91
-93.3746,41.0369#27.68#53.35#18.97
-93.3165,41.0363#27.67#53.31#19.02
-93.2584,41.0358#27.67#53.26#19.07
-93.2004,41.0352#27.66#53.21#19.13
-93.1423,41.0346#27.65#53.16#19.19
-93.0842,41.034#27.65#53.12#19.23
-93.0261,41.0334#27.64#53.07#19.29
-92.9681,41.0327#27.63#53.02#19.35
-92.91,41.0321#27.63#52.97#19.4
-92.8519,41.0314#27.63#52.92#19.45
-92.7939,41.0307#27.63#52.87#19.5
-92.7358,41.0299#27.63#52.82#19.55
-92.6777,41.0292#27.63#52.77#19.6
-92.6197,41.0284#27.63#52.71#19.66
-92.5616,41.0277#27.62#52.66#19.72
-92.5036,41.0269#27.62#52.61#19.77
-92.4455,41.0261#27.62#52.56#19.82
-92.3874,41.0252#27.63#52.52#19.85
-92.3294,41.0244#27.63#52.47#19.9
-92.2713,41.0235#27.63#52.42#19.95
-92.2133,41.0226#27.63#52.37#20
-92.1552,41.0217#27.63#52.32#20.05
-92.0971,41.0208#27.64#52.27#20.09
-92.0391,41.0198#27.64#52.23#20.13
-91.981,41.0189#27.64#52.18#20.18
-91.923,41.0179#27.64#52.13#20.23
-91.8649,41.0169#27.65#52.08#20.27
-91.8069,41.0158#27.65#52.03#20.32
-91.7488,41.0148#27.65#51.98#20.37
-91.6908,41.0137#27.66#51.93#20.41
-91.6327,41.0127#27.66#51.88#20.46
-91.5747,41.0116#27.66#51.83#20.51
-91.5166,41.0104#27.67#51.78#20.55
-91.4586,41.0093#27.67#51.74#20.59
-91.4006,41.0082#27.68#51.69#20.63
-91.3425,41.007#27.68#51.65#20.67
-91.2845,41.0058#27.68#51.6#20.72
-91.2264,41.0046#27.69#51.55#20.76
-91.1684,41.0034#27.69#51.51#20.8
-91.1104,41.0021#27.7#51.46#20.84
-91.0523,41.0008#27.7#51.42#20.88
-90.9943,40.9996#27.71#51.37#20.92
-90.9363,40.9983#27.71#51.33#20.96
-90.8782,40.9969#27.71#51.28#21.01
-90.8202,40.9956#27.72#51.24#21.04
-90.7622,40.9942#27.72#51.2#21.08
-90.7042,40.9929#27.73#51.15#21.12
-90.6461,40.9915#27.73#51.11#21.16
-90.5881,40.99#27.74#51.07#21.19
-90.5301,40.9886#27.74#51.02#21.24
-90.4721,40.9871#27.75#50.98#21.27
-90.4141,40.9857#27.75#50.94#21.31
-90.356,40.9842#27.76#50.9#21.34
-90.298,40.9827#27.76#50.86#21.38
-90.24,40.9811#27.77#50.82#21.41
-90.182,40.9796#27.77#50.78#21.45
-90.124,40.978#27.78#50.75#21.47
-90.066,40.9764#27.79#50.71#21.5
-90.008,40.9748#27.79#50.67#21.54
-89.95,40.9732#27.8#50.63#21.57
-89.892,40.9716#27.8#50.6#21.6
-89.834,40.9699#27.81#50.56#21.63
-89.776,40.9682#27.81#50.53#21.66
-89.718,40.9665#27.82#50.49#21.69
-89.66,40.9648#27.83#50.46#21.71
-89.602,40.9631#27.83#50.42#21.75
-89.544,40.9613#27.84#50.39#21.77
-89.486,40.9596#27.84#50.35#21.81
-89.4281,40.9578#27.85#50.3#21.85
-89.3701,40.956#27.86#50.25#21.89
-89.3121,40.9541#27.86#50.19#21.95
-89.2541,40.9523#27.87#50.14#21.99
-89.1961,40.9504#27.87#50.09#22.04
-89.1382,40.9485#27.88#50.04#22.08
-89.0802,40.9466#27.89#49.99#22.12
-89.0222,40.9447#27.89#49.94#22.17
-88.9643,40.9428#27.9#49.88#22.22
-88.9063,40.9408#27.91#49.83#22.26
-88.8483,40.9388#27.91#49.77#22.32
-88.7904,40.9368#27.92#49.72#22.36
-88.7324,40.9348#27.93#49.66#22.41
-88.6744,40.9328#27.94#49.6#22.46
-88.6165,40.9307#27.94#49.54#22.52
-88.5585,40.9287#27.95#49.49#22.56
-88.5006,40.9266#27.96#49.43#22.61
-88.4426,40.9245#27.97#49.36#22.67
-88.3847,40.9223#27.97#49.29#22.74
-88.3268,40.9202#27.98#49.22#22.8
-88.2688,40.918#27.99#49.15#22.86
-88.2109,40.9158#28#49.08#22.92
-88.1529,40.9136#28#49.01#22.99
-88.095,40.9114#28.01#48.94#23.05
-88.0371,40.9092#28.02#48.86#23.12
-87.9791,40.9069#28.03#48.79#23.18
-87.9212,40.9046#28.03#48.7#23.27
-87.8633,40.9023#28.04#48.61#23.35
-87.8054,40.9#28.05#48.52#23.43
-103.184,40.9015#27.71#63.28#9.00999999999999
-103.126,40.9041#27.69#63.23#9.08
-103.068,40.9067#27.68#63.17#9.15000000000001
-103.01,40.9093#27.66#63.12#9.22
-102.952,40.9119#27.65#63.06#9.28999999999999
-102.894,40.9145#27.65#63#9.34999999999999
-102.837,40.917#27.64#62.94#9.42
-102.779,40.9195#27.64#62.88#9.47999999999999
-102.721,40.922#27.63#62.82#9.55
-102.663,40.9245#27.62#62.76#9.62
-102.605,40.927#27.62#62.7#9.67999999999999
-102.547,40.9294#27.61#62.64#9.75
-102.489,40.9319#27.61#62.58#9.81
-102.431,40.9343#27.61#62.53#9.86
-102.373,40.9367#27.6#62.47#9.93000000000001
-102.315,40.939#27.6#62.41#9.99000000000001
-102.257,40.9414#27.6#62.35#10.05
-102.199,40.9437#27.6#62.29#10.11
-102.141,40.946#27.6#62.24#10.16
-102.083,40.9483#27.59#62.18#10.23
-102.025,40.9506#27.59#62.12#10.29
-101.968,40.9529#27.59#62.06#10.35
-101.91,40.9551#27.59#61.99#10.42
-101.852,40.9574#27.59#61.92#10.49
-101.794,40.9596#27.59#61.85#10.56
-101.736,40.9617#27.59#61.79#10.62
-101.678,40.9639#27.59#61.72#10.69
-101.62,40.9661#27.59#61.65#10.76
-101.562,40.9682#27.59#61.59#10.82
-101.504,40.9703#27.59#61.52#10.89
-101.446,40.9724#27.59#61.46#10.95
-101.388,40.9745#27.59#61.39#11.02
-101.33,40.9765#27.59#61.33#11.08
-101.272,40.9786#27.59#61.27#11.14
-101.214,40.9806#27.6#61.21#11.19
-101.156,40.9826#27.6#61.15#11.25
-101.098,40.9846#27.6#61.08#11.32
-101.04,40.9865#27.6#61.02#11.38
-100.982,40.9885#27.6#60.96#11.44
-100.924,40.9904#27.6#60.9#11.5
-100.866,40.9923#27.6#60.85#11.55
-100.808,40.9942#27.6#60.79#11.61
-100.75,40.996#27.61#60.73#11.66
-100.692,40.9979#27.61#60.67#11.72
-100.634,40.9997#27.61#60.61#11.78
-100.576,41.0015#27.61#60.56#11.83
-100.518,41.0033#27.61#60.5#11.89
-100.46,41.0051#27.61#60.43#11.96
-100.402,41.0068#27.61#60.34#12.05
-100.344,41.0086#27.62#60.26#12.12
-100.286,41.0103#27.62#60.18#12.2
-100.228,41.012#27.62#60.1#12.28
-100.17,41.0137#27.62#60.02#12.36
-100.112,41.0153#27.62#59.94#12.44
-100.054,41.017#27.63#59.86#12.51
-99.9957,41.0186#27.63#59.78#12.59
-99.9377,41.0202#27.63#59.7#12.67
-99.8797,41.0218#27.63#59.63#12.74
-99.8217,41.0234#27.63#59.55#12.82
-99.7636,41.0249#27.64#59.47#12.89
-99.7056,41.0264#27.64#59.4#12.96
-99.6475,41.0279#27.64#59.32#13.04
-99.5895,41.0294#27.64#59.25#13.11
-99.5315,41.0309#27.65#59.17#13.18
-99.4734,41.0324#27.65#59.09#13.26
-99.4154,41.0338#27.65#59#13.35
-99.3573,41.0352#27.65#58.91#13.44
-99.2993,41.0366#27.66#58.82#13.52
-99.2412,41.038#27.66#58.73#13.61
-99.1832,41.0394#27.66#58.64#13.7
-99.1251,41.0407#27.66#58.55#13.79
-99.0671,41.042#27.67#58.46#13.87
-99.009,41.0433#27.67#58.37#13.96
-98.951,41.0446#27.67#58.3#14.03
-98.8929,41.0459#27.68#58.23#14.09
-98.8348,41.0471#27.68#58.16#14.16
-98.7768,41.0484#27.69#58.09#14.22
-98.7187,41.0496#27.69#58.03#14.28
-98.6607,41.0508#27.7#57.96#14.34
-98.6026,41.0519#27.7#57.89#14.41
-98.5445,41.0531#27.71#57.82#14.47
-98.4865,41.0542#27.71#57.75#14.54
-98.4284,41.0553#27.73#57.69#14.58
-98.3703,41.0564#27.74#57.63#14.63
-98.3122,41.0575#27.76#57.57#14.67
-98.2542,41.0586#27.77#57.51#14.72
-98.1961,41.0596#27.79#57.45#14.76
-98.138,41.0606#27.8#57.39#14.81
-98.0799,41.0617#27.82#57.33#14.85
-98.0219,41.0626#27.83#57.27#14.9
-97.9638,41.0636#27.85#57.21#14.94
-97.9057,41.0646#27.88#57.15#14.97
-97.8476,41.0655#27.9#57.1#15
-97.7895,41.0664#27.93#57.04#15.03
-97.7315,41.0673#27.95#56.98#15.07
-97.6734,41.0682#27.98#56.93#15.09
-97.6153,41.069#28.01#56.87#15.12
-97.5572,41.0698#28.03#56.81#15.16
-97.4991,41.0707#28.06#56.75#15.19
-97.441,41.0715#28.09#56.71#15.2
-97.3829,41.0722#28.13#56.66#15.21
-97.3249,41.073#28.16#56.61#15.23
-97.2668,41.0737#28.2#56.56#15.24
-97.2087,41.0745#28.23#56.51#15.26
-97.1506,41.0752#28.27#56.46#15.27
-97.0925,41.0759#28.3#56.41#15.29
-97.0344,41.0765#28.34#56.36#15.3
-96.9763,41.0772#28.37#56.31#15.32
-96.9182,41.0778#28.41#56.27#15.32
-96.8601,41.0784#28.45#56.22#15.33
-96.802,41.079#28.49#56.17#15.34
-96.7439,41.0796#28.53#56.12#15.35
-96.6858,41.0801#28.57#56.08#15.35
-96.6277,41.0807#28.61#56.03#15.36
-96.5696,41.0812#28.65#55.98#15.37
-96.5115,41.0817#28.69#55.93#15.38
-96.4534,41.0822#28.71#55.89#15.4
-96.3953,41.0826#28.73#55.84#15.43
-96.3372,41.0831#28.76#55.8#15.44
-96.2791,41.0835#28.78#55.75#15.47
-96.221,41.0839#28.8#55.7#15.5
-96.1629,41.0843#28.83#55.66#15.51
-96.1048,41.0846#28.85#55.61#15.54
-96.0467,41.085#28.87#55.56#15.57
-95.9886,41.0853#28.89#55.52#15.59
-95.9305,41.0856#28.89#55.47#15.64
-95.8724,41.0859#28.89#55.42#15.69
-95.8143,41.0862#28.89#55.37#15.74
-95.7562,41.0864#28.89#55.32#15.79
-95.6981,41.0867#28.89#55.28#15.83
-95.64,41.0869#28.89#55.23#15.88
-95.5819,41.0871#28.89#55.18#15.93
-95.5238,41.0873#28.89#55.13#15.98
-95.4657,41.0874#28.88#55.08#16.04
-95.4076,41.0876#28.85#55.04#16.11
-95.3494,41.0877#28.83#55#16.17
-95.2913,41.0878#28.81#54.95#16.24
-95.2332,41.0879#28.78#54.91#16.31
-95.1751,41.0879#28.76#54.86#16.38
-95.117,41.088#28.74#54.82#16.44
-95.0589,41.088#28.72#54.78#16.5
-95.0008,41.088#28.69#54.73#16.58
-94.9427,41.088#28.65#54.69#16.66
-94.8846,41.088#28.61#54.64#16.75
-94.8265,41.0879#28.57#54.6#16.83
-94.7684,41.0879#28.54#54.56#16.9
-94.7103,41.0878#28.5#54.51#16.99
-94.6522,41.0877#28.46#54.47#17.07
-94.5941,41.0876#28.42#54.43#17.15
-94.5359,41.0874#28.38#54.38#17.24
-94.4778,41.0873#28.33#54.34#17.33
-94.4197,41.0871#28.29#54.29#17.42
-94.3616,41.0869#28.24#54.25#17.51
-94.3035,41.0867#28.19#54.2#17.61
-94.2454,41.0864#28.14#54.16#17.7
-94.1873,41.0862#28.09#54.11#17.8
-94.1292,41.0859#28.04#54.07#17.89
-94.0711,41.0856#28#54.02#17.98
-94.013,41.0853#27.95#53.97#18.08
-93.9549,41.085#27.92#53.93#18.15
-93.8968,41.0846#27.89#53.89#18.22
-93.8387,41.0843#27.87#53.84#18.29
-93.7806,41.0839#27.84#53.8#18.36
-93.7225,41.0835#27.82#53.76#18.42
-93.6644,41.0831#27.79#53.71#18.5
-93.6063,41.0826#27.77#53.67#18.56
-93.5482,41.0822#27.74#53.62#18.64
-93.4901,41.0817#27.72#53.58#18.7
-93.432,41.0812#27.71#53.53#18.76
-93.3739,41.0807#27.7#53.48#18.82
-93.3158,41.0801#27.7#53.44#18.86
-93.2577,41.0796#27.69#53.39#18.92
-93.1996,41.079#27.68#53.34#18.98
-93.1415,41.0784#27.67#53.29#19.04
-93.0834,41.0778#27.67#53.24#19.09
-93.0253,41.0772#27.66#53.19#19.15
-92.9672,41.0765#27.65#53.14#19.21
-92.9091,41.0759#27.65#53.09#19.26
-92.851,41.0752#27.65#53.04#19.31
-92.7929,41.0745#27.65#52.99#19.36
-92.7348,41.0738#27.65#52.93#19.42
-92.6767,41.073#27.65#52.88#19.47
-92.6187,41.0723#27.64#52.83#19.53
-92.5606,41.0715#27.64#52.78#19.58
-92.5025,41.0707#27.64#52.73#19.63
-92.4444,41.0699#27.64#52.68#19.68
-92.3863,41.069#27.64#52.63#19.73
-92.3282,41.0682#27.65#52.58#19.77
-92.2701,41.0673#27.65#52.53#19.82
-92.2121,41.0664#27.65#52.48#19.87
-92.154,41.0655#27.65#52.43#19.92
-92.0959,41.0646#27.65#52.38#19.97
-92.0378,41.0636#27.65#52.33#20.02
-91.9797,41.0627#27.66#52.28#20.06
-91.9217,41.0617#27.66#52.23#20.11
-91.8636,41.0607#27.66#52.18#20.16
-91.8055,41.0597#27.67#52.13#20.2
-91.7474,41.0586#27.67#52.08#20.25
-91.6894,41.0576#27.67#52.03#20.3
-91.6313,41.0565#27.68#51.98#20.34
-91.5732,41.0554#27.68#51.93#20.39
-91.5151,41.0543#27.68#51.88#20.44
-91.4571,41.0531#27.69#51.83#20.48
-91.399,41.052#27.69#51.79#20.52
-91.3409,41.0508#27.7#51.74#20.56
-91.2829,41.0496#27.7#51.69#20.61
-91.2248,41.0484#27.71#51.65#20.64
-91.1668,41.0472#27.71#51.6#20.69
-91.1087,41.0459#27.71#51.55#20.74
-91.0506,41.0447#27.72#51.51#20.77
-90.9926,41.0434#27.72#51.46#20.82
-90.9345,41.0421#27.73#51.42#20.85
-90.8765,41.0407#27.73#51.37#20.9
-90.8184,41.0394#27.74#51.33#20.93
-90.7604,41.038#27.74#51.29#20.97
-90.7023,41.0367#27.75#51.24#21.01
-90.6443,41.0353#27.75#51.2#21.05
-90.5862,41.0338#27.76#51.15#21.09
-90.5282,41.0324#27.76#51.11#21.13
-90.4701,41.031#27.77#51.07#21.16
-90.4121,41.0295#27.77#51.03#21.2
-90.3541,41.028#27.78#50.99#21.23
-90.296,41.0265#27.78#50.95#21.27
-90.238,41.025#27.79#50.91#21.3
-90.1799,41.0234#27.79#50.87#21.34
-90.1219,41.0218#27.8#50.83#21.37
-90.0639,41.0203#27.8#50.79#21.41
-90.0059,41.0186#27.81#50.75#21.44
-89.9478,41.017#27.81#50.71#21.48
-89.8898,41.0154#27.82#50.68#21.5
-89.8318,41.0137#27.83#50.64#21.53
-89.7738,41.012#27.83#50.61#21.56
-89.7157,41.0103#27.84#50.57#21.59
-89.6577,41.0086#27.84#50.54#21.62
-89.5997,41.0069#27.85#50.5#21.65
-89.5417,41.0051#27.86#50.47#21.67
-89.4837,41.0034#27.86#50.43#21.71
-89.4257,41.0016#27.87#50.38#21.75
-89.3677,40.9998#27.87#50.33#21.8
-89.3097,40.9979#27.88#50.28#21.84
-89.2517,40.9961#27.89#50.23#21.88
-89.1937,40.9942#27.89#50.18#21.93
-89.1357,40.9923#27.9#50.13#21.97
-89.0777,40.9904#27.91#50.08#22.01
-89.0197,40.9885#27.91#50.03#22.06
-88.9617,40.9866#27.92#49.98#22.1
-88.9037,40.9846#27.93#49.93#22.14
-88.8457,40.9826#27.93#49.87#22.2
-88.7877,40.9806#27.94#49.82#22.24
-88.7297,40.9786#27.95#49.77#22.28
-88.6717,40.9766#27.96#49.71#22.33
-88.6138,40.9745#27.96#49.66#22.38
-88.5558,40.9724#27.97#49.6#22.43
-88.4978,40.9704#27.98#49.55#22.47
-88.4398,40.9682#27.98#49.48#22.54
-88.3819,40.9661#27.99#49.42#22.59
-88.3239,40.964#28#49.35#22.65
-88.2659,40.9618#28.01#49.28#22.71
-88.208,40.9596#28.02#49.22#22.76
-88.15,40.9574#28.02#49.15#22.83
-88.092,40.9552#28.03#49.08#22.89
-88.0341,40.9529#28.04#49.01#22.95
-87.9761,40.9507#28.05#48.93#23.02
-87.9182,40.9484#28.05#48.85#23.1
-87.8602,40.9461#28.06#48.76#23.18
-87.8023,40.9438#28.07#48.67#23.26
-87.7444,40.9415#28.08#48.59#23.33
-87.6864,40.9391#28.09#48.5#23.41
-87.6285,40.9367#28.09#48.41#23.5
-87.5705,40.9343#28.1#48.32#23.58
-87.5126,40.9319#28.11#48.23#23.66
-87.4547,40.9295#28.12#48.13#23.75
-87.3968,40.9271#28.13#48.01#23.86
-87.3388,40.9246#28.14#47.9#23.96
-87.2809,40.9221#28.14#47.78#24.08
-87.223,40.9196#28.15#47.66#24.19
-87.1651,40.9171#28.16#47.55#24.29
-87.1072,40.9145#28.17#47.43#24.4
-87.0493,40.912#28.18#47.32#24.5
-86.9914,40.9094#28.19#47.2#24.61
-86.9335,40.9068#28.2#47.07#24.73
-86.8756,40.9042#28.2#46.93#24.87
-86.8177,40.9015#28.21#46.8#24.99
-104.114,40.9005#28.41#64.16#7.43000000000001
-104.056,40.9035#28.29#64.12#7.59
-103.998,40.9064#28.18#64.07#7.75
-103.94,40.9093#28.14#64.03#7.83
-103.882,40.9122#28.09#63.99#7.92
-103.824,40.915#28.05#63.94#8.01000000000001
-103.766,40.9179#28.01#63.9#8.09
-103.709,40.9207#27.97#63.86#8.17
-103.651,40.9235#27.92#63.81#8.27
-103.593,40.9263#27.88#63.77#8.34999999999999
-103.535,40.929#27.84#63.72#8.44
-103.477,40.9318#27.8#63.68#8.52
-103.419,40.9345#27.79#63.62#8.59
-103.361,40.9372#27.77#63.57#8.66
-103.303,40.9399#27.75#63.52#8.72999999999999
-103.245,40.9426#27.74#63.46#8.8
-103.187,40.9452#27.72#63.41#8.87
-103.13,40.9479#27.71#63.36#8.93000000000001
-103.072,40.9505#27.69#63.3#9.01000000000001
-103.014,40.9531#27.67#63.25#9.08
-102.956,40.9557#27.66#63.19#9.15000000000001
-102.898,40.9582#27.66#63.13#9.20999999999999
-102.84,40.9608#27.65#63.07#9.28
-102.782,40.9633#27.65#63.01#9.34
-102.724,40.9658#27.64#62.95#9.41
-102.666,40.9683#27.64#62.89#9.47
-102.608,40.9708#27.63#62.83#9.54000000000001
-102.55,40.9732#27.62#62.77#9.61
-102.492,40.9756#27.62#62.71#9.67
-102.434,40.9781#27.62#62.65#9.73
-102.376,40.9804#27.62#62.59#9.78999999999999
-102.318,40.9828#27.61#62.53#9.86
-102.26,40.9852#27.61#62.47#9.92
-102.202,40.9875#27.61#62.41#9.98
-102.144,40.9898#27.61#62.35#10.04
-102.086,40.9921#27.61#62.29#10.1
-102.028,40.9944#27.6#62.23#10.17
-101.97,40.9967#27.6#62.17#10.23
-101.913,40.9989#27.6#62.1#10.3
-101.855,41.0011#27.6#62.04#10.36
-101.797,41.0033#27.6#61.97#10.43
-101.739,41.0055#27.6#61.9#10.5
-101.681,41.0077#27.6#61.83#10.57
-101.623,41.0098#27.6#61.77#10.63
-101.565,41.012#27.6#61.7#10.7
-101.507,41.0141#27.6#61.63#10.77
-101.449,41.0162#27.6#61.57#10.83
-101.391,41.0182#27.61#61.51#10.88
-101.333,41.0203#27.61#61.44#10.95
-101.275,41.0223#27.61#61.38#11.01
-101.217,41.0244#27.61#61.32#11.07
-101.159,41.0264#27.61#61.26#11.13
-101.101,41.0283#27.61#61.19#11.2
-101.043,41.0303#27.61#61.13#11.26
-100.985,41.0322#27.61#61.07#11.32
-100.926,41.0342#27.61#61.01#11.38
-100.868,41.0361#27.62#60.96#11.42
-100.81,41.038#27.62#60.9#11.48
-100.752,41.0398#27.62#60.84#11.54
-100.694,41.0417#27.62#60.79#11.59
-100.636,41.0435#27.62#60.73#11.65
-100.578,41.0453#27.62#60.67#11.71
-100.52,41.0471#27.62#60.62#11.76
-100.462,41.0489#27.63#60.54#11.83
-100.404,41.0506#27.63#60.47#11.9
-100.346,41.0524#27.63#60.39#11.98
-100.288,41.0541#27.63#60.31#12.06
-100.23,41.0558#27.63#60.24#12.13
-100.172,41.0575#27.64#60.16#12.2
-100.114,41.0591#27.64#60.09#12.27
-100.056,41.0608#27.64#60.01#12.35
-99.9979,41.0624#27.64#59.93#12.43
-99.9398,41.064#27.64#59.86#12.5
-99.8818,41.0656#27.65#59.79#12.56
-99.8237,41.0672#27.65#59.72#12.63
-99.7657,41.0687#27.65#59.64#12.71
-99.7076,41.0702#27.65#59.57#12.78
-99.6495,41.0717#27.65#59.5#12.85
-99.5915,41.0732#27.66#59.43#12.91
-99.5334,41.0747#27.66#59.35#12.99
-99.4753,41.0762#27.66#59.28#13.06
-99.4173,41.0776#27.66#59.19#13.15
-99.3592,41.079#27.67#59.1#13.23
-99.3011,41.0804#27.67#59.01#13.32
-99.2431,41.0818#27.67#58.92#13.41
-99.185,41.0832#27.68#58.83#13.49
-99.1269,41.0845#27.68#58.74#13.58
-99.0688,41.0858#27.68#58.65#13.67
-99.0107,41.0871#27.68#58.56#13.76
-98.9527,41.0884#27.69#58.49#13.82
-98.8946,41.0897#27.69#58.42#13.89
-98.8365,41.0909#27.7#58.35#13.95
-98.7784,41.0922#27.7#58.29#14.01
-98.7203,41.0934#27.7#58.22#14.08
-98.6622,41.0946#27.71#58.15#14.14
-98.6041,41.0957#27.71#58.08#14.21
-98.546,41.0969#27.72#58.01#14.27
-98.488,41.098#27.72#57.94#14.34
-98.4299,41.0991#27.74#57.88#14.38
-98.3718,41.1002#27.75#57.82#14.43
-98.3137,41.1013#27.76#57.76#14.48
-98.2556,41.1024#27.78#57.7#14.52
-98.1975,41.1034#27.79#57.63#14.58
-98.1394,41.1044#27.8#57.57#14.63
-98.0813,41.1055#27.82#57.51#14.67
-98.0232,41.1064#27.83#57.45#14.72
-97.9651,41.1074#27.85#57.39#14.76
-97.907,41.1084#27.87#57.33#14.8
-97.8489,41.1093#27.9#57.28#14.82
-97.7907,41.1102#27.92#57.22#14.86
-97.7326,41.1111#27.95#57.16#14.89
-97.6745,41.112#27.98#57.11#14.91
-97.6164,41.1128#28#57.05#14.95
-97.5583,41.1137#28.03#56.99#14.98
-97.5002,41.1145#28.05#56.93#15.02
-97.4421,41.1153#28.08#56.89#15.03
-97.384,41.116#28.12#56.84#15.04
-97.3259,41.1168#28.15#56.79#15.06
-97.2677,41.1175#28.18#56.74#15.08
-97.2096,41.1183#28.22#56.69#15.09
-97.1515,41.119#28.25#56.64#15.11
-97.0934,41.1197#28.28#56.59#15.13
-97.0353,41.1203#28.32#56.54#15.14
-96.9772,41.121#28.35#56.49#15.16
-96.919,41.1216#28.39#56.44#15.17
-96.8609,41.1222#28.43#56.39#15.18
-96.8028,41.1228#28.47#56.35#15.18
-96.7447,41.1234#28.51#56.3#15.19
-96.6865,41.1239#28.55#56.25#15.2
-96.6284,41.1245#28.6#56.2#15.2
-96.5703,41.125#28.64#56.15#15.21
-96.5122,41.1255#28.68#56.1#15.22
-96.454,41.126#28.7#56.06#15.24
-96.3959,41.1264#28.73#56.01#15.26
-96.3378,41.1269#28.75#55.96#15.29
-96.2797,41.1273#28.78#55.92#15.3
-96.2215,41.1277#28.8#55.87#15.33
-96.1634,41.1281#28.83#55.82#15.35
-96.1053,41.1284#28.85#55.78#15.37
-96.0472,41.1288#28.88#55.73#15.39
-95.989,41.1291#28.9#55.68#15.42
-95.9309,41.1294#28.9#55.63#15.47
-95.8728,41.1297#28.9#55.58#15.52
-95.8146,41.13#28.9#55.54#15.56
-95.7565,41.1302#28.91#55.49#15.6
-95.6984,41.1305#28.91#55.44#15.65
-95.6403,41.1307#28.91#55.39#15.7
-95.5821,41.1309#28.91#55.34#15.75
-95.524,41.1311#28.92#55.29#15.79
-95.4659,41.1312#28.91#55.24#15.85
-95.4077,41.1314#28.88#55.2#15.92
-95.3496,41.1315#28.86#55.15#15.99
-95.2915,41.1316#28.84#55.11#16.05
-95.2333,41.1317#28.82#55.06#16.12
-95.1752,41.1317#28.8#55.02#16.18
-95.1171,41.1318#28.77#54.98#16.25
-95.0589,41.1318#28.75#54.93#16.32
-95.0008,41.1318#28.73#54.89#16.38
-94.9427,41.1318#28.69#54.84#16.47
-94.8845,41.1318#28.66#54.8#16.54
-94.8264,41.1318#28.62#54.75#16.63
-94.7683,41.1317#28.58#54.71#16.71
-94.7101,41.1316#28.55#54.66#16.79
-94.652,41.1315#28.51#54.62#16.87
-94.5939,41.1314#28.47#54.57#16.96
-94.5357,41.1312#28.43#54.53#17.04
-94.4776,41.1311#28.39#54.48#17.13
-94.4195,41.1309#28.34#54.44#17.22
-94.3614,41.1307#28.29#54.39#17.32
-94.3032,41.1305#28.24#54.34#17.42
-94.2451,41.1303#28.19#54.3#17.51
-94.187,41.13#28.14#54.25#17.61
-94.1288,41.1297#28.09#54.21#17.7
-94.0707,41.1294#28.04#54.16#17.8
-94.0126,41.1291#27.99#54.11#17.9
-93.9544,41.1288#27.96#54.07#17.97
-93.8963,41.1285#27.93#54.02#18.05
-93.8382,41.1281#27.9#53.98#18.12
-93.7801,41.1277#27.88#53.94#18.18
-93.7219,41.1273#27.85#53.89#18.26
-93.6638,41.1269#27.82#53.85#18.33
-93.6057,41.1264#27.8#53.8#18.4
-93.5476,41.126#27.77#53.76#18.47
-93.4894,41.1255#27.74#53.71#18.55
-93.4313,41.125#27.74#53.66#18.6
-93.3732,41.1245#27.73#53.61#18.66
-93.3151,41.1239#27.72#53.56#18.72
-93.2569,41.1234#27.71#53.51#18.78
-93.1988,41.1228#27.7#53.46#18.84
-93.1407,41.1222#27.7#53.42#18.88
-93.0826,41.1216#27.69#53.37#18.94
-93.0245,41.121#27.68#53.32#19
