-97.9913,31.9003#54.76#27.82#17.42
-97.938,31.9013#54.78#27.82#17.4
-97.8846,31.9023#54.8#27.82#17.38
-97.8312,31.9032#54.82#27.83#17.35
-97.7778,31.9042#54.84#27.83#17.33
-97.7244,31.9051#54.86#27.83#17.31
-97.671,31.906#54.89#27.83#17.28
-97.6176,31.9069#54.91#27.84#17.25
-97.5642,31.9077#54.93#27.84#17.23
-97.5108,31.9086#54.95#27.84#17.21
-97.4574,31.9094#54.96#27.84#17.2
-97.404,31.9102#54.97#27.85#17.18
-97.3506,31.911#54.98#27.85#17.17
-97.2972,31.9118#54.99#27.85#17.16
-97.2439,31.9126#54.99#27.86#17.15
-97.1905,31.9133#55#27.86#17.14
-97.1371,31.914#55.01#27.86#17.13
-97.0837,31.9147#55.02#27.86#17.12
-97.0303,31.9154#55.03#27.87#17.1
-96.9769,31.9161#55.03#27.87#17.1
-96.9235,31.9167#55.02#27.87#17.11
-96.8701,31.9174#55.02#27.87#17.11
-96.8166,31.918#55.01#27.88#17.11
-96.7632,31.9186#55#27.88#17.12
-96.7098,31.9192#55#27.88#17.12
-96.6564,31.9197#54.99#27.88#17.13
-96.603,31.9203#54.99#27.89#17.12
-96.5496,31.9208#54.98#27.89#17.13
-96.4962,31.9213#54.97#27.89#17.14
-96.4428,31.9218#54.95#27.89#17.16
-96.3894,31.9223#54.93#27.89#17.18
-96.336,31.9227#54.91#27.9#17.19
-96.2826,31.9232#54.89#27.9#17.21
-96.2292,31.9236#54.87#27.9#17.23
-96.1758,31.924#54.85#27.9#17.25
-96.1224,31.9244#54.83#27.91#17.26
-96.069,31.9247#54.81#27.91#17.28
-96.0156,31.9251#54.79#27.91#17.3
-95.9621,31.9254#54.77#27.91#17.32
-95.9087,31.9257#54.73#27.91#17.36
-95.8553,31.926#54.7#27.92#17.38
-95.8019,31.9263#54.67#27.92#17.41
-95.7485,31.9266#54.63#27.92#17.45
-95.6951,31.9268#54.6#27.92#17.48
-95.6417,31.927#54.57#27.93#17.5
-95.5883,31.9272#54.54#27.93#17.53
-95.5349,31.9274#54.51#27.93#17.56
-95.4814,31.9276#54.47#27.93#17.6
-95.428,31.9277#54.43#27.93#17.64
-95.3746,31.9279#54.39#27.94#17.67
-95.3212,31.928#54.34#27.94#17.72
-95.2678,31.9281#54.3#27.94#17.76
-95.2144,31.9282#54.26#27.94#17.8
-95.161,31.9282#54.22#27.94#17.84
-95.1076,31.9283#54.18#27.94#17.88
-95.0542,31.9283#54.14#27.95#17.91
-95.0007,31.9283#54.1#27.95#17.95
-94.9473,31.9283#54.05#27.95#18
-94.8939,31.9283#54#27.95#18.05
-94.8405,31.9282#53.95#27.96#18.09
-94.7871,31.9282#53.9#27.96#18.14
-94.7337,31.9281#53.85#27.96#18.19
-94.6803,31.928#53.8#27.97#18.23
-94.6269,31.9279#53.75#27.97#18.28
-94.5734,31.9278#53.7#27.97#18.33
-94.52,31.9276#53.65#27.97#18.38
-94.4666,31.9274#53.6#27.98#18.42
-94.4132,31.9272#53.55#28#18.45
-94.3598,31.927#53.5#28.01#18.49
-94.3064,31.9268#53.45#28.02#18.53
-94.253,31.9266#53.4#28.04#18.56
-94.1996,31.9263#53.35#28.05#18.6
-94.1462,31.926#53.3#28.06#18.64
-94.0927,31.9257#53.25#28.08#18.67
-94.0393,31.9254#53.2#28.09#18.71
-93.9859,31.9251#53.15#28.11#18.74
-93.9325,31.9248#53.09#28.12#18.79
-93.8791,31.9244#53.02#28.14#18.84
-93.8257,31.924#52.95#28.16#18.89
-93.7723,31.9236#52.89#28.18#18.93
-93.7189,31.9232#52.82#28.19#18.99
-93.6655,31.9227#52.76#28.21#19.03
-93.6121,31.9223#52.69#28.23#19.08
-93.5587,31.9218#52.63#28.25#19.12
-93.5053,31.9213#52.56#28.26#19.18
-93.4518,31.9208#52.5#28.29#19.21
-93.3984,31.9203#52.44#28.32#19.24
-93.345,31.9197#52.39#28.34#19.27
-93.2916,31.9192#52.33#28.37#19.3
-93.2382,31.9186#52.27#28.4#19.33
-93.1848,31.918#52.21#28.42#19.37
-93.1314,31.9174#52.15#28.45#19.4
-93.078,31.9168#52.1#28.48#19.42
-93.0246,31.9161#52.04#28.5#19.46
-92.9712,31.9154#51.98#28.52#19.5
-92.9178,31.9148#51.92#28.54#19.54
-92.8644,31.914#51.86#28.55#19.59
-92.811,31.9133#51.8#28.57#19.63
-92.7576,31.9126#51.74#28.58#19.68
-92.7042,31.9118#51.68#28.6#19.72
-92.6508,31.911#51.62#28.61#19.77
-92.5974,31.9103#51.56#28.63#19.81
-92.544,31.9094#51.5#28.64#19.86
-92.4906,31.9086#51.45#28.66#19.89
-92.4373,31.9078#51.39#28.66#19.95
-92.3839,31.9069#51.34#28.65#20.01
-92.3305,31.906#51.29#28.65#20.06
-92.2771,31.9051#51.24#28.65#20.11
-92.2237,31.9042#51.19#28.65#20.16
-92.1703,31.9033#51.14#28.65#20.21
-92.1169,31.9023#51.08#28.65#20.27
-92.0635,31.9013#51.03#28.65#20.32
-92.0101,31.9003#50.98#28.65#20.37
-99.8077,31.9013#52.65#27.73#19.62
-99.7544,31.9029#52.72#27.73#19.55
-99.701,31.9045#52.78#27.73#19.49
-99.6476,31.9061#52.85#27.73#19.42
-99.5943,31.9076#52.91#27.74#19.35
-99.5409,31.9091#52.98#27.74#19.28
-99.4875,31.9106#53.04#27.74#19.22
-99.4341,31.9121#53.11#27.75#19.14
-99.3808,31.9136#53.17#27.75#19.08
-99.3274,31.9151#53.24#27.75#19.01
-99.274,31.9165#53.31#27.76#18.93
-99.2206,31.9179#53.37#27.76#18.87
-99.1672,31.9193#53.44#27.76#18.8
-99.1138,31.9207#53.5#27.76#18.74
-99.0605,31.9221#53.57#27.77#18.66
-99.0071,31.9234#53.64#27.77#18.59
-98.9537,31.9247#53.69#27.77#18.54
-98.9003,31.9261#53.74#27.78#18.48
-98.8469,31.9274#53.79#27.78#18.43
-98.7935,31.9286#53.84#27.78#18.38
-98.7401,31.9299#53.89#27.78#18.33
-98.6867,31.9311#53.94#27.79#18.27
-98.6333,31.9324#54#27.79#18.21
-98.5799,31.9336#54.05#27.79#18.16
-98.5265,31.9347#54.1#27.8#18.1
-98.4731,31.9359#54.14#27.8#18.06
-98.4197,31.9371#54.18#27.8#18.02
-98.3663,31.9382#54.22#27.8#17.98
-98.3129,31.9393#54.25#27.81#17.94
-98.2595,31.9404#54.29#27.81#17.9
-98.2061,31.9415#54.33#27.81#17.86
-98.1527,31.9426#54.37#27.81#17.82
-98.0993,31.9436#54.4#27.82#17.78
-98.0459,31.9446#54.44#27.82#17.74
-97.9925,31.9456#54.48#27.82#17.7
-97.9391,31.9466#54.5#27.83#17.67
-97.8857,31.9476#54.52#27.83#17.65
-97.8323,31.9486#54.54#27.83#17.63
-97.7789,31.9495#54.56#27.83#17.61
-97.7255,31.9504#54.58#27.84#17.58
-97.6721,31.9513#54.6#27.84#17.56
-97.6186,31.9522#54.62#27.84#17.54
-97.5652,31.9531#54.64#27.84#17.52
-97.5118,31.9539#54.66#27.85#17.49
-97.4584,31.9548#54.67#27.85#17.48
-97.405,31.9556#54.68#27.85#17.47
-97.3516,31.9564#54.68#27.86#17.46
-97.2982,31.9571#54.69#27.86#17.45
-97.2447,31.9579#54.7#27.86#17.44
-97.1913,31.9586#54.71#27.86#17.43
-97.1379,31.9594#54.71#27.87#17.42
-97.0845,31.9601#54.72#27.87#17.41
-97.0311,31.9608#54.73#27.87#17.4
-96.9776,31.9614#54.73#27.87#17.4
-96.9242,31.9621#54.72#27.88#17.4
-96.8708,31.9627#54.71#27.88#17.41
-96.8174,31.9633#54.71#27.88#17.41
-96.7639,31.9639#54.7#27.88#17.42
-96.7105,31.9645#54.69#27.89#17.42
-96.6571,31.9651#54.69#27.89#17.42
-96.6037,31.9656#54.68#27.89#17.43
-96.5502,31.9661#54.67#27.89#17.44
-96.4968,31.9667#54.67#27.9#17.43
-96.4434,31.9671#54.65#27.9#17.45
-96.39,31.9676#54.63#27.9#17.47
-96.3365,31.9681#54.61#27.9#17.49
-96.2831,31.9685#54.59#27.9#17.51
-96.2297,31.9689#54.57#27.91#17.52
-96.1762,31.9693#54.55#27.91#17.54
-96.1228,31.9697#54.53#27.91#17.56
-96.0694,31.9701#54.51#27.91#17.58
-96.016,31.9704#54.49#27.92#17.59
-95.9625,31.9708#54.46#27.92#17.62
-95.9091,31.9711#54.42#27.92#17.66
-95.8557,31.9714#54.39#27.92#17.69
-95.8022,31.9717#54.36#27.92#17.72
-95.7488,31.9719#54.32#27.93#17.75
-95.6954,31.9722#54.29#27.93#17.78
-95.6419,31.9724#54.26#27.93#17.81
-95.5885,31.9726#54.23#27.93#17.84
-95.5351,31.9728#54.19#27.94#17.87
-95.4816,31.9729#54.16#27.94#17.9
-95.4282,31.9731#54.11#27.94#17.95
-95.3748,31.9732#54.07#27.94#17.99
-95.3213,31.9733#54.03#27.94#18.03
-95.2679,31.9734#53.99#27.94#18.07
-95.2145,31.9735#53.95#27.95#18.1
-95.161,31.9736#53.91#27.95#18.14
-95.1076,31.9736#53.87#27.95#18.18
-95.0542,31.9737#53.82#27.95#18.23
-95.0007,31.9737#53.78#27.95#18.27
-94.9473,31.9737#53.73#27.96#18.31
-94.8939,31.9736#53.68#27.96#18.36
-94.8404,31.9736#53.63#27.96#18.41
-94.787,31.9735#53.58#27.97#18.45
-94.7336,31.9734#53.53#27.97#18.5
-94.6801,31.9733#53.48#27.97#18.55
-94.6267,31.9732#53.43#27.97#18.6
-94.5733,31.9731#53.38#27.98#18.64
-94.5198,31.9729#53.33#27.98#18.69
-94.4664,31.9728#53.28#27.99#18.73
-94.413,31.9726#53.23#28#18.77
-94.3595,31.9724#53.18#28.01#18.81
-94.3061,31.9722#53.13#28.02#18.85
-94.2527,31.9719#53.08#28.04#18.88
-94.1992,31.9717#53.03#28.05#18.92
-94.1458,31.9714#52.98#28.06#18.96
-94.0924,31.9711#52.93#28.07#19
-94.039,31.9708#52.88#28.09#19.03
-93.9855,31.9704#52.83#28.1#19.07
-93.9321,31.9701#52.76#28.12#19.12
-93.8787,31.9697#52.69#28.13#19.18
-93.8252,31.9694#52.63#28.15#19.22
-93.7718,31.9689#52.56#28.17#19.27
-93.7184,31.9685#52.49#28.19#19.32
-93.6649,31.9681#52.42#28.2#19.38
-93.6115,31.9676#52.36#28.22#19.42
-93.5581,31.9672#52.29#28.24#19.47
-93.5047,31.9667#52.23#28.26#19.51
-93.4512,31.9662#52.16#28.28#19.56
-93.3978,31.9656#52.1#28.31#19.59
-93.3444,31.9651#52.04#28.33#19.63
-93.291,31.9645#51.98#28.36#19.66
-93.2375,31.9639#51.92#28.38#19.7
-93.1841,31.9634#51.86#28.41#19.73
-93.1307,31.9627#51.79#28.43#19.78
-93.0773,31.9621#51.73#28.46#19.81
-93.0238,31.9614#51.67#28.49#19.84
-92.9704,31.9608#51.61#28.51#19.88
-92.917,31.9601#51.55#28.52#19.93
-92.8636,31.9594#51.49#28.54#19.97
-92.8102,31.9587#51.43#28.56#20.01
-92.7567,31.9579#51.37#28.57#20.06
-92.7033,31.9572#51.31#28.59#20.1
-92.6499,31.9564#51.25#28.61#20.14
-92.5965,31.9556#51.19#28.62#20.19
-92.5431,31.9548#51.13#28.64#20.23
-92.4897,31.9539#51.07#28.65#20.28
-92.4362,31.9531#51.02#28.65#20.33
-92.3828,31.9522#50.97#28.65#20.38
-92.3294,31.9514#50.91#28.65#20.44
-92.276,31.9504#50.86#28.65#20.49
-92.2226,31.9495#50.81#28.65#20.54
-92.1692,31.9486#50.76#28.65#20.59
-92.1158,31.9476#50.71#28.65#20.64
-92.0624,31.9467#50.66#28.65#20.69
-92.009,31.9457#50.6#28.65#20.75
-91.9555,31.9447#50.55#28.65#20.8
-91.9021,31.9436#50.5#28.64#20.86
-91.8487,31.9426#50.44#28.64#20.92
-91.7953,31.9415#50.39#28.63#20.98
-91.7419,31.9404#50.33#28.63#21.04
-91.6885,31.9394#50.28#28.62#21.1
-91.6351,31.9382#50.22#28.62#21.16
-91.5817,31.9371#50.17#28.61#21.22
-91.5283,31.9359#50.12#28.6#21.28
-91.4749,31.9348#50.06#28.6#21.34
-91.4215,31.9336#50.01#28.59#21.4
-91.3681,31.9324#49.95#28.59#21.46
-91.3147,31.9312#49.9#28.58#21.52
-91.2613,31.9299#49.84#28.57#21.59
-91.208,31.9287#49.79#28.57#21.64
-91.1546,31.9274#49.73#28.56#21.71
-91.1012,31.9261#49.68#28.56#21.76
-91.0478,31.9248#49.62#28.55#21.83
-90.9944,31.9235#49.57#28.54#21.89
-90.941,31.9221#49.51#28.54#21.95
-90.8876,31.9207#49.46#28.53#22.01
-90.8342,31.9194#49.4#28.53#22.07
-90.7809,31.918#49.35#28.52#22.13
-90.7275,31.9165#49.29#28.52#22.19
-90.6741,31.9151#49.24#28.51#22.25
-90.6207,31.9136#49.18#28.51#22.31
-90.5673,31.9122#49.13#28.5#22.37
-90.514,31.9107#49.07#28.5#22.43
-90.4606,31.9092#49.01#28.49#22.5
-90.4072,31.9076#48.96#28.48#22.56
-90.3539,31.9061#48.91#28.48#22.61
-90.3005,31.9045#48.85#28.47#22.68
-90.2471,31.903#48.8#28.47#22.73
-90.1937,31.9014#48.74#28.46#22.8
-101.144,31.9009#50.07#27.68#22.25
-101.09,31.9029#50.17#27.68#22.15
-101.037,31.9049#50.28#27.68#22.04
-100.984,31.9069#50.38#27.68#21.94
-100.93,31.9089#50.48#27.68#21.84
-100.877,31.9109#50.58#27.68#21.74
-100.824,31.9129#50.68#27.69#21.63
-100.77,31.9148#50.78#27.69#21.53
-100.717,31.9167#50.89#27.69#21.42
-100.664,31.9186#50.99#27.69#21.32
-100.61,31.9205#51.09#27.69#21.22
-100.557,31.9224#51.2#27.7#21.1
-100.504,31.9242#51.3#27.7#21
-100.45,31.9261#51.39#27.7#20.91
-100.397,31.9279#51.48#27.7#20.82
-100.343,31.9297#51.57#27.7#20.73
-100.29,31.9314#51.66#27.71#20.63
-100.237,31.9332#51.76#27.71#20.53
-100.183,31.9349#51.85#27.71#20.44
-100.13,31.9367#51.94#27.72#20.34
-100.077,31.9384#52.03#27.72#20.25
-100.023,31.9401#52.12#27.72#20.16
-99.9698,31.9417#52.2#27.72#20.08
-99.9164,31.9434#52.26#27.73#20.01
-99.863,31.945#52.33#27.73#19.94
-99.8096,31.9466#52.39#27.73#19.88
-99.7562,31.9482#52.46#27.73#19.81
-99.7028,31.9498#52.53#27.74#19.73
-99.6495,31.9514#52.59#27.74#19.67
-99.5961,31.9529#52.66#27.74#19.6
-99.5427,31.9544#52.72#27.75#19.53
-99.4893,31.956#52.79#27.75#19.46
-99.4359,31.9574#52.85#27.75#19.4
-99.3825,31.9589#52.92#27.75#19.33
-99.3291,31.9604#52.98#27.76#19.26
-99.2757,31.9618#53.05#27.76#19.19
-99.2223,31.9632#53.11#27.76#19.13
-99.1689,31.9646#53.18#27.77#19.05
-99.1155,31.966#53.24#27.77#18.99
-99.0621,31.9674#53.31#27.77#18.92
-99.0087,31.9687#53.37#27.78#18.85
-98.9552,31.9701#53.43#27.78#18.79
-98.9018,31.9714#53.48#27.78#18.74
-98.8484,31.9727#53.53#27.78#18.69
-98.795,31.974#53.58#27.79#18.63
-98.7416,31.9752#53.63#27.79#18.58
-98.6882,31.9765#53.68#27.79#18.53
-98.6348,31.9777#53.73#27.8#18.47
-98.5814,31.9789#53.78#27.8#18.42
-98.5279,31.9801#53.83#27.8#18.37
-98.4745,31.9812#53.87#27.8#18.33
-98.4211,31.9824#53.91#27.81#18.28
-98.3677,31.9835#53.94#27.81#18.25
-98.3143,31.9847#53.98#27.81#18.21
-98.2608,31.9858#54.02#27.81#18.17
-98.2074,31.9868#54.05#27.82#18.13
-98.154,31.9879#54.09#27.82#18.09
-98.1006,31.9889#54.13#27.82#18.05
-98.0471,31.99#54.16#27.83#18.01
-97.9937,31.991#54.2#27.83#17.97
-97.9403,31.992#54.22#27.83#17.95
-97.8868,31.9929#54.23#27.83#17.94
-97.8334,31.9939#54.25#27.84#17.91
-97.78,31.9948#54.27#27.84#17.89
-97.7265,31.9958#54.29#27.84#17.87
-97.6731,31.9967#54.31#27.84#17.85
-97.6197,31.9975#54.33#27.85#17.82
-97.5662,31.9984#54.35#27.85#17.8
-97.5128,31.9993#54.37#27.85#17.78
-97.4594,32.0001#54.38#27.86#17.76
-97.4059,32.0009#54.38#27.86#17.76
-97.3525,32.0017#54.39#27.86#17.75
-97.2991,32.0025#54.4#27.86#17.74
-97.2456,32.0032#54.4#27.87#17.73
-97.1922,32.004#54.41#27.87#17.72
-97.1387,32.0047#54.42#27.87#17.71
-97.0853,32.0054#54.42#27.87#17.71
-97.0319,32.0061#54.43#27.88#17.69
-96.9784,32.0068#54.43#27.88#17.69
-96.925,32.0074#54.42#27.88#17.7
-96.8715,32.0081#54.41#27.88#17.71
-96.8181,32.0087#54.41#27.89#17.7
-96.7646,32.0093#54.4#27.89#17.71
-96.7112,32.0099#54.39#27.89#17.72
-96.6577,32.0104#54.38#27.89#17.73
-96.6043,32.011#54.38#27.9#17.72
-96.5509,32.0115#54.37#27.9#17.73
-96.4974,32.012#54.36#27.9#17.74
-96.444,32.0125#54.34#27.9#17.76
-96.3905,32.013#54.32#27.91#17.77
-96.3371,32.0134#54.3#27.91#17.79
-96.2836,32.0139#54.28#27.91#17.81
-96.2302,32.0143#54.26#27.91#17.83
-96.1767,32.0147#54.24#27.91#17.85
-96.1233,32.0151#54.22#27.92#17.86
-96.0698,32.0154#54.2#27.92#17.88
-96.0164,32.0158#54.18#27.92#17.9
-95.9629,32.0161#54.15#27.92#17.93
-95.9095,32.0164#54.11#27.93#17.96
-95.856,32.0167#54.08#27.93#17.99
-95.8025,32.017#54.05#27.93#18.02
-95.7491,32.0173#54.01#27.93#18.06
-95.6956,32.0175#53.98#27.93#18.09
-95.6422,32.0177#53.95#27.94#18.11
-95.5887,32.0179#53.91#27.94#18.15
-95.5353,32.0181#53.88#27.94#18.18
-95.4818,32.0183#53.84#27.94#18.22
-95.4284,32.0184#53.8#27.94#18.26
-95.3749,32.0186#53.76#27.95#18.29
-95.3215,32.0187#53.72#27.95#18.33
-95.268,32.0188#53.68#27.95#18.37
-95.2146,32.0189#53.64#27.95#18.41
-95.1611,32.0189#53.59#27.95#18.46
-95.1076,32.019#53.55#27.96#18.49
-95.0542,32.019#53.51#27.96#18.53
-95.0007,32.019#53.47#27.96#18.57
-94.9473,32.019#53.42#27.96#18.62
-94.8938,32.019#53.37#27.96#18.67
-94.8404,32.0189#53.32#27.97#18.71
-94.7869,32.0189#53.27#27.97#18.76
-94.7335,32.0188#53.22#27.97#18.81
-94.68,32.0187#53.17#27.98#18.85
-94.6266,32.0186#53.12#27.98#18.9
-94.5731,32.0184#53.07#27.98#18.95
-94.5197,32.0183#53.02#27.98#19
-94.4662,32.0181#52.96#27.99#19.05
-94.4127,32.0179#52.91#28#19.09
-94.3593,32.0177#52.86#28.01#19.13
-94.3058,32.0175#52.81#28.02#19.17
-94.2524,32.0173#52.76#28.04#19.2
-94.1989,32.017#52.71#28.05#19.24
-94.1455,32.0167#52.66#28.06#19.28
-94.092,32.0164#52.61#28.07#19.32
-94.0386,32.0161#52.56#28.08#19.36
-93.9851,32.0158#52.5#28.09#19.41
-93.9317,32.0154#52.43#28.11#19.46
-93.8782,32.0151#52.37#28.13#19.5
-93.8248,32.0147#52.3#28.14#19.56
-93.7713,32.0143#52.23#28.16#19.61
-93.7179,32.0139#52.16#28.18#19.66
-93.6644,32.0134#52.09#28.2#19.71
-93.611,32.013#52.02#28.21#19.77
-93.5575,32.0125#51.96#28.23#19.81
-93.5041,32.012#51.89#28.25#19.86
-93.4506,32.0115#51.82#28.27#19.91
-93.3972,32.011#51.76#28.3#19.94
-93.3437,32.0104#51.69#28.32#19.99
-93.2903,32.0099#51.63#28.34#20.03
-93.2368,32.0093#51.56#28.37#20.07
-93.1834,32.0087#51.5#28.39#20.11
-93.13,32.0081#51.44#28.42#20.14
-93.0765,32.0074#51.37#28.44#20.19
-93.0231,32.0068#51.31#28.47#20.22
-92.9696,32.0061#51.25#28.49#20.26
-92.9162,32.0054#51.18#28.51#20.31
-92.8627,32.0047#51.12#28.52#20.36
-92.8093,32.004#51.06#28.54#20.4
-92.7559,32.0033#51#28.56#20.44
-92.7024,32.0025#50.94#28.58#20.48
-92.649,32.0017#50.88#28.6#20.52
-92.5955,32.0009#50.81#28.61#20.58
-92.5421,32.0001#50.75#28.63#20.62
-92.4887,31.9993#50.69#28.65#20.66
-92.4352,31.9984#50.64#28.65#20.71
-92.3818,31.9976#50.59#28.65#20.76
-92.3284,31.9967#50.54#28.65#20.81
-92.2749,31.9958#50.49#28.65#20.86
-92.2215,31.9949#50.43#28.66#20.91
-92.1681,31.9939#50.38#28.66#20.96
-92.1146,31.993#50.33#28.66#21.01
-92.0612,31.992#50.28#28.66#21.06
-92.0078,31.991#50.23#28.66#21.11
-91.9543,31.99#50.17#28.66#21.17
-91.9009,31.989#50.12#28.65#21.23
-91.8475,31.9879#50.07#28.65#21.28
-91.7941,31.9869#50.01#28.64#21.35
-91.7406,31.9858#49.96#28.64#21.4
-91.6872,31.9847#49.91#28.63#21.46
-91.6338,31.9836#49.85#28.62#21.53
-91.5804,31.9824#49.8#28.62#21.58
-91.527,31.9813#49.75#28.61#21.64
-91.4735,31.9801#49.69#28.61#21.7
-91.4201,31.9789#49.64#28.6#21.76
-91.3667,31.9777#49.59#28.59#21.82
-91.3133,31.9765#49.53#28.59#21.88
-91.2599,31.9753#49.48#28.58#21.94
-91.2065,31.974#49.43#28.58#21.99
-91.1531,31.9727#49.37#28.57#22.06
-91.0996,31.9714#49.32#28.56#22.12
-91.0462,31.9701#49.27#28.56#22.17
-90.9928,31.9688#49.21#28.55#22.24
-90.9394,31.9674#49.16#28.55#22.29
-90.886,31.9661#49.11#28.54#22.35
-90.8326,31.9647#49.05#28.54#22.41
-90.7792,31.9633#49#28.53#22.47
-90.7258,31.9619#48.94#28.52#22.54
-90.6724,31.9604#48.89#28.52#22.59
-90.619,31.959#48.84#28.51#22.65
-90.5656,31.9575#48.78#28.51#22.71
-90.5122,31.956#48.73#28.5#22.77
-90.4588,31.9545#48.68#28.5#22.82
-90.4054,31.953#48.62#28.49#22.89
-90.352,31.9514#48.57#28.48#22.95
-90.2986,31.9499#48.52#28.48#23
-90.2452,31.9483#48.46#28.47#23.07
-90.1919,31.9467#48.41#28.47#23.12
-90.1385,31.9451#48.36#28.46#23.18
-90.0851,31.9434#48.3#28.45#23.25
-90.0317,31.9418#48.25#28.45#23.3
-89.9783,31.9401#48.2#28.44#23.36
-89.9249,31.9384#48.16#28.42#23.42
-89.8716,31.9367#48.11#28.41#23.48
-89.8182,31.935#48.06#28.39#23.55
-89.7648,31.9332#48.02#28.38#23.6
-89.7114,31.9315#47.98#28.37#23.65
-89.6581,31.9297#47.93#28.35#23.72
-89.6047,31.9279#47.89#28.34#23.77
-89.5513,31.9261#47.84#28.32#23.84
-89.498,31.9243#47.8#28.31#23.89
-89.4446,31.9224#47.76#28.29#23.95
-89.3912,31.9206#47.72#28.27#24.01
-89.3379,31.9187#47.68#28.25#24.07
-89.2845,31.9168#47.65#28.23#24.12
-89.2311,31.9149#47.61#28.21#24.18
-89.1778,31.9129#47.57#28.19#24.24
-89.1244,31.911#47.54#28.17#24.29
-89.0711,31.909#47.5#28.15#24.35
-89.0177,31.907#47.46#28.14#24.4
-88.9644,31.905#47.43#28.11#24.46
-88.911,31.903#47.4#28.08#24.52
-88.8577,31.9009#47.38#28.05#24.57
-102.213,31.9015#46.78#27.79#25.43
-102.16,31.9039#46.95#27.78#25.27
-102.106,31.9063#47.13#27.78#25.09
-102.053,31.9087#47.3#27.77#24.93
-102,31.911#47.48#27.76#24.76
-101.946,31.9133#47.65#27.75#24.6
-101.893,31.9157#47.81#27.75#24.44
-101.84,31.918#47.98#27.74#24.28
-101.786,31.9202#48.15#27.73#24.12
-101.733,31.9225#48.32#27.73#23.95
-101.68,31.9247#48.48#27.72#23.8
-101.626,31.927#48.65#27.71#23.64
-101.573,31.9292#48.82#27.71#23.47
-101.52,31.9313#48.98#27.7#23.32
-101.466,31.9335#49.11#27.7#23.19
-101.413,31.9357#49.21#27.7#23.09
-101.36,31.9378#49.32#27.7#22.98
-101.306,31.9399#49.42#27.69#22.89
-101.253,31.942#49.53#27.69#22.78
-101.2,31.9441#49.64#27.69#22.67
-101.146,31.9462#49.74#27.69#22.57
-101.093,31.9482#49.85#27.69#22.46
-101.039,31.9502#49.96#27.69#22.35
-100.986,31.9522#50.06#27.69#22.25
-100.933,31.9542#50.17#27.69#22.14
-100.879,31.9562#50.27#27.69#22.04
-100.826,31.9582#50.38#27.69#21.93
-100.773,31.9601#50.49#27.69#21.82
-100.719,31.962#50.59#27.7#21.71
-100.666,31.9639#50.7#27.7#21.6
-100.612,31.9658#50.81#27.7#21.49
-100.559,31.9677#50.92#27.7#21.38
-100.506,31.9695#51.02#27.7#21.28
-100.452,31.9714#51.12#27.7#21.18
-100.399,31.9732#51.21#27.71#21.08
-100.346,31.975#51.3#27.71#20.99
-100.292,31.9767#51.39#27.71#20.9
-100.239,31.9785#51.49#27.72#20.79
-100.185,31.9803#51.58#27.72#20.7
-100.132,31.982#51.67#27.72#20.61
-100.079,31.9837#51.77#27.72#20.51
-100.025,31.9854#51.86#27.73#20.41
-99.9717,31.987#51.94#27.73#20.33
-99.9183,31.9887#52.01#27.73#20.26
-99.8649,31.9903#52.07#27.73#20.2
-99.8115,31.9919#52.14#27.74#20.12
-99.7581,31.9935#52.2#27.74#20.06
-99.7047,31.9951#52.27#27.74#19.99
-99.6513,31.9967#52.34#27.75#19.91
-99.5979,31.9982#52.4#27.75#19.85
-99.5445,31.9998#52.47#27.75#19.78
-99.491,32.0013#52.54#27.75#19.71
-99.4376,32.0028#52.6#27.76#19.64
-99.3842,32.0042#52.66#27.76#19.58
-99.3308,32.0057#52.73#27.76#19.51
-99.2774,32.0071#52.79#27.77#19.44
-99.2239,32.0086#52.86#27.77#19.37
-99.1705,32.01#52.92#27.77#19.31
-99.1171,32.0113#52.98#27.77#19.25
-99.0637,32.0127#53.05#27.78#19.17
-99.0102,32.0141#53.11#27.78#19.11
-98.9568,32.0154#53.17#27.78#19.05
-98.9034,32.0167#53.21#27.79#19
-98.8499,32.018#53.26#27.79#18.95
-98.7965,32.0193#53.31#27.79#18.9
-98.7431,32.0205#53.36#27.79#18.85
-98.6896,32.0218#53.41#27.8#18.79
-98.6362,32.023#53.46#27.8#18.74
-98.5828,32.0242#53.5#27.8#18.7
-98.5293,32.0254#53.55#27.81#18.64
-98.4759,32.0266#53.59#27.81#18.6
-98.4224,32.0277#53.63#27.81#18.56
-98.369,32.0289#53.67#27.81#18.52
-98.3156,32.03#53.7#27.82#18.48
-98.2621,32.0311#53.74#27.82#18.44
-98.2087,32.0322#53.77#27.82#18.41
-98.1552,32.0332#53.81#27.83#18.36
-98.1018,32.0343#53.85#27.83#18.32
-98.0483,32.0353#53.88#27.83#18.29
-97.9949,32.0363#53.92#27.83#18.25
-97.9414,32.0373#53.94#27.84#18.22
-97.888,32.0383#53.95#27.84#18.21
-97.8345,32.0392#53.97#27.84#18.19
-97.7811,32.0402#53.99#27.84#18.17
-97.7276,32.0411#54.01#27.85#18.14
-97.6742,32.042#54.02#27.85#18.13
-97.6207,32.0429#54.04#27.85#18.11
-97.5673,32.0437#54.06#27.86#18.08
-97.5138,32.0446#54.08#27.86#18.06
-97.4603,32.0454#54.08#27.86#18.06
-97.4069,32.0462#54.09#27.86#18.05
-97.3534,32.047#54.1#27.87#18.03
-97.3,32.0478#54.1#27.87#18.03
-97.2465,32.0486#54.11#27.87#18.02
-97.193,32.0493#54.11#27.87#18.02
-97.1396,32.05#54.12#27.88#18
-97.0861,32.0507#54.13#27.88#17.99
-97.0327,32.0514#54.13#27.88#17.99
-96.9792,32.0521#54.13#27.88#17.99
-96.9257,32.0528#54.12#27.89#17.99
-96.8723,32.0534#54.11#27.89#18
-96.8188,32.054#54.11#27.89#18
-96.7653,32.0546#54.1#27.89#18.01
-96.7119,32.0552#54.09#27.9#18.01
-96.6584,32.0558#54.08#27.9#18.02
-96.6049,32.0563#54.07#27.9#18.03
-96.5515,32.0568#54.06#27.9#18.04
-96.498,32.0573#54.06#27.91#18.03
-96.4445,32.0578#54.03#27.91#18.06
-96.3911,32.0583#54.01#27.91#18.08
-96.3376,32.0588#53.99#27.91#18.1
-96.2841,32.0592#53.97#27.92#18.11
-96.2306,32.0596#53.95#27.92#18.13
-96.1772,32.06#53.93#27.92#18.15
-96.1237,32.0604#53.91#27.92#18.17
-96.0702,32.0608#53.89#27.92#18.19
-96.0168,32.0611#53.87#27.93#18.2
-95.9633,32.0614#53.84#27.93#18.23
-95.9098,32.0618#53.81#27.93#18.26
-95.8563,32.0621#53.77#27.93#18.3
-95.8029,32.0623#53.74#27.94#18.32
-95.7494,32.0626#53.7#27.94#18.36
-95.6959,32.0628#53.67#27.94#18.39
-95.6424,32.0631#53.63#27.94#18.43
-95.589,32.0633#53.6#27.94#18.46
-95.5355,32.0635#53.57#27.95#18.48
-95.482,32.0636#53.53#27.95#18.52
-95.4285,32.0638#53.49#27.95#18.56
-95.3751,32.0639#53.45#27.95#18.6
-95.3216,32.064#53.4#27.95#18.65
-95.2681,32.0641#53.36#27.96#18.68
-95.2146,32.0642#53.32#27.96#18.72
-95.1612,32.0643#53.28#27.96#18.76
-95.1077,32.0643#53.24#27.96#18.8
-95.0542,32.0643#53.2#27.96#18.84
-95.0007,32.0643#53.16#27.96#18.88
-94.9473,32.0643#53.11#27.97#18.92
-94.8938,32.0643#53.06#27.97#18.97
-94.8403,32.0643#53#27.97#19.03
-94.7868,32.0642#52.95#27.97#19.08
-94.7334,32.0641#52.9#27.98#19.12
-94.6799,32.064#52.85#27.98#19.17
-94.6264,32.0639#52.8#27.98#19.22
-94.5729,32.0638#52.75#27.98#19.27
-94.5195,32.0636#52.7#27.99#19.31
-94.466,32.0635#52.65#27.99#19.36
-94.4125,32.0633#52.59#28#19.41
-94.359,32.0631#52.54#28.01#19.45
-94.3056,32.0628#52.49#28.02#19.49
-94.2521,32.0626#52.44#28.03#19.53
-94.1986,32.0623#52.39#28.04#19.57
-94.1451,32.0621#52.34#28.05#19.61
-94.0917,32.0618#52.29#28.06#19.65
-94.0382,32.0615#52.24#28.07#19.69
-93.9847,32.0611#52.18#28.08#19.74
-93.9313,32.0608#52.11#28.1#19.79
-93.8778,32.0604#52.04#28.12#19.84
-93.8243,32.06#51.97#28.14#19.89
-93.7708,32.0596#51.9#28.15#19.95
-93.7174,32.0592#51.83#28.17#20
-93.6639,32.0588#51.76#28.19#20.05
-93.6104,32.0583#51.69#28.2#20.11
-93.557,32.0578#51.62#28.22#20.16
-93.5035,32.0573#51.55#28.24#20.21
-93.45,32.0568#51.48#28.26#20.26
-93.3965,32.0563#51.41#28.28#20.31
-93.3431,32.0558#51.35#28.31#20.34
-93.2896,32.0552#51.28#28.33#20.39
-93.2361,32.0546#51.21#28.36#20.43
-93.1827,32.054#51.14#28.38#20.48
-93.1292,32.0534#51.08#28.4#20.52
-93.0757,32.0528#51.01#28.43#20.56
-93.0223,32.0521#50.94#28.45#20.61
-92.9688,32.0515#50.88#28.47#20.65
-92.9154,32.0508#50.82#28.49#20.69
-92.8619,32.0501#50.75#28.51#20.74
-92.8084,32.0493#50.69#28.53#20.78
-92.755,32.0486#50.63#28.55#20.82
-92.7015,32.0478#50.56#28.57#20.87
-92.6481,32.0471#50.5#28.59#20.91
-92.5946,32.0463#50.44#28.61#20.95
-92.5411,32.0454#50.38#28.63#20.99
-92.4877,32.0446#50.32#28.64#21.04
-92.4342,32.0438#50.27#28.65#21.08
-92.3808,32.0429#50.21#28.65#21.14
-92.3273,32.042#50.16#28.65#21.19
-92.2739,32.0411#50.11#28.65#21.24
-92.2204,32.0402#50.06#28.66#21.28
-92.1669,32.0393#50.01#28.66#21.33
-92.1135,32.0383#49.95#28.66#21.39
-92.06,32.0373#49.9#28.67#21.43
-92.0066,32.0363#49.85#28.67#21.48
-91.9531,32.0353#49.8#28.66#21.54
-91.8997,32.0343#49.75#28.66#21.59
-91.8463,32.0333#49.69#28.65#21.66
-91.7928,32.0322#49.64#28.65#21.71
-91.7394,32.0311#49.59#28.64#21.77
-91.6859,32.03#49.54#28.64#21.82
-91.6325,32.0289#49.48#28.63#21.89
-91.579,32.0278#49.43#28.63#21.94
-91.5256,32.0266#49.38#28.62#22
-91.4721,32.0254#49.33#28.62#22.05
-91.4187,32.0242#49.27#28.61#22.12
-91.3653,32.023#49.22#28.6#22.18
-91.3118,32.0218#49.17#28.6#22.23
-91.2584,32.0206#49.12#28.59#22.29
-91.205,32.0193#49.06#28.58#22.36
-91.1515,32.018#49.01#28.58#22.41
-91.0981,32.0167#48.96#28.57#22.47
-91.0447,32.0154#48.91#28.57#22.52
-90.9912,32.0141#48.86#28.56#22.58
-90.9378,32.0128#48.8#28.55#22.65
-90.8844,32.0114#48.75#28.55#22.7
-90.831,32.01#48.7#28.54#22.76
-90.7775,32.0086#48.65#28.54#22.81
-90.7241,32.0072#48.6#28.53#22.87
-90.6707,32.0057#48.54#28.53#22.93
-90.6173,32.0043#48.49#28.52#22.99
-90.5639,32.0028#48.44#28.51#23.05
-90.5104,32.0013#48.39#28.51#23.1
-90.457,31.9998#48.34#28.5#23.16
-90.4036,31.9983#48.28#28.5#23.22
-90.3502,31.9967#48.23#28.49#23.28
-90.2968,31.9952#48.18#28.48#23.34
-90.2434,31.9936#48.13#28.48#23.39
-90.19,31.992#48.08#28.47#23.45
-90.1366,31.9904#48.02#28.47#23.51
-90.0831,31.9887#47.97#28.46#23.57
-90.0297,31.9871#47.92#28.45#23.63
-89.9763,31.9854#47.87#28.44#23.69
-89.9229,31.9837#47.83#28.43#23.74
-89.8695,31.982#47.78#28.42#23.8
-89.8161,31.9803#47.74#28.4#23.86
-89.7627,31.9786#47.69#28.39#23.92
-89.7093,31.9768#47.65#28.38#23.97
-89.656,31.975#47.61#28.36#24.03
-89.6026,31.9732#47.56#28.35#24.09
-89.5492,31.9714#47.52#28.33#24.15
-89.4958,31.9696#47.47#28.32#24.21
-89.4424,31.9677#47.44#28.3#24.26
-89.389,31.9659#47.4#28.28#24.32
-89.3356,31.964#47.36#28.26#24.38
-89.2822,31.9621#47.32#28.24#24.44
-89.2289,31.9602#47.29#28.23#24.48
-89.1755,31.9582#47.25#28.21#24.54
-89.1221,31.9563#47.21#28.19#24.6
-89.0687,31.9543#47.18#28.17#24.65
-89.0154,31.9523#47.14#28.15#24.71
-88.962,31.9503#47.11#28.13#24.76
-88.9086,31.9483#47.08#28.1#24.82
-88.8553,31.9462#47.05#28.07#24.88
-88.8019,31.9442#47.02#28.04#24.94
-88.7485,31.9421#47#28.02#24.98
-88.6952,31.94#46.97#27.99#25.04
-88.6418,31.9379#46.94#27.96#25.1
-88.5885,31.9357#46.91#27.94#25.15
-88.5351,31.9336#46.89#27.91#25.2
-88.4817,31.9314#46.86#27.88#25.26
-88.4284,31.9292#46.85#27.86#25.29
-88.375,31.927#46.83#27.84#25.33
-88.3217,31.9248#46.82#27.81#25.37
-88.2684,31.9225#46.8#27.79#25.41
-88.215,31.9203#46.79#27.77#25.44
-88.1617,31.918#46.77#27.75#25.48
-88.1083,31.9157#46.76#27.73#25.51
-88.055,31.9134#46.75#27.7#25.55
-88.0017,31.9111#46.73#27.68#25.59
-87.9483,31.9087#46.73#27.67#25.6
-87.895,31.9064#46.73#27.66#25.61
-87.8417,31.904#46.73#27.64#25.63
-87.7883,31.9016#46.73#27.63#25.64
-103.176,31.9005#42.08#27.95#29.97
-103.122,31.9032#42.41#27.95#29.64
-103.069,31.9059#42.74#27.94#29.32
-103.016,31.9086#43.07#27.93#29
-102.963,31.9113#43.34#27.92#28.74
-102.909,31.9139#43.6#27.91#28.49
-102.856,31.9166#43.86#27.9#28.24
-102.803,31.9192#44.11#27.89#28
-102.749,31.9218#44.37#27.88#27.75
-102.696,31.9244#44.62#27.87#27.51
-102.643,31.9269#44.88#27.87#27.25
-102.589,31.9295#45.13#27.86#27.01
-102.536,31.932#45.38#27.85#26.77
-102.483,31.9345#45.61#27.84#26.55
-102.429,31.937#45.78#27.83#26.39
-102.376,31.9395#45.96#27.82#26.22
-102.323,31.9419#46.13#27.81#26.06
-102.269,31.9444#46.31#27.8#25.89
-102.216,31.9468#46.48#27.8#25.72
-102.163,31.9492#46.66#27.79#25.55
-102.109,31.9516#46.83#27.78#25.39
-102.056,31.954#47.01#27.77#25.22
-102.003,31.9563#47.18#27.76#25.06
-101.949,31.9586#47.35#27.76#24.89
-101.896,31.9609#47.51#27.75#24.74
-101.842,31.9632#47.67#27.74#24.59
-101.789,31.9655#47.84#27.74#24.42
-101.736,31.9678#48#27.73#24.27
-101.682,31.97#48.16#27.73#24.11
-101.629,31.9722#48.32#27.72#23.96
-101.576,31.9745#48.48#27.71#23.81
-101.522,31.9766#48.64#27.71#23.65
-101.469,31.9788#48.77#27.7#23.53
-101.416,31.981#48.88#27.7#23.42
-101.362,31.9831#48.98#27.7#23.32
-101.309,31.9852#49.09#27.7#23.21
-101.255,31.9873#49.2#27.7#23.1
-101.202,31.9894#49.31#27.7#22.99
-101.149,31.9915#49.42#27.7#22.88
-101.095,31.9935#49.53#27.69#22.78
-101.042,31.9955#49.64#27.69#22.67
-100.988,31.9975#49.75#27.69#22.56
-100.935,31.9995#49.86#27.69#22.45
-100.882,32.0015#49.97#27.7#22.33
-100.828,32.0035#50.08#27.7#22.22
-100.775,32.0054#50.19#27.7#22.11
-100.721,32.0073#50.3#27.7#22
-100.668,32.0092#50.41#27.7#21.89
-100.615,32.0111#50.52#27.7#21.78
-100.561,32.013#50.64#27.71#21.65
-100.508,32.0148#50.75#27.71#21.54
-100.454,32.0167#50.84#27.71#21.45
-100.401,32.0185#50.94#27.71#21.35
-100.348,32.0203#51.03#27.72#21.25
-100.294,32.0221#51.13#27.72#21.15
-100.241,32.0238#51.22#27.72#21.06
-100.187,32.0256#51.31#27.72#20.97
-100.134,32.0273#51.41#27.73#20.86
-100.081,32.029#51.5#27.73#20.77
-100.027,32.0307#51.6#27.73#20.67
-99.9737,32.0324#51.68#27.73#20.59
-99.9203,32.034#51.75#27.74#20.51
-99.8668,32.0356#51.81#27.74#20.45
-99.8134,32.0373#51.88#27.74#20.38
-99.76,32.0389#51.95#27.75#20.3
-99.7066,32.0404#52.01#27.75#20.24
-99.6531,32.042#52.08#27.75#20.17
-99.5997,32.0436#52.15#27.75#20.1
-99.5463,32.0451#52.21#27.76#20.03
-99.4928,32.0466#52.28#27.76#19.96
-99.4394,32.0481#52.34#27.76#19.9
-99.3859,32.0496#52.41#27.77#19.82
-99.3325,32.051#52.47#27.77#19.76
-99.2791,32.0525#52.54#27.77#19.69
-99.2256,32.0539#52.6#27.77#19.63
-99.1722,32.0553#52.66#27.78#19.56
-99.1187,32.0567#52.73#27.78#19.49
-99.0653,32.058#52.79#27.78#19.43
-99.0118,32.0594#52.85#27.79#19.36
-98.9584,32.0607#52.9#27.79#19.31
-98.9049,32.062#52.95#27.79#19.26
-98.8515,32.0633#53#27.79#19.21
-98.798,32.0646#53.04#27.8#19.16
-98.7446,32.0659#53.09#27.8#19.11
-98.6911,32.0671#53.14#27.8#19.06
-98.6376,32.0683#53.19#27.81#19
-98.5842,32.0695#53.23#27.81#18.96
-98.5307,32.0707#53.28#27.81#18.91
-98.4773,32.0719#53.32#27.81#18.87
-98.4238,32.073#53.36#27.82#18.82
-98.3703,32.0742#53.39#27.82#18.79
-98.3169,32.0753#53.43#27.82#18.75
-98.2634,32.0764#53.46#27.83#18.71
-98.2099,32.0775#53.5#27.83#18.67
-98.1565,32.0785#53.53#27.83#18.64
-98.103,32.0796#53.57#27.83#18.6
-98.0495,32.0806#53.6#27.84#18.56
-97.9961,32.0816#53.64#27.84#18.52
-97.9426,32.0826#53.65#27.84#18.51
-97.8891,32.0836#53.67#27.84#18.49
-97.8356,32.0846#53.69#27.85#18.46
-97.7822,32.0855#53.7#27.85#18.45
-97.7287,32.0864#53.72#27.85#18.43
-97.6752,32.0873#53.74#27.86#18.4
-97.6217,32.0882#53.75#27.86#18.39
-97.5683,32.0891#53.77#27.86#18.37
-97.5148,32.0899#53.78#27.86#18.36
-97.4613,32.0908#53.79#27.87#18.34
-97.4078,32.0916#53.8#27.87#18.33
-97.3544,32.0924#53.8#27.87#18.33
-97.3009,32.0931#53.81#27.87#18.32
-97.2474,32.0939#53.81#27.88#18.31
-97.1939,32.0946#53.82#27.88#18.3
-97.1404,32.0954#53.82#27.88#18.3
-97.0869,32.0961#53.83#27.89#18.28
-97.0335,32.0968#53.83#27.89#18.28
-96.98,32.0974#53.83#27.89#18.28
-96.9265,32.0981#53.82#27.89#18.29
-96.873,32.0987#53.81#27.9#18.29
-96.8195,32.0993#53.8#27.9#18.3
-96.766,32.0999#53.8#27.9#18.3
-96.7125,32.1005#53.79#27.9#18.31
-96.6591,32.1011#53.78#27.9#18.32
-96.6056,32.1016#53.77#27.91#18.32
-96.5521,32.1022#53.76#27.91#18.33
-96.4986,32.1027#53.75#27.91#18.34
-96.4451,32.1032#53.73#27.91#18.36
-96.3916,32.1036#53.71#27.92#18.37
-96.3381,32.1041#53.69#27.92#18.39
-96.2846,32.1045#53.67#27.92#18.41
-96.2311,32.1049#53.64#27.92#18.44
-96.1776,32.1053#53.62#27.93#18.45
-96.1241,32.1057#53.6#27.93#18.47
-96.0707,32.1061#53.58#27.93#18.49
-96.0172,32.1064#53.56#27.93#18.51
-95.9637,32.1068#53.53#27.93#18.54
-95.9102,32.1071#53.5#27.94#18.56
-95.8567,32.1074#53.46#27.94#18.6
-95.8032,32.1077#53.43#27.94#18.63
-95.7497,32.1079#53.39#27.94#18.67
-95.6962,32.1082#53.36#27.95#18.69
-95.6427,32.1084#53.32#27.95#18.73
-95.5892,32.1086#53.29#27.95#18.76
-95.5357,32.1088#53.25#27.95#18.8
-95.4822,32.109#53.22#27.95#18.83
-95.4287,32.1091#53.17#27.96#18.87
-95.3752,32.1092#53.13#27.96#18.91
-95.3217,32.1094#53.09#27.96#18.95
-95.2682,32.1095#53.05#27.96#18.99
-95.2147,32.1095#53.01#27.96#19.03
-95.1612,32.1096#52.97#27.96#19.07
-95.1077,32.1096#52.93#27.97#19.1
-95.0542,32.1097#52.89#27.97#19.14
-95.0007,32.1097#52.85#27.97#19.18
-94.9472,32.1097#52.8#27.97#19.23
-94.8937,32.1096#52.74#27.97#19.29
-94.8402,32.1096#52.69#27.98#19.33
-94.7868,32.1095#52.64#27.98#19.38
-94.7333,32.1095#52.59#27.98#19.43
-94.6798,32.1094#52.53#27.98#19.49
-94.6263,32.1092#52.48#27.99#19.53
-94.5728,32.1091#52.43#27.99#19.58
-94.5193,32.109#52.38#27.99#19.63
-94.4658,32.1088#52.33#28#19.67
-94.4123,32.1086#52.27#28.01#19.72
-94.3588,32.1084#52.22#28.01#19.77
-94.3053,32.1082#52.17#28.02#19.81
-94.2518,32.1079#52.12#28.03#19.85
-94.1983,32.1077#52.07#28.04#19.89
-94.1448,32.1074#52.02#28.05#19.93
-94.0913,32.1071#51.96#28.06#19.98
-94.0378,32.1068#51.91#28.07#20.02
-93.9843,32.1065#51.86#28.08#20.06
-93.9308,32.1061#51.78#28.09#20.13
-93.8773,32.1057#51.71#28.11#20.18
-93.8238,32.1054#51.64#28.13#20.23
-93.7703,32.105#51.57#28.15#20.28
-93.7169,32.1045#51.5#28.16#20.34
-93.6634,32.1041#51.43#28.18#20.39
-93.6099,32.1036#51.35#28.2#20.45
-93.5564,32.1032#51.28#28.21#20.51
-93.5029,32.1027#51.21#28.23#20.56
-93.4494,32.1022#51.14#28.25#20.61
-93.3959,32.1016#51.07#28.27#20.66
-93.3424,32.1011#51#28.3#20.7
-93.2889,32.1005#50.93#28.32#20.75
-93.2354,32.1#50.86#28.34#20.8
-93.182,32.0994#50.79#28.36#20.85
-93.1285,32.0987#50.72#28.39#20.89
-93.075,32.0981#50.65#28.41#20.94
-93.0215,32.0974#50.58#28.43#20.99
-92.968,32.0968#50.51#28.45#21.04
-92.9145,32.0961#50.45#28.48#21.07
-92.8611,32.0954#50.38#28.5#21.12
-92.8076,32.0947#50.32#28.52#21.16
-92.7541,32.0939#50.26#28.54#21.2
-92.7006,32.0932#50.19#28.56#21.25
-92.6471,32.0924#50.13#28.58#21.29
-92.5936,32.0916#50.07#28.6#21.33
-92.5402,32.0908#50#28.62#21.38
-92.4867,32.0899#49.94#28.64#21.42
-92.4332,32.0891#49.89#28.64#21.47
-92.3797,32.0882#49.84#28.65#21.51
-92.3263,32.0873#49.78#28.65#21.57
-92.2728,32.0864#49.73#28.66#21.61
-92.2193,32.0855#49.68#28.66#21.66
-92.1658,32.0846#49.63#28.66#21.71
-92.1124,32.0836#49.58#28.67#21.75
-92.0589,32.0827#49.53#28.67#21.8
-92.0054,32.0817#49.47#28.68#21.85
-91.9519,32.0806#49.42#28.67#21.91
-91.8985,32.0796#49.37#28.67#21.96
-91.845,32.0786#49.32#28.66#22.02
-91.7915,32.0775#49.27#28.66#22.07
-91.7381,32.0764#49.22#28.65#22.13
-91.6846,32.0753#49.16#28.65#22.19
-91.6311,32.0742#49.11#28.64#22.25
-91.5777,32.0731#49.06#28.64#22.3
-91.5242,32.0719#49.01#28.63#22.36
-91.4708,32.0708#48.96#28.62#22.42
-91.4173,32.0696#48.91#28.62#22.47
-91.3638,32.0684#48.86#28.61#22.53
-91.3104,32.0671#48.81#28.6#22.59
-91.2569,32.0659#48.75#28.6#22.65
-91.2035,32.0646#48.7#28.59#22.71
-91.15,32.0634#48.65#28.59#22.76
-91.0966,32.0621#48.6#28.58#22.82
-91.0431,32.0607#48.55#28.57#22.88
-90.9897,32.0594#48.5#28.57#22.93
-90.9362,32.0581#48.45#28.56#22.99
-90.8828,32.0567#48.4#28.56#23.04
-90.8293,32.0553#48.35#28.55#23.1
-90.7759,32.0539#48.3#28.54#23.16
-90.7224,32.0525#48.25#28.54#23.21
-90.669,32.0511#48.2#28.53#23.27
-90.6155,32.0496#48.15#28.53#23.32
-90.5621,32.0481#48.1#28.52#23.38
-90.5087,32.0466#48.05#28.52#23.43
-90.4552,32.0451#48#28.51#23.49
-90.4018,32.0436#47.95#28.5#23.55
-90.3484,32.042#47.9#28.5#23.6
-90.2949,32.0405#47.85#28.49#23.66
-90.2415,32.0389#47.79#28.48#23.73
-90.1881,32.0373#47.74#28.48#23.78
-90.1346,32.0357#47.69#28.47#23.84
-90.0812,32.0341#47.64#28.47#23.89
-90.0278,32.0324#47.59#28.46#23.95
-89.9744,32.0307#47.54#28.45#24.01
-89.9209,32.029#47.5#28.44#24.06
-89.8675,32.0273#47.46#28.43#24.11
-89.8141,32.0256#47.41#28.41#24.18
-89.7607,32.0239#47.37#28.4#24.23
-89.7073,32.0221#47.32#28.39#24.29
-89.6538,32.0203#47.28#28.37#24.35
-89.6004,32.0185#47.24#28.36#24.4
-89.547,32.0167#47.19#28.35#24.46
-89.4936,32.0149#47.15#28.33#24.52
-89.4402,32.013#47.11#28.32#24.57
-89.3868,32.0112#47.07#28.3#24.63
-89.3334,32.0093#47.04#28.28#24.68
-89.28,32.0074#47#28.26#24.74
-89.2266,32.0055#46.96#28.24#24.8
-89.1732,32.0035#46.93#28.22#24.85
-89.1198,32.0016#46.89#28.2#24.91
-89.0664,31.9996#46.85#28.18#24.97
-89.013,31.9976#46.82#28.17#25.01
-88.9596,31.9956#46.79#28.14#25.07
-88.9062,31.9936#46.76#28.12#25.12
-88.8528,31.9915#46.73#28.09#25.18
-88.7995,31.9895#46.7#28.06#25.24
-88.7461,31.9874#46.67#28.04#25.29
-88.6927,31.9853#46.65#28.01#25.34
-88.6393,31.9832#46.62#27.98#25.4
-88.5859,31.981#46.59#27.96#25.45
-88.5326,31.9789#46.56#27.93#25.51
-88.4792,31.9767#46.54#27.9#25.56
-88.4258,31.9745#46.52#27.88#25.6
-88.3724,31.9723#46.51#27.86#25.63
-88.3191,31.9701#46.49#27.83#25.68
-88.2657,31.9678#46.48#27.81#25.71
-88.2123,31.9656#46.46#27.79#25.75
-88.159,31.9633#46.44#27.76#25.8
-88.1056,31.961#46.43#27.74#25.83
-88.0523,31.9587#46.41#27.72#25.87
-87.9989,31.9564#46.4#27.7#25.9
-87.9456,31.954#46.4#27.68#25.92
-87.8922,31.9516#46.4#27.67#25.93
-87.8389,31.9493#46.4#27.65#25.95
-87.7855,31.9469#46.4#27.64#25.96
-87.7322,31.9444#46.39#27.63#25.98
-87.6788,31.942#46.39#27.61#26
-87.6255,31.9395#46.39#27.6#26.01
-87.5721,31.9371#46.39#27.59#26.02
-87.5188,31.9346#46.39#27.57#26.04
-87.4655,31.9321#46.4#27.56#26.04
-87.4121,31.9295#46.41#27.55#26.04
-87.3588,31.927#46.42#27.55#26.03
-87.3055,31.9244#46.44#27.54#26.02
-87.2522,31.9219#46.45#27.53#26.02
-87.1988,31.9193#46.46#27.52#26.02
-87.1455,31.9166#46.47#27.51#26.02
-87.0922,31.914#46.49#27.5#26.01
-87.0389,31.9114#46.5#27.49#26.01
-86.9856,31.9087#46.51#27.48#26.01
-86.9323,31.906#46.53#27.48#25.99
-86.879,31.9033#46.55#27.47#25.98
-86.8257,31.9006#46.56#27.46#25.98
-103.979,31.9028#38.51#28.05#33.44
-103.925,31.9058#38.67#28.05#33.28
-103.872,31.9087#38.83#28.04#33.13
-103.819,31.9117#38.99#28.03#32.98
-103.765,31.9146#39.15#28.03#32.82
-103.712,31.9175#39.31#28.02#32.67
-103.659,31.9204#39.48#28.01#32.51
-103.606,31.9233#39.64#28.01#32.35
-103.552,31.9262#39.8#28#32.2
-103.499,31.929#39.96#27.99#32.05
-103.446,31.9319#40.29#27.99#31.72
-103.392,31.9347#40.61#27.98#31.41
-103.339,31.9375#40.93#27.97#31.1
-103.286,31.9403#41.25#27.97#30.78
-103.232,31.943#41.57#27.96#30.47
-103.179,31.9458#41.89#27.95#30.16
-103.126,31.9485#42.21#27.95#29.84
-103.072,31.9512#42.52#27.94#29.54
-103.019,31.9539#42.84#27.93#29.23
-102.966,31.9566#43.11#27.92#28.97
-102.912,31.9592#43.36#27.91#28.73
-102.859,31.9618#43.61#27.9#28.49
-102.806,31.9645#43.86#27.9#28.24
-102.752,31.9671#44.1#27.89#28.01
-102.699,31.9696#44.35#27.88#27.77
-102.646,31.9722#44.6#27.87#27.53
-102.592,31.9748#44.84#27.86#27.3
-102.539,31.9773#45.09#27.85#27.06
-102.486,31.9798#45.31#27.84#26.85
-102.432,31.9823#45.49#27.83#26.68
-102.379,31.9848#45.66#27.82#26.52
-102.326,31.9872#45.84#27.82#26.34
-102.272,31.9897#46.01#27.81#26.18
-102.219,31.9921#46.19#27.8#26.01
-102.165,31.9945#46.36#27.79#25.85
-102.112,31.9969#46.54#27.78#25.68
-102.059,31.9992#46.71#27.78#25.51
-102.005,32.0016#46.89#27.77#25.34
-101.952,32.0039#47.05#27.76#25.19
-101.899,32.0062#47.21#27.76#25.03
-101.845,32.0085#47.36#27.75#24.89
-101.792,32.0108#47.52#27.74#24.74
-101.738,32.0131#47.68#27.74#24.58
-101.685,32.0153#47.83#27.73#24.44
-101.632,32.0175#47.99#27.73#24.28
-101.578,32.0197#48.15#27.72#24.13
-101.525,32.0219#48.3#27.71#23.99
-101.471,32.0241#48.43#27.71#23.86
-101.418,32.0263#48.54#27.71#23.75
-101.365,32.0284#48.65#27.71#23.64
-101.311,32.0305#48.76#27.71#23.53
-101.258,32.0326#48.87#27.7#23.43
-101.204,32.0347#48.98#27.7#23.32
-101.151,32.0368#49.1#27.7#23.2
-101.098,32.0388#49.21#27.7#23.09
-101.044,32.0408#49.32#27.7#22.98
-100.991,32.0428#49.43#27.7#22.87
-100.937,32.0448#49.55#27.7#22.75
-100.884,32.0468#49.66#27.7#22.64
