-97.5782,41.9003#27.69#60.01#12.3
-97.5196,41.9011#27.7#59.95#12.35
-97.4611,41.9019#27.71#59.89#12.4
-97.4025,41.9027#27.73#59.84#12.43
-97.3439,41.9035#27.74#59.78#12.48
-97.2854,41.9042#27.76#59.73#12.51
-97.2268,41.9049#27.78#59.68#12.54
-97.1682,41.9056#27.8#59.62#12.58
-97.1097,41.9063#27.81#59.57#12.62
-97.0511,41.907#27.83#59.52#12.65
-96.9925,41.9076#27.85#59.47#12.68
-96.934,41.9083#27.87#59.42#12.71
-96.8754,41.9089#27.9#59.37#12.73
-96.8168,41.9095#27.92#59.32#12.76
-96.7582,41.91#27.95#59.28#12.77
-96.6997,41.9106#27.97#59.23#12.8
-96.6411,41.9111#28#59.18#12.82
-96.5825,41.9117#28.02#59.14#12.84
-96.5239,41.9122#28.05#59.09#12.86
-96.4654,41.9126#28.08#59.04#12.88
-96.4068,41.9131#28.13#58.99#12.88
-96.3482,41.9135#28.17#58.94#12.89
-96.2896,41.914#28.21#58.89#12.9
-96.231,41.9144#28.26#58.84#12.9
-96.1725,41.9148#28.3#58.79#12.91
-96.1139,41.9151#28.34#58.74#12.92
-96.0553,41.9155#28.39#58.69#12.92
-95.9967,41.9158#28.43#58.64#12.93
-95.9381,41.9161#28.47#58.57#12.96
-95.8796,41.9164#28.51#58.51#12.98
-95.821,41.9167#28.55#58.45#13
-95.7624,41.9169#28.59#58.39#13.02
-95.7038,41.9172#28.63#58.33#13.04
-95.6452,41.9174#28.67#58.27#13.06
-95.5866,41.9176#28.71#58.21#13.08
-95.5281,41.9178#28.75#58.15#13.1
-95.4695,41.9179#28.78#58.09#13.13
-95.4109,41.9181#28.8#58.03#13.17
-95.3523,41.9182#28.81#57.97#13.22
-95.2937,41.9183#28.83#57.91#13.26
-95.2351,41.9184#28.85#57.85#13.3
-95.1766,41.9184#28.87#57.8#13.33
-95.118,41.9185#28.88#57.74#13.38
-95.0594,41.9185#28.9#57.68#13.42
-95.0008,41.9185#28.92#57.62#13.46
-94.9422,41.9185#28.91#57.55#13.54
-94.8836,41.9185#28.9#57.49#13.61
-94.8251,41.9184#28.89#57.42#13.69
-94.7665,41.9184#28.88#57.36#13.76
-94.7079,41.9183#28.87#57.29#13.84
-94.6493,41.9182#28.86#57.23#13.91
-94.5907,41.9181#28.85#57.16#13.99
-94.5321,41.9179#28.84#57.1#14.06
-94.4736,41.9178#28.82#57.04#14.14
-94.415,41.9176#28.79#56.97#14.24
-94.3564,41.9174#28.77#56.91#14.32
-94.2978,41.9172#28.74#56.85#14.41
-94.2392,41.9169#28.71#56.79#14.5
-94.1806,41.9167#28.68#56.72#14.6
-94.1221,41.9164#28.66#56.66#14.68
-94.0635,41.9161#28.63#56.6#14.77
-94.0049,41.9158#28.6#56.54#14.86
-93.9463,41.9155#28.55#56.47#14.98
-93.8877,41.9151#28.5#56.4#15.1
-93.8292,41.9148#28.45#56.34#15.21
-93.7706,41.9144#28.4#56.27#15.33
-93.712,41.914#28.34#56.2#15.46
-93.6534,41.9136#28.29#56.14#15.57
-93.5948,41.9131#28.24#56.07#15.69
-93.5363,41.9127#28.19#56.01#15.8
-93.4777,41.9122#28.14#55.94#15.92
-93.4191,41.9117#28.09#55.86#16.05
-93.3605,41.9112#28.05#55.79#16.16
-93.302,41.9106#28#55.71#16.29
-93.2434,41.9101#27.95#55.63#16.42
-93.1848,41.9095#27.91#55.56#16.53
-93.1262,41.9089#27.86#55.48#16.66
-93.0677,41.9083#27.82#55.41#16.77
-93.0091,41.9077#27.77#55.33#16.9
-92.9505,41.907#27.75#55.26#16.99
-92.8919,41.9063#27.73#55.19#17.08
-92.8334,41.9056#27.71#55.11#17.18
-92.7748,41.9049#27.69#55.04#17.27
-92.7162,41.9042#27.67#54.96#17.37
-92.6577,41.9035#27.66#54.89#17.45
-92.5991,41.9027#27.64#54.82#17.54
-92.5405,41.9019#27.62#54.74#17.64
-92.482,41.9011#27.6#54.67#17.73
-92.4234,41.9003#27.6#54.6#17.8
-99.7463,41.9003#27.6#62.56#9.84
-99.6877,41.9018#27.6#62.66#9.74000000000001
-99.6292,41.9033#27.6#62.76#9.64
-99.5706,41.9048#27.61#62.85#9.53999999999999
-99.5121,41.9063#27.61#62.95#9.44
-99.4535,41.9077#27.61#62.89#9.5
-99.395,41.9091#27.61#62.79#9.59999999999999
-99.3364,41.9105#27.61#62.68#9.71000000000001
-99.2779,41.9119#27.61#62.58#9.81
-99.2193,41.9133#27.62#62.48#9.90000000000001
-99.1608,41.9146#27.62#62.39#9.98999999999999
-99.1022,41.916#27.62#62.29#10.09
-99.0437,41.9173#27.62#62.19#10.19
-98.9851,41.9186#27.62#62.09#10.29
-98.9266,41.9198#27.62#62#10.38
-98.868,41.9211#27.63#61.9#10.47
-98.8094,41.9223#27.63#61.81#10.56
-98.7509,41.9235#27.63#61.71#10.66
-98.6923,41.9247#27.63#61.62#10.75
-98.6337,41.9259#27.64#61.53#10.83
-98.5752,41.9271#27.64#61.43#10.93
-98.5166,41.9282#27.64#61.34#11.02
-98.458,41.9293#27.64#61.25#11.11
-98.3995,41.9304#27.65#61.16#11.19
-98.3409,41.9315#27.65#61.07#11.28
-98.2823,41.9326#27.65#60.98#11.37
-98.2237,41.9336#27.65#60.89#11.46
-98.1652,41.9347#27.66#60.8#11.54
-98.1066,41.9357#27.66#60.7#11.64
-98.048,41.9367#27.66#60.61#11.73
-97.9894,41.9376#27.66#60.53#11.81
-97.9308,41.9386#27.67#60.47#11.86
-97.8723,41.9395#27.67#60.4#11.93
-97.8137,41.9404#27.68#60.34#11.98
-97.7551,41.9413#27.68#60.28#12.04
-97.6965,41.9422#27.69#60.22#12.09
-97.6379,41.943#27.69#60.16#12.15
-97.5793,41.9439#27.7#60.1#12.2
-97.5207,41.9447#27.7#60.04#12.26
-97.4621,41.9455#27.71#59.98#12.31
-97.4036,41.9463#27.73#59.93#12.34
-97.345,41.9471#27.74#59.88#12.38
-97.2864,41.9478#27.76#59.83#12.41
-97.2278,41.9485#27.78#59.78#12.44
-97.1692,41.9492#27.79#59.73#12.48
-97.1106,41.9499#27.81#59.68#12.51
-97.052,41.9506#27.82#59.63#12.55
-96.9934,41.9512#27.84#59.58#12.58
-96.9348,41.9519#27.86#59.54#12.6
-96.8762,41.9525#27.89#59.49#12.62
-96.8176,41.9531#27.91#59.45#12.64
-96.759,41.9537#27.94#59.41#12.65
-96.7004,41.9542#27.96#59.36#12.68
-96.6418,41.9547#27.99#59.32#12.69
-96.5832,41.9553#28.01#59.27#12.72
-96.5246,41.9558#28.03#59.23#12.74
-96.466,41.9562#28.07#59.18#12.75
-96.4074,41.9567#28.11#59.14#12.75
-96.3488,41.9571#28.15#59.09#12.76
-96.2902,41.9576#28.19#59.04#12.77
-96.2316,41.958#28.23#58.99#12.78
-96.173,41.9584#28.28#58.95#12.77
-96.1144,41.9587#28.32#58.9#12.78
-96.0558,41.9591#28.36#58.85#12.79
-95.9972,41.9594#28.4#58.8#12.8
-95.9385,41.9597#28.44#58.74#12.82
-95.8799,41.96#28.48#58.68#12.84
-95.8213,41.9603#28.52#58.62#12.86
-95.7627,41.9605#28.57#58.56#12.87
-95.7041,41.9608#28.61#58.49#12.9
-95.6455,41.961#28.65#58.43#12.92
-95.5869,41.9612#28.69#58.37#12.94
-95.5283,41.9614#28.73#58.31#12.96
-95.4697,41.9615#28.76#58.25#12.99
-95.4111,41.9617#28.78#58.19#13.03
-95.3525,41.9618#28.8#58.13#13.07
-95.2939,41.9619#28.82#58.07#13.11
-95.2352,41.962#28.84#58.01#13.15
-95.1766,41.9621#28.86#57.95#13.19
-95.118,41.9621#28.88#57.89#13.23
-95.0594,41.9621#28.9#57.83#13.27
-95.0008,41.9621#28.92#57.77#13.31
-94.9422,41.9621#28.91#57.7#13.39
-94.8836,41.9621#28.9#57.64#13.46
-94.825,41.9621#28.9#57.57#13.53
-94.7664,41.962#28.89#57.5#13.61
-94.7078,41.9619#28.88#57.44#13.68
-94.6492,41.9618#28.87#57.37#13.76
-94.5905,41.9617#28.87#57.31#13.82
-94.5319,41.9615#28.86#57.24#13.9
-94.4733,41.9614#28.84#57.17#13.99
-94.4147,41.9612#28.81#57.11#14.08
-94.3561,41.961#28.79#57.05#14.16
-94.2975,41.9608#28.76#56.98#14.26
-94.2389,41.9605#28.74#56.92#14.34
-94.1803,41.9603#28.71#56.86#14.43
-94.1217,41.96#28.68#56.79#14.53
-94.0631,41.9597#28.66#56.73#14.61
-94.0045,41.9594#28.63#56.67#14.7
-93.9459,41.9591#28.58#56.6#14.82
-93.8873,41.9587#28.53#56.53#14.94
-93.8286,41.9584#28.48#56.46#15.06
-93.77,41.958#28.43#56.39#15.18
-93.7114,41.9576#28.38#56.32#15.3
-93.6528,41.9572#28.33#56.26#15.41
-93.5942,41.9567#28.28#56.19#15.53
-93.5356,41.9563#28.23#56.12#15.65
-93.477,41.9558#28.18#56.05#15.77
-93.4184,41.9553#28.13#55.97#15.9
-93.3598,41.9548#28.09#55.89#16.02
-93.3012,41.9542#28.04#55.82#16.14
-93.2426,41.9537#27.99#55.74#16.27
-93.184,41.9531#27.94#55.66#16.4
-93.1254,41.9525#27.89#55.59#16.52
-93.0668,41.9519#27.85#55.51#16.64
-93.0082,41.9513#27.8#55.43#16.77
-92.9496,41.9506#27.77#55.36#16.87
-92.891,41.9499#27.75#55.28#16.97
-92.8324,41.9492#27.73#55.21#17.06
-92.7738,41.9485#27.71#55.13#17.16
-92.7153,41.9478#27.69#55.06#17.25
-92.6567,41.9471#27.67#54.98#17.35
-92.5981,41.9463#27.65#54.91#17.44
-92.5395,41.9455#27.63#54.83#17.54
-92.4809,41.9447#27.61#54.76#17.63
-92.4223,41.9439#27.6#54.69#17.71
-92.3637,41.9431#27.6#54.62#17.78
-92.3051,41.9422#27.59#54.55#17.86
-92.2465,41.9413#27.58#54.48#17.94
-92.188,41.9404#27.58#54.41#18.01
-92.1294,41.9395#27.57#54.34#18.09
-92.0708,41.9386#27.57#54.27#18.16
-92.0122,41.9376#27.56#54.2#18.24
-91.9536,41.9367#27.56#54.13#18.31
-91.895,41.9357#27.56#54.07#18.37
-91.8365,41.9347#27.56#54#18.44
-91.7779,41.9337#27.56#53.94#18.5
-91.7193,41.9326#27.56#53.88#18.56
-91.6607,41.9315#27.56#53.81#18.63
-91.6022,41.9305#27.56#53.75#18.69
-91.5436,41.9294#27.56#53.68#18.76
-91.485,41.9282#27.56#53.62#18.82
-91.4264,41.9271#27.56#53.56#18.88
-91.3679,41.9259#27.56#53.51#18.93
-91.3093,41.9248#27.57#53.45#18.98
-91.2507,41.9236#27.57#53.39#19.04
-91.1922,41.9224#27.57#53.33#19.1
-91.1336,41.9211#27.58#53.27#19.15
-91.0751,41.9199#27.58#53.21#19.21
-91.0165,41.9186#27.58#53.16#19.26
-90.9579,41.9173#27.59#53.1#19.31
-90.8994,41.916#27.59#53.05#19.36
-90.8408,41.9147#27.6#52.99#19.41
-90.7823,41.9133#27.6#52.94#19.46
-90.7237,41.912#27.61#52.89#19.5
-90.6652,41.9106#27.61#52.83#19.56
-90.6066,41.9092#27.62#52.78#19.6
-90.5481,41.9078#27.62#52.72#19.66
-90.4895,41.9063#27.62#52.67#19.71
-90.431,41.9048#27.63#52.62#19.75
-90.3724,41.9034#27.64#52.57#19.79
-90.3139,41.9019#27.64#52.53#19.83
-90.2554,41.9004#27.65#52.48#19.87
-101.153,41.9018#27.59#63.26#9.15000000000001
-101.095,41.9038#27.59#63.19#9.22
-101.036,41.9058#27.59#63.12#9.29000000000001
-100.978,41.9077#27.59#63.05#9.36
-100.919,41.9096#27.59#62.98#9.43000000000001
-100.861,41.9115#27.59#62.92#9.48999999999999
-100.802,41.9134#27.59#62.85#9.56
-100.744,41.9152#27.59#62.78#9.63
-100.685,41.9171#27.59#62.72#9.69
-100.627,41.9189#27.6#62.65#9.75
-100.568,41.9207#27.6#62.58#9.81999999999999
-100.509,41.9225#27.6#62.52#9.88
-100.451,41.9242#27.6#62.48#9.92
-100.392,41.926#27.6#62.44#9.96000000000001
-100.334,41.9277#27.6#62.4#10
-100.275,41.9294#27.6#62.37#10.03
-100.217,41.9311#27.6#62.33#10.07
-100.158,41.9328#27.6#62.3#10.1
-100.1,41.9344#27.6#62.26#10.14
-100.041,41.936#27.61#62.22#10.17
-99.9825,41.9376#27.61#62.23#10.16
-99.924,41.9392#27.61#62.31#10.08
-99.8654,41.9408#27.61#62.4#9.99000000000001
-99.8069,41.9424#27.61#62.48#9.91
-99.7483,41.9439#27.61#62.57#9.81999999999999
-99.6897,41.9454#27.61#62.65#9.74000000000001
-99.6312,41.9469#27.62#62.73#9.65000000000001
-99.5726,41.9484#27.62#62.81#9.56999999999999
-99.514,41.9499#27.62#62.89#9.48999999999999
-99.4555,41.9513#27.62#62.84#9.53999999999999
-99.3969,41.9527#27.62#62.74#9.64
-99.3383,41.9541#27.62#62.65#9.73
-99.2797,41.9555#27.62#62.56#9.81999999999999
-99.2212,41.9569#27.63#62.46#9.91
-99.1626,41.9582#27.63#62.37#10
-99.104,41.9595#27.63#62.28#10.09
-99.0454,41.9609#27.63#62.19#10.18
-98.9868,41.9621#27.63#62.1#10.27
-98.9283,41.9634#27.63#62.01#10.36
-98.8697,41.9647#27.64#61.92#10.44
-98.8111,41.9659#27.64#61.83#10.53
-98.7525,41.9671#27.64#61.74#10.62
-98.6939,41.9683#27.64#61.65#10.71
-98.6353,41.9695#27.64#61.56#10.8
-98.5767,41.9707#27.65#61.47#10.88
-98.5181,41.9718#27.65#61.38#10.97
-98.4595,41.9729#27.65#61.29#11.06
-98.4009,41.974#27.65#61.2#11.15
-98.3423,41.9751#27.66#61.11#11.23
-98.2837,41.9762#27.66#61.02#11.32
-98.2251,41.9772#27.66#60.93#11.41
-98.1665,41.9782#27.66#60.85#11.49
-98.1079,41.9792#27.67#60.76#11.57
-98.0493,41.9802#27.67#60.67#11.66
-97.9907,41.9812#27.67#60.59#11.74
-97.9321,41.9822#27.68#60.53#11.79
-97.8735,41.9831#27.68#60.47#11.85
-97.8149,41.984#27.68#60.41#11.91
-97.7563,41.9849#27.69#60.36#11.95
-97.6977,41.9858#27.69#60.3#12.01
-97.6391,41.9866#27.7#60.24#12.06
-97.5804,41.9875#27.7#60.18#12.12
-97.5218,41.9883#27.71#60.13#12.16
-97.4632,41.9891#27.72#60.08#12.2
-97.4046,41.9899#27.73#60.03#12.24
-97.346,41.9906#27.74#59.98#12.28
-97.2874,41.9914#27.76#59.93#12.31
-97.2287,41.9921#27.77#59.89#12.34
-97.1701,41.9928#27.79#59.84#12.37
-97.1115,41.9935#27.8#59.79#12.41
-97.0529,41.9942#27.81#59.75#12.44
-96.9943,41.9948#27.83#59.7#12.47
-96.9356,41.9955#27.85#59.66#12.49
-96.877,41.9961#27.88#59.62#12.5
-96.8184,41.9967#27.9#59.58#12.52
-96.7598,41.9972#27.92#59.54#12.54
-96.7011,41.9978#27.95#59.49#12.56
-96.6425,41.9983#27.97#59.45#12.58
-96.5839,41.9989#28#59.41#12.59
-96.5253,41.9994#28.02#59.37#12.61
-96.4666,41.9998#28.05#59.33#12.62
-96.408,42.0003#28.09#59.28#12.63
-96.3494,42.0007#28.13#59.24#12.63
-96.2907,42.0012#28.17#59.19#12.64
-96.2321,42.0016#28.21#59.15#12.64
-96.1735,42.002#28.25#59.11#12.64
-96.1149,42.0023#28.29#59.06#12.65
-96.0562,42.0027#28.33#59.02#12.65
-95.9976,42.003#28.37#58.97#12.66
-95.939,42.0033#28.42#58.91#12.67
-95.8803,42.0036#28.46#58.85#12.69
-95.8217,42.0039#28.5#58.78#12.72
-95.7631,42.0041#28.54#58.72#12.74
-95.7044,42.0044#28.59#58.66#12.75
-95.6458,42.0046#28.63#58.59#12.78
-95.5872,42.0048#28.67#58.53#12.8
-95.5285,42.005#28.72#58.47#12.81
-95.4699,42.0051#28.75#58.4#12.85
-95.4113,42.0053#28.77#58.34#12.89
-95.3526,42.0054#28.79#58.28#12.93
-95.294,42.0055#28.81#58.22#12.97
-95.2354,42.0056#28.83#58.16#13.01
-95.1767,42.0056#28.85#58.1#13.05
-95.1181,42.0057#28.87#58.04#13.09
-95.0594,42.0057#28.9#57.98#13.12
-95.0008,42.0057#28.92#57.92#13.16
-94.9422,42.0057#28.91#57.85#13.24
-94.8835,42.0057#28.91#57.79#13.3
-94.8249,42.0056#28.9#57.72#13.38
-94.7663,42.0056#28.9#57.65#13.45
-94.7076,42.0055#28.89#57.58#13.53
-94.649,42.0054#28.89#57.51#13.6
-94.5904,42.0053#28.88#57.45#13.67
-94.5317,42.0051#28.88#57.38#13.74
-94.4731,42.005#28.86#57.31#13.83
-94.4145,42.0048#28.84#57.25#13.91
-94.3558,42.0046#28.81#57.18#14.01
-94.2972,42.0044#28.79#57.12#14.09
-94.2386,42.0041#28.76#57.05#14.19
-94.1799,42.0039#28.73#56.99#14.28
-94.1213,42.0036#28.71#56.92#14.37
-94.0627,42.0033#28.68#56.86#14.46
-94.004,42.003#28.66#56.79#14.55
-93.9454,42.0027#28.61#56.72#14.67
-93.8868,42.0023#28.56#56.65#14.79
-93.8281,42.002#28.52#56.58#14.9
-93.7695,42.0016#28.47#56.51#15.02
-93.7109,42.0012#28.42#56.44#15.14
-93.6522,42.0007#28.37#56.37#15.26
-93.5936,42.0003#28.32#56.3#15.38
-93.535,41.9998#28.28#56.23#15.49
-93.4764,41.9994#28.23#56.16#15.61
-93.4177,41.9989#28.18#56.08#15.74
-93.3591,41.9983#28.13#56#15.87
-93.3005,41.9978#28.08#55.93#15.99
-93.2419,41.9973#28.03#55.85#16.12
-93.1832,41.9967#27.98#55.77#16.25
-93.1246,41.9961#27.93#55.69#16.38
-93.066,41.9955#27.87#55.61#16.52
-93.0074,41.9948#27.82#55.53#16.65
-92.9487,41.9942#27.8#55.46#16.74
-92.8901,41.9935#27.77#55.38#16.85
-92.8315,41.9928#27.75#55.3#16.95
-92.7729,41.9921#27.73#55.23#17.04
-92.7143,41.9914#27.7#55.15#17.15
-92.6556,41.9907#27.68#55.08#17.24
-92.597,41.9899#27.66#55#17.34
-92.5384,41.9891#27.63#54.92#17.45
-92.4798,41.9883#27.61#54.85#17.54
-92.4212,41.9875#27.61#54.78#17.61
-92.3626,41.9867#27.6#54.71#17.69
-92.304,41.9858#27.59#54.63#17.78
-92.2453,41.9849#27.59#54.56#17.85
-92.1867,41.984#27.58#54.49#17.93
-92.1281,41.9831#27.57#54.42#18.01
-92.0695,41.9822#27.57#54.35#18.08
-92.0109,41.9812#27.56#54.28#18.16
-91.9523,41.9803#27.56#54.21#18.23
-91.8937,41.9793#27.56#54.15#18.29
-91.8351,41.9783#27.56#54.08#18.36
-91.7765,41.9772#27.56#54.02#18.42
-91.7179,41.9762#27.56#53.95#18.49
-91.6593,41.9751#27.55#53.89#18.56
-91.6007,41.974#27.55#53.82#18.63
-91.5421,41.9729#27.55#53.76#18.69
-91.4835,41.9718#27.55#53.7#18.75
-91.4249,41.9707#27.56#53.64#18.8
-91.3663,41.9695#27.56#53.58#18.86
-91.3077,41.9684#27.56#53.52#18.92
-91.2491,41.9672#27.56#53.46#18.98
-91.1905,41.9659#27.57#53.4#19.03
-91.132,41.9647#27.57#53.34#19.09
-91.0734,41.9635#27.57#53.29#19.14
-91.0148,41.9622#27.58#53.23#19.19
-90.9562,41.9609#27.58#53.17#19.25
-90.8976,41.9596#27.58#53.12#19.3
-90.839,41.9583#27.59#53.06#19.35
-90.7805,41.9569#27.59#53.01#19.4
-90.7219,41.9555#27.6#52.95#19.45
-90.6633,41.9542#27.6#52.9#19.5
-90.6047,41.9528#27.61#52.85#19.54
-90.5462,41.9513#27.61#52.79#19.6
-90.4876,41.9499#27.62#52.74#19.64
-90.429,41.9484#27.62#52.69#19.69
-90.3704,41.947#27.63#52.64#19.73
-90.3119,41.9455#27.63#52.59#19.78
-90.2533,41.9439#27.64#52.54#19.82
-90.1948,41.9424#27.65#52.49#19.86
-90.1362,41.9409#27.65#52.45#19.9
-90.0776,41.9393#27.66#52.4#19.94
-90.0191,41.9377#27.66#52.35#19.99
-89.9605,41.9361#27.67#52.3#20.03
-89.902,41.9344#27.68#52.26#20.06
-89.8434,41.9328#27.68#52.21#20.11
-89.7849,41.9311#27.69#52.17#20.14
-89.7263,41.9294#27.7#52.12#20.18
-89.6678,41.9277#27.7#52.08#20.22
-89.6092,41.926#27.71#52.03#20.26
-89.5507,41.9243#27.72#51.99#20.29
-89.4922,41.9225#27.72#51.94#20.34
-89.4336,41.9207#27.73#51.9#20.37
-89.3751,41.9189#27.74#51.86#20.4
-89.3165,41.9171#27.75#51.82#20.43
-89.258,41.9153#27.75#51.78#20.47
-89.1995,41.9134#27.76#51.73#20.51
-89.141,41.9116#27.77#51.69#20.54
-89.0824,41.9097#27.78#51.65#20.57
-89.0239,41.9077#27.78#51.61#20.61
-88.9654,41.9058#27.79#51.57#20.64
-88.9069,41.9039#27.8#51.53#20.67
-88.8484,41.9019#27.81#51.49#20.7
-102.326,41.9021#27.62#64.87#7.50999999999999
-102.268,41.9044#27.62#64.79#7.58999999999999
-102.209,41.9067#27.62#64.71#7.67
-102.151,41.9091#27.61#64.63#7.76000000000001
-102.092,41.9113#27.61#64.55#7.84
-102.034,41.9136#27.61#64.47#7.92
-101.975,41.9159#27.61#64.39#8
-101.917,41.9181#27.61#64.31#8.08
-101.858,41.9203#27.61#64.24#8.15000000000001
-101.8,41.9225#27.61#64.16#8.23
-101.741,41.9247#27.61#64.08#8.31
-101.683,41.9268#27.6#64.01#8.38999999999999
-101.624,41.929#27.6#63.93#8.47
-101.566,41.9311#27.6#63.85#8.55
-101.507,41.9332#27.6#63.78#8.62
-101.449,41.9353#27.6#63.7#8.69999999999999
-101.39,41.9373#27.6#63.63#8.77
-101.332,41.9394#27.6#63.56#8.84
-101.273,41.9414#27.6#63.49#8.91
-101.214,41.9434#27.6#63.42#8.97999999999999
-101.156,41.9454#27.6#63.35#9.05
-101.097,41.9474#27.6#63.28#9.12
-101.039,41.9493#27.6#63.21#9.19
-100.98,41.9513#27.6#63.14#9.25999999999999
-100.922,41.9532#27.61#63.07#9.31999999999999
-100.863,41.9551#27.61#63.01#9.38
-100.805,41.9569#27.61#62.94#9.45
-100.746,41.9588#27.61#62.87#9.52000000000001
-100.688,41.9606#27.61#62.81#9.58
-100.629,41.9625#27.61#62.74#9.65000000000001
-100.57,41.9643#27.61#62.67#9.72
-100.512,41.966#27.61#62.6#9.78999999999999
-100.453,41.9678#27.61#62.56#9.83
-100.395,41.9695#27.61#62.52#9.87
-100.336,41.9713#27.61#62.49#9.90000000000001
-100.278,41.973#27.61#62.45#9.94
-100.219,41.9747#27.62#62.42#9.95999999999999
-100.16,41.9763#27.62#62.38#10
-100.102,41.978#27.62#62.34#10.04
-100.043,41.9796#27.62#62.31#10.07
-99.9847,41.9812#27.62#62.3#10.08
-99.9261,41.9828#27.62#62.37#10.01
-99.8675,41.9844#27.62#62.44#9.94
-99.8089,41.9859#27.62#62.51#9.87
-99.7504,41.9875#27.62#62.58#9.8
-99.6918,41.989#27.63#62.64#9.73
-99.6332,41.9905#27.63#62.71#9.66
-99.5746,41.992#27.63#62.77#9.59999999999999
-99.516,41.9934#27.63#62.83#9.54000000000001
-99.4574,41.9949#27.63#62.79#9.58
-99.3988,41.9963#27.63#62.7#9.67
-99.3402,41.9977#27.63#62.61#9.76000000000001
-99.2816,41.9991#27.64#62.53#9.83
-99.223,42.0004#27.64#62.44#9.92
-99.1644,42.0018#27.64#62.36#10
-99.1058,42.0031#27.64#62.27#10.09
-99.0472,42.0044#27.64#62.19#10.17
-98.9886,42.0057#27.64#62.11#10.25
-98.93,42.007#27.64#62.02#10.34
-98.8713,42.0082#27.65#61.93#10.42
-98.8127,42.0095#27.65#61.84#10.51
-98.7541,42.0107#27.65#61.76#10.59
-98.6955,42.0119#27.65#61.67#10.68
-98.6369,42.0131#27.65#61.59#10.76
-98.5783,42.0142#27.66#61.5#10.84
-98.5196,42.0154#27.66#61.41#10.93
-98.461,42.0165#27.66#61.33#11.01
-98.4024,42.0176#27.66#61.24#11.1
-98.3438,42.0187#27.66#61.15#11.19
-98.2851,42.0197#27.67#61.07#11.26
-98.2265,42.0208#27.67#60.98#11.35
-98.1679,42.0218#27.67#60.9#11.43
-98.1093,42.0228#27.67#60.81#11.52
-98.0506,42.0238#27.68#60.72#11.6
-97.992,42.0248#27.68#60.64#11.68
-97.9334,42.0257#27.68#60.59#11.73
-97.8747,42.0267#27.69#60.54#11.77
-97.8161,42.0276#27.69#60.48#11.83
-97.7575,42.0285#27.69#60.43#11.88
-97.6988,42.0294#27.7#60.38#11.92
-97.6402,42.0302#27.7#60.32#11.98
-97.5816,42.0311#27.71#60.27#12.02
-97.5229,42.0319#27.71#60.22#12.07
-97.4643,42.0327#27.72#60.17#12.11
-97.4056,42.0335#27.73#60.13#12.14
-97.347,42.0342#27.74#60.08#12.18
-97.2883,42.035#27.76#60.04#12.2
-97.2297,42.0357#27.77#59.99#12.24
-97.1711,42.0364#27.78#59.95#12.27
-97.1124,42.0371#27.79#59.91#12.3
-97.0538,42.0378#27.81#59.86#12.33
-96.9951,42.0384#27.82#59.82#12.36
-96.9365,42.039#27.84#59.78#12.38
-96.8778,42.0397#27.87#59.74#12.39
-96.8192,42.0402#27.89#59.7#12.41
-96.7605,42.0408#27.91#59.66#12.43
-96.7019,42.0414#27.94#59.63#12.43
-96.6432,42.0419#27.96#59.59#12.45
-96.5846,42.0424#27.98#59.55#12.47
-96.5259,42.0429#28.01#59.51#12.48
-96.4673,42.0434#28.04#59.47#12.49
-96.4086,42.0439#28.08#59.43#12.49
-96.35,42.0443#28.11#59.39#12.5
-96.2913,42.0447#28.15#59.35#12.5
-96.2326,42.0451#28.19#59.31#12.5
-96.174,42.0455#28.23#59.26#12.51
-96.1153,42.0459#28.27#59.22#12.51
-96.0567,42.0463#28.31#59.18#12.51
-95.998,42.0466#28.35#59.14#12.51
-95.9394,42.0469#28.39#59.08#12.53
-95.8807,42.0472#28.43#59.01#12.56
-95.822,42.0475#28.48#58.95#12.57
-95.7634,42.0477#28.52#58.88#12.6
-95.7047,42.0479#28.57#58.82#12.61
-95.6461,42.0482#28.61#58.75#12.64
-95.5874,42.0484#28.65#58.69#12.66
-95.5288,42.0485#28.7#58.62#12.68
-95.4701,42.0487#28.73#58.56#12.71
-95.4114,42.0488#28.75#58.5#12.75
-95.3528,42.049#28.78#58.44#12.78
-95.2941,42.0491#28.8#58.38#12.82
-95.2355,42.0492#28.82#58.32#12.86
-95.1768,42.0492#28.85#58.26#12.89
-95.1181,42.0493#28.87#58.2#12.93
-95.0595,42.0493#28.89#58.13#12.98
-95.0008,42.0493#28.92#58.07#13.01
-94.9422,42.0493#28.91#58#13.09
-94.8835,42.0493#28.91#57.93#13.16
-94.8248,42.0492#28.91#57.86#13.23
-94.7662,42.0492#28.91#57.79#13.3
-94.7075,42.0491#28.9#57.73#13.37
-94.6488,42.049#28.9#57.66#13.44
-94.5902,42.0488#28.9#57.59#13.51
-94.5315,42.0487#28.9#57.52#13.58
-94.4729,42.0485#28.88#57.45#13.67
-94.4142,42.0484#28.86#57.38#13.76
-94.3556,42.0482#28.83#57.32#13.85
-94.2969,42.048#28.81#57.25#13.94
-94.2382,42.0477#28.78#57.19#14.03
-94.1796,42.0475#28.76#57.12#14.12
-94.1209,42.0472#28.73#57.05#14.22
-94.0623,42.0469#28.71#56.99#14.3
-94.0036,42.0466#28.69#56.92#14.39
-93.9449,42.0463#28.64#56.85#14.51
-93.8863,42.0459#28.6#56.78#14.62
-93.8276,42.0455#28.55#56.71#14.74
-93.769,42.0452#28.5#56.64#14.86
-93.7103,42.0448#28.46#56.56#14.98
-93.6517,42.0443#28.41#56.49#15.1
-93.593,42.0439#28.37#56.42#15.21
-93.5344,42.0434#28.32#56.35#15.33
-93.4757,42.0429#28.27#56.27#15.46
-93.4171,42.0424#28.22#56.19#15.59
-93.3584,42.0419#28.17#56.11#15.72
-93.2997,42.0414#28.11#56.03#15.86
-93.2411,42.0408#28.06#55.95#15.99
-93.1824,42.0403#28.01#55.87#16.12
-93.1238,42.0397#27.96#55.79#16.25
-93.0651,42.0391#27.9#55.71#16.39
-93.0065,42.0384#27.85#55.63#16.52
-92.9479,42.0378#27.82#55.55#16.63
-92.8892,42.0371#27.8#55.48#16.72
-92.8306,42.0364#27.77#55.4#16.83
-92.7719,42.0357#27.74#55.32#16.94
-92.7133,42.035#27.72#55.25#17.03
-92.6546,42.0342#27.69#55.17#17.14
-92.596,42.0335#27.66#55.09#17.25
-92.5373,42.0327#27.64#55.01#17.35
-92.4787,42.0319#27.62#54.94#17.44
-92.4201,42.0311#27.61#54.87#17.52
-92.3614,42.0302#27.6#54.79#17.61
-92.3028,42.0294#27.6#54.72#17.68
-92.2442,42.0285#27.59#54.65#17.76
-92.1855,42.0276#27.58#54.58#17.84
-92.1269,42.0267#27.57#54.5#17.93
-92.0682,42.0258#27.57#54.43#18
-92.0096,42.0248#27.56#54.36#18.08
-91.951,42.0238#27.56#54.29#18.15
-91.8924,42.0229#27.56#54.23#18.21
-91.8337,42.0218#27.55#54.16#18.29
-91.7751,42.0208#27.55#54.1#18.35
-91.7165,42.0198#27.55#54.03#18.42
-91.6578,42.0187#27.55#53.97#18.48
-91.5992,42.0176#27.55#53.9#18.55
-91.5406,42.0165#27.55#53.84#18.61
-91.482,42.0154#27.55#53.77#18.68
-91.4234,42.0143#27.55#53.71#18.74
-91.3647,42.0131#27.55#53.65#18.8
-91.3061,42.0119#27.56#53.59#18.85
-91.2475,42.0107#27.56#53.54#18.9
-91.1889,42.0095#27.56#53.48#18.96
-91.1303,42.0083#27.56#53.42#19.02
-91.0717,42.007#27.57#53.36#19.07
-91.0131,42.0058#27.57#53.3#19.13
-90.9544,42.0045#27.57#53.24#19.19
-90.8958,42.0032#27.58#53.19#19.23
-90.8372,42.0018#27.58#53.13#19.29
-90.7786,42.0005#27.59#53.08#19.33
-90.72,41.9991#27.59#53.02#19.39
-90.6614,41.9977#27.59#52.97#19.44
-90.6028,41.9963#27.6#52.91#19.49
-90.5442,41.9949#27.6#52.86#19.54
-90.4856,41.9935#27.61#52.81#19.58
-90.427,41.992#27.61#52.76#19.63
-90.3684,41.9905#27.62#52.71#19.67
-90.3099,41.989#27.63#52.66#19.71
-90.2513,41.9875#27.63#52.61#19.76
-90.1927,41.986#27.64#52.56#19.8
-90.1341,41.9844#27.64#52.51#19.85
-90.0755,41.9828#27.65#52.46#19.89
-90.0169,41.9813#27.65#52.41#19.94
-89.9583,41.9796#27.66#52.36#19.98
-89.8998,41.978#27.67#52.32#20.01
-89.8412,41.9764#27.67#52.27#20.06
-89.7826,41.9747#27.68#52.23#20.09
-89.724,41.973#27.69#52.18#20.13
-89.6655,41.9713#27.69#52.14#20.17
-89.6069,41.9696#27.7#52.09#20.21
-89.5483,41.9678#27.71#52.05#20.24
-89.4898,41.9661#27.71#52#20.29
-89.4312,41.9643#27.72#51.96#20.32
-89.3726,41.9625#27.73#51.92#20.35
-89.3141,41.9607#27.74#51.88#20.38
-89.2555,41.9588#27.74#51.83#20.43
-89.197,41.957#27.75#51.79#20.46
-89.1384,41.9551#27.76#51.75#20.49
-89.0799,41.9532#27.77#51.71#20.52
-89.0213,41.9513#27.77#51.67#20.56
-88.9628,41.9494#27.78#51.63#20.59
-88.9042,41.9474#27.79#51.58#20.63
-88.8457,41.9455#27.8#51.54#20.66
-88.7872,41.9435#27.81#51.5#20.69
-88.7286,41.9415#27.81#51.46#20.73
-88.6701,41.9394#27.82#51.42#20.76
-88.6116,41.9374#27.83#51.38#20.79
-88.553,41.9353#27.84#51.34#20.82
-88.4945,41.9333#27.85#51.3#20.85
-88.436,41.9312#27.86#51.26#20.88
-88.3775,41.929#27.86#51.22#20.92
-88.3189,41.9269#27.87#51.18#20.95
-88.2604,41.9247#27.88#51.15#20.97
-88.2019,41.9226#27.89#51.11#21
-88.1434,41.9204#27.9#51.07#21.03
-88.0849,41.9182#27.91#51.03#21.06
-88.0264,41.9159#27.91#50.99#21.1
-87.9679,41.9137#27.92#50.95#21.13
-87.9094,41.9114#27.93#50.92#21.15
-87.8509,41.9091#27.94#50.88#21.18
-87.7924,41.9068#27.95#50.84#21.21
-87.7339,41.9045#27.96#50.8#21.24
-87.6754,41.9021#27.97#50.76#21.27
-103.382,41.9002#27.81#66.35#5.84
-103.324,41.9029#27.79#66.27#5.94
-103.265,41.9055#27.78#66.2#6.02
-103.207,41.9082#27.76#66.13#6.11
-103.148,41.9108#27.74#66.06#6.2
-103.09,41.9134#27.73#65.98#6.28999999999999
-103.031,41.916#27.71#65.91#6.38
-102.973,41.9186#27.7#65.83#6.47
-102.914,41.9211#27.69#65.76#6.55
-102.856,41.9237#27.68#65.68#6.63999999999999
-102.797,41.9262#27.68#65.6#6.72
-102.739,41.9287#27.67#65.53#6.8
-102.68,41.9311#27.66#65.45#6.89
-102.622,41.9336#27.66#65.37#6.97
-102.563,41.936#27.65#65.29#7.06
-102.505,41.9385#27.64#65.21#7.15000000000001
-102.446,41.9409#27.64#65.13#7.23
-102.388,41.9433#27.64#65.05#7.31
-102.329,41.9456#27.64#64.97#7.39
-102.271,41.948#27.64#64.89#7.47
-102.212,41.9503#27.63#64.81#7.56
-102.154,41.9526#27.63#64.73#7.64
-102.095,41.9549#27.63#64.65#7.72
-102.037,41.9572#27.63#64.57#7.80000000000001
-101.978,41.9594#27.62#64.49#7.89
-101.92,41.9616#27.62#64.41#7.97
-101.861,41.9639#27.62#64.33#8.05
-101.803,41.9661#27.62#64.26#8.11999999999999
-101.744,41.9682#27.62#64.18#8.19999999999999
-101.686,41.9704#27.62#64.1#8.28
-101.627,41.9725#27.62#64.03#8.34999999999999
-101.568,41.9746#27.62#63.95#8.42999999999999
-101.51,41.9767#27.62#63.87#8.51000000000001
-101.451,41.9788#27.62#63.8#8.58
-101.393,41.9809#27.62#63.73#8.65000000000001
-101.334,41.9829#27.62#63.66#8.72
-101.276,41.985#27.62#63.59#8.78999999999999
-101.217,41.987#27.62#63.52#8.86
-101.159,41.989#27.62#63.45#8.92999999999999
-101.1,41.9909#27.62#63.38#9
-101.041,41.9929#27.62#63.3#9.08
-100.983,41.9948#27.62#63.23#9.15000000000001
-100.924,41.9967#27.62#63.17#9.20999999999999
-100.866,41.9986#27.62#63.1#9.28
-100.807,42.0005#27.62#63.03#9.34999999999999
-100.749,42.0023#27.62#62.96#9.42
-100.69,42.0042#27.62#62.89#9.48999999999999
-100.631,42.006#27.62#62.83#9.55
-100.573,42.0078#27.62#62.76#9.62
-100.514,42.0096#27.62#62.69#9.69
-100.456,42.0113#27.62#62.65#9.73
-100.397,42.0131#27.63#62.61#9.76000000000001
-100.338,42.0148#27.63#62.57#9.8
-100.28,42.0165#27.63#62.54#9.83
-100.221,42.0182#27.63#62.5#9.87
-100.163,42.0199#27.63#62.47#9.90000000000001
-100.104,42.0215#27.63#62.43#9.94
-100.045,42.0232#27.63#62.39#9.98
-99.9869,42.0248#27.63#62.38#9.98999999999999
-99.9282,42.0264#27.63#62.43#9.94
-99.8696,42.0279#27.63#62.48#9.89
-99.811,42.0295#27.63#62.54#9.83
-99.7524,42.031#27.64#62.59#9.77
-99.6938,42.0325#27.64#62.64#9.72
-99.6352,42.034#27.64#62.69#9.67
-99.5766,42.0355#27.64#62.73#9.63
-99.5179,42.037#27.64#62.78#9.58
-99.4593,42.0384#27.64#62.74#9.62
-99.4007,42.0398#27.64#62.66#9.7
-99.3421,42.0413#27.64#62.58#9.78
-99.2834,42.0426#27.65#62.5#9.84999999999999
-99.2248,42.044#27.65#62.42#9.93000000000001
-99.1662,42.0454#27.65#62.34#10.01
-99.1076,42.0467#27.65#62.27#10.08
-99.0489,42.048#27.65#62.19#10.16
-98.9903,42.0493#27.65#62.11#10.24
-98.9317,42.0506#27.65#62.03#10.32
-98.873,42.0518#27.66#61.95#10.39
-98.8144,42.053#27.66#61.86#10.48
-98.7557,42.0543#27.66#61.78#10.56
-98.6971,42.0555#27.66#61.7#10.64
-98.6385,42.0566#27.66#61.62#10.72
-98.5798,42.0578#27.66#61.53#10.81
-98.5212,42.0589#27.67#61.45#10.88
-98.4625,42.0601#27.67#61.37#10.96
-98.4039,42.0612#27.67#61.28#11.05
-98.3452,42.0622#27.67#61.2#11.13
-98.2866,42.0633#27.68#61.11#11.21
-98.2279,42.0644#27.68#61.03#11.29
-98.1693,42.0654#27.68#60.95#11.37
-98.1106,42.0664#27.68#60.86#11.46
-98.052,42.0674#27.68#60.78#11.54
-97.9933,42.0684#27.69#60.7#11.61
-97.9346,42.0693#27.69#60.65#11.66
-97.876,42.0702#27.69#60.6#11.71
-97.8173,42.0712#27.7#60.55#11.75
-97.7587,42.072#27.7#60.5#11.8
-97.7,42.0729#27.7#60.45#11.85
-97.6413,42.0738#27.71#60.4#11.89
-97.5827,42.0746#27.71#60.36#11.93
-97.524,42.0754#27.71#60.31#11.98
-97.4653,42.0762#27.72#60.26#12.02
-97.4067,42.077#27.73#60.22#12.05
-97.348,42.0778#27.74#60.18#12.08
-97.2893,42.0785#27.76#60.14#12.1
-97.2307,42.0793#27.77#60.1#12.13
-97.172,42.08#27.78#60.06#12.16
-97.1133,42.0807#27.79#60.02#12.19
-97.0547,42.0813#27.8#59.98#12.22
-96.996,42.082#27.81#59.94#12.25
-96.9373,42.0826#27.83#59.9#12.27
-96.8786,42.0832#27.86#59.86#12.28
-96.82,42.0838#27.88#59.83#12.29
-96.7613,42.0844#27.9#59.79#12.31
-96.7026,42.0849#27.92#59.76#12.32
-96.6439,42.0855#27.95#59.72#12.33
-96.5853,42.086#27.97#59.69#12.34
-96.5266,42.0865#27.99#59.65#12.36
-96.4679,42.087#28.02#59.61#12.37
-96.4092,42.0874#28.06#59.57#12.37
-96.3505,42.0879#28.1#59.54#12.36
-96.2919,42.0883#28.13#59.5#12.37
-96.2332,42.0887#28.17#59.46#12.37
-96.1745,42.0891#28.21#59.42#12.37
-96.1158,42.0895#28.24#59.38#12.38
-96.0571,42.0898#28.28#59.35#12.37
-95.9985,42.0902#28.32#59.31#12.37
-95.9398,42.0905#28.36#59.24#12.4
-95.8811,42.0908#28.41#59.18#12.41
-95.8224,42.091#28.45#59.11#12.44
-95.7637,42.0913#28.5#59.05#12.45
-95.705,42.0915#28.54#58.98#12.48
-95.6463,42.0917#28.59#58.91#12.5
-95.5877,42.0919#28.64#58.85#12.51
-95.529,42.0921#28.68#58.78#12.54
-95.4703,42.0923#28.72#58.72#12.56
-95.4116,42.0924#28.74#58.66#12.6
-95.3529,42.0925#28.77#58.6#12.63
-95.2942,42.0926#28.79#58.53#12.68
-95.2356,42.0927#28.82#58.47#12.71
-95.1769,42.0928#28.84#58.41#12.75
-95.1182,42.0928#28.87#58.35#12.78
-95.0595,42.0929#28.89#58.29#12.82
-95.0008,42.0929#28.91#58.22#12.87
-94.9421,42.0929#28.92#58.15#12.93
-94.8834,42.0928#28.92#58.08#13
-94.8248,42.0928#28.92#58.01#13.07
-94.7661,42.0927#28.92#57.94#13.14
-94.7074,42.0926#28.92#57.87#13.21
-94.6487,42.0925#28.92#57.8#13.28
-94.59,42.0924#28.92#57.73#13.35
-94.5313,42.0923#28.91#57.66#13.43
-94.4726,42.0921#28.9#57.59#13.51
-94.414,42.0919#28.88#57.52#13.6
-94.3553,42.0917#28.86#57.45#13.69
-94.2966,42.0915#28.83#57.39#13.78
-94.2379,42.0913#28.81#57.32#13.87
-94.1792,42.091#28.78#57.25#13.97
-94.1205,42.0908#28.76#57.19#14.05
-94.0619,42.0905#28.74#57.12#14.14
-94.0032,42.0902#28.71#57.05#14.24
-93.9445,42.0898#28.67#56.98#14.35
-93.8858,42.0895#28.63#56.91#14.46
-93.8271,42.0891#28.58#56.83#14.59
-93.7684,42.0887#28.54#56.76#14.7
-93.7098,42.0883#28.5#56.68#14.82
-93.6511,42.0879#28.45#56.61#14.94
-93.5924,42.0875#28.41#56.54#15.05
-93.5337,42.087#28.37#56.46#15.17
-93.475,42.0865#28.32#56.39#15.29
-93.4164,42.086#28.26#56.3#15.44
-93.3577,42.0855#28.21#56.22#15.57
-93.299,42.085#28.15#56.14#15.71
-93.2403,42.0844#28.1#56.06#15.84
-93.1817,42.0838#28.04#55.98#15.98
-93.123,42.0832#27.99#55.9#16.11
-93.0643,42.0826#27.93#55.81#16.26
-93.0056,42.082#27.88#55.73#16.39
-92.947,42.0813#27.85#55.65#16.5
-92.8883,42.0807#27.82#55.57#16.61
-92.8296,42.08#27.79#55.5#16.71
-92.771,42.0793#27.76#55.42#16.82
-92.7123,42.0786#27.73#55.34#16.93
-92.6536,42.0778#27.7#55.26#17.04
-92.5949,42.077#27.67#55.18#17.15
-92.5363,42.0763#27.65#55.1#17.25
-92.4776,42.0755#27.62#55.03#17.35
-92.4189,42.0746#27.62#54.95#17.43
-92.3603,42.0738#27.61#54.88#17.51
-92.3016,42.0729#27.6#54.81#17.59
-92.243,42.0721#27.59#54.73#17.68
-92.1843,42.0712#27.58#54.66#17.76
-92.1256,42.0703#27.57#54.59#17.84
-92.067,42.0693#27.57#54.51#17.92
-92.0083,42.0684#27.56#54.44#18
-91.9497,42.0674#27.56#54.37#18.07
-91.891,42.0664#27.55#54.31#18.14
-91.8324,42.0654#27.55#54.24#18.21
-91.7737,42.0644#27.55#54.18#18.27
-91.7151,42.0633#27.55#54.11#18.34
-91.6564,42.0623#27.55#54.04#18.41
-91.5978,42.0612#27.55#53.98#18.47
-91.5391,42.0601#27.54#53.91#18.55
-91.4805,42.059#27.54#53.85#18.61
-91.4218,42.0578#27.55#53.79#18.66
-91.3632,42.0567#27.55#53.73#18.72
-91.3045,42.0555#27.55#53.67#18.78
-91.2459,42.0543#27.55#53.61#18.84
-91.1872,42.0531#27.56#53.55#18.89
-91.1286,42.0518#27.56#53.49#18.95
-91.07,42.0506#27.56#53.43#19.01
-91.0113,42.0493#27.56#53.37#19.07
-90.9527,42.048#27.57#53.31#19.12
-90.8941,42.0467#27.57#53.26#19.17
-90.8354,42.0454#27.57#53.2#19.23
-90.7768,42.044#27.58#53.15#19.27
-90.7182,42.0427#27.58#53.09#19.33
-90.6595,42.0413#27.59#53.04#19.37
-90.6009,42.0399#27.59#52.98#19.43
-90.5423,42.0385#27.6#52.93#19.47
-90.4837,42.037#27.6#52.87#19.53
-90.4251,42.0356#27.61#52.82#19.57
-90.3664,42.0341#27.61#52.77#19.62
-90.3078,42.0326#27.62#52.72#19.66
-90.2492,42.0311#27.62#52.67#19.71
-90.1906,42.0295#27.63#52.62#19.75
-90.132,42.028#27.63#52.57#19.8
-90.0734,42.0264#27.64#52.52#19.84
-90.0148,42.0248#27.65#52.48#19.87
-89.9562,42.0232#27.65#52.43#19.92
-89.8976,42.0216#27.66#52.38#19.96
-89.839,42.0199#27.66#52.34#20
-89.7804,42.0183#27.67#52.29#20.04
-89.7218,42.0166#27.68#52.24#20.08
-89.6632,42.0149#27.68#52.2#20.12
-89.6046,42.0131#27.69#52.15#20.16
-89.546,42.0114#27.7#52.11#20.19
-89.4874,42.0096#27.7#52.06#20.24
-89.4288,42.0079#27.71#52.02#20.27
-89.3702,42.0061#27.72#51.98#20.3
-89.3116,42.0042#27.73#51.94#20.33
-89.253,42.0024#27.73#51.89#20.38
-89.1945,42.0005#27.74#51.85#20.41
-89.1359,41.9987#27.75#51.81#20.44
-89.0773,41.9968#27.76#51.77#20.47
-89.0187,41.9949#27.76#51.72#20.52
-88.9602,41.9929#27.77#51.68#20.55
-88.9016,41.991#27.78#51.64#20.58
-88.843,41.989#27.79#51.6#20.61
-88.7845,41.987#27.79#51.56#20.65
-88.7259,41.985#27.8#51.52#20.68
-88.6674,41.983#27.81#51.48#20.71
-88.6088,41.9809#27.82#51.44#20.74
-88.5502,41.9789#27.83#51.4#20.77
-88.4917,41.9768#27.84#51.35#20.81
-88.4331,41.9747#27.84#51.32#20.84
-88.3746,41.9726#27.85#51.28#20.87
-88.3161,41.9704#27.86#51.24#20.9
-88.2575,41.9683#27.87#51.2#20.93
-88.199,41.9661#27.88#51.16#20.96
-88.1404,41.9639#27.89#51.12#20.99
-88.0819,41.9617#27.89#51.08#21.03
-88.0234,41.9595#27.9#51.04#21.06
-87.9648,41.9572#27.91#51.01#21.08
-87.9063,41.955#27.92#50.97#21.11
-87.8478,41.9527#27.93#50.93#21.14
-87.7893,41.9504#27.94#50.89#21.17
-87.7307,41.948#27.95#50.85#21.2
-87.6722,41.9457#27.96#50.81#21.23
-87.6137,41.9433#27.96#50.78#21.26
-87.5552,41.9409#27.97#50.74#21.29
-87.4967,41.9385#27.98#50.7#21.32
-87.4382,41.9361#27.99#50.66#21.35
-87.3797,41.9337#28#50.62#21.38
-87.3212,41.9312#28.01#50.58#21.41
-87.2627,41.9287#28.02#50.54#21.44
-87.2042,41.9262#28.03#50.5#21.47
-87.1457,41.9237#28.03#50.46#21.51
-87.0872,41.9212#28.04#50.42#21.54
-87.0287,41.9186#28.05#50.38#21.57
-86.9703,41.9161#28.06#50.32#21.62
-86.9118,41.9135#28.07#50.24#21.69
-86.8533,41.9109#28.08#50.17#21.75
-86.7948,41.9082#28.09#50.09#21.82
-86.7364,41.9056#28.1#50.02#21.88
-86.6779,41.9029#28.11#49.94#21.95
-86.6194,41.9003#28.11#49.87#22.02
-104.263,41.9012#28.82#67.34#3.84
-104.204,41.9041#28.69#67.28#4.03
-104.146,41.9071#28.57#67.23#4.19999999999999
-104.087,41.91#28.45#67.18#4.36999999999999
-104.029,41.9129#28.32#67.13#4.55000000000001
-103.971,41.9158#28.24#67.07#4.69000000000001
-103.912,41.9187#28.19#67.01#4.8
-103.854,41.9215#28.15#66.96#4.89000000000001
-103.795,41.9244#28.1#66.9#5
-103.737,41.9272#28.05#66.85#5.10000000000001
-103.678,41.93#28.01#66.79#5.19999999999999
-103.62,41.9328#27.96#66.73#5.31
-103.561,41.9355#27.92#66.67#5.41
-103.503,41.9383#27.87#66.62#5.50999999999999
-103.444,41.941#27.85#66.54#5.60999999999999
-103.386,41.9437#27.83#66.47#5.7
-103.327,41.9464#27.82#66.4#5.78
-103.269,41.9491#27.8#66.32#5.88000000000001
-103.21,41.9517#27.78#66.25#5.97
-103.152,41.9543#27.76#66.18#6.05999999999999
-103.093,41.9569#27.75#66.1#6.15000000000001
-103.035,41.9595#27.73#66.03#6.23999999999999
-102.976,41.9621#27.72#65.95#6.33
-102.918,41.9647#27.71#65.87#6.41999999999999
-102.859,41.9672#27.7#65.79#6.50999999999999
-102.801,41.9697#27.7#65.72#6.58
-102.742,41.9722#27.69#65.64#6.67
-102.684,41.9747#27.68#65.56#6.75999999999999
-102.625,41.9771#27.68#65.48#6.84
-102.567,41.9796#27.67#65.4#6.92999999999999
-102.508,41.982#27.66#65.32#7.02000000000001
-102.45,41.9844#27.66#65.24#7.10000000000001
-102.391,41.9868#27.66#65.16#7.18000000000001
-102.333,41.9892#27.66#65.08#7.26000000000001
-102.274,41.9915#27.65#65#7.34999999999999
-102.215,41.9938#27.65#64.91#7.44
-102.157,41.9961#27.65#64.83#7.52000000000001
-102.098,41.9984#27.65#64.75#7.59999999999999
-102.04,42.0007#27.64#64.67#7.69
-101.981,42.0029#27.64#64.59#7.77
-101.923,42.0052#27.64#64.51#7.84999999999999
-101.864,42.0074#27.64#64.43#7.92999999999999
-101.806,42.0096#27.64#64.36#8
-101.747,42.0118#27.64#64.28#8.08
-101.688,42.0139#27.64#64.2#8.16
-101.63,42.0161#27.64#64.12#8.23999999999999
-101.571,42.0182#27.64#64.05#8.31
-101.513,42.0203#27.63#63.97#8.40000000000001
-101.454,42.0224#27.63#63.9#8.47
-101.396,42.0244#27.63#63.83#8.54000000000001
-101.337,42.0265#27.63#63.75#8.62
-101.278,42.0285#27.63#63.68#8.69
-101.22,42.0305#27.63#63.61#8.76000000000001
-101.161,42.0325#27.63#63.54#8.83
-101.103,42.0345#27.63#63.47#8.90000000000001
-101.044,42.0364#27.63#63.4#8.97
-100.985,42.0384#27.63#63.33#9.04000000000001
-100.927,42.0403#27.63#63.26#9.11
-100.868,42.0422#27.63#63.19#9.18000000000001
-100.81,42.044#27.64#63.12#9.24000000000001
-100.751,42.0459#27.64#63.05#9.31
-100.692,42.0477#27.64#62.98#9.38
-100.634,42.0495#27.64#62.92#9.44
-100.575,42.0513#27.64#62.85#9.50999999999999
-100.517,42.0531#27.64#62.78#9.58
-100.458,42.0549#27.64#62.73#9.63
-100.399,42.0566#27.64#62.7#9.66
-100.341,42.0584#27.64#62.66#9.7
-100.282,42.0601#27.64#62.62#9.74000000000001
-100.224,42.0618#27.64#62.59#9.77
-100.165,42.0634#27.64#62.55#9.81
-100.106,42.0651#27.64#62.51#9.84999999999999
-100.048,42.0667#27.64#62.48#9.88
-99.989,42.0683#27.64#62.45#9.91
-99.9304,42.0699#27.64#62.49#9.87
-99.8717,42.0715#27.65#62.53#9.81999999999999
-99.8131,42.073#27.65#62.56#9.78999999999999
-99.7545,42.0746#27.65#62.6#9.75
-99.6958,42.0761#27.65#62.63#9.72
-99.6372,42.0776#27.65#62.66#9.69
-99.5785,42.0791#27.65#62.7#9.65000000000001
-99.5199,42.0805#27.65#62.73#9.62
-99.4613,42.082#27.65#62.69#9.66
-99.4026,42.0834#27.65#62.61#9.74000000000001
-99.344,42.0848#27.66#62.54#9.8
-99.2853,42.0862#27.66#62.47#9.87
-99.2266,42.0876#27.66#62.4#9.94
-99.168,42.0889#27.66#62.33#10.01
-99.1093,42.0902#27.66#62.26#10.08
-99.0507,42.0915#27.66#62.19#10.15
-98.992,42.0928#27.66#62.12#10.22
-98.9334,42.0941#27.66#62.04#10.3
-98.8747,42.0954#27.67#61.96#10.37
-98.816,42.0966#27.67#61.88#10.45
-98.7574,42.0978#27.67#61.8#10.53
-98.6987,42.099#27.67#61.72#10.61
-98.64,42.1002#27.67#61.64#10.69
-98.5814,42.1013#27.67#61.57#10.76
-98.5227,42.1025#27.68#61.49#10.83
-98.464,42.1036#27.68#61.41#10.91
-98.4053,42.1047#27.68#61.32#11
-98.3467,42.1058#27.68#61.24#11.08
-98.288,42.1069#27.68#61.16#11.16
-98.2293,42.1079#27.69#61.08#11.23
-98.1706,42.1089#27.69#61#11.31
-98.112,42.1099#27.69#60.91#11.4
-98.0533,42.1109#27.69#60.83#11.48
-97.9946,42.1119#27.69#60.75#11.56
-97.9359,42.1129#27.7#60.71#11.59
-97.8772,42.1138#27.7#60.66#11.64
-97.8185,42.1147#27.7#60.62#11.68
-97.7599,42.1156#27.71#60.57#11.72
-97.7012,42.1165#27.71#60.53#11.76
-97.6425,42.1173#27.71#60.49#11.8
-97.5838,42.1182#27.72#60.44#11.84
-97.5251,42.119#27.72#60.4#11.88
-97.4664,42.1198#27.73#60.36#11.91
-97.4077,42.1206#27.74#60.32#11.94
-97.349,42.1213#27.74#60.28#11.98
-97.2903,42.1221#27.75#60.24#12.01
-97.2316,42.1228#27.76#60.2#12.04
-97.1729,42.1235#27.77#60.17#12.06
-97.1142,42.1242#27.78#60.13#12.09
-97.0555,42.1249#27.79#60.09#12.12
-96.9968,42.1255#27.8#60.05#12.15
-96.9381,42.1262#27.82#60.02#12.16
-96.8794,42.1268#27.84#59.99#12.17
-96.8207,42.1274#27.87#59.95#12.18
-96.762,42.1279#27.89#59.92#12.19
-96.7033,42.1285#27.91#59.89#12.2
-96.6446,42.129#27.93#59.86#12.21
-96.5859,42.1296#27.96#59.82#12.22
