-98.1872,38.9001#28.2#47.44#24.36
-98.1304,38.9012#28.22#47.38#24.4
-98.0735,38.9022#28.24#47.33#24.43
-98.0166,38.9032#28.25#47.27#24.48
-97.9597,38.9042#28.25#47.23#24.52
-97.9028,38.9051#28.24#47.19#24.57
-97.8459,38.906#28.22#47.15#24.63
-97.7891,38.907#28.21#47.12#24.67
-97.7322,38.9079#28.2#47.08#24.72
-97.6753,38.9088#28.19#47.04#24.77
-97.6184,38.9096#28.18#47#24.82
-97.5615,38.9105#28.16#46.96#24.88
-97.5046,38.9113#28.15#46.92#24.93
-97.4477,38.9121#28.13#46.89#24.98
-97.3908,38.9129#28.1#46.85#25.05
-97.3339,38.9137#28.07#46.82#25.11
-97.277,38.9144#28.04#46.79#25.17
-97.2201,38.9151#28.01#46.75#25.24
-97.1632,38.9159#27.99#46.72#25.29
-97.1063,38.9166#27.96#46.68#25.36
-97.0494,38.9172#27.93#46.65#25.42
-96.9925,38.9179#27.9#46.61#25.49
-96.9356,38.9185#27.85#46.58#25.57
-96.8787,38.9192#27.79#46.55#25.66
-96.8218,38.9198#27.74#46.52#25.74
-96.7649,38.9204#27.69#46.49#25.82
-96.708,38.9209#27.64#46.46#25.9
-96.6511,38.9215#27.59#46.43#25.98
-96.5942,38.922#27.54#46.4#26.06
-96.5373,38.9225#27.49#46.37#26.14
-96.4804,38.923#27.44#46.34#26.22
-96.4235,38.9235#27.39#46.31#26.3
-96.3666,38.9239#27.35#46.29#26.36
-96.3097,38.9244#27.31#46.26#26.43
-96.2528,38.9248#27.26#46.23#26.51
-96.1959,38.9252#27.22#46.2#26.58
-96.139,38.9256#27.18#46.17#26.65
-96.0821,38.9259#27.13#46.15#26.72
-96.0252,38.9263#27.09#46.12#26.79
-95.9683,38.9266#27.06#46.09#26.85
-95.9114,38.9269#27.04#46.06#26.9
-95.8544,38.9272#27.02#46.04#26.94
-95.7975,38.9275#27#46.01#26.99
-95.7406,38.9277#26.98#45.99#27.03
-95.6837,38.928#26.97#45.96#27.07
-95.6268,38.9282#26.95#45.94#27.11
-95.5699,38.9284#26.93#45.91#27.16
-95.513,38.9285#26.91#45.89#27.2
-95.4561,38.9287#26.9#45.86#27.24
-95.3992,38.9288#26.89#45.84#27.27
-95.3423,38.929#26.88#45.81#27.31
-95.2853,38.9291#26.87#45.79#27.34
-95.2284,38.9291#26.87#45.77#27.36
-95.1715,38.9292#26.86#45.74#27.4
-95.1146,38.9293#26.85#45.72#27.43
-95.0577,38.9293#26.84#45.69#27.47
-95.0008,38.9293#26.83#45.67#27.5
-94.9439,38.9293#26.83#45.65#27.52
-94.887,38.9293#26.83#45.62#27.55
-94.8301,38.9292#26.83#45.6#27.57
-94.7731,38.9291#26.82#45.58#27.6
-94.7162,38.9291#26.82#45.55#27.63
-94.6593,38.929#26.82#45.53#27.65
-94.6024,38.9288#26.81#45.51#27.68
-94.5455,38.9287#26.81#45.48#27.71
-94.4886,38.9285#26.81#45.46#27.73
-94.4317,38.9284#26.81#45.44#27.75
-94.3748,38.9282#26.8#45.42#27.78
-94.3179,38.928#26.8#45.39#27.81
-94.2609,38.9277#26.8#45.37#27.83
-94.204,38.9275#26.8#45.35#27.85
-94.1471,38.9272#26.8#45.32#27.88
-94.0902,38.9269#26.8#45.3#27.9
-94.0333,38.9266#26.8#45.28#27.92
-93.9764,38.9263#26.8#45.25#27.95
-93.9195,38.9259#26.8#45.23#27.97
-93.8626,38.9256#26.8#45.21#27.99
-93.8057,38.9252#26.8#45.18#28.02
-93.7488,38.9248#26.8#45.16#28.04
-93.6919,38.9244#26.8#45.13#28.07
-93.635,38.9239#26.8#45.11#28.09
-93.5781,38.9235#26.8#45.09#28.11
-93.5211,38.923#26.8#45.06#28.14
-93.4642,38.9225#26.8#45.04#28.16
-93.4073,38.922#26.8#45.01#28.19
-93.3504,38.9215#26.8#44.98#28.22
-93.2935,38.9209#26.8#44.96#28.24
-93.2366,38.9204#26.8#44.93#28.27
-93.1797,38.9198#26.8#44.91#28.29
-93.1228,38.9192#26.8#44.88#28.32
-93.0659,38.9186#26.8#44.86#28.34
-93.009,38.9179#26.8#44.83#28.37
-92.9521,38.9173#26.8#44.8#28.4
-92.8952,38.9166#26.8#44.78#28.42
-92.8383,38.9159#26.8#44.75#28.45
-92.7814,38.9152#26.8#44.72#28.48
-92.7245,38.9144#26.8#44.69#28.51
-92.6676,38.9137#26.8#44.66#28.54
-92.6108,38.9129#26.8#44.64#28.56
-92.5539,38.9121#26.8#44.61#28.59
-92.497,38.9113#26.8#44.58#28.62
-92.4401,38.9105#26.8#44.55#28.65
-92.3832,38.9096#26.8#44.53#28.67
-92.3263,38.9088#26.8#44.5#28.7
-92.2694,38.9079#26.8#44.47#28.73
-92.2125,38.907#26.8#44.45#28.75
-92.1556,38.9061#26.8#44.42#28.78
-92.0987,38.9051#26.8#44.39#28.81
-92.0419,38.9042#26.8#44.37#28.83
-91.985,38.9032#26.8#44.34#28.86
-91.9281,38.9022#26.8#44.31#28.89
-91.8712,38.9012#26.8#44.28#28.92
-91.8143,38.9002#26.8#44.25#28.95
-100.009,38.9016#27.18#49.91#22.91
-99.952,38.9032#27.2#49.83#22.97
-99.8951,38.9048#27.23#49.76#23.01
-99.8382,38.9064#27.25#49.68#23.07
-99.7814,38.908#27.27#49.6#23.13
-99.7245,38.9095#27.3#49.53#23.17
-99.6676,38.9111#27.32#49.45#23.23
-99.6108,38.9126#27.35#49.38#23.27
-99.5539,38.9141#27.37#49.3#23.33
-99.497,38.9156#27.4#49.23#23.37
-99.4402,38.917#27.44#49.15#23.41
-99.3833,38.9185#27.48#49.07#23.45
-99.3264,38.9199#27.52#48.99#23.49
-99.2695,38.9213#27.57#48.91#23.52
-99.2126,38.9227#27.61#48.83#23.56
-99.1558,38.924#27.65#48.75#23.6
-99.0989,38.9254#27.69#48.68#23.63
-99.042,38.9267#27.73#48.6#23.67
-98.9851,38.928#27.77#48.52#23.71
-98.9282,38.9293#27.81#48.46#23.73
-98.8713,38.9306#27.84#48.4#23.76
-98.8144,38.9318#27.88#48.35#23.77
-98.7576,38.9331#27.92#48.29#23.79
-98.7007,38.9343#27.95#48.23#23.82
-98.6438,38.9355#27.99#48.17#23.84
-98.5869,38.9367#28.03#48.11#23.86
-98.53,38.9378#28.06#48.05#23.89
-98.4731,38.939#28.09#47.99#23.92
-98.4162,38.9401#28.11#47.93#23.96
-98.3593,38.9412#28.13#47.88#23.99
-98.3024,38.9423#28.15#47.82#24.03
-98.2455,38.9434#28.17#47.76#24.07
-98.1886,38.9444#28.18#47.71#24.11
-98.1317,38.9454#28.2#47.65#24.15
-98.0748,38.9465#28.22#47.59#24.19
-98.0179,38.9475#28.24#47.54#24.22
-97.961,38.9484#28.24#47.49#24.27
-97.904,38.9494#28.23#47.45#24.32
-97.8471,38.9503#28.22#47.41#24.37
-97.7902,38.9512#28.21#47.37#24.42
-97.7333,38.9522#28.2#47.34#24.46
-97.6764,38.953#28.19#47.3#24.51
-97.6195,38.9539#28.18#47.26#24.56
-97.5626,38.9547#28.18#47.22#24.6
-97.5057,38.9556#28.17#47.18#24.65
-97.4487,38.9564#28.14#47.14#24.72
-97.3918,38.9572#28.11#47.11#24.78
-97.3349,38.9579#28.09#47.07#24.84
-97.278,38.9587#28.06#47.04#24.9
-97.2211,38.9594#28.03#47#24.97
-97.1641,38.9601#28.01#46.96#25.03
-97.1072,38.9608#27.98#46.93#25.09
-97.0503,38.9615#27.95#46.89#25.16
-96.9934,38.9622#27.92#46.86#25.22
-96.9365,38.9628#27.87#46.83#25.3
-96.8795,38.9634#27.82#46.8#25.38
-96.8226,38.9641#27.77#46.77#25.46
-96.7657,38.9646#27.73#46.74#25.53
-96.7088,38.9652#27.68#46.71#25.61
-96.6518,38.9658#27.63#46.67#25.7
-96.5949,38.9663#27.58#46.64#25.78
-96.538,38.9668#27.53#46.61#25.86
-96.481,38.9673#27.48#46.58#25.94
-96.4241,38.9678#27.44#46.55#26.01
-96.3672,38.9682#27.39#46.53#26.08
-96.3103,38.9687#27.35#46.5#26.15
-96.2533,38.9691#27.3#46.47#26.23
-96.1964,38.9695#27.26#46.44#26.3
-96.1395,38.9699#27.21#46.41#26.38
-96.0825,38.9702#27.17#46.38#26.45
-96.0256,38.9706#27.12#46.35#26.53
-95.9687,38.9709#27.09#46.33#26.58
-95.9117,38.9712#27.07#46.3#26.63
-95.8548,38.9715#27.05#46.27#26.68
-95.7979,38.9718#27.03#46.25#26.72
-95.7409,38.972#27#46.22#26.78
-95.684,38.9722#26.98#46.2#26.82
-95.6271,38.9724#26.96#46.17#26.87
-95.5701,38.9726#26.94#46.14#26.92
-95.5132,38.9728#26.92#46.12#26.96
-95.4563,38.973#26.91#46.09#27
-95.3993,38.9731#26.9#46.07#27.03
-95.3424,38.9732#26.89#46.04#27.07
-95.2855,38.9733#26.88#46.02#27.1
-95.2285,38.9734#26.87#46#27.13
-95.1716,38.9735#26.86#45.97#27.17
-95.1147,38.9735#26.86#45.95#27.19
-95.0577,38.9736#26.85#45.92#27.23
-95.0008,38.9736#26.84#45.9#27.26
-94.9439,38.9736#26.84#45.87#27.29
-94.8869,38.9735#26.83#45.85#27.32
-94.83,38.9735#26.83#45.83#27.34
-94.773,38.9734#26.83#45.8#27.37
-94.7161,38.9733#26.82#45.78#27.4
-94.6592,38.9732#26.82#45.75#27.43
-94.6022,38.9731#26.81#45.73#27.46
-94.5453,38.973#26.81#45.71#27.48
-94.4884,38.9728#26.81#45.68#27.51
-94.4314,38.9726#26.81#45.66#27.53
-94.3745,38.9725#26.81#45.64#27.55
-94.3176,38.9722#26.8#45.61#27.59
-94.2606,38.972#26.8#45.59#27.61
-94.2037,38.9718#26.8#45.57#27.63
-94.1468,38.9715#26.8#45.55#27.65
-94.0898,38.9712#26.8#45.52#27.68
-94.0329,38.9709#26.8#45.5#27.7
-93.976,38.9706#26.8#45.48#27.72
-93.919,38.9702#26.8#45.45#27.75
-93.8621,38.9699#26.8#45.43#27.77
-93.8052,38.9695#26.8#45.4#27.8
-93.7482,38.9691#26.8#45.38#27.82
-93.6913,38.9687#26.8#45.35#27.85
-93.6344,38.9682#26.8#45.33#27.87
-93.5775,38.9678#26.8#45.3#27.9
-93.5205,38.9673#26.8#45.28#27.92
-93.4636,38.9668#26.8#45.25#27.95
-93.4067,38.9663#26.8#45.23#27.97
-93.3497,38.9658#26.8#45.2#28
-93.2928,38.9652#26.8#45.17#28.03
-93.2359,38.9647#26.8#45.15#28.05
-93.179,38.9641#26.8#45.12#28.08
-93.122,38.9635#26.8#45.09#28.11
-93.0651,38.9628#26.8#45.07#28.13
-93.0082,38.9622#26.8#45.04#28.16
-92.9513,38.9615#26.8#45.01#28.19
-92.8944,38.9609#26.8#44.98#28.22
-92.8374,38.9602#26.8#44.96#28.24
-92.7805,38.9595#26.8#44.93#28.27
-92.7236,38.9587#26.8#44.9#28.3
-92.6667,38.958#26.8#44.87#28.33
-92.6098,38.9572#26.8#44.84#28.36
-92.5528,38.9564#26.8#44.81#28.39
-92.4959,38.9556#26.8#44.79#28.41
-92.439,38.9548#26.8#44.76#28.44
-92.3821,38.9539#26.8#44.73#28.47
-92.3252,38.9531#26.8#44.7#28.5
-92.2683,38.9522#26.8#44.67#28.53
-92.2114,38.9513#26.8#44.65#28.55
-92.1544,38.9504#26.8#44.62#28.58
-92.0975,38.9494#26.8#44.59#28.61
-92.0406,38.9485#26.8#44.56#28.64
-91.9837,38.9475#26.8#44.53#28.67
-91.9268,38.9465#26.8#44.51#28.69
-91.8699,38.9455#26.8#44.48#28.72
-91.813,38.9444#26.8#44.45#28.75
-91.7561,38.9434#26.8#44.42#28.78
-91.6992,38.9423#26.8#44.39#28.81
-91.6423,38.9412#26.8#44.36#28.84
-91.5854,38.9401#26.8#44.33#28.87
-91.5285,38.939#26.8#44.3#28.9
-91.4716,38.9379#26.8#44.27#28.93
-91.4147,38.9367#26.8#44.24#28.96
-91.3578,38.9355#26.8#44.21#28.99
-91.3009,38.9343#26.8#44.18#29.02
-91.244,38.9331#26.8#44.15#29.05
-91.1871,38.9319#26.8#44.12#29.08
-91.1302,38.9306#26.8#44.09#29.11
-91.0733,38.9293#26.8#44.06#29.14
-91.0165,38.9281#26.8#44.03#29.17
-90.9596,38.9267#26.8#43.99#29.21
-90.9027,38.9254#26.8#43.96#29.24
-90.8458,38.9241#26.8#43.92#29.28
-90.7889,38.9227#26.81#43.89#29.3
-90.7321,38.9213#26.81#43.86#29.33
-90.6752,38.9199#26.81#43.82#29.37
-90.6183,38.9185#26.81#43.79#29.4
-90.5614,38.9171#26.81#43.75#29.44
-90.5045,38.9156#26.81#43.72#29.47
-90.4477,38.9141#26.81#43.68#29.51
-90.3908,38.9126#26.81#43.65#29.54
-90.3339,38.9111#26.81#43.61#29.58
-90.2771,38.9096#26.81#43.58#29.61
-90.2202,38.908#26.82#43.54#29.64
-90.1633,38.9065#26.82#43.51#29.67
-90.1065,38.9049#26.82#43.47#29.71
-90.0496,38.9033#26.82#43.44#29.74
-89.9928,38.9016#26.82#43.4#29.78
-89.9359,38.9#26.82#43.36#29.82
-101.376,38.9012#27.06#51.99#20.95
-101.319,38.9033#27.06#51.91#21.03
-101.262,38.9054#27.05#51.84#21.11
-101.205,38.9074#27.05#51.76#21.19
-101.148,38.9094#27.05#51.68#21.27
-101.091,38.9114#27.05#51.6#21.35
-101.034,38.9134#27.04#51.52#21.44
-100.978,38.9154#27.04#51.45#21.51
-100.921,38.9173#27.04#51.38#21.58
-100.864,38.9192#27.04#51.31#21.65
-100.807,38.9211#27.04#51.24#21.72
-100.75,38.923#27.04#51.17#21.79
-100.693,38.9249#27.04#51.1#21.86
-100.637,38.9267#27.04#51.04#21.92
-100.58,38.9286#27.04#50.97#21.99
-100.523,38.9304#27.04#50.9#22.06
-100.466,38.9322#27.05#50.82#22.13
-100.409,38.9339#27.06#50.74#22.2
-100.352,38.9357#27.08#50.65#22.27
-100.295,38.9374#27.09#50.57#22.34
-100.238,38.9392#27.1#50.48#22.42
-100.182,38.9409#27.12#50.4#22.48
-100.125,38.9425#27.13#50.32#22.55
-100.068,38.9442#27.14#50.23#22.63
-100.011,38.9459#27.16#50.15#22.69
-99.954,38.9475#27.18#50.07#22.75
-99.8971,38.9491#27.2#50#22.8
-99.8403,38.9507#27.23#49.93#22.84
-99.7834,38.9522#27.25#49.85#22.9
-99.7265,38.9538#27.28#49.78#22.94
-99.6696,38.9553#27.3#49.7#23
-99.6127,38.9568#27.33#49.63#23.04
-99.5558,38.9583#27.35#49.56#23.09
-99.4989,38.9598#27.37#49.48#23.15
-99.442,38.9613#27.41#49.4#23.19
-99.3851,38.9627#27.45#49.33#23.22
-99.3282,38.9641#27.49#49.25#23.26
-99.2713,38.9655#27.53#49.17#23.3
-99.2144,38.9669#27.57#49.09#23.34
-99.1575,38.9683#27.61#49.02#23.37
-99.1006,38.9696#27.65#48.94#23.41
-99.0437,38.971#27.69#48.86#23.45
-98.9868,38.9723#27.73#48.79#23.48
-98.9299,38.9736#27.77#48.73#23.5
-98.873,38.9749#27.8#48.67#23.53
-98.816,38.9761#27.84#48.61#23.55
-98.7591,38.9773#27.88#48.55#23.57
-98.7022,38.9786#27.92#48.49#23.59
-98.6453,38.9798#27.96#48.44#23.6
-98.5884,38.9809#28#48.38#23.62
-98.5315,38.9821#28.03#48.32#23.65
-98.4745,38.9832#28.06#48.26#23.68
-98.4176,38.9844#28.08#48.2#23.72
-98.3607,38.9855#28.1#48.14#23.76
-98.3038,38.9866#28.12#48.09#23.79
-98.2468,38.9876#28.15#48.03#23.82
-98.1899,38.9887#28.17#47.97#23.86
-98.133,38.9897#28.19#47.92#23.89
-98.0761,38.9907#28.21#47.86#23.93
-98.0191,38.9917#28.23#47.8#23.97
-97.9622,38.9927#28.23#47.75#24.02
-97.9053,38.9937#28.22#47.71#24.07
-97.8483,38.9946#28.22#47.67#24.11
-97.7914,38.9955#28.21#47.63#24.16
-97.7345,38.9964#28.21#47.59#24.2
-97.6775,38.9973#28.2#47.55#24.25
-97.6206,38.9982#28.19#47.51#24.3
-97.5636,38.999#28.19#47.47#24.34
-97.5067,38.9998#28.18#47.43#24.39
-97.4498,39.0007#28.16#47.39#24.45
-97.3928,39.0014#28.13#47.36#24.51
-97.3359,39.0022#28.1#47.32#24.58
-97.2789,39.003#28.08#47.29#24.63
-97.222,39.0037#28.05#47.25#24.7
-97.1651,39.0044#28.03#47.21#24.76
-97.1081,39.0051#28#47.18#24.82
-97.0512,39.0058#27.97#47.14#24.89
-96.9942,39.0065#27.95#47.1#24.95
-96.9373,39.0071#27.9#47.07#25.03
-96.8803,39.0077#27.85#47.04#25.11
-96.8234,39.0083#27.81#47.01#25.18
-96.7664,39.0089#27.76#46.98#25.26
-96.7095,39.0095#27.71#46.95#25.34
-96.6525,39.01#27.67#46.92#25.41
-96.5956,39.0106#27.62#46.89#25.49
-96.5386,39.0111#27.57#46.86#25.57
-96.4817,39.0116#27.53#46.82#25.65
-96.4247,39.012#27.48#46.8#25.72
-96.3678,39.0125#27.43#46.77#25.8
-96.3108,39.0129#27.39#46.74#25.87
-96.2539,39.0133#27.34#46.71#25.95
-96.1969,39.0137#27.29#46.68#26.03
-96.1399,39.0141#27.25#46.65#26.1
-96.083,39.0145#27.2#46.62#26.18
-96.026,39.0148#27.15#46.59#26.26
-95.9691,39.0152#27.12#46.56#26.32
-95.9121,39.0155#27.09#46.54#26.37
-95.8552,39.0158#27.07#46.51#26.42
-95.7982,39.016#27.05#46.48#26.47
-95.7412,39.0163#27.02#46.46#26.52
-95.6843,39.0165#27#46.43#26.57
-95.6273,39.0167#26.98#46.4#26.62
-95.5704,39.0169#26.95#46.38#26.67
-95.5134,39.0171#26.93#46.35#26.72
-95.4565,39.0173#26.92#46.32#26.76
-95.3995,39.0174#26.91#46.3#26.79
-95.3425,39.0175#26.9#46.28#26.82
-95.2856,39.0176#26.89#46.25#26.86
-95.2286,39.0177#26.88#46.23#26.89
-95.1717,39.0178#26.87#46.2#26.93
-95.1147,39.0178#26.86#46.18#26.96
-95.0577,39.0178#26.85#46.15#27
-95.0008,39.0179#26.84#46.12#27.04
-94.9438,39.0178#26.84#46.1#27.06
-94.8869,39.0178#26.84#46.08#27.08
-94.8299,39.0178#26.83#46.05#27.12
-94.773,39.0177#26.83#46.03#27.14
-94.716,39.0176#26.82#46#27.18
-94.659,39.0175#26.82#45.98#27.2
-94.6021,39.0174#26.82#45.96#27.22
-94.5451,39.0173#26.81#45.93#27.26
-94.4882,39.0171#26.81#45.91#27.28
-94.4312,39.0169#26.81#45.88#27.31
-94.3742,39.0167#26.81#45.86#27.33
-94.3173,39.0165#26.81#45.84#27.35
-94.2603,39.0163#26.8#45.81#27.39
-94.2034,39.016#26.8#45.79#27.41
-94.1464,39.0158#26.8#45.77#27.43
-94.0895,39.0155#26.8#45.74#27.46
-94.0325,39.0152#26.8#45.72#27.48
-93.9755,39.0148#26.8#45.7#27.5
-93.9186,39.0145#26.8#45.67#27.53
-93.8616,39.0141#26.8#45.65#27.55
-93.8047,39.0138#26.8#45.62#27.58
-93.7477,39.0134#26.8#45.6#27.6
-93.6908,39.0129#26.8#45.57#27.63
-93.6338,39.0125#26.8#45.54#27.66
-93.5769,39.012#26.79#45.52#27.69
-93.5199,39.0116#26.79#45.49#27.72
-93.463,39.0111#26.79#45.47#27.74
-93.406,39.0106#26.79#45.44#27.77
-93.3491,39.01#26.79#45.41#27.8
-93.2921,39.0095#26.79#45.39#27.82
-93.2352,39.0089#26.79#45.36#27.85
-93.1782,39.0083#26.79#45.33#27.88
-93.1213,39.0077#26.79#45.31#27.9
-93.0643,39.0071#26.79#45.28#27.93
-93.0074,39.0065#26.79#45.25#27.96
-92.9504,39.0058#26.79#45.22#27.99
-92.8935,39.0051#26.79#45.19#28.02
-92.8365,39.0044#26.79#45.16#28.05
-92.7796,39.0037#26.79#45.14#28.07
-92.7226,39.003#26.79#45.11#28.1
-92.6657,39.0022#26.79#45.08#28.13
-92.6087,39.0015#26.79#45.05#28.16
-92.5518,39.0007#26.79#45.02#28.19
-92.4949,38.9999#26.79#44.99#28.22
-92.4379,38.999#26.79#44.96#28.25
-92.381,38.9982#26.8#44.93#28.27
-92.3241,38.9973#26.8#44.9#28.3
-92.2671,38.9964#26.8#44.88#28.32
-92.2102,38.9955#26.8#44.85#28.35
-92.1532,38.9946#26.8#44.82#28.38
-92.0963,38.9937#26.8#44.79#28.41
-92.0394,38.9927#26.8#44.76#28.44
-91.9824,38.9918#26.8#44.73#28.47
-91.9255,38.9908#26.8#44.7#28.5
-91.8686,38.9897#26.8#44.67#28.53
-91.8117,38.9887#26.8#44.64#28.56
-91.7547,38.9877#26.8#44.61#28.59
-91.6978,38.9866#26.8#44.58#28.62
-91.6409,38.9855#26.8#44.55#28.65
-91.584,38.9844#26.8#44.52#28.68
-91.527,38.9833#26.8#44.49#28.71
-91.4701,38.9821#26.8#44.46#28.74
-91.4132,38.981#26.8#44.43#28.77
-91.3563,38.9798#26.8#44.4#28.8
-91.2994,38.9786#26.8#44.36#28.84
-91.2424,38.9774#26.8#44.33#28.87
-91.1855,38.9761#26.8#44.3#28.9
-91.1286,38.9749#26.8#44.27#28.93
-91.0717,38.9736#26.8#44.24#28.96
-91.0148,38.9723#26.8#44.21#28.99
-90.9579,38.971#26.8#44.17#29.03
-90.901,38.9697#26.8#44.14#29.06
-90.8441,38.9683#26.8#44.1#29.1
-90.7872,38.967#26.81#44.07#29.12
-90.7303,38.9656#26.81#44.03#29.16
-90.6734,38.9642#26.81#44#29.19
-90.6165,38.9628#26.81#43.96#29.23
-90.5596,38.9613#26.81#43.93#29.26
-90.5027,38.9599#26.81#43.89#29.3
-90.4458,38.9584#26.81#43.86#29.33
-90.3889,38.9569#26.81#43.82#29.37
-90.332,38.9554#26.81#43.79#29.4
-90.2751,38.9538#26.82#43.75#29.43
-90.2182,38.9523#26.82#43.71#29.47
-90.1613,38.9507#26.82#43.68#29.5
-90.1044,38.9491#26.82#43.64#29.54
-90.0475,38.9475#26.82#43.6#29.58
-89.9907,38.9459#26.82#43.57#29.61
-89.9338,38.9443#26.82#43.52#29.66
-89.8769,38.9426#26.83#43.48#29.69
-89.82,38.9409#26.83#43.44#29.73
-89.7631,38.9392#26.83#43.39#29.78
-89.7063,38.9375#26.83#43.35#29.82
-89.6494,38.9357#26.83#43.31#29.86
-89.5925,38.934#26.84#43.26#29.9
-89.5357,38.9322#26.84#43.22#29.94
-89.4788,38.9304#26.84#43.17#29.99
-89.4219,38.9286#26.84#43.13#30.03
-89.3651,38.9268#26.85#43.08#30.07
-89.3082,38.9249#26.85#43.03#30.12
-89.2514,38.9231#26.85#42.98#30.17
-89.1945,38.9212#26.85#42.93#30.22
-89.1376,38.9193#26.86#42.88#30.26
-89.0808,38.9174#26.86#42.83#30.31
-89.0239,38.9154#26.86#42.78#30.36
-88.9671,38.9135#26.86#42.73#30.41
-88.9102,38.9115#26.87#42.68#30.45
-88.8534,38.9095#26.87#42.63#30.5
-88.7966,38.9075#26.88#42.58#30.54
-88.7397,38.9054#26.88#42.53#30.59
-88.6829,38.9034#26.88#42.48#30.64
-88.6261,38.9013#26.89#42.43#30.68
-102.515,38.9001#27.15#53.78#19.07
-102.458,38.9026#27.14#53.7#19.16
-102.401,38.905#27.13#53.61#19.26
-102.344,38.9074#27.13#53.52#19.35
-102.288,38.9098#27.12#53.44#19.44
-102.231,38.9122#27.12#53.35#19.53
-102.174,38.9145#27.11#53.26#19.63
-102.117,38.9168#27.11#53.18#19.71
-102.06,38.9192#27.1#53.09#19.81
-102.003,38.9215#27.1#53#19.9
-101.947,38.9237#27.09#52.93#19.98
-101.89,38.926#27.09#52.87#20.04
-101.833,38.9282#27.08#52.8#20.12
-101.776,38.9305#27.08#52.73#20.19
-101.719,38.9327#27.08#52.66#20.26
-101.662,38.9348#27.07#52.59#20.34
-101.606,38.937#27.07#52.52#20.41
-101.549,38.9392#27.06#52.45#20.49
-101.492,38.9413#27.06#52.38#20.56
-101.435,38.9434#27.06#52.3#20.64
-101.378,38.9455#27.06#52.22#20.72
-101.321,38.9476#27.05#52.14#20.81
-101.264,38.9496#27.05#52.07#20.88
-101.208,38.9516#27.05#51.99#20.96
-101.151,38.9537#27.05#51.91#21.04
-101.094,38.9557#27.04#51.83#21.13
-101.037,38.9576#27.04#51.75#21.21
-100.98,38.9596#27.04#51.68#21.28
-100.923,38.9615#27.04#51.61#21.35
-100.866,38.9635#27.04#51.54#21.42
-100.81,38.9654#27.04#51.47#21.49
-100.753,38.9673#27.04#51.4#21.56
-100.696,38.9691#27.04#51.33#21.63
-100.639,38.971#27.04#51.26#21.7
-100.582,38.9728#27.04#51.19#21.77
-100.525,38.9746#27.04#51.12#21.84
-100.468,38.9764#27.04#51.05#21.91
-100.411,38.9782#27.05#50.97#21.98
-100.354,38.9799#27.07#50.88#22.05
-100.298,38.9817#27.08#50.8#22.12
-100.241,38.9834#27.09#50.72#22.19
-100.184,38.9851#27.1#50.64#22.26
-100.127,38.9868#27.12#50.56#22.32
-100.07,38.9885#27.13#50.47#22.4
-100.013,38.9901#27.14#50.39#22.47
-99.9561,38.9917#27.16#50.32#22.52
-99.8992,38.9933#27.18#50.24#22.58
-99.8423,38.9949#27.21#50.17#22.62
-99.7854,38.9965#27.23#50.1#22.67
-99.7285,38.998#27.25#50.03#22.72
-99.6716,38.9996#27.28#49.95#22.77
-99.6146,39.0011#27.3#49.88#22.82
-99.5577,39.0026#27.33#49.81#22.86
-99.5008,39.0041#27.35#49.74#22.91
-99.4439,39.0055#27.39#49.66#22.95
-99.387,39.007#27.42#49.58#23
-99.33,39.0084#27.46#49.51#23.03
-99.2731,39.0098#27.5#49.43#23.07
-99.2162,39.0112#27.54#49.36#23.1
-99.1593,39.0126#27.58#49.28#23.14
-99.1023,39.0139#27.61#49.2#23.19
-99.0454,39.0152#27.65#49.13#23.22
-98.9885,39.0165#27.69#49.06#23.25
-98.9315,39.0178#27.73#49#23.27
-98.8746,39.0191#27.77#48.94#23.29
-98.8177,39.0204#27.81#48.88#23.31
-98.7607,39.0216#27.85#48.82#23.33
-98.7038,39.0228#27.89#48.76#23.35
-98.6468,39.024#27.92#48.7#23.38
-98.5899,39.0252#27.96#48.64#23.4
-98.5329,39.0264#28#48.59#23.41
-98.476,39.0275#28.04#48.53#23.43
-98.4191,39.0286#28.06#48.47#23.47
-98.3621,39.0297#28.08#48.41#23.51
-98.3052,39.0308#28.1#48.35#23.55
-98.2482,39.0319#28.13#48.3#23.57
-98.1913,39.0329#28.15#48.24#23.61
-98.1343,39.034#28.17#48.18#23.65
-98.0774,39.035#28.19#48.12#23.69
-98.0204,39.036#28.22#48.06#23.72
-97.9634,39.037#28.22#48.02#23.76
-97.9065,39.0379#28.22#47.98#23.8
-97.8495,39.0389#28.21#47.93#23.86
-97.7926,39.0398#28.21#47.89#23.9
-97.7356,39.0407#28.21#47.85#23.94
-97.6786,39.0416#28.2#47.81#23.99
-97.6217,39.0424#28.2#47.77#24.03
-97.5647,39.0433#28.2#47.72#24.08
-97.5078,39.0441#28.2#47.68#24.12
-97.4508,39.0449#28.17#47.64#24.19
-97.3938,39.0457#28.15#47.61#24.24
-97.3369,39.0465#28.12#47.57#24.31
-97.2799,39.0472#28.1#47.54#24.36
-97.2229,39.048#28.07#47.5#24.43
-97.166,39.0487#28.05#47.46#24.49
-97.109,39.0494#28.02#47.42#24.56
-97.052,39.0501#28#47.39#24.61
-96.9951,39.0507#27.97#47.35#24.68
-96.9381,39.0514#27.93#47.32#24.75
-96.8811,39.052#27.88#47.29#24.83
-96.8241,39.0526#27.84#47.26#24.9
-96.7672,39.0532#27.79#47.22#24.99
-96.7102,39.0537#27.75#47.19#25.06
-96.6532,39.0543#27.71#47.16#25.13
-96.5962,39.0548#27.66#47.13#25.21
-96.5393,39.0553#27.62#47.1#25.28
-96.4823,39.0558#27.57#47.07#25.36
-96.4253,39.0563#27.52#47.04#25.44
-96.3683,39.0568#27.47#47.01#25.52
-96.3114,39.0572#27.43#46.98#25.59
-96.2544,39.0576#27.38#46.95#25.67
-96.1974,39.058#27.33#46.92#25.75
-96.1404,39.0584#27.28#46.89#25.83
-96.0834,39.0588#27.23#46.86#25.91
-96.0265,39.0591#27.18#46.83#25.99
-95.9695,39.0594#27.14#46.8#26.06
-95.9125,39.0597#27.12#46.77#26.11
-95.8555,39.06#27.09#46.74#26.17
-95.7985,39.0603#27.07#46.72#26.21
-95.7416,39.0605#27.04#46.69#26.27
-95.6846,39.0608#27.02#46.66#26.32
-95.6276,39.061#26.99#46.64#26.37
-95.5706,39.0612#26.96#46.61#26.43
-95.5136,39.0614#26.94#46.58#26.48
-95.4567,39.0615#26.92#46.56#26.52
-95.3997,39.0617#26.92#46.53#26.55
-95.3427,39.0618#26.91#46.51#26.58
-95.2857,39.0619#26.9#46.48#26.62
-95.2287,39.062#26.89#46.46#26.65
-95.1717,39.062#26.88#46.43#26.69
-95.1148,39.0621#26.87#46.4#26.73
-95.0578,39.0621#26.86#46.38#26.76
-95.0008,39.0621#26.85#46.35#26.8
-94.9438,39.0621#26.84#46.33#26.83
-94.8868,39.0621#26.84#46.3#26.86
-94.8298,39.062#26.84#46.28#26.88
-94.7729,39.062#26.83#46.25#26.92
-94.7159,39.0619#26.83#46.23#26.94
-94.6589,39.0618#26.82#46.2#26.98
-94.6019,39.0617#26.82#46.18#27
-94.5449,39.0615#26.81#46.15#27.04
-94.4879,39.0614#26.81#46.13#27.06
-94.431,39.0612#26.81#46.11#27.08
-94.374,39.061#26.81#46.08#27.11
-94.317,39.0608#26.81#46.06#27.13
-94.26,39.0606#26.8#46.04#27.16
-94.203,39.0603#26.8#46.01#27.19
-94.1461,39.06#26.8#45.99#27.21
-94.0891,39.0597#26.8#45.96#27.24
-94.0321,39.0594#26.8#45.94#27.26
-93.9751,39.0591#26.8#45.92#27.28
-93.9181,39.0588#26.8#45.89#27.31
-93.8612,39.0584#26.8#45.87#27.33
-93.8042,39.058#26.8#45.84#27.36
-93.7472,39.0576#26.8#45.81#27.39
-93.6902,39.0572#26.8#45.79#27.41
-93.6332,39.0568#26.79#45.76#27.45
-93.5763,39.0563#26.79#45.74#27.47
-93.5193,39.0558#26.79#45.71#27.5
-93.4623,39.0553#26.79#45.68#27.53
-93.4053,39.0548#26.79#45.66#27.55
-93.3484,39.0543#26.79#45.63#27.58
-93.2914,39.0538#26.79#45.6#27.61
-93.2344,39.0532#26.79#45.57#27.64
-93.1774,39.0526#26.79#45.55#27.66
-93.1205,39.052#26.79#45.52#27.69
-93.0635,39.0514#26.79#45.49#27.72
-93.0065,39.0507#26.79#45.46#27.75
-92.9495,39.0501#26.79#45.43#27.78
-92.8926,39.0494#26.79#45.4#27.81
-92.8356,39.0487#26.79#45.37#27.84
-92.7786,39.048#26.79#45.34#27.87
-92.7217,39.0473#26.79#45.31#27.9
-92.6647,39.0465#26.79#45.28#27.93
-92.6077,39.0457#26.79#45.25#27.96
-92.5508,39.0449#26.79#45.22#27.99
-92.4938,39.0441#26.79#45.19#28.02
-92.4369,39.0433#26.79#45.16#28.05
-92.3799,39.0425#26.79#45.13#28.08
-92.3229,39.0416#26.79#45.11#28.1
-92.266,39.0407#26.79#45.08#28.13
-92.209,39.0398#26.79#45.05#28.16
-92.152,39.0389#26.79#45.02#28.19
-92.0951,39.0379#26.79#44.99#28.22
-92.0381,39.037#26.79#44.96#28.25
-91.9812,39.036#26.8#44.93#28.27
-91.9242,39.035#26.8#44.9#28.3
-91.8673,39.034#26.8#44.86#28.34
-91.8103,39.033#26.8#44.83#28.37
-91.7534,39.0319#26.8#44.8#28.4
-91.6964,39.0309#26.8#44.77#28.43
-91.6395,39.0298#26.8#44.74#28.46
-91.5825,39.0287#26.8#44.71#28.49
-91.5256,39.0275#26.8#44.68#28.52
-91.4686,39.0264#26.8#44.65#28.55
-91.4117,39.0252#26.8#44.61#28.59
-91.3547,39.0241#26.8#44.58#28.62
-91.2978,39.0229#26.8#44.55#28.65
-91.2409,39.0216#26.8#44.52#28.68
-91.1839,39.0204#26.8#44.48#28.72
-91.127,39.0191#26.8#44.45#28.75
-91.07,39.0179#26.8#44.42#28.78
-91.0131,39.0166#26.8#44.39#28.81
-90.9562,39.0153#26.8#44.35#28.85
-90.8993,39.0139#26.8#44.32#28.88
-90.8423,39.0126#26.8#44.28#28.92
-90.7854,39.0112#26.81#44.24#28.95
-90.7285,39.0098#26.81#44.21#28.98
-90.6715,39.0084#26.81#44.17#29.02
-90.6146,39.007#26.81#44.14#29.05
-90.5577,39.0056#26.81#44.1#29.09
-90.5008,39.0041#26.81#44.07#29.12
-90.4438,39.0026#26.81#44.03#29.16
-90.3869,39.0011#26.81#43.99#29.2
-90.33,38.9996#26.81#43.96#29.23
-90.2731,38.9981#26.82#43.92#29.26
-90.2162,38.9965#26.82#43.88#29.3
-90.1593,38.995#26.82#43.85#29.33
-90.1024,38.9934#26.82#43.81#29.37
-90.0455,38.9918#26.82#43.77#29.41
-89.9886,38.9901#26.82#43.73#29.45
-89.9316,38.9885#26.83#43.69#29.48
-89.8747,38.9868#26.83#43.65#29.52
-89.8178,38.9852#26.83#43.6#29.57
-89.7609,38.9835#26.83#43.56#29.61
-89.704,38.9817#26.83#43.51#29.66
-89.6472,38.98#26.84#43.47#29.69
-89.5903,38.9782#26.84#43.43#29.73
-89.5334,38.9765#26.84#43.38#29.78
-89.4765,38.9747#26.84#43.34#29.82
-89.4196,38.9729#26.84#43.29#29.87
-89.3627,38.971#26.85#43.24#29.91
-89.3058,38.9692#26.85#43.19#29.96
-89.2489,38.9673#26.85#43.14#30.01
-89.1921,38.9654#26.86#43.09#30.05
-89.1352,38.9635#26.86#43.04#30.1
-89.0783,38.9616#26.86#42.99#30.15
-89.0214,38.9597#26.86#42.94#30.2
-88.9646,38.9577#26.87#42.89#30.24
-88.9077,38.9557#26.87#42.83#30.3
-88.8508,38.9537#26.87#42.78#30.35
-88.794,38.9517#26.88#42.73#30.39
-88.7371,38.9497#26.88#42.68#30.44
-88.6802,38.9476#26.88#42.63#30.49
-88.6234,38.9455#26.89#42.58#30.53
-88.5665,38.9434#26.89#42.53#30.58
-88.5097,38.9413#26.89#42.48#30.63
-88.4528,38.9392#26.9#42.41#30.69
-88.396,38.9371#26.9#42.35#30.75
-88.3391,38.9349#26.91#42.28#30.81
-88.2823,38.9327#26.91#42.22#30.87
-88.2254,38.9305#26.92#42.15#30.93
-88.1686,38.9283#26.92#42.08#31
-88.1118,38.9261#26.92#42.02#31.06
-88.0549,38.9238#26.93#41.95#31.12
-87.9981,38.9215#26.93#41.88#31.19
-87.9413,38.9192#26.94#41.8#31.26
-87.8844,38.9169#26.94#41.72#31.34
-87.8276,38.9146#26.95#41.64#31.41
-87.7708,38.9122#26.95#41.56#31.49
-87.714,38.9099#26.96#41.48#31.56
-87.6571,38.9075#26.96#41.4#31.64
-87.6003,38.9051#26.97#41.32#31.71
-87.5435,38.9026#26.97#41.23#31.8
-87.4867,38.9002#26.98#41.15#31.87
-103.484,38.9#27.37#55.22#17.41
-103.427,38.9027#27.36#55.14#17.5
-103.37,38.9055#27.34#55.07#17.59
-103.313,38.9082#27.32#55#17.68
-103.257,38.9109#27.3#54.93#17.77
-103.2,38.9136#27.28#54.85#17.87
-103.143,38.9162#27.26#54.78#17.96
-103.086,38.9189#27.25#54.71#18.04
-103.029,38.9215#27.23#54.63#18.14
-102.973,38.9241#27.21#54.56#18.23
-102.916,38.9267#27.21#54.5#18.29
-102.859,38.9293#27.2#54.43#18.37
-102.802,38.9319#27.19#54.36#18.45
-102.745,38.9344#27.18#54.29#18.53
-102.688,38.9369#27.17#54.22#18.61
-102.632,38.9394#27.16#54.16#18.68
-102.575,38.9419#27.15#54.09#18.76
-102.518,38.9444#27.14#54.02#18.84
-102.461,38.9468#27.14#53.94#18.92
-102.404,38.9492#27.13#53.85#19.02
-102.348,38.9516#27.13#53.76#19.11
-102.291,38.954#27.12#53.68#19.2
-102.234,38.9564#27.11#53.59#19.3
-102.177,38.9587#27.11#53.51#19.38
-102.12,38.9611#27.1#53.42#19.48
-102.063,38.9634#27.1#53.33#19.57
-102.006,38.9657#27.09#53.25#19.66
-101.95,38.968#27.09#53.18#19.73
-101.893,38.9702#27.08#53.11#19.81
-101.836,38.9725#27.08#53.04#19.88
-101.779,38.9747#27.08#52.97#19.95
-101.722,38.9769#27.07#52.89#20.04
-101.665,38.9791#27.07#52.82#20.11
-101.608,38.9812#27.07#52.75#20.18
-101.552,38.9834#27.06#52.68#20.26
-101.495,38.9855#27.06#52.61#20.33
-101.438,38.9876#27.06#52.53#20.41
-101.381,38.9897#27.05#52.45#20.5
-101.324,38.9918#27.05#52.37#20.58
-101.267,38.9938#27.05#52.3#20.65
-101.21,38.9959#27.04#52.22#20.74
-101.153,38.9979#27.04#52.14#20.82
-101.096,38.9999#27.04#52.06#20.9
-101.04,39.0019#27.04#51.98#20.98
-100.983,39.0038#27.03#51.91#21.06
-100.926,39.0058#27.03#51.84#21.13
-100.869,39.0077#27.03#51.77#21.2
-100.812,39.0096#27.03#51.7#21.27
-100.755,39.0115#27.03#51.63#21.34
-100.698,39.0134#27.03#51.56#21.41
-100.641,39.0152#27.03#51.49#21.48
-100.584,39.017#27.03#51.42#21.55
-100.527,39.0189#27.03#51.35#21.62
-100.471,39.0207#27.04#51.28#21.68
-100.414,39.0224#27.05#51.2#21.75
-100.357,39.0242#27.06#51.12#21.82
-100.3,39.0259#27.07#51.03#21.9
-100.243,39.0276#27.08#50.95#21.97
-100.186,39.0293#27.09#50.87#22.04
-100.129,39.031#27.1#50.79#22.11
-100.072,39.0327#27.11#50.71#22.18
-100.015,39.0343#27.12#50.63#22.25
-99.9582,39.036#27.14#50.56#22.3
-99.9013,39.0376#27.16#50.49#22.35
-99.8443,39.0392#27.19#50.42#22.39
-99.7874,39.0407#27.21#50.35#22.44
-99.7305,39.0423#27.23#50.27#22.5
-99.6735,39.0438#27.25#50.2#22.55
-99.6166,39.0453#27.28#50.13#22.59
-99.5596,39.0468#27.3#50.06#22.64
-99.5027,39.0483#27.32#49.99#22.69
-99.4458,39.0498#27.36#49.91#22.73
-99.3888,39.0512#27.4#49.84#22.76
-99.3319,39.0526#27.43#49.77#22.8
-99.2749,39.054#27.47#49.69#22.84
-99.218,39.0554#27.5#49.62#22.88
-99.161,39.0568#27.54#49.54#22.92
-99.104,39.0581#27.58#49.47#22.95
-99.0471,39.0595#27.61#49.4#22.99
-98.9901,39.0608#27.65#49.32#23.03
-98.9332,39.0621#27.69#49.27#23.04
-98.8762,39.0634#27.73#49.21#23.06
-98.8193,39.0646#27.77#49.15#23.08
-98.7623,39.0658#27.81#49.09#23.1
-98.7053,39.0671#27.85#49.03#23.12
-98.6484,39.0683#27.89#48.97#23.14
-98.5914,39.0694#27.93#48.91#23.16
-98.5344,39.0706#27.97#48.85#23.18
-98.4775,39.0718#28.01#48.8#23.19
-98.4205,39.0729#28.03#48.74#23.23
-98.3635,39.074#28.06#48.68#23.26
-98.3065,39.0751#28.08#48.62#23.3
-98.2496,39.0761#28.11#48.56#23.33
-98.1926,39.0772#28.13#48.5#23.37
-98.1356,39.0782#28.15#48.45#23.4
-98.0786,39.0792#28.18#48.39#23.43
-98.0217,39.0802#28.2#48.33#23.47
-97.9647,39.0812#28.21#48.28#23.51
-97.9077,39.0822#28.21#48.24#23.55
-97.8507,39.0831#28.21#48.19#23.6
-97.7937,39.084#28.21#48.15#23.64
-97.7368,39.0849#28.21#48.11#23.68
-97.6798,39.0858#28.21#48.07#23.72
-97.6228,39.0867#28.21#48.02#23.77
-97.5658,39.0875#28.21#47.98#23.81
-97.5088,39.0884#28.21#47.94#23.85
-97.4518,39.0892#28.19#47.9#23.91
-97.3948,39.09#28.16#47.86#23.98
-97.3378,39.0907#28.14#47.82#24.04
-97.2809,39.0915#28.12#47.78#24.1
-97.2239,39.0922#28.09#47.75#24.16
-97.1669,39.0929#28.07#47.71#24.22
-97.1099,39.0936#28.04#47.67#24.29
-97.0529,39.0943#28.02#47.63#24.35
-96.9959,39.095#27.99#47.6#24.41
-96.9389,39.0956#27.95#47.56#24.49
-96.8819,39.0962#27.91#47.53#24.56
-96.8249,39.0968#27.87#47.5#24.63
-96.7679,39.0974#27.83#47.47#24.7
-96.7109,39.098#27.79#47.44#24.77
-96.6539,39.0985#27.74#47.4#24.86
-96.5969,39.0991#27.7#47.37#24.93
-96.5399,39.0996#27.66#47.34#25
-96.4829,39.1001#27.62#47.31#25.07
-96.4259,39.1006#27.57#47.28#25.15
-96.3689,39.101#27.52#47.25#25.23
-96.3119,39.1014#27.47#47.22#25.31
-96.2549,39.1019#27.41#47.19#25.4
-96.1979,39.1023#27.36#47.16#25.48
-96.1409,39.1027#27.31#47.13#25.56
-96.0839,39.103#27.26#47.09#25.65
-96.0269,39.1034#27.21#47.06#25.73
-95.9699,39.1037#27.17#47.03#25.8
-95.9129,39.104#27.14#47.01#25.85
-95.8559,39.1043#27.12#46.98#25.9
-95.7989,39.1045#27.09#46.95#25.96
-95.7419,39.1048#27.06#46.92#26.02
-95.6849,39.105#27.03#46.9#26.07
-95.6279,39.1052#27#46.87#26.13
-95.5709,39.1054#26.98#46.84#26.18
-95.5138,39.1056#26.95#46.81#26.24
-95.4568,39.1058#26.93#46.79#26.28
-95.3998,39.1059#26.92#46.76#26.32
-95.3428,39.106#26.91#46.74#26.35
-95.2858,39.1061#26.9#46.71#26.39
-95.2288,39.1062#26.89#46.68#26.43
-95.1718,39.1063#26.88#46.66#26.46
-95.1148,39.1063#26.87#46.63#26.5
-95.0578,39.1064#26.86#46.61#26.53
-95.0008,39.1064#26.85#46.58#26.57
-94.9438,39.1064#26.85#46.56#26.59
-94.8868,39.1063#26.84#46.53#26.63
-94.8298,39.1063#26.84#46.51#26.65
-94.7728,39.1062#26.83#46.48#26.69
-94.7158,39.1061#26.83#46.46#26.71
-94.6587,39.106#26.83#46.43#26.74
-94.6017,39.1059#26.82#46.4#26.78
-94.5447,39.1058#26.82#46.38#26.8
-94.4877,39.1056#26.81#46.35#26.84
-94.4307,39.1054#26.81#46.33#26.86
-94.3737,39.1053#26.81#46.31#26.88
-94.3167,39.105#26.81#46.28#26.91
-94.2597,39.1048#26.81#46.26#26.93
-94.2027,39.1046#26.8#46.23#26.97
-94.1457,39.1043#26.8#46.21#26.99
-94.0887,39.104#26.8#46.19#27.01
-94.0317,39.1037#26.8#46.16#27.04
-93.9747,39.1034#26.8#46.14#27.06
-93.9177,39.103#26.8#46.11#27.09
-93.8607,39.1027#26.8#46.08#27.12
-93.8037,39.1023#26.8#46.06#27.14
-93.7467,39.1019#26.8#46.03#27.17
-93.6897,39.1015#26.8#46.01#27.19
-93.6327,39.101#26.79#45.98#27.23
-93.5757,39.1006#26.79#45.95#27.26
-93.5187,39.1001#26.79#45.93#27.28
-93.4617,39.0996#26.79#45.9#27.31
-93.4047,39.0991#26.79#45.87#27.34
-93.3477,39.0986#26.79#45.84#27.37
-93.2907,39.098#26.79#45.81#27.4
-93.2337,39.0974#26.79#45.79#27.42
-93.1767,39.0969#26.79#45.76#27.45
-93.1197,39.0963#26.79#45.73#27.48
-93.0627,39.0956#26.79#45.7#27.51
-93.0057,39.095#26.79#45.67#27.54
-92.9487,39.0943#26.79#45.64#27.57
-92.8917,39.0937#26.79#45.61#27.6
-92.8347,39.093#26.79#45.58#27.63
-92.7777,39.0922#26.79#45.55#27.66
-92.7207,39.0915#26.79#45.52#27.69
-92.6637,39.0908#26.79#45.49#27.72
-92.6067,39.09#26.79#45.46#27.75
-92.5497,39.0892#26.79#45.43#27.78
-92.4928,39.0884#26.79#45.4#27.81
-92.4358,39.0876#26.79#45.37#27.84
-92.3788,39.0867#26.79#45.34#27.87
-92.3218,39.0858#26.79#45.31#27.9
-92.2648,39.085#26.79#45.28#27.93
-92.2078,39.0841#26.79#45.25#27.96
-92.1509,39.0831#26.79#45.21#28
-92.0939,39.0822#26.79#45.18#28.03
-92.0369,39.0812#26.79#45.15#28.06
-91.9799,39.0803#26.79#45.12#28.09
-91.9229,39.0793#26.79#45.09#28.12
-91.866,39.0783#26.79#45.06#28.15
-91.809,39.0772#26.8#45.03#28.17
-91.752,39.0762#26.8#44.99#28.21
-91.695,39.0751#26.8#44.96#28.24
-91.6381,39.074#26.8#44.93#28.27
-91.5811,39.0729#26.8#44.9#28.3
-91.5241,39.0718#26.8#44.87#28.33
-91.4671,39.0706#26.8#44.83#28.37
-91.4102,39.0695#26.8#44.8#28.4
-91.3532,39.0683#26.8#44.77#28.43
-91.2962,39.0671#26.8#44.73#28.47
-91.2393,39.0659#26.8#44.7#28.5
-91.1823,39.0646#26.8#44.67#28.53
-91.1254,39.0634#26.8#44.63#28.57
-91.0684,39.0621#26.8#44.6#28.6
-91.0114,39.0608#26.8#44.57#28.63
-90.9545,39.0595#26.8#44.53#28.67
-90.8975,39.0582#26.8#44.49#28.71
-90.8406,39.0568#26.8#44.46#28.74
-90.7836,39.0555#26.81#44.42#28.77
-90.7267,39.0541#26.81#44.39#28.8
-90.6697,39.0527#26.81#44.35#28.84
-90.6128,39.0513#26.81#44.31#28.88
-90.5558,39.0498#26.81#44.28#28.91
-90.4989,39.0484#26.81#44.24#28.95
-90.4419,39.0469#26.81#44.2#28.99
-90.385,39.0454#26.81#44.16#29.03
-90.3281,39.0439#26.81#44.13#29.06
-90.2711,39.0423#26.82#44.09#29.09
-90.2142,39.0408#26.82#44.05#29.13
-90.1572,39.0392#26.82#44.02#29.16
-90.1003,39.0376#26.82#43.98#29.2
-90.0434,39.036#26.82#43.94#29.24
-89.9864,39.0344#26.82#43.9#29.28
-89.9295,39.0327#26.83#43.86#29.31
-89.8726,39.0311#26.83#43.81#29.36
-89.8157,39.0294#26.83#43.77#29.4
-89.7587,39.0277#26.83#43.72#29.45
-89.7018,39.026#26.83#43.68#29.49
-89.6449,39.0242#26.84#43.63#29.53
-89.588,39.0225#26.84#43.59#29.57
-89.5311,39.0207#26.84#43.54#29.62
-89.4742,39.0189#26.84#43.5#29.66
-89.4172,39.0171#26.85#43.45#29.7
-89.3603,39.0153#26.85#43.4#29.75
-89.3034,39.0134#26.85#43.35#29.8
-89.2465,39.0115#26.85#43.3#29.85
-89.1896,39.0097#26.86#43.25#29.89
-89.1327,39.0078#26.86#43.2#29.94
-89.0758,39.0058#26.86#43.14#30
-89.0189,39.0039#26.87#43.09#30.04
-88.962,39.0019#26.87#43.04#30.09
-88.9051,38.9999#26.87#42.99#30.14
-88.8482,38.998#26.88#42.94#30.18
-88.7914,38.9959#26.88#42.89#30.23
-88.7345,38.9939#26.88#42.84#30.28
-88.6776,38.9918#26.89#42.79#30.32
-88.6207,38.9898#26.89#42.73#30.38
-88.5638,38.9877#26.89#42.68#30.43
-88.5069,38.9856#26.9#42.63#30.47
-88.4501,38.9834#26.9#42.57#30.53
-88.3932,38.9813#26.91#42.5#30.59
-88.3363,38.9791#26.91#42.43#30.66
-88.2795,38.9769#26.91#42.37#30.72
-88.2226,38.9747#26.92#42.3#30.78
-88.1657,38.9725#26.92#42.23#30.85
-88.1089,38.9703#26.93#42.17#30.9
-88.052,38.968#26.93#42.1#30.97
-87.9951,38.9657#26.94#42.03#31.03
-87.9383,38.9635#26.94#41.95#31.11
-87.8814,38.9611#26.95#41.87#31.18
-87.8246,38.9588#26.95#41.79#31.26
-87.7677,38.9565#26.96#41.71#31.33
-87.7109,38.9541#26.96#41.63#31.41
-87.6541,38.9517#26.97#41.55#31.48
-87.5972,38.9493#26.97#41.47#31.56
-87.5404,38.9469#26.98#41.38#31.64
-87.4836,38.9444#26.98#41.29#31.73
-87.4267,38.942#26.99#41.18#31.83
-87.3699,38.9395#27#41.07#31.93
-87.3131,38.937#27#40.96#32.04
-87.2562,38.9345#27.01#40.84#32.15
-87.1994,38.9319#27.02#40.73#32.25
-87.1426,38.9294#27.02#40.62#32.36
-87.0858,38.9268#27.03#40.5#32.47
-87.029,38.9242#27.04#40.39#32.57
-86.9722,38.9216#27.04#40.25#32.71
-86.9154,38.919#27.05#40.09#32.86
-86.8586,38.9163#27.06#39.93#33.01
-86.8018,38.9136#27.07#39.77#33.16
-86.745,38.911#27.07#39.6#33.33
-86.6882,38.9083#27.08#39.44#33.48
-86.6314,38.9055#27.09#39.27#33.64
-86.5746,38.9028#27.1#39.11#33.79
-86.5178,38.9#27.11#38.94#33.95
-104.339,38.9005#28.44#56.35#15.21
-104.282,38.9036#28.33#56.31#15.36
-104.226,38.9066#28.22#56.26#15.52
-104.169,38.9096#28.1#56.21#15.69
-104.112,38.9126#27.99#56.17#15.84
-104.055,38.9155#27.87#56.12#16.01
-103.998,38.9185#27.76#56.07#16.17
-103.942,38.9214#27.72#56.01#16.27
-103.885,38.9243#27.67#55.94#16.39
-103.828,38.9272#27.63#55.88#16.49
-103.771,38.9301#27.59#55.81#16.6
-103.715,38.9329#27.54#55.74#16.72
-103.658,38.9358#27.5#55.68#16.82
-103.601,38.9386#27.45#55.61#16.94
-103.544,38.9414#27.41#55.54#17.05
-103.487,38.9442#27.37#55.48#17.15
-103.431,38.9469#27.35#55.4#17.25
-103.374,38.9497#27.33#55.33#17.34
-103.317,38.9524#27.32#55.26#17.42
-103.26,38.9551#27.3#55.18#17.52
-103.203,38.9578#27.28#55.11#17.61
-103.146,38.9604#27.26#55.04#17.7
-103.09,38.9631#27.24#54.96#17.8
-103.033,38.9657#27.23#54.89#17.88
-102.976,38.9683#27.21#54.82#17.97
-102.919,38.9709#27.2#54.75#18.05
-102.862,38.9735#27.19#54.68#18.13
-102.805,38.9761#27.18#54.61#18.21
-102.749,38.9786#27.18#54.54#18.28
-102.692,38.9811#27.17#54.47#18.36
-102.635,38.9836#27.16#54.4#18.44
-102.578,38.9861#27.15#54.33#18.52
-102.521,38.9886#27.14#54.26#18.6
-102.464,38.991#27.13#54.18#18.69
-102.407,38.9934#27.13#54.09#18.78
-102.351,38.9958#27.12#54.01#18.87
-102.294,38.9982#27.12#53.92#18.96
-102.237,39.0006#27.11#53.84#19.05
-102.18,39.003#27.11#53.75#19.14
-102.123,39.0053#27.1#53.66#19.24
-102.066,39.0076#27.09#53.58#19.33
-102.009,39.0099#27.09#53.49#19.42
-101.952,39.0122#27.08#53.42#19.5
-101.896,39.0144#27.08#53.35#19.57
-101.839,39.0167#27.08#53.28#19.64
-101.782,39.0189#27.07#53.2#19.73
-101.725,39.0211#27.07#53.13#19.8
-101.668,39.0233#27.07#53.06#19.87
-101.611,39.0255#27.06#52.98#19.96
-101.554,39.0276#27.06#52.91#20.03
-101.497,39.0297#27.05#52.84#20.11
-101.44,39.0318#27.05#52.76#20.19
-101.384,39.0339#27.05#52.68#20.27
-101.327,39.036#27.05#52.6#20.35
-101.27,39.0381#27.04#52.52#20.44
-101.213,39.0401#27.04#52.45#20.51
-101.156,39.0421#27.04#52.37#20.59
-101.099,39.0441#27.04#52.29#20.67
-101.042,39.0461#27.03#52.21#20.76
-100.985,39.0481#27.03#52.13#20.84
-100.928,39.05#27.03#52.07#20.9
-100.871,39.0519#27.03#52#20.97
-100.814,39.0538#27.03#51.93#21.04
-100.757,39.0557#27.03#51.86#21.11
-100.701,39.0576#27.03#51.79#21.18
-100.644,39.0594#27.03#51.72#21.25
-100.587,39.0613#27.03#51.65#21.32
-100.53,39.0631#27.03#51.58#21.39
-100.473,39.0649#27.03#51.5#21.47
-100.416,39.0667#27.04#51.43#21.53
-100.359,39.0684#27.05#51.35#21.6
-100.302,39.0702#27.06#51.27#21.67
-100.245,39.0719#27.07#51.19#21.74
-100.188,39.0736#27.08#51.11#21.81
-100.131,39.0753#27.08#51.03#21.89
-100.074,39.0769#27.09#50.95#21.96
-100.017,39.0786#27.1#50.88#22.02
-99.9603,39.0802#27.12#50.8#22.08
-99.9033,39.0818#27.14#50.73#22.13
-99.8464,39.0834#27.16#50.66#22.18
-99.7894,39.085#27.19#50.59#22.22
-99.7324,39.0865#27.21#50.52#22.27
-99.6755,39.0881#27.23#50.45#22.32
-99.6185,39.0896#27.25#50.38#22.37
-99.5616,39.0911#27.28#50.31#22.41
-99.5046,39.0926#27.3#50.24#22.46
