-96.3103,47.9001#28.39#53.13#18.48
-96.248,47.9004#28.39#53.04#18.57
-96.1856,47.9008#28.39#52.95#18.66
-96.1233,47.9012#28.39#52.86#18.75
-96.0609,47.9015#28.39#52.77#18.84
-95.9986,47.9018#28.39#52.68#18.93
-95.9362,47.9021#28.39#52.58#19.03
-95.8739,47.9024#28.39#52.49#19.12
-95.8115,47.9027#28.39#52.39#19.22
-95.7492,47.9029#28.39#52.3#19.31
-95.6868,47.9031#28.39#52.2#19.41
-95.6244,47.9033#28.39#52.1#19.51
-95.5621,47.9035#28.39#52.01#19.6
-95.4997,47.9037#28.39#51.91#19.7
-95.4374,47.9038#28.39#51.81#19.8
-95.375,47.9039#28.39#51.7#19.91
-95.3127,47.9041#28.39#51.59#20.02
-95.2503,47.9041#28.39#51.48#20.13
-95.1879,47.9042#28.39#51.38#20.23
-95.1256,47.9043#28.4#51.27#20.33
-95.0632,47.9043#28.4#51.16#20.44
-95.0009,47.9043#28.4#51.06#20.54
-94.9385,47.9043#28.4#50.93#20.67
-94.8761,47.9043#28.4#50.8#20.8
-94.8138,47.9042#28.4#50.68#20.92
-94.7514,47.9041#28.4#50.55#21.05
-94.6891,47.9041#28.4#50.43#21.17
-94.6267,47.904#28.4#50.3#21.3
-94.5644,47.9038#28.4#50.18#21.42
-94.502,47.9037#28.4#50.05#21.55
-94.4396,47.9035#28.4#49.92#21.68
-94.3773,47.9033#28.4#49.79#21.81
-94.3149,47.9031#28.4#49.65#21.95
-94.2526,47.9029#28.4#49.52#22.08
-94.1902,47.9027#28.4#49.39#22.21
-94.1279,47.9024#28.4#49.26#22.34
-94.0655,47.9021#28.4#49.12#22.48
-94.0031,47.9018#28.41#48.99#22.6
-93.9408,47.9015#28.41#48.86#22.73
-93.8784,47.9012#28.41#48.73#22.86
-93.8161,47.9008#28.41#48.59#23
-93.7537,47.9005#28.41#48.46#23.13
-93.6914,47.9001#28.41#48.33#23.26
-99.3041,47.9003#28.44#56.38#15.18
-99.2418,47.9016#28.43#56.33#15.24
-99.1795,47.9029#28.43#56.29#15.28
-99.1171,47.9042#28.43#56.24#15.33
-99.0548,47.9055#28.42#56.19#15.39
-98.9925,47.9067#28.42#56.15#15.43
-98.9301,47.9079#28.42#56.09#15.49
-98.8678,47.9091#28.41#56.03#15.56
-98.8055,47.9103#28.41#55.97#15.62
-98.7431,47.9115#28.41#55.91#15.68
-98.6808,47.9126#28.41#55.85#15.74
-98.6184,47.9137#28.4#55.8#15.8
-98.5561,47.9149#28.4#55.74#15.86
-98.4938,47.9159#28.4#55.68#15.92
-98.4314,47.917#28.4#55.61#15.99
-98.3691,47.9181#28.4#55.55#16.05
-98.3067,47.9191#28.4#55.48#16.12
-98.2444,47.9201#28.4#55.42#16.18
-98.182,47.9211#28.4#55.35#16.25
-98.1197,47.9221#28.39#55.29#16.32
-98.0573,47.923#28.39#55.22#16.39
-97.9949,47.9239#28.39#55.16#16.45
-97.9326,47.9249#28.39#55.08#16.53
-97.8702,47.9257#28.39#55#16.61
-97.8079,47.9266#28.39#54.92#16.69
-97.7455,47.9275#28.39#54.85#16.76
-97.6831,47.9283#28.39#54.77#16.84
-97.6208,47.9291#28.39#54.69#16.92
-97.5584,47.9299#28.39#54.62#16.99
-97.4961,47.9307#28.39#54.54#17.07
-97.4337,47.9315#28.39#54.46#17.15
-97.3713,47.9322#28.39#54.38#17.23
-97.309,47.9329#28.39#54.3#17.31
-97.2466,47.9336#28.39#54.22#17.39
-97.1842,47.9343#28.39#54.14#17.47
-97.1218,47.935#28.39#54.06#17.55
-97.0595,47.9356#28.39#53.98#17.63
-96.9971,47.9363#28.39#53.9#17.71
-96.9347,47.9369#28.39#53.81#17.8
-96.8724,47.9374#28.39#53.73#17.88
-96.81,47.938#28.39#53.65#17.96
-96.7476,47.9386#28.39#53.57#18.04
-96.6852,47.9391#28.39#53.48#18.13
-96.6228,47.9396#28.39#53.4#18.21
-96.5605,47.9401#28.39#53.32#18.29
-96.4981,47.9406#28.39#53.24#18.37
-96.4357,47.941#28.39#53.15#18.46
-96.3733,47.9414#28.39#53.05#18.56
-96.3109,47.9419#28.39#52.96#18.65
-96.2486,47.9423#28.39#52.87#18.74
-96.1862,47.9426#28.39#52.78#18.83
-96.1238,47.943#28.39#52.69#18.92
-96.0614,47.9433#28.39#52.6#19.01
-95.999,47.9436#28.39#52.51#19.1
-95.9367,47.9439#28.39#52.41#19.2
-95.8743,47.9442#28.39#52.32#19.29
-95.8119,47.9445#28.39#52.22#19.39
-95.7495,47.9447#28.39#52.13#19.48
-95.6871,47.9449#28.39#52.03#19.58
-95.6247,47.9451#28.39#51.93#19.68
-95.5623,47.9453#28.39#51.84#19.77
-95.5,47.9455#28.39#51.74#19.87
-95.4376,47.9456#28.4#51.63#19.97
-95.3752,47.9458#28.4#51.52#20.08
-95.3128,47.9459#28.4#51.42#20.18
-95.2504,47.946#28.4#51.31#20.29
-95.188,47.946#28.4#51.2#20.4
-95.1256,47.9461#28.4#51.09#20.51
-95.0632,47.9461#28.4#50.98#20.62
-95.0009,47.9461#28.4#50.88#20.72
-94.9385,47.9461#28.4#50.75#20.85
-94.8761,47.9461#28.4#50.62#20.98
-94.8137,47.946#28.4#50.5#21.1
-94.7513,47.946#28.4#50.37#21.23
-94.6889,47.9459#28.4#50.25#21.35
-94.6265,47.9458#28.4#50.12#21.48
-94.5642,47.9456#28.4#50#21.6
-94.5018,47.9455#28.4#49.88#21.72
-94.4394,47.9453#28.4#49.74#21.86
-94.377,47.9451#28.4#49.61#21.99
-94.3146,47.9449#28.4#49.47#22.13
-94.2522,47.9447#28.4#49.34#22.26
-94.1898,47.9445#28.41#49.2#22.39
-94.1275,47.9442#28.41#49.07#22.52
-94.0651,47.9439#28.41#48.94#22.65
-94.0027,47.9436#28.41#48.8#22.79
-93.9403,47.9433#28.41#48.67#22.92
-93.8779,47.943#28.41#48.54#23.05
-93.8155,47.9426#28.41#48.41#23.18
-93.7532,47.9423#28.41#48.28#23.31
-93.6908,47.9419#28.41#48.15#23.44
-93.6284,47.9415#28.41#48.02#23.57
-93.566,47.941#28.41#47.89#23.7
-93.5036,47.9406#28.41#47.76#23.83
-93.4413,47.9401#28.41#47.63#23.96
-93.3789,47.9396#28.41#47.51#24.08
-93.3165,47.9391#28.41#47.38#24.21
-93.2541,47.9386#28.41#47.26#24.33
-93.1917,47.938#28.41#47.14#24.45
-93.1294,47.9375#28.42#47.01#24.57
-93.067,47.9369#28.42#46.89#24.69
-93.0046,47.9363#28.42#46.76#24.82
-92.9423,47.9356#28.42#46.66#24.92
-92.8799,47.935#28.42#46.55#25.03
-92.8175,47.9343#28.42#46.45#25.13
-92.7551,47.9337#28.42#46.34#25.24
-92.6928,47.933#28.42#46.24#25.34
-92.6304,47.9322#28.42#46.13#25.45
-92.568,47.9315#28.42#46.03#25.55
-92.5057,47.9307#28.42#45.93#25.65
-92.4433,47.93#28.42#45.84#25.74
-92.3809,47.9292#28.42#45.75#25.83
-92.3186,47.9283#28.42#45.66#25.92
-92.2562,47.9275#28.42#45.58#26
-92.1939,47.9266#28.42#45.49#26.09
-92.1315,47.9258#28.42#45.4#26.18
-92.0691,47.9249#28.43#45.32#26.25
-92.0068,47.924#28.43#45.23#26.34
-91.9444,47.923#28.43#45.17#26.4
-91.8821,47.9221#28.43#45.11#26.46
-91.8197,47.9211#28.43#45.05#26.52
-91.7574,47.9201#28.43#45#26.57
-91.695,47.9191#28.44#44.94#26.62
-91.6327,47.9181#28.44#44.88#26.68
-91.5703,47.917#28.44#44.82#26.74
-91.508,47.916#28.44#44.76#26.8
-91.4456,47.9149#28.45#44.74#26.81
-91.3833,47.9138#28.46#44.72#26.82
-91.3209,47.9127#28.48#44.69#26.83
-91.2586,47.9115#28.49#44.67#26.84
-91.1963,47.9103#28.5#44.65#26.85
-91.1339,47.9092#28.52#44.63#26.85
-91.0716,47.908#28.53#44.61#26.86
-91.0093,47.9067#28.54#44.59#26.87
-90.9469,47.9055#28.56#44.59#26.85
-90.8846,47.9042#28.58#44.61#26.81
-90.8223,47.903#28.61#44.62#26.77
-90.7599,47.9017#28.63#44.63#26.74
-90.6976,47.9004#28.65#44.65#26.7
-100.927,47.9011#28.85#57.53#13.62
-100.864,47.9029#28.82#57.47#13.71
-100.802,47.9047#28.79#57.41#13.8
-100.74,47.9065#28.76#57.35#13.89
-100.677,47.9083#28.73#57.29#13.98
-100.615,47.91#28.7#57.22#14.08
-100.553,47.9117#28.67#57.16#14.17
-100.49,47.9134#28.64#57.1#14.26
-100.428,47.9151#28.63#57.05#14.32
-100.366,47.9168#28.61#56.99#14.4
-100.303,47.9184#28.59#56.94#14.47
-100.241,47.92#28.58#56.89#14.53
-100.179,47.9216#28.56#56.83#14.61
-100.117,47.9232#28.55#56.78#14.67
-100.054,47.9248#28.53#56.73#14.74
-99.9919,47.9263#28.52#56.68#14.8
-99.9295,47.9279#28.51#56.63#14.86
-99.8672,47.9294#28.5#56.58#14.92
-99.8049,47.9309#28.49#56.54#14.97
-99.7425,47.9323#28.49#56.5#15.01
-99.6802,47.9338#28.48#56.45#15.07
-99.6178,47.9352#28.47#56.41#15.12
-99.5555,47.9366#28.46#56.36#15.18
-99.4931,47.938#28.45#56.32#15.23
-99.4308,47.9394#28.45#56.27#15.28
-99.3684,47.9408#28.45#56.23#15.32
-99.3061,47.9421#28.44#56.18#15.38
-99.2437,47.9434#28.44#56.13#15.43
-99.1814,47.9447#28.43#56.09#15.48
-99.119,47.946#28.43#56.04#15.53
-99.0567,47.9473#28.43#56#15.57
-98.9943,47.9485#28.42#55.95#15.63
-98.9319,47.9497#28.42#55.89#15.69
-98.8696,47.9509#28.42#55.83#15.75
-98.8072,47.9521#28.41#55.78#15.81
-98.7448,47.9533#28.41#55.72#15.87
-98.6825,47.9544#28.41#55.66#15.93
-98.6201,47.9555#28.41#55.6#15.99
-98.5577,47.9566#28.41#55.55#16.04
-98.4954,47.9577#28.4#55.49#16.11
-98.433,47.9588#28.4#55.42#16.18
-98.3706,47.9598#28.4#55.36#16.24
-98.3082,47.9609#28.4#55.29#16.31
-98.2459,47.9619#28.4#55.23#16.37
-98.1835,47.9629#28.4#55.17#16.43
-98.1211,47.9639#28.4#55.1#16.5
-98.0587,47.9648#28.4#55.04#16.56
-97.9963,47.9657#28.39#54.97#16.64
-97.9339,47.9666#28.39#54.89#16.72
-97.8716,47.9675#28.39#54.82#16.79
-97.8092,47.9684#28.39#54.74#16.87
-97.7468,47.9693#28.39#54.66#16.95
-97.6844,47.9701#28.39#54.59#17.02
-97.622,47.9709#28.39#54.51#17.1
-97.5596,47.9717#28.39#54.44#17.17
-97.4972,47.9725#28.39#54.36#17.25
-97.4348,47.9733#28.39#54.28#17.33
-97.3724,47.974#28.39#54.2#17.41
-97.31,47.9747#28.39#54.12#17.49
-97.2476,47.9754#28.39#54.04#17.57
-97.1852,47.9761#28.39#53.96#17.65
-97.1228,47.9768#28.39#53.88#17.73
-97.0604,47.9774#28.39#53.8#17.81
-96.998,47.978#28.39#53.72#17.89
-96.9356,47.9787#28.39#53.64#17.97
-96.8732,47.9792#28.39#53.56#18.05
-96.8108,47.9798#28.39#53.48#18.13
-96.7484,47.9804#28.39#53.4#18.21
-96.686,47.9809#28.39#53.31#18.3
-96.6236,47.9814#28.39#53.23#18.38
-96.5612,47.9819#28.39#53.15#18.46
-96.4988,47.9824#28.39#53.07#18.54
-96.4364,47.9828#28.39#52.98#18.63
-96.374,47.9832#28.39#52.89#18.72
-96.3115,47.9837#28.39#52.8#18.81
-96.2491,47.9841#28.39#52.7#18.91
-96.1867,47.9844#28.39#52.61#19
-96.1243,47.9848#28.39#52.52#19.09
-96.0619,47.9851#28.39#52.43#19.18
-95.9995,47.9854#28.39#52.34#19.27
-95.9371,47.9857#28.39#52.24#19.37
-95.8747,47.986#28.39#52.15#19.46
-95.8123,47.9863#28.39#52.05#19.56
-95.7498,47.9865#28.4#51.95#19.65
-95.6874,47.9867#28.4#51.86#19.74
-95.625,47.9869#28.4#51.76#19.84
-95.5626,47.9871#28.4#51.67#19.93
-95.5002,47.9873#28.4#51.57#20.03
-95.4378,47.9874#28.4#51.46#20.14
-95.3754,47.9876#28.4#51.35#20.25
-95.3129,47.9877#28.4#51.24#20.36
-95.2505,47.9877#28.4#51.13#20.47
-95.1881,47.9878#28.4#51.02#20.58
-95.1257,47.9879#28.4#50.91#20.69
-95.0633,47.9879#28.4#50.8#20.8
-95.0009,47.9879#28.4#50.7#20.9
-94.9384,47.9879#28.4#50.57#21.03
-94.876,47.9879#28.4#50.45#21.15
-94.8136,47.9878#28.4#50.32#21.28
-94.7512,47.9878#28.4#50.2#21.4
-94.6888,47.9877#28.4#50.07#21.53
-94.6264,47.9876#28.4#49.95#21.65
-94.564,47.9874#28.4#49.82#21.78
-94.5015,47.9873#28.4#49.7#21.9
-94.4391,47.9871#28.4#49.56#22.04
-94.3767,47.9869#28.41#49.43#22.16
-94.3143,47.9867#28.41#49.29#22.3
-94.2519,47.9865#28.41#49.16#22.43
-94.1895,47.9863#28.41#49.02#22.57
-94.1271,47.986#28.41#48.89#22.7
-94.0646,47.9857#28.41#48.75#22.84
-94.0022,47.9854#28.41#48.62#22.97
-93.9398,47.9851#28.41#48.49#23.1
-93.8774,47.9848#28.41#48.36#23.23
-93.815,47.9844#28.41#48.23#23.36
-93.7526,47.9841#28.41#48.1#23.49
-93.6902,47.9837#28.41#47.97#23.62
-93.6278,47.9833#28.41#47.84#23.75
-93.5654,47.9828#28.41#47.71#23.88
-93.5029,47.9824#28.41#47.58#24.01
-93.4405,47.9819#28.41#47.46#24.13
-93.3781,47.9814#28.41#47.33#24.26
-93.3157,47.9809#28.42#47.21#24.37
-93.2533,47.9804#28.42#47.09#24.49
-93.1909,47.9798#28.42#46.96#24.62
-93.1285,47.9793#28.42#46.84#24.74
-93.0661,47.9787#28.42#46.72#24.86
-93.0037,47.9781#28.42#46.59#24.99
-92.9413,47.9774#28.42#46.49#25.09
-92.8789,47.9768#28.42#46.38#25.2
-92.8165,47.9761#28.42#46.28#25.3
-92.7541,47.9755#28.42#46.17#25.41
-92.6917,47.9747#28.42#46.07#25.51
-92.6293,47.974#28.42#45.96#25.62
-92.5669,47.9733#28.42#45.86#25.72
-92.5045,47.9725#28.42#45.75#25.83
-92.4421,47.9718#28.42#45.66#25.92
-92.3797,47.971#28.42#45.58#26
-92.3173,47.9701#28.42#45.49#26.09
-92.2549,47.9693#28.42#45.4#26.18
-92.1926,47.9684#28.42#45.32#26.26
-92.1302,47.9676#28.43#45.23#26.34
-92.0678,47.9667#28.43#45.14#26.43
-92.0054,47.9658#28.43#45.06#26.51
-91.943,47.9648#28.43#45#26.57
-91.8806,47.9639#28.43#44.94#26.63
-91.8182,47.9629#28.43#44.88#26.69
-91.7559,47.9619#28.43#44.82#26.75
-91.6935,47.9609#28.44#44.76#26.8
-91.6311,47.9599#28.44#44.71#26.85
-91.5687,47.9588#28.44#44.65#26.91
-91.5064,47.9578#28.44#44.59#26.97
-91.444,47.9567#28.45#44.56#26.99
-91.3816,47.9556#28.46#44.54#27
-91.3192,47.9544#28.47#44.52#27.01
-91.2569,47.9533#28.48#44.49#27.03
-91.1945,47.9521#28.5#44.47#27.03
-91.1321,47.951#28.51#44.45#27.04
-91.0698,47.9498#28.52#44.43#27.05
-91.0074,47.9485#28.53#44.41#27.06
-90.9451,47.9473#28.55#44.41#27.04
-90.8827,47.946#28.57#44.43#27
-90.8203,47.9448#28.59#44.44#26.97
-90.758,47.9435#28.61#44.45#26.94
-90.6956,47.9421#28.64#44.47#26.89
-90.6333,47.9408#28.66#44.48#26.86
-90.5709,47.9395#28.68#44.49#26.83
-90.5086,47.9381#28.7#44.51#26.79
-90.4462,47.9367#28.73#44.54#26.73
-90.3839,47.9353#28.76#44.59#26.65
-90.3215,47.9338#28.79#44.63#26.58
-90.2592,47.9324#28.83#44.67#26.5
-90.1969,47.9309#28.86#44.71#26.43
-90.1345,47.9294#28.89#44.75#26.36
-90.0722,47.9279#28.92#44.8#26.28
-90.0099,47.9264#28.96#44.84#26.2
-89.9475,47.9248#28.99#44.9#26.11
-89.8852,47.9233#29.02#44.96#26.02
-89.8229,47.9217#29.05#45.02#25.93
-89.7606,47.9201#29.08#45.08#25.84
-89.6982,47.9185#29.11#45.14#25.75
-89.6359,47.9168#29.14#45.2#25.66
-89.5736,47.9151#29.17#45.26#25.57
-89.5113,47.9135#29.2#45.33#25.47
-89.449,47.9118#29.21#45.39#25.4
-89.3867,47.91#29.22#45.45#25.33
-89.3244,47.9083#29.24#45.51#25.25
-89.2621,47.9065#29.25#45.57#25.18
-89.1998,47.9048#29.26#45.64#25.1
-89.1375,47.903#29.27#45.7#25.03
-89.0752,47.9012#29.28#45.76#24.96
-102.238,47.9003#29.47#58.84#11.69
-102.175,47.9025#29.46#58.76#11.78
-102.113,47.9047#29.44#58.69#11.87
-102.051,47.9069#29.43#58.62#11.95
-101.988,47.909#29.41#58.54#12.05
-101.926,47.9112#29.39#58.46#12.15
-101.864,47.9133#29.36#58.39#12.25
-101.802,47.9154#29.33#58.31#12.36
-101.739,47.9175#29.31#58.24#12.45
-101.677,47.9196#29.28#58.16#12.56
-101.615,47.9216#29.25#58.08#12.67
-101.552,47.9236#29.23#58.01#12.76
-101.49,47.9257#29.2#57.93#12.87
-101.428,47.9276#29.16#57.86#12.98
-101.366,47.9296#29.13#57.79#13.08
-101.303,47.9316#29.09#57.72#13.19
-101.241,47.9335#29.06#57.65#13.29
-101.179,47.9354#29.02#57.58#13.4
-101.116,47.9373#28.98#57.51#13.51
-101.054,47.9392#28.95#57.44#13.61
-100.992,47.941#28.91#57.37#13.72
-100.929,47.9429#28.88#57.31#13.81
-100.867,47.9447#28.85#57.25#13.9
-100.805,47.9465#28.82#57.19#13.99
-100.742,47.9483#28.79#57.13#14.08
-100.68,47.95#28.75#57.07#14.18
-100.618,47.9518#28.72#57#14.28
-100.555,47.9535#28.69#56.94#14.37
-100.493,47.9552#28.66#56.89#14.45
-100.431,47.9569#28.64#56.83#14.53
-100.368,47.9585#28.63#56.78#14.59
-100.306,47.9602#28.61#56.73#14.66
-100.244,47.9618#28.59#56.67#14.74
-100.181,47.9634#28.57#56.62#14.81
-100.119,47.965#28.56#56.57#14.87
-100.057,47.9666#28.54#56.52#14.94
-99.9942,47.9681#28.52#56.47#15.01
-99.9318,47.9696#28.52#56.42#15.06
-99.8694,47.9712#28.51#56.38#15.11
-99.8071,47.9726#28.5#56.33#15.17
-99.7447,47.9741#28.49#56.29#15.22
-99.6823,47.9756#28.48#56.25#15.27
-99.62,47.977#28.48#56.2#15.32
-99.5576,47.9784#28.47#56.16#15.37
-99.4952,47.9798#28.46#56.11#15.43
-99.4328,47.9812#28.46#56.07#15.47
-99.3705,47.9825#28.45#56.02#15.53
-99.3081,47.9839#28.45#55.98#15.57
-99.2457,47.9852#28.44#55.93#15.63
-99.1833,47.9865#28.44#55.89#15.67
-99.1209,47.9878#28.43#55.84#15.73
-99.0585,47.989#28.43#55.8#15.77
-98.9961,47.9903#28.42#55.75#15.83
-98.9338,47.9915#28.42#55.69#15.89
-98.8714,47.9927#28.42#55.64#15.94
-98.809,47.9939#28.42#55.58#16
-98.7466,47.995#28.41#55.52#16.07
-98.6842,47.9962#28.41#55.47#16.12
-98.6218,47.9973#28.41#55.41#16.18
-98.5594,47.9984#28.41#55.35#16.24
-98.497,47.9995#28.41#55.3#16.29
-98.4346,48.0006#28.4#55.23#16.37
-98.3722,48.0016#28.4#55.17#16.43
-98.3098,48.0027#28.4#55.11#16.49
-98.2473,48.0037#28.4#55.04#16.56
-98.1849,48.0047#28.4#54.98#16.62
-98.1225,48.0056#28.4#54.91#16.69
-98.0601,48.0066#28.4#54.85#16.75
-97.9977,48.0075#28.4#54.79#16.81
-97.9353,48.0084#28.4#54.71#16.89
-97.8729,48.0093#28.4#54.63#16.97
-97.8105,48.0102#28.4#54.56#17.04
-97.748,48.0111#28.4#54.48#17.12
-97.6856,48.0119#28.39#54.41#17.2
-97.6232,48.0127#28.39#54.33#17.28
-97.5608,48.0135#28.39#54.26#17.35
-97.4984,48.0143#28.39#54.18#17.43
-97.4359,48.015#28.39#54.1#17.51
-97.3735,48.0158#28.39#54.02#17.59
-97.3111,48.0165#28.39#53.94#17.67
-97.2487,48.0172#28.39#53.87#17.74
-97.1862,48.0179#28.39#53.79#17.82
-97.1238,48.0186#28.39#53.71#17.9
-97.0614,48.0192#28.39#53.63#17.98
-96.9989,48.0198#28.39#53.55#18.06
-96.9365,48.0204#28.39#53.47#18.14
-96.8741,48.021#28.39#53.39#18.22
-96.8116,48.0216#28.39#53.31#18.3
-96.7492,48.0221#28.39#53.23#18.38
-96.6868,48.0227#28.39#53.14#18.47
-96.6243,48.0232#28.39#53.06#18.55
-96.5619,48.0237#28.39#52.98#18.63
-96.4995,48.0241#28.39#52.9#18.71
-96.437,48.0246#28.39#52.81#18.8
-96.3746,48.025#28.39#52.72#18.89
-96.3122,48.0254#28.39#52.63#18.98
-96.2497,48.0258#28.39#52.54#19.07
-96.1873,48.0262#28.4#52.45#19.15
-96.1248,48.0266#28.4#52.36#19.24
-96.0624,48.0269#28.4#52.26#19.34
-96,48.0272#28.4#52.17#19.43
-95.9375,48.0275#28.4#52.08#19.52
-95.8751,48.0278#28.4#51.98#19.62
-95.8126,48.0281#28.4#51.88#19.72
-95.7502,48.0283#28.4#51.78#19.82
-95.6877,48.0285#28.4#51.69#19.91
-95.6253,48.0287#28.4#51.59#20.01
-95.5629,48.0289#28.4#51.49#20.11
-95.5004,48.0291#28.4#51.4#20.2
-95.438,48.0292#28.4#51.29#20.31
-95.3755,48.0293#28.4#51.18#20.42
-95.3131,48.0294#28.4#51.07#20.53
-95.2506,48.0295#28.4#50.96#20.64
-95.1882,48.0296#28.4#50.85#20.75
-95.1258,48.0296#28.4#50.74#20.86
-95.0633,48.0297#28.4#50.63#20.97
-95.0009,48.0297#28.4#50.52#21.08
-94.9384,48.0297#28.4#50.39#21.21
-94.876,48.0296#28.4#50.27#21.33
-94.8135,48.0296#28.4#50.14#21.46
-94.7511,48.0295#28.4#50.02#21.58
-94.6886,48.0294#28.4#49.89#21.71
-94.6262,48.0293#28.4#49.77#21.83
-94.5638,48.0292#28.41#49.64#21.95
-94.5013,48.0291#28.41#49.52#22.07
-94.4389,48.0289#28.41#49.38#22.21
-94.3764,48.0287#28.41#49.25#22.34
-94.314,48.0285#28.41#49.11#22.48
-94.2515,48.0283#28.41#48.97#22.62
-94.1891,48.0281#28.41#48.84#22.75
-94.1267,48.0278#28.41#48.7#22.89
-94.0642,48.0275#28.41#48.56#23.03
-94.0018,48.0272#28.41#48.43#23.16
-93.9393,48.0269#28.41#48.3#23.29
-93.8769,48.0266#28.41#48.17#23.42
-93.8144,48.0262#28.41#48.04#23.55
-93.752,48.0258#28.41#47.91#23.68
-93.6896,48.0254#28.41#47.79#23.8
-93.6271,48.025#28.41#47.66#23.93
-93.5647,48.0246#28.41#47.53#24.06
-93.5023,48.0242#28.42#47.4#24.18
-93.4398,48.0237#28.42#47.28#24.3
-93.3774,48.0232#28.42#47.16#24.42
-93.315,48.0227#28.42#47.03#24.55
-93.2525,48.0222#28.42#46.91#24.67
-93.1901,48.0216#28.42#46.79#24.79
-93.1277,48.021#28.42#46.67#24.91
-93.0652,48.0205#28.42#46.54#25.04
-93.0028,48.0198#28.42#46.42#25.16
-92.9404,48.0192#28.42#46.32#25.26
-92.8779,48.0186#28.42#46.21#25.37
-92.8155,48.0179#28.42#46.1#25.48
-92.7531,48.0172#28.42#46#25.58
-92.6906,48.0165#28.42#45.89#25.69
-92.6282,48.0158#28.42#45.79#25.79
-92.5658,48.0151#28.42#45.68#25.9
-92.5034,48.0143#28.42#45.58#26
-92.4409,48.0135#28.42#45.49#26.09
-92.3785,48.0127#28.42#45.4#26.18
-92.3161,48.0119#28.42#45.32#26.26
-92.2537,48.0111#28.43#45.23#26.34
-92.1913,48.0102#28.43#45.14#26.43
-92.1289,48.0093#28.43#45.06#26.51
-92.0664,48.0085#28.43#44.97#26.6
-92.004,48.0075#28.43#44.88#26.69
-91.9416,48.0066#28.43#44.82#26.75
-91.8792,48.0057#28.43#44.76#26.81
-91.8168,48.0047#28.43#44.71#26.86
-91.7544,48.0037#28.43#44.65#26.92
-91.692,48.0027#28.44#44.59#26.97
-91.6296,48.0017#28.44#44.53#27.03
-91.5672,48.0006#28.44#44.47#27.09
-91.5048,47.9995#28.44#44.41#27.15
-91.4423,47.9985#28.45#44.39#27.16
-91.3799,47.9974#28.46#44.36#27.18
-91.3175,47.9962#28.47#44.34#27.19
-91.2552,47.9951#28.48#44.32#27.2
-91.1928,47.9939#28.49#44.29#27.22
-91.1304,47.9927#28.5#44.27#27.23
-91.068,47.9915#28.51#44.25#27.24
-91.0056,47.9903#28.52#44.23#27.25
-90.9432,47.9891#28.54#44.24#27.22
-90.8808,47.9878#28.56#44.25#27.19
-90.8184,47.9865#28.58#44.26#27.16
-90.756,47.9852#28.6#44.27#27.13
-90.6936,47.9839#28.62#44.28#27.1
-90.6313,47.9826#28.64#44.3#27.06
-90.5689,47.9812#28.66#44.31#27.03
-90.5065,47.9799#28.69#44.32#26.99
-90.4441,47.9785#28.72#44.36#26.92
-90.3818,47.977#28.75#44.4#26.85
-90.3194,47.9756#28.78#44.45#26.77
-90.257,47.9742#28.81#44.49#26.7
-90.1947,47.9727#28.84#44.53#26.63
-90.1323,47.9712#28.87#44.57#26.56
-90.0699,47.9697#28.9#44.61#26.49
-90.0076,47.9682#28.93#44.66#26.41
-89.9452,47.9666#28.96#44.72#26.32
-89.8829,47.965#29#44.78#26.22
-89.8205,47.9635#29.03#44.84#26.13
-89.7581,47.9619#29.06#44.9#26.04
-89.6958,47.9602#29.09#44.96#25.95
-89.6335,47.9586#29.12#45.02#25.86
-89.5711,47.9569#29.15#45.08#25.77
-89.5088,47.9552#29.18#45.14#25.68
-89.4464,47.9535#29.2#45.21#25.59
-89.3841,47.9518#29.21#45.27#25.52
-89.3217,47.9501#29.22#45.33#25.45
-89.2594,47.9483#29.24#45.39#25.37
-89.1971,47.9465#29.25#45.45#25.3
-89.1348,47.9447#29.26#45.52#25.22
-89.0724,47.9429#29.28#45.58#25.14
-89.0101,47.9411#29.29#45.64#25.07
-88.9478,47.9392#29.28#45.69#25.03
-88.8855,47.9374#29.27#45.74#24.99
-88.8231,47.9355#29.26#45.79#24.95
-88.7608,47.9336#29.25#45.84#24.91
-88.6985,47.9316#29.23#45.88#24.89
-88.6362,47.9297#29.22#45.93#24.85
-88.5739,47.9277#29.21#45.98#24.81
-88.5116,47.9257#29.2#46.03#24.77
-88.4493,47.9237#29.17#46.05#24.78
-88.387,47.9217#29.14#46.07#24.79
-88.3247,47.9196#29.11#46.08#24.81
-88.2624,47.9176#29.08#46.1#24.82
-88.2001,47.9155#29.05#46.11#24.84
-88.1378,47.9134#29.02#46.13#24.85
-88.0756,47.9112#28.99#46.14#24.87
-88.0133,47.9091#28.96#46.16#24.88
-87.951,47.9069#28.91#46.15#24.94
-87.8887,47.9048#28.86#46.13#25.01
-87.8265,47.9026#28.81#46.11#25.08
-87.7642,47.9003#28.76#46.09#25.15
-103.299,47.9013#29.29#59.73#10.98
-103.237,47.9039#29.32#59.67#11.01
-103.175,47.9064#29.35#59.61#11.04
-103.113,47.9089#29.39#59.54#11.07
-103.05,47.9114#29.42#59.48#11.1
-102.988,47.9139#29.45#59.41#11.14
-102.926,47.9163#29.46#59.35#11.19
-102.864,47.9188#29.47#59.28#11.25
-102.801,47.9212#29.48#59.22#11.3
-102.739,47.9236#29.49#59.15#11.36
-102.677,47.9259#29.5#59.08#11.42
-102.615,47.9283#29.51#59.02#11.47
-102.552,47.9306#29.52#58.95#11.53
-102.49,47.9329#29.53#58.88#11.59
-102.428,47.9352#29.52#58.81#11.67
-102.365,47.9375#29.5#58.73#11.77
-102.303,47.9398#29.49#58.66#11.85
-102.241,47.942#29.48#58.59#11.93
-102.179,47.9442#29.46#58.51#12.03
-102.116,47.9464#29.45#58.44#12.11
-102.054,47.9486#29.44#58.37#12.19
-101.992,47.9508#29.43#58.29#12.28
-101.929,47.9529#29.4#58.22#12.38
-101.867,47.9551#29.37#58.14#12.49
-101.805,47.9572#29.35#58.07#12.58
-101.742,47.9593#29.32#57.99#12.69
-101.68,47.9613#29.3#57.92#12.78
-101.618,47.9634#29.27#57.84#12.89
-101.555,47.9654#29.25#57.77#12.98
-101.493,47.9674#29.22#57.7#13.08
-101.431,47.9694#29.19#57.63#13.18
-101.368,47.9714#29.15#57.56#13.29
-101.306,47.9733#29.12#57.49#13.39
-101.244,47.9753#29.08#57.42#13.5
-101.181,47.9772#29.05#57.35#13.6
-101.119,47.9791#29.01#57.28#13.71
-101.057,47.9809#28.98#57.21#13.81
-100.994,47.9828#28.94#57.14#13.92
-100.932,47.9846#28.91#57.08#14.01
-100.87,47.9865#28.88#57.02#14.1
-100.807,47.9883#28.84#56.96#14.2
-100.745,47.99#28.81#56.9#14.29
-100.683,47.9918#28.78#56.84#14.38
-100.62,47.9935#28.74#56.79#14.47
-100.558,47.9953#28.71#56.73#14.56
-100.495,47.997#28.68#56.67#14.65
-100.433,47.9986#28.66#56.62#14.72
-100.371,48.0003#28.64#56.56#14.8
-100.308,48.0019#28.62#56.51#14.87
-100.246,48.0036#28.6#56.46#14.94
-100.184,48.0052#28.59#56.41#15
-100.121,48.0068#28.57#56.36#15.07
-100.059,48.0083#28.55#56.31#15.14
-99.9965,48.0099#28.53#56.26#15.21
-99.9341,48.0114#28.52#56.21#15.27
-99.8717,48.0129#28.51#56.17#15.32
-99.8093,48.0144#28.51#56.13#15.36
-99.7469,48.0159#28.5#56.08#15.42
-99.6845,48.0173#28.49#56.04#15.47
-99.6221,48.0188#28.48#56#15.52
-99.5597,48.0202#28.47#55.95#15.58
-99.4973,48.0216#28.46#55.91#15.63
-99.4349,48.023#28.46#55.87#15.67
-99.3725,48.0243#28.45#55.82#15.73
-99.3101,48.0256#28.45#55.78#15.77
-99.2476,48.027#28.45#55.73#15.82
-99.1852,48.0283#28.44#55.69#15.87
-99.1228,48.0295#28.44#55.64#15.92
-99.0604,48.0308#28.43#55.6#15.97
-98.998,48.032#28.43#55.55#16.02
-98.9356,48.0333#28.42#55.5#16.08
-98.8731,48.0345#28.42#55.44#16.14
-98.8107,48.0356#28.42#55.38#16.2
-98.7483,48.0368#28.42#55.33#16.25
-98.6859,48.038#28.42#55.27#16.31
-98.6234,48.0391#28.41#55.22#16.37
-98.561,48.0402#28.41#55.16#16.43
-98.4986,48.0413#28.41#55.11#16.48
-98.4362,48.0423#28.41#55.04#16.55
-98.3737,48.0434#28.41#54.98#16.61
-98.3113,48.0444#28.4#54.92#16.68
-98.2488,48.0454#28.4#54.85#16.75
-98.1864,48.0464#28.4#54.79#16.81
-98.124,48.0474#28.4#54.73#16.87
-98.0615,48.0483#28.4#54.67#16.93
-97.9991,48.0493#28.4#54.6#17
-97.9366,48.0502#28.4#54.53#17.07
-97.8742,48.0511#28.4#54.45#17.15
-97.8118,48.052#28.4#54.38#17.22
-97.7493,48.0528#28.4#54.3#17.3
-97.6869,48.0537#28.4#54.23#17.37
-97.6244,48.0545#28.4#54.15#17.45
-97.562,48.0553#28.4#54.07#17.53
-97.4995,48.0561#28.4#54#17.6
-97.4371,48.0568#28.4#53.92#17.68
-97.3746,48.0576#28.4#53.84#17.76
-97.3121,48.0583#28.4#53.77#17.83
-97.2497,48.059#28.4#53.69#17.91
-97.1872,48.0597#28.4#53.61#17.99
-97.1248,48.0603#28.4#53.53#18.07
-97.0623,48.061#28.4#53.46#18.14
-96.9999,48.0616#28.4#53.38#18.22
-96.9374,48.0622#28.4#53.3#18.3
-96.8749,48.0628#28.4#53.22#18.38
-96.8125,48.0634#28.4#53.14#18.46
-96.75,48.0639#28.4#53.06#18.54
-96.6876,48.0644#28.4#52.97#18.63
-96.6251,48.0649#28.4#52.89#18.71
-96.5626,48.0654#28.4#52.81#18.79
-96.5002,48.0659#28.4#52.73#18.87
-96.4377,48.0664#28.4#52.64#18.96
-96.3752,48.0668#28.4#52.55#19.05
-96.3128,48.0672#28.4#52.46#19.14
-96.2503,48.0676#28.4#52.37#19.23
-96.1878,48.068#28.4#52.28#19.32
-96.1254,48.0683#28.4#52.19#19.41
-96.0629,48.0687#28.4#52.1#19.5
-96.0004,48.069#28.4#52.01#19.59
-95.9379,48.0693#28.4#51.91#19.69
-95.8755,48.0696#28.4#51.81#19.79
-95.813,48.0698#28.4#51.71#19.89
-95.7505,48.0701#28.4#51.61#19.99
-95.6881,48.0703#28.4#51.52#20.08
-95.6256,48.0705#28.4#51.42#20.18
-95.5631,48.0707#28.4#51.32#20.28
-95.5006,48.0708#28.4#51.22#20.38
-95.4382,48.071#28.4#51.11#20.49
-95.3757,48.0711#28.4#51#20.6
-95.3132,48.0712#28.4#50.89#20.71
-95.2508,48.0713#28.4#50.78#20.82
-95.1883,48.0714#28.4#50.67#20.93
-95.1258,48.0714#28.4#50.56#21.04
-95.0633,48.0714#28.4#50.45#21.15
-95.0009,48.0715#28.4#50.34#21.26
-94.9384,48.0714#28.4#50.21#21.39
-94.8759,48.0714#28.4#50.09#21.51
-94.8134,48.0714#28.41#49.96#21.63
-94.751,48.0713#28.41#49.84#21.75
-94.6885,48.0712#28.41#49.71#21.88
-94.626,48.0711#28.41#49.59#22
-94.5636,48.071#28.41#49.46#22.13
-94.5011,48.0708#28.41#49.34#22.25
-94.4386,48.0707#28.41#49.2#22.39
-94.3761,48.0705#28.41#49.06#22.53
-94.3137,48.0703#28.41#48.93#22.66
-94.2512,48.0701#28.41#48.79#22.8
-94.1887,48.0698#28.41#48.65#22.94
-94.1263,48.0696#28.41#48.52#23.07
-94.0638,48.0693#28.41#48.38#23.21
-94.0013,48.069#28.41#48.24#23.35
-93.9388,48.0687#28.41#48.11#23.48
-93.8764,48.0683#28.41#47.99#23.6
-93.8139,48.068#28.41#47.86#23.73
-93.7514,48.0676#28.41#47.73#23.86
-93.689,48.0672#28.41#47.61#23.98
-93.6265,48.0668#28.42#47.48#24.1
-93.564,48.0664#28.42#47.35#24.23
-93.5016,48.0659#28.42#47.22#24.36
-93.4391,48.0654#28.42#47.1#24.48
-93.3766,48.065#28.42#46.98#24.6
-93.3142,48.0644#28.42#46.86#24.72
-93.2517,48.0639#28.42#46.74#24.84
-93.1892,48.0634#28.42#46.62#24.96
-93.1268,48.0628#28.42#46.49#25.09
-93.0643,48.0622#28.42#46.37#25.21
-93.0019,48.0616#28.42#46.25#25.33
-92.9394,48.061#28.42#46.14#25.44
-92.8769,48.0603#28.42#46.04#25.54
-92.8145,48.0597#28.42#45.93#25.65
-92.752,48.059#28.42#45.83#25.75
-92.6896,48.0583#28.42#45.72#25.86
-92.6271,48.0576#28.42#45.62#25.96
-92.5647,48.0568#28.42#45.51#26.07
-92.5022,48.0561#28.42#45.41#26.17
-92.4398,48.0553#28.42#45.32#26.26
-92.3773,48.0545#28.43#45.23#26.34
-92.3149,48.0537#28.43#45.14#26.43
-92.2524,48.0528#28.43#45.06#26.51
-92.19,48.052#28.43#44.97#26.6
-92.1275,48.0511#28.43#44.88#26.69
-92.0651,48.0502#28.43#44.8#26.77
-92.0026,48.0493#28.43#44.71#26.86
-91.9402,48.0484#28.43#44.65#26.92
-91.8778,48.0474#28.43#44.59#26.98
-91.8153,48.0465#28.43#44.53#27.04
-91.7529,48.0455#28.43#44.47#27.1
-91.6904,48.0445#28.44#44.41#27.15
-91.628,48.0434#28.44#44.36#27.2
-91.5656,48.0424#28.44#44.3#27.26
-91.5031,48.0413#28.44#44.24#27.32
-91.4407,48.0402#28.45#44.21#27.34
-91.3783,48.0391#28.46#44.19#27.35
-91.3159,48.038#28.46#44.16#27.38
-91.2534,48.0368#28.47#44.14#27.39
-91.191,48.0357#28.48#44.12#27.4
-91.1286,48.0345#28.49#44.09#27.42
-91.0662,48.0333#28.5#44.07#27.43
-91.0037,48.0321#28.51#44.05#27.44
-90.9413,48.0308#28.53#44.06#27.41
-90.8789,48.0296#28.55#44.07#27.38
-90.8165,48.0283#28.57#44.08#27.35
-90.7541,48.027#28.59#44.09#27.32
-90.6917,48.0257#28.61#44.1#27.29
-90.6293,48.0243#28.63#44.12#27.25
-90.5668,48.023#28.65#44.13#27.22
-90.5044,48.0216#28.67#44.14#27.19
-90.442,48.0202#28.7#44.18#27.12
-90.3796,48.0188#28.73#44.22#27.05
-90.3172,48.0174#28.76#44.26#26.98
-90.2548,48.0159#28.79#44.31#26.9
-90.1924,48.0145#28.82#44.35#26.83
-90.1301,48.013#28.85#44.39#26.76
-90.0677,48.0115#28.88#44.43#26.69
-90.0053,48.0099#28.91#44.48#26.61
-89.9429,48.0084#28.94#44.53#26.53
-89.8805,48.0068#28.97#44.6#26.43
-89.8181,48.0052#29.01#44.66#26.33
-89.7557,48.0036#29.04#44.72#26.24
-89.6934,48.002#29.07#44.78#26.15
-89.631,48.0003#29.1#44.84#26.06
-89.5686,47.9987#29.13#44.9#25.97
-89.5062,47.997#29.17#44.96#25.87
-89.4439,47.9953#29.18#45.02#25.8
-89.3815,47.9936#29.2#45.09#25.71
-89.3191,47.9918#29.21#45.15#25.64
-89.2568,47.9901#29.23#45.21#25.56
-89.1944,47.9883#29.24#45.27#25.49
-89.1321,47.9865#29.26#45.33#25.41
-89.0697,47.9847#29.27#45.39#25.34
-89.0073,47.9828#29.29#45.46#25.25
-88.945,47.981#29.28#45.51#25.21
-88.8826,47.9791#29.27#45.55#25.18
-88.8203,47.9772#29.26#45.6#25.14
-88.758,47.9753#29.25#45.65#25.1
-88.6956,47.9734#29.24#45.7#25.06
-88.6333,47.9714#29.23#45.75#25.02
-88.5709,47.9695#29.22#45.8#24.98
-88.5086,47.9675#29.21#45.84#24.95
-88.4463,47.9655#29.18#45.86#24.96
-88.384,47.9634#29.16#45.88#24.96
-88.3216,47.9614#29.13#45.89#24.98
-88.2593,47.9593#29.1#45.91#24.99
-88.197,47.9572#29.07#45.92#25.01
-88.1347,47.9551#29.04#45.94#25.02
-88.0724,47.953#29.01#45.95#25.04
-88.0101,47.9509#28.98#45.97#25.05
-87.9478,47.9487#28.93#45.95#25.12
-87.8855,47.9465#28.89#45.93#25.18
-87.8232,47.9443#28.84#45.91#25.25
-87.7609,47.9421#28.79#45.89#25.32
-87.6986,47.9398#28.74#45.87#25.39
-87.6363,47.9376#28.69#45.85#25.46
-87.574,47.9353#28.64#45.83#25.53
-87.5117,47.933#28.59#45.81#25.6
-87.4494,47.9307#28.54#45.76#25.7
-87.3871,47.9284#28.5#45.7#25.8
-87.3249,47.926#28.45#45.63#25.92
-87.2626,47.9236#28.4#45.57#26.03
-87.2003,47.9212#28.36#45.51#26.13
-87.1381,47.9188#28.31#45.45#26.24
-87.0758,47.9164#28.27#45.39#26.34
-87.0135,47.9139#28.22#45.33#26.45
-86.9513,47.9115#28.19#45.24#26.57
-86.889,47.909#28.17#45.15#26.68
-86.8268,47.9065#28.15#45.05#26.8
-86.7645,47.9039#28.13#44.96#26.91
-86.7023,47.9014#28.11#44.87#27.02
-104.237,47.9025#29.19#60.38#10.43
-104.175,47.9054#29.13#60.32#10.55
-104.112,47.9082#29.07#60.27#10.66
-104.05,47.911#29.01#60.22#10.77
-103.988,47.9138#28.97#60.17#10.86
-103.926,47.9165#28.99#60.11#10.9
-103.863,47.9193#29.01#60.05#10.94
-103.801,47.922#29.03#59.99#10.98
-103.739,47.9247#29.05#59.94#11.01
-103.677,47.9274#29.07#59.88#11.05
-103.615,47.93#29.09#59.82#11.09
-103.552,47.9327#29.12#59.76#11.12
-103.49,47.9353#29.14#59.7#11.16
-103.428,47.9379#29.17#59.63#11.2
-103.365,47.9405#29.21#59.57#11.22
-103.303,47.9431#29.24#59.5#11.26
-103.241,47.9456#29.28#59.44#11.28
-103.179,47.9481#29.32#59.37#11.31
-103.116,47.9506#29.35#59.31#11.34
-103.054,47.9531#29.39#59.24#11.37
-102.992,47.9556#29.42#59.17#11.41
-102.93,47.9581#29.44#59.11#11.45
-102.867,47.9605#29.45#59.04#11.51
-102.805,47.9629#29.46#58.97#11.57
-102.743,47.9653#29.47#58.9#11.63
-102.68,47.9677#29.49#58.84#11.67
-102.618,47.97#29.5#58.77#11.73
-102.556,47.9724#29.52#58.7#11.78
-102.493,47.9747#29.53#58.63#11.84
-102.431,47.977#29.52#58.56#11.92
-102.369,47.9793#29.51#58.48#12.01
-102.307,47.9815#29.49#58.41#12.1
-102.244,47.9838#29.48#58.34#12.18
-102.182,47.986#29.47#58.26#12.27
-102.12,47.9882#29.46#58.19#12.35
-102.057,47.9904#29.45#58.12#12.43
-101.995,47.9925#29.44#58.04#12.52
-101.933,47.9947#29.42#57.97#12.61
-101.87,47.9968#29.39#57.89#12.72
-101.808,47.9989#29.37#57.82#12.81
-101.746,48.001#29.34#57.75#12.91
-101.683,48.0031#29.32#57.67#13.01
-101.621,48.0051#29.29#57.6#13.11
-101.558,48.0071#29.27#57.53#13.2
-101.496,48.0092#29.24#57.46#13.3
-101.434,48.0111#29.21#57.39#13.4
-101.371,48.0131#29.17#57.32#13.51
-101.309,48.0151#29.14#57.25#13.61
-101.247,48.017#29.11#57.18#13.71
-101.184,48.0189#29.07#57.12#13.81
-101.122,48.0208#29.04#57.05#13.91
-101.06,48.0227#29#56.98#14.02
-100.997,48.0245#28.97#56.92#14.11
-100.935,48.0264#28.94#56.86#14.2
-100.872,48.0282#28.9#56.8#14.3
-100.81,48.03#28.87#56.74#14.39
-100.748,48.0318#28.83#56.68#14.49
-100.685,48.0335#28.8#56.62#14.58
-100.623,48.0353#28.76#56.57#14.67
-100.56,48.037#28.73#56.51#14.76
-100.498,48.0387#28.7#56.45#14.85
-100.436,48.0404#28.68#56.4#14.92
-100.373,48.042#28.66#56.35#14.99
-100.311,48.0437#28.64#56.3#15.06
-100.248,48.0453#28.62#56.25#15.13
-100.186,48.0469#28.6#56.2#15.2
-100.124,48.0485#28.58#56.15#15.27
-100.061,48.0501#28.56#56.1#15.34
-99.9988,48.0516#28.54#56.05#15.41
-99.9363,48.0532#28.53#56#15.47
-99.8739,48.0547#28.52#55.96#15.52
-99.8115,48.0562#28.51#55.92#15.57
-99.7491,48.0576#28.5#55.88#15.62
-99.6866,48.0591#28.5#55.83#15.67
-99.6242,48.0605#28.49#55.79#15.72
-99.5618,48.0619#28.48#55.75#15.77
-99.4994,48.0633#28.47#55.71#15.82
-99.4369,48.0647#28.46#55.66#15.88
-99.3745,48.0661#28.46#55.62#15.92
-99.312,48.0674#28.45#55.58#15.97
-99.2496,48.0687#28.45#55.53#16.02
-99.1872,48.07#28.44#55.49#16.07
-99.1247,48.0713#28.44#55.44#16.12
-99.0623,48.0725#28.44#55.4#16.16
-98.9998,48.0738#28.43#55.36#16.21
-98.9374,48.075#28.43#55.3#16.27
-98.8749,48.0762#28.43#55.24#16.33
-98.8125,48.0774#28.42#55.19#16.39
-98.75,48.0786#28.42#55.13#16.45
-98.6876,48.0797#28.42#55.08#16.5
-98.6251,48.0808#28.42#55.02#16.56
-98.5627,48.0819#28.41#54.97#16.62
-98.5002,48.083#28.41#54.92#16.67
-98.4377,48.0841#28.41#54.85#16.74
-98.3753,48.0851#28.41#54.79#16.8
-98.3128,48.0862#28.41#54.73#16.86
-98.2503,48.0872#28.41#54.67#16.92
-98.1879,48.0882#28.4#54.6#17
-98.1254,48.0891#28.4#54.54#17.06
-98.0629,48.0901#28.4#54.48#17.12
-98.0005,48.091#28.4#54.42#17.18
-97.938,48.0919#28.4#54.34#17.26
-97.8755,48.0928#28.4#54.27#17.33
-97.813,48.0937#28.4#54.19#17.41
-97.7506,48.0946#28.4#54.12#17.48
-97.6881,48.0954#28.4#54.04#17.56
-97.6256,48.0962#28.4#53.97#17.63
-97.5631,48.097#28.4#53.89#17.71
-97.5007,48.0978#28.4#53.82#17.78
-97.4382,48.0986#28.4#53.74#17.86
-97.3757,48.0993#28.4#53.67#17.93
-97.3132,48.1#28.4#53.59#18.01
-97.2507,48.1007#28.4#53.51#18.09
-97.1882,48.1014#28.4#53.44#18.16
-97.1258,48.1021#28.4#53.36#18.24
-97.0633,48.1027#28.4#53.28#18.32
-97.0008,48.1033#28.4#53.21#18.39
-96.9383,48.104#28.4#53.13#18.47
-96.8758,48.1045#28.4#53.05#18.55
-96.8133,48.1051#28.4#52.97#18.63
-96.7508,48.1057#28.4#52.89#18.71
-96.6883,48.1062#28.4#52.81#18.79
-96.6258,48.1067#28.4#52.72#18.88
-96.5633,48.1072#28.4#52.64#18.96
-96.5009,48.1077#28.4#52.56#19.04
-96.4384,48.1081#28.4#52.47#19.13
-96.3759,48.1085#28.4#52.38#19.22
-96.3134,48.109#28.4#52.29#19.31
-96.2509,48.1094#28.4#52.2#19.4
-96.1884,48.1097#28.4#52.11#19.49
-96.1259,48.1101#28.4#52.02#19.58
-96.0634,48.1104#28.4#51.93#19.67
-96.0009,48.1107#28.4#51.84#19.76
-95.9384,48.111#28.4#51.74#19.86
-95.8759,48.1113#28.4#51.64#19.96
-95.8134,48.1116#28.4#51.54#20.06
-95.7509,48.1118#28.4#51.44#20.16
-95.6884,48.112#28.4#51.35#20.25
-95.6259,48.1122#28.4#51.25#20.35
-95.5634,48.1124#28.4#51.15#20.45
-95.5009,48.1126#28.4#51.05#20.55
-95.4384,48.1127#28.4#50.94#20.66
-95.3759,48.1129#28.4#50.83#20.77
-95.3134,48.113#28.4#50.72#20.88
-95.2509,48.1131#28.4#50.6#21
-95.1884,48.1131#28.4#50.49#21.11
-95.1259,48.1132#28.4#50.38#21.22
-95.0634,48.1132#28.41#50.27#21.32
-95.0009,48.1132#28.41#50.16#21.43
-94.9384,48.1132#28.41#50.03#21.56
-94.8759,48.1132#28.41#49.91#21.68
-94.8134,48.1131#28.41#49.78#21.81
-94.7509,48.1131#28.41#49.66#21.93
-94.6884,48.113#28.41#49.53#22.06
-94.6259,48.1129#28.41#49.41#22.18
-94.5634,48.1127#28.41#49.29#22.3
-94.5009,48.1126#28.41#49.16#22.43
-94.4383,48.1124#28.41#49.02#22.57
-94.3758,48.1122#28.41#48.88#22.71
-94.3133,48.112#28.41#48.75#22.84
-94.2508,48.1118#28.41#48.61#22.98
-94.1883,48.1116#28.41#48.47#23.12
-94.1258,48.1113#28.41#48.33#23.26
-94.0633,48.111#28.41#48.19#23.4
-94.0009,48.1107#28.41#48.05#23.54
-93.9384,48.1104#28.41#47.93#23.66
-93.8759,48.1101#28.41#47.8#23.79
-93.8134,48.1097#28.42#47.68#23.9
-93.7509,48.1094#28.42#47.55#24.03
-93.6884,48.109#28.42#47.42#24.16
-93.6259,48.1086#28.42#47.3#24.28
-93.5634,48.1081#28.42#47.17#24.41
-93.5009,48.1077#28.42#47.05#24.53
-93.4384,48.1072#28.42#46.93#24.65
-93.3759,48.1067#28.42#46.81#24.77
-93.3134,48.1062#28.42#46.68#24.9
-93.2509,48.1057#28.42#46.56#25.02
-93.1884,48.1051#28.42#46.44#25.14
-93.1259,48.1046#28.42#46.32#25.26
-93.0634,48.104#28.42#46.2#25.38
-93.0009,48.1034#28.42#46.08#25.5
-92.9385,48.1027#28.42#45.97#25.61
-92.876,48.1021#28.42#45.87#25.71
-92.8135,48.1014#28.42#45.76#25.82
-92.751,48.1007#28.42#45.66#25.92
-92.6885,48.1#28.42#45.55#26.03
-92.626,48.0993#28.42#45.44#26.14
-92.5635,48.0986#28.43#45.34#26.23
-92.5011,48.0978#28.43#45.23#26.34
-92.4386,48.097#28.43#45.15#26.42
-92.3761,48.0962#28.43#45.06#26.51
-92.3136,48.0954#28.43#44.97#26.6
-92.2512,48.0946#28.43#44.88#26.69
-92.1887,48.0937#28.43#44.8#26.77
-92.1262,48.0929#28.43#44.71#26.86
-92.0637,48.092#28.43#44.62#26.95
-92.0013,48.0911#28.43#44.54#27.03
-91.9388,48.0901#28.43#44.48#27.09
-91.8763,48.0892#28.43#44.42#27.15
-91.8138,48.0882#28.43#44.36#27.21
-91.7514,48.0872#28.43#44.3#27.27
-91.6889,48.0862#28.43#44.24#27.33
-91.6265,48.0852#28.44#44.18#27.38
-91.564,48.0841#28.44#44.12#27.44
-91.5015,48.0831#28.44#44.06#27.5
-91.4391,48.082#28.45#44.04#27.51
-91.3766,48.0809#28.45#44.01#27.54
-91.3142,48.0797#28.46#43.99#27.55
-91.2517,48.0786#28.47#43.96#27.57
-91.1892,48.0774#28.47#43.94#27.59
-91.1268,48.0762#28.48#43.91#27.61
-91.0643,48.075#28.49#43.89#27.62
-91.0019,48.0738#28.5#43.87#27.63
-90.9394,48.0726#28.52#43.88#27.6
-90.877,48.0713#28.54#43.89#27.57
-90.8146,48.07#28.56#43.9#27.54
-90.7521,48.0687#28.58#43.91#27.51
-90.6897,48.0674#28.6#43.92#27.48
-90.6272,48.0661#28.62#43.93#27.45
-90.5648,48.0647#28.64#43.95#27.41
-90.5024,48.0634#28.66#43.96#27.38
-90.4399,48.062#28.68#44#27.32
-90.3775,48.0606#28.71#44.04#27.25
-90.3151,48.0591#28.74#44.08#27.18
-90.2527,48.0577#28.77#44.12#27.11
-90.1902,48.0562#28.8#44.17#27.03
-90.1278,48.0547#28.83#44.21#26.96
-90.0654,48.0532#28.86#44.25#26.89
-90.003,48.0517#28.88#44.29#26.83
-89.9406,48.0501#28.92#44.35#26.73
-89.8781,48.0486#28.95#44.41#26.64
-89.8157,48.047#28.98#44.48#26.54
-89.7533,48.0454#29.02#44.54#26.44
-89.6909,48.0437#29.05#44.6#26.35
-89.6285,48.0421#29.08#44.66#26.26
-89.5661,48.0404#29.12#44.72#26.16
-89.5037,48.0387#29.15#44.78#26.07
-89.4413,48.037#29.17#44.84#25.99
-89.3789,48.0353#29.19#44.9#25.91
-89.3165,48.0336#29.2#44.96#25.84
-89.2541,48.0318#29.22#45.03#25.75
-89.1917,48.03#29.24#45.09#25.67
-89.1293,48.0282#29.25#45.15#25.6
-89.067,48.0264#29.27#45.21#25.52
-89.0046,48.0246#29.28#45.27#25.45
-88.9422,48.0227#29.28#45.32#25.4
-88.8798,48.0209#29.27#45.37#25.36
-88.8175,48.019#29.26#45.42#25.32
-88.7551,48.0171#29.26#45.46#25.28
-88.6927,48.0151#29.25#45.51#25.24
-88.6304,48.0132#29.24#45.56#25.2
-88.568,48.0112#29.23#45.61#25.16
-88.5056,48.0092#29.23#45.66#25.11
-88.4433,48.0072#29.2#45.67#25.13
-88.3809,48.0052#29.17#45.69#25.14
-88.3186,48.0031#29.14#45.7#25.16
-88.2562,48.0011#29.11#45.72#25.17
-88.1939,47.999#29.09#45.73#25.18
-88.1315,47.9969#29.06#45.75#25.19
-88.0692,47.9947#29.03#45.76#25.21
-88.0069,47.9926#29#45.78#25.22
-87.9445,47.9904#28.95#45.76#25.29
-87.8822,47.9882#28.91#45.74#25.35
-87.8199,47.986#28.86#45.72#25.42
-87.7575,47.9838#28.82#45.7#25.48
-87.6952,47.9816#28.77#45.68#25.55
-87.6329,47.9793#28.72#45.66#25.62
-87.5706,47.977#28.67#45.64#25.69
-87.5083,47.9747#28.63#45.62#25.75
-87.446,47.9724#28.58#45.56#25.86
-87.3836,47.9701#28.53#45.5#25.97
-87.3213,47.9677#28.48#45.44#26.08
-87.259,47.9654#28.43#45.38#26.19
-87.1967,47.963#28.38#45.32#26.3
-87.1345,47.9606#28.34#45.26#26.4
-87.0722,47.9581#28.29#45.19#26.52
-87.0099,47.9557#28.24#45.13#26.63
-86.9476,47.9532#28.21#45.05#26.74
-86.8853,47.9507#28.19#44.95#26.86
-86.823,47.9482#28.17#44.86#26.97
-86.7608,47.9457#28.14#44.77#27.09
-86.6985,47.9431#28.12#44.68#27.2
-86.6362,47.9406#28.1#44.59#27.31
-86.574,47.938#28.07#44.49#27.44
-86.5117,47.9354#28.05#44.4#27.55
-86.4494,47.9327#28.04#44.3#27.66
-86.3872,47.9301#28.03#44.19#27.78
-86.3249,47.9274#28.02#44.09#27.89
-86.2627,47.9248#28.01#43.98#28.01
-86.2005,47.9221#28#43.87#28.13
-86.1382,47.9193#27.99#43.77#28.24
-86.076,47.9166#27.98#43.66#28.36
