-97.0822,25.9002#63.28#29.84#6.88
-97.0314,25.9009#63.25#29.84#6.91
-96.9806,25.9016#63.18#29.83#6.99000000000001
-96.9299,25.9022#63.05#29.83#7.12
-96.8791,25.9029#62.92#29.82#7.25999999999999
-96.8283,25.9035#62.78#29.82#7.40000000000001
-96.7776,25.9041#62.65#29.81#7.54000000000001
-96.7268,25.9047#62.52#29.81#7.67
-96.6761,25.9053#62.39#29.8#7.81
-96.6253,25.9058#62.25#29.8#7.95
-96.5745,25.9064#62.12#29.79#8.09
-96.5238,25.9069#61.99#29.79#8.22
-96.473,25.9074#61.87#29.78#8.34999999999999
-96.4222,25.9079#61.76#29.78#8.46000000000001
-96.3715,25.9084#61.65#29.77#8.58
-96.3207,25.9088#61.54#29.76#8.7
-96.2699,25.9092#61.43#29.76#8.81
-96.2192,25.9097#61.32#29.75#8.93000000000001
-96.1684,25.9101#61.21#29.74#9.05
-96.1176,25.9105#61.1#29.74#9.16
-96.0669,25.9108#60.99#29.73#9.28
-96.0161,25.9112#60.88#29.73#9.39
-95.9653,25.9115#60.77#29.71#9.52
-95.9146,25.9118#60.66#29.7#9.64
-95.8638,25.9121#60.55#29.69#9.76000000000001
-95.813,25.9124#60.44#29.67#9.89
-95.7623,25.9127#60.33#29.66#10.01
-95.7115,25.9129#60.22#29.65#10.13
-95.6607,25.9131#60.1#29.63#10.27
-95.6099,25.9134#59.99#29.62#10.39
-95.5592,25.9136#59.88#29.6#10.52
-95.5084,25.9137#59.77#29.59#10.64
-95.4576,25.9139#59.61#29.58#10.81
-95.4069,25.914#59.45#29.56#10.99
-95.3561,25.9142#59.29#29.55#11.16
-95.3053,25.9143#59.12#29.53#11.35
-95.2546,25.9144#58.96#29.52#11.52
-95.2038,25.9145#58.79#29.5#11.71
-95.153,25.9145#58.63#29.48#11.89
-95.1022,25.9146#58.47#29.47#12.06
-95.0515,25.9146#58.3#29.45#12.25
-95.0007,25.9146#58.14#29.44#12.42
-94.9499,25.9146#57.98#29.42#12.6
-94.8992,25.9146#57.83#29.4#12.77
-94.8484,25.9145#57.68#29.38#12.94
-94.7976,25.9145#57.52#29.35#13.13
-94.7468,25.9144#57.37#29.33#13.3
-94.6961,25.9143#57.21#29.31#13.48
-94.6453,25.9142#57.06#29.29#13.65
-94.5945,25.914#56.9#29.27#13.83
-94.5438,25.9139#56.75#29.25#14
-94.493,25.9137#56.6#29.23#14.17
-94.4422,25.9136#56.45#29.21#14.34
-94.3915,25.9134#56.31#29.2#14.49
-94.3407,25.9132#56.17#29.18#14.65
-94.2899,25.9129#56.03#29.16#14.81
-94.2391,25.9127#55.88#29.15#14.97
-94.1884,25.9124#55.74#29.13#15.13
-94.1376,25.9121#55.6#29.12#15.28
-94.0868,25.9118#55.45#29.1#15.45
-94.0361,25.9115#55.31#29.09#15.6
-93.9853,25.9112#55.17#29.07#15.76
-93.9345,25.9108#55.03#29.06#15.91
-93.8838,25.9105#54.89#29.06#16.05
-93.833,25.9101#54.75#29.05#16.2
-93.7822,25.9097#54.61#29.04#16.35
-93.7315,25.9093#54.48#29.03#16.49
-93.6807,25.9088#54.34#29.02#16.64
-93.6299,25.9084#54.2#29.02#16.78
-93.5792,25.9079#54.06#29.01#16.93
-93.5284,25.9074#53.92#29#17.08
-93.4776,25.9069#53.8#28.99#17.21
-93.4269,25.9064#53.69#28.99#17.32
-93.3761,25.9058#53.58#28.98#17.44
-93.3253,25.9053#53.47#28.98#17.55
-93.2746,25.9047#53.37#28.97#17.66
-93.2238,25.9041#53.26#28.97#17.77
-93.1731,25.9035#53.15#28.96#17.89
-93.1223,25.9029#53.04#28.96#18
-93.0715,25.9023#52.93#28.95#18.12
-93.0208,25.9016#52.83#28.95#18.22
-92.97,25.9009#52.72#28.94#18.34
-92.9193,25.9002#52.62#28.94#18.44
-99.2149,25.9013#60.92#29.85#9.22999999999999
-99.1642,25.9028#61.12#29.86#9.02000000000001
-99.1134,25.9041#61.33#29.87#8.8
-99.0627,25.9055#61.54#29.88#8.58
-99.0119,25.9069#61.75#29.89#8.36
-98.9612,25.9082#61.9#29.89#8.21000000000001
-98.9105,25.9096#62.04#29.9#8.06
-98.8597,25.9109#62.18#29.9#7.92
-98.809,25.9122#62.32#29.91#7.77
-98.7582,25.9134#62.46#29.92#7.62
-98.7075,25.9147#62.59#29.92#7.48999999999999
-98.6567,25.9159#62.73#29.93#7.34
-98.6059,25.9171#62.87#29.94#7.19
-98.5552,25.9184#63.01#29.94#7.05
-98.5044,25.9195#63.14#29.95#6.91
-98.4537,25.9207#63.24#29.95#6.81
-98.4029,25.9219#63.33#29.95#6.72
-98.3522,25.923#63.42#29.94#6.64
-98.3014,25.9241#63.51#29.94#6.55
-98.2506,25.9252#63.6#29.94#6.45999999999999
-98.1999,25.9263#63.69#29.94#6.37
-98.1491,25.9274#63.78#29.94#6.28
-98.0984,25.9284#63.87#29.93#6.2
-98.0476,25.9295#63.96#29.93#6.11
-97.9968,25.9305#64.05#29.93#6.02000000000001
-97.9461,25.9315#64.05#29.93#6.02000000000001
-97.8953,25.9325#64.06#29.92#6.02
-97.8445,25.9334#64.06#29.92#6.02
-97.7938,25.9344#64.07#29.91#6.02000000000001
-97.743,25.9353#64.07#29.91#6.02000000000001
-97.6922,25.9362#64.08#29.91#6.01000000000001
-97.6415,25.9371#64.08#29.9#6.02000000000001
-97.5907,25.938#64.08#29.9#6.02000000000001
-97.5399,25.9389#64.09#29.89#6.02
-97.4891,25.9397#64.09#29.89#6.02
-97.4384,25.9406#64.05#29.89#6.06
-97.3876,25.9414#64.02#29.88#6.10000000000001
-97.3368,25.9422#63.99#29.88#6.13
-97.286,25.9429#63.96#29.87#6.17
-97.2353,25.9437#63.93#29.87#6.2
-97.1845,25.9445#63.89#29.86#6.25
-97.1337,25.9452#63.86#29.86#6.28
-97.0829,25.9459#63.83#29.85#6.31999999999999
-97.0322,25.9466#63.79#29.85#6.36
-96.9814,25.9473#63.72#29.84#6.44
-96.9306,25.9479#63.58#29.84#6.58
-96.8798,25.9486#63.44#29.83#6.73
-96.829,25.9492#63.3#29.83#6.87
-96.7783,25.9498#63.16#29.82#7.02000000000001
-96.7275,25.9504#63.02#29.82#7.16
-96.6767,25.951#62.87#29.81#7.32000000000001
-96.6259,25.9515#62.73#29.81#7.46000000000001
-96.5751,25.952#62.59#29.8#7.61
-96.5243,25.9526#62.44#29.8#7.76000000000001
-96.4736,25.9531#62.31#29.79#7.90000000000001
-96.4228,25.9536#62.2#29.79#8.00999999999999
-96.372,25.954#62.09#29.78#8.13
-96.3212,25.9545#61.97#29.77#8.26000000000001
-96.2704,25.9549#61.86#29.77#8.37
-96.2196,25.9553#61.74#29.76#8.5
-96.1688,25.9557#61.63#29.76#8.61
-96.1181,25.9561#61.51#29.75#8.74000000000001
-96.0673,25.9565#61.4#29.74#8.86
-96.0165,25.9569#61.28#29.74#8.98
-95.9657,25.9572#61.16#29.73#9.11
-95.9149,25.9575#61.05#29.71#9.24000000000001
-95.8641,25.9578#60.93#29.7#9.37
-95.8133,25.9581#60.81#29.69#9.5
-95.7625,25.9583#60.69#29.67#9.64
-95.7118,25.9586#60.58#29.66#9.76000000000001
-95.661,25.9588#60.46#29.65#9.89
-95.6102,25.959#60.34#29.64#10.02
-95.5594,25.9592#60.22#29.62#10.16
-95.5086,25.9594#60.1#29.61#10.29
-95.4578,25.9596#59.94#29.6#10.46
-95.407,25.9597#59.78#29.58#10.64
-95.3562,25.9599#59.61#29.57#10.82
-95.3054,25.96#59.44#29.55#11.01
-95.2547,25.9601#59.28#29.54#11.18
-95.2039,25.9601#59.11#29.52#11.37
-95.1531,25.9602#58.94#29.51#11.55
-95.1023,25.9602#58.77#29.49#11.74
-95.0515,25.9603#58.6#29.48#11.92
-95.0007,25.9603#58.44#29.46#12.1
-94.9499,25.9603#58.28#29.44#12.28
-94.8991,25.9602#58.12#29.42#12.46
-94.8483,25.9602#57.96#29.4#12.64
-94.7975,25.9601#57.81#29.38#12.81
-94.7468,25.9601#57.65#29.36#12.99
-94.696,25.96#57.49#29.34#13.17
-94.6452,25.9599#57.33#29.32#13.35
-94.5944,25.9597#57.18#29.3#13.52
-94.5436,25.9596#57.02#29.27#13.71
-94.4928,25.9594#56.86#29.25#13.89
-94.442,25.9592#56.72#29.24#14.04
-94.3912,25.959#56.57#29.22#14.21
-94.3404,25.9588#56.43#29.21#14.36
-94.2896,25.9586#56.29#29.19#14.52
-94.2389,25.9584#56.14#29.17#14.69
-94.1881,25.9581#56#29.16#14.84
-94.1373,25.9578#55.85#29.14#15.01
-94.0865,25.9575#55.71#29.12#15.17
-94.0357,25.9572#55.56#29.11#15.33
-93.9849,25.9569#55.42#29.09#15.49
-93.9341,25.9565#55.28#29.08#15.64
-93.8833,25.9561#55.14#29.08#15.78
-93.8326,25.9558#55#29.07#15.93
-93.7818,25.9554#54.86#29.06#16.08
-93.731,25.9549#54.72#29.05#16.23
-93.6802,25.9545#54.59#29.04#16.37
-93.6294,25.954#54.45#29.03#16.52
-93.5786,25.9536#54.31#29.02#16.67
-93.5278,25.9531#54.17#29.02#16.81
-93.4771,25.9526#54.04#29.01#16.95
-93.4263,25.9521#53.93#29#17.07
-93.3755,25.9515#53.82#29#17.18
-93.3247,25.951#53.71#28.99#17.3
-93.2739,25.9504#53.6#28.99#17.41
-93.2232,25.9498#53.49#28.98#17.53
-93.1724,25.9492#53.38#28.98#17.64
-93.1216,25.9486#53.27#28.97#17.76
-93.0708,25.9479#53.16#28.97#17.87
-93.02,25.9473#53.05#28.96#17.99
-92.9693,25.9466#52.95#28.96#18.09
-92.9185,25.9459#52.85#28.95#18.2
-92.8677,25.9452#52.74#28.95#18.31
-92.8169,25.9445#52.64#28.94#18.42
-92.7661,25.9437#52.54#28.94#18.52
-92.7154,25.943#52.43#28.94#18.63
-92.6646,25.9422#52.33#28.93#18.74
-92.6138,25.9414#52.23#28.93#18.84
-92.563,25.9406#52.12#28.93#18.95
-92.5123,25.9398#52.02#28.92#19.06
-92.4615,25.9389#51.93#28.92#19.15
-92.4107,25.938#51.84#28.92#19.24
-92.36,25.9372#51.75#28.91#19.34
-92.3092,25.9363#51.66#28.91#19.43
-92.2584,25.9353#51.57#28.91#19.52
-92.2076,25.9344#51.48#28.9#19.62
-92.1569,25.9335#51.38#28.9#19.72
-92.1061,25.9325#51.29#28.9#19.81
-92.0553,25.9315#51.2#28.89#19.91
-92.0046,25.9305#51.11#28.89#20
-91.9538,25.9295#51.05#28.89#20.06
-91.903,25.9285#50.98#28.88#20.14
-91.8523,25.9274#50.92#28.88#20.2
-91.8015,25.9263#50.86#28.88#20.26
-91.7508,25.9253#50.8#28.88#20.32
-91.7,25.9242#50.73#28.87#20.4
-91.6492,25.923#50.67#28.87#20.46
-91.5985,25.9219#50.61#28.87#20.52
-91.5477,25.9207#50.55#28.87#20.58
-91.497,25.9196#50.48#28.86#20.66
-91.4462,25.9184#50.44#28.86#20.7
-91.3955,25.9172#50.4#28.86#20.74
-91.3447,25.916#50.36#28.86#20.78
-91.294,25.9147#50.32#28.85#20.83
-91.2432,25.9135#50.28#28.85#20.87
-91.1924,25.9122#50.24#28.85#20.91
-91.1417,25.9109#50.2#28.84#20.96
-91.091,25.9096#50.16#28.84#21
-91.0402,25.9083#50.12#28.84#21.04
-90.9895,25.9069#50.08#28.84#21.08
-90.9387,25.9056#50.07#28.83#21.1
-90.888,25.9042#50.05#28.83#21.12
-90.8372,25.9028#50.03#28.83#21.14
-90.7865,25.9014#50.02#28.83#21.15
-90.7357,25.9#50#28.82#21.18
-100.637,25.9005#55.19#30.4#14.41
-100.587,25.9024#55.47#30.35#14.18
-100.536,25.9043#55.75#30.31#13.94
-100.485,25.9062#56.01#30.26#13.73
-100.434,25.908#56.22#30.22#13.56
-100.384,25.9098#56.44#30.18#13.38
-100.333,25.9116#56.66#30.14#13.2
-100.282,25.9134#56.87#30.09#13.04
-100.231,25.9152#57.09#30.05#12.86
-100.181,25.9169#57.31#30.01#12.68
-100.13,25.9187#57.53#29.97#12.5
-100.079,25.9204#57.75#29.93#12.32
-100.028,25.9221#57.97#29.88#12.15
-99.9778,25.9238#58.19#29.86#11.95
-99.927,25.9254#58.41#29.85#11.74
-99.8763,25.9271#58.62#29.84#11.54
-99.8255,25.9287#58.84#29.83#11.33
-99.7748,25.9303#59.06#29.83#11.11
-99.724,25.9319#59.28#29.82#10.9
-99.6733,25.9335#59.5#29.81#10.69
-99.6225,25.9351#59.72#29.81#10.47
-99.5718,25.9366#59.94#29.8#10.26
-99.521,25.9382#60.16#29.79#10.05
-99.4703,25.9397#60.38#29.79#9.83
-99.4195,25.9412#60.59#29.8#9.61
-99.3688,25.9427#60.8#29.81#9.39
-99.318,25.9441#61.01#29.82#9.17
-99.2673,25.9456#61.22#29.83#8.95
-99.2165,25.947#61.43#29.83#8.74000000000001
-99.1657,25.9484#61.64#29.84#8.52
-99.115,25.9498#61.85#29.85#8.3
-99.0642,25.9512#62.06#29.86#8.08
-99.0134,25.9525#62.27#29.87#7.86
-98.9627,25.9539#62.42#29.87#7.70999999999999
-98.9119,25.9552#62.56#29.88#7.56
-98.8611,25.9565#62.7#29.89#7.41
-98.8104,25.9578#62.83#29.9#7.27000000000001
-98.7596,25.9591#62.97#29.9#7.13
-98.7088,25.9603#63.1#29.91#6.98999999999999
-98.6581,25.9616#63.24#29.92#6.84
-98.6073,25.9628#63.37#29.93#6.7
-98.5565,25.964#63.51#29.93#6.56
-98.5057,25.9652#63.64#29.94#6.42
-98.455,25.9664#63.74#29.94#6.31999999999999
-98.4042,25.9675#63.83#29.94#6.23
-98.3534,25.9687#63.92#29.94#6.14
-98.3026,25.9698#64.01#29.94#6.05
-98.2519,25.9709#64.1#29.94#5.96000000000001
-98.2011,25.972#64.19#29.94#5.87
-98.1503,25.9731#64.28#29.94#5.78
-98.0995,25.9741#64.37#29.94#5.69
-98.0487,25.9751#64.46#29.94#5.60000000000001
-97.998,25.9762#64.55#29.94#5.51000000000001
-97.9472,25.9772#64.55#29.93#5.52000000000001
-97.8964,25.9781#64.56#29.93#5.50999999999999
-97.8456,25.9791#64.57#29.92#5.51000000000001
-97.7948,25.9801#64.58#29.92#5.5
-97.744,25.981#64.59#29.92#5.48999999999999
-97.6932,25.9819#64.6#29.91#5.49000000000001
-97.6424,25.9828#64.61#29.91#5.48
-97.5917,25.9837#64.62#29.91#5.47
-97.5409,25.9846#64.63#29.9#5.47
-97.4901,25.9854#64.63#29.9#5.47
-97.4393,25.9862#64.6#29.89#5.51000000000001
-97.3885,25.987#64.57#29.89#5.54000000000001
-97.3377,25.9878#64.54#29.88#5.58
-97.2869,25.9886#64.51#29.88#5.61
-97.2361,25.9894#64.47#29.87#5.66
-97.1853,25.9901#64.44#29.87#5.69
-97.1345,25.9909#64.41#29.87#5.72
-97.0837,25.9916#64.37#29.86#5.77
-97.0329,25.9923#64.34#29.86#5.8
-96.9821,25.9929#64.27#29.85#5.88
-96.9313,25.9936#64.12#29.85#6.03
-96.8805,25.9942#63.97#29.84#6.19
-96.8297,25.9949#63.81#29.84#6.34999999999999
-96.7789,25.9955#63.66#29.83#6.51000000000001
-96.7281,25.9961#63.51#29.83#6.66
-96.6773,25.9966#63.36#29.82#6.81999999999999
-96.6265,25.9972#63.21#29.82#6.97
-96.5757,25.9977#63.05#29.81#7.14
-96.5249,25.9983#62.9#29.81#7.29000000000001
-96.4741,25.9988#62.76#29.8#7.44
-96.4233,25.9992#62.64#29.8#7.56
-96.3725,25.9997#62.52#29.79#7.69
-96.3217,26.0002#62.4#29.78#7.81999999999999
-96.2709,26.0006#62.28#29.78#7.94
-96.2201,26.001#62.16#29.77#8.07000000000001
-96.1693,26.0014#62.04#29.77#8.19
-96.1185,26.0018#61.92#29.76#8.31999999999999
-96.0677,26.0022#61.8#29.75#8.45
-96.0169,26.0025#61.68#29.75#8.56999999999999
-95.9661,26.0029#61.56#29.74#8.7
-95.9153,26.0032#61.43#29.73#8.84
-95.8644,26.0035#61.31#29.71#8.97999999999999
-95.8136,26.0038#61.18#29.7#9.12
-95.7628,26.004#61.06#29.69#9.25
-95.712,26.0043#60.93#29.68#9.39
-95.6612,26.0045#60.81#29.66#9.53
-95.6104,26.0047#60.69#29.65#9.66
-95.5596,26.0049#60.56#29.64#9.8
-95.5088,26.0051#60.43#29.63#9.94
-95.458,26.0053#60.27#29.61#10.12
-95.4072,26.0054#60.1#29.6#10.3
-95.3564,26.0055#59.93#29.59#10.48
-95.3056,26.0056#59.76#29.57#10.67
-95.2547,26.0057#59.59#29.56#10.85
-95.2039,26.0058#59.42#29.54#11.04
-95.1531,26.0059#59.25#29.53#11.22
-95.1023,26.0059#59.08#29.51#11.41
-95.0515,26.0059#58.91#29.5#11.59
-95.0007,26.006#58.74#29.48#11.78
-94.9499,26.0059#58.58#29.46#11.96
-94.8991,26.0059#58.42#29.44#12.14
-94.8483,26.0059#58.25#29.42#12.33
-94.7975,26.0058#58.09#29.4#12.51
-94.7467,26.0057#57.93#29.38#12.69
-94.6958,26.0057#57.77#29.36#12.87
-94.645,26.0055#57.61#29.34#13.05
-94.5942,26.0054#57.45#29.32#13.23
-94.5434,26.0053#57.29#29.3#13.41
-94.4926,26.0051#57.13#29.28#13.59
-94.4418,26.0049#56.98#29.27#13.75
-94.391,26.0047#56.84#29.25#13.91
-94.3402,26.0045#56.69#29.23#14.08
-94.2894,26.0043#56.55#29.21#14.24
-94.2386,26.004#56.4#29.2#14.4
-94.1878,26.0038#56.26#29.18#14.56
-94.137,26.0035#56.11#29.16#14.73
-94.0862,26.0032#55.97#29.15#14.88
-94.0353,26.0029#55.82#29.13#15.05
-93.9845,26.0025#55.68#29.11#15.21
-93.9337,26.0022#55.54#29.1#15.36
-93.8829,26.0018#55.4#29.1#15.5
-93.8321,26.0014#55.25#29.09#15.66
-93.7813,26.001#55.11#29.08#15.81
-93.7305,26.0006#54.97#29.07#15.96
-93.6797,26.0002#54.83#29.06#16.11
-93.6289,25.9997#54.69#29.05#16.26
-93.5781,25.9993#54.55#29.04#16.41
-93.5273,25.9988#54.41#29.03#16.56
-93.4765,25.9983#54.28#29.02#16.7
-93.4257,25.9977#54.17#29.02#16.81
-93.3749,25.9972#54.06#29.01#16.93
-93.3241,25.9966#53.95#29.01#17.04
-93.2733,25.9961#53.84#29#17.16
-93.2225,25.9955#53.73#28.99#17.28
-93.1717,25.9949#53.62#28.99#17.39
-93.1209,25.9943#53.5#28.98#17.52
-93.0701,25.9936#53.39#28.98#17.63
-93.0193,25.993#53.28#28.97#17.75
-92.9685,25.9923#53.17#28.97#17.86
-92.9177,25.9916#53.07#28.96#17.97
-92.8669,25.9909#52.97#28.96#18.07
-92.8161,25.9901#52.86#28.96#18.18
-92.7653,25.9894#52.76#28.95#18.29
-92.7145,25.9886#52.66#28.95#18.39
-92.6637,25.9879#52.55#28.94#18.51
-92.6129,25.9871#52.45#28.94#18.61
-92.5621,25.9863#52.34#28.94#18.72
-92.5113,25.9854#52.24#28.93#18.83
-92.4605,25.9846#52.15#28.93#18.92
-92.4098,25.9837#52.05#28.93#19.02
-92.359,25.9828#51.96#28.92#19.12
-92.3082,25.9819#51.87#28.92#19.21
-92.2574,25.981#51.78#28.92#19.3
-92.2066,25.9801#51.69#28.91#19.4
-92.1558,25.9791#51.6#28.91#19.49
-92.105,25.9782#51.51#28.91#19.58
-92.0542,25.9772#51.42#28.9#19.68
-92.0035,25.9762#51.33#28.9#19.77
-91.9527,25.9752#51.26#28.9#19.84
-91.9019,25.9741#51.2#28.89#19.91
-91.8511,25.9731#51.13#28.89#19.98
-91.8003,25.972#51.07#28.89#20.04
-91.7495,25.9709#51#28.89#20.11
-91.6988,25.9698#50.94#28.88#20.18
-91.648,25.9687#50.88#28.88#20.24
-91.5972,25.9676#50.81#28.88#20.31
-91.5464,25.9664#50.75#28.87#20.38
-91.4957,25.9652#50.69#28.87#20.44
-91.4449,25.9641#50.64#28.87#20.49
-91.3941,25.9628#50.6#28.87#20.53
-91.3433,25.9616#50.56#28.86#20.58
-91.2926,25.9604#50.52#28.86#20.62
-91.2418,25.9591#50.48#28.86#20.66
-91.191,25.9579#50.44#28.86#20.7
-91.1403,25.9566#50.4#28.85#20.75
-91.0895,25.9553#50.36#28.85#20.79
-91.0387,25.9539#50.32#28.85#20.83
-90.988,25.9526#50.28#28.85#20.87
-90.9372,25.9512#50.27#28.84#20.89
-90.8864,25.9498#50.25#28.84#20.91
-90.8357,25.9485#50.23#28.84#20.93
-90.7849,25.947#50.22#28.84#20.94
-90.7341,25.9456#50.2#28.83#20.97
-90.6834,25.9442#50.18#28.83#20.99
-90.6326,25.9427#50.17#28.83#21
-90.5819,25.9412#50.15#28.83#21.02
-90.5311,25.9397#50.13#28.82#21.05
-90.4804,25.9382#50.12#28.82#21.06
-90.4296,25.9367#50.1#28.82#21.08
-90.3789,25.9351#50.09#28.81#21.1
-90.3281,25.9336#50.08#28.81#21.11
-90.2774,25.932#50.06#28.81#21.13
-90.2266,25.9304#50.05#28.81#21.14
-90.1759,25.9288#50.03#28.8#21.17
-90.1251,25.9271#50.02#28.8#21.18
-90.0744,25.9255#50.01#28.8#21.19
-90.0236,25.9238#49.99#28.8#21.21
-89.9729,25.9221#49.99#28.79#21.22
-89.9222,25.9204#50#28.79#21.21
-89.8714,25.9187#50#28.79#21.21
-89.8207,25.917#50.01#28.79#21.2
-89.77,25.9152#50.02#28.78#21.2
-89.7192,25.9135#50.03#28.78#21.19
-89.6685,25.9117#50.03#28.78#21.19
-89.6178,25.9099#50.04#28.78#21.18
-89.567,25.9081#50.05#28.77#21.18
-89.5163,25.9062#50.05#28.77#21.18
-89.4656,25.9044#50.07#28.77#21.16
-89.4149,25.9025#50.08#28.77#21.15
-89.3641,25.9006#50.1#28.76#21.14
-101.755,25.9003#48.81#30.76#20.43
-101.705,25.9025#49.07#30.78#20.15
-101.654,25.9048#49.33#30.8#19.87
-101.603,25.907#49.6#30.81#19.59
-101.552,25.9092#49.86#30.83#19.31
-101.502,25.9114#50.12#30.84#19.04
-101.451,25.9136#50.45#30.83#18.72
-101.4,25.9158#50.78#30.82#18.4
-101.35,25.9179#51.11#30.8#18.09
-101.299,25.9201#51.45#30.79#17.76
-101.248,25.9222#51.78#30.77#17.45
-101.197,25.9243#52.11#30.75#17.14
-101.147,25.9263#52.44#30.74#16.82
-101.096,25.9284#52.77#30.72#16.51
-101.045,25.9305#53.11#30.71#16.18
-100.995,25.9325#53.43#30.69#15.88
-100.944,25.9345#53.72#30.64#15.64
-100.893,25.9365#54#30.59#15.41
-100.842,25.9385#54.28#30.55#15.17
-100.792,25.9404#54.56#30.5#14.94
-100.741,25.9424#54.85#30.46#14.69
-100.69,25.9443#55.13#30.41#14.46
-100.639,25.9462#55.41#30.36#14.23
-100.589,25.9481#55.7#30.32#13.98
-100.538,25.95#55.98#30.27#13.75
-100.487,25.9518#56.25#30.23#13.52
-100.436,25.9536#56.47#30.18#13.35
-100.386,25.9555#56.7#30.14#13.16
-100.335,25.9573#56.93#30.1#12.97
-100.284,25.9591#57.16#30.06#12.78
-100.233,25.9608#57.39#30.02#12.59
-100.183,25.9626#57.62#29.98#12.4
-100.132,25.9643#57.85#29.94#12.21
-100.081,25.966#58.08#29.9#12.02
-100.03,25.9677#58.31#29.86#11.83
-99.9796,25.9694#58.54#29.84#11.62
-99.9289,25.9711#58.77#29.83#11.4
-99.8781,25.9728#59#29.82#11.18
-99.8273,25.9744#59.24#29.82#10.94
-99.7766,25.976#59.47#29.81#10.72
-99.7258,25.9776#59.7#29.8#10.5
-99.675,25.9792#59.94#29.8#10.26
-99.6243,25.9808#60.17#29.79#10.04
-99.5735,25.9823#60.41#29.78#9.81
-99.5227,25.9838#60.65#29.78#9.56999999999999
-99.472,25.9853#60.87#29.78#9.34999999999999
-99.4212,25.9868#61.08#29.78#9.14
-99.3704,25.9883#61.3#29.79#8.91
-99.3196,25.9898#61.51#29.8#8.69
-99.2689,25.9912#61.72#29.81#8.47
-99.2181,25.9927#61.94#29.82#8.24000000000001
-99.1673,25.9941#62.15#29.82#8.03
-99.1165,25.9955#62.36#29.83#7.81
-99.0657,25.9968#62.57#29.84#7.59
-99.015,25.9982#62.79#29.85#7.36
-98.9642,25.9996#62.95#29.86#7.19
-98.9134,26.0009#63.08#29.86#7.06
-98.8626,26.0022#63.21#29.87#6.92
-98.8118,26.0035#63.35#29.88#6.77
-98.761,26.0048#63.48#29.89#6.63
-98.7102,26.006#63.61#29.9#6.49000000000001
-98.6594,26.0073#63.75#29.91#6.34
-98.6086,26.0085#63.88#29.92#6.19999999999999
-98.5579,26.0097#64.01#29.93#6.06
-98.5071,26.0109#64.14#29.94#5.92
-98.4563,26.012#64.24#29.94#5.82000000000001
-98.4055,26.0132#64.33#29.94#5.73
-98.3547,26.0143#64.42#29.94#5.64
-98.3039,26.0155#64.51#29.94#5.55
-98.2531,26.0166#64.6#29.94#5.46000000000001
-98.2023,26.0177#64.69#29.94#5.37
-98.1515,26.0187#64.78#29.94#5.28
-98.1007,26.0198#64.87#29.94#5.19
-98.0499,26.0208#64.95#29.94#5.11
-97.9991,26.0218#65.04#29.94#5.02
-97.9483,26.0228#65.06#29.94#5
-97.8975,26.0238#65.07#29.93#5
-97.8467,26.0248#65.09#29.93#4.97999999999999
-97.7959,26.0257#65.1#29.93#4.97
-97.745,26.0267#65.12#29.92#4.95999999999999
-97.6942,26.0276#65.13#29.92#4.95
-97.6434,26.0285#65.14#29.92#4.94
-97.5926,26.0294#65.16#29.91#4.93000000000001
-97.5418,26.0302#65.17#29.91#4.92
-97.491,26.0311#65.18#29.91#4.91
-97.4402,26.0319#65.15#29.9#4.94999999999999
-97.3894,26.0327#65.12#29.9#4.97999999999999
-97.3386,26.0335#65.08#29.89#5.03
-97.2878,26.0343#65.05#29.89#5.06
-97.2369,26.0351#65.02#29.88#5.10000000000001
-97.1861,26.0358#64.99#29.88#5.13000000000001
-97.1353,26.0365#64.95#29.87#5.17999999999999
-97.0845,26.0372#64.92#29.87#5.20999999999999
-97.0337,26.0379#64.89#29.87#5.23999999999999
-96.9829,26.0386#64.81#29.86#5.33
-96.932,26.0393#64.65#29.86#5.48999999999999
-96.8812,26.0399#64.49#29.85#5.66
-96.8304,26.0405#64.33#29.85#5.81999999999999
-96.7796,26.0411#64.17#29.84#5.98999999999999
-96.7288,26.0417#64.01#29.84#6.14999999999999
-96.6779,26.0423#63.84#29.83#6.33
-96.6271,26.0429#63.68#29.83#6.49000000000001
-96.5763,26.0434#63.52#29.82#6.66
-96.5255,26.0439#63.35#29.82#6.83
-96.4747,26.0444#63.21#29.81#6.98
-96.4238,26.0449#63.09#29.81#7.09999999999999
-96.373,26.0454#62.96#29.8#7.23999999999999
-96.3222,26.0458#62.83#29.79#7.38
-96.2714,26.0463#62.71#29.79#7.5
-96.2205,26.0467#62.58#29.78#7.64
-96.1697,26.0471#62.46#29.78#7.75999999999999
-96.1189,26.0475#62.33#29.77#7.90000000000001
-96.0681,26.0479#62.2#29.76#8.03999999999999
-96.0172,26.0482#62.08#29.76#8.16
-95.9664,26.0485#61.95#29.75#8.3
-95.9156,26.0489#61.82#29.74#8.44
-95.8648,26.0492#61.69#29.73#8.58
-95.8139,26.0494#61.56#29.72#8.72
-95.7631,26.0497#61.43#29.7#8.87
-95.7123,26.05#61.29#29.69#9.02
-95.6615,26.0502#61.16#29.68#9.16
-95.6106,26.0504#61.03#29.67#9.3
-95.5598,26.0506#60.9#29.66#9.44
-95.509,26.0508#60.77#29.65#9.58
-95.4582,26.0509#60.6#29.63#9.77
-95.4073,26.0511#60.43#29.62#9.95
-95.3565,26.0512#60.25#29.6#10.15
-95.3057,26.0513#60.08#29.59#10.33
-95.2548,26.0514#59.91#29.58#10.51
-95.204,26.0515#59.73#29.56#10.71
-95.1532,26.0516#59.56#29.55#10.89
-95.1024,26.0516#59.39#29.53#11.08
-95.0515,26.0516#59.21#29.52#11.27
-95.0007,26.0516#59.04#29.5#11.46
-94.9499,26.0516#58.87#29.48#11.65
-94.899,26.0516#58.71#29.46#11.83
-94.8482,26.0516#58.54#29.45#12.01
-94.7974,26.0515#58.38#29.43#12.19
-94.7466,26.0514#58.21#29.41#12.38
-94.6957,26.0513#58.05#29.39#12.56
-94.6449,26.0512#57.88#29.37#12.75
-94.5941,26.0511#57.72#29.35#12.93
-94.5433,26.0509#57.55#29.33#13.12
-94.4924,26.0508#57.39#29.31#13.3
-94.4416,26.0506#57.25#29.29#13.46
-94.3908,26.0504#57.1#29.27#13.63
-94.3399,26.0502#56.95#29.26#13.79
-94.2891,26.05#56.81#29.24#13.95
-94.2383,26.0497#56.66#29.22#14.12
-94.1875,26.0495#56.52#29.2#14.28
-94.1366,26.0492#56.37#29.19#14.44
-94.0858,26.0489#56.22#29.17#14.61
-94.035,26.0486#56.08#29.15#14.77
-93.9842,26.0482#55.93#29.13#14.94
-93.9333,26.0479#55.79#29.12#15.09
-93.8825,26.0475#55.65#29.11#15.24
-93.8317,26.0471#55.51#29.1#15.39
-93.7809,26.0467#55.36#29.09#15.55
-93.73,26.0463#55.22#29.08#15.7
-93.6792,26.0459#55.08#29.07#15.85
-93.6284,26.0454#54.94#29.06#16
-93.5776,26.0449#54.79#29.05#16.16
-93.5267,26.0444#54.65#29.04#16.31
-93.4759,26.0439#54.52#29.04#16.44
-93.4251,26.0434#54.41#29.03#16.56
-93.3743,26.0429#54.3#29.02#16.68
-93.3235,26.0423#54.19#29.02#16.79
-93.2726,26.0418#54.07#29.01#16.92
-93.2218,26.0412#53.96#29.01#17.03
-93.171,26.0406#53.85#29#17.15
-93.1202,26.0399#53.74#28.99#17.27
-93.0694,26.0393#53.62#28.99#17.39
-93.0185,26.0386#53.51#28.98#17.51
-92.9677,26.038#53.4#28.98#17.62
-92.9169,26.0373#53.3#28.97#17.73
-92.8661,26.0366#53.19#28.97#17.84
-92.8153,26.0358#53.09#28.97#17.94
-92.7645,26.0351#52.98#28.96#18.06
-92.7137,26.0343#52.88#28.96#18.16
-92.6628,26.0335#52.77#28.95#18.28
-92.612,26.0327#52.67#28.95#18.38
-92.5612,26.0319#52.56#28.95#18.49
-92.5104,26.0311#52.46#28.94#18.6
-92.4596,26.0303#52.36#28.94#18.7
-92.4088,26.0294#52.27#28.94#18.79
-92.358,26.0285#52.18#28.93#18.89
-92.3072,26.0276#52.09#28.93#18.98
-92.2564,26.0267#52#28.93#19.07
-92.2055,26.0258#51.91#28.92#19.17
-92.1547,26.0248#51.82#28.92#19.26
-92.1039,26.0238#51.72#28.92#19.36
-92.0531,26.0229#51.63#28.91#19.46
-92.0023,26.0219#51.54#28.91#19.55
-91.9515,26.0208#51.47#28.91#19.62
-91.9007,26.0198#51.41#28.9#19.69
-91.8499,26.0188#51.34#28.9#19.76
-91.7991,26.0177#51.28#28.9#19.82
-91.7483,26.0166#51.21#28.9#19.89
-91.6975,26.0155#51.15#28.89#19.96
-91.6467,26.0144#51.08#28.89#20.03
-91.5959,26.0132#51.01#28.89#20.1
-91.5451,26.0121#50.95#28.88#20.17
-91.4943,26.0109#50.89#28.88#20.23
-91.4435,26.0097#50.84#28.88#20.28
-91.3928,26.0085#50.8#28.88#20.32
-91.342,26.0073#50.76#28.87#20.37
-91.2912,26.006#50.72#28.87#20.41
-91.2404,26.0048#50.68#28.87#20.45
-91.1896,26.0035#50.64#28.87#20.49
-91.1388,26.0022#50.6#28.86#20.54
-91.088,26.0009#50.56#28.86#20.58
-91.0372,25.9996#50.51#28.86#20.63
-90.9865,25.9982#50.48#28.85#20.67
-90.9357,25.9969#50.46#28.85#20.69
-90.8849,25.9955#50.45#28.85#20.7
-90.8341,25.9941#50.43#28.85#20.72
-90.7833,25.9927#50.42#28.84#20.74
-90.7325,25.9913#50.4#28.84#20.76
-90.6818,25.9898#50.39#28.84#20.77
-90.631,25.9884#50.37#28.84#20.79
-90.5802,25.9869#50.35#28.83#20.82
-90.5294,25.9854#50.34#28.83#20.83
-90.4787,25.9839#50.32#28.83#20.85
-90.4279,25.9823#50.31#28.83#20.86
-90.3771,25.9808#50.3#28.82#20.88
-90.3264,25.9792#50.29#28.82#20.89
-90.2756,25.9776#50.27#28.82#20.91
-90.2248,25.976#50.26#28.82#20.92
-90.1741,25.9744#50.25#28.81#20.94
-90.1233,25.9728#50.23#28.81#20.96
-90.0725,25.9711#50.22#28.81#20.97
-90.0218,25.9695#50.21#28.81#20.98
-89.971,25.9678#50.21#28.8#20.99
-89.9203,25.9661#50.21#28.8#20.99
-89.8695,25.9644#50.22#28.8#20.98
-89.8188,25.9626#50.23#28.79#20.98
-89.768,25.9609#50.24#28.79#20.97
-89.7172,25.9591#50.25#28.79#20.96
-89.6665,25.9573#50.25#28.79#20.96
-89.6158,25.9555#50.26#28.78#20.96
-89.565,25.9537#50.27#28.78#20.95
-89.5143,25.9519#50.27#28.78#20.95
-89.4635,25.95#50.29#28.78#20.93
-89.4128,25.9481#50.3#28.77#20.93
-89.362,25.9462#50.32#28.77#20.91
-89.3113,25.9443#50.33#28.77#20.9
-89.2606,25.9424#50.35#28.77#20.88
-89.2098,25.9405#50.37#28.76#20.87
-89.1591,25.9385#50.38#28.76#20.86
-89.1083,25.9365#50.4#28.76#20.84
-89.0576,25.9345#50.41#28.75#20.84
-89.0069,25.9325#50.42#28.75#20.83
-88.9562,25.9305#50.44#28.75#20.81
-88.9054,25.9285#50.46#28.75#20.79
-88.8547,25.9264#50.48#28.74#20.78
-88.804,25.9243#50.5#28.74#20.76
-88.7533,25.9222#50.52#28.74#20.74
-88.7025,25.9201#50.54#28.73#20.73
-88.6518,25.918#50.56#28.73#20.71
-88.6011,25.9158#50.58#28.73#20.69
-88.5504,25.9137#50.6#28.73#20.67
-88.4997,25.9115#50.62#28.72#20.66
-88.449,25.9093#50.65#28.72#20.63
-88.3983,25.9071#50.67#28.72#20.61
-88.3476,25.9049#50.69#28.71#20.6
-88.2969,25.9026#50.71#28.71#20.58
-88.2462,25.9003#50.74#28.71#20.55
-102.67,25.9022#44.62#29.94#25.44
-102.62,25.9048#44.84#30#25.16
-102.569,25.9073#45.05#30.06#24.89
-102.518,25.9099#45.27#30.11#24.62
-102.468,25.9124#45.49#30.17#24.34
-102.417,25.9149#45.73#30.23#24.04
-102.366,25.9174#45.96#30.29#23.75
-102.316,25.9198#46.2#30.35#23.45
-102.265,25.9223#46.44#30.41#23.15
-102.214,25.9247#46.67#30.47#22.86
-102.163,25.9272#46.91#30.53#22.56
-102.113,25.9296#47.14#30.58#22.28
-102.062,25.9319#47.38#30.64#21.98
-102.011,25.9343#47.62#30.7#21.68
-101.961,25.9367#47.88#30.72#21.4
-101.91,25.939#48.14#30.74#21.12
-101.859,25.9413#48.41#30.75#20.84
-101.809,25.9436#48.68#30.77#20.55
-101.758,25.9459#48.94#30.78#20.28
-101.707,25.9482#49.21#30.8#19.99
-101.656,25.9504#49.48#30.81#19.71
-101.606,25.9527#49.75#30.82#19.43
-101.555,25.9549#50.02#30.83#19.15
-101.504,25.9571#50.29#30.85#18.86
-101.453,25.9593#50.62#30.83#18.55
-101.403,25.9614#50.96#30.81#18.23
-101.352,25.9636#51.29#30.8#17.91
-101.301,25.9657#51.63#30.78#17.59
-101.25,25.9678#51.96#30.76#17.28
-101.2,25.9699#52.3#30.74#16.96
-101.149,25.972#52.64#30.72#16.64
-101.098,25.974#52.97#30.7#16.33
-101.048,25.9761#53.31#30.68#16.01
-100.997,25.9781#53.65#30.66#15.69
-100.946,25.9801#53.93#30.61#15.46
-100.895,25.9821#54.21#30.57#15.22
-100.845,25.9841#54.5#30.52#14.98
-100.794,25.9861#54.78#30.47#14.75
-100.743,25.988#55.07#30.42#14.51
-100.692,25.9899#55.35#30.38#14.27
-100.641,25.9918#55.64#30.33#14.03
-100.591,25.9937#55.92#30.28#13.8
-100.54,25.9956#56.21#30.23#13.56
-100.489,25.9975#56.48#30.19#13.33
-100.438,25.9993#56.72#30.15#13.13
-100.388,26.0011#56.96#30.11#12.93
-100.337,26.0029#57.2#30.07#12.73
-100.286,26.0047#57.44#30.03#12.53
-100.235,26.0065#57.68#29.99#12.33
-100.185,26.0082#57.92#29.96#12.12
-100.134,26.01#58.16#29.92#11.92
-100.083,26.0117#58.41#29.88#11.71
-100.032,26.0134#58.65#29.84#11.51
-99.9815,26.0151#58.9#29.82#11.28
-99.9307,26.0168#59.14#29.81#11.05
-99.8799,26.0184#59.39#29.8#10.81
-99.8291,26.02#59.63#29.8#10.57
-99.7784,26.0217#59.88#29.79#10.33
-99.7276,26.0233#60.13#29.78#10.09
-99.6768,26.0248#60.38#29.78#9.84
-99.626,26.0264#60.63#29.77#9.59999999999999
-99.5752,26.028#60.88#29.77#9.34999999999999
-99.5244,26.0295#61.13#29.76#9.11
-99.4736,26.031#61.36#29.76#8.88
-99.4228,26.0325#61.58#29.77#8.65000000000001
-99.372,26.034#61.8#29.78#8.42
-99.3213,26.0354#62.01#29.78#8.21000000000001
-99.2705,26.0369#62.23#29.79#7.98
-99.2197,26.0383#62.44#29.8#7.76000000000001
-99.1689,26.0397#62.66#29.81#7.53
-99.1181,26.0411#62.88#29.81#7.31
-99.0673,26.0425#63.09#29.82#7.09
-99.0165,26.0439#63.31#29.83#6.86
-98.9657,26.0452#63.47#29.84#6.69
-98.9149,26.0465#63.6#29.85#6.55
-98.864,26.0479#63.73#29.86#6.41
-98.8132,26.0491#63.86#29.87#6.27
-98.7624,26.0504#63.99#29.88#6.13
-98.7116,26.0517#64.12#29.89#5.98999999999999
-98.6608,26.0529#64.25#29.9#5.84999999999999
-98.61,26.0541#64.38#29.91#5.71000000000001
-98.5592,26.0554#64.51#29.92#5.56999999999999
-98.5084,26.0565#64.64#29.93#5.43000000000001
-98.4576,26.0577#64.74#29.93#5.33000000000001
-98.4067,26.0589#64.83#29.93#5.24000000000001
-98.3559,26.06#64.92#29.93#5.15000000000001
-98.3051,26.0611#65.01#29.94#5.05
-98.2543,26.0622#65.09#29.94#4.97
-98.2035,26.0633#65.18#29.94#4.88
-98.1527,26.0644#65.27#29.94#4.79000000000001
-98.1018,26.0654#65.36#29.94#4.7
-98.051,26.0665#65.45#29.94#4.61
-98.0002,26.0675#65.54#29.95#4.50999999999999
-97.9494,26.0685#65.56#29.94#4.5
-97.8986,26.0695#65.58#29.94#4.48
-97.8477,26.0705#65.6#29.94#4.46000000000001
-97.7969,26.0714#65.62#29.93#4.44999999999999
-97.7461,26.0723#65.64#29.93#4.43000000000001
-97.6953,26.0733#65.66#29.93#4.41
-97.6444,26.0742#65.68#29.92#4.39999999999999
-97.5936,26.075#65.7#29.92#4.38
-97.5428,26.0759#65.72#29.92#4.36
-97.4919,26.0767#65.73#29.91#4.36
-97.4411,26.0776#65.7#29.91#4.39
-97.3903,26.0784#65.66#29.91#4.43000000000001
-97.3394,26.0792#65.63#29.9#4.47
-97.2886,26.08#65.6#29.9#4.5
-97.2378,26.0807#65.57#29.89#4.54000000000001
-97.1869,26.0815#65.53#29.89#4.58
-97.1361,26.0822#65.5#29.88#4.62
-97.0853,26.0829#65.47#29.88#4.65000000000001
-97.0344,26.0836#65.43#29.87#4.69999999999999
-96.9836,26.0843#65.36#29.87#4.77
-96.9328,26.0849#65.19#29.87#4.94
-96.8819,26.0856#65.02#29.86#5.12
-96.8311,26.0862#64.85#29.86#5.29000000000001
-96.7803,26.0868#64.67#29.85#5.47999999999999
-96.7294,26.0874#64.5#29.85#5.65000000000001
-96.6786,26.088#64.33#29.84#5.83
-96.6277,26.0885#64.16#29.84#6
-96.5769,26.0891#63.98#29.83#6.19
-96.5261,26.0896#63.81#29.83#6.36
-96.4752,26.0901#63.66#29.82#6.52000000000001
-96.4244,26.0906#63.53#29.82#6.65000000000001
-96.3735,26.0911#63.4#29.81#6.79000000000001
-96.3227,26.0915#63.27#29.8#6.92999999999999
-96.2718,26.092#63.14#29.8#7.06
-96.221,26.0924#63#29.79#7.21000000000001
-96.1702,26.0928#62.87#29.79#7.34
-96.1193,26.0932#62.74#29.78#7.47999999999999
-96.0685,26.0935#62.61#29.78#7.61
-96.0176,26.0939#62.48#29.77#7.75
-95.9668,26.0942#62.34#29.76#7.89999999999999
-95.9159,26.0945#62.2#29.75#8.05
-95.8651,26.0948#62.07#29.74#8.19
-95.8142,26.0951#61.93#29.73#8.34
-95.7634,26.0954#61.79#29.72#8.49000000000001
-95.7126,26.0956#61.65#29.71#8.64
-95.6617,26.0959#61.52#29.7#8.78
-95.6109,26.0961#61.38#29.69#8.92999999999999
-95.56,26.0963#61.24#29.68#9.08
-95.5092,26.0965#61.1#29.67#9.22999999999999
-95.4583,26.0966#60.93#29.65#9.42
-95.4075,26.0968#60.75#29.64#9.61
-95.3566,26.0969#60.58#29.62#9.8
-95.3058,26.097#60.4#29.61#9.99000000000001
-95.2549,26.0971#60.22#29.6#10.18
-95.2041,26.0972#60.05#29.58#10.37
-95.1532,26.0972#59.87#29.57#10.56
-95.1024,26.0973#59.69#29.55#10.76
-95.0515,26.0973#59.51#29.54#10.95
-95.0007,26.0973#59.34#29.52#11.14
-94.9499,26.0973#59.17#29.51#11.32
-94.899,26.0973#59#29.49#11.51
-94.8482,26.0972#58.83#29.47#11.7
-94.7973,26.0972#58.66#29.45#11.89
-94.7465,26.0971#58.5#29.43#12.07
-94.6956,26.097#58.33#29.41#12.26
-94.6448,26.0969#58.16#29.39#12.45
-94.5939,26.0968#57.99#29.37#12.64
-94.5431,26.0966#57.82#29.36#12.82
-94.4922,26.0965#57.66#29.34#13
-94.4414,26.0963#57.51#29.32#13.17
-94.3905,26.0961#57.36#29.3#13.34
-94.3397,26.0959#57.22#29.28#13.5
-94.2888,26.0956#57.07#29.26#13.67
-94.238,26.0954#56.92#29.25#13.83
-94.1872,26.0951#56.77#29.23#14
-94.1363,26.0948#56.63#29.21#14.16
-94.0855,26.0945#56.48#29.19#14.33
-94.0346,26.0942#56.33#29.17#14.5
-93.9838,26.0939#56.19#29.16#14.65
-93.9329,26.0935#56.04#29.14#14.82
-93.8821,26.0932#55.9#29.13#14.97
-93.8312,26.0928#55.76#29.12#15.12
-93.7804,26.0924#55.61#29.11#15.28
-93.7296,26.092#55.47#29.1#15.43
-93.6787,26.0915#55.33#29.09#15.58
-93.6279,26.0911#55.18#29.08#15.74
-93.577,26.0906#55.04#29.07#15.89
-93.5262,26.0901#54.9#29.06#16.04
-93.4754,26.0896#54.77#29.05#16.18
-93.4245,26.0891#54.65#29.04#16.31
-93.3737,26.0886#54.54#29.04#16.42
-93.3228,26.088#54.42#29.03#16.55
-93.272,26.0874#54.31#29.03#16.66
-93.2212,26.0868#54.19#29.02#16.79
-93.1703,26.0862#54.08#29.01#16.91
-93.1195,26.0856#53.97#29.01#17.02
-93.0686,26.085#53.85#29#17.15
-93.0178,26.0843#53.74#28.99#17.27
-92.967,26.0836#53.63#28.99#17.38
-92.9161,26.0829#53.52#28.99#17.49
-92.8653,26.0822#53.42#28.98#17.6
-92.8145,26.0815#53.31#28.98#17.71
-92.7636,26.0808#53.21#28.97#17.82
-92.7128,26.08#53.1#28.97#17.93
-92.662,26.0792#52.99#28.97#18.04
-92.6111,26.0784#52.89#28.96#18.15
-92.5603,26.0776#52.78#28.96#18.26
-92.5095,26.0768#52.67#28.95#18.38
-92.4586,26.0759#52.58#28.95#18.47
-92.4078,26.0751#52.49#28.95#18.56
-92.357,26.0742#52.4#28.94#18.66
-92.3062,26.0733#52.31#28.94#18.75
-92.2553,26.0724#52.21#28.94#18.85
-92.2045,26.0714#52.12#28.93#18.95
-92.1537,26.0705#52.03#28.93#19.04
-92.1029,26.0695#51.94#28.93#19.13
-92.052,26.0685#51.85#28.92#19.23
-92.0012,26.0675#51.76#28.92#19.32
-91.9504,26.0665#51.69#28.92#19.39
-91.8996,26.0655#51.62#28.91#19.47
-91.8487,26.0644#51.55#28.91#19.54
-91.7979,26.0634#51.49#28.91#19.6
-91.7471,26.0623#51.42#28.9#19.68
-91.6963,26.0612#51.35#28.9#19.75
-91.6455,26.06#51.28#28.9#19.82
-91.5947,26.0589#51.22#28.9#19.88
-91.5438,26.0577#51.15#28.89#19.96
-91.493,26.0566#51.09#28.89#20.02
-91.4422,26.0554#51.04#28.89#20.07
-91.3914,26.0542#51#28.89#20.11
-91.3406,26.053#50.96#28.88#20.16
-91.2898,26.0517#50.92#28.88#20.2
-91.239,26.0505#50.88#28.88#20.24
-91.1882,26.0492#50.84#28.87#20.29
-91.1374,26.0479#50.79#28.87#20.34
-91.0866,26.0466#50.75#28.87#20.38
-91.0357,26.0453#50.71#28.87#20.42
-90.9849,26.0439#50.68#28.86#20.46
-90.9341,26.0425#50.66#28.86#20.48
-90.8833,26.0412#50.65#28.86#20.49
-90.8325,26.0398#50.63#28.86#20.51
-90.7817,26.0384#50.62#28.85#20.53
-90.7309,26.0369#50.6#28.85#20.55
-90.6802,26.0355#50.59#28.85#20.56
-90.6294,26.034#50.57#28.84#20.59
-90.5786,26.0325#50.56#28.84#20.6
-90.5278,26.031#50.54#28.84#20.62
-90.477,26.0295#50.53#28.84#20.63
-90.4262,26.028#50.52#28.83#20.65
-90.3754,26.0265#50.5#28.83#20.67
-90.3246,26.0249#50.49#28.83#20.68
-90.2738,26.0233#50.48#28.83#20.69
-90.223,26.0217#50.47#28.82#20.71
-90.1723,26.0201#50.46#28.82#20.72
-90.1215,26.0184#50.45#28.82#20.73
-90.0707,26.0168#50.43#28.82#20.75
-90.0199,26.0151#50.42#28.81#20.77
-89.9691,26.0134#50.42#28.81#20.77
-89.9184,26.0117#50.43#28.81#20.76
-89.8676,26.01#50.44#28.81#20.75
-89.8168,26.0083#50.45#28.8#20.75
-89.766,26.0065#50.46#28.8#20.74
-89.7153,26.0048#50.46#28.8#20.74
-89.6645,26.003#50.47#28.79#20.74
-89.6137,26.0012#50.48#28.79#20.73
-89.563,25.9993#50.49#28.79#20.72
-89.5122,25.9975#50.5#28.79#20.71
-89.4614,25.9956#50.51#28.78#20.71
-89.4107,25.9938#50.53#28.78#20.69
-89.3599,25.9919#50.54#28.78#20.68
-89.3092,25.99#50.56#28.78#20.66
-89.2584,25.9881#50.57#28.77#20.66
-89.2076,25.9861#50.59#28.77#20.64
-89.1569,25.9842#50.61#28.77#20.62
-89.1061,25.9822#50.62#28.76#20.62
-89.0554,25.9802#50.64#28.76#20.6
-89.0046,25.9782#50.65#28.76#20.59
-88.9539,25.9761#50.67#28.76#20.57
-88.9031,25.9741#50.69#28.75#20.56
-88.8524,25.972#50.71#28.75#20.54
-88.8017,25.97#50.73#28.75#20.52
-88.7509,25.9679#50.75#28.74#20.51
-88.7002,25.9658#50.77#28.74#20.49
-88.6494,25.9636#50.79#28.74#20.47
-88.5987,25.9615#50.81#28.74#20.45
-88.548,25.9593#50.83#28.73#20.44
-88.4972,25.9571#50.85#28.73#20.42
-88.4465,25.9549#50.88#28.73#20.39
-88.3958,25.9527#50.9#28.72#20.38
-88.3451,25.9505#50.92#28.72#20.36
-88.2943,25.9482#50.95#28.72#20.33
-88.2436,25.946#50.97#28.72#20.31
-88.1929,25.9437#50.99#28.71#20.3
-88.1422,25.9414#51.01#28.71#20.28
-88.0915,25.9391#51.04#28.71#20.25
-88.0408,25.9367#51.06#28.7#20.24
-87.99,25.9344#51.08#28.7#20.22
-87.9393,25.932#51.11#28.7#20.19
-87.8886,25.9296#51.14#28.69#20.17
-87.8379,25.9272#51.17#28.69#20.14
-87.7872,25.9248#51.2#28.69#20.11
-87.7365,25.9224#51.23#28.69#20.08
-87.6858,25.9199#51.26#28.68#20.06
-87.6351,25.9174#51.29#28.68#20.03
-87.5844,25.915#51.32#28.68#20
-87.5337,25.9125#51.35#28.67#19.98
-87.483,25.9099#51.38#28.67#19.95
-87.4323,25.9074#51.42#28.67#19.91
-87.3816,25.9048#51.45#28.66#19.89
-87.331,25.9023#51.49#28.66#19.85
-103.535,25.9014#41.19#29.35#29.46
-103.484,25.9043#41.41#29.37#29.22
-103.434,25.9071#41.61#29.4#28.99
-103.383,25.91#41.8#29.42#28.78
-103.332,25.9128#42#29.45#28.55
-103.282,25.9156#42.2#29.48#28.32
-103.231,25.9184#42.4#29.51#28.09
-103.18,25.9211#42.6#29.54#27.86
-103.13,25.9239#42.79#29.57#27.64
-103.079,25.9266#42.99#29.6#27.41
-103.028,25.9293#43.19#29.63#27.18
-102.977,25.932#43.4#29.68#26.92
-102.927,25.9347#43.61#29.73#26.66
-102.876,25.9373#43.83#29.79#26.38
-102.825,25.94#44.05#29.85#26.1
-102.775,25.9426#44.26#29.9#25.84
-102.724,25.9452#44.48#29.96#25.56
-102.673,25.9478#44.69#30.02#25.29
-102.623,25.9504#44.91#30.07#25.02
-102.572,25.9529#45.12#30.13#24.75
-102.521,25.9555#45.34#30.19#24.47
-102.47,25.958#45.57#30.24#24.19
-102.42,25.9605#45.81#30.3#23.89
-102.369,25.963#46.04#30.35#23.61
-102.318,25.9655#46.28#30.41#23.31
-102.268,25.9679#46.52#30.46#23.02
-102.217,25.9704#46.76#30.52#22.72
-102.166,25.9728#47#30.57#22.43
-102.115,25.9752#47.24#30.63#22.13
-102.065,25.9776#47.48#30.68#21.84
-102.014,25.9799#47.72#30.73#21.55
-101.963,25.9823#47.98#30.75#21.27
-101.913,25.9846#48.25#30.77#20.98
-101.862,25.9869#48.53#30.78#20.69
-101.811,25.9892#48.8#30.79#20.41
-101.76,25.9915#49.08#30.8#20.12
-101.71,25.9938#49.35#30.81#19.84
-101.659,25.996#49.63#30.82#19.55
-101.608,25.9983#49.91#30.83#19.26
-101.557,26.0005#50.18#30.84#18.98
-101.507,26.0027#50.46#30.85#18.69
-101.456,26.0049#50.79#30.84#18.37
-101.405,26.007#51.13#30.81#18.06
-101.354,26.0092#51.47#30.79#17.74
-101.304,26.0113#51.81#30.77#17.42
-101.253,26.0134#52.15#30.75#17.1
-101.202,26.0155#52.49#30.73#16.78
-101.151,26.0176#52.83#30.7#16.47
-101.101,26.0197#53.17#30.68#16.15
-101.05,26.0217#53.52#30.66#15.82
-100.999,26.0238#53.86#30.63#15.51
-100.948,26.0258#54.14#30.59#15.27
-100.897,26.0278#54.43#30.54#15.03
-100.847,26.0297#54.72#30.49#14.79
-100.796,26.0317#55#30.44#14.56
-100.745,26.0336#55.29#30.39#14.32
-100.694,26.0356#55.58#30.34#14.08
-100.644,26.0375#55.86#30.29#13.85
-100.593,26.0394#56.15#30.24#13.61
-100.542,26.0412#56.44#30.2#13.36
-100.491,26.0431#56.72#30.15#13.13
-100.44,26.0449#56.97#30.11#12.92
-100.39,26.0468#57.22#30.07#12.71
-100.339,26.0486#57.47#30.04#12.49
-100.288,26.0504#57.72#30#12.28
-100.237,26.0521#57.97#29.97#12.06
-100.187,26.0539#58.23#29.93#11.84
-100.136,26.0556#58.48#29.89#11.63
-100.085,26.0573#58.73#29.86#11.41
-100.034,26.059#58.99#29.82#11.19
-99.9834,26.0607#59.25#29.8#10.95
-99.9326,26.0624#59.5#29.79#10.71
-99.8818,26.0641#59.77#29.79#10.44
-99.831,26.0657#60.03#29.78#10.19
-99.7802,26.0673#60.29#29.77#9.94
-99.7294,26.0689#60.55#29.77#9.68000000000001
-99.6785,26.0705#60.82#29.76#9.42
-99.6277,26.0721#61.08#29.76#9.16
-99.5769,26.0736#61.35#29.75#8.90000000000001
-99.5261,26.0751#61.61#29.74#8.65000000000001
-99.4753,26.0767#61.86#29.74#8.40000000000001
-99.4245,26.0782#62.08#29.75#8.17
-99.3737,26.0796#62.29#29.76#7.95
