-97.1053,24.3007#50.12#28.51#21.37
-97.0552,24.3014#50.08#28.48#21.44
-97.0051,24.302#50.04#28.45#21.51
-96.955,24.3027#49.99#28.42#21.59
-96.9049,24.3034#49.93#28.39#21.68
-96.8548,24.304#49.88#28.36#21.76
-96.8047,24.3046#49.82#28.33#21.85
-96.7546,24.3052#49.77#28.31#21.92
-96.7045,24.3058#49.71#28.28#22.01
-96.6544,24.3064#49.66#28.25#22.09
-96.6043,24.3069#49.6#28.22#22.18
-96.5542,24.3074#49.55#28.19#22.26
-96.504,24.3079#49.49#28.16#22.35
-96.4539,24.3084#49.44#28.12#22.44
-96.4038,24.3089#49.38#28.08#22.54
-96.3537,24.3094#49.32#28.05#22.63
-96.3036,24.3098#49.27#28.01#22.72
-96.2535,24.3103#49.21#27.97#22.82
-96.2034,24.3107#49.15#27.93#22.92
-96.1533,24.3111#49.1#27.89#23.01
-96.1032,24.3115#49.04#27.86#23.1
-96.0531,24.3118#48.98#27.82#23.2
-96.003,24.3122#48.93#27.78#23.29
-95.9528,24.3125#48.86#27.76#23.38
-95.9027,24.3128#48.8#27.73#23.47
-95.8526,24.3131#48.74#27.71#23.55
-95.8025,24.3134#48.68#27.69#23.63
-95.7524,24.3136#48.61#27.67#23.72
-95.7023,24.3139#48.55#27.65#23.8
-95.6522,24.3141#48.49#27.62#23.89
-95.6021,24.3143#48.43#27.6#23.97
-95.5519,24.3145#48.36#27.58#24.06
-95.5018,24.3147#48.3#27.56#24.14
-95.4517,24.3149#48.24#27.55#24.21
-95.4016,24.315#48.18#27.54#24.28
-95.3515,24.3151#48.12#27.53#24.35
-95.3014,24.3152#48.06#27.53#24.41
-95.2513,24.3153#48#27.52#24.48
-95.2011,24.3154#47.94#27.51#24.55
-95.151,24.3155#47.88#27.5#24.62
-95.1009,24.3155#47.82#27.5#24.68
-95.0508,24.3155#47.76#27.49#24.75
-95.0007,24.3156#47.7#27.48#24.82
-94.9506,24.3155#47.62#27.48#24.9
-94.9005,24.3155#47.53#27.48#24.99
-94.8504,24.3155#47.45#27.47#25.08
-94.8002,24.3154#47.36#27.47#25.17
-94.7501,24.3153#47.28#27.47#25.25
-94.7,24.3152#47.19#27.47#25.34
-94.6499,24.3151#47.1#27.46#25.44
-94.5998,24.315#47.02#27.46#25.52
-94.5497,24.3149#46.93#27.46#25.61
-94.4996,24.3147#46.85#27.45#25.7
-94.4494,24.3145#46.76#27.45#25.79
-94.3993,24.3143#46.67#27.45#25.88
-94.3492,24.3141#46.59#27.45#25.96
-94.2991,24.3139#46.5#27.45#26.05
-94.249,24.3137#46.42#27.45#26.13
-94.1989,24.3134#46.33#27.45#26.22
-94.1488,24.3131#46.24#27.45#26.31
-94.0987,24.3128#46.16#27.45#26.39
-94.0485,24.3125#46.07#27.45#26.48
-93.9984,24.3122#45.98#27.45#26.57
-93.9483,24.3118#45.92#27.45#26.63
-93.8982,24.3115#45.85#27.45#26.7
-93.8481,24.3111#45.79#27.45#26.76
-93.798,24.3107#45.72#27.45#26.83
-93.7479,24.3103#45.66#27.45#26.89
-93.6978,24.3099#45.59#27.45#26.96
-93.6477,24.3094#45.53#27.45#27.02
-93.5976,24.3089#45.46#27.45#27.09
-93.5474,24.3085#45.4#27.45#27.15
-93.4973,24.308#45.33#27.45#27.22
-93.4472,24.3074#45.27#27.45#27.28
-93.3971,24.3069#45.2#27.45#27.35
-93.347,24.3064#45.13#27.45#27.42
-93.2969,24.3058#45.07#27.45#27.48
-93.2468,24.3052#45#27.45#27.55
-93.1967,24.3046#44.94#27.45#27.61
-93.1466,24.304#44.87#27.45#27.68
-93.0965,24.3034#44.81#27.45#27.74
-93.0464,24.3027#44.74#27.45#27.81
-92.9963,24.3021#44.68#27.45#27.87
-92.9462,24.3014#44.62#27.45#27.93
-92.8961,24.3007#44.56#27.45#27.99
-92.846,24.3#44.5#27.45#28.05
-99.2605,24.3002#49.11#30.44#20.45
-99.2105,24.3017#49.2#30.39#20.41
-99.1604,24.3031#49.3#30.33#20.37
-99.1103,24.3045#49.39#30.27#20.34
-99.0602,24.3058#49.48#30.21#20.31
-99.0101,24.3072#49.58#30.15#20.27
-98.96,24.3085#49.66#30.08#20.26
-98.9099,24.3099#49.73#29.99#20.28
-98.8598,24.3112#49.81#29.91#20.28
-98.8098,24.3125#49.89#29.83#20.28
-98.7597,24.3137#49.96#29.74#20.3
-98.7096,24.315#50.04#29.66#20.3
-98.6595,24.3162#50.12#29.58#20.3
-98.6094,24.3175#50.19#29.49#20.32
-98.5593,24.3187#50.27#29.41#20.32
-98.5092,24.3199#50.35#29.33#20.32
-98.4591,24.321#50.4#29.28#20.32
-98.409,24.3222#50.45#29.25#20.3
-98.3589,24.3233#50.5#29.21#20.29
-98.3088,24.3244#50.55#29.17#20.28
-98.2587,24.3256#50.6#29.14#20.26
-98.2086,24.3266#50.64#29.1#20.26
-98.1585,24.3277#50.69#29.07#20.24
-98.1084,24.3288#50.74#29.04#20.22
-98.0583,24.3298#50.79#29#20.21
-98.0081,24.3308#50.84#28.97#20.19
-97.958,24.3318#50.84#28.94#20.22
-97.9079,24.3328#50.82#28.92#20.26
-97.8578,24.3338#50.81#28.9#20.29
-97.8077,24.3347#50.8#28.88#20.32
-97.7576,24.3357#50.79#28.85#20.36
-97.7075,24.3366#50.77#28.83#20.4
-97.6574,24.3375#50.76#28.81#20.43
-97.6073,24.3384#50.75#28.79#20.46
-97.5571,24.3393#50.73#28.77#20.5
-97.507,24.3401#50.72#28.74#20.54
-97.4569,24.341#50.69#28.72#20.59
-97.4068,24.3418#50.65#28.69#20.66
-97.3567,24.3426#50.61#28.66#20.73
-97.3066,24.3434#50.57#28.63#20.8
-97.2564,24.3441#50.53#28.61#20.86
-97.2063,24.3449#50.5#28.58#20.92
-97.1562,24.3456#50.46#28.55#20.99
-97.1061,24.3463#50.42#28.53#21.05
-97.056,24.347#50.38#28.5#21.12
-97.0058,24.3477#50.34#28.47#21.19
-96.9557,24.3484#50.29#28.44#21.27
-96.9056,24.349#50.23#28.42#21.35
-96.8555,24.3497#50.18#28.39#21.43
-96.8054,24.3503#50.12#28.36#21.52
-96.7552,24.3509#50.06#28.33#21.61
-96.7051,24.3515#50.01#28.31#21.68
-96.655,24.352#49.95#28.28#21.77
-96.6049,24.3526#49.89#28.25#21.86
-96.5547,24.3531#49.84#28.22#21.94
-96.5046,24.3536#49.78#28.2#22.02
-96.4545,24.3541#49.72#28.16#22.12
-96.4044,24.3546#49.67#28.12#22.21
-96.3542,24.3551#49.61#28.08#22.31
-96.3041,24.3555#49.55#28.04#22.41
-96.254,24.356#49.5#28#22.5
-96.2038,24.3564#49.44#27.96#22.6
-96.1537,24.3568#49.38#27.92#22.7
-96.1036,24.3571#49.33#27.88#22.79
-96.0535,24.3575#49.27#27.85#22.88
-96.0033,24.3579#49.21#27.81#22.98
-95.9532,24.3582#49.15#27.78#23.07
-95.9031,24.3585#49.09#27.76#23.15
-95.8529,24.3588#49.02#27.73#23.25
-95.8028,24.3591#48.96#27.71#23.33
-95.7527,24.3593#48.9#27.69#23.41
-95.7025,24.3596#48.84#27.66#23.5
-95.6524,24.3598#48.77#27.64#23.59
-95.6023,24.36#48.71#27.62#23.67
-95.5521,24.3602#48.64#27.59#23.77
-95.502,24.3604#48.58#27.57#23.85
-95.4519,24.3606#48.52#27.56#23.92
-95.4018,24.3607#48.46#27.55#23.99
-95.3516,24.3608#48.4#27.55#24.05
-95.3015,24.3609#48.34#27.54#24.12
-95.2514,24.361#48.28#27.53#24.19
-95.2012,24.3611#48.22#27.52#24.26
-95.1511,24.3612#48.16#27.52#24.32
-95.101,24.3612#48.1#27.51#24.39
-95.0508,24.3612#48.04#27.5#24.46
-95.0007,24.3612#47.98#27.49#24.53
-94.9506,24.3612#47.9#27.49#24.61
-94.9004,24.3612#47.81#27.49#24.7
-94.8503,24.3612#47.72#27.48#24.8
-94.8002,24.3611#47.63#27.48#24.89
-94.75,24.361#47.55#27.48#24.97
-94.6999,24.3609#47.46#27.48#25.06
-94.6498,24.3608#47.37#27.47#25.16
-94.5996,24.3607#47.28#27.47#25.25
-94.5495,24.3606#47.2#27.47#25.33
-94.4994,24.3604#47.11#27.46#25.43
-94.4492,24.3602#47.02#27.46#25.52
-94.3991,24.36#46.93#27.46#25.61
-94.349,24.3598#46.84#27.46#25.7
-94.2988,24.3596#46.76#27.46#25.78
-94.2487,24.3593#46.67#27.46#25.87
-94.1986,24.3591#46.58#27.46#25.96
-94.1485,24.3588#46.49#27.46#26.05
-94.0983,24.3585#46.4#27.46#26.14
-94.0482,24.3582#46.31#27.46#26.23
-93.9981,24.3579#46.23#27.45#26.32
-93.9479,24.3575#46.16#27.45#26.39
-93.8978,24.3572#46.09#27.45#26.46
-93.8477,24.3568#46.03#27.45#26.52
-93.7975,24.3564#45.96#27.45#26.59
-93.7474,24.356#45.9#27.45#26.65
-93.6973,24.3555#45.83#27.45#26.72
-93.6472,24.3551#45.76#27.45#26.79
-93.597,24.3546#45.7#27.45#26.85
-93.5469,24.3541#45.63#27.45#26.92
-93.4968,24.3536#45.56#27.45#26.99
-93.4467,24.3531#45.5#27.45#27.05
-93.3965,24.3526#45.43#27.45#27.12
-93.3464,24.352#45.36#27.45#27.19
-93.2963,24.3515#45.3#27.45#27.25
-93.2462,24.3509#45.23#27.46#27.31
-93.196,24.3503#45.17#27.46#27.37
-93.1459,24.3497#45.1#27.46#27.44
-93.0958,24.3491#45.03#27.46#27.51
-93.0457,24.3484#44.97#27.46#27.57
-92.9955,24.3477#44.9#27.46#27.64
-92.9454,24.3471#44.84#27.46#27.7
-92.8953,24.3464#44.78#27.46#27.76
-92.8452,24.3456#44.72#27.46#27.82
-92.7951,24.3449#44.66#27.46#27.88
-92.7449,24.3441#44.6#27.46#27.94
-92.6948,24.3434#44.54#27.46#28
-92.6447,24.3426#44.48#27.46#28.06
-92.5946,24.3418#44.42#27.46#28.12
-92.5445,24.341#44.35#27.46#28.19
-92.4944,24.3401#44.3#27.46#28.24
-92.4442,24.3393#44.24#27.46#28.3
-92.3941,24.3384#44.19#27.46#28.35
-92.344,24.3375#44.14#27.46#28.4
-92.2939,24.3366#44.09#27.46#28.45
-92.2438,24.3357#44.04#27.46#28.5
-92.1937,24.3348#43.99#27.46#28.55
-92.1436,24.3338#43.94#27.46#28.6
-92.0935,24.3328#43.89#27.46#28.65
-92.0433,24.3319#43.84#27.46#28.7
-91.9932,24.3309#43.79#27.46#28.75
-91.9431,24.3298#43.75#27.47#28.78
-91.893,24.3288#43.71#27.47#28.82
-91.8429,24.3277#43.67#27.47#28.86
-91.7928,24.3267#43.62#27.47#28.91
-91.7427,24.3256#43.58#27.47#28.95
-91.6926,24.3245#43.54#27.47#28.99
-91.6425,24.3234#43.5#27.47#29.03
-91.5924,24.3222#43.46#27.47#29.07
-91.5423,24.3211#43.41#27.47#29.12
-91.4922,24.3199#43.37#27.47#29.16
-91.4421,24.3187#43.34#27.47#29.19
-91.392,24.3175#43.31#27.47#29.22
-91.3419,24.3163#43.28#27.47#29.25
-91.2918,24.315#43.25#27.47#29.28
-91.2417,24.3138#43.22#27.47#29.31
-91.1916,24.3125#43.18#27.47#29.35
-91.1415,24.3112#43.15#27.47#29.38
-91.0914,24.3099#43.12#27.47#29.41
-91.0414,24.3086#43.09#27.47#29.44
-90.9913,24.3072#43.06#27.47#29.47
-90.9412,24.3059#43.04#27.47#29.49
-90.8911,24.3045#43.01#27.47#29.52
-90.841,24.3031#42.99#27.47#29.54
-90.7909,24.3017#42.97#27.47#29.56
-90.7408,24.3003#42.94#27.47#29.59
-100.614,24.301#46.09#29.87#24.04
-100.564,24.3029#46.26#30#23.74
-100.514,24.3047#46.43#30.13#23.44
-100.464,24.3066#46.57#30.21#23.22
-100.414,24.3084#46.7#30.27#23.03
-100.364,24.3102#46.83#30.33#22.84
-100.314,24.312#46.96#30.39#22.65
-100.264,24.3138#47.09#30.45#22.46
-100.214,24.3156#47.22#30.51#22.27
-100.164,24.3173#47.35#30.57#22.08
-100.114,24.319#47.48#30.62#21.9
-100.064,24.3208#47.61#30.68#21.71
-100.014,24.3225#47.74#30.74#21.52
-99.9634,24.3241#47.87#30.75#21.38
-99.9133,24.3258#47.98#30.75#21.27
-99.8633,24.3274#48.1#30.74#21.16
-99.8132,24.3291#48.22#30.74#21.04
-99.7631,24.3307#48.34#30.73#20.93
-99.713,24.3323#48.45#30.73#20.82
-99.6629,24.3339#48.57#30.72#20.71
-99.6128,24.3354#48.69#30.72#20.59
-99.5627,24.337#48.81#30.71#20.48
-99.5126,24.3385#48.92#30.71#20.37
-99.4625,24.34#49.02#30.66#20.32
-99.4124,24.3415#49.12#30.6#20.28
-99.3623,24.343#49.21#30.54#20.25
-99.3122,24.3444#49.31#30.48#20.21
-99.2621,24.3459#49.4#30.42#20.18
-99.212,24.3473#49.5#30.35#20.15
-99.1619,24.3487#49.59#30.29#20.12
-99.1118,24.3501#49.68#30.23#20.09
-99.0617,24.3515#49.78#30.17#20.05
-99.0116,24.3529#49.87#30.1#20.03
-98.9615,24.3542#49.95#30.02#20.03
-98.9114,24.3555#50.03#29.94#20.03
-98.8613,24.3568#50.11#29.85#20.04
-98.8112,24.3581#50.19#29.77#20.04
-98.7611,24.3594#50.26#29.69#20.05
-98.7109,24.3607#50.34#29.6#20.06
-98.6608,24.3619#50.42#29.52#20.06
-98.6107,24.3631#50.5#29.43#20.07
-98.5606,24.3643#50.57#29.35#20.08
-98.5105,24.3655#50.65#29.26#20.09
-98.4604,24.3667#50.71#29.22#20.07
-98.4102,24.3679#50.76#29.19#20.05
-98.3601,24.369#50.81#29.16#20.03
-98.31,24.3701#50.86#29.14#20
-98.2599,24.3712#50.91#29.11#19.98
-98.2098,24.3723#50.96#29.08#19.96
-98.1596,24.3734#51.01#29.05#19.94
-98.1095,24.3744#51.06#29.02#19.92
-98.0594,24.3755#51.1#28.99#19.91
-98.0093,24.3765#51.15#28.96#19.89
-97.9591,24.3775#51.15#28.94#19.91
-97.909,24.3785#51.14#28.92#19.94
-97.8589,24.3795#51.13#28.9#19.97
-97.8087,24.3804#51.12#28.88#20
-97.7586,24.3814#51.1#28.86#20.04
-97.7085,24.3823#51.09#28.84#20.07
-97.6584,24.3832#51.08#28.82#20.1
-97.6082,24.3841#51.06#28.8#20.14
-97.5581,24.3849#51.05#28.78#20.17
-97.508,24.3858#51.04#28.76#20.2
-97.4578,24.3866#51.01#28.74#20.25
-97.4077,24.3875#50.97#28.71#20.32
-97.3576,24.3883#50.93#28.69#20.38
-97.3074,24.389#50.9#28.66#20.44
-97.2573,24.3898#50.86#28.64#20.5
-97.2071,24.3906#50.82#28.61#20.57
-97.157,24.3913#50.78#28.59#20.63
-97.1069,24.392#50.75#28.56#20.69
-97.0567,24.3927#50.71#28.53#20.76
-97.0066,24.3934#50.67#28.51#20.82
-96.9564,24.3941#50.62#28.48#20.9
-96.9063,24.3947#50.56#28.46#20.98
-96.8562,24.3954#50.51#28.43#21.06
-96.806,24.396#50.45#28.4#21.15
-96.7559,24.3966#50.39#28.38#21.23
-96.7057,24.3972#50.34#28.35#21.31
-96.6556,24.3977#50.28#28.33#21.39
-96.6055,24.3983#50.22#28.3#21.48
-96.5553,24.3988#50.16#28.27#21.57
-96.5052,24.3993#50.11#28.25#21.64
-96.455,24.3998#50.05#28.21#21.74
-96.4049,24.4003#49.99#28.17#21.84
-96.3547,24.4008#49.94#28.13#21.93
-96.3046,24.4012#49.88#28.1#22.02
-96.2544,24.4016#49.82#28.06#22.12
-96.2043,24.4021#49.77#28.02#22.21
-96.1541,24.4024#49.71#27.98#22.31
-96.104,24.4028#49.65#27.94#22.41
-96.0538,24.4032#49.59#27.91#22.5
-96.0037,24.4035#49.54#27.87#22.59
-95.9535,24.4039#49.47#27.84#22.69
-95.9034,24.4042#49.41#27.82#22.77
-95.8532,24.4045#49.35#27.79#22.86
-95.8031,24.4048#49.28#27.77#22.95
-95.753,24.405#49.22#27.75#23.03
-95.7028,24.4053#49.15#27.72#23.13
-95.6527,24.4055#49.09#27.7#23.21
-95.6025,24.4057#49.02#27.67#23.31
-95.5524,24.4059#48.96#27.65#23.39
-95.5022,24.4061#48.89#27.62#23.49
-95.4521,24.4062#48.83#27.62#23.55
-95.4019,24.4064#48.77#27.61#23.62
-95.3517,24.4065#48.71#27.6#23.69
-95.3016,24.4066#48.65#27.59#23.76
-95.2514,24.4067#48.58#27.58#23.84
-95.2013,24.4068#48.52#27.57#23.91
-95.1511,24.4068#48.46#27.57#23.97
-95.101,24.4069#48.4#27.56#24.04
-95.0508,24.4069#48.34#27.55#24.11
-95.0007,24.4069#48.27#27.54#24.19
-94.9505,24.4069#48.18#27.54#24.28
-94.9004,24.4069#48.09#27.54#24.37
-94.8502,24.4068#48#27.53#24.47
-94.8001,24.4068#47.91#27.53#24.56
-94.7499,24.4067#47.82#27.53#24.65
-94.6998,24.4066#47.73#27.52#24.75
-94.6496,24.4065#47.64#27.52#24.84
-94.5995,24.4064#47.55#27.52#24.93
-94.5493,24.4062#47.46#27.51#25.03
-94.4992,24.4061#47.37#27.51#25.12
-94.449,24.4059#47.28#27.51#25.21
-94.3989,24.4057#47.19#27.51#25.3
-94.3487,24.4055#47.1#27.51#25.39
-94.2986,24.4053#47.01#27.5#25.49
-94.2484,24.405#46.92#27.5#25.58
-94.1983,24.4048#46.83#27.5#25.67
-94.1481,24.4045#46.74#27.5#25.76
-94.098,24.4042#46.65#27.5#25.85
-94.0478,24.4039#46.56#27.5#25.94
-93.9977,24.4035#46.47#27.5#26.03
-93.9475,24.4032#46.4#27.5#26.1
-93.8974,24.4028#46.34#27.49#26.17
-93.8472,24.4025#46.27#27.49#26.24
-93.7971,24.4021#46.2#27.49#26.31
-93.747,24.4016#46.13#27.49#26.38
-93.6968,24.4012#46.07#27.49#26.44
-93.6467,24.4008#46#27.49#26.51
-93.5965,24.4003#45.93#27.49#26.58
-93.5464,24.3998#45.86#27.49#26.65
-93.4962,24.3993#45.79#27.49#26.72
-93.4461,24.3988#45.73#27.49#26.78
-93.3959,24.3983#45.66#27.49#26.85
-93.3458,24.3977#45.59#27.49#26.92
-93.2956,24.3972#45.52#27.49#26.99
-93.2455,24.3966#45.46#27.49#27.05
-93.1954,24.396#45.39#27.49#27.12
-93.1452,24.3954#45.32#27.49#27.19
-93.0951,24.3947#45.26#27.49#27.25
-93.0449,24.3941#45.19#27.49#27.32
-92.9948,24.3934#45.12#27.49#27.39
-92.9447,24.3927#45.06#27.49#27.45
-92.8945,24.392#45#27.49#27.51
-92.8444,24.3913#44.94#27.49#27.57
-92.7942,24.3906#44.88#27.49#27.63
-92.7441,24.3898#44.82#27.49#27.69
-92.694,24.3891#44.76#27.49#27.75
-92.6438,24.3883#44.69#27.49#27.82
-92.5937,24.3875#44.63#27.49#27.88
-92.5436,24.3867#44.57#27.49#27.94
-92.4934,24.3858#44.51#27.48#28.01
-92.4433,24.385#44.46#27.48#28.06
-92.3932,24.3841#44.41#27.48#28.11
-92.343,24.3832#44.36#27.48#28.16
-92.2929,24.3823#44.31#27.48#28.21
-92.2428,24.3814#44.26#27.48#28.26
-92.1926,24.3804#44.21#27.48#28.31
-92.1425,24.3795#44.15#27.48#28.37
-92.0924,24.3785#44.1#27.48#28.42
-92.0423,24.3775#44.05#27.48#28.47
-91.9921,24.3765#44#27.48#28.52
-91.942,24.3755#43.96#27.48#28.56
-91.8919,24.3745#43.92#27.48#28.6
-91.8417,24.3734#43.88#27.48#28.64
-91.7916,24.3723#43.83#27.48#28.69
-91.7415,24.3713#43.79#27.48#28.73
-91.6914,24.3701#43.75#27.48#28.77
-91.6413,24.369#43.71#27.48#28.81
-91.5911,24.3679#43.66#27.48#28.86
-91.541,24.3667#43.62#27.48#28.9
-91.4909,24.3656#43.58#27.48#28.94
-91.4408,24.3644#43.55#27.48#28.97
-91.3907,24.3632#43.52#27.48#29
-91.3406,24.3619#43.49#27.48#29.03
-91.2904,24.3607#43.45#27.48#29.07
-91.2403,24.3594#43.42#27.48#29.1
-91.1902,24.3582#43.39#27.48#29.13
-91.1401,24.3569#43.36#27.48#29.16
-91.09,24.3556#43.33#27.48#29.19
-91.0399,24.3542#43.29#27.48#29.23
-90.9898,24.3529#43.26#27.48#29.26
-90.9397,24.3515#43.24#27.48#29.28
-90.8896,24.3502#43.22#27.48#29.3
-90.8395,24.3488#43.19#27.48#29.33
-90.7894,24.3474#43.17#27.48#29.35
-90.7393,24.3459#43.15#27.48#29.37
-90.6892,24.3445#43.12#27.48#29.4
-90.6391,24.343#43.1#27.48#29.42
-90.589,24.3415#43.08#27.48#29.44
-90.5389,24.3401#43.05#27.48#29.47
-90.4888,24.3385#43.03#27.48#29.49
-90.4387,24.337#43.01#27.48#29.51
-90.3886,24.3355#43#27.48#29.52
-90.3385,24.3339#42.98#27.48#29.54
-90.2884,24.3323#42.97#27.48#29.55
-90.2383,24.3307#42.95#27.48#29.57
-90.1882,24.3291#42.94#27.48#29.58
-90.1381,24.3275#42.92#27.48#29.6
-90.088,24.3258#42.91#27.48#29.61
-90.038,24.3242#42.89#27.48#29.63
-89.9879,24.3225#42.88#27.48#29.64
-89.9378,24.3208#42.87#27.48#29.65
-89.8877,24.3191#42.87#27.48#29.65
-89.8376,24.3174#42.86#27.48#29.66
-89.7876,24.3156#42.85#27.48#29.67
-89.7375,24.3139#42.85#27.48#29.67
-89.6874,24.3121#42.84#27.48#29.68
-89.6373,24.3103#42.84#27.48#29.68
-89.5873,24.3085#42.83#27.48#29.69
-89.5372,24.3066#42.82#27.48#29.7
-89.4871,24.3048#42.82#27.48#29.7
-89.4371,24.3029#42.82#27.48#29.7
-89.387,24.301#42.82#27.47#29.71
-101.718,24.3009#42.64#27.71#29.65
-101.668,24.3032#42.81#27.76#29.43
-101.618,24.3054#42.99#27.81#29.2
-101.568,24.3077#43.16#27.86#28.98
-101.518,24.3099#43.34#27.91#28.75
-101.468,24.312#43.51#28#28.49
-101.418,24.3142#43.68#28.1#28.22
-101.368,24.3164#43.84#28.2#27.96
-101.317,24.3185#44.01#28.3#27.69
-101.267,24.3206#44.17#28.4#27.43
-101.217,24.3227#44.34#28.5#27.16
-101.167,24.3248#44.5#28.6#26.9
-101.117,24.3269#44.67#28.7#26.63
-101.067,24.3289#44.83#28.8#26.37
-101.017,24.331#45#28.9#26.1
-100.967,24.333#45.16#29.02#25.82
-100.917,24.335#45.33#29.15#25.52
-100.867,24.337#45.5#29.28#25.22
-100.817,24.3389#45.67#29.41#24.92
-100.767,24.3409#45.84#29.54#24.62
-100.717,24.3428#46.01#29.67#24.32
-100.667,24.3447#46.18#29.8#24.02
-100.616,24.3466#46.36#29.94#23.7
-100.566,24.3485#46.53#30.07#23.4
-100.516,24.3504#46.7#30.2#23.1
-100.466,24.3522#46.84#30.28#22.88
-100.416,24.3541#46.97#30.34#22.69
-100.366,24.3559#47.1#30.39#22.51
-100.316,24.3577#47.24#30.45#22.31
-100.266,24.3595#47.37#30.5#22.13
-100.216,24.3612#47.5#30.55#21.95
-100.166,24.363#47.63#30.61#21.76
-100.116,24.3647#47.76#30.66#21.58
-100.065,24.3664#47.89#30.71#21.4
-100.015,24.3681#48.02#30.77#21.21
-99.9653,24.3698#48.15#30.78#21.07
-99.9152,24.3715#48.27#30.77#20.96
-99.8651,24.3731#48.38#30.76#20.86
-99.8149,24.3747#48.5#30.75#20.75
-99.7648,24.3763#48.62#30.74#20.64
-99.7147,24.3779#48.74#30.73#20.53
-99.6646,24.3795#48.86#30.72#20.42
-99.6145,24.3811#48.98#30.71#20.31
-99.5644,24.3826#49.1#30.7#20.2
-99.5143,24.3842#49.22#30.69#20.09
-99.4642,24.3857#49.32#30.64#20.04
-99.4141,24.3872#49.42#30.58#20
-99.3639,24.3886#49.52#30.52#19.96
-99.3138,24.3901#49.62#30.45#19.93
-99.2637,24.3916#49.71#30.39#19.9
-99.2136,24.393#49.81#30.32#19.87
-99.1635,24.3944#49.91#30.26#19.83
-99.1133,24.3958#50#30.19#19.81
-99.0632,24.3972#50.1#30.13#19.77
-99.0131,24.3985#50.2#30.06#19.74
-98.963,24.3999#50.28#29.99#19.73
-98.9128,24.4012#50.36#29.91#19.73
-98.8627,24.4025#50.44#29.83#19.73
-98.8126,24.4038#50.52#29.75#19.73
-98.7624,24.4051#50.6#29.67#19.73
-98.7123,24.4063#50.67#29.59#19.74
-98.6622,24.4076#50.75#29.51#19.74
-98.612,24.4088#50.83#29.43#19.74
-98.5619,24.41#50.91#29.35#19.74
-98.5118,24.4112#50.98#29.28#19.74
-98.4616,24.4124#51.04#29.24#19.72
-98.4115,24.4135#51.09#29.21#19.7
-98.3614,24.4147#51.14#29.18#19.68
-98.3112,24.4158#51.19#29.15#19.66
-98.2611,24.4169#51.23#29.12#19.65
-98.2109,24.418#51.28#29.1#19.62
-98.1608,24.4191#51.33#29.07#19.6
-98.1107,24.4201#51.38#29.04#19.58
-98.0605,24.4212#51.42#29.01#19.57
-98.0104,24.4222#51.47#28.99#19.54
-97.9602,24.4232#51.47#28.96#19.57
-97.9101,24.4242#51.46#28.95#19.59
-97.8599,24.4251#51.45#28.93#19.62
-97.8098,24.4261#51.44#28.91#19.65
-97.7596,24.427#51.43#28.89#19.68
-97.7095,24.428#51.42#28.87#19.71
-97.6593,24.4289#51.41#28.85#19.74
-97.6092,24.4297#51.39#28.83#19.78
-97.559,24.4306#51.38#28.81#19.81
-97.5089,24.4315#51.37#28.8#19.83
-97.4587,24.4323#51.34#28.77#19.89
-97.4086,24.4331#51.3#28.75#19.95
-97.3584,24.4339#51.27#28.72#20.01
-97.3083,24.4347#51.23#28.7#20.07
-97.2581,24.4355#51.2#28.68#20.12
-97.208,24.4362#51.16#28.65#20.19
-97.1578,24.437#51.12#28.63#20.25
-97.1076,24.4377#51.09#28.61#20.3
-97.0575,24.4384#51.05#28.58#20.37
-97.0073,24.4391#51.02#28.56#20.42
-96.9572,24.4397#50.96#28.53#20.51
-96.907,24.4404#50.91#28.51#20.58
-96.8569,24.441#50.85#28.48#20.67
-96.8067,24.4416#50.79#28.46#20.75
-96.7565,24.4422#50.74#28.43#20.83
-96.7064,24.4428#50.68#28.4#20.92
-96.6562,24.4434#50.62#28.38#21
-96.606,24.4439#50.56#28.35#21.09
-96.5559,24.4445#50.51#28.33#21.16
-96.5057,24.445#50.45#28.3#21.25
-96.4556,24.4455#50.39#28.27#21.34
-96.4054,24.446#50.33#28.23#21.44
-96.3552,24.4464#50.27#28.19#21.54
-96.3051,24.4469#50.22#28.16#21.62
-96.2549,24.4473#50.16#28.12#21.72
-96.2047,24.4477#50.1#28.08#21.82
-96.1546,24.4481#50.04#28.05#21.91
-96.1044,24.4485#49.98#28.01#22.01
-96.0542,24.4489#49.93#27.97#22.1
-96.0041,24.4492#49.87#27.94#22.19
-95.9539,24.4496#49.8#27.91#22.29
-95.9037,24.4499#49.74#27.88#22.38
-95.8536,24.4502#49.67#27.86#22.47
-95.8034,24.4504#49.61#27.83#22.56
-95.7532,24.4507#49.54#27.81#22.65
-95.7031,24.4509#49.47#27.78#22.75
-95.6529,24.4512#49.41#27.76#22.83
-95.6027,24.4514#49.34#27.73#22.93
-95.5526,24.4516#49.28#27.71#23.01
-95.5024,24.4518#49.21#27.68#23.11
-95.4522,24.4519#49.15#27.67#23.18
-95.402,24.4521#49.08#27.67#23.25
-95.3519,24.4522#49.02#27.66#23.32
-95.3017,24.4523#48.95#27.65#23.4
-95.2515,24.4524#48.89#27.64#23.47
-95.2014,24.4525#48.82#27.63#23.55
-95.1512,24.4525#48.76#27.62#23.62
-95.101,24.4526#48.7#27.61#23.69
-95.0509,24.4526#48.63#27.6#23.77
-95.0007,24.4526#48.57#27.59#23.84
-94.9505,24.4526#48.47#27.59#23.94
-94.9004,24.4526#48.38#27.59#24.03
-94.8502,24.4525#48.29#27.58#24.13
-94.8,24.4525#48.2#27.58#24.22
-94.7498,24.4524#48.1#27.58#24.32
-94.6997,24.4523#48.01#27.57#24.42
-94.6495,24.4522#47.92#27.57#24.51
-94.5993,24.4521#47.83#27.57#24.6
-94.5492,24.4519#47.73#27.56#24.71
-94.499,24.4518#47.64#27.56#24.8
-94.4488,24.4516#47.55#27.56#24.89
-94.3987,24.4514#47.46#27.56#24.98
-94.3485,24.4512#47.36#27.55#25.09
-94.2983,24.451#47.27#27.55#25.18
-94.2482,24.4507#47.18#27.55#25.27
-94.198,24.4504#47.09#27.55#25.36
-94.1478,24.4502#47#27.55#25.45
-94.0977,24.4499#46.9#27.55#25.55
-94.0475,24.4496#46.81#27.54#25.65
-93.9973,24.4492#46.72#27.54#25.74
-93.9472,24.4489#46.65#27.54#25.81
-93.897,24.4485#46.58#27.54#25.88
-93.8468,24.4481#46.51#27.54#25.95
-93.7967,24.4477#46.44#27.54#26.02
-93.7465,24.4473#46.37#27.54#26.09
-93.6963,24.4469#46.3#27.54#26.16
-93.6462,24.4465#46.23#27.54#26.23
-93.596,24.446#46.16#27.54#26.3
-93.5458,24.4455#46.09#27.54#26.37
-93.4957,24.445#46.02#27.54#26.44
-93.4455,24.4445#45.95#27.54#26.51
-93.3953,24.444#45.89#27.54#26.57
-93.3452,24.4434#45.82#27.54#26.64
-93.295,24.4428#45.75#27.54#26.71
-93.2449,24.4423#45.68#27.53#26.79
-93.1947,24.4417#45.61#27.53#26.86
-93.1445,24.441#45.54#27.53#26.93
-93.0944,24.4404#45.48#27.53#26.99
-93.0442,24.4398#45.41#27.53#27.06
-92.9941,24.4391#45.34#27.53#27.13
-92.9439,24.4384#45.28#27.53#27.19
-92.8937,24.4377#45.22#27.53#27.25
-92.8436,24.437#45.16#27.53#27.31
-92.7934,24.4363#45.1#27.53#27.37
-92.7433,24.4355#45.03#27.53#27.44
-92.6931,24.4347#44.97#27.53#27.5
-92.643,24.434#44.91#27.53#27.56
-92.5928,24.4332#44.85#27.53#27.62
-92.5427,24.4323#44.79#27.53#27.68
-92.4925,24.4315#44.73#27.53#27.74
-92.4423,24.4306#44.68#27.53#27.79
-92.3922,24.4298#44.62#27.53#27.85
-92.342,24.4289#44.57#27.53#27.9
-92.2919,24.428#44.52#27.53#27.95
-92.2417,24.4271#44.47#27.53#28
-92.1916,24.4261#44.42#27.53#28.05
-92.1415,24.4252#44.36#27.53#28.11
-92.0913,24.4242#44.31#27.53#28.16
-92.0412,24.4232#44.26#27.53#28.21
-91.991,24.4222#44.21#27.52#28.27
-91.9409,24.4212#44.17#27.52#28.31
-91.8907,24.4201#44.12#27.52#28.36
-91.8406,24.4191#44.08#27.52#28.4
-91.7904,24.418#44.04#27.52#28.44
-91.7403,24.4169#44#27.52#28.48
-91.6902,24.4158#43.95#27.52#28.53
-91.64,24.4147#43.91#27.52#28.57
-91.5899,24.4136#43.87#27.52#28.61
-91.5397,24.4124#43.83#27.52#28.65
-91.4896,24.4112#43.79#27.52#28.69
-91.4395,24.41#43.75#27.52#28.73
-91.3893,24.4088#43.72#27.52#28.76
-91.3392,24.4076#43.69#27.52#28.79
-91.2891,24.4064#43.66#27.52#28.82
-91.2389,24.4051#43.63#27.52#28.85
-91.1888,24.4038#43.59#27.52#28.89
-91.1387,24.4025#43.56#27.52#28.92
-91.0886,24.4012#43.53#27.52#28.95
-91.0384,24.3999#43.5#27.51#28.99
-90.9883,24.3986#43.47#27.51#29.02
-90.9382,24.3972#43.44#27.51#29.05
-90.888,24.3958#43.42#27.51#29.07
-90.8379,24.3944#43.4#27.51#29.09
-90.7878,24.393#43.37#27.51#29.12
-90.7377,24.3916#43.35#27.51#29.14
-90.6876,24.3901#43.33#27.51#29.16
-90.6374,24.3887#43.3#27.51#29.19
-90.5873,24.3872#43.28#27.51#29.21
-90.5372,24.3857#43.26#27.51#29.23
-90.4871,24.3842#43.23#27.5#29.27
-90.437,24.3827#43.22#27.5#29.28
-90.3869,24.3811#43.2#27.5#29.3
-90.3368,24.3796#43.19#27.5#29.31
-90.2867,24.378#43.17#27.5#29.33
-90.2365,24.3764#43.16#27.5#29.34
-90.1864,24.3748#43.14#27.5#29.36
-90.1363,24.3732#43.13#27.5#29.37
-90.0862,24.3715#43.11#27.49#29.4
-90.0361,24.3698#43.1#27.49#29.41
-89.986,24.3682#43.08#27.49#29.43
-89.9359,24.3665#43.08#27.49#29.43
-89.8858,24.3647#43.07#27.49#29.44
-89.8357,24.363#43.07#27.49#29.44
-89.7856,24.3613#43.06#27.49#29.45
-89.7355,24.3595#43.06#27.49#29.45
-89.6854,24.3577#43.05#27.49#29.46
-89.6353,24.3559#43.05#27.49#29.46
-89.5853,24.3541#43.04#27.48#29.48
-89.5352,24.3523#43.04#27.48#29.48
-89.4851,24.3504#43.03#27.48#29.49
-89.435,24.3486#43.03#27.48#29.49
-89.3849,24.3467#43.04#27.48#29.48
-89.3348,24.3448#43.04#27.48#29.48
-89.2847,24.3429#43.04#27.48#29.48
-89.2347,24.3409#43.04#27.48#29.48
-89.1846,24.339#43.04#27.48#29.48
-89.1345,24.337#43.05#27.48#29.47
-89.0844,24.335#43.05#27.48#29.47
-89.0344,24.333#43.05#27.48#29.47
-88.9843,24.331#43.05#27.48#29.47
-88.9342,24.329#43.06#27.47#29.47
-88.8842,24.3269#43.07#27.47#29.46
-88.8341,24.3249#43.08#27.47#29.45
-88.784,24.3228#43.09#27.47#29.44
-88.734,24.3207#43.1#27.47#29.43
-88.6839,24.3186#43.11#27.47#29.42
-88.6338,24.3164#43.12#27.47#29.41
-88.5838,24.3143#43.13#27.46#29.41
-88.5337,24.3121#43.13#27.46#29.41
-88.4837,24.3099#43.14#27.46#29.4
-88.4336,24.3077#43.16#27.46#29.38
-88.3836,24.3055#43.18#27.46#29.36
-88.3335,24.3033#43.19#27.46#29.35
-88.2835,24.301#43.21#27.45#29.34
-102.671,24.3005#39.58#27.31#33.11
-102.621,24.3031#39.69#27.32#32.99
-102.571,24.3057#39.8#27.33#32.87
-102.521,24.3082#39.92#27.33#32.75
-102.471,24.3107#40.07#27.34#32.59
-102.421,24.3132#40.26#27.35#32.39
-102.371,24.3157#40.45#27.36#32.19
-102.321,24.3182#40.63#27.37#32
-102.271,24.3207#40.82#27.37#31.81
-102.221,24.3231#41.01#27.38#31.61
-102.171,24.3255#41.21#27.39#31.4
-102.121,24.3279#41.4#27.4#31.2
-102.071,24.3303#41.59#27.41#31
-102.021,24.3327#41.79#27.41#30.8
-101.971,24.335#41.97#27.45#30.58
-101.921,24.3374#42.15#27.5#30.35
-101.871,24.3397#42.33#27.55#30.12
-101.821,24.342#42.51#27.61#29.88
-101.77,24.3443#42.69#27.66#29.65
-101.72,24.3466#42.87#27.72#29.41
-101.67,24.3488#43.05#27.77#29.18
-101.62,24.3511#43.23#27.83#28.94
-101.57,24.3533#43.41#27.88#28.71
-101.52,24.3555#43.59#27.94#28.47
-101.47,24.3577#43.76#28.02#28.22
-101.42,24.3598#43.92#28.12#27.96
-101.37,24.362#44.09#28.22#27.69
-101.32,24.3641#44.25#28.33#27.42
-101.27,24.3663#44.42#28.43#27.15
-101.22,24.3684#44.58#28.54#26.88
-101.17,24.3704#44.74#28.64#26.62
-101.119,24.3725#44.91#28.75#26.34
-101.069,24.3746#45.07#28.85#26.08
-101.019,24.3766#45.24#28.96#25.8
-100.969,24.3786#45.41#29.08#25.51
-100.919,24.3806#45.58#29.21#25.21
-100.869,24.3826#45.75#29.34#24.91
-100.819,24.3846#45.92#29.47#24.61
-100.769,24.3865#46.1#29.6#24.3
-100.719,24.3885#46.27#29.73#24
-100.669,24.3904#46.44#29.86#23.7
-100.619,24.3923#46.61#29.98#23.41
-100.568,24.3942#46.79#30.11#23.1
-100.518,24.396#46.96#30.23#22.81
-100.468,24.3979#47.11#30.31#22.58
-100.418,24.3997#47.24#30.36#22.4
-100.368,24.4015#47.37#30.41#22.22
-100.318,24.4033#47.51#30.46#22.03
-100.268,24.4051#47.64#30.52#21.84
-100.218,24.4069#47.78#30.57#21.65
-100.168,24.4086#47.91#30.62#21.47
-100.117,24.4104#48.04#30.66#21.3
-100.067,24.4121#48.18#30.71#21.11
-100.017,24.4138#48.31#30.76#20.93
-99.9671,24.4154#48.44#30.77#20.79
-99.917,24.4171#48.56#30.76#20.68
-99.8669,24.4188#48.68#30.75#20.57
-99.8167,24.4204#48.8#30.74#20.46
-99.7666,24.422#48.92#30.73#20.35
-99.7165,24.4236#49.04#30.72#20.24
-99.6663,24.4252#49.17#30.7#20.13
-99.6162,24.4267#49.29#30.69#20.02
-99.5661,24.4283#49.41#30.68#19.91
-99.516,24.4298#49.53#30.67#19.8
-99.4658,24.4313#49.63#30.62#19.75
-99.4157,24.4328#49.73#30.55#19.72
-99.3656,24.4343#49.83#30.49#19.68
-99.3154,24.4358#49.93#30.42#19.65
-99.2653,24.4372#50.03#30.36#19.61
-99.2151,24.4386#50.13#30.29#19.58
-99.165,24.4401#50.23#30.22#19.55
-99.1149,24.4414#50.33#30.16#19.51
-99.0647,24.4428#50.43#30.09#19.48
-99.0146,24.4442#50.54#30.03#19.43
-98.9644,24.4455#50.62#29.95#19.43
-98.9143,24.4469#50.7#29.88#19.42
-98.8641,24.4482#50.78#29.8#19.42
-98.814,24.4495#50.85#29.73#19.42
-98.7638,24.4507#50.93#29.66#19.41
-98.7137,24.452#51.01#29.58#19.41
-98.6635,24.4532#51.09#29.51#19.4
-98.6134,24.4545#51.16#29.44#19.4
-98.5632,24.4557#51.24#29.36#19.4
-98.5131,24.4569#51.32#29.29#19.39
-98.4629,24.458#51.37#29.25#19.38
-98.4128,24.4592#51.42#29.22#19.36
-98.3626,24.4603#51.47#29.2#19.33
-98.3125,24.4615#51.51#29.17#19.32
-98.2623,24.4626#51.56#29.14#19.3
-98.2121,24.4637#51.61#29.12#19.27
-98.162,24.4647#51.65#29.09#19.26
-98.1118,24.4658#51.7#29.06#19.24
-98.0617,24.4668#51.75#29.03#19.22
-98.0115,24.4679#51.79#29.01#19.2
-97.9613,24.4689#51.79#28.99#19.22
-97.9112,24.4698#51.78#28.97#19.25
-97.861,24.4708#51.77#28.95#19.28
-97.8108,24.4718#51.76#28.93#19.31
-97.7607,24.4727#51.75#28.92#19.33
-97.7105,24.4736#51.74#28.9#19.36
-97.6603,24.4745#51.73#28.88#19.39
-97.6102,24.4754#51.72#28.86#19.42
-97.56,24.4763#51.71#28.85#19.44
-97.5098,24.4772#51.7#28.83#19.47
-97.4596,24.478#51.67#28.81#19.52
-97.4095,24.4788#51.64#28.78#19.58
-97.3593,24.4796#51.6#28.76#19.64
-97.3091,24.4804#51.57#28.74#19.69
-97.259,24.4812#51.53#28.72#19.75
-97.2088,24.4819#51.5#28.7#19.8
-97.1586,24.4827#51.47#28.67#19.86
-97.1084,24.4834#51.43#28.65#19.92
-97.0583,24.4841#51.4#28.63#19.97
-97.0081,24.4848#51.36#28.61#20.03
-96.9579,24.4854#51.31#28.58#20.11
-96.9077,24.4861#51.25#28.56#20.19
-96.8575,24.4867#51.19#28.53#20.28
-96.8074,24.4873#51.14#28.51#20.35
-96.7572,24.4879#51.08#28.48#20.44
-96.707,24.4885#51.02#28.46#20.52
-96.6568,24.4891#50.96#28.43#20.61
-96.6066,24.4896#50.9#28.41#20.69
-96.5565,24.4902#50.85#28.38#20.77
-96.5063,24.4907#50.79#28.36#20.85
-96.4561,24.4912#50.73#28.32#20.95
-96.4059,24.4917#50.67#28.29#21.04
-96.3557,24.4921#50.61#28.25#21.14
-96.3055,24.4926#50.55#28.22#21.23
-96.2554,24.493#50.49#28.18#21.33
-96.2052,24.4934#50.43#28.14#21.43
-96.155,24.4938#50.38#28.11#21.51
-96.1048,24.4942#50.32#28.07#21.61
-96.0546,24.4946#50.26#28.04#21.7
-96.0044,24.4949#50.2#28#21.8
-95.9543,24.4952#50.13#27.98#21.89
-95.9041,24.4956#50.06#27.95#21.99
-95.8539,24.4958#50#27.93#22.07
-95.8037,24.4961#49.93#27.9#22.17
-95.7535,24.4964#49.86#27.87#22.27
-95.7033,24.4966#49.8#27.85#22.35
-95.6531,24.4969#49.73#27.82#22.45
-95.6029,24.4971#49.66#27.8#22.54
-95.5528,24.4973#49.59#27.77#22.64
-95.5026,24.4974#49.53#27.74#22.73
-95.4524,24.4976#49.46#27.73#22.81
-95.4022,24.4978#49.39#27.72#22.89
-95.352,24.4979#49.33#27.71#22.96
-95.3018,24.498#49.26#27.7#23.04
-95.2516,24.4981#49.19#27.69#23.12
-95.2014,24.4982#49.13#27.69#23.18
-95.1513,24.4982#49.06#27.68#23.26
-95.1011,24.4983#48.99#27.67#23.34
-95.0509,24.4983#48.92#27.66#23.42
-95.0007,24.4983#48.86#27.65#23.49
-94.9505,24.4983#48.76#27.64#23.6
-94.9003,24.4983#48.67#27.64#23.69
-94.8501,24.4982#48.57#27.63#23.8
-94.7999,24.4982#48.48#27.63#23.89
-94.7498,24.4981#48.38#27.63#23.99
-94.6996,24.498#48.29#27.62#24.09
-94.6494,24.4979#48.19#27.62#24.19
-94.5992,24.4978#48.1#27.61#24.29
-94.549,24.4976#48#27.61#24.39
-94.4988,24.4975#47.9#27.61#24.49
-94.4486,24.4973#47.81#27.61#24.58
-94.3984,24.4971#47.72#27.6#24.68
-94.3483,24.4969#47.62#27.6#24.78
-94.2981,24.4966#47.53#27.6#24.87
-94.2479,24.4964#47.44#27.6#24.96
-94.1977,24.4961#47.34#27.6#25.06
-94.1475,24.4959#47.25#27.6#25.15
-94.0973,24.4956#47.16#27.59#25.25
-94.0471,24.4952#47.06#27.59#25.35
-93.9969,24.4949#46.97#27.59#25.44
-93.9468,24.4946#46.9#27.59#25.51
-93.8966,24.4942#46.83#27.59#25.58
-93.8464,24.4938#46.75#27.59#25.66
-93.7962,24.4934#46.68#27.59#25.73
-93.746,24.493#46.61#27.59#25.8
-93.6958,24.4926#46.54#27.59#25.87
-93.6457,24.4921#46.47#27.58#25.95
-93.5955,24.4917#46.39#27.58#26.03
-93.5453,24.4912#46.32#27.58#26.1
-93.4951,24.4907#46.25#27.58#26.17
-93.4449,24.4902#46.18#27.58#26.24
-93.3947,24.4896#46.11#27.58#26.31
-93.3446,24.4891#46.04#27.58#26.38
-93.2944,24.4885#45.97#27.58#26.45
-93.2442,24.4879#45.91#27.58#26.51
-93.194,24.4873#45.84#27.58#26.58
-93.1438,24.4867#45.77#27.58#26.65
-93.0937,24.4861#45.7#27.58#26.72
-93.0435,24.4854#45.63#27.58#26.79
-92.9933,24.4848#45.56#27.58#26.86
-92.9431,24.4841#45.5#27.58#26.92
-92.893,24.4834#45.44#27.58#26.98
-92.8428,24.4827#45.38#27.58#27.04
-92.7926,24.4819#45.31#27.58#27.11
-92.7424,24.4812#45.25#27.58#27.17
-92.6923,24.4804#45.19#27.57#27.24
-92.6421,24.4796#45.13#27.57#27.3
-92.5919,24.4788#45.07#27.57#27.36
-92.5417,24.478#45#27.57#27.43
-92.4916,24.4772#44.94#27.57#27.49
-92.4414,24.4763#44.89#27.57#27.54
-92.3912,24.4755#44.84#27.57#27.59
-92.3411,24.4746#44.78#27.57#27.65
-92.2909,24.4737#44.73#27.57#27.7
-92.2407,24.4727#44.68#27.57#27.75
-92.1906,24.4718#44.63#27.57#27.8
-92.1404,24.4708#44.57#27.57#27.86
-92.0902,24.4699#44.52#27.57#27.91
-92.0401,24.4689#44.47#27.57#27.96
-91.9899,24.4679#44.42#27.57#28.01
-91.9397,24.4669#44.37#27.57#28.06
-91.8896,24.4658#44.33#27.57#28.1
-91.8394,24.4648#44.29#27.57#28.14
-91.7893,24.4637#44.25#27.57#28.18
-91.7391,24.4626#44.2#27.57#28.23
-91.6889,24.4615#44.16#27.56#28.28
-91.6388,24.4604#44.12#27.56#28.32
-91.5886,24.4592#44.07#27.56#28.37
-91.5385,24.4581#44.03#27.56#28.41
-91.4883,24.4569#43.99#27.56#28.45
-91.4382,24.4557#43.96#27.56#28.48
-91.388,24.4545#43.93#27.56#28.51
-91.3378,24.4533#43.89#27.56#28.55
-91.2877,24.452#43.86#27.56#28.58
-91.2375,24.4508#43.83#27.56#28.61
-91.1874,24.4495#43.8#27.56#28.64
-91.1373,24.4482#43.77#27.56#28.67
-91.0871,24.4469#43.73#27.56#28.71
-91.037,24.4456#43.7#27.56#28.74
-90.9868,24.4442#43.67#27.56#28.77
-90.9367,24.4429#43.65#27.55#28.8
-90.8865,24.4415#43.62#27.55#28.83
-90.8364,24.4401#43.6#27.55#28.85
-90.7862,24.4387#43.58#27.55#28.87
-90.7361,24.4373#43.55#27.55#28.9
-90.686,24.4358#43.53#27.55#28.92
-90.6358,24.4343#43.51#27.55#28.94
-90.5857,24.4329#43.48#27.55#28.97
-90.5356,24.4314#43.46#27.55#28.99
-90.4854,24.4299#43.44#27.55#29.01
-90.4353,24.4283#43.42#27.54#29.04
-90.3852,24.4268#43.41#27.54#29.05
-90.335,24.4252#43.39#27.54#29.07
-90.2849,24.4236#43.38#27.54#29.08
-90.2348,24.4221#43.36#27.54#29.1
-90.1847,24.4204#43.35#27.54#29.11
-90.1345,24.4188#43.33#27.54#29.13
-90.0844,24.4172#43.32#27.53#29.15
-90.0343,24.4155#43.3#27.53#29.17
-89.9842,24.4138#43.29#27.53#29.18
-89.934,24.4121#43.29#27.53#29.18
-89.8839,24.4104#43.28#27.53#29.19
-89.8338,24.4087#43.28#27.53#29.19
-89.7837,24.4069#43.27#27.52#29.21
-89.7336,24.4052#43.27#27.52#29.21
-89.6835,24.4034#43.26#27.52#29.22
-89.6334,24.4016#43.26#27.52#29.22
-89.5833,24.3998#43.25#27.52#29.23
-89.5331,24.3979#43.25#27.51#29.24
-89.483,24.3961#43.24#27.51#29.25
-89.4329,24.3942#43.24#27.51#29.25
-89.3828,24.3923#43.25#27.51#29.24
-89.3327,24.3904#43.25#27.51#29.24
-89.2826,24.3885#43.25#27.5#29.25
-89.2325,24.3866#43.25#27.5#29.25
-89.1824,24.3846#43.26#27.5#29.24
-89.1323,24.3827#43.26#27.5#29.24
-89.0823,24.3807#43.26#27.5#29.24
-89.0322,24.3787#43.26#27.49#29.25
-88.9821,24.3767#43.27#27.49#29.24
-88.932,24.3746#43.28#27.49#29.23
-88.8819,24.3726#43.29#27.49#29.22
-88.8318,24.3705#43.3#27.48#29.22
-88.7817,24.3684#43.31#27.48#29.21
-88.7316,24.3663#43.32#27.48#29.2
-88.6816,24.3642#43.33#27.47#29.2
-88.6315,24.3621#43.33#27.47#29.2
-88.5814,24.3599#43.34#27.47#29.19
-88.5313,24.3577#43.35#27.47#29.18
-88.4813,24.3555#43.36#27.47#29.17
-88.4312,24.3533#43.38#27.47#29.15
-88.3811,24.3511#43.4#27.47#29.13
-88.3311,24.3489#43.41#27.46#29.13
-88.281,24.3466#43.43#27.46#29.11
-88.2309,24.3444#43.44#27.46#29.1
-88.1809,24.3421#43.46#27.46#29.08
-88.1308,24.3398#43.48#27.46#29.06
-88.0807,24.3374#43.49#27.45#29.06
-88.0307,24.3351#43.51#27.45#29.04
-87.9806,24.3328#43.53#27.45#29.02
-87.9306,24.3304#43.55#27.45#29
-87.8805,24.328#43.58#27.45#28.97
-87.8305,24.3256#43.6#27.44#28.96
-87.7804,24.3232#43.63#27.44#28.93
-87.7304,24.3207#43.65#27.44#28.91
-87.6803,24.3183#43.68#27.44#28.88
-87.6303,24.3158#43.7#27.44#28.86
-87.5803,24.3133#43.73#27.43#28.84
-87.5302,24.3108#43.75#27.43#28.82
-87.4802,24.3083#43.78#27.43#28.79
-87.4302,24.3057#43.82#27.43#28.75
-87.3801,24.3032#43.86#27.42#28.72
-87.3301,24.3006#43.9#27.42#28.68
-103.475,24.3027#37.66#27.22#35.12
-103.425,24.3055#37.79#27.22#34.99
-103.375,24.3083#37.92#27.23#34.85
-103.325,24.3111#38.06#27.24#34.7
-103.275,24.3139#38.19#27.24#34.57
-103.224,24.3167#38.33#27.25#34.42
-103.174,24.3195#38.46#27.26#34.28
-103.124,24.3222#38.6#27.26#34.14
-103.074,24.3249#38.73#27.27#34
-103.024,24.3277#38.87#27.28#33.85
-102.974,24.3303#38.99#27.28#33.73
-102.924,24.333#39.1#27.29#33.61
-102.874,24.3357#39.22#27.3#33.48
-102.824,24.3383#39.33#27.3#33.37
-102.774,24.3409#39.44#27.31#33.25
-102.724,24.3436#39.56#27.32#33.12
-102.674,24.3461#39.67#27.32#33.01
-102.624,24.3487#39.79#27.33#32.88
-102.574,24.3513#39.9#27.34#32.76
-102.524,24.3538#40.01#27.34#32.65
-102.474,24.3564#40.17#27.35#32.48
-102.424,24.3589#40.37#27.36#32.27
-102.374,24.3613#40.57#27.36#32.07
-102.324,24.3638#40.77#27.37#31.86
-102.274,24.3663#40.97#27.38#31.65
-102.224,24.3687#41.17#27.39#31.44
-102.174,24.3711#41.37#27.4#31.23
-102.123,24.3736#41.58#27.41#31.01
-102.073,24.3759#41.78#27.42#30.8
-102.023,24.3783#41.98#27.43#30.59
-101.973,24.3807#42.17#27.47#30.36
-101.923,24.383#42.35#27.53#30.12
-101.873,24.3853#42.53#27.59#29.88
-101.823,24.3876#42.72#27.65#29.63
-101.773,24.3899#42.9#27.71#29.39
-101.723,24.3922#43.08#27.77#29.15
-101.673,24.3945#43.26#27.83#28.91
-101.623,24.3967#43.45#27.89#28.66
-101.573,24.3989#43.63#27.95#28.42
-101.523,24.4011#43.81#28.01#28.18
-101.472,24.4033#43.99#28.1#27.91
-101.422,24.4055#44.15#28.2#27.65
-101.372,24.4076#44.32#28.31#27.37
-101.322,24.4098#44.49#28.41#27.1
-101.272,24.4119#44.65#28.52#26.83
-101.222,24.414#44.82#28.62#26.56
-101.172,24.4161#44.98#28.73#26.29
-101.122,24.4182#45.15#28.84#26.01
-101.072,24.4202#45.32#28.94#25.74
-101.022,24.4222#45.48#29.05#25.47
-100.971,24.4243#45.65#29.17#25.18
-100.921,24.4263#45.83#29.29#24.88
-100.871,24.4282#46#29.41#24.59
-100.821,24.4302#46.17#29.53#24.3
-100.771,24.4322#46.35#29.66#23.99
-100.721,24.4341#46.52#29.78#23.7
-100.671,24.436#46.69#29.9#23.41
-100.621,24.4379#46.87#30.02#23.11
-100.571,24.4398#47.04#30.14#22.82
-100.52,24.4417#47.21#30.25#22.54
-100.47,24.4435#47.37#30.33#22.3
-100.42,24.4454#47.5#30.38#22.12
-100.37,24.4472#47.64#30.43#21.93
-100.32,24.449#47.78#30.48#21.74
-100.27,24.4508#47.92#30.52#21.56
-100.22,24.4525#48.05#30.57#21.38
-100.169,24.4543#48.19#30.62#21.19
-100.119,24.456#48.33#30.67#21
-100.069,24.4577#48.47#30.71#20.82
-100.019,24.4594#48.61#30.76#20.63
-99.9689,24.4611#48.73#30.77#20.5
-99.9188,24.4628#48.86#30.76#20.38
-99.8687,24.4644#48.98#30.74#20.28
-99.8185,24.466#49.1#30.73#20.17
-99.7684,24.4677#49.22#30.72#20.06
-99.7182,24.4693#49.35#30.7#19.95
-99.6681,24.4708#49.47#30.69#19.84
-99.6179,24.4724#49.59#30.67#19.74
-99.5678,24.474#49.71#30.66#19.63
-99.5176,24.4755#49.84#30.64#19.52
-99.4675,24.477#49.95#30.59#19.46
-99.4173,24.4785#50.05#30.53#19.42
-99.3672,24.48#50.15#30.46#19.39
-99.317,24.4814#50.25#30.39#19.36
-99.2669,24.4829#50.36#30.33#19.31
-99.2167,24.4843#50.46#30.26#19.28
-99.1665,24.4857#50.56#30.19#19.25
-99.1164,24.4871#50.67#30.13#19.2
-99.0662,24.4885#50.77#30.06#19.17
-99.0161,24.4899#50.87#29.99#19.14
-98.9659,24.4912#50.96#29.92#19.12
-98.9157,24.4925#51.04#29.85#19.11
-98.8656,24.4938#51.11#29.78#19.11
-98.8154,24.4951#51.19#29.71#19.1
-98.7652,24.4964#51.27#29.64#19.09
-98.7151,24.4977#51.35#29.57#19.08
-98.6649,24.4989#51.42#29.51#19.07
-98.6147,24.5001#51.5#29.44#19.06
-98.5646,24.5013#51.57#29.37#19.06
-98.5144,24.5025#51.65#29.3#19.05
-98.4642,24.5037#51.71#29.26#19.03
-98.414,24.5049#51.75#29.24#19.01
-98.3639,24.506#51.8#29.21#18.99
