-152.327,51.9019#30.22#36.19#33.59
-152.244,51.9039#30.19#36.16#33.65
-152.161,51.9059#30.16#36.13#33.71
-152.078,51.9078#30.13#36.1#33.77
-151.995,51.9096#30.11#36.07#33.82
-151.911,51.9113#30.08#36.02#33.9
-151.828,51.913#30.06#35.98#33.96
-151.745,51.9146#30.03#35.94#34.03
-151.662,51.9161#30.01#35.9#34.09
-151.579,51.9176#29.99#35.86#34.15
-151.496,51.919#29.96#35.82#34.22
-151.413,51.9203#29.94#35.77#34.29
-151.33,51.9215#29.92#35.72#34.36
-151.247,51.9226#29.9#35.67#34.43
-151.164,51.9237#29.88#35.62#34.5
-151.08,51.9247#29.85#35.57#34.58
-150.997,51.9257#29.83#35.52#34.65
-150.914,51.9265#29.82#35.46#34.72
-150.831,51.9273#29.8#35.41#34.79
-150.748,51.928#29.79#35.36#34.85
-150.665,51.9286#29.77#35.3#34.93
-150.582,51.9292#29.76#35.25#34.99
-150.498,51.9297#29.74#35.19#35.07
-150.415,51.9301#29.74#35.13#35.13
-150.332,51.9304#29.73#35.08#35.19
-150.249,51.9307#29.73#35.02#35.25
-150.166,51.9309#29.72#34.96#35.32
-150.083,51.931#29.72#34.9#35.38
-149.999,51.931#29.71#34.84#35.45
-149.916,51.931#29.8#34.79#35.41
-149.833,51.9309#29.89#34.73#35.38
-149.75,51.9307#29.99#34.67#35.34
-149.667,51.9304#30.08#34.62#35.3
-149.584,51.9301#30.17#34.56#35.27
-149.501,51.9297#30.26#34.5#35.24
-149.417,51.9292#30.36#34.45#35.19
-149.334,51.9286#30.46#34.4#35.14
-149.251,51.928#30.56#34.35#35.09
-149.168,51.9273#30.66#34.29#35.05
-149.085,51.9265#30.76#34.24#35
-149.002,51.9256#30.87#34.19#34.94
-148.919,51.9247#30.91#34.14#34.95
-148.835,51.9237#30.95#34.09#34.96
-148.752,51.9226#30.99#34.04#34.97
-148.669,51.9215#31.03#33.98#34.99
-148.586,51.9203#31.07#33.93#35
-148.503,51.9189#31.11#33.88#35.01
-148.42,51.9176#31.12#33.83#35.05
-148.337,51.9161#31.14#33.78#35.08
-148.254,51.9146#31.15#33.74#35.11
-148.171,51.913#31.17#33.69#35.14
-148.088,51.9113#31.18#33.64#35.18
-148.004,51.9096#31.2#33.59#35.21
-147.921,51.9078#31.2#33.54#35.26
-147.838,51.9059#31.21#33.49#35.3
-147.755,51.9039#31.21#33.45#35.34
-147.672,51.9018#31.22#33.4#35.38
-153.908,51.9001#30.59#36.78#32.63
-153.825,51.9035#30.59#36.75#32.66
-153.742,51.9069#30.58#36.72#32.7
-153.659,51.9102#30.57#36.69#32.74
-153.576,51.9135#30.57#36.66#32.77
-153.493,51.9166#30.56#36.64#32.8
-153.41,51.9197#30.54#36.61#32.85
-153.327,51.9227#30.52#36.58#32.9
-153.244,51.9257#30.5#36.56#32.94
-153.161,51.9285#30.48#36.53#32.99
-153.078,51.9313#30.47#36.5#33.03
-152.995,51.934#30.45#36.47#33.08
-152.912,51.9367#30.42#36.45#33.13
-152.829,51.9392#30.39#36.42#33.19
-152.746,51.9417#30.37#36.39#33.24
-152.663,51.9442#30.34#36.37#33.29
-152.579,51.9465#30.31#36.34#33.35
-152.496,51.9488#30.28#36.31#33.41
-152.413,51.951#30.26#36.28#33.46
-152.33,51.9531#30.23#36.25#33.52
-152.247,51.9551#30.2#36.21#33.59
-152.164,51.9571#30.17#36.18#33.65
-152.081,51.959#30.14#36.15#33.71
-151.997,51.9608#30.11#36.12#33.77
-151.914,51.9626#30.09#36.08#33.83
-151.831,51.9643#30.06#36.04#33.9
-151.748,51.9659#30.04#35.99#33.97
-151.665,51.9674#30.02#35.95#34.03
-151.581,51.9688#29.99#35.91#34.1
-151.498,51.9702#29.97#35.87#34.16
-151.415,51.9715#29.94#35.82#34.24
-151.332,51.9728#29.92#35.77#34.31
-151.248,51.9739#29.89#35.72#34.39
-151.165,51.975#29.87#35.67#34.46
-151.082,51.976#29.84#35.62#34.54
-150.999,51.9769#29.82#35.57#34.61
-150.915,51.9778#29.8#35.51#34.69
-150.832,51.9786#29.78#35.46#34.76
-150.749,51.9793#29.77#35.4#34.83
-150.666,51.9799#29.75#35.35#34.9
-150.582,51.9805#29.73#35.29#34.98
-150.499,51.981#29.71#35.24#35.05
-150.416,51.9814#29.71#35.18#35.11
-150.333,51.9817#29.7#35.12#35.18
-150.249,51.982#29.7#35.06#35.24
-150.166,51.9821#29.69#35.01#35.3
-150.083,51.9823#29.69#34.95#35.36
-149.999,51.9823#29.68#34.89#35.43
-149.916,51.9823#29.77#34.83#35.4
-149.833,51.9821#29.87#34.78#35.35
-149.75,51.982#29.96#34.72#35.32
-149.666,51.9817#30.05#34.66#35.29
-149.583,51.9814#30.15#34.61#35.24
-149.5,51.9809#30.24#34.55#35.21
-149.417,51.9805#30.34#34.5#35.16
-149.333,51.9799#30.44#34.45#35.11
-149.25,51.9793#30.55#34.39#35.06
-149.167,51.9786#30.65#34.34#35.01
-149.083,51.9778#30.75#34.29#34.96
-149,51.9769#30.86#34.24#34.9
-148.917,51.976#30.9#34.19#34.91
-148.834,51.975#30.94#34.14#34.92
-148.75,51.9739#30.98#34.08#34.94
-148.667,51.9727#31.02#34.03#34.95
-148.584,51.9715#31.06#33.98#34.96
-148.501,51.9702#31.1#33.93#34.97
-148.418,51.9688#31.11#33.88#35.01
-148.334,51.9674#31.13#33.83#35.04
-148.251,51.9658#31.14#33.78#35.08
-148.168,51.9642#31.16#33.74#35.1
-148.085,51.9626#31.17#33.69#35.14
-148.002,51.9608#31.19#33.64#35.17
-147.918,51.959#31.19#33.59#35.22
-147.835,51.9571#31.2#33.54#35.26
-147.752,51.9551#31.2#33.5#35.3
-147.669,51.9531#31.21#33.45#35.34
-147.586,51.9509#31.22#33.4#35.38
-147.503,51.9487#31.22#33.36#35.42
-147.42,51.9465#31.22#33.32#35.46
-147.336,51.9441#31.22#33.28#35.5
-147.253,51.9417#31.22#33.24#35.54
-147.17,51.9392#31.23#33.2#35.57
-147.087,51.9366#31.23#33.16#35.61
-147.004,51.934#31.23#33.13#35.64
-146.921,51.9313#31.23#33.09#35.68
-146.838,51.9285#31.23#33.06#35.71
-146.755,51.9256#31.23#33.02#35.75
-146.672,51.9227#31.23#32.99#35.78
-146.589,51.9197#31.23#32.96#35.81
-146.506,51.9166#31.23#32.92#35.85
-146.423,51.9134#31.23#32.9#35.87
-146.34,51.9102#31.23#32.88#35.89
-146.257,51.9069#31.23#32.86#35.91
-146.174,51.9035#31.23#32.83#35.94
-146.091,51.9#31.23#32.81#35.96
-154.908,51.9039#30.49#37.14#32.37
-154.825,51.9083#30.5#37.12#32.38
-154.743,51.9125#30.51#37.09#32.4
-154.66,51.9167#30.52#37.07#32.41
-154.577,51.9209#30.54#37.04#32.42
-154.494,51.9249#30.55#37.01#32.44
-154.411,51.9289#30.55#36.99#32.46
-154.328,51.9328#30.56#36.96#32.48
-154.245,51.9366#30.56#36.94#32.5
-154.162,51.9404#30.57#36.91#32.52
-154.079,51.9441#30.57#36.89#32.54
-153.996,51.9477#30.58#36.86#32.56
-153.913,51.9512#30.57#36.84#32.59
-153.83,51.9547#30.57#36.81#32.62
-153.747,51.9581#30.56#36.78#32.66
-153.664,51.9614#30.56#36.75#32.69
-153.581,51.9646#30.55#36.72#32.73
-153.498,51.9678#30.54#36.7#32.76
-153.415,51.9709#30.53#36.67#32.8
-153.332,51.9739#30.51#36.64#32.85
-153.249,51.9769#30.49#36.61#32.9
-153.166,51.9797#30.48#36.59#32.93
-153.082,51.9825#30.46#36.56#32.98
-152.999,51.9853#30.45#36.53#33.02
-152.916,51.9879#30.42#36.5#33.08
-152.833,51.9905#30.39#36.48#33.13
-152.75,51.993#30.37#36.45#33.18
-152.666,51.9954#30.34#36.42#33.24
-152.583,51.9977#30.32#36.39#33.29
-152.5,52#30.29#36.37#33.34
-152.417,52.0022#30.26#36.33#33.41
-152.333,52.0043#30.24#36.3#33.46
-152.25,52.0064#30.21#36.27#33.52
-152.167,52.0084#30.18#36.24#33.58
-152.084,52.0103#30.15#36.2#33.65
-152,52.0121#30.12#36.17#33.71
-151.917,52.0139#30.1#36.13#33.77
-151.834,52.0155#30.07#36.09#33.84
-151.75,52.0171#30.05#36.04#33.91
-151.667,52.0187#30.02#36#33.98
-151.584,52.0201#30#35.96#34.04
-151.5,52.0215#29.97#35.92#34.11
-151.417,52.0228#29.94#35.87#34.19
-151.334,52.024#29.92#35.82#34.26
-151.25,52.0252#29.89#35.77#34.34
-151.167,52.0263#29.86#35.71#34.43
-151.084,52.0273#29.83#35.66#34.51
-151,52.0282#29.81#35.61#34.58
-150.917,52.0291#29.79#35.56#34.65
-150.833,52.0299#29.77#35.5#34.73
-150.75,52.0306#29.75#35.45#34.8
-150.667,52.0312#29.73#35.39#34.88
-150.583,52.0318#29.71#35.34#34.95
-150.5,52.0323#29.69#35.28#35.03
-150.416,52.0327#29.68#35.22#35.1
-150.333,52.033#29.67#35.17#35.16
-150.25,52.0333#29.67#35.11#35.22
-150.166,52.0334#29.66#35.05#35.29
-150.083,52.0336#29.65#34.99#35.36
-149.999,52.0336#29.65#34.93#35.42
-149.916,52.0336#29.74#34.88#35.38
-149.833,52.0334#29.84#34.82#35.34
-149.749,52.0333#29.93#34.77#35.3
-149.666,52.033#30.03#34.71#35.26
-149.582,52.0327#30.12#34.65#35.23
-149.499,52.0322#30.22#34.6#35.18
-149.416,52.0318#30.32#34.55#35.13
-149.332,52.0312#30.43#34.49#35.08
-149.249,52.0306#30.53#34.44#35.03
-149.166,52.0299#30.64#34.39#34.97
-149.082,52.0291#30.74#34.34#34.92
-148.999,52.0282#30.84#34.29#34.87
-148.915,52.0273#30.88#34.24#34.88
-148.832,52.0263#30.93#34.18#34.89
-148.749,52.0252#30.97#34.13#34.9
-148.665,52.024#31.01#34.08#34.91
-148.582,52.0228#31.05#34.03#34.92
-148.499,52.0215#31.09#33.98#34.93
-148.415,52.0201#31.1#33.93#34.97
-148.332,52.0187#31.12#33.88#35
-148.249,52.0171#31.14#33.83#35.03
-148.165,52.0155#31.15#33.78#35.07
-148.082,52.0138#31.17#33.74#35.09
-147.999,52.0121#31.18#33.69#35.13
-147.915,52.0103#31.19#33.64#35.17
-147.832,52.0083#31.19#33.59#35.22
-147.749,52.0064#31.2#33.55#35.25
-147.666,52.0043#31.2#33.5#35.3
-147.582,52.0022#31.21#33.45#35.34
-147.499,52#31.21#33.41#35.38
-147.416,51.9977#31.21#33.37#35.42
-147.333,51.9954#31.22#33.33#35.45
-147.249,51.9929#31.22#33.29#35.49
-147.166,51.9904#31.22#33.25#35.53
-147.083,51.9879#31.22#33.21#35.57
-147,51.9852#31.22#33.17#35.61
-146.917,51.9825#31.22#33.13#35.65
-146.833,51.9797#31.22#33.09#35.69
-146.75,51.9768#31.22#33.05#35.73
-146.667,51.9739#31.22#33.02#35.76
-146.584,51.9709#31.22#32.98#35.8
-146.501,51.9678#31.22#32.94#35.84
-146.418,51.9646#31.22#32.92#35.86
-146.335,51.9614#31.22#32.9#35.88
-146.252,51.958#31.22#32.87#35.91
-146.169,51.9547#31.22#32.85#35.93
-146.086,51.9512#31.23#32.83#35.94
-146.003,51.9477#31.23#32.81#35.96
-145.92,51.944#31.23#32.79#35.98
-145.837,51.9404#31.23#32.76#36.01
-145.754,51.9366#31.23#32.74#36.03
-145.671,51.9328#31.23#32.72#36.05
-145.588,51.9289#31.23#32.7#36.07
-145.505,51.9249#31.23#32.68#36.09
-145.422,51.9208#31.23#32.65#36.12
-145.339,51.9167#31.23#32.63#36.14
-145.256,51.9125#31.23#32.61#36.16
-145.174,51.9082#31.23#32.59#36.18
-145.091,51.9039#31.23#32.57#36.2
-155.826,51.9022#30.29#37.47#32.24
-155.743,51.9074#30.31#37.45#32.24
-155.661,51.9125#30.32#37.43#32.25
-155.578,51.9175#30.34#37.4#32.26
-155.495,51.9224#30.35#37.38#32.27
-155.412,51.9273#30.37#37.36#32.27
-155.33,51.9321#30.38#37.33#32.29
-155.247,51.9368#30.4#37.31#32.29
-155.164,51.9415#30.41#37.28#32.31
-155.081,51.9461#30.43#37.26#32.31
-154.998,51.9506#30.44#37.23#32.33
-154.915,51.955#30.45#37.2#32.35
-154.832,51.9594#30.47#37.18#32.35
-154.749,51.9636#30.48#37.15#32.37
-154.666,51.9679#30.49#37.13#32.38
-154.583,51.972#30.5#37.1#32.4
-154.5,51.9761#30.52#37.08#32.4
-154.417,51.98#30.52#37.05#32.43
-154.334,51.984#30.53#37.03#32.44
-154.251,51.9878#30.53#37#32.47
-154.168,51.9916#30.54#36.97#32.49
-154.085,51.9952#30.55#36.95#32.5
-154.002,51.9989#30.55#36.92#32.53
-153.919,52.0024#30.55#36.9#32.55
-153.836,52.0059#30.55#36.87#32.58
-153.753,52.0093#30.54#36.84#32.62
-153.669,52.0126#30.54#36.81#32.65
-153.586,52.0158#30.53#36.78#32.69
-153.503,52.019#30.53#36.75#32.72
-153.42,52.0221#30.52#36.73#32.75
-153.337,52.0251#30.5#36.7#32.8
-153.253,52.0281#30.49#36.67#32.84
-153.17,52.031#30.47#36.64#32.89
-153.087,52.0338#30.46#36.62#32.92
-153.004,52.0365#30.44#36.59#32.97
-152.92,52.0391#30.42#36.56#33.02
-152.837,52.0417#30.39#36.53#33.08
-152.754,52.0442#30.37#36.51#33.12
-152.67,52.0466#30.35#36.48#33.17
-152.587,52.049#30.32#36.45#33.23
-152.504,52.0513#30.3#36.42#33.28
-152.42,52.0535#30.27#36.39#33.34
-152.337,52.0556#30.24#36.36#33.4
-152.253,52.0577#30.22#36.32#33.46
-152.17,52.0596#30.19#36.29#33.52
-152.087,52.0615#30.16#36.26#33.58
-152.003,52.0634#30.13#36.22#33.65
-151.92,52.0651#30.11#36.18#33.71
-151.836,52.0668#30.08#36.14#33.78
-151.753,52.0684#30.05#36.09#33.86
-151.669,52.07#30.03#36.05#33.92
-151.586,52.0714#30#36.01#33.99
-151.503,52.0728#29.98#35.97#34.05
-151.419,52.0741#29.95#35.91#34.14
-151.336,52.0753#29.92#35.86#34.22
-151.252,52.0765#29.88#35.81#34.31
-151.169,52.0776#29.85#35.76#34.39
-151.085,52.0786#29.82#35.71#34.47
-151.002,52.0795#29.79#35.66#34.55
-150.918,52.0804#29.77#35.6#34.63
-150.835,52.0812#29.75#35.55#34.7
-150.751,52.0819#29.73#35.49#34.78
-150.668,52.0825#29.7#35.44#34.86
-150.584,52.0831#29.68#35.38#34.94
-150.501,52.0836#29.66#35.33#35.01
-150.417,52.084#29.65#35.27#35.08
-150.334,52.0843#29.64#35.21#35.15
-150.25,52.0846#29.64#35.15#35.21
-150.167,52.0848#29.63#35.1#35.27
-150.083,52.0849#29.62#35.04#35.34
-149.999,52.0849#29.62#34.98#35.4
-149.916,52.0849#29.71#34.92#35.37
-149.832,52.0848#29.81#34.87#35.32
-149.749,52.0846#29.9#34.81#35.29
-149.665,52.0843#30#34.76#35.24
-149.582,52.084#30.1#34.7#35.2
-149.498,52.0836#30.19#34.64#35.17
-149.415,52.0831#30.3#34.59#35.11
-149.331,52.0825#30.41#34.54#35.05
-149.248,52.0819#30.51#34.49#35
-149.164,52.0812#30.62#34.44#34.94
-149.081,52.0804#30.73#34.39#34.88
-148.997,52.0795#30.83#34.34#34.83
-148.914,52.0786#30.87#34.28#34.85
-148.83,52.0776#30.92#34.23#34.85
-148.747,52.0765#30.96#34.18#34.86
-148.663,52.0753#31#34.13#34.87
-148.58,52.0741#31.04#34.08#34.88
-148.496,52.0728#31.08#34.03#34.89
-148.413,52.0714#31.1#33.98#34.92
-148.329,52.0699#31.11#33.93#34.96
-148.246,52.0684#31.13#33.88#34.99
-148.163,52.0668#31.14#33.83#35.03
-148.079,52.0651#31.16#33.78#35.06
-147.996,52.0634#31.17#33.74#35.09
-147.912,52.0615#31.18#33.69#35.13
-147.829,52.0596#31.18#33.64#35.18
-147.746,52.0576#31.19#33.6#35.21
-147.662,52.0556#31.19#33.55#35.26
-147.579,52.0535#31.2#33.5#35.3
-147.495,52.0512#31.2#33.46#35.34
-147.412,52.049#31.21#33.41#35.38
-147.329,52.0466#31.21#33.37#35.42
-147.245,52.0442#31.21#33.33#35.46
-147.162,52.0417#31.21#33.29#35.5
-147.079,52.0391#31.21#33.25#35.54
-146.995,52.0364#31.21#33.21#35.58
-146.912,52.0337#31.21#33.16#35.63
-146.829,52.0309#31.21#33.12#35.67
-146.746,52.028#31.21#33.08#35.71
-146.662,52.0251#31.21#33.04#35.75
-146.579,52.0221#31.21#33#35.79
-146.496,52.019#31.21#32.96#35.83
-146.413,52.0158#31.21#32.94#35.85
-146.329,52.0126#31.21#32.92#35.87
-146.246,52.0092#31.22#32.89#35.89
-146.163,52.0058#31.22#32.87#35.91
-146.08,52.0024#31.22#32.85#35.93
-145.997,51.9988#31.22#32.82#35.96
-145.914,51.9952#31.22#32.8#35.98
-145.831,51.9915#31.22#32.78#36
-145.748,51.9877#31.22#32.76#36.02
-145.665,51.9839#31.22#32.74#36.04
-145.581,51.98#31.22#32.72#36.06
-145.498,51.976#31.22#32.69#36.09
-145.415,51.9719#31.22#32.67#36.11
-145.333,51.9678#31.22#32.65#36.13
-145.25,51.9636#31.22#32.63#36.15
-145.167,51.9593#31.23#32.61#36.16
-145.084,51.9549#31.23#32.58#36.19
-145.001,51.9505#31.23#32.56#36.21
-144.918,51.946#31.23#32.55#36.22
-144.835,51.9414#31.23#32.53#36.24
-144.752,51.9368#31.23#32.51#36.26
-144.669,51.9321#31.23#32.5#36.27
-144.587,51.9273#31.24#32.48#36.28
-144.504,51.9224#31.24#32.46#36.3
-144.421,51.9174#31.24#32.45#36.31
-144.338,51.9124#31.24#32.44#36.32
-144.256,51.9073#31.25#32.43#36.32
-144.173,51.9021#31.25#32.42#36.33
-156.578,51.9033#30.09#37.73#32.18
-156.496,51.9092#30.11#37.71#32.18
-156.413,51.9149#30.12#37.69#32.19
-156.331,51.9206#30.14#37.67#32.19
-156.248,51.9262#30.16#37.65#32.19
-156.165,51.9318#30.18#37.63#32.19
-156.083,51.9372#30.2#37.61#32.19
-156,51.9426#30.21#37.58#32.21
-155.917,51.948#30.23#37.56#32.21
-155.834,51.9532#30.25#37.54#32.21
-155.752,51.9584#30.26#37.52#32.22
-155.669,51.9635#30.28#37.49#32.23
-155.586,51.9685#30.3#37.47#32.23
-155.503,51.9735#30.31#37.45#32.24
-155.42,51.9784#30.33#37.42#32.25
-155.337,51.9832#30.34#37.4#32.26
-155.254,51.9879#30.36#37.37#32.27
-155.171,51.9926#30.37#37.35#32.28
-155.088,51.9972#30.39#37.32#32.29
-155.005,52.0017#30.4#37.29#32.31
-154.922,52.0061#30.42#37.27#32.31
-154.839,52.0105#30.43#37.24#32.33
-154.756,52.0148#30.44#37.22#32.34
-154.673,52.019#30.46#37.19#32.35
-154.59,52.0231#30.47#37.16#32.37
-154.507,52.0272#30.48#37.14#32.38
-154.424,52.0312#30.49#37.11#32.4
-154.341,52.0351#30.5#37.09#32.41
-154.258,52.039#30.5#37.06#32.44
-154.174,52.0427#30.51#37.04#32.45
-154.091,52.0464#30.52#37.01#32.47
-154.008,52.05#30.53#36.98#32.49
-153.925,52.0536#30.53#36.96#32.51
-153.841,52.0571#30.52#36.93#32.55
-153.758,52.0605#30.52#36.9#32.58
-153.675,52.0638#30.52#36.87#32.61
-153.592,52.0671#30.52#36.84#32.64
-153.508,52.0702#30.52#36.81#32.67
-153.425,52.0733#30.5#36.78#32.72
-153.342,52.0764#30.49#36.76#32.75
-153.258,52.0793#30.48#36.73#32.79
-153.175,52.0822#30.47#36.7#32.83
-153.091,52.085#30.45#36.67#32.88
-153.008,52.0877#30.44#36.65#32.91
-152.925,52.0904#30.42#36.62#32.96
-152.841,52.093#30.4#36.59#33.01
-152.758,52.0955#30.37#36.56#33.07
-152.674,52.0979#30.35#36.53#33.12
-152.591,52.1003#30.33#36.51#33.16
-152.507,52.1025#30.31#36.48#33.21
-152.424,52.1048#30.28#36.44#33.28
-152.34,52.1069#30.25#36.41#33.34
-152.257,52.1089#30.22#36.38#33.4
-152.173,52.1109#30.2#36.34#33.46
-152.09,52.1128#30.17#36.31#33.52
-152.006,52.1147#30.14#36.28#33.58
-151.923,52.1164#30.11#36.23#33.66
-151.839,52.1181#30.09#36.19#33.72
-151.755,52.1197#30.06#36.15#33.79
-151.672,52.1213#30.03#36.1#33.87
-151.588,52.1227#30.01#36.06#33.93
-151.505,52.1241#29.98#36.01#34.01
-151.421,52.1254#29.95#35.96#34.09
-151.338,52.1267#29.91#35.91#34.18
-151.254,52.1278#29.88#35.86#34.26
-151.17,52.1289#29.85#35.81#34.34
-151.087,52.1299#29.81#35.76#34.43
-151.003,52.1309#29.78#35.71#34.51
-150.92,52.1317#29.76#35.65#34.59
-150.836,52.1325#29.73#35.6#34.67
-150.752,52.1332#29.71#35.54#34.75
-150.669,52.1338#29.68#35.49#34.83
-150.585,52.1344#29.66#35.43#34.91
-150.501,52.1349#29.63#35.37#35
-150.418,52.1353#29.62#35.32#35.06
-150.334,52.1356#29.62#35.26#35.12
-150.25,52.1359#29.61#35.2#35.19
-150.167,52.1361#29.6#35.14#35.26
-150.083,52.1362#29.59#35.08#35.33
-149.999,52.1362#29.58#35.02#35.4
-149.916,52.1362#29.68#34.97#35.35
-149.832,52.1361#29.78#34.91#35.31
-149.749,52.1359#29.88#34.86#35.26
-149.665,52.1356#29.98#34.8#35.22
-149.581,52.1353#30.07#34.75#35.18
-149.498,52.1349#30.17#34.69#35.14
-149.414,52.1344#30.28#34.64#35.08
-149.33,52.1338#30.39#34.59#35.02
-149.247,52.1332#30.5#34.54#34.96
-149.163,52.1325#30.61#34.49#34.9
-149.079,52.1317#30.72#34.44#34.84
-148.996,52.1308#30.82#34.38#34.8
-148.912,52.1299#30.86#34.33#34.81
-148.829,52.1289#30.91#34.28#34.81
-148.745,52.1278#30.95#34.23#34.82
-148.661,52.1266#30.99#34.18#34.83
-148.578,52.1254#31.03#34.13#34.84
-148.494,52.1241#31.07#34.08#34.85
-148.411,52.1227#31.09#34.03#34.88
-148.327,52.1212#31.1#33.98#34.92
-148.243,52.1197#31.12#33.93#34.95
-148.16,52.1181#31.13#33.88#34.99
-148.076,52.1164#31.15#33.83#35.02
-147.993,52.1147#31.16#33.79#35.05
-147.909,52.1128#31.17#33.74#35.09
-147.826,52.1109#31.18#33.69#35.13
-147.742,52.1089#31.18#33.65#35.17
-147.659,52.1069#31.19#33.6#35.21
-147.575,52.1047#31.19#33.55#35.26
-147.492,52.1025#31.2#33.51#35.29
-147.408,52.1002#31.2#33.46#35.34
-147.325,52.0979#31.2#33.42#35.38
-147.241,52.0954#31.2#33.38#35.42
-147.158,52.0929#31.2#33.33#35.47
-147.074,52.0904#31.2#33.29#35.51
-146.991,52.0877#31.2#33.24#35.56
-146.908,52.085#31.2#33.2#35.6
-146.824,52.0822#31.2#33.16#35.64
-146.741,52.0793#31.2#33.11#35.69
-146.657,52.0763#31.2#33.07#35.73
-146.574,52.0733#31.21#33.02#35.77
-146.491,52.0702#31.21#32.98#35.81
-146.407,52.067#31.21#32.96#35.83
-146.324,52.0638#31.21#32.93#35.86
-146.241,52.0604#31.21#32.91#35.88
-146.158,52.057#31.21#32.89#35.9
-146.074,52.0536#31.21#32.86#35.93
-145.991,52.05#31.21#32.84#35.95
-145.908,52.0464#31.21#32.82#35.97
-145.825,52.0427#31.21#32.8#35.99
-145.741,52.0389#31.21#32.78#36.01
-145.658,52.0351#31.21#32.76#36.03
-145.575,52.0311#31.21#32.73#36.06
-145.492,52.0271#31.21#32.71#36.08
-145.409,52.0231#31.21#32.69#36.1
-145.326,52.0189#31.21#32.67#36.12
-145.243,52.0147#31.22#32.65#36.13
-145.16,52.0104#31.22#32.63#36.15
-145.077,52.0061#31.22#32.6#36.18
-144.994,52.0016#31.22#32.58#36.2
-144.911,51.9971#31.22#32.57#36.21
-144.828,51.9925#31.22#32.55#36.23
-144.745,51.9878#31.22#32.53#36.25
-144.662,51.9831#31.22#32.52#36.26
-144.579,51.9783#31.23#32.5#36.27
-144.496,51.9734#31.23#32.49#36.28
-144.413,51.9685#31.23#32.48#36.29
-144.33,51.9634#31.23#32.46#36.31
-144.247,51.9583#31.24#32.45#36.31
-144.165,51.9532#31.24#32.44#36.32
-144.082,51.9479#31.25#32.43#36.32
-143.999,51.9426#31.25#32.42#36.33
-143.916,51.9372#31.26#32.41#36.33
-143.834,51.9317#31.26#32.39#36.35
-143.751,51.9262#31.27#32.38#36.35
-143.668,51.9205#31.28#32.36#36.36
-143.586,51.9149#31.28#32.35#36.37
-143.503,51.9091#31.29#32.34#36.37
-143.421,51.9033#31.3#32.32#36.38
-157.248,51.9049#29.87#37.97#32.16
-157.166,51.9113#29.89#37.95#32.16
-157.083,51.9176#29.91#37.93#32.16
-157.001,51.9239#29.94#37.9#32.16
-156.918,51.9301#29.95#37.88#32.17
-156.836,51.9363#29.97#37.86#32.17
-156.753,51.9423#29.99#37.84#32.17
-156.671,51.9483#30.02#37.82#32.16
-156.588,51.9543#30.04#37.8#32.16
-156.505,51.9601#30.06#37.78#32.16
-156.423,51.9659#30.08#37.76#32.16
-156.34,51.9716#30.09#37.74#32.17
-156.257,51.9772#30.11#37.72#32.17
-156.174,51.9828#30.13#37.7#32.17
-156.091,51.9882#30.15#37.67#32.18
-156.009,51.9937#30.17#37.65#32.18
-155.926,51.999#30.19#37.63#32.18
-155.843,52.0042#30.2#37.61#32.19
-155.76,52.0094#30.22#37.58#32.2
-155.677,52.0145#30.24#37.56#32.2
-155.594,52.0196#30.25#37.54#32.21
-155.511,52.0245#30.27#37.52#32.21
-155.428,52.0294#30.29#37.49#32.22
-155.345,52.0343#30.3#37.46#32.24
-155.262,52.039#30.32#37.44#32.24
-155.179,52.0437#30.34#37.41#32.25
-155.096,52.0483#30.35#37.38#32.27
-155.013,52.0528#30.37#37.36#32.27
-154.93,52.0572#30.38#37.33#32.29
-154.846,52.0616#30.39#37.31#32.3
-154.763,52.0659#30.41#37.28#32.31
-154.68,52.0701#30.42#37.25#32.33
-154.597,52.0743#30.44#37.23#32.33
-154.514,52.0783#30.45#37.2#32.35
-154.43,52.0823#30.46#37.18#32.36
-154.347,52.0863#30.47#37.15#32.38
-154.264,52.0901#30.48#37.12#32.4
-154.18,52.0939#30.48#37.1#32.42
-154.097,52.0976#30.49#37.07#32.44
-154.014,52.1012#30.5#37.04#32.46
-153.93,52.1048#30.5#37.02#32.48
-153.847,52.1083#30.5#36.99#32.51
-153.764,52.1117#30.5#36.96#32.54
-153.68,52.115#30.5#36.93#32.57
-153.597,52.1183#30.5#36.9#32.6
-153.513,52.1215#30.5#36.87#32.63
-153.43,52.1246#30.49#36.84#32.67
-153.346,52.1276#30.48#36.81#32.71
-153.263,52.1306#30.47#36.79#32.74
-153.179,52.1334#30.46#36.76#32.78
-153.096,52.1363#30.45#36.73#32.82
-153.012,52.139#30.44#36.7#32.86
-152.929,52.1417#30.42#36.68#32.9
-152.845,52.1442#30.4#36.65#32.95
-152.762,52.1467#30.37#36.62#33.01
-152.678,52.1492#30.35#36.59#33.06
-152.595,52.1515#30.33#36.56#33.11
-152.511,52.1538#30.31#36.53#33.16
-152.427,52.156#30.29#36.5#33.21
-152.344,52.1582#30.26#36.47#33.27
-152.26,52.1602#30.23#36.43#33.34
-152.176,52.1622#30.2#36.4#33.4
-152.093,52.1641#30.18#36.36#33.46
-152.009,52.166#30.15#36.33#33.52
-151.925,52.1677#30.12#36.28#33.6
-151.842,52.1694#30.09#36.24#33.67
-151.758,52.171#30.07#36.2#33.73
-151.674,52.1726#30.04#36.15#33.81
-151.591,52.174#30.01#36.11#33.88
-151.507,52.1754#29.98#36.06#33.96
-151.423,52.1767#29.95#36.01#34.04
-151.34,52.178#29.91#35.96#34.13
-151.256,52.1791#29.88#35.91#34.21
-151.172,52.1802#29.84#35.86#34.3
-151.088,52.1812#29.8#35.8#34.4
-151.005,52.1822#29.77#35.75#34.48
-150.921,52.1831#29.74#35.7#34.56
-150.837,52.1838#29.71#35.64#34.65
-150.753,52.1846#29.69#35.59#34.72
-150.67,52.1852#29.66#35.53#34.81
-150.586,52.1858#29.63#35.48#34.89
-150.502,52.1862#29.6#35.42#34.98
-150.418,52.1867#29.59#35.36#35.05
-150.335,52.187#29.59#35.3#35.11
-150.251,52.1873#29.58#35.25#35.17
-150.167,52.1874#29.57#35.19#35.24
-150.083,52.1876#29.56#35.13#35.31
-149.999,52.1876#29.55#35.07#35.38
-149.916,52.1875#29.65#35.01#35.34
-149.832,52.1874#29.75#34.96#35.29
-149.748,52.1872#29.85#34.9#35.25
-149.664,52.187#29.95#34.85#35.2
-149.581,52.1866#30.05#34.79#35.16
-149.497,52.1862#30.15#34.74#35.11
-149.413,52.1857#30.26#34.69#35.05
-149.329,52.1852#30.37#34.64#34.99
-149.246,52.1845#30.48#34.59#34.93
-149.162,52.1838#30.59#34.53#34.88
-149.078,52.183#30.7#34.48#34.82
-148.994,52.1822#30.81#34.43#34.76
-148.911,52.1812#30.85#34.38#34.77
-148.827,52.1802#30.9#34.33#34.77
-148.743,52.1791#30.94#34.28#34.78
-148.659,52.178#30.98#34.23#34.79
-148.576,52.1767#31.02#34.18#34.8
-148.492,52.1754#31.06#34.13#34.81
-148.408,52.174#31.08#34.08#34.84
-148.325,52.1726#31.09#34.03#34.88
-148.241,52.171#31.11#33.98#34.91
-148.157,52.1694#31.13#33.93#34.94
-148.074,52.1677#31.14#33.88#34.98
-147.99,52.166#31.16#33.83#35.01
-147.906,52.1641#31.16#33.79#35.05
-147.823,52.1622#31.17#33.74#35.09
-147.739,52.1602#31.17#33.7#35.13
-147.655,52.1582#31.18#33.65#35.17
-147.572,52.156#31.18#33.6#35.22
-147.488,52.1538#31.19#33.56#35.25
-147.404,52.1515#31.19#33.51#35.3
-147.321,52.1492#31.19#33.47#35.34
-147.237,52.1467#31.19#33.42#35.39
-147.154,52.1442#31.19#33.37#35.44
-147.07,52.1416#31.19#33.33#35.48
-146.987,52.139#31.2#33.28#35.52
-146.903,52.1362#31.2#33.24#35.56
-146.82,52.1334#31.2#33.19#35.61
-146.736,52.1305#31.2#33.14#35.66
-146.653,52.1276#31.2#33.09#35.71
-146.569,52.1245#31.2#33.05#35.75
-146.486,52.1214#31.2#33#35.8
-146.402,52.1182#31.2#32.98#35.82
-146.319,52.115#31.2#32.95#35.85
-146.235,52.1116#31.2#32.93#35.87
-146.152,52.1082#31.2#32.9#35.9
-146.069,52.1048#31.2#32.88#35.92
-145.985,52.1012#31.2#32.86#35.94
-145.902,52.0976#31.2#32.84#35.96
-145.819,52.0939#31.2#32.82#35.98
-145.735,52.0901#31.2#32.79#36.01
-145.652,52.0862#31.2#32.77#36.03
-145.569,52.0823#31.2#32.75#36.05
-145.485,52.0783#31.2#32.73#36.07
-145.402,52.0742#31.2#32.71#36.09
-145.319,52.0701#31.21#32.69#36.1
-145.236,52.0658#31.21#32.67#36.12
-145.153,52.0615#31.21#32.64#36.15
-145.069,52.0572#31.21#32.62#36.17
-144.986,52.0527#31.21#32.6#36.19
-144.903,52.0482#31.21#32.59#36.2
-144.82,52.0436#31.21#32.57#36.22
-144.737,52.0389#31.21#32.55#36.24
-144.654,52.0342#31.22#32.54#36.24
-144.571,52.0294#31.22#32.52#36.26
-144.488,52.0245#31.22#32.51#36.27
-144.405,52.0195#31.22#32.5#36.28
-144.322,52.0145#31.22#32.49#36.29
-144.239,52.0094#31.23#32.48#36.29
-144.156,52.0042#31.23#32.47#36.3
-144.073,51.9989#31.24#32.45#36.31
-143.99,51.9936#31.24#32.44#36.32
-143.907,51.9882#31.25#32.43#36.32
-143.825,51.9827#31.25#32.42#36.33
-143.742,51.9771#31.26#32.4#36.34
-143.659,51.9715#31.26#32.39#36.35
-143.576,51.9658#31.27#32.38#36.35
-143.494,51.96#31.28#32.36#36.36
-143.411,51.9542#31.28#32.35#36.37
-143.328,51.9483#31.29#32.34#36.37
-143.246,51.9423#31.3#32.32#36.38
-143.163,51.9362#31.31#32.31#36.38
-143.081,51.9301#31.32#32.29#36.39
-142.998,51.9239#31.32#32.28#36.4
-142.916,51.9176#31.33#32.26#36.41
-142.833,51.9112#31.34#32.25#36.41
-142.751,51.9048#31.36#32.24#36.4
-157.918,51.9015#29.62#38.21#32.17
-157.836,51.9086#29.64#38.19#32.17
-157.754,51.9155#29.67#38.17#32.16
-157.671,51.9224#29.69#38.15#32.16
-157.589,51.9292#29.72#38.13#32.15
-157.506,51.9359#29.74#38.11#32.15
-157.424,51.9426#29.77#38.09#32.14
-157.341,51.9492#29.79#38.06#32.15
-157.259,51.9557#29.81#38.04#32.15
-157.176,51.9622#29.83#38.02#32.15
-157.094,51.9685#29.86#38#32.14
-157.011,51.9748#29.88#37.98#32.14
-156.928,51.9811#29.9#37.96#32.14
-156.846,51.9872#29.92#37.94#32.14
-156.763,51.9933#29.94#37.91#32.15
-156.68,51.9993#29.96#37.89#32.15
-156.598,52.0052#29.99#37.87#32.14
-156.515,52.0111#30.01#37.85#32.14
-156.432,52.0169#30.03#37.83#32.14
-156.349,52.0226#30.05#37.81#32.14
-156.266,52.0282#30.07#37.79#32.14
-156.183,52.0338#30.08#37.77#32.15
-156.1,52.0393#30.1#37.74#32.16
-156.017,52.0447#30.12#37.72#32.16
-155.934,52.05#30.14#37.7#32.16
-155.851,52.0553#30.16#37.68#32.16
-155.768,52.0605#30.18#37.65#32.17
-155.685,52.0656#30.2#37.63#32.17
-155.602,52.0706#30.21#37.61#32.18
-155.519,52.0756#30.23#37.58#32.19
-155.436,52.0805#30.25#37.56#32.19
-155.353,52.0853#30.26#37.53#32.21
-155.27,52.0901#30.28#37.5#32.22
-155.186,52.0948#30.3#37.48#32.22
-155.103,52.0994#30.31#37.45#32.24
-155.02,52.1039#30.33#37.42#32.25
-154.937,52.1084#30.34#37.4#32.26
-154.853,52.1127#30.36#37.37#32.27
-154.77,52.117#30.37#37.34#32.29
-154.687,52.1213#30.39#37.32#32.29
-154.604,52.1254#30.4#37.29#32.31
-154.52,52.1295#30.42#37.26#32.32
-154.437,52.1335#30.43#37.24#32.33
-154.353,52.1375#30.44#37.21#32.35
-154.27,52.1413#30.45#37.18#32.37
-154.187,52.1451#30.46#37.16#32.38
-154.103,52.1488#30.47#37.13#32.4
-154.02,52.1525#30.48#37.1#32.42
-153.936,52.156#30.48#37.08#32.44
-153.853,52.1595#30.48#37.05#32.47
-153.769,52.1629#30.48#37.02#32.5
-153.686,52.1663#30.48#36.99#32.53
-153.602,52.1695#30.49#36.96#32.55
-153.518,52.1727#30.49#36.93#32.58
-153.435,52.1758#30.48#36.9#32.62
-153.351,52.1789#30.47#36.87#32.66
-153.268,52.1818#30.46#36.85#32.69
-153.184,52.1847#30.45#36.82#32.73
-153.1,52.1875#30.44#36.79#32.77
-153.017,52.1903#30.43#36.76#32.81
-152.933,52.1929#30.42#36.73#32.85
-152.849,52.1955#30.4#36.7#32.9
-152.766,52.198#30.38#36.67#32.95
-152.682,52.2005#30.36#36.65#32.99
-152.598,52.2028#30.34#36.62#33.04
-152.515,52.2051#30.32#36.59#33.09
-152.431,52.2074#30.29#36.55#33.16
-152.347,52.2095#30.27#36.52#33.21
-152.263,52.2116#30.24#36.49#33.27
-152.18,52.2136#30.21#36.45#33.34
-152.096,52.2155#30.18#36.42#33.4
-152.012,52.2173#30.16#36.38#33.46
-151.928,52.2191#30.13#36.34#33.53
-151.844,52.2208#30.1#36.29#33.61
-151.761,52.2224#30.07#36.25#33.68
-151.677,52.2239#30.04#36.2#33.76
-151.593,52.2254#30.02#36.16#33.82
-151.509,52.2268#29.99#36.11#33.9
-151.425,52.2281#29.95#36.06#33.99
-151.341,52.2293#29.91#36.01#34.08
-151.258,52.2305#29.87#35.96#34.17
-151.174,52.2316#29.84#35.9#34.26
-151.09,52.2326#29.8#35.85#34.35
-151.006,52.2335#29.76#35.8#34.44
-150.922,52.2344#29.73#35.74#34.53
-150.838,52.2352#29.7#35.69#34.61
-150.754,52.2359#29.67#35.63#34.7
-150.671,52.2365#29.64#35.58#34.78
-150.587,52.2371#29.61#35.52#34.87
-150.503,52.2376#29.58#35.47#34.95
-150.419,52.238#29.57#35.41#35.02
-150.335,52.2384#29.56#35.35#35.09
-150.251,52.2386#29.55#35.29#35.16
-150.167,52.2388#29.54#35.23#35.23
-150.083,52.2389#29.53#35.17#35.3
-149.999,52.239#29.52#35.12#35.36
-149.916,52.2389#29.62#35.06#35.32
-149.832,52.2388#29.72#35.01#35.27
-149.748,52.2386#29.82#34.95#35.23
-149.664,52.2383#29.92#34.9#35.18
-149.58,52.238#30.02#34.84#35.14
-149.496,52.2376#30.12#34.79#35.09
-149.412,52.2371#30.24#34.73#35.03
-149.328,52.2365#30.35#34.68#34.97
-149.245,52.2359#30.46#34.63#34.91
-149.161,52.2352#30.58#34.58#34.84
-149.077,52.2344#30.69#34.53#34.78
-148.993,52.2335#30.8#34.48#34.72
-148.909,52.2326#30.84#34.43#34.73
-148.825,52.2316#30.88#34.38#34.74
-148.741,52.2305#30.93#34.33#34.74
-148.657,52.2293#30.97#34.28#34.75
-148.574,52.2281#31.01#34.23#34.76
-148.49,52.2268#31.05#34.17#34.78
-148.406,52.2254#31.07#34.13#34.8
-148.322,52.2239#31.09#34.08#34.83
-148.238,52.2224#31.1#34.03#34.87
-148.155,52.2207#31.12#33.98#34.9
-148.071,52.2191#31.13#33.93#34.94
-147.987,52.2173#31.15#33.88#34.97
-147.903,52.2154#31.15#33.84#35.01
-147.819,52.2135#31.16#33.79#35.05
-147.736,52.2115#31.16#33.75#35.09
-147.652,52.2095#31.17#33.7#35.13
-147.568,52.2073#31.18#33.65#35.17
-147.484,52.2051#31.18#33.61#35.21
-147.401,52.2028#31.18#33.56#35.26
-147.317,52.2004#31.18#33.51#35.31
-147.233,52.198#31.18#33.46#35.36
-147.15,52.1955#31.19#33.42#35.39
-147.066,52.1929#31.19#33.37#35.44
-146.982,52.1902#31.19#33.32#35.49
-146.899,52.1875#31.19#33.27#35.54
-146.815,52.1847#31.19#33.22#35.59
-146.731,52.1818#31.19#33.17#35.64
-146.648,52.1788#31.19#33.12#35.69
-146.564,52.1758#31.19#33.07#35.74
-146.481,52.1727#31.19#33.02#35.79
-146.397,52.1695#31.19#33#35.81
-146.313,52.1662#31.19#32.97#35.84
-146.23,52.1629#31.19#32.95#35.86
-146.146,52.1595#31.19#32.92#35.89
-146.063,52.156#31.19#32.9#35.91
-145.979,52.1524#31.19#32.87#35.94
-145.896,52.1488#31.19#32.85#35.96
-145.812,52.1451#31.19#32.83#35.98
-145.729,52.1413#31.19#32.81#36
-145.646,52.1374#31.19#32.79#36.02
-145.562,52.1335#31.19#32.77#36.04
-145.479,52.1295#31.2#32.75#36.05
-145.395,52.1254#31.2#32.73#36.07
-145.312,52.1212#31.2#32.71#36.09
-145.229,52.117#31.2#32.68#36.12
-145.145,52.1127#31.2#32.66#36.14
-145.062,52.1083#31.2#32.64#36.16
-144.979,52.1038#31.2#32.62#36.18
-144.896,52.0993#31.2#32.61#36.19
-144.812,52.0947#31.2#32.59#36.21
-144.729,52.09#31.2#32.58#36.22
-144.646,52.0853#31.21#32.56#36.23
-144.563,52.0805#31.21#32.54#36.25
-144.48,52.0756#31.21#32.53#36.26
-144.397,52.0706#31.21#32.52#36.27
-144.314,52.0655#31.21#32.51#36.28
-144.231,52.0604#31.22#32.5#36.28
-144.148,52.0552#31.22#32.49#36.29
-144.065,52.0499#31.22#32.48#36.3
-143.982,52.0446#31.23#32.47#36.3
-143.899,52.0392#31.23#32.46#36.31
-143.816,52.0337#31.24#32.44#36.32
-143.733,52.0281#31.25#32.43#36.32
-143.65,52.0225#31.25#32.41#36.34
-143.567,52.0168#31.26#32.4#36.34
-143.484,52.011#31.26#32.39#36.35
-143.401,52.0051#31.27#32.37#36.36
-143.319,51.9992#31.28#32.36#36.36
-143.236,51.9932#31.29#32.35#36.36
-143.153,51.9871#31.29#32.33#36.38
-143.071,51.981#31.3#32.32#36.38
-142.988,51.9747#31.31#32.3#36.39
-142.905,51.9685#31.32#32.29#36.39
-142.823,51.9621#31.33#32.28#36.39
-142.74,51.9556#31.34#32.26#36.4
-142.658,51.9491#31.35#32.25#36.4
-142.575,51.9425#31.36#32.23#36.41
-142.493,51.9359#31.37#32.22#36.41
-142.41,51.9291#31.38#32.2#36.42
-142.328,51.9223#31.4#32.19#36.41
-142.245,51.9154#31.41#32.17#36.42
-142.163,51.9085#31.42#32.16#36.42
-142.081,51.9015#31.44#32.14#36.42
-158.506,51.901#29.36#38.46#32.18
-158.424,51.9086#29.39#38.44#32.17
-158.341,51.916#29.42#38.42#32.16
-158.259,51.9234#29.44#38.39#32.17
-158.177,51.9308#29.47#38.36#32.17
-158.095,51.938#29.5#38.34#32.16
-158.012,51.9452#29.53#38.31#32.16
-157.93,51.9523#29.56#38.29#32.15
-157.847,51.9594#29.58#38.27#32.15
-157.765,51.9663#29.61#38.25#32.14
-157.682,51.9732#29.63#38.23#32.14
-157.6,51.98#29.66#38.2#32.14
-157.517,51.9868#29.69#38.18#32.13
-157.435,51.9935#29.71#38.16#32.13
-157.352,52.0001#29.73#38.14#32.13
-157.269,52.0066#29.76#38.12#32.12
-157.187,52.0131#29.78#38.1#32.12
-157.104,52.0194#29.8#38.07#32.13
-157.021,52.0257#29.83#38.05#32.12
-156.938,52.032#29.85#38.03#32.12
-156.856,52.0381#29.87#38.01#32.12
-156.773,52.0442#29.89#37.99#32.12
-156.69,52.0502#29.91#37.96#32.13
-156.607,52.0562#29.94#37.94#32.12
-156.524,52.062#29.96#37.92#32.12
-156.441,52.0678#29.98#37.9#32.12
-156.358,52.0736#30#37.88#32.12
-156.275,52.0792#30.02#37.86#32.12
-156.192,52.0848#30.04#37.83#32.13
-156.109,52.0903#30.06#37.81#32.13
-156.026,52.0957#30.08#37.79#32.13
-155.943,52.1011#30.1#37.77#32.13
-155.86,52.1063#30.12#37.74#32.14
-155.777,52.1115#30.13#37.72#32.15
-155.694,52.1167#30.15#37.7#32.15
-155.61,52.1217#30.17#37.67#32.16
-155.527,52.1267#30.19#37.65#32.16
-155.444,52.1316#30.21#37.62#32.17
-155.361,52.1364#30.22#37.6#32.18
-155.277,52.1412#30.24#37.57#32.19
-155.194,52.1459#30.26#37.54#32.2
-155.111,52.1505#30.28#37.51#32.21
-155.027,52.155#30.29#37.49#32.22
-154.944,52.1595#30.31#37.46#32.23
-154.861,52.1639#30.32#37.43#32.25
-154.777,52.1682#30.34#37.41#32.25
-154.694,52.1724#30.35#37.38#32.27
-154.61,52.1766#30.37#37.35#32.28
-154.527,52.1807#30.38#37.33#32.29
-154.443,52.1847#30.4#37.3#32.3
-154.36,52.1887#30.41#37.27#32.32
-154.276,52.1925#30.42#37.25#32.33
-154.193,52.1963#30.43#37.22#32.35
-154.109,52.2#30.44#37.19#32.37
-154.025,52.2037#30.45#37.16#32.39
-153.942,52.2072#30.46#37.14#32.4
-153.858,52.2107#30.46#37.11#32.43
-153.775,52.2142#30.46#37.08#32.46
-153.691,52.2175#30.46#37.05#32.49
-153.607,52.2208#30.47#37.02#32.51
-153.524,52.224#30.47#36.99#32.54
-153.44,52.2271#30.46#36.96#32.58
-153.356,52.2301#30.46#36.93#32.61
-153.272,52.2331#30.45#36.9#32.65
-153.189,52.236#30.44#36.87#32.69
-153.105,52.2388#30.43#36.85#32.72
-153.021,52.2416#30.42#36.82#32.76
-152.937,52.2442#30.41#36.79#32.8
-152.854,52.2468#30.39#36.76#32.85
-152.77,52.2493#30.37#36.73#32.9
-152.686,52.2518#30.35#36.7#32.95
-152.602,52.2542#30.33#36.67#33
-152.518,52.2565#30.31#36.64#33.05
-152.434,52.2587#30.29#36.61#33.1
-152.351,52.2608#30.26#36.57#33.17
-152.267,52.2629#30.24#36.54#33.22
-152.183,52.2649#30.21#36.5#33.29
-152.099,52.2668#30.18#36.47#33.35
-152.015,52.2686#30.16#36.43#33.41
-151.931,52.2704#30.13#36.39#33.48
-151.847,52.2721#30.1#36.34#33.56
-151.763,52.2737#30.07#36.3#33.63
-151.679,52.2753#30.05#36.25#33.7
-151.595,52.2767#30.02#36.2#33.78
-151.511,52.2781#29.99#36.16#33.85
-151.427,52.2795#29.95#36.11#33.94
-151.343,52.2807#29.91#36.06#34.03
-151.259,52.2819#29.87#36#34.13
-151.176,52.283#29.83#35.95#34.22
-151.092,52.284#29.79#35.9#34.31
-151.008,52.2849#29.75#35.85#34.4
-150.924,52.2858#29.72#35.79#34.49
-150.84,52.2866#29.68#35.74#34.58
-150.756,52.2873#29.65#35.68#34.67
-150.672,52.2879#29.62#35.62#34.76
-150.588,52.2885#29.59#35.57#34.84
-150.504,52.289#29.55#35.51#34.94
-150.42,52.2894#29.54#35.45#35.01
-150.336,52.2897#29.53#35.4#35.07
-150.252,52.29#29.52#35.34#35.14
-150.168,52.2902#29.51#35.28#35.21
-150.083,52.2903#29.5#35.22#35.28
-149.999,52.2903#29.49#35.16#35.35
-149.915,52.2903#29.59#35.11#35.3
-149.831,52.2902#29.69#35.05#35.26
-149.747,52.29#29.79#35#35.21
-149.663,52.2897#29.9#34.94#35.16
-149.579,52.2894#30#34.89#35.11
-149.495,52.289#30.1#34.83#35.07
-149.411,52.2885#30.22#34.78#35
-149.327,52.2879#30.33#34.73#34.94
-149.243,52.2873#30.45#34.68#34.87
-149.159,52.2866#30.56#34.63#34.81
-149.075,52.2858#30.68#34.58#34.74
-148.991,52.2849#30.79#34.53#34.68
-148.907,52.284#30.83#34.48#34.69
-148.823,52.2829#30.87#34.43#34.7
-148.739,52.2818#30.92#34.38#34.7
-148.656,52.2807#30.96#34.32#34.72
-148.572,52.2794#31#34.27#34.73
-148.488,52.2781#31.04#34.22#34.74
-148.404,52.2767#31.06#34.17#34.77
-148.32,52.2753#31.08#34.13#34.79
-148.236,52.2737#31.09#34.08#34.83
-148.152,52.2721#31.11#34.03#34.86
-148.068,52.2704#31.13#33.98#34.89
-147.984,52.2686#31.14#33.93#34.93
-147.9,52.2668#31.15#33.89#34.96
-147.816,52.2649#31.15#33.84#35.01
-147.732,52.2629#31.16#33.79#35.05
-147.648,52.2608#31.16#33.75#35.09
-147.565,52.2586#31.17#33.7#35.13
-147.481,52.2564#31.17#33.65#35.18
-147.397,52.2541#31.17#33.61#35.22
-147.313,52.2518#31.17#33.56#35.27
-147.229,52.2493#31.18#33.51#35.31
-147.145,52.2468#31.18#33.46#35.36
-147.062,52.2442#31.18#33.41#35.41
-146.978,52.2415#31.18#33.36#35.46
-146.894,52.2388#31.18#33.31#35.51
-146.81,52.236#31.18#33.26#35.56
-146.727,52.2331#31.18#33.2#35.62
-146.643,52.2301#31.18#33.15#35.67
-146.559,52.227#31.18#33.09#35.73
-146.475,52.2239#31.18#33.05#35.77
-146.392,52.2207#31.18#33.02#35.8
-146.308,52.2175#31.18#32.99#35.83
-146.224,52.2141#31.18#32.97#35.85
-146.141,52.2107#31.18#32.94#35.88
-146.057,52.2072#31.18#32.91#35.91
-145.973,52.2036#31.18#32.89#35.93
-145.89,52.2#31.18#32.87#35.95
-145.806,52.1963#31.18#32.85#35.97
-145.723,52.1925#31.18#32.83#35.99
-145.639,52.1886#31.18#32.81#36.01
-145.556,52.1847#31.19#32.79#36.02
-145.472,52.1806#31.19#32.77#36.04
-145.389,52.1766#31.19#32.75#36.06
-145.305,52.1724#31.19#32.73#36.08
-145.222,52.1682#31.19#32.7#36.11
-145.138,52.1638#31.19#32.68#36.13
-145.055,52.1594#31.19#32.66#36.15
-144.972,52.155#31.19#32.64#36.17
-144.888,52.1504#31.19#32.63#36.18
-144.805,52.1458#31.19#32.61#36.2
-144.722,52.1411#31.2#32.6#36.2
-144.638,52.1364#31.2#32.58#36.22
-144.555,52.1316#31.2#32.57#36.23
-144.472,52.1266#31.2#32.55#36.25
-144.389,52.1217#31.2#32.54#36.26
-144.305,52.1166#31.2#32.53#36.27
-144.222,52.1115#31.21#32.52#36.27
-144.139,52.1063#31.21#32.51#36.28
-144.056,52.101#31.21#32.5#36.29
-143.973,52.0956#31.22#32.49#36.29
-143.89,52.0902#31.22#32.48#36.3
-143.807,52.0847#31.23#32.47#36.3
-143.724,52.0791#31.23#32.45#36.32
-143.641,52.0735#31.24#32.44#36.32
-143.558,52.0678#31.24#32.43#36.33
-143.475,52.062#31.25#32.41#36.34
-143.392,52.0561#31.26#32.4#36.34
-143.309,52.0502#31.26#32.39#36.35
-143.226,52.0441#31.27#32.37#36.36
-143.143,52.0381#31.28#32.36#36.36
-143.06,52.0319#31.28#32.34#36.38
-142.978,52.0257#31.29#32.33#36.38
-142.895,52.0194#31.3#32.32#36.38
-142.812,52.013#31.31#32.3#36.39
-142.73,52.0065#31.32#32.29#36.39
-142.647,52#31.33#32.27#36.4
-142.564,51.9934#31.34#32.26#36.4
-142.482,51.9867#31.35#32.24#36.41
-142.399,51.98#31.37#32.23#36.4
-142.317,51.9731#31.38#32.21#36.41
-142.234,51.9662#31.39#32.2#36.41
-142.152,51.9593#31.41#32.19#36.4
-142.069,51.9522#31.42#32.17#36.41
-141.987,51.9451#31.43#32.16#36.41
-141.904,51.9379#31.45#32.14#36.41
-141.822,51.9307#31.46#32.12#36.42
-141.74,51.9234#31.48#32.11#36.41
-141.658,51.916#31.49#32.09#36.42
-141.575,51.9085#31.5#32.08#36.42
-141.493,51.9009#31.52#32.06#36.42
-159.011,51.9049#29.1#38.69#32.21
-158.929,51.9128#29.13#38.67#32.2
-158.847,51.9208#29.17#38.64#32.19
-158.765,51.9286#29.2#38.62#32.18
-158.683,51.9364#29.23#38.6#32.17
-158.6,51.9441#29.26#38.57#32.17
-158.518,51.9517#29.29#38.55#32.16
-158.436,51.9593#29.32#38.52#32.16
-158.353,51.9668#29.35#38.5#32.15
-158.271,51.9742#29.38#38.47#32.15
-158.189,51.9815#29.41#38.45#32.14
-158.106,51.9888#29.44#38.42#32.14
-158.024,51.996#29.47#38.39#32.14
-157.941,52.0031#29.49#38.37#32.14
-157.859,52.0102#29.52#38.35#32.13
-157.776,52.0172#29.55#38.33#32.12
-157.694,52.0241#29.57#38.3#32.13
-157.611,52.0309#29.6#38.28#32.12
-157.528,52.0377#29.63#38.26#32.11
-157.445,52.0443#29.65#38.24#32.11
