-152.45,54.9011#28.85#39.17#31.98
-152.359,54.9033#28.87#39.11#32.02
-152.268,54.9054#28.9#39.05#32.05
-152.178,54.9074#28.93#39#32.07
-152.087,54.9093#28.95#38.94#32.11
-151.996,54.9112#28.98#38.88#32.14
-151.906,54.913#29#38.82#32.18
-151.815,54.9147#29.03#38.76#32.21
-151.724,54.9163#29.05#38.7#32.25
-151.633,54.9178#29.07#38.64#32.29
-151.543,54.9193#29.09#38.59#32.32
-151.452,54.9206#29.11#38.53#32.36
-151.361,54.9219#29.13#38.47#32.4
-151.27,54.9231#29.15#38.41#32.44
-151.18,54.9242#29.16#38.35#32.49
-151.089,54.9252#29.18#38.3#32.52
-150.998,54.9262#29.2#38.24#32.56
-150.907,54.9271#29.2#38.18#32.62
-150.817,54.9279#29.21#38.12#32.67
-150.726,54.9286#29.21#38.07#32.72
-150.635,54.9292#29.22#38.01#32.77
-150.544,54.9297#29.22#37.95#32.83
-150.453,54.9302#29.23#37.9#32.87
-150.363,54.9305#29.25#37.84#32.91
-150.272,54.9308#29.27#37.78#32.95
-150.181,54.931#29.29#37.72#32.99
-150.09,54.9312#29.31#37.67#33.02
-149.999,54.9312#29.33#37.61#33.06
-149.909,54.9312#29.39#37.55#33.06
-149.818,54.931#29.45#37.5#33.05
-149.727,54.9308#29.52#37.44#33.04
-149.636,54.9305#29.58#37.38#33.04
-149.545,54.9302#29.65#37.33#33.02
-149.455,54.9297#29.72#37.27#33.01
-149.364,54.9292#29.81#37.21#32.98
-149.273,54.9285#29.9#37.16#32.94
-149.182,54.9278#29.99#37.1#32.91
-149.091,54.9271#30.07#37.04#32.89
-149.001,54.9262#30.16#36.98#32.86
-148.91,54.9252#30.24#36.92#32.84
-148.819,54.9242#30.33#36.86#32.81
-148.728,54.9231#30.41#36.8#32.79
-148.638,54.9219#30.49#36.74#32.77
-148.547,54.9206#30.57#36.68#32.75
-148.456,54.9192#30.64#36.62#32.74
-148.365,54.9178#30.69#36.56#32.75
-148.275,54.9163#30.75#36.5#32.75
-148.184,54.9147#30.8#36.43#32.77
-148.093,54.913#30.86#36.37#32.77
-148.003,54.9112#30.91#36.31#32.78
-147.912,54.9093#30.94#36.24#32.82
-147.821,54.9074#30.97#36.18#32.85
-147.731,54.9054#30.99#36.12#32.89
-147.64,54.9032#31.02#36.05#32.93
-147.549,54.9011#31.04#35.99#32.97
-153.995,54.9033#28.32#40.32#31.36
-153.904,54.9069#28.35#40.24#31.41
-153.814,54.9104#28.38#40.16#31.46
-153.723,54.9139#28.41#40.08#31.51
-153.632,54.9172#28.44#40#31.56
-153.542,54.9205#28.47#39.92#31.61
-153.451,54.9236#28.5#39.85#31.65
-153.361,54.9267#28.53#39.79#31.68
-153.27,54.9298#28.55#39.73#31.72
-153.179,54.9327#28.58#39.67#31.75
-153.089,54.9356#28.61#39.61#31.78
-152.998,54.9383#28.64#39.55#31.81
-152.907,54.941#28.67#39.5#31.83
-152.817,54.9436#28.7#39.44#31.86
-152.726,54.9461#28.72#39.39#31.89
-152.635,54.9486#28.75#39.33#31.92
-152.544,54.9509#28.78#39.27#31.95
-152.454,54.9532#28.81#39.22#31.97
-152.363,54.9554#28.83#39.16#32.01
-152.272,54.9575#28.86#39.1#32.04
-152.181,54.9595#28.89#39.05#32.06
-152.09,54.9615#28.91#38.99#32.1
-151.999,54.9633#28.94#38.93#32.13
-151.909,54.9651#28.96#38.87#32.17
-151.818,54.9668#28.99#38.81#32.2
-151.727,54.9684#29.01#38.75#32.24
-151.636,54.97#29.03#38.69#32.28
-151.545,54.9714#29.06#38.63#32.31
-151.454,54.9728#29.08#38.58#32.34
-151.363,54.9741#29.09#38.52#32.39
-151.272,54.9753#29.11#38.46#32.43
-151.182,54.9764#29.13#38.4#32.47
-151.091,54.9774#29.15#38.35#32.5
-151,54.9784#29.16#38.29#32.55
-150.909,54.9792#29.17#38.23#32.6
-150.818,54.98#29.18#38.17#32.65
-150.727,54.9807#29.18#38.12#32.7
-150.636,54.9813#29.19#38.06#32.75
-150.545,54.9819#29.2#38#32.8
-150.454,54.9823#29.21#37.94#32.85
-150.363,54.9827#29.23#37.89#32.88
-150.272,54.983#29.25#37.83#32.92
-150.181,54.9832#29.27#37.77#32.96
-150.09,54.9833#29.29#37.71#33
-149.999,54.9834#29.3#37.66#33.04
-149.908,54.9833#29.37#37.6#33.03
-149.818,54.9832#29.43#37.54#33.03
-149.727,54.983#29.49#37.49#33.02
-149.636,54.9827#29.55#37.43#33.02
-149.545,54.9823#29.61#37.37#33.02
-149.454,54.9819#29.69#37.32#32.99
-149.363,54.9813#29.77#37.26#32.97
-149.272,54.9807#29.86#37.2#32.94
-149.181,54.98#29.95#37.14#32.91
-149.09,54.9792#30.04#37.09#32.87
-148.999,54.9784#30.13#37.03#32.84
-148.908,54.9774#30.21#36.97#32.82
-148.817,54.9764#30.29#36.91#32.8
-148.726,54.9752#30.37#36.85#32.78
-148.635,54.974#30.46#36.78#32.76
-148.545,54.9728#30.54#36.72#32.74
-148.454,54.9714#30.61#36.66#32.73
-148.363,54.9699#30.67#36.6#32.73
-148.272,54.9684#30.73#36.53#32.74
-148.181,54.9668#30.79#36.47#32.74
-148.09,54.9651#30.84#36.41#32.75
-147.999,54.9633#30.9#36.34#32.76
-147.909,54.9615#30.93#36.28#32.79
-147.818,54.9595#30.96#36.22#32.82
-147.727,54.9575#30.99#36.15#32.86
-147.636,54.9554#31.02#36.09#32.89
-147.545,54.9532#31.04#36.03#32.93
-147.455,54.9509#31.06#35.96#32.98
-147.364,54.9485#31.07#35.9#33.03
-147.273,54.9461#31.08#35.84#33.08
-147.182,54.9436#31.09#35.77#33.14
-147.092,54.941#31.1#35.71#33.19
-147.001,54.9383#31.1#35.65#33.25
-146.91,54.9355#31.11#35.59#33.3
-146.82,54.9327#31.11#35.52#33.37
-146.729,54.9297#31.11#35.46#33.43
-146.638,54.9267#31.11#35.4#33.49
-146.548,54.9236#31.12#35.34#33.54
-146.457,54.9204#31.12#35.28#33.6
-146.366,54.9172#31.12#35.22#33.66
-146.276,54.9138#31.12#35.17#33.71
-146.185,54.9104#31.12#35.11#33.77
-146.095,54.9069#31.12#35.05#33.83
-146.004,54.9033#31.12#34.99#33.89
-155.178,54.9011#27.9#41.42#30.68
-155.087,54.9058#27.93#41.39#30.68
-154.997,54.9103#27.96#41.35#30.69
-154.906,54.9149#27.98#41.27#30.75
-154.816,54.9193#28.01#41.2#30.79
-154.726,54.9236#28.04#41.12#30.84
-154.635,54.9279#28.07#41.05#30.88
-154.545,54.932#28.1#40.98#30.92
-154.454,54.9361#28.13#40.9#30.97
-154.363,54.9401#28.16#40.81#31.03
-154.273,54.9441#28.19#40.72#31.09
-154.182,54.9479#28.22#40.62#31.16
-154.092,54.9517#28.25#40.53#31.22
-154.001,54.9554#28.28#40.44#31.28
-153.91,54.959#28.31#40.35#31.34
-153.82,54.9625#28.34#40.27#31.39
-153.729,54.9659#28.37#40.18#31.45
-153.638,54.9693#28.39#40.09#31.52
-153.548,54.9725#28.42#40#31.58
-153.457,54.9757#28.45#39.92#31.63
-153.366,54.9788#28.48#39.86#31.66
-153.275,54.9819#28.51#39.79#31.7
-153.184,54.9848#28.54#39.73#31.73
-153.094,54.9877#28.57#39.67#31.76
-153.003,54.9904#28.6#39.6#31.8
-152.912,54.9931#28.63#39.55#31.82
-152.821,54.9957#28.65#39.49#31.86
-152.73,54.9983#28.68#39.44#31.88
-152.639,55.0007#28.71#39.38#31.91
-152.548,55.0031#28.74#39.33#31.93
-152.457,55.0053#28.77#39.27#31.96
-152.366,55.0075#28.79#39.21#32
-152.276,55.0097#28.82#39.15#32.03
-152.185,55.0117#28.85#39.1#32.05
-152.094,55.0136#28.87#39.04#32.09
-152.003,55.0155#28.9#38.98#32.12
-151.912,55.0173#28.92#38.92#32.16
-151.821,55.019#28.95#38.86#32.19
-151.73,55.0206#28.97#38.8#32.23
-151.639,55.0221#29#38.74#32.26
-151.548,55.0236#29.02#38.68#32.3
-151.457,55.025#29.04#38.62#32.34
-151.366,55.0262#29.06#38.57#32.37
-151.275,55.0274#29.08#38.51#32.41
-151.183,55.0286#29.1#38.45#32.45
-151.092,55.0296#29.11#38.39#32.5
-151.001,55.0306#29.13#38.34#32.53
-150.91,55.0314#29.14#38.28#32.58
-150.819,55.0322#29.15#38.22#32.63
-150.728,55.0329#29.16#38.16#32.68
-150.637,55.0335#29.16#38.11#32.73
-150.546,55.0341#29.17#38.05#32.78
-150.455,55.0345#29.19#37.99#32.82
-150.364,55.0349#29.21#37.93#32.86
-150.273,55.0352#29.23#37.88#32.89
-150.182,55.0354#29.24#37.82#32.94
-150.091,55.0355#29.26#37.76#32.98
-149.999,55.0356#29.28#37.7#33.02
-149.908,55.0355#29.34#37.65#33.01
-149.817,55.0354#29.4#37.59#33.01
-149.726,55.0352#29.46#37.53#33.01
-149.635,55.0349#29.52#37.48#33
-149.544,55.0345#29.58#37.42#33
-149.453,55.0341#29.65#37.36#32.99
-149.362,55.0335#29.74#37.3#32.96
-149.271,55.0329#29.83#37.25#32.92
-149.18,55.0322#29.91#37.19#32.9
-149.089,55.0314#30#37.13#32.87
-148.998,55.0305#30.09#37.07#32.84
-148.906,55.0296#30.17#37.01#32.82
-148.815,55.0285#30.26#36.95#32.79
-148.724,55.0274#30.34#36.89#32.77
-148.633,55.0262#30.42#36.83#32.75
-148.542,55.0249#30.51#36.76#32.73
-148.451,55.0236#30.58#36.7#32.72
-148.36,55.0221#30.64#36.64#32.72
-148.269,55.0206#30.71#36.57#32.72
-148.178,55.019#30.77#36.51#32.72
-148.087,55.0173#30.83#36.45#32.72
-147.996,55.0155#30.89#36.38#32.73
-147.905,55.0136#30.92#36.32#32.76
-147.814,55.0117#30.95#36.25#32.8
-147.723,55.0096#30.98#36.19#32.83
-147.632,55.0075#31.01#36.13#32.86
-147.541,55.0053#31.05#36.06#32.89
-147.451,55.003#31.06#36#32.94
-147.36,55.0007#31.07#35.94#32.99
-147.269,54.9982#31.08#35.87#33.05
-147.178,54.9957#31.09#35.81#33.1
-147.087,54.9931#31.1#35.75#33.15
-146.996,54.9904#31.11#35.68#33.21
-146.905,54.9876#31.12#35.62#33.26
-146.814,54.9848#31.12#35.56#33.32
-146.724,54.9818#31.12#35.5#33.38
-146.633,54.9788#31.12#35.44#33.44
-146.542,54.9757#31.13#35.37#33.5
-146.451,54.9725#31.13#35.32#33.55
-146.361,54.9692#31.13#35.26#33.61
-146.27,54.9659#31.13#35.2#33.67
-146.179,54.9624#31.13#35.14#33.73
-146.089,54.9589#31.13#35.09#33.78
-145.998,54.9553#31.13#35.03#33.84
-145.907,54.9516#31.13#34.97#33.9
-145.817,54.9479#31.13#34.92#33.95
-145.726,54.944#31.12#34.86#34.02
-145.635,54.9401#31.12#34.81#34.07
-145.545,54.9361#31.12#34.75#34.13
-145.454,54.932#31.12#34.7#34.18
-145.364,54.9278#31.12#34.65#34.23
-145.273,54.9236#31.12#34.59#34.29
-145.183,54.9192#31.12#34.54#34.34
-145.092,54.9148#31.12#34.49#34.39
-145.002,54.9103#31.11#34.44#34.45
-144.912,54.9057#31.11#34.38#34.51
-144.821,54.901#31.11#34.33#34.56
-156.089,54.9018#27.57#41.94#30.49
-155.999,54.9073#27.6#41.88#30.52
-155.909,54.9127#27.63#41.83#30.54
-155.819,54.918#27.66#41.79#30.55
-155.728,54.9233#27.69#41.75#30.56
-155.638,54.9284#27.71#41.71#30.58
-155.548,54.9335#27.74#41.66#30.6
-155.457,54.9385#27.77#41.62#30.61
-155.367,54.9435#27.8#41.59#30.61
-155.276,54.9483#27.83#41.55#30.62
-155.186,54.9531#27.86#41.51#30.63
-155.095,54.9577#27.88#41.48#30.64
-155.005,54.9623#27.91#41.44#30.65
-154.914,54.9668#27.94#41.37#30.69
-154.824,54.9713#27.97#41.31#30.72
-154.733,54.9756#28#41.24#30.76
-154.642,54.9799#28.03#41.18#30.79
-154.552,54.9841#28.06#41.11#30.83
-154.461,54.9882#28.09#41.03#30.88
-154.37,54.9922#28.12#40.94#30.94
-154.28,54.9961#28.15#40.85#31
-154.189,55#28.18#40.75#31.07
-154.098,55.0037#28.21#40.66#31.13
-154.007,55.0074#28.23#40.56#31.21
-153.917,55.011#28.26#40.47#31.27
-153.826,55.0146#28.29#40.37#31.34
-153.735,55.018#28.32#40.27#31.41
-153.644,55.0214#28.35#40.18#31.47
-153.553,55.0246#28.38#40.08#31.54
-153.462,55.0278#28.41#39.99#31.6
-153.371,55.0309#28.44#39.92#31.64
-153.28,55.034#28.47#39.86#31.67
-153.189,55.0369#28.5#39.79#31.71
-153.098,55.0398#28.53#39.72#31.75
-153.008,55.0426#28.55#39.65#31.8
-152.917,55.0453#28.58#39.6#31.82
-152.826,55.0479#28.61#39.54#31.85
-152.734,55.0504#28.64#39.49#31.87
-152.643,55.0528#28.67#39.43#31.9
-152.552,55.0552#28.7#39.38#31.92
-152.461,55.0575#28.72#39.32#31.96
-152.37,55.0597#28.75#39.26#31.99
-152.279,55.0618#28.78#39.2#32.02
-152.188,55.0639#28.8#39.15#32.05
-152.097,55.0658#28.83#39.09#32.08
-152.006,55.0677#28.86#39.03#32.11
-151.915,55.0695#28.88#38.97#32.15
-151.824,55.0712#28.91#38.91#32.18
-151.732,55.0728#28.93#38.85#32.22
-151.641,55.0743#28.96#38.79#32.25
-151.55,55.0758#28.98#38.73#32.29
-151.459,55.0771#29#38.67#32.33
-151.368,55.0784#29.02#38.62#32.36
-151.277,55.0796#29.04#38.56#32.4
-151.185,55.0808#29.06#38.5#32.44
-151.094,55.0818#29.08#38.44#32.48
-151.003,55.0828#29.1#38.39#32.51
-150.912,55.0836#29.11#38.33#32.56
-150.821,55.0844#29.12#38.27#32.61
-150.729,55.0851#29.13#38.21#32.66
-150.638,55.0857#29.14#38.15#32.71
-150.547,55.0863#29.15#38.1#32.75
-150.456,55.0867#29.16#38.04#32.8
-150.364,55.0871#29.18#37.98#32.84
-150.273,55.0874#29.2#37.92#32.88
-150.182,55.0876#29.22#37.87#32.91
-150.091,55.0877#29.24#37.81#32.95
-149.999,55.0878#29.26#37.75#32.99
-149.908,55.0877#29.32#37.69#32.99
-149.817,55.0876#29.38#37.64#32.98
-149.726,55.0874#29.43#37.58#32.99
-149.634,55.0871#29.49#37.52#32.99
-149.543,55.0867#29.54#37.47#32.99
-149.452,55.0863#29.62#37.41#32.97
-149.361,55.0857#29.7#37.35#32.95
-149.27,55.0851#29.79#37.29#32.92
-149.178,55.0844#29.88#37.23#32.89
-149.087,55.0836#29.96#37.17#32.87
-148.996,55.0827#30.05#37.12#32.83
-148.905,55.0818#30.14#37.05#32.81
-148.814,55.0807#30.22#36.99#32.79
-148.722,55.0796#30.31#36.93#32.76
-148.631,55.0784#30.39#36.87#32.74
-148.54,55.0771#30.48#36.81#32.71
-148.449,55.0758#30.55#36.74#32.71
-148.358,55.0743#30.62#36.68#32.7
-148.266,55.0728#30.68#36.61#32.71
-148.175,55.0711#30.75#36.55#32.7
-148.084,55.0694#30.82#36.48#32.7
-147.993,55.0676#30.88#36.42#32.7
-147.902,55.0658#30.91#36.36#32.73
-147.811,55.0638#30.95#36.29#32.76
-147.72,55.0618#30.98#36.23#32.79
-147.629,55.0597#31.01#36.16#32.83
-147.538,55.0575#31.05#36.1#32.85
-147.446,55.0552#31.07#36.04#32.89
-147.355,55.0528#31.08#35.97#32.95
-147.264,55.0504#31.09#35.91#33
-147.173,55.0478#31.1#35.85#33.05
-147.082,55.0452#31.11#35.78#33.11
-146.991,55.0425#31.12#35.72#33.16
-146.9,55.0397#31.12#35.66#33.22
-146.809,55.0369#31.13#35.6#33.27
-146.718,55.0339#31.13#35.53#33.34
-146.628,55.0309#31.13#35.47#33.4
-146.537,55.0278#31.14#35.41#33.45
-146.446,55.0246#31.14#35.35#33.51
-146.355,55.0213#31.14#35.29#33.57
-146.264,55.018#31.14#35.24#33.62
-146.173,55.0145#31.14#35.18#33.68
-146.082,55.011#31.14#35.12#33.74
-145.992,55.0074#31.14#35.07#33.79
-145.901,55.0037#31.14#35.01#33.85
-145.81,54.9999#31.14#34.95#33.91
-145.719,54.9961#31.14#34.9#33.96
-145.629,54.9921#31.13#34.84#34.03
-145.538,54.9881#31.13#34.79#34.08
-145.447,54.984#31.13#34.73#34.14
-145.356,54.9798#31.13#34.68#34.19
-145.266,54.9756#31.13#34.63#34.24
-145.175,54.9712#31.13#34.57#34.3
-145.085,54.9668#31.13#34.52#34.35
-144.994,54.9623#31.13#34.47#34.4
-144.904,54.9577#31.12#34.42#34.46
-144.813,54.953#31.12#34.37#34.51
-144.723,54.9482#31.12#34.32#34.56
-144.632,54.9434#31.12#34.27#34.61
-144.542,54.9385#31.12#34.22#34.66
-144.451,54.9335#31.12#34.17#34.71
-144.361,54.9284#31.12#34.12#34.76
-144.271,54.9232#31.12#34.07#34.81
-144.18,54.918#31.12#34.02#34.86
-144.09,54.9126#31.11#33.97#34.92
-144,54.9072#31.11#33.92#34.97
-143.91,54.9017#31.11#33.88#35.01
-156.911,54.9005#27.3#42.58#30.12
-156.821,54.9067#27.33#42.51#30.16
-156.731,54.9129#27.35#42.45#30.2
-156.641,54.9189#27.38#42.39#30.23
-156.55,54.9249#27.4#42.33#30.27
-156.46,54.9308#27.43#42.27#30.3
-156.37,54.9367#27.46#42.21#30.33
-156.28,54.9424#27.48#42.14#30.38
-156.189,54.9481#27.51#42.08#30.41
-156.099,54.9537#27.54#42.02#30.44
-156.009,54.9592#27.56#41.96#30.48
-155.918,54.9646#27.59#41.92#30.49
-155.828,54.9699#27.62#41.88#30.5
-155.737,54.9752#27.65#41.83#30.52
-155.647,54.9804#27.67#41.79#30.54
-155.556,54.9855#27.7#41.75#30.55
-155.466,54.9905#27.73#41.71#30.56
-155.375,54.9954#27.76#41.68#30.56
-155.285,55.0003#27.79#41.64#30.57
-155.194,55.005#27.82#41.61#30.57
-155.103,55.0097#27.84#41.57#30.59
-155.013,55.0143#27.87#41.53#30.6
-154.922,55.0188#27.9#41.47#30.63
-154.831,55.0233#27.93#41.41#30.66
-154.741,55.0276#27.96#41.36#30.68
-154.65,55.0319#27.99#41.3#30.71
-154.559,55.0361#28.02#41.24#30.74
-154.468,55.0402#28.05#41.17#30.78
-154.377,55.0442#28.07#41.07#30.86
-154.286,55.0482#28.1#40.98#30.92
-154.196,55.052#28.13#40.88#30.99
-154.105,55.0558#28.16#40.78#31.06
-154.014,55.0595#28.19#40.68#31.13
-153.923,55.0631#28.22#40.58#31.2
-153.832,55.0666#28.25#40.48#31.27
-153.741,55.0701#28.28#40.37#31.35
-153.65,55.0735#28.31#40.26#31.43
-153.559,55.0767#28.34#40.16#31.5
-153.468,55.0799#28.37#40.06#31.57
-153.377,55.0831#28.4#39.99#31.61
-153.286,55.0861#28.42#39.92#31.66
-153.195,55.089#28.45#39.85#31.7
-153.103,55.0919#28.48#39.78#31.74
-153.012,55.0947#28.51#39.7#31.79
-152.921,55.0974#28.54#39.65#31.81
-152.83,55.1#28.57#39.59#31.84
-152.739,55.1026#28.6#39.54#31.86
-152.648,55.105#28.63#39.48#31.89
-152.556,55.1074#28.65#39.43#31.92
-152.465,55.1097#28.68#39.37#31.95
-152.374,55.1119#28.71#39.31#31.98
-152.283,55.114#28.74#39.26#32
-152.192,55.116#28.76#39.2#32.04
-152.1,55.118#28.79#39.14#32.07
-152.009,55.1199#28.82#39.08#32.1
-151.918,55.1216#28.84#39.02#32.14
-151.826,55.1234#28.87#38.96#32.17
-151.735,55.125#28.89#38.9#32.21
-151.644,55.1265#28.92#38.84#32.24
-151.553,55.128#28.94#38.78#32.28
-151.461,55.1293#28.97#38.72#32.31
-151.37,55.1306#28.99#38.66#32.35
-151.279,55.1318#29.01#38.61#32.38
-151.187,55.133#29.03#38.55#32.42
-151.096,55.134#29.05#38.49#32.46
-151.005,55.135#29.07#38.43#32.5
-150.913,55.1358#29.08#38.38#32.54
-150.822,55.1366#29.09#38.32#32.59
-150.73,55.1373#29.1#38.26#32.64
-150.639,55.138#29.11#38.2#32.69
-150.548,55.1385#29.13#38.15#32.72
-150.456,55.139#29.14#38.09#32.77
-150.365,55.1393#29.16#38.03#32.81
-150.274,55.1396#29.18#37.97#32.85
-150.182,55.1398#29.2#37.91#32.89
-150.091,55.14#29.22#37.86#32.92
-149.999,55.14#29.24#37.8#32.96
-149.908,55.14#29.3#37.74#32.96
-149.817,55.1398#29.35#37.68#32.97
-149.725,55.1396#29.4#37.63#32.97
-149.634,55.1393#29.46#37.57#32.97
-149.543,55.139#29.51#37.51#32.98
-149.451,55.1385#29.58#37.45#32.97
-149.36,55.138#29.67#37.4#32.93
-149.268,55.1373#29.75#37.34#32.91
-149.177,55.1366#29.84#37.28#32.88
-149.086,55.1358#29.93#37.22#32.85
-148.994,55.135#30.01#37.16#32.83
-148.903,55.134#30.1#37.1#32.8
-148.812,55.133#30.19#37.03#32.78
-148.72,55.1318#30.27#36.97#32.76
-148.629,55.1306#30.36#36.91#32.73
-148.538,55.1293#30.44#36.85#32.71
-148.446,55.128#30.52#36.78#32.7
-148.355,55.1265#30.59#36.72#32.69
-148.264,55.125#30.66#36.65#32.69
-148.172,55.1233#30.73#36.59#32.68
-148.081,55.1216#30.8#36.52#32.68
-147.99,55.1198#30.87#36.46#32.67
-147.899,55.118#30.91#36.39#32.7
-147.807,55.116#30.94#36.33#32.73
-147.716,55.114#30.98#36.27#32.75
-147.625,55.1118#31.01#36.2#32.79
-147.534,55.1096#31.05#36.14#32.81
-147.442,55.1073#31.07#36.07#32.86
-147.351,55.105#31.08#36.01#32.91
-147.26,55.1025#31.09#35.95#32.96
-147.169,55.1#31.11#35.88#33.01
-147.078,55.0974#31.12#35.82#33.06
-146.987,55.0947#31.13#35.75#33.12
-146.895,55.0919#31.13#35.69#33.18
-146.804,55.089#31.14#35.63#33.23
-146.713,55.086#31.14#35.57#33.29
-146.622,55.083#31.14#35.51#33.35
-146.531,55.0799#31.15#35.45#33.4
-146.44,55.0767#31.15#35.39#33.46
-146.349,55.0734#31.15#35.33#33.52
-146.258,55.07#31.15#35.27#33.58
-146.167,55.0666#31.15#35.22#33.63
-146.076,55.0631#31.15#35.16#33.69
-145.985,55.0595#31.15#35.1#33.75
-145.894,55.0558#31.15#35.05#33.8
-145.803,55.052#31.15#34.99#33.86
-145.712,55.0481#31.15#34.93#33.92
-145.622,55.0442#31.15#34.88#33.97
-145.531,55.0401#31.15#34.82#34.03
-145.44,55.036#31.14#34.77#34.09
-145.349,55.0318#31.14#34.71#34.15
-145.258,55.0276#31.14#34.66#34.2
-145.168,55.0232#31.14#34.61#34.25
-145.077,55.0188#31.14#34.56#34.3
-144.986,55.0143#31.14#34.5#34.36
-144.896,55.0097#31.14#34.45#34.41
-144.805,55.005#31.13#34.4#34.47
-144.714,55.0002#31.13#34.35#34.52
-144.624,54.9953#31.13#34.3#34.57
-144.533,54.9904#31.13#34.25#34.62
-144.443,54.9854#31.13#34.2#34.67
-144.352,54.9803#31.13#34.15#34.72
-144.262,54.9751#31.13#34.1#34.77
-144.171,54.9699#31.13#34.05#34.82
-144.081,54.9645#31.13#34#34.87
-143.99,54.9591#31.12#33.96#34.92
-143.9,54.9536#31.12#33.91#34.97
-143.81,54.948#31.12#33.86#35.02
-143.719,54.9424#31.12#33.82#35.06
-143.629,54.9366#31.12#33.77#35.11
-143.539,54.9308#31.12#33.73#35.15
-143.449,54.9249#31.12#33.68#35.2
-143.358,54.9189#31.12#33.63#35.25
-143.268,54.9128#31.12#33.59#35.29
-143.178,54.9066#31.12#33.54#35.34
-143.088,54.9004#31.12#33.49#35.39
-157.552,54.9063#27.11#43.09#29.8
-157.462,54.9131#27.13#43.03#29.84
-157.372,54.9198#27.15#42.97#29.88
-157.282,54.9265#27.18#42.91#29.91
-157.192,54.933#27.2#42.84#29.96
-157.102,54.9395#27.22#42.78#30
-157.012,54.9459#27.25#42.72#30.03
-156.922,54.9523#27.27#42.66#30.07
-156.832,54.9585#27.29#42.6#30.11
-156.741,54.9647#27.32#42.53#30.15
-156.651,54.9708#27.34#42.47#30.19
-156.561,54.9768#27.37#42.41#30.22
-156.47,54.9827#27.39#42.35#30.26
-156.38,54.9885#27.42#42.29#30.29
-156.29,54.9943#27.45#42.23#30.32
-156.199,55#27.47#42.17#30.36
-156.109,55.0056#27.5#42.11#30.39
-156.018,55.0111#27.53#42.04#30.43
-155.928,55.0165#27.55#42#30.45
-155.837,55.0219#27.58#41.96#30.46
-155.746,55.0271#27.61#41.92#30.47
-155.656,55.0323#27.64#41.88#30.48
-155.565,55.0374#27.66#41.84#30.5
-155.474,55.0424#27.69#41.8#30.51
-155.384,55.0474#27.72#41.77#30.51
-155.293,55.0522#27.75#41.73#30.52
-155.202,55.057#27.77#41.7#30.53
-155.111,55.0617#27.8#41.66#30.54
-155.021,55.0663#27.83#41.62#30.55
-154.93,55.0708#27.86#41.57#30.57
-154.839,55.0753#27.89#41.52#30.59
-154.748,55.0796#27.92#41.47#30.61
-154.657,55.0839#27.95#41.42#30.63
-154.566,55.0881#27.97#41.37#30.66
-154.475,55.0922#28#41.31#30.69
-154.384,55.0963#28.03#41.21#30.76
-154.293,55.1002#28.06#41.11#30.83
-154.202,55.1041#28.09#41.01#30.9
-154.111,55.1079#28.12#40.91#30.97
-154.02,55.1116#28.15#40.81#31.04
-153.929,55.1152#28.18#40.7#31.12
-153.838,55.1187#28.21#40.58#31.21
-153.747,55.1222#28.24#40.47#31.29
-153.656,55.1256#28.27#40.35#31.38
-153.564,55.1289#28.29#40.24#31.47
-153.473,55.1321#28.32#40.13#31.55
-153.382,55.1352#28.35#40.06#31.59
-153.291,55.1382#28.38#39.98#31.64
-153.2,55.1412#28.41#39.91#31.68
-153.108,55.1441#28.44#39.83#31.73
-153.017,55.1468#28.47#39.75#31.78
-152.926,55.1496#28.5#39.7#31.8
-152.835,55.1522#28.53#39.64#31.83
-152.743,55.1547#28.55#39.59#31.86
-152.652,55.1572#28.58#39.53#31.89
-152.561,55.1596#28.61#39.48#31.91
-152.469,55.1618#28.64#39.42#31.94
-152.378,55.1641#28.67#39.37#31.96
-152.286,55.1662#28.7#39.31#31.99
-152.195,55.1682#28.72#39.25#32.03
-152.104,55.1702#28.75#39.19#32.06
-152.012,55.1721#28.78#39.13#32.09
-151.921,55.1739#28.8#39.07#32.13
-151.829,55.1756#28.83#39.01#32.16
-151.738,55.1772#28.85#38.95#32.2
-151.647,55.1787#28.88#38.89#32.23
-151.555,55.1802#28.91#38.83#32.26
-151.464,55.1816#28.93#38.77#32.3
-151.372,55.1829#28.95#38.71#32.34
-151.281,55.1841#28.97#38.66#32.37
-151.189,55.1852#28.99#38.6#32.41
-151.098,55.1862#29.01#38.54#32.45
-151.006,55.1872#29.04#38.48#32.48
-150.915,55.1881#29.05#38.42#32.53
-150.823,55.1889#29.06#38.37#32.57
-150.732,55.1896#29.08#38.31#32.61
-150.64,55.1902#29.09#38.25#32.66
-150.549,55.1907#29.1#38.19#32.71
-150.457,55.1912#29.12#38.14#32.74
-150.366,55.1916#29.14#38.08#32.78
-150.274,55.1919#29.16#38.02#32.82
-150.182,55.1921#29.18#37.96#32.86
-150.091,55.1922#29.2#37.9#32.9
-149.999,55.1922#29.22#37.85#32.93
-149.908,55.1922#29.27#37.79#32.94
-149.816,55.1921#29.32#37.73#32.95
-149.725,55.1919#29.37#37.67#32.96
-149.633,55.1916#29.42#37.62#32.96
-149.542,55.1912#29.48#37.56#32.96
-149.45,55.1907#29.55#37.5#32.95
-149.359,55.1902#29.63#37.44#32.93
-149.267,55.1896#29.72#37.38#32.9
-149.176,55.1889#29.8#37.32#32.88
-149.084,55.1881#29.89#37.26#32.85
-148.993,55.1872#29.98#37.2#32.82
-148.901,55.1862#30.06#37.14#32.8
-148.81,55.1852#30.15#37.08#32.77
-148.718,55.1841#30.24#37.01#32.75
-148.627,55.1828#30.33#36.95#32.72
-148.535,55.1815#30.41#36.89#32.7
-148.444,55.1802#30.49#36.82#32.69
-148.352,55.1787#30.57#36.76#32.67
-148.261,55.1772#30.64#36.69#32.67
-148.169,55.1755#30.72#36.63#32.65
-148.078,55.1738#30.79#36.56#32.65
-147.987,55.172#30.86#36.5#32.64
-147.895,55.1702#30.9#36.43#32.67
-147.804,55.1682#30.94#36.37#32.69
-147.712,55.1662#30.98#36.3#32.72
-147.621,55.164#31.02#36.24#32.74
-147.53,55.1618#31.05#36.17#32.78
-147.438,55.1595#31.08#36.11#32.81
-147.347,55.1571#31.09#36.05#32.86
-147.256,55.1547#31.1#35.98#32.92
-147.164,55.1521#31.11#35.92#32.97
-147.073,55.1495#31.12#35.85#33.03
-146.982,55.1468#31.14#35.79#33.07
-146.89,55.144#31.14#35.73#33.13
-146.799,55.1411#31.14#35.67#33.19
-146.708,55.1382#31.15#35.61#33.24
-146.617,55.1351#31.15#35.54#33.31
-146.526,55.132#31.16#35.48#33.36
-146.434,55.1288#31.16#35.42#33.42
-146.343,55.1255#31.16#35.37#33.47
-146.252,55.1222#31.16#35.31#33.53
-146.161,55.1187#31.16#35.25#33.59
-146.07,55.1152#31.16#35.19#33.65
-145.979,55.1115#31.16#35.14#33.7
-145.888,55.1078#31.16#35.08#33.76
-145.797,55.104#31.16#35.02#33.82
-145.706,55.1002#31.16#34.97#33.87
-145.615,55.0962#31.16#34.91#33.93
-145.524,55.0922#31.16#34.85#33.99
-145.433,55.0881#31.16#34.8#34.04
-145.342,55.0839#31.15#34.75#34.1
-145.251,55.0796#31.15#34.7#34.15
-145.16,55.0752#31.15#34.64#34.21
-145.069,55.0708#31.15#34.59#34.26
-144.978,55.0663#31.15#34.54#34.31
-144.887,55.0616#31.15#34.49#34.36
-144.797,55.0569#31.15#34.44#34.41
-144.706,55.0522#31.14#34.38#34.48
-144.615,55.0473#31.14#34.33#34.53
-144.524,55.0424#31.14#34.28#34.58
-144.434,55.0374#31.14#34.23#34.63
-144.343,55.0322#31.14#34.18#34.68
-144.252,55.0271#31.14#34.13#34.73
-144.162,55.0218#31.14#34.09#34.77
-144.071,55.0164#31.14#34.04#34.82
-143.981,55.011#31.14#33.99#34.87
-143.89,55.0055#31.14#33.94#34.92
-143.8,54.9999#31.13#33.9#34.97
-143.709,54.9942#31.13#33.85#35.02
-143.619,54.9885#31.13#33.8#35.07
-143.529,54.9826#31.13#33.76#35.11
-143.438,54.9767#31.13#33.71#35.16
-143.348,54.9707#31.13#33.66#35.21
-143.258,54.9646#31.13#33.62#35.25
-143.167,54.9584#31.13#33.57#35.3
-143.077,54.9522#31.13#33.52#35.35
-142.987,54.9459#31.13#33.48#35.39
-142.897,54.9395#31.14#33.43#35.43
-142.807,54.933#31.14#33.38#35.48
-142.717,54.9264#31.14#33.34#35.52
-142.627,54.9197#31.15#33.29#35.56
-142.537,54.913#31.15#33.24#35.61
-142.447,54.9062#31.16#33.2#35.64
-158.284,54.9004#26.92#43.68#29.4
-158.194,54.9079#26.94#43.61#29.45
-158.104,54.9153#26.96#43.55#29.49
-158.014,54.9226#26.97#43.48#29.55
-157.924,54.9299#26.99#43.42#29.59
-157.834,54.937#27.02#43.36#29.62
-157.744,54.9441#27.04#43.29#29.67
-157.654,54.9511#27.06#43.23#29.71
-157.564,54.958#27.08#43.17#29.75
-157.474,54.9648#27.1#43.11#29.79
-157.384,54.9716#27.12#43.05#29.83
-157.294,54.9782#27.15#42.98#29.87
-157.204,54.9848#27.17#42.92#29.91
-157.113,54.9913#27.19#42.86#29.95
-157.023,54.9977#27.21#42.8#29.99
-156.933,55.0041#27.24#42.74#30.02
-156.842,55.0103#27.26#42.68#30.06
-156.752,55.0165#27.29#42.61#30.1
-156.662,55.0226#27.31#42.55#30.14
-156.571,55.0286#27.33#42.49#30.18
-156.481,55.0346#27.36#42.43#30.21
-156.39,55.0404#27.39#42.37#30.24
-156.3,55.0462#27.41#42.31#30.28
-156.209,55.0519#27.44#42.25#30.31
-156.118,55.0575#27.46#42.19#30.35
-156.028,55.063#27.49#42.13#30.38
-155.937,55.0684#27.52#42.08#30.4
-155.846,55.0738#27.54#42.04#30.42
-155.756,55.0791#27.57#42.01#30.42
-155.665,55.0843#27.6#41.97#30.43
-155.574,55.0894#27.62#41.93#30.45
-155.483,55.0944#27.65#41.89#30.46
-155.392,55.0994#27.68#41.86#30.46
-155.301,55.1042#27.71#41.82#30.47
-155.211,55.109#27.73#41.79#30.48
-155.12,55.1137#27.76#41.75#30.49
-155.029,55.1183#27.79#41.71#30.5
-154.938,55.1229#27.82#41.67#30.51
-154.847,55.1273#27.85#41.63#30.52
-154.756,55.1317#27.87#41.58#30.55
-154.665,55.136#27.9#41.54#30.56
-154.573,55.1402#27.93#41.5#30.57
-154.482,55.1443#27.96#41.44#30.6
-154.391,55.1483#27.99#41.34#30.67
-154.3,55.1523#28.02#41.24#30.74
-154.209,55.1562#28.05#41.14#30.81
-154.118,55.16#28.08#41.03#30.89
-154.027,55.1637#28.11#40.93#30.96
-153.935,55.1673#28.13#40.81#31.06
-153.844,55.1709#28.16#40.69#31.15
-153.753,55.1743#28.19#40.57#31.24
-153.661,55.1777#28.22#40.44#31.34
-153.57,55.181#28.25#40.32#31.43
-153.479,55.1842#28.28#40.2#31.52
-153.387,55.1873#28.31#40.13#31.56
-153.296,55.1904#28.34#40.05#31.61
-153.205,55.1933#28.37#39.97#31.66
-153.113,55.1962#28.4#39.89#31.71
-153.022,55.199#28.43#39.81#31.76
-152.93,55.2017#28.46#39.75#31.79
-152.839,55.2044#28.48#39.7#31.82
-152.748,55.2069#28.51#39.65#31.84
-152.656,55.2094#28.54#39.59#31.87
-152.565,55.2117#28.57#39.53#31.9
-152.473,55.214#28.6#39.48#31.92
-152.382,55.2163#28.63#39.42#31.95
-152.29,55.2184#28.65#39.36#31.99
-152.199,55.2204#28.68#39.3#32.02
-152.107,55.2224#28.71#39.24#32.05
-152.015,55.2243#28.74#39.18#32.08
-151.924,55.2261#28.76#39.12#32.12
-151.832,55.2278#28.79#39.06#32.15
-151.741,55.2294#28.82#39#32.18
-151.649,55.231#28.84#38.94#32.22
-151.558,55.2324#28.87#38.88#32.25
-151.466,55.2338#28.89#38.82#32.29
-151.374,55.2351#28.91#38.76#32.33
-151.283,55.2363#28.94#38.7#32.36
-151.191,55.2374#28.96#38.64#32.4
-151.099,55.2385#28.98#38.59#32.43
-151.008,55.2394#29#38.53#32.47
-150.916,55.2403#29.01#38.47#32.52
-150.824,55.2411#29.03#38.41#32.56
-150.733,55.2418#29.04#38.35#32.61
-150.641,55.2424#29.06#38.3#32.64
-150.549,55.243#29.07#38.24#32.69
-150.458,55.2434#29.09#38.18#32.73
-150.366,55.2438#29.11#38.12#32.77
-150.274,55.2441#29.13#38.06#32.81
-150.183,55.2443#29.15#38#32.85
-150.091,55.2444#29.17#37.95#32.88
-149.999,55.2445#29.19#37.89#32.92
-149.908,55.2444#29.24#37.83#32.93
-149.816,55.2443#29.29#37.77#32.94
-149.724,55.2441#29.34#37.72#32.94
-149.633,55.2438#29.39#37.66#32.95
-149.541,55.2434#29.44#37.6#32.96
-149.449,55.243#29.51#37.54#32.95
-149.358,55.2424#29.59#37.48#32.93
-149.266,55.2418#29.68#37.42#32.9
-149.174,55.2411#29.76#37.36#32.88
-149.083,55.2403#29.84#37.3#32.86
-148.991,55.2394#29.93#37.24#32.83
-148.899,55.2385#30.02#37.18#32.8
-148.808,55.2374#30.1#37.11#32.79
-148.716,55.2363#30.19#37.05#32.76
-148.625,55.2351#30.28#36.99#32.73
-148.533,55.2338#30.37#36.92#32.71
-148.441,55.2324#30.45#36.86#32.69
-148.35,55.2309#30.53#36.79#32.68
-148.258,55.2294#30.61#36.73#32.66
-148.167,55.2278#30.69#36.66#32.65
-148.075,55.226#30.76#36.6#32.64
-147.983,55.2242#30.83#36.53#32.64
-147.892,55.2224#30.88#36.47#32.65
-147.8,55.2204#30.92#36.4#32.68
-147.709,55.2184#30.97#36.34#32.69
-147.617,55.2162#31.01#36.28#32.71
-147.526,55.214#31.05#36.21#32.74
-147.434,55.2117#31.07#36.15#32.78
-147.343,55.2093#31.09#36.08#32.83
-147.251,55.2069#31.1#36.02#32.88
-147.16,55.2043#31.12#35.95#32.93
-147.068,55.2017#31.13#35.89#32.98
-146.977,55.199#31.14#35.83#33.03
-146.886,55.1962#31.15#35.76#33.09
-146.794,55.1933#31.15#35.7#33.15
-146.703,55.1903#31.16#35.64#33.2
-146.611,55.1873#31.16#35.58#33.26
-146.52,55.1842#31.17#35.52#33.31
-146.429,55.1809#31.17#35.46#33.37
-146.337,55.1777#31.17#35.4#33.43
-146.246,55.1743#31.17#35.34#33.49
-146.155,55.1708#31.17#35.29#33.54
-146.064,55.1673#31.17#35.23#33.6
-145.972,55.1636#31.17#35.17#33.66
-145.881,55.1599#31.17#35.12#33.71
-145.79,55.1561#31.17#35.06#33.77
-145.699,55.1523#31.17#35#33.83
-145.608,55.1483#31.17#34.95#33.88
-145.516,55.1443#31.17#34.89#33.94
-145.425,55.1401#31.17#34.84#33.99
-145.334,55.1359#31.17#34.78#34.05
-145.243,55.1316#31.16#34.73#34.11
-145.152,55.1273#31.16#34.68#34.16
-145.061,55.1228#31.16#34.62#34.22
-144.97,55.1183#31.16#34.57#34.27
-144.879,55.1137#31.16#34.52#34.32
-144.788,55.1089#31.16#34.47#34.37
-144.697,55.1042#31.16#34.42#34.42
-144.607,55.0993#31.15#34.37#34.48
-144.516,55.0943#31.15#34.32#34.53
-144.425,55.0893#31.15#34.27#34.58
-144.334,55.0842#31.15#34.22#34.63
-144.243,55.079#31.15#34.17#34.68
-144.153,55.0737#31.15#34.12#34.73
-144.062,55.0684#31.15#34.07#34.78
-143.971,55.0629#31.15#34.02#34.83
-143.881,55.0574#31.15#33.97#34.88
-143.79,55.0518#31.15#33.93#34.92
-143.699,55.0461#31.15#33.88#34.97
-143.609,55.0403#31.15#33.84#35.01
-143.518,55.0345#31.14#33.79#35.07
-143.428,55.0285#31.14#33.74#35.12
-143.337,55.0225#31.14#33.69#35.17
-143.247,55.0164#31.14#33.65#35.21
-143.156,55.0103#31.14#33.6#35.26
-143.066,55.004#31.14#33.55#35.31
-142.976,54.9977#31.15#33.51#35.34
-142.886,54.9912#31.15#33.46#35.39
-142.795,54.9847#31.15#33.41#35.44
-142.705,54.9781#31.16#33.37#35.47
-142.615,54.9715#31.16#33.32#35.52
-142.525,54.9647#31.16#33.27#35.57
-142.435,54.9579#31.17#33.23#35.6
-142.345,54.951#31.19#33.19#35.62
-142.255,54.944#31.2#33.16#35.64
-142.165,54.9369#31.21#33.12#35.67
-142.075,54.9298#31.22#33.08#35.7
-141.985,54.9225#31.24#33.05#35.71
-141.895,54.9152#31.26#33.02#35.72
-141.805,54.9078#31.28#32.99#35.73
-141.715,54.9003#31.3#32.96#35.74
-158.836,54.9054#26.79#44.15#29.06
-158.746,54.9134#26.81#44.08#29.11
-158.656,54.9213#26.83#44.01#29.16
-158.566,54.9291#26.84#43.95#29.21
-158.477,54.9368#26.86#43.88#29.26
-158.387,54.9445#26.88#43.82#29.3
-158.297,54.9521#26.9#43.75#29.35
-158.207,54.9596#26.91#43.69#29.4
-158.117,54.967#26.93#43.62#29.45
-158.027,54.9743#26.95#43.56#29.49
-157.937,54.9815#26.97#43.49#29.54
-157.847,54.9887#26.99#43.43#29.58
-157.757,54.9958#27.01#43.37#29.62
-157.666,55.0028#27.03#43.31#29.66
-157.576,55.0097#27.05#43.25#29.7
-157.486,55.0166#27.07#43.18#29.75
-157.396,55.0233#27.09#43.12#29.79
-157.305,55.03#27.12#43.06#29.82
-157.215,55.0366#27.14#43#29.86
-157.125,55.0431#27.16#42.94#29.9
-157.034,55.0495#27.18#42.88#29.94
-156.944,55.0559#27.2#42.82#29.98
-156.853,55.0622#27.23#42.76#30.01
-156.763,55.0684#27.25#42.7#30.05
-156.672,55.0745#27.28#42.64#30.08
-156.582,55.0805#27.3#42.57#30.13
-156.491,55.0864#27.32#42.51#30.17
-156.4,55.0923#27.35#42.45#30.2
-156.31,55.0981#27.38#42.39#30.23
-156.219,55.1038#27.4#42.33#30.27
-156.128,55.1094#27.43#42.27#30.3
-156.037,55.1149#27.45#42.21#30.34
-155.946,55.1204#27.48#42.16#30.36
-155.856,55.1257#27.5#42.13#30.37
-155.765,55.131#27.53#42.09#30.38
-155.674,55.1362#27.56#42.05#30.39
-155.583,55.1414#27.58#42.02#30.4
-155.492,55.1464#27.61#41.98#30.41
-155.401,55.1514#27.64#41.95#30.41
-155.31,55.1562#27.67#41.91#30.42
-155.219,55.161#27.69#41.88#30.43
-155.128,55.1657#27.72#41.84#30.44
-155.037,55.1704#27.75#41.8#30.45
-154.946,55.1749#27.78#41.77#30.45
-154.854,55.1794#27.8#41.73#30.47
-154.763,55.1837#27.83#41.69#30.48
-154.672,55.188#27.86#41.66#30.48
-154.581,55.1923#27.89#41.62#30.49
-154.49,55.1964#27.92#41.58#30.5
-154.398,55.2004#27.95#41.47#30.58
-154.307,55.2044#27.98#41.36#30.66
-154.216,55.2083#28.01#41.25#30.74
-154.124,55.2121#28.03#41.14#30.83
-154.033,55.2158#28.06#41.04#30.9
-153.942,55.2194#28.09#40.92#30.99
-153.85,55.223#28.12#40.79#31.09
-153.759,55.2265#28.15#40.67#31.18
-153.667,55.2298#28.18#40.55#31.27
-153.576,55.2331#28.21#40.43#31.36
-153.484,55.2364#28.24#40.32#31.44
-153.393,55.2395#28.27#40.24#31.49
-153.301,55.2425#28.3#40.16#31.54
-153.21,55.2455#28.33#40.08#31.59
-153.118,55.2484#28.36#39.99#31.65
-153.027,55.2512#28.39#39.91#31.7
-152.935,55.2539#28.41#39.84#31.75
-152.844,55.2565#28.44#39.78#31.78
-152.752,55.2591#28.47#39.72#31.81
-152.66,55.2616#28.5#39.66#31.84
-152.569,55.264#28.53#39.59#31.88
-152.477,55.2663#28.56#39.53#31.91
-152.385,55.2685#28.59#39.47#31.94
-152.294,55.2706#28.61#39.41#31.98
-152.202,55.2727#28.64#39.35#32.01
-152.11,55.2746#28.67#39.28#32.05
-152.019,55.2765#28.7#39.22#32.08
-151.927,55.2783#28.72#39.16#32.12
-151.835,55.28#28.75#39.1#32.15
-151.744,55.2816#28.78#39.04#32.18
-151.652,55.2832#28.8#38.98#32.22
-151.56,55.2847#28.83#38.92#32.25
-151.468,55.286#28.85#38.86#32.29
-151.376,55.2873#28.88#38.81#32.31
-151.285,55.2886#28.9#38.75#32.35
-151.193,55.2897#28.92#38.69#32.39
-151.101,55.2907#28.94#38.63#32.43
-151.009,55.2917#28.96#38.57#32.47
-150.918,55.2926#28.98#38.51#32.51
-150.826,55.2934#28.99#38.46#32.55
-150.734,55.2941#29.01#38.4#32.59
-150.642,55.2947#29.02#38.34#32.64
-150.55,55.2953#29.04#38.28#32.68
-150.459,55.2957#29.06#38.22#32.72
-150.367,55.2961#29.08#38.16#32.76
-150.275,55.2964#29.1#38.11#32.79
-150.183,55.2966#29.12#38.05#32.83
-150.091,55.2967#29.14#37.99#32.87
-149.999,55.2968#29.16#37.93#32.91
-149.908,55.2967#29.21#37.87#32.92
-149.816,55.2966#29.26#37.81#32.93
-149.724,55.2964#29.31#37.76#32.93
-149.632,55.2961#29.35#37.7#32.95
-149.54,55.2957#29.4#37.64#32.96
-149.449,55.2952#29.47#37.58#32.95
-149.357,55.2947#29.55#37.52#32.93
-149.265,55.2941#29.63#37.46#32.91
-149.173,55.2934#29.71#37.4#32.89
-149.081,55.2926#29.8#37.34#32.86
-148.989,55.2917#29.88#37.28#32.84
-148.898,55.2907#29.97#37.21#32.82
-148.806,55.2897#30.06#37.15#32.79
-148.714,55.2885#30.15#37.09#32.76
-148.622,55.2873#30.24#37.02#32.74
-148.531,55.286#30.32#36.96#32.72
-148.439,55.2846#30.41#36.89#32.7
-148.347,55.2832#30.49#36.83#32.68
-148.255,55.2816#30.57#36.76#32.67
-148.164,55.28#30.65#36.7#32.65
-148.072,55.2783#30.73#36.63#32.64
-147.98,55.2765#30.8#36.57#32.63
-147.888,55.2746#30.85#36.5#32.65
-147.797,55.2726#30.9#36.44#32.66
-147.705,55.2706#30.95#36.37#32.68
-147.613,55.2684#30.99#36.31#32.7
-147.522,55.2662#31.04#36.24#32.72
-147.43,55.2639#31.07#36.18#32.75
-147.338,55.2615#31.08#36.12#32.8
-147.247,55.2591#31.1#36.05#32.85
-147.155,55.2565#31.12#35.99#32.89
-147.064,55.2539#31.13#35.92#32.95
-146.972,55.2512#31.15#35.86#32.99
-146.881,55.2484#31.15#35.8#33.05
-146.789,55.2455#31.16#35.74#33.1
-146.697,55.2425#31.16#35.67#33.17
-146.606,55.2395#31.17#35.61#33.22
-146.514,55.2363#31.17#35.55#33.28
-146.423,55.2331#31.18#35.49#33.33
-146.332,55.2298#31.18#35.44#33.38
-146.24,55.2264#31.18#35.38#33.44
-146.149,55.2229#31.18#35.32#33.5
-146.057,55.2194#31.18#35.26#33.56
-145.966,55.2158#31.18#35.21#33.61
-145.875,55.212#31.18#35.15#33.67
-145.783,55.2082#31.18#35.09#33.73
-145.692,55.2044#31.18#35.04#33.78
-145.601,55.2004#31.18#34.98#33.84
-145.509,55.1963#31.18#34.92#33.9
-145.418,55.1922#31.18#34.87#33.95
-145.327,55.188#31.18#34.82#34
-145.236,55.1837#31.18#34.76#34.06
-145.144,55.1793#31.17#34.71#34.12
-145.053,55.1748#31.17#34.66#34.17
-144.962,55.1703#31.17#34.61#34.22
-144.871,55.1657#31.17#34.56#34.27
-144.78,55.161#31.17#34.5#34.33
-144.689,55.1562#31.17#34.45#34.38
-144.598,55.1513#31.17#34.4#34.43
-144.507,55.1463#31.16#34.35#34.49
-144.416,55.1413#31.16#34.3#34.54
-144.325,55.1362#31.16#34.25#34.59
-144.234,55.131#31.16#34.2#34.64
-144.143,55.1257#31.16#34.15#34.69
-144.052,55.1203#31.16#34.1#34.74
-143.962,55.1149#31.16#34.05#34.79
-143.871,55.1093#31.16#34.01#34.83
-143.78,55.1037#31.16#33.96#34.88
-143.689,55.098#31.16#33.91#34.93
-143.599,55.0922#31.16#33.87#34.97
-143.508,55.0864#31.16#33.82#35.02
-143.417,55.0804#31.16#33.77#35.07
-143.327,55.0744#31.16#33.72#35.12
-143.236,55.0683#31.16#33.68#35.16
-143.146,55.0621#31.16#33.63#35.21
-143.055,55.0558#31.16#33.58#35.26
-142.965,55.0495#31.16#33.53#35.31
-142.874,55.043#31.16#33.49#35.35
-142.784,55.0365#31.17#33.44#35.39
-142.693,55.0299#31.17#33.4#35.43
-142.603,55.0232#31.18#33.35#35.47
-142.513,55.0165#31.18#33.3#35.52
-142.423,55.0096#31.19#33.26#35.55
-142.332,55.0027#31.21#33.22#35.57
-142.242,54.9957#31.22#33.18#35.6
-142.152,54.9886#31.23#33.14#35.63
-142.062,54.9814#31.24#33.1#35.66
-141.972,54.9742#31.26#33.06#35.68
-141.882,54.9669#31.28#33.03#35.69
-141.792,54.9595#31.3#33#35.7
-141.702,54.952#31.32#32.97#35.71
-141.612,54.9444#31.34#32.94#35.72
-141.522,54.9368#31.36#32.91#35.73
-141.433,54.929#31.37#32.89#35.74
-141.343,54.9212#31.39#32.87#35.74
-141.253,54.9133#31.4#32.85#35.75
-141.163,54.9053#31.41#32.82#35.77
-159.387,54.9074#26.69#44.56#28.75
-159.298,54.9159#26.71#44.51#28.78
-159.208,54.9242#26.72#44.46#28.82
-159.119,54.9325#26.73#44.41#28.86
-159.029,54.9408#26.75#44.35#28.9
-158.939,54.9489#26.76#44.29#28.95
-158.849,54.957#26.78#44.22#29
-158.76,54.965#26.79#44.16#29.05
-158.67,54.9729#26.81#44.09#29.1
-158.58,54.9807#26.82#44.02#29.16
-158.49,54.9885#26.84#43.95#29.21
-158.4,54.9961#26.85#43.89#29.26
-158.31,55.0037#26.87#43.82#29.31
-158.22,55.0112#26.89#43.76#29.35
-158.13,55.0186#26.91#43.7#29.39
-158.04,55.026#26.92#43.63#29.45
-157.949,55.0332#26.94#43.57#29.49
-157.859,55.0404#26.96#43.51#29.53
-157.769,55.0475#26.98#43.44#29.58
-157.679,55.0545#27#43.38#29.62
-157.588,55.0615#27.02#43.32#29.66
-157.498,55.0683#27.04#43.26#29.7
-157.407,55.0751#27.06#43.2#29.74
-157.317,55.0818#27.09#43.14#29.77
-157.226,55.0884#27.11#43.08#29.81
-157.136,55.0949#27.13#43.02#29.85
-157.045,55.1014#27.15#42.96#29.89
-156.955,55.1077#27.17#42.9#29.93
-156.864,55.114#27.2#42.84#29.96
-156.773,55.1202#27.22#42.78#30
-156.683,55.1263#27.24#42.72#30.04
-156.592,55.1324#27.27#42.66#30.07
-156.501,55.1383#27.29#42.6#30.11
-156.41,55.1442#27.31#42.54#30.15
-156.32,55.15#27.34#42.48#30.18
-156.229,55.1557#27.36#42.41#30.23
-156.138,55.1613#27.39#42.35#30.26
-156.047,55.1669#27.41#42.29#30.3
-155.956,55.1723#27.44#42.25#30.31
-155.865,55.1777#27.47#42.21#30.32
-155.774,55.183#27.49#42.18#30.33
-155.683,55.1882#27.52#42.14#30.34
-155.592,55.1933#27.54#42.11#30.35
-155.501,55.1984#27.57#42.07#30.36
-155.41,55.2034#27.6#42.03#30.37
-155.318,55.2082#27.63#42#30.37
-155.227,55.213#27.65#41.96#30.39
-155.136,55.2178#27.68#41.92#30.4
-155.045,55.2224#27.71#41.89#30.4
-154.953,55.227#27.74#41.85#30.41
-154.862,55.2314#27.77#41.81#30.42
-154.771,55.2358#27.8#41.77#30.43
-154.679,55.2401#27.82#41.73#30.45
-154.588,55.2443#27.85#41.69#30.46
-154.497,55.2485#27.88#41.64#30.48
-154.405,55.2525#27.91#41.54#30.55
-154.314,55.2565#27.94#41.43#30.63
-154.222,55.2604#27.97#41.33#30.7
-154.131,55.2642#28#41.22#30.78
-154.039,55.2679#28.03#41.12#30.85
-153.948,55.2716#28.05#41.01#30.94
-153.856,55.2751#28.08#40.89#31.03
-153.765,55.2786#28.11#40.78#31.11
-153.673,55.282#28.14#40.66#31.2
-153.582,55.2853#28.17#40.55#31.28
-153.49,55.2885#28.2#40.44#31.36
-153.398,55.2917#28.23#40.35#31.42
-153.307,55.2947#28.26#40.27#31.47
-153.215,55.2977#28.29#40.18#31.53
