-152.818,53.9019#29.51#38.43#32.06
-152.73,53.9044#29.53#38.38#32.09
-152.642,53.9068#29.55#38.34#32.11
-152.554,53.9091#29.57#38.29#32.14
-152.466,53.9114#29.59#38.24#32.17
-152.378,53.9136#29.61#38.19#32.2
-152.29,53.9157#29.62#38.14#32.24
-152.202,53.9178#29.64#38.09#32.27
-152.114,53.9197#29.65#38.04#32.31
-152.026,53.9216#29.67#37.99#32.34
-151.938,53.9234#29.68#37.93#32.39
-151.85,53.9251#29.68#37.88#32.44
-151.762,53.9267#29.68#37.82#32.5
-151.674,53.9283#29.69#37.77#32.54
-151.586,53.9298#29.69#37.71#32.6
-151.498,53.9312#29.69#37.65#32.66
-151.41,53.9325#29.68#37.6#32.72
-151.321,53.9337#29.66#37.54#32.8
-151.233,53.9349#29.65#37.48#32.87
-151.145,53.9359#29.63#37.42#32.95
-151.057,53.9369#29.61#37.37#33.02
-150.969,53.9379#29.59#37.31#33.1
-150.881,53.9387#29.56#37.25#33.19
-150.793,53.9394#29.52#37.2#33.28
-150.705,53.9401#29.49#37.14#33.37
-150.616,53.9407#29.45#37.08#33.47
-150.528,53.9412#29.42#37.03#33.55
-150.44,53.9417#29.4#36.97#33.63
-150.352,53.942#29.38#36.92#33.7
-150.264,53.9423#29.36#36.86#33.78
-150.176,53.9425#29.35#36.81#33.84
-150.088,53.9426#29.33#36.75#33.92
-149.999,53.9427#29.31#36.7#33.99
-149.911,53.9426#29.43#36.64#33.93
-149.823,53.9425#29.54#36.59#33.87
-149.735,53.9423#29.66#36.53#33.81
-149.647,53.942#29.77#36.48#33.75
-149.559,53.9417#29.89#36.43#33.68
-149.471,53.9412#30#36.37#33.63
-149.382,53.9407#30.12#36.32#33.56
-149.294,53.9401#30.23#36.27#33.5
-149.206,53.9394#30.34#36.21#33.45
-149.118,53.9387#30.45#36.16#33.39
-149.03,53.9378#30.57#36.11#33.32
-148.942,53.9369#30.64#36.05#33.31
-148.854,53.9359#30.69#36#33.31
-148.766,53.9348#30.74#35.95#33.31
-148.677,53.9337#30.79#35.9#33.31
-148.589,53.9325#30.84#35.85#33.31
-148.501,53.9311#30.9#35.8#33.3
-148.413,53.9297#30.92#35.74#33.34
-148.325,53.9283#30.94#35.69#33.37
-148.237,53.9267#30.96#35.63#33.41
-148.149,53.9251#30.98#35.58#33.44
-148.061,53.9234#31#35.52#33.48
-147.973,53.9216#31.01#35.47#33.52
-147.885,53.9197#31.02#35.41#33.57
-147.797,53.9177#31.03#35.35#33.62
-147.709,53.9157#31.03#35.29#33.68
-147.621,53.9136#31.04#35.24#33.72
-147.533,53.9114#31.05#35.18#33.77
-147.445,53.9091#31.05#35.12#33.83
-147.357,53.9068#31.05#35.06#33.89
-147.269,53.9043#31.05#35#33.95
-147.181,53.9018#31.05#34.94#34.01
-154.229,53.9026#29.07#39.13#31.8
-154.142,53.9064#29.1#39.09#31.81
-154.054,53.9101#29.13#39.05#31.82
-153.966,53.9137#29.15#39.01#31.84
-153.878,53.9173#29.18#38.97#31.85
-153.79,53.9208#29.21#38.93#31.86
-153.702,53.9241#29.23#38.89#31.88
-153.614,53.9275#29.26#38.85#31.89
-153.526,53.9307#29.28#38.81#31.91
-153.438,53.9338#29.31#38.77#31.92
-153.35,53.9369#29.33#38.73#31.94
-153.262,53.9399#29.36#38.69#31.95
-153.174,53.9428#29.38#38.65#31.97
-153.086,53.9456#29.41#38.61#31.98
-152.998,53.9484#29.43#38.57#32
-152.91,53.9511#29.45#38.52#32.03
-152.822,53.9537#29.47#38.48#32.05
-152.734,53.9562#29.49#38.43#32.08
-152.646,53.9586#29.51#38.39#32.1
-152.558,53.961#29.53#38.34#32.13
-152.47,53.9632#29.55#38.29#32.16
-152.382,53.9654#29.57#38.24#32.19
-152.294,53.9676#29.59#38.19#32.22
-152.205,53.9696#29.6#38.14#32.26
-152.117,53.9716#29.62#38.09#32.29
-152.029,53.9734#29.64#38.04#32.32
-151.941,53.9752#29.64#37.98#32.38
-151.853,53.9769#29.65#37.93#32.42
-151.765,53.9786#29.65#37.87#32.48
-151.676,53.9801#29.66#37.82#32.52
-151.588,53.9816#29.67#37.76#32.57
-151.5,53.983#29.67#37.7#32.63
-151.412,53.9843#29.66#37.65#32.69
-151.323,53.9856#29.64#37.59#32.77
-151.235,53.9867#29.63#37.53#32.84
-151.147,53.9878#29.62#37.47#32.91
-151.059,53.9888#29.6#37.41#32.99
-150.97,53.9897#29.58#37.36#33.06
-150.882,53.9906#29.55#37.3#33.15
-150.794,53.9913#29.52#37.24#33.24
-150.706,53.992#29.49#37.19#33.32
-150.617,53.9926#29.45#37.13#33.42
-150.529,53.9931#29.42#37.08#33.5
-150.441,53.9936#29.4#37.02#33.58
-150.353,53.9939#29.39#36.97#33.64
-150.264,53.9942#29.37#36.91#33.72
-150.176,53.9944#29.36#36.86#33.78
-150.088,53.9945#29.34#36.8#33.86
-149.999,53.9946#29.33#36.75#33.92
-149.911,53.9945#29.44#36.69#33.87
-149.823,53.9944#29.56#36.64#33.8
-149.735,53.9942#29.67#36.58#33.75
-149.646,53.9939#29.78#36.53#33.69
-149.558,53.9936#29.9#36.47#33.63
-149.47,53.9931#30.01#36.42#33.57
-149.381,53.9926#30.12#36.37#33.51
-149.293,53.992#30.23#36.31#33.46
-149.205,53.9913#30.34#36.26#33.4
-149.117,53.9906#30.45#36.21#33.34
-149.028,53.9897#30.56#36.15#33.29
-148.94,53.9888#30.64#36.1#33.26
-148.852,53.9878#30.69#36.05#33.26
-148.764,53.9867#30.74#36#33.26
-148.675,53.9856#30.79#35.95#33.26
-148.587,53.9843#30.84#35.89#33.27
-148.499,53.983#30.89#35.84#33.27
-148.411,53.9816#30.91#35.79#33.3
-148.323,53.9801#30.94#35.73#33.33
-148.234,53.9786#30.96#35.68#33.36
-148.146,53.9769#30.98#35.62#33.4
-148.058,53.9752#31#35.57#33.43
-147.97,53.9734#31.01#35.51#33.48
-147.882,53.9715#31.02#35.45#33.53
-147.793,53.9696#31.03#35.39#33.58
-147.705,53.9675#31.03#35.34#33.63
-147.617,53.9654#31.04#35.28#33.68
-147.529,53.9632#31.05#35.22#33.73
-147.441,53.9609#31.05#35.16#33.79
-147.353,53.9586#31.05#35.1#33.85
-147.265,53.9562#31.05#35.04#33.91
-147.177,53.9536#31.05#34.98#33.97
-147.089,53.951#31.05#34.93#34.02
-147,53.9484#31.05#34.87#34.08
-146.912,53.9456#31.05#34.81#34.14
-146.824,53.9428#31.05#34.75#34.2
-146.736,53.9399#31.05#34.69#34.26
-146.648,53.9369#31.05#34.63#34.32
-146.56,53.9338#31.05#34.57#34.38
-146.472,53.9306#31.05#34.51#34.44
-146.385,53.9274#31.05#34.46#34.49
-146.297,53.9241#31.04#34.4#34.56
-146.209,53.9207#31.04#34.34#34.62
-146.121,53.9172#31.04#34.28#34.68
-146.033,53.9137#31.04#34.23#34.73
-145.945,53.9101#31.04#34.17#34.79
-145.857,53.9064#31.04#34.12#34.84
-145.769,53.9026#31.04#34.06#34.9
-155.29,53.9027#28.68#39.7#31.62
-155.202,53.9074#28.71#39.65#31.64
-155.114,53.9121#28.74#39.6#31.66
-155.027,53.9166#28.77#39.55#31.68
-154.939,53.9212#28.8#39.51#31.69
-154.851,53.9256#28.82#39.47#31.71
-154.763,53.9299#28.85#39.43#31.72
-154.675,53.9342#28.88#39.39#31.73
-154.588,53.9384#28.91#39.35#31.74
-154.5,53.9425#28.94#39.31#31.75
-154.412,53.9465#28.97#39.27#31.76
-154.324,53.9505#29#39.23#31.77
-154.236,53.9544#29.02#39.19#31.79
-154.148,53.9581#29.05#39.15#31.8
-154.06,53.9619#29.08#39.1#31.82
-153.972,53.9655#29.11#39.06#31.83
-153.884,53.969#29.13#39.03#31.84
-153.796,53.9725#29.16#38.99#31.85
-153.708,53.9759#29.19#38.95#31.86
-153.62,53.9792#29.21#38.91#31.88
-153.532,53.9825#29.24#38.87#31.89
-153.444,53.9856#29.26#38.83#31.91
-153.356,53.9887#29.29#38.79#31.92
-153.268,53.9917#29.31#38.75#31.94
-153.179,53.9946#29.34#38.71#31.95
-153.091,53.9975#29.36#38.67#31.97
-153.003,54.0002#29.39#38.62#31.99
-152.915,54.0029#29.41#38.58#32.01
-152.827,54.0055#29.43#38.53#32.04
-152.738,54.008#29.45#38.49#32.06
-152.65,54.0105#29.47#38.44#32.09
-152.562,54.0128#29.5#38.39#32.11
-152.474,54.0151#29.52#38.35#32.13
-152.385,54.0173#29.53#38.29#32.18
-152.297,54.0194#29.55#38.24#32.21
-152.209,54.0215#29.57#38.19#32.24
-152.121,54.0234#29.58#38.14#32.28
-152.032,54.0253#29.6#38.09#32.31
-151.944,54.0271#29.61#38.03#32.36
-151.856,54.0288#29.62#37.98#32.4
-151.767,54.0305#29.63#37.92#32.45
-151.679,54.032#29.63#37.86#32.51
-151.591,54.0335#29.64#37.81#32.55
-151.502,54.0349#29.65#37.75#32.6
-151.414,54.0362#29.64#37.69#32.67
-151.326,54.0375#29.62#37.64#32.74
-151.237,54.0386#29.61#37.58#32.81
-151.149,54.0397#29.6#37.52#32.88
-151.06,54.0407#29.59#37.46#32.95
-150.972,54.0416#29.57#37.4#33.03
-150.884,54.0425#29.54#37.35#33.11
-150.795,54.0432#29.51#37.29#33.2
-150.707,54.0439#29.48#37.24#33.28
-150.618,54.0445#29.45#37.18#33.37
-150.53,54.045#29.42#37.12#33.46
-150.442,54.0455#29.41#37.07#33.52
-150.353,54.0458#29.39#37.01#33.6
-150.265,54.0461#29.38#36.96#33.66
-150.176,54.0463#29.37#36.9#33.73
-150.088,54.0464#29.36#36.85#33.79
-149.999,54.0465#29.34#36.79#33.87
-149.911,54.0464#29.46#36.74#33.8
-149.823,54.0463#29.57#36.69#33.74
-149.734,54.0461#29.68#36.63#33.69
-149.646,54.0458#29.79#36.58#33.63
-149.557,54.0455#29.91#36.52#33.57
-149.469,54.045#30.02#36.47#33.51
-149.381,54.0445#30.13#36.41#33.46
-149.292,54.0439#30.24#36.36#33.4
-149.204,54.0432#30.34#36.31#33.35
-149.115,54.0425#30.45#36.26#33.29
-149.027,54.0416#30.56#36.2#33.24
-148.939,54.0407#30.63#36.15#33.22
-148.85,54.0397#30.68#36.1#33.22
-148.762,54.0386#30.74#36.04#33.22
-148.673,54.0375#30.79#35.99#33.22
-148.585,54.0362#30.84#35.94#33.22
-148.497,54.0349#30.89#35.89#33.22
-148.408,54.0335#30.91#35.83#33.26
-148.32,54.032#30.93#35.78#33.29
-148.232,54.0304#30.95#35.72#33.33
-148.143,54.0288#30.98#35.67#33.35
-148.055,54.0271#31#35.61#33.39
-147.967,54.0253#31.01#35.55#33.44
-147.878,54.0234#31.02#35.49#33.49
-147.79,54.0214#31.03#35.44#33.53
-147.702,54.0194#31.03#35.38#33.59
-147.613,54.0173#31.04#35.32#33.64
-147.525,54.0151#31.05#35.26#33.69
-147.437,54.0128#31.05#35.2#33.75
-147.349,54.0104#31.05#35.14#33.81
-147.26,54.008#31.05#35.08#33.87
-147.172,54.0055#31.05#35.02#33.93
-147.084,54.0029#31.05#34.97#33.98
-146.996,54.0002#31.05#34.91#34.04
-146.908,53.9974#31.05#34.85#34.1
-146.82,53.9946#31.05#34.79#34.16
-146.731,53.9917#31.05#34.73#34.22
-146.643,53.9887#31.05#34.67#34.28
-146.555,53.9856#31.05#34.61#34.34
-146.467,53.9824#31.05#34.55#34.4
-146.379,53.9792#31.05#34.5#34.45
-146.291,53.9759#31.05#34.44#34.51
-146.203,53.9725#31.05#34.38#34.57
-146.115,53.969#31.04#34.32#34.64
-146.027,53.9654#31.04#34.27#34.69
-145.939,53.9618#31.04#34.21#34.75
-145.851,53.9581#31.04#34.16#34.8
-145.763,53.9543#31.04#34.1#34.86
-145.675,53.9504#31.04#34.05#34.91
-145.587,53.9465#31.04#34#34.96
-145.499,53.9424#31.04#33.94#35.02
-145.411,53.9383#31.04#33.89#35.07
-145.324,53.9341#31.04#33.84#35.12
-145.236,53.9299#31.04#33.79#35.17
-145.148,53.9255#31.04#33.74#35.22
-145.06,53.9211#31.04#33.69#35.27
-144.972,53.9166#31.04#33.64#35.32
-144.885,53.912#31.04#33.59#35.37
-144.797,53.9073#31.04#33.54#35.42
-144.709,53.9026#31.04#33.49#35.47
-156.175,53.9025#28.32#40.3#31.38
-156.087,53.908#28.35#40.25#31.4
-155.999,53.9135#28.38#40.2#31.42
-155.912,53.9188#28.42#40.15#31.43
-155.824,53.9241#28.45#40.1#31.45
-155.736,53.9294#28.48#40.04#31.48
-155.649,53.9345#28.51#39.99#31.5
-155.561,53.9396#28.54#39.93#31.53
-155.473,53.9446#28.57#39.88#31.55
-155.386,53.9495#28.6#39.83#31.57
-155.298,53.9543#28.63#39.78#31.59
-155.21,53.9591#28.66#39.72#31.62
-155.122,53.9637#28.69#39.67#31.64
-155.034,53.9683#28.72#39.62#31.66
-154.946,53.9728#28.75#39.57#31.68
-154.858,53.9773#28.78#39.53#31.69
-154.771,53.9816#28.81#39.49#31.7
-154.683,53.9859#28.83#39.45#31.72
-154.595,53.9901#28.86#39.41#31.73
-154.507,53.9942#28.89#39.37#31.74
-154.419,53.9983#28.92#39.33#31.75
-154.331,54.0022#28.95#39.29#31.76
-154.242,54.0061#28.98#39.25#31.77
-154.154,54.0099#29.01#39.2#31.79
-154.066,54.0136#29.03#39.16#31.81
-153.978,54.0173#29.06#39.12#31.82
-153.89,54.0208#29.09#39.08#31.83
-153.802,54.0243#29.11#39.04#31.85
-153.714,54.0277#29.14#39#31.86
-153.625,54.031#29.17#38.97#31.86
-153.537,54.0343#29.19#38.93#31.88
-153.449,54.0374#29.22#38.89#31.89
-153.361,54.0405#29.25#38.84#31.91
-153.273,54.0435#29.27#38.8#31.93
-153.184,54.0464#29.3#38.76#31.94
-153.096,54.0493#29.32#38.72#31.96
-153.008,54.0521#29.35#38.68#31.97
-152.919,54.0547#29.37#38.63#32
-152.831,54.0573#29.39#38.59#32.02
-152.743,54.0599#29.41#38.54#32.05
-152.654,54.0623#29.43#38.49#32.08
-152.566,54.0647#29.46#38.45#32.09
-152.478,54.067#29.48#38.4#32.12
-152.389,54.0692#29.5#38.35#32.15
-152.301,54.0713#29.51#38.29#32.2
-152.212,54.0733#29.53#38.24#32.23
-152.124,54.0753#29.55#38.19#32.26
-152.035,54.0772#29.57#38.14#32.29
-151.947,54.079#29.58#38.08#32.34
-151.859,54.0807#29.59#38.03#32.38
-151.77,54.0824#29.6#37.97#32.43
-151.682,54.0839#29.61#37.91#32.48
-151.593,54.0854#29.62#37.86#32.52
-151.505,54.0868#29.62#37.8#32.58
-151.416,54.0881#29.62#37.74#32.64
-151.328,54.0894#29.61#37.68#32.71
-151.239,54.0905#29.6#37.63#32.77
-151.151,54.0916#29.59#37.57#32.84
-151.062,54.0926#29.58#37.51#32.91
-150.973,54.0935#29.56#37.45#32.99
-150.885,54.0944#29.54#37.4#33.06
-150.796,54.0951#29.51#37.34#33.15
-150.708,54.0958#29.48#37.29#33.23
-150.619,54.0964#29.46#37.23#33.31
-150.531,54.097#29.43#37.17#33.4
-150.442,54.0974#29.41#37.12#33.47
-150.354,54.0978#29.4#37.06#33.54
-150.265,54.098#29.39#37.01#33.6
-150.177,54.0982#29.38#36.95#33.67
-150.088,54.0984#29.37#36.9#33.73
-149.999,54.0984#29.36#36.84#33.8
-149.911,54.0984#29.47#36.79#33.74
-149.822,54.0982#29.58#36.73#33.69
-149.734,54.098#29.69#36.68#33.63
-149.645,54.0977#29.81#36.62#33.57
-149.557,54.0974#29.92#36.57#33.51
-149.468,54.0969#30.03#36.51#33.46
-149.38,54.0964#30.13#36.46#33.41
-149.291,54.0958#30.24#36.41#33.35
-149.202,54.0951#30.35#36.36#33.29
-149.114,54.0944#30.45#36.3#33.25
-149.025,54.0935#30.56#36.25#33.19
-148.937,54.0926#30.63#36.2#33.17
-148.848,54.0916#30.68#36.14#33.18
-148.76,54.0905#30.73#36.09#33.18
-148.671,54.0894#30.79#36.04#33.17
-148.583,54.0881#30.84#35.99#33.17
-148.494,54.0868#30.89#35.93#33.18
-148.406,54.0854#30.91#35.88#33.21
-148.317,54.0839#30.93#35.82#33.25
-148.229,54.0823#30.95#35.77#33.28
-148.14,54.0807#30.97#35.71#33.32
-148.052,54.079#31#35.65#33.35
-147.963,54.0772#31.01#35.6#33.39
-147.875,54.0753#31.02#35.54#33.44
-147.787,54.0733#31.03#35.48#33.49
-147.698,54.0713#31.03#35.42#33.55
-147.61,54.0691#31.04#35.36#33.6
-147.521,54.0669#31.05#35.3#33.65
-147.433,54.0646#31.05#35.24#33.71
-147.345,54.0623#31.05#35.18#33.77
-147.256,54.0598#31.05#35.12#33.83
-147.168,54.0573#31.05#35.06#33.89
-147.08,54.0547#31.05#35.01#33.94
-146.991,54.052#31.05#34.95#34
-146.903,54.0493#31.05#34.89#34.06
-146.815,54.0464#31.05#34.83#34.12
-146.726,54.0435#31.05#34.77#34.18
-146.638,54.0405#31.05#34.71#34.24
-146.55,54.0374#31.05#34.65#34.3
-146.462,54.0342#31.05#34.59#34.36
-146.373,54.031#31.05#34.53#34.42
-146.285,54.0277#31.05#34.48#34.47
-146.197,54.0243#31.05#34.42#34.53
-146.109,54.0208#31.05#34.36#34.59
-146.021,54.0172#31.04#34.3#34.66
-145.933,54.0136#31.04#34.25#34.71
-145.845,54.0099#31.04#34.2#34.76
-145.756,54.0061#31.04#34.14#34.82
-145.668,54.0022#31.04#34.09#34.87
-145.58,53.9982#31.04#34.04#34.92
-145.492,53.9942#31.04#33.98#34.98
-145.404,53.9901#31.04#33.93#35.03
-145.316,53.9859#31.04#33.88#35.08
-145.228,53.9816#31.04#33.83#35.13
-145.14,53.9772#31.04#33.78#35.18
-145.053,53.9728#31.04#33.73#35.23
-144.965,53.9683#31.04#33.68#35.28
-144.877,53.9637#31.04#33.63#35.33
-144.789,53.959#31.04#33.58#35.38
-144.701,53.9543#31.04#33.53#35.43
-144.613,53.9494#31.04#33.48#35.48
-144.526,53.9445#31.04#33.43#35.53
-144.438,53.9395#31.04#33.38#35.58
-144.35,53.9345#31.04#33.34#35.62
-144.262,53.9293#31.04#33.29#35.67
-144.175,53.9241#31.04#33.25#35.71
-144.087,53.9188#31.04#33.21#35.75
-144,53.9134#31.04#33.16#35.8
-143.912,53.9079#31.04#33.14#35.82
-143.824,53.9024#31.04#33.11#35.85
-156.972,53.9005#27.99#40.9#31.11
-156.884,53.9068#28.02#40.84#31.14
-156.797,53.913#28.06#40.78#31.16
-156.709,53.9191#28.09#40.73#31.18
-156.622,53.9251#28.12#40.67#31.21
-156.534,53.931#28.15#40.62#31.23
-156.447,53.9369#28.18#40.56#31.26
-156.359,53.9427#28.21#40.51#31.28
-156.272,53.9484#28.24#40.46#31.3
-156.184,53.954#28.27#40.41#31.32
-156.096,53.9596#28.3#40.36#31.34
-156.009,53.9651#28.34#40.31#31.35
-155.921,53.9705#28.37#40.25#31.38
-155.833,53.9758#28.4#40.19#31.41
-155.745,53.981#28.43#40.14#31.43
-155.657,53.9862#28.46#40.08#31.46
-155.57,53.9912#28.49#40.02#31.49
-155.482,53.9962#28.52#39.96#31.52
-155.394,54.0011#28.55#39.91#31.54
-155.306,54.006#28.58#39.85#31.57
-155.218,54.0107#28.61#39.8#31.59
-155.13,54.0154#28.64#39.74#31.62
-155.042,54.02#28.67#39.68#31.65
-154.954,54.0246#28.7#39.64#31.66
-154.866,54.029#28.73#39.6#31.67
-154.778,54.0334#28.76#39.56#31.68
-154.69,54.0376#28.79#39.51#31.7
-154.602,54.0418#28.82#39.47#31.71
-154.514,54.046#28.84#39.43#31.73
-154.425,54.05#28.87#39.39#31.74
-154.337,54.054#28.9#39.35#31.75
-154.249,54.0579#28.93#39.31#31.76
-154.161,54.0617#28.96#39.26#31.78
-154.073,54.0654#28.99#39.22#31.79
-153.984,54.0691#29.01#39.18#31.81
-153.896,54.0726#29.04#39.14#31.82
-153.808,54.0761#29.07#39.1#31.83
-153.719,54.0795#29.1#39.06#31.84
-153.631,54.0828#29.12#39.02#31.86
-153.543,54.0861#29.15#38.98#31.87
-153.454,54.0893#29.18#38.94#31.88
-153.366,54.0924#29.2#38.9#31.9
-153.278,54.0954#29.23#38.86#31.91
-153.189,54.0983#29.25#38.82#31.93
-153.101,54.1011#29.28#38.77#31.95
-153.012,54.1039#29.3#38.73#31.97
-152.924,54.1066#29.33#38.69#31.98
-152.835,54.1092#29.35#38.64#32.01
-152.747,54.1117#29.37#38.59#32.04
-152.658,54.1142#29.39#38.55#32.06
-152.57,54.1166#29.42#38.5#32.08
-152.481,54.1188#29.44#38.45#32.11
-152.393,54.121#29.46#38.4#32.14
-152.304,54.1232#29.48#38.34#32.18
-152.216,54.1252#29.5#38.29#32.21
-152.127,54.1272#29.52#38.24#32.24
-152.039,54.1291#29.53#38.19#32.28
-151.95,54.1309#29.55#38.13#32.32
-151.861,54.1326#29.56#38.08#32.36
-151.773,54.1343#29.57#38.02#32.41
-151.684,54.1358#29.58#37.96#32.46
-151.596,54.1373#29.59#37.91#32.5
-151.507,54.1387#29.6#37.85#32.55
-151.418,54.14#29.59#37.79#32.62
-151.33,54.1413#29.59#37.73#32.68
-151.241,54.1425#29.58#37.68#32.74
-151.152,54.1435#29.57#37.62#32.81
-151.064,54.1445#29.57#37.56#32.87
-150.975,54.1455#29.55#37.5#32.95
-150.886,54.1463#29.53#37.45#33.02
-150.798,54.1471#29.5#37.39#33.11
-150.709,54.1478#29.48#37.33#33.19
-150.62,54.1484#29.46#37.28#33.26
-150.532,54.1489#29.43#37.22#33.35
-150.443,54.1493#29.42#37.17#33.41
-150.354,54.1497#29.41#37.11#33.48
-150.266,54.15#29.4#37.06#33.54
-150.177,54.1502#29.39#37#33.61
-150.088,54.1503#29.38#36.95#33.67
-149.999,54.1503#29.37#36.89#33.74
-149.911,54.1503#29.49#36.84#33.67
-149.822,54.1502#29.6#36.78#33.62
-149.733,54.15#29.71#36.73#33.56
-149.645,54.1497#29.82#36.67#33.51
-149.556,54.1493#29.93#36.62#33.45
-149.467,54.1489#30.04#36.56#33.4
-149.379,54.1484#30.14#36.51#33.35
-149.29,54.1478#30.24#36.46#33.3
-149.201,54.1471#30.35#36.4#33.25
-149.113,54.1463#30.45#36.35#33.2
-149.024,54.1455#30.55#36.3#33.15
-148.935,54.1445#30.62#36.24#33.14
-148.847,54.1435#30.68#36.19#33.13
-148.758,54.1424#30.73#36.14#33.13
-148.669,54.1413#30.78#36.09#33.13
-148.581,54.14#30.84#36.03#33.13
-148.492,54.1387#30.89#35.98#33.13
-148.403,54.1373#30.91#35.92#33.17
-148.315,54.1358#30.93#35.87#33.2
-148.226,54.1342#30.95#35.81#33.24
-148.137,54.1326#30.97#35.75#33.28
-148.049,54.1309#31#35.7#33.3
-147.96,54.1291#31.01#35.64#33.35
-147.872,54.1272#31.02#35.58#33.4
-147.783,54.1252#31.03#35.52#33.45
-147.695,54.1232#31.03#35.46#33.51
-147.606,54.121#31.04#35.4#33.56
-147.518,54.1188#31.05#35.34#33.61
-147.429,54.1165#31.05#35.28#33.67
-147.34,54.1142#31.05#35.22#33.73
-147.252,54.1117#31.05#35.17#33.78
-147.164,54.1092#31.05#35.11#33.84
-147.075,54.1066#31.05#35.05#33.9
-146.987,54.1039#31.05#34.99#33.96
-146.898,54.1011#31.05#34.93#34.02
-146.81,54.0983#31.05#34.87#34.08
-146.721,54.0953#31.05#34.81#34.14
-146.633,54.0923#31.05#34.75#34.2
-146.545,54.0892#31.05#34.69#34.26
-146.456,54.0861#31.05#34.63#34.32
-146.368,54.0828#31.05#34.57#34.38
-146.279,54.0795#31.05#34.52#34.43
-146.191,54.0761#31.05#34.46#34.49
-146.103,54.0726#31.05#34.4#34.55
-146.015,54.069#31.05#34.34#34.61
-145.926,54.0654#31.05#34.29#34.66
-145.838,54.0616#31.04#34.24#34.72
-145.75,54.0578#31.04#34.18#34.78
-145.662,54.0539#31.04#34.13#34.83
-145.573,54.05#31.04#34.08#34.88
-145.485,54.0459#31.04#34.02#34.94
-145.397,54.0418#31.04#33.97#34.99
-145.309,54.0376#31.04#33.92#35.04
-145.221,54.0333#31.04#33.87#35.09
-145.133,54.0289#31.04#33.82#35.14
-145.045,54.0245#31.04#33.77#35.19
-144.957,54.02#31.04#33.71#35.25
-144.869,54.0154#31.04#33.66#35.3
-144.781,54.0107#31.04#33.62#35.34
-144.693,54.0059#31.04#33.57#35.39
-144.605,54.0011#31.04#33.52#35.44
-144.517,53.9962#31.04#33.47#35.49
-144.429,53.9912#31.04#33.42#35.54
-144.341,53.9861#31.04#33.38#35.58
-144.254,53.9809#31.04#33.33#35.63
-144.166,53.9757#31.04#33.29#35.67
-144.078,53.9704#31.04#33.24#35.72
-143.99,53.965#31.04#33.2#35.76
-143.903,53.9595#31.04#33.17#35.79
-143.815,53.954#31.04#33.14#35.82
-143.727,53.9483#31.04#33.11#35.85
-143.64,53.9426#31.04#33.08#35.88
-143.552,53.9368#31.04#33.05#35.91
-143.464,53.931#31.04#33.03#35.93
-143.377,53.925#31.05#33.01#35.94
-143.289,53.919#31.05#32.99#35.96
-143.202,53.9129#31.05#32.96#35.99
-143.115,53.9067#31.05#32.94#36.01
-143.027,53.9005#31.05#32.92#36.03
-157.594,53.906#27.73#41.44#30.83
-157.507,53.9128#27.76#41.38#30.86
-157.42,53.9195#27.79#41.32#30.89
-157.332,53.9262#27.82#41.26#30.92
-157.245,53.9328#27.85#41.19#30.96
-157.157,53.9393#27.88#41.13#30.99
-157.07,53.9457#27.92#41.07#31.01
-156.982,53.952#27.95#41.01#31.04
-156.895,53.9583#27.98#40.95#31.07
-156.807,53.9645#28.01#40.9#31.09
-156.72,53.9706#28.04#40.84#31.12
-156.632,53.9766#28.07#40.79#31.14
-156.544,53.9826#28.1#40.73#31.17
-156.457,53.9885#28.13#40.68#31.19
-156.369,53.9943#28.16#40.63#31.21
-156.281,54#28.19#40.57#31.24
-156.194,54.0056#28.22#40.52#31.26
-156.106,54.0112#28.25#40.47#31.28
-156.018,54.0167#28.29#40.41#31.3
-155.93,54.0221#28.32#40.35#31.33
-155.842,54.0274#28.35#40.29#31.36
-155.754,54.0326#28.38#40.23#31.39
-155.666,54.0378#28.41#40.17#31.42
-155.578,54.0429#28.44#40.1#31.46
-155.49,54.0479#28.47#40.04#31.49
-155.402,54.0528#28.5#39.99#31.51
-155.314,54.0577#28.53#39.93#31.54
-155.226,54.0624#28.56#39.87#31.57
-155.138,54.0671#28.59#39.81#31.6
-155.05,54.0717#28.62#39.75#31.63
-154.962,54.0763#28.65#39.7#31.65
-154.873,54.0807#28.68#39.66#31.66
-154.785,54.0851#28.71#39.62#31.67
-154.697,54.0894#28.74#39.58#31.68
-154.609,54.0936#28.77#39.54#31.69
-154.521,54.0977#28.8#39.49#31.71
-154.432,54.1018#28.83#39.45#31.72
-154.344,54.1058#28.85#39.41#31.74
-154.256,54.1097#28.88#39.37#31.75
-154.167,54.1135#28.91#39.32#31.77
-154.079,54.1172#28.94#39.28#31.78
-153.99,54.1209#28.97#39.24#31.79
-153.902,54.1244#29#39.2#31.8
-153.814,54.1279#29.02#39.16#31.82
-153.725,54.1313#29.05#39.12#31.83
-153.637,54.1347#29.08#39.08#31.84
-153.548,54.1379#29.11#39.04#31.85
-153.46,54.1411#29.13#39#31.87
-153.371,54.1442#29.16#38.96#31.88
-153.283,54.1472#29.18#38.91#31.91
-153.194,54.1501#29.21#38.87#31.92
-153.106,54.153#29.24#38.83#31.93
-153.017,54.1558#29.26#38.79#31.95
-152.928,54.1585#29.29#38.74#31.97
-152.84,54.1611#29.31#38.69#32
-152.751,54.1636#29.33#38.65#32.02
-152.663,54.1661#29.35#38.6#32.05
-152.574,54.1684#29.38#38.55#32.07
-152.485,54.1707#29.4#38.5#32.1
-152.397,54.1729#29.42#38.45#32.13
-152.308,54.1751#29.44#38.4#32.16
-152.219,54.1771#29.46#38.34#32.2
-152.13,54.1791#29.48#38.29#32.23
-152.042,54.181#29.5#38.24#32.26
-151.953,54.1828#29.52#38.18#32.3
-151.864,54.1845#29.53#38.13#32.34
-151.776,54.1862#29.54#38.07#32.39
-151.687,54.1878#29.55#38.01#32.44
-151.598,54.1892#29.56#37.95#32.49
-151.509,54.1907#29.58#37.9#32.52
-151.42,54.192#29.57#37.84#32.59
-151.332,54.1932#29.57#37.78#32.65
-151.243,54.1944#29.56#37.72#32.72
-151.154,54.1955#29.56#37.67#32.77
-151.065,54.1965#29.55#37.61#32.84
-150.977,54.1974#29.54#37.55#32.91
-150.888,54.1983#29.52#37.5#32.98
-150.799,54.199#29.5#37.44#33.06
-150.71,54.1997#29.48#37.38#33.14
-150.621,54.2003#29.46#37.33#33.21
-150.532,54.2008#29.43#37.27#33.3
-150.444,54.2013#29.42#37.22#33.36
-150.355,54.2016#29.42#37.16#33.42
-150.266,54.2019#29.41#37.11#33.48
-150.177,54.2021#29.4#37.05#33.55
-150.088,54.2022#29.4#37#33.6
-149.999,54.2023#29.39#36.94#33.67
-149.911,54.2022#29.5#36.89#33.61
-149.822,54.2021#29.61#36.83#33.56
-149.733,54.2019#29.72#36.77#33.51
-149.644,54.2016#29.83#36.72#33.45
-149.555,54.2013#29.94#36.66#33.4
-149.466,54.2008#30.04#36.61#33.35
-149.378,54.2003#30.14#36.56#33.3
-149.289,54.1997#30.25#36.5#33.25
-149.2,54.199#30.35#36.45#33.2
-149.111,54.1982#30.45#36.4#33.15
-149.022,54.1974#30.55#36.34#33.11
-148.934,54.1965#30.62#36.29#33.09
-148.845,54.1955#30.67#36.24#33.09
-148.756,54.1944#30.73#36.19#33.08
-148.667,54.1932#30.78#36.13#33.09
-148.578,54.192#30.84#36.08#33.08
-148.49,54.1906#30.89#36.02#33.09
-148.401,54.1892#30.91#35.97#33.12
-148.312,54.1877#30.93#35.91#33.16
-148.223,54.1862#30.95#35.85#33.2
-148.135,54.1845#30.97#35.8#33.23
-148.046,54.1828#31#35.74#33.26
-147.957,54.181#31.01#35.68#33.31
-147.868,54.1791#31.02#35.62#33.36
-147.78,54.1771#31.03#35.56#33.41
-147.691,54.1751#31.03#35.5#33.47
-147.602,54.1729#31.04#35.45#33.51
-147.514,54.1707#31.05#35.39#33.56
-147.425,54.1684#31.05#35.33#33.62
-147.336,54.166#31.05#35.27#33.68
-147.248,54.1636#31.05#35.21#33.74
-147.159,54.161#31.05#35.15#33.8
-147.071,54.1584#31.05#35.09#33.86
-146.982,54.1557#31.06#35.03#33.91
-146.893,54.153#31.05#34.97#33.98
-146.805,54.1501#31.05#34.91#34.04
-146.716,54.1472#31.05#34.85#34.1
-146.628,54.1442#31.05#34.79#34.16
-146.539,54.1411#31.05#34.73#34.22
-146.451,54.1379#31.05#34.67#34.28
-146.362,54.1346#31.05#34.61#34.34
-146.274,54.1313#31.05#34.55#34.4
-146.185,54.1279#31.05#34.5#34.45
-146.097,54.1244#31.05#34.44#34.51
-146.008,54.1208#31.05#34.38#34.57
-145.92,54.1172#31.05#34.33#34.62
-145.832,54.1134#31.05#34.27#34.68
-145.743,54.1096#31.05#34.22#34.73
-145.655,54.1057#31.04#34.17#34.79
-145.567,54.1017#31.04#34.11#34.85
-145.478,54.0977#31.04#34.06#34.9
-145.39,54.0935#31.04#34.01#34.95
-145.302,54.0893#31.04#33.96#35
-145.214,54.085#31.04#33.91#35.05
-145.125,54.0807#31.04#33.86#35.1
-145.037,54.0762#31.04#33.8#35.16
-144.949,54.0717#31.04#33.75#35.21
-144.861,54.0671#31.04#33.7#35.26
-144.773,54.0624#31.04#33.65#35.31
-144.685,54.0576#31.04#33.6#35.36
-144.597,54.0528#31.04#33.55#35.41
-144.509,54.0478#31.04#33.5#35.46
-144.421,54.0428#31.04#33.46#35.5
-144.333,54.0377#31.04#33.41#35.55
-144.245,54.0326#31.04#33.37#35.59
-144.157,54.0273#31.04#33.33#35.63
-144.069,54.022#31.04#33.28#35.68
-143.981,54.0166#31.04#33.24#35.72
-143.893,54.0111#31.04#33.2#35.76
-143.805,54.0056#31.04#33.17#35.79
-143.718,53.9999#31.04#33.14#35.82
-143.63,53.9942#31.04#33.11#35.85
-143.542,53.9884#31.04#33.07#35.89
-143.454,53.9825#31.05#33.05#35.9
-143.367,53.9766#31.05#33.02#35.93
-143.279,53.9705#31.05#33#35.95
-143.192,53.9644#31.05#32.98#35.97
-143.104,53.9582#31.05#32.95#36
-143.016,53.952#31.05#32.93#36.02
-142.929,53.9456#31.05#32.92#36.03
-142.841,53.9392#31.05#32.91#36.04
-142.754,53.9327#31.06#32.89#36.05
-142.667,53.9261#31.06#32.88#36.06
-142.579,53.9194#31.06#32.87#36.07
-142.492,53.9127#31.06#32.86#36.08
-142.405,53.9059#31.06#32.84#36.1
-158.304,53.9#27.45#42.06#30.49
-158.217,53.9074#27.48#42#30.52
-158.13,53.9148#27.51#41.94#30.55
-158.043,53.9221#27.54#41.88#30.58
-157.955,53.9293#27.57#41.82#30.61
-157.868,53.9364#27.6#41.75#30.65
-157.781,53.9435#27.63#41.69#30.68
-157.693,53.9505#27.66#41.62#30.72
-157.606,53.9574#27.69#41.55#30.76
-157.519,53.9642#27.72#41.49#30.79
-157.431,53.971#27.75#41.43#30.82
-157.344,53.9776#27.78#41.36#30.86
-157.256,53.9842#27.81#41.3#30.89
-157.168,53.9908#27.84#41.24#30.92
-157.081,53.9972#27.87#41.18#30.95
-156.993,54.0036#27.9#41.12#30.98
-156.906,54.0098#27.93#41.06#31.01
-156.818,54.016#27.96#41.01#31.03
-156.73,54.0222#27.99#40.95#31.06
-156.642,54.0282#28.02#40.9#31.08
-156.555,54.0342#28.05#40.85#31.1
-156.467,54.04#28.08#40.79#31.13
-156.379,54.0459#28.11#40.74#31.15
-156.291,54.0516#28.14#40.68#31.18
-156.203,54.0572#28.17#40.63#31.2
-156.115,54.0628#28.21#40.57#31.22
-156.027,54.0683#28.24#40.52#31.24
-155.939,54.0737#28.27#40.45#31.28
-155.851,54.079#28.3#40.39#31.31
-155.763,54.0843#28.33#40.32#31.35
-155.675,54.0895#28.36#40.26#31.38
-155.587,54.0946#28.39#40.19#31.42
-155.499,54.0996#28.42#40.12#31.46
-155.411,54.1045#28.45#40.07#31.48
-155.322,54.1094#28.48#40.01#31.51
-155.234,54.1142#28.51#39.95#31.54
-155.146,54.1188#28.54#39.88#31.58
-155.058,54.1235#28.57#39.82#31.61
-154.969,54.128#28.6#39.77#31.63
-154.881,54.1325#28.63#39.73#31.64
-154.793,54.1368#28.66#39.68#31.66
-154.704,54.1411#28.69#39.64#31.67
-154.616,54.1454#28.72#39.6#31.68
-154.528,54.1495#28.75#39.55#31.7
-154.439,54.1536#28.78#39.51#31.71
-154.351,54.1575#28.81#39.47#31.72
-154.262,54.1614#28.83#39.42#31.75
-154.174,54.1653#28.86#39.38#31.76
-154.085,54.169#28.89#39.34#31.77
-153.997,54.1727#28.92#39.29#31.79
-153.908,54.1763#28.95#39.25#31.8
-153.82,54.1798#28.98#39.21#31.81
-153.731,54.1832#29#39.17#31.83
-153.642,54.1865#29.03#39.13#31.84
-153.554,54.1898#29.06#39.09#31.85
-153.465,54.193#29.09#39.05#31.86
-153.376,54.1961#29.11#39.01#31.88
-153.288,54.1991#29.14#38.97#31.89
-153.199,54.202#29.17#38.93#31.9
-153.11,54.2049#29.19#38.88#31.93
-153.022,54.2077#29.22#38.84#31.94
-152.933,54.2104#29.24#38.79#31.97
-152.844,54.213#29.27#38.75#31.98
-152.755,54.2155#29.29#38.7#32.01
-152.667,54.218#29.31#38.65#32.04
-152.578,54.2203#29.34#38.6#32.06
-152.489,54.2226#29.36#38.55#32.09
-152.4,54.2249#29.38#38.5#32.12
-152.311,54.227#29.4#38.45#32.15
-152.223,54.2291#29.42#38.39#32.19
-152.134,54.231#29.44#38.34#32.22
-152.045,54.2329#29.46#38.29#32.25
-151.956,54.2347#29.48#38.23#32.29
-151.867,54.2365#29.49#38.18#32.33
-151.778,54.2381#29.51#38.12#32.37
-151.689,54.2397#29.52#38.06#32.42
-151.601,54.2412#29.53#38#32.47
-151.512,54.2426#29.54#37.95#32.51
-151.423,54.2439#29.54#37.89#32.57
-151.334,54.2452#29.54#37.83#32.63
-151.245,54.2463#29.54#37.77#32.69
-151.156,54.2474#29.53#37.72#32.75
-151.067,54.2484#29.53#37.66#32.81
-150.978,54.2494#29.52#37.6#32.88
-150.889,54.2502#29.5#37.54#32.96
-150.8,54.251#29.48#37.49#33.03
-150.711,54.2517#29.46#37.43#33.11
-150.622,54.2523#29.44#37.38#33.18
-150.533,54.2528#29.42#37.32#33.26
-150.444,54.2532#29.41#37.27#33.32
-150.355,54.2536#29.41#37.21#33.38
-150.266,54.2539#29.4#37.15#33.45
-150.177,54.2541#29.4#37.1#33.5
-150.088,54.2542#29.4#37.04#33.56
-149.999,54.2542#29.39#36.99#33.62
-149.91,54.2542#29.5#36.93#33.57
-149.822,54.2541#29.6#36.88#33.52
-149.733,54.2539#29.71#36.82#33.47
-149.644,54.2536#29.82#36.77#33.41
-149.555,54.2532#29.92#36.71#33.37
-149.466,54.2528#30.03#36.66#33.31
-149.377,54.2523#30.13#36.6#33.27
-149.288,54.2517#30.23#36.55#33.22
-149.199,54.251#30.33#36.5#33.17
-149.11,54.2502#30.43#36.44#33.13
-149.021,54.2494#30.53#36.39#33.08
-148.932,54.2484#30.6#36.34#33.06
-148.843,54.2474#30.65#36.28#33.07
-148.754,54.2463#30.71#36.23#33.06
-148.665,54.2452#30.77#36.18#33.05
-148.576,54.2439#30.82#36.12#33.06
-148.487,54.2426#30.88#36.07#33.05
-148.398,54.2412#30.9#36.01#33.09
-148.309,54.2397#30.92#35.95#33.13
-148.221,54.2381#30.95#35.9#33.15
-148.132,54.2364#30.97#35.84#33.19
-148.043,54.2347#30.99#35.78#33.23
-147.954,54.2329#31.01#35.73#33.26
-147.865,54.231#31.02#35.67#33.31
-147.776,54.229#31.02#35.61#33.37
-147.687,54.227#31.03#35.55#33.42
-147.599,54.2248#31.04#35.49#33.47
-147.51,54.2226#31.05#35.43#33.52
-147.421,54.2203#31.05#35.37#33.58
-147.332,54.2179#31.05#35.31#33.64
-147.243,54.2155#31.05#35.25#33.7
-147.155,54.2129#31.05#35.19#33.76
-147.066,54.2103#31.06#35.12#33.82
-146.977,54.2076#31.06#35.06#33.88
-146.889,54.2048#31.06#35#33.94
-146.8,54.202#31.05#34.95#34
-146.711,54.199#31.05#34.89#34.06
-146.622,54.196#31.05#34.83#34.12
-146.534,54.1929#31.05#34.77#34.18
-146.445,54.1897#31.05#34.71#34.24
-146.357,54.1865#31.05#34.65#34.3
-146.268,54.1831#31.05#34.59#34.36
-146.179,54.1797#31.05#34.54#34.41
-146.091,54.1762#31.05#34.48#34.47
-146.002,54.1726#31.05#34.42#34.53
-145.914,54.169#31.05#34.37#34.58
-145.825,54.1652#31.05#34.31#34.64
-145.737,54.1614#31.05#34.26#34.69
-145.648,54.1575#31.05#34.21#34.74
-145.56,54.1535#31.04#34.15#34.81
-145.471,54.1495#31.04#34.1#34.86
-145.383,54.1453#31.04#34.05#34.91
-145.295,54.1411#31.04#34#34.96
-145.206,54.1368#31.04#33.95#35.01
-145.118,54.1324#31.04#33.89#35.07
-145.03,54.128#31.04#33.84#35.12
-144.941,54.1234#31.04#33.79#35.17
-144.853,54.1188#31.04#33.74#35.22
-144.765,54.1141#31.04#33.69#35.27
-144.677,54.1093#31.04#33.64#35.32
-144.588,54.1045#31.04#33.59#35.37
-144.5,54.0995#31.04#33.54#35.42
-144.412,54.0945#31.04#33.5#35.46
-144.324,54.0894#31.04#33.45#35.51
-144.236,54.0842#31.04#33.41#35.55
-144.148,54.079#31.04#33.36#35.6
-144.06,54.0736#31.04#33.32#35.64
-143.972,54.0682#31.04#33.28#35.68
-143.884,54.0627#31.04#33.24#35.72
-143.796,54.0572#31.04#33.2#35.76
-143.708,54.0515#31.04#33.16#35.8
-143.62,54.0458#31.04#33.13#35.83
-143.532,54.04#31.05#33.09#35.86
-143.444,54.0341#31.05#33.07#35.88
-143.357,54.0281#31.05#33.04#35.91
-143.269,54.0221#31.05#33.01#35.94
-143.181,54.016#31.05#32.99#35.96
-143.093,54.0098#31.05#32.96#35.99
-143.006,54.0035#31.05#32.94#36.01
-142.918,53.9971#31.05#32.93#36.02
-142.83,53.9907#31.06#32.92#36.02
-142.743,53.9842#31.06#32.9#36.04
-142.655,53.9776#31.06#32.89#36.05
-142.568,53.9709#31.06#32.88#36.06
-142.48,53.9641#31.06#32.87#36.07
-142.393,53.9573#31.06#32.85#36.09
-142.306,53.9504#31.07#32.84#36.09
-142.218,53.9434#31.07#32.82#36.11
-142.131,53.9363#31.07#32.81#36.12
-142.044,53.9292#31.08#32.8#36.12
-141.956,53.922#31.08#32.78#36.14
-141.869,53.9147#31.09#32.76#36.15
-141.782,53.9073#31.1#32.75#36.15
-158.84,53.9049#27.25#42.52#30.23
-158.753,53.9128#27.28#42.46#30.26
-158.665,53.9206#27.3#42.4#30.3
-158.578,53.9284#27.33#42.34#30.33
-158.491,53.9361#27.36#42.28#30.36
-158.404,53.9437#27.38#42.22#30.4
-158.317,53.9513#27.41#42.16#30.43
-158.23,53.9588#27.44#42.11#30.45
-158.142,53.9661#27.47#42.05#30.48
-158.055,53.9735#27.5#41.99#30.51
-157.968,53.9807#27.52#41.92#30.56
-157.88,53.9878#27.55#41.86#30.59
-157.793,53.9949#27.58#41.79#30.63
-157.705,54.0019#27.61#41.73#30.66
-157.618,54.0088#27.64#41.66#30.7
-157.53,54.0157#27.67#41.6#30.73
-157.442,54.0224#27.7#41.54#30.76
-157.355,54.0291#27.73#41.47#30.8
-157.267,54.0357#27.76#41.41#30.83
-157.179,54.0423#27.79#41.35#30.86
-157.092,54.0487#27.82#41.29#30.89
-157.004,54.0551#27.85#41.22#30.93
-156.916,54.0614#27.88#41.17#30.95
-156.828,54.0676#27.91#41.12#30.97
-156.74,54.0737#27.94#41.07#30.99
-156.653,54.0798#27.97#41.01#31.02
-156.565,54.0857#28#40.96#31.04
-156.477,54.0916#28.03#40.91#31.06
-156.389,54.0975#28.06#40.85#31.09
-156.301,54.1032#28.09#40.8#31.11
-156.213,54.1089#28.13#40.74#31.13
-156.125,54.1144#28.16#40.68#31.16
-156.036,54.1199#28.19#40.62#31.19
-155.948,54.1254#28.22#40.56#31.22
-155.86,54.1307#28.25#40.49#31.26
-155.772,54.136#28.28#40.42#31.3
-155.684,54.1411#28.31#40.35#31.34
-155.595,54.1463#28.34#40.28#31.38
-155.507,54.1513#28.37#40.21#31.42
-155.419,54.1562#28.4#40.15#31.45
-155.331,54.1611#28.43#40.08#31.49
-155.242,54.1659#28.46#40.02#31.52
-155.154,54.1706#28.49#39.96#31.55
-155.065,54.1752#28.52#39.89#31.59
-154.977,54.1798#28.55#39.83#31.62
-154.889,54.1842#28.58#39.79#31.63
-154.8,54.1886#28.61#39.75#31.64
-154.712,54.1929#28.64#39.7#31.66
-154.623,54.1971#28.67#39.66#31.67
-154.535,54.2013#28.7#39.62#31.68
-154.446,54.2054#28.73#39.57#31.7
-154.357,54.2094#28.76#39.53#31.71
-154.269,54.2133#28.79#39.49#31.72
-154.18,54.2171#28.82#39.44#31.74
-154.092,54.2208#28.85#39.4#31.75
-154.003,54.2245#28.88#39.35#31.77
-153.914,54.2281#28.9#39.31#31.79
-153.825,54.2316#28.93#39.27#31.8
-153.737,54.235#28.96#39.23#31.81
-153.648,54.2384#28.99#39.19#31.82
-153.559,54.2416#29.02#39.15#31.83
-153.47,54.2448#29.04#39.11#31.85
-153.382,54.2479#29.07#39.07#31.86
-153.293,54.251#29.1#39.02#31.88
-153.204,54.2539#29.12#38.98#31.9
-153.115,54.2568#29.15#38.94#31.91
-153.026,54.2595#29.18#38.9#31.92
-152.937,54.2623#29.2#38.85#31.95
-152.849,54.2649#29.22#38.8#31.98
-152.76,54.2674#29.25#38.75#32
-152.671,54.2699#29.27#38.7#32.03
-152.582,54.2723#29.3#38.65#32.05
-152.493,54.2746#29.32#38.6#32.08
-152.404,54.2768#29.34#38.55#32.11
-152.315,54.2789#29.36#38.5#32.14
-152.226,54.281#29.38#38.44#32.18
-152.137,54.283#29.4#38.39#32.21
-152.048,54.2849#29.43#38.34#32.23
-151.959,54.2867#29.44#38.28#32.28
-151.87,54.2884#29.46#38.23#32.31
-151.781,54.2901#29.47#38.17#32.36
-151.692,54.2916#29.48#38.11#32.41
-151.603,54.2931#29.5#38.05#32.45
-151.514,54.2946#29.51#38#32.49
-151.425,54.2959#29.51#37.94#32.55
-151.336,54.2971#29.51#37.88#32.61
-151.247,54.2983#29.51#37.82#32.67
-151.158,54.2994#29.51#37.76#32.73
-151.069,54.3004#29.51#37.71#32.78
-150.98,54.3013#29.5#37.65#32.85
-150.89,54.3022#29.48#37.59#32.93
-150.801,54.303#29.47#37.54#32.99
-150.712,54.3036#29.45#37.48#33.07
-150.623,54.3043#29.43#37.43#33.14
-150.534,54.3048#29.41#37.37#33.22
-150.445,54.3052#29.4#37.31#33.29
-150.356,54.3056#29.4#37.26#33.34
-150.267,54.3059#29.4#37.2#33.4
-150.178,54.3061#29.4#37.15#33.45
-150.089,54.3062#29.4#37.09#33.51
-149.999,54.3062#29.4#37.04#33.56
-149.91,54.3062#29.5#36.98#33.52
-149.821,54.3061#29.6#36.93#33.47
-149.732,54.3059#29.7#36.87#33.43
-149.643,54.3056#29.8#36.82#33.38
-149.554,54.3052#29.91#36.76#33.33
-149.465,54.3048#30.01#36.71#33.28
-149.376,54.3042#30.11#36.65#33.24
-149.287,54.3036#30.21#36.6#33.19
-149.198,54.303#30.31#36.55#33.14
-149.108,54.3022#30.41#36.49#33.1
-149.019,54.3013#30.5#36.44#33.06
-148.93,54.3004#30.57#36.38#33.05
-148.841,54.2994#30.63#36.33#33.04
-148.752,54.2983#30.69#36.28#33.03
-148.663,54.2971#30.75#36.22#33.03
-148.574,54.2959#30.81#36.17#33.02
-148.485,54.2945#30.86#36.11#33.03
-148.396,54.2931#30.89#36.05#33.06
-148.307,54.2916#30.91#36#33.09
-148.218,54.2901#30.94#35.94#33.12
-148.129,54.2884#30.96#35.88#33.16
-148.04,54.2867#30.99#35.82#33.19
-147.951,54.2848#31#35.77#33.23
-147.862,54.2829#31.01#35.71#33.28
-147.773,54.281#31.02#35.65#33.33
-147.684,54.2789#31.03#35.59#33.38
-147.595,54.2768#31.04#35.53#33.43
-147.506,54.2745#31.05#35.46#33.49
-147.417,54.2722#31.05#35.4#33.55
-147.328,54.2699#31.05#35.34#33.61
-147.239,54.2674#31.05#35.28#33.67
-147.15,54.2648#31.06#35.22#33.72
-147.061,54.2622#31.06#35.16#33.78
-146.973,54.2595#31.06#35.1#33.84
-146.884,54.2567#31.06#35.04#33.9
-146.795,54.2539#31.06#34.98#33.96
-146.706,54.2509#31.06#34.92#34.02
-146.617,54.2479#31.06#34.86#34.08
-146.528,54.2448#31.05#34.8#34.15
-146.44,54.2416#31.05#34.74#34.21
-146.351,54.2383#31.05#34.69#34.26
-146.262,54.235#31.05#34.63#34.32
-146.173,54.2316#31.05#34.57#34.38
-146.085,54.228#31.05#34.52#34.43
-145.996,54.2245#31.05#34.46#34.49
-145.907,54.2208#31.05#34.41#34.54
-145.819,54.217#31.05#34.35#34.6
-145.73,54.2132#31.05#34.3#34.65
-145.642,54.2093#31.05#34.25#34.7
-145.553,54.2053#31.05#34.19#34.76
-145.464,54.2012#31.05#34.14#34.81
-145.376,54.1971#31.05#34.09#34.86
-145.287,54.1929#31.04#34.04#34.92
-145.199,54.1886#31.04#33.99#34.97
-145.11,54.1842#31.04#33.93#35.03
-145.022,54.1797#31.04#33.88#35.08
-144.933,54.1752#31.04#33.83#35.13
-144.845,54.1705#31.04#33.78#35.18
-144.757,54.1658#31.04#33.73#35.23
-144.668,54.161#31.04#33.68#35.28
-144.58,54.1562#31.04#33.63#35.33
-144.492,54.1512#31.04#33.58#35.38
-144.403,54.1462#31.04#33.54#35.42
-144.315,54.1411#31.04#33.49#35.47
-144.227,54.1359#31.04#33.45#35.51
-144.139,54.1306#31.04#33.4#35.56
-144.051,54.1253#31.04#33.36#35.6
-143.962,54.1199#31.04#33.31#35.65
-143.874,54.1144#31.04#33.27#35.69
-143.786,54.1088#31.04#33.23#35.73
-143.698,54.1031#31.05#33.19#35.76
-143.61,54.0974#31.05#33.15#35.8
-143.522,54.0916#31.05#33.11#35.84
-143.434,54.0857#31.05#33.08#35.87
-143.346,54.0797#31.05#33.06#35.89
-143.258,54.0736#31.05#33.03#35.92
-143.171,54.0675#31.05#33#35.95
-143.083,54.0613#31.05#32.98#35.97
-142.995,54.055#31.05#32.95#36
-142.907,54.0486#31.05#32.94#36.01
-142.819,54.0422#31.06#32.93#36.01
-142.732,54.0356#31.06#32.91#36.03
-142.644,54.029#31.06#32.9#36.04
-142.556,54.0224#31.06#32.89#36.05
-142.469,54.0156#31.06#32.87#36.07
-142.381,54.0087#31.07#32.86#36.07
-142.294,54.0018#31.07#32.85#36.08
-142.206,53.9948#31.07#32.83#36.1
-142.119,53.9877#31.07#32.82#36.11
-142.031,53.9806#31.08#32.81#36.11
-141.944,53.9734#31.08#32.79#36.13
-141.857,53.966#31.09#32.77#36.14
-141.769,53.9587#31.1#32.76#36.14
-141.682,53.9512#31.11#32.74#36.15
-141.595,53.9436#31.12#32.72#36.16
-141.508,53.936#31.13#32.7#36.17
-141.421,53.9283#31.14#32.69#36.17
-141.333,53.9205#31.15#32.67#36.18
-141.246,53.9127#31.17#32.65#36.18
-141.159,53.9048#31.18#32.63#36.19
-159.375,53.9068#27.07#42.93#30
-159.288,53.9152#27.09#42.89#30.02
-159.201,53.9236#27.11#42.84#30.05
-159.114,53.9318#27.14#42.79#30.07
-159.027,53.94#27.16#42.75#30.09
-158.94,53.9481#27.19#42.69#30.12
-158.853,53.9561#27.21#42.63#30.16
-158.766,53.9641#27.24#42.57#30.19
-158.679,53.9719#27.27#42.51#30.22
-158.592,53.9797#27.29#42.45#30.26
-158.504,53.9874#27.32#42.39#30.29
-158.417,53.9951#27.34#42.33#30.33
-158.33,54.0026#27.37#42.27#30.36
-158.242,54.0101#27.4#42.21#30.39
-158.155,54.0175#27.43#42.15#30.42
-158.067,54.0248#27.45#42.09#30.46
