-154.008,68.9018#27.87#33.44#38.69
-153.854,68.9056#27.89#33.45#38.66
-153.7,68.9093#27.9#33.46#38.64
-153.547,68.9128#27.91#33.48#38.61
-153.393,68.9161#27.93#33.49#38.58
-153.239,68.9193#27.95#33.5#38.55
-153.085,68.9224#27.96#33.51#38.53
-152.931,68.9253#27.98#33.53#38.49
-152.777,68.9281#28.01#33.54#38.45
-152.623,68.9307#28.03#33.55#38.42
-152.469,68.9331#28.05#33.56#38.39
-152.314,68.9354#28.09#33.57#38.34
-152.16,68.9376#28.12#33.58#38.3
-152.006,68.9396#28.16#33.6#38.24
-151.852,68.9415#28.2#33.61#38.19
-151.697,68.9432#28.25#33.63#38.12
-151.543,68.9448#28.29#33.64#38.07
-151.389,68.9462#28.35#33.66#37.99
-151.234,68.9475#28.4#33.67#37.93
-151.08,68.9486#28.46#33.69#37.85
-150.926,68.9496#28.52#33.71#37.77
-150.771,68.9504#28.59#33.73#37.68
-150.617,68.9511#28.65#33.75#37.6
-150.462,68.9516#28.72#33.77#37.51
-150.308,68.9519#28.79#33.78#37.43
-150.153,68.9522#28.86#33.8#37.34
-149.999,68.9522#28.93#33.81#37.26
-149.845,68.9522#29#33.8#37.2
-149.69,68.9519#29.07#33.78#37.15
-149.536,68.9516#29.14#33.77#37.09
-149.381,68.951#29.22#33.72#37.06
-149.227,68.9504#29.31#33.66#37.03
-149.072,68.9495#29.39#33.6#37.01
-148.918,68.9486#29.49#33.53#36.98
-148.764,68.9475#29.61#33.46#36.93
-148.609,68.9462#29.73#33.39#36.88
-148.455,68.9448#29.85#33.32#36.83
-148.301,68.9432#30#33.25#36.75
-148.146,68.9415#30.15#33.19#36.66
-147.992,68.9396#30.3#33.12#36.58
-147.838,68.9376#30.44#33.09#36.47
-147.684,68.9354#30.57#33.05#36.38
-147.53,68.9331#30.71#33.02#36.27
-147.375,68.9306#30.79#33.01#36.2
-147.221,68.928#30.86#33.01#36.13
-147.067,68.9253#30.94#33#36.06
-146.913,68.9223#30.98#33#36.02
-146.759,68.9193#31#33#36
-146.605,68.9161#31.02#33#35.98
-146.451,68.9127#31.04#33#35.96
-146.298,68.9092#31.04#33#35.96
-146.144,68.9056#31.04#32.99#35.97
-145.99,68.9018#31.04#32.99#35.97
-155.71,68.9054#27.72#33.29#38.99
-155.556,68.9108#27.73#33.29#38.98
-155.403,68.9161#27.74#33.3#38.96
-155.249,68.9213#27.76#33.31#38.93
-155.096,68.9263#27.77#33.31#38.92
-154.942,68.9311#27.78#33.32#38.9
-154.788,68.9358#27.8#33.33#38.87
-154.635,68.9404#27.81#33.35#38.84
-154.481,68.9448#27.82#33.36#38.82
-154.327,68.9491#27.83#33.37#38.8
-154.173,68.9532#27.85#33.38#38.77
-154.019,68.9571#27.86#33.39#38.75
-153.865,68.9609#27.87#33.41#38.72
-153.71,68.9646#27.89#33.42#38.69
-153.556,68.9681#27.9#33.44#38.66
-153.402,68.9715#27.92#33.45#38.63
-153.248,68.9747#27.93#33.46#38.61
-153.093,68.9778#27.95#33.47#38.58
-152.939,68.9807#27.97#33.49#38.54
-152.784,68.9835#27.99#33.5#38.51
-152.63,68.9861#28.01#33.51#38.48
-152.475,68.9885#28.04#33.52#38.44
-152.321,68.9909#28.07#33.53#38.4
-152.166,68.993#28.1#33.55#38.35
-152.011,68.9951#28.13#33.56#38.31
-151.857,68.9969#28.18#33.57#38.25
-151.702,68.9987#28.22#33.59#38.19
-151.547,69.0002#28.26#33.6#38.14
-151.392,69.0017#28.31#33.62#38.07
-151.238,69.0029#28.37#33.64#37.99
-151.083,69.004#28.42#33.66#37.92
-150.928,69.005#28.48#33.67#37.85
-150.773,69.0058#28.54#33.69#37.77
-150.618,69.0065#28.61#33.71#37.68
-150.464,69.007#28.67#33.73#37.6
-150.309,69.0074#28.74#33.75#37.51
-150.154,69.0076#28.81#33.77#37.42
-149.999,69.0077#28.88#33.78#37.34
-149.844,69.0076#28.95#33.77#37.28
-149.689,69.0074#29.02#33.77#37.21
-149.534,69.007#29.09#33.76#37.15
-149.38,69.0065#29.17#33.71#37.12
-149.225,69.0058#29.26#33.65#37.09
-149.07,69.005#29.35#33.6#37.05
-148.915,69.004#29.45#33.53#37.02
-148.76,69.0029#29.57#33.46#36.97
-148.606,69.0016#29.7#33.39#36.91
-148.451,69.0002#29.83#33.33#36.84
-148.296,68.9986#29.99#33.26#36.75
-148.141,68.9969#30.14#33.19#36.67
-147.987,68.995#30.3#33.13#36.57
-147.832,68.993#30.44#33.09#36.47
-147.677,68.9908#30.57#33.05#36.38
-147.523,68.9885#30.71#33.01#36.28
-147.368,68.986#30.79#33.01#36.2
-147.214,68.9834#30.87#33.01#36.12
-147.059,68.9807#30.94#33#36.06
-146.905,68.9777#30.98#33#36.02
-146.751,68.9747#31#33#36
-146.596,68.9714#31.02#33#35.98
-146.442,68.9681#31.03#33#35.97
-146.288,68.9646#31.03#33#35.97
-146.133,68.9609#31.03#32.99#35.98
-145.979,68.9571#31.03#32.99#35.98
-145.825,68.9531#31.02#32.99#35.99
-145.671,68.949#31.02#32.98#36
-145.517,68.9447#31.01#32.98#36.01
-145.363,68.9403#31.01#32.98#36.01
-145.21,68.9358#31#32.97#36.03
-145.056,68.9311#31#32.97#36.03
-144.902,68.9262#31#32.96#36.04
-144.749,68.9212#31#32.94#36.06
-144.595,68.9161#31.01#32.93#36.06
-144.442,68.9108#31.02#32.92#36.06
-144.288,68.9053#31.04#32.9#36.06
-157.105,68.9048#27.59#33.23#39.18
-156.952,68.9116#27.6#33.23#39.17
-156.799,68.9182#27.62#33.22#39.16
-156.646,68.9247#27.63#33.22#39.15
-156.493,68.9311#27.64#33.22#39.14
-156.339,68.9373#27.65#33.22#39.13
-156.186,68.9433#27.67#33.22#39.11
-156.032,68.9492#27.68#33.22#39.1
-155.879,68.955#27.69#33.23#39.08
-155.725,68.9606#27.7#33.23#39.07
-155.571,68.966#27.72#33.24#39.04
-155.418,68.9713#27.73#33.25#39.02
-155.264,68.9765#27.74#33.25#39.01
-155.11,68.9815#27.76#33.26#38.98
-154.956,68.9864#27.77#33.27#38.96
-154.801,68.9911#27.78#33.28#38.94
-154.647,68.9957#27.79#33.3#38.91
-154.493,69.0001#27.81#33.31#38.88
-154.338,69.0044#27.82#33.32#38.86
-154.184,69.0085#27.83#33.34#38.83
-154.03,69.0125#27.85#33.35#38.8
-153.875,69.0163#27.86#33.36#38.78
-153.72,69.02#27.87#33.38#38.75
-153.566,69.0235#27.89#33.39#38.72
-153.411,69.0269#27.9#33.41#38.69
-153.256,69.0301#27.92#33.42#38.66
-153.102,69.0332#27.93#33.43#38.64
-152.947,69.0361#27.95#33.45#38.6
-152.792,69.0389#27.97#33.46#38.57
-152.637,69.0415#27.99#33.47#38.54
-152.482,69.044#28.02#33.48#38.5
-152.327,69.0463#28.05#33.5#38.45
-152.172,69.0485#28.08#33.51#38.41
-152.017,69.0505#28.11#33.52#38.37
-151.862,69.0524#28.15#33.54#38.31
-151.707,69.0541#28.19#33.55#38.26
-151.551,69.0557#28.23#33.57#38.2
-151.396,69.0571#28.28#33.59#38.13
-151.241,69.0584#28.33#33.6#38.07
-151.086,69.0595#28.39#33.62#37.99
-150.931,69.0605#28.44#33.64#37.92
-150.775,69.0613#28.5#33.66#37.84
-150.62,69.062#28.56#33.68#37.76
-150.465,69.0625#28.63#33.7#37.67
-150.31,69.0629#28.69#33.72#37.59
-150.154,69.0631#28.76#33.74#37.5
-149.999,69.0632#28.83#33.75#37.42
-149.844,69.0631#28.9#33.75#37.35
-149.688,69.0629#28.97#33.75#37.28
-149.533,69.0625#29.04#33.75#37.21
-149.378,69.062#29.12#33.7#37.18
-149.223,69.0613#29.21#33.65#37.14
-149.067,69.0605#29.3#33.59#37.11
-148.912,69.0595#29.41#33.53#37.06
-148.757,69.0584#29.54#33.47#36.99
-148.602,69.0571#29.66#33.4#36.94
-148.447,69.0557#29.8#33.34#36.86
-148.291,69.0541#29.97#33.27#36.76
-148.136,69.0524#30.13#33.2#36.67
-147.981,69.0505#30.29#33.13#36.58
-147.826,69.0485#30.43#33.09#36.48
-147.671,69.0463#30.57#33.05#36.38
-147.516,69.0439#30.72#33.01#36.27
-147.361,69.0415#30.79#33#36.21
-147.206,69.0388#30.87#33#36.13
-147.051,69.0361#30.94#33#36.06
-146.897,69.0331#30.97#33#36.03
-146.742,69.03#30.99#33#36.01
-146.587,69.0268#31.01#33#35.99
-146.432,69.0234#31.02#33#35.98
-146.278,69.0199#31.02#32.99#35.99
-146.123,69.0162#31.02#32.99#35.99
-145.968,69.0124#31.02#32.99#35.99
-145.814,69.0084#31.02#32.98#36
-145.66,69.0043#31.01#32.98#36.01
-145.505,69#31.01#32.98#36.01
-145.351,68.9956#31#32.97#36.03
-145.197,68.991#30.99#32.97#36.04
-145.043,68.9863#30.99#32.96#36.05
-144.888,68.9815#30.99#32.95#36.06
-144.734,68.9764#30.99#32.94#36.07
-144.581,68.9713#30.99#32.93#36.08
-144.427,68.966#31.01#32.91#36.08
-144.273,68.9605#31.03#32.9#36.07
-144.119,68.9549#31.05#32.88#36.07
-143.966,68.9491#31.08#32.87#36.05
-143.812,68.9432#31.11#32.83#36.06
-143.659,68.9372#31.15#32.8#36.05
-143.505,68.931#31.19#32.77#36.04
-143.352,68.9246#31.25#32.7#36.05
-143.199,68.9181#31.3#32.63#36.07
-143.046,68.9115#31.35#32.56#36.09
-142.893,68.9047#31.39#32.44#36.17
-158.347,68.9001#27.48#33.1#39.42
-158.195,68.9081#27.49#33.11#39.4
-158.042,68.9159#27.51#33.13#39.36
-157.889,68.9236#27.52#33.14#39.34
-157.737,68.9311#27.53#33.15#39.32
-157.584,68.9385#27.54#33.16#39.3
-157.431,68.9458#27.55#33.17#39.28
-157.277,68.9529#27.57#33.17#39.26
-157.124,68.9598#27.58#33.17#39.25
-156.971,68.9666#27.59#33.17#39.24
-156.817,68.9733#27.6#33.17#39.23
-156.664,68.9798#27.62#33.17#39.21
-156.51,68.9862#27.63#33.17#39.2
-156.356,68.9924#27.64#33.17#39.19
-156.203,68.9985#27.65#33.17#39.18
-156.049,69.0044#27.67#33.17#39.16
-155.895,69.0101#27.68#33.17#39.15
-155.741,69.0158#27.69#33.18#39.13
-155.586,69.0212#27.7#33.19#39.11
-155.432,69.0266#27.72#33.2#39.08
-155.278,69.0317#27.73#33.2#39.07
-155.123,69.0368#27.74#33.21#39.05
-154.969,69.0417#27.76#33.22#39.02
-154.814,69.0464#27.77#33.23#39
-154.66,69.051#27.78#33.25#38.97
-154.505,69.0554#27.79#33.27#38.94
-154.35,69.0597#27.81#33.28#38.91
-154.195,69.0638#27.82#33.29#38.89
-154.04,69.0678#27.83#33.3#38.87
-153.886,69.0716#27.85#33.32#38.83
-153.731,69.0753#27.86#33.33#38.81
-153.575,69.0789#27.87#33.35#38.78
-153.42,69.0822#27.89#33.37#38.74
-153.265,69.0855#27.9#33.38#38.72
-153.11,69.0886#27.92#33.39#38.69
-152.955,69.0915#27.94#33.41#38.65
-152.799,69.0943#27.96#33.42#38.62
-152.644,69.0969#27.98#33.43#38.59
-152.489,69.0994#28#33.44#38.56
-152.333,69.1017#28.03#33.46#38.51
-152.178,69.1039#28.06#33.47#38.47
-152.022,69.106#28.08#33.48#38.44
-151.867,69.1078#28.12#33.5#38.38
-151.711,69.1096#28.16#33.52#38.32
-151.556,69.1112#28.2#33.53#38.27
-151.4,69.1126#28.25#33.55#38.2
-151.244,69.1139#28.3#33.57#38.13
-151.089,69.115#28.35#33.58#38.07
-150.933,69.116#28.4#33.6#38
-150.777,69.1168#28.46#33.63#37.91
-150.622,69.1175#28.52#33.65#37.83
-150.466,69.118#28.58#33.67#37.75
-150.31,69.1184#28.65#33.69#37.66
-150.155,69.1186#28.71#33.71#37.58
-149.999,69.1187#28.78#33.72#37.5
-149.843,69.1186#28.85#33.73#37.42
-149.688,69.1184#28.92#33.73#37.35
-149.532,69.118#28.99#33.74#37.27
-149.376,69.1175#29.07#33.7#37.23
-149.221,69.1168#29.16#33.64#37.2
-149.065,69.116#29.25#33.59#37.16
-148.909,69.115#29.37#33.53#37.1
-148.754,69.1139#29.5#33.47#37.03
-148.598,69.1126#29.63#33.41#36.96
-148.442,69.1111#29.78#33.35#36.87
-148.287,69.1096#29.95#33.27#36.78
-148.131,69.1078#30.12#33.2#36.68
-147.976,69.1059#30.29#33.14#36.57
-147.82,69.1039#30.43#33.09#36.48
-147.665,69.1017#30.58#33.05#36.37
-147.509,69.0994#30.72#33#36.28
-147.354,69.0969#30.79#33#36.21
-147.199,69.0943#30.86#33#36.14
-147.043,69.0915#30.94#33#36.06
-146.888,69.0885#30.97#33#36.03
-146.733,69.0854#30.99#33#36.01
-146.578,69.0822#31#33#36
-146.423,69.0788#31.01#33#35.99
-146.268,69.0753#31.01#32.99#36
-146.113,69.0716#31.01#32.99#36
-145.958,69.0678#31.01#32.99#36
-145.803,69.0638#31.01#32.98#36.01
-145.648,69.0596#31#32.98#36.02
-145.493,69.0553#31#32.97#36.03
-145.338,69.0509#30.99#32.97#36.04
-145.184,69.0463#30.98#32.96#36.06
-145.029,69.0416#30.98#32.96#36.06
-144.875,69.0367#30.98#32.95#36.07
-144.72,69.0317#30.98#32.93#36.09
-144.566,69.0265#30.98#32.92#36.1
-144.412,69.0212#30.99#32.91#36.1
-144.257,69.0157#31.01#32.89#36.1
-144.103,69.0101#31.03#32.88#36.09
-143.949,69.0043#31.06#32.86#36.08
-143.795,68.9984#31.1#32.83#36.07
-143.642,68.9923#31.13#32.81#36.06
-143.488,68.9861#31.17#32.78#36.05
-143.334,68.9797#31.23#32.71#36.06
-143.181,68.9732#31.28#32.63#36.09
-143.027,68.9666#31.33#32.56#36.11
-142.874,68.9597#31.37#32.45#36.18
-142.721,68.9528#31.41#32.32#36.27
-142.567,68.9457#31.45#32.2#36.35
-142.414,68.9384#31.48#32.07#36.45
-142.261,68.931#31.51#31.95#36.54
-142.109,68.9235#31.54#31.82#36.64
-141.956,68.9158#31.57#31.73#36.7
-141.803,68.908#31.59#31.69#36.72
-141.651,68.9#31.62#31.65#36.73
-159.284,68.9039#27.4#32.76#39.84
-159.132,68.9128#27.41#32.83#39.76
-158.98,68.9215#27.42#32.89#39.69
-158.828,68.9301#27.43#32.93#39.64
-158.675,68.9385#27.44#32.97#39.59
-158.522,68.9468#27.46#33.02#39.52
-158.37,68.955#27.47#33.04#39.49
-158.217,68.963#27.48#33.05#39.47
-158.064,68.9708#27.49#33.07#39.44
-157.911,68.9785#27.5#33.08#39.42
-157.757,68.9861#27.52#33.09#39.39
-157.604,68.9935#27.53#33.1#39.37
-157.451,69.0008#27.54#33.1#39.36
-157.297,69.0079#27.55#33.1#39.35
-157.143,69.0149#27.57#33.11#39.32
-156.99,69.0217#27.58#33.11#39.31
-156.836,69.0284#27.59#33.11#39.3
-156.682,69.0349#27.6#33.11#39.29
-156.528,69.0413#27.61#33.11#39.28
-156.374,69.0475#27.63#33.11#39.26
-156.219,69.0536#27.64#33.11#39.25
-156.065,69.0595#27.65#33.11#39.24
-155.911,69.0653#27.67#33.12#39.21
-155.756,69.071#27.68#33.13#39.19
-155.602,69.0765#27.69#33.14#39.17
-155.447,69.0818#27.7#33.14#39.16
-155.292,69.087#27.72#33.15#39.13
-155.137,69.092#27.73#33.16#39.11
-154.982,69.0969#27.74#33.17#39.09
-154.827,69.1017#27.76#33.18#39.06
-154.672,69.1063#27.77#33.2#39.03
-154.517,69.1107#27.78#33.22#39
-154.362,69.115#27.79#33.23#38.98
-154.207,69.1192#27.81#33.24#38.95
-154.051,69.1232#27.82#33.26#38.92
-153.896,69.127#27.83#33.27#38.9
-153.741,69.1307#27.85#33.29#38.86
-153.585,69.1342#27.86#33.31#38.83
-153.43,69.1376#27.88#33.32#38.8
-153.274,69.1409#27.89#33.34#38.77
-153.118,69.144#27.91#33.35#38.74
-152.963,69.1469#27.92#33.37#38.71
-152.807,69.1497#27.94#33.38#38.68
-152.651,69.1524#27.96#33.39#38.65
-152.495,69.1549#27.98#33.4#38.62
-152.34,69.1572#28.01#33.42#38.57
-152.184,69.1594#28.04#33.43#38.53
-152.028,69.1614#28.07#33.45#38.48
-151.872,69.1633#28.1#33.46#38.44
-151.716,69.165#28.14#33.48#38.38
-151.56,69.1666#28.18#33.5#38.32
-151.404,69.1681#28.22#33.51#38.27
-151.248,69.1694#28.27#33.53#38.2
-151.092,69.1705#28.32#33.55#38.13
-150.936,69.1715#28.37#33.57#38.06
-150.78,69.1723#28.43#33.59#37.98
-150.623,69.173#28.49#33.61#37.9
-150.467,69.1735#28.55#33.63#37.82
-150.311,69.1739#28.61#33.65#37.74
-150.155,69.1741#28.68#33.67#37.65
-149.999,69.1742#28.74#33.69#37.57
-149.843,69.1741#28.81#33.7#37.49
-149.687,69.1739#28.88#33.7#37.42
-149.531,69.1735#28.95#33.71#37.34
-149.375,69.173#29.04#33.67#37.29
-149.218,69.1723#29.14#33.62#37.24
-149.062,69.1715#29.23#33.57#37.2
-148.906,69.1705#29.36#33.52#37.12
-148.75,69.1693#29.5#33.46#37.04
-148.594,69.1681#29.64#33.4#36.96
-148.438,69.1666#29.79#33.34#36.87
-148.282,69.165#29.97#33.28#36.75
-148.126,69.1633#30.14#33.21#36.65
-147.97,69.1614#30.31#33.15#36.54
-147.814,69.1594#30.45#33.1#36.45
-147.658,69.1572#30.59#33.05#36.36
-147.503,69.1548#30.73#33#36.27
-147.347,69.1523#30.8#33#36.2
-147.191,69.1497#30.87#33#36.13
-147.035,69.1469#30.94#33#36.06
-146.88,69.1439#30.96#33#36.04
-146.724,69.1408#30.98#33#36.02
-146.568,69.1376#31#33#36
-146.413,69.1342#31.01#33#35.99
-146.257,69.1307#31.01#32.99#36
-146.102,69.127#31.01#32.99#36
-145.947,69.1231#31#32.98#36.02
-145.791,69.1191#31#32.98#36.02
-145.636,69.115#30.99#32.97#36.04
-145.481,69.1107#30.99#32.97#36.04
-145.326,69.1062#30.98#32.96#36.06
-145.171,69.1016#30.98#32.96#36.06
-145.016,69.0969#30.97#32.95#36.08
-144.861,69.092#30.97#32.94#36.09
-144.706,69.0869#30.97#32.93#36.1
-144.551,69.0817#30.96#32.91#36.13
-144.397,69.0764#30.98#32.9#36.12
-144.242,69.0709#31#32.89#36.11
-144.087,69.0653#31.02#32.87#36.11
-143.933,69.0595#31.04#32.86#36.1
-143.779,69.0535#31.08#32.84#36.08
-143.624,69.0474#31.11#32.81#36.08
-143.47,69.0412#31.15#32.78#36.07
-143.316,69.0348#31.21#32.71#36.08
-143.162,69.0283#31.26#32.64#36.1
-143.008,69.0216#31.31#32.57#36.12
-142.855,69.0148#31.35#32.45#36.2
-142.701,69.0078#31.39#32.33#36.28
-142.547,69.0007#31.43#32.21#36.36
-142.394,68.9934#31.46#32.08#36.46
-142.241,68.986#31.49#31.95#36.56
-142.087,68.9784#31.52#31.82#36.66
-141.934,68.9707#31.55#31.74#36.71
-141.781,68.9629#31.57#31.7#36.73
-141.628,68.9549#31.6#31.66#36.74
-141.476,68.9467#31.62#31.63#36.75
-141.323,68.9384#31.64#31.61#36.75
-141.171,68.93#31.66#31.59#36.75
-141.018,68.9214#31.68#31.57#36.75
-140.866,68.9127#31.54#31.5#36.96
-140.714,68.9038#31.38#31.43#37.19
-160.221,68.9022#27.31#32.23#40.46
-160.07,68.912#27.33#32.31#40.36
-159.918,68.9216#27.34#32.39#40.27
-159.766,68.9311#27.35#32.47#40.18
-159.614,68.9404#27.36#32.55#40.09
-159.462,68.9496#27.37#32.63#40
-159.309,68.9586#27.38#32.69#39.93
-159.157,68.9675#27.4#32.76#39.84
-159.004,68.9763#27.41#32.83#39.76
-158.851,68.9849#27.42#32.87#39.71
-158.698,68.9934#27.43#32.91#39.66
-158.545,69.0017#27.44#32.95#39.61
-158.392,69.0099#27.45#32.97#39.58
-158.239,69.0179#27.47#32.99#39.54
-158.086,69.0258#27.48#33.01#39.51
-157.932,69.0335#27.49#33.02#39.49
-157.778,69.0411#27.5#33.03#39.47
-157.625,69.0485#27.51#33.04#39.45
-157.471,69.0558#27.53#33.04#39.43
-157.317,69.0629#27.54#33.04#39.42
-157.163,69.0699#27.55#33.05#39.4
-157.009,69.0768#27.56#33.05#39.39
-156.854,69.0835#27.58#33.05#39.37
-156.7,69.09#27.59#33.05#39.36
-156.545,69.0964#27.6#33.05#39.35
-156.391,69.1027#27.61#33.05#39.34
-156.236,69.1088#27.63#33.06#39.31
-156.082,69.1147#27.64#33.06#39.3
-155.927,69.1205#27.65#33.06#39.29
-155.772,69.1262#27.66#33.08#39.26
-155.617,69.1317#27.68#33.09#39.23
-155.462,69.137#27.69#33.1#39.21
-155.306,69.1423#27.7#33.11#39.19
-155.151,69.1473#27.72#33.12#39.16
-154.996,69.1522#27.73#33.13#39.14
-154.841,69.157#27.74#33.15#39.11
-154.685,69.1616#27.76#33.16#39.08
-154.53,69.166#27.77#33.18#39.05
-154.374,69.1704#27.78#33.2#39.02
-154.218,69.1745#27.79#33.21#39
-154.062,69.1785#27.81#33.22#38.97
-153.907,69.1824#27.82#33.24#38.94
-153.751,69.1861#27.83#33.25#38.92
-153.595,69.1896#27.85#33.27#38.88
-153.439,69.193#27.86#33.28#38.86
-153.283,69.1963#27.88#33.3#38.82
-153.127,69.1994#27.89#33.31#38.8
-152.971,69.2024#27.91#33.33#38.76
-152.815,69.2052#27.93#33.34#38.73
-152.658,69.2078#27.95#33.35#38.7
-152.502,69.2103#27.97#33.37#38.66
-152.346,69.2127#27.99#33.38#38.63
-152.19,69.2148#28.02#33.4#38.58
-152.033,69.2169#28.05#33.41#38.54
-151.877,69.2188#28.08#33.43#38.49
-151.721,69.2205#28.12#33.44#38.44
-151.564,69.2221#28.16#33.46#38.38
-151.408,69.2236#28.2#33.48#38.32
-151.251,69.2248#28.25#33.49#38.26
-151.095,69.226#28.29#33.51#38.2
-150.938,69.227#28.34#33.53#38.13
-150.782,69.2278#28.4#33.55#38.05
-150.625,69.2285#28.46#33.58#37.96
-150.469,69.229#28.51#33.6#37.89
-150.312,69.2294#28.58#33.62#37.8
-150.156,69.2296#28.64#33.64#37.72
-149.999,69.2297#28.7#33.66#37.64
-149.842,69.2296#28.78#33.66#37.56
-149.686,69.2294#28.85#33.67#37.48
-149.529,69.229#28.92#33.68#37.4
-149.373,69.2285#29.01#33.64#37.35
-149.216,69.2278#29.11#33.6#37.29
-149.06,69.227#29.22#33.56#37.22
-148.903,69.226#29.35#33.5#37.15
-148.747,69.2248#29.5#33.44#37.06
-148.59,69.2235#29.65#33.39#36.96
-148.434,69.2221#29.81#33.33#36.86
-148.277,69.2205#29.99#33.28#36.73
-148.121,69.2188#30.16#33.22#36.62
-147.965,69.2169#30.33#33.17#36.5
-147.808,69.2148#30.47#33.11#36.42
-147.652,69.2126#30.61#33.05#36.34
-147.496,69.2103#30.75#33#36.25
-147.34,69.2078#30.81#33#36.19
-147.183,69.2051#30.87#33#36.13
-147.027,69.2023#30.94#33#36.06
-146.871,69.1994#30.96#33#36.04
-146.715,69.1963#30.98#33#36.02
-146.559,69.193#31#33#36
-146.403,69.1896#31#32.99#36.01
-146.247,69.186#31#32.99#36.01
-146.091,69.1823#31#32.98#36.02
-145.936,69.1785#31#32.98#36.02
-145.78,69.1745#30.99#32.97#36.04
-145.624,69.1703#30.99#32.97#36.04
-145.469,69.166#30.98#32.96#36.06
-145.313,69.1615#30.98#32.96#36.06
-145.158,69.1569#30.97#32.95#36.08
-145.002,69.1522#30.96#32.95#36.09
-144.847,69.1472#30.96#32.93#36.11
-144.692,69.1422#30.96#32.92#36.12
-144.536,69.137#30.95#32.91#36.14
-144.381,69.1316#30.97#32.89#36.14
-144.226,69.1261#30.98#32.88#36.14
-144.071,69.1205#31#32.87#36.13
-143.917,69.1146#31.03#32.86#36.11
-143.762,69.1087#31.06#32.84#36.1
-143.607,69.1026#31.09#32.82#36.09
-143.453,69.0963#31.13#32.78#36.09
-143.298,69.0899#31.19#32.72#36.09
-143.144,69.0834#31.24#32.65#36.11
-142.989,69.0767#31.29#32.58#36.13
-142.835,69.0698#31.33#32.46#36.21
-142.681,69.0628#31.38#32.34#36.28
-142.527,69.0557#31.42#32.22#36.36
-142.373,69.0484#31.45#32.09#36.46
-142.22,69.041#31.47#31.95#36.58
-142.066,69.0334#31.5#31.82#36.68
-141.913,69.0257#31.53#31.75#36.72
-141.759,69.0178#31.55#31.71#36.74
-141.606,69.0098#31.58#31.67#36.75
-141.453,69.0016#31.6#31.63#36.77
-141.3,68.9933#31.62#31.61#36.77
-141.147,68.9848#31.64#31.59#36.77
-140.994,68.9762#31.65#31.56#36.79
-140.841,68.9674#31.48#31.49#37.03
-140.689,68.9585#31.32#31.42#37.26
-140.536,68.9495#31.15#31.35#37.5
-140.384,68.9403#30.97#31.28#37.75
-140.232,68.931#30.77#31.21#38.02
-140.08,68.9215#30.59#31.14#38.27
-139.928,68.9118#30.46#31.1#38.44
-139.777,68.9021#30.4#31.07#38.53
-161.007,68.9056#27.24#31.69#41.07
-160.856,68.9161#27.25#31.78#40.97
-160.704,68.9265#27.27#31.88#40.85
-160.553,68.9367#27.28#31.97#40.75
-160.401,68.9468#27.29#32.06#40.65
-160.249,68.9568#27.3#32.14#40.56
-160.097,68.9666#27.31#32.22#40.47
-159.945,68.9762#27.32#32.31#40.37
-159.792,68.9857#27.33#32.39#40.28
-159.64,68.9951#27.35#32.47#40.18
-159.487,69.0043#27.36#32.56#40.08
-159.334,69.0134#27.37#32.62#40.01
-159.181,69.0223#27.38#32.69#39.93
-159.028,69.0311#27.39#32.76#39.85
-158.875,69.0397#27.41#32.81#39.78
-158.722,69.0482#27.42#32.85#39.73
-158.568,69.0565#27.43#32.89#39.68
-158.415,69.0647#27.44#32.91#39.65
-158.261,69.0728#27.45#32.93#39.62
-158.107,69.0807#27.46#32.94#39.6
-157.953,69.0884#27.48#32.96#39.56
-157.799,69.096#27.49#32.97#39.54
-157.645,69.1035#27.5#32.97#39.53
-157.491,69.1108#27.51#32.98#39.51
-157.337,69.118#27.53#32.98#39.49
-157.182,69.125#27.54#32.99#39.47
-157.028,69.1318#27.55#32.99#39.46
-156.873,69.1386#27.56#33#39.44
-156.718,69.1451#27.58#33#39.42
-156.563,69.1515#27.59#33.01#39.4
-156.408,69.1578#27.6#33.01#39.39
-156.253,69.1639#27.61#33.02#39.37
-156.098,69.1699#27.63#33.02#39.35
-155.943,69.1757#27.64#33.03#39.33
-155.787,69.1814#27.65#33.04#39.31
-155.632,69.1869#27.66#33.05#39.29
-155.477,69.1923#27.68#33.06#39.26
-155.321,69.1975#27.69#33.07#39.24
-155.165,69.2026#27.7#33.09#39.21
-155.01,69.2075#27.72#33.1#39.18
-154.854,69.2123#27.73#33.12#39.15
-154.698,69.2169#27.74#33.13#39.13
-154.542,69.2214#27.76#33.15#39.09
-154.386,69.2257#27.77#33.16#39.07
-154.23,69.2299#27.78#33.17#39.05
-154.074,69.2339#27.79#33.19#39.02
-153.917,69.2378#27.81#33.2#38.99
-153.761,69.2415#27.82#33.21#38.97
-153.605,69.245#27.84#33.23#38.93
-153.448,69.2485#27.85#33.24#38.91
-153.292,69.2517#27.86#33.26#38.88
-153.135,69.2548#27.88#33.27#38.85
-152.979,69.2578#27.89#33.28#38.83
-152.822,69.2606#27.91#33.3#38.79
-152.666,69.2633#27.93#33.31#38.76
-152.509,69.2658#27.95#33.33#38.72
-152.352,69.2681#27.98#33.34#38.68
-152.196,69.2703#28#33.36#38.64
-152.039,69.2724#28.03#33.37#38.6
-151.882,69.2743#28.06#33.39#38.55
-151.725,69.276#28.1#33.41#38.49
-151.568,69.2776#28.13#33.42#38.45
-151.412,69.2791#28.18#33.44#38.38
-151.255,69.2804#28.22#33.46#38.32
-151.098,69.2815#28.27#33.48#38.25
-150.941,69.2825#28.32#33.5#38.18
-150.784,69.2833#28.37#33.52#38.11
-150.627,69.284#28.43#33.54#38.03
-150.47,69.2845#28.48#33.57#37.95
-150.313,69.2849#28.54#33.59#37.87
-150.156,69.2851#28.6#33.6#37.8
-149.999,69.2852#28.67#33.62#37.71
-149.842,69.2851#28.74#33.63#37.63
-149.685,69.2849#28.81#33.64#37.55
-149.528,69.2845#28.88#33.65#37.47
-149.371,69.284#28.98#33.62#37.4
-149.214,69.2833#29.09#33.58#37.33
-149.057,69.2825#29.2#33.54#37.26
-148.9,69.2815#29.34#33.49#37.17
-148.743,69.2803#29.5#33.43#37.07
-148.586,69.279#29.66#33.38#36.96
-148.43,69.2776#29.82#33.32#36.86
-148.273,69.276#30.01#33.28#36.71
-148.116,69.2743#30.19#33.23#36.58
-147.959,69.2724#30.36#33.18#36.46
-147.802,69.2703#30.49#33.12#36.39
-147.646,69.2681#30.63#33.06#36.31
-147.489,69.2657#30.76#33#36.24
-147.332,69.2632#30.82#33#36.18
-147.176,69.2606#30.88#33#36.12
-147.019,69.2578#30.94#33#36.06
-146.863,69.2548#30.96#33#36.04
-146.706,69.2517#30.98#32.99#36.03
-146.55,69.2484#30.99#32.99#36.02
-146.393,69.245#31#32.99#36.01
-146.237,69.2414#31#32.98#36.02
-146.081,69.2377#31#32.98#36.02
-145.924,69.2338#30.99#32.98#36.03
-145.768,69.2298#30.99#32.97#36.04
-145.612,69.2256#30.98#32.96#36.06
-145.456,69.2213#30.98#32.96#36.06
-145.3,69.2169#30.97#32.95#36.08
-145.144,69.2122#30.96#32.95#36.09
-144.989,69.2075#30.96#32.94#36.1
-144.833,69.2025#30.95#32.93#36.12
-144.677,69.1975#30.95#32.91#36.14
-144.522,69.1922#30.95#32.9#36.15
-144.366,69.1869#30.96#32.89#36.15
-144.211,69.1813#30.98#32.88#36.14
-144.055,69.1757#30.99#32.87#36.14
-143.9,69.1698#31.02#32.85#36.13
-143.745,69.1639#31.05#32.83#36.12
-143.59,69.1577#31.08#32.82#36.1
-143.435,69.1515#31.12#32.78#36.1
-143.28,69.145#31.17#32.72#36.11
-143.125,69.1385#31.22#32.65#36.13
-142.97,69.1318#31.27#32.58#36.15
-142.816,69.1249#31.32#32.46#36.22
-142.661,69.1179#31.36#32.35#36.29
-142.507,69.1107#31.4#32.23#36.37
-142.353,69.1034#31.43#32.09#36.48
-142.199,69.0959#31.46#31.96#36.58
-142.045,69.0883#31.48#31.82#36.7
-141.891,69.0806#31.51#31.75#36.74
-141.737,69.0727#31.53#31.71#36.76
-141.583,69.0646#31.56#31.67#36.77
-141.43,69.0564#31.58#31.64#36.78
-141.276,69.0481#31.6#31.61#36.79
-141.123,69.0396#31.62#31.59#36.79
-140.97,69.031#31.6#31.55#36.85
-140.817,69.0222#31.42#31.48#37.1
-140.664,69.0133#31.25#31.4#37.35
-140.511,69.0042#31.08#31.33#37.59
-140.358,68.995#30.88#31.26#37.86
-140.206,68.9856#30.68#31.19#38.13
-140.054,68.9761#30.49#31.12#38.39
-139.901,68.9665#30.38#31.08#38.54
-139.749,68.9567#30.31#31.05#38.64
-139.597,68.9467#30.25#31.03#38.72
-139.445,68.9366#30.21#31.02#38.77
-139.294,68.9264#30.21#31.03#38.76
-139.142,68.916#30.21#31.05#38.74
-138.991,68.9055#30.21#31.07#38.72
-161.793,68.9052#27.17#31.21#41.62
-161.642,68.9164#27.19#31.28#41.53
-161.491,68.9276#27.2#31.35#41.45
-161.34,68.9385#27.21#31.43#41.36
-161.188,68.9494#27.22#31.52#41.26
-161.037,68.9601#27.23#31.6#41.17
-160.885,68.9706#27.24#31.69#41.07
-160.733,68.981#27.25#31.79#40.96
-160.581,68.9913#27.26#31.88#40.86
-160.429,69.0014#27.27#31.97#40.76
-160.276,69.0114#27.29#32.05#40.66
-160.124,69.0212#27.3#32.14#40.56
-159.971,69.0309#27.31#32.22#40.47
-159.819,69.0404#27.32#32.31#40.37
-159.666,69.0498#27.33#32.4#40.27
-159.513,69.059#27.34#32.49#40.17
-159.359,69.0681#27.36#32.56#40.08
-159.206,69.0771#27.37#32.62#40.01
-159.053,69.0859#27.38#32.69#39.93
-158.899,69.0945#27.39#32.74#39.87
-158.745,69.103#27.4#32.78#39.82
-158.592,69.1114#27.42#32.82#39.76
-158.438,69.1196#27.43#32.85#39.72
-158.284,69.1277#27.44#32.87#39.69
-158.129,69.1356#27.45#32.89#39.66
-157.975,69.1434#27.46#32.9#39.64
-157.821,69.151#27.48#32.91#39.61
-157.666,69.1585#27.49#32.93#39.58
-157.511,69.1658#27.5#32.94#39.56
-157.357,69.173#27.51#32.95#39.54
-157.202,69.18#27.52#32.95#39.53
-157.047,69.1869#27.54#32.96#39.5
-156.892,69.1937#27.55#32.96#39.49
-156.736,69.2002#27.56#32.97#39.47
-156.581,69.2067#27.57#32.97#39.46
-156.426,69.213#27.59#32.98#39.43
-156.27,69.2191#27.6#32.98#39.42
-156.115,69.2251#27.61#32.98#39.41
-155.959,69.2309#27.63#32.99#39.38
-155.803,69.2366#27.64#33#39.36
-155.647,69.2422#27.65#33.01#39.34
-155.491,69.2476#27.66#33.02#39.32
-155.335,69.2528#27.68#33.04#39.28
-155.179,69.2579#27.69#33.05#39.26
-155.023,69.2628#27.7#33.07#39.23
-154.867,69.2676#27.72#33.08#39.2
-154.711,69.2722#27.73#33.1#39.17
-154.554,69.2767#27.74#33.11#39.15
-154.398,69.2811#27.76#33.13#39.11
-154.241,69.2852#27.77#33.14#39.09
-154.085,69.2893#27.78#33.15#39.07
-153.928,69.2931#27.8#33.16#39.04
-153.771,69.2969#27.81#33.18#39.01
-153.615,69.3005#27.82#33.19#38.99
-153.458,69.3039#27.84#33.2#38.96
-153.301,69.3072#27.85#33.22#38.93
-153.144,69.3103#27.87#33.23#38.9
-152.987,69.3132#27.88#33.24#38.88
-152.83,69.3161#27.9#33.26#38.84
-152.673,69.3187#27.92#33.27#38.81
-152.516,69.3212#27.94#33.29#38.77
-152.359,69.3236#27.96#33.3#38.74
-152.202,69.3258#27.99#33.32#38.69
-152.044,69.3279#28.01#33.34#38.65
-151.887,69.3298#28.04#33.35#38.61
-151.73,69.3315#28.08#33.37#38.55
-151.573,69.3331#28.11#33.39#38.5
-151.415,69.3346#28.15#33.4#38.45
-151.258,69.3359#28.2#33.42#38.38
-151.101,69.337#28.24#33.44#38.32
-150.943,69.338#28.29#33.46#38.25
-150.786,69.3388#28.34#33.48#38.18
-150.629,69.3395#28.39#33.51#38.1
-150.471,69.3401#28.45#33.53#38.02
-150.314,69.3404#28.51#33.55#37.94
-150.156,69.3407#28.57#33.57#37.86
-149.999,69.3407#28.63#33.59#37.78
-149.842,69.3407#28.7#33.6#37.7
-149.684,69.3404#28.77#33.61#37.62
-149.527,69.3401#28.85#33.62#37.53
-149.369,69.3395#28.95#33.59#37.46
-149.212,69.3388#29.07#33.56#37.37
-149.055,69.338#29.18#33.52#37.3
-148.897,69.337#29.33#33.48#37.19
-148.74,69.3359#29.5#33.42#37.08
-148.583,69.3346#29.67#33.36#36.97
-148.425,69.3331#29.84#33.32#36.84
-148.268,69.3315#30.03#33.28#36.69
-148.111,69.3298#30.21#33.24#36.55
-147.954,69.3278#30.38#33.19#36.43
-147.796,69.3258#30.51#33.13#36.36
-147.639,69.3236#30.65#33.06#36.29
-147.482,69.3212#30.77#33#36.23
-147.325,69.3187#30.83#33#36.17
-147.168,69.316#30.88#33#36.12
-147.011,69.3132#30.94#33#36.06
-146.854,69.3102#30.96#33#36.04
-146.697,69.3071#30.97#32.99#36.04
-146.54,69.3038#30.99#32.99#36.02
-146.383,69.3004#30.99#32.98#36.03
-146.227,69.2968#30.99#32.98#36.03
-146.07,69.2931#30.99#32.98#36.03
-145.913,69.2892#30.99#32.97#36.04
-145.757,69.2852#30.98#32.97#36.05
-145.6,69.281#30.98#32.96#36.06
-145.444,69.2767#30.97#32.95#36.08
-145.287,69.2722#30.97#32.95#36.08
-145.131,69.2675#30.96#32.94#36.1
-144.975,69.2628#30.95#32.93#36.12
-144.819,69.2578#30.95#32.92#36.13
-144.663,69.2527#30.95#32.91#36.14
-144.507,69.2475#30.94#32.89#36.17
-144.351,69.2421#30.96#32.88#36.16
-144.195,69.2366#30.97#32.87#36.16
-144.039,69.2309#30.99#32.86#36.15
-143.883,69.225#31.01#32.85#36.14
-143.728,69.219#31.04#32.83#36.13
-143.572,69.2129#31.07#32.81#36.12
-143.417,69.2066#31.11#32.77#36.12
-143.262,69.2002#31.16#32.72#36.12
-143.106,69.1936#31.21#32.66#36.13
-142.951,69.1868#31.26#32.58#36.16
-142.796,69.18#31.3#32.47#36.23
-142.641,69.1729#31.35#32.35#36.3
-142.487,69.1657#31.39#32.23#36.38
-142.332,69.1584#31.42#32.1#36.48
-142.177,69.1509#31.44#31.96#36.6
-142.023,69.1433#31.47#31.83#36.7
-141.869,69.1355#31.49#31.77#36.74
-141.715,69.1276#31.52#31.72#36.76
-141.56,69.1195#31.54#31.68#36.78
-141.406,69.1113#31.56#31.64#36.8
-141.253,69.1029#31.58#31.61#36.81
-141.099,69.0944#31.6#31.59#36.81
-140.945,69.0858#31.55#31.54#36.91
-140.792,69.077#31.36#31.46#37.18
-140.639,69.068#31.18#31.39#37.43
-140.485,69.0589#31#31.31#37.69
-140.332,69.0497#30.79#31.24#37.97
-140.18,69.0403#30.59#31.16#38.25
-140.027,69.0307#30.38#31.09#38.53
-139.874,69.0211#30.29#31.05#38.66
-139.722,69.0112#30.22#31.03#38.75
-139.569,69.0013#30.16#31#38.84
-139.417,68.9911#30.13#31#38.87
-139.265,68.9809#30.12#31.01#38.87
-139.113,68.9705#30.11#31.03#38.86
-138.962,68.9599#30.11#31.06#38.83
-138.81,68.9492#30.12#31.16#38.72
-138.659,68.9384#30.14#31.26#38.6
-138.507,68.9274#30.15#31.35#38.5
-138.356,68.9163#30.16#31.49#38.35
-138.205,68.905#30.17#31.63#38.2
-162.578,68.9009#27.11#30.86#42.03
-162.428,68.9129#27.12#30.89#41.99
-162.277,68.9247#27.13#30.94#41.93
-162.126,68.9365#27.14#31#41.86
-161.975,68.948#27.15#31.05#41.8
-161.824,68.9595#27.16#31.12#41.72
-161.673,68.9708#27.17#31.19#41.64
-161.522,68.9819#27.18#31.26#41.56
-161.37,68.9929#27.19#31.34#41.47
-161.218,69.0038#27.2#31.43#41.37
-161.066,69.0145#27.22#31.51#41.27
-160.914,69.0251#27.23#31.6#41.17
-160.762,69.0355#27.24#31.69#41.07
-160.609,69.0458#27.25#31.79#40.96
-160.457,69.0559#27.26#31.88#40.86
-160.304,69.0659#27.27#31.97#40.76
-160.151,69.0758#27.28#32.05#40.67
-159.998,69.0855#27.3#32.14#40.56
-159.845,69.0951#27.31#32.23#40.46
-159.692,69.1045#27.32#32.32#40.36
-159.538,69.1138#27.33#32.41#40.26
-159.385,69.1229#27.34#32.49#40.17
-159.231,69.1319#27.35#32.55#40.1
-159.077,69.1407#27.37#32.62#40.01
-158.923,69.1494#27.38#32.68#39.94
-158.769,69.1579#27.39#32.72#39.89
-158.615,69.1663#27.4#32.76#39.84
-158.461,69.1745#27.41#32.79#39.8
-158.306,69.1826#27.43#32.81#39.76
-158.151,69.1906#27.44#32.83#39.73
-157.997,69.1984#27.45#32.85#39.7
-157.842,69.206#27.46#32.87#39.67
-157.687,69.2135#27.47#32.88#39.65
-157.532,69.2209#27.49#32.9#39.61
-157.377,69.2281#27.5#32.91#39.59
-157.221,69.2351#27.51#32.91#39.58
-157.066,69.242#27.52#32.92#39.56
-156.91,69.2488#27.54#32.92#39.54
-156.755,69.2554#27.55#32.93#39.52
-156.599,69.2618#27.56#32.93#39.51
-156.443,69.2681#27.57#32.94#39.49
-156.287,69.2743#27.59#32.94#39.47
-156.131,69.2803#27.6#32.95#39.45
-155.975,69.2862#27.61#32.95#39.44
-155.819,69.2919#27.62#32.96#39.42
-155.663,69.2974#27.64#32.97#39.39
-155.507,69.3028#27.65#32.98#39.37
-155.35,69.3081#27.66#33#39.34
-155.194,69.3132#27.68#33.02#39.3
-155.037,69.3181#27.69#33.04#39.27
-154.88,69.3229#27.7#33.05#39.25
-154.724,69.3276#27.72#33.07#39.21
-154.567,69.3321#27.73#33.08#39.19
-154.41,69.3364#27.74#33.09#39.17
-154.253,69.3406#27.76#33.1#39.14
-154.096,69.3447#27.77#33.11#39.12
-153.939,69.3485#27.78#33.12#39.1
-153.782,69.3523#27.8#33.14#39.06
-153.625,69.3559#27.81#33.15#39.04
-153.467,69.3593#27.82#33.16#39.02
-153.31,69.3626#27.84#33.17#38.99
-153.153,69.3657#27.85#33.19#38.96
-152.995,69.3687#27.87#33.2#38.93
-152.838,69.3715#27.89#33.21#38.9
-152.68,69.3742#27.9#33.23#38.87
-152.523,69.3767#27.92#33.25#38.83
-152.365,69.3791#27.95#33.26#38.79
-152.208,69.3813#27.97#33.28#38.75
-152.05,69.3834#27.99#33.3#38.71
-151.892,69.3853#28.02#33.31#38.67
-151.735,69.387#28.06#33.33#38.61
-151.577,69.3886#28.09#33.35#38.56
-151.419,69.3901#28.13#33.37#38.5
-151.262,69.3914#28.17#33.39#38.44
-151.104,69.3925#28.21#33.4#38.39
-150.946,69.3935#28.26#33.42#38.32
-150.788,69.3944#28.31#33.45#38.24
-150.63,69.3951#28.36#33.47#38.17
-150.473,69.3956#28.41#33.5#38.09
-150.315,69.396#28.47#33.52#38.01
-150.157,69.3962#28.53#33.54#37.93
-149.999,69.3963#28.59#33.56#37.85
-149.841,69.3962#28.66#33.57#37.77
-149.683,69.396#28.74#33.58#37.68
-149.525,69.3956#28.81#33.59#37.6
-149.368,69.3951#28.93#33.56#37.51
-149.21,69.3944#29.04#33.54#37.42
-149.052,69.3935#29.16#33.51#37.33
-148.894,69.3925#29.32#33.46#37.22
-148.736,69.3914#29.5#33.41#37.09
-148.579,69.3901#29.68#33.35#36.97
-148.421,69.3886#29.86#33.31#36.83
-148.263,69.387#30.05#33.28#36.67
-148.106,69.3853#30.24#33.25#36.51
-147.948,69.3833#30.4#33.21#36.39
-147.79,69.3813#30.53#33.13#36.34
-147.633,69.3791#30.66#33.06#36.28
-147.475,69.3767#30.78#33#36.22
-147.318,69.3742#30.84#33#36.16
-147.16,69.3715#30.89#33#36.11
-147.003,69.3687#30.94#33#36.06
-146.845,69.3657#30.96#32.99#36.05
-146.688,69.3626#30.97#32.99#36.04
-146.531,69.3593#30.99#32.98#36.03
-146.373,69.3558#30.99#32.98#36.03
-146.216,69.3522#30.99#32.98#36.03
-146.059,69.3485#30.99#32.97#36.04
-145.902,69.3446#30.98#32.97#36.05
-145.745,69.3406#30.98#32.96#36.06
-145.588,69.3364#30.97#32.96#36.07
-145.431,69.332#30.97#32.95#36.08
-145.274,69.3275#30.96#32.94#36.1
-145.118,69.3229#30.95#32.94#36.11
-144.961,69.3181#30.95#32.93#36.12
-144.804,69.3131#30.94#32.92#36.14
-144.648,69.308#30.94#32.9#36.16
-144.492,69.3028#30.94#32.89#36.17
-144.335,69.2973#30.95#32.88#36.17
-144.179,69.2918#30.96#32.87#36.17
-144.023,69.2861#30.98#32.85#36.17
-143.867,69.2802#31#32.84#36.16
-143.711,69.2742#31.03#32.82#36.15
-143.555,69.2681#31.06#32.81#36.13
-143.399,69.2618#31.1#32.77#36.13
-143.243,69.2553#31.15#32.72#36.13
-143.088,69.2487#31.2#32.66#36.14
-142.932,69.2419#31.25#32.58#36.17
-142.777,69.235#31.29#32.47#36.24
-142.621,69.228#31.33#32.35#36.32
-142.466,69.2208#31.38#32.23#36.39
-142.311,69.2134#31.4#32.1#36.5
-142.156,69.2059#31.43#31.97#36.6
-142.001,69.1983#31.46#31.84#36.7
-141.847,69.1905#31.49#31.78#36.73
-141.692,69.1825#31.51#31.73#36.76
-141.538,69.1744#31.53#31.69#36.78
-141.383,69.1662#31.55#31.65#36.8
-141.229,69.1578#31.57#31.62#36.81
-141.075,69.1493#31.58#31.58#36.84
-140.921,69.1406#31.49#31.53#36.98
-140.767,69.1317#31.3#31.45#37.25
-140.613,69.1228#31.11#31.37#37.52
-140.46,69.1136#30.92#31.29#37.79
-140.306,69.1044#30.7#31.21#38.09
-140.153,69.0949#30.49#31.14#38.37
-140,69.0854#30.28#31.06#38.66
-139.847,69.0757#30.2#31.03#38.77
-139.694,69.0658#30.13#31#38.87
-139.541,69.0558#30.06#30.98#38.96
-139.389,69.0457#30.04#30.98#38.98
-139.236,69.0354#30.03#30.99#38.98
-139.084,69.025#30.02#31#38.98
-138.932,69.0144#30.02#31.05#38.93
-138.78,69.0037#30.03#31.16#38.81
-138.628,68.9928#30.04#31.26#38.7
-138.477,68.9818#30.05#31.37#38.58
-138.325,68.9706#30.06#31.51#38.43
-138.174,68.9593#30.07#31.65#38.28
-138.023,68.9479#30.08#31.79#38.13
-137.872,68.9363#30.08#31.88#38.04
-137.721,68.9246#30.09#31.96#37.95
-137.57,68.9127#30.1#32.04#37.86
-137.42,68.9007#30.13#32.1#37.77
-163.213,68.9054#27.05#30.82#42.13
-163.063,68.918#27.06#30.79#42.15
-162.913,68.9305#27.07#30.78#42.15
-162.763,68.9428#27.08#30.79#42.13
-162.612,68.955#27.09#30.8#42.11
-162.461,68.967#27.1#30.81#42.09
-162.31,68.9789#27.11#30.86#42.03
-162.159,68.9907#27.12#30.92#41.96
-162.008,69.0023#27.13#30.97#41.9
-161.856,69.0138#27.15#31.03#41.82
-161.704,69.0251#27.16#31.1#41.74
-161.553,69.0363#27.17#31.17#41.66
-161.401,69.0473#27.18#31.25#41.57
-161.248,69.0582#27.19#31.34#41.47
-161.096,69.069#27.2#31.42#41.38
-160.944,69.0796#27.21#31.51#41.28
-160.791,69.09#27.22#31.6#41.18
-160.638,69.1003#27.24#31.7#41.06
-160.485,69.1105#27.25#31.79#40.96
-160.332,69.1205#27.26#31.88#40.86
-160.179,69.1304#27.27#31.97#40.76
-160.025,69.1402#27.28#32.06#40.66
-159.872,69.1497#27.29#32.15#40.56
-159.718,69.1592#27.3#32.24#40.46
-159.564,69.1685#27.32#32.33#40.35
-159.41,69.1776#27.33#32.41#40.26
-159.256,69.1866#27.34#32.48#40.18
-159.102,69.1955#27.35#32.55#40.1
-158.947,69.2042#27.36#32.61#40.03
-158.793,69.2128#27.38#32.65#39.97
-158.638,69.2212#27.39#32.69#39.92
-158.484,69.2294#27.4#32.74#39.86
-158.329,69.2375#27.41#32.76#39.83
-158.174,69.2455#27.42#32.78#39.8
-158.019,69.2533#27.44#32.8#39.76
-157.863,69.261#27.45#32.82#39.73
-157.708,69.2685#27.46#32.84#39.7
-157.552,69.2759#27.47#32.86#39.67
-157.397,69.2831#27.49#32.87#39.64
-157.241,69.2902#27.5#32.87#39.63
-157.085,69.2971#27.51#32.88#39.61
-156.929,69.3039#27.52#32.89#39.59
-156.773,69.3105#27.54#32.89#39.57
-156.617,69.317#27.55#32.9#39.55
-156.461,69.3233#27.56#32.9#39.54
-156.305,69.3295#27.57#32.91#39.52
-156.148,69.3355#27.59#32.91#39.5
-155.992,69.3414#27.6#32.91#39.49
-155.835,69.3471#27.61#32.92#39.47
-155.678,69.3527#27.62#32.93#39.45
-155.522,69.3581#27.64#32.94#39.42
-155.365,69.3634#27.65#32.96#39.39
-155.208,69.3685#27.66#32.98#39.36
-155.051,69.3734#27.68#33#39.32
-154.894,69.3783#27.69#33.02#39.29
-154.737,69.3829#27.7#33.03#39.27
-154.579,69.3874#27.72#33.04#39.24
-154.422,69.3918#27.73#33.06#39.21
-154.265,69.396#27.74#33.07#39.19
-154.107,69.4001#27.76#33.08#39.16
-153.95,69.404#27.77#33.09#39.14
-153.792,69.4077#27.78#33.1#39.12
-153.635,69.4113#27.8#33.11#39.09
-153.477,69.4147#27.81#33.12#39.07
-153.319,69.418#27.82#33.13#39.05
-153.161,69.4212#27.84#33.14#39.02
-153.004,69.4242#27.85#33.16#38.99
-152.846,69.427#27.87#33.17#38.96
-152.688,69.4297#27.89#33.19#38.92
-152.53,69.4322#27.91#33.21#38.88
-152.372,69.4346#27.93#33.23#38.84
-152.214,69.4368#27.95#33.24#38.81
-152.056,69.4389#27.98#33.26#38.76
-151.898,69.4408#28.01#33.28#38.71
-151.74,69.4426#28.04#33.3#38.66
-151.581,69.4442#28.07#33.31#38.62
-151.423,69.4456#28.1#33.33#38.57
-151.265,69.4469#28.15#33.35#38.5
-151.107,69.4481#28.19#33.37#38.44
-150.949,69.4491#28.23#33.39#38.38
-150.79,69.4499#28.28#33.41#38.31
-150.632,69.4506#28.33#33.44#38.23
-150.474,69.4511#28.38#33.46#38.16
-150.316,69.4515#28.44#33.48#38.08
-150.157,69.4518#28.49#33.5#38.01
-149.999,69.4518#28.55#33.53#37.92
-149.841,69.4518#28.63#33.54#37.83
-149.682,69.4515#28.7#33.55#37.75
-149.524,69.4511#28.78#33.56#37.66
-149.366,69.4506#28.9#33.54#37.56
-149.208,69.4499#29.02#33.52#37.46
-149.049,69.4491#29.14#33.49#37.37
-148.891,69.4481#29.31#33.45#37.24
-148.733,69.4469#29.5#33.39#37.11
-148.575,69.4456#29.69#33.34#36.97
-148.417,69.4442#29.88#33.3#36.82
-148.258,69.4425#30.07#33.28#36.65
-148.1,69.4408#30.26#33.26#36.48
-147.942,69.4389#30.43#33.22#36.35
-147.784,69.4368#30.56#33.14#36.3
-147.626,69.4346#30.68#33.06#36.26
-147.468,69.4322#30.79#33#36.21
-147.31,69.4297#30.84#33#36.16
-147.152,69.427#30.89#33#36.11
-146.994,69.4241#30.94#33#36.06
-146.837,69.4211#30.96#32.99#36.05
-146.679,69.418#30.97#32.99#36.04
-146.521,69.4147#30.98#32.98#36.04
-146.363,69.4113#30.98#32.98#36.04
-146.206,69.4077#30.98#32.97#36.05
-146.048,69.4039#30.98#32.97#36.05
-145.891,69.4#30.98#32.96#36.06
-145.733,69.3959#30.97#32.96#36.07
-145.576,69.3917#30.97#32.95#36.08
-145.419,69.3874#30.96#32.95#36.09
-145.261,69.3829#30.95#32.94#36.11
-145.104,69.3782#30.95#32.93#36.12
-144.947,69.3734#30.94#32.92#36.14
-144.79,69.3684#30.94#32.91#36.15
-144.633,69.3633#30.94#32.9#36.16
-144.476,69.358#30.93#32.88#36.19
-144.32,69.3526#30.95#32.87#36.18
-144.163,69.347#30.96#32.86#36.18
-144.006,69.3413#30.97#32.85#36.18
-143.85,69.3354#30.99#32.84#36.17
