-152.493,57.9#27.02#42.21#30.77
-152.394,57.9023#27.04#42.21#30.75
-152.294,57.9044#27.06#42.2#30.74
-152.194,57.9065#27.08#42.19#30.73
-152.095,57.9085#27.1#42.19#30.71
-151.995,57.9104#27.12#42.18#30.7
-151.895,57.9122#27.14#42.11#30.75
-151.796,57.9139#27.16#42.05#30.79
-151.696,57.9155#27.19#41.98#30.83
-151.596,57.917#27.21#41.91#30.88
-151.496,57.9185#27.23#41.84#30.93
-151.397,57.9198#27.25#41.82#30.93
-151.297,57.921#27.27#41.79#30.94
-151.197,57.9222#27.3#41.77#30.93
-151.097,57.9233#27.32#41.74#30.94
-150.997,57.9242#27.34#41.71#30.95
-150.898,57.9251#27.37#41.49#31.14
-150.798,57.9259#27.39#41.27#31.34
-150.698,57.9266#27.41#41.05#31.54
-150.598,57.9272#27.44#40.83#31.73
-150.498,57.9277#27.46#40.61#31.93
-150.399,57.9281#27.49#40.36#32.15
-150.299,57.9284#27.51#40.11#32.38
-150.199,57.9286#27.54#39.86#32.6
-150.099,57.9288#27.56#39.61#32.83
-149.999,57.9288#27.59#39.36#33.05
-149.9,57.9288#27.61#39.18#33.21
-149.8,57.9286#27.64#38.99#33.37
-149.7,57.9284#27.66#38.8#33.54
-149.6,57.9281#27.69#38.62#33.69
-149.5,57.9277#27.71#38.43#33.86
-149.4,57.9272#27.74#38.29#33.97
-149.301,57.9266#27.77#38.16#34.07
-149.201,57.9259#27.79#38.02#34.19
-149.101,57.9251#27.82#37.89#34.29
-149.001,57.9242#27.85#37.75#34.4
-148.901,57.9232#27.88#37.64#34.48
-148.802,57.9222#27.91#37.54#34.55
-148.702,57.921#27.94#37.43#34.63
-148.602,57.9198#27.97#37.32#34.71
-148.502,57.9184#28#37.22#34.78
-148.403,57.917#28.04#37.13#34.83
-148.303,57.9155#28.08#37.04#34.88
-148.203,57.9139#28.12#36.95#34.93
-148.103,57.9122#28.16#36.87#34.97
-148.004,57.9104#28.2#36.78#35.02
-147.904,57.9085#28.26#36.71#35.03
-147.804,57.9065#28.32#36.64#35.04
-147.705,57.9044#28.38#36.57#35.05
-147.605,57.9022#28.44#36.49#35.07
-147.505,57.9#28.51#36.42#35.07
-154.192,57.9004#26.72#41.04#32.24
-154.092,57.9042#26.73#41.16#32.11
-153.993,57.9079#26.75#41.28#31.97
-153.893,57.9116#26.76#41.35#31.89
-153.794,57.9151#26.78#41.41#31.81
-153.694,57.9186#26.79#41.48#31.73
-153.594,57.922#26.81#41.55#31.64
-153.495,57.9252#26.82#41.62#31.56
-153.395,57.9284#26.84#41.7#31.46
-153.296,57.9315#26.86#41.79#31.35
-153.196,57.9345#26.87#41.87#31.26
-153.096,57.9374#26.89#41.96#31.15
-152.996,57.9403#26.91#42.05#31.04
-152.897,57.943#26.93#42.07#31
-152.797,57.9456#26.95#42.09#30.96
-152.697,57.9482#26.96#42.11#30.93
-152.597,57.9506#26.98#42.14#30.88
-152.498,57.953#27#42.16#30.84
-152.398,57.9552#27.02#42.16#30.82
-152.298,57.9574#27.04#42.16#30.8
-152.198,57.9595#27.06#42.16#30.78
-152.098,57.9615#27.08#42.16#30.76
-151.998,57.9634#27.1#42.16#30.74
-151.899,57.9652#27.12#42.09#30.79
-151.799,57.9669#27.14#42.03#30.83
-151.699,57.9685#27.16#41.96#30.88
-151.599,57.97#27.18#41.89#30.93
-151.499,57.9714#27.21#41.83#30.96
-151.399,57.9728#27.23#41.8#30.97
-151.299,57.974#27.25#41.78#30.97
-151.199,57.9752#27.27#41.75#30.98
-151.099,57.9762#27.3#41.73#30.97
-150.999,57.9772#27.32#41.7#30.98
-150.899,57.9781#27.34#41.48#31.18
-150.799,57.9789#27.37#41.26#31.37
-150.699,57.9796#27.39#41.04#31.57
-150.599,57.9802#27.41#40.82#31.77
-150.499,57.9807#27.44#40.6#31.96
-150.399,57.9811#27.46#40.34#32.2
-150.299,57.9814#27.49#40.09#32.42
-150.199,57.9817#27.51#39.83#32.66
-150.099,57.9818#27.53#39.58#32.89
-149.999,57.9818#27.56#39.32#33.12
-149.899,57.9818#27.58#39.14#33.28
-149.799,57.9817#27.61#38.95#33.44
-149.699,57.9814#27.64#38.77#33.59
-149.599,57.9811#27.66#38.58#33.76
-149.499,57.9807#27.69#38.4#33.91
-149.399,57.9802#27.71#38.26#34.03
-149.299,57.9796#27.74#38.12#34.14
-149.199,57.9789#27.77#37.99#34.24
-149.099,57.9781#27.79#37.85#34.36
-149,57.9772#27.82#37.71#34.47
-148.9,57.9762#27.85#37.6#34.55
-148.8,57.9752#27.88#37.5#34.62
-148.7,57.974#27.91#37.39#34.7
-148.6,57.9728#27.94#37.28#34.78
-148.5,57.9714#27.97#37.17#34.86
-148.4,57.97#28.01#37.09#34.9
-148.3,57.9685#28.04#37#34.96
-148.2,57.9668#28.08#36.91#35.01
-148.1,57.9651#28.12#36.83#35.05
-148,57.9633#28.16#36.74#35.1
-147.9,57.9614#28.22#36.67#35.11
-147.801,57.9594#28.28#36.6#35.12
-147.701,57.9574#28.34#36.53#35.13
-147.601,57.9552#28.4#36.45#35.15
-147.501,57.9529#28.46#36.38#35.16
-147.401,57.9506#28.55#36.32#35.13
-147.302,57.9481#28.64#36.26#35.1
-147.202,57.9456#28.73#36.2#35.07
-147.102,57.9429#28.82#36.14#35.04
-147.002,57.9402#28.91#36.08#35.01
-146.903,57.9374#29.03#36.03#34.94
-146.803,57.9345#29.15#35.97#34.88
-146.703,57.9315#29.28#35.92#34.8
-146.604,57.9284#29.4#35.87#34.73
-146.504,57.9252#29.53#35.82#34.65
-146.404,57.9219#29.66#35.77#34.57
-146.305,57.9186#29.8#35.73#34.47
-146.205,57.9151#29.93#35.68#34.39
-146.106,57.9115#30.06#35.63#34.31
-146.006,57.9079#30.2#35.59#34.21
-145.907,57.9042#30.32#35.55#34.13
-145.807,57.9003#30.43#35.5#34.07
-155.393,57.9001#26.57#39.95#33.48
-155.293,57.905#26.58#39.97#33.45
-155.194,57.9098#26.59#39.99#33.42
-155.095,57.9146#26.6#40#33.4
-154.995,57.9193#26.61#40.03#33.36
-154.896,57.9238#26.62#40.12#33.26
-154.796,57.9283#26.63#40.21#33.16
-154.697,57.9327#26.64#40.3#33.06
-154.597,57.937#26.65#40.39#32.96
-154.498,57.9412#26.67#40.48#32.85
-154.398,57.9453#26.68#40.61#32.71
-154.299,57.9493#26.69#40.73#32.58
-154.199,57.9532#26.71#40.86#32.43
-154.099,57.9571#26.72#40.98#32.3
-154,57.9608#26.73#41.11#32.16
-153.9,57.9645#26.75#41.18#32.07
-153.8,57.968#26.76#41.26#31.98
-153.701,57.9715#26.78#41.34#31.88
-153.601,57.9749#26.79#41.42#31.79
-153.501,57.9782#26.81#41.51#31.68
-153.401,57.9813#26.82#41.6#31.58
-153.301,57.9844#26.84#41.69#31.47
-153.201,57.9875#26.86#41.79#31.35
-153.102,57.9904#26.87#41.89#31.24
-153.002,57.9932#26.89#41.98#31.13
-152.902,57.9959#26.91#42.01#31.08
-152.802,57.9986#26.93#42.03#31.04
-152.702,58.0011#26.94#42.06#31
-152.602,58.0036#26.96#42.08#30.96
-152.502,58.0059#26.98#42.11#30.91
-152.402,58.0082#27#42.11#30.89
-152.302,58.0104#27.02#42.12#30.86
-152.202,58.0124#27.04#42.12#30.84
-152.102,58.0144#27.06#42.13#30.81
-152.002,58.0163#27.08#42.14#30.78
-151.902,58.0181#27.1#42.07#30.83
-151.802,58.0199#27.12#42.01#30.87
-151.702,58.0215#27.14#41.94#30.92
-151.602,58.023#27.16#41.88#30.96
-151.502,58.0244#27.18#41.81#31.01
-151.401,58.0258#27.21#41.79#31
-151.301,58.027#27.23#41.76#31.01
-151.201,58.0282#27.25#41.74#31.01
-151.101,58.0293#27.27#41.71#31.02
-151.001,58.0302#27.29#41.68#31.03
-150.901,58.0311#27.32#41.47#31.21
-150.801,58.0319#27.34#41.25#31.41
-150.701,58.0326#27.36#41.03#31.61
-150.6,58.0332#27.39#40.81#31.8
-150.5,58.0337#27.41#40.59#32
-150.4,58.0341#27.44#40.33#32.23
-150.3,58.0344#27.46#40.07#32.47
-150.2,58.0347#27.48#39.81#32.71
-150.1,58.0348#27.51#39.55#32.94
-149.999,58.0349#27.53#39.29#33.18
-149.899,58.0348#27.56#39.1#33.34
-149.799,58.0347#27.58#38.92#33.5
-149.699,58.0344#27.61#38.73#33.66
-149.599,58.0341#27.63#38.55#33.82
-149.499,58.0337#27.66#38.37#33.97
-149.398,58.0332#27.69#38.23#34.08
-149.298,58.0326#27.71#38.09#34.2
-149.198,58.0319#27.74#37.95#34.31
-149.098,58.0311#27.76#37.81#34.43
-148.998,58.0302#27.79#37.67#34.54
-148.898,58.0292#27.82#37.57#34.61
-148.798,58.0282#27.85#37.46#34.69
-148.697,58.027#27.88#37.35#34.77
-148.597,58.0258#27.91#37.24#34.85
-148.497,58.0244#27.94#37.13#34.93
-148.397,58.023#27.98#37.05#34.97
-148.297,58.0215#28.01#36.96#35.03
-148.197,58.0198#28.05#36.87#35.08
-148.097,58.0181#28.09#36.79#35.12
-147.997,58.0163#28.13#36.7#35.17
-147.897,58.0144#28.18#36.63#35.19
-147.797,58.0124#28.24#36.56#35.2
-147.697,58.0103#28.3#36.48#35.22
-147.597,58.0082#28.35#36.41#35.24
-147.497,58.0059#28.41#36.34#35.25
-147.397,58.0035#28.5#36.28#35.22
-147.297,58.0011#28.59#36.22#35.19
-147.197,57.9985#28.68#36.16#35.16
-147.097,57.9959#28.76#36.1#35.14
-146.997,57.9932#28.85#36.04#35.11
-146.897,57.9903#28.97#35.99#35.04
-146.797,57.9874#29.09#35.94#34.97
-146.697,57.9844#29.21#35.88#34.91
-146.598,57.9813#29.33#35.83#34.84
-146.498,57.9781#29.46#35.78#34.76
-146.398,57.9748#29.59#35.73#34.68
-146.298,57.9715#29.73#35.69#34.58
-146.198,57.968#29.87#35.64#34.49
-146.099,57.9644#30#35.6#34.4
-145.999,57.9608#30.14#35.55#34.31
-145.899,57.957#30.26#35.51#34.23
-145.8,57.9532#30.38#35.47#34.15
-145.7,57.9493#30.5#35.43#34.07
-145.601,57.9452#30.61#35.38#34.01
-145.501,57.9411#30.73#35.34#33.93
-145.401,57.9369#30.82#35.3#33.88
-145.302,57.9326#30.91#35.26#33.83
-145.202,57.9282#31#35.22#33.78
-145.103,57.9238#31.09#35.19#33.72
-145.004,57.9192#31.18#35.15#33.67
-144.904,57.9145#31.23#35.11#33.66
-144.805,57.9098#31.29#35.07#33.64
-144.705,57.9049#31.34#35.03#33.63
-144.606,57.9#31.4#35#33.6
-156.296,57.9042#26.48#40.21#33.31
-156.197,57.91#26.48#40.08#33.44
-156.097,57.9157#26.49#39.95#33.56
-155.998,57.9212#26.5#39.82#33.68
-155.899,57.9267#26.51#39.81#33.68
-155.8,57.9321#26.52#39.81#33.67
-155.7,57.9374#26.53#39.81#33.66
-155.601,57.9427#26.54#39.8#33.66
-155.501,57.9478#26.55#39.8#33.65
-155.402,57.9528#26.56#39.82#33.62
-155.302,57.9578#26.57#39.83#33.6
-155.203,57.9626#26.58#39.85#33.57
-155.103,57.9674#26.59#39.86#33.55
-155.004,57.9721#26.6#39.87#33.53
-154.904,57.9766#26.61#39.96#33.43
-154.805,57.9811#26.62#40.05#33.33
-154.705,57.9855#26.63#40.14#33.23
-154.605,57.9898#26.64#40.23#33.13
-154.506,57.994#26.65#40.32#33.03
-154.406,57.9981#26.67#40.44#32.89
-154.306,58.0022#26.68#40.56#32.76
-154.206,58.0061#26.69#40.68#32.63
-154.106,58.01#26.71#40.8#32.49
-154.007,58.0137#26.72#40.92#32.36
-153.907,58.0174#26.73#41.01#32.26
-153.807,58.0209#26.75#41.11#32.14
-153.707,58.0244#26.76#41.2#32.04
-153.607,58.0278#26.78#41.3#31.92
-153.507,58.0311#26.79#41.39#31.82
-153.407,58.0343#26.81#41.49#31.7
-153.307,58.0374#26.82#41.6#31.58
-153.207,58.0404#26.84#41.7#31.46
-153.107,58.0433#26.86#41.81#31.33
-153.007,58.0461#26.87#41.92#31.21
-152.907,58.0489#26.89#41.95#31.16
-152.807,58.0515#26.91#41.97#31.12
-152.707,58.0541#26.93#42#31.07
-152.607,58.0565#26.94#42.02#31.04
-152.506,58.0589#26.96#42.05#30.99
-152.406,58.0612#26.98#42.06#30.96
-152.306,58.0634#27#42.07#30.93
-152.206,58.0654#27.02#42.09#30.89
-152.106,58.0674#27.04#42.1#30.86
-152.005,58.0693#27.06#42.11#30.83
-151.905,58.0711#27.08#42.05#30.87
-151.805,58.0729#27.1#41.99#30.91
-151.705,58.0745#27.12#41.92#30.96
-151.604,58.076#27.14#41.86#31
-151.504,58.0775#27.16#41.8#31.04
-151.404,58.0788#27.18#41.77#31.05
-151.304,58.0801#27.2#41.75#31.05
-151.203,58.0812#27.23#41.72#31.05
-151.103,58.0823#27.25#41.69#31.06
-151.003,58.0833#27.27#41.67#31.06
-150.902,58.0841#27.29#41.45#31.26
-150.802,58.0849#27.32#41.23#31.45
-150.702,58.0856#27.34#41.01#31.65
-150.601,58.0862#27.36#40.79#31.85
-150.501,58.0867#27.39#40.57#32.04
-150.401,58.0872#27.41#40.31#32.28
-150.3,58.0875#27.43#40.04#32.53
-150.2,58.0877#27.46#39.78#32.76
-150.1,58.0879#27.48#39.51#33.01
-149.999,58.0879#27.51#39.25#33.24
-149.899,58.0879#27.53#39.06#33.41
-149.799,58.0877#27.56#38.88#33.56
-149.698,58.0875#27.58#38.7#33.72
-149.598,58.0872#27.61#38.52#33.87
-149.498,58.0867#27.63#38.34#34.03
-149.397,58.0862#27.66#38.2#34.14
-149.297,58.0856#27.68#38.06#34.26
-149.197,58.0849#27.71#37.91#34.38
-149.096,58.0841#27.74#37.77#34.49
-148.996,58.0832#27.76#37.64#34.6
-148.896,58.0823#27.79#37.53#34.68
-148.795,58.0812#27.82#37.42#34.76
-148.695,58.08#27.85#37.31#34.84
-148.595,58.0788#27.88#37.2#34.92
-148.495,58.0774#27.91#37.09#35
-148.394,58.076#27.95#37.01#35.04
-148.294,58.0745#27.98#36.92#35.1
-148.194,58.0728#28.02#36.83#35.15
-148.094,58.0711#28.06#36.75#35.19
-147.993,58.0693#28.09#36.66#35.25
-147.893,58.0674#28.15#36.59#35.26
-147.793,58.0654#28.2#36.52#35.28
-147.693,58.0633#28.26#36.44#35.3
-147.592,58.0611#28.31#36.37#35.32
-147.492,58.0589#28.37#36.3#35.33
-147.392,58.0565#28.45#36.24#35.31
-147.292,58.054#28.54#36.18#35.28
-147.192,58.0515#28.62#36.12#35.26
-147.092,58.0488#28.71#36.06#35.23
-146.992,58.0461#28.8#36#35.2
-146.892,58.0433#28.91#35.95#35.14
-146.792,58.0404#29.03#35.9#35.07
-146.692,58.0373#29.15#35.84#35.01
-146.592,58.0342#29.27#35.79#34.94
-146.492,58.031#29.39#35.74#34.87
-146.392,58.0277#29.53#35.69#34.78
-146.292,58.0244#29.66#35.65#34.69
-146.192,58.0209#29.8#35.6#34.6
-146.092,58.0173#29.94#35.56#34.5
-145.992,58.0137#30.08#35.51#34.41
-145.892,58.0099#30.2#35.47#34.33
-145.792,58.0061#30.32#35.43#34.25
-145.693,58.0021#30.45#35.39#34.16
-145.593,57.9981#30.57#35.35#34.08
-145.493,57.994#30.69#35.31#34
-145.393,57.9898#30.79#35.27#33.94
-145.294,57.9855#30.88#35.23#33.89
-145.194,57.9811#30.98#35.19#33.83
-145.094,57.9766#31.07#35.15#33.78
-144.995,57.972#31.16#35.11#33.73
-144.895,57.9673#31.22#35.07#33.71
-144.796,57.9626#31.28#35.04#33.68
-144.696,57.9577#31.34#35#33.66
-144.597,57.9528#31.4#34.96#33.64
-144.497,57.9477#31.46#34.92#33.62
-144.398,57.9426#31.49#34.88#33.63
-144.299,57.9374#31.51#34.85#33.64
-144.199,57.9321#31.54#34.81#33.65
-144.1,57.9267#31.57#34.77#33.66
-144.001,57.9212#31.6#34.73#33.67
-143.901,57.9156#31.61#34.68#33.71
-143.802,57.9099#31.62#34.64#33.74
-143.703,57.9041#31.63#34.6#33.77
-157.199,57.9008#26.41#41.5#32.09
-157.1,57.9074#26.42#41.35#32.23
-157.001,57.9139#26.42#41.2#32.38
-156.902,57.9203#26.43#41.03#32.54
-156.803,57.9266#26.44#40.86#32.7
-156.704,57.9329#26.44#40.69#32.87
-156.604,57.939#26.45#40.52#33.03
-156.505,57.9451#26.45#40.35#33.2
-156.406,57.951#26.46#40.21#33.33
-156.307,57.9569#26.47#40.08#33.45
-156.207,57.9627#26.48#39.96#33.56
-156.108,57.9684#26.49#39.83#33.68
-156.009,57.974#26.49#39.71#33.8
-155.909,57.9795#26.5#39.69#33.81
-155.81,57.9849#26.51#39.69#33.8
-155.71,57.9902#26.52#39.68#33.8
-155.611,57.9954#26.53#39.68#33.79
-155.511,58.0006#26.54#39.68#33.78
-155.411,58.0056#26.55#39.69#33.76
-155.312,58.0106#26.56#39.7#33.74
-155.212,58.0154#26.57#39.71#33.72
-155.112,58.0202#26.58#39.72#33.7
-155.013,58.0249#26.59#39.73#33.68
-154.913,58.0295#26.6#39.8#33.6
-154.813,58.034#26.61#39.89#33.5
-154.713,58.0384#26.62#39.98#33.4
-154.613,58.0427#26.63#40.06#33.31
-154.513,58.0469#26.64#40.15#33.21
-154.414,58.051#26.65#40.26#33.09
-154.314,58.0551#26.67#40.38#32.95
-154.214,58.059#26.68#40.5#32.82
-154.114,58.0628#26.69#40.62#32.69
-154.014,58.0666#26.71#40.74#32.55
-153.914,58.0703#26.72#40.85#32.43
-153.814,58.0738#26.73#40.95#32.32
-153.713,58.0773#26.75#41.06#32.19
-153.613,58.0807#26.76#41.17#32.07
-153.513,58.084#26.78#41.28#31.94
-153.413,58.0872#26.79#41.39#31.82
-153.313,58.0903#26.81#41.5#31.69
-153.213,58.0933#26.82#41.62#31.56
-153.112,58.0963#26.84#41.73#31.43
-153.012,58.0991#26.86#41.85#31.29
-152.912,58.1019#26.87#41.89#31.24
-152.812,58.1045#26.89#41.91#31.2
-152.711,58.1071#26.91#41.94#31.15
-152.611,58.1095#26.93#41.97#31.1
-152.511,58.1119#26.94#42#31.06
-152.41,58.1142#26.96#42.01#31.03
-152.31,58.1164#26.98#42.03#30.99
-152.21,58.1184#27#42.05#30.95
-152.109,58.1204#27.02#42.07#30.91
-152.009,58.1223#27.04#42.09#30.87
-151.909,58.1242#27.06#42.03#30.91
-151.808,58.1259#27.08#41.97#30.95
-151.708,58.1275#27.1#41.91#30.99
-151.607,58.129#27.12#41.85#31.03
-151.507,58.1305#27.14#41.78#31.08
-151.406,58.1318#27.16#41.76#31.08
-151.306,58.1331#27.18#41.73#31.09
-151.205,58.1343#27.2#41.7#31.1
-151.105,58.1353#27.22#41.68#31.1
-151.004,58.1363#27.25#41.65#31.1
-150.904,58.1372#27.27#41.44#31.29
-150.803,58.138#27.29#41.22#31.49
-150.703,58.1387#27.31#41#31.69
-150.602,58.1393#27.34#40.78#31.88
-150.502,58.1398#27.36#40.56#32.08
-150.401,58.1402#27.38#40.29#32.33
-150.301,58.1405#27.41#40.02#32.57
-150.2,58.1408#27.43#39.75#32.82
-150.1,58.1409#27.46#39.48#33.06
-149.999,58.1409#27.48#39.21#33.31
-149.899,58.1409#27.51#39.03#33.46
-149.798,58.1408#27.53#38.85#33.62
-149.698,58.1405#27.56#38.67#33.77
-149.597,58.1402#27.58#38.49#33.93
-149.497,58.1398#27.61#38.31#34.08
-149.396,58.1393#27.63#38.16#34.21
-149.296,58.1387#27.66#38.02#34.32
-149.195,58.138#27.68#37.88#34.44
-149.095,58.1372#27.71#37.74#34.55
-148.994,58.1363#27.74#37.6#34.66
-148.894,58.1353#27.76#37.49#34.75
-148.793,58.1342#27.79#37.38#34.83
-148.693,58.1331#27.82#37.27#34.91
-148.592,58.1318#27.85#37.16#34.99
-148.492,58.1305#27.88#37.05#35.07
-148.391,58.129#27.91#36.97#35.12
-148.291,58.1275#27.95#36.88#35.17
-148.191,58.1259#27.99#36.79#35.22
-148.09,58.1241#28.02#36.7#35.28
-147.99,58.1223#28.06#36.62#35.32
-147.889,58.1204#28.11#36.55#35.34
-147.789,58.1184#28.16#36.47#35.37
-147.689,58.1163#28.21#36.4#35.39
-147.588,58.1141#28.27#36.33#35.4
-147.488,58.1119#28.32#36.26#35.42
-147.388,58.1095#28.4#36.2#35.4
-147.287,58.107#28.49#36.14#35.37
-147.187,58.1045#28.57#36.08#35.35
-147.087,58.1018#28.65#36.02#35.33
-146.987,58.0991#28.74#35.96#35.3
-146.886,58.0962#28.85#35.91#35.24
-146.786,58.0933#28.97#35.86#35.17
-146.686,58.0903#29.08#35.8#35.12
-146.586,58.0872#29.2#35.75#35.05
-146.486,58.084#29.32#35.7#34.98
-146.385,58.0807#29.46#35.66#34.88
-146.285,58.0773#29.6#35.61#34.79
-146.185,58.0738#29.74#35.56#34.7
-146.085,58.0702#29.88#35.52#34.6
-145.985,58.0666#30.02#35.47#34.51
-145.885,58.0628#30.14#35.43#34.43
-145.785,58.0589#30.27#35.39#34.34
-145.685,58.055#30.4#35.35#34.25
-145.585,58.051#30.52#35.31#34.17
-145.485,58.0468#30.64#35.27#34.09
-145.385,58.0426#30.75#35.23#34.02
-145.286,58.0383#30.85#35.19#33.96
-145.186,58.0339#30.95#35.15#33.9
-145.086,58.0294#31.05#35.11#33.84
-144.986,58.0248#31.15#35.08#33.77
-144.886,58.0201#31.21#35.04#33.75
-144.787,58.0154#31.28#35#33.72
-144.687,58.0105#31.34#34.96#33.7
-144.587,58.0055#31.41#34.93#33.66
-144.488,58.0005#31.46#34.89#33.65
-144.388,57.9954#31.49#34.85#33.66
-144.289,57.9901#31.52#34.81#33.67
-144.189,57.9848#31.55#34.77#33.68
-144.09,57.9794#31.58#34.73#33.69
-143.99,57.9739#31.6#34.69#33.71
-143.891,57.9683#31.61#34.65#33.74
-143.791,57.9626#31.62#34.61#33.77
-143.692,57.9568#31.63#34.57#33.8
-143.593,57.951#31.64#34.52#33.84
-143.494,57.945#31.65#34.48#33.87
-143.394,57.9389#31.66#34.44#33.9
-143.295,57.9328#31.66#34.39#33.95
-143.196,57.9266#31.66#34.35#33.99
-143.097,57.9202#31.67#34.3#34.03
-142.998,57.9138#31.67#34.25#34.08
-142.899,57.9073#31.67#34.21#34.12
-142.8,57.9007#31.67#34.16#34.17
-157.904,57.9046#26.37#42.6#31.03
-157.805,57.9118#26.37#42.41#31.22
-157.706,57.919#26.38#42.23#31.39
-157.607,57.926#26.38#42.04#31.58
-157.508,57.933#26.39#41.86#31.75
-157.409,57.9399#26.39#41.7#31.91
-157.31,57.9467#26.4#41.54#32.06
-157.211,57.9534#26.41#41.39#32.2
-157.112,57.96#26.41#41.23#32.36
-157.013,57.9665#26.42#41.07#32.51
-156.914,57.9729#26.42#40.9#32.68
-156.815,57.9793#26.43#40.72#32.85
-156.715,57.9855#26.44#40.55#33.01
-156.616,57.9917#26.44#40.38#33.18
-156.517,57.9977#26.45#40.21#33.34
-156.417,58.0037#26.46#40.08#33.46
-156.318,58.0096#26.46#39.96#33.58
-156.218,58.0154#26.47#39.84#33.69
-156.119,58.0211#26.48#39.71#33.81
-156.019,58.0267#26.48#39.59#33.93
-155.919,58.0322#26.49#39.57#33.94
-155.82,58.0376#26.5#39.56#33.94
-155.72,58.043#26.51#39.56#33.93
-155.62,58.0482#26.52#39.56#33.92
-155.521,58.0533#26.53#39.55#33.92
-155.421,58.0584#26.54#39.56#33.9
-155.321,58.0634#26.55#39.57#33.88
-155.221,58.0682#26.56#39.57#33.87
-155.121,58.073#26.57#39.58#33.85
-155.021,58.0777#26.58#39.58#33.84
-154.921,58.0823#26.59#39.65#33.76
-154.821,58.0868#26.6#39.73#33.67
-154.721,58.0912#26.61#39.81#33.58
-154.621,58.0955#26.62#39.9#33.48
-154.521,58.0998#26.63#39.98#33.39
-154.421,58.1039#26.64#40.09#33.27
-154.321,58.1079#26.65#40.21#33.14
-154.221,58.1119#26.67#40.32#33.01
-154.121,58.1158#26.68#40.44#32.88
-154.021,58.1195#26.69#40.56#32.75
-153.92,58.1232#26.71#40.67#32.62
-153.82,58.1268#26.72#40.79#32.49
-153.72,58.1303#26.73#40.91#32.36
-153.62,58.1337#26.75#41.04#32.21
-153.519,58.137#26.76#41.16#32.08
-153.419,58.1402#26.78#41.28#31.94
-153.319,58.1433#26.79#41.41#31.8
-153.218,58.1463#26.81#41.53#31.66
-153.118,58.1492#26.82#41.65#31.53
-153.018,58.1521#26.84#41.78#31.38
-152.917,58.1548#26.86#41.82#31.32
-152.817,58.1575#26.87#41.85#31.28
-152.716,58.1601#26.89#41.88#31.23
-152.616,58.1625#26.91#41.91#31.18
-152.515,58.1649#26.92#41.94#31.14
-152.415,58.1672#26.94#41.96#31.1
-152.314,58.1694#26.96#41.99#31.05
-152.214,58.1715#26.98#42.01#31.01
-152.113,58.1735#27#42.03#30.97
-152.013,58.1754#27.02#42.06#30.92
-151.912,58.1772#27.04#42.01#30.95
-151.811,58.1789#27.06#41.95#30.99
-151.711,58.1805#27.08#41.89#31.03
-151.61,58.1821#27.1#41.83#31.07
-151.509,58.1835#27.12#41.77#31.11
-151.409,58.1849#27.14#41.74#31.12
-151.308,58.1861#27.16#41.71#31.13
-151.208,58.1873#27.18#41.68#31.14
-151.107,58.1884#27.2#41.65#31.15
-151.006,58.1894#27.22#41.62#31.16
-150.906,58.1902#27.25#41.41#31.34
-150.805,58.191#27.27#41.18#31.55
-150.704,58.1917#27.29#40.96#31.75
-150.604,58.1923#27.31#40.74#31.95
-150.503,58.1928#27.34#40.52#32.14
-150.402,58.1933#27.36#40.25#32.39
-150.301,58.1936#27.38#39.98#32.64
-150.201,58.1938#27.41#39.7#32.89
-150.1,58.194#27.43#39.43#33.14
-149.999,58.194#27.46#39.16#33.38
-149.899,58.194#27.48#38.98#33.54
-149.798,58.1938#27.51#38.8#33.69
-149.697,58.1936#27.53#38.62#33.85
-149.597,58.1933#27.56#38.44#34
-149.496,58.1928#27.58#38.26#34.16
-149.395,58.1923#27.61#38.12#34.27
-149.295,58.1917#27.63#37.98#34.39
-149.194,58.191#27.66#37.84#34.5
-149.093,58.1902#27.68#37.69#34.63
-148.992,58.1893#27.71#37.55#34.74
-148.892,58.1884#27.74#37.45#34.81
-148.791,58.1873#27.77#37.34#34.89
-148.691,58.1861#27.79#37.23#34.98
-148.59,58.1849#27.82#37.12#35.06
-148.489,58.1835#27.85#37.01#35.14
-148.389,58.1821#27.89#36.92#35.19
-148.288,58.1805#27.92#36.84#35.24
-148.187,58.1789#27.95#36.75#35.3
-148.087,58.1772#27.99#36.66#35.35
-147.986,58.1754#28.02#36.58#35.4
-147.886,58.1734#28.07#36.51#35.42
-147.785,58.1714#28.12#36.43#35.45
-147.685,58.1693#28.17#36.36#35.47
-147.584,58.1671#28.22#36.29#35.49
-147.484,58.1649#28.28#36.22#35.5
-147.383,58.1625#28.35#36.16#35.49
-147.283,58.16#28.43#36.1#35.47
-147.182,58.1575#28.51#36.04#35.45
-147.082,58.1548#28.59#35.98#35.43
-146.981,58.1521#28.68#35.92#35.4
-146.881,58.1492#28.79#35.87#35.34
-146.78,58.1463#28.9#35.82#35.28
-146.68,58.1433#29.02#35.76#35.22
-146.58,58.1401#29.13#35.71#35.16
-146.479,58.1369#29.25#35.66#35.09
-146.379,58.1336#29.39#35.62#34.99
-146.279,58.1302#29.53#35.57#34.9
-146.179,58.1267#29.68#35.53#34.79
-146.078,58.1231#29.82#35.48#34.7
-145.978,58.1195#29.96#35.44#34.6
-145.878,58.1157#30.09#35.4#34.51
-145.778,58.1118#30.22#35.35#34.43
-145.678,58.1079#30.35#35.31#34.34
-145.577,58.1039#30.48#35.27#34.25
-145.477,58.0997#30.6#35.23#34.17
-145.377,58.0955#30.71#35.19#34.1
-145.277,58.0912#30.82#35.16#34.02
-145.177,58.0867#30.93#35.12#33.95
-145.077,58.0822#31.04#35.08#33.88
-144.977,58.0776#31.14#35.04#33.82
-144.877,58.073#31.21#35#33.79
-144.778,58.0682#31.27#34.97#33.76
-144.678,58.0633#31.34#34.93#33.73
-144.578,58.0583#31.41#34.89#33.7
-144.478,58.0533#31.47#34.86#33.67
-144.378,58.0481#31.5#34.82#33.68
-144.279,58.0429#31.52#34.78#33.7
-144.179,58.0376#31.55#34.74#33.71
-144.079,58.0321#31.58#34.7#33.72
-143.98,58.0266#31.6#34.66#33.74
-143.88,58.021#31.62#34.62#33.76
-143.781,58.0153#31.63#34.58#33.79
-143.681,58.0095#31.64#34.53#33.83
-143.582,58.0036#31.65#34.49#33.86
-143.482,57.9977#31.66#34.45#33.89
-143.383,57.9916#31.66#34.4#33.94
-143.284,57.9854#31.66#34.36#33.98
-143.184,57.9792#31.67#34.32#34.01
-143.085,57.9729#31.67#34.27#34.06
-142.986,57.9664#31.67#34.23#34.1
-142.887,57.9599#31.67#34.18#34.15
-142.787,57.9533#31.67#34.13#34.2
-142.688,57.9466#31.67#34.08#34.25
-142.589,57.9398#31.67#34.04#34.29
-142.49,57.9329#31.67#33.99#34.34
-142.391,57.926#31.67#33.94#34.39
-142.292,57.9189#31.67#33.89#34.44
-142.194,57.9117#31.67#33.84#34.49
-142.095,57.9045#31.68#33.79#34.53
-158.609,57.9038#26.34#43.68#29.98
-158.511,57.9116#26.34#43.54#30.12
-158.412,57.9194#26.34#43.37#30.29
-158.313,57.9272#26.35#43.21#30.44
-158.214,57.9348#26.35#43.04#30.61
-158.116,57.9423#26.36#42.87#30.77
-158.017,57.9497#26.36#42.7#30.94
-157.918,57.9571#26.36#42.52#31.12
-157.819,57.9643#26.37#42.33#31.3
-157.72,57.9715#26.37#42.14#31.49
-157.621,57.9786#26.38#41.95#31.67
-157.522,57.9856#26.38#41.76#31.86
-157.422,57.9925#26.39#41.6#32.01
-157.323,57.9993#26.39#41.43#32.18
-157.224,58.006#26.4#41.27#32.33
-157.125,58.0126#26.41#41.1#32.49
-157.025,58.0191#26.41#40.93#32.66
-156.926,58.0256#26.42#40.76#32.82
-156.826,58.0319#26.42#40.59#32.99
-156.727,58.0382#26.43#40.42#33.15
-156.627,58.0443#26.44#40.25#33.31
-156.528,58.0504#26.44#40.08#33.48
-156.428,58.0564#26.45#39.95#33.6
-156.329,58.0623#26.46#39.83#33.71
-156.229,58.0681#26.46#39.71#33.83
-156.129,58.0738#26.47#39.6#33.93
-156.03,58.0794#26.48#39.48#34.04
-155.93,58.085#26.48#39.45#34.07
-155.83,58.0904#26.49#39.44#34.07
-155.73,58.0957#26.5#39.44#34.06
-155.63,58.101#26.51#39.43#34.06
-155.53,58.1061#26.52#39.43#34.05
-155.43,58.1112#26.53#39.43#34.04
-155.33,58.1162#26.54#39.43#34.03
-155.23,58.1211#26.55#39.44#34.01
-155.13,58.1258#26.56#39.44#34
-155.03,58.1305#26.56#39.44#34
-154.93,58.1352#26.58#39.49#33.93
-154.83,58.1397#26.59#39.57#33.84
-154.73,58.1441#26.6#39.65#33.75
-154.63,58.1484#26.61#39.73#33.66
-154.529,58.1527#26.62#39.81#33.57
-154.429,58.1568#26.63#39.92#33.45
-154.329,58.1608#26.64#40.03#33.33
-154.228,58.1648#26.65#40.15#33.2
-154.128,58.1687#26.67#40.26#33.07
-154.028,58.1724#26.68#40.38#32.94
-153.927,58.1761#26.69#40.5#32.81
-153.827,58.1797#26.7#40.63#32.67
-153.726,58.1832#26.72#40.77#32.51
-153.626,58.1866#26.73#40.9#32.37
-153.526,58.1899#26.75#41.03#32.22
-153.425,58.1931#26.76#41.16#32.08
-153.325,58.1963#26.78#41.28#31.94
-153.224,58.1993#26.79#41.41#31.8
-153.123,58.2022#26.81#41.53#31.66
-153.023,58.2051#26.82#41.66#31.52
-152.922,58.2078#26.84#41.72#31.44
-152.822,58.2105#26.86#41.75#31.39
-152.721,58.2131#26.87#41.79#31.34
-152.62,58.2155#26.89#41.83#31.28
-152.52,58.2179#26.91#41.87#31.22
-152.419,58.2202#26.93#41.9#31.17
-152.318,58.2224#26.95#41.93#31.12
-152.218,58.2245#26.96#41.96#31.08
-152.117,58.2265#26.98#41.99#31.03
-152.016,58.2284#27#42.02#30.98
-151.915,58.2302#27.02#41.97#31.01
-151.815,58.232#27.04#41.91#31.05
-151.714,58.2336#27.06#41.86#31.08
-151.613,58.2351#27.08#41.8#31.12
-151.512,58.2366#27.1#41.74#31.16
-151.411,58.2379#27.12#41.7#31.18
-151.311,58.2392#27.14#41.65#31.21
-151.21,58.2404#27.16#41.61#31.23
-151.109,58.2414#27.18#41.57#31.25
-151.008,58.2424#27.21#41.52#31.27
-150.907,58.2433#27.23#41.31#31.46
-150.806,58.2441#27.25#41.09#31.66
-150.705,58.2448#27.27#40.86#31.87
-150.605,58.2454#27.3#40.63#32.07
-150.504,58.2459#27.32#40.41#32.27
-150.403,58.2463#27.34#40.15#32.51
-150.302,58.2467#27.37#39.89#32.74
-150.201,58.2469#27.39#39.62#32.99
-150.1,58.247#27.41#39.36#33.23
-149.999,58.2471#27.44#39.1#33.46
-149.898,58.247#27.46#38.92#33.62
-149.798,58.2469#27.49#38.74#33.77
-149.697,58.2467#27.51#38.56#33.93
-149.596,58.2463#27.54#38.38#34.08
-149.495,58.2459#27.56#38.2#34.24
-149.394,58.2454#27.59#38.06#34.35
-149.293,58.2448#27.61#37.91#34.48
-149.192,58.2441#27.64#37.77#34.59
-149.092,58.2433#27.66#37.63#34.71
-148.991,58.2424#27.69#37.49#34.82
-148.89,58.2414#27.72#37.38#34.9
-148.789,58.2404#27.75#37.28#34.97
-148.688,58.2392#27.77#37.17#35.06
-148.587,58.2379#27.8#37.06#35.14
-148.487,58.2366#27.83#36.95#35.22
-148.386,58.2351#27.86#36.87#35.27
-148.285,58.2336#27.9#36.78#35.32
-148.184,58.2319#27.93#36.69#35.38
-148.083,58.2302#27.96#36.61#35.43
-147.983,58.2284#28#36.52#35.48
-147.882,58.2265#28.05#36.45#35.5
-147.781,58.2245#28.1#36.38#35.52
-147.681,58.2224#28.14#36.31#35.55
-147.58,58.2202#28.19#36.24#35.57
-147.479,58.2179#28.24#36.17#35.59
-147.378,58.2155#28.32#36.11#35.57
-147.278,58.213#28.39#36.05#35.56
-147.177,58.2105#28.47#35.99#35.54
-147.077,58.2078#28.55#35.93#35.52
-146.976,58.205#28.63#35.87#35.5
-146.875,58.2022#28.74#35.82#35.44
-146.775,58.1993#28.85#35.77#35.38
-146.674,58.1962#28.96#35.72#35.32
-146.574,58.1931#29.07#35.67#35.26
-146.473,58.1899#29.19#35.62#35.19
-146.373,58.1866#29.33#35.58#35.09
-146.272,58.1832#29.47#35.53#35
-146.172,58.1797#29.61#35.49#34.9
-146.071,58.1761#29.76#35.44#34.8
-145.971,58.1724#29.9#35.4#34.7
-145.871,58.1686#30.03#35.36#34.61
-145.77,58.1648#30.17#35.32#34.51
-145.67,58.1608#30.3#35.28#34.42
-145.57,58.1567#30.43#35.24#34.33
-145.469,58.1526#30.56#35.2#34.24
-145.369,58.1484#30.68#35.16#34.16
-145.269,58.144#30.79#35.12#34.09
-145.169,58.1396#30.91#35.08#34.01
-145.069,58.1351#31.02#35.04#33.94
-144.969,58.1305#31.12#35.01#33.87
-144.868,58.1258#31.2#34.97#33.83
-144.768,58.121#31.27#34.93#33.8
-144.668,58.1161#31.34#34.9#33.76
-144.568,58.1111#31.42#34.86#33.72
-144.468,58.1061#31.47#34.82#33.71
-144.369,58.1009#31.5#34.78#33.72
-144.269,58.0957#31.53#34.75#33.72
-144.169,58.0903#31.56#34.71#33.73
-144.069,58.0849#31.58#34.67#33.75
-143.969,58.0794#31.61#34.63#33.76
-143.869,58.0737#31.62#34.59#33.79
-143.77,58.068#31.63#34.54#33.83
-143.67,58.0622#31.64#34.5#33.86
-143.57,58.0563#31.65#34.46#33.89
-143.471,58.0503#31.66#34.42#33.92
-143.371,58.0443#31.66#34.37#33.97
-143.272,58.0381#31.67#34.33#34
-143.172,58.0318#31.67#34.29#34.04
-143.073,58.0255#31.67#34.24#34.09
-142.974,58.0191#31.67#34.2#34.13
-142.874,58.0125#31.67#34.15#34.18
-142.775,58.0059#31.67#34.1#34.23
-142.676,57.9992#31.67#34.06#34.27
-142.576,57.9924#31.67#34.01#34.32
-142.477,57.9855#31.67#33.96#34.37
-142.378,57.9785#31.68#33.91#34.41
-142.279,57.9714#31.68#33.86#34.46
-142.18,57.9643#31.68#33.81#34.51
-142.081,57.957#31.68#33.76#34.56
-141.982,57.9496#31.68#33.71#34.61
-141.883,57.9422#31.68#33.67#34.65
-141.784,57.9347#31.69#33.63#34.68
-141.686,57.9271#31.69#33.59#34.72
-141.587,57.9194#31.69#33.54#34.77
-141.488,57.9116#31.7#33.5#34.8
-141.389,57.9037#31.7#33.47#34.83
-159.216,57.9069#26.31#44.39#29.3
-159.117,57.9153#26.31#44.29#29.4
-159.019,57.9236#26.32#44.18#29.5
-158.92,57.9319#26.32#44.04#29.64
-158.822,57.9401#26.32#43.9#29.78
-158.723,57.9482#26.33#43.75#29.92
-158.624,57.9562#26.33#43.61#30.06
-158.525,57.9641#26.34#43.47#30.19
-158.427,57.9719#26.34#43.3#30.36
-158.328,57.9796#26.34#43.13#30.53
-158.229,57.9872#26.35#42.96#30.69
-158.13,57.9948#26.35#42.79#30.86
-158.031,58.0022#26.36#42.62#31.02
-157.932,58.0096#26.36#42.44#31.2
-157.832,58.0169#26.36#42.25#31.39
-157.733,58.024#26.37#42.06#31.57
-157.634,58.0311#26.37#41.87#31.76
-157.535,58.0381#26.38#41.67#31.95
-157.435,58.045#26.38#41.49#32.13
-157.336,58.0519#26.39#41.32#32.29
-157.236,58.0586#26.39#41.15#32.46
-157.137,58.0652#26.4#40.98#32.62
-157.038,58.0718#26.4#40.8#32.8
-156.938,58.0782#26.41#40.63#32.96
-156.838,58.0846#26.42#40.46#33.12
-156.739,58.0909#26.42#40.29#33.29
-156.639,58.097#26.43#40.12#33.45
-156.539,58.1031#26.43#39.95#33.62
-156.44,58.1091#26.44#39.81#33.75
-156.34,58.115#26.45#39.7#33.85
-156.24,58.1208#26.46#39.59#33.95
-156.14,58.1266#26.46#39.48#34.06
-156.04,58.1322#26.47#39.37#34.16
-155.94,58.1377#26.48#39.32#34.2
-155.84,58.1432#26.48#39.32#34.2
-155.74,58.1485#26.49#39.31#34.2
-155.64,58.1538#26.5#39.31#34.19
-155.54,58.1589#26.51#39.31#34.18
-155.44,58.164#26.52#39.31#34.17
-155.34,58.169#26.53#39.3#34.17
-155.239,58.1739#26.54#39.3#34.16
-155.139,58.1787#26.55#39.3#34.15
-155.039,58.1834#26.55#39.3#34.15
-154.939,58.188#26.57#39.35#34.08
-154.838,58.1925#26.58#39.43#33.99
-154.738,58.197#26.59#39.51#33.9
-154.638,58.2013#26.6#39.59#33.81
-154.537,58.2056#26.61#39.67#33.72
-154.437,58.2097#26.62#39.77#33.61
-154.336,58.2138#26.63#39.88#33.49
-154.236,58.2177#26.64#40#33.36
-154.135,58.2216#26.66#40.11#33.23
-154.035,58.2254#26.67#40.22#33.11
-153.934,58.2291#26.68#40.35#32.97
-153.834,58.2327#26.7#40.48#32.82
-153.733,58.2362#26.71#40.61#32.68
-153.632,58.2396#26.72#40.74#32.54
-153.532,58.2429#26.74#40.87#32.39
-153.431,58.2461#26.75#40.99#32.26
-153.33,58.2493#26.77#41.12#32.11
-153.23,58.2523#26.78#41.25#31.97
-153.129,58.2552#26.8#41.37#31.83
-153.028,58.2581#26.81#41.5#31.69
-152.927,58.2608#26.83#41.57#31.6
-152.827,58.2635#26.85#41.63#31.52
-152.726,58.2661#26.86#41.68#31.46
-152.625,58.2686#26.88#41.73#31.39
-152.524,58.2709#26.9#41.79#31.31
-152.423,58.2732#26.91#41.83#31.26
-152.322,58.2754#26.93#41.87#31.2
-152.221,58.2775#26.95#41.9#31.15
-152.121,58.2796#26.97#41.94#31.09
-152.02,58.2815#26.99#41.98#31.03
-151.919,58.2833#27.01#41.94#31.05
-151.818,58.285#27.02#41.88#31.1
-151.717,58.2867#27.04#41.82#31.14
-151.616,58.2882#27.06#41.77#31.17
-151.515,58.2897#27.08#41.71#31.21
-151.414,58.291#27.1#41.66#31.24
-151.313,58.2923#27.13#41.6#31.27
-151.212,58.2934#27.15#41.54#31.31
-151.111,58.2945#27.17#41.49#31.34
-151.01,58.2955#27.19#41.43#31.38
-150.909,58.2964#27.21#41.22#31.57
-150.808,58.2972#27.23#40.99#31.78
-150.707,58.2979#27.25#40.76#31.99
-150.606,58.2985#27.28#40.53#32.19
-150.505,58.299#27.3#40.3#32.4
-150.404,58.2994#27.32#40.05#32.63
-150.303,58.2998#27.35#39.79#32.86
-150.201,58.3#27.37#39.54#33.09
-150.1,58.3001#27.39#39.29#33.32
-149.999,58.3002#27.42#39.04#33.54
-149.898,58.3001#27.44#38.86#33.7
-149.797,58.3#27.47#38.67#33.86
-149.696,58.2998#27.49#38.49#34.02
-149.595,58.2994#27.52#38.31#34.17
-149.494,58.299#27.54#38.13#34.33
-149.393,58.2985#27.57#37.99#34.44
-149.292,58.2979#27.59#37.85#34.56
-149.191,58.2972#27.62#37.71#34.67
-149.09,58.2964#27.64#37.57#34.79
-148.989,58.2955#27.67#37.43#34.9
-148.888,58.2945#27.7#37.32#34.98
-148.787,58.2934#27.72#37.22#35.06
-148.686,58.2923#27.75#37.11#35.14
-148.585,58.291#27.78#37#35.22
-148.484,58.2896#27.81#36.9#35.29
-148.383,58.2882#27.84#36.81#35.35
-148.282,58.2866#27.88#36.72#35.4
-148.181,58.285#27.91#36.64#35.45
-148.08,58.2833#27.94#36.55#35.51
-147.979,58.2814#27.98#36.47#35.55
-147.878,58.2795#28.02#36.4#35.58
-147.777,58.2775#28.07#36.33#35.6
-147.676,58.2754#28.12#36.26#35.62
-147.576,58.2732#28.16#36.18#35.66
-147.475,58.2709#28.22#36.12#35.66
-147.374,58.2685#28.29#36.06#35.65
-147.273,58.2661#28.36#36#35.64
-147.172,58.2635#28.43#35.94#35.63
-147.071,58.2608#28.51#35.88#35.61
-146.971,58.2581#28.59#35.82#35.59
-146.87,58.2552#28.7#35.77#35.53
-146.769,58.2523#28.8#35.72#35.48
-146.668,58.2492#28.91#35.67#35.42
-146.568,58.2461#29.02#35.62#35.36
-146.467,58.2429#29.13#35.57#35.3
-146.366,58.2395#29.27#35.53#35.2
-146.266,58.2361#29.41#35.48#35.11
-146.165,58.2326#29.55#35.44#35.01
-146.064,58.229#29.69#35.4#34.91
-145.964,58.2253#29.83#35.35#34.82
-145.863,58.2216#29.97#35.31#34.72
-145.763,58.2177#30.11#35.27#34.62
-145.662,58.2137#30.25#35.23#34.52
-145.562,58.2097#30.38#35.19#34.43
-145.461,58.2055#30.51#35.15#34.34
-145.361,58.2013#30.64#35.12#34.24
-145.261,58.1969#30.76#35.08#34.16
-145.16,58.1925#30.88#35.04#34.08
-145.06,58.188#31#35.01#33.99
-144.96,58.1833#31.11#34.97#33.92
-144.859,58.1786#31.19#34.93#33.88
-144.759,58.1738#31.27#34.9#33.83
-144.659,58.1689#31.35#34.86#33.79
-144.559,58.164#31.42#34.83#33.75
-144.459,58.1589#31.48#34.79#33.73
-144.359,58.1537#31.51#34.75#33.74
-144.259,58.1484#31.53#34.71#33.76
-144.159,58.1431#31.56#34.67#33.77
-144.059,58.1376#31.59#34.63#33.78
-143.959,58.1321#31.61#34.6#33.79
-143.859,58.1265#31.62#34.55#33.83
-143.759,58.1208#31.63#34.51#33.86
-143.659,58.1149#31.64#34.47#33.89
-143.559,58.109#31.65#34.43#33.92
-143.459,58.103#31.66#34.39#33.95
-143.36,58.097#31.67#34.34#33.99
-143.26,58.0908#31.67#34.3#34.03
-143.16,58.0845#31.67#34.26#34.07
-143.061,58.0781#31.67#34.21#34.12
-142.961,58.0717#31.68#34.17#34.15
-142.862,58.0651#31.68#34.12#34.2
-142.762,58.0585#31.68#34.07#34.25
-142.663,58.0518#31.68#34.03#34.29
-142.563,58.045#31.68#33.98#34.34
-142.464,58.038#31.68#33.93#34.39
-142.365,58.031#31.68#33.89#34.43
-142.266,58.024#31.68#33.84#34.48
-142.166,58.0168#31.68#33.79#34.53
-142.067,58.0095#31.68#33.74#34.58
-141.968,58.0021#31.68#33.69#34.63
-141.869,57.9947#31.69#33.65#34.66
-141.77,57.9871#31.69#33.61#34.7
-141.671,57.9795#31.7#33.57#34.73
-141.572,57.9718#31.7#33.53#34.77
-141.473,57.964#31.71#33.49#34.8
-141.375,57.9561#31.71#33.45#34.84
-141.276,57.9481#31.72#33.42#34.86
-141.177,57.94#31.73#33.39#34.88
-141.078,57.9318#31.74#33.36#34.9
-140.98,57.9235#31.73#33.33#34.94
-140.881,57.9152#31.65#33.28#35.07
-140.783,57.9067#31.57#33.22#35.21
-159.823,57.9065#26.29#44.8#28.91
-159.724,57.9155#26.29#44.74#28.97
-159.626,57.9244#26.29#44.68#29.03
-159.528,57.9333#26.3#44.62#29.08
-159.429,57.942#26.3#44.52#29.18
-159.331,57.9506#26.3#44.42#29.28
-159.232,57.9592#26.31#44.31#29.38
-159.133,57.9676#26.31#44.2#29.49
-159.035,57.976#26.31#44.1#29.59
-158.936,57.9843#26.32#43.96#29.72
-158.837,57.9925#26.32#43.82#29.86
-158.738,58.0006#26.32#43.68#30
-158.639,58.0086#26.33#43.53#30.14
-158.54,58.0165#26.33#43.39#30.28
-158.441,58.0243#26.34#43.23#30.43
-158.342,58.0321#26.34#43.06#30.6
-158.243,58.0397#26.34#42.89#30.77
-158.144,58.0473#26.35#42.72#30.93
-158.045,58.0547#26.35#42.55#31.1
-157.945,58.0621#26.36#42.36#31.28
-157.846,58.0694#26.36#42.17#31.47
-157.747,58.0766#26.36#41.97#31.67
-157.647,58.0837#26.37#41.78#31.85
-157.548,58.0907#26.37#41.58#32.05
-157.448,58.0976#26.38#41.39#32.23
-157.349,58.1045#26.38#41.22#32.4
-157.249,58.1112#26.39#41.04#32.57
-157.149,58.1179#26.39#40.86#32.75
-157.05,58.1244#26.4#40.67#32.93
-156.95,58.1309#26.4#40.5#33.1
-156.85,58.1373#26.41#40.33#33.26
-156.75,58.1435#26.42#40.16#33.42
-156.651,58.1497#26.42#39.99#33.59
-156.551,58.1558#26.43#39.82#33.75
-156.451,58.1618#26.43#39.68#33.89
-156.351,58.1677#26.44#39.57#33.99
-156.251,58.1736#26.45#39.46#34.09
-156.151,58.1793#26.46#39.36#34.18
-156.051,58.1849#26.46#39.26#34.28
-155.951,58.1905#26.47#39.21#34.32
-155.85,58.1959#26.48#39.21#34.31
-155.75,58.2013#26.49#39.2#34.31
-155.65,58.2066#26.49#39.2#34.31
-155.55,58.2118#26.5#39.2#34.3
-155.449,58.2169#26.51#39.2#34.29
-155.349,58.2218#26.52#39.19#34.29
-155.249,58.2267#26.53#39.19#34.28
-155.148,58.2316#26.54#39.19#34.27
-155.048,58.2363#26.55#39.2#34.25
-154.947,58.2409#26.56#39.24#34.2
-154.847,58.2454#26.57#39.31#34.12
-154.746,58.2499#26.58#39.39#34.03
-154.646,58.2542#26.59#39.47#33.94
-154.545,58.2585#26.6#39.54#33.86
-154.445,58.2626#26.61#39.64#33.75
-154.344,58.2667#26.62#39.75#33.63
-154.243,58.2707#26.64#39.86#33.5
-154.143,58.2746#26.65#39.96#33.39
-154.042,58.2783#26.66#40.07#33.27
-153.941,58.282#26.67#40.19#33.14
-153.84,58.2856#26.69#40.32#32.99
-153.74,58.2892#26.7#40.45#32.85
-153.639,58.2926#26.71#40.57#32.72
-153.538,58.2959#26.73#40.7#32.57
-153.437,58.2991#26.74#40.83#32.43
-153.336,58.3023#26.76#40.96#32.28
-153.235,58.3053#26.77#41.08#32.15
-153.134,58.3083#26.79#41.21#32
-153.033,58.3111#26.8#41.34#31.86
-152.933,58.3139#26.82#41.43#31.75
-152.832,58.3165#26.83#41.5#31.67
-152.731,58.3191#26.85#41.57#31.58
-152.63,58.3216#26.87#41.64#31.49
-152.529,58.324#26.88#41.71#31.41
-152.427,58.3263#26.9#41.76#31.34
-152.326,58.3285#26.92#41.8#31.28
-152.225,58.3306#26.94#41.85#31.21
-152.124,58.3326#26.95#41.89#31.16
-152.023,58.3345#26.97#41.93#31.1
-151.922,58.3364#26.99#41.9#31.11
-151.821,58.3381#27.01#41.85#31.14
-151.72,58.3397#27.03#41.79#31.18
-151.619,58.3413#27.05#41.74#31.21
-151.517,58.3427#27.07#41.69#31.24
-151.416,58.3441#27.09#41.62#31.29
-151.315,58.3454#27.11#41.55#31.34
-151.214,58.3465#27.13#41.48#31.39
-151.113,58.3476#27.15#41.41#31.44
-151.012,58.3486#27.17#41.34#31.49
-150.91,58.3495#27.19#41.12#31.69
-150.809,58.3503#27.21#40.89#31.9
-150.708,58.351#27.24#40.65#32.11
-150.607,58.3516#27.26#40.42#32.32
-150.506,58.3521#27.28#40.19#32.53
-150.404,58.3525#27.3#39.95#32.75
-150.303,58.3529#27.33#39.7#32.97
-150.202,58.3531#27.35#39.46#33.19
-150.101,58.3532#27.37#39.22#33.41
-149.999,58.3533#27.4#38.97#33.63
-149.898,58.3532#27.42#38.79#33.79
-149.797,58.3531#27.45#38.61#33.94
-149.696,58.3529#27.47#38.43#34.1
-149.594,58.3525#27.5#38.25#34.25
-149.493,58.3521#27.52#38.07#34.41
-149.392,58.3516#27.55#37.93#34.52
-149.291,58.351#27.57#37.79#34.64
-149.19,58.3503#27.6#37.65#34.75
-149.088,58.3495#27.62#37.51#34.87
-148.987,58.3486#27.65#37.37#34.98
-148.886,58.3476#27.68#37.26#35.06
-148.785,58.3465#27.7#37.16#35.14
-148.684,58.3454#27.73#37.05#35.22
-148.582,58.3441#27.76#36.94#35.3
-148.481,58.3427#27.79#36.84#35.37
-148.38,58.3413#27.82#36.75#35.43
-148.279,58.3397#27.85#36.67#35.48
-148.178,58.3381#27.89#36.58#35.53
-148.077,58.3363#27.92#36.49#35.59
-147.976,58.3345#27.96#36.41#35.63
-147.874,58.3326#28#36.34#35.66
-147.773,58.3306#28.04#36.27#35.69
-147.672,58.3285#28.09#36.2#35.71
-147.571,58.3263#28.13#36.13#35.74
-147.47,58.324#28.19#36.06#35.75
-147.369,58.3216#28.26#36#35.74
-147.268,58.3191#28.33#35.95#35.72
-147.167,58.3165#28.4#35.89#35.71
-147.066,58.3138#28.47#35.83#35.7
-146.965,58.3111#28.55#35.77#35.68
-146.864,58.3082#28.65#35.72#35.63
