-154.267,70.9033#27.42#32.4#40.18
-154.097,70.9074#27.43#32.42#40.15
-153.927,70.9113#27.45#32.44#40.11
-153.756,70.915#27.46#32.46#40.08
-153.586,70.9186#27.48#32.48#40.04
-153.416,70.922#27.49#32.5#40.01
-153.245,70.9252#27.51#32.51#39.98
-153.075,70.9283#27.52#32.53#39.95
-152.904,70.9312#27.54#32.55#39.91
-152.733,70.934#27.55#32.56#39.89
-152.563,70.9365#27.57#32.58#39.85
-152.392,70.939#27.58#32.6#39.82
-152.221,70.9412#27.6#32.61#39.79
-152.05,70.9433#27.61#32.63#39.76
-151.88,70.9452#27.63#32.65#39.72
-151.709,70.9469#27.64#32.66#39.7
-151.538,70.9485#27.66#32.68#39.66
-151.367,70.9499#27.68#32.7#39.62
-151.196,70.9512#27.71#32.71#39.58
-151.025,70.9523#27.73#32.73#39.54
-150.854,70.9532#27.78#32.75#39.47
-150.683,70.9539#27.83#32.76#39.41
-150.512,70.9545#27.88#32.78#39.34
-150.341,70.9549#28#32.8#39.2
-150.17,70.9552#28.12#32.81#39.07
-149.999,70.9553#28.25#32.82#38.93
-149.828,70.9552#28.55#32.83#38.62
-149.657,70.9549#28.86#32.84#38.3
-149.486,70.9545#29.16#32.85#37.99
-149.315,70.9539#29.5#32.85#37.65
-149.144,70.9532#29.83#32.86#37.31
-148.973,70.9523#30.14#32.86#37
-148.802,70.9512#30.3#32.85#36.85
-148.631,70.9499#30.46#32.84#36.7
-148.46,70.9485#30.6#32.83#36.57
-148.289,70.9469#30.67#32.81#36.52
-148.118,70.9452#30.74#32.79#36.47
-147.947,70.9433#30.8#32.77#36.43
-147.777,70.9412#30.83#32.74#36.43
-147.606,70.9389#30.86#32.72#36.42
-147.435,70.9365#30.88#32.7#36.42
-147.264,70.9339#30.88#32.68#36.44
-147.094,70.9312#30.89#32.65#36.46
-146.923,70.9283#30.89#32.64#36.47
-146.753,70.9252#30.89#32.65#36.46
-146.582,70.922#30.89#32.65#36.46
-146.412,70.9185#30.89#32.67#36.44
-146.242,70.915#30.88#32.69#36.43
-146.071,70.9112#30.88#32.72#36.4
-145.901,70.9073#30.87#32.74#36.39
-145.731,70.9033#30.87#32.75#36.38
-156.151,70.9031#27.26#31.79#40.95
-155.981,70.909#27.27#31.82#40.91
-155.812,70.9148#27.28#31.89#40.83
-155.642,70.9203#27.3#31.96#40.74
-155.472,70.9257#27.31#32.04#40.65
-155.302,70.931#27.32#32.11#40.57
-155.132,70.9361#27.34#32.18#40.48
-154.961,70.941#27.35#32.25#40.4
-154.791,70.9457#27.37#32.29#40.34
-154.621,70.9503#27.38#32.32#40.3
-154.45,70.9547#27.39#32.35#40.26
-154.28,70.959#27.41#32.38#40.21
-154.109,70.963#27.42#32.4#40.18
-153.938,70.967#27.44#32.42#40.14
-153.768,70.9707#27.45#32.44#40.11
-153.597,70.9743#27.46#32.46#40.08
-153.426,70.9777#27.48#32.47#40.05
-153.255,70.981#27.49#32.49#40.02
-153.084,70.984#27.51#32.51#39.98
-152.913,70.987#27.52#32.52#39.96
-152.742,70.9897#27.54#32.54#39.92
-152.57,70.9923#27.55#32.56#39.89
-152.399,70.9947#27.57#32.58#39.85
-152.228,70.997#27.58#32.59#39.83
-152.057,70.9991#27.6#32.61#39.79
-151.885,71.001#27.61#32.63#39.76
-151.714,71.0027#27.63#32.64#39.73
-151.542,71.0043#27.65#32.66#39.69
-151.371,71.0057#27.67#32.68#39.65
-151.2,71.007#27.7#32.7#39.6
-151.028,71.0081#27.72#32.71#39.57
-150.857,71.009#27.77#32.73#39.5
-150.685,71.0097#27.82#32.75#39.43
-150.514,71.0103#27.87#32.76#39.37
-150.342,71.0107#27.99#32.78#39.23
-150.17,71.011#28.12#32.79#39.09
-149.999,71.0111#28.26#32.81#38.93
-149.827,71.011#28.57#32.82#38.61
-149.656,71.0107#28.88#32.82#38.3
-149.484,71.0103#29.2#32.83#37.97
-149.313,71.0097#29.54#32.84#37.62
-149.141,71.009#29.87#32.84#37.29
-148.97,71.0081#30.18#32.84#36.98
-148.798,71.007#30.33#32.83#36.84
-148.627,71.0057#30.49#32.82#36.69
-148.455,71.0043#30.62#32.81#36.57
-148.284,71.0027#30.68#32.79#36.53
-148.113,71.001#30.75#32.77#36.48
-147.941,70.999#30.81#32.75#36.44
-147.77,70.9969#30.83#32.72#36.45
-147.599,70.9947#30.86#32.69#36.45
-147.427,70.9923#30.88#32.67#36.45
-147.256,70.9897#30.88#32.65#36.47
-147.085,70.9869#30.89#32.63#36.48
-146.914,70.984#30.89#32.62#36.49
-146.743,70.9809#30.89#32.63#36.48
-146.572,70.9777#30.89#32.63#36.48
-146.401,70.9742#30.88#32.65#36.47
-146.23,70.9707#30.88#32.67#36.45
-146.06,70.9669#30.87#32.7#36.43
-145.889,70.963#30.87#32.72#36.41
-145.718,70.9589#30.87#32.74#36.39
-145.548,70.9547#30.86#32.76#36.38
-145.377,70.9502#30.86#32.76#36.38
-145.207,70.9457#30.86#32.75#36.39
-145.036,70.9409#30.85#32.73#36.42
-144.866,70.936#30.85#32.72#36.43
-144.696,70.9309#30.85#32.7#36.45
-144.526,70.9257#30.85#32.69#36.46
-144.356,70.9203#30.85#32.68#36.47
-144.186,70.9147#30.86#32.67#36.47
-144.017,70.909#30.86#32.66#36.48
-143.847,70.9031#30.87#32.66#36.47
-157.526,70.9054#27.14#31.42#41.44
-157.357,70.9126#27.15#31.47#41.38
-157.188,70.9197#27.16#31.51#41.33
-157.018,70.9266#27.18#31.56#41.26
-156.849,70.9333#27.19#31.6#41.21
-156.679,70.9399#27.2#31.64#41.16
-156.509,70.9463#27.22#31.68#41.1
-156.339,70.9525#27.23#31.71#41.06
-156.169,70.9586#27.24#31.74#41.02
-155.999,70.9645#27.26#31.77#40.97
-155.829,70.9703#27.27#31.85#40.88
-155.659,70.9759#27.28#31.92#40.8
-155.488,70.9813#27.3#31.99#40.71
-155.318,70.9866#27.31#32.07#40.62
-155.147,70.9916#27.33#32.15#40.52
-154.976,70.9966#27.34#32.22#40.44
-154.805,71.0013#27.35#32.26#40.39
-154.635,71.0059#27.37#32.29#40.34
-154.464,71.0103#27.38#32.33#40.29
-154.292,71.0146#27.4#32.35#40.25
-154.121,71.0187#27.41#32.37#40.22
-153.95,71.0226#27.42#32.39#40.19
-153.779,71.0264#27.44#32.41#40.15
-153.607,71.03#27.45#32.43#40.12
-153.436,71.0334#27.47#32.45#40.08
-153.265,71.0367#27.48#32.47#40.05
-153.093,71.0398#27.5#32.48#40.02
-152.921,71.0427#27.51#32.5#39.99
-152.75,71.0455#27.53#32.52#39.95
-152.578,71.0481#27.54#32.54#39.92
-152.406,71.0505#27.56#32.55#39.89
-152.235,71.0528#27.57#32.57#39.86
-152.063,71.0548#27.59#32.59#39.82
-151.891,71.0568#27.6#32.61#39.79
-151.719,71.0585#27.62#32.62#39.76
-151.547,71.0601#27.63#32.64#39.73
-151.375,71.0615#27.66#32.66#39.68
-151.203,71.0628#27.68#32.68#39.64
-151.031,71.0639#27.71#32.7#39.59
-150.859,71.0648#27.76#32.71#39.53
-150.687,71.0656#27.81#32.73#39.46
-150.515,71.0661#27.87#32.75#39.38
-150.343,71.0666#27.99#32.76#39.25
-150.171,71.0668#28.13#32.77#39.1
-149.999,71.0669#28.26#32.79#38.95
-149.827,71.0668#28.58#32.8#38.62
-149.655,71.0666#28.91#32.81#38.28
-149.483,71.0661#29.23#32.81#37.96
-149.311,71.0656#29.57#32.82#37.61
-149.139,71.0648#29.92#32.82#37.26
-148.967,71.0639#30.22#32.82#36.96
-148.795,71.0628#30.37#32.81#36.82
-148.623,71.0615#30.51#32.8#36.69
-148.451,71.0601#30.63#32.79#36.58
-148.279,71.0585#30.7#32.77#36.53
-148.107,71.0567#30.76#32.75#36.49
-147.935,71.0548#30.81#32.72#36.47
-147.763,71.0527#30.83#32.69#36.48
-147.591,71.0505#30.86#32.67#36.47
-147.42,71.048#30.88#32.64#36.48
-147.248,71.0454#30.88#32.63#36.49
-147.076,71.0427#30.89#32.61#36.5
-146.905,71.0397#30.89#32.6#36.51
-146.733,71.0366#30.89#32.6#36.51
-146.562,71.0334#30.88#32.6#36.52
-146.39,71.0299#30.88#32.62#36.5
-146.219,71.0264#30.88#32.66#36.46
-146.048,71.0226#30.87#32.69#36.44
-145.877,71.0187#30.87#32.71#36.42
-145.705,71.0146#30.86#32.73#36.41
-145.534,71.0103#30.86#32.75#36.39
-145.363,71.0059#30.86#32.75#36.39
-145.192,71.0013#30.85#32.74#36.41
-145.022,70.9965#30.85#32.72#36.43
-144.851,70.9916#30.85#32.71#36.44
-144.68,70.9865#30.85#32.69#36.46
-144.51,70.9812#30.85#32.68#36.47
-144.339,70.9758#30.85#32.67#36.48
-144.169,70.9702#30.85#32.66#36.49
-143.999,70.9645#30.86#32.66#36.48
-143.829,70.9586#30.86#32.66#36.48
-143.659,70.9525#30.87#32.66#36.47
-143.489,70.9462#30.88#32.66#36.46
-143.319,70.9398#30.89#32.66#36.45
-143.149,70.9332#30.91#32.66#36.43
-142.98,70.9265#30.92#32.66#36.42
-142.81,70.9196#30.95#32.65#36.4
-142.641,70.9125#30.98#32.64#36.38
-142.472,70.9053#31.01#32.62#36.37
-158.732,70.9054#27.03#30.96#42.01
-158.564,70.9138#27.05#31.03#41.92
-158.395,70.922#27.06#31.09#41.85
-158.226,70.9301#27.07#31.15#41.78
-158.057,70.938#27.08#31.21#41.71
-157.887,70.9457#27.1#31.26#41.64
-157.718,70.9533#27.11#31.31#41.58
-157.549,70.9607#27.12#31.36#41.52
-157.379,70.968#27.14#31.41#41.45
-157.209,70.9751#27.15#31.46#41.39
-157.039,70.982#27.16#31.5#41.34
-156.869,70.9887#27.18#31.55#41.27
-156.699,70.9953#27.19#31.59#41.22
-156.529,71.0018#27.2#31.63#41.17
-156.358,71.008#27.22#31.66#41.12
-156.188,71.0141#27.23#31.69#41.08
-156.017,71.0201#27.24#31.73#41.03
-155.846,71.0258#27.26#31.8#40.94
-155.675,71.0314#27.27#31.87#40.86
-155.505,71.0369#27.28#31.95#40.77
-155.334,71.0421#27.3#32.03#40.67
-155.162,71.0472#27.31#32.11#40.58
-154.991,71.0522#27.33#32.19#40.48
-154.82,71.057#27.34#32.23#40.43
-154.648,71.0616#27.35#32.26#40.39
-154.477,71.066#27.37#32.3#40.33
-154.305,71.0703#27.38#32.32#40.3
-154.134,71.0744#27.4#32.35#40.25
-153.962,71.0783#27.41#32.37#40.22
-153.79,71.0821#27.43#32.39#40.18
-153.618,71.0857#27.44#32.41#40.15
-153.446,71.0891#27.45#32.43#40.12
-153.274,71.0924#27.47#32.44#40.09
-153.102,71.0955#27.48#32.46#40.06
-152.93,71.0985#27.5#32.48#40.02
-152.758,71.1012#27.51#32.5#39.99
-152.586,71.1038#27.53#32.51#39.96
-152.414,71.1063#27.54#32.53#39.93
-152.241,71.1085#27.56#32.55#39.89
-152.069,71.1106#27.57#32.57#39.86
-151.897,71.1126#27.59#32.59#39.82
-151.724,71.1143#27.61#32.6#39.79
-151.552,71.1159#27.62#32.62#39.76
-151.379,71.1174#27.65#32.64#39.71
-151.207,71.1186#27.67#32.66#39.67
-151.034,71.1197#27.7#32.68#39.62
-150.862,71.1206#27.75#32.69#39.56
-150.689,71.1214#27.81#32.71#39.48
-150.517,71.122#27.87#32.73#39.4
-150.344,71.1224#28#32.74#39.26
-150.172,71.1226#28.13#32.76#39.11
-149.999,71.1227#28.27#32.77#38.96
-149.826,71.1226#28.6#32.78#38.62
-149.654,71.1224#28.93#32.79#38.28
-149.481,71.122#29.26#32.8#37.94
-149.309,71.1214#29.61#32.8#37.59
-149.136,71.1206#29.95#32.8#37.25
-148.964,71.1197#30.25#32.8#36.95
-148.791,71.1186#30.39#32.79#36.82
-148.619,71.1173#30.53#32.78#36.69
-148.446,71.1159#30.64#32.77#36.59
-148.274,71.1143#30.71#32.75#36.54
-148.101,71.1125#30.77#32.72#36.51
-147.929,71.1106#30.81#32.7#36.49
-147.757,71.1085#30.84#32.67#36.49
-147.584,71.1062#30.86#32.64#36.5
-147.412,71.1038#30.87#32.62#36.51
-147.24,71.1012#30.88#32.6#36.52
-147.068,71.0984#30.88#32.59#36.53
-146.895,71.0955#30.89#32.58#36.53
-146.723,71.0924#30.88#32.58#36.54
-146.551,71.0891#30.88#32.58#36.54
-146.38,71.0857#30.88#32.6#36.52
-146.208,71.0821#30.87#32.64#36.49
-146.036,71.0783#30.87#32.67#36.46
-145.864,71.0743#30.86#32.7#36.44
-145.693,71.0702#30.86#32.72#36.42
-145.521,71.0659#30.86#32.74#36.4
-145.349,71.0615#30.85#32.74#36.41
-145.178,71.0569#30.85#32.73#36.42
-145.007,71.0521#30.85#32.72#36.43
-144.835,71.0472#30.85#32.7#36.45
-144.664,71.0421#30.85#32.68#36.47
-144.493,71.0368#30.85#32.67#36.48
-144.322,71.0314#30.85#32.66#36.49
-144.152,71.0257#30.85#32.66#36.49
-143.981,71.02#30.86#32.65#36.49
-143.81,71.014#30.86#32.65#36.49
-143.64,71.0079#30.87#32.65#36.48
-143.469,71.0017#30.88#32.65#36.47
-143.299,70.9952#30.89#32.65#36.46
-143.129,70.9886#30.91#32.66#36.43
-142.959,70.9819#30.92#32.66#36.42
-142.789,70.975#30.95#32.65#36.4
-142.619,70.9679#30.97#32.64#36.39
-142.449,70.9606#31#32.62#36.38
-142.28,70.9532#31.04#32.57#36.39
-142.11,70.9456#31.08#32.53#36.39
-141.941,70.9379#31.12#32.47#36.41
-141.772,70.93#31.17#32.37#36.46
-141.603,70.9219#31.22#32.27#36.51
-141.434,70.9137#31.26#32.13#36.61
-141.266,70.9053#31.31#31.93#36.76
-159.77,70.9066#26.95#30.37#42.68
-159.602,70.916#26.96#30.46#42.58
-159.433,70.9253#26.97#30.55#42.48
-159.265,70.9343#26.98#30.64#42.38
-159.096,70.9432#27#30.74#42.26
-158.927,70.952#27.01#30.83#42.16
-158.758,70.9606#27.02#30.9#42.08
-158.589,70.969#27.03#30.97#42
-158.42,70.9772#27.05#31.04#41.91
-158.25,70.9853#27.06#31.1#41.84
-158.081,70.9932#27.07#31.15#41.78
-157.911,71.001#27.08#31.2#41.72
-157.741,71.0086#27.1#31.25#41.65
-157.571,71.016#27.11#31.3#41.59
-157.401,71.0233#27.12#31.35#41.53
-157.231,71.0304#27.14#31.4#41.46
-157.06,71.0374#27.15#31.45#41.4
-156.89,71.0441#27.16#31.49#41.35
-156.719,71.0508#27.18#31.54#41.28
-156.548,71.0572#27.19#31.58#41.23
-156.377,71.0635#27.2#31.62#41.18
-156.206,71.0696#27.22#31.65#41.13
-156.035,71.0756#27.23#31.68#41.09
-155.864,71.0814#27.24#31.75#41.01
-155.693,71.087#27.26#31.83#40.91
-155.521,71.0924#27.27#31.91#40.82
-155.35,71.0977#27.29#31.99#40.72
-155.178,71.1028#27.3#32.07#40.63
-155.006,71.1078#27.31#32.16#40.53
-154.834,71.1126#27.33#32.2#40.47
-154.662,71.1172#27.34#32.24#40.42
-154.49,71.1217#27.36#32.27#40.37
-154.318,71.126#27.37#32.3#40.33
-154.146,71.1301#27.38#32.32#40.3
-153.974,71.134#27.4#32.34#40.26
-153.802,71.1378#27.41#32.36#40.23
-153.629,71.1414#27.43#32.38#40.19
-153.457,71.1449#27.44#32.4#40.16
-153.284,71.1482#27.46#32.42#40.12
-153.112,71.1513#27.47#32.44#40.09
-152.939,71.1542#27.49#32.46#40.05
-152.766,71.157#27.5#32.47#40.03
-152.594,71.1596#27.51#32.49#40
-152.421,71.1621#27.53#32.51#39.96
-152.248,71.1643#27.55#32.53#39.92
-152.075,71.1664#27.56#32.55#39.89
-151.902,71.1684#27.58#32.57#39.85
-151.729,71.1701#27.59#32.58#39.83
-151.556,71.1717#27.61#32.6#39.79
-151.383,71.1732#27.64#32.62#39.74
-151.21,71.1744#27.67#32.64#39.69
-151.037,71.1755#27.7#32.66#39.64
-150.864,71.1765#27.75#32.67#39.58
-150.691,71.1772#27.82#32.69#39.49
-150.518,71.1778#27.88#32.71#39.41
-150.345,71.1782#28.01#32.72#39.27
-150.172,71.1785#28.14#32.74#39.12
-149.999,71.1786#28.28#32.75#38.97
-149.826,71.1785#28.61#32.76#38.63
-149.653,71.1782#28.94#32.77#38.29
-149.48,71.1778#29.28#32.78#37.94
-149.307,71.1772#29.62#32.78#37.6
-149.133,71.1765#29.97#32.78#37.25
-148.96,71.1755#30.26#32.78#36.96
-148.787,71.1744#30.4#32.77#36.83
-148.614,71.1732#30.54#32.76#36.7
-148.441,71.1717#30.65#32.74#36.61
-148.268,71.1701#30.71#32.72#36.57
-148.095,71.1684#30.77#32.7#36.53
-147.923,71.1664#30.82#32.67#36.51
-147.75,71.1643#30.84#32.64#36.52
-147.577,71.162#30.86#32.62#36.52
-147.404,71.1596#30.87#32.6#36.53
-147.231,71.157#30.88#32.58#36.54
-147.059,71.1542#30.88#32.56#36.56
-146.886,71.1512#30.88#32.56#36.56
-146.714,71.1481#30.88#32.56#36.56
-146.541,71.1448#30.88#32.56#36.56
-146.369,71.1414#30.87#32.58#36.55
-146.196,71.1378#30.87#32.62#36.51
-146.024,71.134#30.86#32.65#36.49
-145.852,71.13#30.86#32.68#36.46
-145.68,71.1259#30.86#32.71#36.43
-145.507,71.1216#30.85#32.73#36.42
-145.335,71.1172#30.85#32.72#36.43
-145.164,71.1125#30.85#32.72#36.43
-144.992,71.1077#30.85#32.71#36.44
-144.82,71.1028#30.85#32.69#36.46
-144.648,71.0977#30.84#32.68#36.48
-144.477,71.0924#30.85#32.66#36.49
-144.305,71.0869#30.85#32.65#36.5
-144.134,71.0813#30.85#32.65#36.5
-143.963,71.0755#30.86#32.64#36.5
-143.792,71.0695#30.86#32.64#36.5
-143.621,71.0634#30.87#32.64#36.49
-143.45,71.0571#30.88#32.65#36.47
-143.279,71.0507#30.89#32.65#36.46
-143.108,71.0441#30.91#32.65#36.44
-142.938,71.0373#30.92#32.65#36.43
-142.767,71.0303#30.95#32.64#36.41
-142.597,71.0232#30.97#32.63#36.4
-142.427,71.016#31#32.61#36.39
-142.257,71.0085#31.04#32.57#36.39
-142.087,71.0009#31.08#32.53#36.39
-141.917,70.9931#31.12#32.47#36.41
-141.748,70.9852#31.16#32.37#36.47
-141.578,70.9771#31.21#32.27#36.52
-141.409,70.9689#31.26#32.12#36.62
-141.24,70.9604#31.31#31.92#36.77
-141.071,70.9519#31.36#31.72#36.92
-140.902,70.9431#31.17#31.44#37.39
-140.733,70.9342#30.82#31.11#38.07
-140.564,70.9251#30.46#30.77#38.77
-140.396,70.9159#30.08#30.37#39.55
-140.228,70.9065#29.69#29.92#40.39
-160.807,70.9017#26.86#29.96#43.18
-160.64,70.9121#26.87#29.99#43.14
-160.472,70.9224#26.89#30.02#43.09
-160.304,70.9324#26.9#30.09#43.01
-160.136,70.9423#26.91#30.16#42.93
-159.968,70.9521#26.92#30.23#42.85
-159.799,70.9616#26.93#30.31#42.76
-159.63,70.9711#26.95#30.4#42.65
-159.461,70.9803#26.96#30.49#42.55
-159.292,70.9894#26.97#30.58#42.45
-159.123,70.9983#26.98#30.68#42.34
-158.954,71.0071#27#30.77#42.23
-158.784,71.0157#27.01#30.84#42.15
-158.615,71.0242#27.02#30.92#42.06
-158.445,71.0324#27.03#30.99#41.98
-158.275,71.0406#27.05#31.04#41.91
-158.105,71.0485#27.06#31.1#41.84
-157.935,71.0563#27.07#31.15#41.78
-157.764,71.0639#27.08#31.2#41.72
-157.594,71.0714#27.1#31.24#41.66
-157.423,71.0787#27.11#31.29#41.6
-157.252,71.0858#27.12#31.34#41.54
-157.081,71.0928#27.14#31.39#41.47
-156.91,71.0996#27.15#31.44#41.41
-156.739,71.1062#27.16#31.48#41.36
-156.568,71.1127#27.18#31.53#41.29
-156.396,71.119#27.19#31.57#41.24
-156.225,71.1251#27.2#31.6#41.2
-156.053,71.1311#27.22#31.63#41.15
-155.882,71.1369#27.23#31.7#41.07
-155.71,71.1425#27.25#31.78#40.97
-155.538,71.148#27.26#31.87#40.87
-155.366,71.1533#27.27#31.95#40.78
-155.193,71.1584#27.29#32.03#40.68
-155.021,71.1634#27.3#32.12#40.58
-154.849,71.1682#27.31#32.17#40.52
-154.676,71.1729#27.33#32.21#40.46
-154.504,71.1773#27.34#32.25#40.41
-154.331,71.1816#27.36#32.27#40.37
-154.159,71.1858#27.37#32.3#40.33
-153.986,71.1897#27.39#32.32#40.29
-153.813,71.1935#27.4#32.34#40.26
-153.64,71.1972#27.41#32.36#40.23
-153.467,71.2006#27.43#32.38#40.19
-153.294,71.2039#27.44#32.4#40.16
-153.121,71.207#27.46#32.41#40.13
-152.948,71.21#27.47#32.43#40.1
-152.775,71.2128#27.49#32.45#40.06
-152.602,71.2154#27.5#32.47#40.03
-152.428,71.2179#27.52#32.49#39.99
-152.255,71.2201#27.53#32.51#39.96
-152.082,71.2223#27.55#32.53#39.92
-151.908,71.2242#27.57#32.54#39.89
-151.735,71.226#27.58#32.56#39.86
-151.561,71.2276#27.6#32.58#39.82
-151.388,71.229#27.63#32.6#39.77
-151.214,71.2303#27.66#32.62#39.72
-151.041,71.2314#27.7#32.64#39.66
-150.867,71.2323#27.76#32.65#39.59
-150.693,71.2331#27.82#32.67#39.51
-150.52,71.2337#27.89#32.69#39.42
-150.346,71.2341#28.02#32.7#39.28
-150.173,71.2343#28.16#32.72#39.12
-149.999,71.2344#28.29#32.73#38.98
-149.825,71.2343#28.63#32.74#38.63
-149.652,71.2341#28.96#32.75#38.29
-149.478,71.2337#29.29#32.76#37.95
-149.304,71.2331#29.64#32.76#37.6
-149.131,71.2323#29.98#32.76#37.26
-148.957,71.2314#30.27#32.75#36.98
-148.784,71.2303#30.41#32.74#36.85
-148.61,71.229#30.55#32.73#36.72
-148.437,71.2276#30.65#32.72#36.63
-148.263,71.2259#30.71#32.69#36.6
-148.09,71.2242#30.77#32.67#36.56
-147.916,71.2222#30.82#32.65#36.53
-147.743,71.2201#30.84#32.62#36.54
-147.57,71.2178#30.86#32.59#36.55
-147.396,71.2154#30.87#32.57#36.56
-147.223,71.2128#30.87#32.56#36.57
-147.05,71.21#30.88#32.54#36.58
-146.877,71.207#30.88#32.53#36.59
-146.704,71.2039#30.88#32.53#36.59
-146.531,71.2006#30.87#32.53#36.6
-146.358,71.1971#30.87#32.56#36.57
-146.185,71.1935#30.86#32.59#36.55
-146.012,71.1897#30.86#32.62#36.52
-145.839,71.1857#30.86#32.65#36.49
-145.667,71.1816#30.85#32.68#36.47
-145.494,71.1773#30.85#32.71#36.44
-145.321,71.1728#30.85#32.71#36.44
-145.149,71.1682#30.84#32.7#36.46
-144.977,71.1634#30.84#32.69#36.47
-144.804,71.1584#30.84#32.68#36.48
-144.632,71.1532#30.84#32.67#36.49
-144.46,71.1479#30.84#32.65#36.51
-144.288,71.1425#30.85#32.65#36.5
-144.116,71.1368#30.85#32.64#36.51
-143.945,71.131#30.85#32.64#36.51
-143.773,71.125#30.86#32.64#36.5
-143.601,71.1189#30.87#32.64#36.49
-143.43,71.1126#30.88#32.64#36.48
-143.259,71.1061#30.89#32.64#36.47
-143.088,71.0995#30.91#32.65#36.44
-142.916,71.0927#30.92#32.64#36.44
-142.746,71.0857#30.95#32.64#36.41
-142.575,71.0786#30.97#32.63#36.4
-142.404,71.0713#31#32.61#36.39
-142.234,71.0638#31.04#32.57#36.39
-142.063,71.0562#31.07#32.54#36.39
-141.893,71.0484#31.12#32.47#36.41
-141.723,71.0405#31.16#32.37#36.47
-141.553,71.0323#31.2#32.28#36.52
-141.383,71.0241#31.25#32.11#36.64
-141.213,71.0156#31.3#31.91#36.79
-141.044,71.007#31.36#31.71#36.93
-140.875,70.9982#31.1#31.41#37.49
-140.705,70.9893#30.75#31.08#38.17
-140.536,70.9802#30.39#30.76#38.85
-140.368,70.9709#30.01#30.32#39.67
-140.199,70.9615#29.61#29.86#40.53
-140.03,70.9519#29.21#29.4#41.39
-139.862,70.9422#29.02#28.97#42.01
-139.694,70.9323#28.86#28.56#42.58
-139.526,70.9222#28.71#28.15#43.14
-139.358,70.912#28.67#28.01#43.32
-139.19,70.9016#28.64#27.92#43.44
-161.677,70.9021#26.79#30.13#43.08
-161.51,70.9133#26.8#30.07#43.13
-161.343,70.9244#26.82#30.03#43.15
-161.175,70.9352#26.83#29.98#43.19
-161.007,70.946#26.84#29.92#43.24
-160.84,70.9566#26.85#29.94#43.21
-160.671,70.967#26.86#29.96#43.18
-160.503,70.9772#26.87#29.98#43.15
-160.335,70.9873#26.89#30.04#43.07
-160.166,70.9973#26.9#30.1#43
-159.997,71.007#26.91#30.17#42.92
-159.828,71.0166#26.92#30.26#42.82
-159.659,71.0261#26.93#30.34#42.73
-159.49,71.0354#26.95#30.43#42.62
-159.32,71.0445#26.96#30.52#42.52
-159.151,71.0535#26.97#30.62#42.41
-158.981,71.0622#26.98#30.71#42.31
-158.811,71.0709#27#30.79#42.21
-158.641,71.0794#27.01#30.86#42.13
-158.47,71.0877#27.02#30.93#42.05
-158.3,71.0958#27.03#30.99#41.98
-158.129,71.1038#27.05#31.04#41.91
-157.958,71.1116#27.06#31.09#41.85
-157.788,71.1192#27.07#31.14#41.79
-157.617,71.1267#27.09#31.19#41.72
-157.445,71.134#27.1#31.24#41.66
-157.274,71.1412#27.11#31.29#41.6
-157.103,71.1482#27.12#31.34#41.54
-156.931,71.155#27.14#31.38#41.48
-156.759,71.1617#27.15#31.43#41.42
-156.588,71.1681#27.16#31.48#41.36
-156.416,71.1745#27.18#31.52#41.3
-156.244,71.1806#27.19#31.55#41.26
-156.072,71.1866#27.2#31.58#41.22
-155.899,71.1924#27.22#31.65#41.13
-155.727,71.1981#27.23#31.73#41.04
-155.554,71.2036#27.25#31.82#40.93
-155.382,71.2089#27.26#31.91#40.83
-155.209,71.2141#27.27#32#40.73
-155.036,71.2191#27.29#32.08#40.63
-154.864,71.2239#27.3#32.13#40.57
-154.691,71.2285#27.32#32.18#40.5
-154.518,71.233#27.33#32.22#40.45
-154.344,71.2373#27.34#32.24#40.42
-154.171,71.2415#27.36#32.27#40.37
-153.998,71.2454#27.37#32.29#40.34
-153.825,71.2493#27.39#32.31#40.3
-153.651,71.2529#27.4#32.33#40.27
-153.478,71.2564#27.42#32.35#40.23
-153.304,71.2597#27.43#32.37#40.2
-153.131,71.2628#27.45#32.39#40.16
-152.957,71.2658#27.46#32.41#40.13
-152.783,71.2686#27.48#32.43#40.09
-152.609,71.2712#27.49#32.45#40.06
-152.436,71.2737#27.51#32.47#40.02
-152.262,71.276#27.52#32.48#40
-152.088,71.2781#27.54#32.5#39.96
-151.914,71.28#27.55#32.52#39.93
-151.74,71.2818#27.57#32.54#39.89
-151.566,71.2834#27.59#32.56#39.85
-151.392,71.2849#27.62#32.58#39.8
-151.218,71.2861#27.66#32.6#39.74
-151.044,71.2872#27.7#32.62#39.68
-150.87,71.2882#27.76#32.63#39.61
-150.695,71.2889#27.83#32.65#39.52
-150.521,71.2895#27.9#32.67#39.43
-150.347,71.2899#28.03#32.68#39.29
-150.173,71.2902#28.17#32.7#39.13
-149.999,71.2903#28.31#32.71#38.98
-149.825,71.2902#28.64#32.72#38.64
-149.651,71.2899#28.98#32.73#38.29
-149.476,71.2895#29.31#32.74#37.95
-149.302,71.2889#29.65#32.74#37.61
-149.128,71.2882#30#32.73#37.27
-148.954,71.2872#30.28#32.73#36.99
-148.78,71.2861#30.42#32.72#36.86
-148.606,71.2848#30.55#32.71#36.74
-148.432,71.2834#30.66#32.69#36.65
-148.258,71.2818#30.72#32.67#36.61
-148.084,71.28#30.78#32.64#36.58
-147.91,71.278#30.82#32.62#36.56
-147.736,71.2759#30.84#32.59#36.57
-147.562,71.2736#30.86#32.57#36.57
-147.388,71.2712#30.87#32.55#36.58
-147.215,71.2685#30.87#32.53#36.6
-147.041,71.2657#30.88#32.52#36.6
-146.867,71.2628#30.88#32.51#36.61
-146.694,71.2596#30.87#32.51#36.62
-146.52,71.2563#30.87#32.51#36.62
-146.347,71.2529#30.87#32.53#36.6
-146.173,71.2492#30.86#32.56#36.58
-146,71.2454#30.86#32.59#36.55
-145.827,71.2414#30.85#32.63#36.52
-145.653,71.2373#30.85#32.66#36.49
-145.48,71.233#30.85#32.69#36.46
-145.307,71.2285#30.84#32.69#36.47
-145.134,71.2238#30.84#32.69#36.47
-144.961,71.219#30.84#32.68#36.48
-144.789,71.214#30.84#32.67#36.49
-144.616,71.2088#30.84#32.66#36.5
-144.443,71.2035#30.84#32.64#36.52
-144.271,71.198#30.85#32.64#36.51
-144.099,71.1924#30.85#32.63#36.52
-143.926,71.1865#30.85#32.63#36.52
-143.754,71.1806#30.86#32.63#36.51
-143.582,71.1744#30.87#32.63#36.5
-143.41,71.1681#30.88#32.63#36.49
-143.238,71.1616#30.89#32.63#36.48
-143.067,71.1549#30.91#32.64#36.45
-142.895,71.1481#30.92#32.64#36.44
-142.724,71.1411#30.94#32.63#36.43
-142.552,71.1339#30.97#32.63#36.4
-142.381,71.1266#31#32.61#36.39
-142.21,71.1191#31.03#32.57#36.4
-142.039,71.1115#31.07#32.54#36.39
-141.869,71.1037#31.11#32.47#36.42
-141.698,71.0957#31.15#32.38#36.47
-141.528,71.0876#31.2#32.29#36.51
-141.357,71.0792#31.25#32.1#36.65
-141.187,71.0708#31.3#31.9#36.8
-141.017,71.0621#31.35#31.69#36.96
-140.847,71.0533#31.04#31.38#37.58
-140.678,71.0444#30.68#31.06#38.26
-140.508,71.0353#30.32#30.74#38.94
-140.339,71.026#29.93#30.26#39.81
-140.17,71.0165#29.53#29.79#40.68
-140.001,71.0069#29.13#29.32#41.55
-139.832,70.9971#28.98#28.87#42.15
-139.663,70.9872#28.83#28.43#42.74
-139.495,70.9771#28.68#28.01#43.31
-139.326,70.9668#28.66#27.93#43.41
-139.158,70.9564#28.65#27.85#43.5
-138.99,70.9459#28.63#27.77#43.6
-138.823,70.9351#28.72#27.84#43.44
-138.655,70.9242#28.8#27.91#43.29
-138.488,70.9132#28.89#27.97#43.14
-138.321,70.9019#29.03#28.03#42.94
-162.38,70.9101#26.74#30.36#42.9
-162.213,70.922#26.75#30.31#42.94
-162.046,70.9338#26.76#30.26#42.98
-161.879,70.9453#26.77#30.21#43.02
-161.712,70.9567#26.78#30.16#43.06
-161.544,70.968#26.79#30.1#43.11
-161.376,70.9791#26.8#30.05#43.15
-161.208,70.99#26.81#29.99#43.2
-161.04,71.0008#26.83#29.93#43.24
-160.872,71.0114#26.84#29.92#43.24
-160.703,71.0218#26.85#29.93#43.22
-160.534,71.0321#26.86#29.94#43.2
-160.366,71.0422#26.87#29.99#43.14
-160.196,71.0522#26.88#30.06#43.06
-160.027,71.062#26.9#30.12#42.98
-159.858,71.0716#26.91#30.2#42.89
-159.688,71.0811#26.92#30.28#42.8
-159.518,71.0904#26.93#30.37#42.7
-159.348,71.0996#26.95#30.46#42.59
-159.178,71.1086#26.96#30.56#42.48
-159.008,71.1174#26.97#30.66#42.37
-158.837,71.1261#26.98#30.74#42.28
-158.667,71.1345#27#30.81#42.19
-158.496,71.1429#27.01#30.89#42.1
-158.325,71.151#27.02#30.94#42.04
-158.154,71.1591#27.03#31#41.97
-157.982,71.1669#27.05#31.05#41.9
-157.811,71.1746#27.06#31.1#41.84
-157.64,71.1821#27.07#31.15#41.78
-157.468,71.1894#27.09#31.19#41.72
-157.296,71.1966#27.1#31.24#41.66
-157.124,71.2036#27.11#31.29#41.6
-156.952,71.2104#27.12#31.33#41.55
-156.78,71.2171#27.14#31.38#41.48
-156.608,71.2236#27.15#31.42#41.43
-156.435,71.23#27.17#31.47#41.36
-156.263,71.2361#27.18#31.5#41.32
-156.09,71.2422#27.19#31.54#41.27
-155.917,71.248#27.21#31.6#41.19
-155.744,71.2537#27.22#31.69#41.09
-155.571,71.2592#27.23#31.78#40.99
-155.398,71.2645#27.25#31.86#40.89
-155.225,71.2697#27.26#31.95#40.79
-155.052,71.2747#27.28#32.05#40.67
-154.878,71.2795#27.29#32.1#40.61
-154.705,71.2842#27.3#32.15#40.55
-154.531,71.2887#27.32#32.19#40.49
-154.358,71.293#27.33#32.22#40.45
-154.184,71.2972#27.35#32.24#40.41
-154.01,71.3012#27.36#32.27#40.37
-153.836,71.305#27.38#32.29#40.33
-153.662,71.3086#27.39#32.31#40.3
-153.488,71.3121#27.4#32.33#40.27
-153.314,71.3154#27.42#32.35#40.23
-153.14,71.3186#27.43#32.37#40.2
-152.966,71.3216#27.45#32.39#40.16
-152.792,71.3244#27.46#32.4#40.14
-152.617,71.327#27.48#32.42#40.1
-152.443,71.3295#27.49#32.44#40.07
-152.269,71.3318#27.51#32.46#40.03
-152.094,71.3339#27.52#32.48#40
-151.92,71.3359#27.54#32.5#39.96
-151.745,71.3376#27.56#32.52#39.92
-151.571,71.3393#27.58#32.54#39.88
-151.396,71.3407#27.61#32.56#39.83
-151.222,71.342#27.65#32.58#39.77
-151.047,71.3431#27.69#32.6#39.71
-150.872,71.344#27.76#32.61#39.63
-150.698,71.3448#27.84#32.63#39.53
-150.523,71.3454#27.91#32.65#39.44
-150.348,71.3458#28.04#32.66#39.3
-150.174,71.3461#28.18#32.68#39.14
-149.999,71.3461#28.32#32.69#38.99
-149.824,71.3461#28.66#32.7#38.64
-149.65,71.3458#28.99#32.71#38.3
-149.475,71.3454#29.33#32.72#37.95
-149.3,71.3448#29.67#32.71#37.62
-149.126,71.344#30.01#32.71#37.28
-148.951,71.3431#30.29#32.71#37
-148.776,71.342#30.43#32.69#36.88
-148.602,71.3407#30.56#32.68#36.76
-148.427,71.3392#30.66#32.66#36.68
-148.253,71.3376#30.72#32.64#36.64
-148.078,71.3358#30.78#32.62#36.6
-147.904,71.3339#30.82#32.6#36.58
-147.729,71.3317#30.84#32.57#36.59
-147.555,71.3294#30.86#32.55#36.59
-147.38,71.327#30.87#32.53#36.6
-147.206,71.3243#30.87#32.51#36.62
-147.032,71.3215#30.87#32.49#36.64
-146.858,71.3186#30.87#32.49#36.64
-146.684,71.3154#30.87#32.49#36.64
-146.51,71.3121#30.87#32.49#36.64
-146.335,71.3086#30.86#32.51#36.63
-146.162,71.3049#30.86#32.54#36.6
-145.988,71.3011#30.85#32.57#36.58
-145.814,71.2971#30.85#32.61#36.54
-145.64,71.293#30.85#32.64#36.51
-145.467,71.2886#30.84#32.67#36.49
-145.293,71.2841#30.84#32.67#36.49
-145.12,71.2795#30.84#32.68#36.48
-144.946,71.2746#30.84#32.67#36.49
-144.773,71.2696#30.84#32.66#36.5
-144.6,71.2645#30.84#32.65#36.51
-144.427,71.2591#30.84#32.64#36.52
-144.254,71.2536#30.84#32.63#36.53
-144.081,71.2479#30.85#32.62#36.53
-143.908,71.2421#30.85#32.62#36.53
-143.735,71.2361#30.86#32.62#36.52
-143.563,71.2299#30.87#32.62#36.51
-143.39,71.2235#30.88#32.62#36.5
-143.218,71.217#30.89#32.63#36.48
-143.046,71.2104#30.91#32.63#36.46
-142.874,71.2035#30.93#32.63#36.44
-142.702,71.1965#30.95#32.62#36.43
-142.53,71.1893#30.97#32.62#36.41
-142.358,71.182#31#32.6#36.4
-142.187,71.1745#31.03#32.57#36.4
-142.015,71.1668#31.07#32.54#36.39
-141.844,71.159#31.11#32.46#36.43
-141.673,71.1509#31.15#32.38#36.47
-141.502,71.1428#31.19#32.29#36.52
-141.331,71.1344#31.24#32.09#36.67
-141.161,71.1259#31.3#31.89#36.81
-140.99,71.1173#31.33#31.68#36.99
-140.82,71.1085#30.97#31.36#37.67
-140.65,71.0995#30.61#31.04#38.35
-140.48,71.0903#30.25#30.7#39.05
-140.31,71.081#29.85#30.2#39.95
-140.14,71.0715#29.45#29.71#40.84
-139.971,71.0619#29.1#29.23#41.67
-139.801,71.0521#28.95#28.75#42.3
-139.632,71.0421#28.79#28.29#42.92
-139.463,71.032#28.67#27.92#43.41
-139.295,71.0217#28.66#27.85#43.49
-139.126,71.0112#28.65#27.78#43.57
-138.958,71.0006#28.67#27.74#43.59
-138.79,70.9899#28.76#27.81#43.43
-138.622,70.9789#28.85#27.88#43.27
-138.454,70.9678#28.96#27.94#43.1
-138.286,70.9566#29.1#27.99#42.91
-138.119,70.9452#29.24#28.04#42.72
-137.952,70.9336#29.37#28.1#42.53
-137.785,70.9219#29.46#28.18#42.36
-137.618,70.91#29.56#28.26#42.18
-163.25,70.9027#26.67#30.41#42.92
-163.083,70.9154#26.68#30.42#42.9
-162.917,70.9279#26.69#30.42#42.89
-162.751,70.9403#26.7#30.41#42.89
-162.584,70.9526#26.71#30.4#42.89
-162.417,70.9646#26.72#30.37#42.91
-162.249,70.9766#26.73#30.33#42.94
-162.082,70.9883#26.75#30.28#42.97
-161.914,70.9999#26.76#30.23#43.01
-161.747,71.0114#26.77#30.18#43.05
-161.578,71.0227#26.78#30.13#43.09
-161.41,71.0338#26.79#30.07#43.14
-161.242,71.0447#26.8#30.01#43.19
-161.073,71.0556#26.81#29.93#43.26
-160.904,71.0662#26.83#29.91#43.26
-160.735,71.0767#26.84#29.91#43.25
-160.566,71.087#26.85#29.91#43.24
-160.397,71.0971#26.86#29.95#43.19
-160.227,71.1071#26.87#30.01#43.12
-160.057,71.117#26.88#30.07#43.05
-159.887,71.1266#26.9#30.15#42.95
-159.717,71.1362#26.91#30.23#42.86
-159.547,71.1455#26.92#30.32#42.76
-159.376,71.1547#26.93#30.42#42.65
-159.206,71.1637#26.95#30.51#42.54
-159.035,71.1725#26.96#30.61#42.43
-158.864,71.1812#26.97#30.69#42.34
-158.693,71.1898#26.98#30.77#42.25
-158.521,71.1981#26.99#30.84#42.17
-158.35,71.2063#27.01#30.9#42.09
-158.178,71.2143#27.02#30.95#42.03
-158.007,71.2222#27.03#31.01#41.96
-157.835,71.2299#27.05#31.06#41.89
-157.663,71.2374#27.06#31.1#41.84
-157.49,71.2448#27.07#31.15#41.78
-157.318,71.252#27.09#31.19#41.72
-157.146,71.259#27.1#31.24#41.66
-156.973,71.2659#27.11#31.28#41.61
-156.8,71.2726#27.13#31.33#41.54
-156.628,71.2791#27.14#31.37#41.49
-156.455,71.2855#27.15#31.41#41.44
-156.282,71.2917#27.17#31.45#41.38
-156.108,71.2977#27.18#31.49#41.33
-155.935,71.3036#27.19#31.54#41.27
-155.762,71.3093#27.21#31.64#41.15
-155.588,71.3148#27.22#31.73#41.05
-155.415,71.3201#27.23#31.82#40.95
-155.241,71.3253#27.25#31.91#40.84
-155.067,71.3303#27.26#32.01#40.73
-154.893,71.3352#27.28#32.07#40.65
-154.719,71.3399#27.29#32.12#40.59
-154.545,71.3444#27.3#32.16#40.54
-154.371,71.3487#27.32#32.19#40.49
-154.197,71.3529#27.33#32.22#40.45
-154.022,71.3569#27.35#32.24#40.41
-153.848,71.3607#27.36#32.26#40.38
-153.673,71.3644#27.38#32.28#40.34
-153.499,71.3679#27.39#32.3#40.31
-153.324,71.3712#27.41#32.32#40.27
-153.15,71.3744#27.42#32.34#40.24
-152.975,71.3774#27.44#32.36#40.2
-152.8,71.3802#27.45#32.38#40.17
-152.625,71.3828#27.47#32.4#40.13
-152.451,71.3853#27.48#32.42#40.1
-152.276,71.3876#27.5#32.44#40.06
-152.101,71.3897#27.51#32.46#40.03
-151.926,71.3917#27.53#32.48#39.99
-151.751,71.3935#27.55#32.5#39.95
-151.575,71.3951#27.57#32.52#39.91
-151.4,71.3966#27.61#32.54#39.85
-151.225,71.3978#27.65#32.56#39.79
-151.05,71.399#27.69#32.58#39.73
-150.875,71.3999#27.76#32.6#39.64
-150.7,71.4007#27.84#32.61#39.55
-150.525,71.4013#27.92#32.63#39.45
-150.349,71.4017#28.05#32.65#39.3
-150.174,71.4019#28.19#32.66#39.15
-149.999,71.402#28.33#32.67#39
-149.824,71.4019#28.67#32.68#38.65
-149.648,71.4017#29.01#32.69#38.3
-149.473,71.4013#29.35#32.7#37.95
-149.298,71.4007#29.69#32.69#37.62
-149.123,71.3999#30.02#32.69#37.29
-148.948,71.3989#30.3#32.68#37.02
-148.773,71.3978#30.44#32.67#36.89
-148.597,71.3965#30.57#32.66#36.77
-148.422,71.3951#30.67#32.64#36.69
-148.247,71.3935#30.73#32.62#36.65
-148.072,71.3917#30.78#32.59#36.63
-147.897,71.3897#30.82#32.57#36.61
-147.722,71.3876#30.84#32.55#36.61
-147.547,71.3853#30.85#32.52#36.63
-147.372,71.3828#30.86#32.5#36.64
-147.198,71.3801#30.87#32.48#36.65
-147.023,71.3773#30.87#32.47#36.66
-146.848,71.3743#30.87#32.46#36.67
-146.673,71.3712#30.87#32.46#36.67
-146.499,71.3679#30.86#32.46#36.68
-146.324,71.3644#30.86#32.49#36.65
-146.15,71.3607#30.85#32.51#36.64
-145.975,71.3569#30.85#32.54#36.61
-145.801,71.3528#30.85#32.58#36.57
-145.627,71.3487#30.84#32.62#36.54
-145.453,71.3443#30.84#32.65#36.51
-145.279,71.3398#30.84#32.66#36.5
-145.105,71.3351#30.84#32.66#36.5
-144.931,71.3303#30.84#32.66#36.5
-144.757,71.3253#30.84#32.65#36.51
-144.583,71.3201#30.84#32.64#36.52
-144.41,71.3147#30.84#32.63#36.53
-144.236,71.3092#30.84#32.62#36.54
-144.063,71.3035#30.85#32.61#36.54
-143.889,71.2976#30.85#32.61#36.54
-143.716,71.2916#30.86#32.61#36.53
-143.543,71.2854#30.87#32.61#36.52
-143.37,71.279#30.88#32.62#36.5
-143.197,71.2725#30.89#32.62#36.49
-143.025,71.2658#30.91#32.62#36.47
-142.852,71.2589#30.93#32.62#36.45
-142.68,71.2519#30.95#32.62#36.43
-142.507,71.2447#30.97#32.62#36.41
-142.335,71.2373#31#32.59#36.41
-142.163,71.2298#31.03#32.56#36.41
-141.991,71.2221#31.07#32.53#36.4
-141.82,71.2142#31.11#32.46#36.43
-141.648,71.2062#31.15#32.38#36.47
-141.477,71.198#31.19#32.28#36.53
-141.305,71.1896#31.24#32.09#36.67
-141.134,71.1811#31.29#31.89#36.82
-140.963,71.1724#31.26#31.68#37.06
-140.792,71.1636#30.9#31.37#37.73
-140.622,71.1546#30.54#31.06#38.4
-140.451,71.1454#30.17#30.69#39.14
-140.281,71.136#29.77#30.18#40.05
-140.111,71.1265#29.38#29.66#40.96
-139.941,71.1169#29.06#29.15#41.79
-139.771,71.107#28.91#28.63#42.46
-139.601,71.097#28.76#28.14#43.1
-139.432,71.0869#28.67#27.83#43.5
-139.263,71.0765#28.66#27.77#43.57
-139.094,71.0661#28.66#27.71#43.63
-138.925,71.0554#28.7#27.71#43.59
-138.756,71.0446#28.8#27.78#43.42
-138.588,71.0336#28.9#27.85#43.25
-138.419,71.0225#29.02#27.91#43.07
-138.251,71.0112#29.17#27.95#42.88
-138.084,70.9998#29.31#27.99#42.7
-137.916,70.9882#29.42#28.05#42.53
-137.748,70.9764#29.51#28.13#42.36
-137.581,70.9645#29.6#28.21#42.19
-137.414,70.9524#29.67#28.28#42.05
-137.247,70.9402#29.73#28.33#41.94
-137.081,70.9278#29.78#28.4#41.82
-136.914,70.9152#29.83#28.47#41.7
-136.748,70.9025#29.87#28.56#41.57
-163.953,70.9044#26.62#30.32#43.06
-163.787,70.9178#26.63#30.35#43.02
-163.621,70.931#26.64#30.37#42.99
-163.455,70.9441#26.65#30.39#42.96
-163.289,70.957#26.66#30.4#42.94
-163.122,70.9697#26.67#30.41#42.92
-162.955,70.9823#26.68#30.42#42.9
-162.788,70.9948#26.69#30.41#42.9
-162.621,71.007#26.7#30.41#42.89
-162.454,71.0192#26.71#30.39#42.9
-162.286,71.0311#26.72#30.34#42.94
-162.118,71.0429#26.73#30.29#42.98
-161.95,71.0545#26.74#30.25#43.01
-161.782,71.066#26.76#30.2#43.04
-161.613,71.0773#26.77#30.15#43.08
-161.444,71.0885#26.78#30.1#43.12
-161.275,71.0995#26.79#30.02#43.19
-161.106,71.1103#26.8#29.95#43.25
-160.937,71.121#26.81#29.9#43.29
-160.767,71.1315#26.82#29.9#43.28
-160.598,71.1419#26.84#29.9#43.26
-160.428,71.1521#26.85#29.92#43.23
-160.258,71.1621#26.86#29.98#43.16
-160.087,71.172#26.87#30.03#43.1
-159.917,71.1817#26.88#30.1#43.02
-159.746,71.1912#26.9#30.19#42.91
-159.575,71.2006#26.91#30.27#42.82
-159.404,71.2098#26.92#30.37#42.71
-159.233,71.2188#26.93#30.47#42.6
-159.062,71.2277#26.95#30.56#42.49
-158.891,71.2364#26.96#30.65#42.39
-158.719,71.245#26.97#30.72#42.31
-158.547,71.2533#26.98#30.8#42.22
-158.375,71.2616#26.99#30.86#42.15
-158.203,71.2696#27.01#30.91#42.08
-158.031,71.2775#27.02#30.97#42.01
-157.858,71.2852#27.03#31.01#41.96
-157.686,71.2928#27.05#31.06#41.89
-157.513,71.3002#27.06#31.1#41.84
-157.34,71.3074#27.07#31.15#41.78
-157.167,71.3144#27.09#31.19#41.72
-156.994,71.3213#27.1#31.23#41.67
-156.821,71.328#27.11#31.28#41.61
-156.648,71.3346#27.13#31.32#41.55
-156.474,71.341#27.14#31.36#41.5
-156.301,71.3472#27.15#31.4#41.45
-156.127,71.3532#27.17#31.44#41.39
-155.953,71.3591#27.18#31.49#41.33
-155.779,71.3648#27.19#31.59#41.22
-155.605,71.3704#27.21#31.68#41.11
-155.431,71.3758#27.22#31.78#41
-155.257,71.381#27.24#31.87#40.89
-155.083,71.386#27.25#31.97#40.78
-154.908,71.3909#27.26#32.04#40.7
-154.734,71.3956#27.28#32.08#40.64
-154.559,71.4001#27.29#32.13#40.58
-154.384,71.4044#27.31#32.16#40.53
-154.21,71.4086#27.32#32.19#40.49
-154.035,71.4126#27.34#32.22#40.44
-153.86,71.4165#27.35#32.24#40.41
-153.685,71.4202#27.36#32.26#40.38
-153.51,71.4237#27.38#32.28#40.34
-153.335,71.427#27.39#32.3#40.31
-153.159,71.4302#27.41#32.32#40.27
-152.984,71.4332#27.42#32.34#40.24
-152.809,71.436#27.44#32.36#40.2
-152.633,71.4386#27.45#32.38#40.17
-152.458,71.4411#27.47#32.4#40.13
-152.283,71.4434#27.48#32.42#40.1
-152.107,71.4456#27.5#32.44#40.06
-151.932,71.4476#27.52#32.46#40.02
-151.756,71.4493#27.54#32.48#39.98
-151.58,71.451#27.56#32.5#39.94
-151.405,71.4524#27.6#32.52#39.88
-151.229,71.4537#27.64#32.54#39.82
-151.053,71.4548#27.69#32.56#39.75
-150.878,71.4558#27.76#32.58#39.66
-150.702,71.4565#27.85#32.59#39.56
-150.526,71.4571#27.93#32.61#39.46
-150.35,71.4576#28.06#32.63#39.31
-150.175,71.4578#28.2#32.64#39.16
-149.999,71.4579#28.34#32.65#39.01
-149.823,71.4578#28.68#32.66#38.66
-149.647,71.4576#29.02#32.67#38.31
-149.472,71.4571#29.36#32.68#37.96
-149.296,71.4565#29.7#32.67#37.63
-149.12,71.4558#30.04#32.67#37.29
-148.944,71.4548#30.31#32.66#37.03
-148.769,71.4537#30.44#32.65#36.91
-148.593,71.4524#30.58#32.63#36.79
-148.417,71.451#30.67#32.61#36.72
-148.242,71.4493#30.73#32.59#36.68
-148.066,71.4475#30.78#32.57#36.65
-147.891,71.4456#30.82#32.54#36.64
-147.715,71.4434#30.83#32.52#36.65
-147.54,71.4411#30.85#32.5#36.65
-147.364,71.4386#30.86#32.48#36.66
-147.189,71.436#30.86#32.46#36.68
-147.014,71.4331#30.87#32.44#36.69
-146.838,71.4301#30.87#32.44#36.69
-146.663,71.427#30.86#32.44#36.7
-146.488,71.4236#30.86#32.44#36.7
-146.313,71.4201#30.86#32.46#36.68
-146.138,71.4164#30.85#32.49#36.66
-145.963,71.4126#30.85#32.51#36.64
-145.788,71.4086#30.84#32.56#36.6
-145.614,71.4044#30.84#32.6#36.56
-145.439,71.4#30.84#32.63#36.53
-145.264,71.3955#30.84#32.64#36.52
-145.09,71.3908#30.83#32.65#36.52
-144.915,71.3859#30.83#32.65#36.52
-144.741,71.3809#30.83#32.64#36.53
-144.567,71.3757#30.83#32.63#36.54
-144.393,71.3703#30.84#32.62#36.54
-144.219,71.3648#30.84#32.61#36.55
-144.045,71.3591#30.84#32.61#36.55
-143.871,71.3532#30.85#32.6#36.55
-143.697,71.3471#30.86#32.6#36.54
-143.524,71.3409#30.87#32.6#36.53
-143.35,71.3345#30.88#32.61#36.51
-143.177,71.328#30.89#32.61#36.5
-143.004,71.3212#30.91#32.61#36.48
-142.83,71.3144#30.93#32.61#36.46
-142.658,71.3073#30.95#32.61#36.44
-142.485,71.3001#30.97#32.61#36.42
-142.312,71.2927#31#32.58#36.42
-142.139,71.2851#31.03#32.56#36.41
-141.967,71.2774#31.06#32.53#36.41
-141.795,71.2695#31.11#32.45#36.44
-141.623,71.2615#31.15#32.38#36.47
-141.451,71.2532#31.19#32.27#36.54
-141.279,71.2449#31.24#32.09#36.67
-141.107,71.2363#31.29#31.9#36.81
-140.936,71.2276#31.19#31.68#37.13
-140.765,71.2187#30.83#31.39#37.78
-140.593,71.2097#30.47#31.09#38.44
-140.422,71.2004#30.1#30.69#39.21
-140.252,71.1911#29.7#30.18#40.12
-140.081,71.1815#29.3#29.66#41.04
-139.911,71.1718#29.03#29.14#41.83
-139.74,71.162#28.89#28.62#42.49
-139.57,71.1519#28.74#28.1#43.16
-139.4,71.1417#28.68#27.84#43.48
-139.231,71.1314#28.68#27.76#43.56
-139.061,71.1209#28.68#27.68#43.64
-138.892,71.1102#28.75#27.69#43.56
-138.723,71.0994#28.85#27.75#43.4
-138.554,71.0884#28.96#27.83#43.21
-138.385,71.0772#29.09#27.87#43.04
-138.216,71.0659#29.24#27.9#42.86
-138.048,71.0544#29.39#27.94#42.67
-137.88,71.0428#29.48#28#42.52
-137.712,71.031#29.55#28.08#42.37
-137.544,71.019#29.63#28.15#42.22
-137.377,71.0069#29.69#28.2#42.11
-137.21,70.9946#29.74#28.25#42.01
-137.043,70.9822#29.8#28.3#41.9
-136.876,70.9696#29.84#28.37#41.79
-136.709,70.9568#29.87#28.45#41.68
-136.543,70.9439#29.91#28.53#41.56
-136.377,70.9308#29.93#28.67#41.4
-136.211,70.9176#29.95#28.83#41.22
-136.045,70.9042#29.97#28.98#41.05
-164.656,70.9033#26.57#30.12#43.31
-164.491,70.9174#26.58#30.2#43.22
-164.326,70.9313#26.59#30.24#43.17
-164.16,70.945#26.6#30.28#43.12
