-151.403,66.9003#30.49#34.5#35.01
-151.263,66.9016#30.58#34.42#35
-151.122,66.9028#30.66#34.33#35.01
-150.982,66.9038#30.74#34.24#35.02
-150.842,66.9046#30.81#34.12#35.07
-150.701,66.9054#30.87#34#35.13
-150.561,66.906#30.94#33.88#35.18
-150.42,66.9065#30.99#33.76#35.25
-150.28,66.9068#31.05#33.63#35.32
-150.14,66.907#31.1#33.51#35.39
-149.999,66.9071#31.15#33.38#35.47
-149.859,66.907#31.21#33.32#35.47
-149.718,66.9068#31.26#33.25#35.49
-149.578,66.9065#31.32#33.19#35.49
-149.437,66.906#31.37#33.14#35.49
-149.297,66.9054#31.43#33.12#35.45
-149.157,66.9046#31.48#33.09#35.43
-149.016,66.9038#31.53#33.07#35.4
-148.876,66.9027#31.58#33.06#35.36
-148.735,66.9016#31.62#33.04#35.34
-148.595,66.9003#31.67#33.03#35.3
-154.215,66.9014#28.28#34.89#36.83
-154.075,66.9053#28.29#34.87#36.84
-153.935,66.9092#28.32#34.86#36.82
-153.795,66.9129#28.35#34.84#36.81
-153.654,66.9165#28.39#34.82#36.79
-153.514,66.9199#28.42#34.81#36.77
-153.374,66.9232#28.55#34.8#36.65
-153.234,66.9264#28.68#34.78#36.54
-153.093,66.9294#28.81#34.77#36.42
-152.953,66.9323#28.94#34.76#36.3
-152.812,66.9351#29.09#34.75#36.16
-152.672,66.9377#29.25#34.74#36.01
-152.532,66.9402#29.4#34.73#35.87
-152.391,66.9426#29.54#34.72#35.74
-152.25,66.9448#29.69#34.71#35.6
-152.11,66.9469#29.83#34.7#35.47
-151.969,66.9489#29.97#34.68#35.35
-151.829,66.9507#30.09#34.65#35.26
-151.688,66.9524#30.2#34.62#35.18
-151.547,66.954#30.32#34.58#35.1
-151.407,66.9554#30.41#34.52#35.07
-151.266,66.9567#30.5#34.44#35.06
-151.125,66.9578#30.59#34.36#35.05
-150.984,66.9588#30.67#34.28#35.05
-150.844,66.9597#30.74#34.16#35.1
-150.703,66.9605#30.81#34.05#35.14
-150.562,66.9611#30.87#33.93#35.2
-150.421,66.9615#30.93#33.81#35.26
-150.281,66.9619#30.99#33.68#35.33
-150.14,66.9621#31.04#33.55#35.41
-149.999,66.9622#31.1#33.42#35.48
-149.858,66.9621#31.15#33.35#35.5
-149.718,66.9619#31.21#33.27#35.52
-149.577,66.9615#31.27#33.2#35.53
-149.436,66.9611#31.32#33.15#35.53
-149.295,66.9605#31.38#33.13#35.49
-149.155,66.9597#31.43#33.1#35.47
-149.014,66.9588#31.48#33.07#35.45
-148.873,66.9578#31.53#33.06#35.41
-148.732,66.9567#31.57#33.05#35.38
-148.592,66.9554#31.62#33.04#35.34
-148.451,66.954#31.66#33.03#35.31
-148.31,66.9524#31.7#33.02#35.28
-148.17,66.9507#31.74#33.02#35.24
-148.029,66.9489#31.78#33.01#35.21
-147.888,66.9469#31.81#33.01#35.18
-147.748,66.9448#31.84#33.01#35.15
-147.607,66.9426#31.87#33.01#35.12
-147.467,66.9402#31.9#33#35.1
-147.326,66.9377#31.92#33#35.08
-147.186,66.9351#31.95#33#35.05
-147.045,66.9323#31.98#33#35.02
-146.905,66.9294#32#33#35
-146.765,66.9264#32.02#33#34.98
-146.624,66.9232#32.04#33#34.96
-146.484,66.9199#32.05#33#34.95
-146.344,66.9164#32.06#33#34.94
-146.204,66.9128#32.07#33#34.93
-146.064,66.9091#32.08#33#34.92
-145.923,66.9053#32.1#33#34.9
-145.783,66.9013#32.11#33#34.89
-155.766,66.9035#28.14#35.09#36.77
-155.626,66.909#28.15#35.06#36.79
-155.486,66.9143#28.16#35.04#36.8
-155.346,66.9195#28.17#35.02#36.81
-155.206,66.9246#28.19#35#36.81
-155.066,66.9295#28.2#34.97#36.83
-154.926,66.9343#28.21#34.95#36.84
-154.786,66.939#28.22#34.94#36.84
-154.646,66.9435#28.23#34.92#36.85
-154.506,66.9479#28.25#34.9#36.85
-154.366,66.9522#28.26#34.88#36.86
-154.225,66.9563#28.27#34.86#36.87
-154.085,66.9603#28.28#34.84#36.88
-153.944,66.9641#28.3#34.83#36.87
-153.804,66.9679#28.34#34.81#36.85
-153.663,66.9714#28.38#34.8#36.82
-153.523,66.9749#28.41#34.78#36.81
-153.382,66.9782#28.52#34.77#36.71
-153.242,66.9814#28.64#34.76#36.6
-153.101,66.9844#28.76#34.75#36.49
-152.96,66.9874#28.88#34.74#36.38
-152.819,66.9901#29.03#34.73#36.24
-152.679,66.9928#29.18#34.72#36.1
-152.538,66.9953#29.32#34.71#35.97
-152.397,66.9977#29.47#34.7#35.83
-152.256,66.9999#29.61#34.7#35.69
-152.115,67.002#29.75#34.69#35.56
-151.974,67.004#29.89#34.68#35.43
-151.833,67.0058#30#34.65#35.35
-151.692,67.0075#30.12#34.63#35.25
-151.551,67.009#30.24#34.6#35.16
-151.41,67.0105#30.34#34.54#35.12
-151.269,67.0118#30.43#34.46#35.11
-151.128,67.0129#30.52#34.39#35.09
-150.987,67.0139#30.6#34.31#35.09
-150.846,67.0148#30.67#34.2#35.13
-150.705,67.0156#30.74#34.09#35.17
-150.564,67.0162#30.81#33.99#35.2
-150.422,67.0166#30.87#33.86#35.27
-150.281,67.017#30.93#33.73#35.34
-150.14,67.0172#30.99#33.59#35.42
-149.999,67.0172#31.04#33.45#35.51
-149.858,67.0172#31.1#33.37#35.53
-149.717,67.017#31.16#33.29#35.55
-149.576,67.0166#31.22#33.22#35.56
-149.435,67.0162#31.27#33.16#35.57
-149.294,67.0155#31.33#33.13#35.54
-149.152,67.0148#31.38#33.11#35.51
-149.011,67.0139#31.43#33.08#35.49
-148.87,67.0129#31.48#33.06#35.46
-148.729,67.0117#31.53#33.05#35.42
-148.588,67.0105#31.58#33.04#35.38
-148.447,67.009#31.62#33.03#35.35
-148.306,67.0075#31.66#33.02#35.32
-148.165,67.0058#31.7#33.02#35.28
-148.024,67.0039#31.74#33.01#35.25
-147.883,67.002#31.77#33.01#35.22
-147.742,66.9999#31.8#33.01#35.19
-147.601,66.9976#31.83#33.01#35.16
-147.461,66.9953#31.86#33#35.14
-147.32,66.9927#31.89#33#35.11
-147.179,66.9901#31.92#33#35.08
-147.038,66.9873#31.94#33#35.06
-146.897,66.9844#31.96#33#35.04
-146.757,66.9814#31.98#33#35.02
-146.616,66.9782#32#33#35
-146.475,66.9749#32.02#33#34.98
-146.335,66.9714#32.03#33#34.97
-146.194,66.9678#32.04#33#34.96
-146.054,66.9641#32.05#33#34.95
-145.913,66.9602#32.06#33#34.94
-145.773,66.9562#32.07#33#34.93
-145.633,66.9521#32.08#33#34.92
-145.492,66.9478#32.09#33#34.91
-145.352,66.9434#32.1#33#34.9
-145.212,66.9389#32.12#33#34.88
-145.072,66.9343#32.13#33#34.87
-144.932,66.9295#32.15#32.99#34.86
-144.792,66.9245#32.15#32.96#34.89
-144.652,66.9195#32.16#32.94#34.9
-144.512,66.9143#32.17#32.91#34.92
-144.372,66.9089#32.18#32.81#35.01
-144.233,66.9034#32.2#32.71#35.09
-157.037,66.903#28.02#35.26#36.72
-156.898,66.9097#28.04#35.24#36.72
-156.758,66.9162#28.05#35.21#36.74
-156.619,66.9226#28.06#35.19#36.75
-156.479,66.9289#28.07#35.16#36.77
-156.339,66.9351#28.08#35.14#36.78
-156.2,66.9411#28.09#35.11#36.8
-156.06,66.947#28.1#35.09#36.81
-155.92,66.9527#28.12#35.07#36.81
-155.78,66.9583#28.13#35.04#36.83
-155.64,66.9638#28.14#35.02#36.84
-155.5,66.9692#28.15#35#36.85
-155.359,66.9744#28.16#34.98#36.86
-155.219,66.9794#28.17#34.96#36.87
-155.079,66.9844#28.19#34.94#36.87
-154.938,66.9892#28.2#34.92#36.88
-154.798,66.9939#28.21#34.9#36.89
-154.657,66.9984#28.22#34.88#36.9
-154.517,67.0028#28.23#34.87#36.9
-154.376,67.0071#28.25#34.85#36.9
-154.236,67.0112#28.26#34.83#36.91
-154.095,67.0152#28.27#34.82#36.91
-153.954,67.0191#28.29#34.8#36.91
-153.813,67.0228#28.33#34.79#36.88
-153.672,67.0264#28.36#34.77#36.87
-153.532,67.0299#28.4#34.76#36.84
-153.391,67.0332#28.49#34.75#36.76
-153.25,67.0364#28.6#34.74#36.66
-153.109,67.0395#28.71#34.73#36.56
-152.967,67.0424#28.83#34.72#36.45
-152.826,67.0452#28.97#34.71#36.32
-152.685,67.0478#29.11#34.7#36.19
-152.544,67.0503#29.25#34.69#36.06
-152.403,67.0527#29.39#34.69#35.92
-152.262,67.055#29.53#34.68#35.79
-152.12,67.0571#29.67#34.68#35.65
-151.979,67.059#29.81#34.67#35.52
-151.838,67.0609#29.92#34.65#35.43
-151.696,67.0626#30.04#34.63#35.33
-151.555,67.0641#30.16#34.62#35.22
-151.414,67.0656#30.26#34.56#35.18
-151.272,67.0669#30.35#34.49#35.16
-151.131,67.068#30.44#34.41#35.15
-150.989,67.069#30.53#34.34#35.13
-150.848,67.0699#30.6#34.24#35.16
-150.706,67.0707#30.68#34.14#35.18
-150.565,67.0713#30.75#34.04#35.21
-150.424,67.0717#30.81#33.91#35.28
-150.282,67.0721#30.87#33.77#35.36
-150.141,67.0723#30.93#33.63#35.44
-149.999,67.0724#30.99#33.48#35.53
-149.858,67.0723#31.05#33.4#35.55
-149.716,67.0721#31.11#33.31#35.58
-149.575,67.0717#31.16#33.23#35.61
-149.433,67.0713#31.22#33.17#35.61
-149.292,67.0707#31.28#33.14#35.58
-149.15,67.0699#31.33#33.11#35.56
-149.009,67.069#31.39#33.08#35.53
-148.867,67.068#31.44#33.07#35.49
-148.726,67.0668#31.48#33.05#35.47
-148.585,67.0655#31.53#33.04#35.43
-148.443,67.0641#31.58#33.03#35.39
-148.302,67.0625#31.62#33.02#35.36
-148.161,67.0608#31.66#33.02#35.32
-148.019,67.059#31.7#33.01#35.29
-147.878,67.057#31.73#33.01#35.26
-147.737,67.0549#31.76#33.01#35.23
-147.595,67.0527#31.8#33.01#35.19
-147.454,67.0503#31.83#33.01#35.16
-147.313,67.0478#31.86#33#35.14
-147.172,67.0451#31.88#33#35.12
-147.031,67.0424#31.91#33#35.09
-146.89,67.0394#31.93#33#35.07
-146.749,67.0364#31.95#33#35.05
-146.608,67.0332#31.97#33#35.03
-146.467,67.0299#31.99#33#35.01
-146.326,67.0264#32#33#35
-146.185,67.0228#32.01#33#34.99
-146.044,67.0191#32.01#33#34.99
-145.903,67.0152#32.02#33#34.98
-145.763,67.0112#32.03#33#34.97
-145.622,67.007#32.04#33#34.96
-145.481,67.0028#32.05#33#34.95
-145.341,66.9984#32.07#33#34.93
-145.2,66.9938#32.08#33#34.92
-145.06,66.9891#32.1#33#34.9
-144.919,66.9843#32.11#32.99#34.9
-144.779,66.9794#32.12#32.97#34.91
-144.639,66.9743#32.13#32.94#34.93
-144.499,66.9691#32.14#32.92#34.94
-144.358,66.9637#32.16#32.82#35.02
-144.218,66.9583#32.18#32.71#35.11
-144.078,66.9526#32.19#32.61#35.2
-143.938,66.9469#32.21#32.5#35.29
-143.799,66.941#32.24#32.4#35.36
-143.659,66.935#32.26#32.29#35.45
-143.519,66.9288#32.28#32.19#35.53
-143.379,66.9225#32.31#32.11#35.58
-143.24,66.9161#32.34#32.02#35.64
-143.1,66.9096#32.37#31.94#35.69
-142.961,66.9029#32.4#31.86#35.74
-158.03,66.907#27.93#35.33#36.74
-157.891,66.9147#27.94#35.31#36.75
-157.752,66.9222#27.96#35.3#36.74
-157.613,66.9295#27.97#35.28#36.75
-157.473,66.9368#27.98#35.27#36.75
-157.334,66.9439#27.99#35.25#36.76
-157.194,66.9508#28#35.23#36.77
-157.054,66.9577#28.01#35.21#36.78
-156.915,66.9644#28.02#35.19#36.79
-156.775,66.9709#28.04#35.16#36.8
-156.635,66.9773#28.05#35.14#36.81
-156.495,66.9836#28.06#35.11#36.83
-156.355,66.9898#28.07#35.09#36.84
-156.215,66.9958#28.08#35.07#36.85
-156.075,67.0017#28.09#35.04#36.87
-155.934,67.0075#28.1#35.02#36.88
-155.794,67.0131#28.12#35#36.88
-155.654,67.0186#28.13#34.98#36.89
-155.513,67.024#28.14#34.96#36.9
-155.373,67.0292#28.15#34.94#36.91
-155.232,67.0343#28.16#34.92#36.92
-155.091,67.0393#28.18#34.9#36.92
-154.951,67.0441#28.19#34.88#36.93
-154.81,67.0488#28.2#34.86#36.94
-154.669,67.0533#28.21#34.85#36.94
-154.528,67.0578#28.22#34.83#36.95
-154.387,67.062#28.24#34.82#36.94
-154.246,67.0662#28.25#34.8#36.95
-154.105,67.0702#28.26#34.79#36.95
-153.964,67.0741#28.28#34.77#36.95
-153.823,67.0778#28.31#34.76#36.93
-153.681,67.0814#28.35#34.75#36.9
-153.54,67.0849#28.39#34.74#36.87
-153.399,67.0882#28.47#34.73#36.8
-153.258,67.0914#28.57#34.72#36.71
-153.116,67.0945#28.66#34.71#36.63
-152.975,67.0974#28.77#34.7#36.53
-152.833,67.1002#28.91#34.69#36.4
-152.692,67.1029#29.04#34.68#36.28
-152.55,67.1054#29.18#34.68#36.14
-152.409,67.1078#29.32#34.67#36.01
-152.267,67.11#29.45#34.67#35.88
-152.126,67.1121#29.59#34.67#35.74
-151.984,67.1141#29.72#34.66#35.62
-151.842,67.116#29.84#34.65#35.51
-151.701,67.1177#29.96#34.64#35.4
-151.559,67.1192#30.08#34.63#35.29
-151.417,67.1207#30.18#34.59#35.23
-151.275,67.122#30.28#34.51#35.21
-151.134,67.1231#30.37#34.44#35.19
-150.992,67.1241#30.46#34.37#35.17
-150.85,67.125#30.54#34.27#35.19
-150.708,67.1258#30.61#34.18#35.21
-150.566,67.1264#30.69#34.09#35.22
-150.425,67.1269#30.75#33.97#35.28
-150.283,67.1272#30.81#33.82#35.37
-150.141,67.1274#30.88#33.67#35.45
-149.999,67.1275#30.94#33.52#35.54
-149.857,67.1274#31#33.43#35.57
-149.715,67.1272#31.05#33.33#35.62
-149.574,67.1269#31.11#33.24#35.65
-149.432,67.1264#31.17#33.18#35.65
-149.29,67.1258#31.23#33.15#35.62
-149.148,67.125#31.28#33.12#35.6
-149.006,67.1241#31.34#33.09#35.57
-148.865,67.1231#31.39#33.07#35.54
-148.723,67.1219#31.44#33.06#35.5
-148.581,67.1206#31.49#33.04#35.47
-148.439,67.1192#31.53#33.03#35.44
-148.298,67.1176#31.57#33.03#35.4
-148.156,67.1159#31.62#33.02#35.36
-148.014,67.1141#31.66#33.01#35.33
-147.873,67.1121#31.69#33.01#35.3
-147.731,67.11#31.73#33.01#35.26
-147.59,67.1078#31.76#33.01#35.23
-147.448,67.1054#31.8#33.01#35.19
-147.306,67.1028#31.82#33#35.18
-147.165,67.1002#31.85#33#35.15
-147.023,67.0974#31.88#33#35.12
-146.882,67.0945#31.9#33#35.1
-146.741,67.0914#31.92#33#35.08
-146.599,67.0882#31.94#33#35.06
-146.458,67.0849#31.95#33#35.05
-146.317,67.0814#31.96#33#35.04
-146.176,67.0778#31.97#33#35.03
-146.034,67.074#31.98#33#35.02
-145.893,67.0702#31.99#33#35.01
-145.752,67.0661#32#33#35
-145.611,67.062#32.01#33#34.99
-145.47,67.0577#32.02#33#34.98
-145.329,67.0533#32.03#33#34.97
-145.188,67.0487#32.05#33#34.95
-145.048,67.044#32.06#33#34.94
-144.907,67.0392#32.08#32.99#34.93
-144.766,67.0343#32.09#32.97#34.94
-144.626,67.0292#32.11#32.95#34.94
-144.485,67.0239#32.12#32.93#34.95
-144.345,67.0186#32.14#32.82#35.04
-144.204,67.0131#32.15#32.71#35.14
-144.064,67.0074#32.17#32.61#35.22
-143.924,67.0017#32.19#32.5#35.31
-143.783,66.9958#32.22#32.39#35.39
-143.643,66.9897#32.24#32.29#35.47
-143.503,66.9836#32.27#32.18#35.55
-143.363,66.9773#32.29#32.1#35.61
-143.223,66.9708#32.32#32.02#35.66
-143.083,66.9643#32.35#31.93#35.72
-142.944,66.9576#32.38#31.86#35.76
-142.804,66.9507#32.42#31.8#35.78
-142.665,66.9438#32.45#31.73#35.82
-142.525,66.9367#32.49#31.67#35.84
-142.386,66.9294#32.53#31.64#35.83
-142.246,66.9221#32.57#31.62#35.81
-142.107,66.9146#32.62#31.61#35.77
-141.968,66.9069#32.66#31.6#35.74
-159.023,66.9043#27.84#35.24#36.92
-158.884,66.9129#27.85#35.25#36.9
-158.746,66.9214#27.87#35.26#36.87
-158.607,66.9297#27.88#35.27#36.85
-158.468,66.9378#27.89#35.28#36.83
-158.328,66.9459#27.9#35.27#36.83
-158.189,66.9538#27.91#35.27#36.82
-158.05,66.9616#27.92#35.27#36.81
-157.91,66.9692#27.93#35.26#36.81
-157.771,66.9767#27.94#35.24#36.82
-157.631,66.9841#27.95#35.23#36.82
-157.491,66.9914#27.97#35.22#36.81
-157.352,66.9985#27.98#35.2#36.82
-157.212,67.0055#27.99#35.18#36.83
-157.072,67.0123#28#35.16#36.84
-156.932,67.019#28.01#35.14#36.85
-156.792,67.0256#28.02#35.11#36.87
-156.651,67.0321#28.03#35.09#36.88
-156.511,67.0384#28.05#35.07#36.88
-156.371,67.0446#28.06#35.04#36.9
-156.23,67.0506#28.07#35.02#36.91
-156.09,67.0565#28.08#35#36.92
-155.949,67.0623#28.09#34.98#36.93
-155.808,67.068#28.1#34.96#36.94
-155.668,67.0735#28.12#34.94#36.94
-155.527,67.0788#28.13#34.92#36.95
-155.386,67.0841#28.14#34.9#36.96
-155.245,67.0892#28.15#34.88#36.97
-155.104,67.0942#28.16#34.86#36.98
-154.963,67.099#28.18#34.84#36.98
-154.822,67.1037#28.19#34.83#36.98
-154.681,67.1083#28.2#34.81#36.99
-154.539,67.1127#28.21#34.8#36.99
-154.398,67.117#28.22#34.78#37
-154.257,67.1212#28.24#34.77#36.99
-154.115,67.1252#28.25#34.76#36.99
-153.974,67.1291#28.27#34.74#36.99
-153.832,67.1328#28.3#34.73#36.97
-153.691,67.1364#28.34#34.72#36.94
-153.549,67.1399#28.37#34.71#36.92
-153.407,67.1433#28.45#34.7#36.85
-153.266,67.1465#28.53#34.69#36.78
-153.124,67.1495#28.62#34.68#36.7
-152.982,67.1525#28.72#34.67#36.61
-152.84,67.1553#28.85#34.67#36.48
-152.698,67.1579#28.98#34.66#36.36
-152.557,67.1605#29.12#34.65#36.23
-152.415,67.1629#29.25#34.65#36.1
-152.273,67.1651#29.38#34.65#35.97
-152.131,67.1672#29.51#34.64#35.85
-151.989,67.1692#29.64#34.64#35.72
-151.847,67.1711#29.76#34.63#35.61
-151.705,67.1728#29.88#34.63#35.49
-151.563,67.1743#30#34.62#35.38
-151.421,67.1758#30.1#34.58#35.32
-151.278,67.1771#30.2#34.51#35.29
-151.136,67.1782#30.29#34.44#35.27
-150.994,67.1793#30.39#34.38#35.23
-150.852,67.1801#30.46#34.29#35.25
-150.71,67.1809#30.54#34.2#35.26
-150.568,67.1815#30.61#34.11#35.28
-150.426,67.182#30.68#33.99#35.33
-150.283,67.1823#30.75#33.85#35.4
-150.141,67.1825#30.81#33.7#35.49
-149.999,67.1826#30.87#33.56#35.57
-149.857,67.1825#30.93#33.47#35.6
-149.715,67.1823#30.99#33.37#35.64
-149.573,67.182#31.05#33.27#35.68
-149.43,67.1815#31.11#33.21#35.68
-149.288,67.1809#31.17#33.17#35.66
-149.146,67.1801#31.22#33.13#35.65
-149.004,67.1792#31.28#33.1#35.62
-148.862,67.1782#31.33#33.08#35.59
-148.72,67.1771#31.38#33.06#35.56
-148.578,67.1758#31.43#33.05#35.52
-148.436,67.1743#31.48#33.04#35.48
-148.293,67.1727#31.52#33.03#35.45
-148.151,67.171#31.57#33.02#35.41
-148.009,67.1692#31.61#33.02#35.37
-147.867,67.1672#31.65#33.01#35.34
-147.725,67.1651#31.69#33.01#35.3
-147.584,67.1628#31.72#33.01#35.27
-147.442,67.1604#31.76#33.01#35.23
-147.3,67.1579#31.79#33#35.21
-147.158,67.1552#31.82#33#35.18
-147.016,67.1524#31.85#33#35.15
-146.874,67.1495#31.87#33#35.13
-146.733,67.1464#31.88#33#35.12
-146.591,67.1432#31.9#33#35.1
-146.449,67.1399#31.92#33#35.08
-146.308,67.1364#31.93#33#35.07
-146.166,67.1328#31.93#33#35.07
-146.025,67.129#31.94#33#35.06
-145.883,67.1251#31.95#33#35.05
-145.742,67.1211#31.96#33#35.04
-145.6,67.1169#31.97#33#35.03
-145.459,67.1126#31.98#33#35.02
-145.318,67.1082#32#33#35
-145.177,67.1036#32.01#33#34.99
-145.035,67.0989#32.03#33#34.97
-144.894,67.0941#32.05#32.99#34.96
-144.753,67.0891#32.06#32.98#34.96
-144.612,67.084#32.08#32.97#34.95
-144.471,67.0788#32.1#32.93#34.97
-144.331,67.0734#32.11#32.82#35.07
-144.19,67.0679#32.13#32.72#35.15
-144.049,67.0622#32.15#32.61#35.24
-143.909,67.0565#32.17#32.5#35.33
-143.768,67.0505#32.2#32.39#35.41
-143.628,67.0445#32.22#32.28#35.5
-143.487,67.0383#32.25#32.18#35.57
-143.347,67.032#32.28#32.1#35.62
-143.207,67.0255#32.31#32.02#35.67
-143.066,67.019#32.33#31.93#35.74
-142.926,67.0122#32.37#31.86#35.77
-142.786,67.0054#32.4#31.8#35.8
-142.647,66.9984#32.44#31.74#35.82
-142.507,66.9913#32.47#31.67#35.86
-142.367,66.984#32.51#31.64#35.85
-142.227,66.9767#32.55#31.62#35.83
-142.088,66.9691#32.59#31.59#35.82
-141.948,66.9615#32.64#31.59#35.77
-141.809,66.9537#32.68#31.62#35.7
-141.67,66.9458#32.72#31.65#35.63
-141.531,66.9377#32.77#31.67#35.56
-141.392,66.9296#32.82#31.74#35.44
-141.253,66.9212#32.87#31.81#35.32
-141.114,66.9128#32.93#31.88#35.19
-140.975,66.9042#33#31.96#35.04
-159.877,66.9044#27.77#35#37.23
-159.739,66.9138#27.78#35.03#37.19
-159.6,66.923#27.79#35.07#37.14
-159.462,66.9322#27.8#35.1#37.1
-159.323,66.9412#27.81#35.12#37.07
-159.184,66.95#27.82#35.15#37.03
-159.045,66.9587#27.83#35.17#37
-158.906,66.9673#27.84#35.19#36.97
-158.767,66.9758#27.85#35.2#36.95
-158.628,66.9841#27.86#35.21#36.93
-158.488,66.9923#27.87#35.22#36.91
-158.349,67.0004#27.89#35.21#36.9
-158.209,67.0083#27.9#35.21#36.89
-158.07,67.0161#27.91#35.21#36.88
-157.93,67.0238#27.92#35.2#36.88
-157.79,67.0313#27.93#35.19#36.88
-157.65,67.0387#27.94#35.17#36.89
-157.51,67.046#27.95#35.16#36.89
-157.37,67.0531#27.97#35.14#36.89
-157.23,67.0601#27.98#35.12#36.9
-157.089,67.067#27.99#35.11#36.9
-156.949,67.0737#28#35.09#36.91
-156.808,67.0804#28.01#35.06#36.93
-156.668,67.0868#28.02#35.04#36.94
-156.527,67.0931#28.03#35.02#36.95
-156.386,67.0993#28.05#35#36.95
-156.246,67.1054#28.06#34.98#36.96
-156.105,67.1113#28.07#34.95#36.98
-155.964,67.1171#28.08#34.93#36.99
-155.823,67.1228#28.09#34.91#37
-155.682,67.1283#28.1#34.89#37.01
-155.54,67.1337#28.12#34.88#37
-155.399,67.139#28.13#34.86#37.01
-155.258,67.1441#28.14#34.84#37.02
-155.117,67.1491#28.15#34.82#37.03
-154.975,67.1539#28.16#34.8#37.04
-154.834,67.1586#28.18#34.79#37.03
-154.692,67.1632#28.19#34.77#37.04
-154.55,67.1677#28.2#34.76#37.04
-154.409,67.172#28.21#34.75#37.04
-154.267,67.1761#28.22#34.73#37.05
-154.125,67.1802#28.24#34.72#37.04
-153.984,67.1841#28.25#34.71#37.04
-153.842,67.1878#28.29#34.7#37.01
-153.7,67.1914#28.32#34.69#36.99
-153.558,67.1949#28.35#34.68#36.97
-153.416,67.1983#28.42#34.67#36.91
-153.274,67.2015#28.5#34.66#36.84
-153.132,67.2046#28.59#34.65#36.76
-152.99,67.2075#28.67#34.64#36.69
-152.847,67.2103#28.8#34.63#36.57
-152.705,67.213#28.93#34.63#36.44
-152.563,67.2155#29.06#34.62#36.32
-152.421,67.2179#29.18#34.62#36.2
-152.278,67.2202#29.31#34.62#36.07
-152.136,67.2223#29.44#34.62#35.94
-151.994,67.2243#29.57#34.62#35.81
-151.851,67.2262#29.69#34.61#35.7
-151.709,67.2279#29.8#34.6#35.6
-151.567,67.2295#29.92#34.6#35.48
-151.424,67.2309#30.02#34.56#35.42
-151.282,67.2322#30.12#34.5#35.38
-151.139,67.2334#30.22#34.45#35.33
-150.997,67.2344#30.31#34.39#35.3
-150.854,67.2353#30.39#34.3#35.31
-150.712,67.236#30.46#34.21#35.33
-150.569,67.2366#30.54#34.12#35.34
-150.427,67.2371#30.61#34.01#35.38
-150.284,67.2375#30.68#33.88#35.44
-150.142,67.2377#30.74#33.74#35.52
-149.999,67.2377#30.81#33.61#35.58
-149.857,67.2377#30.87#33.51#35.62
-149.714,67.2375#30.93#33.4#35.67
-149.572,67.2371#30.99#33.3#35.71
-149.429,67.2366#31.05#33.23#35.72
-149.286,67.236#31.11#33.19#35.7
-149.144,67.2353#31.17#33.15#35.68
-149.001,67.2344#31.22#33.1#35.68
-148.859,67.2333#31.28#33.09#35.63
-148.717,67.2322#31.33#33.07#35.6
-148.574,67.2309#31.38#33.05#35.57
-148.432,67.2294#31.43#33.04#35.53
-148.289,67.2279#31.47#33.03#35.5
-148.147,67.2261#31.52#33.02#35.46
-148.004,67.2243#31.56#33.02#35.42
-147.862,67.2223#31.6#33.01#35.39
-147.72,67.2202#31.64#33.01#35.35
-147.578,67.2179#31.68#33.01#35.31
-147.435,67.2155#31.71#33.01#35.28
-147.293,67.213#31.74#33.01#35.25
-147.151,67.2103#31.78#33#35.22
-147.009,67.2075#31.81#33#35.19
-146.867,67.2046#31.82#33#35.18
-146.724,67.2015#31.84#33#35.16
-146.582,67.1983#31.86#33#35.14
-146.44,67.1949#31.87#33#35.13
-146.298,67.1914#31.88#33#35.12
-146.157,67.1878#31.89#33#35.11
-146.015,67.184#31.9#33#35.1
-145.873,67.1801#31.91#33#35.09
-145.731,67.1761#31.92#33#35.08
-145.589,67.1719#31.93#33#35.07
-145.448,67.1676#31.94#33#35.06
-145.306,67.1632#31.95#33#35.05
-145.165,67.1586#31.97#33#35.03
-145.023,67.1539#31.99#33#35.01
-144.882,67.149#32.01#32.99#35
-144.74,67.144#32.03#32.98#34.99
-144.599,67.1389#32.05#32.98#34.97
-144.458,67.1336#32.07#32.94#34.99
-144.317,67.1283#32.09#32.83#35.08
-144.176,67.1227#32.11#32.72#35.17
-144.034,67.1171#32.13#32.61#35.26
-143.894,67.1113#32.15#32.5#35.35
-143.753,67.1053#32.18#32.39#35.43
-143.612,67.0993#32.2#32.28#35.52
-143.471,67.0931#32.23#32.17#35.6
-143.33,67.0867#32.26#32.09#35.65
-143.19,67.0803#32.29#32.01#35.7
-143.049,67.0737#32.32#31.93#35.75
-142.909,67.0669#32.35#31.86#35.79
-142.769,67.0601#32.38#31.8#35.82
-142.628,67.0531#32.42#31.74#35.84
-142.488,67.0459#32.45#31.67#35.88
-142.348,67.0386#32.49#31.64#35.87
-142.208,67.0312#32.53#31.61#35.86
-142.068,67.0237#32.57#31.58#35.85
-141.929,67.016#32.62#31.58#35.8
-141.789,67.0082#32.66#31.6#35.74
-141.649,67.0003#32.7#31.63#35.67
-141.51,66.9922#32.75#31.66#35.59
-141.371,66.984#32.8#31.72#35.48
-141.231,66.9757#32.85#31.78#35.37
-141.092,66.9672#32.9#31.85#35.25
-140.953,66.9586#32.96#31.92#35.12
-140.814,66.9499#33.04#31.99#34.97
-140.675,66.941#33.12#32.07#34.81
-140.537,66.9321#33.2#32.14#34.66
-140.398,66.9229#33.28#32.17#34.55
-140.259,66.9137#33.36#32.19#34.45
-140.121,66.9043#33.45#32.21#34.34
-160.593,66.9097#27.7#34.73#37.57
-160.455,66.9197#27.71#34.77#37.52
-160.317,66.9297#27.72#34.81#37.47
-160.178,66.9395#27.73#34.85#37.42
-160.04,66.9491#27.74#34.88#37.38
-159.901,66.9587#27.75#34.92#37.33
-159.763,66.9681#27.76#34.95#37.29
-159.624,66.9774#27.77#34.99#37.24
-159.485,66.9865#27.79#35.02#37.19
-159.346,66.9955#27.8#35.05#37.15
-159.207,67.0044#27.81#35.07#37.12
-159.067,67.0131#27.82#35.1#37.08
-158.928,67.0218#27.83#35.12#37.05
-158.788,67.0303#27.84#35.13#37.03
-158.649,67.0386#27.85#35.14#37.01
-158.509,67.0468#27.86#35.15#36.99
-158.369,67.0549#27.87#35.15#36.98
-158.229,67.0629#27.89#35.15#36.96
-158.089,67.0707#27.9#35.15#36.95
-157.949,67.0784#27.91#35.14#36.95
-157.809,67.0859#27.92#35.13#36.95
-157.669,67.0934#27.93#35.12#36.95
-157.528,67.1006#27.94#35.11#36.95
-157.388,67.1078#27.95#35.09#36.96
-157.247,67.1148#27.96#35.07#36.97
-157.107,67.1217#27.98#35.05#36.97
-156.966,67.1285#27.99#35.04#36.97
-156.825,67.1351#28#35.01#36.99
-156.684,67.1416#28.01#34.99#37
-156.543,67.1479#28.02#34.97#37.01
-156.402,67.1541#28.03#34.95#37.02
-156.261,67.1602#28.05#34.93#37.02
-156.12,67.1662#28.06#34.91#37.03
-155.979,67.172#28.07#34.89#37.04
-155.837,67.1776#28.08#34.87#37.05
-155.696,67.1832#28.09#34.85#37.06
-155.554,67.1886#28.1#34.83#37.07
-155.413,67.1939#28.12#34.81#37.07
-155.271,67.199#28.13#34.79#37.08
-155.129,67.204#28.14#34.78#37.08
-154.987,67.2088#28.15#34.76#37.09
-154.846,67.2136#28.16#34.75#37.09
-154.704,67.2182#28.17#34.73#37.1
-154.562,67.2226#28.19#34.72#37.09
-154.42,67.2269#28.2#34.71#37.09
-154.278,67.2311#28.21#34.69#37.1
-154.136,67.2352#28.22#34.68#37.1
-153.993,67.2391#28.24#34.67#37.09
-153.851,67.2428#28.27#34.66#37.07
-153.709,67.2465#28.3#34.65#37.05
-153.567,67.25#28.34#34.64#37.02
-153.424,67.2533#28.39#34.63#36.98
-153.282,67.2566#28.47#34.62#36.91
-153.139,67.2596#28.55#34.62#36.83
-152.997,67.2626#28.63#34.61#36.76
-152.854,67.2654#28.75#34.6#36.65
-152.712,67.2681#28.88#34.6#36.52
-152.569,67.2706#29#34.59#36.41
-152.427,67.273#29.12#34.59#36.29
-152.284,67.2753#29.24#34.59#36.17
-152.141,67.2774#29.37#34.59#36.04
-151.999,67.2794#29.5#34.59#35.91
-151.856,67.2813#29.61#34.59#35.8
-151.713,67.283#29.73#34.58#35.69
-151.57,67.2846#29.84#34.58#35.58
-151.428,67.286#29.95#34.55#35.5
-151.285,67.2873#30.04#34.5#35.46
-151.142,67.2885#30.14#34.45#35.41
-150.999,67.2895#30.23#34.39#35.38
-150.856,67.2904#30.31#34.31#35.38
-150.713,67.2912#30.39#34.23#35.38
-150.571,67.2918#30.47#34.14#35.39
-150.428,67.2923#30.54#34.03#35.43
-150.285,67.2926#30.61#33.91#35.48
-150.142,67.2928#30.68#33.78#35.54
-149.999,67.2929#30.74#33.65#35.61
-149.856,67.2928#30.8#33.55#35.65
-149.713,67.2926#30.87#33.44#35.69
-149.57,67.2923#30.93#33.33#35.74
-149.428,67.2918#30.99#33.25#35.76
-149.285,67.2912#31.05#33.21#35.74
-149.142,67.2904#31.11#33.16#35.73
-148.999,67.2895#31.17#33.11#35.72
-148.856,67.2885#31.22#33.09#35.69
-148.713,67.2873#31.27#33.07#35.66
-148.571,67.286#31.33#33.06#35.61
-148.428,67.2846#31.38#33.04#35.58
-148.285,67.283#31.42#33.03#35.55
-148.142,67.2813#31.47#33.03#35.5
-148,67.2794#31.51#33.02#35.47
-147.857,67.2774#31.55#33.02#35.43
-147.714,67.2753#31.59#33.01#35.4
-147.572,67.273#31.63#33.01#35.36
-147.429,67.2706#31.67#33.01#35.32
-147.286,67.2681#31.7#33.01#35.29
-147.144,67.2654#31.73#33#35.27
-147.001,67.2626#31.77#33#35.23
-146.859,67.2596#31.78#33#35.22
-146.716,67.2565#31.8#33#35.2
-146.574,67.2533#31.82#33#35.18
-146.432,67.2499#31.83#33#35.17
-146.289,67.2464#31.84#33#35.16
-146.147,67.2428#31.85#33#35.15
-146.005,67.239#31.86#33#35.14
-145.863,67.2351#31.87#33#35.13
-145.721,67.2311#31.87#33#35.13
-145.578,67.2269#31.88#33#35.12
-145.436,67.2226#31.89#33#35.11
-145.294,67.2181#31.91#33#35.09
-145.153,67.2135#31.93#33#35.07
-145.011,67.2088#31.94#33#35.06
-144.869,67.2039#31.97#32.99#35.04
-144.727,67.1989#31.99#32.98#35.03
-144.586,67.1938#32.01#32.97#35.02
-144.444,67.1885#32.03#32.93#35.04
-144.303,67.1831#32.06#32.82#35.12
-144.161,67.1776#32.08#32.72#35.2
-144.02,67.1719#32.1#32.61#35.29
-143.878,67.1661#32.13#32.5#35.37
-143.737,67.1601#32.15#32.39#35.46
-143.596,67.1541#32.18#32.27#35.55
-143.455,67.1478#32.21#32.17#35.62
-143.314,67.1415#32.24#32.09#35.67
-143.173,67.135#32.27#32.01#35.72
-143.032,67.1284#32.3#31.93#35.77
-142.892,67.1216#32.33#31.87#35.8
-142.751,67.1147#32.37#31.8#35.83
-142.61,67.1077#32.4#31.74#35.86
-142.47,67.1006#32.44#31.68#35.88
-142.329,67.0933#32.47#31.64#35.89
-142.189,67.0858#32.51#31.6#35.89
-142.049,67.0783#32.55#31.56#35.89
-141.909,67.0706#32.6#31.56#35.84
-141.769,67.0628#32.64#31.59#35.77
-141.629,67.0548#32.68#31.61#35.71
-141.489,67.0467#32.73#31.64#35.63
-141.349,67.0385#32.77#31.7#35.53
-141.21,67.0301#32.82#31.76#35.42
-141.07,67.0217#32.87#31.82#35.31
-140.931,67.013#32.92#31.89#35.19
-140.792,67.0043#32.99#31.96#35.05
-140.652,66.9954#33.05#32.04#34.91
-140.513,66.9864#33.13#32.11#34.76
-140.374,66.9772#33.19#32.14#34.67
-140.236,66.968#33.26#32.16#34.58
-140.097,66.9586#33.34#32.19#34.47
-139.958,66.949#33.42#32.2#34.38
-139.82,66.9393#33.54#32.21#34.25
-139.681,66.9295#33.66#32.21#34.13
-139.543,66.9196#33.78#32.21#34.01
-139.405,66.9095#33.9#32.21#33.89
-161.447,66.9006#27.62#34.38#38
-161.309,66.9114#27.63#34.42#37.95
-161.172,66.9222#27.64#34.46#37.9
-161.034,66.9328#27.65#34.5#37.85
-160.896,66.9433#27.67#34.55#37.78
-160.757,66.9536#27.68#34.59#37.73
-160.619,66.9638#27.69#34.63#37.68
-160.481,66.9739#27.7#34.68#37.62
-160.342,66.9839#27.71#34.72#37.57
-160.203,66.9937#27.72#34.76#37.52
-160.065,67.0034#27.73#34.8#37.47
-159.926,67.0129#27.74#34.84#37.42
-159.787,67.0224#27.75#34.87#37.38
-159.647,67.0317#27.76#34.91#37.33
-159.508,67.0408#27.77#34.95#37.28
-159.369,67.0499#27.78#34.97#37.25
-159.229,67.0588#27.8#35#37.2
-159.09,67.0676#27.81#35.03#37.16
-158.95,67.0762#27.82#35.05#37.13
-158.81,67.0847#27.83#35.06#37.11
-158.67,67.0931#27.84#35.08#37.08
-158.53,67.1013#27.85#35.09#37.06
-158.39,67.1094#27.86#35.09#37.05
-158.25,67.1174#27.87#35.09#37.04
-158.109,67.1253#27.88#35.09#37.03
-157.969,67.133#27.9#35.09#37.01
-157.828,67.1405#27.91#35.07#37.02
-157.688,67.148#27.92#35.06#37.02
-157.547,67.1553#27.93#35.05#37.02
-157.406,67.1625#27.94#35.03#37.03
-157.265,67.1695#27.95#35.02#37.03
-157.124,67.1764#27.96#35#37.04
-156.983,67.1832#27.97#34.98#37.05
-156.842,67.1898#27.99#34.96#37.05
-156.701,67.1963#28#34.94#37.06
-156.559,67.2027#28.01#34.92#37.07
-156.418,67.2089#28.02#34.9#37.08
-156.277,67.215#28.03#34.88#37.09
-156.135,67.221#28.04#34.86#37.1
-155.993,67.2268#28.06#34.84#37.1
-155.852,67.2325#28.07#34.82#37.11
-155.71,67.238#28.08#34.8#37.12
-155.568,67.2435#28.09#34.79#37.12
-155.426,67.2487#28.1#34.77#37.13
-155.284,67.2539#28.11#34.75#37.14
-155.142,67.2589#28.13#34.73#37.14
-155,67.2638#28.14#34.72#37.14
-154.858,67.2685#28.15#34.71#37.14
-154.715,67.2731#28.16#34.69#37.15
-154.573,67.2776#28.17#34.68#37.15
-154.431,67.2819#28.19#34.67#37.14
-154.288,67.2861#28.2#34.66#37.14
-154.146,67.2902#28.21#34.65#37.14
-154.003,67.2941#28.22#34.63#37.15
-153.861,67.2979#28.25#34.62#37.13
-153.718,67.3015#28.29#34.62#37.09
-153.576,67.305#28.32#34.61#37.07
-153.433,67.3084#28.37#34.6#37.03
-153.29,67.3116#28.44#34.59#36.97
-153.147,67.3147#28.52#34.58#36.9
-153.004,67.3177#28.59#34.58#36.83
-152.862,67.3205#28.71#34.57#36.72
-152.719,67.3232#28.82#34.57#36.61
-152.576,67.3257#28.94#34.57#36.49
-152.433,67.3281#29.05#34.56#36.39
-152.29,67.3304#29.18#34.56#36.26
-152.147,67.3326#29.3#34.56#36.14
-152.004,67.3346#29.42#34.56#36.02
-151.861,67.3364#29.53#34.56#35.91
-151.718,67.3381#29.65#34.56#35.79
-151.574,67.3397#29.76#34.56#35.68
-151.431,67.3412#29.87#34.53#35.6
-151.288,67.3425#29.96#34.49#35.55
-151.145,67.3436#30.06#34.45#35.49
-151.002,67.3447#30.16#34.4#35.44
-150.858,67.3456#30.24#34.32#35.44
-150.715,67.3463#30.32#34.24#35.44
-150.572,67.347#30.4#34.16#35.44
-150.429,67.3474#30.47#34.06#35.47
-150.286,67.3478#30.54#33.94#35.52
-150.142,67.348#30.61#33.82#35.57
-149.999,67.3481#30.68#33.7#35.62
-149.856,67.348#30.74#33.59#35.67
-149.713,67.3478#30.8#33.47#35.73
-149.569,67.3474#30.87#33.36#35.77
-149.426,67.3469#30.93#33.28#35.79
-149.283,67.3463#30.99#33.23#35.78
-149.14,67.3456#31.05#33.17#35.78
-148.997,67.3447#31.11#33.12#35.77
-148.853,67.3436#31.16#33.1#35.74
-148.71,67.3425#31.22#33.08#35.7
-148.567,67.3411#31.27#33.06#35.67
-148.424,67.3397#31.32#33.05#35.63
-148.281,67.3381#31.37#33.04#35.59
-148.138,67.3364#31.42#33.03#35.55
-147.995,67.3345#31.47#33.02#35.51
-147.851,67.3325#31.51#33.02#35.47
-147.708,67.3304#31.55#33.01#35.44
-147.565,67.3281#31.59#33.01#35.4
-147.422,67.3257#31.63#33.01#35.36
-147.28,67.3232#31.66#33.01#35.33
-147.137,67.3205#31.69#33#35.31
-146.994,67.3176#31.73#33#35.27
-146.851,67.3147#31.74#33#35.26
-146.708,67.3116#31.76#33#35.24
-146.565,67.3083#31.78#33#35.22
-146.423,67.305#31.79#33#35.21
-146.28,67.3015#31.8#33#35.2
-146.137,67.2978#31.81#33#35.19
-145.995,67.294#31.81#33#35.19
-145.852,67.2901#31.82#33#35.18
-145.71,67.2861#31.83#33#35.17
-145.567,67.2819#31.84#33#35.16
-145.425,67.2775#31.85#33#35.15
-145.283,67.2731#31.87#33#35.13
-145.141,67.2685#31.88#33#35.12
-144.998,67.2637#31.9#33#35.1
-144.856,67.2588#31.92#32.99#35.09
-144.714,67.2538#31.95#32.98#35.07
-144.572,67.2487#31.97#32.97#35.06
-144.43,67.2434#32#32.92#35.08
-144.288,67.238#32.02#32.82#35.16
-144.147,67.2324#32.05#32.72#35.23
-144.005,67.2267#32.07#32.62#35.31
-143.863,67.2209#32.1#32.5#35.4
-143.722,67.2149#32.12#32.39#35.49
-143.58,67.2088#32.15#32.28#35.57
-143.439,67.2026#32.18#32.18#35.64
-143.297,67.1962#32.21#32.1#35.69
-143.156,67.1897#32.24#32.02#35.74
-143.015,67.1831#32.27#31.94#35.79
-142.874,67.1763#32.31#31.87#35.82
-142.733,67.1694#32.34#31.8#35.86
-142.592,67.1624#32.38#31.74#35.88
-142.451,67.1552#32.41#31.68#35.91
-142.31,67.1479#32.45#31.63#35.92
-142.17,67.1405#32.49#31.59#35.92
-142.029,67.1329#32.53#31.54#35.93
-141.889,67.1252#32.57#31.55#35.88
-141.749,67.1173#32.62#31.57#35.81
-141.608,67.1093#32.66#31.59#35.75
-141.468,67.1012#32.71#31.62#35.67
-141.328,67.093#32.75#31.68#35.57
-141.188,67.0846#32.79#31.73#35.48
-141.048,67.0761#32.83#31.78#35.39
-140.909,67.0675#32.88#31.85#35.27
-140.769,67.0587#32.93#31.93#35.14
-140.63,67.0498#32.99#32.01#35
-140.49,67.0407#33.05#32.08#34.87
-140.351,67.0316#33.1#32.11#34.79
-140.212,67.0223#33.16#32.14#34.7
-140.073,67.0128#33.22#32.17#34.61
-139.934,67.0033#33.31#32.18#34.51
-139.795,66.9936#33.42#32.19#34.39
-139.656,66.9837#33.54#32.19#34.27
-139.518,66.9738#33.66#32.19#34.15
-139.379,66.9637#33.77#32.19#34.04
-139.241,66.9535#33.89#32.2#33.91
-139.103,66.9431#34#32.2#33.8
-138.965,66.9326#34.12#32.2#33.68
-138.827,66.922#34.24#32.2#33.56
-138.689,66.9113#34.36#32.2#33.44
-138.551,66.9004#34.49#32.2#33.31
-162.026,66.9097#27.57#34.13#38.3
-161.888,66.9211#27.58#34.16#38.26
-161.751,66.9324#27.59#34.2#38.21
-161.613,66.9435#27.6#34.23#38.17
-161.475,66.9546#27.61#34.27#38.12
-161.337,66.9654#27.62#34.31#38.07
-161.199,66.9762#27.63#34.35#38.02
-161.061,66.9868#27.64#34.4#37.96
-160.922,66.9974#27.65#34.44#37.91
-160.784,67.0077#27.66#34.49#37.85
-160.645,67.018#27.67#34.54#37.79
-160.506,67.0281#27.68#34.58#37.74
-160.367,67.0381#27.7#34.63#37.67
-160.228,67.0479#27.71#34.67#37.62
-160.089,67.0576#27.72#34.71#37.57
-159.95,67.0672#27.73#34.75#37.52
-159.811,67.0767#27.74#34.79#37.47
-159.671,67.086#27.75#34.83#37.42
-159.532,67.0952#27.76#34.87#37.37
-159.392,67.1043#27.77#34.9#37.33
-159.252,67.1132#27.78#34.93#37.29
-159.112,67.122#27.79#34.96#37.25
-158.972,67.1307#27.81#34.98#37.21
-158.832,67.1392#27.82#35#37.18
-158.692,67.1476#27.83#35.01#37.16
-158.551,67.1558#27.84#35.02#37.14
-158.411,67.164#27.85#35.03#37.12
-158.27,67.172#27.86#35.03#37.11
-158.129,67.1798#27.87#35.03#37.1
-157.989,67.1876#27.88#35.03#37.09
-157.848,67.1952#27.89#35.02#37.09
-157.707,67.2026#27.9#35#37.1
-157.566,67.2099#27.92#34.99#37.09
-157.425,67.2171#27.93#34.98#37.09
-157.283,67.2242#27.94#34.96#37.1
-157.142,67.2311#27.95#34.95#37.1
-157.001,67.2379#27.96#34.93#37.11
-156.859,67.2446#27.97#34.91#37.12
-156.717,67.2511#27.98#34.89#37.13
-156.576,67.2575#28#34.87#37.13
-156.434,67.2637#28.01#34.85#37.14
-156.292,67.2698#28.02#34.83#37.15
-156.15,67.2758#28.03#34.81#37.16
-156.008,67.2816#28.04#34.79#37.17
-155.866,67.2874#28.05#34.77#37.18
-155.724,67.2929#28.07#34.76#37.17
-155.582,67.2984#28.08#34.74#37.18
-155.44,67.3037#28.09#34.72#37.19
-155.297,67.3088#28.1#34.71#37.19
-155.155,67.3138#28.11#34.69#37.2
-155.012,67.3187#28.12#34.68#37.2
-154.87,67.3235#28.14#34.66#37.2
-154.727,67.3281#28.15#34.65#37.2
-154.585,67.3326#28.16#34.64#37.2
-154.442,67.3369#28.17#34.63#37.2
-154.299,67.3411#28.19#34.62#37.19
-154.156,67.3452#28.2#34.61#37.19
-154.013,67.3491#28.21#34.6#37.19
-153.87,67.3529#28.24#34.59#37.17
-153.727,67.3566#28.27#34.58#37.15
-153.584,67.3601#28.3#34.57#37.13
-153.441,67.3635#28.34#34.57#37.09
-153.298,67.3667#28.41#34.56#37.03
-153.155,67.3698#28.48#34.55#36.97
-153.012,67.3728#28.55#34.54#36.91
-152.869,67.3756#28.66#34.54#36.8
-152.725,67.3783#28.77#34.54#36.69
-152.582,67.3808#28.88#34.54#36.58
-152.439,67.3833#28.99#34.54#36.47
-152.296,67.3855#29.11#34.54#36.35
-152.152,67.3877#29.23#34.54#36.23
-152.009,67.3897#29.35#34.54#36.11
-151.865,67.3916#29.46#34.54#36
-151.722,67.3933#29.57#34.54#35.89
-151.578,67.3949#29.68#34.54#35.78
-151.435,67.3963#29.79#34.52#35.69
-151.291,67.3976#29.89#34.48#35.63
-151.148,67.3988#29.98#34.45#35.57
-151.004,67.3998#30.08#34.41#35.51
-150.861,67.4007#30.16#34.33#35.51
-150.717,67.4015#30.24#34.25#35.51
-150.573,67.4021#30.32#34.17#35.51
-150.43,67.4026#30.4#34.08#35.52
-150.286,67.4029#30.47#33.97#35.56
-150.143,67.4032#30.54#33.85#35.61
-149.999,67.4032#30.61#33.74#35.65
-149.856,67.4032#30.68#33.63#35.69
-149.712,67.4029#30.74#33.51#35.75
-149.568,67.4026#30.8#33.39#35.81
-149.425,67.4021#30.87#33.3#35.83
-149.281,67.4015#30.93#33.25#35.82
-149.138,67.4007#30.99#33.19#35.82
-148.994,67.3998#31.05#33.13#35.82
-148.85,67.3988#31.11#33.11#35.78
-148.707,67.3976#31.16#33.09#35.75
-148.563,67.3963#31.22#33.06#35.72
-148.42,67.3948#31.27#33.05#35.68
-148.276,67.3933#31.32#33.04#35.64
-148.133,67.3915#31.37#33.03#35.6
-147.989,67.3897#31.42#33.02#35.56
-147.846,67.3877#31.46#33.02#35.52
-147.703,67.3855#31.5#33.01#35.49
-147.559,67.3832#31.55#33.01#35.44
-147.416,67.3808#31.58#33.01#35.41
-147.273,67.3783#31.62#33.01#35.37
-147.129,67.3756#31.65#33#35.35
-146.986,67.3727#31.69#33#35.31
-146.843,67.3698#31.7#33#35.3
-146.7,67.3667#31.72#33#35.28
-146.557,67.3634#31.74#33#35.26
-146.414,67.36#31.75#33#35.25
-146.271,67.3565#31.76#33#35.24
-146.128,67.3529#31.76#33#35.24
-145.985,67.3491#31.77#33#35.23
-145.842,67.3451#31.78#33#35.22
-145.699,67.3411#31.79#33#35.21
-145.556,67.3369#31.8#33#35.2
-145.414,67.3325#31.81#33#35.19
-145.271,67.328#31.82#33#35.18
-145.128,67.3234#31.84#33#35.16
-144.986,67.3187#31.85#33#35.15
-144.843,67.3138#31.88#32.99#35.13
-144.701,67.3087#31.91#32.98#35.11
-144.559,67.3036#31.93#32.97#35.1
-144.416,67.2983#31.96#32.91#35.13
-144.274,67.2929#31.99#32.81#35.2
-144.132,67.2873#32.01#32.72#35.27
-143.99,67.2816#32.04#32.62#35.34
-143.848,67.2757#32.07#32.51#35.42
-143.706,67.2698#32.1#32.39#35.51
-143.564,67.2636#32.12#32.28#35.6
-143.422,67.2574#32.15#32.18#35.67
-143.281,67.251#32.18#32.1#35.72
-143.139,67.2445#32.22#32.02#35.76
-142.998,67.2378#32.25#31.94#35.81
-142.856,67.231#32.28#31.87#35.85
-142.715,67.2241#32.32#31.8#35.88
-142.574,67.2171#32.35#31.74#35.91
-142.433,67.2099#32.39#31.68#35.93
-142.291,67.2025#32.43#31.64#35.93
-142.15,67.1951#32.47#31.59#35.94
-142.01,67.1875#32.51#31.54#35.95
-141.869,67.1797#32.55#31.55#35.9
-141.728,67.1719#32.59#31.57#35.84
-141.588,67.1639#32.64#31.58#35.78
-141.447,67.1557#32.68#31.61#35.71
-141.307,67.1475#32.72#31.66#35.62
-141.166,67.1391#32.76#31.7#35.54
-141.026,67.1305#32.8#31.75#35.45
-140.886,67.1219#32.83#31.82#35.35
-140.746,67.1131#32.87#31.9#35.23
-140.606,67.1042#32.92#31.98#35.1
-140.467,67.0951#32.96#32.05#34.99
-140.327,67.0859#33.01#32.08#34.91
-140.188,67.0766#33.05#32.11#34.84
-140.048,67.0671#33.1#32.14#34.76
-139.909,67.0575#33.19#32.16#34.65
-139.77,67.0478#33.31#32.16#34.53
-139.631,67.0379#33.42#32.17#34.41
-139.492,67.028#33.53#32.18#34.29
-139.353,67.0178#33.65#32.18#34.17
-139.215,67.0076#33.76#32.18#34.06
-139.076,66.9972#33.88#32.18#33.94
-138.938,66.9867#33.99#32.18#33.83
-138.799,66.9761#34.11#32.18#33.71
-138.661,66.9653#34.23#32.19#33.58
-138.523,66.9544#34.35#32.19#33.46
-138.385,66.9434#34.48#32.19#33.33
-138.248,66.9322#34.61#32.18#33.21
-138.11,66.9209#34.74#32.18#33.08
-137.973,66.9095#34.88#32.18#32.94
-162.741,66.9044#27.5#33.81#38.69
-162.604,66.9165#27.51#33.85#38.64
-162.467,66.9285#27.53#33.89#38.58
-162.33,66.9403#27.54#33.93#38.53
-162.192,66.952#27.55#33.97#38.48
-162.055,66.9636#27.56#34.01#38.43
-161.917,66.975#27.57#34.04#38.39
-161.779,66.9863#27.58#34.08#38.34
-161.641,66.9975#27.59#34.12#38.29
-161.503,67.0085#27.6#34.15#38.25
-161.365,67.0195#27.61#34.2#38.19
-161.226,67.0303#27.62#34.24#38.14
-161.088,67.0409#27.63#34.29#38.08
-160.949,67.0515#27.64#34.34#38.02
-160.81,67.0619#27.65#34.39#37.96
-160.671,67.0721#27.66#34.44#37.9
-160.532,67.0823#27.67#34.49#37.84
-160.393,67.0923#27.68#34.53#37.79
-160.254,67.1022#27.69#34.58#37.73
-160.114,67.1119#27.7#34.62#37.68
-159.975,67.1215#27.72#34.67#37.61
-159.835,67.131#27.73#34.71#37.56
-159.695,67.1403#27.74#34.75#37.51
-159.555,67.1496#27.75#34.79#37.46
-159.415,67.1586#27.76#34.82#37.42
-159.275,67.1676#27.77#34.85#37.38
-159.135,67.1764#27.78#34.88#37.34
-158.994,67.1851#27.79#34.92#37.29
-158.854,67.1937#27.8#34.93#37.27
-158.713,67.2021#27.81#34.94#37.25
-158.572,67.2104#27.82#34.96#37.22
-158.432,67.2185#27.84#34.97#37.19
-158.291,67.2265#27.85#34.97#37.18
-158.15,67.2344#27.86#34.97#37.17
-158.008,67.2422#27.87#34.97#37.16
-157.867,67.2498#27.88#34.96#37.16
-157.726,67.2573#27.89#34.95#37.16
-157.585,67.2646#27.9#34.94#37.16
