-153.097,61.9029#29.07#31.79#39.14
-152.982,61.9057#29.1#31.75#39.15
-152.867,61.9085#29.12#31.7#39.18
-152.753,61.9111#29.15#31.66#39.19
-152.638,61.9137#29.17#31.61#39.22
-152.524,61.9161#29.2#31.57#39.23
-152.409,61.9184#29.23#31.53#39.24
-152.295,61.9207#29.26#31.5#39.24
-152.18,61.9228#29.3#31.46#39.24
-152.065,61.9248#29.33#31.43#39.24
-151.951,61.9267#29.39#31.4#39.21
-151.836,61.9284#29.48#31.38#39.14
-151.721,61.9301#29.58#31.35#39.07
-151.606,61.9317#29.67#31.33#39
-151.492,61.9331#29.76#31.31#38.93
-151.377,61.9345#29.93#31.3#38.77
-151.262,61.9357#30.09#31.29#38.62
-151.147,61.9369#30.25#31.28#38.47
-151.033,61.9379#30.42#31.27#38.31
-150.918,61.9388#30.6#31.3#38.1
-150.803,61.9396#30.8#31.36#37.84
-150.688,61.9403#30.99#31.42#37.59
-150.573,61.9409#31.18#31.48#37.34
-150.459,61.9414#31.36#31.53#37.11
-150.344,61.9418#31.52#31.58#36.9
-150.229,61.9421#31.67#31.63#36.7
-150.114,61.9422#31.83#31.68#36.49
-149.999,61.9423#31.98#31.73#36.29
-149.884,61.9422#32.07#31.73#36.2
-149.77,61.9421#32.15#31.72#36.13
-149.655,61.9418#32.24#31.72#36.04
-149.54,61.9414#32.32#31.71#35.97
-149.425,61.9409#32.4#31.7#35.9
-149.31,61.9403#32.47#31.69#35.84
-149.196,61.9396#32.54#31.67#35.79
-149.081,61.9388#32.61#31.66#35.73
-148.966,61.9379#32.66#31.65#35.69
-148.851,61.9369#32.69#31.64#35.67
-148.736,61.9357#32.71#31.64#35.65
-148.622,61.9345#32.74#31.64#35.62
-148.507,61.9331#32.76#31.64#35.6
-148.392,61.9317#32.77#31.64#35.59
-148.277,61.9301#32.78#31.65#35.57
-148.163,61.9284#32.8#31.65#35.55
-148.048,61.9266#32.81#31.66#35.53
-147.933,61.9247#32.82#31.66#35.52
-147.819,61.9227#32.82#31.67#35.51
-147.704,61.9206#32.83#31.69#35.48
-147.589,61.9184#32.83#31.7#35.47
-147.475,61.9161#32.83#31.71#35.46
-147.36,61.9136#32.83#31.73#35.44
-147.246,61.9111#32.83#31.75#35.42
-147.131,61.9085#32.83#31.76#35.41
-147.017,61.9057#32.83#31.78#35.39
-146.902,61.9028#32.85#31.82#35.33
-154.82,61.9008#28.76#32.46#38.78
-154.706,61.9053#28.79#32.36#38.85
-154.592,61.9097#28.81#32.25#38.94
-154.477,61.914#28.84#32.15#39.01
-154.363,61.9181#28.86#32.12#39.02
-154.249,61.9222#28.89#32.08#39.03
-154.134,61.9261#28.92#32.05#39.03
-154.02,61.93#28.94#32.01#39.05
-153.905,61.9337#28.97#31.99#39.04
-153.791,61.9373#28.99#31.97#39.04
-153.676,61.9408#29.02#31.96#39.02
-153.561,61.9442#29.05#31.94#39.01
-153.447,61.9475#29.07#31.91#39.02
-153.332,61.9507#29.1#31.87#39.03
-153.217,61.9538#29.13#31.83#39.04
-153.103,61.9568#29.15#31.79#39.06
-152.988,61.9597#29.18#31.74#39.08
-152.873,61.9624#29.21#31.7#39.09
-152.758,61.9651#29.23#31.65#39.12
-152.644,61.9676#29.26#31.6#39.14
-152.529,61.9701#29.29#31.55#39.16
-152.414,61.9724#29.32#31.52#39.16
-152.299,61.9746#29.36#31.48#39.16
-152.184,61.9767#29.39#31.45#39.16
-152.069,61.9787#29.43#31.41#39.16
-151.954,61.9806#29.48#31.38#39.14
-151.84,61.9824#29.57#31.36#39.07
-151.725,61.9841#29.65#31.33#39.02
-151.61,61.9857#29.74#31.31#38.95
-151.495,61.9871#29.82#31.28#38.9
-151.38,61.9885#29.99#31.27#38.74
-151.265,61.9897#30.15#31.26#38.59
-151.15,61.9909#30.31#31.25#38.44
-151.035,61.9919#30.47#31.24#38.29
-150.92,61.9928#30.65#31.28#38.07
-150.805,61.9936#30.84#31.34#37.82
-150.69,61.9943#31.02#31.4#37.58
-150.575,61.9949#31.21#31.45#37.34
-150.459,61.9954#31.38#31.51#37.11
-150.344,61.9958#31.54#31.56#36.9
-150.229,61.9961#31.7#31.61#36.69
-150.114,61.9962#31.86#31.67#36.47
-149.999,61.9963#32.01#31.72#36.27
-149.884,61.9962#32.1#31.71#36.19
-149.769,61.9961#32.18#31.7#36.12
-149.654,61.9958#32.27#31.7#36.03
-149.539,61.9954#32.36#31.69#35.95
-149.424,61.9949#32.43#31.68#35.89
-149.309,61.9943#32.51#31.66#35.83
-149.194,61.9936#32.58#31.65#35.77
-149.079,61.9928#32.65#31.63#35.72
-148.964,61.9919#32.71#31.62#35.67
-148.849,61.9909#32.73#31.61#35.66
-148.734,61.9897#32.76#31.61#35.63
-148.619,61.9885#32.78#31.61#35.61
-148.504,61.9871#32.8#31.6#35.6
-148.389,61.9857#32.81#31.61#35.58
-148.274,61.9841#32.83#31.61#35.56
-148.159,61.9824#32.84#31.62#35.54
-148.044,61.9806#32.85#31.62#35.53
-147.929,61.9787#32.85#31.63#35.52
-147.814,61.9767#32.86#31.64#35.5
-147.699,61.9746#32.86#31.65#35.49
-147.585,61.9724#32.87#31.66#35.47
-147.47,61.97#32.87#31.67#35.46
-147.355,61.9676#32.87#31.69#35.44
-147.24,61.9651#32.87#31.71#35.42
-147.125,61.9624#32.87#31.72#35.41
-147.011,61.9596#32.87#31.74#35.39
-146.896,61.9568#32.88#31.78#35.34
-146.781,61.9538#32.89#31.81#35.3
-146.666,61.9507#32.9#31.85#35.25
-146.552,61.9475#32.91#31.88#35.21
-146.437,61.9442#32.92#31.93#35.15
-146.323,61.9408#32.93#31.99#35.08
-146.208,61.9373#32.94#32.04#35.02
-146.093,61.9336#32.94#32.1#34.96
-145.979,61.9299#32.95#32.15#34.9
-145.865,61.9261#32.97#32.22#34.81
-145.75,61.9221#32.99#32.28#34.73
-145.636,61.9181#33.01#32.34#34.65
-145.521,61.9139#33.03#32.4#34.57
-145.407,61.9096#33.05#32.43#34.52
-145.293,61.9053#33.07#32.46#34.47
-145.178,61.9008#33.1#32.48#34.42
-155.972,61.9038#28.56#34.4#37.04
-155.858,61.9094#28.59#34.17#37.24
-155.744,61.9148#28.61#33.93#37.46
-155.63,61.9202#28.64#33.69#37.67
-155.516,61.9254#28.66#33.46#37.88
-155.402,61.9306#28.69#33.28#38.03
-155.287,61.9356#28.71#33.12#38.17
-155.173,61.9405#28.74#32.95#38.31
-155.059,61.9453#28.77#32.78#38.45
-154.944,61.95#28.79#32.64#38.57
-154.83,61.9546#28.82#32.52#38.66
-154.715,61.9591#28.85#32.39#38.76
-154.601,61.9635#28.87#32.27#38.86
-154.486,61.9678#28.9#32.15#38.95
-154.372,61.972#28.93#32.11#38.96
-154.257,61.976#28.95#32.08#38.97
-154.142,61.98#28.98#32.05#38.97
-154.028,61.9838#29.01#32.02#38.97
-153.913,61.9876#29.04#32#38.96
-153.798,61.9912#29.07#31.98#38.95
-153.683,61.9947#29.09#31.96#38.95
-153.569,61.9982#29.12#31.95#38.93
-153.454,62.0015#29.15#31.92#38.93
-153.339,62.0047#29.18#31.87#38.95
-153.224,62.0078#29.21#31.83#38.96
-153.109,62.0107#29.23#31.78#38.99
-152.994,62.0136#29.26#31.74#39
-152.879,62.0164#29.29#31.69#39.02
-152.764,62.019#29.32#31.64#39.04
-152.649,62.0216#29.35#31.59#39.06
-152.534,62.024#29.38#31.54#39.08
-152.419,62.0264#29.41#31.5#39.09
-152.304,62.0286#29.45#31.47#39.08
-152.189,62.0307#29.49#31.43#39.08
-152.074,62.0327#29.52#31.39#39.09
-151.958,62.0346#29.57#31.36#39.07
-151.843,62.0364#29.65#31.34#39.01
-151.728,62.0381#29.73#31.31#38.96
-151.613,62.0397#29.81#31.28#38.91
-151.498,62.0411#29.89#31.26#38.85
-151.382,62.0425#30.05#31.24#38.71
-151.267,62.0437#30.21#31.23#38.56
-151.152,62.0449#30.37#31.22#38.41
-151.037,62.0459#30.53#31.21#38.26
-150.921,62.0468#30.71#31.25#38.04
-150.806,62.0477#30.88#31.31#37.81
-150.691,62.0484#31.06#31.37#37.57
-150.576,62.049#31.23#31.43#37.34
-150.46,62.0494#31.4#31.49#37.11
-150.345,62.0498#31.56#31.54#36.9
-150.23,62.0501#31.72#31.6#36.68
-150.115,62.0503#31.88#31.65#36.47
-149.999,62.0503#32.04#31.7#36.26
-149.884,62.0503#32.13#31.69#36.18
-149.769,62.0501#32.22#31.69#36.09
-149.653,62.0498#32.3#31.68#36.02
-149.538,62.0494#32.39#31.67#35.94
-149.423,62.049#32.47#31.66#35.87
-149.308,62.0484#32.55#31.64#35.81
-149.192,62.0476#32.62#31.62#35.76
-149.077,62.0468#32.7#31.6#35.7
-148.962,62.0459#32.76#31.59#35.65
-148.847,62.0449#32.78#31.59#35.63
-148.731,62.0437#32.8#31.58#35.62
-148.616,62.0425#32.82#31.58#35.6
-148.501,62.0411#32.85#31.57#35.58
-148.386,62.0397#32.86#31.58#35.56
-148.271,62.0381#32.87#31.58#35.55
-148.155,62.0364#32.88#31.58#35.54
-148.04,62.0346#32.89#31.59#35.52
-147.925,62.0327#32.89#31.6#35.51
-147.81,62.0307#32.9#31.6#35.5
-147.695,62.0286#32.9#31.61#35.49
-147.58,62.0263#32.9#31.62#35.48
-147.465,62.024#32.91#31.63#35.46
-147.35,62.0216#32.91#31.65#35.44
-147.235,62.019#32.9#31.67#35.43
-147.12,62.0163#32.9#31.68#35.42
-147.005,62.0136#32.9#31.7#35.4
-146.89,62.0107#32.91#31.73#35.36
-146.775,62.0077#32.92#31.77#35.31
-146.66,62.0046#32.92#31.8#35.28
-146.545,62.0014#32.93#31.84#35.23
-146.43,61.9981#32.94#31.89#35.17
-146.315,61.9947#32.95#31.94#35.11
-146.2,61.9912#32.95#31.99#35.06
-146.086,61.9875#32.96#32.05#34.99
-145.971,61.9838#32.97#32.11#34.92
-145.856,61.9799#33#32.17#34.83
-145.742,61.976#33.02#32.24#34.74
-145.627,61.9719#33.04#32.3#34.66
-145.512,61.9677#33.06#32.37#34.57
-145.398,61.9635#33.09#32.4#34.51
-145.283,61.9591#33.11#32.43#34.46
-145.169,61.9546#33.14#32.46#34.4
-145.054,61.95#33.16#32.49#34.35
-144.94,61.9453#33.19#32.5#34.31
-144.826,61.9405#33.21#32.5#34.29
-144.711,61.9355#33.24#32.5#34.26
-144.597,61.9305#33.26#32.5#34.24
-144.483,61.9254#33.29#32.5#34.21
-144.368,61.9201#33.33#32.5#34.17
-144.254,61.9148#33.36#32.49#34.15
-144.14,61.9093#33.4#32.48#34.12
-144.026,61.9037#33.43#32.47#34.1
-157.011,61.9025#28.38#36.24#35.38
-156.897,61.909#28.4#36.04#35.56
-156.783,61.9155#28.43#35.83#35.74
-156.669,61.9218#28.45#35.63#35.92
-156.555,61.928#28.47#35.43#36.1
-156.441,61.9341#28.5#35.23#36.27
-156.327,61.9401#28.52#35.03#36.45
-156.213,61.946#28.55#34.84#36.61
-156.099,61.9518#28.57#34.64#36.79
-155.984,61.9575#28.6#34.44#36.96
-155.87,61.9631#28.63#34.21#37.16
-155.756,61.9686#28.65#33.98#37.37
-155.641,61.9739#28.68#33.76#37.56
-155.527,61.9792#28.71#33.53#37.76
-155.412,61.9843#28.73#33.36#37.91
-155.298,61.9894#28.76#33.19#38.05
-155.183,61.9943#28.79#33.03#38.18
-155.069,61.9991#28.82#32.87#38.31
-154.954,62.0039#28.85#32.72#38.43
-154.84,62.0085#28.87#32.58#38.55
-154.725,62.013#28.9#32.43#38.67
-154.61,62.0174#28.93#32.29#38.78
-154.495,62.0217#28.96#32.14#38.9
-154.38,62.0258#28.99#32.11#38.9
-154.266,62.0299#29.02#32.08#38.9
-154.151,62.0339#29.05#32.05#38.9
-154.036,62.0377#29.08#32.02#38.9
-153.921,62.0415#29.11#32#38.89
-153.806,62.0451#29.14#31.99#38.87
-153.691,62.0486#29.17#31.97#38.86
-153.576,62.0521#29.2#31.95#38.85
-153.461,62.0554#29.23#31.93#38.84
-153.346,62.0586#29.25#31.88#38.87
-153.23,62.0617#29.28#31.83#38.89
-153.115,62.0647#29.31#31.78#38.91
-153,62.0676#29.34#31.74#38.92
-152.885,62.0703#29.37#31.68#38.95
-152.77,62.073#29.41#31.63#38.96
-152.654,62.0756#29.44#31.58#38.98
-152.539,62.078#29.47#31.53#39
-152.424,62.0804#29.5#31.49#39.01
-152.308,62.0826#29.54#31.45#39.01
-152.193,62.0847#29.58#31.41#39.01
-152.078,62.0867#29.62#31.38#39
-151.962,62.0886#29.67#31.34#38.99
-151.847,62.0904#29.74#31.32#38.94
-151.732,62.0921#29.81#31.29#38.9
-151.616,62.0937#29.88#31.26#38.86
-151.501,62.0952#29.95#31.23#38.82
-151.385,62.0965#30.11#31.22#38.67
-151.27,62.0978#30.27#31.21#38.52
-151.154,62.0989#30.43#31.19#38.38
-151.039,62.0999#30.59#31.18#38.23
-150.923,62.1009#30.76#31.22#38.02
-150.808,62.1017#30.93#31.28#37.79
-150.692,62.1024#31.09#31.35#37.56
-150.577,62.103#31.26#31.41#37.33
-150.461,62.1035#31.43#31.47#37.1
-150.346,62.1039#31.59#31.52#36.89
-150.23,62.1041#31.75#31.58#36.67
-150.115,62.1043#31.91#31.63#36.46
-149.999,62.1044#32.07#31.68#36.25
-149.884,62.1043#32.16#31.67#36.17
-149.768,62.1041#32.25#31.67#36.08
-149.653,62.1039#32.34#31.66#36
-149.537,62.1035#32.42#31.65#35.93
-149.422,62.103#32.51#31.64#35.85
-149.306,62.1024#32.59#31.62#35.79
-149.191,62.1017#32.66#31.6#35.74
-149.075,62.1009#32.74#31.58#35.68
-148.96,62.0999#32.8#31.56#35.64
-148.844,62.0989#32.83#31.56#35.61
-148.729,62.0978#32.85#31.55#35.6
-148.613,62.0965#32.87#31.55#35.58
-148.498,62.0951#32.89#31.54#35.57
-148.382,62.0937#32.9#31.54#35.56
-148.267,62.0921#32.91#31.55#35.54
-148.152,62.0904#32.92#31.55#35.53
-148.036,62.0886#32.93#31.55#35.52
-147.921,62.0867#32.93#31.56#35.51
-147.805,62.0847#32.94#31.57#35.49
-147.69,62.0826#32.94#31.58#35.48
-147.575,62.0803#32.94#31.59#35.47
-147.46,62.078#32.94#31.6#35.46
-147.344,62.0755#32.94#31.61#35.45
-147.229,62.073#32.94#31.63#35.43
-147.114,62.0703#32.94#31.64#35.42
-146.999,62.0675#32.93#31.66#35.41
-146.883,62.0646#32.94#31.69#35.37
-146.768,62.0617#32.94#31.73#35.33
-146.653,62.0586#32.95#31.76#35.29
-146.538,62.0553#32.95#31.8#35.25
-146.423,62.052#32.96#31.84#35.2
-146.308,62.0486#32.96#31.9#35.14
-146.193,62.0451#32.97#31.95#35.08
-146.078,62.0414#32.98#32#35.02
-145.963,62.0377#32.99#32.06#34.95
-145.848,62.0338#33.02#32.13#34.85
-145.733,62.0299#33.05#32.2#34.75
-145.618,62.0258#33.07#32.27#34.66
-145.503,62.0216#33.1#32.34#34.56
-145.389,62.0173#33.13#32.37#34.5
-145.274,62.0129#33.16#32.4#34.44
-145.159,62.0084#33.18#32.44#34.38
-145.044,62.0038#33.21#32.47#34.32
-144.93,61.9991#33.24#32.48#34.28
-144.815,61.9942#33.27#32.48#34.25
-144.701,61.9893#33.3#32.48#34.22
-144.586,61.9843#33.33#32.48#34.19
-144.472,61.9791#33.36#32.48#34.16
-144.357,61.9739#33.4#32.47#34.13
-144.243,61.9685#33.44#32.46#34.1
-144.128,61.963#33.48#32.46#34.06
-144.014,61.9574#33.52#32.45#34.03
-143.9,61.9518#33.59#32.43#33.98
-143.786,61.946#33.65#32.42#33.93
-143.672,61.9401#33.72#32.4#33.88
-143.558,61.9341#33.78#32.38#33.84
-143.443,61.9279#33.86#32.37#33.77
-143.329,61.9217#33.96#32.36#33.68
-143.216,61.9154#34.05#32.34#33.61
-143.102,61.909#34.15#32.33#33.52
-142.988,61.9024#34.24#32.32#33.44
-157.821,61.9073#28.27#37.73#34
-157.708,61.9146#28.28#37.52#34.2
-157.594,61.9218#28.3#37.31#34.39
-157.48,61.9288#28.32#37.1#34.58
-157.367,61.9358#28.34#36.89#34.77
-157.253,61.9427#28.36#36.68#34.96
-157.139,61.9495#28.38#36.47#35.15
-157.025,61.9561#28.41#36.26#35.33
-156.911,61.9627#28.43#36.06#35.51
-156.797,61.9691#28.45#35.85#35.7
-156.682,61.9754#28.48#35.65#35.87
-156.568,61.9817#28.5#35.45#36.05
-156.454,61.9878#28.53#35.25#36.22
-156.34,61.9938#28.56#35.06#36.38
-156.225,61.9997#28.58#34.86#36.56
-156.111,62.0055#28.61#34.67#36.72
-155.996,62.0112#28.64#34.48#36.88
-155.882,62.0168#28.67#34.26#37.07
-155.767,62.0223#28.69#34.04#37.27
-155.653,62.0277#28.72#33.82#37.46
-155.538,62.033#28.75#33.6#37.65
-155.423,62.0381#28.78#33.43#37.79
-155.309,62.0432#28.81#33.27#37.92
-155.194,62.0481#28.84#33.11#38.05
-155.079,62.0529#28.87#32.95#38.18
-154.964,62.0577#28.9#32.8#38.3
-154.849,62.0623#28.93#32.64#38.43
-154.734,62.0668#28.96#32.48#38.56
-154.619,62.0712#28.99#32.31#38.7
-154.504,62.0755#29.02#32.14#38.84
-154.389,62.0797#29.05#32.11#38.84
-154.274,62.0838#29.08#32.08#38.84
-154.159,62.0878#29.11#32.05#38.84
-154.044,62.0916#29.14#32.03#38.83
-153.929,62.0954#29.18#32.01#38.81
-153.813,62.099#29.21#31.99#38.8
-153.698,62.1026#29.24#31.97#38.79
-153.583,62.106#29.27#31.96#38.77
-153.468,62.1093#29.3#31.93#38.77
-153.352,62.1125#29.33#31.88#38.79
-153.237,62.1157#29.36#31.83#38.81
-153.121,62.1186#29.39#31.78#38.83
-153.006,62.1215#29.43#31.73#38.84
-152.891,62.1243#29.46#31.68#38.86
-152.775,62.127#29.49#31.62#38.89
-152.66,62.1296#29.52#31.57#38.91
-152.544,62.132#29.55#31.51#38.94
-152.429,62.1344#29.59#31.47#38.94
-152.313,62.1366#29.63#31.43#38.94
-152.197,62.1387#29.67#31.4#38.93
-152.082,62.1407#29.71#31.36#38.93
-151.966,62.1426#29.76#31.33#38.91
-151.851,62.1444#29.82#31.3#38.88
-151.735,62.1461#29.89#31.27#38.84
-151.619,62.1477#29.95#31.24#38.81
-151.504,62.1492#30.01#31.21#38.78
-151.388,62.1506#30.17#31.19#38.64
-151.272,62.1518#30.33#31.18#38.49
-151.157,62.153#30.49#31.17#38.34
-151.041,62.154#30.65#31.15#38.2
-150.925,62.1549#30.81#31.19#38
-150.809,62.1557#30.97#31.26#37.77
-150.694,62.1564#31.13#31.33#37.54
-150.578,62.157#31.29#31.39#37.32
-150.462,62.1575#31.45#31.45#37.1
-150.347,62.1579#31.61#31.51#36.88
-150.231,62.1582#31.78#31.56#36.66
-150.115,62.1584#31.94#31.61#36.45
-149.999,62.1584#32.1#31.67#36.23
-149.884,62.1584#32.19#31.66#36.15
-149.768,62.1582#32.28#31.65#36.07
-149.652,62.1579#32.37#31.64#35.99
-149.536,62.1575#32.46#31.63#35.91
-149.421,62.157#32.54#31.61#35.85
-149.305,62.1564#32.62#31.59#35.79
-149.189,62.1557#32.71#31.57#35.72
-149.073,62.1549#32.79#31.55#35.66
-148.958,62.154#32.85#31.53#35.62
-148.842,62.1529#32.87#31.53#35.6
-148.726,62.1518#32.89#31.52#35.59
-148.611,62.1505#32.91#31.51#35.58
-148.495,62.1492#32.93#31.51#35.56
-148.379,62.1477#32.94#31.51#35.55
-148.264,62.1461#32.95#31.51#35.54
-148.148,62.1444#32.96#31.52#35.52
-148.032,62.1426#32.97#31.52#35.51
-147.917,62.1407#32.97#31.53#35.5
-147.801,62.1387#32.97#31.53#35.5
-147.685,62.1366#32.98#31.54#35.48
-147.57,62.1343#32.98#31.55#35.47
-147.454,62.132#32.98#31.56#35.46
-147.339,62.1295#32.98#31.57#35.45
-147.223,62.127#32.97#31.59#35.44
-147.108,62.1243#32.97#31.6#35.43
-146.992,62.1215#32.97#31.61#35.42
-146.877,62.1186#32.97#31.65#35.38
-146.762,62.1156#32.97#31.68#35.35
-146.646,62.1125#32.97#31.72#35.31
-146.531,62.1093#32.97#31.75#35.28
-146.416,62.106#32.97#31.8#35.23
-146.3,62.1025#32.98#31.85#35.17
-146.185,62.099#32.99#31.9#35.11
-146.07,62.0953#33#31.95#35.05
-145.955,62.0916#33.02#32.01#34.97
-145.84,62.0877#33.04#32.09#34.87
-145.724,62.0837#33.07#32.16#34.77
-145.609,62.0797#33.1#32.23#34.67
-145.494,62.0755#33.13#32.3#34.57
-145.379,62.0712#33.16#32.34#34.5
-145.264,62.0668#33.2#32.38#34.42
-145.149,62.0622#33.23#32.41#34.36
-145.034,62.0576#33.26#32.45#34.29
-144.92,62.0529#33.29#32.46#34.25
-144.805,62.0481#33.33#32.46#34.21
-144.69,62.0431#33.36#32.46#34.18
-144.575,62.038#33.39#32.46#34.15
-144.461,62.0329#33.43#32.46#34.11
-144.346,62.0276#33.48#32.45#34.07
-144.231,62.0222#33.53#32.44#34.03
-144.117,62.0168#33.57#32.43#34
-144.002,62.0112#33.62#32.42#33.96
-143.888,62.0055#33.69#32.41#33.9
-143.773,61.9997#33.75#32.39#33.86
-143.659,61.9937#33.82#32.38#33.8
-143.545,61.9877#33.88#32.36#33.76
-143.43,61.9816#33.97#32.35#33.68
-143.316,61.9754#34.06#32.33#33.61
-143.202,61.969#34.15#32.32#33.53
-143.088,61.9626#34.25#32.31#33.44
-142.974,61.956#34.35#32.3#33.35
-142.86,61.9494#34.47#32.29#33.24
-142.746,61.9426#34.58#32.28#33.14
-142.632,61.9357#34.7#32.27#33.03
-142.518,61.9287#34.82#32.26#32.92
-142.404,61.9217#34.95#32.25#32.8
-142.291,61.9145#35.08#32.24#32.68
-142.177,61.9072#35.21#32.23#32.56
-158.632,61.9066#28.18#39.25#32.57
-158.519,61.9147#28.2#39.03#32.77
-158.405,61.9226#28.21#38.81#32.98
-158.292,61.9305#28.22#38.6#33.18
-158.178,61.9382#28.24#38.39#33.37
-158.065,61.9458#28.25#38.17#33.58
-157.951,61.9534#28.27#37.96#33.77
-157.837,61.9608#28.28#37.75#33.97
-157.723,61.9681#28.3#37.53#34.17
-157.609,61.9753#28.32#37.32#34.36
-157.495,61.9824#28.34#37.11#34.55
-157.381,61.9894#28.36#36.9#34.74
-157.267,61.9963#28.38#36.69#34.93
-157.153,62.003#28.41#36.49#35.1
-157.039,62.0097#28.43#36.28#35.29
-156.925,62.0163#28.46#36.08#35.46
-156.81,62.0227#28.48#35.87#35.65
-156.696,62.0291#28.51#35.67#35.82
-156.581,62.0353#28.54#35.47#35.99
-156.467,62.0415#28.56#35.27#36.17
-156.352,62.0475#28.59#35.08#36.33
-156.238,62.0534#28.62#34.89#36.49
-156.123,62.0593#28.65#34.7#36.65
-156.008,62.065#28.68#34.51#36.81
-155.894,62.0706#28.71#34.3#36.99
-155.779,62.0761#28.74#34.09#37.17
-155.664,62.0815#28.77#33.88#37.35
-155.549,62.0867#28.8#33.67#37.53
-155.434,62.0919#28.83#33.5#37.67
-155.319,62.097#28.86#33.34#37.8
-155.204,62.1019#28.89#33.19#37.92
-155.089,62.1068#28.92#33.04#38.04
-154.974,62.1115#28.95#32.88#38.17
-154.859,62.1161#28.98#32.7#38.32
-154.744,62.1207#29.02#32.52#38.46
-154.629,62.1251#29.05#32.34#38.61
-154.513,62.1294#29.08#32.15#38.77
-154.398,62.1336#29.11#32.1#38.79
-154.283,62.1377#29.15#32.08#38.77
-154.167,62.1417#29.18#32.05#38.77
-154.052,62.1455#29.21#32.03#38.76
-153.937,62.1493#29.24#32.01#38.75
-153.821,62.153#29.28#32#38.72
-153.706,62.1565#29.31#31.98#38.71
-153.59,62.16#29.34#31.97#38.69
-153.475,62.1633#29.38#31.95#38.67
-153.359,62.1665#29.41#31.9#38.69
-153.243,62.1696#29.44#31.84#38.72
-153.128,62.1726#29.48#31.79#38.73
-153.012,62.1755#29.51#31.74#38.75
-152.896,62.1783#29.54#31.69#38.77
-152.781,62.181#29.58#31.64#38.78
-152.665,62.1836#29.61#31.58#38.81
-152.549,62.186#29.65#31.53#38.82
-152.434,62.1884#29.68#31.49#38.83
-152.318,62.1906#29.73#31.45#38.82
-152.202,62.1927#29.77#31.42#38.81
-152.086,62.1948#29.81#31.38#38.81
-151.97,62.1967#29.86#31.35#38.79
-151.854,62.1985#29.92#31.32#38.76
-151.739,62.2002#29.98#31.29#38.73
-151.623,62.2018#30.05#31.26#38.69
-151.507,62.2032#30.11#31.23#38.66
-151.391,62.2046#30.26#31.21#38.53
-151.275,62.2059#30.41#31.2#38.39
-151.159,62.207#30.56#31.18#38.26
-151.043,62.208#30.71#31.17#38.12
-150.927,62.209#30.87#31.21#37.92
-150.811,62.2098#31.03#31.27#37.7
-150.695,62.2105#31.18#31.34#37.48
-150.579,62.2111#31.34#31.4#37.26
-150.463,62.2116#31.5#31.46#37.04
-150.347,62.212#31.65#31.52#36.83
-150.231,62.2123#31.81#31.57#36.62
-150.115,62.2124#31.97#31.62#36.41
-149.999,62.2125#32.12#31.68#36.2
-149.883,62.2124#32.22#31.67#36.11
-149.767,62.2123#32.31#31.66#36.03
-149.651,62.212#32.4#31.65#35.95
-149.535,62.2116#32.5#31.64#35.86
-149.419,62.2111#32.58#31.62#35.8
-149.303,62.2105#32.66#31.6#35.74
-149.187,62.2098#32.73#31.58#35.69
-149.071,62.209#32.81#31.56#35.63
-148.956,62.208#32.87#31.54#35.59
-148.84,62.207#32.89#31.53#35.58
-148.724,62.2058#32.92#31.52#35.56
-148.608,62.2046#32.94#31.51#35.55
-148.492,62.2032#32.97#31.5#35.53
-148.376,62.2017#32.98#31.51#35.51
-148.26,62.2001#32.99#31.51#35.5
-148.144,62.1985#33#31.51#35.49
-148.028,62.1966#33.01#31.51#35.48
-147.912,62.1947#33.01#31.51#35.48
-147.797,62.1927#33.02#31.52#35.46
-147.681,62.1906#33.02#31.52#35.46
-147.565,62.1883#33.02#31.53#35.45
-147.449,62.186#33.02#31.54#35.44
-147.334,62.1835#33.02#31.55#35.43
-147.218,62.181#33.02#31.56#35.42
-147.102,62.1783#33.01#31.57#35.42
-146.986,62.1755#33.01#31.58#35.41
-146.871,62.1726#33#31.61#35.39
-146.755,62.1696#33#31.65#35.35
-146.64,62.1665#33#31.68#35.32
-146.524,62.1632#32.99#31.71#35.3
-146.408,62.1599#32.99#31.76#35.25
-146.293,62.1565#33#31.81#35.19
-146.177,62.1529#33.01#31.85#35.14
-146.062,62.1493#33.02#31.9#35.08
-145.947,62.1455#33.04#31.97#34.99
-145.831,62.1416#33.07#32.04#34.89
-145.716,62.1376#33.1#32.12#34.78
-145.6,62.1335#33.13#32.2#34.67
-145.485,62.1293#33.16#32.27#34.57
-145.37,62.125#33.2#32.31#34.49
-145.255,62.1206#33.24#32.35#34.41
-145.14,62.1161#33.27#32.39#34.34
-145.024,62.1115#33.31#32.43#34.26
-144.909,62.1067#33.35#32.44#34.21
-144.794,62.1019#33.39#32.44#34.17
-144.679,62.0969#33.42#32.44#34.14
-144.564,62.0918#33.46#32.44#34.1
-144.449,62.0867#33.5#32.44#34.06
-144.334,62.0814#33.56#32.43#34.01
-144.22,62.076#33.61#32.42#33.97
-144.105,62.0705#33.67#32.41#33.92
-143.99,62.0649#33.72#32.4#33.88
-143.875,62.0592#33.78#32.38#33.84
-143.761,62.0534#33.85#32.37#33.78
-143.646,62.0474#33.92#32.35#33.73
-143.532,62.0414#33.98#32.34#33.68
-143.417,62.0353#34.07#32.32#33.61
-143.303,62.029#34.16#32.31#33.53
-143.188,62.0227#34.26#32.3#33.44
-143.074,62.0162#34.35#32.29#33.36
-142.96,62.0096#34.45#32.28#33.27
-142.846,62.003#34.57#32.27#33.16
-142.731,61.9962#34.69#32.26#33.05
-142.617,61.9893#34.81#32.26#32.93
-142.503,61.9823#34.92#32.25#32.83
-142.389,61.9752#35.06#32.24#32.7
-142.275,61.968#35.2#32.23#32.57
-142.161,61.9607#35.33#32.22#32.45
-142.048,61.9533#35.46#32.21#32.33
-141.934,61.9457#35.62#32.2#32.18
-141.82,61.9381#35.79#32.19#32.02
-141.707,61.9304#35.95#32.18#31.87
-141.593,61.9225#36.12#32.17#31.71
-141.48,61.9146#36.29#32.16#31.55
-141.366,61.9065#36.5#32.15#31.35
-159.443,61.9006#28.1#40.99#30.91
-159.33,61.9094#28.11#40.73#31.16
-159.217,61.9181#28.13#40.46#31.41
-159.103,61.9267#28.14#40.2#31.66
-158.99,61.9352#28.16#39.94#31.9
-158.877,61.9436#28.17#39.72#32.11
-158.763,61.9518#28.18#39.49#32.33
-158.65,61.96#28.2#39.27#32.53
-158.536,61.9681#28.21#39.04#32.75
-158.422,61.976#28.23#38.83#32.94
-158.308,61.9839#28.24#38.61#33.15
-158.195,61.9917#28.25#38.4#33.35
-158.081,61.9993#28.27#38.19#33.54
-157.967,62.0068#28.28#37.97#33.75
-157.853,62.0143#28.3#37.76#33.94
-157.739,62.0216#28.32#37.55#34.13
-157.625,62.0288#28.34#37.34#34.32
-157.51,62.0359#28.36#37.13#34.51
-157.396,62.043#28.38#36.92#34.7
-157.282,62.0499#28.4#36.71#34.89
-157.167,62.0567#28.43#36.5#35.07
-157.053,62.0633#28.45#36.3#35.25
-156.938,62.0699#28.48#36.09#35.43
-156.824,62.0764#28.51#35.89#35.6
-156.709,62.0828#28.54#35.69#35.77
-156.595,62.089#28.57#35.5#35.93
-156.48,62.0952#28.59#35.3#36.11
-156.365,62.1012#28.62#35.11#36.27
-156.25,62.1072#28.65#34.92#36.43
-156.135,62.113#28.68#34.73#36.59
-156.021,62.1187#28.72#34.54#36.74
-155.906,62.1243#28.75#34.34#36.91
-155.791,62.1298#28.78#34.14#37.08
-155.675,62.1352#28.81#33.94#37.25
-155.56,62.1405#28.84#33.74#37.42
-155.445,62.1457#28.87#33.57#37.56
-155.33,62.1508#28.91#33.42#37.67
-155.215,62.1558#28.94#33.27#37.79
-155.1,62.1606#28.97#33.12#37.91
-154.984,62.1654#29.01#32.97#38.02
-154.869,62.17#29.04#32.78#38.18
-154.753,62.1745#29.07#32.59#38.34
-154.638,62.179#29.11#32.4#38.49
-154.523,62.1833#29.14#32.21#38.65
-154.407,62.1875#29.18#32.16#38.66
-154.291,62.1916#29.21#32.14#38.65
-154.176,62.1956#29.24#32.12#38.64
-154.06,62.1995#29.28#32.09#38.63
-153.945,62.2032#29.31#32.07#38.62
-153.829,62.2069#29.35#32.05#38.6
-153.713,62.2105#29.38#32.03#38.59
-153.597,62.2139#29.42#32.01#38.57
-153.482,62.2173#29.45#31.98#38.57
-153.366,62.2205#29.49#31.93#38.58
-153.25,62.2236#29.53#31.88#38.59
-153.134,62.2266#29.56#31.82#38.62
-153.018,62.2295#29.6#31.77#38.63
-152.902,62.2323#29.63#31.72#38.65
-152.786,62.235#29.67#31.67#38.66
-152.67,62.2376#29.7#31.62#38.68
-152.554,62.24#29.74#31.57#38.69
-152.438,62.2424#29.78#31.53#38.69
-152.322,62.2446#29.82#31.49#38.69
-152.206,62.2468#29.87#31.45#38.68
-152.09,62.2488#29.91#31.41#38.68
-151.974,62.2507#29.96#31.38#38.66
-151.858,62.2525#30.02#31.35#38.63
-151.742,62.2542#30.09#31.32#38.59
-151.626,62.2558#30.15#31.28#38.57
-151.51,62.2573#30.21#31.25#38.54
-151.394,62.2587#30.35#31.23#38.42
-151.277,62.2599#30.49#31.22#38.29
-151.161,62.2611#30.63#31.2#38.17
-151.045,62.2621#30.78#31.19#38.03
-150.929,62.263#30.93#31.22#37.85
-150.813,62.2639#31.08#31.28#37.64
-150.697,62.2646#31.24#31.35#37.41
-150.58,62.2652#31.39#31.41#37.2
-150.464,62.2657#31.55#31.47#36.98
-150.348,62.2661#31.7#31.53#36.77
-150.232,62.2663#31.85#31.58#36.57
-150.115,62.2665#32#31.63#36.37
-149.999,62.2665#32.14#31.69#36.17
-149.883,62.2665#32.24#31.68#36.08
-149.767,62.2663#32.34#31.66#36
-149.651,62.2661#32.44#31.65#35.91
-149.534,62.2657#32.54#31.64#35.82
-149.418,62.2652#32.62#31.63#35.75
-149.302,62.2646#32.69#31.6#35.71
-149.186,62.2639#32.76#31.58#35.66
-149.07,62.263#32.83#31.56#35.61
-148.953,62.2621#32.89#31.54#35.57
-148.837,62.2611#32.92#31.53#35.55
-148.721,62.2599#32.94#31.52#35.54
-148.605,62.2586#32.97#31.51#35.52
-148.489,62.2573#33#31.5#35.5
-148.373,62.2558#33.01#31.5#35.49
-148.256,62.2542#33.03#31.5#35.47
-148.14,62.2525#33.04#31.5#35.46
-148.024,62.2507#33.05#31.5#35.45
-147.908,62.2488#33.06#31.5#35.44
-147.792,62.2467#33.06#31.51#35.43
-147.676,62.2446#33.07#31.51#35.42
-147.56,62.2424#33.07#31.52#35.41
-147.444,62.24#33.07#31.53#35.4
-147.328,62.2375#33.07#31.53#35.4
-147.212,62.235#33.07#31.54#35.39
-147.096,62.2323#33.06#31.55#35.39
-146.98,62.2295#33.06#31.56#35.38
-146.864,62.2266#33.06#31.59#35.35
-146.749,62.2236#33.05#31.62#35.33
-146.633,62.2204#33.05#31.65#35.3
-146.517,62.2172#33.04#31.68#35.28
-146.401,62.2139#33.05#31.73#35.22
-146.285,62.2104#33.06#31.77#35.17
-146.17,62.2069#33.07#31.82#35.11
-146.054,62.2032#33.08#31.87#35.05
-145.938,62.1994#33.1#31.93#34.97
-145.823,62.1955#33.12#32#34.88
-145.707,62.1915#33.15#32.08#34.77
-145.592,62.1874#33.18#32.16#34.66
-145.476,62.1832#33.21#32.23#34.56
-145.361,62.1789#33.25#32.27#34.48
-145.245,62.1745#33.29#32.32#34.39
-145.13,62.17#33.33#32.36#34.31
-145.014,62.1653#33.36#32.41#34.23
-144.899,62.1606#33.4#32.41#34.19
-144.784,62.1557#33.44#32.42#34.14
-144.669,62.1507#33.48#32.42#34.1
-144.553,62.1456#33.53#32.42#34.05
-144.438,62.1405#33.58#32.41#34.01
-144.323,62.1352#33.64#32.41#33.95
-144.208,62.1298#33.7#32.4#33.9
-144.093,62.1243#33.76#32.39#33.85
-143.978,62.1186#33.82#32.38#33.8
-143.863,62.1129#33.88#32.36#33.76
-143.748,62.1071#33.95#32.34#33.71
-143.633,62.1011#34.01#32.33#33.66
-143.519,62.0951#34.08#32.31#33.61
-143.404,62.0889#34.17#32.3#33.53
-143.289,62.0827#34.26#32.29#33.45
-143.175,62.0763#34.36#32.28#33.36
-143.06,62.0698#34.45#32.27#33.28
-142.946,62.0633#34.56#32.26#33.18
-142.831,62.0566#34.68#32.26#33.06
-142.717,62.0498#34.8#32.25#32.95
-142.602,62.0429#34.91#32.24#32.85
-142.488,62.0359#35.03#32.23#32.74
-142.374,62.0287#35.17#32.22#32.61
-142.26,62.0215#35.31#32.21#32.48
-142.146,62.0142#35.45#32.21#32.34
-142.032,62.0068#35.58#32.2#32.22
-141.918,61.9992#35.74#32.19#32.07
-141.804,61.9916#35.91#32.18#31.91
-141.69,61.9838#36.08#32.17#31.75
-141.576,61.9759#36.25#32.16#31.59
-141.463,61.968#36.43#32.15#31.42
-141.349,61.9599#36.63#32.14#31.23
-141.235,61.9517#36.83#32.13#31.04
-141.122,61.9435#37.03#32.12#30.85
-141.009,61.9351#37.23#32.11#30.66
-140.895,61.9266#37.48#32.06#30.46
-140.782,61.918#37.73#32.01#30.26
-140.669,61.9093#37.98#31.96#30.06
-140.556,61.9005#38.23#31.91#29.86
-160.027,61.9081#28.04#41.99#29.97
-159.914,61.9175#28.06#41.79#30.15
-159.801,61.9267#28.07#41.6#30.33
-159.688,61.9359#28.09#41.4#30.51
-159.575,61.9449#28.1#41.21#30.69
-159.462,61.9538#28.12#41#30.88
-159.349,61.9627#28.13#40.74#31.13
-159.235,61.9714#28.14#40.47#31.39
-159.122,61.98#28.16#40.22#31.62
-159.008,61.9885#28.17#39.96#31.87
-158.894,61.9969#28.19#39.73#32.08
-158.781,62.0052#28.2#39.51#32.29
-158.667,62.0134#28.21#39.28#32.51
-158.553,62.0215#28.23#39.06#32.71
-158.439,62.0295#28.24#38.84#32.92
-158.325,62.0374#28.26#38.63#33.11
-158.211,62.0451#28.27#38.41#33.32
-158.097,62.0528#28.29#38.2#33.51
-157.983,62.0604#28.3#37.99#33.71
-157.869,62.0678#28.32#37.77#33.91
-157.754,62.0751#28.34#37.56#34.1
-157.64,62.0824#28.36#37.35#34.29
-157.525,62.0895#28.38#37.14#34.48
-157.411,62.0965#28.4#36.93#34.67
-157.296,62.1035#28.43#36.73#34.84
-157.182,62.1103#28.45#36.52#35.03
-157.067,62.117#28.48#36.32#35.2
-156.952,62.1236#28.51#36.11#35.38
-156.838,62.1301#28.54#35.91#35.55
-156.723,62.1364#28.57#35.72#35.71
-156.608,62.1427#28.6#35.52#35.88
-156.493,62.1489#28.63#35.32#36.05
-156.378,62.1549#28.66#35.13#36.21
-156.263,62.1609#28.69#34.95#36.36
-156.148,62.1667#28.72#34.77#36.51
-156.033,62.1725#28.75#34.58#36.67
-155.917,62.1781#28.79#34.39#36.82
-155.802,62.1836#28.82#34.2#36.98
-155.687,62.189#28.85#34#37.15
-155.572,62.1943#28.89#33.81#37.3
-155.456,62.1995#28.92#33.63#37.45
-155.341,62.2046#28.95#33.49#37.56
-155.225,62.2096#28.99#33.34#37.67
-155.11,62.2145#29.02#33.2#37.78
-154.994,62.2192#29.06#33.05#37.89
-154.879,62.2239#29.1#32.87#38.03
-154.763,62.2284#29.13#32.69#38.18
-154.647,62.2329#29.17#32.51#38.32
-154.532,62.2372#29.2#32.34#38.46
-154.416,62.2414#29.24#32.27#38.49
-154.3,62.2455#29.27#32.24#38.49
-154.184,62.2495#29.31#32.2#38.49
-154.068,62.2534#29.35#32.17#38.48
-153.953,62.2572#29.38#32.14#38.48
-153.837,62.2609#29.42#32.11#38.47
-153.721,62.2644#29.46#32.09#38.45
-153.605,62.2679#29.5#32.06#38.44
-153.489,62.2712#29.53#32.02#38.45
-153.373,62.2745#29.57#31.97#38.46
-153.257,62.2776#29.61#31.91#38.48
-153.14,62.2806#29.64#31.85#38.51
-153.024,62.2835#29.68#31.79#38.53
-152.908,62.2863#29.72#31.74#38.54
-152.792,62.289#29.76#31.7#38.54
-152.676,62.2916#29.8#31.65#38.55
-152.56,62.2941#29.83#31.61#38.56
-152.443,62.2964#29.87#31.57#38.56
-152.327,62.2987#29.92#31.53#38.55
-152.211,62.3008#29.97#31.49#38.54
-152.095,62.3028#30.01#31.45#38.54
-151.978,62.3048#30.06#31.41#38.53
-151.862,62.3066#30.12#31.38#38.5
-151.746,62.3083#30.19#31.34#38.47
-151.629,62.3099#30.25#31.31#38.44
-151.513,62.3114#30.31#31.28#38.41
-151.396,62.3127#30.44#31.26#38.3
-151.28,62.314#30.57#31.24#38.19
-151.164,62.3151#30.71#31.22#38.07
-151.047,62.3162#30.84#31.2#37.96
-150.931,62.3171#30.99#31.23#37.78
-150.814,62.3179#31.14#31.3#37.56
-150.698,62.3187#31.29#31.36#37.35
-150.582,62.3193#31.45#31.42#37.13
-150.465,62.3198#31.6#31.48#36.92
-150.349,62.3201#31.74#31.54#36.72
-150.232,62.3204#31.88#31.59#36.53
-150.116,62.3206#32.03#31.64#36.33
-149.999,62.3206#32.17#31.69#36.14
-149.883,62.3206#32.27#31.68#36.05
-149.766,62.3204#32.37#31.67#35.96
-149.65,62.3201#32.48#31.66#35.86
-149.533,62.3198#32.58#31.65#35.77
-149.417,62.3193#32.66#31.63#35.71
-149.301,62.3187#32.72#31.61#35.67
-149.184,62.3179#32.79#31.59#35.62
-149.068,62.3171#32.85#31.56#35.59
-148.951,62.3162#32.91#31.55#35.54
-148.835,62.3151#32.94#31.54#35.52
-148.718,62.314#32.97#31.52#35.51
-148.602,62.3127#33#31.51#35.49
-148.486,62.3113#33.03#31.5#35.47
-148.369,62.3099#33.05#31.5#35.45
-148.253,62.3083#33.06#31.5#35.44
-148.137,62.3066#33.08#31.5#35.42
-148.02,62.3047#33.09#31.49#35.42
-147.904,62.3028#33.1#31.5#35.4
-147.788,62.3008#33.11#31.5#35.39
-147.671,62.2986#33.12#31.5#35.38
-147.555,62.2964#33.12#31.51#35.37
-147.439,62.294#33.12#31.51#35.37
-147.323,62.2916#33.12#31.52#35.36
-147.206,62.289#33.12#31.53#35.35
-147.09,62.2863#33.12#31.53#35.35
-146.974,62.2835#33.11#31.55#35.34
-146.858,62.2806#33.11#31.57#35.32
-146.742,62.2776#33.1#31.6#35.3
-146.626,62.2744#33.1#31.62#35.28
-146.51,62.2712#33.09#31.65#35.26
-146.394,62.2678#33.11#31.7#35.19
-146.278,62.2644#33.12#31.74#35.14
-146.162,62.2608#33.13#31.79#35.08
-146.046,62.2571#33.14#31.83#35.03
-145.93,62.2534#33.16#31.89#34.95
-145.814,62.2495#33.19#31.96#34.85
-145.698,62.2455#33.22#32.04#34.74
-145.583,62.2414#33.25#32.11#34.64
-145.467,62.2371#33.28#32.18#34.54
-145.351,62.2328#33.31#32.22#34.47
-145.236,62.2284#33.35#32.27#34.38
-145.12,62.2238#33.39#32.32#34.29
-145.004,62.2192#33.43#32.37#34.2
-144.889,62.2144#33.47#32.37#34.16
-144.773,62.2095#33.51#32.38#34.11
-144.658,62.2046#33.55#32.38#34.07
-144.542,62.1995#33.59#32.39#34.02
-144.427,62.1943#33.65#32.39#33.96
-144.312,62.189#33.71#32.38#33.91
-144.196,62.1836#33.78#32.37#33.85
-144.081,62.178#33.84#32.36#33.8
-143.966,62.1724#33.91#32.35#33.74
-143.851,62.1667#33.98#32.34#33.68
-143.736,62.1608#34.04#32.32#33.64
-143.621,62.1549#34.11#32.3#33.59
-143.506,62.1488#34.18#32.29#33.53
-143.391,62.1426#34.27#32.28#33.45
-143.276,62.1364#34.37#32.27#33.36
-143.161,62.13#34.46#32.26#33.28
-143.046,62.1235#34.56#32.26#33.18
-142.931,62.1169#34.67#32.25#33.08
-142.817,62.1102#34.78#32.24#32.98
-142.702,62.1034#34.9#32.23#32.87
-142.588,62.0965#35.02#32.22#32.76
-142.473,62.0894#35.14#32.22#32.64
-142.359,62.0823#35.28#32.21#32.51
-142.244,62.0751#35.42#32.2#32.38
-142.13,62.0677#35.56#32.19#32.25
-142.016,62.0603#35.7#32.18#32.12
-141.902,62.0527#35.86#32.17#31.97
-141.787,62.045#36.03#32.16#31.81
-141.673,62.0373#36.2#32.16#31.64
-141.559,62.0294#36.37#32.15#31.48
-141.446,62.0214#36.56#32.14#31.3
-141.332,62.0133#36.76#32.13#31.11
-141.218,62.0051#36.97#32.12#30.91
-141.104,61.9968#37.17#32.1#30.73
-140.991,61.9884#37.37#32.09#30.54
-140.877,61.9799#37.63#32.04#30.33
-140.763,61.9713#37.88#31.99#30.13
-140.65,61.9626#38.13#31.94#29.93
-140.537,61.9537#38.38#31.89#29.73
-140.423,61.9448#38.65#31.84#29.51
-140.31,61.9358#38.93#31.78#29.29
-140.197,61.9266#39.2#31.73#29.07
-140.084,61.9174#39.46#31.68#28.86
-139.971,61.908#39.7#31.63#28.67
-160.725,61.9029#27.97#43.14#28.89
-160.612,61.9129#27.99#42.95#29.06
-160.499,61.9228#28#42.77#29.23
-160.387,61.9326#28.02#42.56#29.42
-160.274,61.9423#28.03#42.36#29.61
-160.161,61.9518#28.04#42.16#29.8
-160.047,61.9613#28.06#41.96#29.98
-159.934,61.9707#28.07#41.77#30.16
-159.821,61.98#28.09#41.58#30.33
-159.708,61.9891#28.1#41.39#30.51
-159.594,61.9982#28.12#41.2#30.68
-159.481,62.0071#28.13#41#30.87
-159.367,62.016#28.14#40.74#31.12
-159.254,62.0247#28.16#40.48#31.36
-159.14,62.0333#28.17#40.23#31.6
-159.026,62.0419#28.19#39.97#31.84
-158.912,62.0503#28.2#39.74#32.06
-158.798,62.0586#28.22#39.52#32.26
-158.684,62.0668#28.23#39.3#32.47
-158.57,62.0749#28.24#39.07#32.69
-158.456,62.0829#28.26#38.85#32.89
-158.342,62.0908#28.27#38.64#33.09
-158.228,62.0986#28.29#38.43#33.28
-158.113,62.1063#28.3#38.21#33.49
-157.999,62.1139#28.32#38#33.68
-157.884,62.1213#28.34#37.79#33.87
-157.77,62.1287#28.36#37.58#34.06
-157.655,62.136#28.38#37.37#34.25
-157.541,62.1431#28.4#37.16#34.44
-157.426,62.1501#28.42#36.95#34.63
-157.311,62.1571#28.45#36.74#34.81
-157.196,62.1639#28.47#36.54#34.99
-157.081,62.1706#28.5#36.34#35.16
-156.966,62.1772#28.53#36.14#35.33
-156.851,62.1837#28.56#35.94#35.5
-156.736,62.1901#28.59#35.75#35.66
-156.621,62.1964#28.62#35.55#35.83
-156.506,62.2026#28.66#35.36#35.98
-156.391,62.2087#28.69#35.18#36.13
-156.276,62.2146#28.72#35#36.28
-156.16,62.2205#28.76#34.81#36.43
-156.045,62.2262#28.79#34.63#36.58
-155.929,62.2319#28.82#34.45#36.73
-155.814,62.2374#28.86#34.26#36.88
-155.698,62.2428#28.89#34.07#37.04
-155.583,62.2482#28.93#33.88#37.19
-155.467,62.2534#28.97#33.7#37.33
-155.352,62.2585#29#33.56#37.44
-155.236,62.2634#29.04#33.41#37.55
-155.12,62.2683#29.08#33.27#37.65
-155.004,62.2731#29.11#33.12#37.77
-154.889,62.2778#29.15#32.95#37.9
-154.773,62.2823#29.19#32.79#38.02
-154.657,62.2868#29.23#32.62#38.15
-154.541,62.2911#29.26#32.45#38.29
-154.425,62.2953#29.3#32.37#38.33
-154.309,62.2994#29.34#32.33#38.33
-154.193,62.3035#29.38#32.29#38.33
-154.077,62.3074#29.42#32.25#38.33
-153.961,62.3111#29.46#32.21#38.33
-153.844,62.3148#29.49#32.17#38.34
-153.728,62.3184#29.53#32.14#38.33
-153.612,62.3219#29.57#32.1#38.33
-153.496,62.3252#29.61#32.06#38.33
-153.38,62.3285#29.65#32#38.35
-153.263,62.3316#29.69#31.94#38.37
-153.147,62.3346#29.73#31.88#38.39
-153.031,62.3375#29.77#31.82#38.41
-152.914,62.3403#29.81#31.77#38.42
-152.798,62.343#29.85#31.73#38.42
-152.681,62.3456#29.89#31.69#38.42
-152.565,62.3481#29.93#31.65#38.42
-152.448,62.3505#29.97#31.61#38.42
-152.332,62.3527#30.02#31.56#38.42
-152.215,62.3549#30.07#31.52#38.41
-152.099,62.3569#30.11#31.48#38.41
-151.982,62.3588#30.16#31.44#38.4
-151.866,62.3606#30.23#31.41#38.36
-151.749,62.3624#30.29#31.37#38.34
-151.633,62.364#30.35#31.34#38.31
-151.516,62.3654#30.41#31.3#38.29
-151.399,62.3668#30.53#31.28#38.19
-151.283,62.3681#30.66#31.26#38.08
-151.166,62.3692#30.78#31.24#37.98
-151.049,62.3703#30.9#31.22#37.88
-150.933,62.3712#31.04#31.25#37.71
-150.816,62.372#31.2#31.31#37.49
-150.699,62.3728#31.35#31.37#37.28
-150.583,62.3734#31.5#31.44#37.06
-150.466,62.3739#31.65#31.5#36.85
-150.349,62.3742#31.78#31.55#36.67
-150.233,62.3745#31.92#31.6#36.48
-150.116,62.3747#32.05#31.65#36.3
-149.999,62.3747#32.19#31.7#36.11
-149.883,62.3747#32.3#31.69#36.01
-149.766,62.3745#32.41#31.68#35.91
-149.649,62.3742#32.51#31.67#35.82
-149.533,62.3739#32.62#31.66#35.72
-149.416,62.3734#32.7#31.64#35.66
-149.299,62.3728#32.75#31.61#35.64
-149.182,62.372#32.81#31.59#35.6
-149.066,62.3712#32.87#31.57#35.56
-148.949,62.3703#32.92#31.55#35.53
-148.832,62.3692#32.96#31.54#35.5
-148.716,62.3681#33#31.53#35.47
-148.599,62.3668#33.03#31.51#35.46
-148.483,62.3654#33.06#31.5#35.44
-148.366,62.3639#33.08#31.5#35.42
-148.249,62.3623#33.1#31.49#35.41
-148.133,62.3606#33.12#31.49#35.39
-148.016,62.3588#33.14#31.49#35.37
-147.9,62.3569#33.15#31.49#35.36
-147.783,62.3548#33.16#31.49#35.35
-147.667,62.3527#33.16#31.49#35.35
-147.55,62.3504#33.17#31.5#35.33
-147.434,62.3481#33.17#31.5#35.33
-147.317,62.3456#33.17#31.51#35.32
-147.201,62.343#33.17#31.51#35.32
-147.084,62.3403#33.17#31.52#35.31
-146.968,62.3375#33.16#31.53#35.31
-146.852,62.3346#33.16#31.55#35.29
-146.735,62.3316#33.16#31.57#35.27
-146.619,62.3284#33.15#31.6#35.25
-146.503,62.3252#33.15#31.62#35.23
-146.387,62.3218#33.16#31.66#35.18
-146.27,62.3184#33.17#31.71#35.12
-146.154,62.3148#33.19#31.75#35.06
-146.038,62.3111#33.2#31.8#35
-145.922,62.3073#33.22#31.86#34.92
-145.806,62.3034#33.25#31.92#34.83
-145.69,62.2994#33.28#31.99#34.73
-145.574,62.2953#33.31#32.06#34.63
-145.458,62.291#33.34#32.12#34.54
-145.342,62.2867#33.38#32.18#34.44
-145.226,62.2823#33.41#32.23#34.36
-145.11,62.2777#33.45#32.28#34.27
-144.994,62.273#33.49#32.32#34.19
-144.878,62.2683#33.53#32.33#34.14
-144.763,62.2634#33.58#32.34#34.08
-144.647,62.2584#33.62#32.35#34.03
-144.531,62.2533#33.66#32.36#33.98
-144.416,62.2481#33.72#32.36#33.92
-144.3,62.2428#33.79#32.35#33.86
-144.185,62.2373#33.85#32.34#33.81
-144.069,62.2318#33.91#32.33#33.76
-143.954,62.2262#33.98#32.32#33.7
-143.838,62.2204#34.05#32.31#33.64
-143.723,62.2146#34.12#32.3#33.58
-143.608,62.2086#34.19#32.28#33.53
-143.492,62.2025#34.26#32.27#33.47
-143.377,62.1963#34.36#32.26#33.38
-143.262,62.19#34.46#32.25#33.29
-143.147,62.1837#34.55#32.25#33.2
-143.032,62.1771#34.65#32.24#33.11
-142.917,62.1705#34.77#32.23#33
-142.802,62.1638#34.89#32.22#32.89
-142.687,62.157#35.01#32.22#32.77
-142.573,62.1501#35.13#32.21#32.66
-142.458,62.143#35.25#32.2#32.55
-142.343,62.1359#35.4#32.19#32.41
-142.229,62.1286#35.54#32.18#32.28
-142.114,62.1212#35.68#32.18#32.14
-142,62.1138#35.82#32.17#32.01
-141.885,62.1062#35.99#32.16#31.85
-141.771,62.0985#36.16#32.15#31.69
-141.657,62.0907#36.33#32.14#31.53
