-152.888,58.9008#26.74#39.78#33.48
-152.785,58.9034#26.75#39.93#33.32
-152.682,58.906#26.77#40.08#33.15
-152.579,58.9084#26.78#40.23#32.99
-152.476,58.9108#26.79#40.37#32.84
-152.372,58.913#26.81#40.48#32.71
-152.269,58.9152#26.82#40.59#32.59
-152.166,58.9172#26.84#40.71#32.45
-152.063,58.9192#26.85#40.82#32.33
-151.96,58.9211#26.87#40.86#32.27
-151.857,58.9228#26.89#40.79#32.32
-151.754,58.9245#26.9#40.72#32.38
-151.651,58.9261#26.92#40.64#32.44
-151.548,58.9276#26.94#40.57#32.49
-151.444,58.929#26.95#40.47#32.58
-151.341,58.9303#26.97#40.35#32.68
-151.238,58.9315#26.99#40.23#32.78
-151.135,58.9326#27.01#40.1#32.89
-151.032,58.9336#27.03#39.98#32.99
-150.928,58.9345#27.05#39.79#33.16
-150.825,58.9353#27.07#39.56#33.37
-150.722,58.936#27.09#39.33#33.58
-150.619,58.9366#27.11#39.1#33.79
-150.516,58.9372#27.13#38.87#34
-150.412,58.9376#27.15#38.68#34.17
-150.309,58.9379#27.17#38.51#34.32
-150.206,58.9382#27.2#38.33#34.47
-150.103,58.9383#27.22#38.16#34.62
-149.999,58.9384#27.25#37.99#34.76
-149.896,58.9383#27.27#37.83#34.9
-149.793,58.9382#27.3#37.67#35.03
-149.69,58.9379#27.32#37.51#35.17
-149.586,58.9376#27.35#37.35#35.3
-149.483,58.9372#27.37#37.19#35.44
-149.38,58.9366#27.4#37.07#35.53
-149.277,58.936#27.43#36.95#35.62
-149.174,58.9353#27.45#36.83#35.72
-149.07,58.9345#27.48#36.7#35.82
-148.967,58.9336#27.5#36.59#35.91
-148.864,58.9326#27.53#36.49#35.98
-148.761,58.9315#27.56#36.4#36.04
-148.658,58.9303#27.59#36.3#36.11
-148.554,58.929#27.61#36.2#36.19
-148.451,58.9276#27.64#36.12#36.24
-148.348,58.9261#27.67#36.04#36.29
-148.245,58.9245#27.7#35.96#36.34
-148.142,58.9228#27.73#35.88#36.39
-148.039,58.921#27.76#35.8#36.44
-147.935,58.9192#27.79#35.74#36.47
-147.832,58.9172#27.82#35.67#36.51
-147.729,58.9151#27.86#35.61#36.53
-147.626,58.913#27.89#35.55#36.56
-147.523,58.9107#27.92#35.48#36.6
-147.42,58.9084#27.97#35.43#36.6
-147.317,58.9059#28.01#35.38#36.61
-147.214,58.9034#28.06#35.32#36.62
-147.111,58.9008#28.1#35.27#36.63
-154.438,58.9029#26.57#38.16#35.27
-154.335,58.907#26.58#38.22#35.2
-154.232,58.911#26.59#38.29#35.12
-154.129,58.9148#26.6#38.35#35.05
-154.026,58.9186#26.61#38.42#34.97
-153.923,58.9223#26.62#38.5#34.88
-153.82,58.9259#26.63#38.59#34.78
-153.717,58.9294#26.64#38.67#34.69
-153.614,58.9328#26.65#38.76#34.59
-153.511,58.9361#26.66#38.84#34.5
-153.408,58.9393#26.67#38.96#34.37
-153.305,58.9425#26.69#39.08#34.23
-153.202,58.9455#26.7#39.2#34.1
-153.099,58.9484#26.71#39.32#33.97
-152.996,58.9512#26.72#39.44#33.84
-152.893,58.954#26.74#39.59#33.67
-152.79,58.9566#26.75#39.73#33.52
-152.686,58.9592#26.76#39.88#33.36
-152.583,58.9616#26.78#40.02#33.2
-152.48,58.964#26.79#40.16#33.05
-152.377,58.9662#26.8#40.28#32.92
-152.274,58.9684#26.82#40.4#32.78
-152.17,58.9705#26.83#40.52#32.65
-152.067,58.9724#26.85#40.64#32.51
-151.964,58.9743#26.86#40.69#32.45
-151.86,58.9761#26.88#40.61#32.51
-151.757,58.9778#26.9#40.53#32.57
-151.654,58.9793#26.91#40.45#32.64
-151.55,58.9808#26.93#40.37#32.7
-151.447,58.9822#26.95#40.27#32.78
-151.344,58.9835#26.96#40.16#32.88
-151.24,58.9847#26.98#40.05#32.97
-151.137,58.9858#27#39.93#33.07
-151.033,58.9868#27.02#39.82#33.16
-150.93,58.9878#27.04#39.63#33.33
-150.827,58.9886#27.06#39.41#33.53
-150.723,58.9893#27.08#39.18#33.74
-150.62,58.9899#27.1#38.96#33.94
-150.516,58.9904#27.12#38.74#34.14
-150.413,58.9909#27.14#38.55#34.31
-150.31,58.9912#27.17#38.38#34.45
-150.206,58.9915#27.19#38.21#34.6
-150.103,58.9916#27.22#38.03#34.75
-149.999,58.9916#27.24#37.86#34.9
-149.896,58.9916#27.26#37.71#35.03
-149.793,58.9914#27.29#37.55#35.16
-149.689,58.9912#27.32#37.4#35.28
-149.586,58.9909#27.34#37.25#35.41
-149.482,58.9904#27.37#37.1#35.53
-149.379,58.9899#27.39#36.98#35.63
-149.275,58.9893#27.42#36.86#35.72
-149.172,58.9886#27.45#36.74#35.81
-149.069,58.9877#27.47#36.62#35.91
-148.965,58.9868#27.5#36.51#35.99
-148.862,58.9858#27.53#36.41#36.06
-148.758,58.9847#27.56#36.32#36.12
-148.655,58.9835#27.58#36.22#36.2
-148.552,58.9822#27.61#36.13#36.26
-148.448,58.9808#27.64#36.04#36.32
-148.345,58.9793#27.67#35.96#36.37
-148.242,58.9777#27.7#35.89#36.41
-148.138,58.9761#27.72#35.81#36.47
-148.035,58.9743#27.75#35.73#36.52
-147.932,58.9724#27.79#35.67#36.54
-147.828,58.9704#27.82#35.6#36.58
-147.725,58.9684#27.85#35.54#36.61
-147.622,58.9662#27.88#35.48#36.64
-147.519,58.9639#27.92#35.42#36.66
-147.415,58.9616#27.96#35.36#36.68
-147.312,58.9591#28#35.31#36.69
-147.209,58.9566#28.05#35.26#36.69
-147.106,58.954#28.09#35.21#36.7
-147.003,58.9512#28.14#35.16#36.7
-146.9,58.9484#28.2#35.12#36.68
-146.797,58.9455#28.27#35.07#36.66
-146.693,58.9424#28.34#35.03#36.63
-146.59,58.9393#28.4#34.98#36.62
-146.487,58.9361#28.48#34.94#36.58
-146.384,58.9328#28.58#34.9#36.52
-146.281,58.9294#28.68#34.86#36.46
-146.178,58.9259#28.78#34.83#36.39
-146.075,58.9223#28.88#34.79#36.33
-145.972,58.9186#28.99#34.75#36.26
-145.87,58.9148#29.13#34.72#36.15
-145.767,58.9109#29.27#34.68#36.05
-145.664,58.9069#29.42#34.65#35.93
-145.561,58.9029#29.56#34.61#35.83
-155.577,58.9048#26.48#37.85#35.67
-155.474,58.91#26.49#37.81#35.7
-155.371,58.915#26.49#37.81#35.7
-155.269,58.9199#26.5#37.82#35.68
-155.166,58.9248#26.51#37.82#35.67
-155.063,58.9295#26.52#37.82#35.66
-154.96,58.9342#26.52#37.84#35.64
-154.857,58.9387#26.53#37.87#35.6
-154.755,58.9432#26.54#37.91#35.55
-154.652,58.9476#26.55#37.94#35.51
-154.549,58.9518#26.56#37.98#35.46
-154.446,58.956#26.57#38.03#35.4
-154.343,58.9601#26.58#38.09#35.33
-154.24,58.9641#26.59#38.15#35.26
-154.137,58.968#26.6#38.22#35.18
-154.034,58.9718#26.61#38.28#35.11
-153.93,58.9755#26.62#38.36#35.02
-153.827,58.9791#26.63#38.44#34.93
-153.724,58.9826#26.64#38.52#34.84
-153.621,58.986#26.65#38.6#34.75
-153.518,58.9893#26.66#38.68#34.66
-153.414,58.9925#26.67#38.79#34.54
-153.311,58.9957#26.68#38.91#34.41
-153.208,58.9987#26.7#39.02#34.28
-153.105,59.0016#26.71#39.14#34.15
-153.001,59.0045#26.72#39.26#34.02
-152.898,59.0072#26.73#39.4#33.87
-152.795,59.0098#26.75#39.54#33.71
-152.691,59.0124#26.76#39.68#33.56
-152.588,59.0148#26.77#39.81#33.42
-152.484,59.0172#26.79#39.95#33.26
-152.381,59.0195#26.8#40.08#33.12
-152.278,59.0216#26.82#40.2#32.98
-152.174,59.0237#26.83#40.33#32.84
-152.071,59.0257#26.84#40.46#32.7
-151.967,59.0275#26.86#40.52#32.62
-151.864,59.0293#26.88#40.43#32.69
-151.76,59.031#26.89#40.35#32.76
-151.657,59.0326#26.91#40.26#32.83
-151.553,59.0341#26.92#40.18#32.9
-151.45,59.0355#26.94#40.08#32.98
-151.346,59.0368#26.96#39.97#33.07
-151.242,59.038#26.97#39.87#33.16
-151.139,59.0391#26.99#39.76#33.25
-151.035,59.0401#27.01#39.66#33.33
-150.932,59.041#27.03#39.48#33.49
-150.828,59.0418#27.05#39.26#33.69
-150.725,59.0426#27.07#39.04#33.89
-150.621,59.0432#27.09#38.82#34.09
-150.517,59.0437#27.11#38.6#34.29
-150.414,59.0442#27.14#38.42#34.44
-150.31,59.0445#27.16#38.25#34.59
-150.207,59.0447#27.18#38.08#34.74
-150.103,59.0449#27.21#37.91#34.88
-149.999,59.0449#27.23#37.74#35.03
-149.896,59.0449#27.26#37.59#35.15
-149.792,59.0447#27.28#37.44#35.28
-149.689,59.0445#27.31#37.29#35.4
-149.585,59.0442#27.34#37.15#35.51
-149.481,59.0437#27.36#37#35.64
-149.378,59.0432#27.39#36.89#35.72
-149.274,59.0426#27.42#36.77#35.81
-149.171,59.0418#27.44#36.65#35.91
-149.067,59.041#27.47#36.53#36
-148.963,59.0401#27.5#36.42#36.08
-148.86,59.0391#27.52#36.33#36.15
-148.756,59.038#27.55#36.24#36.21
-148.653,59.0368#27.58#36.14#36.28
-148.549,59.0355#27.61#36.05#36.34
-148.446,59.0341#27.63#35.96#36.41
-148.342,59.0326#27.66#35.89#36.45
-148.239,59.031#27.69#35.81#36.5
-148.135,59.0293#27.72#35.74#36.54
-148.032,59.0275#27.75#35.66#36.59
-147.928,59.0256#27.78#35.6#36.62
-147.825,59.0237#27.81#35.54#36.65
-147.721,59.0216#27.85#35.47#36.68
-147.618,59.0194#27.88#35.41#36.71
-147.514,59.0172#27.91#35.35#36.74
-147.411,59.0148#27.95#35.3#36.75
-147.307,59.0124#28#35.25#36.75
-147.204,59.0098#28.04#35.2#36.76
-147.101,59.0072#28.08#35.15#36.77
-146.997,59.0044#28.12#35.1#36.78
-146.894,59.0016#28.19#35.06#36.75
-146.791,58.9986#28.25#35.01#36.74
-146.687,58.9956#28.32#34.97#36.71
-146.584,58.9925#28.38#34.93#36.69
-146.481,58.9893#28.45#34.88#36.67
-146.378,58.9859#28.55#34.85#36.6
-146.275,58.9825#28.65#34.81#36.54
-146.171,58.979#28.75#34.77#36.48
-146.068,58.9754#28.84#34.73#36.43
-145.965,58.9717#28.96#34.7#36.34
-145.862,58.9679#29.09#34.66#36.25
-145.759,58.964#29.23#34.63#36.14
-145.656,58.96#29.37#34.6#36.03
-145.553,58.956#29.51#34.56#35.93
-145.45,58.9518#29.66#34.53#35.81
-145.347,58.9475#29.83#34.5#35.67
-145.244,58.9431#30#34.47#35.53
-145.141,58.9387#30.17#34.44#35.39
-145.038,58.9341#30.33#34.4#35.27
-144.936,58.9295#30.48#34.37#35.15
-144.833,58.9247#30.63#34.34#35.03
-144.73,58.9199#30.77#34.31#34.92
-144.627,58.9149#30.91#34.28#34.81
-144.525,58.9099#31.05#34.25#34.7
-144.422,58.9048#31.15#34.22#34.63
-156.613,58.9012#26.42#38.6#34.98
-156.511,58.9073#26.42#38.46#35.12
-156.408,58.9133#26.43#38.35#35.22
-156.306,58.9192#26.43#38.25#35.32
-156.203,58.925#26.44#38.15#35.41
-156.1,58.9307#26.45#38.05#35.5
-155.998,58.9363#26.45#37.95#35.6
-155.895,58.9419#26.46#37.9#35.64
-155.792,58.9473#26.47#37.85#35.68
-155.69,58.9526#26.47#37.8#35.73
-155.587,58.9578#26.48#37.75#35.77
-155.484,58.963#26.49#37.71#35.8
-155.381,58.968#26.5#37.71#35.79
-155.278,58.973#26.5#37.71#35.79
-155.175,58.9778#26.51#37.71#35.78
-155.072,58.9826#26.52#37.71#35.77
-154.969,58.9872#26.53#37.72#35.75
-154.866,58.9918#26.53#37.75#35.72
-154.763,58.9963#26.54#37.79#35.67
-154.66,59.0007#26.55#37.82#35.63
-154.557,59.0049#26.56#37.86#35.58
-154.454,59.0091#26.57#37.9#35.53
-154.351,59.0132#26.58#37.96#35.46
-154.247,59.0172#26.59#38.02#35.39
-154.144,59.0211#26.6#38.08#35.32
-154.041,59.0249#26.61#38.14#35.25
-153.938,59.0286#26.62#38.21#35.17
-153.834,59.0322#26.63#38.29#35.08
-153.731,59.0357#26.64#38.37#34.99
-153.627,59.0392#26.65#38.45#34.9
-153.524,59.0425#26.66#38.52#34.82
-153.421,59.0457#26.67#38.63#34.7
-153.317,59.0488#26.68#38.74#34.58
-153.214,59.0519#26.69#38.85#34.46
-153.11,59.0548#26.71#38.96#34.33
-153.007,59.0577#26.72#39.07#34.21
-152.903,59.0604#26.73#39.21#34.06
-152.8,59.0631#26.74#39.34#33.92
-152.696,59.0656#26.76#39.47#33.77
-152.593,59.0681#26.77#39.61#33.62
-152.489,59.0704#26.78#39.74#33.48
-152.385,59.0727#26.8#39.87#33.33
-152.282,59.0749#26.81#40.01#33.18
-152.178,59.077#26.82#40.14#33.04
-152.074,59.0789#26.84#40.27#32.89
-151.971,59.0808#26.85#40.35#32.8
-151.867,59.0826#26.87#40.25#32.88
-151.763,59.0843#26.88#40.16#32.96
-151.66,59.0859#26.9#40.07#33.03
-151.556,59.0874#26.92#39.98#33.1
-151.452,59.0888#26.93#39.88#33.19
-151.348,59.0901#26.95#39.78#33.27
-151.245,59.0913#26.97#39.69#33.34
-151.141,59.0924#26.99#39.59#33.42
-151.037,59.0934#27#39.49#33.51
-150.933,59.0943#27.02#39.32#33.66
-150.83,59.0951#27.04#39.11#33.85
-150.726,59.0959#27.06#38.89#34.05
-150.622,59.0965#27.09#38.68#34.23
-150.518,59.097#27.11#38.47#34.42
-150.415,59.0975#27.13#38.29#34.58
-150.311,59.0978#27.15#38.12#34.73
-150.207,59.098#27.18#37.95#34.87
-150.103,59.0982#27.2#37.78#35.02
-149.999,59.0982#27.23#37.62#35.15
-149.896,59.0982#27.25#37.47#35.28
-149.792,59.098#27.28#37.33#35.39
-149.688,59.0978#27.31#37.19#35.5
-149.584,59.0975#27.33#37.05#35.62
-149.48,59.097#27.36#36.91#35.73
-149.377,59.0965#27.38#36.79#35.83
-149.273,59.0959#27.41#36.68#35.91
-149.169,59.0951#27.44#36.56#36
-149.065,59.0943#27.47#36.45#36.08
-148.961,59.0934#27.49#36.34#36.17
-148.858,59.0924#27.52#36.25#36.23
-148.754,59.0913#27.55#36.16#36.29
-148.65,59.0901#27.58#36.06#36.36
-148.546,59.0888#27.6#35.97#36.43
-148.443,59.0874#27.63#35.89#36.48
-148.339,59.0859#27.66#35.82#36.52
-148.235,59.0843#27.69#35.74#36.57
-148.132,59.0826#27.72#35.67#36.61
-148.028,59.0808#27.75#35.59#36.66
-147.924,59.0789#27.78#35.53#36.69
-147.821,59.0769#27.81#35.47#36.72
-147.717,59.0749#27.84#35.41#36.75
-147.613,59.0727#27.87#35.35#36.78
-147.51,59.0704#27.91#35.29#36.8
-147.406,59.0681#27.95#35.24#36.81
-147.303,59.0656#27.99#35.19#36.82
-147.199,59.063#28.03#35.14#36.83
-147.095,59.0604#28.07#35.09#36.84
-146.992,59.0576#28.11#35.04#36.85
-146.888,59.0548#28.17#34.99#36.84
-146.785,59.0518#28.23#34.95#36.82
-146.681,59.0488#28.3#34.91#36.79
-146.578,59.0457#28.36#34.87#36.77
-146.475,59.0424#28.43#34.83#36.74
-146.371,59.0391#28.52#34.79#36.69
-146.268,59.0357#28.62#34.75#36.63
-146.165,59.0322#28.71#34.72#36.57
-146.061,59.0286#28.81#34.68#36.51
-145.958,59.0249#28.92#34.64#36.44
-145.855,59.0211#29.05#34.61#36.34
-145.751,59.0172#29.19#34.58#36.23
-145.648,59.0132#29.33#34.54#36.13
-145.545,59.0091#29.46#34.51#36.03
-145.442,59.0049#29.62#34.48#35.9
-145.339,59.0006#29.79#34.45#35.76
-145.236,58.9962#29.95#34.42#35.63
-145.133,58.9918#30.12#34.39#35.49
-145.029,58.9872#30.29#34.35#35.36
-144.926,58.9825#30.44#34.32#35.24
-144.824,58.9778#30.59#34.29#35.12
-144.721,58.9729#30.73#34.26#35.01
-144.618,58.968#30.88#34.23#34.89
-144.515,58.9629#31.02#34.2#34.78
-144.412,58.9578#31.13#34.17#34.7
-144.309,58.9525#31.22#34.14#34.64
-144.206,58.9472#31.32#34.11#34.57
-144.104,58.9418#31.41#34.07#34.52
-144.001,58.9363#31.5#34.04#34.46
-143.898,58.9306#31.54#34.01#34.45
-143.796,58.9249#31.58#33.97#34.45
-143.693,58.9191#31.62#33.94#34.44
-143.591,58.9132#31.66#33.9#34.44
-143.488,58.9072#31.69#33.86#34.45
-143.386,58.9012#31.71#33.83#34.46
-157.444,58.902#26.38#39.86#33.76
-157.342,58.9088#26.38#39.68#33.94
-157.24,58.9156#26.39#39.49#34.12
-157.137,58.9222#26.39#39.31#34.3
-157.035,58.9288#26.4#39.13#34.47
-156.933,58.9353#26.4#38.97#34.63
-156.83,58.9417#26.41#38.82#34.77
-156.727,58.9479#26.41#38.68#34.91
-156.625,58.9541#26.42#38.53#35.05
-156.522,58.9602#26.43#38.39#35.18
-156.42,58.9662#26.43#38.27#35.3
-156.317,58.9722#26.44#38.17#35.39
-156.214,58.978#26.44#38.07#35.49
-156.111,58.9837#26.45#37.97#35.58
-156.009,58.9893#26.46#37.87#35.67
-155.906,58.9948#26.46#37.81#35.73
-155.803,59.0003#26.47#37.76#35.77
-155.7,59.0056#26.48#37.7#35.82
-155.597,59.0109#26.48#37.65#35.87
-155.494,59.016#26.49#37.6#35.91
-155.391,59.0211#26.5#37.6#35.9
-155.288,59.026#26.5#37.6#35.9
-155.185,59.0309#26.51#37.6#35.89
-155.081,59.0357#26.52#37.6#35.88
-154.978,59.0403#26.53#37.6#35.87
-154.875,59.0449#26.54#37.63#35.83
-154.772,59.0494#26.54#37.67#35.79
-154.668,59.0538#26.55#37.7#35.75
-154.565,59.0581#26.56#37.73#35.71
-154.462,59.0623#26.57#37.77#35.66
-154.358,59.0664#26.58#37.83#35.59
-154.255,59.0704#26.59#37.89#35.52
-154.152,59.0743#26.6#37.95#35.45
-154.048,59.0781#26.61#38.01#35.38
-153.945,59.0818#26.62#38.07#35.31
-153.841,59.0854#26.63#38.15#35.22
-153.738,59.0889#26.64#38.22#35.14
-153.634,59.0924#26.65#38.29#35.06
-153.53,59.0957#26.66#38.36#34.98
-153.427,59.0989#26.67#38.46#34.87
-153.323,59.1021#26.68#38.57#34.75
-153.22,59.1051#26.69#38.68#34.63
-153.116,59.108#26.7#38.78#34.52
-153.012,59.1109#26.71#38.89#34.4
-152.909,59.1137#26.73#39.02#34.25
-152.805,59.1163#26.74#39.15#34.11
-152.701,59.1189#26.75#39.27#33.98
-152.597,59.1213#26.77#39.4#33.83
-152.493,59.1237#26.78#39.53#33.69
-152.39,59.126#26.79#39.67#33.54
-152.286,59.1281#26.81#39.81#33.38
-152.182,59.1302#26.82#39.95#33.23
-152.078,59.1322#26.83#40.09#33.08
-151.974,59.1341#26.85#40.17#32.98
-151.87,59.1359#26.86#40.08#33.06
-151.767,59.1376#26.88#39.98#33.14
-151.663,59.1392#26.89#39.88#33.23
-151.559,59.1407#26.91#39.78#33.31
-151.455,59.1421#26.93#39.69#33.38
-151.351,59.1434#26.94#39.6#33.46
-151.247,59.1446#26.96#39.51#33.53
-151.143,59.1457#26.98#39.42#33.6
-151.039,59.1467#27#39.33#33.67
-150.935,59.1476#27.02#39.16#33.82
-150.831,59.1484#27.04#38.96#34
-150.727,59.1492#27.06#38.75#34.19
-150.623,59.1498#27.08#38.54#34.38
-150.519,59.1503#27.1#38.34#34.56
-150.415,59.1508#27.12#38.16#34.72
-150.311,59.1511#27.15#37.99#34.86
-150.207,59.1513#27.17#37.83#35
-150.103,59.1515#27.2#37.66#35.14
-149.999,59.1515#27.22#37.49#35.29
-149.895,59.1515#27.25#37.36#35.39
-149.791,59.1513#27.27#37.22#35.51
-149.687,59.1511#27.3#37.08#35.62
-149.583,59.1508#27.33#36.95#35.72
-149.479,59.1503#27.35#36.81#35.84
-149.375,59.1498#27.38#36.7#35.92
-149.271,59.1492#27.41#36.59#36
-149.168,59.1484#27.43#36.47#36.1
-149.064,59.1476#27.46#36.36#36.18
-148.96,59.1467#27.49#36.26#36.25
-148.856,59.1457#27.52#36.17#36.31
-148.752,59.1446#27.54#36.08#36.38
-148.648,59.1434#27.57#35.98#36.45
-148.544,59.1421#27.6#35.89#36.51
-148.44,59.1406#27.63#35.81#36.56
-148.336,59.1391#27.66#35.74#36.6
-148.232,59.1376#27.69#35.67#36.64
-148.128,59.1359#27.71#35.59#36.7
-148.024,59.1341#27.74#35.52#36.74
-147.921,59.1322#27.77#35.46#36.77
-147.817,59.1302#27.81#35.4#36.79
-147.713,59.1281#27.84#35.34#36.82
-147.609,59.1259#27.87#35.28#36.85
-147.505,59.1237#27.9#35.22#36.88
-147.401,59.1213#27.94#35.17#36.89
-147.298,59.1188#27.98#35.12#36.9
-147.194,59.1163#28.02#35.07#36.91
-147.09,59.1136#28.06#35.02#36.92
-146.986,59.1109#28.1#34.98#36.92
-146.883,59.108#28.16#34.93#36.91
-146.779,59.1051#28.22#34.89#36.89
-146.675,59.102#28.27#34.85#36.88
-146.572,59.0989#28.33#34.81#36.86
-146.468,59.0956#28.4#34.77#36.83
-146.365,59.0923#28.49#34.73#36.78
-146.261,59.0889#28.59#34.7#36.71
-146.158,59.0854#28.68#34.66#36.66
-146.054,59.0817#28.77#34.62#36.61
-145.951,59.078#28.88#34.59#36.53
-145.847,59.0742#29.01#34.56#36.43
-145.744,59.0703#29.15#34.52#36.33
-145.64,59.0663#29.28#34.49#36.23
-145.537,59.0622#29.41#34.46#36.13
-145.434,59.058#29.57#34.43#36
-145.33,59.0537#29.74#34.4#35.86
-145.227,59.0493#29.91#34.37#35.72
-145.124,59.0448#30.08#34.34#35.58
-145.021,59.0403#30.25#34.31#35.44
-144.917,59.0356#30.4#34.27#35.33
-144.814,59.0308#30.55#34.24#35.21
-144.711,59.026#30.7#34.21#35.09
-144.608,59.021#30.85#34.18#34.97
-144.505,59.0159#31#34.15#34.85
-144.402,59.0108#31.1#34.12#34.78
-144.299,59.0056#31.2#34.09#34.71
-144.196,59.0002#31.3#34.06#34.64
-144.093,58.9948#31.4#34.03#34.57
-143.99,58.9892#31.49#34#34.51
-143.887,58.9836#31.54#33.96#34.5
-143.785,58.9779#31.58#33.93#34.49
-143.682,58.9721#31.62#33.89#34.49
-143.579,58.9662#31.67#33.85#34.48
-143.476,58.9602#31.7#33.82#34.48
-143.374,58.9541#31.72#33.78#34.5
-143.271,58.9479#31.74#33.75#34.51
-143.169,58.9416#31.75#33.71#34.54
-143.066,58.9352#31.77#33.68#34.55
-142.964,58.9287#31.78#33.64#34.58
-142.861,58.9221#31.8#33.6#34.6
-142.759,58.9155#31.81#33.56#34.63
-142.657,58.9087#31.82#33.52#34.66
-142.554,58.9019#31.83#33.48#34.69
-158.173,58.9041#26.35#41.29#32.36
-158.071,58.9116#26.35#41.12#32.53
-157.969,58.919#26.36#40.93#32.71
-157.867,58.9264#26.36#40.7#32.94
-157.765,58.9336#26.37#40.47#33.16
-157.662,58.9408#26.37#40.24#33.39
-157.56,58.9478#26.38#40.01#33.61
-157.458,58.9548#26.38#39.8#33.82
-157.355,58.9616#26.39#39.62#33.99
-157.253,58.9684#26.39#39.43#34.18
-157.15,58.9751#26.4#39.25#34.35
-157.048,58.9817#26.4#39.06#34.54
-156.945,58.9882#26.41#38.9#34.69
-156.842,58.9946#26.41#38.75#34.84
-156.74,59.0009#26.42#38.6#34.98
-156.637,59.0071#26.42#38.46#35.12
-156.534,59.0132#26.43#38.32#35.25
-156.431,59.0192#26.43#38.2#35.37
-156.328,59.0251#26.44#38.09#35.47
-156.225,59.0309#26.45#37.99#35.56
-156.122,59.0367#26.45#37.88#35.67
-156.019,59.0423#26.46#37.78#35.76
-155.916,59.0478#26.47#37.71#35.82
-155.813,59.0533#26.47#37.66#35.87
-155.71,59.0586#26.48#37.6#35.92
-155.607,59.0639#26.49#37.55#35.96
-155.504,59.0691#26.49#37.49#36.02
-155.4,59.0741#26.5#37.49#36.01
-155.297,59.0791#26.51#37.49#36
-155.194,59.084#26.51#37.49#36
-155.091,59.0887#26.52#37.48#36
-154.987,59.0934#26.53#37.48#35.99
-154.884,59.098#26.54#37.52#35.94
-154.78,59.1025#26.54#37.55#35.91
-154.677,59.1069#26.55#37.58#35.87
-154.573,59.1112#26.56#37.61#35.83
-154.47,59.1154#26.57#37.65#35.78
-154.366,59.1195#26.58#37.7#35.72
-154.263,59.1235#26.59#37.76#35.65
-154.159,59.1274#26.6#37.81#35.59
-154.055,59.1312#26.61#37.87#35.52
-153.952,59.135#26.62#37.93#35.45
-153.848,59.1386#26.63#38#35.37
-153.744,59.1421#26.64#38.07#35.29
-153.641,59.1456#26.65#38.14#35.21
-153.537,59.1489#26.66#38.2#35.14
-153.433,59.1521#26.67#38.29#35.04
-153.329,59.1553#26.68#38.4#34.92
-153.225,59.1583#26.69#38.5#34.81
-153.122,59.1613#26.7#38.61#34.69
-153.018,59.1641#26.71#38.71#34.58
-152.914,59.1669#26.72#38.83#34.45
-152.81,59.1696#26.74#38.95#34.31
-152.706,59.1721#26.75#39.07#34.18
-152.602,59.1746#26.76#39.2#34.04
-152.498,59.177#26.78#39.32#33.9
-152.394,59.1792#26.79#39.46#33.75
-152.29,59.1814#26.8#39.61#33.59
-152.186,59.1835#26.82#39.75#33.43
-152.082,59.1855#26.83#39.9#33.27
-151.978,59.1874#26.85#39.99#33.16
-151.874,59.1892#26.86#39.88#33.26
-151.77,59.1909#26.88#39.78#33.34
-151.666,59.1925#26.9#39.68#33.42
-151.562,59.194#26.91#39.58#33.51
-151.458,59.1954#26.93#39.48#33.59
-151.353,59.1967#26.95#39.4#33.65
-151.249,59.1979#26.96#39.31#33.73
-151.145,59.199#26.98#39.22#33.8
-151.041,59.2#27#39.13#33.87
-150.937,59.2009#27.02#38.98#34
-150.833,59.2018#27.04#38.78#34.18
-150.729,59.2025#27.07#38.58#34.35
-150.624,59.2031#27.09#38.38#34.53
-150.52,59.2037#27.11#38.18#34.71
-150.416,59.2041#27.13#38.01#34.86
-150.312,59.2044#27.16#37.85#34.99
-150.208,59.2047#27.19#37.69#35.12
-150.104,59.2048#27.21#37.52#35.27
-149.999,59.2049#27.24#37.36#35.4
-149.895,59.2048#27.26#37.23#35.51
-149.791,59.2047#27.29#37.09#35.62
-149.687,59.2044#27.32#36.96#35.72
-149.583,59.2041#27.34#36.83#35.83
-149.478,59.2037#27.37#36.7#35.93
-149.374,59.2031#27.4#36.59#36.01
-149.27,59.2025#27.43#36.48#36.09
-149.166,59.2018#27.45#36.37#36.18
-149.062,59.2009#27.48#36.26#36.26
-148.958,59.2#27.51#36.16#36.33
-148.854,59.199#27.53#36.07#36.4
-148.749,59.1979#27.56#35.99#36.45
-148.645,59.1967#27.59#35.9#36.51
-148.541,59.1954#27.61#35.81#36.58
-148.437,59.194#27.64#35.73#36.63
-148.333,59.1924#27.67#35.66#36.67
-148.229,59.1908#27.7#35.59#36.71
-148.125,59.1892#27.72#35.52#36.76
-148.021,59.1874#27.75#35.45#36.8
-147.917,59.1855#27.78#35.39#36.83
-147.813,59.1835#27.81#35.33#36.86
-147.709,59.1814#27.84#35.27#36.89
-147.605,59.1792#27.87#35.21#36.92
-147.501,59.1769#27.9#35.15#36.95
-147.397,59.1746#27.93#35.11#36.96
-147.293,59.1721#27.97#35.06#36.97
-147.189,59.1695#28.01#35.01#36.98
-147.085,59.1669#28.05#34.96#36.99
-146.981,59.1641#28.09#34.92#36.99
-146.877,59.1612#28.14#34.87#36.99
-146.773,59.1583#28.2#34.83#36.97
-146.669,59.1552#28.25#34.79#36.96
-146.566,59.1521#28.31#34.75#36.94
-146.462,59.1489#28.38#34.71#36.91
-146.358,59.1455#28.47#34.68#36.85
-146.254,59.1421#28.55#34.64#36.81
-146.151,59.1386#28.64#34.6#36.76
-146.047,59.1349#28.73#34.57#36.7
-145.943,59.1312#28.84#34.53#36.63
-145.84,59.1274#28.97#34.5#36.53
-145.736,59.1235#29.1#34.47#36.43
-145.632,59.1195#29.23#34.44#36.33
-145.529,59.1153#29.37#34.4#36.23
-145.425,59.1111#29.52#34.37#36.11
-145.322,59.1068#29.7#34.34#35.96
-145.218,59.1024#29.87#34.31#35.82
-145.115,59.098#30.04#34.29#35.67
-145.012,59.0934#30.21#34.26#35.53
-144.908,59.0887#30.36#34.23#35.41
-144.805,59.0839#30.51#34.2#35.29
-144.701,59.079#30.67#34.17#35.16
-144.598,59.0741#30.82#34.14#35.04
-144.495,59.069#30.97#34.11#34.92
-144.392,59.0638#31.07#34.08#34.85
-144.289,59.0586#31.18#34.04#34.78
-144.185,59.0532#31.29#34.01#34.7
-144.082,59.0478#31.39#33.98#34.63
-143.979,59.0422#31.49#33.95#34.56
-143.876,59.0366#31.53#33.92#34.55
-143.773,59.0309#31.58#33.88#34.54
-143.67,59.025#31.63#33.84#34.53
-143.568,59.0191#31.67#33.81#34.52
-143.465,59.0131#31.71#33.78#34.51
-143.362,59.007#31.73#33.74#34.53
-143.259,59.0008#31.75#33.71#34.54
-143.156,58.9945#31.77#33.67#34.56
-143.054,58.9881#31.78#33.64#34.58
-142.951,58.9816#31.8#33.6#34.6
-142.849,58.975#31.81#33.56#34.63
-142.746,58.9683#31.83#33.52#34.65
-142.643,58.9616#31.84#33.48#34.68
-142.541,58.9547#31.85#33.44#34.71
-142.439,58.9477#31.86#33.4#34.74
-142.336,58.9407#31.88#33.36#34.76
-142.234,58.9335#31.89#33.32#34.79
-142.132,58.9263#31.91#33.28#34.81
-142.03,58.9189#31.92#33.25#34.83
-141.927,58.9115#31.94#33.21#34.85
-141.825,58.904#31.96#33.18#34.86
-158.903,58.9014#26.32#42.41#31.27
-158.801,58.9096#26.33#42.24#31.43
-158.699,58.9177#26.33#42.07#31.6
-158.597,58.9257#26.33#41.89#31.78
-158.495,58.9336#26.34#41.72#31.94
-158.393,58.9414#26.34#41.55#32.11
-158.29,58.9492#26.35#41.39#32.26
-158.188,58.9568#26.35#41.22#32.43
-158.086,58.9643#26.36#41.06#32.58
-157.984,58.9718#26.36#40.88#32.76
-157.881,58.9791#26.37#40.65#32.98
-157.779,58.9864#26.37#40.42#33.21
-157.676,58.9935#26.38#40.19#33.43
-157.574,59.0006#26.38#39.96#33.66
-157.471,59.0076#26.38#39.74#33.88
-157.368,59.0145#26.39#39.56#34.05
-157.266,59.0213#26.4#39.37#34.23
-157.163,59.028#26.4#39.18#34.42
-157.06,59.0346#26.41#38.99#34.6
-156.958,59.0411#26.41#38.82#34.77
-156.855,59.0475#26.42#38.68#34.9
-156.752,59.0538#26.42#38.53#35.05
-156.649,59.06#26.43#38.39#35.18
-156.546,59.0661#26.43#38.24#35.33
-156.443,59.0721#26.44#38.12#35.44
-156.34,59.0781#26.44#38.02#35.54
-156.237,59.0839#26.45#37.91#35.64
-156.133,59.0897#26.46#37.8#35.74
-156.03,59.0953#26.46#37.69#35.85
-155.927,59.1009#26.47#37.62#35.91
-155.824,59.1063#26.47#37.56#35.97
-155.72,59.1117#26.48#37.51#36.01
-155.617,59.1169#26.49#37.45#36.06
-155.514,59.1221#26.49#37.39#36.12
-155.41,59.1272#26.5#37.38#36.12
-155.307,59.1322#26.51#37.38#36.11
-155.203,59.1371#26.52#37.37#36.11
-155.1,59.1418#26.52#37.37#36.11
-154.996,59.1465#26.53#37.37#36.1
-154.893,59.1511#26.54#37.4#36.06
-154.789,59.1556#26.55#37.43#36.02
-154.685,59.16#26.55#37.46#35.99
-154.582,59.1643#26.56#37.49#35.95
-154.478,59.1686#26.57#37.52#35.91
-154.374,59.1727#26.58#37.57#35.85
-154.27,59.1767#26.59#37.63#35.78
-154.167,59.1806#26.6#37.68#35.72
-154.063,59.1844#26.61#37.73#35.66
-153.959,59.1882#26.62#37.79#35.59
-153.855,59.1918#26.63#37.85#35.52
-153.751,59.1953#26.64#37.92#35.44
-153.647,59.1988#26.65#37.98#35.37
-153.543,59.2021#26.66#38.05#35.29
-153.439,59.2054#26.68#38.13#35.19
-153.335,59.2085#26.69#38.23#35.08
-153.231,59.2116#26.7#38.33#34.97
-153.127,59.2145#26.71#38.43#34.86
-153.023,59.2174#26.72#38.53#34.75
-152.919,59.2202#26.74#38.65#34.61
-152.815,59.2228#26.75#38.76#34.49
-152.711,59.2254#26.76#38.88#34.36
-152.607,59.2279#26.78#38.99#34.23
-152.503,59.2303#26.79#39.11#34.1
-152.398,59.2325#26.8#39.25#33.95
-152.294,59.2347#26.82#39.39#33.79
-152.19,59.2368#26.83#39.53#33.64
-152.086,59.2388#26.85#39.67#33.48
-151.982,59.2407#26.86#39.76#33.38
-151.877,59.2425#26.88#39.66#33.46
-151.773,59.2442#26.89#39.56#33.55
-151.669,59.2458#26.91#39.46#33.63
-151.564,59.2473#26.92#39.36#33.72
-151.46,59.2487#26.94#39.27#33.79
-151.356,59.25#26.96#39.18#33.86
-151.252,59.2512#26.98#39.09#33.93
-151.147,59.2523#27#39.01#33.99
-151.043,59.2534#27.02#38.92#34.06
-150.939,59.2543#27.04#38.77#34.19
-150.834,59.2551#27.06#38.58#34.36
-150.73,59.2558#27.09#38.39#34.52
-150.626,59.2565#27.11#38.21#34.68
-150.521,59.257#27.13#38.02#34.85
-150.417,59.2574#27.16#37.85#34.99
-150.312,59.2578#27.19#37.7#35.11
-150.208,59.258#27.21#37.54#35.25
-150.104,59.2582#27.24#37.38#35.38
-149.999,59.2582#27.27#37.22#35.51
-149.895,59.2582#27.29#37.09#35.62
-149.791,59.258#27.32#36.96#35.72
-149.686,59.2578#27.35#36.83#35.82
-149.582,59.2574#27.38#36.71#35.91
-149.478,59.257#27.4#36.58#36.02
-149.373,59.2565#27.43#36.48#36.09
-149.269,59.2558#27.46#36.37#36.17
-149.164,59.2551#27.49#36.26#36.25
-149.06,59.2543#27.52#36.15#36.33
-148.956,59.2533#27.54#36.06#36.4
-148.851,59.2523#27.57#35.97#36.46
-148.747,59.2512#27.6#35.89#36.51
-148.643,59.25#27.62#35.8#36.58
-148.539,59.2487#27.65#35.72#36.63
-148.434,59.2473#27.68#35.64#36.68
-148.33,59.2458#27.71#35.57#36.72
-148.226,59.2442#27.73#35.5#36.77
-148.121,59.2425#27.76#35.43#36.81
-148.017,59.2407#27.79#35.36#36.85
-147.913,59.2388#27.82#35.3#36.88
-147.809,59.2368#27.85#35.25#36.9
-147.705,59.2347#27.88#35.19#36.93
-147.6,59.2325#27.91#35.13#36.96
-147.496,59.2302#27.94#35.08#36.98
-147.392,59.2278#27.97#35.03#37
-147.288,59.2254#28.01#34.98#37.01
-147.184,59.2228#28.04#34.94#37.02
-147.08,59.2201#28.08#34.89#37.03
-146.976,59.2174#28.12#34.85#37.03
-146.871,59.2145#28.17#34.81#37.02
-146.767,59.2115#28.22#34.77#37.01
-146.663,59.2085#28.27#34.73#37
-146.559,59.2053#28.32#34.69#36.99
-146.455,59.2021#28.38#34.65#36.97
-146.351,59.1987#28.46#34.62#36.92
-146.248,59.1953#28.55#34.58#36.87
-146.144,59.1918#28.63#34.55#36.82
-146.04,59.1881#28.71#34.51#36.78
-145.936,59.1844#28.82#34.48#36.7
-145.832,59.1806#28.94#34.45#36.61
-145.728,59.1766#29.07#34.42#36.51
-145.624,59.1726#29.19#34.38#36.43
-145.521,59.1685#29.32#34.35#36.33
-145.417,59.1643#29.48#34.32#36.2
-145.313,59.16#29.65#34.29#36.06
-145.21,59.1556#29.82#34.26#35.92
-145.106,59.1511#29.99#34.24#35.77
-145.002,59.1465#30.16#34.21#35.63
-144.899,59.1418#30.32#34.18#35.5
-144.795,59.137#30.48#34.15#35.37
-144.692,59.1321#30.63#34.12#35.25
-144.588,59.1271#30.79#34.09#35.12
-144.485,59.1221#30.94#34.06#35
-144.382,59.1169#31.05#34.03#34.92
-144.278,59.1116#31.16#34#34.84
-144.175,59.1063#31.28#33.97#34.75
-144.072,59.1008#31.39#33.94#34.67
-143.968,59.0952#31.48#33.9#34.62
-143.865,59.0896#31.53#33.87#34.6
-143.762,59.0838#31.58#33.83#34.59
-143.659,59.078#31.63#33.8#34.57
-143.556,59.0721#31.68#33.76#34.56
-143.453,59.066#31.72#33.73#34.55
-143.35,59.0599#31.74#33.7#34.56
-143.247,59.0537#31.76#33.66#34.58
-143.144,59.0474#31.78#33.63#34.59
-143.041,59.041#31.8#33.6#34.6
-142.938,59.0345#31.81#33.56#34.63
-142.836,59.0279#31.83#33.52#34.65
-142.733,59.0212#31.84#33.48#34.68
-142.63,59.0144#31.86#33.44#34.7
-142.528,59.0075#31.87#33.4#34.73
-142.425,59.0005#31.89#33.36#34.75
-142.323,58.9935#31.9#33.32#34.78
-142.22,58.9863#31.92#33.28#34.8
-142.118,58.979#31.93#33.24#34.83
-142.015,58.9717#31.95#33.2#34.85
-141.913,58.9642#31.97#33.17#34.86
-141.811,58.9567#31.99#33.14#34.87
-141.708,58.9491#32#33.11#34.89
-141.606,58.9413#32.02#33.08#34.9
-141.504,58.9335#32.04#33.05#34.91
-141.402,58.9256#32.06#33.03#34.91
-141.3,58.9176#32.08#33#34.92
-141.198,58.9095#32.1#32.98#34.92
-141.096,58.9013#32.12#32.95#34.93
-159.53,58.9028#26.3#43.22#30.48
-159.428,58.9115#26.3#43.09#30.61
-159.326,58.9202#26.31#42.95#30.74
-159.224,58.9288#26.31#42.81#30.88
-159.122,58.9373#26.32#42.67#31.01
-159.021,58.9457#26.32#42.53#31.15
-158.919,58.954#26.33#42.37#31.3
-158.816,58.9622#26.33#42.19#31.48
-158.714,58.9703#26.33#42.01#31.66
-158.612,58.9784#26.34#41.83#31.83
-158.51,58.9863#26.34#41.65#32.01
-158.408,58.9941#26.35#41.49#32.16
-158.305,59.0019#26.35#41.32#32.33
-158.203,59.0095#26.36#41.16#32.48
-158.1,59.0171#26.36#40.99#32.65
-157.998,59.0245#26.37#40.83#32.8
-157.895,59.0319#26.37#40.6#33.03
-157.793,59.0392#26.37#40.37#33.26
-157.69,59.0464#26.38#40.14#33.48
-157.587,59.0534#26.38#39.91#33.71
-157.485,59.0604#26.39#39.69#33.92
-157.382,59.0673#26.39#39.5#34.11
-157.279,59.0741#26.4#39.31#34.29
-157.176,59.0808#26.4#39.12#34.48
-157.073,59.0874#26.41#38.93#34.66
-156.97,59.094#26.41#38.75#34.84
-156.867,59.1004#26.42#38.61#34.97
-156.764,59.1067#26.42#38.46#35.12
-156.661,59.1129#26.43#38.32#35.25
-156.558,59.1191#26.44#38.17#35.39
-156.454,59.1251#26.44#38.05#35.51
-156.351,59.1311#26.45#37.94#35.61
-156.248,59.1369#26.45#37.83#35.72
-156.145,59.1427#26.46#37.72#35.82
-156.041,59.1483#26.46#37.61#35.93
-155.938,59.1539#26.47#37.53#36
-155.834,59.1594#26.48#37.47#36.05
-155.731,59.1647#26.48#37.41#36.11
-155.627,59.17#26.49#37.35#36.16
-155.524,59.1752#26.5#37.29#36.21
-155.42,59.1803#26.51#37.27#36.22
-155.316,59.1853#26.51#37.27#36.22
-155.213,59.1902#26.52#37.26#36.22
-155.109,59.195#26.53#37.26#36.21
-155.005,59.1997#26.54#37.25#36.21
-154.902,59.2043#26.55#37.28#36.17
-154.798,59.2088#26.56#37.3#36.14
-154.694,59.2132#26.57#37.33#36.1
-154.59,59.2175#26.58#37.36#36.06
-154.486,59.2217#26.58#37.39#36.03
-154.382,59.2258#26.6#37.44#35.96
-154.278,59.2299#26.61#37.49#35.9
-154.174,59.2338#26.62#37.54#35.84
-154.07,59.2376#26.63#37.59#35.78
-153.966,59.2414#26.64#37.64#35.72
-153.862,59.245#26.65#37.71#35.64
-153.758,59.2486#26.66#37.77#35.57
-153.654,59.252#26.67#37.83#35.5
-153.55,59.2554#26.68#37.89#35.43
-153.446,59.2586#26.69#37.97#35.34
-153.341,59.2618#26.7#38.07#35.23
-153.237,59.2648#26.71#38.16#35.13
-153.133,59.2678#26.73#38.26#35.01
-153.029,59.2707#26.74#38.36#34.9
-152.924,59.2734#26.75#38.46#34.79
-152.82,59.2761#26.76#38.57#34.67
-152.716,59.2787#26.78#38.68#34.54
-152.611,59.2812#26.79#38.79#34.42
-152.507,59.2835#26.8#38.9#34.3
-152.403,59.2858#26.82#39.03#34.15
-152.298,59.288#26.83#39.17#34
-152.194,59.2901#26.84#39.3#33.86
-152.09,59.2921#26.86#39.44#33.7
-151.985,59.294#26.87#39.54#33.59
-151.881,59.2958#26.89#39.44#33.67
-151.776,59.2975#26.9#39.34#33.76
-151.672,59.2991#26.92#39.24#33.84
-151.567,59.3006#26.94#39.15#33.91
-151.463,59.302#26.95#39.05#34
-151.358,59.3033#26.97#38.97#34.06
-151.254,59.3046#26.99#38.88#34.13
-151.149,59.3057#27.01#38.79#34.2
-151.045,59.3067#27.03#38.7#34.27
-150.94,59.3076#27.06#38.57#34.37
-150.836,59.3085#27.08#38.39#34.53
-150.731,59.3092#27.11#38.21#34.68
-150.627,59.3098#27.13#38.03#34.84
-150.522,59.3103#27.16#37.85#34.99
-150.418,59.3108#27.18#37.69#35.13
-150.313,59.3111#27.21#37.54#35.25
-150.208,59.3114#27.24#37.39#35.37
-150.104,59.3115#27.27#37.23#35.5
-149.999,59.3116#27.3#37.08#35.62
-149.895,59.3115#27.32#36.96#35.72
-149.79,59.3114#27.35#36.83#35.82
-149.686,59.3111#27.38#36.71#35.91
-149.581,59.3108#27.41#36.58#36.01
-149.477,59.3103#27.44#36.46#36.1
-149.372,59.3098#27.47#36.36#36.17
-149.267,59.3092#27.49#36.26#36.25
-149.163,59.3084#27.52#36.15#36.33
-149.058,59.3076#27.55#36.05#36.4
-148.954,59.3067#27.58#35.95#36.47
-148.849,59.3057#27.61#35.87#36.52
-148.745,59.3045#27.63#35.79#36.58
-148.64,59.3033#27.66#35.7#36.64
-148.536,59.302#27.69#35.62#36.69
-148.431,59.3006#27.72#35.55#36.73
-148.327,59.2991#27.74#35.48#36.78
-148.222,59.2975#27.77#35.41#36.82
-148.118,59.2958#27.8#35.34#36.86
-148.014,59.294#27.83#35.28#36.89
-147.909,59.2921#27.86#35.22#36.92
-147.805,59.2901#27.88#35.16#36.96
-147.7,59.288#27.91#35.11#36.98
-147.596,59.2858#27.94#35.05#37.01
-147.492,59.2835#27.97#35#37.03
-147.387,59.2811#28.01#34.96#37.03
-147.283,59.2787#28.04#34.91#37.05
-147.179,59.2761#28.08#34.86#37.06
-147.074,59.2734#28.11#34.82#37.07
-146.97,59.2706#28.15#34.78#37.07
-146.866,59.2678#28.2#34.74#37.06
-146.762,59.2648#28.25#34.7#37.05
-146.657,59.2617#28.3#34.66#37.04
-146.553,59.2586#28.35#34.62#37.03
-146.449,59.2553#28.41#34.58#37.01
-146.345,59.252#28.49#34.55#36.96
-146.241,59.2485#28.57#34.52#36.91
-146.137,59.245#28.65#34.48#36.87
-146.033,59.2413#28.73#34.45#36.82
-145.928,59.2376#28.83#34.42#36.75
-145.824,59.2338#28.95#34.39#36.66
-145.72,59.2298#29.07#34.36#36.57
-145.617,59.2258#29.19#34.32#36.49
-145.513,59.2217#29.31#34.29#36.4
-145.409,59.2174#29.47#34.27#36.26
-145.305,59.2131#29.64#34.24#36.12
-145.201,59.2087#29.8#34.21#35.99
-145.097,59.2042#29.97#34.18#35.85
-144.993,59.1996#30.13#34.15#35.72
-144.89,59.1949#30.29#34.13#35.58
-144.786,59.1901#30.45#34.1#35.45
-144.682,59.1852#30.6#34.07#35.33
-144.579,59.1802#30.76#34.04#35.2
-144.475,59.1751#30.91#34.01#35.08
-144.371,59.1699#31.03#33.98#34.99
-144.268,59.1647#31.15#33.95#34.9
-144.164,59.1593#31.26#33.92#34.82
-144.061,59.1538#31.38#33.89#34.73
-143.958,59.1483#31.47#33.86#34.67
-143.854,59.1426#31.53#33.82#34.65
-143.751,59.1368#31.59#33.79#34.62
-143.648,59.131#31.64#33.75#34.61
-143.544,59.125#31.69#33.72#34.59
-143.441,59.119#31.73#33.69#34.58
-143.338,59.1129#31.75#33.65#34.6
-143.235,59.1066#31.77#33.62#34.61
-143.132,59.1003#31.79#33.59#34.62
-143.029,59.0939#31.81#33.56#34.63
-142.926,59.0874#31.83#33.52#34.65
-142.823,59.0807#31.85#33.48#34.67
-142.72,59.074#31.86#33.44#34.7
-142.617,59.0672#31.87#33.4#34.73
-142.514,59.0603#31.89#33.36#34.75
-142.411,59.0534#31.91#33.32#34.77
-142.309,59.0463#31.92#33.28#34.8
-142.206,59.0391#31.94#33.24#34.82
-142.103,59.0318#31.96#33.2#34.84
-142.001,59.0244#31.97#33.16#34.87
-141.898,59.017#31.99#33.13#34.88
-141.796,59.0094#32.01#33.11#34.88
-141.693,59.0018#32.03#33.08#34.89
-141.591,58.994#32.05#33.05#34.9
-141.489,58.9862#32.07#33.02#34.91
-141.387,58.9783#32.09#33#34.91
-141.284,58.9702#32.11#32.98#34.91
-141.182,58.9621#32.13#32.95#34.92
-141.08,58.9539#32.16#32.93#34.91
-140.978,58.9456#32.17#32.91#34.92
-140.876,58.9372#32.14#32.88#34.98
-140.774,58.9287#32.11#32.85#35.04
-140.672,58.9201#32.08#32.82#35.1
-140.571,58.9114#32.05#32.8#35.15
-140.469,58.9027#32.02#32.76#35.22
-160.157,58.9006#26.28#43.85#29.87
-160.055,58.91#26.28#43.76#29.96
-159.954,58.9192#26.29#43.65#30.06
-159.852,58.9284#26.29#43.54#30.17
-159.75,58.9374#26.3#43.42#30.28
-159.649,58.9464#26.3#43.31#30.39
-159.547,58.9553#26.3#43.19#30.51
-159.445,58.9641#26.31#43.06#30.63
-159.343,58.9728#26.31#42.92#30.77
-159.241,58.9814#26.32#42.78#30.9
-159.139,58.9899#26.32#42.64#31.04
-159.037,58.9983#26.33#42.49#31.18
-158.935,59.0066#26.33#42.32#31.35
-158.832,59.0149#26.33#42.14#31.53
-158.73,59.023#26.34#41.96#31.7
-158.628,59.031#26.34#41.78#31.88
-158.525,59.039#26.35#41.59#32.06
-158.423,59.0468#26.35#41.42#32.23
-158.32,59.0546#26.36#41.25#32.39
-158.218,59.0623#26.36#41.09#32.55
-158.115,59.0698#26.36#40.93#32.71
-158.012,59.0773#26.37#40.76#32.87
-157.91,59.0847#26.37#40.54#33.09
-157.807,59.092#26.38#40.31#33.31
-157.704,59.0992#26.38#40.09#33.53
-157.601,59.1063#26.39#39.86#33.75
-157.498,59.1133#26.39#39.63#33.98
-157.395,59.1202#26.4#39.44#34.16
-157.292,59.127#26.4#39.25#34.35
-157.189,59.1337#26.41#39.06#34.53
-157.086,59.1403#26.41#38.86#34.73
-156.983,59.1469#26.42#38.68#34.9
-156.879,59.1533#26.42#38.53#35.05
-156.776,59.1597#26.43#38.39#35.18
-156.673,59.1659#26.43#38.25#35.32
-156.57,59.172#26.44#38.1#35.46
-156.466,59.1781#26.45#37.97#35.58
-156.363,59.1841#26.45#37.86#35.69
-156.259,59.1899#26.46#37.75#35.79
-156.156,59.1957#26.47#37.64#35.89
-156.052,59.2014#26.48#37.52#36
-155.949,59.2069#26.48#37.44#36.08
-155.845,59.2124#26.49#37.37#36.14
-155.741,59.2178#26.5#37.31#36.19
-155.637,59.2231#26.51#37.25#36.24
-155.534,59.2283#26.51#37.19#36.3
-155.43,59.2334#26.52#37.17#36.31
-155.326,59.2384#26.53#37.16#36.31
-155.222,59.2433#26.54#37.15#36.31
-155.118,59.2481#26.55#37.14#36.31
-155.014,59.2528#26.56#37.13#36.31
-154.91,59.2574#26.56#37.16#36.28
-154.806,59.2619#26.57#37.18#36.25
-154.702,59.2663#26.58#37.2#36.22
-154.598,59.2707#26.59#37.23#36.18
-154.494,59.2749#26.6#37.26#36.14
-154.39,59.279#26.61#37.3#36.09
-154.286,59.2831#26.62#37.35#36.03
-154.182,59.287#26.63#37.4#35.97
-154.078,59.2909#26.64#37.45#35.91
-153.973,59.2946#26.65#37.5#35.85
-153.869,59.2982#26.66#37.56#35.78
-153.765,59.3018#26.67#37.62#35.71
-153.661,59.3053#26.68#37.68#35.64
-153.556,59.3086#26.69#37.74#35.57
-153.452,59.3119#26.71#37.81#35.48
-153.347,59.315#26.72#37.91#35.37
-153.243,59.3181#26.73#38#35.27
-153.139,59.3211#26.74#38.09#35.17
-153.034,59.3239#26.75#38.18#35.07
-152.93,59.3267#26.76#38.28#34.96
-152.825,59.3294#26.78#38.38#34.84
-152.721,59.332#26.79#38.49#34.72
-152.616,59.3345#26.8#38.59#34.61
-152.512,59.3369#26.82#38.69#34.49
-152.407,59.3391#26.83#38.82#34.35
-152.303,59.3413#26.84#38.95#34.21
-152.198,59.3434#26.86#39.08#34.06
-152.093,59.3454#26.87#39.21#33.92
-151.989,59.3473#26.88#39.31#33.81
-151.884,59.3491#26.9#39.21#33.89
-151.779,59.3508#26.92#39.12#33.96
-151.675,59.3525#26.93#39.02#34.05
-151.57,59.354#26.95#38.93#34.12
-151.466,59.3554#26.97#38.84#34.19
-151.361,59.3567#26.99#38.75#34.26
-151.256,59.3579#27.01#38.66#34.33
-151.151,59.359#27.03#38.58#34.39
-151.047,59.3601#27.05#38.49#34.46
-150.942,59.361#27.07#38.36#34.57
-150.837,59.3618#27.1#38.19#34.71
-150.733,59.3625#27.13#38.02#34.85
-150.628,59.3632#27.15#37.85#35
-150.523,59.3637#27.18#37.69#35.13
-150.418,59.3642#27.21#37.53#35.26
-150.314,59.3645#27.24#37.39#35.37
-150.209,59.3647#27.27#37.24#35.49
-150.104,59.3649#27.3#37.09#35.61
-149.999,59.3649#27.33#36.94#35.73
-149.895,59.3649#27.36#36.82#35.82
-149.79,59.3647#27.38#36.7#35.92
-149.685,59.3645#27.41#36.58#36.01
-149.58,59.3641#27.44#36.46#36.1
-149.476,59.3637#27.47#36.34#36.19
-149.371,59.3632#27.5#36.24#36.26
-149.266,59.3625#27.53#36.14#36.33
-149.161,59.3618#27.56#36.04#36.4
-149.057,59.361#27.59#35.94#36.47
-148.952,59.36#27.61#35.85#36.54
-148.847,59.359#27.64#35.77#36.59
-148.743,59.3579#27.67#35.69#36.64
-148.638,59.3567#27.7#35.61#36.69
-148.533,59.3554#27.73#35.53#36.74
-148.429,59.3539#27.75#35.46#36.79
-148.324,59.3524#27.78#35.39#36.83
-148.219,59.3508#27.81#35.32#36.87
-148.115,59.3491#27.84#35.26#36.9
-148.01,59.3473#27.86#35.19#36.95
