-153.416,59.9018#27.01#36.09#36.9
-153.309,59.905#27.02#36.14#36.84
-153.203,59.908#27.03#36.18#36.79
-153.096,59.9109#27.04#36.23#36.73
-152.99,59.9138#27.06#36.27#36.67
-152.883,59.9165#27.07#36.32#36.61
-152.777,59.9192#27.08#36.37#36.55
-152.67,59.9217#27.09#36.41#36.5
-152.563,59.9241#27.11#36.46#36.43
-152.456,59.9265#27.12#36.5#36.38
-152.35,59.9287#27.14#36.55#36.31
-152.243,59.9309#27.16#36.6#36.24
-152.136,59.9329#27.18#36.65#36.17
-152.03,59.9349#27.2#36.69#36.11
-151.923,59.9367#27.23#36.67#36.1
-151.816,59.9385#27.26#36.62#36.12
-151.709,59.9401#27.29#36.57#36.14
-151.602,59.9417#27.33#36.51#36.16
-151.496,59.9431#27.36#36.46#36.18
-151.389,59.9444#27.42#36.39#36.19
-151.282,59.9457#27.47#36.32#36.21
-151.175,59.9468#27.52#36.25#36.23
-151.068,59.9479#27.57#36.18#36.25
-150.961,59.9488#27.63#36.11#36.26
-150.854,59.9497#27.68#36.02#36.3
-150.748,59.9504#27.74#35.94#36.32
-150.641,59.9511#27.8#35.85#36.35
-150.534,59.9516#27.85#35.77#36.38
-150.427,59.9521#27.9#35.68#36.42
-150.32,59.9524#27.95#35.58#36.47
-150.213,59.9527#28#35.49#36.51
-150.106,59.9528#28.04#35.4#36.56
-149.999,59.9529#28.09#35.31#36.6
-149.892,59.9528#28.13#35.24#36.63
-149.786,59.9527#28.16#35.17#36.67
-149.679,59.9524#28.2#35.09#36.71
-149.572,59.9521#28.24#35.02#36.74
-149.465,59.9516#28.28#34.95#36.77
-149.358,59.9511#28.31#34.89#36.8
-149.251,59.9504#28.34#34.82#36.84
-149.144,59.9497#28.37#34.76#36.87
-149.037,59.9488#28.41#34.7#36.89
-148.93,59.9479#28.44#34.64#36.92
-148.824,59.9468#28.46#34.59#36.95
-148.717,59.9457#28.49#34.54#36.97
-148.61,59.9444#28.52#34.49#36.99
-148.503,59.9431#28.55#34.43#37.02
-148.396,59.9416#28.58#34.39#37.03
-148.289,59.9401#28.6#34.35#37.05
-148.183,59.9384#28.62#34.31#37.07
-148.076,59.9367#28.65#34.26#37.09
-147.969,59.9348#28.67#34.22#37.11
-147.862,59.9329#28.7#34.19#37.11
-147.756,59.9309#28.72#34.15#37.13
-147.649,59.9287#28.74#34.12#37.14
-147.542,59.9265#28.76#34.08#37.16
-147.435,59.9241#28.79#34.05#37.16
-147.329,59.9217#28.81#34.02#37.17
-147.222,59.9191#28.83#33.99#37.18
-147.116,59.9165#28.85#33.96#37.19
-147.009,59.9137#28.88#33.93#37.19
-146.902,59.9109#28.9#33.91#37.19
-146.796,59.908#28.93#33.88#37.19
-146.689,59.9049#28.96#33.86#37.18
-146.583,59.9018#28.98#33.83#37.19
-154.914,59.9008#26.89#35.7#37.41
-154.807,59.9053#26.9#35.7#37.4
-154.701,59.9097#26.91#35.69#37.4
-154.595,59.9141#26.93#35.69#37.38
-154.488,59.9183#26.94#35.69#37.37
-154.382,59.9225#26.95#35.7#37.35
-154.275,59.9265#26.96#35.71#37.33
-154.169,59.9304#26.97#35.73#37.3
-154.062,59.9343#26.98#35.74#37.28
-153.956,59.938#26.99#35.76#37.25
-153.849,59.9417#27.01#35.79#37.2
-153.742,59.9452#27.02#35.83#37.15
-153.636,59.9486#27.03#35.86#37.11
-153.529,59.952#27.04#35.89#37.07
-153.422,59.9552#27.05#35.93#37.02
-153.316,59.9584#27.06#35.97#36.97
-153.209,59.9614#27.08#36.01#36.91
-153.102,59.9644#27.09#36.05#36.86
-152.995,59.9672#27.1#36.09#36.81
-152.889,59.97#27.11#36.13#36.76
-152.782,59.9726#27.13#36.17#36.7
-152.675,59.9752#27.14#36.22#36.64
-152.568,59.9776#27.15#36.26#36.59
-152.461,59.98#27.17#36.3#36.53
-152.354,59.9822#27.19#36.34#36.47
-152.247,59.9844#27.21#36.38#36.41
-152.14,59.9864#27.23#36.41#36.36
-152.033,59.9884#27.25#36.45#36.3
-151.926,59.9902#27.28#36.43#36.29
-151.819,59.992#27.31#36.38#36.31
-151.712,59.9936#27.35#36.34#36.31
-151.605,59.9952#27.39#36.29#36.32
-151.498,59.9966#27.43#36.25#36.32
-151.391,59.998#27.48#36.18#36.34
-151.284,59.9992#27.54#36.11#36.35
-151.177,60.0004#27.6#36.05#36.35
-151.07,60.0014#27.66#35.98#36.36
-150.963,60.0024#27.71#35.91#36.38
-150.856,60.0032#27.77#35.83#36.4
-150.749,60.004#27.84#35.75#36.41
-150.642,60.0046#27.9#35.66#36.44
-150.535,60.0052#27.96#35.58#36.46
-150.428,60.0056#28.01#35.5#36.49
-150.321,60.006#28.06#35.41#36.53
-150.214,60.0062#28.1#35.33#36.57
-150.106,60.0064#28.15#35.24#36.61
-149.999,60.0064#28.2#35.16#36.64
-149.892,60.0064#28.24#35.09#36.67
-149.785,60.0062#28.28#35.02#36.7
-149.678,60.006#28.32#34.95#36.73
-149.571,60.0056#28.35#34.88#36.77
-149.464,60.0052#28.39#34.82#36.79
-149.357,60.0046#28.42#34.76#36.82
-149.25,60.0039#28.46#34.7#36.84
-149.143,60.0032#28.49#34.64#36.87
-149.036,60.0023#28.52#34.58#36.9
-148.928,60.0014#28.55#34.52#36.93
-148.821,60.0003#28.58#34.48#36.94
-148.714,59.9992#28.61#34.43#36.96
-148.607,59.9979#28.64#34.38#36.98
-148.5,59.9966#28.67#34.33#37
-148.393,59.9951#28.69#34.29#37.02
-148.286,59.9936#28.72#34.25#37.03
-148.179,59.9919#28.74#34.21#37.05
-148.072,59.9902#28.77#34.17#37.06
-147.965,59.9883#28.79#34.13#37.08
-147.858,59.9864#28.81#34.1#37.09
-147.751,59.9843#28.84#34.06#37.1
-147.645,59.9822#28.86#34.03#37.11
-147.538,59.9799#28.88#33.99#37.13
-147.431,59.9776#28.9#33.96#37.14
-147.324,59.9751#28.92#33.94#37.14
-147.217,59.9726#28.95#33.91#37.14
-147.11,59.9699#28.97#33.88#37.15
-147.003,59.9672#28.99#33.86#37.15
-146.897,59.9643#29.02#33.83#37.15
-146.79,59.9614#29.04#33.81#37.15
-146.683,59.9583#29.07#33.78#37.15
-146.576,59.9552#29.09#33.76#37.15
-146.47,59.952#29.12#33.73#37.15
-146.363,59.9486#29.16#33.71#37.13
-146.256,59.9452#29.19#33.69#37.12
-146.15,59.9416#29.23#33.67#37.1
-146.043,59.938#29.27#33.65#37.08
-145.936,59.9342#29.32#33.62#37.06
-145.83,59.9304#29.38#33.6#37.02
-145.723,59.9264#29.44#33.58#36.98
-145.617,59.9224#29.51#33.56#36.93
-145.51,59.9183#29.57#33.54#36.89
-145.404,59.914#29.67#33.52#36.81
-145.298,59.9097#29.77#33.5#36.73
-145.191,59.9053#29.87#33.48#36.65
-145.085,59.9007#29.98#33.46#36.56
-155.986,59.9032#26.83#36.22#36.95
-155.88,59.9088#26.84#36.12#37.04
-155.774,59.9142#26.85#36.03#37.12
-155.668,59.9195#26.86#35.94#37.2
-155.561,59.9248#26.87#35.84#37.29
-155.455,59.9299#26.88#35.77#37.35
-155.349,59.9349#26.89#35.73#37.38
-155.242,59.9399#26.9#35.68#37.42
-155.136,59.9447#26.91#35.64#37.45
-155.029,59.9495#26.93#35.59#37.48
-154.923,59.9541#26.94#35.58#37.48
-154.816,59.9586#26.95#35.57#37.48
-154.71,59.9631#26.96#35.56#37.48
-154.603,59.9674#26.97#35.56#37.47
-154.497,59.9717#26.98#35.55#37.47
-154.39,59.9758#26.99#35.56#37.45
-154.283,59.9799#27#35.57#37.43
-154.177,59.9838#27.02#35.58#37.4
-154.07,59.9877#27.03#35.59#37.38
-153.963,59.9914#27.04#35.61#37.35
-153.856,59.9951#27.05#35.64#37.31
-153.749,59.9986#27.06#35.67#37.27
-153.643,60.0021#27.07#35.7#37.23
-153.536,60.0054#27.08#35.73#37.19
-153.429,60.0087#27.1#35.76#37.14
-153.322,60.0118#27.11#35.8#37.09
-153.215,60.0149#27.12#35.83#37.05
-153.108,60.0178#27.13#35.87#37
-153.001,60.0207#27.15#35.9#36.95
-152.894,60.0234#27.16#35.94#36.9
-152.787,60.0261#27.17#35.98#36.85
-152.68,60.0286#27.18#36.02#36.8
-152.573,60.0311#27.2#36.06#36.74
-152.466,60.0335#27.21#36.1#36.69
-152.359,60.0357#27.23#36.12#36.65
-152.251,60.0379#27.25#36.15#36.6
-152.144,60.0399#27.27#36.18#36.55
-152.037,60.0419#27.29#36.2#36.51
-151.93,60.0437#27.33#36.19#36.48
-151.823,60.0455#27.37#36.15#36.48
-151.716,60.0471#27.41#36.11#36.48
-151.608,60.0487#27.45#36.07#36.48
-151.501,60.0501#27.49#36.03#36.48
-151.394,60.0515#27.55#35.96#36.49
-151.287,60.0527#27.61#35.9#36.49
-151.179,60.0539#27.67#35.84#36.49
-151.072,60.0549#27.74#35.78#36.48
-150.965,60.0559#27.8#35.71#36.49
-150.858,60.0567#27.86#35.63#36.51
-150.75,60.0575#27.93#35.55#36.52
-150.643,60.0581#27.99#35.48#36.53
-150.536,60.0587#28.06#35.4#36.54
-150.429,60.0591#28.11#35.32#36.57
-150.321,60.0595#28.16#35.24#36.6
-150.214,60.0597#28.21#35.16#36.63
-150.107,60.0599#28.26#35.08#36.66
-149.999,60.0599#28.31#35#36.69
-149.892,60.0599#28.35#34.93#36.72
-149.785,60.0597#28.39#34.87#36.74
-149.677,60.0595#28.43#34.81#36.76
-149.57,60.0591#28.47#34.74#36.79
-149.463,60.0587#28.51#34.68#36.81
-149.356,60.0581#28.54#34.63#36.83
-149.248,60.0575#28.57#34.57#36.86
-149.141,60.0567#28.61#34.51#36.88
-149.034,60.0559#28.64#34.46#36.9
-148.926,60.0549#28.67#34.41#36.92
-148.819,60.0539#28.7#34.36#36.94
-148.712,60.0527#28.73#34.32#36.95
-148.605,60.0515#28.76#34.27#36.97
-148.497,60.0501#28.79#34.23#36.98
-148.39,60.0487#28.81#34.19#37
-148.283,60.0471#28.84#34.15#37.01
-148.176,60.0455#28.86#34.11#37.03
-148.069,60.0437#28.88#34.07#37.05
-147.962,60.0418#28.91#34.04#37.05
-147.854,60.0399#28.93#34.01#37.06
-147.747,60.0378#28.95#33.97#37.08
-147.64,60.0357#28.97#33.94#37.09
-147.533,60.0334#28.99#33.91#37.1
-147.426,60.0311#29.02#33.88#37.1
-147.319,60.0286#29.04#33.86#37.1
-147.212,60.0261#29.06#33.83#37.11
-147.105,60.0234#29.08#33.8#37.12
-146.998,60.0206#29.1#33.78#37.12
-146.891,60.0178#29.13#33.76#37.11
-146.784,60.0148#29.15#33.73#37.12
-146.677,60.0118#29.17#33.71#37.12
-146.57,60.0086#29.2#33.69#37.11
-146.463,60.0054#29.23#33.66#37.11
-146.356,60.002#29.26#33.64#37.1
-146.249,59.9986#29.29#33.62#37.09
-146.142,59.995#29.33#33.6#37.07
-146.036,59.9914#29.36#33.58#37.06
-145.929,59.9876#29.41#33.56#37.03
-145.822,59.9838#29.47#33.54#36.99
-145.715,59.9798#29.53#33.52#36.95
-145.609,59.9758#29.59#33.5#36.91
-145.502,59.9716#29.65#33.48#36.87
-145.395,59.9674#29.75#33.46#36.79
-145.289,59.963#29.84#33.44#36.72
-145.182,59.9586#29.94#33.42#36.64
-145.076,59.954#30.04#33.4#36.56
-144.969,59.9494#30.15#33.38#36.47
-144.863,59.9447#30.28#33.37#36.35
-144.756,59.9398#30.42#33.35#36.23
-144.65,59.9349#30.55#33.33#36.12
-144.544,59.9298#30.68#33.32#36
-144.437,59.9247#30.82#33.3#35.88
-144.331,59.9195#30.96#33.28#35.76
-144.225,59.9141#31.1#33.27#35.63
-144.119,59.9087#31.23#33.25#35.52
-144.013,59.9032#31.37#33.23#35.4
-156.952,59.9021#26.77#37.67#35.56
-156.847,59.9086#26.78#37.48#35.74
-156.741,59.9149#26.8#37.29#35.91
-156.634,59.9211#26.81#37.11#36.08
-156.528,59.9273#26.82#36.92#36.26
-156.422,59.9333#26.83#36.76#36.41
-156.316,59.9392#26.84#36.6#36.56
-156.21,59.9451#26.85#36.45#36.7
-156.104,59.9508#26.86#36.29#36.85
-155.997,59.9564#26.87#36.13#37
-155.891,59.962#26.88#36.04#37.08
-155.785,59.9674#26.89#35.94#37.17
-155.678,59.9728#26.9#35.85#37.25
-155.572,59.978#26.91#35.75#37.34
-155.465,59.9832#26.93#35.67#37.4
-155.359,59.9882#26.94#35.62#37.44
-155.252,59.9932#26.95#35.57#37.48
-155.145,59.998#26.96#35.52#37.52
-155.039,60.0028#26.97#35.48#37.55
-154.932,60.0074#26.98#35.45#37.57
-154.825,60.012#26.99#35.44#37.57
-154.719,60.0164#27#35.43#37.57
-154.612,60.0208#27.01#35.43#37.56
-154.505,60.025#27.03#35.42#37.55
-154.398,60.0292#27.04#35.42#37.54
-154.291,60.0333#27.05#35.43#37.52
-154.184,60.0372#27.06#35.44#37.5
-154.077,60.0411#27.07#35.45#37.48
-153.97,60.0448#27.08#35.46#37.46
-153.863,60.0485#27.09#35.49#37.42
-153.756,60.052#27.11#35.51#37.38
-153.649,60.0555#27.12#35.54#37.34
-153.542,60.0589#27.13#35.56#37.31
-153.435,60.0621#27.14#35.59#37.27
-153.328,60.0653#27.15#35.62#37.23
-153.221,60.0683#27.17#35.66#37.17
-153.114,60.0713#27.18#35.69#37.13
-153.007,60.0742#27.19#35.72#37.09
-152.899,60.0769#27.2#35.76#37.04
-152.792,60.0796#27.21#35.79#37
-152.685,60.0821#27.23#35.83#36.94
-152.578,60.0846#27.24#35.86#36.9
-152.47,60.087#27.25#35.89#36.86
-152.363,60.0892#27.28#35.91#36.81
-152.256,60.0914#27.3#35.93#36.77
-152.148,60.0934#27.32#35.94#36.74
-152.041,60.0954#27.34#35.96#36.7
-151.934,60.0972#27.38#35.94#36.68
-151.826,60.099#27.42#35.91#36.67
-151.719,60.1007#27.46#35.88#36.66
-151.611,60.1022#27.51#35.84#36.65
-151.504,60.1037#27.55#35.81#36.64
-151.397,60.105#27.62#35.75#36.63
-151.289,60.1063#27.68#35.69#36.63
-151.182,60.1074#27.75#35.63#36.62
-151.074,60.1085#27.82#35.57#36.61
-150.967,60.1094#27.89#35.51#36.6
-150.859,60.1103#27.95#35.44#36.61
-150.752,60.111#28.02#35.36#36.62
-150.644,60.1117#28.09#35.29#36.62
-150.537,60.1123#28.16#35.22#36.62
-150.429,60.1127#28.22#35.14#36.64
-150.322,60.1131#28.27#35.06#36.67
-150.214,60.1133#28.32#34.99#36.69
-150.107,60.1135#28.37#34.91#36.72
-149.999,60.1135#28.42#34.84#36.74
-149.892,60.1135#28.46#34.78#36.76
-149.784,60.1133#28.5#34.72#36.78
-149.677,60.1131#28.54#34.66#36.8
-149.569,60.1127#28.58#34.61#36.81
-149.462,60.1122#28.62#34.55#36.83
-149.354,60.1117#28.66#34.5#36.84
-149.247,60.111#28.69#34.44#36.87
-149.139,60.1103#28.72#34.39#36.89
-149.032,60.1094#28.76#34.34#36.9
-148.924,60.1085#28.79#34.29#36.92
-148.817,60.1074#28.82#34.25#36.93
-148.71,60.1063#28.85#34.21#36.94
-148.602,60.105#28.88#34.16#36.96
-148.495,60.1037#28.9#34.12#36.98
-148.387,60.1022#28.93#34.09#36.98
-148.28,60.1006#28.95#34.05#37
-148.172,60.099#28.98#34.02#37
-148.065,60.0972#29#33.98#37.02
-147.958,60.0954#29.02#33.95#37.03
-147.85,60.0934#29.05#33.92#37.03
-147.743,60.0913#29.07#33.88#37.05
-147.636,60.0892#29.09#33.85#37.06
-147.528,60.0869#29.11#33.82#37.07
-147.421,60.0846#29.13#33.8#37.07
-147.314,60.0821#29.15#33.77#37.08
-147.207,60.0795#29.17#33.75#37.08
-147.099,60.0769#29.19#33.73#37.08
-146.992,60.0741#29.21#33.7#37.09
-146.885,60.0713#29.24#33.68#37.08
-146.778,60.0683#29.26#33.66#37.08
-146.671,60.0652#29.28#33.64#37.08
-146.563,60.0621#29.31#33.61#37.08
-146.456,60.0588#29.33#33.59#37.08
-146.349,60.0555#29.36#33.57#37.07
-146.242,60.052#29.4#33.55#37.05
-146.135,60.0484#29.43#33.53#37.04
-146.028,60.0448#29.46#33.51#37.03
-145.921,60.041#29.51#33.49#37
-145.814,60.0372#29.56#33.47#36.97
-145.707,60.0332#29.62#33.46#36.92
-145.601,60.0292#29.67#33.44#36.89
-145.494,60.025#29.73#33.42#36.85
-145.387,60.0207#29.82#33.4#36.78
-145.28,60.0164#29.92#33.38#36.7
-145.173,60.0119#30.01#33.36#36.63
-145.067,60.0074#30.1#33.34#36.56
-144.96,60.0027#30.21#33.33#36.46
-144.853,59.998#30.34#33.31#36.35
-144.747,59.9931#30.47#33.29#36.24
-144.64,59.9882#30.6#33.28#36.12
-144.533,59.9831#30.73#33.26#36.01
-144.427,59.978#30.86#33.24#35.9
-144.321,59.9727#31#33.23#35.77
-144.214,59.9674#31.13#33.21#35.66
-144.108,59.9619#31.27#33.2#35.53
-144.001,59.9564#31.41#33.18#35.41
-143.895,59.9507#31.51#33.16#35.33
-143.789,59.945#31.62#33.15#35.23
-143.683,59.9392#31.72#33.13#35.15
-143.576,59.9332#31.83#33.12#35.05
-143.47,59.9272#31.92#33.1#34.98
-143.364,59.921#31.98#33.08#34.94
-143.258,59.9148#32.03#33.06#34.91
-143.152,59.9085#32.09#33.04#34.87
-143.046,59.902#32.15#33.02#34.83
-157.813,59.9002#26.73#39.19#34.08
-157.707,59.9074#26.74#39#34.26
-157.601,59.9145#26.75#38.8#34.45
-157.495,59.9216#26.76#38.6#34.64
-157.389,59.9285#26.77#38.4#34.83
-157.284,59.9353#26.78#38.21#35.01
-157.178,59.9421#26.8#38.01#35.19
-157.072,59.9487#26.81#37.81#35.38
-156.965,59.9553#26.82#37.62#35.56
-156.859,59.9617#26.83#37.43#35.74
-156.753,59.968#26.84#37.24#35.92
-156.647,59.9743#26.85#37.06#36.09
-156.541,59.9804#26.86#36.87#36.27
-156.434,59.9865#26.87#36.7#36.43
-156.328,59.9924#26.88#36.54#36.58
-156.221,59.9983#26.89#36.38#36.73
-156.115,60.004#26.9#36.22#36.88
-156.008,60.0097#26.91#36.06#37.03
-155.902,60.0152#26.93#35.96#37.11
-155.795,60.0207#26.94#35.86#37.2
-155.689,60.0261#26.95#35.76#37.29
-155.582,60.0313#26.96#35.66#37.38
-155.475,60.0365#26.97#35.57#37.46
-155.369,60.0415#26.98#35.52#37.5
-155.262,60.0465#26.99#35.46#37.55
-155.155,60.0513#27#35.41#37.59
-155.048,60.0561#27.01#35.36#37.63
-154.941,60.0608#27.03#35.33#37.64
-154.834,60.0653#27.04#35.32#37.64
-154.727,60.0698#27.05#35.31#37.64
-154.62,60.0742#27.06#35.29#37.65
-154.513,60.0784#27.07#35.28#37.65
-154.406,60.0826#27.08#35.29#37.63
-154.299,60.0867#27.09#35.29#37.62
-154.192,60.0906#27.11#35.3#37.59
-154.085,60.0945#27.12#35.3#37.58
-153.978,60.0983#27.13#35.31#37.56
-153.871,60.1019#27.14#35.33#37.53
-153.763,60.1055#27.15#35.35#37.5
-153.656,60.109#27.16#35.38#37.46
-153.549,60.1123#27.17#35.4#37.43
-153.442,60.1156#27.19#35.43#37.38
-153.334,60.1187#27.2#35.45#37.35
-153.227,60.1218#27.21#35.48#37.31
-153.12,60.1248#27.22#35.51#37.27
-153.012,60.1276#27.23#35.54#37.23
-152.905,60.1304#27.25#35.57#37.18
-152.797,60.1331#27.26#35.6#37.14
-152.69,60.1356#27.27#35.63#37.1
-152.582,60.1381#27.28#35.66#37.06
-152.475,60.1405#27.3#35.69#37.01
-152.367,60.1427#27.32#35.7#36.98
-152.26,60.1449#27.34#35.7#36.96
-152.152,60.147#27.37#35.71#36.92
-152.045,60.1489#27.39#35.72#36.89
-151.937,60.1508#27.43#35.7#36.87
-151.83,60.1525#27.47#35.67#36.86
-151.722,60.1542#27.52#35.64#36.84
-151.614,60.1558#27.57#35.62#36.81
-151.507,60.1572#27.61#35.59#36.8
-151.399,60.1586#27.68#35.54#36.78
-151.292,60.1598#27.75#35.48#36.77
-151.184,60.161#27.83#35.42#36.75
-151.076,60.162#27.9#35.37#36.73
-150.969,60.163#27.97#35.31#36.72
-150.861,60.1639#28.04#35.24#36.72
-150.753,60.1646#28.12#35.17#36.71
-150.646,60.1653#28.19#35.1#36.71
-150.538,60.1658#28.26#35.03#36.71
-150.43,60.1663#28.32#34.96#36.72
-150.322,60.1666#28.38#34.89#36.73
-150.215,60.1669#28.43#34.82#36.75
-150.107,60.167#28.48#34.75#36.77
-149.999,60.1671#28.53#34.68#36.79
-149.892,60.167#28.58#34.63#36.79
-149.784,60.1669#28.62#34.57#36.81
-149.676,60.1666#28.66#34.52#36.82
-149.569,60.1663#28.7#34.47#36.83
-149.461,60.1658#28.74#34.42#36.84
-149.353,60.1653#28.77#34.37#36.86
-149.245,60.1646#28.81#34.32#36.87
-149.138,60.1638#28.84#34.27#36.89
-149.03,60.163#28.88#34.22#36.9
-148.922,60.162#28.91#34.17#36.92
-148.815,60.161#28.94#34.13#36.93
-148.707,60.1598#28.97#34.1#36.93
-148.599,60.1586#28.99#34.06#36.95
-148.492,60.1572#29.02#34.02#36.96
-148.384,60.1557#29.05#33.98#36.97
-148.277,60.1542#29.07#33.95#36.98
-148.169,60.1525#29.1#33.92#36.98
-148.061,60.1508#29.12#33.89#36.99
-147.954,60.1489#29.14#33.85#37.01
-147.846,60.1469#29.16#33.83#37.01
-147.739,60.1449#29.18#33.8#37.02
-147.631,60.1427#29.2#33.77#37.03
-147.524,60.1404#29.23#33.74#37.03
-147.416,60.1381#29.25#33.71#37.04
-147.309,60.1356#29.27#33.69#37.04
-147.201,60.133#29.29#33.67#37.04
-147.094,60.1304#29.31#33.65#37.04
-146.986,60.1276#29.33#33.63#37.04
-146.879,60.1247#29.35#33.6#37.05
-146.772,60.1218#29.37#33.58#37.05
-146.664,60.1187#29.39#33.56#37.05
-146.557,60.1155#29.41#33.54#37.05
-146.45,60.1123#29.44#33.52#37.04
-146.342,60.1089#29.47#33.5#37.03
-146.235,60.1054#29.5#33.49#37.01
-146.128,60.1019#29.53#33.47#37
-146.021,60.0982#29.56#33.45#36.99
-145.914,60.0944#29.6#33.43#36.97
-145.806,60.0906#29.65#33.41#36.94
-145.699,60.0866#29.71#33.39#36.9
-145.592,60.0825#29.76#33.37#36.87
-145.485,60.0784#29.81#33.35#36.84
-145.378,60.0741#29.9#33.34#36.76
-145.271,60.0697#29.99#33.32#36.69
-145.164,60.0653#30.08#33.3#36.62
-145.057,60.0607#30.17#33.28#36.55
-144.95,60.0561#30.27#33.27#36.46
-144.844,60.0513#30.39#33.25#36.36
-144.737,60.0464#30.52#33.23#36.25
-144.63,60.0415#30.64#33.22#36.14
-144.523,60.0364#30.77#33.2#36.03
-144.417,60.0312#30.9#33.19#35.91
-144.31,60.026#31.04#33.17#35.79
-144.203,60.0206#31.17#33.16#35.67
-144.097,60.0152#31.31#33.14#35.55
-143.99,60.0096#31.44#33.13#35.43
-143.884,60.004#31.54#33.12#35.34
-143.777,59.9982#31.65#33.11#35.24
-143.671,59.9924#31.75#33.09#35.16
-143.564,59.9864#31.86#33.08#35.06
-143.458,59.9804#31.94#33.07#34.99
-143.352,59.9742#32#33.05#34.95
-143.246,59.968#32.06#33.03#34.91
-143.139,59.9616#32.12#33.01#34.87
-143.033,59.9552#32.18#33#34.82
-142.927,59.9486#32.22#32.98#34.8
-142.821,59.942#32.25#32.97#34.78
-142.715,59.9353#32.28#32.95#34.77
-142.609,59.9284#32.3#32.94#34.76
-142.503,59.9215#32.33#32.93#34.74
-142.397,59.9145#32.35#32.91#34.74
-142.292,59.9073#32.37#32.89#34.74
-142.186,59.9001#32.4#32.87#34.73
-158.462,59.9077#26.71#40.41#32.88
-158.356,59.9155#26.72#40.19#33.09
-158.25,59.9233#26.73#39.98#33.29
-158.145,59.9309#26.74#39.77#33.49
-158.039,59.9384#26.75#39.56#33.69
-157.933,59.9459#26.76#39.36#33.88
-157.827,59.9532#26.77#39.16#34.07
-157.721,59.9604#26.78#38.96#34.26
-157.615,59.9676#26.79#38.76#34.45
-157.509,59.9746#26.8#38.56#34.64
-157.403,59.9816#26.82#38.36#34.82
-157.297,59.9884#26.83#38.17#35
-157.191,59.9952#26.84#37.97#35.19
-157.085,60.0018#26.85#37.77#35.38
-156.978,60.0084#26.86#37.58#35.56
-156.872,60.0148#26.87#37.39#35.74
-156.766,60.0212#26.88#37.2#35.92
-156.659,60.0275#26.89#37.01#36.1
-156.553,60.0336#26.9#36.82#36.28
-156.446,60.0397#26.91#36.64#36.45
-156.34,60.0456#26.93#36.48#36.59
-156.233,60.0515#26.94#36.31#36.75
-156.126,60.0573#26.95#36.15#36.9
-156.02,60.0629#26.96#35.99#37.05
-155.913,60.0685#26.97#35.87#37.16
-155.806,60.074#26.98#35.77#37.25
-155.699,60.0793#26.99#35.67#37.34
-155.593,60.0846#27#35.56#37.44
-155.486,60.0898#27.01#35.47#37.52
-155.379,60.0948#27.03#35.41#37.56
-155.272,60.0998#27.04#35.36#37.6
-155.165,60.1047#27.05#35.3#37.65
-155.058,60.1095#27.06#35.24#37.7
-154.951,60.1141#27.07#35.21#37.72
-154.843,60.1187#27.08#35.19#37.73
-154.736,60.1232#27.09#35.18#37.73
-154.629,60.1276#27.1#35.16#37.74
-154.522,60.1318#27.12#35.15#37.73
-154.415,60.136#27.13#35.15#37.72
-154.307,60.1401#27.14#35.15#37.71
-154.2,60.144#27.15#35.15#37.7
-154.093,60.1479#27.16#35.15#37.69
-153.985,60.1517#27.17#35.16#37.67
-153.878,60.1554#27.18#35.18#37.64
-153.771,60.1589#27.2#35.2#37.6
-153.663,60.1624#27.21#35.22#37.57
-153.556,60.1658#27.22#35.24#37.54
-153.448,60.1691#27.23#35.26#37.51
-153.341,60.1722#27.25#35.28#37.47
-153.233,60.1753#27.26#35.31#37.43
-153.125,60.1783#27.27#35.33#37.4
-153.018,60.1811#27.28#35.35#37.37
-152.91,60.1839#27.3#35.38#37.32
-152.803,60.1866#27.31#35.41#37.28
-152.695,60.1892#27.32#35.44#37.24
-152.587,60.1916#27.34#35.46#37.2
-152.48,60.194#27.35#35.49#37.16
-152.372,60.1963#27.38#35.49#37.13
-152.264,60.1984#27.4#35.49#37.11
-152.156,60.2005#27.42#35.49#37.09
-152.049,60.2025#27.45#35.49#37.06
-151.941,60.2043#27.49#35.48#37.03
-151.833,60.2061#27.54#35.45#37.01
-151.725,60.2078#27.6#35.43#36.97
-151.617,60.2093#27.65#35.4#36.95
-151.51,60.2108#27.71#35.38#36.91
-151.402,60.2121#27.79#35.32#36.89
-151.294,60.2134#27.87#35.27#36.86
-151.186,60.2146#27.95#35.22#36.83
-151.078,60.2156#28.04#35.16#36.8
-150.97,60.2166#28.12#35.11#36.77
-150.862,60.2174#28.2#35.04#36.76
-150.755,60.2182#28.27#34.97#36.76
-150.647,60.2188#28.35#34.91#36.74
-150.539,60.2194#28.42#34.84#36.74
-150.431,60.2199#28.49#34.78#36.73
-150.323,60.2202#28.54#34.71#36.75
-150.215,60.2205#28.59#34.64#36.77
-150.107,60.2206#28.65#34.58#36.77
-149.999,60.2207#28.7#34.51#36.79
-149.891,60.2206#28.74#34.46#36.8
-149.784,60.2205#28.78#34.41#36.81
-149.676,60.2202#28.83#34.36#36.81
-149.568,60.2199#28.87#34.31#36.82
-149.46,60.2194#28.91#34.26#36.83
-149.352,60.2188#28.94#34.22#36.84
-149.244,60.2182#28.98#34.17#36.85
-149.136,60.2174#29.01#34.13#36.86
-149.028,60.2166#29.05#34.08#36.87
-148.92,60.2156#29.07#34.04#36.89
-148.813,60.2145#29.1#34.01#36.89
-148.705,60.2134#29.13#33.97#36.9
-148.597,60.2121#29.16#33.94#36.9
-148.489,60.2108#29.18#33.9#36.92
-148.381,60.2093#29.21#33.87#36.92
-148.273,60.2077#29.23#33.84#36.93
-148.166,60.2061#29.25#33.81#36.94
-148.058,60.2043#29.27#33.78#36.95
-147.95,60.2024#29.29#33.76#36.95
-147.842,60.2005#29.31#33.73#36.96
-147.735,60.1984#29.33#33.7#36.97
-147.627,60.1962#29.35#33.68#36.97
-147.519,60.194#29.37#33.65#36.98
-147.411,60.1916#29.38#33.63#36.99
-147.304,60.1891#29.4#33.61#36.99
-147.196,60.1866#29.42#33.59#36.99
-147.088,60.1839#29.44#33.57#36.99
-146.981,60.1811#29.45#33.55#37
-146.873,60.1782#29.47#33.53#37
-146.766,60.1753#29.49#33.51#37
-146.658,60.1722#29.51#33.49#37
-146.551,60.169#29.52#33.47#37.01
-146.443,60.1657#29.54#33.45#37.01
-146.336,60.1624#29.57#33.43#37
-146.228,60.1589#29.6#33.42#36.98
-146.121,60.1553#29.63#33.4#36.97
-146.013,60.1516#29.65#33.38#36.97
-145.906,60.1479#29.7#33.36#36.94
-145.799,60.144#29.74#33.35#36.91
-145.691,60.14#29.79#33.33#36.88
-145.584,60.1359#29.84#33.31#36.85
-145.477,60.1318#29.89#33.29#36.82
-145.37,60.1275#29.98#33.28#36.74
-145.262,60.1231#30.06#33.26#36.68
-145.155,60.1186#30.14#33.24#36.62
-145.048,60.1141#30.23#33.23#36.54
-144.941,60.1094#30.33#33.21#36.46
-144.834,60.1046#30.45#33.19#36.36
-144.727,60.0998#30.57#33.17#36.26
-144.62,60.0948#30.69#33.16#36.15
-144.513,60.0897#30.81#33.14#36.05
-144.406,60.0845#30.94#33.13#35.93
-144.299,60.0793#31.07#33.12#35.81
-144.192,60.0739#31.21#33.1#35.69
-144.086,60.0684#31.34#33.09#35.57
-143.979,60.0629#31.47#33.08#35.45
-143.872,60.0572#31.58#33.07#35.35
-143.766,60.0514#31.68#33.06#35.26
-143.659,60.0456#31.79#33.05#35.16
-143.552,60.0396#31.89#33.04#35.07
-143.446,60.0335#31.97#33.03#35
-143.339,60.0274#32.03#33.02#34.95
-143.233,60.0211#32.1#33.01#34.89
-143.127,60.0148#32.16#32.99#34.85
-143.02,60.0083#32.22#32.98#34.8
-142.914,60.0017#32.25#32.96#34.79
-142.808,59.9951#32.28#32.95#34.77
-142.702,59.9883#32.31#32.94#34.75
-142.595,59.9815#32.34#32.93#34.73
-142.489,59.9745#32.36#32.91#34.73
-142.383,59.9675#32.39#32.89#34.72
-142.277,59.9604#32.41#32.87#34.72
-142.171,59.9531#32.43#32.85#34.72
-142.066,59.9458#32.45#32.83#34.72
-141.96,59.9383#32.47#32.81#34.72
-141.854,59.9308#32.5#32.79#34.71
-141.748,59.9232#32.52#32.78#34.7
-141.643,59.9154#32.55#32.77#34.68
-141.537,59.9076#32.57#32.75#34.68
-159.216,59.903#26.67#41.92#31.41
-159.111,59.9116#26.68#41.73#31.59
-159.006,59.92#26.69#41.53#31.78
-158.9,59.9283#26.7#41.3#32
-158.794,59.9365#26.71#41.07#32.22
-158.689,59.9447#26.72#40.83#32.45
-158.583,59.9527#26.73#40.6#32.67
-158.477,59.9606#26.75#40.36#32.89
-158.372,59.9685#26.76#40.15#33.09
-158.266,59.9762#26.77#39.94#33.29
-158.16,59.9839#26.78#39.73#33.49
-158.054,59.9914#26.79#39.52#33.69
-157.948,59.9989#26.8#39.32#33.88
-157.842,60.0062#26.81#39.12#34.07
-157.736,60.0135#26.82#38.92#34.26
-157.63,60.0206#26.84#38.72#34.44
-157.523,60.0277#26.85#38.52#34.63
-157.417,60.0347#26.86#38.32#34.82
-157.311,60.0415#26.87#38.13#35
-157.204,60.0483#26.88#37.93#35.19
-157.098,60.055#26.89#37.73#35.38
-156.991,60.0615#26.9#37.53#35.57
-156.885,60.068#26.91#37.34#35.75
-156.778,60.0744#26.92#37.15#35.93
-156.672,60.0806#26.94#36.96#36.1
-156.565,60.0868#26.95#36.76#36.29
-156.458,60.0929#26.96#36.58#36.46
-156.352,60.0989#26.97#36.42#36.61
-156.245,60.1047#26.98#36.25#36.77
-156.138,60.1105#26.99#36.08#36.93
-156.031,60.1162#27#35.91#37.09
-155.924,60.1218#27.01#35.79#37.2
-155.817,60.1273#27.03#35.68#37.29
-155.71,60.1326#27.04#35.58#37.38
-155.603,60.1379#27.05#35.47#37.48
-155.496,60.1431#27.06#35.37#37.57
-155.389,60.1482#27.07#35.31#37.62
-155.282,60.1532#27.08#35.25#37.67
-155.174,60.158#27.09#35.19#37.72
-155.067,60.1628#27.1#35.13#37.77
-154.96,60.1675#27.12#35.08#37.8
-154.853,60.1721#27.13#35.07#37.8
-154.745,60.1766#27.14#35.05#37.81
-154.638,60.1809#27.15#35.03#37.82
-154.53,60.1852#27.17#35.01#37.82
-154.423,60.1894#27.18#35.01#37.81
-154.315,60.1935#27.19#35.01#37.8
-154.208,60.1975#27.21#35.01#37.78
-154.1,60.2014#27.22#35#37.78
-153.993,60.2051#27.23#35#37.77
-153.885,60.2088#27.24#35.02#37.74
-153.778,60.2124#27.26#35.04#37.7
-153.67,60.2159#27.27#35.05#37.68
-153.562,60.2193#27.28#35.07#37.65
-153.455,60.2225#27.3#35.09#37.61
-153.347,60.2257#27.31#35.11#37.58
-153.239,60.2288#27.32#35.13#37.55
-153.131,60.2318#27.33#35.15#37.52
-153.024,60.2347#27.35#35.16#37.49
-152.916,60.2374#27.36#35.19#37.45
-152.808,60.2401#27.37#35.21#37.42
-152.7,60.2427#27.39#35.24#37.37
-152.592,60.2452#27.4#35.26#37.34
-152.484,60.2475#27.41#35.28#37.31
-152.376,60.2498#27.44#35.28#37.28
-152.268,60.252#27.46#35.28#37.26
-152.16,60.254#27.49#35.28#37.23
-152.052,60.256#27.51#35.28#37.21
-151.945,60.2579#27.56#35.26#37.18
-151.837,60.2597#27.62#35.24#37.14
-151.729,60.2613#27.68#35.21#37.11
-151.621,60.2629#27.75#35.19#37.06
-151.512,60.2644#27.81#35.16#37.03
-151.404,60.2657#27.9#35.11#36.99
-151.296,60.267#27.99#35.06#36.95
-151.188,60.2681#28.09#35.01#36.9
-151.08,60.2692#28.18#34.96#36.86
-150.972,60.2702#28.27#34.9#36.83
-150.864,60.271#28.35#34.84#36.81
-150.756,60.2718#28.43#34.78#36.79
-150.648,60.2724#28.51#34.72#36.77
-150.54,60.273#28.58#34.65#36.77
-150.432,60.2735#28.65#34.59#36.76
-150.324,60.2738#28.7#34.53#36.77
-150.216,60.2741#28.76#34.47#36.77
-150.107,60.2742#28.81#34.4#36.79
-149.999,60.2743#28.87#34.34#36.79
-149.891,60.2742#28.91#34.3#36.79
-149.783,60.2741#28.95#34.25#36.8
-149.675,60.2738#28.99#34.2#36.81
-149.567,60.2734#29.04#34.15#36.81
-149.459,60.273#29.08#34.11#36.81
-149.351,60.2724#29.11#34.07#36.82
-149.243,60.2718#29.15#34.03#36.82
-149.135,60.271#29.18#33.99#36.83
-149.026,60.2702#29.22#33.95#36.83
-148.918,60.2692#29.25#33.91#36.84
-148.81,60.2681#29.27#33.88#36.85
-148.702,60.267#29.3#33.85#36.85
-148.594,60.2657#29.33#33.82#36.85
-148.486,60.2643#29.35#33.79#36.86
-148.378,60.2629#29.38#33.76#36.86
-148.27,60.2613#29.4#33.73#36.87
-148.162,60.2596#29.42#33.71#36.87
-148.054,60.2579#29.44#33.68#36.88
-147.946,60.256#29.46#33.65#36.89
-147.838,60.254#29.48#33.63#36.89
-147.73,60.252#29.5#33.61#36.89
-147.622,60.2498#29.51#33.58#36.91
-147.514,60.2475#29.53#33.56#36.91
-147.407,60.2451#29.55#33.54#36.91
-147.299,60.2427#29.56#33.53#36.91
-147.191,60.2401#29.58#33.52#36.9
-147.083,60.2374#29.6#33.5#36.9
-146.975,60.2346#29.61#33.48#36.91
-146.867,60.2317#29.63#33.47#36.9
-146.76,60.2288#29.65#33.45#36.9
-146.652,60.2257#29.66#33.43#36.91
-146.544,60.2225#29.68#33.41#36.91
-146.436,60.2192#29.7#33.4#36.9
-146.329,60.2158#29.72#33.38#36.9
-146.221,60.2124#29.74#33.36#36.9
-146.113,60.2088#29.77#33.35#36.88
-146.006,60.2051#29.79#33.33#36.88
-145.898,60.2013#29.83#33.31#36.86
-145.791,60.1974#29.87#33.29#36.84
-145.683,60.1934#29.91#33.28#36.81
-145.576,60.1894#29.95#33.26#36.79
-145.468,60.1852#29.99#33.24#36.77
-145.361,60.1809#30.07#33.22#36.71
-145.253,60.1765#30.14#33.2#36.66
-145.146,60.172#30.22#33.19#36.59
-145.039,60.1674#30.29#33.17#36.54
-144.932,60.1628#30.39#33.15#36.46
-144.824,60.158#30.5#33.13#36.37
-144.717,60.1531#30.62#33.12#36.26
-144.61,60.1481#30.73#33.1#36.17
-144.503,60.143#30.84#33.08#36.08
-144.396,60.1378#30.98#33.07#35.95
-144.289,60.1326#31.11#33.06#35.83
-144.182,60.1272#31.25#33.05#35.7
-144.075,60.1217#31.38#33.04#35.58
-143.968,60.1161#31.5#33.03#35.47
-143.861,60.1104#31.61#33.03#35.36
-143.754,60.1047#31.71#33.02#35.27
-143.647,60.0988#31.82#33.01#35.17
-143.54,60.0928#31.92#33.01#35.07
-143.434,60.0867#32#33#35
-143.327,60.0806#32.06#32.99#34.95
-143.22,60.0743#32.13#32.98#34.89
-143.114,60.0679#32.19#32.97#34.84
-143.007,60.0615#32.25#32.96#34.79
-142.901,60.0549#32.28#32.95#34.77
-142.794,60.0482#32.31#32.93#34.76
-142.688,60.0414#32.34#32.92#34.74
-142.582,60.0346#32.37#32.91#34.72
-142.475,60.0276#32.4#32.9#34.7
-142.369,60.0206#32.42#32.87#34.71
-142.263,60.0134#32.44#32.85#34.71
-142.157,60.0061#32.46#32.82#34.72
-142.051,59.9988#32.49#32.8#34.71
-141.945,59.9913#32.51#32.78#34.71
-141.839,59.9838#32.53#32.77#34.7
-141.733,59.9761#32.56#32.75#34.69
-141.627,59.9684#32.58#32.74#34.68
-141.521,59.9605#32.61#32.72#34.67
-141.415,59.9526#32.63#32.7#34.67
-141.31,59.9446#32.65#32.68#34.67
-141.204,59.9364#32.68#32.65#34.67
-141.099,59.9282#32.7#32.63#34.67
-140.993,59.9199#32.73#32.6#34.67
-140.888,59.9114#32.76#32.56#34.68
-140.782,59.9029#32.8#32.52#34.68
-159.865,59.9026#26.64#43#30.36
-159.76,59.9117#26.65#42.83#30.52
-159.655,59.9207#26.66#42.66#30.68
-159.55,59.9297#26.67#42.49#30.84
-159.444,59.9385#26.68#42.3#31.02
-159.339,59.9472#26.7#42.11#31.19
-159.233,59.9559#26.71#41.91#31.38
-159.128,59.9644#26.72#41.72#31.56
-159.022,59.9728#26.73#41.52#31.75
-158.917,59.9812#26.74#41.29#31.97
-158.811,59.9894#26.75#41.05#32.2
-158.705,59.9976#26.76#40.81#32.43
-158.599,60.0056#26.78#40.56#32.66
-158.493,60.0136#26.79#40.32#32.89
-158.387,60.0215#26.8#40.11#33.09
-158.281,60.0292#26.81#39.9#33.29
-158.175,60.0369#26.82#39.69#33.49
-158.069,60.0444#26.83#39.48#33.69
-157.963,60.0519#26.84#39.28#33.88
-157.857,60.0593#26.85#39.08#34.07
-157.75,60.0665#26.87#38.88#34.25
-157.644,60.0737#26.88#38.68#34.44
-157.537,60.0808#26.89#38.48#34.63
-157.431,60.0878#26.9#38.29#34.81
-157.324,60.0947#26.91#38.09#35
-157.218,60.1014#26.92#37.89#35.19
-157.111,60.1081#26.93#37.69#35.38
-157.005,60.1147#26.95#37.49#35.56
-156.898,60.1212#26.96#37.29#35.75
-156.791,60.1276#26.97#37.1#35.93
-156.684,60.1338#26.98#36.91#36.11
-156.577,60.14#26.99#36.71#36.3
-156.47,60.1461#27#36.52#36.48
-156.363,60.1521#27.01#36.36#36.63
-156.256,60.158#27.02#36.18#36.8
-156.149,60.1638#27.03#36.01#36.96
-156.042,60.1695#27.05#35.84#37.11
-155.935,60.1751#27.06#35.71#37.23
-155.828,60.1806#27.07#35.6#37.33
-155.721,60.1859#27.09#35.49#37.42
-155.614,60.1912#27.1#35.37#37.53
-155.506,60.1964#27.11#35.25#37.64
-155.399,60.2015#27.13#35.19#37.68
-155.292,60.2065#27.14#35.12#37.74
-155.184,60.2114#27.15#35.06#37.79
-155.077,60.2162#27.16#35#37.84
-154.969,60.2209#27.18#34.95#37.87
-154.862,60.2255#27.19#34.93#37.88
-154.754,60.23#27.2#34.91#37.89
-154.647,60.2344#27.22#34.89#37.89
-154.539,60.2387#27.23#34.87#37.9
-154.431,60.2428#27.24#34.86#37.9
-154.324,60.2469#27.26#34.86#37.88
-154.216,60.2509#27.27#34.86#37.87
-154.108,60.2548#27.28#34.85#37.87
-154,60.2586#27.29#34.85#37.86
-153.893,60.2623#27.31#34.86#37.83
-153.785,60.2659#27.32#34.88#37.8
-153.677,60.2694#27.33#34.89#37.78
-153.569,60.2728#27.35#34.9#37.75
-153.461,60.276#27.36#34.92#37.72
-153.353,60.2792#27.37#34.93#37.7
-153.245,60.2823#27.39#34.95#37.66
-153.137,60.2853#27.4#34.96#37.64
-153.029,60.2882#27.41#34.98#37.61
-152.921,60.291#27.42#35#37.58
-152.813,60.2936#27.44#35.02#37.54
-152.705,60.2962#27.45#35.04#37.51
-152.597,60.2987#27.46#35.06#37.48
-152.489,60.3011#27.48#35.08#37.44
-152.381,60.3034#27.5#35.07#37.43
-152.273,60.3055#27.53#35.07#37.4
-152.165,60.3076#27.55#35.07#37.38
-152.056,60.3096#27.58#35.06#37.36
-151.948,60.3115#27.62#35.05#37.33
-151.84,60.3132#27.69#35.02#37.29
-151.732,60.3149#27.77#35#37.23
-151.624,60.3165#27.84#34.97#37.19
-151.515,60.3179#27.91#34.95#37.14
-151.407,60.3193#28.01#34.9#37.09
-151.299,60.3206#28.11#34.85#37.04
-151.191,60.3217#28.22#34.8#36.98
-151.082,60.3228#28.32#34.75#36.93
-150.974,60.3238#28.42#34.7#36.88
-150.866,60.3246#28.5#34.64#36.86
-150.757,60.3254#28.58#34.58#36.84
-150.649,60.326#28.66#34.52#36.82
-150.541,60.3266#28.74#34.47#36.79
-150.433,60.3271#28.81#34.41#36.78
-150.324,60.3274#28.87#34.35#36.78
-150.216,60.3277#28.92#34.29#36.79
-150.108,60.3278#28.98#34.23#36.79
-149.999,60.3279#29.03#34.17#36.8
-149.891,60.3278#29.08#34.13#36.79
-149.783,60.3277#29.12#34.09#36.79
-149.674,60.3274#29.16#34.04#36.8
-149.566,60.3271#29.21#34#36.79
-149.458,60.3266#29.25#33.96#36.79
-149.349,60.326#29.28#33.92#36.8
-149.241,60.3254#29.32#33.88#36.8
-149.133,60.3246#29.35#33.85#36.8
-149.025,60.3238#29.39#33.81#36.8
-148.916,60.3228#29.42#33.78#36.8
-148.808,60.3217#29.45#33.75#36.8
-148.7,60.3206#29.47#33.72#36.81
-148.592,60.3193#29.5#33.7#36.8
-148.483,60.3179#29.52#33.67#36.81
-148.375,60.3165#29.55#33.65#36.8
-148.267,60.3149#29.57#33.62#36.81
-148.159,60.3132#29.59#33.6#36.81
-148.05,60.3114#29.61#33.57#36.82
-147.942,60.3096#29.63#33.55#36.82
-147.834,60.3076#29.64#33.53#36.83
-147.726,60.3055#29.66#33.51#36.83
-147.618,60.3033#29.68#33.49#36.83
-147.51,60.3011#29.7#33.47#36.83
-147.402,60.2987#29.71#33.46#36.83
-147.294,60.2962#29.73#33.45#36.82
-147.185,60.2936#29.74#33.44#36.82
-147.077,60.2909#29.76#33.43#36.81
-146.969,60.2881#29.77#33.42#36.81
-146.861,60.2853#29.79#33.4#36.81
-146.753,60.2823#29.8#33.39#36.81
-146.645,60.2792#29.82#33.37#36.81
-146.538,60.276#29.83#33.35#36.82
-146.43,60.2727#29.85#33.34#36.81
-146.322,60.2693#29.87#33.33#36.8
-146.214,60.2658#29.9#33.31#36.79
-146.106,60.2622#29.92#33.3#36.78
-145.998,60.2586#29.94#33.28#36.78
-145.891,60.2548#29.97#33.27#36.76
-145.783,60.2509#30.01#33.25#36.74
-145.675,60.2469#30.05#33.23#36.72
-145.567,60.2428#30.08#33.22#36.7
-145.46,60.2386#30.13#33.2#36.67
-145.352,60.2343#30.2#33.18#36.62
-145.245,60.2299#30.27#33.17#36.56
-145.137,60.2254#30.34#33.15#36.51
-145.029,60.2208#30.41#33.14#36.45
-144.922,60.2161#30.5#33.12#36.38
-144.815,60.2113#30.61#33.1#36.29
-144.707,60.2064#30.71#33.08#36.21
-144.6,60.2015#30.81#33.06#36.13
-144.492,60.1964#30.92#33.04#36.04
-144.385,60.1912#31.04#33.03#35.93
-144.278,60.1859#31.17#33.02#35.81
-144.171,60.1805#31.3#33.01#35.69
-144.063,60.175#31.42#32.99#35.59
-143.956,60.1694#31.54#32.99#35.47
-143.849,60.1637#31.64#32.98#35.38
-143.742,60.1579#31.75#32.98#35.27
-143.635,60.152#31.85#32.98#35.17
-143.528,60.146#31.95#32.97#35.08
-143.421,60.14#32.03#32.97#35
-143.314,60.1338#32.09#32.96#34.95
-143.208,60.1275#32.16#32.96#34.88
-143.101,60.1211#32.22#32.95#34.83
-142.994,60.1146#32.29#32.94#34.77
-142.887,60.108#32.32#32.93#34.75
-142.781,60.1013#32.35#32.92#34.73
-142.674,60.0946#32.38#32.91#34.71
-142.568,60.0877#32.41#32.9#34.69
-142.461,60.0807#32.43#32.88#34.69
-142.355,60.0736#32.45#32.85#34.7
-142.248,60.0665#32.48#32.83#34.69
-142.142,60.0592#32.5#32.8#34.7
-142.036,60.0518#32.52#32.78#34.7
-141.93,60.0443#32.54#32.76#34.7
-141.824,60.0368#32.57#32.74#34.69
-141.717,60.0291#32.59#32.72#34.69
-141.611,60.0214#32.62#32.71#34.67
-141.505,60.0135#32.64#32.69#34.67
-141.4,60.0055#32.67#32.67#34.66
-141.294,59.9975#32.69#32.65#34.66
-141.188,59.9893#32.72#32.62#34.66
-141.082,59.9811#32.74#32.6#34.66
-140.976,59.9727#32.77#32.57#34.66
-140.871,59.9643#32.81#32.53#34.66
-140.765,59.9557#32.84#32.49#34.67
-140.66,59.9471#32.88#32.45#34.67
-140.554,59.9384#32.91#32.41#34.68
-140.449,59.9295#32.97#32.37#34.66
-140.344,59.9206#33.04#32.32#34.64
-140.238,59.9116#33.1#32.28#34.62
-140.133,59.9025#33.16#32.24#34.6
-160.409,59.9082#26.62#43.71#29.67
-160.304,59.9178#26.63#43.58#29.79
-160.199,59.9273#26.64#43.45#29.91
-160.094,59.9367#26.65#43.31#30.04
-159.989,59.9461#26.67#43.17#30.16
-159.884,59.9553#26.68#43#30.32
-159.778,59.9644#26.69#42.83#30.48
-159.673,59.9735#26.7#42.66#30.64
-159.567,59.9824#26.71#42.48#30.81
-159.462,59.9913#26.72#42.3#30.98
-159.356,60#26.73#42.1#31.17
-159.251,60.0087#26.75#41.91#31.34
-159.145,60.0172#26.76#41.71#31.53
-159.039,60.0257#26.77#41.51#31.72
-158.933,60.0341#26.78#41.28#31.94
-158.827,60.0423#26.79#41.04#32.17
-158.721,60.0505#26.8#40.78#32.42
-158.615,60.0586#26.82#40.53#32.65
-158.509,60.0666#26.83#40.28#32.89
-158.403,60.0744#26.84#40.06#33.1
-158.297,60.0822#26.85#39.86#33.29
-158.19,60.0899#26.86#39.65#33.49
-158.084,60.0975#26.87#39.44#33.69
-157.978,60.1049#26.88#39.24#33.88
-157.871,60.1123#26.9#39.04#34.06
-157.765,60.1196#26.91#38.84#34.25
-157.658,60.1268#26.92#38.64#34.44
-157.552,60.1339#26.93#38.45#34.62
-157.445,60.1409#26.94#38.25#34.81
-157.338,60.1478#26.95#38.05#35
-157.231,60.1546#26.96#37.85#35.19
-157.125,60.1613#26.98#37.65#35.37
-157.018,60.1679#26.99#37.45#35.56
-156.911,60.1744#27#37.25#35.75
-156.804,60.1808#27.01#37.06#35.93
-156.697,60.1871#27.03#36.86#36.11
-156.59,60.1933#27.04#36.67#36.29
-156.483,60.1994#27.05#36.48#36.47
-156.375,60.2054#27.07#36.31#36.62
-156.268,60.2113#27.08#36.13#36.79
-156.161,60.2171#27.09#35.96#36.95
-156.054,60.2228#27.11#35.79#37.1
-155.946,60.2284#27.12#35.64#37.24
-155.839,60.2339#27.13#35.52#37.35
-155.732,60.2393#27.15#35.39#37.46
-155.624,60.2446#27.16#35.26#37.58
-155.517,60.2498#27.17#35.13#37.7
-155.409,60.2549#27.19#35.06#37.75
-155.302,60.2599#27.2#35#37.8
-155.194,60.2648#27.21#34.93#37.86
-155.086,60.2696#27.23#34.87#37.9
-154.979,60.2743#27.24#34.82#37.94
-154.871,60.2789#27.25#34.8#37.95
-154.763,60.2834#27.27#34.78#37.95
-154.655,60.2878#27.28#34.76#37.96
-154.547,60.2921#27.29#34.73#37.98
-154.44,60.2963#27.31#34.72#37.97
-154.332,60.3004#27.32#34.71#37.97
-154.224,60.3044#27.33#34.71#37.96
-154.116,60.3083#27.34#34.7#37.96
-154.008,60.3121#27.36#34.7#37.94
-153.9,60.3158#27.37#34.7#37.93
-153.792,60.3194#27.38#34.71#37.91
-153.684,60.3229#27.4#34.72#37.88
-153.576,60.3263#27.41#34.73#37.86
-153.468,60.3296#27.42#34.74#37.84
-153.36,60.3328#27.44#34.76#37.8
-153.251,60.3358#27.45#34.77#37.78
-153.143,60.3388#27.46#34.78#37.76
-153.035,60.3417#27.47#34.79#37.74
-152.927,60.3445#27.49#34.81#37.7
-152.819,60.3472#27.5#34.82#37.68
-152.71,60.3498#27.51#34.84#37.65
-152.602,60.3523#27.53#34.85#37.62
-152.494,60.3547#27.54#34.87#37.59
-152.385,60.3569#27.57#34.86#37.57
-152.277,60.3591#27.59#34.86#37.55
-152.169,60.3612#27.61#34.85#37.54
-152.06,60.3632#27.64#34.85#37.51
-151.952,60.3651#27.69#34.83#37.48
-151.843,60.3668#27.77#34.81#37.42
-151.735,60.3685#27.85#34.78#37.37
-151.627,60.3701#27.93#34.76#37.31
-151.518,60.3715#28.01#34.73#37.26
-151.41,60.3729#28.12#34.69#37.19
-151.301,60.3742#28.23#34.64#37.13
-151.193,60.3754#28.35#34.59#37.06
-151.084,60.3764#28.46#34.54#37
-150.976,60.3774#28.57#34.49#36.94
-150.867,60.3782#28.65#34.44#36.91
-150.759,60.379#28.74#34.38#36.88
-150.65,60.3797#28.82#34.33#36.85
-150.542,60.3802#28.9#34.28#36.82
-150.433,60.3807#28.97#34.22#36.81
-150.325,60.381#29.03#34.17#36.8
-150.216,60.3813#29.09#34.11#36.8
