-153.468,63.9029#29.67#33.99#36.34
-153.344,63.9062#29.72#33.94#36.34
-153.22,63.9093#29.77#33.89#36.34
-153.097,63.9123#29.82#33.84#36.34
-152.973,63.9152#29.87#33.79#36.34
-152.849,63.9179#29.92#33.74#36.34
-152.726,63.9206#29.97#33.69#36.34
-152.602,63.9231#30.02#33.64#36.34
-152.478,63.9255#30.07#33.58#36.35
-152.354,63.9278#30.12#33.54#36.34
-152.23,63.93#30.17#33.49#36.34
-152.107,63.9321#30.22#33.44#36.34
-151.983,63.934#30.28#33.39#36.33
-151.859,63.9358#30.38#33.32#36.3
-151.735,63.9375#30.49#33.25#36.26
-151.611,63.9391#30.59#33.18#36.23
-151.487,63.9406#30.71#33.11#36.18
-151.363,63.942#30.87#33.04#36.09
-151.239,63.9432#31.04#32.98#35.98
-151.115,63.9443#31.22#32.91#35.87
-150.991,63.9453#31.38#32.84#35.78
-150.867,63.9462#31.54#32.77#35.69
-150.743,63.947#31.69#32.71#35.6
-150.619,63.9476#31.84#32.64#35.52
-150.495,63.9481#31.98#32.58#35.44
-150.371,63.9486#32.07#32.59#35.34
-150.247,63.9489#32.15#32.6#35.25
-150.123,63.949#32.24#32.61#35.15
-149.999,63.9491#32.32#32.62#35.06
-149.875,63.949#32.4#32.59#35.01
-149.751,63.9488#32.48#32.57#34.95
-149.627,63.9486#32.55#32.54#34.91
-149.503,63.9481#32.63#32.52#34.85
-149.379,63.9476#32.69#32.49#34.82
-149.255,63.947#32.74#32.46#34.8
-149.131,63.9462#32.8#32.43#34.77
-149.007,63.9453#32.86#32.4#34.74
-148.883,63.9443#32.88#32.38#34.74
-148.759,63.9432#32.9#32.35#34.75
-148.635,63.9419#32.92#32.32#34.76
-148.511,63.9406#32.94#32.29#34.77
-148.387,63.9391#32.97#32.26#34.77
-148.263,63.9375#33.01#32.23#34.76
-148.14,63.9358#33.04#32.21#34.75
-148.016,63.934#33.08#32.18#34.74
-147.892,63.932#33.1#32.15#34.75
-147.768,63.93#33.12#32.12#34.76
-147.644,63.9278#33.13#32.09#34.78
-147.52,63.9255#33.15#32.06#34.79
-147.397,63.9231#33.17#32.03#34.8
-147.273,63.9206#33.18#32#34.82
-147.149,63.9179#33.2#31.97#34.83
-147.025,63.9151#33.21#31.94#34.85
-146.902,63.9123#33.23#31.91#34.86
-146.778,63.9093#33.24#31.88#34.88
-146.654,63.9061#33.26#31.84#34.9
-146.531,63.9029#33.27#31.81#34.92
-155.082,63.9045#29.12#34.75#36.13
-154.958,63.9092#29.15#34.66#36.19
-154.835,63.9139#29.18#34.59#36.23
-154.712,63.9184#29.21#34.52#36.27
-154.588,63.9228#29.24#34.44#36.32
-154.465,63.9271#29.28#34.38#36.34
-154.341,63.9313#29.31#34.32#36.37
-154.217,63.9354#29.35#34.27#36.38
-154.094,63.9393#29.38#34.22#36.4
-153.97,63.9432#29.42#34.17#36.41
-153.846,63.9469#29.46#34.13#36.41
-153.723,63.9505#29.51#34.1#36.39
-153.599,63.9539#29.55#34.06#36.39
-153.475,63.9573#29.59#34.03#36.38
-153.351,63.9605#29.64#33.98#36.38
-153.227,63.9637#29.69#33.93#36.38
-153.103,63.9667#29.74#33.88#36.38
-152.979,63.9696#29.78#33.84#36.38
-152.856,63.9723#29.83#33.79#36.38
-152.732,63.975#29.88#33.74#36.38
-152.607,63.9775#29.93#33.69#36.38
-152.483,63.9799#29.98#33.64#36.38
-152.359,63.9822#30.03#33.59#36.38
-152.235,63.9844#30.08#33.55#36.37
-152.111,63.9865#30.13#33.51#36.36
-151.987,63.9884#30.19#33.46#36.35
-151.863,63.9903#30.3#33.39#36.31
-151.739,63.992#30.41#33.33#36.26
-151.615,63.9936#30.52#33.26#36.22
-151.49,63.9951#30.64#33.19#36.17
-151.366,63.9964#30.82#33.13#36.05
-151.242,63.9977#31#33.06#35.94
-151.118,63.9988#31.18#32.99#35.83
-150.993,63.9998#31.37#32.92#35.71
-150.869,64.0007#31.52#32.86#35.62
-150.745,64.0014#31.67#32.79#35.54
-150.621,64.0021#31.82#32.72#35.46
-150.496,64.0026#31.98#32.66#35.36
-150.372,64.003#32.06#32.66#35.28
-150.248,64.0033#32.14#32.66#35.2
-150.124,64.0035#32.22#32.66#35.12
-149.999,64.0036#32.31#32.67#35.02
-149.875,64.0035#32.38#32.64#34.98
-149.751,64.0033#32.45#32.61#34.94
-149.626,64.003#32.53#32.59#34.88
-149.502,64.0026#32.6#32.56#34.84
-149.378,64.0021#32.66#32.53#34.81
-149.254,64.0014#32.72#32.5#34.78
-149.129,64.0007#32.78#32.47#34.75
-149.005,63.9998#32.84#32.44#34.72
-148.881,63.9988#32.86#32.41#34.73
-148.757,63.9976#32.88#32.39#34.73
-148.632,63.9964#32.9#32.36#34.74
-148.508,63.995#32.92#32.33#34.75
-148.384,63.9936#32.95#32.3#34.75
-148.26,63.992#32.98#32.27#34.75
-148.136,63.9903#33.01#32.24#34.75
-148.011,63.9884#33.04#32.21#34.75
-147.887,63.9865#33.06#32.19#34.75
-147.763,63.9844#33.08#32.16#34.76
-147.639,63.9822#33.09#32.13#34.78
-147.515,63.9799#33.11#32.1#34.79
-147.391,63.9775#33.12#32.07#34.81
-147.267,63.975#33.13#32.04#34.83
-147.143,63.9723#33.15#32#34.85
-147.019,63.9695#33.16#31.97#34.87
-146.895,63.9666#33.17#31.94#34.89
-146.771,63.9636#33.19#31.91#34.9
-146.647,63.9605#33.2#31.88#34.92
-146.523,63.9573#33.21#31.84#34.95
-146.4,63.9539#33.23#31.81#34.96
-146.276,63.9504#33.24#31.78#34.98
-146.152,63.9468#33.25#31.74#35.01
-146.028,63.9431#33.26#31.71#35.03
-145.905,63.9393#33.29#31.67#35.04
-145.781,63.9353#33.33#31.64#35.03
-145.657,63.9313#33.37#31.61#35.02
-145.534,63.9271#33.41#31.57#35.02
-145.41,63.9228#33.45#31.53#35.02
-145.287,63.9184#33.5#31.47#35.03
-145.163,63.9138#33.55#31.42#35.03
-145.04,63.9092#33.61#31.37#35.02
-144.917,63.9044#33.67#31.35#34.98
-156.326,63.9045#28.77#35.83#35.4
-156.203,63.9105#28.8#35.71#35.49
-156.08,63.9163#28.83#35.59#35.58
-155.957,63.922#28.86#35.48#35.66
-155.833,63.9276#28.89#35.37#35.74
-155.71,63.9331#28.92#35.27#35.81
-155.587,63.9384#28.95#35.16#35.89
-155.463,63.9437#28.98#35.06#35.96
-155.34,63.9488#29.01#34.97#36.02
-155.216,63.9538#29.04#34.88#36.08
-155.093,63.9587#29.07#34.79#36.14
-154.969,63.9635#29.1#34.71#36.19
-154.845,63.9682#29.13#34.64#36.23
-154.722,63.9727#29.16#34.56#36.28
-154.598,63.9771#29.18#34.49#36.33
-154.474,63.9814#29.21#34.42#36.37
-154.35,63.9856#29.25#34.37#36.38
-154.227,63.9897#29.28#34.32#36.4
-154.103,63.9937#29.31#34.26#36.43
-153.979,63.9975#29.35#34.21#36.44
-153.855,64.0012#29.39#34.18#36.43
-153.731,64.0048#29.43#34.14#36.43
-153.607,64.0083#29.48#34.1#36.42
-153.483,64.0117#29.52#34.07#36.41
-153.358,64.0149#29.56#34.02#36.42
-153.234,64.0181#29.61#33.97#36.42
-153.11,64.0211#29.66#33.93#36.41
-152.986,64.024#29.7#33.88#36.42
-152.862,64.0267#29.75#33.83#36.42
-152.737,64.0294#29.8#33.78#36.42
-152.613,64.0319#29.84#33.74#36.42
-152.489,64.0344#29.89#33.69#36.42
-152.365,64.0367#29.94#33.65#36.41
-152.24,64.0389#29.99#33.61#36.4
-152.116,64.0409#30.04#33.57#36.39
-151.991,64.0429#30.09#33.53#36.38
-151.867,64.0447#30.21#33.47#36.32
-151.743,64.0464#30.33#33.4#36.27
-151.618,64.048#30.45#33.34#36.21
-151.494,64.0495#30.58#33.27#36.15
-151.369,64.0509#30.77#33.21#36.02
-151.245,64.0521#30.96#33.14#35.9
-151.12,64.0532#31.15#33.07#35.78
-150.996,64.0543#31.35#33.01#35.64
-150.871,64.0551#31.5#32.94#35.56
-150.747,64.0559#31.66#32.87#35.47
-150.622,64.0566#31.81#32.8#35.39
-150.497,64.0571#31.97#32.74#35.29
-150.373,64.0575#32.05#32.73#35.22
-150.248,64.0578#32.13#32.73#35.14
-150.124,64.058#32.21#32.72#35.07
-149.999,64.058#32.29#32.71#35
-149.875,64.058#32.36#32.69#34.95
-149.75,64.0578#32.43#32.66#34.91
-149.626,64.0575#32.5#32.63#34.87
-149.501,64.0571#32.57#32.6#34.83
-149.376,64.0566#32.64#32.57#34.79
-149.252,64.0559#32.7#32.54#34.76
-149.127,64.0551#32.76#32.51#34.73
-149.003,64.0542#32.83#32.48#34.69
-148.878,64.0532#32.85#32.45#34.7
-148.754,64.0521#32.87#32.42#34.71
-148.629,64.0509#32.89#32.4#34.71
-148.505,64.0495#32.91#32.37#34.72
-148.38,64.048#32.93#32.34#34.73
-148.256,64.0464#32.96#32.31#34.73
-148.131,64.0447#32.99#32.28#34.73
-148.007,64.0429#33.01#32.25#34.74
-147.883,64.0409#33.03#32.22#34.75
-147.758,64.0388#33.04#32.19#34.77
-147.634,64.0367#33.05#32.16#34.79
-147.51,64.0343#33.07#32.14#34.79
-147.385,64.0319#33.08#32.1#34.82
-147.261,64.0294#33.09#32.07#34.84
-147.137,64.0267#33.1#32.04#34.86
-147.013,64.0239#33.11#32.01#34.88
-146.888,64.021#33.12#31.98#34.9
-146.764,64.018#33.13#31.94#34.93
-146.64,64.0149#33.14#31.91#34.95
-146.516,64.0116#33.16#31.88#34.96
-146.392,64.0083#33.17#31.84#34.99
-146.268,64.0048#33.18#31.81#35.01
-146.144,64.0012#33.2#31.77#35.03
-146.02,63.9974#33.21#31.74#35.05
-145.896,63.9936#33.24#31.7#35.06
-145.772,63.9896#33.28#31.67#35.05
-145.648,63.9856#33.32#31.63#35.05
-145.524,63.9814#33.36#31.6#35.04
-145.4,63.9771#33.4#31.54#35.06
-145.277,63.9726#33.45#31.49#35.06
-145.153,63.9681#33.51#31.43#35.06
-145.029,63.9634#33.56#31.37#35.07
-144.906,63.9587#33.62#31.35#35.03
-144.782,63.9538#33.68#31.34#34.98
-144.659,63.9488#33.75#31.33#34.92
-144.535,63.9436#33.81#31.32#34.87
-144.412,63.9384#33.9#31.35#34.75
-144.288,63.933#33.99#31.4#34.61
-144.165,63.9275#34.08#31.45#34.47
-144.042,63.9219#34.18#31.5#34.32
-143.919,63.9162#34.27#31.57#34.16
-143.796,63.9104#34.37#31.64#33.99
-143.673,63.9045#34.46#31.71#33.83
-157.324,63.9068#28.52#36.88#34.6
-157.201,63.9137#28.54#36.75#34.71
-157.078,63.9205#28.56#36.61#34.83
-156.955,63.9271#28.59#36.48#34.93
-156.832,63.9337#28.62#36.36#35.02
-156.709,63.9401#28.65#36.23#35.12
-156.586,63.9464#28.68#36.1#35.22
-156.463,63.9526#28.7#35.98#35.32
-156.34,63.9587#28.73#35.86#35.41
-156.216,63.9646#28.76#35.74#35.5
-156.093,63.9705#28.79#35.63#35.58
-155.969,63.9762#28.82#35.52#35.66
-155.846,63.9818#28.85#35.41#35.74
-155.722,63.9873#28.88#35.31#35.81
-155.599,63.9927#28.91#35.21#35.88
-155.475,63.9979#28.93#35.11#35.96
-155.351,64.003#28.96#35.02#36.02
-155.228,64.0081#28.99#34.93#36.08
-155.104,64.013#29.02#34.84#36.14
-154.98,64.0178#29.04#34.75#36.21
-154.856,64.0224#29.07#34.68#36.25
-154.732,64.027#29.1#34.61#36.29
-154.608,64.0314#29.13#34.54#36.33
-154.484,64.0357#29.15#34.47#36.38
-154.36,64.0399#29.18#34.42#36.4
-154.236,64.044#29.22#34.36#36.42
-154.112,64.048#29.25#34.31#36.44
-153.987,64.0518#29.28#34.26#36.46
-153.863,64.0556#29.32#34.22#36.46
-153.739,64.0592#29.36#34.18#36.46
-153.615,64.0627#29.4#34.15#36.45
-153.49,64.0661#29.44#34.11#36.45
-153.366,64.0693#29.49#34.06#36.45
-153.241,64.0725#29.53#34.02#36.45
-153.117,64.0755#29.58#33.97#36.45
-152.992,64.0784#29.62#33.93#36.45
-152.868,64.0812#29.67#33.88#36.45
-152.743,64.0838#29.71#33.83#36.46
-152.619,64.0864#29.76#33.78#36.46
-152.494,64.0888#29.8#33.74#36.46
-152.37,64.0911#29.85#33.7#36.45
-152.245,64.0933#29.9#33.67#36.43
-152.12,64.0954#29.94#33.64#36.42
-151.996,64.0973#29.99#33.6#36.41
-151.871,64.0992#30.12#33.54#36.34
-151.746,64.1009#30.25#33.48#36.27
-151.622,64.1025#30.38#33.42#36.2
-151.497,64.104#30.51#33.35#36.14
-151.372,64.1054#30.72#33.29#35.99
-151.247,64.1066#30.92#33.22#35.86
-151.123,64.1077#31.12#33.16#35.72
-150.998,64.1087#31.33#33.09#35.58
-150.873,64.1096#31.48#33.02#35.5
-150.748,64.1104#31.64#32.95#35.41
-150.623,64.1111#31.8#32.89#35.31
-150.499,64.1116#31.96#32.82#35.22
-150.374,64.112#32.04#32.8#35.16
-150.249,64.1123#32.12#32.79#35.09
-150.124,64.1125#32.19#32.78#35.03
-149.999,64.1125#32.27#32.76#34.97
-149.874,64.1125#32.34#32.73#34.93
-149.75,64.1123#32.41#32.7#34.89
-149.625,64.112#32.47#32.67#34.86
-149.5,64.1116#32.54#32.64#34.82
-149.375,64.111#32.61#32.61#34.78
-149.25,64.1104#32.68#32.58#34.74
-149.125,64.1096#32.75#32.55#34.7
-149.001,64.1087#32.82#32.52#34.66
-148.876,64.1077#32.83#32.49#34.68
-148.751,64.1066#32.85#32.46#34.69
-148.626,64.1053#32.87#32.43#34.7
-148.502,64.104#32.89#32.41#34.7
-148.377,64.1025#32.91#32.38#34.71
-148.252,64.1009#32.94#32.35#34.71
-148.127,64.0992#32.96#32.32#34.72
-148.003,64.0973#32.98#32.29#34.73
-147.878,64.0954#32.99#32.26#34.75
-147.753,64.0933#33#32.23#34.77
-147.629,64.0911#33.01#32.2#34.79
-147.504,64.0888#33.02#32.17#34.81
-147.38,64.0863#33.03#32.14#34.83
-147.255,64.0838#33.04#32.11#34.85
-147.131,64.0811#33.05#32.08#34.87
-147.006,64.0783#33.06#32.04#34.9
-146.882,64.0754#33.07#32.01#34.92
-146.757,64.0724#33.08#31.97#34.95
-146.633,64.0693#33.09#31.94#34.97
-146.508,64.066#33.1#31.91#34.99
-146.384,64.0626#33.11#31.87#35.02
-146.26,64.0591#33.13#31.84#35.03
-146.135,64.0555#33.14#31.8#35.06
-146.011,64.0518#33.16#31.77#35.07
-145.887,64.0479#33.19#31.73#35.08
-145.763,64.044#33.23#31.69#35.08
-145.639,64.0399#33.27#31.66#35.07
-145.515,64.0357#33.31#31.62#35.07
-145.39,64.0314#33.35#31.56#35.09
-145.266,64.0269#33.41#31.5#35.09
-145.142,64.0224#33.46#31.44#35.1
-145.019,64.0177#33.51#31.38#35.11
-144.895,64.0129#33.57#31.36#35.07
-144.771,64.008#33.63#31.34#35.03
-144.647,64.003#33.69#31.33#34.98
-144.523,63.9978#33.76#31.32#34.92
-144.4,63.9926#33.85#31.35#34.8
-144.276,63.9872#33.94#31.39#34.67
-144.153,63.9817#34.04#31.44#34.52
-144.029,63.9761#34.14#31.49#34.37
-143.906,63.9704#34.23#31.55#34.22
-143.782,63.9645#34.32#31.63#34.05
-143.659,63.9586#34.41#31.7#33.89
-143.536,63.9525#34.51#31.77#33.72
-143.412,63.9463#34.63#31.82#33.55
-143.289,63.94#34.75#31.85#33.4
-143.166,63.9336#34.88#31.88#33.24
-143.043,63.9271#35.01#31.91#33.08
-142.92,63.9204#35.15#31.93#32.92
-142.797,63.9136#35.3#31.93#32.77
-142.674,63.9067#35.46#31.93#32.61
-158.322,63.9015#28.36#37.94#33.7
-158.2,63.9093#28.38#37.81#33.81
-158.077,63.917#28.39#37.69#33.92
-157.954,63.9246#28.4#37.56#34.04
-157.832,63.9321#28.42#37.42#34.16
-157.709,63.9395#28.44#37.29#34.27
-157.586,63.9467#28.45#37.16#34.39
-157.463,63.9538#28.47#37.03#34.5
-157.34,63.9608#28.49#36.9#34.61
-157.217,63.9678#28.52#36.77#34.71
-157.094,63.9745#28.54#36.64#34.82
-156.97,63.9812#28.56#36.51#34.93
-156.847,63.9878#28.59#36.38#35.03
-156.724,63.9942#28.62#36.26#35.12
-156.6,64.0005#28.65#36.13#35.22
-156.477,64.0067#28.67#36.01#35.32
-156.353,64.0128#28.7#35.89#35.41
-156.23,64.0188#28.73#35.78#35.49
-156.106,64.0246#28.75#35.66#35.59
-155.982,64.0304#28.78#35.55#35.67
-155.859,64.036#28.81#35.45#35.74
-155.735,64.0415#28.83#35.35#35.82
-155.611,64.0469#28.86#35.25#35.89
-155.487,64.0521#28.89#35.15#35.96
-155.363,64.0573#28.91#35.06#36.03
-155.239,64.0623#28.94#34.97#36.09
-155.115,64.0672#28.97#34.88#36.15
-154.991,64.072#28.99#34.8#36.21
-154.867,64.0767#29.02#34.73#36.25
-154.742,64.0813#29.04#34.66#36.3
-154.618,64.0857#29.07#34.59#36.34
-154.494,64.0901#29.09#34.52#36.39
-154.369,64.0943#29.12#34.46#36.42
-154.245,64.0984#29.15#34.41#36.44
-154.121,64.1023#29.18#34.36#36.46
-153.996,64.1062#29.21#34.31#36.48
-153.872,64.1099#29.25#34.27#36.48
-153.747,64.1136#29.29#34.23#36.48
-153.622,64.1171#29.33#34.19#36.48
-153.498,64.1204#29.37#34.15#36.48
-153.373,64.1237#29.41#34.1#36.49
-153.248,64.1269#29.45#34.06#36.49
-153.124,64.1299#29.49#34.02#36.49
-152.999,64.1328#29.54#33.98#36.48
-152.874,64.1356#29.58#33.93#36.49
-152.749,64.1383#29.63#33.88#36.49
-152.625,64.1408#29.67#33.83#36.5
-152.5,64.1433#29.72#33.79#36.49
-152.375,64.1456#29.76#33.76#36.48
-152.25,64.1478#29.81#33.73#36.46
-152.125,64.1499#29.86#33.7#36.44
-152,64.1518#29.9#33.67#36.43
-151.875,64.1537#30.04#33.6#36.36
-151.75,64.1554#30.18#33.54#36.28
-151.625,64.157#30.32#33.48#36.2
-151.5,64.1585#30.47#33.42#36.11
-151.375,64.1598#30.68#33.35#35.97
-151.25,64.1611#30.89#33.29#35.82
-151.125,64.1622#31.11#33.23#35.66
-151,64.1632#31.32#33.17#35.51
-150.875,64.1641#31.48#33.1#35.42
-150.75,64.1649#31.63#33.03#35.34
-150.625,64.1656#31.79#32.96#35.25
-150.5,64.1661#31.95#32.89#35.16
-150.375,64.1665#32.03#32.87#35.1
-150.249,64.1668#32.1#32.85#35.05
-150.124,64.167#32.18#32.83#34.99
-149.999,64.167#32.26#32.81#34.93
-149.874,64.167#32.32#32.78#34.9
-149.749,64.1668#32.39#32.75#34.86
-149.624,64.1665#32.45#32.71#34.84
-149.499,64.1661#32.51#32.68#34.81
-149.374,64.1655#32.59#32.65#34.76
-149.249,64.1649#32.66#32.62#34.72
-149.124,64.1641#32.73#32.59#34.68
-148.998,64.1632#32.8#32.55#34.65
-148.873,64.1622#32.82#32.53#34.65
-148.748,64.1611#32.84#32.5#34.66
-148.623,64.1598#32.86#32.47#34.67
-148.498,64.1585#32.88#32.44#34.68
-148.373,64.157#32.9#32.42#34.68
-148.248,64.1554#32.91#32.39#34.7
-148.123,64.1536#32.93#32.36#34.71
-147.998,64.1518#32.95#32.33#34.72
-147.873,64.1498#32.96#32.3#34.74
-147.749,64.1477#32.97#32.27#34.76
-147.624,64.1455#32.97#32.24#34.79
-147.499,64.1432#32.98#32.21#34.81
-147.374,64.1408#32.99#32.18#34.83
-147.249,64.1382#32.99#32.15#34.86
-147.124,64.1356#33#32.11#34.89
-146.999,64.1328#33#32.08#34.92
-146.875,64.1299#33.01#32.04#34.95
-146.75,64.1268#33.02#32.01#34.97
-146.625,64.1237#33.03#31.97#35
-146.501,64.1204#33.04#31.94#35.02
-146.376,64.117#33.06#31.9#35.04
-146.251,64.1135#33.07#31.87#35.06
-146.127,64.1099#33.09#31.83#35.08
-146.002,64.1062#33.1#31.8#35.1
-145.878,64.1023#33.14#31.76#35.1
-145.754,64.0983#33.18#31.72#35.1
-145.629,64.0942#33.22#31.68#35.1
-145.505,64.09#33.26#31.65#35.09
-145.38,64.0857#33.31#31.58#35.11
-145.256,64.0812#33.36#31.51#35.13
-145.132,64.0767#33.41#31.45#35.14
-145.008,64.072#33.46#31.38#35.16
-144.884,64.0672#33.52#31.36#35.12
-144.76,64.0623#33.58#31.34#35.08
-144.636,64.0572#33.64#31.33#35.03
-144.512,64.0521#33.71#31.31#34.98
-144.388,64.0468#33.8#31.35#34.85
-144.264,64.0414#33.9#31.39#34.71
-144.14,64.0359#34#31.43#34.57
-144.016,64.0303#34.09#31.47#34.44
-143.892,64.0246#34.18#31.54#34.28
-143.769,64.0187#34.28#31.62#34.1
-143.645,64.0127#34.37#31.69#33.94
-143.522,64.0066#34.46#31.77#33.77
-143.398,64.0004#34.58#31.81#33.61
-143.275,63.9941#34.71#31.85#33.44
-143.151,63.9877#34.84#31.89#33.27
-143.028,63.9811#34.96#31.92#33.12
-142.905,63.9745#35.11#31.93#32.96
-142.782,63.9677#35.26#31.93#32.81
-142.659,63.9608#35.42#31.94#32.64
-142.536,63.9537#35.57#31.94#32.49
-142.413,63.9466#35.74#31.94#32.32
-142.29,63.9394#35.91#31.93#32.16
-142.167,63.932#36.08#31.92#32
-142.044,63.9245#36.25#31.91#31.84
-141.921,63.9169#36.43#31.89#31.68
-141.799,63.9092#36.62#31.88#31.5
-141.676,63.9014#36.8#31.86#31.34
-159.075,63.9059#28.28#38.63#33.09
-158.953,63.9144#28.29#38.52#33.19
-158.83,63.9228#28.3#38.41#33.29
-158.708,63.9311#28.31#38.29#33.4
-158.585,63.9393#28.32#38.18#33.5
-158.463,63.9474#28.34#38.06#33.6
-158.34,63.9554#28.35#37.94#33.71
-158.217,63.9632#28.36#37.81#33.83
-158.094,63.9709#28.37#37.69#33.94
-157.972,63.9786#28.39#37.56#34.05
-157.849,63.986#28.4#37.43#34.17
-157.725,63.9934#28.42#37.3#34.28
-157.602,64.0007#28.44#37.17#34.39
-157.479,64.0078#28.45#37.04#34.51
-157.356,64.0149#28.47#36.92#34.61
-157.232,64.0218#28.5#36.79#34.71
-157.109,64.0286#28.52#36.66#34.82
-156.986,64.0353#28.54#36.53#34.93
-156.862,64.0418#28.57#36.41#35.02
-156.738,64.0483#28.59#36.28#35.13
-156.615,64.0546#28.62#36.16#35.22
-156.491,64.0609#28.64#36.04#35.32
-156.367,64.067#28.67#35.93#35.4
-156.243,64.0729#28.69#35.81#35.5
-156.119,64.0788#28.72#35.7#35.58
-155.995,64.0846#28.74#35.59#35.67
-155.871,64.0902#28.77#35.49#35.74
-155.747,64.0957#28.79#35.39#35.82
-155.623,64.1011#28.82#35.29#35.89
-155.499,64.1064#28.84#35.19#35.97
-155.375,64.1115#28.87#35.1#36.03
-155.25,64.1166#28.89#35.01#36.1
-155.126,64.1215#28.91#34.93#36.16
-155.002,64.1263#28.94#34.84#36.22
-154.877,64.131#28.96#34.77#36.27
-154.753,64.1356#28.98#34.7#36.32
-154.628,64.1401#29.01#34.63#36.36
-154.503,64.1444#29.03#34.56#36.41
-154.379,64.1486#29.06#34.51#36.43
-154.254,64.1527#29.09#34.46#36.45
-154.129,64.1567#29.12#34.4#36.48
-154.005,64.1606#29.15#34.35#36.5
-153.88,64.1643#29.19#34.31#36.5
-153.755,64.1679#29.22#34.27#36.51
-153.63,64.1715#29.26#34.23#36.51
-153.505,64.1749#29.3#34.19#36.51
-153.38,64.1781#29.34#34.14#36.52
-153.256,64.1813#29.39#34.1#36.51
-153.131,64.1843#29.43#34.06#36.51
-153.006,64.1872#29.47#34.02#36.51
-152.88,64.19#29.51#33.97#36.52
-152.755,64.1927#29.56#33.92#36.52
-152.63,64.1953#29.6#33.87#36.53
-152.505,64.1977#29.64#33.81#36.55
-152.38,64.2#29.7#33.78#36.52
-152.255,64.2022#29.75#33.74#36.51
-152.13,64.2043#29.81#33.71#36.48
-152.004,64.2063#29.86#33.67#36.47
-151.879,64.2081#30.01#33.61#36.38
-151.754,64.2099#30.16#33.55#36.29
-151.629,64.2115#30.31#33.48#36.21
-151.503,64.213#30.47#33.42#36.11
-151.378,64.2143#30.68#33.37#35.95
-151.253,64.2156#30.9#33.33#35.77
-151.127,64.2167#31.12#33.28#35.6
-151.002,64.2177#31.33#33.23#35.44
-150.877,64.2186#31.48#33.16#35.36
-150.751,64.2194#31.64#33.09#35.27
-150.626,64.2201#31.79#33.02#35.19
-150.501,64.2206#31.94#32.95#35.11
-150.375,64.221#32.01#32.93#35.06
-150.25,64.2213#32.09#32.91#35
-150.125,64.2215#32.16#32.88#34.96
-149.999,64.2216#32.24#32.86#34.9
-149.874,64.2215#32.3#32.82#34.88
-149.748,64.2213#32.37#32.79#34.84
-149.623,64.221#32.43#32.75#34.82
-149.498,64.2206#32.49#32.72#34.79
-149.372,64.2201#32.56#32.69#34.75
-149.247,64.2194#32.63#32.65#34.72
-149.122,64.2186#32.7#32.62#34.68
-148.996,64.2177#32.77#32.59#34.64
-148.871,64.2167#32.79#32.56#34.65
-148.746,64.2156#32.81#32.54#34.65
-148.62,64.2143#32.83#32.51#34.66
-148.495,64.213#32.86#32.48#34.66
-148.37,64.2115#32.87#32.45#34.68
-148.244,64.2099#32.89#32.42#34.69
-148.119,64.2081#32.91#32.39#34.7
-147.994,64.2063#32.93#32.36#34.71
-147.869,64.2043#32.94#32.33#34.73
-147.744,64.2022#32.94#32.31#34.75
-147.618,64.2#32.95#32.28#34.77
-147.493,64.1977#32.96#32.25#34.79
-147.368,64.1952#32.97#32.21#34.82
-147.243,64.1927#32.97#32.18#34.85
-147.118,64.19#32.98#32.15#34.87
-146.993,64.1872#32.98#32.11#34.91
-146.868,64.1843#32.99#32.08#34.93
-146.743,64.1812#32.99#32.04#34.97
-146.618,64.1781#33#32.01#34.99
-146.493,64.1748#33.01#31.97#35.02
-146.368,64.1714#33.02#31.93#35.05
-146.243,64.1679#33.04#31.9#35.06
-146.118,64.1643#33.05#31.86#35.09
-145.994,64.1605#33.06#31.83#35.11
-145.869,64.1567#33.1#31.79#35.11
-145.744,64.1527#33.13#31.75#35.12
-145.62,64.1486#33.17#31.71#35.12
-145.495,64.1443#33.21#31.67#35.12
-145.37,64.14#33.26#31.6#35.14
-145.246,64.1355#33.31#31.52#35.17
-145.121,64.131#33.36#31.45#35.19
-144.997,64.1263#33.41#31.38#35.21
-144.872,64.1215#33.47#31.36#35.17
-144.748,64.1165#33.53#31.35#35.12
-144.624,64.1115#33.59#31.33#35.08
-144.5,64.1063#33.65#31.31#35.04
-144.375,64.101#33.75#31.35#34.9
-144.251,64.0956#33.85#31.38#34.77
-144.127,64.0901#33.95#31.41#34.64
-144.003,64.0845#34.05#31.45#34.5
-143.879,64.0787#34.14#31.53#34.33
-143.755,64.0729#34.23#31.61#34.16
-143.631,64.0669#34.32#31.69#33.99
-143.508,64.0608#34.41#31.77#33.82
-143.384,64.0546#34.53#31.81#33.66
-143.26,64.0482#34.66#31.85#33.49
-143.137,64.0418#34.79#31.89#33.32
-143.013,64.0352#34.92#31.93#33.15
-142.889,64.0285#35.07#31.94#32.99
-142.766,64.0217#35.22#31.94#32.84
-142.643,64.0148#35.38#31.94#32.68
-142.519,64.0078#35.53#31.95#32.52
-142.396,64.0006#35.7#31.94#32.36
-142.273,63.9933#35.87#31.93#32.2
-142.15,63.986#36.04#31.92#32.04
-142.027,63.9785#36.22#31.92#31.86
-141.904,63.9708#36.4#31.9#31.7
-141.781,63.9631#36.58#31.88#31.54
-141.658,63.9553#36.77#31.86#31.37
-141.536,63.9473#36.95#31.84#31.21
-141.413,63.9392#37.14#31.82#31.04
-141.291,63.931#37.34#31.79#30.87
-141.168,63.9227#37.53#31.76#30.71
-141.046,63.9143#37.73#31.73#30.54
-140.923,63.9058#37.94#31.66#30.4
-159.828,63.906#28.2#39.13#32.67
-159.706,63.9152#28.21#39.05#32.74
-159.584,63.9243#28.22#38.96#32.82
-159.462,63.9333#28.23#38.88#32.89
-159.339,63.9422#28.24#38.78#32.98
-159.217,63.951#28.26#38.68#33.06
-159.095,63.9597#28.27#38.59#33.14
-158.972,63.9682#28.28#38.49#33.23
-158.849,63.9767#28.29#38.38#33.33
-158.727,63.985#28.3#38.27#33.43
-158.604,63.9932#28.31#38.16#33.53
-158.481,64.0013#28.32#38.05#33.63
-158.358,64.0093#28.34#37.93#33.73
-158.235,64.0171#28.35#37.81#33.84
-158.112,64.0249#28.36#37.69#33.95
-157.989,64.0325#28.37#37.57#34.06
-157.865,64.04#28.39#37.44#34.17
-157.742,64.0474#28.4#37.31#34.29
-157.619,64.0547#28.42#37.19#34.39
-157.495,64.0619#28.43#37.06#34.51
-157.372,64.0689#28.45#36.93#34.62
-157.248,64.0758#28.48#36.81#34.71
-157.124,64.0827#28.5#36.68#34.82
-157.001,64.0894#28.52#36.55#34.93
-156.877,64.0959#28.54#36.43#35.03
-156.753,64.1024#28.56#36.31#35.13
-156.629,64.1088#28.59#36.19#35.22
-156.505,64.115#28.61#36.07#35.32
-156.381,64.1211#28.63#35.96#35.41
-156.257,64.1271#28.66#35.85#35.49
-156.133,64.133#28.68#35.74#35.58
-156.008,64.1388#28.7#35.62#35.68
-155.884,64.1444#28.73#35.52#35.75
-155.76,64.1499#28.75#35.42#35.83
-155.635,64.1553#28.78#35.33#35.89
-155.511,64.1606#28.8#35.23#35.97
-155.386,64.1658#28.82#35.14#36.04
-155.262,64.1709#28.85#35.05#36.1
-155.137,64.1758#28.87#34.97#36.16
-155.012,64.1806#28.89#34.88#36.23
-154.888,64.1853#28.92#34.81#36.27
-154.763,64.1899#28.94#34.74#36.32
-154.638,64.1944#28.96#34.67#36.37
-154.513,64.1987#28.99#34.6#36.41
-154.388,64.203#29.02#34.55#36.43
-154.263,64.2071#29.04#34.49#36.47
-154.139,64.2111#29.07#34.44#36.49
-154.013,64.215#29.1#34.39#36.51
-153.888,64.2187#29.14#34.35#36.51
-153.763,64.2224#29.17#34.3#36.53
-153.638,64.2259#29.21#34.26#36.53
-153.513,64.2293#29.25#34.22#36.53
-153.388,64.2326#29.29#34.18#36.53
-153.263,64.2357#29.33#34.14#36.53
-153.137,64.2388#29.37#34.1#36.53
-153.012,64.2417#29.41#34.05#36.54
-152.887,64.2445#29.45#34#36.55
-152.761,64.2472#29.49#33.95#36.56
-152.636,64.2497#29.53#33.9#36.57
-152.511,64.2522#29.57#33.84#36.59
-152.385,64.2545#29.63#33.8#36.57
-152.26,64.2567#29.69#33.76#36.55
-152.134,64.2588#29.76#33.71#36.53
-152.009,64.2608#29.82#33.67#36.51
-151.883,64.2626#29.98#33.61#36.41
-151.758,64.2644#30.14#33.55#36.31
-151.632,64.266#30.3#33.49#36.21
-151.507,64.2675#30.47#33.43#36.1
-151.381,64.2689#30.68#33.39#35.93
-151.256,64.2701#30.9#33.36#35.74
-151.13,64.2712#31.12#33.32#35.56
-151.004,64.2723#31.34#33.29#35.37
-150.879,64.2732#31.49#33.22#35.29
-150.753,64.2739#31.64#33.15#35.21
-150.627,64.2746#31.78#33.08#35.14
-150.502,64.2751#31.93#33.02#35.05
-150.376,64.2755#32#32.99#35.01
-150.251,64.2758#32.07#32.96#34.97
-150.125,64.276#32.15#32.94#34.91
-149.999,64.2761#32.22#32.91#34.87
-149.874,64.276#32.28#32.87#34.85
-149.748,64.2758#32.35#32.83#34.82
-149.622,64.2755#32.41#32.79#34.8
-149.497,64.2751#32.47#32.75#34.78
-149.371,64.2746#32.54#32.72#34.74
-149.245,64.2739#32.61#32.69#34.7
-149.12,64.2732#32.68#32.66#34.66
-148.994,64.2723#32.74#32.63#34.63
-148.868,64.2712#32.77#32.6#34.63
-148.743,64.2701#32.79#32.57#34.64
-148.617,64.2688#32.81#32.54#34.65
-148.492,64.2675#32.83#32.52#34.65
-148.366,64.266#32.85#32.49#34.66
-148.241,64.2644#32.87#32.46#34.67
-148.115,64.2626#32.89#32.43#34.68
-147.99,64.2608#32.91#32.4#34.69
-147.864,64.2588#32.92#32.37#34.71
-147.739,64.2567#32.92#32.34#34.74
-147.613,64.2545#32.93#32.31#34.76
-147.488,64.2522#32.94#32.28#34.78
-147.362,64.2497#32.95#32.25#34.8
-147.237,64.2471#32.95#32.22#34.83
-147.112,64.2445#32.96#32.18#34.86
-146.986,64.2416#32.97#32.15#34.88
-146.861,64.2387#32.97#32.12#34.91
-146.736,64.2357#32.98#32.08#34.94
-146.611,64.2325#32.99#32.04#34.97
-146.485,64.2292#32.99#32.01#35
-146.36,64.2258#33#31.97#35.03
-146.235,64.2223#33.02#31.93#35.05
-146.11,64.2187#33.03#31.9#35.07
-145.985,64.2149#33.05#31.86#35.09
-145.86,64.211#33.08#31.82#35.1
-145.735,64.207#33.11#31.79#35.1
-145.61,64.2029#33.14#31.75#35.11
-145.485,64.1987#33.18#31.71#35.11
-145.36,64.1943#33.22#31.63#35.15
-145.235,64.1899#33.27#31.55#35.18
-145.111,64.1853#33.31#31.48#35.21
-144.986,64.1806#33.36#31.41#35.23
-144.861,64.1758#33.42#31.39#35.19
-144.737,64.1708#33.48#31.36#35.16
-144.612,64.1657#33.54#31.34#35.12
-144.488,64.1606#33.6#31.32#35.08
-144.363,64.1553#33.7#31.35#34.95
-144.239,64.1499#33.81#31.37#34.82
-144.114,64.1443#33.91#31.4#34.69
-143.99,64.1387#34.01#31.43#34.56
-143.866,64.1329#34.1#31.51#34.39
-143.742,64.127#34.18#31.6#34.22
-143.618,64.121#34.27#31.68#34.05
-143.493,64.1149#34.36#31.76#33.88
-143.369,64.1087#34.49#31.81#33.7
-143.245,64.1023#34.62#31.85#33.53
-143.122,64.0959#34.75#31.9#33.35
-142.998,64.0893#34.88#31.94#33.18
-142.874,64.0826#35.03#31.94#33.03
-142.75,64.0758#35.19#31.95#32.86
-142.627,64.0688#35.34#31.95#32.71
-142.503,64.0618#35.49#31.95#32.56
-142.38,64.0546#35.66#31.95#32.39
-142.256,64.0473#35.84#31.94#32.22
-142.133,64.0399#36.01#31.93#32.06
-142.01,64.0324#36.18#31.92#31.9
-141.887,64.0248#36.36#31.9#31.74
-141.763,64.017#36.55#31.88#31.57
-141.64,64.0092#36.73#31.86#31.41
-141.517,64.0012#36.92#31.84#31.24
-141.395,63.9931#37.11#31.82#31.07
-141.272,63.9849#37.3#31.79#30.91
-141.149,63.9766#37.49#31.76#30.75
-141.026,63.9681#37.69#31.73#30.58
-140.904,63.9596#37.9#31.64#30.46
-140.781,63.9509#38.11#31.54#30.35
-140.659,63.9421#38.33#31.44#30.23
-140.537,63.9332#38.55#31.34#30.11
-140.414,63.9242#38.76#31.24#30
-140.292,63.9151#38.97#31.14#29.89
-140.17,63.9058#39.19#31.04#29.77
-160.581,63.9017#28.12#39.54#32.34
-160.459,63.9116#28.13#39.45#32.42
-160.338,63.9214#28.14#39.37#32.49
-160.216,63.9312#28.15#39.3#32.55
-160.094,63.9408#28.17#39.23#32.6
-159.972,63.9502#28.18#39.15#32.67
-159.849,63.9596#28.19#39.07#32.74
-159.727,63.9689#28.2#38.99#32.81
-159.605,63.978#28.21#38.91#32.88
-159.482,63.9871#28.22#38.82#32.96
-159.36,63.996#28.23#38.73#33.04
-159.237,64.0048#28.24#38.64#33.12
-159.114,64.0135#28.25#38.55#33.2
-158.991,64.022#28.26#38.46#33.28
-158.869,64.0305#28.28#38.35#33.37
-158.746,64.0388#28.29#38.25#33.46
-158.623,64.0471#28.3#38.14#33.56
-158.499,64.0552#28.31#38.04#33.65
-158.376,64.0632#28.32#37.92#33.76
-158.253,64.071#28.33#37.8#33.87
-158.13,64.0788#28.35#37.69#33.96
-158.006,64.0865#28.36#37.57#34.07
-157.883,64.094#28.37#37.45#34.18
-157.759,64.1014#28.39#37.32#34.29
-157.635,64.1087#28.4#37.2#34.4
-157.512,64.1159#28.41#37.07#34.52
-157.388,64.123#28.43#36.95#34.62
-157.264,64.1299#28.45#36.83#34.72
-157.14,64.1367#28.47#36.7#34.83
-157.016,64.1435#28.49#36.58#34.93
-156.892,64.1501#28.52#36.46#35.02
-156.768,64.1565#28.54#36.34#35.12
-156.643,64.1629#28.56#36.22#35.22
-156.519,64.1692#28.58#36.1#35.32
-156.395,64.1753#28.61#35.99#35.4
-156.27,64.1813#28.63#35.88#35.49
-156.146,64.1872#28.65#35.77#35.58
-156.021,64.193#28.67#35.66#35.67
-155.897,64.1986#28.7#35.56#35.74
-155.772,64.2042#28.72#35.46#35.82
-155.648,64.2096#28.74#35.36#35.9
-155.523,64.2149#28.77#35.26#35.97
-155.398,64.2201#28.79#35.17#36.04
-155.273,64.2252#28.81#35.09#36.1
-155.148,64.2301#28.83#35.01#36.16
-155.023,64.2349#28.86#34.92#36.22
-154.898,64.2397#28.88#34.85#36.27
-154.773,64.2443#28.9#34.78#36.32
-154.648,64.2487#28.92#34.71#36.37
-154.523,64.2531#28.94#34.64#36.42
-154.398,64.2573#28.97#34.58#36.45
-154.273,64.2615#29#34.53#36.47
-154.148,64.2655#29.03#34.48#36.49
-154.022,64.2693#29.05#34.43#36.52
-153.897,64.2731#29.09#34.38#36.53
-153.772,64.2768#29.12#34.34#36.54
-153.646,64.2803#29.16#34.3#36.54
-153.521,64.2837#29.19#34.26#36.55
-153.395,64.287#29.23#34.22#36.55
-153.27,64.2902#29.27#34.18#36.55
-153.144,64.2932#29.3#34.13#36.57
-153.019,64.2961#29.34#34.09#36.57
-152.893,64.299#29.38#34.04#36.58
-152.767,64.3016#29.42#33.98#36.6
-152.642,64.3042#29.46#33.93#36.61
-152.516,64.3067#29.5#33.87#36.63
-152.39,64.309#29.57#33.82#36.61
-152.265,64.3112#29.64#33.77#36.59
-152.139,64.3133#29.71#33.72#36.57
-152.013,64.3153#29.78#33.68#36.54
-151.887,64.3172#29.94#33.62#36.44
-151.762,64.3189#30.12#33.56#36.32
-151.636,64.3205#30.29#33.5#36.21
-151.51,64.322#30.47#33.44#36.09
-151.384,64.3234#30.69#33.41#35.9
-151.258,64.3246#30.91#33.39#35.7
-151.132,64.3258#31.13#33.37#35.5
-151.007,64.3268#31.36#33.35#35.29
-150.881,64.3277#31.5#33.28#35.22
-150.755,64.3285#31.64#33.22#35.14
-150.629,64.3291#31.78#33.15#35.07
-150.503,64.3297#31.92#33.08#35
-150.377,64.3301#31.99#33.05#34.96
-150.251,64.3304#32.06#33.02#34.92
-150.125,64.3306#32.13#32.99#34.88
-149.999,64.3306#32.2#32.96#34.84
-149.873,64.3306#32.26#32.91#34.83
-149.747,64.3304#32.33#32.87#34.8
-149.621,64.3301#32.39#32.83#34.78
-149.496,64.3297#32.45#32.79#34.76
-149.37,64.3291#32.52#32.76#34.72
-149.244,64.3285#32.59#32.73#34.68
-149.118,64.3277#32.65#32.69#34.66
-148.992,64.3268#32.72#32.66#34.62
-148.866,64.3258#32.74#32.63#34.63
-148.74,64.3246#32.76#32.61#34.63
-148.614,64.3234#32.79#32.58#34.63
-148.488,64.322#32.81#32.55#34.64
-148.363,64.3205#32.83#32.52#34.65
-148.237,64.3189#32.85#32.49#34.66
-148.111,64.3171#32.87#32.47#34.66
-147.985,64.3153#32.88#32.44#34.68
-147.859,64.3133#32.89#32.41#34.7
-147.734,64.3112#32.9#32.38#34.72
-147.608,64.309#32.91#32.35#34.74
-147.482,64.3066#32.92#32.32#34.76
-147.357,64.3042#32.93#32.29#34.78
-147.231,64.3016#32.94#32.25#34.81
-147.105,64.2989#32.94#32.22#34.84
-146.98,64.2961#32.95#32.19#34.86
-146.854,64.2932#32.96#32.15#34.89
-146.729,64.2901#32.96#32.12#34.92
-146.603,64.2869#32.97#32.08#34.95
-146.478,64.2837#32.98#32.04#34.98
-146.352,64.2802#32.99#32.01#35
-146.227,64.2767#33#31.97#35.03
-146.101,64.2731#33.01#31.93#35.06
-145.976,64.2693#33.03#31.9#35.07
-145.851,64.2654#33.06#31.86#35.08
-145.726,64.2614#33.08#31.82#35.1
-145.6,64.2573#33.11#31.78#35.11
-145.475,64.253#33.15#31.74#35.11
-145.35,64.2487#33.19#31.66#35.15
-145.225,64.2442#33.23#31.59#35.18
-145.1,64.2396#33.27#31.51#35.22
-144.975,64.2349#33.32#31.45#35.23
-144.85,64.2301#33.37#31.42#35.21
-144.725,64.2251#33.42#31.39#35.19
-144.6,64.22#33.48#31.37#35.15
-144.476,64.2148#33.54#31.35#35.11
-144.351,64.2095#33.64#31.37#34.99
-144.226,64.2041#33.74#31.39#34.87
-144.102,64.1986#33.84#31.42#34.74
-143.977,64.1929#33.93#31.45#34.62
-143.852,64.1871#34.03#31.53#34.44
-143.728,64.1812#34.12#31.61#34.27
-143.604,64.1752#34.21#31.69#34.1
-143.479,64.1691#34.3#31.76#33.94
-143.355,64.1628#34.44#31.81#33.75
-143.231,64.1565#34.57#31.86#33.57
-143.107,64.15#34.7#31.9#33.4
-142.983,64.1434#34.84#31.94#33.22
-142.859,64.1367#34.99#31.95#33.06
-142.735,64.1298#35.15#31.95#32.9
-142.611,64.1229#35.3#31.96#32.74
-142.487,64.1158#35.46#31.96#32.58
-142.363,64.1086#35.63#31.95#32.42
-142.239,64.1013#35.8#31.94#32.26
-142.116,64.0939#35.97#31.93#32.1
-141.992,64.0864#36.15#31.93#31.92
-141.869,64.0787#36.33#31.9#31.77
-141.746,64.0709#36.51#31.88#31.61
-141.622,64.0631#36.7#31.86#31.44
-141.499,64.0551#36.88#31.84#31.28
-141.376,64.047#37.07#31.81#31.12
-141.253,64.0387#37.27#31.78#30.95
-141.13,64.0304#37.46#31.75#30.79
-141.007,64.0219#37.65#31.72#30.63
-140.884,64.0134#37.86#31.63#30.51
-140.761,64.0047#38.07#31.52#30.41
-140.639,63.9959#38.29#31.42#30.29
-140.516,63.9869#38.5#31.32#30.18
-140.394,63.9779#38.72#31.22#30.06
-140.271,63.9688#38.93#31.12#29.95
-140.149,63.9595#39.14#31.02#29.84
-140.027,63.9501#39.35#30.92#29.73
-139.905,63.9406#39.63#30.87#29.5
-139.783,63.931#39.94#30.82#29.24
-139.661,63.9213#40.25#30.78#28.97
-139.539,63.9115#40.57#30.73#28.7
-139.417,63.9015#40.94#30.7#28.36
-161.212,63.9037#28.05#39.93#32.02
-161.091,63.9142#28.07#39.84#32.09
-160.969,63.9246#28.08#39.74#32.18
-160.848,63.9349#28.09#39.64#32.27
-160.726,63.9451#28.1#39.55#32.35
-160.604,63.9552#28.11#39.46#32.43
-160.482,63.9652#28.12#39.37#32.51
-160.36,63.975#28.13#39.3#32.57
-160.238,63.9848#28.14#39.23#32.63
-160.115,63.9944#28.15#39.16#32.69
-159.993,64.0039#28.16#39.09#32.75
-159.871,64.0133#28.18#39.01#32.81
-159.748,64.0226#28.19#38.93#32.88
-159.625,64.0317#28.2#38.85#32.95
-159.503,64.0408#28.21#38.77#33.02
-159.38,64.0497#28.22#38.68#33.1
-159.257,64.0585#28.23#38.59#33.18
-159.134,64.0673#28.24#38.51#33.25
-159.011,64.0758#28.25#38.42#33.33
-158.888,64.0843#28.26#38.32#33.42
-158.765,64.0927#28.27#38.22#33.51
-158.641,64.1009#28.29#38.12#33.59
-158.518,64.1091#28.3#38.03#33.67
-158.394,64.1171#28.31#37.91#33.78
-158.271,64.125#28.32#37.8#33.88
-158.147,64.1328#28.33#37.68#33.99
-158.023,64.1404#28.34#37.57#34.09
-157.9,64.148#28.36#37.45#34.19
-157.776,64.1554#28.37#37.33#34.3
-157.652,64.1627#28.38#37.21#34.41
-157.528,64.1699#28.4#37.09#34.51
-157.404,64.177#28.42#36.96#34.62
-157.28,64.184#28.44#36.84#34.72
-157.155,64.1908#28.45#36.72#34.83
-157.031,64.1976#28.47#36.6#34.93
-156.907,64.2042#28.5#36.48#35.02
-156.782,64.2107#28.52#36.36#35.12
-156.658,64.2171#28.54#36.24#35.22
-156.533,64.2233#28.56#36.12#35.32
-156.409,64.2295#28.58#36.01#35.41
-156.284,64.2355#28.6#35.9#35.5
-156.159,64.2414#28.62#35.8#35.58
-156.035,64.2472#28.65#35.69#35.66
-155.91,64.2529#28.67#35.59#35.74
-155.785,64.2584#28.69#35.49#35.82
-155.66,64.2639#28.71#35.39#35.9
-155.535,64.2692#28.73#35.3#35.97
-155.41,64.2744#28.75#35.21#36.04
-155.285,64.2795#28.78#35.13#36.09
-155.16,64.2844#28.8#35.04#36.16
-155.034,64.2893#28.82#34.96#36.22
-154.909,64.294#28.84#34.89#36.27
-154.784,64.2986#28.86#34.82#36.32
-154.659,64.3031#28.88#34.75#36.37
-154.533,64.3075#28.9#34.68#36.42
-154.408,64.3117#28.93#34.62#36.45
-154.282,64.3158#28.95#34.57#36.48
-154.157,64.3199#28.98#34.52#36.5
-154.031,64.3238#29#34.46#36.54
-153.906,64.3275#29.04#34.42#36.54
-153.78,64.3312#29.07#34.38#36.55
-153.654,64.3347#29.1#34.34#36.56
-153.528,64.3381#29.13#34.3#36.57
-153.403,64.3414#29.17#34.25#36.58
-153.277,64.3446#29.21#34.21#36.58
-153.151,64.3477#29.24#34.17#36.59
-153.025,64.3506#29.28#34.13#36.59
-152.899,64.3534#29.32#34.08#36.6
-152.774,64.3561#29.35#34.02#36.63
-152.648,64.3587#29.39#33.96#36.65
-152.522,64.3612#29.43#33.9#36.67
-152.396,64.3635#29.5#33.84#36.66
-152.27,64.3657#29.58#33.79#36.63
-152.144,64.3678#29.66#33.73#36.61
-152.018,64.3698#29.74#33.68#36.58
-151.892,64.3717#29.91#33.62#36.47
-151.766,64.3734#30.09#33.56#36.35
-151.639,64.375#30.28#33.5#36.22
-151.513,64.3765#30.47#33.45#36.08
-151.387,64.3779#30.69#33.43#35.88
-151.261,64.3792#30.92#33.42#35.66
-151.135,64.3803#31.14#33.42#35.44
-151.009,64.3813#31.37#33.41#35.22
-150.883,64.3822#31.51#33.34#35.15
-150.756,64.383#31.64#33.28#35.08
-150.63,64.3837#31.77#33.21#35.02
-150.504,64.3842#31.91#33.14#34.95
-150.378,64.3846#31.98#33.11#34.91
-150.252,64.3849#32.05#33.07#34.88
-150.125,64.3851#32.11#33.04#34.85
-149.999,64.3852#32.18#33#34.82
-149.873,64.3851#32.25#32.96#34.79
-149.747,64.3849#32.31#32.91#34.78
-149.621,64.3846#32.37#32.87#34.76
-149.494,64.3842#32.43#32.82#34.75
-149.368,64.3837#32.5#32.79#34.71
-149.242,64.383#32.56#32.76#34.68
-149.116,64.3822#32.63#32.73#34.64
-148.99,64.3813#32.69#32.7#34.61
-148.864,64.3803#32.71#32.67#34.62
-148.737,64.3792#32.74#32.64#34.62
-148.611,64.3779#32.77#32.61#34.62
-148.485,64.3765#32.79#32.59#34.62
-148.359,64.375#32.81#32.56#34.63
-148.233,64.3734#32.83#32.53#34.64
-148.107,64.3717#32.85#32.5#34.65
-147.981,64.3698#32.86#32.47#34.67
-147.855,64.3678#32.87#32.44#34.69
-147.729,64.3657#32.88#32.41#34.71
-147.603,64.3635#32.89#32.38#34.73
-147.477,64.3611#32.9#32.35#34.75
-147.351,64.3587#32.91#32.32#34.77
-147.225,64.3561#32.92#32.29#34.79
-147.099,64.3534#32.93#32.26#34.81
-146.973,64.3506#32.94#32.22#34.84
-146.847,64.3476#32.94#32.19#34.87
-146.721,64.3446#32.95#32.15#34.9
-146.596,64.3414#32.95#32.12#34.93
-146.47,64.3381#32.96#32.08#34.96
-146.344,64.3347#32.97#32.04#34.99
-146.219,64.3311#32.98#32.01#35.01
-146.093,64.3275#32.99#31.97#35.04
-145.967,64.3237#33.01#31.93#35.06
-145.842,64.3198#33.03#31.89#35.08
-145.716,64.3158#33.06#31.86#35.08
-145.591,64.3117#33.09#31.82#35.09
-145.465,64.3074#33.12#31.77#35.11
-145.34,64.303#33.15#31.7#35.15
-145.215,64.2985#33.19#31.62#35.19
-145.089,64.2939#33.23#31.55#35.22
-144.964,64.2892#33.27#31.49#35.24
-144.839,64.2844#33.32#31.45#35.23
-144.714,64.2794#33.37#31.42#35.21
-144.589,64.2743#33.42#31.39#35.19
-144.463,64.2691#33.48#31.37#35.15
-144.338,64.2638#33.57#31.39#35.04
-144.214,64.2584#33.67#31.42#34.91
-144.089,64.2528#33.76#31.44#34.8
-143.964,64.2471#33.86#31.47#34.67
-143.839,64.2413#33.95#31.55#34.5
-143.714,64.2354#34.04#31.62#34.34
-143.59,64.2294#34.13#31.69#34.18
-143.465,64.2232#34.23#31.76#34.01
-143.34,64.217#34.37#31.81#33.82
-143.216,64.2106#34.51#31.86#33.63
-143.092,64.2041#34.64#31.91#33.45
-142.967,64.1975#34.78#31.95#33.27
-142.843,64.1907#34.94#31.96#33.1
-142.719,64.1839#35.09#31.96#32.95
-142.595,64.1769#35.25#31.97#32.78
-142.471,64.1698#35.41#31.97#32.62
-142.347,64.1626#35.59#31.96#32.45
-142.223,64.1553#35.76#31.95#32.29
-142.099,64.1479#35.94#31.94#32.12
-141.975,64.1403#36.11#31.93#31.96
-141.851,64.1327#36.3#31.91#31.79
-141.728,64.1249#36.48#31.89#31.63
-141.604,64.117#36.66#31.86#31.48
-141.481,64.109#36.85#31.84#31.31
-141.357,64.1008#37.04#31.81#31.15
-141.234,64.0926#37.23#31.78#30.99
-141.111,64.0842#37.42#31.75#30.83
-140.987,64.0757#37.62#31.71#30.67
-140.864,64.0671#37.82#31.61#30.57
-140.741,64.0584#38.03#31.5#30.47
-140.619,64.0496#38.24#31.4#30.36
-140.496,64.0407#38.45#31.3#30.25
-140.373,64.0316#38.67#31.2#30.13
-140.25,64.0225#38.88#31.11#30.01
-140.128,64.0132#39.1#31.01#29.89
-140.005,64.0038#39.31#30.91#29.78
-139.883,63.9943#39.58#30.86#29.56
-139.761,63.9846#39.86#30.82#29.32
-139.639,63.9749#40.15#30.77#29.08
-139.517,63.965#40.45#30.73#28.82
-139.395,63.9551#40.82#30.7#28.48
-139.273,63.945#41.21#30.68#28.11
-139.151,63.9348#41.59#30.66#27.75
-139.029,63.9245#41.98#30.63#27.39
-138.908,63.9141#42.28#30.61#27.11
-138.786,63.9035#42.54#30.6#26.86
-161.844,63.9026#27.99#40.31#31.7
-161.722,63.9137#28#40.22#31.78
-161.601,63.9247#28.01#40.12#31.87
-161.48,63.9356#28.02#40.03#31.95
-161.358,63.9464#28.03#39.93#32.04
