-151.197,52.9006#29.77#36.52#33.71
-151.111,52.9016#29.72#36.47#33.81
-151.026,52.9026#29.67#36.41#33.92
-150.94,52.9034#29.61#36.35#34.04
-150.855,52.9043#29.56#36.3#34.14
-150.769,52.905#29.5#36.24#34.26
-150.684,52.9056#29.45#36.18#34.37
-150.598,52.9062#29.39#36.12#34.49
-150.513,52.9067#29.34#36.07#34.59
-150.427,52.9071#29.31#36.01#34.68
-150.342,52.9075#29.28#35.95#34.77
-150.256,52.9077#29.25#35.9#34.85
-150.171,52.9079#29.22#35.84#34.94
-150.085,52.9081#29.19#35.78#35.03
-149.999,52.9081#29.16#35.73#35.11
-149.914,52.9081#29.28#35.68#35.04
-149.828,52.9079#29.4#35.62#34.98
-149.743,52.9077#29.52#35.57#34.91
-149.657,52.9075#29.63#35.52#34.85
-149.572,52.9071#29.75#35.47#34.78
-149.486,52.9067#29.87#35.41#34.72
-149.401,52.9062#30.01#35.36#34.63
-149.315,52.9056#30.15#35.31#34.54
-149.23,52.905#30.28#35.26#34.46
-149.144,52.9042#30.42#35.21#34.37
-149.059,52.9034#30.56#35.15#34.29
-148.973,52.9025#30.67#35.1#34.23
-148.888,52.9016#30.72#35.05#34.23
-148.802,52.9005#30.76#35#34.24
-153.336,52.9011#30.1#37.65#32.25
-153.251,52.9041#30.11#37.61#32.28
-153.165,52.907#30.12#37.58#32.3
-153.08,52.9098#30.13#37.55#32.32
-152.994,52.9125#30.14#37.52#32.34
-152.909,52.9152#30.14#37.48#32.38
-152.824,52.9177#30.14#37.45#32.41
-152.738,52.9202#30.15#37.41#32.44
-152.653,52.9227#30.15#37.38#32.47
-152.567,52.925#30.15#37.34#32.51
-152.482,52.9273#30.15#37.3#32.55
-152.396,52.9295#30.14#37.26#32.6
-152.311,52.9316#30.13#37.22#32.65
-152.225,52.9336#30.12#37.17#32.71
-152.14,52.9356#30.12#37.13#32.75
-152.054,52.9375#30.11#37.09#32.8
-151.969,52.9393#30.09#37.04#32.87
-151.883,52.941#30.07#36.99#32.94
-151.797,52.9427#30.05#36.94#33.01
-151.712,52.9443#30.02#36.89#33.09
-151.626,52.9458#30#36.84#33.16
-151.541,52.9472#29.97#36.79#33.24
-151.455,52.9485#29.93#36.73#33.34
-151.37,52.9498#29.88#36.68#33.44
-151.284,52.951#29.82#36.62#33.56
-151.198,52.9521#29.77#36.57#33.66
-151.113,52.9532#29.71#36.51#33.78
-151.027,52.9541#29.66#36.46#33.88
-150.941,52.955#29.61#36.4#33.99
-150.856,52.9558#29.55#36.34#34.11
-150.77,52.9566#29.5#36.29#34.21
-150.685,52.9572#29.45#36.23#34.32
-150.599,52.9578#29.39#36.17#34.44
-150.513,52.9583#29.34#36.11#34.55
-150.428,52.9587#29.3#36.06#34.64
-150.342,52.9591#29.27#36#34.73
-150.256,52.9593#29.24#35.94#34.82
-150.171,52.9595#29.21#35.89#34.9
-150.085,52.9596#29.18#35.83#34.99
-149.999,52.9597#29.15#35.78#35.07
-149.914,52.9596#29.27#35.72#35.01
-149.828,52.9595#29.39#35.67#34.94
-149.743,52.9593#29.51#35.62#34.87
-149.657,52.9591#29.62#35.57#34.81
-149.571,52.9587#29.74#35.51#34.75
-149.486,52.9583#29.87#35.46#34.67
-149.4,52.9578#30#35.41#34.59
-149.314,52.9572#30.14#35.36#34.5
-149.229,52.9565#30.28#35.31#34.41
-149.143,52.9558#30.42#35.25#34.33
-149.057,52.955#30.55#35.2#34.25
-148.972,52.9541#30.66#35.15#34.19
-148.886,52.9532#30.71#35.1#34.19
-148.801,52.9521#30.76#35.05#34.19
-148.715,52.951#30.81#35#34.19
-148.629,52.9498#30.86#34.95#34.19
-148.544,52.9485#30.91#34.9#34.19
-148.458,52.9472#30.94#34.85#34.21
-148.373,52.9458#30.96#34.8#34.24
-148.287,52.9442#30.98#34.75#34.27
-148.201,52.9427#31#34.7#34.3
-148.116,52.941#31.02#34.66#34.32
-148.03,52.9393#31.03#34.61#34.36
-147.945,52.9375#31.04#34.56#34.4
-147.859,52.9356#31.05#34.5#34.45
-147.774,52.9336#31.05#34.45#34.5
-147.688,52.9316#31.06#34.4#34.54
-147.603,52.9294#31.07#34.35#34.58
-147.517,52.9273#31.07#34.3#34.63
-147.432,52.925#31.07#34.25#34.68
-147.346,52.9226#31.07#34.19#34.74
-147.261,52.9202#31.07#34.14#34.79
-147.175,52.9177#31.07#34.08#34.85
-147.09,52.9151#31.07#34.03#34.9
-147.005,52.9125#31.08#33.98#34.94
-146.919,52.9097#31.08#33.92#35
-146.834,52.9069#31.07#33.87#35.06
-146.748,52.904#31.07#33.81#35.12
-146.663,52.9011#31.07#33.76#35.17
-154.536,52.903#29.83#38.16#32.01
-154.451,52.907#29.85#38.13#32.02
-154.365,52.911#29.87#38.1#32.03
-154.28,52.9149#29.89#38.07#32.04
-154.195,52.9187#29.91#38.03#32.06
-154.11,52.9224#29.93#38#32.07
-154.024,52.9261#29.95#37.97#32.08
-153.939,52.9297#29.97#37.93#32.1
-153.853,52.9332#29.98#37.9#32.12
-153.768,52.9366#30#37.87#32.13
-153.683,52.94#30.02#37.83#32.15
-153.597,52.9432#30.03#37.8#32.17
-153.512,52.9464#30.05#37.77#32.18
-153.426,52.9496#30.06#37.74#32.2
-153.341,52.9526#30.07#37.7#32.23
-153.255,52.9556#30.08#37.67#32.25
-153.17,52.9585#30.09#37.64#32.27
-153.084,52.9613#30.1#37.6#32.3
-152.999,52.964#30.11#37.57#32.32
-152.913,52.9667#30.12#37.54#32.34
-152.828,52.9693#30.12#37.5#32.38
-152.742,52.9718#30.12#37.46#32.42
-152.657,52.9742#30.12#37.43#32.45
-152.571,52.9765#30.13#37.39#32.48
-152.485,52.9788#30.13#37.36#32.51
-152.4,52.981#30.12#37.31#32.57
-152.314,52.9831#30.11#37.27#32.62
-152.228,52.9852#30.11#37.22#32.67
-152.143,52.9872#30.1#37.18#32.72
-152.057,52.989#30.09#37.14#32.77
-151.971,52.9909#30.08#37.09#32.83
-151.886,52.9926#30.06#37.04#32.9
-151.8,52.9943#30.04#36.99#32.97
-151.714,52.9958#30.01#36.94#33.05
-151.629,52.9973#29.99#36.89#33.12
-151.543,52.9988#29.97#36.84#33.19
-151.457,53.0001#29.93#36.78#33.29
-151.372,53.0014#29.87#36.73#33.4
-151.286,53.0026#29.82#36.67#33.51
-151.2,53.0037#29.76#36.62#33.62
-151.114,53.0048#29.71#36.56#33.73
-151.029,53.0057#29.66#36.51#33.83
-150.943,53.0066#29.6#36.45#33.95
-150.857,53.0074#29.55#36.39#34.06
-150.771,53.0081#29.49#36.33#34.18
-150.686,53.0088#29.44#36.28#34.28
-150.6,53.0094#29.39#36.22#34.39
-150.514,53.0099#29.33#36.16#34.51
-150.428,53.0103#29.3#36.1#34.6
-150.343,53.0107#29.26#36.05#34.69
-150.257,53.0109#29.23#35.99#34.78
-150.171,53.0111#29.2#35.94#34.86
-150.085,53.0112#29.17#35.88#34.95
-149.999,53.0113#29.13#35.82#35.05
-149.914,53.0112#29.25#35.77#34.98
-149.828,53.0111#29.37#35.72#34.91
-149.742,53.0109#29.5#35.67#34.83
-149.656,53.0107#29.62#35.62#34.76
-149.571,53.0103#29.74#35.56#34.7
-149.485,53.0099#29.86#35.51#34.63
-149.399,53.0094#30#35.46#34.54
-149.313,53.0088#30.13#35.41#34.46
-149.228,53.0081#30.27#35.35#34.38
-149.142,53.0074#30.41#35.3#34.29
-149.056,53.0066#30.55#35.25#34.2
-148.97,53.0057#30.66#35.2#34.14
-148.885,53.0047#30.71#35.15#34.14
-148.799,53.0037#30.76#35.1#34.14
-148.713,53.0026#30.81#35.05#34.14
-148.627,53.0014#30.86#35#34.14
-148.542,53.0001#30.91#34.95#34.14
-148.456,52.9988#30.94#34.9#34.16
-148.37,52.9973#30.96#34.85#34.19
-148.284,52.9958#30.98#34.8#34.22
-148.199,52.9942#30.99#34.75#34.26
-148.113,52.9926#31.01#34.7#34.29
-148.027,52.9908#31.03#34.65#34.32
-147.942,52.989#31.04#34.6#34.36
-147.856,52.9871#31.04#34.55#34.41
-147.77,52.9852#31.05#34.5#34.45
-147.685,52.9831#31.06#34.45#34.49
-147.599,52.981#31.06#34.4#34.54
-147.514,52.9788#31.07#34.34#34.59
-147.428,52.9765#31.07#34.29#34.64
-147.342,52.9742#31.07#34.24#34.69
-147.257,52.9717#31.07#34.18#34.75
-147.171,52.9692#31.07#34.13#34.8
-147.086,52.9666#31.07#34.07#34.86
-147,52.964#31.07#34.02#34.91
-146.915,52.9612#31.07#33.97#34.96
-146.829,52.9584#31.07#33.91#35.02
-146.744,52.9555#31.07#33.86#35.07
-146.658,52.9526#31.07#33.8#35.13
-146.573,52.9495#31.07#33.75#35.18
-146.487,52.9464#31.07#33.69#35.24
-146.402,52.9432#31.07#33.64#35.29
-146.316,52.9399#31.07#33.58#35.35
-146.231,52.9366#31.07#33.53#35.4
-146.145,52.9331#31.07#33.47#35.46
-146.06,52.9296#31.07#33.42#35.51
-145.975,52.926#31.07#33.36#35.57
-145.889,52.9224#31.07#33.31#35.62
-145.804,52.9187#31.07#33.26#35.67
-145.719,52.9148#31.07#33.21#35.72
-145.633,52.911#31.07#33.16#35.77
-145.548,52.907#31.07#33.11#35.82
-145.463,52.9029#31.07#33.07#35.86
-155.48,52.9048#29.52#38.57#31.91
-155.395,52.9097#29.55#38.54#31.91
-155.31,52.9145#29.57#38.51#31.92
-155.225,52.9193#29.6#38.48#31.92
-155.14,52.9239#29.62#38.44#31.94
-155.055,52.9285#29.65#38.41#31.94
-154.969,52.933#29.67#38.38#31.95
-154.884,52.9375#29.69#38.35#31.96
-154.799,52.9418#29.71#38.32#31.97
-154.713,52.9461#29.74#38.29#31.97
-154.628,52.9503#29.76#38.26#31.98
-154.543,52.9544#29.78#38.22#32
-154.457,52.9585#29.8#38.19#32.01
-154.372,52.9624#29.82#38.16#32.02
-154.287,52.9663#29.85#38.13#32.02
-154.201,52.9701#29.87#38.09#32.04
-154.116,52.9739#29.89#38.06#32.05
-154.03,52.9776#29.91#38.02#32.07
-153.945,52.9811#29.93#37.99#32.08
-153.859,52.9847#29.94#37.96#32.1
-153.774,52.9881#29.96#37.93#32.11
-153.688,52.9914#29.98#37.89#32.13
-153.603,52.9947#29.99#37.86#32.15
-153.517,52.9979#30.01#37.83#32.16
-153.431,53.0011#30.02#37.79#32.19
-153.346,53.0041#30.04#37.76#32.2
-153.26,53.0071#30.05#37.73#32.22
-153.175,53.01#30.06#37.69#32.25
-153.089,53.0128#30.07#37.66#32.27
-153.003,53.0155#30.08#37.63#32.29
-152.918,53.0182#30.09#37.59#32.32
-152.832,53.0208#30.09#37.56#32.35
-152.746,53.0233#30.1#37.52#32.38
-152.661,53.0257#30.1#37.48#32.42
-152.575,53.0281#30.1#37.45#32.45
-152.489,53.0304#30.11#37.41#32.48
-152.403,53.0326#30.1#37.36#32.54
-152.318,53.0347#30.1#37.32#32.58
-152.232,53.0368#30.09#37.28#32.63
-152.146,53.0387#30.09#37.23#32.68
-152.06,53.0406#30.08#37.19#32.73
-151.974,53.0424#30.07#37.14#32.79
-151.889,53.0442#30.05#37.09#32.86
-151.803,53.0458#30.03#37.04#32.93
-151.717,53.0474#30.01#36.99#33
-151.631,53.0489#29.98#36.94#33.08
-151.545,53.0504#29.96#36.88#33.16
-151.459,53.0517#29.92#36.83#33.25
-151.374,53.053#29.87#36.78#33.35
-151.288,53.0542#29.82#36.72#33.46
-151.202,53.0553#29.76#36.66#33.58
-151.116,53.0564#29.71#36.61#33.68
-151.03,53.0573#29.65#36.55#33.8
-150.944,53.0582#29.6#36.5#33.9
-150.858,53.059#29.54#36.44#34.02
-150.773,53.0598#29.49#36.38#34.13
-150.687,53.0604#29.44#36.32#34.24
-150.601,53.061#29.38#36.26#34.36
-150.515,53.0615#29.33#36.21#34.46
-150.429,53.0619#29.29#36.15#34.56
-150.343,53.0623#29.26#36.09#34.65
-150.257,53.0625#29.22#36.04#34.74
-150.171,53.0627#29.19#35.98#34.83
-150.085,53.0628#29.15#35.93#34.92
-149.999,53.0629#29.12#35.87#35.01
-149.914,53.0628#29.24#35.82#34.94
-149.828,53.0627#29.36#35.77#34.87
-149.742,53.0625#29.48#35.72#34.8
-149.656,53.0623#29.61#35.66#34.73
-149.57,53.0619#29.73#35.61#34.66
-149.484,53.0615#29.85#35.56#34.59
-149.398,53.061#29.99#35.51#34.5
-149.312,53.0604#30.13#35.45#34.42
-149.226,53.0597#30.27#35.4#34.33
-149.14,53.059#30.41#35.35#34.24
-149.055,53.0582#30.54#35.3#34.16
-148.969,53.0573#30.65#35.24#34.11
-148.883,53.0563#30.7#35.19#34.11
-148.797,53.0553#30.75#35.14#34.11
-148.711,53.0542#30.8#35.1#34.1
-148.625,53.053#30.85#35.05#34.1
-148.539,53.0517#30.9#35#34.1
-148.454,53.0503#30.94#34.95#34.11
-148.368,53.0489#30.95#34.9#34.15
-148.282,53.0474#30.97#34.85#34.18
-148.196,53.0458#30.99#34.8#34.21
-148.11,53.0442#31.01#34.75#34.24
-148.024,53.0424#31.03#34.7#34.27
-147.939,53.0406#31.03#34.65#34.32
-147.853,53.0387#31.04#34.6#34.36
-147.767,53.0367#31.05#34.55#34.4
-147.681,53.0347#31.05#34.49#34.46
-147.596,53.0326#31.06#34.44#34.5
-147.51,53.0303#31.06#34.39#34.55
-147.424,53.0281#31.06#34.33#34.61
-147.338,53.0257#31.06#34.28#34.66
-147.253,53.0233#31.06#34.23#34.71
-147.167,53.0208#31.06#34.17#34.77
-147.081,53.0182#31.07#34.12#34.81
-146.996,53.0155#31.07#34.06#34.87
-146.91,53.0128#31.07#34.01#34.92
-146.824,53.0099#31.06#33.95#34.99
-146.739,53.007#31.06#33.9#35.04
-146.653,53.0041#31.06#33.84#35.1
-146.567,53.001#31.06#33.79#35.15
-146.482,52.9979#31.06#33.73#35.21
-146.396,52.9947#31.06#33.68#35.26
-146.311,52.9914#31.06#33.62#35.32
-146.225,52.988#31.06#33.57#35.37
-146.14,52.9846#31.06#33.51#35.43
-146.054,52.9811#31.06#33.46#35.48
-145.969,52.9775#31.06#33.4#35.54
-145.883,52.9738#31.06#33.35#35.59
-145.798,52.9701#31.06#33.3#35.64
-145.712,52.9663#31.06#33.25#35.69
-145.627,52.9624#31.06#33.2#35.74
-145.542,52.9584#31.06#33.15#35.79
-145.456,52.9544#31.06#33.1#35.84
-145.371,52.9502#31.06#33.06#35.88
-145.285,52.946#31.06#33.02#35.92
-145.2,52.9418#31.06#32.98#35.96
-145.115,52.9374#31.07#32.94#35.99
-145.03,52.933#31.07#32.9#36.03
-144.944,52.9285#31.07#32.89#36.04
-144.859,52.9239#31.07#32.89#36.04
-144.774,52.9192#31.07#32.89#36.04
-144.689,52.9145#31.07#32.9#36.03
-144.604,52.9097#31.07#32.9#36.03
-144.518,52.9048#31.07#32.9#36.03
-156.34,52.903#29.21#38.94#31.85
-156.255,52.9087#29.23#38.91#31.86
-156.17,52.9143#29.26#38.88#31.86
-156.085,52.9198#29.29#38.85#31.86
-156,52.9252#29.32#38.82#31.86
-155.915,52.9306#29.34#38.79#31.87
-155.829,52.9358#29.37#38.76#31.87
-155.744,52.941#29.4#38.73#31.87
-155.659,52.9462#29.42#38.7#31.88
-155.574,52.9512#29.45#38.67#31.88
-155.489,52.9562#29.47#38.64#31.89
-155.403,52.9611#29.5#38.61#31.89
-155.318,52.9659#29.52#38.57#31.91
-155.233,52.9707#29.55#38.54#31.91
-155.147,52.9753#29.57#38.51#31.92
-155.062,52.9799#29.6#38.47#31.93
-154.977,52.9844#29.62#38.44#31.94
-154.891,52.9889#29.65#38.41#31.94
-154.806,52.9932#29.67#38.38#31.95
-154.721,52.9975#29.69#38.35#31.96
-154.635,53.0017#29.71#38.32#31.97
-154.55,53.0058#29.74#38.29#31.97
-154.464,53.0099#29.76#38.25#31.99
-154.379,53.0139#29.78#38.22#32
-154.293,53.0178#29.8#38.19#32.01
-154.207,53.0216#29.82#38.15#32.03
-154.122,53.0254#29.84#38.12#32.04
-154.036,53.029#29.87#38.08#32.05
-153.951,53.0326#29.89#38.05#32.06
-153.865,53.0361#29.9#38.02#32.08
-153.779,53.0396#29.92#37.98#32.1
-153.694,53.0429#29.94#37.95#32.11
-153.608,53.0462#29.96#37.92#32.12
-153.522,53.0494#29.98#37.88#32.14
-153.437,53.0526#29.99#37.85#32.16
-153.351,53.0556#30#37.82#32.18
-153.265,53.0586#30.01#37.78#32.21
-153.179,53.0615#30.03#37.75#32.22
-153.094,53.0643#30.04#37.72#32.24
-153.008,53.0671#30.05#37.68#32.27
-152.922,53.0698#30.06#37.65#32.29
-152.836,53.0723#30.06#37.61#32.33
-152.75,53.0749#30.07#37.57#32.36
-152.665,53.0773#30.08#37.54#32.38
-152.579,53.0797#30.08#37.5#32.42
-152.493,53.0819#30.09#37.46#32.45
-152.407,53.0842#30.08#37.42#32.5
-152.321,53.0863#30.08#37.37#32.55
-152.235,53.0883#30.08#37.33#32.59
-152.149,53.0903#30.07#37.28#32.65
-152.063,53.0922#30.07#37.24#32.69
-151.977,53.094#30.06#37.19#32.75
-151.891,53.0958#30.04#37.14#32.82
-151.806,53.0974#30.02#37.09#32.89
-151.72,53.099#30#37.04#32.96
-151.634,53.1005#29.98#36.98#33.04
-151.548,53.102#29.96#36.93#33.11
-151.462,53.1033#29.92#36.88#33.2
-151.376,53.1046#29.87#36.82#33.31
-151.29,53.1058#29.81#36.77#33.42
-151.204,53.1069#29.76#36.71#33.53
-151.118,53.108#29.7#36.66#33.64
-151.032,53.1089#29.65#36.6#33.75
-150.946,53.1098#29.59#36.54#33.87
-150.86,53.1106#29.54#36.48#33.98
-150.774,53.1114#29.49#36.43#34.08
-150.688,53.112#29.43#36.37#34.2
-150.602,53.1126#29.38#36.31#34.31
-150.516,53.1131#29.33#36.25#34.42
-150.43,53.1135#29.29#36.2#34.51
-150.344,53.1139#29.25#36.14#34.61
-150.258,53.1142#29.21#36.09#34.7
-150.172,53.1144#29.18#36.03#34.79
-150.085,53.1145#29.14#35.98#34.88
-149.999,53.1145#29.11#35.92#34.97
-149.913,53.1145#29.23#35.87#34.9
-149.827,53.1144#29.35#35.82#34.83
-149.741,53.1142#29.47#35.76#34.77
-149.655,53.1139#29.6#35.71#34.69
-149.569,53.1135#29.72#35.66#34.62
-149.483,53.1131#29.85#35.61#34.54
-149.397,53.1126#29.98#35.56#34.46
-149.311,53.112#30.12#35.5#34.38
-149.225,53.1114#30.26#35.45#34.29
-149.139,53.1106#30.4#35.4#34.2
-149.053,53.1098#30.54#35.34#34.12
-148.967,53.1089#30.65#35.29#34.06
-148.881,53.108#30.7#35.24#34.06
-148.795,53.1069#30.75#35.19#34.06
-148.709,53.1058#30.8#35.14#34.06
-148.623,53.1046#30.85#35.09#34.06
-148.537,53.1033#30.9#35.04#34.06
-148.451,53.1019#30.93#34.99#34.08
-148.365,53.1005#30.95#34.94#34.11
-148.279,53.099#30.97#34.9#34.13
-148.193,53.0974#30.98#34.85#34.17
-148.107,53.0957#31#34.8#34.2
-148.022,53.094#31.02#34.75#34.23
-147.936,53.0922#31.03#34.7#34.27
-147.85,53.0903#31.04#34.64#34.32
-147.764,53.0883#31.04#34.59#34.37
-147.678,53.0863#31.05#34.54#34.41
-147.592,53.0841#31.05#34.49#34.46
-147.506,53.0819#31.06#34.43#34.51
-147.42,53.0796#31.06#34.38#34.56
-147.334,53.0773#31.06#34.32#34.62
-147.249,53.0748#31.06#34.27#34.67
-147.163,53.0723#31.06#34.22#34.72
-147.077,53.0697#31.06#34.16#34.78
-146.991,53.067#31.06#34.11#34.83
-146.905,53.0643#31.06#34.05#34.89
-146.82,53.0615#31.06#34#34.94
-146.734,53.0586#31.06#33.94#35
-146.648,53.0556#31.06#33.89#35.05
-146.562,53.0525#31.06#33.83#35.11
-146.477,53.0494#31.06#33.77#35.17
-146.391,53.0462#31.06#33.72#35.22
-146.305,53.0429#31.06#33.66#35.28
-146.22,53.0395#31.06#33.61#35.33
-146.134,53.0361#31.06#33.55#35.39
-146.048,53.0326#31.06#33.5#35.44
-145.963,53.029#31.06#33.44#35.5
-145.877,53.0253#31.06#33.39#35.55
-145.791,53.0216#31.06#33.34#35.6
-145.706,53.0177#31.06#33.29#35.65
-145.62,53.0138#31.06#33.24#35.7
-145.535,53.0099#31.06#33.18#35.76
-145.449,53.0058#31.06#33.14#35.8
-145.364,53.0017#31.06#33.09#35.85
-145.278,52.9975#31.06#33.05#35.89
-145.193,52.9932#31.06#33.01#35.93
-145.108,52.9888#31.06#32.97#35.97
-145.022,52.9844#31.06#32.93#36.01
-144.937,52.9799#31.06#32.91#36.03
-144.851,52.9753#31.06#32.91#36.03
-144.766,52.9706#31.06#32.91#36.03
-144.681,52.9658#31.06#32.91#36.03
-144.596,52.961#31.06#32.91#36.03
-144.51,52.9561#31.06#32.91#36.03
-144.425,52.9512#31.06#32.9#36.04
-144.34,52.9461#31.07#32.88#36.05
-144.255,52.941#31.07#32.87#36.06
-144.169,52.9358#31.07#32.85#36.08
-144.084,52.9305#31.07#32.84#36.09
-143.999,52.9251#31.07#32.82#36.11
-143.914,52.9197#31.07#32.81#36.12
-143.829,52.9142#31.07#32.79#36.14
-143.744,52.9086#31.07#32.78#36.15
-143.659,52.903#31.08#32.77#36.15
-157.029,52.9062#28.92#39.24#31.84
-156.944,52.9125#28.95#39.21#31.84
-156.859,52.9187#28.97#39.19#31.84
-156.774,52.9248#29#39.16#31.84
-156.689,52.9309#29.03#39.13#31.84
-156.604,52.9368#29.06#39.11#31.83
-156.519,52.9427#29.09#39.08#31.83
-156.434,52.9486#29.12#39.05#31.83
-156.349,52.9543#29.15#39.02#31.83
-156.264,52.96#29.18#38.98#31.84
-156.179,52.9656#29.21#38.95#31.84
-156.094,52.9711#29.24#38.92#31.84
-156.009,52.9765#29.26#38.88#31.86
-155.923,52.9819#29.29#38.85#31.86
-155.838,52.9872#29.32#38.82#31.86
-155.753,52.9924#29.34#38.79#31.87
-155.668,52.9975#29.37#38.76#31.87
-155.582,53.0026#29.4#38.73#31.87
-155.497,53.0075#29.42#38.7#31.88
-155.411,53.0125#29.45#38.67#31.88
-155.326,53.0173#29.47#38.64#31.89
-155.241,53.022#29.5#38.6#31.9
-155.155,53.0267#29.52#38.57#31.91
-155.07,53.0313#29.55#38.54#31.91
-154.984,53.0358#29.57#38.5#31.93
-154.899,53.0403#29.6#38.47#31.93
-154.813,53.0446#29.62#38.44#31.94
-154.728,53.0489#29.65#38.41#31.94
-154.642,53.0532#29.67#38.38#31.95
-154.556,53.0573#29.69#38.35#31.96
-154.471,53.0614#29.72#38.31#31.97
-154.385,53.0653#29.74#38.28#31.98
-154.299,53.0693#29.76#38.25#31.99
-154.214,53.0731#29.78#38.21#32.01
-154.128,53.0768#29.8#38.18#32.02
-154.042,53.0805#29.82#38.14#32.04
-153.957,53.0841#29.84#38.11#32.05
-153.871,53.0876#29.86#38.08#32.06
-153.785,53.0911#29.88#38.04#32.08
-153.699,53.0945#29.9#38.01#32.09
-153.613,53.0978#29.92#37.97#32.11
-153.528,53.101#29.94#37.94#32.12
-153.442,53.1041#29.95#37.91#32.14
-153.356,53.1072#29.97#37.87#32.16
-153.27,53.1102#29.98#37.84#32.18
-153.184,53.1131#29.99#37.81#32.2
-153.098,53.1159#30.01#37.77#32.22
-153.012,53.1186#30.02#37.74#32.24
-152.926,53.1213#30.03#37.7#32.27
-152.84,53.1239#30.04#37.66#32.3
-152.755,53.1264#30.04#37.63#32.33
-152.669,53.1289#30.05#37.59#32.36
-152.583,53.1312#30.06#37.55#32.39
-152.497,53.1335#30.07#37.52#32.41
-152.411,53.1357#30.06#37.47#32.47
-152.325,53.1379#30.06#37.42#32.52
-152.239,53.1399#30.06#37.38#32.56
-152.152,53.1419#30.06#37.33#32.61
-152.066,53.1438#30.06#37.29#32.65
-151.98,53.1456#30.05#37.24#32.71
-151.894,53.1474#30.03#37.19#32.78
-151.808,53.149#30.01#37.14#32.85
-151.722,53.1506#29.99#37.08#32.93
-151.636,53.1522#29.97#37.03#33
-151.55,53.1536#29.95#36.98#33.07
-151.464,53.1549#29.92#36.93#33.15
-151.378,53.1562#29.86#36.87#33.27
-151.292,53.1574#29.81#36.82#33.37
-151.206,53.1586#29.75#36.76#33.49
-151.119,53.1596#29.7#36.7#33.6
-151.033,53.1606#29.64#36.65#33.71
-150.947,53.1615#29.59#36.59#33.82
-150.861,53.1623#29.54#36.53#33.93
-150.775,53.163#29.48#36.47#34.05
-150.689,53.1637#29.43#36.42#34.15
-150.603,53.1643#29.38#36.36#34.26
-150.516,53.1648#29.32#36.3#34.38
-150.43,53.1652#29.28#36.24#34.48
-150.344,53.1655#29.24#36.19#34.57
-150.258,53.1658#29.21#36.13#34.66
-150.172,53.166#29.17#36.08#34.75
-150.086,53.1661#29.13#36.02#34.85
-149.999,53.1662#29.09#35.97#34.94
-149.913,53.1661#29.22#35.92#34.86
-149.827,53.166#29.34#35.87#34.79
-149.741,53.1658#29.46#35.81#34.73
-149.655,53.1655#29.59#35.76#34.65
-149.569,53.1652#29.71#35.71#34.58
-149.483,53.1648#29.84#35.66#34.5
-149.396,53.1643#29.98#35.6#34.42
-149.31,53.1637#30.12#35.55#34.33
-149.224,53.163#30.26#35.5#34.24
-149.138,53.1623#30.4#35.44#34.16
-149.052,53.1615#30.54#35.39#34.07
-148.966,53.1606#30.64#35.34#34.02
-148.88,53.1596#30.69#35.29#34.02
-148.793,53.1585#30.74#35.24#34.02
-148.707,53.1574#30.79#35.19#34.02
-148.621,53.1562#30.84#35.14#34.02
-148.535,53.1549#30.89#35.09#34.02
-148.449,53.1536#30.93#35.04#34.03
-148.363,53.1521#30.94#34.99#34.07
-148.277,53.1506#30.96#34.94#34.1
-148.191,53.149#30.98#34.89#34.13
-148.105,53.1474#31#34.84#34.16
-148.019,53.1456#31.02#34.8#34.18
-147.932,53.1438#31.03#34.74#34.23
-147.846,53.1419#31.03#34.69#34.28
-147.76,53.1399#31.04#34.64#34.32
-147.674,53.1378#31.04#34.58#34.38
-147.588,53.1357#31.05#34.53#34.42
-147.502,53.1335#31.05#34.48#34.47
-147.416,53.1312#31.05#34.42#34.53
-147.33,53.1288#31.05#34.37#34.58
-147.244,53.1264#31.05#34.31#34.64
-147.158,53.1239#31.05#34.26#34.69
-147.073,53.1213#31.06#34.2#34.74
-146.987,53.1186#31.06#34.15#34.79
-146.901,53.1159#31.06#34.09#34.85
-146.815,53.113#31.05#34.04#34.91
-146.729,53.1101#31.05#33.98#34.97
-146.643,53.1071#31.05#33.93#35.02
-146.557,53.1041#31.05#33.87#35.08
-146.471,53.1009#31.05#33.82#35.13
-146.385,53.0977#31.05#33.76#35.19
-146.3,53.0944#31.05#33.71#35.24
-146.214,53.091#31.05#33.65#35.3
-146.128,53.0876#31.05#33.6#35.35
-146.042,53.0841#31.05#33.54#35.41
-145.957,53.0805#31.05#33.49#35.46
-145.871,53.0768#31.05#33.43#35.52
-145.785,53.073#31.05#33.38#35.57
-145.699,53.0692#31.05#33.33#35.62
-145.614,53.0653#31.05#33.27#35.68
-145.528,53.0613#31.05#33.22#35.73
-145.443,53.0572#31.05#33.17#35.78
-145.357,53.0531#31.05#33.13#35.82
-145.271,53.0489#31.05#33.08#35.87
-145.186,53.0446#31.05#33.04#35.91
-145.1,53.0402#31.05#32.99#35.96
-145.015,53.0358#31.06#32.95#35.99
-144.929,53.0313#31.06#32.94#36
-144.844,53.0267#31.06#32.93#36.01
-144.758,53.022#31.06#32.93#36.01
-144.673,53.0172#31.06#32.93#36.01
-144.587,53.0124#31.06#32.92#36.02
-144.502,53.0075#31.06#32.92#36.02
-144.417,53.0025#31.06#32.91#36.03
-144.331,52.9974#31.06#32.89#36.05
-144.246,52.9923#31.06#32.88#36.06
-144.161,52.9871#31.06#32.86#36.08
-144.076,52.9818#31.06#32.85#36.09
-143.99,52.9764#31.06#32.83#36.11
-143.905,52.971#31.07#32.82#36.11
-143.82,52.9655#31.07#32.81#36.12
-143.735,52.9599#31.07#32.79#36.14
-143.65,52.9542#31.07#32.78#36.15
-143.565,52.9485#31.07#32.77#36.16
-143.479,52.9427#31.07#32.75#36.18
-143.394,52.9368#31.07#32.74#36.19
-143.309,52.9308#31.08#32.73#36.19
-143.224,52.9248#31.08#32.72#36.2
-143.14,52.9186#31.08#32.71#36.21
-143.055,52.9124#31.08#32.69#36.23
-142.97,52.9062#31.08#32.68#36.24
-157.719,52.9044#28.6#39.57#31.83
-157.634,52.9113#28.63#39.52#31.85
-157.549,52.9181#28.67#39.48#31.85
-157.464,52.9249#28.7#39.45#31.85
-157.379,52.9315#28.73#39.42#31.85
-157.295,52.9381#28.76#39.4#31.84
-157.21,52.9446#28.79#39.37#31.84
-157.125,52.9511#28.83#39.34#31.83
-157.04,52.9574#28.86#39.31#31.83
-156.955,52.9637#28.89#39.28#31.83
-156.87,52.9699#28.92#39.26#31.82
-156.785,52.9761#28.95#39.23#31.82
-156.699,52.9821#28.98#39.2#31.82
-156.614,52.9881#29.01#39.18#31.81
-156.529,52.994#29.04#39.15#31.81
-156.444,52.9998#29.07#39.12#31.81
-156.359,53.0056#29.1#39.09#31.81
-156.274,53.0113#29.12#39.05#31.83
-156.188,53.0169#29.15#39.02#31.83
-156.103,53.0224#29.18#38.98#31.84
-156.018,53.0278#29.21#38.95#31.84
-155.932,53.0332#29.24#38.92#31.84
-155.847,53.0385#29.26#38.89#31.85
-155.761,53.0437#29.29#38.86#31.85
-155.676,53.0489#29.32#38.83#31.85
-155.591,53.0539#29.35#38.8#31.85
-155.505,53.0589#29.37#38.77#31.86
-155.42,53.0638#29.4#38.73#31.87
-155.334,53.0687#29.42#38.7#31.88
-155.248,53.0734#29.45#38.67#31.88
-155.163,53.0781#29.48#38.64#31.88
-155.077,53.0827#29.5#38.6#31.9
-154.992,53.0873#29.53#38.57#31.9
-154.906,53.0917#29.55#38.54#31.91
-154.82,53.0961#29.57#38.5#31.93
-154.735,53.1004#29.6#38.47#31.93
-154.649,53.1046#29.62#38.44#31.94
-154.563,53.1088#29.65#38.41#31.94
-154.477,53.1128#29.67#38.38#31.95
-154.392,53.1168#29.69#38.34#31.97
-154.306,53.1207#29.72#38.31#31.97
-154.22,53.1246#29.74#38.27#31.99
-154.134,53.1283#29.76#38.24#32
-154.048,53.132#29.78#38.2#32.02
-153.963,53.1356#29.8#38.17#32.03
-153.877,53.1392#29.82#38.13#32.05
-153.791,53.1426#29.84#38.1#32.06
-153.705,53.146#29.86#38.07#32.07
-153.619,53.1493#29.88#38.03#32.09
-153.533,53.1525#29.9#38#32.1
-153.447,53.1557#29.92#37.97#32.11
-153.361,53.1587#29.93#37.93#32.14
-153.275,53.1617#29.95#37.9#32.15
-153.189,53.1646#29.96#37.86#32.18
-153.103,53.1675#29.98#37.83#32.19
-153.017,53.1702#29.99#37.79#32.22
-152.931,53.1729#30#37.76#32.24
-152.845,53.1755#30.01#37.72#32.27
-152.759,53.178#30.02#37.68#32.3
-152.673,53.1805#30.03#37.64#32.33
-152.586,53.1828#30.04#37.61#32.35
-152.5,53.1851#30.04#37.57#32.39
-152.414,53.1873#30.04#37.52#32.44
-152.328,53.1895#30.04#37.48#32.48
-152.242,53.1915#30.04#37.43#32.53
-152.156,53.1935#30.04#37.38#32.58
-152.07,53.1954#30.04#37.34#32.62
-151.983,53.1973#30.04#37.29#32.67
-151.897,53.199#30.02#37.24#32.74
-151.811,53.2007#30#37.19#32.81
-151.725,53.2023#29.98#37.13#32.89
-151.639,53.2038#29.96#37.08#32.96
-151.552,53.2052#29.95#37.03#33.02
-151.466,53.2066#29.91#36.98#33.11
-151.38,53.2079#29.86#36.92#33.22
-151.294,53.2091#29.8#36.86#33.34
-151.207,53.2102#29.75#36.81#33.44
-151.121,53.2113#29.69#36.75#33.56
-151.035,53.2122#29.64#36.69#33.67
-150.949,53.2131#29.59#36.64#33.77
-150.862,53.2139#29.53#36.58#33.89
-150.776,53.2147#29.48#36.52#34
-150.69,53.2153#29.43#36.46#34.11
-150.603,53.2159#29.38#36.4#34.22
-150.517,53.2164#29.32#36.35#34.33
-150.431,53.2168#29.28#36.29#34.43
-150.345,53.2172#29.24#36.24#34.52
-150.258,53.2175#29.2#36.18#34.62
-150.172,53.2177#29.16#36.13#34.71
-150.086,53.2178#29.13#36.07#34.8
-149.999,53.2178#29.09#36.02#34.89
-149.913,53.2178#29.21#35.97#34.82
-149.827,53.2177#29.34#35.91#34.75
-149.741,53.2175#29.46#35.86#34.68
-149.654,53.2172#29.58#35.81#34.61
-149.568,53.2168#29.71#35.76#34.53
-149.482,53.2164#29.84#35.7#34.46
-149.395,53.2159#29.98#35.65#34.37
-149.309,53.2153#30.12#35.6#34.28
-149.223,53.2147#30.26#35.54#34.2
-149.137,53.2139#30.39#35.49#34.12
-149.05,53.2131#30.53#35.44#34.03
-148.964,53.2122#30.64#35.39#33.97
-148.878,53.2112#30.69#35.34#33.97
-148.792,53.2102#30.74#35.29#33.97
-148.705,53.2091#30.79#35.24#33.97
-148.619,53.2079#30.84#35.19#33.97
-148.533,53.2066#30.89#35.14#33.97
-148.447,53.2052#30.92#35.09#33.99
-148.36,53.2038#30.94#35.04#34.02
-148.274,53.2023#30.96#34.99#34.05
-148.188,53.2007#30.98#34.94#34.08
-148.102,53.199#30.99#34.89#34.12
-148.016,53.1972#31.01#34.84#34.15
-147.929,53.1954#31.02#34.79#34.19
-147.843,53.1935#31.03#34.74#34.23
-147.757,53.1915#31.03#34.68#34.29
-147.671,53.1895#31.04#34.63#34.33
-147.585,53.1873#31.04#34.58#34.38
-147.499,53.1851#31.05#34.52#34.43
-147.412,53.1828#31.05#34.47#34.48
-147.326,53.1804#31.05#34.41#34.54
-147.24,53.178#31.05#34.36#34.59
-147.154,53.1755#31.05#34.3#34.65
-147.068,53.1729#31.05#34.25#34.7
-146.982,53.1702#31.05#34.19#34.76
-146.896,53.1674#31.05#34.14#34.81
-146.81,53.1646#31.05#34.08#34.87
-146.724,53.1617#31.05#34.02#34.93
-146.638,53.1587#31.05#33.97#34.98
-146.552,53.1556#31.05#33.91#35.04
-146.466,53.1525#31.05#33.86#35.09
-146.38,53.1492#31.05#33.8#35.15
-146.294,53.1459#31.05#33.75#35.2
-146.208,53.1426#31.05#33.69#35.26
-146.122,53.1391#31.05#33.64#35.31
-146.036,53.1356#31.05#33.58#35.37
-145.951,53.132#31.05#33.53#35.42
-145.865,53.1283#31.05#33.47#35.48
-145.779,53.1245#31.05#33.42#35.53
-145.693,53.1207#31.05#33.36#35.59
-145.607,53.1168#31.05#33.31#35.64
-145.521,53.1128#31.05#33.26#35.69
-145.436,53.1087#31.05#33.21#35.74
-145.35,53.1046#31.05#33.16#35.79
-145.264,53.1003#31.05#33.11#35.84
-145.179,53.096#31.05#33.07#35.88
-145.093,53.0917#31.05#33.02#35.93
-145.007,53.0872#31.05#32.97#35.98
-144.922,53.0827#31.05#32.96#35.99
-144.836,53.0781#31.05#32.95#36
-144.75,53.0734#31.05#32.95#36
-144.665,53.0686#31.05#32.94#36.01
-144.579,53.0638#31.05#32.93#36.02
-144.494,53.0589#31.05#32.93#36.02
-144.408,53.0539#31.05#32.92#36.03
-144.323,53.0488#31.06#32.9#36.04
-144.237,53.0437#31.06#32.89#36.05
-144.152,53.0384#31.06#32.87#36.07
-144.067,53.0331#31.06#32.86#36.08
-143.981,53.0278#31.06#32.85#36.09
-143.896,53.0223#31.06#32.83#36.11
-143.811,53.0168#31.06#32.82#36.12
-143.725,53.0112#31.06#32.81#36.13
-143.64,53.0055#31.06#32.79#36.15
-143.555,52.9998#31.07#32.78#36.15
-143.47,52.9939#31.07#32.77#36.16
-143.385,52.988#31.07#32.75#36.18
-143.299,52.982#31.07#32.74#36.19
-143.214,52.976#31.07#32.73#36.2
-143.129,52.9698#31.07#32.72#36.21
-143.044,52.9636#31.08#32.71#36.21
-142.959,52.9573#31.08#32.69#36.23
-142.874,52.951#31.08#32.68#36.24
-142.789,52.9445#31.09#32.67#36.24
-142.704,52.938#31.1#32.66#36.24
-142.62,52.9314#31.1#32.64#36.26
-142.535,52.9248#31.11#32.63#36.26
-142.45,52.918#31.11#32.62#36.27
-142.365,52.9112#31.12#32.61#36.27
-142.28,52.9043#31.13#32.59#36.28
-158.323,52.9051#28.31#39.99#31.7
-158.239,52.9125#28.34#39.94#31.72
-158.154,52.9199#28.38#39.88#31.74
-158.069,52.9272#28.41#39.83#31.76
-157.985,52.9344#28.44#39.78#31.78
-157.9,52.9415#28.48#39.74#31.78
-157.815,52.9486#28.51#39.69#31.8
-157.73,52.9555#28.54#39.65#31.81
-157.645,52.9624#28.58#39.61#31.81
-157.56,52.9693#28.61#39.57#31.82
-157.475,52.976#28.64#39.53#31.83
-157.39,52.9827#28.67#39.5#31.83
-157.305,52.9893#28.7#39.47#31.83
-157.22,52.9958#28.74#39.44#31.82
-157.135,53.0023#28.77#39.41#31.82
-157.05,53.0086#28.8#39.39#31.81
-156.965,53.0149#28.83#39.36#31.81
-156.88,53.0212#28.86#39.33#31.81
-156.795,53.0273#28.89#39.3#31.81
-156.709,53.0334#28.92#39.28#31.8
-156.624,53.0394#28.95#39.25#31.8
-156.539,53.0453#28.98#39.22#31.8
-156.454,53.0511#29.01#39.19#31.8
-156.368,53.0569#29.04#39.16#31.8
-156.283,53.0626#29.07#39.12#31.81
-156.198,53.0682#29.1#39.09#31.81
-156.112,53.0737#29.13#39.05#31.82
-156.027,53.0792#29.16#39.01#31.83
-155.941,53.0846#29.19#38.98#31.83
-155.856,53.0899#29.21#38.95#31.84
-155.77,53.0951#29.24#38.92#31.84
-155.685,53.1002#29.27#38.89#31.84
-155.599,53.1053#29.29#38.86#31.85
-155.513,53.1103#29.32#38.83#31.85
-155.428,53.1152#29.35#38.8#31.85
-155.342,53.1201#29.37#38.77#31.86
-155.256,53.1249#29.4#38.73#31.87
-155.171,53.1295#29.43#38.7#31.87
-155.085,53.1342#29.45#38.67#31.88
-154.999,53.1387#29.48#38.63#31.89
-154.913,53.1432#29.5#38.6#31.9
-154.828,53.1475#29.53#38.57#31.9
-154.742,53.1519#29.55#38.54#31.91
-154.656,53.1561#29.58#38.5#31.92
-154.57,53.1602#29.6#38.47#31.93
-154.484,53.1643#29.63#38.44#31.93
-154.398,53.1683#29.65#38.4#31.95
-154.312,53.1722#29.67#38.37#31.96
-154.226,53.1761#29.69#38.33#31.98
-154.14,53.1799#29.72#38.3#31.98
-154.054,53.1835#29.74#38.26#32
-153.968,53.1872#29.76#38.23#32.01
-153.882,53.1907#29.78#38.19#32.03
-153.796,53.1942#29.8#38.16#32.04
-153.71,53.1975#29.82#38.12#32.06
-153.624,53.2008#29.84#38.09#32.07
-153.538,53.2041#29.86#38.06#32.08
-153.452,53.2072#29.88#38.02#32.1
-153.366,53.2103#29.9#37.99#32.11
-153.28,53.2133#29.91#37.95#32.14
-153.194,53.2162#29.93#37.92#32.15
-153.108,53.219#29.94#37.88#32.18
-153.021,53.2218#29.96#37.85#32.19
-152.935,53.2245#29.97#37.81#32.22
-152.849,53.2271#29.98#37.77#32.25
-152.763,53.2296#29.99#37.74#32.27
-152.677,53.2321#30#37.7#32.3
-152.59,53.2345#30.01#37.66#32.33
-152.504,53.2367#30.02#37.62#32.36
-152.418,53.239#30.02#37.57#32.41
-152.332,53.2411#30.02#37.53#32.45
-152.245,53.2432#30.02#37.48#32.5
-152.159,53.2452#30.02#37.43#32.55
-152.073,53.2471#30.02#37.39#32.59
-151.986,53.2489#30.02#37.34#32.64
-151.9,53.2506#30#37.29#32.71
-151.814,53.2523#29.98#37.23#32.79
-151.727,53.2539#29.96#37.18#32.86
-151.641,53.2554#29.95#37.13#32.92
-151.555,53.2569#29.93#37.08#32.99
-151.468,53.2582#29.9#37.02#33.08
-151.382,53.2595#29.85#36.97#33.18
-151.296,53.2607#29.8#36.91#33.29
-151.209,53.2619#29.74#36.85#33.41
-151.123,53.2629#29.69#36.8#33.51
-151.036,53.2639#29.64#36.74#33.62
-150.95,53.2648#29.59#36.68#33.73
-150.864,53.2656#29.54#36.63#33.83
-150.777,53.2663#29.49#36.57#33.94
-150.691,53.267#29.43#36.51#34.06
-150.604,53.2676#29.38#36.45#34.17
-150.518,53.2681#29.33#36.39#34.28
-150.432,53.2685#29.29#36.34#34.37
-150.345,53.2689#29.25#36.29#34.46
-150.259,53.2691#29.22#36.23#34.55
-150.172,53.2693#29.18#36.18#34.64
-150.086,53.2695#29.14#36.12#34.74
-149.999,53.2695#29.1#36.07#34.83
-149.913,53.2695#29.23#36.01#34.76
-149.827,53.2693#29.35#35.96#34.69
-149.74,53.2691#29.48#35.91#34.61
-149.654,53.2689#29.6#35.86#34.54
-149.567,53.2685#29.72#35.8#34.48
-149.481,53.2681#29.85#35.75#34.4
-149.395,53.2676#29.99#35.7#34.31
-149.308,53.267#30.13#35.65#34.22
-149.222,53.2663#30.26#35.59#34.15
-149.135,53.2656#30.4#35.54#34.06
-149.049,53.2648#30.54#35.49#33.97
-148.963,53.2639#30.64#35.43#33.93
-148.876,53.2629#30.69#35.38#33.93
-148.79,53.2618#30.74#35.34#33.92
-148.703,53.2607#30.79#35.29#33.92
-148.617,53.2595#30.84#35.24#33.92
-148.531,53.2582#30.89#35.19#33.92
-148.444,53.2569#30.92#35.14#33.94
-148.358,53.2554#30.94#35.09#33.97
-148.272,53.2539#30.96#35.04#34
-148.185,53.2523#30.98#34.99#34.03
-148.099,53.2506#30.99#34.94#34.07
-148.013,53.2489#31.01#34.89#34.1
-147.926,53.247#31.02#34.83#34.15
-147.84,53.2451#31.03#34.78#34.19
-147.754,53.2431#31.03#34.73#34.24
-147.667,53.2411#31.04#34.67#34.29
-147.581,53.2389#31.04#34.62#34.34
-147.495,53.2367#31.05#34.57#34.38
-147.409,53.2344#31.05#34.51#34.44
-147.322,53.232#31.05#34.46#34.49
-147.236,53.2296#31.05#34.4#34.55
-147.15,53.2271#31.05#34.35#34.6
-147.064,53.2245#31.05#34.29#34.66
-146.978,53.2218#31.05#34.23#34.72
-146.891,53.219#31.05#34.18#34.77
-146.805,53.2162#31.05#34.12#34.83
-146.719,53.2132#31.04#34.07#34.89
-146.633,53.2103#31.04#34.01#34.95
-146.547,53.2072#31.04#33.95#35.01
-146.461,53.204#31.04#33.9#35.06
-146.375,53.2008#31.04#33.84#35.12
-146.289,53.1975#31.04#33.79#35.17
-146.202,53.1941#31.04#33.73#35.23
-146.116,53.1907#31.04#33.68#35.28
-146.03,53.1871#31.04#33.62#35.34
-145.944,53.1835#31.04#33.57#35.39
-145.858,53.1798#31.04#33.51#35.45
-145.773,53.176#31.04#33.46#35.5
-145.687,53.1722#31.04#33.4#35.56
-145.601,53.1683#31.04#33.35#35.61
-145.515,53.1643#31.04#33.29#35.67
-145.429,53.1602#31.04#33.24#35.72
-145.343,53.156#31.04#33.19#35.77
-145.257,53.1518#31.04#33.14#35.82
-145.171,53.1475#31.04#33.09#35.87
-145.086,53.1431#31.04#33.04#35.92
-145,53.1386#31.04#33#35.96
-144.914,53.1341#31.04#32.98#35.98
-144.828,53.1295#31.05#32.97#35.98
-144.743,53.1248#31.05#32.96#35.99
-144.657,53.12#31.05#32.95#36
-144.571,53.1152#31.05#32.95#36
-144.486,53.1103#31.05#32.94#36.01
-144.4,53.1053#31.05#32.92#36.03
-144.314,53.1002#31.05#32.91#36.04
-144.229,53.095#31.05#32.9#36.05
-144.143,53.0898#31.05#32.89#36.06
-144.058,53.0845#31.05#32.87#36.08
-143.972,53.0791#31.05#32.86#36.09
-143.887,53.0736#31.06#32.85#36.09
-143.801,53.0681#31.06#32.83#36.11
-143.716,53.0625#31.06#32.82#36.12
-143.631,53.0568#31.06#32.81#36.13
-143.545,53.051#31.06#32.79#36.15
-143.46,53.0452#31.06#32.78#36.16
-143.375,53.0393#31.06#32.77#36.17
-143.289,53.0333#31.07#32.76#36.17
-143.204,53.0272#31.07#32.74#36.19
-143.119,53.0211#31.07#32.73#36.2
-143.034,53.0149#31.07#32.72#36.21
-142.949,53.0086#31.07#32.71#36.22
-142.864,53.0022#31.08#32.69#36.23
-142.779,52.9957#31.09#32.68#36.23
-142.694,52.9892#31.09#32.67#36.24
-142.609,52.9826#31.1#32.66#36.24
-142.524,52.9759#31.1#32.65#36.25
-142.439,52.9692#31.11#32.63#36.26
-142.354,52.9624#31.12#32.62#36.26
-142.269,52.9555#31.13#32.61#36.26
-142.184,52.9485#31.14#32.59#36.27
-142.099,52.9414#31.15#32.58#36.27
-142.014,52.9343#31.15#32.57#36.28
-141.93,52.9271#31.17#32.55#36.28
-141.845,52.9198#31.18#32.53#36.29
-141.76,52.9125#31.19#32.52#36.29
-141.676,52.905#31.2#32.5#36.3
-158.928,52.902#28#40.47#31.53
-158.843,52.9099#28.04#40.42#31.54
-158.759,52.9178#28.08#40.37#31.55
-158.674,52.9256#28.11#40.32#31.57
-158.59,52.9334#28.15#40.27#31.58
-158.505,52.941#28.18#40.21#31.61
-158.42,52.9486#28.21#40.16#31.63
-158.336,52.9562#28.25#40.1#31.65
-158.251,52.9636#28.28#40.05#31.67
-158.166,52.971#28.32#39.99#31.69
-158.081,52.9783#28.35#39.93#31.72
-157.996,52.9855#28.39#39.87#31.74
-157.912,52.9926#28.42#39.83#31.75
-157.827,52.9997#28.45#39.79#31.76
-157.742,53.0067#28.48#39.74#31.78
-157.657,53.0136#28.52#39.7#31.78
-157.572,53.0204#28.55#39.65#31.8
-157.487,53.0272#28.58#39.61#31.81
-157.401,53.0339#28.61#39.58#31.81
-157.316,53.0405#28.65#39.55#31.8
-157.231,53.047#28.68#39.52#31.8
-157.146,53.0535#28.71#39.49#31.8
-157.061,53.0599#28.74#39.46#31.8
-156.975,53.0662#28.77#39.43#31.8
-156.89,53.0724#28.8#39.4#31.8
-156.805,53.0786#28.83#39.38#31.79
-156.72,53.0846#28.87#39.35#31.78
-156.634,53.0906#28.9#39.32#31.78
-156.549,53.0966#28.93#39.3#31.77
-156.463,53.1024#28.96#39.26#31.78
-156.378,53.1082#28.99#39.23#31.78
-156.292,53.1139#29.02#39.19#31.79
-156.207,53.1195#29.04#39.16#31.8
-156.121,53.125#29.07#39.12#31.81
-156.036,53.1305#29.1#39.08#31.82
-155.95,53.1359#29.13#39.05#31.82
-155.864,53.1412#29.16#39.02#31.82
-155.779,53.1465#29.19#38.99#31.82
-155.693,53.1516#29.22#38.96#31.82
-155.607,53.1567#29.24#38.93#31.83
-155.522,53.1617#29.27#38.9#31.83
-155.436,53.1666#29.3#38.87#31.83
-155.35,53.1715#29.32#38.83#31.85
-155.264,53.1763#29.35#38.8#31.85
-155.178,53.181#29.38#38.76#31.86
-155.093,53.1856#29.4#38.73#31.87
-155.007,53.1902#29.43#38.7#31.87
-154.921,53.1946#29.46#38.66#31.88
-154.835,53.199#29.48#38.63#31.89
-154.749,53.2033#29.51#38.6#31.89
-154.663,53.2076#29.53#38.56#31.91
-154.577,53.2117#29.56#38.53#31.91
-154.491,53.2158#29.58#38.5#31.92
-154.405,53.2198#29.6#38.46#31.94
-154.319,53.2238#29.63#38.43#31.94
-154.233,53.2276#29.65#38.39#31.96
-154.147,53.2314#29.67#38.36#31.97
-154.061,53.2351#29.7#38.32#31.98
-153.974,53.2387#29.72#38.28#32
-153.888,53.2422#29.74#38.25#32.01
-153.802,53.2457#29.76#38.22#32.02
-153.716,53.2491#29.78#38.18#32.04
-153.63,53.2524#29.8#38.15#32.05
-153.544,53.2556#29.82#38.11#32.07
-153.457,53.2588#29.84#38.08#32.08
-153.371,53.2619#29.86#38.04#32.1
-153.285,53.2649#29.87#38.01#32.12
-153.199,53.2678#29.89#37.97#32.14
-153.112,53.2706#29.91#37.94#32.15
-153.026,53.2734#29.92#37.9#32.18
-152.94,53.2761#29.93#37.87#32.2
-152.853,53.2787#29.94#37.83#32.23
-152.767,53.2812#29.95#37.79#32.26
-152.681,53.2837#29.96#37.75#32.29
-152.594,53.2861#29.97#37.71#32.32
-152.508,53.2884#29.98#37.67#32.35
-152.421,53.2906#29.99#37.63#32.38
-152.335,53.2927#29.99#37.58#32.43
-152.249,53.2948#29.99#37.53#32.48
-152.162,53.2968#29.99#37.48#32.53
-152.076,53.2987#29.99#37.44#32.57
-151.989,53.3005#29.99#37.39#32.62
-151.903,53.3023#29.98#37.34#32.68
-151.816,53.304#29.96#37.28#32.76
-151.73,53.3056#29.95#37.23#32.82
-151.643,53.3071#29.93#37.18#32.89
-151.557,53.3085#29.92#37.13#32.95
-151.471,53.3099#29.89#37.07#33.04
-151.384,53.3112#29.84#37.02#33.14
-151.298,53.3124#29.79#36.96#33.25
-151.211,53.3135#29.74#36.9#33.36
-151.124,53.3146#29.69#36.85#33.46
-151.038,53.3156#29.64#36.79#33.57
-150.951,53.3165#29.59#36.73#33.68
-150.865,53.3173#29.54#36.67#33.79
-150.778,53.318#29.49#36.62#33.89
-150.692,53.3187#29.44#36.56#34
-150.605,53.3193#29.39#36.5#34.11
-150.519,53.3198#29.34#36.44#34.22
-150.432,53.3202#29.3#36.39#34.31
-150.346,53.3206#29.26#36.33#34.41
-150.259,53.3208#29.23#36.28#34.49
-150.173,53.321#29.19#36.22#34.59
-150.086,53.3211#29.16#36.17#34.67
-149.999,53.3212#29.12#36.11#34.77
-149.913,53.3211#29.24#36.06#34.7
-149.826,53.321#29.37#36.01#34.62
-149.74,53.3208#29.49#35.96#34.55
-149.653,53.3206#29.61#35.91#34.48
-149.567,53.3202#29.74#35.85#34.41
-149.48,53.3198#29.86#35.8#34.34
-149.394,53.3193#30#35.75#34.25
-149.307,53.3187#30.14#35.69#34.17
-149.221,53.318#30.27#35.64#34.09
-149.134,53.3173#30.41#35.59#34
-149.047,53.3165#30.55#35.53#33.92
-148.961,53.3156#30.64#35.48#33.88
-148.874,53.3146#30.69#35.43#33.88
-148.788,53.3135#30.74#35.38#33.88
-148.701,53.3124#30.79#35.33#33.88
-148.615,53.3112#30.84#35.28#33.88
-148.528,53.3099#30.89#35.23#33.88
-148.442,53.3085#30.92#35.18#33.9
-148.355,53.3071#30.94#35.13#33.93
-148.269,53.3056#30.96#35.08#33.96
-148.182,53.304#30.98#35.03#33.99
-148.096,53.3023#30.99#34.98#34.03
-148.01,53.3005#31.01#34.93#34.06
