-152.023,62.9002#30.92#31.9#37.18
-151.904,62.902#30.98#31.84#37.18
-151.785,62.9038#31.04#31.79#37.17
-151.666,62.9054#31.1#31.73#37.17
-151.547,62.9069#31.16#31.68#37.16
-151.428,62.9083#31.23#31.64#37.13
-151.309,62.9096#31.3#31.61#37.09
-151.19,62.9108#31.37#31.58#37.05
-151.071,62.9119#31.44#31.55#37.01
-150.952,62.9128#31.52#31.55#36.93
-150.833,62.9137#31.64#31.6#36.76
-150.714,62.9144#31.75#31.64#36.61
-150.595,62.915#31.87#31.69#36.44
-150.476,62.9155#31.98#31.73#36.29
-150.357,62.9159#32.08#31.77#36.15
-150.237,62.9162#32.18#31.8#36.02
-150.118,62.9164#32.28#31.84#35.88
-149.999,62.9164#32.37#31.88#35.75
-149.88,62.9164#32.49#31.86#35.65
-149.761,62.9162#32.61#31.85#35.54
-149.642,62.9159#32.73#31.84#35.43
-149.523,62.9155#32.84#31.82#35.34
-149.404,62.915#32.9#31.8#35.3
-149.285,62.9144#32.94#31.78#35.28
-149.165,62.9137#32.98#31.75#35.27
-149.046,62.9128#33.02#31.73#35.25
-148.927,62.9119#33.07#31.7#35.23
-148.808,62.9108#33.13#31.68#35.19
-148.689,62.9096#33.2#31.66#35.14
-148.57,62.9083#33.26#31.64#35.1
-148.451,62.9069#33.3#31.62#35.08
-148.332,62.9054#33.32#31.6#35.08
-148.213,62.9038#33.34#31.58#35.08
-148.094,62.902#33.36#31.56#35.08
-147.975,62.9001#33.38#31.54#35.08
-154.17,62.9016#29.97#33.18#36.85
-154.051,62.9055#30.02#33.11#36.87
-153.932,62.9093#30.08#33.04#36.88
-153.813,62.9129#30.13#32.97#36.9
-153.695,62.9165#30.18#32.9#36.92
-153.576,62.9199#30.24#32.83#36.93
-153.457,62.9232#30.29#32.76#36.95
-153.338,62.9264#30.34#32.68#36.98
-153.219,62.9295#30.4#32.6#37
-153.1,62.9325#30.45#32.53#37.02
-152.981,62.9354#30.51#32.45#37.04
-152.862,62.9382#30.56#32.4#37.04
-152.743,62.9408#30.62#32.34#37.04
-152.624,62.9434#30.67#32.28#37.05
-152.504,62.9458#30.73#32.22#37.05
-152.385,62.9481#30.79#32.16#37.05
-152.266,62.9503#30.84#32.09#37.07
-152.147,62.9524#30.9#32.02#37.08
-152.028,62.9544#30.96#31.96#37.08
-151.908,62.9562#31.02#31.9#37.08
-151.789,62.958#31.09#31.84#37.07
-151.67,62.9596#31.15#31.79#37.06
-151.551,62.9611#31.21#31.73#37.06
-151.431,62.9626#31.27#31.69#37.04
-151.312,62.9639#31.34#31.66#37
-151.193,62.965#31.41#31.63#36.96
-151.073,62.9661#31.48#31.61#36.91
-150.954,62.9671#31.56#31.6#36.84
-150.835,62.9679#31.67#31.65#36.68
-150.715,62.9687#31.78#31.69#36.53
-150.596,62.9693#31.88#31.73#36.39
-150.477,62.9698#31.99#31.77#36.24
-150.357,62.9702#32.09#31.8#36.11
-150.238,62.9705#32.19#31.83#35.98
-150.119,62.9706#32.29#31.87#35.84
-149.999,62.9707#32.39#31.9#35.71
-149.88,62.9706#32.5#31.89#35.61
-149.761,62.9705#32.62#31.88#35.5
-149.641,62.9702#32.73#31.86#35.41
-149.522,62.9698#32.85#31.85#35.3
-149.402,62.9693#32.9#31.83#35.27
-149.283,62.9686#32.94#31.8#35.26
-149.164,62.9679#32.98#31.78#35.24
-149.044,62.9671#33.03#31.76#35.21
-148.925,62.9661#33.08#31.73#35.19
-148.806,62.965#33.15#31.71#35.14
-148.686,62.9638#33.21#31.69#35.1
-148.567,62.9625#33.27#31.66#35.07
-148.448,62.9611#33.32#31.64#35.04
-148.329,62.9596#33.33#31.62#35.05
-148.209,62.958#33.35#31.6#35.05
-148.09,62.9562#33.37#31.58#35.05
-147.971,62.9544#33.39#31.56#35.05
-147.852,62.9524#33.41#31.55#35.04
-147.732,62.9503#33.43#31.53#35.04
-147.613,62.9481#33.46#31.52#35.02
-147.494,62.9458#33.48#31.5#35.02
-147.375,62.9433#33.49#31.49#35.02
-147.256,62.9408#33.5#31.48#35.02
-147.137,62.9381#33.51#31.47#35.02
-147.018,62.9354#33.52#31.46#35.02
-146.899,62.9325#33.53#31.45#35.02
-146.78,62.9295#33.54#31.45#35.01
-146.661,62.9264#33.55#31.44#35.01
-146.542,62.9232#33.56#31.44#35
-146.423,62.9199#33.58#31.44#34.98
-146.304,62.9164#33.61#31.45#34.94
-146.185,62.9129#33.64#31.46#34.9
-146.066,62.9092#33.67#31.47#34.86
-145.947,62.9054#33.7#31.49#34.81
-145.829,62.9015#33.73#31.52#34.75
-155.603,62.9002#29.36#34.48#36.16
-155.485,62.9054#29.41#34.34#36.25
-155.366,62.9106#29.46#34.22#36.32
-155.248,62.9156#29.52#34.09#36.39
-155.129,62.9205#29.57#33.97#36.46
-155.01,62.9253#29.62#33.85#36.53
-154.892,62.9299#29.68#33.75#36.57
-154.773,62.9345#29.73#33.66#36.61
-154.654,62.939#29.78#33.57#36.65
-154.535,62.9433#29.84#33.47#36.69
-154.416,62.9476#29.89#33.4#36.71
-154.297,62.9517#29.94#33.33#36.73
-154.178,62.9557#30#33.27#36.73
-154.059,62.9596#30.05#33.2#36.75
-153.94,62.9634#30.1#33.14#36.76
-153.821,62.967#30.16#33.07#36.77
-153.702,62.9706#30.21#33#36.79
-153.583,62.974#30.27#32.93#36.8
-153.464,62.9774#30.32#32.86#36.82
-153.345,62.9806#30.38#32.79#36.83
-153.226,62.9837#30.43#32.71#36.86
-153.106,62.9867#30.49#32.63#36.88
-152.987,62.9896#30.54#32.56#36.9
-152.868,62.9924#30.6#32.49#36.91
-152.748,62.995#30.66#32.43#36.91
-152.629,62.9976#30.71#32.36#36.93
-152.51,63#30.77#32.29#36.94
-152.39,63.0023#30.83#32.23#36.94
-152.271,63.0045#30.89#32.16#36.95
-152.151,63.0066#30.95#32.09#36.96
-152.032,63.0086#31.01#32.02#36.97
-151.912,63.0105#31.07#31.96#36.97
-151.793,63.0122#31.13#31.9#36.97
-151.673,63.0139#31.19#31.84#36.97
-151.554,63.0154#31.25#31.78#36.97
-151.434,63.0168#31.32#31.74#36.94
-151.315,63.0181#31.38#31.71#36.91
-151.195,63.0193#31.45#31.69#36.86
-151.076,63.0204#31.52#31.66#36.82
-150.956,63.0213#31.6#31.65#36.75
-150.837,63.0222#31.7#31.69#36.61
-150.717,63.0229#31.8#31.73#36.47
-150.597,63.0235#31.9#31.77#36.33
-150.478,63.024#32.01#31.8#36.19
-150.358,63.0244#32.1#31.83#36.07
-150.238,63.0247#32.2#31.87#35.93
-150.119,63.0249#32.3#31.9#35.8
-149.999,63.0249#32.4#31.93#35.67
-149.88,63.0249#32.52#31.91#35.57
-149.76,63.0247#32.63#31.9#35.47
-149.64,63.0244#32.74#31.89#35.37
-149.521,63.024#32.85#31.88#35.27
-149.401,63.0235#32.9#31.86#35.24
-149.282,63.0229#32.95#31.83#35.22
-149.162,63.0222#32.99#31.81#35.2
-149.042,63.0213#33.03#31.78#35.19
-148.923,63.0203#33.09#31.76#35.15
-148.803,63.0193#33.16#31.74#35.1
-148.684,63.0181#33.22#31.71#35.07
-148.564,63.0168#33.29#31.69#35.02
-148.445,63.0154#33.33#31.67#35
-148.325,63.0138#33.34#31.64#35.02
-148.206,63.0122#33.36#31.62#35.02
-148.086,63.0104#33.37#31.6#35.03
-147.967,63.0086#33.39#31.58#35.03
-147.847,63.0066#33.41#31.56#35.03
-147.728,63.0045#33.44#31.55#35.01
-147.608,63.0023#33.46#31.53#35.01
-147.489,63#33.49#31.52#34.99
-147.369,62.9975#33.5#31.5#35
-147.25,62.995#33.51#31.49#35
-147.131,62.9923#33.52#31.48#35
-147.012,62.9895#33.54#31.47#34.99
-146.892,62.9867#33.55#31.46#34.99
-146.773,62.9837#33.56#31.45#34.99
-146.654,62.9806#33.57#31.45#34.98
-146.535,62.9773#33.58#31.44#34.98
-146.415,62.974#33.6#31.44#34.96
-146.296,62.9705#33.63#31.44#34.93
-146.177,62.967#33.66#31.45#34.89
-146.058,62.9633#33.69#31.45#34.86
-145.939,62.9595#33.72#31.47#34.81
-145.82,62.9556#33.75#31.5#34.75
-145.701,62.9516#33.78#31.53#34.69
-145.582,62.9475#33.81#31.56#34.63
-145.463,62.9433#33.85#31.59#34.56
-145.344,62.9389#33.89#31.62#34.49
-145.226,62.9345#33.93#31.66#34.41
-145.107,62.9299#33.98#31.7#34.32
-144.988,62.9252#34.02#31.74#34.24
-144.869,62.9204#34.08#31.78#34.14
-144.751,62.9155#34.14#31.83#34.03
-144.632,62.9105#34.2#31.87#33.93
-144.514,62.9054#34.25#31.92#33.83
-144.395,62.9001#34.32#31.94#33.74
-156.681,62.9019#28.91#35.88#35.21
-156.563,62.9081#28.96#35.72#35.32
-156.445,62.9143#29.01#35.56#35.43
-156.326,62.9203#29.06#35.41#35.53
-156.208,62.9262#29.11#35.25#35.64
-156.09,62.932#29.16#35.1#35.74
-155.971,62.9377#29.21#34.96#35.83
-155.852,62.9433#29.27#34.82#35.91
-155.734,62.9488#29.32#34.68#36
-155.615,62.9542#29.37#34.54#36.09
-155.496,62.9594#29.43#34.4#36.17
-155.377,62.9646#29.48#34.28#36.24
-155.259,62.9696#29.53#34.16#36.31
-155.14,62.9745#29.59#34.04#36.37
-155.021,62.9793#29.64#33.92#36.44
-154.902,62.984#29.69#33.82#36.49
-154.783,62.9886#29.75#33.73#36.52
-154.664,62.993#29.8#33.63#36.57
-154.545,62.9974#29.86#33.54#36.6
-154.426,63.0016#29.91#33.47#36.62
-154.306,63.0058#29.97#33.41#36.62
-154.187,63.0098#30.02#33.35#36.63
-154.068,63.0137#30.08#33.3#36.62
-153.949,63.0175#30.13#33.23#36.64
-153.829,63.0212#30.19#33.17#36.64
-153.71,63.0247#30.24#33.1#36.66
-153.591,63.0282#30.3#33.04#36.66
-153.471,63.0315#30.36#32.97#36.67
-153.352,63.0348#30.41#32.89#36.7
-153.232,63.0379#30.47#32.82#36.71
-153.113,63.0409#30.53#32.74#36.73
-152.993,63.0438#30.58#32.66#36.76
-152.874,63.0465#30.64#32.59#36.77
-152.754,63.0492#30.7#32.52#36.78
-152.635,63.0518#30.75#32.44#36.81
-152.515,63.0542#30.81#32.37#36.82
-152.395,63.0565#30.87#32.3#36.83
-152.276,63.0587#30.93#32.23#36.84
-152.156,63.0608#30.99#32.15#36.86
-152.036,63.0628#31.05#32.08#36.87
-151.916,63.0647#31.11#32.02#36.87
-151.797,63.0664#31.17#31.96#36.87
-151.677,63.0681#31.24#31.9#36.86
-151.557,63.0696#31.3#31.84#36.86
-151.437,63.071#31.36#31.79#36.85
-151.318,63.0723#31.43#31.77#36.8
-151.198,63.0735#31.49#31.74#36.77
-151.078,63.0746#31.56#31.71#36.73
-150.958,63.0756#31.64#31.7#36.66
-150.838,63.0764#31.73#31.74#36.53
-150.718,63.0772#31.83#31.77#36.4
-150.599,63.0778#31.92#31.81#36.27
-150.479,63.0783#32.02#31.84#36.14
-150.359,63.0787#32.12#31.87#36.01
-150.239,63.079#32.22#31.9#35.88
-150.119,63.0791#32.32#31.92#35.76
-149.999,63.0792#32.42#31.95#35.63
-149.879,63.0791#32.53#31.94#35.53
-149.76,63.079#32.63#31.93#35.44
-149.64,63.0787#32.74#31.92#35.34
-149.52,63.0783#32.85#31.91#35.24
-149.4,63.0778#32.91#31.89#35.2
-149.28,63.0772#32.95#31.86#35.19
-149.16,63.0764#33#31.84#35.16
-149.04,63.0756#33.04#31.81#35.15
-148.921,63.0746#33.1#31.79#35.11
-148.801,63.0735#33.17#31.76#35.07
-148.681,63.0723#33.24#31.74#35.02
-148.561,63.071#33.3#31.72#34.98
-148.441,63.0696#33.34#31.69#34.97
-148.322,63.0681#33.35#31.67#34.98
-148.202,63.0664#33.37#31.64#34.99
-148.082,63.0647#33.38#31.62#35
-147.962,63.0628#33.39#31.6#35.01
-147.843,63.0608#33.42#31.58#35
-147.723,63.0587#33.44#31.56#35
-147.603,63.0565#33.47#31.55#34.98
-147.484,63.0542#33.49#31.53#34.98
-147.364,63.0517#33.51#31.52#34.97
-147.244,63.0492#33.52#31.5#34.98
-147.125,63.0465#33.53#31.49#34.98
-147.005,63.0437#33.55#31.48#34.97
-146.886,63.0408#33.56#31.47#34.97
-146.766,63.0378#33.57#31.46#34.97
-146.647,63.0347#33.59#31.45#34.96
-146.527,63.0315#33.6#31.44#34.96
-146.408,63.0281#33.62#31.44#34.94
-146.289,63.0247#33.65#31.44#34.91
-146.169,63.0211#33.68#31.44#34.88
-146.05,63.0174#33.71#31.44#34.85
-145.931,63.0136#33.74#31.45#34.81
-145.811,63.0097#33.77#31.48#34.75
-145.692,63.0057#33.8#31.51#34.69
-145.573,63.0016#33.83#31.53#34.64
-145.454,62.9973#33.87#31.56#34.57
-145.335,62.993#33.91#31.59#34.5
-145.216,62.9885#33.96#31.62#34.42
-145.097,62.9839#34#31.65#34.35
-144.978,62.9792#34.05#31.69#34.26
-144.859,62.9744#34.11#31.73#34.16
-144.74,62.9695#34.17#31.78#34.05
-144.621,62.9645#34.22#31.83#33.95
-144.502,62.9594#34.28#31.87#33.85
-144.383,62.9541#34.35#31.9#33.75
-144.265,62.9487#34.42#31.93#33.65
-144.146,62.9433#34.49#31.96#33.55
-144.028,62.9377#34.56#31.99#33.45
-143.909,62.932#34.65#32#33.35
-143.791,62.9262#34.74#32.01#33.25
-143.672,62.9202#34.83#32.01#33.16
-143.554,62.9142#34.92#32.02#33.06
-143.435,62.9081#35.02#32.03#32.95
-143.317,62.9018#35.12#32.03#32.85
-157.641,62.9016#28.57#37.27#34.16
-157.523,62.9088#28.6#37.1#34.3
-157.405,62.9158#28.64#36.92#34.44
-157.287,62.9227#28.69#36.75#34.56
-157.169,62.9296#28.73#36.58#34.69
-157.051,62.9363#28.77#36.41#34.82
-156.932,62.9429#28.82#36.24#34.94
-156.814,62.9494#28.87#36.08#35.05
-156.695,62.9557#28.91#35.92#35.17
-156.577,62.962#28.96#35.76#35.28
-156.458,62.9682#29.01#35.6#35.39
-156.34,62.9742#29.07#35.45#35.48
-156.221,62.9802#29.12#35.3#35.58
-156.102,62.986#29.17#35.15#35.68
-155.983,62.9917#29.22#35#35.78
-155.865,62.9973#29.28#34.87#35.85
-155.746,63.0028#29.33#34.73#35.94
-155.627,63.0082#29.39#34.59#36.02
-155.508,63.0134#29.44#34.46#36.1
-155.389,63.0186#29.49#34.34#36.17
-155.27,63.0236#29.55#34.22#36.23
-155.15,63.0285#29.6#34.1#36.3
-155.031,63.0333#29.66#33.99#36.35
-154.912,63.038#29.71#33.89#36.4
-154.793,63.0426#29.77#33.8#36.43
-154.674,63.0471#29.82#33.7#36.48
-154.554,63.0515#29.88#33.61#36.51
-154.435,63.0557#29.94#33.54#36.52
-154.315,63.0599#29.99#33.49#36.52
-154.196,63.0639#30.05#33.44#36.51
-154.076,63.0678#30.1#33.39#36.51
-153.957,63.0716#30.16#33.33#36.51
-153.837,63.0753#30.22#33.27#36.51
-153.718,63.0789#30.27#33.2#36.53
-153.598,63.0823#30.33#33.14#36.53
-153.478,63.0857#30.39#33.07#36.54
-153.359,63.0889#30.45#33#36.55
-153.239,63.0921#30.5#32.92#36.58
-153.119,63.0951#30.56#32.85#36.59
-153,63.098#30.62#32.77#36.61
-152.88,63.1007#30.68#32.69#36.63
-152.76,63.1034#30.74#32.61#36.65
-152.64,63.106#30.8#32.53#36.67
-152.52,63.1084#30.85#32.44#36.71
-152.4,63.1107#30.91#32.37#36.72
-152.28,63.113#30.98#32.29#36.73
-152.16,63.1151#31.04#32.22#36.74
-152.04,63.1171#31.1#32.15#36.75
-151.92,63.1189#31.16#32.08#36.76
-151.8,63.1207#31.22#32.02#36.76
-151.68,63.1223#31.28#31.95#36.77
-151.56,63.1239#31.34#31.89#36.77
-151.44,63.1253#31.41#31.84#36.75
-151.32,63.1266#31.47#31.82#36.71
-151.2,63.1278#31.54#31.79#36.67
-151.08,63.1289#31.6#31.76#36.64
-150.96,63.1298#31.67#31.75#36.58
-150.84,63.1307#31.76#31.79#36.45
-150.72,63.1314#31.85#31.82#36.33
-150.6,63.1321#31.94#31.85#36.21
-150.48,63.1326#32.03#31.88#36.09
-150.36,63.133#32.13#31.9#35.97
-150.239,63.1333#32.23#31.93#35.84
-150.119,63.1334#32.33#31.95#35.72
-149.999,63.1335#32.43#31.98#35.59
-149.879,63.1334#32.54#31.97#35.49
-149.759,63.1332#32.64#31.96#35.4
-149.639,63.133#32.75#31.95#35.3
-149.519,63.1326#32.85#31.94#35.21
-149.399,63.1321#32.91#31.91#35.18
-149.279,63.1314#32.95#31.89#35.16
-149.158,63.1307#33#31.86#35.14
-149.038,63.1298#33.05#31.84#35.11
-148.918,63.1289#33.11#31.81#35.08
-148.798,63.1278#33.18#31.79#35.03
-148.678,63.1266#33.25#31.77#34.98
-148.558,63.1253#33.32#31.74#34.94
-148.438,63.1239#33.36#31.72#34.92
-148.318,63.1223#33.36#31.69#34.95
-148.198,63.1207#33.37#31.67#34.96
-148.078,63.1189#33.38#31.64#34.98
-147.958,63.117#33.4#31.62#34.98
-147.838,63.115#33.42#31.6#34.98
-147.718,63.1129#33.45#31.58#34.97
-147.598,63.1107#33.47#31.56#34.97
-147.478,63.1084#33.5#31.54#34.96
-147.358,63.1059#33.51#31.53#34.96
-147.239,63.1034#33.53#31.51#34.96
-147.119,63.1007#33.54#31.5#34.96
-146.999,63.0979#33.56#31.48#34.96
-146.879,63.095#33.57#31.47#34.96
-146.759,63.092#33.59#31.46#34.95
-146.64,63.0889#33.6#31.45#34.95
-146.52,63.0857#33.62#31.44#34.94
-146.4,63.0823#33.64#31.43#34.93
-146.281,63.0788#33.67#31.43#34.9
-146.161,63.0753#33.7#31.42#34.88
-146.042,63.0716#33.73#31.42#34.85
-145.922,63.0678#33.76#31.43#34.81
-145.803,63.0639#33.79#31.46#34.75
-145.683,63.0598#33.82#31.48#34.7
-145.564,63.0557#33.86#31.51#34.63
-145.444,63.0514#33.89#31.53#34.58
-145.325,63.0471#33.94#31.55#34.51
-145.206,63.0426#33.98#31.58#34.44
-145.086,63.038#34.03#31.6#34.37
-144.967,63.0333#34.07#31.63#34.3
-144.848,63.0285#34.13#31.68#34.19
-144.729,63.0235#34.19#31.73#34.08
-144.61,63.0185#34.25#31.78#33.97
-144.491,63.0133#34.31#31.83#33.86
-144.372,63.0081#34.38#31.86#33.76
-144.253,63.0027#34.45#31.9#33.65
-144.134,62.9972#34.53#31.93#33.54
-144.015,62.9916#34.6#31.97#33.43
-143.896,62.9859#34.68#31.98#33.34
-143.778,62.9801#34.77#31.99#33.24
-143.659,62.9741#34.86#31.99#33.15
-143.54,62.9681#34.95#32#33.05
-143.422,62.9619#35.06#32.01#32.93
-143.303,62.9557#35.16#32.01#32.83
-143.185,62.9493#35.27#32.01#32.72
-143.066,62.9428#35.38#32.01#32.61
-142.948,62.9362#35.5#32.02#32.48
-142.83,62.9295#35.63#32.01#32.36
-142.711,62.9227#35.76#32.01#32.23
-142.593,62.9157#35.89#32.01#32.1
-142.475,62.9087#36.03#32.01#31.96
-142.357,62.9015#36.19#32#31.81
-158.483,62.9021#28.42#38.57#33.01
-158.365,62.91#28.44#38.39#33.17
-158.248,62.9178#28.45#38.2#33.35
-158.13,62.9256#28.47#38.02#33.51
-158.012,62.9332#28.49#37.83#33.68
-157.894,62.9407#28.52#37.65#33.83
-157.775,62.9481#28.55#37.47#33.98
-157.657,62.9554#28.58#37.3#34.12
-157.539,62.9625#28.61#37.12#34.27
-157.421,62.9696#28.64#36.95#34.41
-157.302,62.9765#28.69#36.78#34.53
-157.184,62.9834#28.73#36.61#34.66
-157.065,62.9901#28.77#36.44#34.79
-156.947,62.9967#28.82#36.27#34.91
-156.828,63.0032#28.87#36.11#35.02
-156.709,63.0096#28.92#35.96#35.12
-156.591,63.0159#28.97#35.8#35.23
-156.472,63.0221#29.02#35.64#35.34
-156.353,63.0281#29.07#35.49#35.44
-156.234,63.0341#29.13#35.35#35.52
-156.115,63.0399#29.18#35.2#35.62
-155.996,63.0456#29.23#35.05#35.72
-155.877,63.0513#29.29#34.92#35.79
-155.758,63.0568#29.34#34.78#35.88
-155.638,63.0621#29.4#34.65#35.95
-155.519,63.0674#29.45#34.52#36.03
-155.4,63.0726#29.51#34.4#36.09
-155.281,63.0776#29.56#34.28#36.16
-155.161,63.0826#29.62#34.17#36.21
-155.042,63.0874#29.68#34.05#36.27
-154.922,63.0921#29.73#33.96#36.31
-154.803,63.0967#29.79#33.86#36.35
-154.683,63.1012#29.85#33.77#36.38
-154.564,63.1056#29.9#33.68#36.42
-154.444,63.1098#29.96#33.61#36.43
-154.324,63.114#30.02#33.56#36.42
-154.205,63.118#30.07#33.52#36.41
-154.085,63.122#30.13#33.47#36.4
-153.965,63.1258#30.19#33.43#36.38
-153.845,63.1295#30.25#33.36#36.39
-153.726,63.133#30.3#33.3#36.4
-153.606,63.1365#30.36#33.24#36.4
-153.486,63.1399#30.42#33.18#36.4
-153.366,63.1431#30.48#33.1#36.42
-153.246,63.1462#30.54#33.03#36.43
-153.126,63.1493#30.6#32.95#36.45
-153.006,63.1522#30.65#32.88#36.47
-152.886,63.155#30.71#32.79#36.5
-152.766,63.1576#30.76#32.7#36.54
-152.646,63.1602#30.82#32.61#36.57
-152.525,63.1626#30.88#32.52#36.6
-152.405,63.165#30.93#32.45#36.62
-152.285,63.1672#30.99#32.37#36.64
-152.165,63.1693#31.05#32.3#36.65
-152.045,63.1713#31.1#32.22#36.68
-151.924,63.1732#31.16#32.16#36.68
-151.804,63.1749#31.22#32.09#36.69
-151.684,63.1766#31.28#32.03#36.69
-151.564,63.1781#31.34#31.96#36.7
-151.443,63.1796#31.4#31.92#36.68
-151.323,63.1809#31.47#31.89#36.64
-151.203,63.1821#31.53#31.86#36.61
-151.082,63.1832#31.6#31.83#36.57
-150.962,63.1841#31.67#31.81#36.52
-150.842,63.185#31.76#31.84#36.4
-150.721,63.1857#31.85#31.86#36.29
-150.601,63.1863#31.95#31.89#36.16
-150.481,63.1869#32.04#31.91#36.05
-150.36,63.1873#32.14#31.93#35.93
-150.24,63.1875#32.24#31.96#35.8
-150.12,63.1877#32.34#31.99#35.67
-149.999,63.1878#32.44#32.01#35.55
-149.879,63.1877#32.54#32#35.46
-149.759,63.1875#32.64#31.99#35.37
-149.638,63.1873#32.74#31.98#35.28
-149.518,63.1869#32.85#31.97#35.18
-149.397,63.1863#32.9#31.95#35.15
-149.277,63.1857#32.95#31.92#35.13
-149.157,63.185#33#31.9#35.1
-149.036,63.1841#33.04#31.87#35.09
-148.916,63.1831#33.11#31.85#35.04
-148.796,63.1821#33.17#31.82#35.01
-148.675,63.1809#33.24#31.8#34.96
-148.555,63.1795#33.31#31.77#34.92
-148.435,63.1781#33.34#31.75#34.91
-148.315,63.1766#33.36#31.72#34.92
-148.194,63.1749#33.37#31.7#34.93
-148.074,63.1732#33.38#31.67#34.95
-147.954,63.1713#33.39#31.64#34.97
-147.834,63.1693#33.42#31.62#34.96
-147.713,63.1672#33.45#31.6#34.95
-147.593,63.165#33.47#31.58#34.95
-147.473,63.1626#33.5#31.56#34.94
-147.353,63.1602#33.52#31.54#34.94
-147.233,63.1576#33.54#31.53#34.93
-147.113,63.1549#33.55#31.51#34.94
-146.993,63.1521#33.57#31.49#34.94
-146.873,63.1492#33.59#31.48#34.93
-146.753,63.1462#33.61#31.47#34.92
-146.633,63.1431#33.62#31.45#34.93
-146.513,63.1398#33.64#31.44#34.92
-146.393,63.1365#33.66#31.43#34.91
-146.273,63.133#33.69#31.42#34.89
-146.153,63.1294#33.72#31.41#34.87
-146.033,63.1257#33.75#31.4#34.85
-145.914,63.1219#33.78#31.42#34.8
-145.794,63.118#33.81#31.44#34.75
-145.674,63.1139#33.85#31.46#34.69
-145.554,63.1098#33.88#31.48#34.64
-145.435,63.1055#33.92#31.5#34.58
-145.315,63.1011#33.96#31.51#34.53
-145.196,63.0967#34.01#31.53#34.46
-145.076,63.0921#34.05#31.55#34.4
-144.957,63.0873#34.1#31.58#34.32
-144.837,63.0825#34.16#31.63#34.21
-144.718,63.0776#34.22#31.68#34.1
-144.599,63.0725#34.28#31.74#33.98
-144.479,63.0674#34.34#31.79#33.87
-144.36,63.0621#34.41#31.83#33.76
-144.241,63.0567#34.49#31.87#33.64
-144.122,63.0512#34.56#31.91#33.53
-144.003,63.0456#34.63#31.94#33.43
-143.884,63.0399#34.72#31.96#33.32
-143.765,63.034#34.81#31.97#33.22
-143.646,63.0281#34.9#31.98#33.12
-143.527,63.022#34.99#31.98#33.03
-143.408,63.0158#35.09#31.99#32.92
-143.289,63.0095#35.2#31.99#32.81
-143.171,63.0032#35.31#32#32.69
-143.052,62.9966#35.42#32#32.58
-142.933,62.99#35.54#32#32.46
-142.815,62.9833#35.67#32#32.33
-142.696,62.9765#35.81#32#32.19
-142.578,62.9695#35.94#32#32.06
-142.46,62.9624#36.08#31.99#31.93
-142.341,62.9553#36.24#31.99#31.77
-142.223,62.948#36.39#31.98#31.63
-142.105,62.9406#36.55#31.98#31.47
-141.987,62.9331#36.71#31.98#31.31
-141.869,62.9255#36.89#31.97#31.14
-141.751,62.9177#37.08#31.96#30.96
-141.633,62.9099#37.26#31.95#30.79
-141.515,62.902#37.45#31.95#30.6
-159.207,62.9056#28.34#39.71#31.95
-159.09,62.9142#28.35#39.53#32.12
-158.972,62.9227#28.37#39.34#32.29
-158.854,62.9311#28.38#39.15#32.47
-158.737,62.9394#28.39#38.96#32.65
-158.619,62.9476#28.41#38.77#32.82
-158.501,62.9557#28.42#38.58#33
-158.383,62.9637#28.44#38.39#33.17
-158.265,62.9715#28.46#38.21#33.33
-158.146,62.9793#28.47#38.03#33.5
-158.028,62.9869#28.49#37.85#33.66
-157.91,62.9944#28.52#37.67#33.81
-157.792,63.0018#28.55#37.49#33.96
-157.673,63.0091#28.58#37.32#34.1
-157.555,63.0163#28.61#37.14#34.25
-157.436,63.0234#28.65#36.97#34.38
-157.317,63.0304#28.69#36.8#34.51
-157.199,63.0372#28.73#36.64#34.63
-157.08,63.044#28.77#36.47#34.76
-156.961,63.0506#28.82#36.31#34.87
-156.842,63.0571#28.87#36.15#34.98
-156.723,63.0635#28.92#35.99#35.09
-156.604,63.0698#28.97#35.84#35.19
-156.485,63.076#29.03#35.68#35.29
-156.366,63.0821#29.08#35.54#35.38
-156.247,63.088#29.13#35.39#35.48
-156.128,63.0939#29.19#35.25#35.56
-156.008,63.0996#29.24#35.1#35.66
-155.889,63.1052#29.3#34.97#35.73
-155.77,63.1108#29.35#34.84#35.81
-155.65,63.1162#29.41#34.7#35.89
-155.531,63.1214#29.47#34.57#35.96
-155.411,63.1266#29.52#34.46#36.02
-155.292,63.1317#29.58#34.34#36.08
-155.172,63.1366#29.64#34.23#36.13
-155.052,63.1415#29.69#34.12#36.19
-154.933,63.1462#29.75#34.02#36.23
-154.813,63.1508#29.81#33.93#36.26
-154.693,63.1553#29.86#33.84#36.3
-154.573,63.1597#29.91#33.75#36.34
-154.453,63.164#29.96#33.67#36.37
-154.333,63.1681#30.02#33.63#36.35
-154.214,63.1722#30.07#33.59#36.34
-154.094,63.1761#30.12#33.55#36.33
-153.974,63.1799#30.17#33.5#36.33
-153.853,63.1836#30.23#33.44#36.33
-153.733,63.1872#30.28#33.38#36.34
-153.613,63.1907#30.33#33.32#36.35
-153.493,63.1941#30.39#33.26#36.35
-153.373,63.1973#30.44#33.18#36.38
-153.253,63.2004#30.5#33.11#36.39
-153.132,63.2035#30.55#33.03#36.42
-153.012,63.2064#30.6#32.96#36.44
-152.892,63.2092#30.66#32.87#36.47
-152.771,63.2119#30.72#32.79#36.49
-152.651,63.2144#30.77#32.7#36.53
-152.531,63.2169#30.83#32.62#36.55
-152.41,63.2192#30.89#32.54#36.57
-152.29,63.2215#30.94#32.47#36.59
-152.169,63.2236#31#32.4#36.6
-152.049,63.2256#31.06#32.32#36.62
-151.929,63.2274#31.12#32.25#36.63
-151.808,63.2292#31.18#32.19#36.63
-151.688,63.2309#31.24#32.12#36.64
-151.567,63.2324#31.3#32.05#36.65
-151.446,63.2338#31.36#32#36.64
-151.326,63.2352#31.43#31.97#36.6
-151.205,63.2364#31.5#31.93#36.57
-151.085,63.2374#31.57#31.9#36.53
-150.964,63.2384#31.65#31.88#36.47
-150.844,63.2393#31.75#31.89#36.36
-150.723,63.24#31.84#31.91#36.25
-150.602,63.2406#31.94#31.92#36.14
-150.482,63.2412#32.04#31.94#36.02
-150.361,63.2416#32.14#31.96#35.9
-150.24,63.2418#32.24#31.99#35.77
-150.12,63.242#32.33#32.02#35.65
-149.999,63.2421#32.43#32.05#35.52
-149.879,63.242#32.54#32.04#35.42
-149.758,63.2418#32.64#32.03#35.33
-149.637,63.2416#32.74#32.02#35.24
-149.517,63.2412#32.84#32.01#35.15
-149.396,63.2406#32.89#31.99#35.12
-149.276,63.24#32.94#31.96#35.1
-149.155,63.2393#32.99#31.93#35.08
-149.034,63.2384#33.03#31.91#35.06
-148.914,63.2374#33.09#31.88#35.03
-148.793,63.2363#33.15#31.86#34.99
-148.673,63.2351#33.21#31.83#34.96
-148.552,63.2338#33.27#31.81#34.92
-148.432,63.2324#33.31#31.78#34.91
-148.311,63.2309#33.33#31.76#34.91
-148.19,63.2292#33.34#31.73#34.93
-148.07,63.2274#33.36#31.7#34.94
-147.949,63.2255#33.38#31.68#34.94
-147.829,63.2235#33.41#31.66#34.93
-147.709,63.2214#33.43#31.64#34.93
-147.588,63.2192#33.46#31.61#34.93
-147.468,63.2169#33.49#31.59#34.92
-147.347,63.2144#33.51#31.57#34.92
-147.227,63.2118#33.52#31.56#34.92
-147.107,63.2091#33.54#31.54#34.92
-146.986,63.2063#33.56#31.52#34.92
-146.866,63.2034#33.58#31.51#34.91
-146.746,63.2004#33.6#31.49#34.91
-146.626,63.1973#33.62#31.48#34.9
-146.505,63.194#33.63#31.46#34.91
-146.385,63.1907#33.66#31.45#34.89
-146.265,63.1872#33.69#31.43#34.88
-146.145,63.1836#33.72#31.42#34.86
-146.025,63.1799#33.74#31.4#34.86
-145.905,63.1761#33.78#31.41#34.81
-145.785,63.1721#33.82#31.43#34.75
-145.665,63.1681#33.85#31.44#34.71
-145.545,63.1639#33.89#31.46#34.65
-145.425,63.1596#33.94#31.47#34.59
-145.305,63.1552#33.98#31.48#34.54
-145.186,63.1507#34.03#31.49#34.48
-145.066,63.1461#34.08#31.5#34.42
-144.946,63.1414#34.13#31.53#34.34
-144.826,63.1366#34.19#31.58#34.23
-144.707,63.1316#34.25#31.64#34.11
-144.587,63.1266#34.31#31.69#34
-144.468,63.1214#34.37#31.74#33.89
-144.348,63.1161#34.44#31.79#33.77
-144.229,63.1107#34.52#31.84#33.64
-144.109,63.1052#34.59#31.88#33.53
-143.99,63.0995#34.66#31.92#33.42
-143.871,63.0938#34.75#31.93#33.32
-143.752,63.088#34.85#31.94#33.21
-143.632,63.082#34.94#31.96#33.1
-143.513,63.0759#35.03#31.97#33
-143.394,63.0697#35.13#31.97#32.9
-143.275,63.0634#35.24#31.98#32.78
-143.156,63.057#35.35#31.98#32.67
-143.037,63.0505#35.46#31.98#32.56
-142.919,63.0439#35.58#31.99#32.43
-142.8,63.0371#35.72#31.98#32.3
-142.681,63.0303#35.85#31.98#32.17
-142.563,63.0233#35.99#31.98#32.03
-142.444,63.0162#36.13#31.98#31.89
-142.325,63.009#36.29#31.98#31.73
-142.207,63.0017#36.44#31.97#31.59
-142.089,62.9943#36.6#31.97#31.43
-141.97,62.9868#36.76#31.96#31.28
-141.852,62.9792#36.95#31.95#31.1
-141.734,62.9714#37.13#31.95#30.92
-141.616,62.9636#37.32#31.94#30.74
-141.498,62.9556#37.5#31.93#30.57
-141.38,62.9475#37.71#31.92#30.37
-141.262,62.9393#37.92#31.91#30.17
-141.144,62.931#38.12#31.9#29.98
-141.026,62.9226#38.33#31.89#29.78
-140.909,62.9141#38.61#31.84#29.55
-140.791,62.9055#38.91#31.78#29.31
-159.932,62.905#28.26#40.71#31.03
-159.814,62.9143#28.27#40.55#31.18
-159.697,62.9235#28.29#40.39#31.32
-159.579,62.9326#28.3#40.23#31.47
-159.462,62.9415#28.32#40.06#31.62
-159.344,62.9504#28.33#39.88#31.79
-159.226,62.9591#28.34#39.7#31.96
-159.109,62.9678#28.36#39.52#32.12
-158.991,62.9763#28.37#39.34#32.29
-158.873,62.9847#28.38#39.15#32.47
-158.755,62.9931#28.4#38.96#32.64
-158.637,63.0013#28.41#38.77#32.82
-158.518,63.0093#28.42#38.58#33
-158.4,63.0173#28.44#38.4#33.16
-158.282,63.0252#28.46#38.22#33.32
-158.163,63.033#28.47#38.04#33.49
-158.045,63.0406#28.49#37.86#33.65
-157.926,63.0481#28.52#37.68#33.8
-157.808,63.0556#28.55#37.51#33.94
-157.689,63.0629#28.58#37.34#34.08
-157.57,63.0701#28.61#37.16#34.23
-157.452,63.0772#28.65#37#34.35
-157.333,63.0842#28.69#36.83#34.48
-157.214,63.091#28.73#36.67#34.6
-157.095,63.0978#28.78#36.5#34.72
-156.976,63.1045#28.82#36.34#34.84
-156.857,63.111#28.87#36.18#34.95
-156.737,63.1174#28.93#36.03#35.04
-156.618,63.1237#28.98#35.88#35.14
-156.499,63.1299#29.03#35.72#35.25
-156.379,63.136#29.09#35.58#35.33
-156.26,63.142#29.14#35.44#35.42
-156.141,63.1479#29.2#35.29#35.51
-156.021,63.1536#29.25#35.15#35.6
-155.901,63.1592#29.3#35.02#35.68
-155.782,63.1648#29.35#34.89#35.76
-155.662,63.1702#29.4#34.76#35.84
-155.542,63.1755#29.46#34.63#35.91
-155.423,63.1807#29.51#34.51#35.98
-155.303,63.1857#29.56#34.4#36.04
-155.183,63.1907#29.61#34.29#36.1
-155.063,63.1955#29.66#34.18#36.16
-154.943,63.2003#29.71#34.08#36.21
-154.823,63.2049#29.76#33.99#36.25
-154.703,63.2094#29.82#33.9#36.28
-154.583,63.2138#29.87#33.81#36.32
-154.463,63.2181#29.92#33.73#36.35
-154.343,63.2223#29.97#33.69#36.34
-154.222,63.2263#30.02#33.64#36.34
-154.102,63.2303#30.07#33.6#36.33
-153.982,63.2341#30.12#33.55#36.33
-153.862,63.2378#30.18#33.5#36.32
-153.741,63.2414#30.23#33.44#36.33
-153.621,63.2449#30.28#33.39#36.33
-153.5,63.2483#30.34#33.33#36.33
-153.38,63.2515#30.39#33.26#36.35
-153.259,63.2547#30.45#33.18#36.37
-153.139,63.2577#30.5#33.11#36.39
-153.018,63.2606#30.56#33.04#36.4
-152.898,63.2634#30.61#32.96#36.43
-152.777,63.2661#30.67#32.88#36.45
-152.657,63.2687#30.73#32.8#36.47
-152.536,63.2711#30.78#32.72#36.5
-152.415,63.2735#30.84#32.64#36.52
-152.295,63.2757#30.9#32.57#36.53
-152.174,63.2778#30.96#32.49#36.55
-152.053,63.2798#31.01#32.42#36.57
-151.933,63.2817#31.07#32.35#36.58
-151.812,63.2835#31.13#32.28#36.59
-151.691,63.2852#31.19#32.21#36.6
-151.57,63.2867#31.25#32.15#36.6
-151.449,63.2881#31.32#32.09#36.59
-151.329,63.2895#31.4#32.05#36.55
-151.208,63.2907#31.47#32.01#36.52
-151.087,63.2917#31.55#31.97#36.48
-150.966,63.2927#31.63#31.94#36.43
-150.845,63.2936#31.73#31.95#36.32
-150.724,63.2943#31.83#31.95#36.22
-150.604,63.295#31.94#31.96#36.1
-150.483,63.2955#32.04#31.96#36
-150.362,63.2959#32.14#31.99#35.87
-150.241,63.2962#32.23#32.03#35.74
-150.12,63.2963#32.33#32.06#35.61
-149.999,63.2964#32.43#32.09#35.48
-149.878,63.2963#32.53#32.08#35.39
-149.757,63.2962#32.63#32.07#35.3
-149.637,63.2959#32.73#32.06#35.21
-149.516,63.2955#32.84#32.05#35.11
-149.395,63.2949#32.89#32.02#35.09
-149.274,63.2943#32.93#32#35.07
-149.153,63.2936#32.97#31.97#35.06
-149.032,63.2927#33.02#31.95#35.03
-148.911,63.2917#33.07#31.92#35.01
-148.791,63.2906#33.13#31.9#34.97
-148.67,63.2894#33.18#31.87#34.95
-148.549,63.2881#33.24#31.85#34.91
-148.428,63.2867#33.28#31.82#34.9
-148.307,63.2851#33.3#31.79#34.91
-148.187,63.2835#33.32#31.77#34.91
-148.066,63.2817#33.34#31.74#34.92
-147.945,63.2798#33.36#31.72#34.92
-147.824,63.2778#33.39#31.69#34.92
-147.704,63.2757#33.42#31.67#34.91
-147.583,63.2735#33.45#31.65#34.9
-147.462,63.2711#33.48#31.62#34.9
-147.342,63.2686#33.5#31.6#34.9
-147.221,63.2661#33.51#31.59#34.9
-147.101,63.2634#33.53#31.57#34.9
-146.98,63.2606#33.55#31.55#34.9
-146.86,63.2577#33.57#31.53#34.9
-146.739,63.2546#33.59#31.52#34.89
-146.619,63.2515#33.61#31.5#34.89
-146.498,63.2482#33.62#31.48#34.9
-146.378,63.2448#33.65#31.47#34.88
-146.257,63.2414#33.67#31.45#34.88
-146.137,63.2378#33.7#31.43#34.87
-146.017,63.234#33.72#31.42#34.86
-145.896,63.2302#33.76#31.42#34.82
-145.776,63.2263#33.8#31.43#34.77
-145.656,63.2222#33.83#31.45#34.72
-145.536,63.218#33.87#31.46#34.67
-145.416,63.2138#33.91#31.46#34.63
-145.296,63.2094#33.96#31.47#34.57
-145.175,63.2048#34.01#31.47#34.52
-145.055,63.2002#34.06#31.48#34.46
-144.936,63.1955#34.12#31.51#34.37
-144.816,63.1906#34.18#31.55#34.27
-144.696,63.1857#34.25#31.6#34.15
-144.576,63.1806#34.31#31.65#34.04
-144.456,63.1754#34.38#31.7#33.92
-144.336,63.1701#34.46#31.76#33.78
-144.217,63.1647#34.54#31.81#33.65
-144.097,63.1592#34.61#31.86#33.53
-143.978,63.1535#34.69#31.9#33.41
-143.858,63.1478#34.79#31.91#33.3
-143.739,63.1419#34.88#31.92#33.2
-143.619,63.1359#34.97#31.94#33.09
-143.5,63.1298#35.06#31.95#32.99
-143.38,63.1236#35.17#31.95#32.88
-143.261,63.1173#35.28#31.96#32.76
-143.142,63.1109#35.39#31.96#32.65
-143.023,63.1044#35.5#31.97#32.53
-142.904,63.0977#35.63#31.97#32.4
-142.785,63.091#35.76#31.97#32.27
-142.666,63.0841#35.9#31.97#32.13
-142.547,63.0771#36.03#31.97#32
-142.428,63.07#36.18#31.97#31.85
-142.309,63.0628#36.34#31.96#31.7
-142.191,63.0555#36.5#31.96#31.54
-142.072,63.0481#36.65#31.95#31.4
-141.954,63.0405#36.82#31.95#31.23
-141.835,63.0329#37#31.94#31.06
-141.717,63.0251#37.18#31.93#30.89
-141.598,63.0172#37.37#31.92#30.71
-141.48,63.0092#37.55#31.92#30.53
-141.362,63.0012#37.76#31.91#30.33
-141.244,62.9929#37.97#31.89#30.14
-141.126,62.9846#38.17#31.88#29.95
-141.008,62.9762#38.38#31.87#29.75
-140.89,62.9677#38.68#31.81#29.51
-140.772,62.959#38.98#31.75#29.27
-140.654,62.9503#39.28#31.69#29.03
-140.537,62.9414#39.58#31.62#28.8
-140.419,62.9324#39.93#31.55#28.52
-140.302,62.9234#40.3#31.47#28.23
-140.184,62.9142#40.67#31.39#27.94
-140.067,62.9049#41.05#31.32#27.63
-160.656,62.9002#28.18#41.49#30.33
-160.539,62.9102#28.2#41.36#30.44
-160.422,62.92#28.21#41.22#30.57
-160.304,62.9298#28.22#41.08#30.7
-160.187,62.9394#28.24#40.94#30.82
-160.07,62.949#28.25#40.8#30.95
-159.952,62.9584#28.26#40.65#31.09
-159.835,62.9677#28.28#40.5#31.22
-159.717,62.9769#28.29#40.34#31.37
-159.599,62.986#28.3#40.18#31.52
-159.481,62.995#28.32#40.03#31.65
-159.364,63.0039#28.33#39.85#31.82
-159.246,63.0127#28.34#39.68#31.98
-159.128,63.0214#28.36#39.51#32.13
-159.009,63.0299#28.37#39.34#32.29
-158.891,63.0383#28.39#39.16#32.45
-158.773,63.0467#28.4#38.97#32.63
-158.655,63.0549#28.41#38.78#32.81
-158.536,63.063#28.43#38.59#32.98
-158.418,63.071#28.44#38.41#33.15
-158.299,63.0789#28.46#38.23#33.31
-158.18,63.0867#28.48#38.05#33.47
-158.062,63.0943#28.49#37.87#33.64
-157.943,63.1019#28.52#37.7#33.78
-157.824,63.1093#28.55#37.53#33.92
-157.705,63.1167#28.58#37.36#34.06
-157.586,63.1239#28.61#37.19#34.2
-157.467,63.131#28.65#37.02#34.33
-157.348,63.138#28.69#36.86#34.45
-157.229,63.1449#28.73#36.69#34.58
-157.11,63.1517#28.78#36.53#34.69
-156.99,63.1583#28.82#36.37#34.81
-156.871,63.1649#28.87#36.22#34.91
-156.751,63.1713#28.92#36.07#35.01
-156.632,63.1776#28.97#35.91#35.12
-156.512,63.1839#29.02#35.76#35.22
-156.393,63.19#29.07#35.62#35.31
-156.273,63.196#29.12#35.48#35.4
-156.153,63.2018#29.17#35.33#35.5
-156.034,63.2076#29.22#35.19#35.59
-155.914,63.2132#29.27#35.06#35.67
-155.794,63.2188#29.32#34.93#35.75
-155.674,63.2242#29.37#34.81#35.82
-155.554,63.2295#29.42#34.68#35.9
-155.434,63.2347#29.47#34.56#35.97
-155.314,63.2398#29.52#34.45#36.03
-155.194,63.2448#29.57#34.34#36.09
-155.074,63.2496#29.62#34.24#36.14
-154.953,63.2544#29.67#34.13#36.2
-154.833,63.259#29.72#34.05#36.23
-154.713,63.2635#29.77#33.96#36.27
-154.593,63.2679#29.82#33.87#36.31
-154.472,63.2722#29.87#33.79#36.34
-154.352,63.2764#29.92#33.74#36.34
-154.231,63.2805#29.97#33.7#36.33
-154.111,63.2844#30.02#33.65#36.33
-153.99,63.2883#30.07#33.61#36.32
-153.87,63.292#30.13#33.55#36.32
-153.749,63.2956#30.18#33.5#36.32
-153.628,63.2991#30.23#33.45#36.32
-153.508,63.3025#30.29#33.4#36.31
-153.387,63.3057#30.34#33.33#36.33
-153.266,63.3089#30.4#33.26#36.34
-153.146,63.3119#30.45#33.19#36.36
-153.025,63.3149#30.51#33.12#36.37
-152.904,63.3177#30.57#33.05#36.38
-152.783,63.3204#30.62#32.97#36.41
-152.662,63.3229#30.68#32.89#36.43
-152.541,63.3254#30.74#32.81#36.45
-152.421,63.3278#30.79#32.74#36.47
-152.3,63.33#30.85#32.67#36.48
-152.179,63.3321#30.91#32.59#36.5
-152.058,63.3341#30.97#32.52#36.51
-151.937,63.336#31.03#32.45#36.52
-151.816,63.3378#31.09#32.38#36.53
-151.695,63.3395#31.15#32.31#36.54
-151.574,63.341#31.21#32.24#36.55
-151.453,63.3424#31.28#32.18#36.54
-151.331,63.3438#31.36#32.13#36.51
-151.21,63.345#31.44#32.09#36.47
-151.089,63.3461#31.52#32.04#36.44
-150.968,63.347#31.61#32.01#36.38
-150.847,63.3479#31.72#32#36.28
-150.726,63.3486#31.82#32#36.18
-150.605,63.3493#31.93#31.99#36.08
-150.484,63.3498#32.04#31.99#35.97
-150.363,63.3502#32.13#32.02#35.85
-150.242,63.3505#32.23#32.06#35.71
-150.12,63.3506#32.33#32.09#35.58
-149.999,63.3507#32.43#32.13#35.44
-149.878,63.3506#32.53#32.12#35.35
-149.757,63.3505#32.63#32.11#35.26
-149.636,63.3502#32.73#32.09#35.18
-149.515,63.3498#32.83#32.08#35.09
-149.394,63.3493#32.88#32.06#35.06
-149.272,63.3486#32.92#32.04#35.04
-149.151,63.3479#32.96#32.01#35.03
-149.03,63.347#33.01#31.99#35
-148.909,63.346#33.05#31.96#34.99
-148.788,63.345#33.11#31.93#34.96
-148.667,63.3437#33.16#31.91#34.93
-148.546,63.3424#33.21#31.88#34.91
-148.425,63.341#33.24#31.86#34.9
-148.304,63.3394#33.27#31.83#34.9
-148.183,63.3378#33.3#31.8#34.9
-148.062,63.336#33.32#31.78#34.9
-147.941,63.3341#33.35#31.75#34.9
-147.82,63.3321#33.38#31.73#34.89
-147.699,63.33#33.41#31.7#34.89
-147.578,63.3277#33.44#31.68#34.88
-147.457,63.3254#33.47#31.66#34.87
-147.336,63.3229#33.48#31.63#34.89
-147.215,63.3203#33.5#31.61#34.89
-147.094,63.3176#33.52#31.59#34.89
-146.974,63.3148#33.54#31.58#34.88
-146.853,63.3119#33.56#31.56#34.88
-146.732,63.3089#33.58#31.54#34.88
-146.611,63.3057#33.6#31.52#34.88
-146.491,63.3024#33.62#31.5#34.88
-146.37,63.2991#33.64#31.49#34.87
-146.249,63.2956#33.66#31.47#34.87
-146.129,63.2919#33.68#31.45#34.87
-146.008,63.2882#33.7#31.43#34.87
-145.888,63.2844#33.74#31.44#34.82
-145.767,63.2804#33.77#31.44#34.79
-145.647,63.2764#33.81#31.45#34.74
-145.526,63.2722#33.85#31.45#34.7
-145.406,63.2679#33.89#31.46#34.65
-145.286,63.2635#33.94#31.46#34.6
-145.165,63.259#33.99#31.46#34.55
-145.045,63.2543#34.04#31.46#34.5
-144.925,63.2496#34.1#31.49#34.41
-144.805,63.2447#34.16#31.53#34.31
-144.685,63.2397#34.23#31.57#34.2
-144.564,63.2347#34.29#31.62#34.09
-144.444,63.2295#34.36#31.67#33.97
-144.324,63.2241#34.44#31.72#33.84
-144.205,63.2187#34.52#31.78#33.7
-144.085,63.2132#34.6#31.83#33.57
-143.965,63.2075#34.68#31.87#33.45
-143.845,63.2018#34.78#31.89#33.33
-143.725,63.1959#34.88#31.91#33.21
-143.606,63.1899#34.97#31.92#33.11
-143.486,63.1838#35.07#31.94#32.99
-143.367,63.1776#35.19#31.94#32.87
-143.247,63.1712#35.3#31.95#32.75
-143.128,63.1648#35.42#31.95#32.63
-143.008,63.1582#35.53#31.96#32.51
-142.889,63.1516#35.67#31.96#32.37
-142.77,63.1448#35.81#31.96#32.23
-142.651,63.1379#35.94#31.95#32.11
-142.531,63.1309#36.08#31.95#31.97
-142.412,63.1238#36.23#31.95#31.82
-142.293,63.1166#36.39#31.95#31.66
-142.174,63.1093#36.55#31.94#31.51
-142.056,63.1018#36.7#31.94#31.36
-141.937,63.0942#36.87#31.93#31.2
-141.818,63.0866#37.06#31.93#31.01
-141.699,63.0788#37.24#31.92#30.84
-141.581,63.0709#37.42#31.91#30.67
-141.462,63.0629#37.61#31.9#30.49
-141.344,63.0548#37.81#31.89#30.3
-141.226,63.0466#38.02#31.88#30.1
-141.107,63.0382#38.23#31.87#29.9
-140.989,63.0298#38.44#31.85#29.71
-140.871,63.0212#38.74#31.79#29.47
-140.753,63.0126#39.04#31.72#29.24
-140.635,63.0038#39.34#31.66#29
-140.517,62.9949#39.64#31.59#28.77
-140.399,62.9859#40#31.51#28.49
-140.282,62.9768#40.36#31.43#28.21
-140.164,62.9676#40.73#31.35#27.92
-140.046,62.9583#41.1#31.28#27.62
-139.929,62.9489#41.41#31.21#27.38
-139.811,62.9393#41.67#31.16#27.17
-139.694,62.9297#41.93#31.11#26.96
-139.577,62.9199#42.18#31.06#26.76
-139.46,62.91#42.4#31.01#26.59
-139.343,62.9001#42.57#30.98#26.45
-161.263,62.9019#28.12#42.09#29.79
-161.146,62.9124#28.13#41.96#29.91
-161.029,62.9229#28.14#41.83#30.03
-160.912,62.9332#28.16#41.69#30.15
-160.795,62.9434#28.17#41.56#30.27
-160.678,62.9535#28.18#41.43#30.39
-160.561,62.9635#28.2#41.3#30.5
-160.443,62.9734#28.21#41.16#30.63
-160.326,62.9832#28.22#41.02#30.76
-160.208,62.9928#28.24#40.88#30.88
-160.091,63.0024#28.25#40.74#31.01
-159.973,63.0118#28.26#40.6#31.14
-159.855,63.0212#28.28#40.44#31.28
-159.737,63.0304#28.29#40.29#31.42
-159.619,63.0395#28.31#40.14#31.55
-159.501,63.0485#28.32#39.99#31.69
-159.383,63.0575#28.33#39.82#31.85
-159.265,63.0662#28.35#39.66#31.99
-159.147,63.0749#28.36#39.5#32.14
-159.028,63.0835#28.37#39.34#32.29
-158.91,63.092#28.39#39.16#32.45
-158.791,63.1003#28.4#38.97#32.63
-158.673,63.1085#28.41#38.78#32.81
-158.554,63.1167#28.43#38.59#32.98
-158.435,63.1247#28.44#38.41#33.15
-158.316,63.1326#28.46#38.23#33.31
-158.198,63.1404#28.48#38.06#33.46
-158.079,63.1481#28.5#37.89#33.61
-157.96,63.1557#28.52#37.71#33.77
-157.84,63.1631#28.55#37.54#33.91
-157.721,63.1705#28.58#37.38#34.04
-157.602,63.1777#28.61#37.21#34.18
-157.483,63.1848#28.64#37.04#34.32
-157.363,63.1918#28.68#36.88#34.44
-157.244,63.1988#28.72#36.72#34.56
-157.124,63.2055#28.76#36.56#34.68
-157.005,63.2122#28.8#36.4#34.8
-156.885,63.2188#28.85#36.25#34.9
-156.766,63.2252#28.9#36.1#35
-156.646,63.2316#28.94#35.95#35.11
-156.526,63.2378#28.99#35.8#35.21
-156.406,63.2439#29.04#35.66#35.3
-156.286,63.2499#29.09#35.52#35.39
-156.166,63.2558#29.14#35.38#35.48
-156.046,63.2616#29.19#35.24#35.57
-155.926,63.2673#29.24#35.1#35.66
-155.806,63.2728#29.29#34.98#35.73
-155.686,63.2783#29.34#34.85#35.81
-155.566,63.2836#29.39#34.73#35.88
-155.445,63.2888#29.43#34.61#35.96
-155.325,63.2939#29.48#34.5#36.02
-155.205,63.2989#29.53#34.4#36.07
-155.084,63.3037#29.58#34.29#36.13
-154.964,63.3085#29.63#34.19#36.18
-154.843,63.3131#29.68#34.1#36.22
-154.723,63.3177#29.73#34.01#36.26
-154.602,63.3221#29.78#33.93#36.29
-154.482,63.3264#29.82#33.85#36.33
-154.361,63.3306#29.87#33.8#36.33
-154.24,63.3347#29.92#33.75#36.33
-154.119,63.3386#29.97#33.71#36.32
-153.999,63.3425#30.02#33.66#36.32
-153.878,63.3462#30.08#33.61#36.31
-153.757,63.3498#30.13#33.56#36.31
-153.636,63.3533#30.18#33.52#36.3
-153.515,63.3567#30.24#33.47#36.29
-153.394,63.36#30.29#33.41#36.3
-153.273,63.3631#30.35#33.34#36.31
-153.152,63.3662#30.41#33.27#36.32
-153.031,63.3691#30.46#33.2#36.34
-152.91,63.3719#30.52#33.13#36.35
-152.789,63.3746#30.58#33.06#36.36
-152.668,63.3772#30.63#32.98#36.39
-152.547,63.3797#30.69#32.91#36.4
-152.426,63.382#30.75#32.84#36.41
-152.304,63.3843#30.81#32.76#36.43
