-152.221,56.9009#27.54#41.84#30.62
-152.124,56.9029#27.57#41.76#30.67
-152.028,56.9048#27.59#41.68#30.73
-151.931,56.9066#27.62#41.58#30.8
-151.835,56.9083#27.65#41.46#30.89
-151.738,56.91#27.67#41.35#30.98
-151.642,56.9115#27.7#41.24#31.06
-151.545,56.913#27.73#41.12#31.15
-151.448,56.9144#27.75#41#31.25
-151.352,56.9157#27.78#40.86#31.36
-151.255,56.9169#27.81#40.73#31.46
-151.159,56.918#27.83#40.59#31.58
-151.062,56.919#27.86#40.45#31.69
-150.966,56.9199#27.89#40.31#31.8
-150.869,56.9208#27.91#40.16#31.93
-150.772,56.9215#27.94#40#32.06
-150.676,56.9222#27.97#39.85#32.18
-150.579,56.9228#27.99#39.69#32.32
-150.482,56.9233#28.02#39.54#32.44
-150.386,56.9237#28.05#39.43#32.52
-150.289,56.924#28.07#39.32#32.61
-150.193,56.9242#28.1#39.21#32.69
-150.096,56.9243#28.13#39.1#32.77
-149.999,56.9244#28.15#38.99#32.86
-149.903,56.9243#28.18#38.9#32.92
-149.806,56.9242#28.21#38.8#32.99
-149.71,56.924#28.23#38.7#33.07
-149.613,56.9237#28.26#38.6#33.14
-149.516,56.9233#28.29#38.5#33.21
-149.42,56.9228#28.32#38.41#33.27
-149.323,56.9222#28.35#38.32#33.33
-149.226,56.9215#28.38#38.22#33.4
-149.13,56.9208#28.42#38.13#33.45
-149.033,56.9199#28.45#38.04#33.51
-148.937,56.919#28.49#37.95#33.56
-148.84,56.918#28.55#37.87#33.58
-148.744,56.9169#28.6#37.79#33.61
-148.647,56.9157#28.65#37.7#33.65
-148.55,56.9144#28.7#37.62#33.68
-148.454,56.913#28.76#37.54#33.7
-148.357,56.9115#28.84#37.47#33.69
-148.261,56.91#28.92#37.4#33.68
-148.164,56.9083#29#37.32#33.68
-148.068,56.9066#29.08#37.25#33.67
-147.971,56.9048#29.17#37.18#33.65
-147.875,56.9029#29.28#37.11#33.61
-147.778,56.9009#29.39#37.04#33.57
-153.961,56.9024#27.1#42.49#30.41
-153.865,56.906#27.12#42.5#30.38
-153.769,56.9095#27.14#42.51#30.35
-153.672,56.9129#27.16#42.53#30.31
-153.576,56.9162#27.18#42.54#30.28
-153.479,56.9195#27.2#42.55#30.25
-153.383,56.9226#27.23#42.53#30.24
-153.287,56.9257#27.25#42.51#30.24
-153.19,56.9287#27.27#42.49#30.24
-153.094,56.9316#27.3#42.47#30.23
-152.997,56.9344#27.32#42.45#30.23
-152.9,56.9371#27.34#42.38#30.28
-152.804,56.9397#27.37#42.32#30.31
-152.707,56.9422#27.39#42.26#30.35
-152.611,56.9447#27.41#42.2#30.39
-152.514,56.947#27.44#42.14#30.42
-152.418,56.9493#27.46#42.06#30.48
-152.321,56.9515#27.49#41.98#30.53
-152.224,56.9536#27.51#41.9#30.59
-152.128,56.9556#27.54#41.83#30.63
-152.031,56.9575#27.56#41.75#30.69
-151.934,56.9593#27.59#41.65#30.76
-151.838,56.9611#27.62#41.55#30.83
-151.741,56.9627#27.64#41.44#30.92
-151.644,56.9643#27.67#41.34#30.99
-151.548,56.9657#27.69#41.23#31.08
-151.451,56.9671#27.72#41.12#31.16
-151.354,56.9684#27.75#40.98#31.27
-151.257,56.9696#27.77#40.85#31.38
-151.161,56.9707#27.8#40.72#31.48
-151.064,56.9717#27.83#40.58#31.59
-150.967,56.9727#27.85#40.44#31.71
-150.87,56.9735#27.88#40.27#31.85
-150.774,56.9743#27.91#40.1#31.99
-150.677,56.9749#27.93#39.93#32.14
-150.58,56.9755#27.96#39.76#32.28
-150.483,56.976#27.99#39.6#32.41
-150.387,56.9764#28.01#39.48#32.51
-150.29,56.9767#28.04#39.37#32.59
-150.193,56.9769#28.07#39.25#32.68
-150.096,56.9771#28.09#39.14#32.77
-149.999,56.9771#28.12#39.02#32.86
-149.903,56.9771#28.15#38.92#32.93
-149.806,56.9769#28.17#38.82#33.01
-149.709,56.9767#28.2#38.72#33.08
-149.612,56.9764#28.23#38.62#33.15
-149.515,56.976#28.25#38.52#33.23
-149.419,56.9755#28.29#38.43#33.28
-149.322,56.9749#28.32#38.33#33.35
-149.225,56.9743#28.35#38.23#33.42
-149.128,56.9735#28.38#38.14#33.48
-149.032,56.9727#28.41#38.04#33.55
-148.935,56.9717#28.46#37.95#33.59
-148.838,56.9707#28.51#37.87#33.62
-148.741,56.9696#28.55#37.79#33.66
-148.645,56.9684#28.6#37.7#33.7
-148.548,56.9671#28.65#37.62#33.73
-148.451,56.9657#28.71#37.54#33.75
-148.354,56.9642#28.79#37.46#33.75
-148.258,56.9627#28.87#37.39#33.74
-148.161,56.961#28.94#37.31#33.75
-148.064,56.9593#29.02#37.24#33.74
-147.968,56.9575#29.11#37.17#33.72
-147.871,56.9556#29.22#37.1#33.68
-147.774,56.9535#29.32#37.03#33.65
-147.678,56.9515#29.43#36.97#33.6
-147.581,56.9493#29.54#36.9#33.56
-147.485,56.947#29.65#36.84#33.51
-147.388,56.9446#29.77#36.78#33.45
-147.291,56.9422#29.89#36.72#33.39
-147.195,56.9397#30.01#36.66#33.33
-147.098,56.937#30.13#36.6#33.27
-147.002,56.9343#30.25#36.54#33.21
-146.905,56.9315#30.36#36.48#33.16
-146.809,56.9286#30.46#36.43#33.11
-146.712,56.9256#30.57#36.37#33.06
-146.616,56.9226#30.67#36.32#33.01
-146.519,56.9194#30.77#36.26#32.97
-146.423,56.9162#30.85#36.21#32.94
-146.327,56.9128#30.92#36.15#32.93
-146.23,56.9094#30.98#36.1#32.92
-146.134,56.9059#31.05#36.05#32.9
-146.038,56.9023#31.12#36#32.88
-155.22,56.9001#26.84#42.23#30.93
-155.124,56.9048#26.85#42.24#30.91
-155.028,56.9095#26.87#42.24#30.89
-154.932,56.914#26.88#42.25#30.87
-154.835,56.9185#26.9#42.27#30.83
-154.739,56.9229#26.92#42.29#30.79
-154.643,56.9272#26.94#42.31#30.75
-154.546,56.9315#26.96#42.33#30.71
-154.45,56.9356#26.97#42.35#30.68
-154.354,56.9397#26.99#42.37#30.64
-154.257,56.9436#27.01#42.4#30.59
-154.161,56.9475#27.03#42.42#30.55
-154.064,56.9513#27.05#42.45#30.5
-153.968,56.955#27.07#42.47#30.46
-153.871,56.9586#27.09#42.49#30.42
-153.775,56.9621#27.12#42.51#30.37
-153.678,56.9655#27.14#42.53#30.33
-153.582,56.9689#27.16#42.55#30.29
-153.485,56.9721#27.18#42.57#30.25
-153.389,56.9753#27.2#42.55#30.25
-153.292,56.9783#27.22#42.53#30.25
-153.195,56.9813#27.25#42.52#30.23
-153.099,56.9842#27.27#42.5#30.23
-153.002,56.987#27.29#42.48#30.23
-152.905,56.9897#27.31#42.43#30.26
-152.809,56.9924#27.34#42.37#30.29
-152.712,56.9949#27.36#42.31#30.33
-152.615,56.9974#27.39#42.25#30.36
-152.518,56.9997#27.41#42.2#30.39
-152.422,57.002#27.43#42.12#30.45
-152.325,57.0042#27.46#42.04#30.5
-152.228,57.0063#27.48#41.97#30.55
-152.131,57.0083#27.51#41.89#30.6
-152.034,57.0102#27.53#41.81#30.66
-151.938,57.012#27.56#41.72#30.72
-151.841,57.0138#27.58#41.63#30.79
-151.744,57.0154#27.61#41.53#30.86
-151.647,57.017#27.64#41.44#30.92
-151.55,57.0185#27.66#41.35#30.99
-151.453,57.0198#27.69#41.24#31.07
-151.356,57.0211#27.72#41.11#31.17
-151.26,57.0223#27.74#40.97#31.29
-151.163,57.0235#27.77#40.84#31.39
-151.066,57.0245#27.79#40.71#31.5
-150.969,57.0254#27.82#40.57#31.61
-150.872,57.0263#27.85#40.38#31.77
-150.775,57.027#27.87#40.2#31.93
-150.678,57.0277#27.9#40.01#32.09
-150.581,57.0283#27.93#39.83#32.24
-150.484,57.0288#27.95#39.65#32.4
-150.387,57.0292#27.98#39.53#32.49
-150.29,57.0295#28.01#39.41#32.58
-150.193,57.0297#28.03#39.29#32.68
-150.096,57.0298#28.06#39.17#32.77
-149.999,57.0299#28.09#39.05#32.86
-149.902,57.0298#28.11#38.95#32.94
-149.805,57.0297#28.14#38.84#33.02
-149.709,57.0295#28.17#38.74#33.09
-149.612,57.0292#28.19#38.64#33.17
-149.515,57.0288#28.22#38.54#33.24
-149.418,57.0283#28.25#38.44#33.31
-149.321,57.0277#28.28#38.34#33.38
-149.224,57.027#28.32#38.24#33.44
-149.127,57.0263#28.35#38.15#33.5
-149.03,57.0254#28.38#38.05#33.57
-148.933,57.0245#28.42#37.96#33.62
-148.836,57.0234#28.47#37.87#33.66
-148.739,57.0223#28.51#37.78#33.71
-148.642,57.0211#28.56#37.7#33.74
-148.545,57.0198#28.61#37.61#33.78
-148.449,57.0184#28.67#37.53#33.8
-148.352,57.017#28.74#37.46#33.8
-148.255,57.0154#28.82#37.38#33.8
-148.158,57.0138#28.89#37.3#33.81
-148.061,57.012#28.97#37.23#33.8
-147.964,57.0102#29.05#37.16#33.79
-147.867,57.0083#29.16#37.09#33.75
-147.771,57.0063#29.26#37.02#33.72
-147.674,57.0042#29.37#36.96#33.67
-147.577,57.002#29.47#36.89#33.64
-147.48,56.9997#29.58#36.82#33.6
-147.384,56.9973#29.71#36.76#33.53
-147.287,56.9949#29.83#36.71#33.46
-147.19,56.9923#29.95#36.65#33.4
-147.093,56.9897#30.07#36.59#33.34
-146.997,56.987#30.19#36.53#33.28
-146.9,56.9842#30.3#36.47#33.23
-146.803,56.9813#30.41#36.42#33.17
-146.707,56.9783#30.51#36.36#33.13
-146.61,56.9752#30.62#36.31#33.07
-146.514,56.9721#30.73#36.25#33.02
-146.417,56.9688#30.81#36.2#32.99
-146.32,56.9655#30.88#36.14#32.98
-146.224,56.962#30.95#36.09#32.96
-146.127,56.9585#31.02#36.04#32.94
-146.031,56.9549#31.09#35.99#32.92
-145.934,56.9512#31.14#35.94#32.92
-145.838,56.9474#31.17#35.89#32.94
-145.741,56.9436#31.2#35.84#32.96
-145.645,56.9396#31.24#35.79#32.97
-145.549,56.9356#31.27#35.74#32.99
-145.452,56.9314#31.29#35.69#33.02
-145.356,56.9272#31.3#35.64#33.06
-145.26,56.9229#31.32#35.59#33.09
-145.163,56.9185#31.33#35.55#33.12
-145.067,56.914#31.34#35.5#33.16
-144.971,56.9094#31.35#35.45#33.2
-144.875,56.9047#31.36#35.4#33.24
-144.779,56.9#31.37#35.36#33.27
-156.19,56.9001#26.67#42.4#30.93
-156.094,56.9057#26.69#42.33#30.98
-155.998,56.9113#26.7#42.27#31.03
-155.902,56.9168#26.71#42.25#31.04
-155.806,56.9221#26.73#42.22#31.05
-155.71,56.9274#26.74#42.19#31.07
-155.614,56.9326#26.76#42.17#31.07
-155.518,56.9377#26.77#42.14#31.09
-155.422,56.9428#26.78#42.14#31.08
-155.325,56.9477#26.8#42.14#31.06
-155.229,56.9526#26.82#42.15#31.03
-155.133,56.9573#26.83#42.15#31.02
-155.036,56.962#26.85#42.16#30.99
-154.94,56.9666#26.87#42.18#30.95
-154.844,56.9711#26.88#42.2#30.92
-154.747,56.9755#26.9#42.22#30.88
-154.651,56.9798#26.92#42.25#30.83
-154.554,56.984#26.93#42.27#30.8
-154.458,56.9882#26.95#42.3#30.75
-154.361,56.9922#26.97#42.33#30.7
-154.265,56.9962#26.99#42.36#30.65
-154.168,57.0001#27.01#42.39#30.6
-154.071,57.0039#27.03#42.43#30.54
-153.975,57.0076#27.05#42.46#30.49
-153.878,57.0112#27.07#42.48#30.45
-153.781,57.0147#27.09#42.51#30.4
-153.685,57.0182#27.11#42.54#30.35
-153.588,57.0215#27.13#42.56#30.31
-153.491,57.0248#27.15#42.59#30.26
-153.394,57.0279#27.17#42.57#30.26
-153.298,57.031#27.2#42.56#30.24
-153.201,57.034#27.22#42.54#30.24
-153.104,57.0369#27.24#42.53#30.23
-153.007,57.0397#27.26#42.52#30.22
-152.91,57.0424#27.29#42.47#30.24
-152.813,57.0451#27.31#42.41#30.28
-152.717,57.0476#27.33#42.36#30.31
-152.62,57.0501#27.36#42.31#30.33
-152.523,57.0524#27.38#42.25#30.37
-152.426,57.0547#27.4#42.18#30.42
-152.329,57.0569#27.43#42.11#30.46
-152.232,57.059#27.45#42.03#30.52
-152.135,57.061#27.48#41.95#30.57
-152.038,57.0629#27.5#41.88#30.62
-151.941,57.0648#27.53#41.8#30.67
-151.844,57.0665#27.55#41.71#30.74
-151.747,57.0682#27.58#41.63#30.79
-151.65,57.0697#27.61#41.54#30.85
-151.553,57.0712#27.63#41.46#30.91
-151.456,57.0726#27.66#41.35#30.99
-151.359,57.0739#27.68#41.23#31.09
-151.262,57.0751#27.71#41.1#31.19
-151.165,57.0762#27.74#40.97#31.29
-151.068,57.0772#27.76#40.84#31.4
-150.97,57.0782#27.79#40.69#31.52
-150.873,57.079#27.82#40.49#31.69
-150.776,57.0798#27.84#40.3#31.86
-150.679,57.0804#27.87#40.1#32.03
-150.582,57.081#27.9#39.89#32.21
-150.485,57.0815#27.92#39.71#32.37
-150.388,57.0819#27.95#39.58#32.47
-150.291,57.0822#27.97#39.45#32.58
-150.194,57.0825#28#39.33#32.67
-150.097,57.0826#28.03#39.2#32.77
-149.999,57.0826#28.05#39.07#32.88
-149.902,57.0826#28.08#38.97#32.95
-149.805,57.0825#28.11#38.87#33.02
-149.708,57.0822#28.13#38.77#33.1
-149.611,57.0819#28.16#38.66#33.18
-149.514,57.0815#28.19#38.56#33.25
-149.417,57.081#28.22#38.46#33.32
-149.32,57.0804#28.25#38.36#33.39
-149.223,57.0798#28.28#38.25#33.47
-149.125,57.079#28.31#38.15#33.54
-149.028,57.0782#28.34#38.05#33.61
-148.931,57.0772#28.38#37.96#33.66
-148.834,57.0762#28.43#37.87#33.7
-148.737,57.0751#28.47#37.78#33.75
-148.64,57.0739#28.52#37.7#33.78
-148.543,57.0726#28.56#37.61#33.83
-148.446,57.0712#28.62#37.53#33.85
-148.349,57.0697#28.69#37.45#33.86
-148.252,57.0681#28.77#37.37#33.86
-148.155,57.0665#28.84#37.3#33.86
-148.058,57.0647#28.91#37.22#33.87
-147.961,57.0629#29#37.15#33.85
-147.864,57.061#29.1#37.08#33.82
-147.767,57.059#29.2#37.01#33.79
-147.67,57.0569#29.3#36.95#33.75
-147.573,57.0547#29.41#36.88#33.71
-147.476,57.0524#29.52#36.81#33.67
-147.379,57.05#29.64#36.75#33.61
-147.282,57.0476#29.76#36.69#33.55
-147.185,57.045#29.89#36.64#33.47
-147.088,57.0424#30.01#36.58#33.41
-146.992,57.0397#30.13#36.52#33.35
-146.895,57.0369#30.24#36.46#33.3
-146.798,57.034#30.35#36.41#33.24
-146.701,57.031#30.46#36.35#33.19
-146.604,57.0279#30.57#36.29#33.14
-146.508,57.0247#30.68#36.24#33.08
-146.411,57.0215#30.76#36.19#33.05
-146.314,57.0181#30.84#36.13#33.03
-146.217,57.0147#30.92#36.08#33
-146.121,57.0111#31#36.03#32.97
-146.024,57.0075#31.07#35.98#32.95
-145.927,57.0038#31.12#35.93#32.95
-145.831,57#31.15#35.88#32.97
-145.734,56.9962#31.19#35.83#32.98
-145.638,56.9922#31.23#35.78#32.99
-145.541,56.9881#31.26#35.73#33.01
-145.445,56.984#31.28#35.68#33.04
-145.348,56.9798#31.3#35.64#33.06
-145.252,56.9754#31.31#35.59#33.1
-145.155,56.971#31.32#35.54#33.14
-145.059,56.9665#31.34#35.49#33.17
-144.962,56.9619#31.35#35.45#33.2
-144.866,56.9573#31.36#35.4#33.24
-144.77,56.9525#31.37#35.35#33.28
-144.674,56.9477#31.37#35.31#33.32
-144.577,56.9427#31.38#35.26#33.36
-144.481,56.9377#31.39#35.21#33.4
-144.385,56.9326#31.41#35.17#33.42
-144.289,56.9274#31.42#35.12#33.46
-144.193,56.9221#31.43#35.07#33.5
-144.096,56.9167#31.44#35.03#33.53
-144,56.9112#31.46#34.98#33.56
-143.904,56.9057#31.47#34.93#33.6
-143.808,56.9#31.49#34.87#33.64
-156.969,56.9041#26.57#42.92#30.51
-156.873,56.9105#26.58#42.84#30.58
-156.777,56.9168#26.59#42.76#30.65
-156.681,56.9229#26.6#42.68#30.72
-156.585,56.929#26.61#42.59#30.8
-156.489,56.935#26.62#42.51#30.87
-156.393,56.941#26.64#42.45#30.91
-156.297,56.9468#26.65#42.38#30.97
-156.201,56.9525#26.66#42.32#31.02
-156.105,56.9582#26.67#42.25#31.08
-156.009,56.9637#26.68#42.19#31.13
-155.912,56.9692#26.7#42.16#31.14
-155.816,56.9746#26.71#42.13#31.16
-155.72,56.9799#26.72#42.1#31.18
-155.623,56.9851#26.74#42.07#31.19
-155.527,56.9902#26.75#42.04#31.21
-155.431,56.9953#26.77#42.04#31.19
-155.334,57.0002#26.78#42.05#31.17
-155.238,57.0051#26.8#42.06#31.14
-155.141,57.0099#26.81#42.07#31.12
-155.045,57.0145#26.83#42.08#31.09
-154.948,57.0191#26.85#42.1#31.05
-154.852,57.0236#26.86#42.13#31.01
-154.755,57.0281#26.88#42.16#30.96
-154.658,57.0324#26.9#42.19#30.91
-154.562,57.0366#26.91#42.22#30.87
-154.465,57.0408#26.93#42.25#30.82
-154.368,57.0448#26.95#42.29#30.76
-154.272,57.0488#26.97#42.33#30.7
-154.175,57.0527#26.99#42.36#30.65
-154.078,57.0565#27.01#42.4#30.59
-153.981,57.0602#27.03#42.44#30.53
-153.885,57.0638#27.05#42.47#30.48
-153.788,57.0674#27.07#42.51#30.42
-153.691,57.0708#27.09#42.54#30.37
-153.594,57.0742#27.11#42.57#30.32
-153.497,57.0774#27.13#42.61#30.26
-153.4,57.0806#27.15#42.59#30.26
-153.303,57.0837#27.17#42.58#30.25
-153.206,57.0867#27.19#42.57#30.24
-153.109,57.0896#27.21#42.56#30.23
-153.012,57.0924#27.24#42.55#30.21
-152.915,57.0951#27.26#42.51#30.23
-152.818,57.0978#27.28#42.46#30.26
-152.721,57.1003#27.31#42.41#30.28
-152.624,57.1028#27.33#42.36#30.31
-152.527,57.1052#27.35#42.31#30.34
-152.43,57.1074#27.38#42.24#30.38
-152.333,57.1096#27.4#42.17#30.43
-152.236,57.1117#27.42#42.09#30.49
-152.139,57.1137#27.45#42.02#30.53
-152.041,57.1157#27.47#41.94#30.59
-151.944,57.1175#27.5#41.87#30.63
-151.847,57.1193#27.52#41.79#30.69
-151.75,57.1209#27.55#41.72#30.73
-151.653,57.1225#27.57#41.64#30.79
-151.555,57.124#27.6#41.57#30.83
-151.458,57.1253#27.62#41.47#30.91
-151.361,57.1266#27.65#41.35#31
-151.264,57.1279#27.68#41.22#31.1
-151.167,57.129#27.7#41.1#31.2
-151.069,57.13#27.73#40.97#31.3
-150.972,57.1309#27.76#40.82#31.42
-150.875,57.1318#27.78#40.61#31.61
-150.778,57.1326#27.81#40.39#31.8
-150.68,57.1332#27.84#40.18#31.98
-150.583,57.1338#27.86#39.96#32.18
-150.486,57.1343#27.89#39.76#32.35
-150.389,57.1347#27.92#39.63#32.45
-150.291,57.135#27.94#39.5#32.56
-150.194,57.1352#27.97#39.37#32.66
-150.097,57.1354#27.99#39.23#32.78
-149.999,57.1354#28.02#39.1#32.88
-149.902,57.1354#28.05#39#32.95
-149.805,57.1352#28.07#38.89#33.04
-149.708,57.135#28.1#38.79#33.11
-149.61,57.1347#28.13#38.68#33.19
-149.513,57.1343#28.16#38.58#33.26
-149.416,57.1338#28.19#38.47#33.34
-149.318,57.1332#28.22#38.37#33.41
-149.221,57.1325#28.25#38.26#33.49
-149.124,57.1318#28.28#38.16#33.56
-149.027,57.1309#28.31#38.05#33.64
-148.929,57.13#28.35#37.96#33.69
-148.832,57.129#28.39#37.87#33.74
-148.735,57.1278#28.43#37.78#33.79
-148.638,57.1266#28.47#37.69#33.84
-148.541,57.1253#28.52#37.6#33.88
-148.443,57.1239#28.58#37.52#33.9
-148.346,57.1225#28.65#37.44#33.91
-148.249,57.1209#28.71#37.37#33.92
-148.152,57.1192#28.78#37.29#33.93
-148.055,57.1175#28.85#37.21#33.94
-147.957,57.1156#28.94#37.14#33.92
-147.86,57.1137#29.04#37.07#33.89
-147.763,57.1117#29.14#37#33.86
-147.666,57.1096#29.24#36.93#33.83
-147.569,57.1074#29.34#36.87#33.79
-147.472,57.1051#29.45#36.8#33.75
-147.375,57.1028#29.57#36.74#33.69
-147.278,57.1003#29.7#36.68#33.62
-147.181,57.0977#29.82#36.62#33.56
-147.084,57.0951#29.95#36.56#33.49
-146.987,57.0924#30.07#36.51#33.42
-146.89,57.0895#30.19#36.45#33.36
-146.793,57.0866#30.3#36.39#33.31
-146.696,57.0836#30.41#36.34#33.25
-146.599,57.0806#30.53#36.28#33.19
-146.502,57.0774#30.64#36.23#33.13
-146.405,57.0741#30.72#36.18#33.1
-146.308,57.0708#30.81#36.12#33.07
-146.211,57.0673#30.89#36.07#33.04
-146.114,57.0638#30.97#36.02#33.01
-146.017,57.0602#31.05#35.97#32.98
-145.921,57.0565#31.1#35.92#32.98
-145.824,57.0527#31.14#35.87#32.99
-145.727,57.0488#31.18#35.82#33
-145.63,57.0448#31.21#35.77#33.02
-145.534,57.0407#31.25#35.73#33.02
-145.437,57.0366#31.27#35.68#33.05
-145.34,57.0323#31.29#35.63#33.08
-145.244,57.028#31.3#35.58#33.12
-145.147,57.0236#31.32#35.54#33.14
-145.051,57.0191#31.33#35.49#33.18
-144.954,57.0145#31.34#35.44#33.22
-144.857,57.0098#31.36#35.4#33.24
-144.761,57.005#31.37#35.35#33.28
-144.665,57.0002#31.38#35.31#33.31
-144.568,56.9952#31.39#35.26#33.35
-144.472,56.9902#31.4#35.21#33.39
-144.375,56.9851#31.41#35.17#33.42
-144.279,56.9798#31.43#35.12#33.45
-144.183,56.9745#31.44#35.07#33.49
-144.086,56.9691#31.45#35.03#33.52
-143.99,56.9637#31.47#34.98#33.55
-143.894,56.9581#31.49#34.93#33.58
-143.798,56.9525#31.5#34.87#33.63
-143.702,56.9467#31.52#34.82#33.66
-143.606,56.9409#31.54#34.77#33.69
-143.51,56.935#31.56#34.72#33.72
-143.414,56.929#31.57#34.66#33.77
-143.318,56.9229#31.58#34.6#33.82
-143.222,56.9167#31.6#34.54#33.86
-143.126,56.9104#31.61#34.48#33.91
-143.03,56.9041#31.62#34.43#33.95
-157.747,56.9024#26.49#43.76#29.75
-157.652,56.9095#26.5#43.64#29.86
-157.556,56.9165#26.51#43.52#29.97
-157.46,56.9233#26.52#43.4#30.08
-157.364,56.9301#26.52#43.29#30.19
-157.268,56.9369#26.53#43.19#30.28
-157.173,56.9435#26.54#43.08#30.38
-157.077,56.95#26.55#42.97#30.48
-156.981,56.9565#26.56#42.87#30.57
-156.885,56.9629#26.57#42.78#30.65
-156.789,56.9691#26.58#42.7#30.72
-156.692,56.9753#26.59#42.61#30.8
-156.596,56.9814#26.6#42.53#30.87
-156.5,56.9874#26.61#42.44#30.95
-156.404,56.9934#26.62#42.37#31.01
-156.308,56.9992#26.63#42.3#31.07
-156.211,57.005#26.65#42.24#31.11
-156.115,57.0106#26.66#42.17#31.17
-156.019,57.0162#26.67#42.1#31.23
-155.922,57.0217#26.68#42.07#31.25
-155.826,57.0271#26.7#42.04#31.26
-155.729,57.0324#26.71#42.01#31.28
-155.633,57.0376#26.72#41.98#31.3
-155.536,57.0428#26.74#41.95#31.31
-155.44,57.0478#26.75#41.94#31.31
-155.343,57.0528#26.76#41.96#31.28
-155.247,57.0576#26.78#41.97#31.25
-155.15,57.0624#26.79#41.99#31.22
-155.053,57.0671#26.81#42#31.19
-154.957,57.0717#26.83#42.02#31.15
-154.86,57.0762#26.84#42.06#31.1
-154.763,57.0806#26.86#42.09#31.05
-154.666,57.085#26.88#42.13#30.99
-154.57,57.0892#26.89#42.16#30.95
-154.473,57.0934#26.91#42.2#30.89
-154.376,57.0975#26.93#42.24#30.83
-154.279,57.1014#26.95#42.29#30.76
-154.182,57.1053#26.96#42.33#30.71
-154.085,57.1091#26.98#42.38#30.64
-153.988,57.1129#27#42.43#30.57
-153.891,57.1165#27.02#42.46#30.52
-153.794,57.12#27.04#42.5#30.46
-153.697,57.1235#27.06#42.54#30.4
-153.6,57.1268#27.08#42.58#30.34
-153.503,57.1301#27.1#42.62#30.28
-153.406,57.1333#27.12#42.61#30.27
-153.309,57.1364#27.14#42.61#30.25
-153.212,57.1394#27.17#42.6#30.23
-153.115,57.1423#27.19#42.59#30.22
-153.017,57.1451#27.21#42.58#30.21
-152.92,57.1478#27.23#42.55#30.22
-152.823,57.1505#27.25#42.5#30.25
-152.726,57.153#27.28#42.46#30.26
-152.629,57.1555#27.3#42.41#30.29
-152.531,57.1579#27.32#42.37#30.31
-152.434,57.1602#27.35#42.3#30.35
-152.337,57.1624#27.37#42.23#30.4
-152.239,57.1645#27.39#42.16#30.45
-152.142,57.1665#27.42#42.08#30.5
-152.045,57.1684#27.44#42.01#30.55
-151.948,57.1703#27.47#41.94#30.59
-151.85,57.172#27.49#41.87#30.64
-151.753,57.1737#27.52#41.81#30.67
-151.655,57.1752#27.54#41.74#30.72
-151.558,57.1767#27.57#41.68#30.75
-151.461,57.1781#27.59#41.59#30.82
-151.363,57.1794#27.62#41.47#30.91
-151.266,57.1806#27.65#41.35#31
-151.169,57.1818#27.67#41.22#31.11
-151.071,57.1828#27.7#41.1#31.2
-150.974,57.1837#27.72#40.95#31.33
-150.876,57.1846#27.75#40.72#31.53
-150.779,57.1853#27.78#40.49#31.73
-150.681,57.186#27.8#40.26#31.94
-150.584,57.1866#27.83#40.03#32.14
-150.487,57.1871#27.86#39.82#32.32
-150.389,57.1875#27.88#39.68#32.44
-150.292,57.1878#27.91#39.54#32.55
-150.194,57.188#27.94#39.41#32.65
-150.097,57.1882#27.96#39.27#32.77
-149.999,57.1882#27.99#39.13#32.88
-149.902,57.1882#28.02#39.02#32.96
-149.805,57.188#28.04#38.92#33.04
-149.707,57.1878#28.07#38.81#33.12
-149.61,57.1875#28.1#38.7#33.2
-149.512,57.1871#28.12#38.59#33.29
-149.415,57.1866#28.15#38.49#33.36
-149.317,57.186#28.18#38.38#33.44
-149.22,57.1853#28.21#38.27#33.52
-149.122,57.1846#28.24#38.16#33.6
-149.025,57.1837#28.27#38.06#33.67
-148.928,57.1828#28.31#37.96#33.73
-148.83,57.1817#28.35#37.87#33.78
-148.733,57.1806#28.39#37.78#33.83
-148.635,57.1794#28.43#37.69#33.88
-148.538,57.1781#28.47#37.6#33.93
-148.441,57.1767#28.53#37.52#33.95
-148.343,57.1752#28.6#37.44#33.96
-148.246,57.1737#28.66#37.36#33.98
-148.149,57.172#28.73#37.28#33.99
-148.051,57.1702#28.8#37.2#34
-147.954,57.1684#28.88#37.13#33.99
-147.857,57.1665#28.98#37.06#33.96
-147.759,57.1645#29.08#36.99#33.93
-147.662,57.1623#29.17#36.92#33.91
-147.565,57.1601#29.27#36.86#33.87
-147.467,57.1579#29.38#36.79#33.83
-147.37,57.1555#29.51#36.73#33.76
-147.273,57.153#29.63#36.67#33.7
-147.176,57.1505#29.76#36.61#33.63
-147.079,57.1478#29.89#36.55#33.56
-146.981,57.1451#30.01#36.49#33.5
-146.884,57.1423#30.13#36.44#33.43
-146.787,57.1393#30.25#36.38#33.37
-146.69,57.1363#30.36#36.33#33.31
-146.593,57.1332#30.48#36.27#33.25
-146.496,57.1301#30.59#36.22#33.19
-146.399,57.1268#30.68#36.17#33.15
-146.302,57.1234#30.77#36.11#33.12
-146.205,57.12#30.86#36.06#33.08
-146.108,57.1164#30.94#36.01#33.05
-146.011,57.1128#31.03#35.96#33.01
-145.914,57.1091#31.08#35.91#33.01
-145.817,57.1053#31.12#35.86#33.02
-145.72,57.1014#31.16#35.82#33.02
-145.623,57.0974#31.2#35.77#33.03
-145.526,57.0933#31.24#35.72#33.04
-145.429,57.0892#31.27#35.67#33.06
-145.332,57.0849#31.28#35.63#33.09
-145.236,57.0806#31.3#35.58#33.12
-145.139,57.0762#31.31#35.53#33.16
-145.042,57.0716#31.33#35.49#33.18
-144.945,57.067#31.34#35.44#33.22
-144.849,57.0623#31.35#35.39#33.26
-144.752,57.0576#31.37#35.35#33.28
-144.656,57.0527#31.38#35.3#33.32
-144.559,57.0477#31.39#35.26#33.35
-144.462,57.0427#31.4#35.21#33.39
-144.366,57.0376#31.42#35.16#33.42
-144.269,57.0323#31.43#35.12#33.45
-144.173,57.027#31.45#35.07#33.48
-144.076,57.0216#31.46#35.02#33.52
-143.98,57.0161#31.48#34.98#33.54
-143.884,57.0106#31.5#34.92#33.58
-143.787,57.0049#31.52#34.87#33.61
-143.691,56.9991#31.53#34.82#33.65
-143.595,56.9933#31.55#34.77#33.68
-143.499,56.9874#31.57#34.72#33.71
-143.402,56.9813#31.58#34.66#33.76
-143.306,56.9752#31.59#34.6#33.81
-143.21,56.9691#31.6#34.54#33.86
-143.114,56.9628#31.62#34.48#33.9
-143.018,56.9564#31.63#34.43#33.94
-142.922,56.9499#31.63#34.36#34.01
-142.826,56.9434#31.64#34.3#34.06
-142.73,56.9368#31.64#34.24#34.12
-142.634,56.9301#31.65#34.18#34.17
-142.539,56.9233#31.65#34.12#34.23
-142.443,56.9164#31.66#34.06#34.28
-142.347,56.9094#31.66#33.99#34.35
-142.251,56.9023#31.66#33.93#34.41
-158.43,56.9027#26.44#44.62#28.94
-158.335,56.9104#26.44#44.49#29.07
-158.239,56.918#26.45#44.36#29.19
-158.143,56.9255#26.46#44.23#29.31
-158.048,56.9329#26.46#44.1#29.44
-157.952,56.9402#26.47#43.98#29.55
-157.856,56.9475#26.48#43.86#29.66
-157.76,56.9547#26.48#43.73#29.79
-157.665,56.9617#26.49#43.61#29.9
-157.569,56.9687#26.5#43.49#30.01
-157.473,56.9756#26.51#43.37#30.12
-157.377,56.9824#26.51#43.26#30.23
-157.281,56.9892#26.52#43.15#30.33
-157.185,56.9958#26.53#43.04#30.43
-157.089,57.0024#26.54#42.92#30.54
-156.992,57.0088#26.55#42.81#30.64
-156.896,57.0152#26.56#42.73#30.71
-156.8,57.0215#26.57#42.64#30.79
-156.704,57.0277#26.58#42.55#30.87
-156.607,57.0338#26.59#42.46#30.95
-156.511,57.0399#26.6#42.37#31.03
-156.415,57.0458#26.61#42.29#31.1
-156.318,57.0516#26.62#42.23#31.15
-156.222,57.0574#26.63#42.16#31.21
-156.125,57.0631#26.64#42.09#31.27
-156.029,57.0687#26.65#42.02#31.33
-155.932,57.0742#26.67#41.98#31.35
-155.836,57.0796#26.68#41.94#31.38
-155.739,57.0849#26.69#41.91#31.4
-155.642,57.0901#26.71#41.88#31.41
-155.546,57.0953#26.72#41.85#31.43
-155.449,57.1003#26.73#41.85#31.42
-155.352,57.1053#26.75#41.86#31.39
-155.256,57.1102#26.76#41.88#31.36
-155.159,57.115#26.78#41.9#31.32
-155.062,57.1197#26.79#41.92#31.29
-154.965,57.1243#26.81#41.95#31.24
-154.868,57.1288#26.82#41.99#31.19
-154.771,57.1332#26.84#42.02#31.14
-154.674,57.1376#26.85#42.07#31.08
-154.577,57.1418#26.87#42.11#31.02
-154.48,57.146#26.89#42.15#30.96
-154.383,57.1501#26.91#42.2#30.89
-154.286,57.1541#26.92#42.25#30.83
-154.189,57.158#26.94#42.3#30.76
-154.092,57.1618#26.96#42.36#30.68
-153.995,57.1655#26.98#42.41#30.61
-153.898,57.1692#27#42.45#30.55
-153.801,57.1727#27.02#42.5#30.48
-153.703,57.1762#27.04#42.54#30.42
-153.606,57.1795#27.06#42.59#30.35
-153.509,57.1828#27.08#42.63#30.29
-153.412,57.186#27.1#42.63#30.27
-153.314,57.1891#27.12#42.62#30.26
-153.217,57.1921#27.14#42.61#30.25
-153.12,57.195#27.16#42.61#30.23
-153.023,57.1978#27.18#42.6#30.22
-152.925,57.2006#27.2#42.56#30.24
-152.828,57.2032#27.23#42.52#30.25
-152.73,57.2058#27.25#42.48#30.27
-152.633,57.2083#27.27#42.44#30.29
-152.536,57.2106#27.3#42.4#30.3
-152.438,57.2129#27.32#42.34#30.34
-152.341,57.2151#27.34#42.26#30.4
-152.243,57.2172#27.37#42.19#30.44
-152.146,57.2193#27.39#42.12#30.49
-152.048,57.2212#27.42#42.05#30.53
-151.951,57.223#27.44#41.98#30.58
-151.853,57.2248#27.46#41.92#30.62
-151.756,57.2265#27.49#41.85#30.66
-151.658,57.228#27.51#41.78#30.71
-151.561,57.2295#27.54#41.72#30.74
-151.463,57.2309#27.57#41.63#30.8
-151.366,57.2322#27.59#41.52#30.89
-151.268,57.2334#27.62#41.41#30.97
-151.171,57.2345#27.64#41.29#31.07
-151.073,57.2356#27.67#41.18#31.15
-150.975,57.2365#27.7#41.04#31.26
-150.878,57.2374#27.72#40.81#31.47
-150.78,57.2381#27.75#40.58#31.67
-150.683,57.2388#27.77#40.35#31.88
-150.585,57.2394#27.8#40.13#32.07
-150.487,57.2399#27.83#39.91#32.26
-150.39,57.2403#27.85#39.76#32.39
-150.292,57.2406#27.88#39.62#32.5
-150.195,57.2408#27.91#39.47#32.62
-150.097,57.241#27.93#39.32#32.75
-149.999,57.241#27.96#39.18#32.86
-149.902,57.241#27.99#39.06#32.95
-149.804,57.2408#28.01#38.94#33.05
-149.707,57.2406#28.04#38.82#33.14
-149.609,57.2403#28.07#38.71#33.22
-149.511,57.2399#28.09#38.59#33.32
-149.414,57.2394#28.12#38.48#33.4
-149.316,57.2388#28.15#38.37#33.48
-149.219,57.2381#28.18#38.26#33.56
-149.121,57.2374#28.21#38.15#33.64
-149.023,57.2365#28.24#38.04#33.72
-148.926,57.2356#28.28#37.95#33.77
-148.828,57.2345#28.32#37.86#33.82
-148.731,57.2334#28.36#37.76#33.88
-148.633,57.2322#28.4#37.67#33.93
-148.536,57.2309#28.44#37.58#33.98
-148.438,57.2295#28.49#37.5#34.01
-148.34,57.228#28.56#37.42#34.02
-148.243,57.2264#28.62#37.34#34.04
-148.145,57.2248#28.69#37.26#34.05
-148.048,57.223#28.75#37.18#34.07
-147.95,57.2212#28.83#37.11#34.06
-147.853,57.2192#28.93#37.04#34.03
-147.756,57.2172#29.02#36.97#34.01
-147.658,57.2151#29.12#36.9#33.98
-147.561,57.2129#29.21#36.84#33.95
-147.463,57.2106#29.32#36.77#33.91
-147.366,57.2082#29.44#36.71#33.85
-147.268,57.2058#29.57#36.65#33.78
-147.171,57.2032#29.7#36.59#33.71
-147.074,57.2005#29.82#36.54#33.64
-146.976,57.1978#29.95#36.48#33.57
-146.879,57.195#30.07#36.42#33.51
-146.782,57.1921#30.19#36.37#33.44
-146.684,57.189#30.31#36.31#33.38
-146.587,57.1859#30.43#36.26#33.31
-146.49,57.1828#30.55#36.21#33.24
-146.393,57.1795#30.64#36.16#33.2
-146.295,57.1761#30.73#36.1#33.17
-146.198,57.1727#30.83#36.05#33.12
-146.101,57.1691#30.92#36#33.08
-146.004,57.1655#31.01#35.95#33.04
-145.907,57.1618#31.06#35.9#33.04
-145.81,57.1579#31.1#35.86#33.04
-145.713,57.154#31.15#35.81#33.04
-145.616,57.15#31.19#35.76#33.05
-145.518,57.146#31.24#35.71#33.05
-145.421,57.1418#31.26#35.67#33.07
-145.324,57.1375#31.28#35.62#33.1
-145.228,57.1332#31.29#35.57#33.14
-145.131,57.1288#31.31#35.53#33.16
-145.034,57.1242#31.33#35.48#33.19
-144.937,57.1196#31.34#35.44#33.22
-144.84,57.1149#31.35#35.39#33.26
-144.743,57.1101#31.37#35.35#33.28
-144.646,57.1052#31.38#35.3#33.32
-144.55,57.1003#31.39#35.25#33.36
-144.453,57.0952#31.41#35.21#33.38
-144.356,57.0901#31.42#35.16#33.42
-144.26,57.0848#31.44#35.12#33.44
-144.163,57.0795#31.46#35.07#33.47
-144.066,57.0741#31.47#35.02#33.51
-143.97,57.0686#31.49#34.97#33.54
-143.873,57.063#31.51#34.92#33.57
-143.777,57.0573#31.53#34.87#33.6
-143.68,57.0516#31.55#34.82#33.63
-143.584,57.0457#31.57#34.77#33.66
-143.488,57.0398#31.58#34.71#33.71
-143.391,57.0337#31.59#34.66#33.75
-143.295,57.0276#31.6#34.6#33.8
-143.199,57.0214#31.61#34.54#33.85
-143.103,57.0151#31.62#34.48#33.9
-143.006,57.0088#31.63#34.43#33.94
-142.91,57.0023#31.64#34.37#33.99
-142.814,56.9957#31.64#34.3#34.06
-142.718,56.9891#31.65#34.24#34.11
-142.622,56.9824#31.65#34.18#34.17
-142.526,56.9755#31.66#34.12#34.22
-142.43,56.9686#31.66#34.06#34.28
-142.334,56.9617#31.66#33.99#34.35
-142.238,56.9546#31.66#33.93#34.41
-142.143,56.9474#31.66#33.86#34.48
-142.047,56.9402#31.67#33.8#34.53
-141.951,56.9328#31.67#33.74#34.59
-141.855,56.9254#31.67#33.68#34.65
-141.76,56.9179#31.67#33.61#34.72
-141.664,56.9103#31.67#33.55#34.78
-141.569,56.9026#31.67#33.49#34.84
-159.017,56.9068#26.4#45.38#28.22
-158.922,56.915#26.4#45.26#28.34
-158.827,56.9232#26.41#45.13#28.46
-158.731,56.9312#26.42#45#28.58
-158.636,56.9392#26.42#44.87#28.71
-158.54,56.9471#26.43#44.75#28.82
-158.444,56.9548#26.43#44.62#28.95
-158.349,56.9625#26.44#44.49#29.07
-158.253,56.9702#26.44#44.36#29.2
-158.157,56.9777#26.45#44.22#29.33
-158.061,56.9851#26.45#44.09#29.46
-157.965,56.9925#26.46#43.96#29.58
-157.869,56.9997#26.47#43.84#29.69
-157.773,57.0069#26.47#43.71#29.82
-157.677,57.014#26.48#43.58#29.94
-157.581,57.021#26.49#43.46#30.05
-157.485,57.0279#26.5#43.33#30.17
-157.389,57.0348#26.5#43.22#30.28
-157.293,57.0415#26.51#43.11#30.38
-157.197,57.0482#26.52#42.99#30.49
-157.101,57.0547#26.53#42.88#30.59
-157.004,57.0612#26.54#42.76#30.7
-156.908,57.0676#26.55#42.67#30.78
-156.812,57.0739#26.56#42.58#30.86
-156.715,57.0801#26.57#42.48#30.95
-156.619,57.0862#26.58#42.39#31.03
-156.522,57.0923#26.58#42.3#31.12
-156.426,57.0982#26.6#42.22#31.18
-156.329,57.1041#26.61#42.15#31.24
-156.232,57.1099#26.62#42.08#31.3
-156.136,57.1156#26.63#42.01#31.36
-156.039,57.1212#26.64#41.93#31.43
-155.942,57.1267#26.65#41.89#31.46
-155.846,57.1321#26.66#41.85#31.49
-155.749,57.1374#26.68#41.82#31.5
-155.652,57.1427#26.69#41.79#31.52
-155.555,57.1478#26.7#41.76#31.54
-155.458,57.1529#26.71#41.75#31.54
-155.361,57.1579#26.73#41.77#31.5
-155.264,57.1627#26.74#41.79#31.47
-155.168,57.1675#26.76#41.81#31.43
-155.071,57.1723#26.77#41.84#31.39
-154.973,57.1769#26.79#41.87#31.34
-154.876,57.1814#26.8#41.91#31.29
-154.779,57.1859#26.82#41.95#31.23
-154.682,57.1902#26.83#42#31.17
-154.585,57.1945#26.85#42.04#31.11
-154.488,57.1987#26.87#42.09#31.04
-154.391,57.2027#26.89#42.14#30.97
-154.294,57.2067#26.9#42.2#30.9
-154.196,57.2106#26.92#42.25#30.83
-154.099,57.2145#26.94#42.31#30.75
-154.002,57.2182#26.96#42.37#30.67
-153.904,57.2218#26.98#42.41#30.61
-153.807,57.2254#27#42.46#30.54
-153.71,57.2288#27.02#42.5#30.48
-153.612,57.2322#27.04#42.54#30.42
-153.515,57.2355#27.05#42.58#30.37
-153.418,57.2387#27.08#42.58#30.34
-153.32,57.2418#27.1#42.58#30.32
-153.223,57.2448#27.12#42.57#30.31
-153.125,57.2477#27.14#42.57#30.29
-153.028,57.2506#27.16#42.57#30.27
-152.93,57.2533#27.18#42.54#30.28
-152.833,57.256#27.2#42.51#30.29
-152.735,57.2585#27.23#42.47#30.3
-152.638,57.261#27.25#42.44#30.31
-152.54,57.2634#27.27#42.4#30.33
-152.442,57.2657#27.29#42.35#30.36
-152.345,57.2679#27.32#42.28#30.4
-152.247,57.27#27.34#42.21#30.45
-152.149,57.272#27.37#42.15#30.48
-152.052,57.274#27.39#42.08#30.53
-151.954,57.2758#27.41#42.01#30.58
-151.857,57.2776#27.44#41.95#30.61
-151.759,57.2793#27.46#41.88#30.66
-151.661,57.2808#27.49#41.82#30.69
-151.563,57.2823#27.51#41.75#30.74
-151.466,57.2837#27.54#41.67#30.79
-151.368,57.285#27.56#41.57#30.87
-151.27,57.2862#27.59#41.46#30.95
-151.173,57.2874#27.61#41.36#31.03
-151.075,57.2884#27.64#41.26#31.1
-150.977,57.2893#27.67#41.12#31.21
-150.879,57.2902#27.69#40.9#31.41
-150.782,57.291#27.72#40.67#31.61
-150.684,57.2916#27.74#40.44#31.82
-150.586,57.2922#27.77#40.22#32.01
-150.488,57.2927#27.8#40#32.2
-150.39,57.2931#27.82#39.84#32.34
-150.293,57.2934#27.85#39.69#32.46
-150.195,57.2937#27.88#39.53#32.59
-150.097,57.2938#27.9#39.38#32.72
-149.999,57.2938#27.93#39.22#32.85
-149.902,57.2938#27.96#39.09#32.95
-149.804,57.2937#27.98#38.97#33.05
-149.706,57.2934#28.01#38.84#33.15
-149.608,57.2931#28.03#38.72#33.25
-149.511,57.2927#28.06#38.59#33.35
-149.413,57.2922#28.09#38.48#33.43
-149.315,57.2916#28.12#38.36#33.52
-149.217,57.291#28.15#38.25#33.6
-149.119,57.2902#28.18#38.14#33.68
-149.022,57.2893#28.21#38.03#33.76
-148.924,57.2884#28.24#37.93#33.83
-148.826,57.2873#28.28#37.84#33.88
-148.728,57.2862#28.32#37.74#33.94
-148.631,57.285#28.36#37.65#33.99
-148.533,57.2837#28.4#37.56#34.04
-148.435,57.2823#28.45#37.47#34.08
-148.338,57.2808#28.52#37.39#34.09
-148.24,57.2792#28.58#37.31#34.11
-148.142,57.2776#28.64#37.23#34.13
-148.045,57.2758#28.7#37.16#34.14
-147.947,57.274#28.78#37.08#34.14
-147.849,57.272#28.88#37.01#34.11
-147.752,57.27#28.97#36.94#34.09
-147.654,57.2679#29.06#36.88#34.06
-147.556,57.2657#29.15#36.81#34.04
-147.459,57.2634#29.26#36.74#34
-147.361,57.261#29.38#36.68#33.94
-147.264,57.2585#29.51#36.63#33.86
-147.166,57.2559#29.63#36.57#33.8
-147.069,57.2533#29.76#36.51#33.73
-146.971,57.2505#29.88#36.45#33.67
-146.874,57.2477#30#36.4#33.6
-146.776,57.2448#30.12#36.34#33.54
-146.679,57.2418#30.25#36.29#33.46
-146.581,57.2387#30.37#36.23#33.4
-146.484,57.2355#30.49#36.18#33.33
-146.386,57.2322#30.58#36.13#33.29
-146.289,57.2288#30.68#36.08#33.24
-146.192,57.2253#30.78#36.03#33.19
-146.094,57.2218#30.88#35.98#33.14
-145.997,57.2181#30.97#35.93#33.1
-145.9,57.2144#31.02#35.89#33.09
-145.803,57.2106#31.07#35.84#33.09
-145.705,57.2067#31.13#35.79#33.08
-145.608,57.2027#31.18#35.75#33.07
-145.511,57.1986#31.23#35.7#33.07
-145.414,57.1944#31.25#35.66#33.09
-145.317,57.1902#31.27#35.61#33.12
-145.219,57.1858#31.29#35.57#33.14
-145.122,57.1814#31.3#35.52#33.18
-145.025,57.1768#31.32#35.48#33.2
-144.928,57.1722#31.34#35.43#33.23
-144.831,57.1675#31.35#35.39#33.26
-144.734,57.1627#31.37#35.34#33.29
-144.637,57.1578#31.38#35.3#33.32
-144.54,57.1528#31.39#35.25#33.36
-144.444,57.1477#31.41#35.21#33.38
-144.347,57.1426#31.43#35.16#33.41
-144.25,57.1373#31.45#35.11#33.44
-144.153,57.132#31.46#35.07#33.47
-144.056,57.1266#31.48#35.02#33.5
-143.96,57.1211#31.5#34.97#33.53
-143.863,57.1155#31.52#34.92#33.56
-143.766,57.1098#31.54#34.87#33.59
-143.67,57.104#31.56#34.82#33.62
-143.573,57.0982#31.58#34.77#33.65
-143.477,57.0922#31.59#34.71#33.7
-143.38,57.0862#31.6#34.66#33.74
-143.284,57.08#31.61#34.6#33.79
-143.187,57.0738#31.62#34.54#33.84
-143.091,57.0675#31.63#34.48#33.89
-142.995,57.0611#31.64#34.43#33.93
-142.898,57.0546#31.64#34.37#33.99
-142.802,57.0481#31.65#34.3#34.05
-142.706,57.0414#31.65#34.24#34.11
-142.61,57.0347#31.65#34.18#34.17
-142.513,57.0278#31.66#34.12#34.22
-142.417,57.0209#31.66#34.06#34.28
-142.321,57.0139#31.66#33.99#34.35
-142.225,57.0068#31.66#33.93#34.41
-142.129,56.9997#31.67#33.87#34.46
-142.033,56.9924#31.67#33.8#34.53
-141.938,56.985#31.67#33.74#34.59
-141.842,56.9776#31.67#33.68#34.65
-141.746,56.9701#31.67#33.62#34.71
-141.65,56.9624#31.67#33.56#34.77
-141.554,56.9547#31.67#33.49#34.84
-141.459,56.947#31.67#33.43#34.9
-141.363,56.9391#31.67#33.36#34.97
-141.268,56.9311#31.68#33.29#35.03
-141.172,56.9231#31.68#33.22#35.1
-141.077,56.9149#31.68#33.15#35.17
-140.981,56.9067#31.66#33.09#35.25
-159.605,56.9077#26.37#45.94#27.69
-159.51,56.9164#26.37#45.89#27.74
-159.414,56.9251#26.38#45.8#27.82
-159.319,56.9337#26.38#45.69#27.93
-159.224,56.9422#26.39#45.59#28.02
-159.128,56.9506#26.39#45.48#28.13
-159.033,56.9589#26.39#45.38#28.23
-158.937,56.9671#26.4#45.26#28.34
-158.841,56.9753#26.4#45.13#28.47
-158.746,56.9833#26.41#45#28.59
-158.65,56.9913#26.41#44.87#28.72
-158.554,56.9992#26.42#44.74#28.84
-158.459,57.007#26.42#44.61#28.97
-158.363,57.0147#26.43#44.48#29.09
-158.267,57.0224#26.44#44.35#29.21
-158.171,57.0299#26.44#44.21#29.35
-158.075,57.0374#26.45#44.08#29.47
-157.979,57.0447#26.45#43.95#29.6
-157.883,57.052#26.46#43.82#29.72
-157.787,57.0592#26.47#43.69#29.84
-157.69,57.0663#26.47#43.56#29.97
-157.594,57.0733#26.48#43.43#30.09
-157.498,57.0803#26.49#43.3#30.21
-157.402,57.0871#26.49#43.18#30.33
-157.305,57.0938#26.5#43.07#30.43
-157.209,57.1005#26.51#42.95#30.54
-157.113,57.1071#26.52#42.83#30.65
-157.016,57.1136#26.53#42.71#30.76
-156.92,57.12#26.53#42.61#30.86
-156.823,57.1263#26.54#42.52#30.94
-156.726,57.1325#26.55#42.42#31.03
-156.63,57.1387#26.56#42.32#31.12
-156.533,57.1447#26.57#42.22#31.21
-156.436,57.1507#26.58#42.14#31.28
-156.34,57.1566#26.59#42.07#31.34
-156.243,57.1623#26.6#42#31.4
-156.146,57.168#26.61#41.92#31.47
-156.049,57.1736#26.62#41.85#31.53
-155.952,57.1792#26.64#41.8#31.56
-155.856,57.1846#26.65#41.76#31.59
-155.759,57.1899#26.66#41.72#31.62
-155.662,57.1952#26.67#41.68#31.65
-155.565,57.2004#26.69#41.65#31.66
-155.468,57.2054#26.7#41.63#31.67
-155.371,57.2104#26.71#41.65#31.64
-155.273,57.2153#26.73#41.67#31.6
-155.176,57.2201#26.74#41.7#31.56
-155.079,57.2249#26.76#41.72#31.52
-154.982,57.2295#26.77#41.75#31.48
-154.885,57.234#26.79#41.79#31.42
-154.787,57.2385#26.8#41.84#31.36
-154.69,57.2428#26.82#41.89#31.29
-154.593,57.2471#26.83#41.94#31.23
-154.496,57.2513#26.85#41.99#31.16
-154.398,57.2554#26.87#42.06#31.07
-154.301,57.2594#26.89#42.12#30.99
-154.203,57.2633#26.9#42.19#30.91
-154.106,57.2671#26.92#42.26#30.82
-154.009,57.2709#26.94#42.33#30.73
-153.911,57.2745#26.96#42.37#30.67
-153.814,57.2781#26.98#42.41#30.61
-153.716,57.2816#27#42.44#30.56
-153.618,57.2849#27.01#42.48#30.51
-153.521,57.2882#27.03#42.52#30.45
-153.423,57.2914#27.05#42.53#30.42
-153.326,57.2945#27.07#42.53#30.4
-153.228,57.2976#27.1#42.53#30.37
-153.13,57.3005#27.12#42.54#30.34
-153.033,57.3033#27.14#42.54#30.32
-152.935,57.3061#27.16#42.52#30.32
-152.837,57.3087#27.18#42.49#30.33
-152.74,57.3113#27.2#42.46#30.34
-152.642,57.3138#27.22#42.43#30.35
-152.544,57.3162#27.25#42.41#30.34
-152.447,57.3185#27.27#42.36#30.37
-152.349,57.3207#27.29#42.3#30.41
-152.251,57.3228#27.32#42.24#30.44
-152.153,57.3248#27.34#42.17#30.49
-152.055,57.3268#27.36#42.11#30.53
-151.958,57.3286#27.39#42.05#30.56
-151.86,57.3304#27.41#41.98#30.61
-151.762,57.3321#27.44#41.91#30.65
-151.664,57.3336#27.46#41.85#30.69
-151.566,57.3351#27.48#41.78#30.74
-151.468,57.3365#27.51#41.7#30.79
-151.37,57.3378#27.54#41.61#30.85
-151.272,57.3391#27.56#41.52#30.92
-151.175,57.3402#27.59#41.43#30.98
-151.077,57.3412#27.61#41.33#31.06
-150.979,57.3422#27.64#41.21#31.15
-150.881,57.343#27.66#40.99#31.35
-150.783,57.3438#27.69#40.76#31.55
-150.685,57.3445#27.72#40.54#31.74
-150.587,57.3451#27.74#40.31#31.95
-150.489,57.3456#27.77#40.09#32.14
-150.391,57.346#27.79#39.93#32.28
-150.293,57.3463#27.82#39.76#32.42
-150.195,57.3465#27.85#39.59#32.56
-150.097,57.3466#27.87#39.43#32.7
-149.999,57.3467#27.9#39.26#32.84
-149.901,57.3466#27.92#39.13#32.95
-149.804,57.3465#27.95#38.99#33.06
-149.706,57.3463#27.98#38.86#33.16
-149.608,57.346#28#38.72#33.28
-149.51,57.3455#28.03#38.59#33.38
-149.412,57.3451#28.06#38.47#33.47
-149.314,57.3445#28.09#38.36#33.55
-149.216,57.3438#28.12#38.24#33.64
-149.118,57.343#28.15#38.13#33.72
-149.02,57.3422#28.18#38.02#33.8
-148.922,57.3412#28.21#37.92#33.87
-148.824,57.3402#28.25#37.82#33.93
-148.726,57.339#28.29#37.73#33.98
-148.628,57.3378#28.33#37.63#34.04
-148.531,57.3365#28.36#37.54#34.1
-148.433,57.3351#28.42#37.45#34.13
-148.335,57.3336#28.48#37.37#34.15
-148.237,57.332#28.54#37.29#34.17
-148.139,57.3304#28.6#37.21#34.19
-148.041,57.3286#28.66#37.13#34.21
-147.943,57.3268#28.74#37.06#34.2
-147.846,57.3248#28.83#36.99#34.18
-147.748,57.3228#28.92#36.92#34.16
-147.65,57.3207#29.01#36.85#34.14
-147.552,57.3185#29.1#36.78#34.12
