-152.245,55.9005#28.17#40.14#31.69
-152.152,55.9025#28.2#40.03#31.77
-152.058,55.9044#28.23#39.93#31.84
-151.965,55.9063#28.25#39.83#31.92
-151.871,55.908#28.28#39.75#31.97
-151.778,55.9097#28.31#39.67#32.02
-151.684,55.9113#28.34#39.59#32.07
-151.591,55.9128#28.37#39.51#32.12
-151.497,55.9142#28.39#39.43#32.18
-151.403,55.9155#28.42#39.36#32.22
-151.31,55.9167#28.45#39.3#32.25
-151.216,55.9179#28.47#39.23#32.3
-151.123,55.919#28.5#39.16#32.34
-151.029,55.92#28.53#39.1#32.37
-150.936,55.9209#28.55#39.03#32.42
-150.842,55.9217#28.57#38.97#32.46
-150.748,55.9224#28.6#38.91#32.49
-150.655,55.923#28.62#38.85#32.53
-150.561,55.9236#28.65#38.79#32.56
-150.468,55.9241#28.67#38.73#32.6
-150.374,55.9244#28.69#38.66#32.65
-150.28,55.9247#28.72#38.6#32.68
-150.187,55.925#28.74#38.53#32.73
-150.093,55.9251#28.76#38.47#32.77
-149.999,55.9251#28.78#38.4#32.82
-149.906,55.9251#28.82#38.34#32.84
-149.812,55.925#28.85#38.27#32.88
-149.719,55.9247#28.89#38.2#32.91
-149.625,55.9244#28.92#38.14#32.94
-149.531,55.9241#28.96#38.07#32.97
-149.438,55.9236#29.01#38.01#32.98
-149.344,55.923#29.06#37.94#33
-149.25,55.9224#29.12#37.87#33.01
-149.157,55.9217#29.18#37.81#33.01
-149.063,55.9208#29.24#37.74#33.02
-148.97,55.9199#29.3#37.67#33.03
-148.876,55.919#29.39#37.61#33
-148.782,55.9179#29.48#37.54#32.98
-148.689,55.9167#29.56#37.48#32.96
-148.595,55.9155#29.65#37.41#32.94
-148.502,55.9142#29.74#37.34#32.92
-148.408,55.9127#29.84#37.28#32.88
-148.315,55.9112#29.95#37.21#32.84
-148.221,55.9097#30.05#37.14#32.81
-148.128,55.908#30.16#37.08#32.76
-148.034,55.9062#30.26#37.01#32.73
-147.941,55.9044#30.36#36.95#32.69
-147.847,55.9025#30.46#36.88#32.66
-147.754,55.9004#30.55#36.81#32.64
-153.932,55.902#27.63#41.91#30.46
-153.838,55.9055#27.66#41.85#30.49
-153.745,55.909#27.69#41.79#30.52
-153.652,55.9124#27.71#41.73#30.56
-153.558,55.9157#27.74#41.67#30.59
-153.465,55.9189#27.77#41.6#30.63
-153.371,55.922#27.8#41.51#30.69
-153.278,55.9251#27.82#41.43#30.75
-153.185,55.928#27.85#41.34#30.81
-153.091,55.9309#27.88#41.26#30.86
-152.998,55.9337#27.91#41.18#30.91
-152.904,55.9364#27.93#41.06#31.01
-152.81,55.939#27.96#40.94#31.1
-152.717,55.9415#27.99#40.82#31.19
-152.623,55.944#28.02#40.7#31.28
-152.53,55.9463#28.05#40.59#31.36
-152.436,55.9486#28.08#40.47#31.45
-152.343,55.9508#28.1#40.36#31.54
-152.249,55.9529#28.13#40.24#31.63
-152.155,55.9549#28.16#40.13#31.71
-152.062,55.9568#28.19#40.01#31.8
-151.968,55.9587#28.22#39.9#31.88
-151.874,55.9604#28.24#39.82#31.94
-151.781,55.9621#28.27#39.73#32
-151.687,55.9637#28.3#39.65#32.05
-151.593,55.9652#28.33#39.56#32.11
-151.499,55.9666#28.36#39.48#32.16
-151.406,55.9679#28.38#39.41#32.21
-151.312,55.9692#28.41#39.34#32.25
-151.218,55.9703#28.44#39.27#32.29
-151.125,55.9714#28.46#39.21#32.33
-151.031,55.9724#28.49#39.14#32.37
-150.937,55.9733#28.51#39.08#32.41
-150.843,55.9741#28.54#39.01#32.45
-150.75,55.9748#28.56#38.95#32.49
-150.656,55.9755#28.59#38.89#32.52
-150.562,55.9761#28.61#38.83#32.56
-150.468,55.9765#28.64#38.77#32.59
-150.375,55.9769#28.66#38.7#32.64
-150.281,55.9772#28.68#38.64#32.68
-150.187,55.9774#28.7#38.57#32.73
-150.093,55.9776#28.73#38.5#32.77
-149.999,55.9776#28.75#38.44#32.81
-149.906,55.9775#28.78#38.37#32.85
-149.812,55.9774#28.82#38.3#32.88
-149.718,55.9772#28.85#38.24#32.91
-149.624,55.9769#28.88#38.17#32.95
-149.531,55.9765#28.92#38.1#32.98
-149.437,55.976#28.97#38.03#33
-149.343,55.9755#29.02#37.97#33.01
-149.249,55.9748#29.08#37.9#33.02
-149.155,55.9741#29.13#37.83#33.04
-149.062,55.9733#29.19#37.77#33.04
-148.968,55.9724#29.26#37.7#33.04
-148.874,55.9714#29.34#37.63#33.03
-148.781,55.9703#29.43#37.57#33
-148.687,55.9692#29.51#37.5#32.99
-148.593,55.9679#29.6#37.43#32.97
-148.499,55.9666#29.68#37.37#32.95
-148.406,55.9652#29.79#37.3#32.91
-148.312,55.9637#29.89#37.23#32.88
-148.218,55.9621#30#37.17#32.83
-148.125,55.9604#30.11#37.1#32.79
-148.031,55.9587#30.22#37.04#32.74
-147.937,55.9568#30.32#36.97#32.71
-147.844,55.9549#30.41#36.9#32.69
-147.75,55.9529#30.51#36.84#32.65
-147.656,55.9508#30.6#36.77#32.63
-147.563,55.9486#30.7#36.71#32.59
-147.469,55.9463#30.79#36.64#32.57
-147.376,55.9439#30.85#36.58#32.57
-147.282,55.9415#30.91#36.51#32.58
-147.188,55.939#30.97#36.45#32.58
-147.095,55.9363#31.04#36.39#32.57
-147.001,55.9336#31.1#36.32#32.58
-146.908,55.9309#31.13#36.26#32.61
-146.814,55.928#31.15#36.2#32.65
-146.721,55.925#31.18#36.14#32.68
-146.627,55.922#31.21#36.08#32.71
-146.534,55.9189#31.23#36.02#32.75
-146.441,55.9156#31.25#35.96#32.79
-146.347,55.9123#31.26#35.9#32.84
-146.254,55.909#31.27#35.84#32.89
-146.16,55.9055#31.28#35.78#32.94
-146.067,55.9019#31.29#35.72#32.99
-155.152,55.9003#27.27#42.7#30.03
-155.058,55.9049#27.3#42.67#30.03
-154.965,55.9095#27.32#42.62#30.06
-154.872,55.914#27.34#42.57#30.09
-154.779,55.9184#27.37#42.51#30.12
-154.685,55.9228#27.39#42.45#30.16
-154.592,55.927#27.42#42.39#30.19
-154.499,55.9312#27.44#42.33#30.23
-154.405,55.9352#27.47#42.27#30.26
-154.312,55.9392#27.49#42.21#30.3
-154.219,55.9431#27.52#42.15#30.33
-154.125,55.9469#27.55#42.09#30.36
-154.032,55.9507#27.57#42.03#30.4
-153.938,55.9543#27.6#41.97#30.43
-153.845,55.9579#27.63#41.91#30.46
-153.751,55.9613#27.65#41.85#30.5
-153.658,55.9647#27.68#41.8#30.52
-153.564,55.968#27.71#41.74#30.55
-153.471,55.9713#27.73#41.67#30.6
-153.377,55.9744#27.76#41.6#30.64
-153.283,55.9774#27.79#41.52#30.69
-153.19,55.9804#27.81#41.44#30.75
-153.096,55.9833#27.84#41.37#30.79
-153.002,55.9861#27.87#41.29#30.84
-152.909,55.9888#27.9#41.18#30.92
-152.815,55.9914#27.93#41.06#31.01
-152.721,55.9939#27.95#40.94#31.11
-152.628,55.9964#27.98#40.83#31.19
-152.534,55.9987#28.01#40.71#31.28
-152.44,56.001#28.04#40.59#31.37
-152.346,56.0032#28.07#40.47#31.46
-152.253,56.0053#28.09#40.34#31.57
-152.159,56.0073#28.12#40.22#31.66
-152.065,56.0093#28.15#40.09#31.76
-151.971,56.0111#28.18#39.97#31.85
-151.877,56.0129#28.21#39.89#31.9
-151.784,56.0146#28.23#39.8#31.97
-151.69,56.0161#28.26#39.71#32.03
-151.596,56.0176#28.29#39.62#32.09
-151.502,56.0191#28.32#39.53#32.15
-151.408,56.0204#28.35#39.46#32.19
-151.314,56.0216#28.37#39.39#32.24
-151.22,56.0228#28.4#39.32#32.28
-151.126,56.0239#28.43#39.25#32.32
-151.033,56.0249#28.45#39.18#32.37
-150.939,56.0258#28.48#39.12#32.4
-150.845,56.0266#28.5#39.06#32.44
-150.751,56.0273#28.53#38.99#32.48
-150.657,56.028#28.55#38.93#32.52
-150.563,56.0285#28.58#38.87#32.55
-150.469,56.029#28.6#38.81#32.59
-150.375,56.0294#28.62#38.74#32.64
-150.281,56.0297#28.65#38.67#32.68
-150.187,56.0299#28.67#38.61#32.72
-150.093,56.03#28.69#38.54#32.77
-149.999,56.0301#28.72#38.47#32.81
-149.905,56.03#28.75#38.4#32.85
-149.812,56.0299#28.78#38.33#32.89
-149.718,56.0297#28.82#38.27#32.91
-149.624,56.0294#28.85#38.2#32.95
-149.53,56.029#28.88#38.13#32.99
-149.436,56.0285#28.93#38.06#33.01
-149.342,56.028#28.98#38#33.02
-149.248,56.0273#29.04#37.93#33.03
-149.154,56.0266#29.09#37.86#33.05
-149.06,56.0258#29.14#37.79#33.07
-148.966,56.0249#29.21#37.73#33.06
-148.872,56.0239#29.29#37.66#33.05
-148.779,56.0228#29.38#37.59#33.03
-148.685,56.0216#29.46#37.53#33.01
-148.591,56.0204#29.54#37.46#33
-148.497,56.019#29.63#37.39#32.98
-148.403,56.0176#29.73#37.33#32.94
-148.309,56.0161#29.84#37.26#32.9
-148.215,56.0145#29.95#37.19#32.86
-148.121,56.0129#30.06#37.13#32.81
-148.028,56.0111#30.17#37.06#32.77
-147.934,56.0092#30.27#36.99#32.74
-147.84,56.0073#30.37#36.93#32.7
-147.746,56.0053#30.47#36.86#32.67
-147.652,56.0032#30.56#36.8#32.64
-147.559,56.001#30.66#36.73#32.61
-147.465,55.9987#30.75#36.67#32.58
-147.371,55.9963#30.82#36.6#32.58
-147.277,55.9939#30.88#36.54#32.58
-147.184,55.9914#30.95#36.48#32.57
-147.09,55.9887#31.02#36.41#32.57
-146.996,55.986#31.08#36.35#32.57
-146.903,55.9832#31.11#36.29#32.6
-146.809,55.9804#31.14#36.23#32.63
-146.715,55.9774#31.17#36.17#32.66
-146.622,55.9744#31.2#36.11#32.69
-146.528,55.9712#31.23#36.04#32.73
-146.435,55.968#31.25#35.98#32.77
-146.341,55.9647#31.26#35.92#32.82
-146.248,55.9613#31.27#35.86#32.87
-146.154,55.9578#31.28#35.8#32.92
-146.061,55.9543#31.3#35.74#32.96
-145.967,55.9506#31.3#35.69#33.01
-145.874,55.9469#31.31#35.63#33.06
-145.78,55.9431#31.31#35.57#33.12
-145.687,55.9392#31.32#35.51#33.17
-145.593,55.9352#31.32#35.46#33.22
-145.5,55.9311#31.32#35.4#33.28
-145.407,55.9269#31.32#35.34#33.34
-145.313,55.9227#31.32#35.29#33.39
-145.22,55.9184#31.33#35.24#33.43
-145.127,55.914#31.33#35.18#33.49
-145.034,55.9095#31.33#35.13#33.54
-144.94,55.9049#31.33#35.07#33.6
-144.847,55.9002#31.33#35.02#33.65
-156.092,55.9011#27.03#42.97#30
-155.999,55.9066#27.05#42.92#30.03
-155.906,55.912#27.07#42.91#30.02
-155.813,55.9174#27.09#42.89#30.02
-155.719,55.9227#27.11#42.87#30.02
-155.626,55.9279#27.13#42.86#30.01
-155.533,55.933#27.15#42.84#30.01
-155.44,55.938#27.18#42.82#30
-155.347,55.9429#27.2#42.79#30.01
-155.253,55.9477#27.22#42.76#30.02
-155.16,55.9525#27.24#42.73#30.03
-155.067,55.9572#27.27#42.7#30.03
-154.973,55.9618#27.29#42.66#30.05
-154.88,55.9663#27.31#42.6#30.09
-154.787,55.9707#27.34#42.55#30.11
-154.693,55.975#27.36#42.49#30.15
-154.6,55.9793#27.39#42.43#30.18
-154.506,55.9835#27.41#42.38#30.21
-154.413,55.9875#27.44#42.32#30.24
-154.319,55.9915#27.46#42.26#30.28
-154.226,55.9954#27.49#42.21#30.3
-154.132,55.9993#27.51#42.15#30.34
-154.038,56.003#27.54#42.09#30.37
-153.945,56.0067#27.56#42.04#30.4
-153.851,56.0102#27.59#41.98#30.43
-153.757,56.0137#27.62#41.92#30.46
-153.664,56.0171#27.64#41.87#30.49
-153.57,56.0204#27.67#41.81#30.52
-153.476,56.0236#27.7#41.75#30.55
-153.383,56.0268#27.72#41.68#30.6
-153.289,56.0298#27.75#41.61#30.64
-153.195,56.0328#27.78#41.54#30.68
-153.101,56.0357#27.81#41.47#30.72
-153.007,56.0385#27.83#41.4#30.77
-152.914,56.0412#27.86#41.29#30.85
-152.82,56.0438#27.89#41.18#30.93
-152.726,56.0463#27.92#41.07#31.01
-152.632,56.0488#27.94#40.95#31.11
-152.538,56.0512#27.97#40.84#31.19
-152.444,56.0535#28#40.72#31.28
-152.35,56.0556#28.03#40.58#31.39
-152.256,56.0578#28.06#40.45#31.49
-152.162,56.0598#28.08#40.31#31.61
-152.068,56.0617#28.11#40.17#31.72
-151.974,56.0636#28.14#40.05#31.81
-151.88,56.0653#28.17#39.95#31.88
-151.786,56.067#28.2#39.86#31.94
-151.692,56.0686#28.22#39.77#32.01
-151.598,56.0701#28.25#39.67#32.08
-151.504,56.0715#28.28#39.58#32.14
-151.41,56.0729#28.31#39.5#32.19
-151.316,56.0741#28.33#39.43#32.24
-151.222,56.0753#28.36#39.36#32.28
-151.128,56.0764#28.39#39.29#32.32
-151.034,56.0773#28.42#39.22#32.36
-150.94,56.0783#28.44#39.16#32.4
-150.846,56.0791#28.47#39.1#32.43
-150.752,56.0798#28.49#39.03#32.48
-150.658,56.0805#28.52#38.97#32.51
-150.564,56.081#28.54#38.91#32.55
-150.47,56.0815#28.57#38.85#32.58
-150.376,56.0819#28.59#38.78#32.63
-150.282,56.0822#28.61#38.71#32.68
-150.188,56.0824#28.64#38.64#32.72
-150.093,56.0825#28.66#38.57#32.77
-149.999,56.0826#28.69#38.5#32.81
-149.905,56.0825#28.72#38.44#32.84
-149.811,56.0824#28.75#38.37#32.88
-149.717,56.0822#28.78#38.3#32.92
-149.623,56.0819#28.81#38.23#32.96
-149.529,56.0815#28.84#38.16#33
-149.435,56.081#28.89#38.09#33.02
-149.341,56.0804#28.94#38.02#33.04
-149.247,56.0798#28.99#37.96#33.05
-149.153,56.0791#29.05#37.89#33.06
-149.059,56.0782#29.1#37.82#33.08
-148.965,56.0773#29.16#37.75#33.09
-148.871,56.0763#29.24#37.68#33.08
-148.777,56.0753#29.32#37.62#33.06
-148.682,56.0741#29.41#37.55#33.04
-148.588,56.0729#29.49#37.48#33.03
-148.494,56.0715#29.57#37.42#33.01
-148.4,56.0701#29.68#37.35#32.97
-148.306,56.0686#29.79#37.28#32.93
-148.212,56.067#29.9#37.22#32.88
-148.118,56.0653#30.01#37.15#32.84
-148.024,56.0635#30.12#37.09#32.79
-147.93,56.0617#30.22#37.02#32.76
-147.837,56.0598#30.32#36.95#32.73
-147.743,56.0577#30.42#36.89#32.69
-147.649,56.0556#30.52#36.82#32.66
-147.555,56.0534#30.63#36.76#32.61
-147.461,56.0511#30.71#36.69#32.6
-147.367,56.0488#30.79#36.63#32.58
-147.273,56.0463#30.86#36.57#32.57
-147.179,56.0438#30.93#36.5#32.57
-147.085,56.0412#31#36.44#32.56
-146.991,56.0384#31.07#36.38#32.55
-146.898,56.0356#31.1#36.32#32.58
-146.804,56.0328#31.14#36.25#32.61
-146.71,56.0298#31.17#36.19#32.64
-146.616,56.0267#31.2#36.13#32.67
-146.523,56.0236#31.23#36.07#32.7
-146.429,56.0204#31.25#36.01#32.74
-146.335,56.0171#31.26#35.95#32.79
-146.241,56.0137#31.28#35.89#32.83
-146.148,56.0102#31.29#35.83#32.88
-146.054,56.0066#31.3#35.77#32.93
-145.96,56.003#31.31#35.71#32.98
-145.867,55.9992#31.31#35.66#33.03
-145.773,55.9954#31.32#35.6#33.08
-145.68,55.9915#31.32#35.54#33.14
-145.586,55.9875#31.33#35.48#33.19
-145.493,55.9834#31.33#35.43#33.24
-145.399,55.9792#31.33#35.37#33.3
-145.306,55.975#31.33#35.32#33.35
-145.212,55.9706#31.33#35.26#33.41
-145.119,55.9662#31.33#35.21#33.46
-145.025,55.9617#31.33#35.15#33.52
-144.932,55.9571#31.33#35.1#33.57
-144.839,55.9525#31.33#35.05#33.62
-144.745,55.9477#31.33#34.99#33.68
-144.652,55.9428#31.33#34.94#33.73
-144.559,55.9379#31.33#34.89#33.78
-144.466,55.9329#31.33#34.84#33.83
-144.373,55.9278#31.33#34.79#33.88
-144.279,55.9226#31.33#34.74#33.93
-144.186,55.9173#31.33#34.69#33.98
-144.093,55.912#31.33#34.64#34.03
-144,55.9065#31.33#34.59#34.08
-143.907,55.901#31.33#34.54#34.13
-156.846,55.9059#26.86#43.38#29.76
-156.753,55.9121#26.87#43.33#29.8
-156.66,55.9183#26.89#43.28#29.83
-156.567,55.9243#26.91#43.22#29.87
-156.474,55.9303#26.93#43.17#29.9
-156.381,55.9361#26.95#43.13#29.92
-156.288,55.9419#26.97#43.08#29.95
-156.195,55.9476#26.98#43.04#29.98
-156.102,55.9532#27#42.99#30.01
-156.009,55.9588#27.02#42.95#30.03
-155.915,55.9642#27.04#42.93#30.03
-155.822,55.9696#27.06#42.91#30.03
-155.729,55.9749#27.08#42.9#30.02
-155.636,55.9801#27.11#42.88#30.01
-155.542,55.9852#27.13#42.87#30
-155.449,55.9902#27.15#42.85#30
-155.355,55.9951#27.17#42.82#30.01
-155.262,56#27.19#42.79#30.02
-155.168,56.0048#27.21#42.76#30.03
-155.075,56.0094#27.24#42.73#30.03
-154.981,56.014#27.26#42.7#30.04
-154.888,56.0186#27.28#42.64#30.08
-154.794,56.023#27.31#42.59#30.1
-154.701,56.0273#27.33#42.53#30.14
-154.607,56.0316#27.36#42.48#30.16
-154.514,56.0358#27.38#42.42#30.2
-154.42,56.0399#27.4#42.37#30.23
-154.326,56.0439#27.43#42.31#30.26
-154.232,56.0478#27.45#42.26#30.29
-154.139,56.0516#27.48#42.21#30.31
-154.045,56.0554#27.5#42.16#30.34
-153.951,56.059#27.53#42.1#30.37
-153.857,56.0626#27.56#42.05#30.39
-153.764,56.0661#27.58#41.99#30.43
-153.67,56.0695#27.61#41.94#30.45
-153.576,56.0728#27.63#41.88#30.49
-153.482,56.076#27.66#41.82#30.52
-153.388,56.0792#27.69#41.76#30.55
-153.294,56.0822#27.72#41.7#30.58
-153.2,56.0852#27.74#41.63#30.63
-153.106,56.0881#27.77#41.57#30.66
-153.012,56.0909#27.8#41.51#30.69
-152.918,56.0936#27.82#41.41#30.77
-152.824,56.0962#27.85#41.3#30.85
-152.73,56.0988#27.88#41.19#30.93
-152.636,56.1012#27.91#41.08#31.01
-152.542,56.1036#27.93#40.97#31.1
-152.448,56.1059#27.96#40.84#31.2
-152.354,56.1081#27.99#40.69#31.32
-152.26,56.1102#28.02#40.55#31.43
-152.166,56.1122#28.05#40.4#31.55
-152.072,56.1142#28.07#40.26#31.67
-151.978,56.116#28.1#40.12#31.78
-151.884,56.1178#28.13#40.02#31.85
-151.789,56.1195#28.16#39.92#31.92
-151.695,56.1211#28.19#39.82#31.99
-151.601,56.1226#28.21#39.73#32.06
-151.507,56.124#28.24#39.63#32.13
-151.413,56.1254#28.27#39.55#32.18
-151.319,56.1266#28.3#39.48#32.22
-151.224,56.1278#28.32#39.41#32.27
-151.13,56.1289#28.35#39.34#32.31
-151.036,56.1298#28.38#39.26#32.36
-150.942,56.1308#28.4#39.2#32.4
-150.847,56.1316#28.43#39.14#32.43
-150.753,56.1323#28.46#39.08#32.46
-150.659,56.133#28.48#39.01#32.51
-150.565,56.1335#28.51#38.95#32.54
-150.471,56.134#28.53#38.89#32.58
-150.376,56.1344#28.56#38.82#32.62
-150.282,56.1347#28.58#38.75#32.67
-150.188,56.1349#28.6#38.68#32.72
-150.094,56.135#28.63#38.61#32.76
-149.999,56.1351#28.65#38.54#32.81
-149.905,56.135#28.68#38.47#32.85
-149.811,56.1349#28.71#38.4#32.89
-149.717,56.1347#28.74#38.33#32.93
-149.622,56.1344#28.77#38.26#32.97
-149.528,56.134#28.81#38.19#33
-149.434,56.1335#28.85#38.12#33.03
-149.34,56.1329#28.9#38.05#33.05
-149.246,56.1323#28.95#37.98#33.07
-149.151,56.1316#29#37.91#33.09
-149.057,56.1307#29.05#37.85#33.1
-148.963,56.1298#29.12#37.78#33.1
-148.869,56.1288#29.19#37.71#33.1
-148.774,56.1278#29.27#37.64#33.09
-148.68,56.1266#29.35#37.58#33.07
-148.586,56.1253#29.43#37.51#33.06
-148.492,56.124#29.51#37.44#33.05
-148.398,56.1226#29.63#37.37#33
-148.304,56.1211#29.74#37.31#32.95
-148.209,56.1195#29.85#37.24#32.91
-148.115,56.1178#29.96#37.18#32.86
-148.021,56.116#30.07#37.11#32.82
-147.927,56.1142#30.17#37.04#32.79
-147.833,56.1122#30.28#36.98#32.74
-147.739,56.1102#30.38#36.91#32.71
-147.645,56.1081#30.48#36.85#32.67
-147.551,56.1059#30.59#36.78#32.63
-147.457,56.1036#30.68#36.72#32.6
-147.363,56.1012#30.76#36.65#32.59
-147.269,56.0988#30.83#36.59#32.58
-147.175,56.0962#30.91#36.53#32.56
-147.081,56.0936#30.98#36.47#32.55
-146.987,56.0909#31.05#36.4#32.55
-146.893,56.0881#31.09#36.34#32.57
-146.799,56.0852#31.13#36.28#32.59
-146.705,56.0822#31.16#36.22#32.62
-146.611,56.0791#31.2#36.16#32.64
-146.517,56.076#31.23#36.1#32.67
-146.423,56.0728#31.25#36.04#32.71
-146.329,56.0694#31.26#35.98#32.76
-146.235,56.066#31.28#35.92#32.8
-146.141,56.0625#31.29#35.86#32.85
-146.048,56.059#31.3#35.8#32.9
-145.954,56.0553#31.31#35.74#32.95
-145.86,56.0516#31.32#35.68#33
-145.766,56.0477#31.32#35.63#33.05
-145.673,56.0438#31.33#35.57#33.1
-145.579,56.0398#31.33#35.51#33.16
-145.485,56.0357#31.34#35.45#33.21
-145.392,56.0315#31.34#35.4#33.26
-145.298,56.0273#31.34#35.34#33.32
-145.204,56.0229#31.34#35.29#33.37
-145.111,56.0185#31.34#35.23#33.43
-145.017,56.014#31.34#35.18#33.48
-144.924,56.0094#31.34#35.13#33.53
-144.83,56.0047#31.34#35.07#33.59
-144.737,55.9999#31.34#35.02#33.64
-144.643,55.9951#31.34#34.97#33.69
-144.55,55.9901#31.34#34.92#33.74
-144.457,55.9851#31.34#34.86#33.8
-144.363,55.98#31.34#34.81#33.85
-144.27,55.9748#31.34#34.76#33.9
-144.177,55.9695#31.34#34.71#33.95
-144.083,55.9642#31.34#34.66#34
-143.99,55.9587#31.33#34.61#34.06
-143.897,55.9532#31.34#34.56#34.1
-143.804,55.9476#31.34#34.51#34.15
-143.711,55.9418#31.34#34.46#34.2
-143.618,55.9361#31.35#34.41#34.24
-143.525,55.9302#31.35#34.36#34.29
-143.432,55.9242#31.36#34.3#34.34
-143.339,55.9182#31.37#34.25#34.38
-143.246,55.9121#31.38#34.19#34.43
-143.153,55.9058#31.39#34.14#34.47
-157.6,55.9052#26.72#43.89#29.39
-157.508,55.9121#26.73#43.81#29.46
-157.415,55.9189#26.75#43.75#29.5
-157.322,55.9256#26.76#43.69#29.55
-157.229,55.9323#26.77#43.63#29.6
-157.136,55.9388#26.79#43.57#29.64
-157.043,55.9453#26.8#43.5#29.7
-156.95,55.9517#26.82#43.45#29.73
-156.857,55.958#26.84#43.39#29.77
-156.764,55.9642#26.85#43.34#29.81
-156.671,55.9704#26.87#43.29#29.84
-156.578,55.9764#26.89#43.24#29.87
-156.485,55.9824#26.9#43.19#29.91
-156.392,55.9883#26.92#43.14#29.94
-156.298,55.9941#26.94#43.1#29.96
-156.205,55.9998#26.96#43.06#29.98
-156.112,56.0054#26.98#43.01#30.01
-156.018,56.011#27#42.97#30.03
-155.925,56.0164#27.02#42.95#30.03
-155.832,56.0218#27.04#42.94#30.02
-155.738,56.0271#27.06#42.92#30.02
-155.645,56.0323#27.08#42.91#30.01
-155.551,56.0374#27.1#42.9#30
-155.458,56.0424#27.12#42.88#30
-155.364,56.0474#27.14#42.85#30.01
-155.271,56.0523#27.16#42.82#30.02
-155.177,56.057#27.19#42.79#30.02
-155.083,56.0617#27.21#42.76#30.03
-154.99,56.0663#27.23#42.73#30.04
-154.896,56.0709#27.25#42.68#30.07
-154.802,56.0753#27.28#42.62#30.1
-154.708,56.0796#27.3#42.57#30.13
-154.615,56.0839#27.32#42.52#30.16
-154.521,56.0881#27.35#42.47#30.18
-154.427,56.0922#27.37#42.42#30.21
-154.333,56.0962#27.4#42.36#30.24
-154.239,56.1001#27.42#42.32#30.26
-154.146,56.104#27.45#42.27#30.28
-154.052,56.1077#27.47#42.22#30.31
-153.958,56.1114#27.5#42.17#30.33
-153.864,56.115#27.52#42.11#30.37
-153.77,56.1185#27.55#42.06#30.39
-153.676,56.1219#27.57#42.01#30.42
-153.582,56.1252#27.6#41.95#30.45
-153.488,56.1284#27.63#41.9#30.47
-153.394,56.1316#27.65#41.84#30.51
-153.3,56.1346#27.68#41.78#30.54
-153.205,56.1376#27.71#41.73#30.56
-153.111,56.1405#27.73#41.67#30.6
-153.017,56.1433#27.76#41.62#30.62
-152.923,56.146#27.79#41.52#30.69
-152.829,56.1487#27.81#41.42#30.77
-152.735,56.1512#27.84#41.31#30.85
-152.641,56.1537#27.87#41.2#30.93
-152.546,56.1561#27.9#41.09#31.01
-152.452,56.1584#27.92#40.96#31.12
-152.358,56.1606#27.95#40.81#31.24
-152.264,56.1627#27.98#40.65#31.37
-152.169,56.1647#28.01#40.5#31.49
-152.075,56.1667#28.04#40.34#31.62
-151.981,56.1685#28.07#40.19#31.74
-151.887,56.1703#28.09#40.09#31.82
-151.792,56.172#28.12#39.99#31.89
-151.698,56.1736#28.15#39.88#31.97
-151.604,56.1751#28.18#39.78#32.04
-151.509,56.1765#28.21#39.68#32.11
-151.415,56.1779#28.23#39.6#32.17
-151.321,56.1791#28.26#39.53#32.21
-151.226,56.1803#28.29#39.45#32.26
-151.132,56.1814#28.31#39.38#32.31
-151.038,56.1824#28.34#39.31#32.35
-150.943,56.1833#28.37#39.24#32.39
-150.849,56.1841#28.39#39.18#32.43
-150.755,56.1848#28.42#39.12#32.46
-150.66,56.1855#28.45#39.05#32.5
-150.566,56.186#28.47#38.99#32.54
-150.471,56.1865#28.5#38.93#32.57
-150.377,56.1869#28.52#38.86#32.62
-150.283,56.1872#28.55#38.79#32.66
-150.188,56.1874#28.57#38.72#32.71
-150.094,56.1875#28.59#38.64#32.77
-149.999,56.1876#28.62#38.57#32.81
-149.905,56.1875#28.65#38.5#32.85
-149.811,56.1874#28.68#38.43#32.89
-149.716,56.1872#28.71#38.36#32.93
-149.622,56.1869#28.74#38.29#32.97
-149.527,56.1865#28.77#38.22#33.01
-149.433,56.186#28.81#38.15#33.04
-149.339,56.1855#28.86#38.08#33.06
-149.244,56.1848#28.91#38.01#33.08
-149.15,56.1841#28.96#37.94#33.1
-149.056,56.1833#29.01#37.87#33.12
-148.961,56.1823#29.07#37.8#33.13
-148.867,56.1813#29.15#37.74#33.11
-148.772,56.1803#29.22#37.67#33.11
-148.678,56.1791#29.3#37.6#33.1
-148.584,56.1778#29.38#37.53#33.09
-148.489,56.1765#29.46#37.47#33.07
-148.395,56.1751#29.57#37.4#33.03
-148.301,56.1736#29.68#37.33#32.99
-148.207,56.172#29.8#37.27#32.93
-148.112,56.1703#29.91#37.2#32.89
-148.018,56.1685#30.02#37.13#32.85
-147.924,56.1666#30.13#37.07#32.8
-147.829,56.1647#30.23#37#32.77
-147.735,56.1627#30.34#36.94#32.72
-147.641,56.1605#30.45#36.87#32.68
-147.547,56.1583#30.55#36.81#32.64
-147.452,56.156#30.64#36.74#32.62
-147.358,56.1537#30.73#36.68#32.59
-147.264,56.1512#30.81#36.62#32.57
-147.17,56.1487#30.89#36.55#32.56
-147.076,56.146#30.97#36.49#32.54
-146.982,56.1433#31.04#36.43#32.53
-146.887,56.1405#31.08#36.37#32.55
-146.793,56.1376#31.12#36.31#32.57
-146.699,56.1346#31.16#36.25#32.59
-146.605,56.1315#31.2#36.19#32.61
-146.511,56.1284#31.23#36.13#32.64
-146.417,56.1252#31.25#36.07#32.68
-146.323,56.1218#31.26#36.01#32.73
-146.229,56.1184#31.28#35.95#32.77
-146.135,56.1149#31.29#35.89#32.82
-146.041,56.1113#31.31#35.83#32.86
-145.947,56.1077#31.32#35.77#32.91
-145.853,56.1039#31.32#35.71#32.97
-145.759,56.1001#31.33#35.65#33.02
-145.666,56.0962#31.33#35.6#33.07
-145.572,56.0921#31.34#35.54#33.12
-145.478,56.088#31.34#35.48#33.18
-145.384,56.0839#31.34#35.43#33.23
-145.29,56.0796#31.34#35.37#33.29
-145.197,56.0752#31.35#35.32#33.33
-145.103,56.0708#31.35#35.26#33.39
-145.009,56.0663#31.35#35.2#33.45
-144.916,56.0617#31.35#35.15#33.5
-144.822,56.057#31.35#35.1#33.55
-144.728,56.0522#31.35#35.05#33.6
-144.635,56.0473#31.35#34.99#33.66
-144.541,56.0424#31.35#34.94#33.71
-144.448,56.0373#31.35#34.89#33.76
-144.354,56.0322#31.34#34.84#33.82
-144.261,56.027#31.34#34.79#33.87
-144.167,56.0217#31.34#34.74#33.92
-144.074,56.0163#31.34#34.69#33.97
-143.98,56.0109#31.34#34.64#34.02
-143.887,56.0053#31.35#34.59#34.06
-143.794,55.9997#31.35#34.53#34.12
-143.701,55.994#31.35#34.48#34.17
-143.607,55.9882#31.36#34.43#34.21
-143.514,55.9823#31.36#34.38#34.26
-143.421,55.9763#31.37#34.33#34.3
-143.328,55.9703#31.38#34.27#34.35
-143.235,55.9641#31.39#34.22#34.39
-143.142,55.9579#31.41#34.16#34.43
-143.049,55.9516#31.42#34.11#34.47
-142.956,55.9452#31.43#34.05#34.52
-142.863,55.9388#31.45#33.99#34.56
-142.77,55.9322#31.46#33.93#34.61
-142.677,55.9255#31.48#33.88#34.64
-142.584,55.9188#31.49#33.82#34.69
-142.491,55.912#31.51#33.76#34.73
-142.398,55.9051#31.52#33.7#34.78
-158.262,55.9065#26.62#44.46#28.92
-158.169,55.914#26.63#44.37#29
-158.077,55.9214#26.64#44.29#29.07
-157.984,55.9287#26.65#44.2#29.15
-157.891,55.936#26.66#44.13#29.21
-157.799,55.9431#26.68#44.06#29.26
-157.706,55.9502#26.69#43.98#29.33
-157.613,55.9572#26.7#43.91#29.39
-157.52,55.9641#26.71#43.83#29.46
-157.427,55.9709#26.73#43.77#29.5
-157.334,55.9777#26.74#43.7#29.56
-157.241,55.9843#26.76#43.64#29.6
-157.148,55.9909#26.77#43.58#29.65
-157.055,55.9974#26.79#43.52#29.69
-156.962,56.0038#26.8#43.46#29.74
-156.868,56.0101#26.82#43.41#29.77
-156.775,56.0163#26.83#43.35#29.82
-156.682,56.0225#26.85#43.3#29.85
-156.589,56.0285#26.87#43.25#29.88
-156.495,56.0345#26.88#43.2#29.92
-156.402,56.0404#26.9#43.16#29.94
-156.309,56.0462#26.92#43.12#29.96
-156.215,56.052#26.94#43.08#29.98
-156.122,56.0576#26.95#43.04#30.01
-156.028,56.0632#26.97#43#30.03
-155.935,56.0686#26.99#42.98#30.03
-155.841,56.074#27.01#42.96#30.03
-155.748,56.0793#27.03#42.95#30.02
-155.654,56.0845#27.05#42.94#30.01
-155.56,56.0897#27.07#42.92#30.01
-155.467,56.0947#27.09#42.91#30
-155.373,56.0997#27.11#42.88#30.01
-155.279,56.1045#27.14#42.85#30.01
-155.185,56.1093#27.16#42.82#30.02
-155.092,56.114#27.18#42.79#30.03
-154.998,56.1186#27.2#42.76#30.04
-154.904,56.1232#27.22#42.71#30.07
-154.81,56.1276#27.25#42.66#30.09
-154.716,56.132#27.27#42.61#30.12
-154.622,56.1363#27.29#42.56#30.15
-154.528,56.1404#27.32#42.51#30.17
-154.434,56.1445#27.34#42.46#30.2
-154.34,56.1486#27.36#42.42#30.22
-154.246,56.1525#27.39#42.37#30.24
-154.152,56.1563#27.41#42.32#30.27
-154.058,56.1601#27.44#42.28#30.28
-153.964,56.1638#27.46#42.23#30.31
-153.87,56.1674#27.49#42.18#30.33
-153.776,56.1709#27.51#42.13#30.36
-153.682,56.1743#27.54#42.07#30.39
-153.588,56.1776#27.56#42.02#30.42
-153.493,56.1809#27.59#41.97#30.44
-153.399,56.184#27.62#41.92#30.46
-153.305,56.1871#27.64#41.87#30.49
-153.211,56.1901#27.67#41.82#30.51
-153.116,56.193#27.7#41.77#30.53
-153.022,56.1958#27.72#41.72#30.56
-152.928,56.1985#27.75#41.63#30.62
-152.834,56.2011#27.78#41.52#30.7
-152.739,56.2037#27.81#41.42#30.77
-152.645,56.2062#27.83#41.31#30.86
-152.551,56.2085#27.86#41.2#30.94
-152.456,56.2108#27.89#41.07#31.04
-152.362,56.213#27.92#40.91#31.17
-152.267,56.2152#27.94#40.76#31.3
-152.173,56.2172#27.97#40.6#31.43
-152.079,56.2192#28#40.45#31.55
-151.984,56.221#28.03#40.3#31.67
-151.89,56.2228#28.06#40.19#31.75
-151.795,56.2245#28.09#40.09#31.82
-151.701,56.2261#28.11#39.98#31.91
-151.606,56.2276#28.14#39.87#31.99
-151.512,56.229#28.17#39.76#32.07
-151.417,56.2304#28.2#39.68#32.12
-151.323,56.2316#28.22#39.6#32.18
-151.228,56.2328#28.25#39.52#32.23
-151.134,56.2339#28.28#39.44#32.28
-151.039,56.2349#28.31#39.36#32.33
-150.945,56.2358#28.33#39.29#32.38
-150.85,56.2366#28.36#39.23#32.41
-150.756,56.2373#28.38#39.16#32.46
-150.661,56.238#28.41#39.1#32.49
-150.567,56.2386#28.44#39.03#32.53
-150.472,56.239#28.46#38.97#32.57
-150.378,56.2394#28.49#38.9#32.61
-150.283,56.2397#28.51#38.82#32.67
-150.189,56.2399#28.54#38.75#32.71
-150.094,56.2401#28.56#38.68#32.76
-149.999,56.2401#28.59#38.61#32.8
-149.905,56.2401#28.61#38.53#32.86
-149.81,56.2399#28.64#38.46#32.9
-149.716,56.2397#28.67#38.39#32.94
-149.621,56.2394#28.7#38.31#32.99
-149.527,56.239#28.73#38.24#33.03
-149.432,56.2386#28.78#38.17#33.05
-149.338,56.238#28.82#38.1#33.08
-149.243,56.2373#28.87#38.03#33.1
-149.149,56.2366#28.92#37.96#33.12
-149.054,56.2358#28.97#37.89#33.14
-148.959,56.2349#29.03#37.82#33.15
-148.865,56.2339#29.1#37.75#33.15
-148.77,56.2328#29.18#37.68#33.14
-148.676,56.2316#29.25#37.61#33.14
-148.581,56.2304#29.33#37.55#33.12
-148.487,56.229#29.41#37.48#33.11
-148.392,56.2276#29.52#37.41#33.07
-148.298,56.2261#29.63#37.35#33.02
-148.204,56.2245#29.74#37.28#32.98
-148.109,56.2228#29.85#37.21#32.94
-148.015,56.221#29.96#37.15#32.89
-147.92,56.2191#30.07#37.08#32.85
-147.826,56.2172#30.18#37.02#32.8
-147.731,56.2151#30.29#36.95#32.76
-147.637,56.213#30.4#36.89#32.71
-147.543,56.2108#30.5#36.82#32.68
-147.448,56.2085#30.6#36.76#32.64
-147.354,56.2061#30.69#36.7#32.61
-147.26,56.2037#30.77#36.64#32.59
-147.165,56.2011#30.86#36.58#32.56
-147.071,56.1985#30.95#36.51#32.54
-146.977,56.1957#31.02#36.45#32.53
-146.882,56.1929#31.07#36.39#32.54
-146.788,56.19#31.11#36.33#32.56
-146.694,56.187#31.15#36.28#32.57
-146.6,56.184#31.19#36.21#32.6
-146.505,56.1808#31.23#36.15#32.62
-146.411,56.1776#31.25#36.09#32.66
-146.317,56.1742#31.27#36.03#32.7
-146.223,56.1708#31.28#35.97#32.75
-146.129,56.1673#31.3#35.91#32.79
-146.035,56.1637#31.31#35.85#32.84
-145.941,56.1601#31.32#35.79#32.89
-145.847,56.1563#31.33#35.74#32.93
-145.752,56.1524#31.33#35.68#32.99
-145.658,56.1485#31.34#35.62#33.04
-145.564,56.1445#31.34#35.56#33.1
-145.47,56.1404#31.35#35.51#33.14
-145.377,56.1362#31.35#35.45#33.2
-145.283,56.1319#31.35#35.4#33.25
-145.189,56.1276#31.35#35.34#33.31
-145.095,56.1231#31.35#35.29#33.36
-145.001,56.1186#31.36#35.23#33.41
-144.907,56.114#31.36#35.18#33.46
-144.813,56.1093#31.35#35.13#33.52
-144.72,56.1045#31.35#35.07#33.58
-144.626,56.0996#31.35#35.02#33.63
-144.532,56.0946#31.35#34.97#33.68
-144.438,56.0896#31.35#34.92#33.73
-144.345,56.0845#31.35#34.87#33.78
-144.251,56.0792#31.35#34.82#33.83
-144.158,56.0739#31.35#34.77#33.88
-144.064,56.0686#31.35#34.71#33.94
-143.971,56.0631#31.35#34.66#33.99
-143.877,56.0575#31.36#34.61#34.03
-143.784,56.0519#31.36#34.56#34.08
-143.69,56.0462#31.37#34.51#34.12
-143.597,56.0403#31.37#34.46#34.17
-143.503,56.0345#31.37#34.4#34.23
-143.41,56.0285#31.39#34.35#34.26
-143.317,56.0224#31.4#34.29#34.31
-143.224,56.0163#31.41#34.24#34.35
-143.13,56.01#31.42#34.18#34.4
-143.037,56.0037#31.43#34.13#34.44
-142.944,55.9973#31.45#34.07#34.48
-142.851,55.9908#31.46#34.01#34.53
-142.758,55.9842#31.48#33.95#34.57
-142.665,55.9776#31.5#33.89#34.61
-142.572,55.9708#31.51#33.83#34.66
-142.479,55.964#31.53#33.78#34.69
-142.386,55.9571#31.54#33.72#34.74
-142.293,55.9501#31.55#33.66#34.79
-142.2,55.943#31.56#33.6#34.84
-142.108,55.9359#31.58#33.54#34.88
-142.015,55.9286#31.59#33.48#34.93
-141.922,55.9213#31.6#33.42#34.98
-141.829,55.9139#31.6#33.36#35.04
-141.737,55.9064#31.61#33.3#35.09
-158.924,55.9035#26.54#45.13#28.33
-158.831,55.9116#26.55#45.04#28.41
-158.739,55.9196#26.56#44.94#28.5
-158.646,55.9275#26.57#44.85#28.58
-158.554,55.9354#26.58#44.75#28.67
-158.461,55.9431#26.59#44.66#28.75
-158.368,55.9508#26.6#44.58#28.82
-158.276,55.9584#26.61#44.49#28.9
-158.183,55.9659#26.62#44.4#28.98
-158.09,55.9733#26.63#44.31#29.06
-157.997,55.9807#26.64#44.23#29.13
-157.904,55.9879#26.65#44.15#29.2
-157.811,55.9951#26.66#44.08#29.26
-157.718,56.0022#26.67#44#29.33
-157.625,56.0092#26.69#43.92#29.39
-157.532,56.0161#26.7#43.85#29.45
-157.439,56.023#26.71#43.78#29.51
-157.346,56.0297#26.72#43.72#29.56
-157.253,56.0364#26.74#43.66#29.6
-157.16,56.043#26.75#43.59#29.66
-157.066,56.0495#26.77#43.53#29.7
-156.973,56.0559#26.78#43.47#29.75
-156.88,56.0622#26.8#43.42#29.78
-156.786,56.0685#26.81#43.37#29.82
-156.693,56.0746#26.83#43.32#29.85
-156.6,56.0807#26.84#43.27#29.89
-156.506,56.0867#26.86#43.21#29.93
-156.413,56.0926#26.88#43.17#29.95
-156.319,56.0984#26.9#43.14#29.96
-156.225,56.1041#26.91#43.1#29.99
-156.132,56.1098#26.93#43.06#30.01
-156.038,56.1154#26.95#43.02#30.03
-155.944,56.1208#26.97#43#30.03
-155.851,56.1262#26.99#42.99#30.02
-155.757,56.1315#27.01#42.97#30.02
-155.663,56.1368#27.03#42.96#30.01
-155.569,56.1419#27.04#42.95#30.01
-155.476,56.147#27.06#42.93#30.01
-155.382,56.1519#27.09#42.91#30
-155.288,56.1568#27.11#42.88#30.01
-155.194,56.1616#27.13#42.85#30.02
-155.1,56.1663#27.15#42.83#30.02
-155.006,56.171#27.17#42.8#30.03
-154.912,56.1755#27.19#42.75#30.06
-154.818,56.1799#27.21#42.7#30.09
-154.724,56.1843#27.24#42.65#30.11
-154.63,56.1886#27.26#42.6#30.14
-154.536,56.1928#27.28#42.55#30.17
-154.442,56.1969#27.31#42.5#30.19
-154.348,56.2009#27.33#42.46#30.21
-154.253,56.2049#27.36#42.41#30.23
-154.159,56.2087#27.38#42.37#30.25
-154.065,56.2125#27.41#42.32#30.27
-153.971,56.2162#27.43#42.28#30.29
-153.876,56.2198#27.46#42.23#30.31
-153.782,56.2233#27.48#42.18#30.34
-153.688,56.2267#27.51#42.13#30.36
-153.594,56.23#27.53#42.08#30.39
-153.499,56.2333#27.56#42.03#30.41
-153.405,56.2364#27.59#41.98#30.43
-153.31,56.2395#27.61#41.93#30.46
-153.216,56.2425#27.64#41.88#30.48
-153.122,56.2454#27.66#41.83#30.51
-153.027,56.2482#27.69#41.79#30.52
-152.933,56.251#27.72#41.7#30.58
-152.838,56.2536#27.75#41.59#30.66
-152.744,56.2562#27.77#41.49#30.74
-152.649,56.2586#27.8#41.39#30.81
-152.555,56.261#27.83#41.28#30.89
-152.46,56.2633#27.86#41.16#30.98
-152.366,56.2655#27.88#41.01#31.11
-152.271,56.2677#27.91#40.86#31.23
-152.177,56.2697#27.94#40.71#31.35
-152.082,56.2717#27.97#40.57#31.46
-151.987,56.2735#27.99#40.42#31.59
-151.893,56.2753#28.02#40.31#31.67
-151.798,56.277#28.05#40.2#31.75
-151.704,56.2786#28.08#40.09#31.83
-151.609,56.2801#28.11#39.98#31.91
-151.514,56.2816#28.13#39.86#32.01
-151.42,56.2829#28.16#39.77#32.07
-151.325,56.2842#28.19#39.69#32.12
-151.23,56.2853#28.22#39.6#32.18
-151.136,56.2864#28.24#39.51#32.25
-151.041,56.2874#28.27#39.42#32.31
-150.946,56.2883#28.3#39.35#32.35
-150.852,56.2892#28.32#39.28#32.4
-150.757,56.2899#28.35#39.21#32.44
-150.662,56.2905#28.38#39.14#32.48
-150.568,56.2911#28.4#39.08#32.52
-150.473,56.2916#28.43#39.01#32.56
-150.378,56.292#28.45#38.93#32.62
-150.284,56.2923#28.48#38.86#32.66
-150.189,56.2925#28.5#38.78#32.72
-150.094,56.2926#28.53#38.71#32.76
-149.999,56.2927#28.55#38.64#32.81
-149.905,56.2926#28.58#38.56#32.86
-149.81,56.2925#28.61#38.49#32.9
-149.715,56.2923#28.64#38.41#32.95
-149.621,56.292#28.67#38.34#32.99
-149.526,56.2916#28.7#38.26#33.04
-149.431,56.2911#28.74#38.19#33.07
-149.336,56.2905#28.79#38.12#33.09
-149.242,56.2899#28.83#38.05#33.12
-149.147,56.2891#28.88#37.97#33.15
-149.052,56.2883#28.92#37.9#33.18
-148.958,56.2874#28.98#37.83#33.19
-148.863,56.2864#29.06#37.76#33.18
-148.768,56.2853#29.13#37.7#33.17
-148.674,56.2841#29.2#37.63#33.17
-148.579,56.2829#29.28#37.56#33.16
-148.484,56.2815#29.36#37.49#33.15
-148.39,56.2801#29.46#37.42#33.12
-148.295,56.2786#29.57#37.36#33.07
-148.201,56.277#29.68#37.29#33.03
-148.106,56.2753#29.79#37.22#32.99
-148.011,56.2735#29.9#37.16#32.94
-147.917,56.2716#30.01#37.09#32.9
-147.822,56.2697#30.12#37.03#32.85
-147.728,56.2676#30.23#36.96#32.81
-147.633,56.2655#30.34#36.9#32.76
-147.539,56.2633#30.45#36.83#32.72
-147.444,56.261#30.55#36.77#32.68
-147.35,56.2586#30.63#36.71#32.66
-147.255,56.2561#30.72#36.65#32.63
-147.161,56.2536#30.81#36.58#32.61
-147.066,56.2509#30.9#36.52#32.58
-146.972,56.2482#30.98#36.46#32.56
-146.877,56.2454#31.03#36.4#32.57
-146.783,56.2425#31.07#36.34#32.59
-146.688,56.2395#31.12#36.28#32.6
-146.594,56.2364#31.17#36.23#32.6
-146.5,56.2332#31.22#36.17#32.61
-146.405,56.23#31.24#36.11#32.65
-146.311,56.2267#31.25#36.05#32.7
-146.217,56.2232#31.27#35.99#32.74
-146.122,56.2197#31.29#35.93#32.78
-146.028,56.2161#31.31#35.87#32.82
-145.934,56.2124#31.32#35.81#32.87
-145.84,56.2087#31.33#35.76#32.91
-145.745,56.2048#31.34#35.7#32.96
-145.651,56.2009#31.34#35.65#33.01
-145.557,56.1969#31.35#35.59#33.06
-145.463,56.1927#31.35#35.53#33.12
-145.369,56.1885#31.36#35.48#33.16
-145.275,56.1843#31.36#35.42#33.22
-145.181,56.1799#31.36#35.37#33.27
-145.087,56.1754#31.36#35.31#33.33
-144.993,56.1709#31.36#35.26#33.38
-144.899,56.1663#31.36#35.2#33.44
-144.805,56.1616#31.36#35.15#33.49
-144.711,56.1568#31.36#35.1#33.54
-144.617,56.1519#31.36#35.05#33.59
-144.523,56.1469#31.36#35#33.64
-144.429,56.1418#31.36#34.94#33.7
-144.336,56.1367#31.36#34.89#33.75
-144.242,56.1315#31.36#34.84#33.8
-144.148,56.1262#31.36#34.79#33.85
-144.054,56.1208#31.36#34.74#33.9
-143.961,56.1153#31.36#34.69#33.95
-143.867,56.1097#31.37#34.64#33.99
-143.773,56.1041#31.37#34.58#34.05
-143.68,56.0983#31.38#34.53#34.09
-143.586,56.0925#31.38#34.48#34.14
-143.493,56.0866#31.39#34.43#34.18
-143.399,56.0806#31.4#34.37#34.23
-143.306,56.0745#31.41#34.31#34.28
-143.212,56.0684#31.43#34.26#34.31
-143.119,56.0621#31.44#34.2#34.36
-143.026,56.0558#31.45#34.15#34.4
-142.933,56.0494#31.47#34.09#34.44
-142.839,56.0429#31.48#34.03#34.49
-142.746,56.0363#31.5#33.97#34.53
-142.653,56.0296#31.52#33.91#34.57
-142.56,56.0229#31.53#33.85#34.62
-142.467,56.016#31.55#33.79#34.66
-142.374,56.0091#31.56#33.73#34.71
-142.281,56.0021#31.57#33.67#34.76
-142.188,55.995#31.58#33.61#34.81
-142.095,55.9878#31.59#33.55#34.86
-142.002,55.9806#31.6#33.49#34.91
-141.909,55.9732#31.61#33.43#34.96
-141.816,55.9658#31.61#33.37#35.02
-141.723,55.9583#31.62#33.31#35.07
-141.631,55.9507#31.62#33.25#35.13
-141.538,55.943#31.63#33.18#35.19
-141.445,55.9353#31.63#33.13#35.24
-141.353,55.9274#31.64#33.09#35.27
-141.26,55.9195#31.64#33.04#35.32
-141.168,55.9115#31.64#33#35.36
-141.075,55.9034#31.64#32.96#35.4
-159.493,55.9049#26.49#45.67#27.84
-159.4,55.9135#26.5#45.59#27.91
-159.308,55.922#26.5#45.51#27.99
-159.216,55.9305#26.51#45.43#28.06
-159.123,55.9388#26.52#45.34#28.14
-159.031,55.9471#26.52#45.26#28.22
-158.938,55.9553#26.53#45.17#28.3
-158.846,55.9634#26.54#45.08#28.38
-158.753,55.9714#26.55#44.98#28.47
-158.66,55.9794#26.56#44.89#28.55
-158.568,55.9872#26.57#44.79#28.64
-158.475,55.995#26.57#44.69#28.74
-158.382,56.0027#26.58#44.61#28.81
-158.289,56.0103#26.59#44.52#28.89
-158.196,56.0178#26.6#44.43#28.97
-158.103,56.0253#26.61#44.34#29.05
-158.01,56.0326#26.62#44.25#29.13
-157.917,56.0399#26.64#44.17#29.19
-157.824,56.0471#26.65#44.1#29.25
-157.731,56.0542#26.66#44.02#29.32
-157.638,56.0612#26.67#43.94#29.39
-157.545,56.0682#26.68#43.87#29.45
-157.451,56.075#26.69#43.8#29.51
-157.358,56.0818#26.71#43.73#29.56
-157.265,56.0884#26.72#43.67#29.61
-157.171,56.095#26.73#43.61#29.66
-157.078,56.1016#26.75#43.54#29.71
-156.984,56.108#26.76#43.48#29.76
-156.891,56.1143#26.78#43.43#29.79
-156.797,56.1206#26.79#43.38#29.83
-156.704,56.1268#26.81#43.33#29.86
-156.61,56.1328#26.82#43.28#29.9
-156.517,56.1388#26.84#43.23#29.93
-156.423,56.1448#26.86#43.19#29.95
-156.329,56.1506#26.87#43.15#29.98
-156.236,56.1563#26.89#43.12#29.99
-156.142,56.162#26.91#43.08#30.01
-156.048,56.1676#26.92#43.04#30.04
-155.954,56.1731#26.94#43.02#30.04
-155.86,56.1785#26.96#43.01#30.03
-155.767,56.1838#26.98#43#30.02
-155.673,56.189#27#42.99#30.01
-155.579,56.1942#27.02#42.97#30.01
-155.485,56.1992#27.04#42.95#30.01
-155.391,56.2042#27.06#42.92#30.02
-155.297,56.2091#27.08#42.89#30.03
-155.203,56.2139#27.1#42.85#30.05
-155.108,56.2186#27.12#42.82#30.06
-155.014,56.2233#27.14#42.79#30.07
-154.92,56.2278#27.17#42.75#30.08
-154.826,56.2323#27.19#42.7#30.11
-154.732,56.2367#27.21#42.65#30.14
-154.638,56.241#27.23#42.6#30.17
-154.543,56.2452#27.26#42.56#30.18
-154.449,56.2493#27.28#42.51#30.21
-154.355,56.2533#27.3#42.47#30.23
-154.26,56.2573#27.33#42.43#30.24
-154.166,56.2611#27.35#42.39#30.26
-154.072,56.2649#27.38#42.35#30.27
-153.977,56.2686#27.4#42.31#30.29
-153.883,56.2722#27.43#42.27#30.3
-153.788,56.2757#27.45#42.22#30.33
-153.694,56.2791#27.48#42.17#30.35
-153.599,56.2825#27.5#42.13#30.37
-153.505,56.2857#27.53#42.08#30.39
-153.41,56.2889#27.55#42.04#30.41
-153.316,56.292#27.58#41.99#30.43
-153.221,56.295#27.61#41.94#30.45
-153.127,56.2979#27.63#41.9#30.47
-153.032,56.3007#27.66#41.85#30.49
-152.938,56.3035#27.69#41.77#30.54
-152.843,56.3061#27.71#41.67#30.62
-152.748,56.3087#27.74#41.57#30.69
-152.654,56.3111#27.77#41.46#30.77
-152.559,56.3135#27.79#41.36#30.85
-152.464,56.3158#27.82#41.25#30.93
-152.37,56.3181#27.85#41.11#31.04
-152.275,56.3202#27.88#40.97#31.15
-152.18,56.3222#27.9#40.83#31.27
-152.085,56.3242#27.93#40.69#31.38
-151.991,56.3261#27.96#40.55#31.49
-151.896,56.3278#27.99#40.43#31.58
-151.801,56.3295#28.02#40.32#31.66
-151.706,56.3311#28.04#40.2#31.76
-151.612,56.3327#28.07#40.08#31.85
-151.517,56.3341#28.1#39.96#31.94
-151.422,56.3354#28.13#39.86#32.01
-151.327,56.3367#28.15#39.77#32.08
-151.232,56.3379#28.18#39.67#32.15
-151.138,56.339#28.21#39.58#32.21
-151.043,56.34#28.24#39.48#32.28
-150.948,56.3409#28.26#39.4#32.34
-150.853,56.3417#28.29#39.33#32.38
-150.758,56.3424#28.31#39.26#32.43
-150.663,56.3431#28.34#39.19#32.47
-150.569,56.3437#28.37#39.12#32.51
-150.474,56.3441#28.39#39.05#32.56
-150.379,56.3445#28.42#38.97#32.61
-150.284,56.3448#28.44#38.9#32.66
-150.189,56.3451#28.47#38.82#32.71
-150.094,56.3452#28.49#38.74#32.77
-149.999,56.3452#28.52#38.67#32.81
-149.905,56.3452#28.55#38.59#32.86
-149.81,56.3451#28.58#38.51#32.91
-149.715,56.3448#28.6#38.44#32.96
-149.62,56.3445#28.63#38.36#33.01
-149.525,56.3441#28.66#38.28#33.06
-149.43,56.3437#28.7#38.21#33.09
