-151.99,60.9017#28.26#32.87#38.87
-151.879,60.9035#28.39#32.85#38.76
-151.769,60.9052#28.52#32.83#38.65
-151.658,60.9068#28.65#32.82#38.53
-151.548,60.9083#28.78#32.8#38.42
-151.437,60.9097#28.95#32.78#38.27
-151.326,60.911#29.15#32.75#38.1
-151.216,60.9122#29.36#32.72#37.92
-151.105,60.9133#29.57#32.7#37.73
-150.995,60.9143#29.77#32.67#37.56
-150.884,60.9151#29.9#32.65#37.45
-150.774,60.9159#30.03#32.63#37.34
-150.663,60.9166#30.17#32.61#37.22
-150.552,60.9172#30.3#32.59#37.11
-150.442,60.9176#30.4#32.59#37.01
-150.331,60.918#30.47#32.61#36.92
-150.221,60.9182#30.54#32.63#36.83
-150.11,60.9184#30.61#32.65#36.74
-149.999,60.9185#30.68#32.67#36.65
-149.889,60.9184#30.73#32.66#36.61
-149.778,60.9182#30.79#32.64#36.57
-149.667,60.918#30.84#32.63#36.53
-149.557,60.9176#30.9#32.62#36.48
-149.446,60.9172#30.95#32.61#36.44
-149.336,60.9166#30.99#32.61#36.4
-149.225,60.9159#31.04#32.62#36.34
-149.114,60.9151#31.08#32.62#36.3
-149.004,60.9142#31.12#32.63#36.25
-148.893,60.9133#31.15#32.63#36.22
-148.783,60.9122#31.17#32.63#36.2
-148.672,60.911#31.2#32.62#36.18
-148.562,60.9097#31.22#32.62#36.16
-148.451,60.9083#31.24#32.62#36.14
-148.341,60.9068#31.26#32.62#36.12
-148.23,60.9052#31.27#32.62#36.11
-148.12,60.9035#31.29#32.62#36.09
-148.009,60.9016#31.31#32.62#36.07
-154.093,60.9011#28#32.99#39.01
-153.983,60.9049#28.01#32.96#39.03
-153.872,60.9086#28.03#32.94#39.03
-153.762,60.9122#28.04#32.91#39.05
-153.652,60.9157#28.05#32.89#39.06
-153.541,60.919#28.07#32.86#39.07
-153.431,60.9223#28.08#32.86#39.06
-153.32,60.9255#28.09#32.87#39.04
-153.21,60.9285#28.11#32.88#39.01
-153.099,60.9315#28.12#32.89#38.99
-152.989,60.9344#28.13#32.9#38.97
-152.878,60.9371#28.15#32.88#38.97
-152.768,60.9398#28.16#32.86#38.98
-152.657,60.9423#28.17#32.84#38.99
-152.547,60.9447#28.18#32.82#39
-152.436,60.9471#28.2#32.8#39
-152.325,60.9493#28.23#32.78#38.99
-152.215,60.9514#28.25#32.75#39
-152.104,60.9535#28.28#32.72#39
-151.993,60.9554#28.31#32.7#38.99
-151.883,60.9572#28.44#32.68#38.88
-151.772,60.9589#28.57#32.66#38.77
-151.661,60.9605#28.7#32.65#38.65
-151.55,60.962#28.83#32.63#38.54
-151.44,60.9634#29#32.61#38.39
-151.329,60.9647#29.21#32.59#38.2
-151.218,60.9659#29.43#32.56#38.01
-151.107,60.967#29.64#32.54#37.82
-150.997,60.968#29.85#32.52#37.63
-150.886,60.9689#29.99#32.5#37.51
-150.775,60.9697#30.14#32.48#37.38
-150.664,60.9704#30.28#32.46#37.26
-150.553,60.9709#30.42#32.44#37.14
-150.443,60.9714#30.52#32.45#37.03
-150.332,60.9718#30.59#32.48#36.93
-150.221,60.972#30.67#32.51#36.82
-150.11,60.9722#30.74#32.55#36.71
-149.999,60.9722#30.81#32.58#36.61
-149.888,60.9722#30.86#32.57#36.57
-149.778,60.972#30.92#32.55#36.53
-149.667,60.9718#30.98#32.54#36.48
-149.556,60.9714#31.03#32.53#36.44
-149.445,60.9709#31.08#32.53#36.39
-149.334,60.9703#31.13#32.54#36.33
-149.224,60.9697#31.17#32.54#36.29
-149.113,60.9689#31.22#32.55#36.23
-149.002,60.968#31.26#32.56#36.18
-148.891,60.967#31.29#32.56#36.15
-148.78,60.9659#31.31#32.56#36.13
-148.67,60.9647#31.33#32.56#36.11
-148.559,60.9634#31.36#32.56#36.08
-148.448,60.962#31.38#32.56#36.06
-148.337,60.9605#31.39#32.56#36.05
-148.227,60.9589#31.41#32.56#36.03
-148.116,60.9572#31.42#32.56#36.02
-148.005,60.9554#31.44#32.56#36
-147.895,60.9534#31.45#32.57#35.98
-147.784,60.9514#31.46#32.57#35.97
-147.673,60.9493#31.48#32.57#35.95
-147.563,60.947#31.49#32.58#35.93
-147.452,60.9447#31.5#32.59#35.91
-147.341,60.9423#31.5#32.61#35.89
-147.231,60.9397#31.51#32.63#35.86
-147.12,60.9371#31.52#32.65#35.83
-147.01,60.9343#31.52#32.68#35.8
-146.899,60.9315#31.53#32.7#35.77
-146.789,60.9285#31.53#32.72#35.75
-146.678,60.9254#31.54#32.74#35.72
-146.568,60.9223#31.54#32.76#35.7
-146.457,60.919#31.55#32.78#35.67
-146.347,60.9156#31.56#32.79#35.65
-146.237,60.9122#31.57#32.8#35.63
-146.126,60.9086#31.57#32.82#35.61
-146.016,60.9049#31.58#32.83#35.59
-145.906,60.9011#31.59#32.83#35.58
-155.424,60.9012#27.89#33.72#38.39
-155.314,60.9062#27.9#33.6#38.5
-155.204,60.9112#27.91#33.48#38.61
-155.094,60.916#27.93#33.35#38.72
-154.984,60.9207#27.94#33.24#38.82
-154.873,60.9253#27.96#33.18#38.86
-154.763,60.9298#27.97#33.12#38.91
-154.653,60.9343#27.98#33.06#38.96
-154.542,60.9386#28#33#39
-154.432,60.9428#28.01#32.96#39.03
-154.322,60.9469#28.02#32.92#39.06
-154.211,60.9509#28.04#32.88#39.08
-154.101,60.9548#28.05#32.84#39.11
-153.99,60.9586#28.07#32.8#39.13
-153.88,60.9623#28.08#32.77#39.15
-153.769,60.9658#28.09#32.75#39.16
-153.659,60.9693#28.11#32.72#39.17
-153.548,60.9727#28.12#32.69#39.19
-153.437,60.976#28.13#32.69#39.18
-153.327,60.9792#28.15#32.7#39.15
-153.216,60.9822#28.16#32.72#39.12
-153.105,60.9852#28.17#32.73#39.1
-152.995,60.9881#28.18#32.75#39.07
-152.884,60.9908#28.2#32.73#39.07
-152.773,60.9935#28.21#32.71#39.08
-152.662,60.996#28.22#32.68#39.1
-152.552,60.9985#28.24#32.66#39.1
-152.441,61.0008#28.26#32.64#39.1
-152.33,61.003#28.28#32.61#39.11
-152.219,61.0052#28.31#32.58#39.11
-152.108,61.0072#28.33#32.55#39.12
-151.997,61.0091#28.36#32.52#39.12
-151.886,61.011#28.49#32.51#39
-151.775,61.0127#28.62#32.49#38.89
-151.664,61.0143#28.75#32.48#38.77
-151.554,61.0158#28.87#32.46#38.67
-151.443,61.0172#29.05#32.44#38.51
-151.332,61.0185#29.27#32.42#38.31
-151.221,61.0197#29.49#32.4#38.11
-151.11,61.0208#29.72#32.38#37.9
-150.999,61.0218#29.94#32.36#37.7
-150.888,61.0227#30.09#32.34#37.57
-150.777,61.0235#30.24#32.33#37.43
-150.666,61.0241#30.39#32.31#37.3
-150.554,61.0247#30.54#32.3#37.16
-150.443,61.0252#30.65#32.31#37.04
-150.332,61.0255#30.72#32.35#36.93
-150.221,61.0258#30.79#32.4#36.81
-150.11,61.026#30.86#32.44#36.7
-149.999,61.026#30.93#32.48#36.59
-149.888,61.026#30.99#32.47#36.54
-149.777,61.0258#31.05#32.46#36.49
-149.666,61.0255#31.11#32.46#36.43
-149.555,61.0252#31.17#32.45#36.38
-149.444,61.0247#31.22#32.45#36.33
-149.333,61.0241#31.26#32.46#36.28
-149.222,61.0234#31.31#32.47#36.22
-149.111,61.0227#31.35#32.48#36.17
-149,61.0218#31.4#32.49#36.11
-148.889,61.0208#31.42#32.49#36.09
-148.778,61.0197#31.45#32.49#36.06
-148.667,61.0185#31.47#32.49#36.04
-148.556,61.0172#31.49#32.49#36.02
-148.445,61.0158#31.51#32.49#36
-148.334,61.0143#31.53#32.49#35.98
-148.223,61.0127#31.54#32.5#35.96
-148.112,61.0109#31.56#32.5#35.94
-148.001,61.0091#31.57#32.5#35.93
-147.89,61.0072#31.59#32.51#35.9
-147.78,61.0052#31.6#32.51#35.89
-147.669,61.003#31.61#32.52#35.87
-147.558,61.0008#31.62#32.52#35.86
-147.447,60.9984#31.63#32.54#35.83
-147.336,60.996#31.63#32.56#35.81
-147.225,60.9934#31.64#32.58#35.78
-147.115,60.9908#31.65#32.6#35.75
-147.004,60.988#31.65#32.62#35.73
-146.893,60.9852#31.66#32.65#35.69
-146.782,60.9822#31.66#32.67#35.67
-146.672,60.9791#31.66#32.7#35.64
-146.561,60.9759#31.67#32.72#35.61
-146.451,60.9727#31.67#32.74#35.59
-146.34,60.9693#31.68#32.76#35.56
-146.229,60.9658#31.69#32.78#35.53
-146.119,60.9622#31.7#32.79#35.51
-146.008,60.9585#31.7#32.81#35.49
-145.898,60.9547#31.71#32.81#35.48
-145.787,60.9508#31.72#32.82#35.46
-145.677,60.9468#31.73#32.82#35.45
-145.567,60.9427#31.74#32.83#35.43
-145.456,60.9385#31.76#32.83#35.41
-145.346,60.9342#31.78#32.83#35.39
-145.236,60.9298#31.8#32.83#35.37
-145.125,60.9253#31.82#32.83#35.35
-145.015,60.9207#31.84#32.83#35.33
-144.905,60.9159#31.91#32.82#35.27
-144.795,60.9111#31.99#32.82#35.19
-144.685,60.9062#32.07#32.82#35.11
-144.575,60.9011#32.15#32.81#35.04
-156.425,60.9047#27.81#35.63#36.56
-156.315,60.9107#27.82#35.43#36.75
-156.205,60.9166#27.84#35.22#36.94
-156.095,60.9223#27.85#35.02#37.13
-155.985,60.928#27.86#34.8#37.34
-155.875,60.9335#27.88#34.56#37.56
-155.765,60.939#27.89#34.32#37.79
-155.655,60.9443#27.91#34.08#38.01
-155.545,60.9496#27.92#33.84#38.24
-155.435,60.9547#27.94#33.67#38.39
-155.324,60.9598#27.95#33.53#38.52
-155.214,60.9647#27.96#33.39#38.65
-155.104,60.9695#27.98#33.25#38.77
-154.993,60.9743#27.99#33.11#38.9
-154.883,60.9789#28.01#33.05#38.94
-154.772,60.9834#28.02#32.99#38.99
-154.662,60.9879#28.03#32.92#39.05
-154.551,60.9922#28.05#32.86#39.09
-154.441,60.9964#28.06#32.81#39.13
-154.33,61.0005#28.08#32.77#39.15
-154.219,61.0045#28.09#32.72#39.19
-154.109,61.0084#28.1#32.68#39.22
-153.998,61.0122#28.12#32.64#39.24
-153.887,61.0159#28.13#32.61#39.26
-153.777,61.0195#28.14#32.58#39.28
-153.666,61.023#28.16#32.55#39.29
-153.555,61.0264#28.17#32.52#39.31
-153.444,61.0297#28.18#32.52#39.3
-153.333,61.0329#28.2#32.53#39.27
-153.222,61.0359#28.21#32.55#39.24
-153.111,61.0389#28.22#32.57#39.21
-153,61.0418#28.24#32.6#39.16
-152.89,61.0445#28.25#32.57#39.18
-152.779,61.0472#28.26#32.55#39.19
-152.668,61.0497#28.28#32.52#39.2
-152.557,61.0522#28.29#32.5#39.21
-152.445,61.0545#28.31#32.47#39.22
-152.334,61.0568#28.33#32.44#39.23
-152.223,61.0589#28.36#32.41#39.23
-152.112,61.061#28.39#32.38#39.23
-152.001,61.0629#28.41#32.35#39.24
-151.89,61.0647#28.54#32.34#39.12
-151.779,61.0664#28.67#32.32#39.01
-151.668,61.0681#28.79#32.31#38.9
-151.557,61.0696#28.92#32.3#38.78
-151.445,61.071#29.1#32.28#38.62
-151.334,61.0723#29.33#32.26#38.41
-151.223,61.0735#29.56#32.24#38.2
-151.112,61.0746#29.79#32.22#37.99
-151.001,61.0756#30.02#32.2#37.78
-150.889,61.0765#30.18#32.19#37.63
-150.778,61.0772#30.34#32.17#37.49
-150.667,61.0779#30.49#32.16#37.35
-150.556,61.0785#30.65#32.15#37.2
-150.444,61.079#30.77#32.17#37.06
-150.333,61.0793#30.84#32.22#36.94
-150.222,61.0796#30.92#32.28#36.8
-150.111,61.0797#30.99#32.33#36.68
-149.999,61.0798#31.06#32.39#36.55
-149.888,61.0797#31.12#32.38#36.5
-149.777,61.0796#31.18#32.38#36.44
-149.666,61.0793#31.24#32.37#36.39
-149.554,61.079#31.3#32.36#36.34
-149.443,61.0785#31.35#32.37#36.28
-149.332,61.0779#31.4#32.38#36.22
-149.221,61.0772#31.44#32.39#36.17
-149.109,61.0765#31.49#32.4#36.11
-148.998,61.0756#31.54#32.42#36.04
-148.887,61.0746#31.56#32.42#36.02
-148.776,61.0735#31.58#32.42#36
-148.664,61.0723#31.61#32.42#35.97
-148.553,61.071#31.63#32.42#35.95
-148.442,61.0696#31.65#32.43#35.92
-148.331,61.068#31.66#32.43#35.91
-148.22,61.0664#31.68#32.43#35.89
-148.109,61.0647#31.69#32.44#35.87
-147.997,61.0629#31.71#32.44#35.85
-147.886,61.0609#31.72#32.45#35.83
-147.775,61.0589#31.73#32.45#35.82
-147.664,61.0568#31.74#32.46#35.8
-147.553,61.0545#31.75#32.47#35.78
-147.442,61.0522#31.76#32.48#35.76
-147.331,61.0497#31.76#32.5#35.74
-147.22,61.0472#31.77#32.53#35.7
-147.109,61.0445#31.77#32.55#35.68
-146.998,61.0417#31.78#32.57#35.65
-146.887,61.0389#31.78#32.6#35.62
-146.776,61.0359#31.79#32.63#35.58
-146.665,61.0328#31.79#32.66#35.55
-146.555,61.0296#31.79#32.69#35.52
-146.444,61.0263#31.8#32.71#35.49
-146.333,61.023#31.8#32.73#35.47
-146.222,61.0195#31.81#32.75#35.44
-146.111,61.0159#31.82#32.77#35.41
-146.001,61.0122#31.83#32.79#35.38
-145.89,61.0084#31.83#32.79#35.38
-145.779,61.0045#31.84#32.8#35.36
-145.669,61.0005#31.85#32.8#35.35
-145.558,60.9963#31.86#32.81#35.33
-145.447,60.9921#31.87#32.81#35.32
-145.337,60.9878#31.89#32.81#35.3
-145.226,60.9834#31.91#32.81#35.28
-145.116,60.9788#31.92#32.81#35.27
-145.005,60.9742#31.94#32.81#35.25
-144.895,60.9695#32.03#32.81#35.16
-144.785,60.9646#32.11#32.81#35.08
-144.674,60.9597#32.2#32.8#35
-144.564,60.9547#32.29#32.8#34.91
-144.454,60.9495#32.35#32.79#34.86
-144.344,60.9443#32.38#32.79#34.83
-144.233,60.9389#32.41#32.78#34.81
-144.123,60.9335#32.45#32.78#34.77
-144.013,60.9279#32.48#32.77#34.75
-143.903,60.9223#32.52#32.76#34.72
-143.793,60.9165#32.55#32.75#34.7
-143.683,60.9106#32.58#32.75#34.67
-143.573,60.9047#32.62#32.74#34.64
-157.317,60.9067#27.74#37.29#34.97
-157.207,60.9135#27.75#37.08#35.17
-157.097,60.9201#27.77#36.87#35.36
-156.987,60.9267#27.78#36.66#35.56
-156.877,60.9332#27.8#36.45#35.75
-156.768,60.9396#27.81#36.24#35.95
-156.658,60.9459#27.83#36.03#36.14
-156.548,60.9521#27.84#35.82#36.34
-156.438,60.9582#27.86#35.61#36.53
-156.327,60.9641#27.87#35.4#36.73
-156.217,60.97#27.88#35.19#36.93
-156.107,60.9758#27.9#34.98#37.12
-155.997,60.9815#27.91#34.78#37.31
-155.887,60.987#27.93#34.53#37.54
-155.776,60.9925#27.94#34.29#37.77
-155.666,60.9979#27.96#34.05#37.99
-155.555,61.0031#27.97#33.81#38.22
-155.445,61.0083#27.99#33.61#38.4
-155.335,61.0133#28#33.46#38.54
-155.224,61.0183#28.01#33.3#38.69
-155.113,61.0231#28.03#33.15#38.82
-155.003,61.0279#28.04#32.99#38.97
-154.892,61.0325#28.06#32.92#39.02
-154.782,61.037#28.07#32.85#39.08
-154.671,61.0415#28.09#32.79#39.12
-154.56,61.0458#28.1#32.72#39.18
-154.449,61.05#28.11#32.66#39.23
-154.338,61.0541#28.13#32.62#39.25
-154.228,61.0582#28.14#32.57#39.29
-154.117,61.0621#28.15#32.52#39.33
-154.006,61.0659#28.17#32.48#39.35
-153.895,61.0696#28.18#32.45#39.37
-153.784,61.0732#28.2#32.41#39.39
-153.673,61.0767#28.21#32.38#39.41
-153.562,61.0801#28.22#32.35#39.43
-153.451,61.0834#28.24#32.34#39.42
-153.34,61.0866#28.25#32.37#39.38
-153.229,61.0896#28.26#32.39#39.35
-153.117,61.0926#28.28#32.41#39.31
-153.006,61.0955#28.29#32.44#39.27
-152.895,61.0983#28.3#32.42#39.28
-152.784,61.1009#28.32#32.39#39.29
-152.673,61.1035#28.33#32.36#39.31
-152.561,61.1059#28.34#32.33#39.33
-152.45,61.1083#28.36#32.31#39.33
-152.339,61.1105#28.39#32.27#39.34
-152.228,61.1127#28.41#32.24#39.35
-152.116,61.1147#28.44#32.21#39.35
-152.005,61.1167#28.46#32.18#39.36
-151.894,61.1185#28.59#32.16#39.25
-151.782,61.1202#28.71#32.15#39.14
-151.671,61.1218#28.84#32.14#39.02
-151.56,61.1234#28.97#32.13#38.9
-151.448,61.1248#29.15#32.11#38.74
-151.337,61.1261#29.39#32.1#38.51
-151.225,61.1273#29.63#32.08#38.29
-151.114,61.1284#29.87#32.06#38.07
-151.002,61.1294#30.11#32.05#37.84
-150.891,61.1303#30.27#32.03#37.7
-150.78,61.131#30.44#32.02#37.54
-150.668,61.1317#30.6#32.01#37.39
-150.557,61.1323#30.77#32#37.23
-150.445,61.1328#30.89#32.03#37.08
-150.334,61.1331#30.97#32.1#36.93
-150.222,61.1334#31.04#32.16#36.8
-150.111,61.1336#31.12#32.23#36.65
-149.999,61.1336#31.19#32.29#36.52
-149.888,61.1336#31.25#32.29#36.46
-149.776,61.1334#31.31#32.29#36.4
-149.665,61.1331#31.37#32.28#36.35
-149.553,61.1328#31.43#32.28#36.29
-149.442,61.1323#31.49#32.28#36.23
-149.33,61.1317#31.53#32.3#36.17
-149.219,61.131#31.58#32.32#36.1
-149.108,61.1303#31.63#32.33#36.04
-148.996,61.1294#31.67#32.35#35.98
-148.885,61.1284#31.7#32.35#35.95
-148.773,61.1273#31.72#32.35#35.93
-148.662,61.1261#31.74#32.35#35.91
-148.55,61.1248#31.77#32.36#35.87
-148.439,61.1233#31.78#32.36#35.86
-148.328,61.1218#31.8#32.37#35.83
-148.216,61.1202#31.82#32.37#35.81
-148.105,61.1185#31.83#32.38#35.79
-147.994,61.1166#31.84#32.38#35.78
-147.882,61.1147#31.85#32.39#35.76
-147.771,61.1127#31.86#32.4#35.74
-147.66,61.1105#31.87#32.4#35.73
-147.548,61.1083#31.88#32.41#35.71
-147.437,61.1059#31.89#32.43#35.68
-147.326,61.1035#31.89#32.45#35.66
-147.215,61.1009#31.9#32.47#35.63
-147.103,61.0982#31.9#32.49#35.61
-146.992,61.0955#31.91#32.52#35.57
-146.881,61.0926#31.91#32.55#35.54
-146.77,61.0896#31.91#32.58#35.51
-146.659,61.0865#31.91#32.62#35.47
-146.548,61.0833#31.92#32.65#35.43
-146.437,61.08#31.92#32.68#35.4
-146.326,61.0766#31.93#32.7#35.37
-146.215,61.0731#31.93#32.72#35.35
-146.104,61.0695#31.94#32.75#35.31
-145.993,61.0658#31.95#32.77#35.28
-145.882,61.062#31.95#32.77#35.28
-145.771,61.0581#31.96#32.78#35.26
-145.66,61.0541#31.97#32.79#35.24
-145.549,61.05#31.97#32.79#35.24
-145.439,61.0457#31.99#32.8#35.21
-145.328,61.0414#32#32.8#35.2
-145.217,61.037#32.01#32.8#35.19
-145.106,61.0324#32.03#32.8#35.17
-144.996,61.0278#32.05#32.8#35.15
-144.885,61.0231#32.14#32.8#35.06
-144.775,61.0182#32.24#32.79#34.97
-144.664,61.0133#32.33#32.79#34.88
-144.554,61.0082#32.42#32.79#34.79
-144.443,61.003#32.47#32.78#34.75
-144.333,60.9978#32.5#32.77#34.73
-144.222,60.9924#32.52#32.77#34.71
-144.112,60.987#32.55#32.76#34.69
-144.002,60.9814#32.58#32.76#34.66
-143.892,60.9757#32.6#32.75#34.65
-143.781,60.9699#32.63#32.74#34.63
-143.671,60.9641#32.66#32.73#34.61
-143.561,60.9581#32.69#32.72#34.59
-143.451,60.952#32.71#32.71#34.58
-143.341,60.9458#32.73#32.69#34.58
-143.231,60.9395#32.75#32.68#34.57
-143.121,60.9331#32.77#32.66#34.57
-143.011,60.9267#32.79#32.65#34.56
-142.902,60.9201#32.84#32.63#34.53
-142.792,60.9134#32.88#32.61#34.51
-142.682,60.9066#32.93#32.59#34.48
-158.208,60.9018#27.66#38.94#33.4
-158.098,60.9095#27.68#38.72#33.6
-157.989,60.917#27.69#38.51#33.8
-157.879,60.9244#27.71#38.3#33.99
-157.77,60.9317#27.72#38.1#34.18
-157.66,60.9389#27.74#37.9#34.36
-157.55,60.9461#27.75#37.69#34.56
-157.44,60.9531#27.77#37.49#34.74
-157.331,60.96#27.78#37.28#34.94
-157.221,60.9668#27.8#37.06#35.14
-157.111,60.9735#27.81#36.85#35.34
-157.001,60.9801#27.83#36.64#35.53
-156.891,60.9866#27.84#36.43#35.73
-156.781,60.993#27.86#36.22#35.92
-156.67,60.9993#27.87#36.01#36.12
-156.56,61.0055#27.89#35.79#36.32
-156.45,61.0116#27.9#35.58#36.52
-156.34,61.0176#27.92#35.37#36.71
-156.229,61.0235#27.93#35.16#36.91
-156.119,61.0293#27.95#34.95#37.1
-156.008,61.0349#27.96#34.74#37.3
-155.898,61.0405#27.98#34.5#37.52
-155.787,61.046#27.99#34.26#37.75
-155.677,61.0514#28.01#34.01#37.98
-155.566,61.0566#28.02#33.77#38.21
-155.456,61.0618#28.04#33.56#38.4
-155.345,61.0669#28.05#33.39#38.56
-155.234,61.0718#28.06#33.22#38.72
-155.123,61.0767#28.08#33.05#38.87
-155.013,61.0814#28.09#32.87#39.04
-154.902,61.0861#28.11#32.79#39.1
-154.791,61.0906#28.12#32.72#39.16
-154.68,61.0951#28.14#32.65#39.21
-154.569,61.0994#28.15#32.58#39.27
-154.458,61.1037#28.16#32.51#39.33
-154.347,61.1078#28.18#32.47#39.35
-154.236,61.1118#28.19#32.42#39.39
-154.125,61.1157#28.21#32.37#39.42
-154.014,61.1196#28.22#32.32#39.46
-153.902,61.1233#28.23#32.28#39.49
-153.791,61.1269#28.25#32.25#39.5
-153.68,61.1304#28.26#32.21#39.53
-153.569,61.1338#28.28#32.18#39.54
-153.458,61.1371#28.29#32.17#39.54
-153.346,61.1403#28.3#32.2#39.5
-153.235,61.1434#28.32#32.22#39.46
-153.124,61.1463#28.33#32.25#39.42
-153.012,61.1492#28.34#32.28#39.38
-152.901,61.152#28.36#32.26#39.38
-152.789,61.1547#28.37#32.23#39.4
-152.678,61.1572#28.38#32.2#39.42
-152.566,61.1597#28.4#32.17#39.43
-152.455,61.1621#28.41#32.14#39.45
-152.343,61.1643#28.44#32.11#39.45
-152.232,61.1665#28.46#32.09#39.45
-152.12,61.1685#28.49#32.06#39.45
-152.009,61.1704#28.51#32.03#39.46
-151.897,61.1723#28.63#32.02#39.35
-151.786,61.174#28.76#32.01#39.23
-151.674,61.1756#28.89#32#39.11
-151.563,61.1772#29.01#31.99#39
-151.451,61.1786#29.19#31.98#38.83
-151.339,61.1799#29.43#31.97#38.6
-151.228,61.1811#29.67#31.96#38.37
-151.116,61.1822#29.91#31.94#38.15
-151.004,61.1832#30.15#31.93#37.92
-150.893,61.1841#30.32#31.92#37.76
-150.781,61.1849#30.5#31.92#37.58
-150.669,61.1855#30.67#31.91#37.42
-150.558,61.1861#30.84#31.91#37.25
-150.446,61.1866#30.97#31.94#37.09
-150.334,61.187#31.05#32.01#36.94
-150.223,61.1872#31.13#32.08#36.79
-150.111,61.1874#31.21#32.15#36.64
-149.999,61.1874#31.29#32.22#36.49
-149.888,61.1874#31.35#32.22#36.43
-149.776,61.1872#31.41#32.22#36.37
-149.664,61.187#31.47#32.22#36.31
-149.553,61.1866#31.54#32.21#36.25
-149.441,61.1861#31.59#32.22#36.19
-149.329,61.1855#31.64#32.24#36.12
-149.218,61.1849#31.69#32.25#36.06
-149.106,61.1841#31.74#32.27#35.99
-148.994,61.1832#31.78#32.28#35.94
-148.883,61.1822#31.81#32.29#35.9
-148.771,61.1811#31.83#32.29#35.88
-148.659,61.1799#31.86#32.29#35.85
-148.548,61.1786#31.88#32.29#35.83
-148.436,61.1771#31.9#32.3#35.8
-148.324,61.1756#31.92#32.3#35.78
-148.213,61.174#31.93#32.31#35.76
-148.101,61.1723#31.95#32.31#35.74
-147.99,61.1704#31.97#32.32#35.71
-147.878,61.1685#31.98#32.33#35.69
-147.767,61.1664#31.99#32.34#35.67
-147.655,61.1643#32#32.35#35.65
-147.544,61.162#32.01#32.36#35.63
-147.432,61.1597#32.02#32.37#35.61
-147.321,61.1572#32.02#32.4#35.58
-147.209,61.1546#32.03#32.42#35.55
-147.098,61.152#32.03#32.44#35.53
-146.986,61.1492#32.03#32.46#35.51
-146.875,61.1463#32.04#32.5#35.46
-146.764,61.1433#32.04#32.54#35.42
-146.652,61.1402#32.04#32.58#35.38
-146.541,61.137#32.04#32.62#35.34
-146.43,61.1337#32.05#32.65#35.3
-146.319,61.1303#32.05#32.67#35.28
-146.207,61.1268#32.06#32.7#35.24
-146.096,61.1232#32.06#32.72#35.22
-145.985,61.1195#32.07#32.74#35.19
-145.874,61.1157#32.07#32.75#35.18
-145.763,61.1118#32.08#32.76#35.16
-145.652,61.1077#32.08#32.77#35.15
-145.541,61.1036#32.09#32.78#35.13
-145.43,61.0994#32.1#32.78#35.12
-145.319,61.095#32.11#32.78#35.11
-145.208,61.0906#32.12#32.78#35.1
-145.097,61.086#32.14#32.79#35.07
-144.986,61.0814#32.16#32.79#35.05
-144.875,61.0766#32.26#32.78#34.96
-144.764,61.0718#32.36#32.78#34.86
-144.654,61.0668#32.46#32.78#34.76
-144.543,61.0617#32.55#32.77#34.68
-144.432,61.0566#32.6#32.77#34.63
-144.322,61.0513#32.61#32.76#34.63
-144.211,61.0459#32.63#32.76#34.61
-144.101,61.0405#32.65#32.75#34.6
-143.99,61.0349#32.67#32.74#34.59
-143.88,61.0292#32.68#32.73#34.59
-143.769,61.0234#32.7#32.72#34.58
-143.659,61.0175#32.73#32.71#34.56
-143.549,61.0115#32.75#32.7#34.55
-143.438,61.0054#32.77#32.69#34.54
-143.328,60.9992#32.78#32.67#34.55
-143.218,60.9929#32.8#32.66#34.54
-143.108,60.9865#32.82#32.64#34.54
-142.998,60.98#32.83#32.63#34.54
-142.888,60.9734#32.88#32.61#34.51
-142.778,60.9667#32.93#32.59#34.48
-142.668,60.9599#32.98#32.57#34.45
-142.558,60.953#33.03#32.55#34.42
-142.448,60.946#33.09#32.53#34.38
-142.339,60.9389#33.17#32.51#34.32
-142.229,60.9316#33.24#32.49#34.27
-142.119,60.9243#33.31#32.47#34.22
-142.01,60.9169#33.37#32.46#34.17
-141.9,60.9094#33.48#32.44#34.08
-141.791,60.9017#33.58#32.42#34
-158.88,60.9071#27.61#40.32#32.07
-158.771,60.9153#27.63#40.08#32.29
-158.662,60.9235#27.65#39.83#32.52
-158.552,60.9315#27.66#39.59#32.75
-158.443,60.9395#27.68#39.36#32.96
-158.333,60.9473#27.69#39.15#33.16
-158.224,60.955#27.71#38.93#33.36
-158.114,60.9627#27.72#38.72#33.56
-158.004,60.9702#27.74#38.5#33.76
-157.894,60.9777#27.75#38.3#33.95
-157.785,60.985#27.77#38.09#34.14
-157.675,60.9922#27.78#37.89#34.33
-157.565,60.9994#27.8#37.68#34.52
-157.455,61.0064#27.82#37.47#34.71
-157.345,61.0133#27.83#37.26#34.91
-157.235,61.0201#27.85#37.05#35.1
-157.125,61.0269#27.86#36.84#35.3
-157.014,61.0335#27.88#36.62#35.5
-156.904,61.04#27.89#36.41#35.7
-156.794,61.0464#27.91#36.2#35.89
-156.683,61.0527#27.92#35.98#36.1
-156.573,61.0589#27.94#35.77#36.29
-156.462,61.0651#27.95#35.56#36.49
-156.352,61.0711#27.97#35.35#36.68
-156.241,61.077#27.98#35.14#36.88
-156.131,61.0828#28#34.92#37.08
-156.02,61.0884#28.01#34.71#37.28
-155.909,61.094#28.03#34.47#37.5
-155.799,61.0995#28.04#34.23#37.73
-155.688,61.1049#28.06#33.98#37.96
-155.577,61.1102#28.07#33.73#38.2
-155.466,61.1154#28.09#33.51#38.4
-155.355,61.1204#28.1#33.32#38.58
-155.244,61.1254#28.11#33.14#38.75
-155.133,61.1303#28.13#32.95#38.92
-155.022,61.135#28.14#32.76#39.1
-154.911,61.1397#28.16#32.66#39.18
-154.8,61.1443#28.17#32.59#39.24
-154.689,61.1487#28.19#32.51#39.3
-154.578,61.1531#28.2#32.44#39.36
-154.467,61.1573#28.22#32.37#39.41
-154.355,61.1614#28.23#32.32#39.45
-154.244,61.1655#28.24#32.28#39.48
-154.133,61.1694#28.26#32.24#39.5
-154.021,61.1732#28.27#32.19#39.54
-153.91,61.177#28.28#32.16#39.56
-153.799,61.1806#28.29#32.14#39.57
-153.687,61.1841#28.31#32.11#39.58
-153.576,61.1875#28.32#32.09#39.59
-153.464,61.1908#28.33#32.08#39.59
-153.353,61.194#28.35#32.11#39.54
-153.241,61.1971#28.36#32.15#39.49
-153.13,61.2001#28.37#32.18#39.45
-153.018,61.203#28.38#32.21#39.41
-152.906,61.2058#28.4#32.19#39.41
-152.795,61.2084#28.41#32.17#39.42
-152.683,61.211#28.42#32.14#39.44
-152.571,61.2135#28.44#32.12#39.44
-152.46,61.2158#28.45#32.09#39.46
-152.348,61.2181#28.48#32.06#39.46
-152.236,61.2203#28.5#32.03#39.47
-152.125,61.2223#28.53#32#39.47
-152.013,61.2242#28.55#31.97#39.48
-151.901,61.2261#28.67#31.96#39.37
-151.789,61.2278#28.79#31.95#39.26
-151.677,61.2294#28.92#31.94#39.14
-151.566,61.231#29.05#31.93#39.02
-151.454,61.2324#29.22#31.92#38.86
-151.342,61.2337#29.45#31.91#38.64
-151.23,61.2349#29.68#31.9#38.42
-151.118,61.236#29.91#31.88#38.21
-151.006,61.237#30.15#31.87#37.98
-150.894,61.2379#30.33#31.87#37.8
-150.783,61.2387#30.51#31.87#37.62
-150.671,61.2394#30.69#31.87#37.44
-150.559,61.24#30.86#31.87#37.27
-150.447,61.2404#31#31.91#37.09
-150.335,61.2408#31.09#31.97#36.94
-150.223,61.2411#31.17#32.04#36.79
-150.111,61.2412#31.26#32.11#36.63
-149.999,61.2413#31.35#32.18#36.47
-149.887,61.2412#31.41#32.18#36.41
-149.775,61.2411#31.48#32.17#36.35
-149.664,61.2408#31.54#32.17#36.29
-149.552,61.2404#31.61#32.17#36.22
-149.44,61.2399#31.66#32.17#36.17
-149.328,61.2394#31.71#32.19#36.1
-149.216,61.2387#31.76#32.2#36.04
-149.104,61.2379#31.81#32.21#35.98
-148.992,61.237#31.85#32.23#35.92
-148.88,61.236#31.88#32.23#35.89
-148.768,61.2349#31.91#32.23#35.86
-148.657,61.2337#31.93#32.24#35.83
-148.545,61.2324#31.96#32.24#35.8
-148.433,61.2309#31.97#32.24#35.79
-148.321,61.2294#31.99#32.25#35.76
-148.209,61.2278#32.01#32.25#35.74
-148.098,61.2261#32.02#32.26#35.72
-147.986,61.2242#32.04#32.27#35.69
-147.874,61.2223#32.05#32.28#35.67
-147.762,61.2202#32.06#32.29#35.65
-147.651,61.2181#32.07#32.3#35.63
-147.539,61.2158#32.08#32.31#35.61
-147.427,61.2134#32.09#32.32#35.59
-147.315,61.211#32.1#32.35#35.55
-147.204,61.2084#32.1#32.37#35.53
-147.092,61.2057#32.11#32.39#35.5
-146.981,61.2029#32.11#32.41#35.48
-146.869,61.2001#32.12#32.45#35.43
-146.757,61.1971#32.13#32.49#35.38
-146.646,61.194#32.13#32.53#35.34
-146.534,61.1908#32.14#32.57#35.29
-146.423,61.1875#32.15#32.61#35.24
-146.311,61.184#32.15#32.64#35.21
-146.2,61.1805#32.16#32.67#35.17
-146.089,61.1769#32.17#32.7#35.13
-145.977,61.1732#32.18#32.72#35.1
-145.866,61.1694#32.19#32.73#35.08
-145.755,61.1654#32.19#32.74#35.07
-145.643,61.1614#32.2#32.75#35.05
-145.532,61.1573#32.2#32.76#35.04
-145.421,61.153#32.21#32.76#35.03
-145.31,61.1487#32.22#32.77#35.01
-145.198,61.1442#32.23#32.77#35
-145.087,61.1396#32.24#32.77#34.99
-144.976,61.135#32.27#32.77#34.96
-144.865,61.1302#32.38#32.77#34.85
-144.754,61.1254#32.48#32.77#34.75
-144.643,61.1204#32.59#32.76#34.65
-144.532,61.1153#32.69#32.76#34.55
-144.422,61.1101#32.72#32.75#34.53
-144.311,61.1048#32.73#32.75#34.52
-144.2,61.0995#32.73#32.74#34.53
-144.089,61.094#32.74#32.74#34.52
-143.978,61.0884#32.75#32.73#34.52
-143.868,61.0827#32.77#32.72#34.51
-143.757,61.0769#32.78#32.71#34.51
-143.647,61.071#32.79#32.7#34.51
-143.536,61.065#32.81#32.69#34.5
-143.426,61.0589#32.82#32.67#34.51
-143.315,61.0527#32.83#32.66#34.51
-143.205,61.0463#32.85#32.64#34.51
-143.095,61.0399#32.86#32.62#34.52
-142.984,61.0334#32.88#32.61#34.51
-142.874,61.0268#32.93#32.59#34.48
-142.764,61.0201#32.98#32.57#34.45
-142.654,61.0132#33.04#32.55#34.41
-142.544,61.0063#33.09#32.53#34.38
-142.434,60.9993#33.16#32.51#34.33
-142.324,60.9921#33.24#32.49#34.27
-142.214,60.9849#33.33#32.47#34.2
-142.104,60.9776#33.41#32.46#34.13
-141.994,60.9701#33.49#32.44#34.07
-141.885,60.9626#33.61#32.42#33.97
-141.775,60.955#33.73#32.4#33.87
-141.665,60.9472#33.84#32.39#33.77
-141.556,60.9394#33.95#32.37#33.68
-141.446,60.9314#34.08#32.35#33.57
-141.337,60.9234#34.23#32.34#33.43
-141.228,60.9152#34.37#32.32#33.31
-141.118,60.907#34.52#32.3#33.18
-159.553,60.9085#27.56#41.84#30.6
-159.444,60.9173#27.58#41.59#30.83
-159.335,60.9261#27.59#41.33#31.08
-159.225,60.9348#27.61#41.07#31.32
-159.116,60.9434#27.63#40.82#31.55
-159.007,60.9518#27.64#40.56#31.8
-158.897,60.9602#27.66#40.32#32.02
-158.788,60.9685#27.67#40.08#32.25
-158.678,60.9766#27.69#39.83#32.48
-158.569,60.9847#27.71#39.59#32.7
-158.459,60.9927#27.72#39.36#32.92
-158.349,61.0005#27.74#39.14#33.12
-158.239,61.0083#27.75#38.93#33.32
-158.13,61.0159#27.77#38.71#33.52
-158.02,61.0235#27.78#38.5#33.72
-157.91,61.0309#27.8#38.29#33.91
-157.8,61.0383#27.81#38.09#34.1
-157.69,61.0455#27.83#37.88#34.29
-157.579,61.0527#27.85#37.67#34.48
-157.469,61.0597#27.86#37.46#34.68
-157.359,61.0667#27.88#37.25#34.87
-157.249,61.0735#27.89#37.03#35.08
-157.138,61.0802#27.91#36.82#35.27
-157.028,61.0869#27.92#36.61#35.47
-156.917,61.0934#27.94#36.39#35.67
-156.807,61.0998#27.95#36.18#35.87
-156.696,61.1062#27.97#35.96#36.07
-156.586,61.1124#27.98#35.75#36.27
-156.475,61.1185#28#35.53#36.47
-156.364,61.1245#28.01#35.32#36.67
-156.254,61.1304#28.03#35.11#36.86
-156.143,61.1363#28.04#34.89#37.07
-156.032,61.142#28.06#34.68#37.26
-155.921,61.1476#28.08#34.44#37.48
-155.81,61.1531#28.09#34.19#37.72
-155.699,61.1585#28.11#33.95#37.94
-155.588,61.1638#28.12#33.7#38.18
-155.477,61.1689#28.13#33.47#38.4
-155.366,61.174#28.15#33.27#38.58
-155.255,61.179#28.16#33.08#38.76
-155.143,61.1839#28.17#32.89#38.94
-155.032,61.1887#28.18#32.69#39.13
-154.921,61.1933#28.2#32.59#39.21
-154.809,61.1979#28.21#32.53#39.26
-154.698,61.2024#28.22#32.47#39.31
-154.587,61.2067#28.24#32.4#39.36
-154.475,61.211#28.25#32.35#39.4
-154.364,61.2151#28.26#32.3#39.44
-154.252,61.2192#28.28#32.26#39.46
-154.141,61.2231#28.29#32.22#39.49
-154.029,61.2269#28.3#32.17#39.53
-153.918,61.2307#28.32#32.14#39.54
-153.806,61.2343#28.33#32.12#39.55
-153.694,61.2378#28.34#32.09#39.57
-153.583,61.2412#28.36#32.07#39.57
-153.471,61.2445#28.37#32.05#39.58
-153.359,61.2477#28.38#32.08#39.54
-153.248,61.2509#28.4#32.11#39.49
-153.136,61.2538#28.41#32.13#39.46
-153.024,61.2567#28.42#32.16#39.42
-152.912,61.2595#28.43#32.14#39.43
-152.8,61.2622#28.45#32.12#39.43
-152.688,61.2648#28.46#32.09#39.45
-152.576,61.2673#28.47#32.06#39.47
-152.465,61.2696#28.49#32.03#39.48
-152.353,61.2719#28.52#32#39.48
-152.241,61.2741#28.54#31.97#39.49
-152.129,61.2761#28.56#31.94#39.5
-152.017,61.2781#28.59#31.91#39.5
-151.905,61.2799#28.7#31.9#39.4
-151.793,61.2816#28.83#31.89#39.28
-151.681,61.2833#28.96#31.88#39.16
-151.569,61.2848#29.08#31.87#39.05
-151.457,61.2862#29.25#31.86#38.89
-151.345,61.2875#29.47#31.85#38.68
-151.233,61.2887#29.69#31.83#38.48
-151.12,61.2898#29.92#31.82#38.26
-151.008,61.2908#30.14#31.81#38.05
-150.896,61.2917#30.33#31.82#37.85
-150.784,61.2925#30.52#31.82#37.66
-150.672,61.2932#30.7#31.83#37.47
-150.56,61.2938#30.89#31.84#37.27
-150.448,61.2943#31.03#31.87#37.1
-150.336,61.2946#31.13#31.94#36.93
-150.224,61.2949#31.22#32#36.78
-150.111,61.2951#31.32#32.07#36.61
-149.999,61.2951#31.41#32.13#36.46
-149.887,61.2951#31.48#32.13#36.39
-149.775,61.2949#31.54#32.13#36.33
-149.663,61.2946#31.61#32.13#36.26
-149.551,61.2943#31.68#32.12#36.2
-149.439,61.2938#31.73#32.13#36.14
-149.327,61.2932#31.78#32.14#36.08
-149.214,61.2925#31.83#32.15#36.02
-149.102,61.2917#31.88#32.16#35.96
-148.99,61.2908#31.93#32.17#35.9
-148.878,61.2898#31.95#32.17#35.88
-148.766,61.2887#31.98#32.18#35.84
-148.654,61.2875#32#32.18#35.82
-148.542,61.2862#32.03#32.18#35.79
-148.43,61.2848#32.05#32.19#35.76
-148.318,61.2832#32.06#32.19#35.75
-148.206,61.2816#32.08#32.2#35.72
-148.094,61.2799#32.1#32.21#35.69
-147.982,61.278#32.11#32.21#35.68
-147.87,61.2761#32.12#32.22#35.66
-147.758,61.274#32.13#32.23#35.64
-147.646,61.2719#32.14#32.24#35.62
-147.534,61.2696#32.15#32.25#35.6
-147.422,61.2672#32.16#32.27#35.57
-147.31,61.2648#32.17#32.3#35.53
-147.198,61.2622#32.17#32.32#35.51
-147.086,61.2595#32.18#32.34#35.48
-146.975,61.2567#32.18#32.37#35.45
-146.863,61.2538#32.19#32.41#35.4
-146.751,61.2508#32.2#32.45#35.35
-146.639,61.2477#32.21#32.49#35.3
-146.528,61.2445#32.22#32.53#35.25
-146.416,61.2412#32.23#32.56#35.21
-146.304,61.2378#32.23#32.59#35.18
-146.193,61.2342#32.24#32.63#35.13
-146.081,61.2306#32.25#32.66#35.09
-145.969,61.2269#32.25#32.69#35.06
-145.858,61.223#32.26#32.7#35.04
-145.746,61.2191#32.27#32.71#35.02
-145.635,61.2151#32.27#32.73#35
-145.523,61.2109#32.28#32.74#34.98
-145.412,61.2067#32.29#32.75#34.96
-145.301,61.2023#32.3#32.75#34.95
-145.189,61.1978#32.31#32.75#34.94
-145.078,61.1933#32.32#32.76#34.92
-144.967,61.1886#32.36#32.76#34.88
-144.855,61.1838#32.47#32.76#34.77
-144.744,61.1789#32.58#32.75#34.67
-144.633,61.174#32.69#32.75#34.56
-144.522,61.1689#32.81#32.75#34.44
-144.411,61.1637#32.84#32.74#34.42
-144.3,61.1584#32.84#32.73#34.43
-144.189,61.153#32.84#32.73#34.43
-144.078,61.1475#32.84#32.72#34.44
-143.967,61.1419#32.84#32.72#34.44
-143.856,61.1362#32.85#32.7#34.45
-143.745,61.1304#32.85#32.69#34.46
-143.634,61.1245#32.86#32.68#34.46
-143.524,61.1184#32.87#32.67#34.46
-143.413,61.1123#32.88#32.65#34.47
-143.302,61.1061#32.89#32.64#34.47
-143.192,61.0998#32.9#32.62#34.48
-143.081,61.0933#32.91#32.6#34.49
-142.971,61.0868#32.93#32.58#34.49
-142.86,61.0802#32.98#32.56#34.46
-142.75,61.0734#33.04#32.54#34.42
-142.64,61.0666#33.09#32.52#34.39
-142.529,61.0596#33.14#32.5#34.36
-142.419,61.0526#33.23#32.49#34.28
-142.309,61.0454#33.33#32.47#34.2
-142.199,61.0382#33.42#32.45#34.13
-142.089,61.0308#33.51#32.44#34.05
-141.979,61.0234#33.61#32.42#33.97
-141.869,61.0158#33.74#32.4#33.86
-141.759,61.0082#33.87#32.39#33.74
-141.649,61.0004#34#32.37#33.63
-141.54,60.9926#34.12#32.36#33.52
-141.43,60.9846#34.26#32.34#33.4
-141.32,60.9765#34.41#32.32#33.27
-141.211,60.9684#34.56#32.31#33.13
-141.101,60.9601#34.71#32.29#33
-140.992,60.9517#34.86#32.27#32.87
-140.883,60.9433#35.02#32.22#32.76
-140.773,60.9347#35.18#32.17#32.65
-140.664,60.926#35.35#32.12#32.53
-140.555,60.9172#35.51#32.07#32.42
-140.446,60.9084#35.66#32.02#32.32
-160.225,60.906#27.51#43.18#29.31
-160.116,60.9155#27.53#42.99#29.48
-160.008,60.9249#27.54#42.79#29.67
-159.899,60.9342#27.56#42.56#29.88
-159.789,60.9434#27.57#42.32#30.11
-159.68,60.9525#27.59#42.08#30.33
-159.571,60.9615#27.61#41.84#30.55
-159.462,60.9704#27.62#41.59#30.79
-159.353,60.9792#27.64#41.34#31.02
-159.243,60.9879#27.65#41.08#31.27
-159.134,60.9965#27.67#40.82#31.51
-159.024,61.0049#27.69#40.57#31.74
-158.914,61.0133#27.7#40.32#31.98
-158.805,61.0216#27.72#40.08#32.2
-158.695,61.0298#27.73#39.83#32.44
-158.585,61.0379#27.75#39.59#32.66
-158.475,61.0459#27.77#39.35#32.88
-158.365,61.0537#27.78#39.14#33.08
-158.255,61.0615#27.8#38.92#33.28
-158.145,61.0692#27.81#38.71#33.48
-158.035,61.0768#27.83#38.5#33.67
-157.925,61.0842#27.84#38.29#33.87
-157.815,61.0916#27.86#38.08#34.06
-157.705,61.0989#27.88#37.87#34.25
-157.594,61.106#27.89#37.66#34.45
-157.484,61.1131#27.91#37.44#34.65
-157.373,61.12#27.92#37.23#34.85
-157.263,61.1269#27.94#37.02#35.04
-157.152,61.1336#27.95#36.8#35.25
-157.042,61.1403#27.97#36.59#35.44
-156.931,61.1468#27.98#36.38#35.64
-156.82,61.1533#28#36.16#35.84
-156.709,61.1596#28.02#35.94#36.04
-156.598,61.1659#28.03#35.73#36.24
-156.488,61.172#28.04#35.52#36.44
-156.377,61.178#28.06#35.31#36.63
-156.266,61.1839#28.07#35.09#36.84
-156.155,61.1898#28.08#34.88#37.04
-156.044,61.1955#28.1#34.67#37.23
-155.932,61.2011#28.11#34.44#37.45
-155.821,61.2066#28.12#34.19#37.69
-155.71,61.212#28.14#33.94#37.92
-155.599,61.2173#28.15#33.69#38.16
-155.487,61.2225#28.16#33.45#38.39
-155.376,61.2276#28.18#33.25#38.57
-155.265,61.2326#28.19#33.06#38.75
-155.153,61.2375#28.2#32.87#38.93
-155.042,61.2423#28.22#32.67#39.11
-154.93,61.247#28.23#32.56#39.21
-154.819,61.2515#28.24#32.5#39.26
-154.707,61.256#28.26#32.44#39.3
-154.596,61.2604#28.27#32.39#39.34
-154.484,61.2646#28.28#32.33#39.39
-154.372,61.2688#28.3#32.29#39.41
-154.261,61.2729#28.31#32.24#39.45
-154.149,61.2768#28.33#32.2#39.47
-154.037,61.2806#28.34#32.16#39.5
-153.925,61.2844#28.35#32.12#39.53
-153.813,61.288#28.37#32.1#39.53
-153.702,61.2915#28.38#32.07#39.55
-153.59,61.295#28.39#32.05#39.56
-153.478,61.2983#28.41#32.03#39.56
-153.366,61.3015#28.42#32.05#39.53
-153.254,61.3046#28.43#32.07#39.5
-153.142,61.3076#28.45#32.09#39.46
-153.03,61.3105#28.46#32.11#39.43
-152.918,61.3133#28.47#32.09#39.44
-152.806,61.316#28.49#32.06#39.45
-152.694,61.3186#28.5#32.04#39.46
-152.582,61.3211#28.51#32.01#39.48
-152.469,61.3234#28.53#31.98#39.49
-152.357,61.3257#28.55#31.95#39.5
-152.245,61.3279#28.58#31.92#39.5
-152.133,61.3299#28.6#31.89#39.51
-152.021,61.3319#28.63#31.86#39.51
-151.909,61.3337#28.74#31.84#39.42
-151.796,61.3355#28.86#31.83#39.31
-151.684,61.3371#28.99#31.82#39.19
-151.572,61.3386#29.12#31.81#39.07
-151.46,61.3401#29.28#31.8#38.92
-151.347,61.3414#29.49#31.79#38.72
-151.235,61.3426#29.71#31.77#38.52
-151.123,61.3437#29.92#31.76#38.32
-151.01,61.3447#30.14#31.75#38.11
-150.898,61.3456#30.33#31.76#37.91
-150.786,61.3464#30.52#31.77#37.71
-150.673,61.3471#30.72#31.79#37.49
-150.561,61.3477#30.91#31.8#37.29
-150.449,61.3481#31.07#31.84#37.09
-150.336,61.3485#31.17#31.9#36.93
-150.224,61.3488#31.27#31.96#36.77
-150.112,61.3489#31.37#32.02#36.61
-149.999,61.349#31.47#32.09#36.44
-149.887,61.3489#31.54#32.08#36.38
-149.775,61.3488#31.61#32.08#36.31
-149.662,61.3485#31.68#32.08#36.24
-149.55,61.3481#31.75#32.08#36.17
-149.438,61.3476#31.8#32.08#36.12
-149.325,61.3471#31.85#32.09#36.06
-149.213,61.3464#31.9#32.1#36
-149.101,61.3456#31.95#32.11#35.94
-148.988,61.3447#32#32.11#35.89
-148.876,61.3437#32.02#32.12#35.86
-148.764,61.3426#32.05#32.12#35.83
-148.651,61.3414#32.08#32.12#35.8
-148.539,61.34#32.1#32.13#35.77
-148.427,61.3386#32.12#32.13#35.75
-148.315,61.3371#32.14#32.14#35.72
-148.202,61.3354#32.15#32.15#35.7
-148.09,61.3337#32.17#32.15#35.68
-147.978,61.3319#32.18#32.16#35.66
-147.866,61.3299#32.19#32.17#35.64
-147.753,61.3278#32.2#32.18#35.62
-147.641,61.3257#32.21#32.19#35.6
-147.529,61.3234#32.22#32.2#35.58
-147.417,61.321#32.23#32.22#35.55
-147.305,61.3186#32.23#32.25#35.52
-147.193,61.316#32.24#32.27#35.49
-147.081,61.3133#32.24#32.29#35.47
-146.969,61.3105#32.25#32.32#35.43
-146.857,61.3076#32.26#32.36#35.38
-146.745,61.3046#32.28#32.4#35.32
-146.633,61.3015#32.29#32.44#35.27
-146.521,61.2982#32.3#32.48#35.22
-146.409,61.2949#32.31#32.52#35.17
-146.297,61.2915#32.31#32.55#35.14
-146.185,61.288#32.32#32.59#35.09
-146.073,61.2843#32.32#32.63#35.05
-145.961,61.2806#32.33#32.65#35.02
-145.85,61.2768#32.34#32.67#34.99
-145.738,61.2728#32.34#32.69#34.97
-145.626,61.2687#32.35#32.71#34.94
-145.515,61.2646#32.35#32.72#34.93
-145.403,61.2603#32.36#32.73#34.91
-145.291,61.256#32.37#32.73#34.9
-145.18,61.2515#32.38#32.74#34.88
-145.068,61.2469#32.39#32.74#34.87
-144.957,61.2422#32.44#32.74#34.82
-144.845,61.2374#32.53#32.74#34.73
-144.734,61.2326#32.63#32.74#34.63
-144.622,61.2276#32.73#32.73#34.54
-144.511,61.2225#32.83#32.73#34.44
-144.4,61.2173#32.85#32.73#34.42
-144.289,61.212#32.86#32.72#34.42
-144.177,61.2065#32.87#32.71#34.42
-144.066,61.201#32.87#32.71#34.42
-143.955,61.1954#32.88#32.7#34.42
-143.844,61.1897#32.9#32.69#34.41
-143.733,61.1839#32.91#32.68#34.41
-143.622,61.1779#32.92#32.66#34.42
-143.511,61.1719#32.92#32.65#34.43
-143.4,61.1658#32.93#32.63#34.44
-143.289,61.1595#32.94#32.62#34.44
-143.179,61.1532#32.94#32.6#34.46
-143.068,61.1468#32.95#32.58#34.47
-142.957,61.1402#32.98#32.56#34.46
-142.846,61.1336#33.03#32.54#34.43
-142.736,61.1268#33.09#32.52#34.39
-142.625,61.1199#33.14#32.5#34.36
-142.515,61.113#33.19#32.48#34.33
-142.404,61.1059#33.3#32.46#34.24
-142.294,61.0988#33.41#32.45#34.14
-142.184,61.0915#33.51#32.43#34.06
-142.074,61.0841#33.62#32.42#33.96
-141.963,61.0767#33.73#32.4#33.87
-141.853,61.0691#33.88#32.39#33.73
-141.743,61.0614#34.02#32.37#33.61
-141.633,61.0536#34.16#32.36#33.48
-141.523,61.0458#34.3#32.34#33.36
-141.413,61.0378#34.44#32.32#33.24
-141.304,61.0297#34.59#32.31#33.1
-141.194,61.0215#34.75#32.29#32.96
-141.084,61.0132#34.9#32.28#32.82
-140.975,61.0048#35.05#32.25#32.7
-140.865,60.9963#35.21#32.2#32.59
-140.756,60.9878#35.37#32.15#32.48
-140.646,60.9791#35.53#32.1#32.37
-140.537,60.9703#35.7#32.05#32.25
-140.427,60.9614#35.84#32#32.16
-140.318,60.9524#35.98#31.95#32.07
-140.209,60.9433#36.11#31.9#31.99
-140.1,60.9341#36.24#31.85#31.91
-139.991,60.9248#36.37#31.8#31.83
-139.882,60.9154#36.49#31.77#31.74
-139.773,60.9059#36.6#31.74#31.66
-160.789,60.9099#27.47#44.04#28.49
-160.68,60.9199#27.48#43.89#28.63
-160.572,60.9298#27.5#43.74#28.76
-160.463,60.9396#27.52#43.58#28.9
-160.354,60.9493#27.53#43.38#29.09
-160.245,60.9589#27.55#43.19#29.26
-160.136,60.9685#27.57#42.99#29.44
-160.027,60.9779#27.58#42.8#29.62
-159.918,60.9872#27.6#42.57#29.83
-159.808,60.9964#27.62#42.33#30.05
-159.699,61.0055#27.63#42.08#30.29
-159.59,61.0145#27.65#41.84#30.51
-159.48,61.0234#27.66#41.6#30.74
-159.371,61.0322#27.68#41.34#30.98
-159.261,61.041#27.7#41.09#31.21
-159.151,61.0496#27.71#40.83#31.46
-159.042,61.0581#27.73#40.58#31.69
-158.932,61.0665#27.74#40.33#31.93
-158.822,61.0748#27.76#40.08#32.16
-158.712,61.083#27.78#39.83#32.39
-158.602,61.0911#27.79#39.59#32.62
-158.492,61.0991#27.81#39.34#32.85
-158.382,61.107#27.83#39.13#33.04
-158.271,61.1148#27.84#38.92#33.24
-158.161,61.1224#27.86#38.71#33.43
-158.051,61.13#27.87#38.5#33.63
-157.94,61.1375#27.89#38.29#33.82
-157.83,61.1449#27.91#38.07#34.02
-157.719,61.1522#27.92#37.86#34.22
-157.609,61.1594#27.94#37.65#34.41
-157.498,61.1664#27.95#37.43#34.62
-157.388,61.1734#27.96#37.22#34.82
