-151.26,71.901#27.67#32.36#39.97
-151.08,71.9021#27.75#32.38#39.87
-150.9,71.9031#27.85#32.4#39.75
-150.72,71.9039#27.96#32.42#39.62
-150.539,71.9045#28.07#32.44#39.49
-150.359,71.905#28.18#32.45#39.37
-150.179,71.9052#28.29#32.46#39.25
-149.999,71.9053#28.4#32.47#39.13
-149.819,71.9052#28.75#32.47#38.78
-149.639,71.905#29.09#32.47#38.44
-149.458,71.9045#29.43#32.47#38.1
-149.278,71.9039#29.77#32.45#37.78
-149.098,71.9031#30.1#32.44#37.46
-148.918,71.9021#30.35#32.42#37.23
-148.738,71.901#30.48#32.41#37.11
-154.688,71.9017#27.18#31.85#40.97
-154.508,71.9062#27.19#31.91#40.9
-154.329,71.9105#27.21#31.94#40.85
-154.149,71.9147#27.22#31.97#40.81
-153.969,71.9186#27.24#32.01#40.75
-153.789,71.9224#27.25#32.03#40.72
-153.609,71.926#27.27#32.05#40.68
-153.429,71.9295#27.28#32.08#40.64
-153.249,71.9327#27.3#32.1#40.6
-153.069,71.9358#27.31#32.12#40.57
-152.888,71.9387#27.33#32.14#40.53
-152.708,71.9414#27.34#32.17#40.49
-152.528,71.944#27.36#32.19#40.45
-152.347,71.9464#27.38#32.21#40.41
-152.167,71.9486#27.4#32.23#40.37
-151.986,71.9506#27.43#32.25#40.32
-151.806,71.9525#27.47#32.28#40.25
-151.625,71.9541#27.52#32.3#40.18
-151.445,71.9556#27.58#32.32#40.1
-151.264,71.957#27.68#32.34#39.98
-151.083,71.9581#27.77#32.36#39.87
-150.903,71.9591#27.87#32.38#39.75
-150.722,71.9599#27.98#32.4#39.62
-150.541,71.9605#28.09#32.41#39.5
-150.36,71.9609#28.2#32.43#39.37
-150.18,71.9612#28.3#32.44#39.26
-149.999,71.9613#28.4#32.45#39.15
-149.818,71.9612#28.75#32.45#38.8
-149.637,71.9609#29.09#32.45#38.46
-149.457,71.9605#29.44#32.44#38.12
-149.276,71.9599#29.77#32.42#37.81
-149.095,71.9591#30.11#32.41#37.48
-148.915,71.9581#30.35#32.39#37.26
-148.734,71.9569#30.48#32.37#37.15
-148.553,71.9556#30.61#32.36#37.03
-148.373,71.9541#30.69#32.34#36.97
-148.192,71.9524#30.74#32.33#36.93
-148.011,71.9506#30.78#32.32#36.9
-147.831,71.9486#30.8#32.31#36.89
-147.65,71.9463#30.82#32.3#36.88
-147.47,71.944#30.83#32.28#36.89
-147.29,71.9414#30.84#32.27#36.89
-147.109,71.9387#30.84#32.25#36.91
-146.929,71.9358#30.84#32.24#36.92
-146.749,71.9327#30.84#32.23#36.93
-146.569,71.9294#30.83#32.22#36.95
-146.389,71.926#30.83#32.22#36.95
-146.209,71.9224#30.82#32.24#36.94
-146.029,71.9186#30.82#32.25#36.93
-145.849,71.9146#30.82#32.3#36.88
-145.669,71.9105#30.82#32.34#36.84
-145.49,71.9062#30.81#32.39#36.8
-145.31,71.9017#30.81#32.43#36.76
-156.498,71.9029#27.03#30.94#42.03
-156.319,71.9091#27.04#30.97#41.99
-156.14,71.9152#27.06#31.01#41.93
-155.961,71.9211#27.07#31.06#41.87
-155.781,71.9268#27.08#31.18#41.74
-155.602,71.9324#27.1#31.3#41.6
-155.422,71.9377#27.11#31.42#41.47
-155.242,71.943#27.12#31.55#41.33
-155.063,71.948#27.14#31.68#41.18
-154.883,71.9528#27.15#31.76#41.09
-154.703,71.9575#27.17#31.82#41.01
-154.522,71.962#27.18#31.88#40.94
-154.342,71.9663#27.2#31.91#40.89
-154.162,71.9705#27.21#31.95#40.84
-153.981,71.9745#27.23#31.98#40.79
-153.801,71.9783#27.24#32#40.76
-153.62,71.9819#27.26#32.03#40.71
-153.44,71.9853#27.27#32.05#40.68
-153.259,71.9886#27.28#32.07#40.65
-153.078,71.9917#27.3#32.1#40.6
-152.898,71.9946#27.31#32.12#40.57
-152.717,71.9973#27.33#32.14#40.53
-152.536,71.9999#27.35#32.16#40.49
-152.355,72.0023#27.37#32.19#40.44
-152.174,72.0045#27.39#32.21#40.4
-151.993,72.0065#27.42#32.23#40.35
-151.811,72.0084#27.47#32.25#40.28
-151.63,72.0101#27.52#32.28#40.2
-151.449,72.0116#27.59#32.3#40.11
-151.268,72.0129#27.68#32.32#40
-151.087,72.0141#27.78#32.34#39.88
-150.905,72.015#27.88#32.36#39.76
-150.724,72.0158#28#32.37#39.63
-150.543,72.0165#28.11#32.39#39.5
-150.362,72.0169#28.21#32.4#39.39
-150.18,72.0172#28.31#32.42#39.27
-149.999,72.0172#28.41#32.43#39.16
-149.818,72.0172#28.75#32.42#38.83
-149.636,72.0169#29.1#32.42#38.48
-149.455,72.0164#29.44#32.41#38.15
-149.274,72.0158#29.78#32.39#37.83
-149.092,72.015#30.12#32.38#37.5
-148.911,72.0141#30.35#32.36#37.29
-148.73,72.0129#30.48#32.34#37.18
-148.549,72.0116#30.61#32.32#37.07
-148.367,72.0101#30.69#32.31#37
-148.186,72.0084#30.73#32.3#36.97
-148.005,72.0065#30.78#32.3#36.92
-147.824,72.0045#30.8#32.28#36.92
-147.643,72.0023#30.82#32.27#36.91
-147.462,71.9999#30.83#32.26#36.91
-147.281,71.9973#30.83#32.24#36.93
-147.1,71.9946#30.83#32.23#36.94
-146.919,71.9916#30.83#32.21#36.96
-146.739,71.9886#30.83#32.2#36.97
-146.558,71.9853#30.83#32.19#36.98
-146.377,71.9818#30.83#32.2#36.97
-146.197,71.9782#30.82#32.21#36.97
-146.016,71.9744#30.82#32.23#36.95
-145.836,71.9704#30.82#32.27#36.91
-145.656,71.9663#30.81#32.32#36.87
-145.475,71.9619#30.81#32.37#36.82
-145.295,71.9574#30.81#32.41#36.78
-145.115,71.9528#30.81#32.45#36.74
-144.935,71.9479#30.81#32.48#36.71
-144.755,71.9429#30.81#32.48#36.71
-144.576,71.9377#30.81#32.48#36.71
-144.396,71.9323#30.82#32.48#36.7
-144.216,71.9268#30.82#32.48#36.7
-144.037,71.921#30.83#32.48#36.69
-143.858,71.9151#30.84#32.48#36.68
-143.678,71.909#30.84#32.48#36.68
-143.499,71.9028#30.85#32.48#36.67
-157.951,71.9021#26.91#30.65#42.44
-157.772,71.9097#26.92#30.68#42.4
-157.594,71.9172#26.94#30.71#42.35
-157.415,71.9245#26.95#30.75#42.3
-157.236,71.9317#26.96#30.78#42.26
-157.057,71.9386#26.97#30.81#42.22
-156.878,71.9454#26.99#30.84#42.17
-156.698,71.952#27#30.87#42.13
-156.519,71.9585#27.02#30.9#42.08
-156.339,71.9648#27.03#30.93#42.04
-156.159,71.9708#27.04#30.96#42
-155.98,71.9768#27.06#31#41.94
-155.8,71.9825#27.07#31.13#41.8
-155.62,71.9881#27.08#31.25#41.67
-155.439,71.9935#27.1#31.37#41.53
-155.259,71.9987#27.11#31.5#41.39
-155.079,72.0037#27.13#31.63#41.24
-154.898,72.0086#27.14#31.72#41.14
-154.717,72.0133#27.16#31.78#41.06
-154.537,72.0178#27.17#31.85#40.98
-154.356,72.0221#27.18#31.88#40.94
-154.175,72.0263#27.2#31.92#40.88
-153.994,72.0303#27.21#31.95#40.84
-153.813,72.0341#27.23#31.98#40.79
-153.632,72.0377#27.24#32#40.76
-153.451,72.0412#27.26#32.03#40.71
-153.269,72.0445#27.27#32.05#40.68
-153.088,72.0476#27.29#32.07#40.64
-152.907,72.0505#27.3#32.09#40.61
-152.725,72.0533#27.32#32.12#40.56
-152.544,72.0558#27.33#32.14#40.53
-152.362,72.0582#27.36#32.16#40.48
-152.181,72.0604#27.38#32.19#40.43
-151.999,72.0625#27.41#32.21#40.38
-151.817,72.0644#27.46#32.23#40.31
-151.635,72.066#27.52#32.25#40.23
-151.454,72.0676#27.59#32.28#40.13
-151.272,72.0689#27.69#32.3#40.01
-151.09,72.07#27.79#32.32#39.89
-150.908,72.071#27.9#32.34#39.76
-150.726,72.0718#28.02#32.35#39.63
-150.545,72.0724#28.13#32.37#39.5
-150.363,72.0729#28.23#32.38#39.39
-150.181,72.0731#28.32#32.39#39.29
-149.999,72.0732#28.41#32.4#39.19
-149.817,72.0731#28.76#32.4#38.84
-149.635,72.0729#29.1#32.39#38.51
-149.453,72.0724#29.45#32.38#38.17
-149.271,72.0718#29.78#32.36#37.86
-149.089,72.071#30.12#32.34#37.54
-148.908,72.07#30.35#32.32#37.33
-148.726,72.0689#30.48#32.31#37.21
-148.544,72.0675#30.62#32.29#37.09
-148.362,72.066#30.69#32.28#37.03
-148.181,72.0643#30.73#32.27#37
-147.999,72.0625#30.78#32.27#36.95
-147.817,72.0604#30.8#32.26#36.94
-147.636,72.0582#30.81#32.25#36.94
-147.454,72.0558#30.83#32.23#36.94
-147.272,72.0532#30.83#32.22#36.95
-147.091,72.0505#30.83#32.21#36.96
-146.91,72.0475#30.83#32.19#36.98
-146.728,72.0444#30.83#32.18#36.99
-146.547,72.0412#30.83#32.17#37
-146.366,72.0377#30.82#32.17#37.01
-146.185,72.0341#30.82#32.19#36.99
-146.004,72.0302#30.81#32.2#36.99
-145.823,72.0263#30.81#32.25#36.94
-145.642,72.0221#30.81#32.29#36.9
-145.461,72.0177#30.81#32.34#36.85
-145.28,72.0132#30.81#32.39#36.8
-145.1,72.0085#30.81#32.43#36.76
-144.919,72.0037#30.81#32.46#36.73
-144.739,71.9986#30.81#32.46#36.73
-144.558,71.9934#30.81#32.46#36.73
-144.378,71.988#30.82#32.46#36.72
-144.198,71.9824#30.82#32.46#36.72
-144.018,71.9767#30.83#32.46#36.71
-143.838,71.9708#30.84#32.46#36.7
-143.659,71.9647#30.84#32.47#36.69
-143.479,71.9584#30.85#32.47#36.68
-143.299,71.952#30.87#32.48#36.65
-143.12,71.9453#30.88#32.48#36.64
-142.941,71.9386#30.9#32.49#36.61
-142.762,71.9316#30.92#32.5#36.58
-142.583,71.9244#30.93#32.51#36.56
-142.404,71.9171#30.95#32.52#36.53
-142.225,71.9097#30.97#32.52#36.51
-142.047,71.902#30.99#32.52#36.49
-159.047,71.9078#26.82#30.23#42.95
-158.869,71.9165#26.83#30.31#42.86
-158.69,71.9251#26.85#30.38#42.77
-158.512,71.9334#26.86#30.46#42.68
-158.333,71.9416#26.87#30.52#42.61
-158.155,71.9497#26.88#30.57#42.55
-157.976,71.9575#26.9#30.62#42.48
-157.797,71.9652#26.91#30.65#42.44
-157.618,71.9727#26.92#30.68#42.4
-157.438,71.98#26.94#30.71#42.35
-157.259,71.9872#26.95#30.74#42.31
-157.079,71.9942#26.96#30.77#42.27
-156.899,72.001#26.98#30.8#42.22
-156.719,72.0076#26.99#30.83#42.18
-156.539,72.0141#27#30.86#42.14
-156.359,72.0204#27.02#30.89#42.09
-156.179,72.0265#27.03#30.92#42.05
-155.999,72.0324#27.04#30.95#42.01
-155.818,72.0382#27.06#31.07#41.87
-155.637,72.0438#27.07#31.2#41.73
-155.457,72.0492#27.09#31.32#41.59
-155.276,72.0544#27.1#31.46#41.44
-155.095,72.0595#27.11#31.59#41.3
-154.914,72.0644#27.13#31.69#41.18
-154.732,72.0691#27.14#31.75#41.11
-154.551,72.0736#27.16#31.81#41.03
-154.37,72.078#27.17#31.86#40.97
-154.188,72.0821#27.19#31.89#40.92
-154.007,72.0861#27.2#31.93#40.87
-153.825,72.09#27.22#31.95#40.83
-153.643,72.0936#27.23#31.98#40.79
-153.462,72.0971#27.25#32#40.75
-153.28,72.1004#27.26#32.02#40.72
-153.098,72.1035#27.27#32.05#40.68
-152.916,72.1064#27.29#32.07#40.64
-152.734,72.1092#27.31#32.09#40.6
-152.552,72.1118#27.32#32.12#40.56
-152.37,72.1142#27.35#32.14#40.51
-152.187,72.1164#27.37#32.16#40.47
-152.005,72.1184#27.4#32.19#40.41
-151.823,72.1203#27.46#32.21#40.33
-151.641,72.122#27.52#32.23#40.25
-151.458,72.1235#27.59#32.25#40.16
-151.276,72.1249#27.7#32.27#40.03
-151.094,72.126#27.81#32.29#39.9
-150.911,72.127#27.92#32.31#39.77
-150.729,72.1278#28.03#32.33#39.64
-150.546,72.1284#28.15#32.34#39.51
-150.364,72.1289#28.24#32.35#39.41
-150.181,72.1291#28.33#32.36#39.31
-149.999,72.1292#28.42#32.37#39.21
-149.816,72.1291#28.76#32.37#38.87
-149.634,72.1289#29.11#32.36#38.53
-149.451,72.1284#29.45#32.35#38.2
-149.269,72.1278#29.79#32.33#37.88
-149.087,72.127#30.13#32.31#37.56
-148.904,72.126#30.35#32.29#37.36
-148.722,72.1248#30.49#32.27#37.24
-148.539,72.1235#30.62#32.26#37.12
-148.357,72.122#30.68#32.25#37.07
-148.175,72.1203#30.73#32.24#37.03
-147.992,72.1184#30.78#32.24#36.98
-147.81,72.1164#30.8#32.23#36.97
-147.628,72.1141#30.81#32.22#36.97
-147.446,72.1117#30.82#32.21#36.97
-147.264,72.1092#30.83#32.2#36.97
-147.082,72.1064#30.83#32.18#36.99
-146.9,72.1035#30.83#32.17#37
-146.718,72.1003#30.82#32.15#37.03
-146.536,72.097#30.82#32.14#37.04
-146.354,72.0936#30.82#32.15#37.03
-146.173,72.0899#30.82#32.16#37.02
-145.991,72.0861#30.81#32.18#37.01
-145.809,72.0821#30.81#32.22#36.97
-145.628,72.0779#30.81#32.27#36.92
-145.447,72.0736#30.81#32.31#36.88
-145.265,72.069#30.81#32.36#36.83
-145.084,72.0643#30.81#32.41#36.78
-144.903,72.0594#30.81#32.43#36.76
-144.722,72.0544#30.81#32.44#36.75
-144.541,72.0491#30.81#32.44#36.75
-144.36,72.0437#30.82#32.44#36.74
-144.18,72.0381#30.82#32.44#36.74
-143.999,72.0324#30.83#32.44#36.73
-143.819,72.0264#30.83#32.45#36.72
-143.639,72.0203#30.84#32.45#36.71
-143.458,72.014#30.85#32.46#36.69
-143.278,72.0075#30.87#32.46#36.67
-143.098,72.0009#30.88#32.47#36.65
-142.919,71.9941#30.9#32.48#36.62
-142.739,71.9871#30.92#32.49#36.59
-142.559,71.9799#30.93#32.5#36.57
-142.38,71.9726#30.95#32.51#36.54
-142.201,71.9651#30.97#32.51#36.52
-142.022,71.9574#30.99#32.52#36.49
-141.843,71.9496#31.02#32.5#36.48
-141.664,71.9415#31.05#32.48#36.47
-141.486,71.9333#31.07#32.46#36.47
-141.307,71.925#31.11#32.39#36.5
-141.129,71.9164#31.15#32.31#36.54
-140.951,71.9077#31.07#32.23#36.7
-160.143,71.907#26.74#29.89#43.37
-159.965,71.9168#26.75#29.85#43.4
-159.788,71.9264#26.76#29.89#43.35
-159.61,71.9358#26.77#29.93#43.3
-159.432,71.9451#26.78#29.99#43.23
-159.254,71.9542#26.8#30.09#43.11
-159.075,71.9631#26.81#30.19#43
-158.897,71.9718#26.82#30.27#42.91
-158.718,71.9804#26.83#30.35#42.82
-158.539,71.9888#26.85#30.43#42.72
-158.36,71.997#26.86#30.48#42.66
-158.18,72.0051#26.87#30.54#42.59
-158.001,72.0129#26.88#30.59#42.53
-157.821,72.0207#26.9#30.62#42.48
-157.642,72.0282#26.91#30.65#42.44
-157.462,72.0355#26.92#30.68#42.4
-157.282,72.0427#26.94#30.71#42.35
-157.102,72.0497#26.95#30.74#42.31
-156.921,72.0566#26.96#30.77#42.27
-156.741,72.0632#26.98#30.79#42.23
-156.56,72.0697#26.99#30.82#42.19
-156.379,72.076#27#30.85#42.15
-156.199,72.0822#27.02#30.87#42.11
-156.018,72.0881#27.03#30.9#42.07
-155.836,72.0939#27.05#31.02#41.93
-155.655,72.0995#27.06#31.14#41.8
-155.474,72.1049#27.07#31.27#41.66
-155.292,72.1102#27.09#31.41#41.5
-155.111,72.1153#27.1#31.55#41.35
-154.929,72.1202#27.12#31.65#41.23
-154.747,72.1249#27.13#31.72#41.15
-154.566,72.1294#27.15#31.78#41.07
-154.384,72.1338#27.16#31.83#41.01
-154.202,72.138#27.17#31.86#40.97
-154.02,72.142#27.19#31.9#40.91
-153.837,72.1458#27.2#31.92#40.88
-153.655,72.1495#27.22#31.95#40.83
-153.473,72.153#27.23#31.98#40.79
-153.29,72.1563#27.25#32#40.75
-153.108,72.1594#27.26#32.02#40.72
-152.925,72.1623#27.28#32.04#40.68
-152.743,72.1651#27.3#32.07#40.63
-152.56,72.1677#27.31#32.09#40.6
-152.377,72.1701#27.34#32.11#40.55
-152.194,72.1724#27.37#32.14#40.49
-152.012,72.1744#27.4#32.16#40.44
-151.829,72.1763#27.47#32.18#40.35
-151.646,72.178#27.53#32.21#40.26
-151.463,72.1795#27.61#32.23#40.16
-151.28,72.1808#27.72#32.25#40.03
-151.097,72.182#27.83#32.27#39.9
-150.914,72.183#27.94#32.29#39.77
-150.731,72.1838#28.05#32.3#39.65
-150.548,72.1844#28.17#32.32#39.51
-150.365,72.1849#28.26#32.33#39.41
-150.182,72.1851#28.34#32.33#39.33
-149.999,72.1852#28.42#32.34#39.24
-149.816,72.1851#28.76#32.33#38.91
-149.633,72.1849#29.11#32.32#38.57
-149.45,72.1844#29.45#32.31#38.24
-149.267,72.1838#29.79#32.29#37.92
-149.084,72.183#30.13#32.27#37.6
-148.901,72.182#30.35#32.25#37.4
-148.718,72.1808#30.49#32.24#37.27
-148.535,72.1795#30.62#32.22#37.16
-148.352,72.178#30.68#32.22#37.1
-148.169,72.1763#30.73#32.21#37.06
-147.986,72.1744#30.78#32.21#37.01
-147.803,72.1723#30.79#32.2#37.01
-147.62,72.1701#30.81#32.19#37
-147.438,72.1677#30.82#32.18#37
-147.255,72.1651#30.82#32.17#37.01
-147.072,72.1623#30.83#32.16#37.01
-146.89,72.1594#30.82#32.14#37.04
-146.707,72.1562#30.82#32.13#37.05
-146.525,72.1529#30.82#32.12#37.06
-146.343,72.1494#30.82#32.13#37.05
-146.16,72.1458#30.81#32.14#37.05
-145.978,72.1419#30.81#32.16#37.03
-145.796,72.1379#30.81#32.2#36.99
-145.614,72.1337#30.81#32.25#36.94
-145.432,72.1294#30.8#32.29#36.91
-145.25,72.1248#30.8#32.34#36.86
-145.069,72.1201#30.8#32.39#36.81
-144.887,72.1152#30.81#32.41#36.78
-144.705,72.1101#30.81#32.42#36.77
-144.524,72.1049#30.81#32.42#36.77
-144.343,72.0994#30.81#32.42#36.77
-144.161,72.0938#30.82#32.42#36.76
-143.98,72.088#30.83#32.43#36.74
-143.799,72.0821#30.83#32.43#36.74
-143.618,72.0759#30.84#32.44#36.72
-143.438,72.0696#30.85#32.44#36.71
-143.257,72.0631#30.87#32.45#36.68
-143.077,72.0565#30.88#32.46#36.66
-142.896,72.0496#30.9#32.47#36.63
-142.716,72.0426#30.92#32.48#36.6
-142.536,72.0354#30.93#32.49#36.58
-142.356,72.0281#30.95#32.5#36.55
-142.176,72.0206#30.97#32.51#36.52
-141.997,72.0129#30.99#32.51#36.5
-141.817,72.005#31.02#32.5#36.48
-141.638,71.9969#31.04#32.49#36.47
-141.459,71.9887#31.07#32.46#36.47
-141.28,71.9803#31.11#32.4#36.49
-141.101,71.9717#31.14#32.33#36.53
-140.923,71.963#30.99#32.26#36.75
-140.744,71.9541#30.6#32.18#37.22
-140.566,71.945#30.2#32.1#37.7
-140.388,71.9357#29.84#31.74#38.42
-140.21,71.9263#29.49#31.22#39.29
-140.032,71.9167#29.13#30.7#40.17
-139.855,71.9069#29.05#30.18#40.77
-161.062,71.9106#26.67#30.17#43.16
-160.885,71.9212#26.68#30.12#43.2
-160.707,71.9317#26.69#30.06#43.25
-160.53,71.942#26.7#30.01#43.29
-160.352,71.9521#26.71#29.96#43.33
-160.175,71.9621#26.72#29.9#43.38
-159.997,71.9719#26.74#29.84#43.42
-159.818,71.9815#26.75#29.88#43.37
-159.64,71.991#26.76#29.91#43.33
-159.461,72.0003#26.77#29.95#43.28
-159.283,72.0094#26.78#30.05#43.17
-159.104,72.0184#26.8#30.15#43.05
-158.925,72.0271#26.81#30.23#42.96
-158.745,72.0357#26.82#30.31#42.87
-158.566,72.0441#26.83#30.39#42.78
-158.386,72.0524#26.85#30.45#42.7
-158.206,72.0605#26.86#30.5#42.64
-158.026,72.0684#26.87#30.55#42.58
-157.846,72.0761#26.89#30.59#42.52
-157.666,72.0837#26.9#30.62#42.48
-157.485,72.091#26.91#30.65#42.44
-157.305,72.0983#26.92#30.68#42.4
-157.124,72.1053#26.94#30.71#42.35
-156.943,72.1121#26.95#30.74#42.31
-156.762,72.1188#26.96#30.76#42.28
-156.581,72.1253#26.98#30.78#42.24
-156.4,72.1317#26.99#30.81#42.2
-156.218,72.1378#27.01#30.84#42.15
-156.037,72.1438#27.02#30.87#42.11
-155.855,72.1496#27.03#30.97#42
-155.673,72.1552#27.05#31.1#41.85
-155.491,72.1607#27.06#31.23#41.71
-155.309,72.1659#27.08#31.37#41.55
-155.127,72.171#27.09#31.51#41.4
-154.945,72.1759#27.1#31.62#41.28
-154.763,72.1807#27.12#31.68#41.2
-154.58,72.1852#27.13#31.75#41.12
-154.398,72.1896#27.15#31.8#41.05
-154.215,72.1938#27.16#31.83#41.01
-154.032,72.1979#27.18#31.87#40.95
-153.85,72.2017#27.19#31.9#40.91
-153.667,72.2054#27.21#31.92#40.87
-153.484,72.2089#27.22#31.95#40.83
-153.301,72.2122#27.24#31.97#40.79
-153.118,72.2153#27.25#32#40.75
-152.935,72.2183#27.27#32.02#40.71
-152.751,72.2211#27.29#32.04#40.67
-152.568,72.2237#27.3#32.07#40.63
-152.385,72.2261#27.33#32.09#40.58
-152.202,72.2283#27.37#32.11#40.52
-152.018,72.2304#27.4#32.14#40.46
-151.835,72.2323#27.47#32.16#40.37
-151.651,72.234#27.55#32.18#40.27
-151.468,72.2355#27.63#32.2#40.17
-151.284,72.2368#27.74#32.22#40.04
-151.101,72.238#27.85#32.24#39.91
-150.917,72.239#27.96#32.26#39.78
-150.733,72.2398#28.07#32.27#39.66
-150.55,72.2404#28.18#32.29#39.53
-150.366,72.2409#28.27#32.3#39.43
-150.182,72.2411#28.34#32.3#39.36
-149.999,72.2412#28.42#32.31#39.27
-149.815,72.2411#28.77#32.29#38.94
-149.632,72.2409#29.11#32.28#38.61
-149.448,72.2404#29.45#32.27#38.28
-149.264,72.2398#29.79#32.25#37.96
-149.081,72.239#30.13#32.23#37.64
-148.897,72.238#30.35#32.21#37.44
-148.714,72.2368#30.49#32.2#37.31
-148.53,72.2355#30.62#32.19#37.19
-148.347,72.2339#30.68#32.18#37.14
-148.163,72.2322#30.73#32.18#37.09
-147.98,72.2304#30.77#32.18#37.05
-147.796,72.2283#30.79#32.17#37.04
-147.613,72.226#30.81#32.16#37.03
-147.43,72.2236#30.82#32.16#37.02
-147.246,72.221#30.82#32.14#37.04
-147.063,72.2182#30.82#32.13#37.05
-146.88,72.2153#30.82#32.12#37.06
-146.697,72.2121#30.82#32.11#37.07
-146.514,72.2088#30.82#32.09#37.09
-146.331,72.2053#30.81#32.1#37.09
-146.148,72.2017#30.81#32.12#37.07
-145.965,72.1978#30.81#32.14#37.05
-145.783,72.1938#30.8#32.18#37.02
-145.6,72.1896#30.8#32.23#36.97
-145.418,72.1852#30.8#32.27#36.93
-145.235,72.1806#30.8#32.32#36.88
-145.053,72.1759#30.8#32.36#36.84
-144.871,72.171#30.8#32.38#36.82
-144.688,72.1659#30.81#32.38#36.81
-144.506,72.1606#30.81#32.39#36.8
-144.324,72.1551#30.81#32.39#36.8
-144.143,72.1495#30.82#32.4#36.78
-143.961,72.1437#30.82#32.4#36.78
-143.779,72.1377#30.83#32.41#36.76
-143.598,72.1316#30.84#32.41#36.75
-143.417,72.1253#30.85#32.42#36.73
-143.236,72.1187#30.87#32.43#36.7
-143.055,72.1121#30.88#32.44#36.68
-142.874,72.1052#30.9#32.46#36.64
-142.693,72.0982#30.92#32.47#36.61
-142.512,72.091#30.94#32.48#36.58
-142.332,72.0836#30.95#32.49#36.56
-142.152,72.076#30.97#32.5#36.53
-141.971,72.0683#30.99#32.51#36.5
-141.791,72.0604#31.02#32.5#36.48
-141.612,72.0523#31.04#32.49#36.47
-141.432,72.044#31.07#32.46#36.47
-141.253,72.0356#31.1#32.41#36.49
-141.073,72.027#31.14#32.35#36.51
-140.894,72.0182#30.92#32.29#36.79
-140.715,72.0093#30.52#32.23#37.25
-140.536,72.0002#30.12#32.16#37.72
-140.358,71.9909#29.76#31.74#38.5
-140.179,71.9814#29.42#31.22#39.36
-140.001,71.9718#29.07#30.7#40.23
-139.823,71.962#29.06#30.2#40.74
-139.645,71.952#29.06#29.68#41.26
-139.468,71.9419#29.07#29.2#41.73
-139.29,71.9316#29.18#28.88#41.94
-139.113,71.9211#29.28#28.56#42.16
-138.936,71.9104#29.37#28.32#42.31
-161.981,71.9095#26.6#30.39#43.01
-161.804,71.921#26.61#30.36#43.03
-161.628,71.9324#26.62#30.33#43.05
-161.451,71.9436#26.63#30.3#43.07
-161.274,71.9546#26.64#30.25#43.11
-161.096,71.9655#26.66#30.19#43.15
-160.919,71.9762#26.67#30.14#43.19
-160.741,71.9867#26.68#30.09#43.23
-160.563,71.997#26.69#30.04#43.27
-160.385,72.0072#26.7#29.99#43.31
-160.207,72.0172#26.71#29.92#43.37
-160.028,72.027#26.72#29.85#43.43
-159.849,72.0367#26.74#29.86#43.4
-159.67,72.0462#26.75#29.89#43.36
-159.491,72.0555#26.76#29.91#43.33
-159.312,72.0647#26.77#30.01#43.22
-159.132,72.0736#26.78#30.11#43.11
-158.953,72.0824#26.8#30.2#43
-158.773,72.0911#26.81#30.28#42.91
-158.593,72.0995#26.82#30.35#42.83
-158.413,72.1078#26.84#30.42#42.74
-158.232,72.1159#26.85#30.47#42.68
-158.052,72.1238#26.86#30.52#42.62
-157.871,72.1316#26.87#30.56#42.57
-157.69,72.1392#26.89#30.59#42.52
-157.509,72.1466#26.9#30.63#42.47
-157.328,72.1538#26.91#30.65#42.44
-157.147,72.1608#26.93#30.68#42.39
-156.965,72.1677#26.94#30.71#42.35
-156.784,72.1744#26.95#30.73#42.32
-156.602,72.181#26.97#30.76#42.27
-156.42,72.1873#26.98#30.78#42.24
-156.238,72.1935#26.99#30.81#42.2
-156.056,72.1995#27.01#30.83#42.16
-155.874,72.2053#27.02#30.93#42.05
-155.691,72.2109#27.04#31.06#41.9
-155.509,72.2164#27.05#31.19#41.76
-155.326,72.2217#27.06#31.32#41.62
-155.144,72.2268#27.08#31.46#41.46
-154.961,72.2317#27.09#31.59#41.32
-154.778,72.2365#27.11#31.65#41.24
-154.595,72.2411#27.12#31.72#41.16
-154.412,72.2455#27.14#31.77#41.09
-154.229,72.2497#27.15#31.81#41.04
-154.045,72.2537#27.16#31.84#41
-153.862,72.2576#27.18#31.87#40.95
-153.678,72.2613#27.19#31.9#40.91
-153.495,72.2648#27.21#31.92#40.87
-153.311,72.2681#27.22#31.95#40.83
-153.128,72.2713#27.24#31.97#40.79
-152.944,72.2742#27.26#31.99#40.75
-152.76,72.277#27.27#32.02#40.71
-152.576,72.2796#27.29#32.04#40.67
-152.393,72.282#27.33#32.06#40.61
-152.209,72.2843#27.37#32.09#40.54
-152.025,72.2864#27.4#32.11#40.49
-151.841,72.2882#27.48#32.13#40.39
-151.657,72.29#27.56#32.16#40.28
-151.472,72.2915#27.64#32.18#40.18
-151.288,72.2928#27.76#32.2#40.04
-151.104,72.294#27.87#32.22#39.91
-150.92,72.295#27.98#32.23#39.79
-150.736,72.2958#28.09#32.25#39.66
-150.552,72.2964#28.2#32.26#39.54
-150.367,72.2969#28.28#32.27#39.45
-150.183,72.2972#28.35#32.27#39.38
-149.999,72.2972#28.42#32.27#39.31
-149.815,72.2972#28.77#32.26#38.97
-149.63,72.2969#29.11#32.24#38.65
-149.446,72.2964#29.45#32.23#38.32
-149.262,72.2958#29.79#32.21#38
-149.078,72.295#30.13#32.19#37.68
-148.894,72.294#30.35#32.17#37.48
-148.709,72.2928#30.49#32.16#37.35
-148.525,72.2915#30.62#32.15#37.23
-148.341,72.2899#30.68#32.15#37.17
-148.157,72.2882#30.73#32.15#37.12
-147.973,72.2863#30.77#32.15#37.08
-147.789,72.2843#30.79#32.14#37.07
-147.605,72.282#30.8#32.14#37.06
-147.421,72.2796#30.81#32.13#37.06
-147.237,72.277#30.82#32.12#37.06
-147.054,72.2742#30.82#32.11#37.07
-146.87,72.2712#30.82#32.1#37.08
-146.686,72.2681#30.81#32.08#37.11
-146.503,72.2647#30.81#32.07#37.12
-146.319,72.2612#30.81#32.08#37.11
-146.136,72.2575#30.81#32.09#37.1
-145.952,72.2537#30.8#32.12#37.08
-145.769,72.2496#30.8#32.17#37.03
-145.586,72.2454#30.8#32.21#36.99
-145.403,72.241#30.8#32.26#36.94
-145.22,72.2364#30.8#32.3#36.9
-145.037,72.2317#30.8#32.34#36.86
-144.854,72.2267#30.8#32.35#36.85
-144.671,72.2216#30.8#32.35#36.85
-144.489,72.2163#30.81#32.36#36.83
-144.306,72.2109#30.81#32.36#36.83
-144.124,72.2052#30.82#32.37#36.81
-143.942,72.1994#30.82#32.37#36.81
-143.76,72.1934#30.83#32.38#36.79
-143.578,72.1872#30.84#32.39#36.77
-143.396,72.1809#30.85#32.4#36.75
-143.214,72.1743#30.87#32.41#36.72
-143.032,72.1676#30.88#32.42#36.7
-142.851,72.1608#30.9#32.44#36.66
-142.67,72.1537#30.92#32.45#36.63
-142.489,72.1465#30.94#32.47#36.59
-142.308,72.1391#30.96#32.48#36.56
-142.127,72.1315#30.97#32.49#36.54
-141.946,72.1237#30.99#32.5#36.51
-141.765,72.1158#31.02#32.5#36.48
-141.585,72.1077#31.04#32.49#36.47
-141.405,72.0994#31.06#32.47#36.47
-141.225,72.0909#31.1#32.42#36.48
-141.045,72.0823#31.14#32.37#36.49
-140.865,72.0735#30.84#32.33#36.83
-140.686,72.0645#30.43#32.28#37.29
-140.506,72.0554#30.03#32.23#37.74
-140.327,72.0461#29.69#31.74#38.57
-140.148,72.0366#29.35#31.22#39.43
-139.97,72.0269#29.07#30.71#40.22
-139.791,72.0171#29.08#30.21#40.71
-139.613,72.0071#29.09#29.71#41.2
-139.435,71.9969#29.13#29.26#41.61
-139.257,71.9865#29.24#28.92#41.84
-139.079,71.976#29.35#28.58#42.07
-138.901,71.9653#29.43#28.35#42.22
-138.724,71.9545#29.5#28.2#42.3
-138.547,71.9435#29.56#28.06#42.38
-138.37,71.9323#29.6#27.95#42.45
-138.194,71.9209#29.64#27.85#42.51
-138.017,71.9094#29.67#27.76#42.57
-162.899,71.9039#26.54#30.39#43.07
-162.724,71.9163#26.55#30.39#43.06
-162.548,71.9285#26.56#30.4#43.04
-162.371,71.9406#26.57#30.4#43.03
-162.195,71.9525#26.58#30.39#43.03
-162.018,71.9642#26.59#30.39#43.02
-161.841,71.9758#26.6#30.37#43.03
-161.664,71.9872#26.61#30.35#43.04
-161.487,71.9984#26.62#30.33#43.05
-161.309,72.0095#26.63#30.27#43.1
-161.131,72.0204#26.64#30.22#43.14
-160.953,72.0311#26.66#30.16#43.18
-160.775,72.0417#26.67#30.12#43.21
-160.596,72.0521#26.68#30.07#43.25
-160.418,72.0623#26.69#30.02#43.29
-160.239,72.0723#26.7#29.94#43.36
-160.06,72.0822#26.71#29.87#43.42
-159.881,72.0919#26.72#29.85#43.43
-159.701,72.1014#26.74#29.87#43.39
-159.521,72.1107#26.75#29.89#43.36
-159.341,72.1199#26.76#29.98#43.26
-159.161,72.1289#26.77#30.07#43.16
-158.981,72.1377#26.79#30.17#43.04
-158.801,72.1464#26.8#30.24#42.96
-158.62,72.1549#26.81#30.32#42.87
-158.439,72.1632#26.82#30.39#42.79
-158.259,72.1713#26.84#30.44#42.72
-158.077,72.1793#26.85#30.5#42.65
-157.896,72.187#26.86#30.54#42.6
-157.715,72.1947#26.87#30.57#42.56
-157.533,72.2021#26.89#30.6#42.51
-157.351,72.2093#26.9#30.63#42.47
-157.17,72.2164#26.91#30.66#42.43
-156.988,72.2233#26.93#30.68#42.39
-156.805,72.23#26.94#30.71#42.35
-156.623,72.2366#26.95#30.73#42.32
-156.441,72.243#26.97#30.75#42.28
-156.258,72.2492#26.98#30.78#42.24
-156.075,72.2552#27#30.8#42.2
-155.893,72.261#27.01#30.88#42.11
-155.71,72.2667#27.02#31.01#41.97
-155.527,72.2722#27.04#31.14#41.82
-155.343,72.2775#27.05#31.28#41.67
-155.16,72.2826#27.07#31.42#41.51
-154.977,72.2875#27.08#31.55#41.37
-154.793,72.2923#27.09#31.62#41.29
-154.61,72.2969#27.11#31.68#41.21
-154.426,72.3013#27.12#31.74#41.14
-154.242,72.3056#27.14#31.78#41.08
-154.058,72.3096#27.15#31.81#41.04
-153.874,72.3135#27.17#31.84#40.99
-153.69,72.3172#27.18#31.87#40.95
-153.506,72.3207#27.2#31.9#40.9
-153.322,72.324#27.21#31.92#40.87
-153.138,72.3272#27.23#31.95#40.82
-152.953,72.3302#27.24#31.97#40.79
-152.769,72.333#27.26#31.99#40.75
-152.585,72.3356#27.29#32.02#40.69
-152.4,72.338#27.32#32.04#40.64
-152.216,72.3403#27.36#32.06#40.58
-152.031,72.3423#27.41#32.09#40.5
-151.847,72.3442#27.48#32.11#40.41
-151.662,72.346#27.57#32.13#40.3
-151.477,72.3475#27.66#32.15#40.19
-151.292,72.3488#27.78#32.17#40.05
-151.108,72.35#27.89#32.19#39.92
-150.923,72.351#28#32.21#39.79
-150.738,72.3518#28.11#32.22#39.67
-150.553,72.3525#28.21#32.23#39.56
-150.368,72.3529#28.29#32.24#39.47
-150.184,72.3532#28.36#32.24#39.4
-149.999,72.3533#28.43#32.24#39.33
-149.814,72.3532#28.77#32.22#39.01
-149.629,72.3529#29.11#32.21#38.68
-149.444,72.3525#29.45#32.19#38.36
-149.26,72.3518#29.8#32.17#38.03
-149.075,72.351#30.14#32.15#37.71
-148.89,72.35#30.35#32.13#37.52
-148.705,72.3488#30.49#32.13#37.38
-148.521,72.3475#30.62#32.12#37.26
-148.336,72.3459#30.68#32.12#37.2
-148.151,72.3442#30.73#32.12#37.15
-147.967,72.3423#30.77#32.12#37.11
-147.782,72.3402#30.78#32.11#37.11
-147.597,72.338#30.8#32.11#37.09
-147.413,72.3355#30.81#32.1#37.09
-147.229,72.3329#30.81#32.09#37.1
-147.044,72.3301#30.82#32.08#37.1
-146.86,72.3272#30.81#32.07#37.12
-146.676,72.324#30.81#32.06#37.13
-146.491,72.3207#30.81#32.05#37.14
-146.307,72.3171#30.81#32.06#37.13
-146.123,72.3134#30.8#32.07#37.13
-145.939,72.3096#30.8#32.1#37.1
-145.756,72.3055#30.8#32.15#37.05
-145.572,72.3013#30.8#32.2#37
-145.388,72.2969#30.8#32.24#36.96
-145.205,72.2923#30.8#32.27#36.93
-145.021,72.2875#30.8#32.31#36.89
-144.838,72.2825#30.8#32.31#36.89
-144.654,72.2774#30.8#32.32#36.88
-144.471,72.2721#30.8#32.32#36.88
-144.288,72.2666#30.81#32.33#36.86
-144.105,72.2609#30.82#32.34#36.84
-143.922,72.2551#30.82#32.34#36.84
-143.74,72.2491#30.83#32.35#36.82
-143.557,72.2429#30.84#32.37#36.79
-143.375,72.2365#30.85#32.38#36.77
-143.192,72.23#30.87#32.39#36.74
-143.01,72.2232#30.88#32.4#36.72
-142.828,72.2163#30.9#32.42#36.68
-142.646,72.2092#30.92#32.44#36.64
-142.465,72.202#30.94#32.45#36.61
-142.283,72.1946#30.96#32.47#36.57
-142.102,72.187#30.97#32.49#36.54
-141.92,72.1792#30.99#32.5#36.51
-141.739,72.1712#31.02#32.5#36.48
-141.558,72.1631#31.04#32.49#36.47
-141.378,72.1548#31.07#32.47#36.46
-141.197,72.1463#31.1#32.43#36.47
-141.017,72.1376#31.13#32.38#36.49
-140.836,72.1288#30.76#32.36#36.88
-140.656,72.1198#30.35#32.33#37.32
-140.476,72.1106#29.95#32.24#37.81
-140.297,72.1013#29.62#31.73#38.65
-140.117,72.0917#29.28#31.22#39.5
-139.938,72.082#29.07#30.72#40.21
-139.759,72.0722#29.1#30.24#40.66
-139.58,72.0621#29.12#29.75#41.13
-139.401,72.0519#29.2#29.32#41.48
-139.223,72.0415#29.31#28.94#41.75
-139.045,72.031#29.42#28.58#42
-138.867,72.0203#29.49#28.37#42.14
-138.689,72.0094#29.54#28.21#42.25
-138.511,71.9983#29.6#28.06#42.34
-138.334,71.9871#29.63#27.94#42.43
-138.157,71.9757#29.66#27.83#42.51
-137.98,71.9641#29.68#27.71#42.61
-137.803,71.9524#29.7#27.56#42.74
-137.626,71.9404#29.72#27.41#42.87
-137.45,71.9284#29.73#27.25#43.02
-137.274,71.9161#29.75#27.08#43.17
-137.099,71.9037#29.76#26.91#43.33
-163.642,71.9069#26.49#30.31#43.2
-163.467,71.9201#26.5#30.34#43.16
-163.291,71.933#26.51#30.36#43.13
-163.116,71.9458#26.52#30.37#43.11
-162.94,71.9584#26.53#30.39#43.08
-162.763,71.9709#26.54#30.39#43.07
-162.587,71.9831#26.55#30.39#43.06
-162.41,71.9953#26.56#30.39#43.05
-162.233,72.0072#26.57#30.39#43.04
-162.056,72.019#26.58#30.39#43.03
-161.878,72.0306#26.59#30.38#43.03
-161.701,72.042#26.6#30.36#43.04
-161.523,72.0533#26.61#30.35#43.04
-161.345,72.0644#26.62#30.3#43.08
-161.166,72.0753#26.63#30.24#43.13
-160.988,72.0861#26.64#30.18#43.18
-160.809,72.0967#26.65#30.14#43.21
-160.63,72.1071#26.67#30.1#43.23
-160.451,72.1173#26.68#30.05#43.27
-160.271,72.1274#26.69#29.97#43.34
-160.092,72.1373#26.7#29.9#43.4
-159.912,72.147#26.71#29.87#43.42
-159.732,72.1566#26.73#29.88#43.39
-159.552,72.166#26.74#29.89#43.37
-159.371,72.1752#26.75#29.96#43.29
-159.191,72.1842#26.76#30.05#43.19
-159.01,72.193#26.77#30.14#43.09
-158.829,72.2017#26.79#30.21#43
-158.648,72.2102#26.8#30.29#42.91
-158.466,72.2186#26.81#30.37#42.82
-158.285,72.2267#26.82#30.42#42.76
-158.103,72.2347#26.84#30.47#42.69
-157.921,72.2425#26.85#30.51#42.64
-157.739,72.2502#26.86#30.55#42.59
-157.557,72.2576#26.88#30.58#42.54
-157.375,72.2649#26.89#30.61#42.5
-157.193,72.272#26.9#30.63#42.47
-157.01,72.2789#26.92#30.66#42.42
-156.827,72.2857#26.93#30.68#42.39
-156.644,72.2922#26.94#30.7#42.36
-156.461,72.2986#26.96#30.72#42.32
-156.278,72.3048#26.97#30.75#42.28
-156.095,72.3109#26.98#30.77#42.25
-155.911,72.3167#27#30.84#42.16
-155.728,72.3224#27.01#30.97#42.02
-155.544,72.3279#27.03#31.1#41.87
-155.361,72.3332#27.04#31.24#41.72
-155.177,72.3384#27.05#31.38#41.57
-154.993,72.3434#27.07#31.52#41.41
-154.809,72.3481#27.08#31.58#41.34
-154.624,72.3528#27.1#31.65#41.25
-154.44,72.3572#27.11#31.71#41.18
-154.256,72.3614#27.13#31.75#41.12
-154.071,72.3655#27.14#31.79#41.07
-153.887,72.3694#27.16#31.82#41.02
-153.702,72.3731#27.17#31.85#40.98
-153.518,72.3766#27.19#31.87#40.94
-153.333,72.38#27.2#31.9#40.9
-153.148,72.3831#27.22#31.92#40.86
-152.963,72.3861#27.23#31.95#40.82
-152.778,72.3889#27.25#31.97#40.78
-152.593,72.3916#27.28#31.99#40.73
-152.408,72.394#27.31#32.02#40.67
-152.223,72.3963#27.36#32.04#40.6
-152.038,72.3983#27.41#32.06#40.53
-151.852,72.4002#27.49#32.09#40.42
-151.667,72.402#27.58#32.11#40.31
-151.482,72.4035#27.68#32.13#40.19
-151.297,72.4049#27.79#32.15#40.06
-151.111,72.406#27.91#32.17#39.92
-150.926,72.407#28.03#32.18#39.79
-150.741,72.4079#28.13#32.19#39.68
-150.555,72.4085#28.23#32.21#39.56
-150.37,72.4089#28.3#32.21#39.49
-150.184,72.4092#28.37#32.21#39.42
-149.999,72.4093#28.43#32.21#39.36
-149.813,72.4092#28.77#32.19#39.04
-149.628,72.4089#29.11#32.17#38.72
-149.443,72.4085#29.46#32.15#38.39
-149.257,72.4078#29.8#32.13#38.07
-149.072,72.407#30.14#32.11#37.75
-148.886,72.406#30.35#32.1#37.55
-148.701,72.4048#30.49#32.09#37.42
-148.516,72.4035#30.62#32.09#37.29
-148.33,72.4019#30.67#32.09#37.24
-148.145,72.4002#30.72#32.09#37.19
-147.96,72.3983#30.77#32.09#37.14
-147.775,72.3962#30.78#32.08#37.14
-147.59,72.394#30.8#32.08#37.12
-147.405,72.3915#30.81#32.08#37.11
-147.22,72.3889#30.81#32.07#37.12
-147.035,72.3861#30.81#32.06#37.13
-146.85,72.3831#30.81#32.05#37.14
-146.665,72.3799#30.81#32.04#37.15
-146.48,72.3766#30.81#32.03#37.16
-146.295,72.373#30.8#32.04#37.16
-146.111,72.3693#30.8#32.05#37.15
-145.926,72.3654#30.8#32.08#37.12
-145.742,72.3614#30.8#32.13#37.07
-145.557,72.3571#30.79#32.18#37.03
-145.373,72.3527#30.79#32.22#36.99
-145.189,72.3481#30.79#32.25#36.96
-145.005,72.3433#30.79#32.28#36.93
-144.821,72.3383#30.8#32.28#36.92
-144.637,72.3332#30.8#32.28#36.92
-144.453,72.3279#30.8#32.29#36.91
-144.27,72.3224#30.81#32.3#36.89
-144.086,72.3167#30.81#32.31#36.88
-143.903,72.3108#30.82#32.32#36.86
-143.72,72.3048#30.83#32.33#36.84
-143.536,72.2985#30.84#32.34#36.82
-143.353,72.2922#30.85#32.36#36.79
-143.171,72.2856#30.87#32.37#36.76
-142.988,72.2788#30.88#32.39#36.73
-142.805,72.2719#30.9#32.41#36.69
-142.623,72.2648#30.92#32.43#36.65
-142.44,72.2575#30.94#32.44#36.62
-142.258,72.2501#30.96#32.46#36.58
-142.076,72.2424#30.98#32.48#36.54
-141.895,72.2346#31#32.49#36.51
-141.713,72.2266#31.02#32.49#36.49
-141.531,72.2185#31.04#32.5#36.46
-141.35,72.2101#31.07#32.47#36.46
-141.169,72.2016#31.1#32.43#36.47
-140.988,72.1929#31.1#32.39#36.51
-140.807,72.1841#30.69#32.37#36.94
-140.627,72.175#30.28#32.34#37.38
-140.446,72.1658#29.9#32.18#37.92
-140.266,72.1565#29.57#31.7#38.73
-140.086,72.1469#29.23#31.22#39.55
-139.906,72.1372#29.1#30.73#40.17
-139.726,72.1273#29.13#30.26#40.61
-139.547,72.1172#29.16#29.78#41.06
-139.368,72.107#29.26#29.36#41.38
-139.189,72.0965#29.38#28.96#41.66
-139.01,72.0859#29.5#28.57#41.93
-138.831,72.0752#29.54#28.38#42.08
-138.653,72.0643#29.58#28.21#42.21
-138.475,72.0532#29.62#28.05#42.33
-138.297,72.0419#29.65#27.92#42.43
-138.119,72.0304#29.67#27.8#42.53
-137.942,72.0188#29.7#27.66#42.64
-137.765,72.0071#29.71#27.49#42.8
-137.588,71.9951#29.73#27.33#42.94
-137.411,71.983#29.74#27.16#43.1
-137.234,71.9707#29.75#26.97#43.28
-137.058,71.9583#29.77#26.8#43.43
-136.882,71.9456#29.78#26.73#43.49
-136.706,71.9329#29.8#26.71#43.49
-136.531,71.9199#29.82#26.7#43.48
-136.356,71.9068#29.83#26.76#43.41
-164.385,71.907#26.44#30.09#43.47
-164.21,71.9209#26.45#30.15#43.4
-164.035,71.9345#26.46#30.23#43.31
-163.86,71.948#26.47#30.27#43.26
-163.685,71.9613#26.48#30.3#43.22
-163.509,71.9745#26.49#30.34#43.17
-163.333,71.9875#26.5#30.35#43.15
-163.157,72.0003#26.51#30.37#43.12
-162.98,72.013#26.52#30.38#43.1
-162.803,72.0255#26.53#30.39#43.08
-162.626,72.0378#26.54#30.39#43.07
-162.449,72.0499#26.55#30.39#43.06
-162.272,72.0619#26.56#30.39#43.05
-162.094,72.0737#26.57#30.39#43.04
-161.916,72.0854#26.58#30.38#43.04
-161.738,72.0968#26.59#30.37#43.04
-161.559,72.1082#26.6#30.36#43.04
-161.381,72.1193#26.61#30.32#43.07
-161.202,72.1303#26.62#30.26#43.12
-161.023,72.141#26.63#30.2#43.17
-160.843,72.1517#26.64#30.16#43.2
-160.664,72.1621#26.66#30.12#43.22
-160.484,72.1724#26.67#30.07#43.26
-160.304,72.1825#26.68#30#43.32
-160.124,72.1924#26.69#29.93#43.38
-159.943,72.2022#26.7#29.89#43.41
-159.763,72.2118#26.71#29.89#43.4
-159.582,72.2212#26.73#29.9#43.37
-159.401,72.2304#26.74#29.94#43.32
-159.22,72.2395#26.75#30.03#43.22
-159.039,72.2484#26.76#30.11#43.13
-158.857,72.2571#26.77#30.19#43.04
-158.675,72.2656#26.79#30.26#42.95
-158.493,72.274#26.8#30.34#42.86
-158.311,72.2822#26.81#30.39#42.8
-158.129,72.2902#26.83#30.44#42.73
-157.947,72.298#26.84#30.49#42.67
-157.764,72.3057#26.85#30.52#42.63
-157.581,72.3131#26.86#30.55#42.59
-157.399,72.3204#26.88#30.58#42.54
-157.216,72.3276#26.89#30.61#42.5
-157.032,72.3345#26.9#30.63#42.47
-156.849,72.3413#26.92#30.65#42.43
-156.666,72.3479#26.93#30.68#42.39
-156.482,72.3543#26.94#30.7#42.36
-156.298,72.3605#26.96#30.72#42.32
-156.115,72.3666#26.97#30.74#42.29
-155.931,72.3725#26.99#30.8#42.21
-155.746,72.3782#27#30.93#42.07
-155.562,72.3837#27.01#31.05#41.94
-155.378,72.389#27.03#31.19#41.78
-155.193,72.3942#27.04#31.34#41.62
-155.009,72.3992#27.06#31.48#41.46
-154.824,72.404#27.07#31.55#41.38
-154.639,72.4086#27.08#31.62#41.3
-154.455,72.413#27.1#31.68#41.22
-154.27,72.4173#27.11#31.72#41.17
-154.085,72.4214#27.13#31.76#41.11
-153.899,72.4253#27.14#31.79#41.07
-153.714,72.429#27.16#31.82#41.02
-153.529,72.4325#27.17#31.85#40.98
-153.344,72.4359#27.19#31.87#40.94
-153.158,72.4391#27.2#31.9#40.9
-152.973,72.4421#27.22#31.92#40.86
-152.787,72.4449#27.24#31.94#40.82
-152.601,72.4475#27.27#31.97#40.76
-152.416,72.45#27.3#31.99#40.71
-152.23,72.4523#27.35#32.01#40.64
-152.044,72.4543#27.41#32.04#40.55
-151.858,72.4563#27.49#32.06#40.45
-151.673,72.458#27.59#32.08#40.33
-151.487,72.4595#27.69#32.1#40.21
-151.301,72.4609#27.81#32.12#40.07
-151.115,72.4621#27.93#32.14#39.93
-150.929,72.4631#28.05#32.15#39.8
-150.743,72.4639#28.15#32.17#39.68
-150.557,72.4645#28.25#32.18#39.57
-150.371,72.465#28.32#32.18#39.5
-150.185,72.4653#28.37#32.18#39.45
-149.999,72.4653#28.43#32.17#39.4
-149.813,72.4653#28.77#32.15#39.08
-149.627,72.465#29.12#32.13#38.75
-149.441,72.4645#29.46#32.11#38.43
-149.255,72.4639#29.8#32.09#38.11
-149.069,72.4631#30.14#32.07#37.79
-148.883,72.4621#30.35#32.06#37.59
-148.697,72.4609#30.49#32.06#37.45
-148.511,72.4595#30.62#32.05#37.33
-148.325,72.458#30.67#32.06#37.27
-148.139,72.4562#30.72#32.06#37.22
-147.953,72.4543#30.76#32.06#37.18
-147.768,72.4522#30.78#32.06#37.16
-147.582,72.45#30.79#32.05#37.16
-147.396,72.4475#30.8#32.05#37.15
-147.211,72.4449#30.81#32.04#37.15
-147.025,72.442#30.81#32.03#37.16
-146.84,72.439#30.81#32.02#37.17
-146.654,72.4359#30.8#32.01#37.19
-146.469,72.4325#30.8#32.01#37.19
-146.283,72.429#30.8#32.02#37.18
-146.098,72.4252#30.8#32.03#37.17
-145.913,72.4213#30.79#32.06#37.15
-145.728,72.4173#30.79#32.11#37.1
-145.543,72.413#30.79#32.17#37.04
-145.358,72.4085#30.79#32.2#37.01
-145.174,72.4039#30.79#32.22#36.99
-144.989,72.3991#30.79#32.25#36.96
-144.804,72.3941#30.8#32.25#36.95
-144.62,72.389#30.8#32.25#36.95
-144.436,72.3836#30.8#32.26#36.94
-144.251,72.3781#30.81#32.27#36.92
-144.067,72.3724#30.81#32.28#36.91
-143.883,72.3665#30.82#32.29#36.89
-143.699,72.3605#30.83#32.3#36.87
-143.516,72.3542#30.84#32.32#36.84
-143.332,72.3478#30.85#32.33#36.82
-143.149,72.3412#30.87#32.35#36.78
-142.965,72.3344#30.88#32.37#36.75
-142.782,72.3275#30.9#32.39#36.71
-142.599,72.3204#30.92#32.41#36.67
-142.416,72.313#30.94#32.43#36.63
-142.234,72.3056#30.96#32.46#36.58
-142.051,72.2979#30.98#32.48#36.54
-141.869,72.2901#31#32.49#36.51
-141.686,72.2821#31.02#32.49#36.49
-141.504,72.2739#31.04#32.5#36.46
-141.322,72.2655#31.07#32.47#36.46
-141.141,72.257#31.1#32.44#36.46
-140.959,72.2483#31.03#32.41#36.56
-140.778,72.2394#30.62#32.38#37
-140.597,72.2303#30.22#32.35#37.43
-140.416,72.2211#29.85#32.13#38.02
-140.235,72.2116#29.52#31.68#38.8
-140.054,72.2021#29.19#31.22#39.59
-139.874,72.1923#29.12#30.75#40.13
-139.694,72.1824#29.17#30.27#40.56
-139.514,72.1723#29.21#29.8#40.99
-139.334,72.162#29.31#29.39#41.3
-139.154,72.1515#29.43#28.98#41.59
-138.975,72.1409#29.53#28.61#41.86
-138.796,72.1301#29.57#28.41#42.02
-138.617,72.1191#29.61#28.21#42.18
-138.438,72.108#29.65#28.04#42.31
-138.26,72.0967#29.67#27.9#42.43
-138.082,72.0852#29.69#27.76#42.55
-137.904,72.0736#29.71#27.6#42.69
-137.726,72.0618#29.72#27.42#42.86
-137.549,72.0498#29.73#27.24#43.03
-137.371,72.0376#29.74#27.05#43.21
-137.194,72.0253#29.76#26.87#43.37
-137.018,72.0128#29.77#26.68#43.55
-136.841,72.0001#29.78#26.65#43.57
-136.665,71.9873#29.8#26.64#43.56
-136.489,71.9743#29.81#26.63#43.56
-136.313,71.9612#29.83#26.71#43.46
-136.138,71.9478#29.85#26.8#43.35
-135.962,71.9343#29.86#26.9#43.24
-135.787,71.9207#29.88#27.05#43.07
-135.613,71.9069#29.89#27.2#42.91
-165.128,71.9041#26.4#29.57#44.03
-164.954,71.9187#26.4#29.7#43.9
-164.78,71.933#26.41#29.82#43.77
-164.605,71.9472#26.42#29.94#43.64
-164.43,71.9612#26.43#30.05#43.52
-164.255,71.9751#26.44#30.12#43.44
-164.079,71.9888#26.45#30.2#43.35
-163.904,72.0023#26.46#30.25#43.29
-163.728,72.0157#26.47#30.29#43.24
-163.551,72.0289#26.48#30.32#43.2
-163.375,72.0419#26.49#30.35#43.16
