-151.212,50.9006#29.83#34.7#35.47
-151.131,50.9016#29.83#34.66#35.51
-151.05,50.9026#29.83#34.62#35.55
-150.969,50.9035#29.83#34.58#35.59
-150.888,50.9043#29.83#34.53#35.64
-150.808,50.9051#29.83#34.48#35.69
-150.727,50.9058#29.83#34.43#35.74
-150.646,50.9064#29.83#34.39#35.78
-150.565,50.9069#29.83#34.34#35.83
-150.484,50.9074#29.83#34.29#35.88
-150.404,50.9078#29.83#34.23#35.94
-150.323,50.9081#29.84#34.18#35.98
-150.242,50.9084#29.84#34.13#36.03
-150.161,50.9085#29.84#34.07#36.09
-150.08,50.9086#29.84#34.02#36.14
-149.999,50.9087#29.84#33.96#36.2
-149.919,50.9086#29.93#33.91#36.16
-149.838,50.9085#30.01#33.85#36.14
-149.757,50.9084#30.09#33.79#36.12
-149.676,50.9081#30.17#33.73#36.1
-149.595,50.9078#30.26#33.68#36.06
-149.515,50.9074#30.34#33.62#36.04
-149.434,50.9069#30.43#33.56#36.01
-149.353,50.9064#30.52#33.5#35.98
-149.272,50.9058#30.6#33.44#35.96
-149.191,50.9051#30.69#33.38#35.93
-149.111,50.9043#30.78#33.32#35.9
-149.03,50.9035#30.87#33.26#35.87
-148.949,50.9026#30.92#33.21#35.87
-148.868,50.9016#30.96#33.17#35.87
-148.787,50.9006#30.99#33.13#35.88
-153.233,50.9021#30.31#35.41#34.28
-153.153,50.905#30.27#35.39#34.34
-153.072,50.9077#30.23#35.37#34.4
-152.991,50.9104#30.19#35.34#34.47
-152.91,50.913#30.15#35.32#34.53
-152.83,50.9156#30.12#35.3#34.58
-152.749,50.9181#30.09#35.28#34.63
-152.668,50.9205#30.06#35.25#34.69
-152.587,50.9228#30.03#35.23#34.74
-152.507,50.9251#30#35.21#34.79
-152.426,50.9273#29.98#35.19#34.83
-152.345,50.9294#29.96#35.16#34.88
-152.264,50.9314#29.94#35.14#34.92
-152.184,50.9334#29.93#35.12#34.95
-152.103,50.9353#29.91#35.09#35
-152.022,50.9372#29.89#35.07#35.04
-151.941,50.9389#29.88#35.04#35.08
-151.86,50.9406#29.87#35.01#35.12
-151.779,50.9422#29.87#34.98#35.15
-151.698,50.9438#29.86#34.95#35.19
-151.618,50.9453#29.85#34.93#35.22
-151.537,50.9467#29.85#34.9#35.25
-151.456,50.948#29.84#34.86#35.3
-151.375,50.9492#29.84#34.82#35.34
-151.294,50.9504#29.84#34.78#35.38
-151.213,50.9515#29.84#34.74#35.42
-151.132,50.9526#29.84#34.71#35.45
-151.051,50.9536#29.84#34.67#35.49
-150.971,50.9545#29.84#34.62#35.54
-150.89,50.9553#29.84#34.58#35.58
-150.809,50.956#29.84#34.53#35.63
-150.728,50.9567#29.84#34.48#35.68
-150.647,50.9573#29.84#34.43#35.73
-150.566,50.9579#29.84#34.38#35.78
-150.485,50.9583#29.84#34.33#35.83
-150.404,50.9587#29.84#34.28#35.88
-150.323,50.9591#29.84#34.22#35.94
-150.242,50.9593#29.84#34.17#35.99
-150.161,50.9595#29.85#34.12#36.03
-150.08,50.9596#29.85#34.06#36.09
-149.999,50.9596#29.85#34.01#36.14
-149.919,50.9596#29.93#33.95#36.12
-149.838,50.9595#30.02#33.89#36.09
-149.757,50.9593#30.1#33.83#36.07
-149.676,50.9591#30.18#33.78#36.04
-149.595,50.9587#30.26#33.72#36.02
-149.514,50.9583#30.35#33.66#35.99
-149.433,50.9579#30.44#33.6#35.96
-149.352,50.9573#30.52#33.54#35.94
-149.271,50.9567#30.61#33.48#35.91
-149.19,50.956#30.7#33.42#35.88
-149.109,50.9553#30.79#33.36#35.85
-149.028,50.9545#30.88#33.3#35.82
-148.948,50.9536#30.93#33.25#35.82
-148.867,50.9526#30.96#33.21#35.83
-148.786,50.9515#31#33.17#35.83
-148.705,50.9504#31.03#33.12#35.85
-148.624,50.9492#31.07#33.08#35.85
-148.543,50.948#31.1#33.04#35.86
-148.462,50.9466#31.13#33.01#35.86
-148.381,50.9452#31.14#32.98#35.88
-148.3,50.9438#31.15#32.95#35.9
-148.22,50.9422#31.17#32.93#35.9
-148.139,50.9406#31.18#32.9#35.92
-148.058,50.9389#31.19#32.88#35.93
-147.977,50.9371#31.21#32.85#35.94
-147.896,50.9353#31.21#32.84#35.95
-147.815,50.9334#31.21#32.82#35.97
-147.735,50.9314#31.22#32.8#35.98
-147.654,50.9294#31.22#32.78#36
-147.573,50.9272#31.23#32.77#36
-147.492,50.9251#31.23#32.75#36.02
-147.412,50.9228#31.23#32.73#36.04
-147.331,50.9204#31.24#32.71#36.05
-147.25,50.918#31.24#32.69#36.07
-147.169,50.9156#31.24#32.67#36.09
-147.089,50.913#31.24#32.66#36.1
-147.008,50.9104#31.24#32.64#36.12
-146.927,50.9077#31.24#32.62#36.14
-146.846,50.9049#31.24#32.6#36.16
-146.766,50.9021#31.24#32.58#36.18
-154.448,50.9018#30.95#35.78#33.27
-154.367,50.9057#30.92#35.76#33.32
-154.287,50.9095#30.88#35.74#33.38
-154.206,50.9133#30.84#35.72#33.44
-154.126,50.917#30.81#35.7#33.49
-154.045,50.9206#30.77#35.68#33.55
-153.964,50.9242#30.73#35.66#33.61
-153.884,50.9277#30.69#35.64#33.67
-153.803,50.9311#30.64#35.62#33.74
-153.722,50.9344#30.6#35.6#33.8
-153.642,50.9377#30.55#35.58#33.87
-153.561,50.9409#30.51#35.56#33.93
-153.48,50.944#30.47#35.54#33.99
-153.399,50.9471#30.42#35.52#34.06
-153.319,50.9501#30.38#35.49#34.13
-153.238,50.953#30.34#35.47#34.19
-153.157,50.9558#30.3#35.45#34.25
-153.076,50.9586#30.25#35.42#34.33
-152.995,50.9613#30.21#35.4#34.39
-152.915,50.9639#30.18#35.38#34.44
-152.834,50.9665#30.15#35.36#34.49
-152.753,50.969#30.12#35.33#34.55
-152.672,50.9714#30.08#35.31#34.61
-152.591,50.9737#30.05#35.29#34.66
-152.51,50.976#30.02#35.27#34.71
-152.429,50.9782#30#35.24#34.76
-152.348,50.9803#29.98#35.22#34.8
-152.268,50.9824#29.96#35.2#34.84
-152.187,50.9844#29.94#35.17#34.89
-152.106,50.9863#29.92#35.15#34.93
-152.025,50.9881#29.9#35.12#34.98
-151.944,50.9899#29.89#35.1#35.01
-151.863,50.9916#29.89#35.07#35.04
-151.782,50.9932#29.88#35.04#35.08
-151.701,50.9947#29.87#35.01#35.12
-151.62,50.9962#29.86#34.98#35.16
-151.539,50.9976#29.86#34.95#35.19
-151.458,50.9989#29.85#34.91#35.24
-151.377,51.0002#29.85#34.87#35.28
-151.296,51.0014#29.85#34.83#35.32
-151.215,51.0025#29.85#34.79#35.36
-151.134,51.0036#29.85#34.75#35.4
-151.053,51.0045#29.84#34.72#35.44
-150.972,51.0054#29.84#34.67#35.49
-150.891,51.0063#29.84#34.62#35.54
-150.81,51.007#29.84#34.57#35.59
-150.729,51.0077#29.85#34.53#35.62
-150.648,51.0083#29.85#34.48#35.67
-150.567,51.0089#29.85#34.43#35.72
-150.486,51.0093#29.85#34.38#35.77
-150.405,51.0097#29.85#34.32#35.83
-150.324,51.01#29.85#34.27#35.88
-150.243,51.0103#29.85#34.21#35.94
-150.162,51.0105#29.85#34.16#35.99
-150.081,51.0106#29.85#34.11#36.04
-149.999,51.0106#29.86#34.05#36.09
-149.918,51.0106#29.94#33.99#36.07
-149.837,51.0105#30.02#33.94#36.04
-149.756,51.0103#30.11#33.88#36.01
-149.675,51.01#30.19#33.82#35.99
-149.594,51.0097#30.27#33.76#35.97
-149.513,51.0093#30.36#33.7#35.94
-149.432,51.0089#30.44#33.64#35.92
-149.351,51.0083#30.53#33.58#35.89
-149.27,51.0077#30.62#33.52#35.86
-149.189,51.007#30.71#33.46#35.83
-149.108,51.0063#30.79#33.4#35.81
-149.027,51.0054#30.88#33.34#35.78
-148.946,51.0045#30.94#33.29#35.77
-148.865,51.0035#30.97#33.25#35.78
-148.784,51.0025#31#33.2#35.8
-148.703,51.0014#31.04#33.16#35.8
-148.622,51.0002#31.07#33.11#35.82
-148.541,50.9989#31.11#33.07#35.82
-148.46,50.9976#31.13#33.03#35.84
-148.379,50.9962#31.15#33.01#35.84
-148.298,50.9947#31.16#32.98#35.86
-148.217,50.9932#31.17#32.95#35.88
-148.136,50.9915#31.19#32.92#35.89
-148.055,50.9898#31.2#32.89#35.91
-147.974,50.9881#31.21#32.87#35.92
-147.893,50.9862#31.22#32.85#35.93
-147.812,50.9843#31.22#32.84#35.94
-147.731,50.9824#31.22#32.82#35.96
-147.651,50.9803#31.23#32.8#35.97
-147.57,50.9782#31.23#32.78#35.99
-147.489,50.976#31.24#32.77#35.99
-147.408,50.9737#31.24#32.75#36.01
-147.327,50.9714#31.24#32.73#36.03
-147.246,50.9689#31.24#32.71#36.05
-147.165,50.9665#31.24#32.69#36.07
-147.084,50.9639#31.24#32.67#36.09
-147.004,50.9613#31.24#32.65#36.11
-146.923,50.9586#31.24#32.64#36.12
-146.842,50.9558#31.24#32.62#36.14
-146.761,50.953#31.24#32.6#36.16
-146.68,50.95#31.24#32.58#36.18
-146.6,50.9471#31.24#32.56#36.2
-146.519,50.944#31.24#32.54#36.22
-146.438,50.9409#31.24#32.52#36.24
-146.357,50.9377#31.24#32.49#36.27
-146.277,50.9344#31.24#32.47#36.29
-146.196,50.931#31.24#32.45#36.31
-146.115,50.9276#31.25#32.43#36.32
-146.035,50.9241#31.25#32.41#36.34
-145.954,50.9206#31.25#32.39#36.36
-145.873,50.917#31.25#32.36#36.39
-145.793,50.9132#31.25#32.34#36.41
-145.712,50.9095#31.26#32.32#36.42
-145.632,50.9056#31.26#32.3#36.44
-145.551,50.9017#31.27#32.28#36.45
-155.34,50.9047#30.98#36.05#32.97
-155.26,50.9094#30.98#36.03#32.99
-155.179,50.9141#30.99#36.01#33
-155.099,50.9186#30.99#36#33.01
-155.018,50.9231#31#35.98#33.02
-154.938,50.9275#31#35.96#33.04
-154.857,50.9319#30.99#35.94#33.07
-154.777,50.9362#30.98#35.92#33.1
-154.696,50.9404#30.98#35.9#33.12
-154.615,50.9445#30.97#35.89#33.14
-154.535,50.9486#30.97#35.87#33.16
-154.454,50.9526#30.95#35.85#33.2
-154.373,50.9565#30.91#35.83#33.26
-154.293,50.9603#30.88#35.81#33.31
-154.212,50.9641#30.85#35.79#33.36
-154.131,50.9678#30.81#35.77#33.42
-154.051,50.9715#30.78#35.75#33.47
-153.97,50.975#30.74#35.72#33.54
-153.889,50.9785#30.7#35.7#33.6
-153.808,50.9819#30.66#35.68#33.66
-153.727,50.9853#30.62#35.66#33.72
-153.647,50.9886#30.58#35.64#33.78
-153.566,50.9918#30.53#35.62#33.85
-153.485,50.9949#30.49#35.6#33.91
-153.404,50.998#30.45#35.58#33.97
-153.323,51.001#30.41#35.55#34.04
-153.242,51.0039#30.37#35.53#34.1
-153.161,51.0067#30.32#35.51#34.17
-153.081,51.0095#30.28#35.48#34.24
-153,51.0122#30.24#35.46#34.3
-152.919,51.0149#30.21#35.44#34.35
-152.838,51.0174#30.17#35.41#34.42
-152.757,51.0199#30.14#35.39#34.47
-152.676,51.0223#30.11#35.37#34.52
-152.595,51.0247#30.08#35.35#34.57
-152.514,51.0269#30.04#35.32#34.64
-152.433,51.0291#30.02#35.3#34.68
-152.352,51.0313#30#35.28#34.72
-152.271,51.0333#29.98#35.25#34.77
-152.19,51.0353#29.96#35.23#34.81
-152.109,51.0372#29.94#35.2#34.86
-152.028,51.0391#29.92#35.18#34.9
-151.947,51.0408#29.91#35.15#34.94
-151.865,51.0425#29.9#35.12#34.98
-151.784,51.0441#29.89#35.09#35.02
-151.703,51.0457#29.88#35.06#35.06
-151.622,51.0472#29.88#35.03#35.09
-151.541,51.0486#29.87#35#35.13
-151.46,51.0499#29.86#34.97#35.17
-151.379,51.0512#29.86#34.93#35.21
-151.298,51.0524#29.86#34.88#35.26
-151.217,51.0535#29.86#34.84#35.3
-151.136,51.0545#29.85#34.8#35.35
-151.054,51.0555#29.85#34.76#35.39
-150.973,51.0564#29.85#34.72#35.43
-150.892,51.0573#29.85#34.67#35.48
-150.811,51.058#29.85#34.62#35.53
-150.73,51.0587#29.85#34.57#35.58
-150.649,51.0593#29.85#34.52#35.63
-150.568,51.0599#29.85#34.47#35.68
-150.486,51.0603#29.85#34.42#35.73
-150.405,51.0607#29.86#34.37#35.77
-150.324,51.061#29.86#34.31#35.83
-150.243,51.0613#29.86#34.26#35.88
-150.162,51.0615#29.86#34.2#35.94
-150.081,51.0616#29.86#34.15#35.99
-149.999,51.0616#29.86#34.09#36.05
-149.918,51.0616#29.95#34.04#36.01
-149.837,51.0615#30.03#33.98#35.99
-149.756,51.0613#30.11#33.92#35.97
-149.675,51.061#30.2#33.86#35.94
-149.594,51.0607#30.28#33.8#35.92
-149.513,51.0603#30.36#33.75#35.89
-149.431,51.0598#30.45#33.69#35.86
-149.35,51.0593#30.54#33.62#35.84
-149.269,51.0587#30.63#33.56#35.81
-149.188,51.058#30.71#33.5#35.79
-149.107,51.0572#30.8#33.44#35.76
-149.026,51.0564#30.89#33.38#35.73
-148.945,51.0555#30.94#33.33#35.73
-148.863,51.0545#30.98#33.28#35.74
-148.782,51.0535#31.01#33.24#35.75
-148.701,51.0524#31.05#33.19#35.76
-148.62,51.0512#31.08#33.15#35.77
-148.539,51.0499#31.11#33.1#35.79
-148.458,51.0486#31.14#33.06#35.8
-148.377,51.0472#31.15#33.03#35.82
-148.296,51.0457#31.16#33#35.84
-148.215,51.0441#31.18#32.97#35.85
-148.134,51.0425#31.19#32.94#35.87
-148.052,51.0408#31.21#32.91#35.88
-147.971,51.039#31.22#32.89#35.89
-147.89,51.0372#31.22#32.87#35.91
-147.809,51.0353#31.22#32.85#35.93
-147.728,51.0333#31.23#32.84#35.93
-147.647,51.0312#31.23#32.82#35.95
-147.566,51.0291#31.24#32.8#35.96
-147.485,51.0269#31.24#32.78#35.98
-147.404,51.0246#31.24#32.77#35.99
-147.323,51.0223#31.24#32.75#36.01
-147.242,51.0199#31.25#32.73#36.02
-147.161,51.0174#31.25#32.71#36.04
-147.08,51.0148#31.25#32.69#36.06
-146.999,51.0122#31.25#32.67#36.08
-146.918,51.0095#31.25#32.65#36.1
-146.838,51.0067#31.25#32.63#36.12
-146.757,51.0039#31.25#32.61#36.14
-146.676,51.0009#31.25#32.59#36.16
-146.595,50.9979#31.25#32.58#36.17
-146.514,50.9949#31.25#32.56#36.19
-146.433,50.9917#31.25#32.53#36.22
-146.352,50.9885#31.25#32.51#36.24
-146.272,50.9853#31.25#32.49#36.26
-146.191,50.9819#31.25#32.47#36.28
-146.11,50.9785#31.25#32.45#36.3
-146.029,50.975#31.25#32.43#36.32
-145.948,50.9714#31.25#32.41#36.34
-145.868,50.9678#31.25#32.38#36.37
-145.787,50.9641#31.26#32.36#36.38
-145.706,50.9603#31.26#32.34#36.4
-145.625,50.9564#31.26#32.32#36.42
-145.545,50.9525#31.27#32.29#36.44
-145.464,50.9485#31.27#32.27#36.46
-145.384,50.9445#31.28#32.25#36.47
-145.303,50.9403#31.29#32.23#36.48
-145.222,50.9361#31.3#32.21#36.49
-145.142,50.9318#31.31#32.19#36.5
-145.061,50.9275#31.32#32.17#36.51
-144.981,50.9231#31.33#32.15#36.52
-144.9,50.9186#31.34#32.13#36.53
-144.82,50.914#31.36#32.11#36.53
-144.739,50.9094#31.37#32.09#36.54
-144.659,50.9046#31.38#32.07#36.55
-156.152,50.9044#30.89#36.27#32.84
-156.072,50.9098#30.9#36.26#32.84
-155.992,50.9152#30.9#36.25#32.85
-155.911,50.9205#30.91#36.23#32.86
-155.831,50.9257#30.92#36.21#32.87
-155.75,50.9308#30.92#36.2#32.88
-155.67,50.9359#30.93#36.18#32.89
-155.59,50.9409#30.94#36.16#32.9
-155.509,50.9458#30.94#36.15#32.91
-155.428,50.9507#30.95#36.13#32.92
-155.348,50.9555#30.95#36.11#32.94
-155.267,50.9602#30.96#36.1#32.94
-155.187,50.9648#30.97#36.08#32.95
-155.106,50.9694#30.97#36.06#32.97
-155.025,50.9739#30.98#36.04#32.98
-154.945,50.9783#30.98#36.03#32.99
-154.864,50.9827#30.97#36.01#33.02
-154.783,50.987#30.97#35.99#33.04
-154.703,50.9912#30.96#35.97#33.07
-154.622,50.9953#30.96#35.95#33.09
-154.541,50.9994#30.95#35.93#33.12
-154.46,51.0034#30.94#35.91#33.15
-154.38,51.0073#30.91#35.89#33.2
-154.299,51.0112#30.88#35.87#33.25
-154.218,51.015#30.85#35.85#33.3
-154.137,51.0187#30.82#35.83#33.35
-154.056,51.0223#30.79#35.81#33.4
-153.975,51.0259#30.76#35.79#33.45
-153.895,51.0294#30.72#35.77#33.51
-153.814,51.0328#30.68#35.74#33.58
-153.733,51.0362#30.64#35.72#33.64
-153.652,51.0395#30.6#35.7#33.7
-153.571,51.0427#30.56#35.68#33.76
-153.49,51.0458#30.52#35.66#33.82
-153.409,51.0489#30.47#35.64#33.89
-153.328,51.0519#30.43#35.61#33.96
-153.247,51.0548#30.39#35.59#34.02
-153.166,51.0577#30.35#35.57#34.08
-153.085,51.0604#30.31#35.54#34.15
-153.004,51.0631#30.27#35.52#34.21
-152.923,51.0658#30.23#35.5#34.27
-152.842,51.0684#30.2#35.47#34.33
-152.761,51.0708#30.17#35.45#34.38
-152.68,51.0733#30.13#35.43#34.44
-152.598,51.0756#30.1#35.4#34.5
-152.517,51.0779#30.07#35.38#34.55
-152.436,51.0801#30.04#35.36#34.6
-152.355,51.0822#30.02#35.33#34.65
-152.274,51.0843#30#35.31#34.69
-152.193,51.0863#29.98#35.28#34.74
-152.112,51.0882#29.96#35.26#34.78
-152.03,51.09#29.94#35.24#34.82
-151.949,51.0918#29.92#35.21#34.87
-151.868,51.0935#29.91#35.18#34.91
-151.787,51.0951#29.9#35.15#34.95
-151.706,51.0967#29.9#35.11#34.99
-151.625,51.0982#29.89#35.08#35.03
-151.543,51.0996#29.88#35.05#35.07
-151.462,51.1009#29.87#35.02#35.11
-151.381,51.1022#29.87#34.98#35.15
-151.3,51.1034#29.87#34.94#35.19
-151.218,51.1045#29.87#34.89#35.24
-151.137,51.1055#29.86#34.85#35.29
-151.056,51.1065#29.86#34.81#35.33
-150.975,51.1074#29.86#34.77#35.37
-150.893,51.1083#29.86#34.72#35.42
-150.812,51.109#29.86#34.67#35.47
-150.731,51.1097#29.86#34.62#35.52
-150.65,51.1103#29.86#34.57#35.57
-150.568,51.1109#29.86#34.52#35.62
-150.487,51.1113#29.86#34.47#35.67
-150.406,51.1117#29.86#34.41#35.73
-150.325,51.1121#29.86#34.36#35.78
-150.243,51.1123#29.87#34.3#35.83
-150.162,51.1125#29.87#34.25#35.88
-150.081,51.1126#29.87#34.19#35.94
-149.999,51.1126#29.87#34.14#35.99
-149.918,51.1126#29.95#34.08#35.97
-149.837,51.1125#30.04#34.02#35.94
-149.756,51.1123#30.12#33.96#35.92
-149.674,51.1121#30.2#33.9#35.9
-149.593,51.1117#30.29#33.85#35.86
-149.512,51.1113#30.37#33.79#35.84
-149.431,51.1109#30.46#33.73#35.81
-149.349,51.1103#30.55#33.67#35.78
-149.268,51.1097#30.63#33.61#35.76
-149.187,51.109#30.72#33.55#35.73
-149.106,51.1082#30.81#33.49#35.7
-149.024,51.1074#30.9#33.42#35.68
-148.943,51.1065#30.95#33.37#35.68
-148.862,51.1055#30.98#33.32#35.7
-148.781,51.1045#31.02#33.27#35.71
-148.699,51.1034#31.05#33.23#35.72
-148.618,51.1022#31.09#33.18#35.73
-148.537,51.1009#31.12#33.13#35.75
-148.456,51.0996#31.14#33.09#35.77
-148.374,51.0982#31.16#33.06#35.78
-148.293,51.0967#31.17#33.03#35.8
-148.212,51.0951#31.18#32.99#35.83
-148.131,51.0935#31.2#32.96#35.84
-148.05,51.0918#31.21#32.93#35.86
-147.969,51.09#31.22#32.91#35.87
-147.887,51.0882#31.23#32.89#35.88
-147.806,51.0863#31.23#32.87#35.9
-147.725,51.0843#31.23#32.85#35.92
-147.644,51.0822#31.24#32.84#35.92
-147.563,51.0801#31.24#32.82#35.94
-147.482,51.0779#31.25#32.8#35.95
-147.401,51.0756#31.25#32.78#35.97
-147.319,51.0732#31.25#32.77#35.98
-147.238,51.0708#31.25#32.75#36
-147.157,51.0683#31.25#32.73#36.02
-147.076,51.0658#31.25#32.71#36.04
-146.995,51.0631#31.25#32.69#36.06
-146.914,51.0604#31.25#32.67#36.08
-146.833,51.0576#31.25#32.65#36.1
-146.752,51.0548#31.25#32.63#36.12
-146.671,51.0518#31.25#32.61#36.14
-146.59,51.0488#31.25#32.59#36.16
-146.509,51.0458#31.25#32.57#36.18
-146.428,51.0426#31.25#32.55#36.2
-146.347,51.0394#31.25#32.53#36.22
-146.266,51.0361#31.25#32.51#36.24
-146.185,51.0328#31.25#32.49#36.26
-146.104,51.0294#31.25#32.47#36.28
-146.024,51.0259#31.25#32.45#36.3
-145.943,51.0223#31.26#32.42#36.32
-145.862,51.0186#31.26#32.4#36.34
-145.781,51.0149#31.26#32.38#36.36
-145.7,51.0111#31.26#32.36#36.38
-145.619,51.0073#31.27#32.34#36.39
-145.539,51.0033#31.27#32.31#36.42
-145.458,50.9993#31.27#32.29#36.44
-145.377,50.9953#31.28#32.27#36.45
-145.296,50.9911#31.29#32.25#36.46
-145.216,50.9869#31.3#32.23#36.47
-145.135,50.9826#31.31#32.21#36.48
-145.054,50.9783#31.32#32.18#36.5
-144.974,50.9738#31.33#32.16#36.51
-144.893,50.9693#31.34#32.14#36.52
-144.812,50.9648#31.35#32.12#36.53
-144.732,50.9601#31.36#32.1#36.54
-144.651,50.9554#31.37#32.08#36.55
-144.571,50.9506#31.38#32.07#36.55
-144.49,50.9457#31.4#32.05#36.55
-144.409,50.9408#31.41#32.03#36.56
-144.329,50.9358#31.43#32.01#36.56
-144.249,50.9307#31.44#31.99#36.57
-144.168,50.9256#31.46#31.98#36.56
-144.088,50.9204#31.47#31.96#36.57
-144.007,50.9151#31.49#31.94#36.57
-143.927,50.9097#31.51#31.92#36.57
-143.847,50.9043#31.52#31.91#36.57
-156.884,50.903#30.79#36.47#32.74
-156.804,50.909#30.8#36.46#32.74
-156.724,50.915#30.81#36.44#32.75
-156.643,50.921#30.82#36.43#32.75
-156.563,50.9268#30.83#36.42#32.75
-156.483,50.9326#30.83#36.4#32.77
-156.402,50.9383#30.84#36.39#32.77
-156.322,50.944#30.85#36.37#32.78
-156.242,50.9496#30.85#36.36#32.79
-156.161,50.9551#30.86#36.34#32.8
-156.081,50.9605#30.87#36.33#32.8
-156,50.9659#30.88#36.31#32.81
-155.92,50.9711#30.88#36.3#32.82
-155.839,50.9764#30.89#36.28#32.83
-155.759,50.9815#30.9#36.27#32.83
-155.678,50.9866#30.9#36.25#32.85
-155.597,50.9916#30.91#36.23#32.86
-155.517,50.9965#30.92#36.22#32.86
-155.436,51.0014#30.92#36.2#32.88
-155.355,51.0062#30.93#36.18#32.89
-155.275,51.0109#30.94#36.16#32.9
-155.194,51.0156#30.94#36.15#32.91
-155.113,51.0202#30.95#36.13#32.92
-155.033,51.0247#30.96#36.11#32.93
-154.952,51.0291#30.96#36.09#32.95
-154.871,51.0335#30.95#36.07#32.98
-154.79,51.0378#30.95#36.05#33
-154.709,51.042#30.95#36.03#33.02
-154.629,51.0461#30.94#36.01#33.05
-154.548,51.0502#30.94#35.99#33.07
-154.467,51.0542#30.93#35.97#33.1
-154.386,51.0582#30.9#35.95#33.15
-154.305,51.062#30.87#35.93#33.2
-154.224,51.0658#30.85#35.91#33.24
-154.143,51.0695#30.82#35.89#33.29
-154.062,51.0732#30.8#35.87#33.33
-153.981,51.0768#30.77#35.85#33.38
-153.9,51.0803#30.73#35.83#33.44
-153.819,51.0837#30.69#35.81#33.5
-153.738,51.0871#30.65#35.78#33.57
-153.657,51.0904#30.62#35.76#33.62
-153.576,51.0936#30.58#35.74#33.68
-153.495,51.0967#30.54#35.72#33.74
-153.414,51.0998#30.5#35.7#33.8
-153.333,51.1028#30.46#35.67#33.87
-153.252,51.1057#30.42#35.65#33.93
-153.17,51.1086#30.38#35.62#34
-153.089,51.1114#30.34#35.6#34.06
-153.008,51.1141#30.29#35.58#34.13
-152.927,51.1167#30.26#35.55#34.19
-152.846,51.1193#30.23#35.53#34.24
-152.765,51.1218#30.19#35.51#34.3
-152.683,51.1242#30.16#35.48#34.36
-152.602,51.1266#30.13#35.46#34.41
-152.521,51.1289#30.09#35.44#34.47
-152.44,51.1311#30.07#35.41#34.52
-152.358,51.1332#30.04#35.39#34.57
-152.277,51.1353#30.02#35.36#34.62
-152.196,51.1373#30#35.34#34.66
-152.115,51.1392#29.98#35.32#34.7
-152.033,51.141#29.95#35.29#34.76
-151.952,51.1428#29.94#35.26#34.8
-151.871,51.1445#29.93#35.23#34.84
-151.789,51.1461#29.92#35.2#34.88
-151.708,51.1477#29.91#35.17#34.92
-151.627,51.1492#29.9#35.14#34.96
-151.545,51.1506#29.89#35.11#35
-151.464,51.1519#29.88#35.07#35.05
-151.383,51.1532#29.88#35.03#35.09
-151.301,51.1544#29.88#34.99#35.13
-151.22,51.1555#29.87#34.94#35.19
-151.139,51.1566#29.87#34.9#35.23
-151.057,51.1575#29.87#34.86#35.27
-150.976,51.1584#29.87#34.82#35.31
-150.895,51.1593#29.87#34.77#35.36
-150.813,51.16#29.87#34.71#35.42
-150.732,51.1607#29.87#34.66#35.47
-150.651,51.1613#29.87#34.61#35.52
-150.569,51.1619#29.87#34.56#35.57
-150.488,51.1624#29.87#34.51#35.62
-150.406,51.1628#29.87#34.46#35.67
-150.325,51.1631#29.87#34.4#35.73
-150.244,51.1633#29.87#34.35#35.78
-150.162,51.1635#29.87#34.29#35.84
-150.081,51.1636#29.88#34.24#35.88
-149.999,51.1637#29.88#34.18#35.94
-149.918,51.1636#29.96#34.12#35.92
-149.837,51.1635#30.04#34.06#35.9
-149.755,51.1633#30.13#34.01#35.86
-149.674,51.1631#30.21#33.95#35.84
-149.593,51.1628#30.29#33.89#35.82
-149.511,51.1624#30.38#33.83#35.79
-149.43,51.1619#30.46#33.77#35.77
-149.348,51.1613#30.55#33.71#35.74
-149.267,51.1607#30.64#33.65#35.71
-149.186,51.16#30.73#33.59#35.68
-149.104,51.1593#30.82#33.53#35.65
-149.023,51.1584#30.9#33.47#35.63
-148.942,51.1575#30.95#33.41#35.64
-148.86,51.1565#30.99#33.36#35.65
-148.779,51.1555#31.02#33.31#35.67
-148.698,51.1544#31.06#33.26#35.68
-148.616,51.1532#31.09#33.21#35.7
-148.535,51.1519#31.13#33.16#35.71
-148.453,51.1506#31.15#33.12#35.73
-148.372,51.1492#31.16#33.08#35.76
-148.291,51.1477#31.18#33.05#35.77
-148.21,51.1461#31.19#33.02#35.79
-148.128,51.1445#31.2#32.98#35.82
-148.047,51.1428#31.22#32.95#35.83
-147.966,51.141#31.23#32.92#35.85
-147.884,51.1392#31.23#32.91#35.86
-147.803,51.1372#31.24#32.89#35.87
-147.722,51.1352#31.24#32.87#35.89
-147.641,51.1332#31.24#32.85#35.91
-147.559,51.131#31.25#32.84#35.91
-147.478,51.1288#31.25#32.82#35.93
-147.397,51.1265#31.25#32.8#35.95
-147.316,51.1242#31.25#32.78#35.97
-147.234,51.1218#31.26#32.76#35.98
-147.153,51.1193#31.26#32.75#35.99
-147.072,51.1167#31.26#32.73#36.01
-146.991,51.1141#31.26#32.71#36.03
-146.91,51.1113#31.26#32.69#36.05
-146.829,51.1086#31.26#32.67#36.07
-146.747,51.1057#31.26#32.65#36.09
-146.666,51.1028#31.26#32.63#36.11
-146.585,51.0998#31.26#32.61#36.13
-146.504,51.0967#31.26#32.59#36.15
-146.423,51.0935#31.26#32.57#36.17
-146.342,51.0903#31.26#32.55#36.19
-146.261,51.087#31.26#32.53#36.21
-146.18,51.0837#31.26#32.51#36.23
-146.099,51.0802#31.26#32.49#36.25
-146.018,51.0767#31.26#32.47#36.27
-145.937,51.0732#31.26#32.44#36.3
-145.856,51.0695#31.26#32.42#36.32
-145.775,51.0658#31.26#32.4#36.34
-145.694,51.062#31.27#32.38#36.35
-145.613,51.0581#31.27#32.35#36.38
-145.532,51.0542#31.27#32.33#36.4
-145.451,51.0502#31.28#32.31#36.41
-145.37,51.0461#31.28#32.29#36.43
-145.29,51.0419#31.29#32.27#36.44
-145.209,51.0377#31.3#32.25#36.45
-145.128,51.0334#31.3#32.22#36.48
-145.047,51.0291#31.31#32.2#36.49
-144.966,51.0246#31.32#32.18#36.5
-144.886,51.0201#31.33#32.16#36.51
-144.805,51.0155#31.34#32.14#36.52
-144.724,51.0109#31.35#32.12#36.53
-144.644,51.0061#31.36#32.1#36.54
-144.563,51.0014#31.37#32.08#36.55
-144.482,50.9965#31.39#32.06#36.55
-144.402,50.9915#31.4#32.05#36.55
-144.321,50.9865#31.41#32.03#36.56
-144.24,50.9815#31.43#32.01#36.56
-144.16,50.9763#31.44#31.99#36.57
-144.079,50.9711#31.46#31.98#36.56
-143.999,50.9658#31.47#31.96#36.57
-143.918,50.9604#31.49#31.94#36.57
-143.838,50.955#31.51#31.93#36.56
-143.757,50.9495#31.52#31.91#36.57
-143.677,50.9439#31.54#31.9#36.56
-143.597,50.9383#31.56#31.88#36.56
-143.516,50.9325#31.57#31.86#36.57
-143.436,50.9267#31.59#31.85#36.56
-143.356,50.9209#31.6#31.83#36.57
-143.275,50.915#31.62#31.82#36.56
-143.195,50.9089#31.63#31.8#36.57
-143.115,50.9029#31.65#31.79#36.56
-157.536,50.9023#30.69#36.64#32.67
-157.455,50.909#30.7#36.63#32.67
-157.375,50.9156#30.7#36.62#32.68
-157.295,50.9221#30.71#36.61#32.68
-157.215,50.9285#30.72#36.59#32.69
-157.135,50.9349#30.73#36.58#32.69
-157.054,50.9412#30.74#36.57#32.69
-156.974,50.9474#30.75#36.56#32.69
-156.894,50.9535#30.76#36.54#32.7
-156.814,50.9596#30.77#36.53#32.7
-156.733,50.9656#30.78#36.52#32.7
-156.653,50.9716#30.78#36.5#32.72
-156.572,50.9775#30.79#36.49#32.72
-156.492,50.9833#30.8#36.47#32.73
-156.411,50.989#30.81#36.46#32.73
-156.331,50.9946#30.82#36.44#32.74
-156.25,51.0002#30.83#36.43#32.74
-156.17,51.0057#30.83#36.41#32.76
-156.089,51.0112#30.84#36.4#32.76
-156.009,51.0166#30.85#36.38#32.77
-155.928,51.0219#30.86#36.37#32.77
-155.847,51.0271#30.86#36.35#32.79
-155.767,51.0323#30.87#36.33#32.8
-155.686,51.0373#30.88#36.32#32.8
-155.605,51.0424#30.89#36.3#32.81
-155.525,51.0473#30.89#36.28#32.83
-155.444,51.0522#30.9#36.27#32.83
-155.363,51.057#30.91#36.25#32.84
-155.282,51.0617#30.91#36.23#32.86
-155.201,51.0664#30.92#36.21#32.87
-155.121,51.071#30.93#36.19#32.88
-155.04,51.0755#30.94#36.18#32.88
-154.959,51.0799#30.94#36.16#32.9
-154.878,51.0843#30.94#36.14#32.92
-154.797,51.0886#30.93#36.12#32.95
-154.716,51.0928#30.93#36.1#32.97
-154.635,51.097#30.93#36.08#32.99
-154.554,51.1011#30.93#36.06#33.01
-154.473,51.1051#30.92#36.04#33.04
-154.392,51.109#30.9#36.02#33.08
-154.311,51.1129#30.87#35.99#33.14
-154.23,51.1167#30.85#35.97#33.18
-154.149,51.1204#30.83#35.95#33.22
-154.068,51.1241#30.8#35.93#33.27
-153.987,51.1277#30.78#35.91#33.31
-153.906,51.1312#30.74#35.89#33.37
-153.824,51.1346#30.71#35.87#33.42
-153.743,51.138#30.67#35.84#33.49
-153.662,51.1413#30.64#35.82#33.54
-153.581,51.1445#30.6#35.8#33.6
-153.5,51.1477#30.57#35.78#33.65
-153.419,51.1507#30.53#35.75#33.72
-153.337,51.1537#30.48#35.73#33.79
-153.256,51.1567#30.44#35.71#33.85
-153.175,51.1595#30.4#35.68#33.92
-153.094,51.1623#30.36#35.66#33.98
-153.012,51.1651#30.32#35.63#34.05
-152.931,51.1677#30.29#35.61#34.1
-152.85,51.1703#30.25#35.59#34.16
-152.768,51.1728#30.22#35.57#34.21
-152.687,51.1752#30.18#35.54#34.28
-152.606,51.1776#30.15#35.52#34.33
-152.524,51.1798#30.12#35.5#34.38
-152.443,51.1821#30.09#35.47#34.44
-152.362,51.1842#30.06#35.45#34.49
-152.28,51.1863#30.04#35.42#34.54
-152.199,51.1883#30.02#35.4#34.58
-152.118,51.1902#29.99#35.37#34.64
-152.036,51.192#29.97#35.35#34.68
-151.955,51.1938#29.95#35.32#34.73
-151.873,51.1955#29.94#35.29#34.77
-151.792,51.1971#29.93#35.25#34.82
-151.711,51.1987#29.92#35.22#34.86
-151.629,51.2002#29.91#35.19#34.9
-151.548,51.2016#29.9#35.16#34.94
-151.466,51.203#29.89#35.12#34.99
-151.385,51.2042#29.89#35.08#35.03
-151.303,51.2054#29.89#35.04#35.07
-151.222,51.2065#29.88#34.99#35.13
-151.14,51.2076#29.88#34.95#35.17
-151.059,51.2086#29.88#34.91#35.21
-150.977,51.2095#29.88#34.86#35.26
-150.896,51.2103#29.88#34.81#35.31
-150.814,51.2111#29.88#34.76#35.36
-150.733,51.2118#29.88#34.71#35.41
-150.651,51.2124#29.88#34.66#35.46
-150.57,51.2129#29.88#34.61#35.51
-150.489,51.2134#29.88#34.56#35.56
-150.407,51.2138#29.88#34.5#35.62
-150.326,51.2141#29.88#34.45#35.67
-150.244,51.2144#29.88#34.39#35.73
-150.162,51.2146#29.88#34.33#35.79
-150.081,51.2147#29.88#34.28#35.84
-149.999,51.2147#29.88#34.22#35.9
-149.918,51.2147#29.97#34.17#35.86
-149.836,51.2146#30.05#34.11#35.84
-149.755,51.2144#30.13#34.05#35.82
-149.673,51.2141#30.22#33.99#35.79
-149.592,51.2138#30.3#33.93#35.77
-149.51,51.2134#30.38#33.87#35.75
-149.429,51.2129#30.47#33.81#35.72
-149.347,51.2124#30.56#33.75#35.69
-149.266,51.2118#30.65#33.69#35.66
-149.185,51.2111#30.74#33.63#35.63
-149.103,51.2103#30.82#33.57#35.61
-149.022,51.2095#30.91#33.51#35.58
-148.94,51.2086#30.96#33.45#35.59
-148.859,51.2076#31#33.4#35.6
-148.777,51.2065#31.03#33.35#35.62
-148.696,51.2054#31.06#33.29#35.65
-148.614,51.2042#31.1#33.24#35.66
-148.533,51.2029#31.13#33.19#35.68
-148.451,51.2016#31.15#33.14#35.71
-148.37,51.2002#31.17#33.11#35.72
-148.288,51.1987#31.18#33.07#35.75
-148.207,51.1971#31.19#33.04#35.77
-148.126,51.1955#31.21#33#35.79
-148.044,51.1938#31.22#32.97#35.81
-147.963,51.192#31.23#32.94#35.83
-147.881,51.1902#31.24#32.92#35.84
-147.8,51.1882#31.24#32.91#35.85
-147.719,51.1862#31.24#32.89#35.87
-147.637,51.1842#31.25#32.87#35.88
-147.556,51.182#31.25#32.85#35.9
-147.475,51.1798#31.26#32.84#35.9
-147.393,51.1775#31.26#32.82#35.92
-147.312,51.1752#31.26#32.8#35.94
-147.231,51.1727#31.26#32.78#35.96
-147.149,51.1702#31.26#32.76#35.98
-147.068,51.1677#31.26#32.75#35.99
-146.987,51.165#31.26#32.73#36.01
-146.905,51.1623#31.26#32.71#36.03
-146.824,51.1595#31.26#32.69#36.05
-146.743,51.1566#31.26#32.67#36.07
-146.662,51.1537#31.26#32.65#36.09
-146.58,51.1507#31.26#32.63#36.11
-146.499,51.1476#31.26#32.61#36.13
-146.418,51.1445#31.26#32.59#36.15
-146.337,51.1412#31.26#32.57#36.17
-146.256,51.1379#31.26#32.55#36.19
-146.174,51.1346#31.26#32.53#36.21
-146.093,51.1311#31.26#32.51#36.23
-146.012,51.1276#31.26#32.49#36.25
-145.931,51.124#31.26#32.46#36.28
-145.85,51.1204#31.27#32.44#36.29
-145.769,51.1167#31.27#32.42#36.31
-145.688,51.1129#31.27#32.4#36.33
-145.607,51.109#31.27#32.37#36.36
-145.526,51.105#31.27#32.35#36.38
-145.445,51.101#31.28#32.33#36.39
-145.364,51.0969#31.28#32.31#36.41
-145.283,51.0928#31.29#32.29#36.42
-145.202,51.0885#31.29#32.26#36.45
-145.121,51.0842#31.3#32.24#36.46
-145.04,51.0799#31.31#32.22#36.47
-144.959,51.0754#31.31#32.2#36.49
-144.878,51.0709#31.32#32.18#36.5
-144.798,51.0663#31.33#32.16#36.51
-144.717,51.0617#31.34#32.14#36.52
-144.636,51.0569#31.35#32.12#36.53
-144.555,51.0521#31.36#32.1#36.54
-144.474,51.0472#31.38#32.08#36.54
-144.394,51.0423#31.39#32.07#36.54
-144.313,51.0373#31.4#32.05#36.55
-144.232,51.0322#31.42#32.03#36.55
-144.152,51.027#31.43#32.01#36.56
-144.071,51.0218#31.44#32#36.56
-143.99,51.0165#31.46#31.98#36.56
-143.91,51.0111#31.48#31.96#36.56
-143.829,51.0057#31.49#31.95#36.56
-143.749,51.0002#31.51#31.93#36.56
-143.668,50.9946#31.52#31.92#36.56
-143.588,50.9889#31.54#31.9#36.56
-143.507,50.9832#31.56#31.88#36.56
-143.427,50.9774#31.57#31.87#36.56
-143.346,50.9715#31.59#31.85#36.56
-143.266,50.9656#31.6#31.84#36.56
-143.185,50.9596#31.62#31.82#36.56
-143.105,50.9535#31.63#31.81#36.56
-143.025,50.9473#31.65#31.79#36.56
-142.945,50.9411#31.66#31.78#36.56
-142.864,50.9348#31.68#31.77#36.55
-142.784,50.9284#31.69#31.75#36.56
-142.704,50.922#31.7#31.74#36.56
-142.624,50.9155#31.72#31.73#36.55
-142.544,50.9089#31.73#31.71#36.56
-142.463,50.9023#31.74#31.7#36.56
-158.107,50.9043#30.57#36.8#32.63
-158.027,50.9114#30.58#36.79#32.63
-157.947,50.9185#30.59#36.77#32.64
-157.867,50.9255#30.6#36.76#32.64
-157.787,50.9325#30.61#36.75#32.64
-157.707,50.9393#30.62#36.74#32.64
-157.626,50.9461#30.63#36.73#32.64
-157.546,50.9529#30.64#36.72#32.64
-157.466,50.9595#30.66#36.7#32.64
-157.386,50.9661#30.66#36.69#32.65
-157.305,50.9726#30.67#36.68#32.65
-157.225,50.9791#30.68#36.67#32.65
-157.145,50.9855#30.69#36.66#32.65
-157.064,50.9918#30.71#36.64#32.65
-156.984,50.998#30.72#36.63#32.65
-156.904,51.0042#30.72#36.62#32.66
-156.823,51.0102#30.73#36.6#32.67
-156.743,51.0163#30.74#36.59#32.67
-156.662,51.0222#30.75#36.57#32.68
-156.582,51.0281#30.76#36.56#32.68
-156.501,51.0339#30.77#36.55#32.68
-156.42,51.0397#30.78#36.53#32.69
-156.34,51.0453#30.79#36.52#32.69
-156.259,51.0509#30.8#36.5#32.7
-156.179,51.0564#30.8#36.48#32.72
-156.098,51.0619#30.81#36.47#32.72
-156.017,51.0673#30.82#36.45#32.73
-155.936,51.0726#30.83#36.44#32.73
-155.856,51.0778#30.84#36.42#32.74
-155.775,51.083#30.85#36.4#32.75
-155.694,51.0881#30.85#36.39#32.76
-155.613,51.0931#30.86#36.37#32.77
-155.532,51.0981#30.87#36.35#32.78
-155.452,51.103#30.88#36.33#32.79
-155.371,51.1078#30.88#36.32#32.8
-155.29,51.1125#30.89#36.3#32.81
-155.209,51.1172#30.9#36.28#32.82
-155.128,51.1218#30.91#36.26#32.83
-155.047,51.1263#30.91#36.24#32.85
-154.966,51.1307#30.92#36.22#32.86
-154.885,51.1351#30.92#36.2#32.88
-154.804,51.1394#30.92#36.18#32.9
-154.723,51.1437#30.92#36.16#32.92
-154.642,51.1478#30.92#36.14#32.94
-154.561,51.1519#30.92#36.12#32.96
-154.479,51.156#30.91#36.1#32.99
-154.398,51.1599#30.89#36.08#33.03
-154.317,51.1638#30.87#36.06#33.07
-154.236,51.1676#30.85#36.04#33.11
-154.155,51.1713#30.83#36.02#33.15
-154.074,51.175#30.81#35.99#33.2
-153.992,51.1786#30.79#35.97#33.24
-153.911,51.1821#30.75#35.95#33.3
-153.83,51.1855#30.72#35.93#33.35
-153.749,51.1889#30.69#35.91#33.4
-153.667,51.1922#30.66#35.88#33.46
-153.586,51.1954#30.62#35.86#33.52
-153.505,51.1986#30.59#35.84#33.57
-153.423,51.2017#30.55#35.81#33.64
-153.342,51.2047#30.51#35.79#33.7
-153.261,51.2076#30.47#35.77#33.76
-153.179,51.2105#30.43#35.74#33.83
-153.098,51.2133#30.39#35.72#33.89
-153.017,51.216#30.35#35.69#33.96
-152.935,51.2187#30.31#35.67#34.02
-152.854,51.2213#30.28#35.65#34.07
-152.772,51.2238#30.24#35.62#34.14
-152.691,51.2262#30.21#35.6#34.19
-152.61,51.2286#30.17#35.58#34.25
-152.528,51.2308#30.14#35.55#34.31
-152.447,51.2331#30.11#35.53#34.36
-152.365,51.2352#30.08#35.5#34.42
-152.284,51.2373#30.06#35.48#34.46
-152.202,51.2393#30.03#35.45#34.52
-152.121,51.2412#30.01#35.43#34.56
-152.039,51.2431#29.98#35.4#34.62
-151.958,51.2448#29.96#35.37#34.67
-151.876,51.2465#29.95#35.34#34.71
-151.795,51.2482#29.94#35.31#34.75
-151.713,51.2497#29.93#35.27#34.8
-151.631,51.2512#29.92#35.24#34.84
-151.55,51.2526#29.91#35.21#34.88
-151.468,51.254#29.9#35.17#34.93
-151.387,51.2553#29.89#35.13#34.98
-151.305,51.2565#29.89#35.09#35.02
-151.224,51.2576#29.89#35.04#35.07
-151.142,51.2586#29.88#35#35.12
-151.06,51.2596#29.88#34.96#35.16
-150.979,51.2605#29.88#34.91#35.21
-150.897,51.2614#29.88#34.86#35.26
-150.816,51.2621#29.88#34.81#35.31
-150.734,51.2628#29.88#34.76#35.36
-150.652,51.2634#29.88#34.71#35.41
-150.571,51.264#29.88#34.65#35.47
-150.489,51.2645#29.88#34.6#35.52
-150.408,51.2649#29.88#34.55#35.57
-150.326,51.2652#29.88#34.49#35.63
-150.244,51.2654#29.88#34.43#35.69
-150.163,51.2656#29.88#34.38#35.74
-150.081,51.2657#29.88#34.32#35.8
-149.999,51.2658#29.88#34.27#35.85
-149.918,51.2657#29.96#34.21#35.83
-149.836,51.2656#30.05#34.15#35.8
-149.755,51.2654#30.13#34.09#35.78
-149.673,51.2652#30.21#34.03#35.76
-149.591,51.2649#30.3#33.98#35.72
-149.51,51.2645#30.38#33.92#35.7
-149.428,51.264#30.47#33.86#35.67
-149.347,51.2634#30.56#33.8#35.64
-149.265,51.2628#30.65#33.74#35.61
-149.183,51.2621#30.74#33.68#35.58
-149.102,51.2614#30.82#33.62#35.56
-149.02,51.2605#30.91#33.56#35.53
-148.939,51.2596#30.96#33.5#35.54
-148.857,51.2586#31#33.45#35.55
-148.775,51.2576#31.03#33.39#35.58
-148.694,51.2564#31.07#33.34#35.59
-148.612,51.2552#31.1#33.28#35.62
-148.531,51.254#31.13#33.23#35.64
-148.449,51.2526#31.16#33.19#35.65
-148.368,51.2512#31.17#33.15#35.68
-148.286,51.2497#31.18#33.11#35.71
-148.204,51.2482#31.2#33.08#35.72
-148.123,51.2465#31.21#33.04#35.75
-148.041,51.2448#31.22#33#35.78
-147.96,51.243#31.23#32.97#35.8
-147.878,51.2412#31.24#32.95#35.81
-147.797,51.2392#31.24#32.93#35.83
-147.715,51.2372#31.25#32.91#35.84
-147.634,51.2352#31.25#32.89#35.86
-147.552,51.233#31.26#32.88#35.86
-147.471,51.2308#31.26#32.86#35.88
-147.389,51.2285#31.26#32.84#35.9
-147.308,51.2262#31.26#32.82#35.92
-147.227,51.2237#31.26#32.8#35.94
-147.145,51.2212#31.27#32.78#35.95
-147.064,51.2186#31.27#32.77#35.96
-146.982,51.216#31.27#32.75#35.98
-146.901,51.2133#31.27#32.73#36
-146.82,51.2105#31.27#32.71#36.02
-146.738,51.2076#31.27#32.69#36.04
-146.657,51.2047#31.27#32.67#36.06
-146.576,51.2017#31.27#32.65#36.08
-146.494,51.1986#31.27#32.63#36.1
-146.413,51.1954#31.27#32.61#36.12
-146.332,51.1922#31.27#32.59#36.14
-146.25,51.1889#31.27#32.57#36.16
-146.169,51.1855#31.27#32.55#36.18
-146.088,51.1821#31.27#32.53#36.2
-146.007,51.1785#31.27#32.51#36.22
-145.925,51.1749#31.27#32.48#36.25
-145.844,51.1713#31.27#32.46#36.27
-145.763,51.1675#31.27#32.44#36.29
-145.682,51.1637#31.27#32.41#36.32
-145.601,51.1599#31.27#32.39#36.34
-145.52,51.1559#31.27#32.37#36.36
-145.438,51.1519#31.28#32.35#36.37
-145.357,51.1478#31.28#32.33#36.39
-145.276,51.1436#31.29#32.3#36.41
-145.195,51.1394#31.29#32.28#36.43
-145.114,51.1351#31.29#32.26#36.45
-145.033,51.1307#31.3#32.24#36.46
-144.952,51.1262#31.31#32.22#36.47
-144.871,51.1217#31.32#32.2#36.48
-144.79,51.1171#31.33#32.18#36.49
-144.709,51.1124#31.34#32.16#36.5
-144.628,51.1077#31.34#32.14#36.52
-144.547,51.1029#31.35#32.12#36.53
-144.467,51.098#31.37#32.1#36.53
-144.386,51.0931#31.38#32.08#36.54
-144.305,51.088#31.39#32.07#36.54
-144.224,51.0829#31.4#32.05#36.55
-144.143,51.0778#31.42#32.03#36.55
-144.063,51.0725#31.43#32.01#36.56
-143.982,51.0672#31.44#32#36.56
-143.901,51.0618#31.46#31.98#36.56
-143.82,51.0564#31.48#31.97#36.55
-143.74,51.0508#31.49#31.95#36.56
-143.659,51.0452#31.51#31.94#36.55
-143.579,51.0396#31.52#31.92#36.56
-143.498,51.0338#31.54#31.9#36.56
-143.417,51.028#31.55#31.89#36.56
-143.337,51.0221#31.57#31.88#36.55
-143.256,51.0162#31.59#31.86#36.55
-143.176,51.0102#31.6#31.85#36.55
-143.095,51.0041#31.62#31.83#36.55
-143.015,50.9979#31.63#31.82#36.55
-142.935,50.9917#31.65#31.8#36.55
-142.854,50.9854#31.66#31.79#36.55
-142.774,50.979#31.67#31.77#36.56
-142.694,50.9725#31.69#31.76#36.55
-142.613,50.966#31.7#31.75#36.55
-142.533,50.9594#31.71#31.73#36.56
-142.453,50.9528#31.72#31.72#36.56
-142.373,50.946#31.74#31.71#36.55
-142.292,50.9392#31.75#31.69#36.56
-142.212,50.9324#31.76#31.68#36.56
-142.132,50.9254#31.77#31.67#36.56
-142.052,50.9184#31.78#31.65#36.57
-141.972,50.9113#31.79#31.64#36.57
-141.892,50.9042#31.8#31.63#36.57
-158.678,50.9026#30.42#36.95#32.63
-158.598,50.9103#30.44#36.94#32.62
-158.518,50.9179#30.45#36.93#32.62
-158.439,50.9254#30.47#36.92#32.61
-158.359,50.9328#30.48#36.91#32.61
-158.279,50.9402#30.49#36.9#32.61
-158.198,50.9475#30.5#36.89#32.61
-158.118,50.9547#30.52#36.88#32.6
-158.038,50.9619#30.53#36.86#32.61
-157.958,50.969#30.54#36.85#32.61
-157.878,50.976#30.56#36.84#32.6
-157.798,50.983#30.57#36.83#32.6
-157.717,50.9898#30.58#36.82#32.6
-157.637,50.9967#30.59#36.81#32.6
-157.557,51.0034#30.6#36.79#32.61
-157.477,51.0101#30.62#36.78#32.6
-157.396,51.0167#30.63#36.77#32.6
-157.316,51.0232#30.64#36.76#32.6
-157.235,51.0297#30.65#36.74#32.61
-157.155,51.036#30.66#36.73#32.61
-157.074,51.0424#30.67#36.72#32.61
-156.994,51.0486#30.68#36.7#32.62
-156.913,51.0548#30.69#36.69#32.62
-156.833,51.0609#30.7#36.67#32.63
-156.752,51.0669#30.71#36.66#32.63
-156.672,51.0729#30.72#36.65#32.63
-156.591,51.0788#30.73#36.63#32.64
-156.51,51.0846#30.74#36.62#32.64
-156.43,51.0903#30.75#36.6#32.65
-156.349,51.096#30.76#36.59#32.65
-156.268,51.1016#30.77#36.57#32.66
-156.187,51.1072#30.78#36.55#32.67
-156.107,51.1126#30.79#36.54#32.67
-156.026,51.118#30.79#36.52#32.69
-155.945,51.1233#30.8#36.51#32.69
-155.864,51.1286#30.81#36.49#32.7
-155.783,51.1338#30.82#36.47#32.71
-155.702,51.1389#30.83#36.45#32.72
-155.621,51.1439#30.84#36.44#32.72
-155.54,51.1489#30.85#36.42#32.73
-155.459,51.1538#30.85#36.4#32.75
-155.378,51.1586#30.86#36.38#32.76
-155.297,51.1633#30.87#36.36#32.77
-155.216,51.168#30.88#36.35#32.77
-155.135,51.1726#30.88#36.33#32.79
-155.054,51.1771#30.89#36.31#32.8
-154.973,51.1816#30.9#36.29#32.81
-154.892,51.186#30.9#36.27#32.83
-154.811,51.1903#30.9#36.25#32.85
-154.729,51.1945#30.9#36.23#32.87
-154.648,51.1987#30.9#36.21#32.89
-154.567,51.2028#30.9#36.18#32.92
-154.486,51.2068#30.9#36.16#32.94
-154.405,51.2108#30.88#36.14#32.98
-154.323,51.2147#30.87#36.12#33.01
-154.242,51.2185#30.85#36.1#33.05
-154.161,51.2222#30.83#36.08#33.09
-154.079,51.2259#30.81#36.06#33.13
-153.998,51.2295#30.79#36.03#33.18
-153.917,51.233#30.76#36.01#33.23
-153.835,51.2365#30.73#35.99#33.28
-153.754,51.2399#30.7#35.97#33.33
-153.673,51.2432#30.66#35.94#33.4
-153.591,51.2464#30.63#35.92#33.45
-153.51,51.2496#30.6#35.9#33.5
-153.428,51.2527#30.56#35.87#33.57
-153.347,51.2557#30.52#35.85#33.63
-153.265,51.2586#30.48#35.82#33.7
-153.184,51.2615#30.44#35.8#33.76
-153.102,51.2643#30.4#35.78#33.82
-153.021,51.267#30.36#35.75#33.89
-152.939,51.2697#30.33#35.73#33.94
-152.858,51.2723#30.29#35.7#34.01
-152.776,51.2748#30.26#35.68#34.06
-152.695,51.2772#30.22#35.66#34.12
-152.613,51.2796#30.19#35.63#34.18
-152.532,51.2819#30.15#35.61#34.24
-152.45,51.2841#30.12#35.58#34.3
-152.368,51.2862#30.1#35.56#34.34
-152.287,51.2883#30.07#35.53#34.4
-152.205,51.2903#30.05#35.51#34.44
-152.124,51.2922#30.02#35.48#34.5
-152.042,51.2941#29.99#35.45#34.56
-151.96,51.2959#29.98#35.42#34.6
-151.879,51.2976#29.96#35.39#34.65
-151.797,51.2992#29.95#35.36#34.69
-151.715,51.3008#29.94#35.33#34.73
-151.634,51.3023#29.93#35.29#34.78
-151.552,51.3037#29.91#35.26#34.83
-151.47,51.305#29.9#35.22#34.88
-151.389,51.3063#29.9#35.18#34.92
