-152.76,50.002#29.26#34.25#36.49
-152.681,50.0044#29.25#34.23#36.52
-152.602,50.0068#29.24#34.21#36.55
-152.523,50.009#29.22#34.19#36.59
-152.445,50.0112#29.22#34.17#36.61
-152.366,50.0134#29.22#34.15#36.63
-152.287,50.0154#29.22#34.14#36.64
-152.208,50.0174#29.22#34.12#36.66
-152.129,50.0193#29.21#34.1#36.69
-152.051,50.0212#29.21#34.08#36.71
-151.972,50.023#29.21#34.06#36.73
-151.893,50.0247#29.21#34.04#36.75
-151.814,50.0263#29.22#34.02#36.76
-151.735,50.0279#29.22#34#36.78
-151.656,50.0294#29.22#33.98#36.8
-151.578,50.0308#29.22#33.96#36.82
-151.499,50.0322#29.22#33.94#36.84
-151.42,50.0334#29.23#33.92#36.85
-151.341,50.0347#29.23#33.89#36.88
-151.262,50.0358#29.23#33.86#36.91
-151.183,50.0369#29.23#33.83#36.94
-151.104,50.0379#29.24#33.81#36.95
-151.025,50.0389#29.24#33.78#36.98
-150.946,50.0397#29.24#33.75#37.01
-150.868,50.0405#29.25#33.72#37.03
-150.789,50.0413#29.25#33.68#37.07
-150.71,50.0419#29.25#33.65#37.1
-150.631,50.0425#29.26#33.62#37.12
-150.552,50.043#29.26#33.58#37.16
-150.473,50.0435#29.26#33.55#37.19
-150.394,50.0439#29.27#33.5#37.23
-150.315,50.0442#29.27#33.45#37.28
-150.236,50.0444#29.27#33.4#37.33
-150.157,50.0446#29.27#33.35#37.38
-150.078,50.0447#29.28#33.3#37.42
-150,50.0447#29.28#33.26#37.46
-149.921,50.0447#29.38#33.21#37.41
-149.842,50.0446#29.48#33.17#37.35
-149.763,50.0444#29.58#33.12#37.3
-149.684,50.0442#29.67#33.07#37.26
-149.605,50.0439#29.77#33.03#37.2
-149.526,50.0435#29.87#32.98#37.15
-149.447,50.043#29.97#32.95#37.08
-149.368,50.0425#30.07#32.93#37
-149.289,50.0419#30.16#32.9#36.94
-149.21,50.0413#30.26#32.88#36.86
-149.131,50.0405#30.35#32.86#36.79
-149.053,50.0397#30.45#32.83#36.72
-148.974,50.0388#30.53#32.81#36.66
-148.895,50.0379#30.57#32.79#36.64
-148.816,50.0369#30.61#32.76#36.63
-148.737,50.0358#30.64#32.74#36.62
-148.658,50.0347#30.68#32.72#36.6
-148.579,50.0334#30.72#32.7#36.58
-148.5,50.0321#30.76#32.68#36.56
-148.421,50.0308#30.77#32.65#36.58
-148.343,50.0293#30.79#32.63#36.58
-148.264,50.0278#30.8#32.61#36.59
-148.185,50.0263#30.82#32.59#36.59
-148.106,50.0246#30.83#32.57#36.6
-148.027,50.0229#30.84#32.55#36.61
-147.948,50.0211#30.85#32.53#36.62
-147.87,50.0193#30.86#32.51#36.63
-147.791,50.0174#30.86#32.49#36.65
-147.712,50.0154#30.86#32.47#36.67
-147.633,50.0133#30.87#32.45#36.68
-147.554,50.0112#30.87#32.43#36.7
-147.476,50.009#30.88#32.41#36.71
-147.397,50.0067#30.88#32.39#36.73
-147.318,50.0044#30.88#32.36#36.76
-147.239,50.002#30.88#32.34#36.78
-154.102,50.0011#30.31#34.59#35.1
-154.023,50.0047#30.2#34.58#35.22
-153.945,50.0082#30.1#34.56#35.34
-153.866,50.0116#30.01#34.55#35.44
-153.787,50.015#29.91#34.53#35.56
-153.709,50.0183#29.82#34.51#35.67
-153.63,50.0216#29.73#34.5#35.77
-153.551,50.0247#29.64#34.48#35.88
-153.473,50.0278#29.57#34.47#35.96
-153.394,50.0309#29.53#34.45#36.02
-153.315,50.0338#29.5#34.43#36.07
-153.236,50.0367#29.46#34.41#36.13
-153.158,50.0396#29.43#34.4#36.17
-153.079,50.0423#29.39#34.38#36.23
-153,50.045#29.36#34.36#36.28
-152.921,50.0476#29.35#34.34#36.31
-152.842,50.0502#29.34#34.32#36.34
-152.763,50.0527#29.32#34.3#36.38
-152.685,50.0551#29.31#34.29#36.4
-152.606,50.0574#29.3#34.27#36.43
-152.527,50.0597#29.29#34.25#36.46
-152.448,50.0619#29.28#34.23#36.49
-152.369,50.064#29.28#34.21#36.51
-152.29,50.0661#29.28#34.19#36.53
-152.211,50.068#29.28#34.18#36.54
-152.132,50.07#29.27#34.16#36.57
-152.053,50.0718#29.27#34.14#36.59
-151.974,50.0736#29.27#34.12#36.61
-151.896,50.0753#29.27#34.1#36.63
-151.817,50.077#29.27#34.08#36.65
-151.738,50.0785#29.28#34.06#36.66
-151.659,50.08#29.28#34.04#36.68
-151.58,50.0815#29.28#34.02#36.7
-151.501,50.0828#29.28#34#36.72
-151.422,50.0841#29.28#33.97#36.75
-151.343,50.0853#29.29#33.94#36.77
-151.264,50.0865#29.29#33.91#36.8
-151.185,50.0876#29.29#33.88#36.83
-151.106,50.0886#29.3#33.86#36.84
-151.027,50.0895#29.3#33.83#36.87
-150.948,50.0904#29.3#33.8#36.9
-150.869,50.0912#29.3#33.77#36.93
-150.79,50.0919#29.31#33.73#36.96
-150.711,50.0926#29.31#33.7#36.99
-150.632,50.0932#29.31#33.67#37.02
-150.553,50.0937#29.32#33.63#37.05
-150.474,50.0942#29.32#33.6#37.08
-150.395,50.0946#29.32#33.55#37.13
-150.316,50.0949#29.33#33.5#37.17
-150.237,50.0951#29.33#33.45#37.22
-150.158,50.0953#29.33#33.4#37.27
-150.079,50.0954#29.33#33.35#37.32
-150,50.0954#29.34#33.3#37.36
-149.92,50.0954#29.43#33.25#37.32
-149.841,50.0953#29.53#33.2#37.27
-149.762,50.0951#29.63#33.15#37.22
-149.683,50.0949#29.73#33.1#37.17
-149.604,50.0946#29.82#33.05#37.13
-149.525,50.0942#29.92#33#37.08
-149.446,50.0937#30.02#32.97#37.01
-149.367,50.0932#30.11#32.95#36.94
-149.288,50.0926#30.21#32.92#36.87
-149.209,50.0919#30.3#32.9#36.8
-149.13,50.0912#30.4#32.87#36.73
-149.051,50.0904#30.49#32.85#36.66
-148.972,50.0895#30.57#32.82#36.61
-148.893,50.0886#30.6#32.8#36.6
-148.814,50.0876#30.64#32.78#36.58
-148.735,50.0865#30.68#32.76#36.56
-148.656,50.0853#30.72#32.74#36.54
-148.577,50.0841#30.76#32.71#36.53
-148.498,50.0828#30.79#32.69#36.52
-148.419,50.0814#30.81#32.67#36.52
-148.34,50.08#30.82#32.65#36.53
-148.261,50.0785#30.84#32.63#36.53
-148.182,50.0769#30.85#32.61#36.54
-148.103,50.0753#30.86#32.59#36.55
-148.025,50.0736#30.88#32.57#36.55
-147.946,50.0718#30.89#32.55#36.56
-147.867,50.0699#30.89#32.53#36.58
-147.788,50.068#30.89#32.51#36.6
-147.709,50.066#30.9#32.49#36.61
-147.63,50.064#30.9#32.47#36.63
-147.551,50.0618#30.91#32.45#36.64
-147.472,50.0596#30.91#32.42#36.67
-147.393,50.0574#30.91#32.4#36.69
-147.314,50.055#30.91#32.38#36.71
-147.236,50.0526#30.91#32.36#36.73
-147.157,50.0501#30.91#32.34#36.75
-147.078,50.0476#30.91#32.32#36.77
-146.999,50.045#30.91#32.3#36.79
-146.92,50.0423#30.91#32.28#36.81
-146.841,50.0395#30.91#32.26#36.83
-146.763,50.0367#30.91#32.24#36.85
-146.684,50.0338#30.91#32.21#36.88
-146.605,50.0308#30.91#32.19#36.9
-146.526,50.0278#30.91#32.17#36.92
-146.448,50.0247#30.93#32.15#36.92
-146.369,50.0215#30.94#32.13#36.93
-146.29,50.0183#30.96#32.11#36.93
-146.212,50.015#30.98#32.09#36.93
-146.133,50.0116#31#32.07#36.93
-146.054,50.0081#31.02#32.05#36.93
-145.976,50.0046#31.05#32.03#36.92
-145.897,50.001#31.09#32.01#36.9
-155.051,50.0031#31.21#34.82#33.97
-154.973,50.0075#31.19#34.8#34.01
-154.894,50.0118#31.15#34.79#34.06
-154.816,50.0161#31.1#34.78#34.12
-154.737,50.0203#31.06#34.77#34.17
-154.658,50.0245#31.01#34.75#34.24
-154.58,50.0286#30.97#34.74#34.29
-154.501,50.0326#30.93#34.73#34.34
-154.423,50.0365#30.82#34.71#34.47
-154.344,50.0404#30.7#34.7#34.6
-154.265,50.0442#30.59#34.68#34.73
-154.186,50.0479#30.48#34.67#34.85
-154.108,50.0516#30.36#34.65#34.99
-154.029,50.0552#30.25#34.64#35.11
-153.95,50.0587#30.15#34.62#35.23
-153.871,50.0622#30.06#34.61#35.33
-153.793,50.0656#29.97#34.59#35.44
-153.714,50.0689#29.89#34.58#35.53
-153.635,50.0721#29.8#34.56#35.64
-153.556,50.0753#29.71#34.54#35.75
-153.477,50.0784#29.64#34.53#35.83
-153.399,50.0815#29.61#34.51#35.88
-153.32,50.0844#29.57#34.49#35.94
-153.241,50.0873#29.54#34.47#35.99
-153.162,50.0902#29.5#34.46#36.04
-153.083,50.0929#29.46#34.44#36.1
-153.004,50.0956#29.43#34.42#36.15
-152.925,50.0982#29.41#34.4#36.19
-152.846,50.1008#29.4#34.38#36.22
-152.767,50.1033#29.39#34.36#36.25
-152.688,50.1057#29.38#34.34#36.28
-152.609,50.108#29.36#34.33#36.31
-152.53,50.1103#29.35#34.31#36.34
-152.451,50.1125#29.34#34.29#36.37
-152.372,50.1147#29.34#34.27#36.39
-152.293,50.1167#29.34#34.25#36.41
-152.214,50.1187#29.34#34.23#36.43
-152.135,50.1206#29.33#34.21#36.46
-152.056,50.1225#29.33#34.2#36.47
-151.977,50.1243#29.33#34.18#36.49
-151.898,50.126#29.33#34.16#36.51
-151.819,50.1276#29.33#34.13#36.54
-151.74,50.1292#29.34#34.11#36.55
-151.661,50.1307#29.34#34.09#36.57
-151.582,50.1321#29.34#34.07#36.59
-151.503,50.1335#29.34#34.05#36.61
-151.424,50.1348#29.34#34.02#36.64
-151.345,50.136#29.35#33.99#36.66
-151.266,50.1372#29.35#33.96#36.69
-151.186,50.1383#29.35#33.94#36.71
-151.107,50.1393#29.35#33.91#36.74
-151.028,50.1402#29.36#33.88#36.76
-150.949,50.1411#29.36#33.85#36.79
-150.87,50.1419#29.36#33.81#36.83
-150.791,50.1426#29.37#33.78#36.85
-150.712,50.1433#29.37#33.75#36.88
-150.633,50.1439#29.37#33.72#36.91
-150.553,50.1444#29.37#33.68#36.95
-150.474,50.1449#29.38#33.65#36.97
-150.395,50.1453#29.38#33.6#37.02
-150.316,50.1456#29.38#33.54#37.08
-150.237,50.1458#29.39#33.49#37.12
-150.158,50.146#29.39#33.44#37.17
-150.079,50.1461#29.39#33.39#37.22
-150,50.1461#29.39#33.34#37.27
-149.92,50.1461#29.49#33.29#37.22
-149.841,50.146#29.59#33.23#37.18
-149.762,50.1458#29.68#33.18#37.14
-149.683,50.1456#29.78#33.13#37.09
-149.604,50.1453#29.88#33.07#37.05
-149.525,50.1449#29.97#33.02#37.01
-149.446,50.1444#30.07#32.99#36.94
-149.366,50.1439#30.16#32.96#36.88
-149.287,50.1433#30.25#32.94#36.81
-149.208,50.1426#30.35#32.91#36.74
-149.129,50.1419#30.44#32.89#36.67
-149.05,50.1411#30.53#32.86#36.61
-148.971,50.1402#30.6#32.84#36.56
-148.892,50.1393#30.64#32.82#36.54
-148.813,50.1383#30.68#32.79#36.53
-148.733,50.1372#30.72#32.77#36.51
-148.654,50.136#30.75#32.75#36.5
-148.575,50.1348#30.79#32.73#36.48
-148.496,50.1335#30.83#32.71#36.46
-148.417,50.1321#30.84#32.69#36.47
-148.338,50.1307#30.86#32.67#36.47
-148.259,50.1292#30.87#32.65#36.48
-148.18,50.1276#30.88#32.63#36.49
-148.101,50.126#30.9#32.61#36.49
-148.022,50.1242#30.91#32.59#36.5
-147.943,50.1225#30.92#32.57#36.51
-147.864,50.1206#30.92#32.55#36.53
-147.785,50.1187#30.93#32.53#36.54
-147.706,50.1167#30.93#32.5#36.57
-147.627,50.1146#30.94#32.48#36.58
-147.548,50.1125#30.94#32.46#36.6
-147.469,50.1103#30.94#32.44#36.62
-147.39,50.108#30.94#32.42#36.64
-147.311,50.1057#30.94#32.4#36.66
-147.232,50.1033#30.94#32.38#36.68
-147.153,50.1008#30.94#32.36#36.7
-147.074,50.0982#30.94#32.34#36.72
-146.995,50.0956#30.94#32.32#36.74
-146.916,50.0929#30.94#32.3#36.76
-146.837,50.0901#30.94#32.28#36.78
-146.758,50.0873#30.94#32.26#36.8
-146.679,50.0844#30.94#32.23#36.83
-146.6,50.0814#30.94#32.21#36.85
-146.522,50.0784#30.94#32.19#36.87
-146.443,50.0753#30.95#32.17#36.88
-146.364,50.0721#30.97#32.15#36.88
-146.285,50.0689#30.98#32.13#36.89
-146.206,50.0655#31#32.11#36.89
-146.128,50.0621#31.02#32.09#36.89
-146.049,50.0587#31.03#32.07#36.9
-145.97,50.0552#31.06#32.05#36.89
-145.891,50.0516#31.1#32.03#36.87
-145.813,50.0479#31.14#32.01#36.85
-145.734,50.0442#31.19#31.99#36.82
-145.655,50.0404#31.23#31.97#36.8
-145.576,50.0365#31.28#31.95#36.77
-145.498,50.0325#31.32#31.93#36.75
-145.419,50.0285#31.36#31.91#36.73
-145.341,50.0244#31.4#31.9#36.7
-145.262,50.0203#31.44#31.88#36.68
-145.183,50.0161#31.48#31.86#36.66
-145.105,50.0118#31.52#31.84#36.64
-145.026,50.0074#31.56#31.82#36.62
-144.948,50.003#31.59#31.8#36.61
-155.922,50.0002#31.21#35.01#33.78
-155.844,50.0054#31.21#35#33.79
-155.765,50.0105#31.22#34.99#33.79
-155.687,50.0156#31.22#34.97#33.81
-155.608,50.0206#31.22#34.96#33.82
-155.53,50.0255#31.22#34.95#33.83
-155.451,50.0303#31.22#34.94#33.84
-155.373,50.0351#31.22#34.93#33.85
-155.294,50.0398#31.21#34.92#33.87
-155.216,50.0445#31.21#34.91#33.88
-155.137,50.049#31.21#34.89#33.9
-155.058,50.0535#31.21#34.88#33.91
-154.98,50.058#31.2#34.87#33.93
-154.901,50.0623#31.16#34.86#33.98
-154.822,50.0666#31.12#34.84#34.04
-154.744,50.0709#31.08#34.83#34.09
-154.665,50.075#31.04#34.82#34.14
-154.586,50.0791#31.01#34.81#34.18
-154.507,50.0831#30.97#34.79#34.24
-154.429,50.0871#30.87#34.78#34.35
-154.35,50.0909#30.75#34.76#34.49
-154.271,50.0948#30.64#34.75#34.61
-154.192,50.0985#30.53#34.73#34.74
-154.113,50.1022#30.41#34.72#34.87
-154.035,50.1058#30.3#34.7#35
-153.956,50.1093#30.2#34.69#35.11
-153.877,50.1128#30.12#34.67#35.21
-153.798,50.1162#30.03#34.65#35.32
-153.719,50.1195#29.95#34.64#35.41
-153.64,50.1227#29.87#34.62#35.51
-153.561,50.1259#29.79#34.61#35.6
-153.482,50.129#29.72#34.59#35.69
-153.403,50.1321#29.68#34.57#35.75
-153.324,50.1351#29.64#34.55#35.81
-153.245,50.138#29.61#34.53#35.86
-153.166,50.1408#29.57#34.52#35.91
-153.087,50.1436#29.53#34.5#35.97
-153.008,50.1463#29.5#34.48#36.02
-152.929,50.1489#29.48#34.46#36.06
-152.85,50.1514#29.47#34.44#36.09
-152.771,50.1539#29.45#34.42#36.13
-152.692,50.1563#29.44#34.4#36.16
-152.613,50.1587#29.43#34.38#36.19
-152.534,50.161#29.41#34.37#36.22
-152.455,50.1632#29.41#34.35#36.24
-152.376,50.1653#29.4#34.33#36.27
-152.297,50.1674#29.4#34.31#36.29
-152.217,50.1694#29.4#34.29#36.31
-152.138,50.1713#29.4#34.27#36.33
-152.059,50.1732#29.39#34.25#36.36
-151.98,50.175#29.39#34.23#36.38
-151.901,50.1767#29.39#34.21#36.4
-151.822,50.1783#29.39#34.19#36.42
-151.742,50.1799#29.4#34.17#36.43
-151.663,50.1814#29.4#34.15#36.45
-151.584,50.1828#29.4#34.12#36.48
-151.505,50.1842#29.4#34.1#36.5
-151.426,50.1855#29.4#34.07#36.53
-151.346,50.1867#29.4#34.04#36.56
-151.267,50.1879#29.41#34.01#36.58
-151.188,50.189#29.41#33.99#36.6
-151.109,50.19#29.41#33.96#36.63
-151.03,50.1909#29.41#33.93#36.66
-150.95,50.1918#29.42#33.9#36.68
-150.871,50.1926#29.42#33.86#36.72
-150.792,50.1934#29.42#33.83#36.75
-150.713,50.194#29.43#33.8#36.77
-150.633,50.1946#29.43#33.77#36.8
-150.554,50.1951#29.43#33.74#36.83
-150.475,50.1956#29.44#33.7#36.86
-150.396,50.196#29.44#33.64#36.92
-150.316,50.1963#29.44#33.59#36.97
-150.237,50.1966#29.44#33.54#37.02
-150.158,50.1967#29.45#33.49#37.06
-150.079,50.1968#29.45#33.44#37.11
-150,50.1969#29.45#33.38#37.17
-149.92,50.1968#29.55#33.33#37.12
-149.841,50.1967#29.64#33.27#37.09
-149.762,50.1965#29.74#33.21#37.05
-149.683,50.1963#29.83#33.15#37.02
-149.603,50.196#29.93#33.1#36.97
-149.524,50.1956#30.02#33.04#36.94
-149.445,50.1951#30.11#33.01#36.88
-149.366,50.1946#30.21#32.98#36.81
-149.286,50.194#30.3#32.95#36.75
-149.207,50.1934#30.39#32.93#36.68
-149.128,50.1926#30.48#32.9#36.62
-149.049,50.1918#30.57#32.88#36.55
-148.969,50.1909#30.64#32.85#36.51
-148.89,50.19#30.68#32.83#36.49
-148.811,50.189#30.72#32.81#36.47
-148.732,50.1879#30.75#32.79#36.46
-148.653,50.1867#30.79#32.77#36.44
-148.573,50.1855#30.83#32.74#36.43
-148.494,50.1842#30.86#32.72#36.42
-148.415,50.1828#30.88#32.7#36.42
-148.336,50.1814#30.89#32.68#36.43
-148.257,50.1799#30.9#32.66#36.44
-148.177,50.1783#30.92#32.64#36.44
-148.098,50.1767#30.93#32.62#36.45
-148.019,50.1749#30.95#32.6#36.45
-147.94,50.1731#30.95#32.58#36.47
-147.861,50.1713#30.96#32.56#36.48
-147.782,50.1694#30.96#32.54#36.5
-147.703,50.1674#30.96#32.52#36.52
-147.623,50.1653#30.97#32.5#36.53
-147.544,50.1632#30.97#32.48#36.55
-147.465,50.1609#30.97#32.46#36.57
-147.386,50.1587#30.97#32.44#36.59
-147.307,50.1563#30.98#32.42#36.6
-147.228,50.1539#30.98#32.4#36.62
-147.149,50.1514#30.98#32.38#36.64
-147.07,50.1489#30.98#32.36#36.66
-146.991,50.1462#30.97#32.34#36.69
-146.912,50.1435#30.97#32.32#36.71
-146.833,50.1408#30.97#32.3#36.73
-146.754,50.1379#30.97#32.27#36.76
-146.675,50.135#30.97#32.25#36.78
-146.596,50.132#30.97#32.23#36.8
-146.517,50.129#30.97#32.21#36.82
-146.438,50.1259#30.98#32.19#36.83
-146.359,50.1227#30.99#32.17#36.84
-146.28,50.1194#31#32.15#36.85
-146.201,50.1161#31.02#32.13#36.85
-146.122,50.1127#31.03#32.11#36.86
-146.043,50.1093#31.04#32.09#36.87
-145.964,50.1057#31.07#32.07#36.86
-145.886,50.1021#31.11#32.05#36.84
-145.807,50.0985#31.15#32.03#36.82
-145.728,50.0947#31.2#32.01#36.79
-145.649,50.0909#31.24#31.99#36.77
-145.57,50.087#31.28#31.97#36.75
-145.492,50.0831#31.32#31.95#36.73
-145.413,50.079#31.36#31.93#36.71
-145.334,50.075#31.39#31.91#36.7
-145.255,50.0708#31.43#31.89#36.68
-145.177,50.0666#31.47#31.88#36.65
-145.098,50.0623#31.5#31.86#36.64
-145.019,50.0579#31.54#31.84#36.62
-144.941,50.0535#31.57#31.82#36.61
-144.862,50.049#31.6#31.8#36.6
-144.784,50.0444#31.63#31.78#36.59
-144.705,50.0398#31.66#31.77#36.57
-144.626,50.035#31.69#31.75#36.56
-144.548,50.0303#31.72#31.73#36.55
-144.469,50.0254#31.74#31.71#36.55
-144.391,50.0205#31.76#31.69#36.55
-144.312,50.0155#31.78#31.68#36.54
-144.234,50.0104#31.8#31.66#36.54
-144.155,50.0053#31.82#31.64#36.54
-144.077,50.0001#31.83#31.62#36.55
-156.636,50.0007#31.19#35.15#33.66
-156.558,50.0065#31.19#35.15#33.66
-156.479,50.0123#31.19#35.14#33.67
-156.401,50.0179#31.19#35.13#33.68
-156.322,50.0236#31.2#35.12#33.68
-156.244,50.0291#31.2#35.11#33.69
-156.166,50.0346#31.2#35.1#33.7
-156.087,50.04#31.2#35.1#33.7
-156.009,50.0453#31.2#35.09#33.71
-155.93,50.0506#31.2#35.08#33.72
-155.852,50.0558#31.21#35.07#33.72
-155.773,50.0609#31.21#35.05#33.74
-155.695,50.066#31.21#35.04#33.75
-155.616,50.071#31.21#35.03#33.76
-155.537,50.0759#31.21#35.02#33.77
-155.459,50.0808#31.21#35.01#33.78
-155.38,50.0856#31.21#35#33.79
-155.301,50.0903#31.21#34.99#33.8
-155.223,50.0949#31.21#34.97#33.82
-155.144,50.0995#31.21#34.96#33.83
-155.065,50.104#31.21#34.95#33.84
-154.987,50.1085#31.2#34.94#33.86
-154.908,50.1128#31.17#34.92#33.91
-154.829,50.1171#31.14#34.91#33.95
-154.75,50.1214#31.1#34.9#34
-154.671,50.1255#31.07#34.88#34.05
-154.592,50.1296#31.05#34.87#34.08
-154.514,50.1337#31.02#34.86#34.12
-154.435,50.1376#30.92#34.84#34.24
-154.356,50.1415#30.8#34.83#34.37
-154.277,50.1453#30.69#34.81#34.5
-154.198,50.1491#30.57#34.8#34.63
-154.119,50.1527#30.46#34.78#34.76
-154.04,50.1564#30.35#34.77#34.88
-153.961,50.1599#30.25#34.75#35
-153.882,50.1634#30.17#34.73#35.1
-153.803,50.1668#30.09#34.72#35.19
-153.724,50.1701#30.01#34.7#35.29
-153.645,50.1734#29.94#34.68#35.38
-153.566,50.1765#29.86#34.67#35.47
-153.487,50.1797#29.79#34.65#35.56
-153.408,50.1827#29.75#34.63#35.62
-153.329,50.1857#29.72#34.61#35.67
-153.25,50.1886#29.68#34.6#35.72
-153.171,50.1914#29.64#34.58#35.78
-153.092,50.1942#29.6#34.56#35.84
-153.012,50.1969#29.57#34.54#35.89
-152.933,50.1995#29.55#34.52#35.93
-152.854,50.2021#29.53#34.5#35.97
-152.775,50.2046#29.52#34.48#36
-152.696,50.207#29.51#34.46#36.03
-152.617,50.2094#29.49#34.44#36.07
-152.537,50.2117#29.48#34.42#36.1
-152.458,50.2139#29.47#34.41#36.12
-152.379,50.216#29.47#34.39#36.14
-152.3,50.2181#29.46#34.37#36.17
-152.22,50.2201#29.46#34.35#36.19
-152.141,50.222#29.46#34.33#36.21
-152.062,50.2239#29.45#34.31#36.24
-151.983,50.2257#29.45#34.29#36.26
-151.903,50.2274#29.45#34.27#36.28
-151.824,50.229#29.45#34.25#36.3
-151.745,50.2306#29.45#34.22#36.33
-151.666,50.2321#29.45#34.2#36.35
-151.586,50.2336#29.45#34.18#36.37
-151.507,50.2349#29.45#34.15#36.4
-151.428,50.2362#29.45#34.13#36.42
-151.348,50.2375#29.46#34.1#36.44
-151.269,50.2386#29.46#34.07#36.47
-151.19,50.2397#29.46#34.04#36.5
-151.11,50.2407#29.46#34.01#36.53
-151.031,50.2417#29.46#33.98#36.56
-150.952,50.2425#29.47#33.94#36.59
-150.872,50.2434#29.47#33.91#36.62
-150.793,50.2441#29.47#33.88#36.65
-150.714,50.2448#29.47#33.85#36.68
-150.634,50.2454#29.48#33.81#36.71
-150.555,50.2459#29.48#33.78#36.74
-150.476,50.2463#29.48#33.74#36.78
-150.396,50.2467#29.48#33.69#36.83
-150.317,50.247#29.49#33.64#36.87
-150.238,50.2473#29.49#33.58#36.93
-150.158,50.2475#29.49#33.53#36.98
-150.079,50.2476#29.49#33.48#37.03
-150,50.2476#29.5#33.42#37.08
-149.92,50.2476#29.59#33.37#37.04
-149.841,50.2475#29.68#33.31#37.01
-149.761,50.2473#29.78#33.25#36.97
-149.682,50.247#29.87#33.19#36.94
-149.603,50.2467#29.97#33.13#36.9
-149.523,50.2463#30.06#33.07#36.87
-149.444,50.2459#30.15#33.03#36.82
-149.365,50.2454#30.24#33.01#36.75
-149.285,50.2448#30.33#32.98#36.69
-149.206,50.2441#30.42#32.95#36.63
-149.127,50.2433#30.52#32.92#36.56
-149.047,50.2425#30.61#32.9#36.49
-148.968,50.2417#30.67#32.87#36.46
-148.889,50.2407#30.71#32.85#36.44
-148.809,50.2397#30.75#32.83#36.42
-148.73,50.2386#30.79#32.8#36.41
-148.651,50.2374#30.82#32.78#36.4
-148.571,50.2362#30.86#32.76#36.38
-148.492,50.2349#30.89#32.74#36.37
-148.413,50.2335#30.91#32.72#36.37
-148.333,50.2321#30.92#32.7#36.38
-148.254,50.2306#30.94#32.68#36.38
-148.175,50.229#30.95#32.66#36.39
-148.096,50.2274#30.97#32.64#36.39
-148.016,50.2256#30.98#32.62#36.4
-147.937,50.2238#30.99#32.6#36.41
-147.858,50.222#30.99#32.58#36.43
-147.779,50.2201#30.99#32.56#36.45
-147.699,50.218#31#32.54#36.46
-147.62,50.216#31#32.52#36.48
-147.541,50.2138#31.01#32.5#36.49
-147.462,50.2116#31.01#32.48#36.51
-147.382,50.2093#31.01#32.46#36.53
-147.303,50.207#31.01#32.44#36.55
-147.224,50.2046#31.01#32.42#36.57
-147.145,50.2021#31.01#32.4#36.59
-147.066,50.1995#31.01#32.38#36.61
-146.987,50.1969#31.01#32.36#36.63
-146.908,50.1942#31.01#32.34#36.65
-146.828,50.1914#31.01#32.32#36.67
-146.749,50.1886#31.01#32.29#36.7
-146.67,50.1857#31.01#32.27#36.72
-146.591,50.1827#31#32.25#36.75
-146.512,50.1796#31#32.23#36.77
-146.433,50.1765#31.01#32.21#36.78
-146.354,50.1733#31.02#32.19#36.79
-146.275,50.17#31.03#32.17#36.8
-146.196,50.1667#31.03#32.15#36.82
-146.117,50.1633#31.04#32.13#36.83
-146.038,50.1598#31.05#32.1#36.85
-145.959,50.1563#31.08#32.08#36.84
-145.88,50.1527#31.12#32.07#36.81
-145.801,50.149#31.16#32.05#36.79
-145.722,50.1453#31.2#32.03#36.77
-145.643,50.1415#31.24#32.01#36.75
-145.564,50.1376#31.29#31.99#36.72
-145.485,50.1336#31.33#31.97#36.7
-145.407,50.1296#31.36#31.95#36.69
-145.328,50.1255#31.39#31.93#36.68
-145.249,50.1213#31.42#31.91#36.67
-145.17,50.1171#31.45#31.89#36.66
-145.091,50.1128#31.49#31.87#36.64
-145.013,50.1084#31.52#31.86#36.62
-144.934,50.104#31.55#31.84#36.61
-144.855,50.0995#31.58#31.82#36.6
-144.776,50.0949#31.61#31.8#36.59
-144.698,50.0902#31.64#31.78#36.58
-144.619,50.0855#31.67#31.76#36.57
-144.54,50.0807#31.7#31.75#36.55
-144.462,50.0759#31.72#31.73#36.55
-144.383,50.0709#31.74#31.71#36.55
-144.304,50.0659#31.76#31.69#36.55
-144.226,50.0609#31.78#31.67#36.55
-144.147,50.0557#31.8#31.66#36.54
-144.069,50.0505#31.82#31.64#36.54
-143.99,50.0453#31.84#31.62#36.54
-143.912,50.0399#31.85#31.61#36.54
-143.833,50.0345#31.86#31.59#36.55
-143.755,50.029#31.87#31.57#36.56
-143.677,50.0235#31.88#31.56#36.56
-143.598,50.0179#31.89#31.54#36.57
-143.52,50.0122#31.91#31.52#36.57
-143.441,50.0064#31.91#31.51#36.58
-143.363,50.0006#31.92#31.49#36.59
-157.271,50.0019#31.16#35.27#33.57
-157.193,50.0083#31.16#35.27#33.57
-157.115,50.0146#31.16#35.26#33.58
-157.037,50.0208#31.17#35.26#33.57
-156.958,50.027#31.17#35.25#33.58
-156.88,50.0331#31.17#35.25#33.58
-156.802,50.0392#31.17#35.24#33.59
-156.723,50.0451#31.17#35.23#33.6
-156.645,50.051#31.18#35.23#33.59
-156.567,50.0569#31.18#35.22#33.6
-156.488,50.0626#31.18#35.21#33.61
-156.41,50.0683#31.18#35.2#33.62
-156.331,50.0739#31.19#35.19#33.62
-156.253,50.0795#31.19#35.18#33.63
-156.174,50.085#31.19#35.18#33.63
-156.096,50.0904#31.19#35.17#33.64
-156.017,50.0957#31.19#35.16#33.65
-155.938,50.101#31.2#35.15#33.65
-155.86,50.1062#31.2#35.13#33.67
-155.781,50.1114#31.2#35.12#33.68
-155.702,50.1164#31.2#35.11#33.69
-155.624,50.1214#31.2#35.1#33.7
-155.545,50.1264#31.21#35.09#33.7
-155.466,50.1312#31.21#35.08#33.71
-155.387,50.136#31.21#35.07#33.72
-155.309,50.1408#31.21#35.05#33.74
-155.23,50.1454#31.21#35.04#33.75
-155.151,50.15#31.21#35.03#33.76
-155.072,50.1545#31.21#35.02#33.77
-154.993,50.159#31.21#35#33.79
-154.915,50.1634#31.18#34.99#33.83
-154.836,50.1677#31.15#34.98#33.87
-154.757,50.1719#31.13#34.96#33.91
-154.678,50.1761#31.1#34.95#33.95
-154.599,50.1802#31.08#34.94#33.98
-154.52,50.1842#31.06#34.92#34.02
-154.441,50.1882#30.97#34.91#34.12
-154.362,50.1921#30.85#34.89#34.26
-154.283,50.1959#30.74#34.88#34.38
-154.204,50.1997#30.62#34.86#34.52
-154.125,50.2033#30.51#34.85#34.64
-154.046,50.207#30.4#34.83#34.77
-153.967,50.2105#30.3#34.81#34.89
-153.888,50.214#30.22#34.8#34.98
-153.808,50.2174#30.15#34.78#35.07
-153.729,50.2207#30.08#34.76#35.16
-153.65,50.224#30#34.75#35.25
-153.571,50.2272#29.93#34.73#35.34
-153.492,50.2303#29.86#34.71#35.43
-153.413,50.2334#29.82#34.69#35.49
-153.333,50.2363#29.78#34.67#35.55
-153.254,50.2393#29.74#34.66#35.6
-153.175,50.2421#29.71#34.64#35.65
-153.096,50.2449#29.67#34.62#35.71
-153.017,50.2476#29.63#34.6#35.77
-152.937,50.2502#29.61#34.58#35.81
-152.858,50.2528#29.59#34.56#35.85
-152.779,50.2553#29.57#34.54#35.89
-152.699,50.2577#29.56#34.52#35.92
-152.62,50.2601#29.54#34.5#35.96
-152.541,50.2623#29.52#34.48#36
-152.462,50.2646#29.51#34.46#36.03
-152.382,50.2667#29.51#34.44#36.05
-152.303,50.2688#29.51#34.42#36.07
-152.224,50.2708#29.5#34.4#36.1
-152.144,50.2727#29.5#34.39#36.11
-152.065,50.2746#29.49#34.37#36.14
-151.985,50.2764#29.49#34.35#36.16
-151.906,50.2781#29.49#34.32#36.19
-151.827,50.2798#29.49#34.3#36.21
-151.747,50.2813#29.49#34.28#36.23
-151.668,50.2828#29.49#34.25#36.26
-151.588,50.2843#29.49#34.23#36.28
-151.509,50.2857#29.49#34.21#36.3
-151.43,50.287#29.49#34.18#36.33
-151.35,50.2882#29.49#34.15#36.36
-151.271,50.2894#29.49#34.12#36.39
-151.191,50.2904#29.5#34.09#36.41
-151.112,50.2915#29.5#34.06#36.44
-151.032,50.2924#29.5#34.03#36.47
-150.953,50.2933#29.5#33.99#36.51
-150.874,50.2941#29.5#33.96#36.54
-150.794,50.2948#29.51#33.93#36.56
-150.715,50.2955#29.51#33.89#36.6
-150.635,50.2961#29.51#33.86#36.63
-150.556,50.2966#29.51#33.82#36.67
-150.476,50.2971#29.52#33.78#36.7
-150.397,50.2975#29.52#33.73#36.75
-150.317,50.2978#29.52#33.68#36.8
-150.238,50.298#29.52#33.62#36.86
-150.158,50.2982#29.53#33.57#36.9
-150.079,50.2983#29.53#33.52#36.95
-150,50.2984#29.53#33.47#37
-149.92,50.2983#29.62#33.41#36.97
-149.841,50.2982#29.72#33.35#36.93
-149.761,50.298#29.81#33.29#36.9
-149.682,50.2978#29.9#33.23#36.87
-149.602,50.2975#30#33.17#36.83
-149.523,50.2971#30.09#33.11#36.8
-149.443,50.2966#30.18#33.07#36.75
-149.364,50.2961#30.27#33.04#36.69
-149.284,50.2955#30.36#33.01#36.63
-149.205,50.2948#30.45#32.98#36.57
-149.125,50.2941#30.54#32.95#36.51
-149.046,50.2933#30.63#32.92#36.45
-148.967,50.2924#30.7#32.89#36.41
-148.887,50.2915#30.74#32.87#36.39
-148.808,50.2904#30.77#32.84#36.39
-148.728,50.2893#30.81#32.82#36.37
-148.649,50.2882#30.85#32.8#36.35
-148.569,50.2869#30.88#32.78#36.34
-148.49,50.2856#30.92#32.75#36.33
-148.411,50.2843#30.93#32.73#36.34
-148.331,50.2828#30.94#32.72#36.34
-148.252,50.2813#30.96#32.7#36.34
-148.172,50.2797#30.97#32.68#36.35
-148.093,50.2781#30.99#32.66#36.35
-148.014,50.2764#31#32.64#36.36
-147.934,50.2746#31.01#32.62#36.37
-147.855,50.2727#31.01#32.6#36.39
-147.775,50.2708#31.02#32.58#36.4
-147.696,50.2688#31.02#32.56#36.42
-147.617,50.2667#31.02#32.54#36.44
-147.537,50.2645#31.03#32.52#36.45
-147.458,50.2623#31.03#32.5#36.47
-147.379,50.26#31.03#32.48#36.49
-147.3,50.2577#31.03#32.46#36.51
-147.22,50.2552#31.03#32.44#36.53
-147.141,50.2528#31.03#32.42#36.55
-147.062,50.2502#31.03#32.4#36.57
-146.982,50.2475#31.03#32.38#36.59
-146.903,50.2448#31.03#32.36#36.61
-146.824,50.2421#31.03#32.34#36.63
-146.745,50.2392#31.03#32.31#36.66
-146.666,50.2363#31.03#32.29#36.68
-146.586,50.2333#31.03#32.27#36.7
-146.507,50.2303#31.03#32.25#36.72
-146.428,50.2271#31.04#32.23#36.73
-146.349,50.2239#31.04#32.21#36.75
-146.27,50.2207#31.05#32.19#36.76
-146.191,50.2173#31.05#32.16#36.79
-146.111,50.2139#31.05#32.14#36.81
-146.032,50.2105#31.06#32.12#36.82
-145.953,50.2069#31.09#32.1#36.81
-145.874,50.2033#31.13#32.08#36.79
-145.795,50.1996#31.17#32.06#36.77
-145.716,50.1959#31.21#32.04#36.75
-145.637,50.192#31.25#32.03#36.72
-145.558,50.1881#31.29#32.01#36.7
-145.479,50.1842#31.33#31.99#36.68
-145.4,50.1801#31.36#31.97#36.67
-145.321,50.176#31.38#31.95#36.67
-145.242,50.1719#31.41#31.93#36.66
-145.163,50.1676#31.44#31.91#36.65
-145.085,50.1633#31.47#31.89#36.64
-145.006,50.1589#31.5#31.87#36.63
-144.927,50.1545#31.53#31.85#36.62
-144.848,50.15#31.56#31.83#36.61
-144.769,50.1454#31.59#31.82#36.59
-144.69,50.1407#31.62#31.8#36.58
-144.612,50.136#31.65#31.78#36.57
-144.533,50.1312#31.68#31.76#36.56
-144.454,50.1263#31.7#31.74#36.56
-144.375,50.1214#31.72#31.72#36.56
-144.297,50.1164#31.74#31.71#36.55
-144.218,50.1113#31.76#31.69#36.55
-144.139,50.1062#31.78#31.67#36.55
-144.061,50.101#31.8#31.65#36.55
-143.982,50.0957#31.82#31.64#36.54
-143.903,50.0903#31.83#31.62#36.55
-143.825,50.0849#31.84#31.6#36.56
-143.746,50.0794#31.86#31.59#36.55
-143.668,50.0739#31.87#31.57#36.56
-143.589,50.0682#31.88#31.56#36.56
-143.511,50.0625#31.89#31.54#36.57
-143.432,50.0568#31.9#31.52#36.58
-143.354,50.0509#31.91#31.51#36.58
-143.276,50.045#31.92#31.5#36.58
-143.197,50.0391#31.93#31.48#36.59
-143.119,50.033#31.93#31.47#36.6
-143.041,50.0269#31.94#31.45#36.61
-142.962,50.0208#31.95#31.44#36.61
-142.884,50.0145#31.95#31.43#36.62
-142.806,50.0082#31.96#31.42#36.62
-142.728,50.0018#31.96#31.4#36.64
-157.829,50.0055#31.13#35.37#33.5
-157.751,50.0124#31.13#35.37#33.5
-157.673,50.0192#31.13#35.37#33.5
-157.594,50.0259#31.14#35.36#33.5
-157.516,50.0326#31.14#35.36#33.5
-157.438,50.0392#31.14#35.36#33.5
-157.36,50.0457#31.14#35.35#33.51
-157.281,50.0522#31.15#35.35#33.5
-157.203,50.0586#31.15#35.34#33.51
-157.125,50.0649#31.15#35.34#33.51
-157.046,50.0711#31.15#35.33#33.52
-156.968,50.0773#31.16#35.33#33.51
-156.89,50.0834#31.16#35.32#33.52
-156.811,50.0895#31.16#35.31#33.53
-156.733,50.0955#31.16#35.31#33.53
-156.654,50.1014#31.17#35.3#33.53
-156.576,50.1072#31.17#35.29#33.54
-156.497,50.113#31.17#35.28#33.55
-156.418,50.1187#31.17#35.27#33.56
-156.34,50.1243#31.18#35.26#33.56
-156.261,50.1299#31.18#35.26#33.56
-156.183,50.1354#31.18#35.25#33.57
-156.104,50.1408#31.18#35.24#33.58
-156.025,50.1462#31.19#35.23#33.58
-155.947,50.1515#31.19#35.22#33.59
-155.868,50.1567#31.19#35.2#33.61
-155.789,50.1618#31.19#35.19#33.62
-155.71,50.1669#31.19#35.18#33.63
-155.631,50.1719#31.2#35.17#33.63
-155.553,50.1769#31.2#35.16#33.64
-155.474,50.1817#31.2#35.15#33.65
-155.395,50.1865#31.2#35.13#33.67
-155.316,50.1913#31.2#35.12#33.68
-155.237,50.1959#31.2#35.11#33.69
-155.158,50.2005#31.2#35.1#33.7
-155.079,50.2051#31.21#35.08#33.71
-155,50.2095#31.21#35.07#33.72
-154.921,50.2139#31.19#35.06#33.75
-154.842,50.2182#31.17#35.04#33.79
-154.763,50.2225#31.15#35.03#33.82
-154.684,50.2267#31.13#35.02#33.85
-154.605,50.2308#31.11#35#33.89
-154.526,50.2348#31.09#34.99#33.92
-154.447,50.2388#31#34.97#34.03
-154.368,50.2427#30.89#34.96#34.15
-154.289,50.2465#30.77#34.94#34.29
-154.21,50.2503#30.66#34.92#34.42
-154.13,50.2539#30.55#34.91#34.54
-154.051,50.2576#30.44#34.89#34.67
-153.972,50.2611#30.34#34.88#34.78
-153.893,50.2646#30.27#34.86#34.87
-153.814,50.268#30.2#34.84#34.96
-153.734,50.2714#30.13#34.82#35.05
-153.655,50.2746#30.06#34.81#35.13
-153.576,50.2778#29.99#34.79#35.22
-153.497,50.281#29.92#34.77#35.31
-153.417,50.284#29.88#34.75#35.37
-153.338,50.287#29.84#34.74#35.42
-153.259,50.2899#29.8#34.72#35.48
-153.179,50.2928#29.76#34.7#35.54
-153.1,50.2956#29.72#34.68#35.6
-153.021,50.2983#29.68#34.66#35.66
-152.941,50.3009#29.66#34.64#35.7
-152.862,50.3035#29.64#34.62#35.74
-152.783,50.306#29.62#34.6#35.78
-152.703,50.3084#29.61#34.58#35.81
-152.624,50.3108#29.59#34.56#35.85
-152.544,50.3131#29.57#34.54#35.89
-152.465,50.3153#29.56#34.52#35.92
-152.386,50.3174#29.55#34.5#35.95
-152.306,50.3195#29.55#34.48#35.97
-152.227,50.3215#29.54#34.46#36
-152.147,50.3234#29.54#34.44#36.02
-152.068,50.3253#29.53#34.42#36.05
-151.988,50.3271#29.53#34.4#36.07
-151.909,50.3288#29.53#34.38#36.09
-151.829,50.3305#29.53#34.36#36.11
-151.75,50.3321#29.53#34.33#36.14
-151.67,50.3336#29.53#34.31#36.16
-151.591,50.335#29.52#34.28#36.2
-151.511,50.3364#29.52#34.26#36.22
-151.432,50.3377#29.53#34.23#36.24
-151.352,50.3389#29.53#34.2#36.27
-151.273,50.3401#29.53#34.17#36.3
-151.193,50.3412#29.53#34.14#36.33
-151.113,50.3422#29.53#34.11#36.36
-151.034,50.3432#29.53#34.08#36.39
-150.954,50.3441#29.54#34.04#36.42
-150.875,50.3449#29.54#34.01#36.45
-150.795,50.3456#29.54#33.97#36.49
-150.716,50.3463#29.54#33.94#36.52
-150.636,50.3469#29.55#33.9#36.55
-150.557,50.3474#29.55#33.86#36.59
-150.477,50.3479#29.55#33.82#36.63
-150.397,50.3482#29.55#33.77#36.68
-150.318,50.3486#29.56#33.72#36.72
-150.238,50.3488#29.56#33.67#36.77
-150.159,50.349#29.56#33.61#36.83
-150.079,50.3491#29.56#33.56#36.88
-150,50.3491#29.57#33.51#36.92
-149.92,50.3491#29.66#33.45#36.89
-149.84,50.349#29.75#33.39#36.86
-149.761,50.3488#29.84#33.33#36.83
-149.681,50.3486#29.93#33.27#36.8
-149.602,50.3482#30.02#33.21#36.77
-149.522,50.3479#30.12#33.15#36.73
-149.442,50.3474#30.21#33.11#36.68
-149.363,50.3469#30.3#33.08#36.62
-149.283,50.3463#30.39#33.04#36.57
-149.204,50.3456#30.48#33.01#36.51
-149.124,50.3449#30.57#32.97#36.46
-149.045,50.344#30.66#32.94#36.4
-148.965,50.3432#30.72#32.91#36.37
-148.886,50.3422#30.76#32.89#36.35
-148.806,50.3412#30.8#32.86#36.34
-148.726,50.3401#30.83#32.84#36.33
-148.647,50.3389#30.87#32.82#36.31
-148.567,50.3377#30.91#32.79#36.3
-148.488,50.3364#30.94#32.77#36.29
-148.408,50.335#30.95#32.75#36.3
-148.329,50.3336#30.97#32.73#36.3
-148.249,50.3321#30.98#32.71#36.31
-148.17,50.3305#30.99#32.69#36.32
-148.09,50.3288#31.01#32.67#36.32
-148.011,50.3271#31.02#32.65#36.33
-147.931,50.3253#31.03#32.63#36.34
-147.852,50.3234#31.03#32.61#36.36
-147.772,50.3215#31.04#32.59#36.37
-147.693,50.3195#31.04#32.58#36.38
-147.613,50.3174#31.04#32.56#36.4
-147.534,50.3152#31.05#32.54#36.41
-147.455,50.313#31.05#32.52#36.43
-147.375,50.3107#31.05#32.5#36.45
-147.296,50.3084#31.05#32.48#36.47
-147.216,50.3059#31.05#32.46#36.49
-147.137,50.3034#31.05#32.44#36.51
-147.058,50.3009#31.05#32.42#36.53
-146.978,50.2982#31.05#32.4#36.55
-146.899,50.2955#31.05#32.38#36.57
-146.82,50.2927#31.05#32.35#36.6
-146.74,50.2899#31.05#32.33#36.62
-146.661,50.287#31.05#32.31#36.64
-146.582,50.284#31.05#32.29#36.66
-146.502,50.2809#31.05#32.27#36.68
-146.423,50.2778#31.06#32.25#36.69
-146.344,50.2746#31.06#32.23#36.71
-146.265,50.2713#31.06#32.2#36.74
-146.185,50.268#31.07#32.18#36.75
-146.106,50.2646#31.07#32.16#36.77
-146.027,50.2611#31.08#32.14#36.78
-145.948,50.2575#31.1#32.12#36.78
-145.869,50.2539#31.14#32.1#36.76
-145.789,50.2502#31.18#32.08#36.74
-145.71,50.2464#31.22#32.06#36.72
-145.631,50.2426#31.25#32.04#36.71
-145.552,50.2387#31.29#32.02#36.69
-145.473,50.2347#31.33#32#36.67
-145.394,50.2307#31.35#31.98#36.67
-145.315,50.2266#31.38#31.97#36.65
-145.236,50.2224#31.4#31.95#36.65
-145.157,50.2182#31.43#31.93#36.64
-145.078,50.2139#31.45#31.91#36.64
-144.999,50.2095#31.48#31.89#36.63
-144.92,50.205#31.51#31.87#36.62
-144.841,50.2005#31.54#31.85#36.61
-144.762,50.1959#31.57#31.83#36.6
-144.683,50.1912#31.6#31.81#36.59
-144.604,50.1865#31.63#31.79#36.58
-144.525,50.1817#31.66#31.78#36.56
-144.446,50.1768#31.68#31.76#36.56
-144.368,50.1719#31.7#31.74#36.56
-144.289,50.1668#31.72#31.72#36.56
-144.21,50.1618#31.74#31.7#36.56
-144.131,50.1566#31.76#31.69#36.55
-144.052,50.1514#31.78#31.67#36.55
-143.974,50.1461#31.8#31.65#36.55
-143.895,50.1407#31.81#31.64#36.55
-143.816,50.1353#31.83#31.62#36.55
-143.738,50.1298#31.84#31.6#36.56
-143.659,50.1242#31.85#31.59#36.56
-143.581,50.1186#31.87#31.57#36.56
-143.502,50.1129#31.88#31.55#36.57
-143.423,50.1071#31.89#31.54#36.57
-143.345,50.1013#31.9#31.53#36.57
-143.266,50.0954#31.91#31.51#36.58
-143.188,50.0894#31.92#31.5#36.58
-143.109,50.0834#31.92#31.48#36.6
-143.031,50.0772#31.93#31.47#36.6
-142.953,50.0711#31.94#31.45#36.61
-142.874,50.0648#31.94#31.44#36.62
-142.796,50.0585#31.95#31.43#36.62
-142.718,50.0521#31.96#31.42#36.62
-142.639,50.0456#31.96#31.41#36.63
-142.561,50.0391#31.97#31.4#36.63
-142.483,50.0325#31.97#31.39#36.64
-142.405,50.0258#31.98#31.37#36.65
-142.326,50.0191#31.98#31.36#36.66
-142.248,50.0123#31.98#31.35#36.67
-142.17,50.0054#31.99#31.34#36.67
-158.386,50.0057#31.09#35.44#33.47
-158.308,50.013#31.1#35.45#33.45
-158.23,50.0203#31.1#35.45#33.45
-158.152,50.0275#31.1#35.45#33.45
-158.074,50.0347#31.11#35.45#33.44
-157.996,50.0418#31.11#35.45#33.44
-157.918,50.0488#31.11#35.45#33.44
-157.84,50.0557#31.11#35.45#33.44
-157.761,50.0626#31.12#35.44#33.44
-157.683,50.0694#31.12#35.44#33.44
-157.605,50.0762#31.12#35.44#33.44
-157.526,50.0828#31.13#35.44#33.43
-157.448,50.0894#31.13#35.43#33.44
-157.37,50.096#31.13#35.43#33.44
-157.291,50.1025#31.13#35.42#33.45
-157.213,50.1089#31.14#35.42#33.44
-157.135,50.1152#31.14#35.41#33.45
-157.056,50.1215#31.14#35.41#33.45
-156.978,50.1276#31.15#35.4#33.45
-156.899,50.1338#31.15#35.39#33.46
-156.82,50.1398#31.15#35.39#33.46
-156.742,50.1458#31.15#35.38#33.47
-156.663,50.1517#31.16#35.37#33.47
-156.585,50.1576#31.16#35.36#33.48
-156.506,50.1634#31.16#35.35#33.49
-156.427,50.1691#31.16#35.35#33.49
-156.349,50.1747#31.17#35.34#33.49
-156.27,50.1803#31.17#35.33#33.5
-156.191,50.1858#31.17#35.32#33.51
-156.112,50.1912#31.17#35.31#33.52
-156.034,50.1966#31.18#35.3#33.52
-155.955,50.2019#31.18#35.29#33.53
-155.876,50.2071#31.18#35.27#33.55
-155.797,50.2123#31.19#35.26#33.55
-155.718,50.2174#31.19#35.25#33.56
-155.639,50.2224#31.19#35.24#33.57
-155.56,50.2274#31.19#35.23#33.58
-155.481,50.2322#31.19#35.21#33.6
-155.402,50.237#31.19#35.2#33.61
-155.323,50.2418#31.19#35.19#33.62
-155.244,50.2465#31.2#35.18#33.62
-155.165,50.2511#31.2#35.16#33.64
-155.086,50.2556#31.2#35.15#33.65
-155.007,50.2601#31.2#35.14#33.66
-154.928,50.2645#31.18#35.12#33.7
-154.849,50.2688#31.16#35.11#33.73
-154.77,50.273#31.14#35.09#33.77
-154.691,50.2772#31.12#35.08#33.8
-154.612,50.2813#31.1#35.07#33.83
-154.532,50.2854#31.08#35.05#33.87
-154.453,50.2894#31.01#35.04#33.95
-154.374,50.2933#30.9#35.02#34.08
-154.295,50.2971#30.79#35#34.21
-154.215,50.3009#30.69#34.99#34.32
-154.136,50.3046#30.58#34.97#34.45
-154.057,50.3082#30.48#34.95#34.57
-153.978,50.3118#30.39#34.94#34.67
-153.898,50.3152#30.32#34.92#34.76
-153.819,50.3187#30.25#34.9#34.85
-153.74,50.322#30.18#34.89#34.93
-153.66,50.3253#30.11#34.87#35.02
-153.581,50.3285#30.04#34.85#35.11
-153.502,50.3316#29.97#34.83#35.2
-153.422,50.3347#29.93#34.81#35.26
-153.343,50.3377#29.89#34.8#35.31
-153.263,50.3406#29.85#34.78#35.37
-153.184,50.3435#29.81#34.76#35.43
-153.104,50.3463#29.77#34.74#35.49
-153.025,50.349#29.73#34.72#35.55
-152.945,50.3516#29.71#34.7#35.59
-152.866,50.3542#29.69#34.68#35.63
-152.786,50.3567#29.67#34.66#35.67
-152.707,50.3591#29.65#34.64#35.71
-152.627,50.3615#29.63#34.62#35.75
-152.548,50.3638#29.61#34.6#35.79
-152.468,50.366#29.6#34.58#35.82
-152.389,50.3682#29.59#34.56#35.85
-152.309,50.3702#29.59#34.54#35.87
-152.23,50.3722#29.58#34.52#35.9
-152.15,50.3742#29.58#34.5#35.92
-152.071,50.3761#29.57#34.48#35.95
-151.991,50.3779#29.56#34.46#35.98
-151.911,50.3796#29.56#34.43#36.01
-151.832,50.3812#29.56#34.41#36.03
-151.752,50.3828#29.56#34.39#36.05
-151.673,50.3844#29.56#34.36#36.08
-151.593,50.3858#29.56#34.34#36.1
-151.513,50.3872#29.56#34.31#36.13
-151.434,50.3885#29.56#34.28#36.16
-151.354,50.3897#29.56#34.25#36.19
-151.274,50.3909#29.57#34.22#36.21
-151.195,50.392#29.57#34.19#36.24
-151.115,50.393#29.57#34.16#36.27
-151.035,50.394#29.57#34.12#36.31
-150.956,50.3948#29.57#34.09#36.34
-150.876,50.3956#29.57#34.05#36.38
-150.796,50.3964#29.58#34.02#36.4
-150.717,50.3971#29.58#33.98#36.44
-150.637,50.3977#29.58#33.94#36.48
-150.557,50.3982#29.58#33.91#36.51
-150.478,50.3986#29.59#33.86#36.55
-150.398,50.399#29.59#33.81#36.6
-150.318,50.3994#29.59#33.76#36.65
-150.239,50.3996#29.59#33.71#36.7
-150.159,50.3998#29.6#33.65#36.75
-150.079,50.3999#29.6#33.6#36.8
-150,50.3999#29.6#33.55#36.85
-149.92,50.3999#29.69#33.49#36.82
-149.84,50.3998#29.78#33.43#36.79
-149.76,50.3996#29.87#33.37#36.76
-149.681,50.3993#29.96#33.31#36.73
-149.601,50.399#30.05#33.25#36.7
-149.521,50.3986#30.14#33.2#36.66
-149.442,50.3982#30.23#33.15#36.62
-149.362,50.3977#30.32#33.11#36.57
-149.282,50.3971#30.41#33.08#36.51
-149.203,50.3964#30.5#33.04#36.46
-149.123,50.3956#30.59#33#36.41
-149.043,50.3948#30.68#32.96#36.36
-148.964,50.3939#30.75#32.93#36.32
-148.884,50.393#30.78#32.91#36.31
-148.804,50.392#30.82#32.88#36.3
-148.725,50.3909#30.86#32.86#36.28
-148.645,50.3897#30.89#32.83#36.28
-148.565,50.3885#30.93#32.81#36.26
-148.486,50.3872#30.96#32.78#36.26
-148.406,50.3858#30.97#32.77#36.26
-148.326,50.3843#30.99#32.75#36.26
-148.247,50.3828#31#32.73#36.27
-148.167,50.3812#31.01#32.71#36.28
-148.088,50.3796#31.03#32.69#36.28
-148.008,50.3778#31.04#32.67#36.29
-147.928,50.376#31.05#32.65#36.3
-147.849,50.3742#31.05#32.63#36.32
-147.769,50.3722#31.06#32.61#36.33
-147.69,50.3702#31.06#32.59#36.35
-147.61,50.3681#31.07#32.57#36.36
-147.531,50.366#31.07#32.55#36.38
-147.451,50.3638#31.07#32.53#36.4
-147.372,50.3615#31.07#32.51#36.42
-147.292,50.3591#31.07#32.49#36.44
-147.213,50.3567#31.07#32.47#36.46
-147.133,50.3542#31.07#32.45#36.48
-147.054,50.3516#31.07#32.44#36.49
-146.974,50.3489#31.07#32.41#36.52
-146.895,50.3462#31.07#32.39#36.54
-146.815,50.3434#31.07#32.37#36.56
-146.736,50.3406#31.07#32.35#36.58
-146.656,50.3376#31.07#32.33#36.6
-146.577,50.3347#31.07#32.31#36.62
-146.497,50.3316#31.07#32.29#36.64
-146.418,50.3284#31.08#32.27#36.65
-146.339,50.3252#31.08#32.24#36.68
-146.259,50.322#31.08#32.22#36.7
