-152.289,72.9005#27.39#31.81#40.8
-152.099,72.9027#27.49#31.83#40.68
-151.908,72.9046#27.6#31.85#40.55
-151.717,72.9064#27.73#31.87#40.4
-151.526,72.908#27.86#31.89#40.25
-151.335,72.9094#27.98#31.9#40.12
-151.145,72.9106#28.09#31.91#40
-150.954,72.9116#28.19#31.92#39.89
-150.763,72.9125#28.25#31.91#39.84
-150.572,72.9131#28.32#31.9#39.78
-150.381,72.9136#28.36#31.88#39.76
-150.19,72.9139#28.4#31.85#39.75
-149.999,72.914#28.43#31.83#39.74
-149.808,72.9139#28.78#31.8#39.42
-149.617,72.9136#29.12#31.77#39.11
-149.426,72.9131#29.46#31.75#38.79
-149.235,72.9125#29.81#31.75#38.44
-149.044,72.9116#30.16#31.75#38.09
-148.853,72.9106#30.35#31.76#37.89
-148.662,72.9094#30.48#31.77#37.75
-148.471,72.908#30.61#31.78#37.61
-148.28,72.9064#30.66#31.79#37.55
-148.09,72.9046#30.71#31.8#37.49
-147.899,72.9027#30.74#31.8#37.46
-147.708,72.9005#30.76#31.81#37.43
-155.159,72.9019#26.95#31.16#41.89
-154.969,72.9068#26.96#31.29#41.75
-154.778,72.9116#26.98#31.36#41.66
-154.588,72.9162#26.99#31.43#41.58
-154.398,72.9206#27.01#31.48#41.51
-154.207,72.9248#27.02#31.52#41.46
-154.016,72.9288#27.04#31.56#41.4
-153.826,72.9326#27.05#31.58#41.37
-153.635,72.9363#27.07#31.61#41.32
-153.444,72.9397#27.08#31.64#41.28
-153.253,72.943#27.11#31.67#41.22
-153.062,72.9461#27.13#31.69#41.18
-152.871,72.949#27.18#31.72#41.1
-152.68,72.9517#27.23#31.74#41.03
-152.488,72.9543#27.29#31.77#40.94
-152.297,72.9566#27.4#31.79#40.81
-152.106,72.9588#27.5#31.81#40.69
-151.914,72.9607#27.62#31.83#40.55
-151.723,72.9625#27.75#31.84#40.41
-151.531,72.9641#27.89#31.86#40.25
-151.34,72.9655#28#31.87#40.13
-151.148,72.9667#28.11#31.88#40.01
-150.957,72.9678#28.21#31.89#39.9
-150.765,72.9686#28.26#31.88#39.86
-150.574,72.9693#28.32#31.87#39.81
-150.382,72.9697#28.37#31.84#39.79
-150.19,72.97#28.4#31.81#39.79
-149.999,72.9701#28.43#31.78#39.79
-149.807,72.97#28.78#31.75#39.47
-149.616,72.9697#29.12#31.72#39.16
-149.424,72.9692#29.46#31.71#38.83
-149.232,72.9686#29.81#31.71#38.48
-149.041,72.9677#30.16#31.71#38.13
-148.849,72.9667#30.35#31.72#37.93
-148.658,72.9655#30.48#31.73#37.79
-148.466,72.9641#30.6#31.74#37.66
-148.275,72.9625#30.65#31.75#37.6
-148.083,72.9607#30.7#31.76#37.54
-147.892,72.9587#30.74#31.77#37.49
-147.7,72.9566#30.75#31.78#37.47
-147.509,72.9542#30.77#31.79#37.44
-147.318,72.9517#30.77#31.79#37.44
-147.127,72.949#30.78#31.79#37.43
-146.936,72.9461#30.78#31.8#37.42
-146.745,72.943#30.78#31.81#37.41
-146.554,72.9397#30.78#31.82#37.4
-146.363,72.9362#30.77#31.85#37.38
-146.172,72.9326#30.77#31.87#37.36
-145.981,72.9287#30.77#31.9#37.33
-145.791,72.9247#30.77#31.95#37.28
-145.6,72.9205#30.77#31.99#37.24
-145.41,72.9161#30.77#32.01#37.22
-145.219,72.9115#30.77#32#37.23
-145.029,72.9067#30.77#31.99#37.24
-144.839,72.9018#30.78#31.97#37.25
-156.887,72.9047#26.81#30.45#42.74
-156.698,72.9113#26.83#30.47#42.7
-156.508,72.9178#26.84#30.48#42.68
-156.318,72.924#26.85#30.49#42.66
-156.128,72.9301#26.87#30.5#42.63
-155.938,72.936#26.88#30.55#42.57
-155.748,72.9417#26.9#30.68#42.42
-155.557,72.9472#26.91#30.83#42.26
-155.367,72.9526#26.92#30.97#42.11
-155.176,72.9577#26.94#31.12#41.94
-154.985,72.9627#26.95#31.27#41.78
-154.794,72.9675#26.97#31.33#41.7
-154.603,72.9721#26.98#31.4#41.62
-154.412,72.9765#27#31.45#41.55
-154.221,72.9807#27.01#31.49#41.5
-154.03,72.9848#27.02#31.53#41.45
-153.838,72.9886#27.04#31.56#41.4
-153.647,72.9923#27.05#31.59#41.36
-153.456,72.9958#27.07#31.62#41.31
-153.264,72.999#27.1#31.64#41.26
-153.072,73.0021#27.12#31.67#41.21
-152.88,73.0051#27.17#31.69#41.14
-152.689,73.0078#27.23#31.72#41.05
-152.497,73.0103#27.29#31.74#40.97
-152.305,73.0127#27.4#31.76#40.84
-152.113,73.0148#27.52#31.78#40.7
-151.921,73.0168#27.64#31.8#40.56
-151.729,73.0186#27.77#31.82#40.41
-151.537,73.0202#27.91#31.83#40.26
-151.344,73.0216#28.02#31.84#40.14
-151.152,73.0228#28.13#31.85#40.02
-150.96,73.0239#28.22#31.86#39.92
-150.768,73.0247#28.28#31.84#39.88
-150.576,73.0254#28.33#31.83#39.84
-150.383,73.0258#28.37#31.8#39.83
-150.191,73.0261#28.4#31.77#39.83
-149.999,73.0262#28.43#31.73#39.84
-149.807,73.0261#28.78#31.7#39.52
-149.614,73.0258#29.12#31.68#39.2
-149.422,73.0254#29.46#31.66#38.88
-149.23,73.0247#29.82#31.66#38.52
-149.038,73.0239#30.17#31.67#38.16
-148.845,73.0228#30.35#31.68#37.97
-148.653,73.0216#30.48#31.69#37.83
-148.461,73.0202#30.6#31.71#37.69
-148.269,73.0186#30.65#31.72#37.63
-148.077,73.0168#30.7#31.73#37.57
-147.885,73.0148#30.73#31.74#37.53
-147.693,73.0127#30.75#31.75#37.5
-147.501,73.0103#30.77#31.76#37.47
-147.309,73.0078#30.77#31.76#37.47
-147.117,73.005#30.77#31.77#37.46
-146.925,73.0021#30.78#31.78#37.44
-146.734,72.999#30.77#31.79#37.44
-146.542,72.9957#30.77#31.81#37.42
-146.351,72.9922#30.77#31.83#37.4
-146.159,72.9886#30.77#31.86#37.37
-145.968,72.9847#30.77#31.89#37.34
-145.776,72.9807#30.77#31.94#37.29
-145.585,72.9764#30.77#31.98#37.25
-145.394,72.972#30.77#31.99#37.24
-145.203,72.9674#30.77#31.98#37.25
-145.012,72.9626#30.77#31.97#37.26
-144.822,72.9577#30.77#31.94#37.29
-144.631,72.9525#30.78#31.92#37.3
-144.44,72.9472#30.78#31.91#37.31
-144.25,72.9416#30.79#31.92#37.29
-144.06,72.9359#30.8#31.94#37.26
-143.87,72.93#30.8#31.97#37.23
-143.68,72.9239#30.81#32#37.19
-143.49,72.9177#30.82#32.03#37.15
-143.3,72.9112#30.84#32.08#37.08
-143.11,72.9046#30.85#32.13#37.02
-158.426,72.9005#26.7#30.19#43.11
-158.237,72.9086#26.71#30.23#43.06
-158.048,72.9165#26.72#30.28#43
-157.859,72.9243#26.74#30.31#42.95
-157.669,72.9319#26.75#30.34#42.91
-157.48,72.9393#26.76#30.37#42.87
-157.29,72.9465#26.78#30.4#42.82
-157.1,72.9535#26.79#30.42#42.79
-156.91,72.9604#26.8#30.44#42.76
-156.72,72.967#26.82#30.45#42.73
-156.53,72.9735#26.83#30.46#42.71
-156.339,72.9798#26.84#30.47#42.69
-156.149,72.9859#26.86#30.47#42.67
-155.958,72.9918#26.87#30.51#42.62
-155.767,72.9976#26.88#30.65#42.47
-155.576,73.0031#26.9#30.79#42.31
-155.385,73.0085#26.91#30.94#42.15
-155.193,73.0136#26.93#31.09#41.98
-155.002,73.0186#26.94#31.24#41.82
-154.81,73.0234#26.95#31.31#41.74
-154.619,73.028#26.97#31.37#41.66
-154.427,73.0325#26.98#31.43#41.59
-154.235,73.0367#27#31.47#41.53
-154.043,73.0408#27.01#31.5#41.49
-153.851,73.0446#27.03#31.53#41.44
-153.659,73.0483#27.04#31.56#41.4
-153.467,73.0518#27.06#31.59#41.35
-153.275,73.0551#27.09#31.62#41.29
-153.083,73.0582#27.11#31.64#41.25
-152.89,73.0611#27.16#31.67#41.17
-152.698,73.0639#27.23#31.69#41.08
-152.505,73.0664#27.29#31.72#40.99
-152.313,73.0688#27.41#31.74#40.85
-152.12,73.0709#27.53#31.76#40.71
-151.927,73.0729#27.66#31.78#40.56
-151.735,73.0747#27.79#31.79#40.42
-151.542,73.0763#27.93#31.8#40.27
-151.349,73.0777#28.04#31.81#40.15
-151.156,73.079#28.15#31.82#40.03
-150.963,73.08#28.24#31.83#39.93
-150.77,73.0808#28.29#31.81#39.9
-150.578,73.0815#28.33#31.79#39.88
-150.385,73.082#28.37#31.76#39.87
-150.192,73.0823#28.4#31.72#39.88
-149.999,73.0824#28.43#31.69#39.88
-149.806,73.0823#28.77#31.66#39.57
-149.613,73.082#29.12#31.63#39.25
-149.42,73.0815#29.46#31.61#38.93
-149.227,73.0808#29.82#31.62#38.56
-149.034,73.08#30.17#31.63#38.2
-148.841,73.0789#30.34#31.64#38.02
-148.649,73.0777#30.48#31.66#37.86
-148.456,73.0763#30.6#31.67#37.73
-148.263,73.0747#30.65#31.68#37.67
-148.07,73.0729#30.7#31.7#37.6
-147.878,73.0709#30.73#31.71#37.56
-147.685,73.0687#30.75#31.72#37.53
-147.492,73.0664#30.76#31.73#37.51
-147.3,73.0638#30.77#31.73#37.5
-147.107,73.0611#30.77#31.74#37.49
-146.915,73.0582#30.77#31.75#37.48
-146.723,73.055#30.77#31.77#37.46
-146.53,73.0517#30.77#31.79#37.44
-146.338,73.0482#30.77#31.82#37.41
-146.146,73.0446#30.77#31.85#37.38
-145.954,73.0407#30.77#31.88#37.35
-145.762,73.0366#30.77#31.93#37.3
-145.57,73.0324#30.77#31.97#37.26
-145.379,73.028#30.77#31.97#37.26
-145.187,73.0234#30.77#31.96#37.27
-144.996,73.0186#30.77#31.94#37.29
-144.804,73.0136#30.77#31.91#37.32
-144.613,73.0084#30.78#31.88#37.34
-144.422,73.003#30.78#31.87#37.35
-144.231,72.9975#30.79#31.89#37.32
-144.04,72.9917#30.79#31.9#37.31
-143.849,72.9858#30.8#31.93#37.27
-143.658,72.9797#30.81#31.97#37.22
-143.468,72.9734#30.82#32.01#37.17
-143.278,72.967#30.84#32.06#37.1
-143.087,72.9603#30.85#32.11#37.04
-142.897,72.9534#30.87#32.17#36.96
-142.707,72.9464#30.89#32.23#36.88
-142.518,72.9392#30.91#32.29#36.8
-142.328,72.9318#30.92#32.34#36.74
-142.139,72.9242#30.94#32.4#36.66
-141.95,72.9164#30.96#32.44#36.6
-141.761,72.9085#30.98#32.47#36.55
-141.572,72.9004#31#32.49#36.51
-159.587,72.9032#26.62#30.08#43.3
-159.399,72.9124#26.63#30.08#43.29
-159.21,72.9215#26.64#30.08#43.28
-159.021,72.9304#26.65#30.08#43.27
-158.832,72.9391#26.66#30.1#43.24
-158.643,72.9476#26.68#30.13#43.19
-158.454,72.956#26.69#30.17#43.14
-158.265,72.9641#26.7#30.21#43.09
-158.075,72.9721#26.71#30.25#43.04
-157.885,72.9799#26.73#30.29#42.98
-157.695,72.9875#26.74#30.32#42.94
-157.505,72.9949#26.75#30.35#42.9
-157.315,73.0022#26.76#30.38#42.86
-157.124,73.0092#26.78#30.4#42.82
-156.933,73.0161#26.79#30.42#42.79
-156.742,73.0228#26.8#30.43#42.77
-156.552,73.0293#26.82#30.44#42.74
-156.36,73.0356#26.83#30.45#42.72
-156.169,73.0417#26.84#30.45#42.71
-155.978,73.0476#26.86#30.47#42.67
-155.786,73.0534#26.87#30.62#42.51
-155.595,73.059#26.89#30.76#42.35
-155.403,73.0643#26.9#30.91#42.19
-155.211,73.0695#26.91#31.06#42.03
-155.019,73.0745#26.93#31.21#41.86
-154.827,73.0794#26.94#31.28#41.78
-154.634,73.084#26.96#31.35#41.69
-154.442,73.0884#26.97#31.4#41.63
-154.25,73.0927#26.99#31.44#41.57
-154.057,73.0967#27#31.48#41.52
-153.864,73.1006#27.02#31.51#41.47
-153.672,73.1043#27.03#31.54#41.43
-153.479,73.1078#27.05#31.57#41.38
-153.286,73.1111#27.08#31.59#41.33
-153.093,73.1143#27.11#31.62#41.27
-152.9,73.1172#27.16#31.64#41.2
-152.707,73.1199#27.23#31.67#41.1
-152.514,73.1225#27.3#31.69#41.01
-152.32,73.1249#27.42#31.71#40.87
-152.127,73.127#27.55#31.73#40.72
-151.934,73.129#27.68#31.75#40.57
-151.74,73.1308#27.81#31.76#40.43
-151.547,73.1324#27.95#31.78#40.27
-151.354,73.1339#28.06#31.78#40.16
-151.16,73.1351#28.16#31.79#40.05
-150.967,73.1361#28.25#31.79#39.96
-150.773,73.137#28.29#31.76#39.95
-150.579,73.1376#28.34#31.74#39.92
-150.386,73.1381#28.37#31.71#39.92
-150.192,73.1384#28.4#31.67#39.93
-149.999,73.1385#28.43#31.63#39.94
-149.805,73.1384#28.77#31.61#39.62
-149.612,73.1381#29.12#31.58#39.3
-149.418,73.1376#29.46#31.57#38.97
-149.225,73.137#29.82#31.58#38.6
-149.031,73.1361#30.17#31.59#38.24
-148.838,73.1351#30.34#31.61#38.05
-148.644,73.1338#30.48#31.62#37.9
-148.451,73.1324#30.6#31.64#37.76
-148.257,73.1308#30.65#31.65#37.7
-148.064,73.129#30.7#31.66#37.64
-147.87,73.127#30.73#31.67#37.6
-147.677,73.1248#30.74#31.68#37.58
-147.484,73.1225#30.76#31.69#37.55
-147.291,73.1199#30.76#31.7#37.54
-147.098,73.1172#30.77#31.71#37.52
-146.905,73.1142#30.77#31.73#37.5
-146.712,73.1111#30.77#31.75#37.48
-146.519,73.1078#30.77#31.77#37.46
-146.326,73.1043#30.77#31.8#37.43
-146.133,73.1006#30.76#31.84#37.4
-145.941,73.0967#30.76#31.88#37.36
-145.748,73.0926#30.76#31.92#37.32
-145.556,73.0884#30.76#31.96#37.28
-145.363,73.0839#30.76#31.95#37.29
-145.171,73.0793#30.77#31.93#37.3
-144.979,73.0745#30.77#31.91#37.32
-144.787,73.0695#30.77#31.88#37.35
-144.595,73.0643#30.78#31.84#37.38
-144.403,73.0589#30.78#31.84#37.38
-144.211,73.0533#30.79#31.85#37.36
-144.02,73.0476#30.79#31.87#37.34
-143.828,73.0416#30.8#31.9#37.3
-143.637,73.0355#30.81#31.94#37.25
-143.446,73.0292#30.82#31.98#37.2
-143.255,73.0227#30.84#32.04#37.12
-143.064,73.016#30.85#32.09#37.06
-142.874,73.0091#30.87#32.15#36.98
-142.683,73.0021#30.89#32.22#36.89
-142.493,72.9948#30.91#32.29#36.8
-142.303,72.9874#30.92#32.34#36.74
-142.113,72.9798#30.94#32.4#36.66
-141.923,72.972#30.96#32.44#36.6
-141.733,72.964#30.98#32.47#36.55
-141.544,72.9559#31#32.49#36.51
-141.354,72.9475#31#32.5#36.5
-141.165,72.939#30.99#32.51#36.5
-140.976,72.9303#30.94#32.51#36.55
-140.788,72.9214#30.56#32.5#36.94
-140.599,72.9123#30.18#32.49#37.33
-140.411,72.9031#29.87#32.4#37.73
-160.56,72.9094#26.55#30.23#43.22
-160.372,72.9195#26.56#30.19#43.25
-160.184,72.9296#26.57#30.15#43.28
-159.996,72.9394#26.58#30.11#43.31
-159.807,72.949#26.59#30.1#43.31
-159.619,72.9585#26.61#30.1#43.29
-159.43,72.9678#26.62#30.1#43.28
-159.241,72.9769#26.63#30.09#43.28
-159.051,72.9858#26.64#30.09#43.27
-158.862,72.9946#26.65#30.1#43.25
-158.672,73.0031#26.67#30.13#43.2
-158.482,73.0115#26.68#30.15#43.17
-158.292,73.0197#26.69#30.19#43.12
-158.102,73.0277#26.7#30.23#43.07
-157.911,73.0355#26.71#30.27#43.02
-157.721,73.0431#26.73#30.3#42.97
-157.53,73.0506#26.74#30.33#42.93
-157.339,73.0578#26.75#30.36#42.89
-157.148,73.0649#26.77#30.38#42.85
-156.957,73.0718#26.78#30.4#42.82
-156.765,73.0785#26.79#30.41#42.8
-156.574,73.085#26.81#30.42#42.77
-156.382,73.0914#26.82#30.43#42.75
-156.19,73.0975#26.83#30.43#42.74
-155.998,73.1035#26.85#30.44#42.71
-155.806,73.1092#26.86#30.58#42.56
-155.613,73.1148#26.87#30.73#42.4
-155.421,73.1202#26.89#30.88#42.23
-155.228,73.1254#26.9#31.03#42.07
-155.036,73.1305#26.92#31.19#41.89
-154.843,73.1353#26.93#31.27#41.8
-154.65,73.1399#26.95#31.33#41.72
-154.457,73.1444#26.96#31.39#41.65
-154.264,73.1487#26.98#31.43#41.59
-154.071,73.1528#26.99#31.46#41.55
-153.877,73.1566#27.01#31.49#41.5
-153.684,73.1603#27.02#31.52#41.46
-153.491,73.1639#27.04#31.55#41.41
-153.297,73.1672#27.08#31.57#41.35
-153.103,73.1703#27.11#31.6#41.29
-152.91,73.1733#27.16#31.62#41.22
-152.716,73.176#27.24#31.64#41.12
-152.522,73.1786#27.32#31.67#41.01
-152.328,73.181#27.44#31.69#40.87
-152.134,73.1831#27.57#31.7#40.73
-151.94,73.1851#27.7#31.72#40.58
-151.746,73.1869#27.83#31.73#40.44
-151.552,73.1886#27.97#31.74#40.29
-151.358,73.19#28.07#31.75#40.18
-151.164,73.1912#28.16#31.75#40.09
-150.97,73.1923#28.25#31.74#40.01
-150.776,73.1931#28.29#31.72#39.99
-150.581,73.1938#28.34#31.69#39.97
-150.387,73.1943#28.37#31.66#39.97
-150.193,73.1946#28.4#31.62#39.98
-149.999,73.1946#28.43#31.58#39.99
-149.805,73.1945#28.77#31.56#39.67
-149.61,73.1943#29.12#31.54#39.34
-149.416,73.1938#29.46#31.53#39.01
-149.222,73.1931#29.82#31.54#38.64
-149.028,73.1923#30.17#31.55#38.28
-148.834,73.1912#30.34#31.57#38.09
-148.639,73.19#30.48#31.58#37.94
-148.445,73.1885#30.59#31.6#37.81
-148.251,73.1869#30.65#31.61#37.74
-148.057,73.1851#30.7#31.63#37.67
-147.863,73.1831#30.72#31.64#37.64
-147.669,73.1809#30.74#31.65#37.61
-147.475,73.1786#30.76#31.66#37.58
-147.282,73.176#30.76#31.67#37.57
-147.088,73.1732#30.76#31.68#37.56
-146.894,73.1703#30.77#31.7#37.53
-146.701,73.1671#30.76#31.73#37.51
-146.507,73.1638#30.76#31.75#37.49
-146.314,73.1603#30.76#31.79#37.45
-146.12,73.1566#30.76#31.83#37.41
-145.927,73.1527#30.76#31.87#37.37
-145.734,73.1486#30.76#31.91#37.33
-145.541,73.1443#30.76#31.94#37.3
-145.348,73.1399#30.76#31.93#37.31
-145.155,73.1352#30.76#31.91#37.33
-144.962,73.1304#30.77#31.88#37.35
-144.769,73.1254#30.77#31.85#37.38
-144.577,73.1202#30.77#31.81#37.42
-144.384,73.1148#30.78#31.81#37.41
-144.192,73.1092#30.79#31.82#37.39
-144,73.1034#30.79#31.83#37.38
-143.808,73.0974#30.8#31.87#37.33
-143.616,73.0913#30.81#31.91#37.28
-143.424,73.085#30.82#31.96#37.22
-143.232,73.0784#30.84#32.02#37.14
-143.041,73.0717#30.85#32.07#37.08
-142.85,73.0648#30.87#32.14#36.99
-142.659,73.0577#30.89#32.22#36.89
-142.468,73.0505#30.91#32.29#36.8
-142.277,73.043#30.92#32.35#36.73
-142.086,73.0354#30.94#32.4#36.66
-141.896,73.0276#30.96#32.45#36.59
-141.705,73.0196#30.98#32.47#36.55
-141.515,73.0114#31#32.5#36.5
-141.325,73.003#30.99#32.5#36.51
-141.136,72.9945#30.98#32.51#36.51
-140.946,72.9857#30.87#32.51#36.62
-140.757,72.9768#30.49#32.5#37.01
-140.568,72.9677#30.11#32.49#37.4
-140.379,72.9584#29.84#32.38#37.78
-140.19,72.9489#29.62#32.22#38.16
-140.002,72.9393#29.4#32.04#38.56
-139.813,72.9294#29.41#31.7#38.89
-139.625,72.9194#29.42#31.35#39.23
-139.438,72.9092#29.45#30.95#39.6
-161.534,72.9107#26.49#30.34#43.17
-161.347,72.9218#26.5#30.32#43.18
-161.159,72.9327#26.51#30.3#43.19
-160.971,72.9435#26.52#30.29#43.19
-160.783,72.9541#26.53#30.26#43.21
-160.595,72.9645#26.54#30.24#43.22
-160.407,72.9747#26.55#30.21#43.24
-160.218,72.9848#26.56#30.17#43.27
-160.029,72.9947#26.57#30.12#43.31
-159.84,73.0043#26.58#30.12#43.3
-159.651,73.0138#26.59#30.13#43.28
-159.461,73.0232#26.61#30.13#43.26
-159.272,73.0323#26.62#30.12#43.26
-159.082,73.0412#26.63#30.1#43.27
-158.892,73.05#26.64#30.1#43.26
-158.701,73.0586#26.65#30.12#43.23
-158.511,73.067#26.67#30.13#43.2
-158.32,73.0752#26.68#30.17#43.15
-158.129,73.0832#26.69#30.21#43.1
-157.938,73.0911#26.7#30.25#43.05
-157.747,73.0988#26.72#30.28#43
-157.555,73.1062#26.73#30.31#42.96
-157.364,73.1135#26.74#30.34#42.92
-157.172,73.1206#26.76#30.36#42.88
-156.98,73.1275#26.77#30.38#42.85
-156.788,73.1343#26.78#30.39#42.83
-156.596,73.1408#26.8#30.41#42.79
-156.403,73.1472#26.81#30.41#42.78
-156.211,73.1533#26.82#30.42#42.76
-156.018,73.1593#26.84#30.42#42.74
-155.825,73.1651#26.85#30.56#42.59
-155.632,73.1707#26.86#30.7#42.44
-155.439,73.1761#26.88#30.85#42.27
-155.246,73.1814#26.89#31.01#42.1
-155.053,73.1864#26.91#31.17#41.92
-154.859,73.1912#26.92#31.25#41.83
-154.666,73.1959#26.93#31.32#41.75
-154.472,73.2004#26.95#31.38#41.67
-154.278,73.2047#26.96#31.41#41.63
-154.085,73.2088#26.98#31.44#41.58
-153.891,73.2127#27#31.47#41.53
-153.697,73.2164#27.01#31.5#41.49
-153.502,73.2199#27.03#31.53#41.44
-153.308,73.2232#27.07#31.55#41.38
-153.114,73.2264#27.11#31.58#41.31
-152.92,73.2293#27.17#31.6#41.23
-152.725,73.2321#27.25#31.62#41.13
-152.531,73.2347#27.34#31.64#41.02
-152.336,73.2371#27.46#31.66#40.88
-152.142,73.2393#27.59#31.68#40.73
-151.947,73.2413#27.73#31.69#40.58
-151.752,73.2431#27.86#31.7#40.44
-151.558,73.2447#27.99#31.71#40.3
-151.363,73.2461#28.09#31.71#40.2
-151.168,73.2474#28.17#31.71#40.12
-150.973,73.2484#28.25#31.7#40.05
-150.778,73.2493#28.3#31.67#40.03
-150.583,73.2499#28.34#31.64#40.02
-150.389,73.2504#28.37#31.6#40.03
-150.194,73.2507#28.4#31.56#40.04
-149.999,73.2508#28.42#31.52#40.06
-149.804,73.2507#28.77#31.51#39.72
-149.609,73.2504#29.11#31.49#39.4
-149.414,73.2499#29.46#31.49#39.05
-149.219,73.2493#29.82#31.5#38.68
-149.024,73.2484#30.18#31.51#38.31
-148.83,73.2474#30.34#31.53#38.13
-148.635,73.2461#30.48#31.55#37.97
-148.44,73.2447#30.59#31.56#37.85
-148.245,73.2431#30.64#31.58#37.78
-148.051,73.2412#30.7#31.59#37.71
-147.856,73.2392#30.72#31.6#37.68
-147.661,73.237#30.74#31.62#37.64
-147.467,73.2347#30.75#31.63#37.62
-147.272,73.2321#30.76#31.64#37.6
-147.078,73.2293#30.76#31.66#37.58
-146.884,73.2264#30.76#31.68#37.56
-146.689,73.2232#30.76#31.71#37.53
-146.495,73.2199#30.76#31.74#37.5
-146.301,73.2163#30.76#31.78#37.46
-146.107,73.2126#30.76#31.82#37.42
-145.913,73.2087#30.76#31.86#37.38
-145.719,73.2046#30.76#31.9#37.34
-145.525,73.2003#30.76#31.93#37.31
-145.332,73.1959#30.76#31.91#37.33
-145.138,73.1912#30.76#31.89#37.35
-144.945,73.1863#30.76#31.86#37.38
-144.752,73.1813#30.77#31.82#37.41
-144.558,73.1761#30.77#31.78#37.45
-144.365,73.1706#30.78#31.78#37.44
-144.172,73.165#30.78#31.79#37.43
-143.979,73.1592#30.79#31.81#37.4
-143.787,73.1533#30.8#31.85#37.35
-143.594,73.1471#30.81#31.89#37.3
-143.402,73.1407#30.82#31.94#37.24
-143.21,73.1342#30.84#32#37.16
-143.018,73.1274#30.85#32.06#37.09
-142.826,73.1205#30.87#32.14#36.99
-142.634,73.1134#30.89#32.22#36.89
-142.442,73.1061#30.91#32.29#36.8
-142.251,73.0987#30.93#32.35#36.72
-142.06,73.091#30.94#32.41#36.65
-141.869,73.0831#30.96#32.45#36.59
-141.678,73.0751#30.98#32.47#36.55
-141.487,73.0669#31#32.5#36.5
-141.296,73.0585#30.98#32.5#36.52
-141.106,73.0499#30.97#32.51#36.52
-140.916,73.0411#30.79#32.51#36.7
-140.726,73.0322#30.42#32.5#37.08
-140.536,73.023#30.04#32.49#37.47
-140.347,73.0137#29.81#32.37#37.82
-140.157,73.0042#29.61#32.22#38.17
-139.968,72.9945#29.43#32.04#38.53
-139.78,72.9847#29.42#31.71#38.87
-139.591,72.9746#29.42#31.37#39.21
-139.402,72.9644#29.45#30.96#39.59
-139.214,72.954#29.52#30.49#39.99
-139.026,72.9434#29.59#30.03#40.38
-138.839,72.9326#29.64#29.53#40.83
-138.651,72.9217#29.68#29.02#41.3
-138.464,72.9105#29.72#28.53#41.75
-162.507,72.9071#26.43#30.35#43.22
-162.321,72.9192#26.44#30.35#43.21
-162.134,72.9311#26.45#30.36#43.19
-161.947,72.9428#26.46#30.35#43.19
-161.76,72.9543#26.47#30.35#43.18
-161.572,72.9656#26.48#30.34#43.18
-161.384,72.9768#26.49#30.32#43.19
-161.196,72.9878#26.5#30.31#43.19
-161.008,72.9986#26.51#30.29#43.2
-160.819,73.0092#26.52#30.27#43.21
-160.631,73.0197#26.53#30.25#43.22
-160.442,73.0299#26.54#30.23#43.23
-160.252,73.04#26.55#30.19#43.26
-160.063,73.0499#26.56#30.14#43.3
-159.873,73.0596#26.57#30.13#43.3
-159.683,73.0692#26.58#30.15#43.27
-159.493,73.0785#26.6#30.16#43.24
-159.303,73.0877#26.61#30.14#43.25
-159.112,73.0967#26.62#30.12#43.26
-158.921,73.1055#26.63#30.11#43.26
-158.73,73.1141#26.64#30.12#43.24
-158.539,73.1225#26.66#30.13#43.21
-158.348,73.1308#26.67#30.17#43.16
-158.156,73.1388#26.68#30.2#43.12
-157.965,73.1467#26.69#30.24#43.07
-157.773,73.1544#26.71#30.27#43.02
-157.581,73.1619#26.72#30.3#42.98
-157.389,73.1692#26.73#30.32#42.95
-157.196,73.1763#26.74#30.34#42.92
-157.004,73.1833#26.76#30.37#42.87
-156.811,73.19#26.77#30.38#42.85
-156.618,73.1966#26.78#30.39#42.83
-156.425,73.203#26.8#30.4#42.8
-156.232,73.2092#26.81#30.4#42.79
-156.038,73.2152#26.82#30.41#42.77
-155.845,73.221#26.84#30.53#42.63
-155.651,73.2266#26.85#30.68#42.47
-155.458,73.232#26.87#30.83#42.3
-155.264,73.2373#26.88#30.99#42.13
-155.07,73.2423#26.89#31.14#41.97
-154.876,73.2472#26.91#31.24#41.85
-154.682,73.2519#26.92#31.3#41.78
-154.487,73.2564#26.94#31.36#41.7
-154.293,73.2607#26.95#31.4#41.65
-154.098,73.2648#26.97#31.43#41.6
-153.904,73.2687#26.98#31.46#41.56
-153.709,73.2724#27#31.48#41.52
-153.514,73.276#27.02#31.51#41.47
-153.319,73.2793#27.07#31.53#41.4
-153.125,73.2825#27.11#31.55#41.34
-152.93,73.2854#27.17#31.58#41.25
-152.734,73.2882#27.26#31.6#41.14
-152.539,73.2908#27.36#31.62#41.02
-152.344,73.2932#27.48#31.63#40.89
-152.149,73.2954#27.62#31.65#40.73
-151.954,73.2974#27.75#31.66#40.59
-151.758,73.2992#27.88#31.67#40.45
-151.563,73.3008#28#31.68#40.32
-151.367,73.3023#28.1#31.68#40.22
-151.172,73.3035#28.18#31.67#40.15
-150.976,73.3046#28.26#31.66#40.08
-150.781,73.3054#28.3#31.62#40.08
-150.585,73.3061#28.34#31.59#40.07
-150.39,73.3066#28.37#31.55#40.08
-150.194,73.3069#28.39#31.51#40.1
-149.999,73.307#28.42#31.47#40.11
-149.803,73.3069#28.77#31.46#39.77
-149.608,73.3066#29.11#31.45#39.44
-149.412,73.3061#29.46#31.45#39.09
-149.217,73.3054#29.82#31.46#38.72
-149.021,73.3046#30.18#31.47#38.35
-148.826,73.3035#30.34#31.49#38.17
-148.63,73.3023#30.48#31.51#38.01
-148.435,73.3008#30.59#31.53#37.88
-148.239,73.2992#30.64#31.54#37.82
-148.044,73.2974#30.69#31.56#37.75
-147.849,73.2954#30.72#31.57#37.71
-147.653,73.2932#30.74#31.58#37.68
-147.458,73.2908#30.75#31.59#37.66
-147.263,73.2882#30.75#31.61#37.64
-147.068,73.2854#30.76#31.63#37.61
-146.873,73.2824#30.76#31.66#37.58
-146.678,73.2793#30.76#31.69#37.55
-146.483,73.2759#30.76#31.73#37.51
-146.288,73.2724#30.76#31.77#37.47
-146.094,73.2686#30.76#31.82#37.42
-145.899,73.2647#30.76#31.85#37.39
-145.705,73.2606#30.76#31.89#37.35
-145.51,73.2563#30.76#31.92#37.32
-145.316,73.2518#30.76#31.89#37.35
-145.122,73.2471#30.76#31.86#37.38
-144.928,73.2423#30.76#31.83#37.41
-144.734,73.2372#30.77#31.79#37.44
-144.54,73.232#30.77#31.75#37.48
-144.346,73.2265#30.78#31.75#37.47
-144.153,73.2209#30.78#31.76#37.46
-143.959,73.2151#30.79#31.78#37.43
-143.766,73.2091#30.8#31.82#37.38
-143.573,73.2029#30.81#31.86#37.33
-143.38,73.1965#30.82#31.92#37.26
-143.187,73.1899#30.84#31.99#37.17
-142.994,73.1832#30.85#32.05#37.1
-142.801,73.1762#30.87#32.14#36.99
-142.609,73.1691#30.89#32.22#36.89
-142.417,73.1618#30.91#32.29#36.8
-142.225,73.1543#30.93#32.35#36.72
-142.033,73.1466#30.94#32.42#36.64
-141.841,73.1387#30.96#32.45#36.59
-141.65,73.1307#30.98#32.47#36.55
-141.458,73.1224#30.99#32.5#36.51
-141.267,73.114#30.97#32.5#36.53
-141.076,73.1054#30.95#32.51#36.54
-140.885,73.0966#30.72#32.51#36.77
-140.695,73.0876#30.35#32.5#37.15
-140.505,73.0784#29.97#32.5#37.53
-140.314,73.0691#29.78#32.37#37.85
-140.125,73.0595#29.59#32.23#38.18
-139.935,73.0498#29.46#32.03#38.51
-139.745,73.0399#29.43#31.72#38.85
-139.556,73.0298#29.41#31.4#39.19
-139.367,73.0196#29.45#30.97#39.58
-139.178,73.0091#29.52#30.5#39.98
-138.99,72.9985#29.59#30.03#40.38
-138.801,72.9877#29.64#29.51#40.85
-138.613,72.9767#29.69#28.99#41.32
-138.426,72.9655#29.72#28.49#41.79
-138.238,72.9542#29.73#27.99#42.28
-138.051,72.9426#29.74#27.51#42.75
-137.864,72.9309#29.75#27.19#43.06
-137.677,72.919#29.75#26.92#43.33
-137.49,72.907#29.75#26.66#43.59
-163.294,72.9117#26.38#30.22#43.4
-163.108,72.9245#26.39#30.27#43.34
-162.922,72.9372#26.4#30.31#43.29
-162.736,72.9496#26.41#30.33#43.26
-162.549,72.9619#26.42#30.34#43.24
-162.362,72.974#26.43#30.35#43.22
-162.174,72.9859#26.44#30.35#43.21
-161.987,72.9977#26.45#30.35#43.2
-161.799,73.0092#26.46#30.34#43.2
-161.611,73.0206#26.47#30.34#43.19
-161.422,73.0318#26.48#30.32#43.2
-161.234,73.0429#26.49#30.31#43.2
-161.045,73.0537#26.5#30.29#43.21
-160.855,73.0644#26.51#30.27#43.22
-160.666,73.0748#26.52#30.26#43.22
-160.476,73.0851#26.53#30.25#43.22
-160.287,73.0953#26.54#30.21#43.25
-160.097,73.1052#26.55#30.16#43.29
-159.906,73.1149#26.56#30.14#43.3
-159.716,73.1245#26.57#30.16#43.27
-159.525,73.1339#26.59#30.17#43.24
-159.334,73.1431#26.6#30.16#43.24
-159.143,73.1521#26.61#30.15#43.24
-158.951,73.1609#26.62#30.14#43.24
-158.76,73.1696#26.63#30.14#43.23
-158.568,73.178#26.65#30.15#43.2
-158.376,73.1863#26.66#30.17#43.17
-158.184,73.1944#26.67#30.2#43.13
-157.992,73.2023#26.68#30.22#43.1
-157.799,73.21#26.69#30.25#43.06
-157.606,73.2175#26.71#30.28#43.01
-157.414,73.2249#26.72#30.31#42.97
-157.221,73.232#26.73#30.33#42.94
-157.027,73.239#26.75#30.35#42.9
-156.834,73.2458#26.76#30.36#42.88
-156.64,73.2524#26.77#30.37#42.86
-156.447,73.2588#26.79#30.38#42.83
-156.253,73.265#26.8#30.39#42.81
-156.059,73.271#26.81#30.39#42.8
-155.865,73.2768#26.83#30.5#42.67
-155.671,73.2825#26.84#30.65#42.51
-155.476,73.2879#26.86#30.8#42.34
-155.282,73.2932#26.87#30.96#42.17
-155.087,73.2983#26.88#31.12#42
-154.892,73.3032#26.9#31.23#41.87
-154.698,73.3079#26.91#31.29#41.8
-154.503,73.3124#26.93#31.35#41.72
-154.308,73.3167#26.94#31.38#41.68
-154.112,73.3208#26.96#31.41#41.63
-153.917,73.3247#26.97#31.44#41.59
-153.722,73.3285#27#31.47#41.53
-153.526,73.332#27.02#31.49#41.49
-153.331,73.3354#27.06#31.51#41.43
-153.135,73.3386#27.11#31.53#41.36
-152.94,73.3415#27.17#31.55#41.28
-152.744,73.3443#27.27#31.57#41.16
-152.548,73.3469#27.37#31.59#41.04
-152.352,73.3493#27.5#31.61#40.89
-152.156,73.3515#27.64#31.62#40.74
-151.96,73.3535#27.77#31.64#40.59
-151.764,73.3554#27.9#31.64#40.46
-151.568,73.357#28.02#31.65#40.33
-151.372,73.3584#28.12#31.65#40.23
-151.176,73.3597#28.19#31.63#40.18
-150.98,73.3607#28.26#31.62#40.12
-150.784,73.3616#28.3#31.58#40.12
-150.587,73.3623#28.34#31.54#40.12
-150.391,73.3628#28.37#31.5#40.13
-150.195,73.363#28.39#31.46#40.15
-149.999,73.3631#28.42#31.41#40.17
-149.803,73.363#28.76#31.41#39.83
-149.606,73.3628#29.11#31.4#39.49
-149.41,73.3623#29.46#31.4#39.14
-149.214,73.3616#29.82#31.42#38.76
-149.018,73.3607#30.18#31.43#38.39
-148.822,73.3597#30.34#31.45#38.21
-148.625,73.3584#30.48#31.47#38.05
-148.429,73.357#30.59#31.49#37.92
-148.233,73.3553#30.64#31.51#37.85
-148.037,73.3535#30.69#31.52#37.79
-147.841,73.3515#30.72#31.53#37.75
-147.645,73.3493#30.73#31.55#37.72
-147.45,73.3469#30.75#31.56#37.69
-147.254,73.3443#30.75#31.58#37.67
-147.058,73.3415#30.76#31.6#37.64
-146.862,73.3385#30.76#31.64#37.6
-146.667,73.3353#30.76#31.68#37.56
-146.471,73.332#30.75#31.72#37.53
-146.276,73.3284#30.75#31.76#37.49
-146.08,73.3247#30.75#31.81#37.44
-145.885,73.3208#30.75#31.84#37.41
-145.69,73.3166#30.75#31.88#37.37
-145.495,73.3123#30.75#31.91#37.34
-145.3,73.3078#30.76#31.87#37.37
-145.105,73.3031#30.76#31.84#37.4
-144.91,73.2982#30.76#31.8#37.44
-144.716,73.2931#30.76#31.76#37.48
-144.521,73.2879#30.77#31.72#37.51
-144.327,73.2824#30.77#31.72#37.51
-144.133,73.2768#30.78#31.73#37.49
-143.939,73.2709#30.79#31.75#37.46
-143.745,73.2649#30.8#31.79#37.41
-143.551,73.2587#30.81#31.83#37.36
-143.357,73.2523#30.82#31.9#37.28
-143.164,73.2457#30.84#31.97#37.19
-142.97,73.2389#30.85#32.05#37.1
-142.777,73.2319#30.87#32.14#36.99
-142.584,73.2248#30.89#32.22#36.89
-142.391,73.2175#30.91#32.3#36.79
-142.198,73.2099#30.93#32.36#36.71
-142.006,73.2022#30.94#32.42#36.64
-141.814,73.1943#30.96#32.45#36.59
-141.621,73.1862#30.98#32.47#36.55
-141.429,73.1779#30.98#32.49#36.53
-141.238,73.1695#30.96#32.5#36.54
-141.046,73.1608#30.93#32.51#36.56
-140.855,73.152#30.65#32.5#36.85
-140.664,73.143#30.28#32.5#37.22
-140.473,73.1338#29.94#32.48#37.58
-140.282,73.1244#29.76#32.36#37.88
-140.091,73.1148#29.58#32.24#38.18
-139.901,73.1051#29.47#32.03#38.5
-139.711,73.0951#29.43#31.74#38.83
-139.521,73.085#29.4#31.44#39.16
-139.332,73.0747#29.46#30.98#39.56
-139.142,73.0642#29.53#30.51#39.96
-138.953,73.0536#29.6#30.03#40.37
-138.764,73.0427#29.65#29.49#40.86
-138.575,73.0317#29.69#28.96#41.35
-138.387,73.0205#29.72#28.43#41.85
-138.199,73.0091#29.73#27.91#42.36
-138.011,72.9975#29.75#27.41#42.84
-137.823,72.9858#29.75#27.13#43.12
-137.636,72.9738#29.75#26.86#43.39
-137.449,72.9617#29.75#26.63#43.62
-137.262,72.9495#29.75#26.52#43.73
-137.076,72.937#29.74#26.4#43.86
-136.889,72.9244#29.74#26.32#43.94
-136.703,72.9115#29.73#26.27#44
-164.082,72.9131#26.34#29.81#43.85
-163.896,72.9267#26.35#29.91#43.74
-163.711,72.9401#26.36#30.02#43.62
-163.525,72.9533#26.36#30.12#43.52
-163.338,72.9663#26.37#30.19#43.44
-163.152,72.9792#26.38#30.25#43.37
-162.965,72.9918#26.39#30.3#43.31
-162.778,73.0043#26.4#30.32#43.28
-162.59,73.0167#26.41#30.34#43.25
-162.403,73.0288#26.42#30.35#43.23
-162.215,73.0408#26.43#30.35#43.22
-162.027,73.0526#26.44#30.35#43.21
-161.838,73.0642#26.45#30.34#43.21
-161.649,73.0756#26.46#30.34#43.2
-161.46,73.0868#26.47#30.32#43.21
-161.271,73.0979#26.48#30.31#43.21
-161.082,73.1088#26.49#30.29#43.22
-160.892,73.1195#26.5#30.28#43.22
-160.702,73.13#26.51#30.27#43.22
-160.512,73.1403#26.52#30.26#43.22
-160.321,73.1505#26.53#30.22#43.25
-160.131,73.1605#26.54#30.17#43.29
-159.94,73.1703#26.55#30.15#43.3
-159.748,73.1799#26.56#30.17#43.27
-159.557,73.1893#26.58#30.18#43.24
-159.366,73.1985#26.59#30.18#43.23
-159.174,73.2075#26.6#30.17#43.23
-158.982,73.2164#26.61#30.17#43.22
-158.79,73.2251#26.62#30.17#43.21
-158.597,73.2336#26.63#30.16#43.21
-158.405,73.2419#26.65#30.17#43.18
-158.212,73.25#26.66#30.19#43.15
-158.019,73.2579#26.67#30.21#43.12
-157.826,73.2657#26.68#30.24#43.08
-157.632,73.2732#26.7#30.27#43.03
-157.439,73.2806#26.71#30.29#43
-157.245,73.2878#26.72#30.31#42.97
-157.051,73.2947#26.74#30.33#42.93
-156.857,73.3015#26.75#30.35#42.9
-156.663,73.3082#26.76#30.36#42.88
-156.469,73.3146#26.78#30.37#42.85
-156.274,73.3208#26.79#30.37#42.84
-156.08,73.3269#26.8#30.38#42.82
-155.885,73.3327#26.82#30.47#42.71
-155.69,73.3384#26.83#30.62#42.55
-155.495,73.3438#26.84#30.78#42.38
-155.3,73.3491#26.86#30.94#42.2
-155.105,73.3542#26.87#31.1#42.03
-154.909,73.3591#26.89#31.21#41.9
-154.714,73.3638#26.9#31.28#41.82
-154.518,73.3684#26.92#31.34#41.74
-154.322,73.3727#26.93#31.37#41.7
-154.126,73.3768#26.94#31.4#41.66
-153.931,73.3808#26.96#31.42#41.62
-153.735,73.3845#26.99#31.45#41.56
-153.538,73.3881#27.01#31.47#41.52
-153.342,73.3915#27.06#31.49#41.45
-153.146,73.3946#27.11#31.51#41.38
-152.95,73.3976#27.18#31.53#41.29
-152.753,73.4004#27.28#31.55#41.17
-152.557,73.403#27.39#31.57#41.04
-152.36,73.4054#27.52#31.58#40.9
-152.164,73.4077#27.66#31.6#40.74
-151.967,73.4097#27.8#31.61#40.59
-151.77,73.4115#27.92#31.62#40.46
-151.574,73.4132#28.04#31.62#40.34
-151.377,73.4146#28.13#31.61#40.26
-151.18,73.4159#28.2#31.6#40.2
-150.983,73.4169#28.27#31.57#40.16
-150.786,73.4178#28.3#31.53#40.17
-150.589,73.4185#28.34#31.49#40.17
-150.393,73.4189#28.37#31.44#40.19
-150.196,73.4192#28.39#31.4#40.21
-149.999,73.4193#28.41#31.36#40.23
-149.802,73.4192#28.76#31.36#39.88
-149.605,73.4189#29.11#31.36#39.53
-149.408,73.4185#29.46#31.36#39.18
-149.211,73.4178#29.82#31.38#38.8
-149.014,73.4169#30.18#31.4#38.42
-148.818,73.4158#30.34#31.41#38.25
-148.621,73.4146#30.48#31.43#38.09
-148.424,73.4131#30.58#31.45#37.97
-148.227,73.4115#30.64#31.47#37.89
-148.031,73.4097#30.69#31.49#37.82
-147.834,73.4076#30.71#31.5#37.79
-147.637,73.4054#30.73#31.51#37.76
-147.441,73.403#30.74#31.53#37.73
-147.244,73.4004#30.75#31.55#37.7
-147.048,73.3976#30.75#31.58#37.67
-146.852,73.3946#30.75#31.62#37.63
-146.655,73.3914#30.75#31.66#37.59
-146.459,73.3881#30.75#31.7#37.55
-146.263,73.3845#30.75#31.75#37.5
-146.067,73.3807#30.75#31.8#37.45
-145.871,73.3768#30.75#31.84#37.41
-145.675,73.3726#30.75#31.86#37.39
-145.48,73.3683#30.75#31.89#37.36
-145.284,73.3638#30.75#31.85#37.4
-145.088,73.3591#30.76#31.81#37.43
-144.893,73.3542#30.76#31.77#37.47
-144.698,73.3491#30.76#31.73#37.51
-144.503,73.3438#30.77#31.69#37.54
-144.308,73.3383#30.77#31.7#37.53
-144.113,73.3326#30.78#31.7#37.52
-143.918,73.3268#30.79#31.72#37.49
-143.723,73.3207#30.8#31.76#37.44
-143.529,73.3145#30.81#31.8#37.39
-143.334,73.3081#30.82#31.88#37.3
-143.14,73.3015#30.84#31.96#37.2
-142.946,73.2947#30.85#32.04#37.11
-142.752,73.2877#30.87#32.14#36.99
-142.559,73.2805#30.89#32.23#36.88
-142.365,73.2731#30.91#32.3#36.79
-142.172,73.2656#30.93#32.37#36.7
-141.979,73.2578#30.95#32.42#36.63
-141.786,73.2499#30.96#32.45#36.59
-141.593,73.2418#30.98#32.47#36.55
-141.4,73.2335#30.97#32.49#36.54
-141.208,73.225#30.94#32.49#36.57
-141.016,73.2163#30.91#32.5#36.59
-140.824,73.2074#30.58#32.5#36.92
-140.632,73.1984#30.22#32.49#37.29
-140.44,73.1892#29.91#32.46#37.63
-140.249,73.1797#29.72#32.35#37.93
-140.058,73.1701#29.54#32.23#38.23
-139.867,73.1603#29.46#32.01#38.53
-139.676,73.1504#29.42#31.73#38.85
-139.486,73.1402#29.39#31.44#39.17
-139.296,73.1299#29.46#30.98#39.56
-139.106,73.1194#29.53#30.52#39.95
-138.916,73.1087#29.6#30.01#40.39
-138.726,73.0978#29.65#29.46#40.89
-138.537,73.0867#29.7#28.92#41.38
-138.348,73.0755#29.72#28.37#41.91
-138.16,73.064#29.74#27.82#42.44
-137.971,73.0524#29.75#27.33#42.92
-137.783,73.0406#29.75#27.07#43.18
-137.595,73.0287#29.75#26.8#43.45
-137.407,73.0165#29.75#26.61#43.64
-137.22,73.0042#29.75#26.49#43.76
-137.033,72.9917#29.74#26.37#43.89
-136.846,72.979#29.73#26.31#43.96
-136.659,72.9661#29.73#26.25#44.02
-136.473,72.9531#29.72#26.21#44.07
-136.287,72.9399#29.72#26.2#44.08
-136.101,72.9265#29.72#26.19#44.09
-135.916,72.9129#29.72#26.22#44.06
-164.869,72.9113#26.3#29.41#44.29
-164.684,72.9256#26.31#29.49#44.2
-164.499,72.9398#26.32#29.57#44.11
-164.314,72.9537#26.32#29.67#44.01
-164.128,72.9675#26.33#29.76#43.91
-163.942,72.9811#26.34#29.86#43.8
-163.756,72.9946#26.35#29.96#43.69
-163.57,73.0078#26.36#30.08#43.56
-163.383,73.0209#26.37#30.16#43.47
-163.196,73.0338#26.37#30.22#43.41
-163.008,73.0465#26.38#30.29#43.33
-162.82,73.0591#26.39#30.31#43.3
-162.632,73.0715#26.4#30.33#43.27
-162.444,73.0836#26.41#30.34#43.25
-162.256,73.0956#26.42#30.34#43.24
-162.067,73.1075#26.43#30.35#43.22
-161.878,73.1191#26.44#30.34#43.22
-161.688,73.1306#26.45#30.33#43.22
-161.499,73.1419#26.46#30.33#43.21
-161.309,73.153#26.47#30.31#43.22
-161.119,73.1639#26.48#30.29#43.23
-160.929,73.1746#26.49#30.28#43.23
-160.738,73.1852#26.5#30.26#43.24
-160.547,73.1956#26.51#30.25#43.24
-160.356,73.2057#26.52#30.22#43.26
-160.165,73.2157#26.53#30.19#43.28
-159.973,73.2256#26.54#30.16#43.3
-159.781,73.2352#26.55#30.17#43.28
-159.589,73.2446#26.57#30.19#43.24
-159.397,73.2539#26.58#30.2#43.22
-159.205,73.263#26.59#30.2#43.21
-159.012,73.2719#26.6#30.2#43.2
-158.819,73.2806#26.61#30.19#43.2
-158.626,73.2891#26.62#30.18#43.2
-158.433,73.2974#26.64#30.18#43.18
-158.24,73.3056#26.65#30.19#43.16
-158.046,73.3135#26.66#30.2#43.14
-157.852,73.3213#26.67#30.23#43.1
-157.658,73.3289#26.69#30.25#43.06
-157.464,73.3363#26.7#30.27#43.03
-157.27,73.3435#26.71#30.29#43
-157.075,73.3505#26.72#30.31#42.97
-156.881,73.3573#26.74#30.33#42.93
-156.686,73.3639#26.75#30.34#42.91
-156.491,73.3704#26.76#30.35#42.89
-156.296,73.3766#26.78#30.36#42.86
-156.1,73.3827#26.79#30.36#42.85
-155.905,73.3886#26.81#30.44#42.75
-155.71,73.3943#26.82#30.6#42.58
-155.514,73.3998#26.83#30.75#42.42
-155.318,73.4051#26.85#30.91#42.24
-155.122,73.4102#26.86#31.08#42.06
-154.926,73.4151#26.88#31.2#41.92
-154.73,73.4198#26.89#31.26#41.85
-154.534,73.4244#26.9#31.32#41.78
-154.337,73.4287#26.92#31.36#41.72
-154.141,73.4329#26.93#31.38#41.69
-153.944,73.4368#26.95#31.41#41.64
-153.747,73.4406#26.98#31.43#41.59
-153.551,73.4442#27#31.45#41.55
-153.354,73.4476#27.05#31.47#41.48
-153.157,73.4508#27.11#31.49#41.4
-152.96,73.4537#27.18#31.51#41.31
-152.763,73.4566#27.29#31.53#41.18
-152.566,73.4592#27.41#31.54#41.05
-152.368,73.4616#27.54#31.56#40.9
-152.171,73.4638#27.68#31.57#40.75
-151.974,73.4658#27.82#31.58#40.6
-151.776,73.4677#27.94#31.59#40.47
-151.579,73.4693#28.06#31.59#40.35
-151.382,73.4708#28.15#31.58#40.27
-151.184,73.472#28.21#31.56#40.23
-150.987,73.4731#28.27#31.53#40.2
-150.789,73.474#28.3#31.48#40.22
-150.591,73.4746#28.34#31.44#40.22
-150.394,73.4751#28.37#31.39#40.24
-150.196,73.4754#28.39#31.35#40.26
-149.999,73.4755#28.41#31.31#40.28
-149.801,73.4754#28.76#31.31#39.93
-149.604,73.4751#29.11#31.31#39.58
-149.406,73.4746#29.46#31.32#39.22
-149.209,73.474#29.82#31.34#38.84
-149.011,73.4731#30.19#31.36#38.45
-148.813,73.472#30.34#31.38#38.28
-148.616,73.4708#30.48#31.4#38.12
-148.419,73.4693#30.58#31.42#38
-148.221,73.4677#30.63#31.43#37.94
-148.024,73.4658#30.69#31.45#37.86
-147.826,73.4638#30.71#31.47#37.82
-147.629,73.4616#30.73#31.48#37.79
-147.432,73.4591#30.74#31.5#37.76
-147.235,73.4565#30.75#31.53#37.72
-147.038,73.4537#30.75#31.55#37.7
-146.841,73.4507#30.75#31.6#37.65
-146.644,73.4475#30.75#31.64#37.61
-146.447,73.4441#30.75#31.69#37.56
-146.25,73.4406#30.75#31.74#37.51
-146.053,73.4368#30.75#31.79#37.46
-145.857,73.4328#30.75#31.83#37.42
-145.66,73.4287#30.75#31.85#37.4
-145.464,73.4243#30.75#31.87#37.38
-145.268,73.4198#30.75#31.83#37.42
-145.072,73.415#30.75#31.79#37.46
-144.875,73.4101#30.76#31.75#37.49
-144.68,73.405#30.76#31.7#37.54
-144.484,73.3997#30.77#31.66#37.57
-144.288,73.3942#30.77#31.67#37.56
-144.092,73.3885#30.78#31.67#37.55
-143.897,73.3826#30.79#31.69#37.52
-143.702,73.3766#30.8#31.74#37.46
-143.507,73.3703#30.81#31.78#37.41
-143.312,73.3639#30.82#31.86#37.32
-143.117,73.3572#30.84#31.95#37.21
-142.922,73.3504#30.85#32.04#37.11
-142.728,73.3434#30.87#32.14#36.99
-142.533,73.3362#30.89#32.24#36.87
-142.339,73.3288#30.91#32.31#36.78
-142.145,73.3212#30.93#32.37#36.7
-141.951,73.3134#30.95#32.43#36.62
-141.758,73.3055#30.96#32.45#36.59
-141.564,73.2973#30.98#32.47#36.55
-141.371,73.289#30.96#32.48#36.56
-141.178,73.2805#30.93#32.49#36.58
-140.985,73.2718#30.87#32.5#36.63
-140.793,73.2629#30.51#32.49#37
-140.6,73.2538#30.16#32.49#37.35
-140.408,73.2445#29.88#32.44#37.68
-140.216,73.2351#29.69#32.34#37.97
-140.024,73.2254#29.5#32.23#38.27
-139.833,73.2156#29.44#31.99#38.57
-139.642,73.2056#29.4#31.73#38.87
-139.45,73.1954#29.39#31.41#39.2
-139.26,73.1851#29.45#30.97#39.58
-139.069,73.1745#29.52#30.52#39.96
-138.879,73.1638#29.58#30#40.42
-138.689,73.1528#29.64#29.45#40.91
-138.499,73.1417#29.7#28.9#41.4
-138.309,73.1304#29.72#28.33#41.95
-138.12,73.119#29.74#27.76#42.5
-137.931,73.1073#29.75#27.29#42.96
-137.742,73.0955#29.75#27.01#43.24
-137.553,73.0835#29.75#26.74#43.51
-137.365,73.0713#29.75#26.58#43.67
-137.177,73.0589#29.74#26.46#43.8
-136.989,73.0464#29.74#26.35#43.91
-136.802,73.0337#29.73#26.29#43.98
-136.615,73.0207#29.72#26.24#44.04
-136.428,73.0077#29.72#26.2#44.08
-136.242,72.9944#29.71#26.19#44.1
-136.055,72.981#29.71#26.18#44.11
-135.869,72.9674#29.71#26.23#44.06
-135.684,72.9536#29.71#26.31#43.98
-135.498,72.9396#29.71#26.38#43.91
-135.313,72.9255#29.72#26.54#43.74
-135.129,72.9111#29.73#26.68#43.59
-165.656,72.9064#26.27#29.16#44.57
-165.472,72.9214#26.27#29.21#44.52
-165.288,72.9363#26.28#29.26#44.46
-165.103,72.951#26.29#29.31#44.4
-164.918,72.9656#26.29#29.38#44.33
-164.733,72.9799#26.3#29.46#44.24
-164.547,72.9941#26.31#29.54#44.15
-164.361,73.0081#26.32#29.62#44.06
-164.175,73.0219#26.32#29.71#43.97
-163.989,73.0356#26.33#29.8#43.87
-163.802,73.0491#26.34#29.91#43.75
-163.615,73.0624#26.35#30.02#43.63
-163.427,73.0755#26.36#30.12#43.52
-163.24,73.0885#26.37#30.19#43.44
-163.052,73.1012#26.37#30.26#43.37
