-152.15,65.9009#30.63#34.43#34.94
-152.016,65.9029#30.85#34.34#34.81
-151.881,65.9048#30.98#34.23#34.79
-151.747,65.9065#31.09#34.11#34.8
-151.613,65.9081#31.2#33.99#34.81
-151.478,65.9096#31.31#33.87#34.82
-151.344,65.911#31.38#33.75#34.87
-151.209,65.9122#31.45#33.63#34.92
-151.075,65.9133#31.51#33.51#34.98
-150.941,65.9142#31.57#33.41#35.02
-150.806,65.9151#31.61#33.35#35.04
-150.672,65.9158#31.65#33.28#35.07
-150.537,65.9164#31.69#33.22#35.09
-150.403,65.9168#31.72#33.18#35.1
-150.268,65.9171#31.74#33.15#35.11
-150.134,65.9173#31.77#33.12#35.11
-149.999,65.9174#31.79#33.09#35.12
-149.865,65.9173#31.84#33.08#35.08
-149.73,65.9171#31.9#33.06#35.04
-149.596,65.9168#31.95#33.05#35
-149.461,65.9164#32#33.03#34.97
-149.327,65.9158#32.05#33.03#34.92
-149.192,65.9151#32.1#33.02#34.88
-149.058,65.9142#32.16#33.02#34.82
-148.923,65.9133#32.19#33.01#34.8
-148.789,65.9122#32.22#33.01#34.77
-148.654,65.9109#32.24#33.01#34.75
-148.52,65.9096#32.27#33#34.73
-148.386,65.9081#32.29#33#34.71
-148.251,65.9065#32.3#33#34.7
-148.117,65.9048#32.32#33#34.68
-147.982,65.9029#32.33#33#34.67
-147.848,65.9009#32.35#33#34.65
-154.439,65.9021#28.41#35.26#36.33
-154.305,65.9063#28.43#35.22#36.35
-154.171,65.9103#28.44#35.18#36.38
-154.037,65.9143#28.45#35.13#36.42
-153.903,65.9181#28.47#35.09#36.44
-153.769,65.9217#28.49#35.05#36.46
-153.634,65.9253#28.51#35.01#36.48
-153.5,65.9287#28.53#34.97#36.5
-153.366,65.932#28.67#34.94#36.39
-153.231,65.9351#28.81#34.91#36.28
-153.097,65.9382#28.94#34.88#36.18
-152.962,65.9411#29.12#34.85#36.03
-152.828,65.9438#29.41#34.8#35.79
-152.694,65.9465#29.69#34.75#35.56
-152.559,65.949#29.98#34.7#35.32
-152.424,65.9514#30.22#34.64#35.14
-152.29,65.9536#30.43#34.55#35.02
-152.155,65.9558#30.64#34.47#34.89
-152.021,65.9578#30.85#34.38#34.77
-151.886,65.9596#30.98#34.27#34.75
-151.751,65.9614#31.09#34.16#34.75
-151.617,65.963#31.2#34.05#34.75
-151.482,65.9645#31.3#33.93#34.77
-151.347,65.9658#31.37#33.81#34.82
-151.212,65.9671#31.43#33.68#34.89
-151.078,65.9682#31.5#33.55#34.95
-150.943,65.9691#31.55#33.44#35.01
-150.808,65.97#31.59#33.37#35.04
-150.673,65.9707#31.63#33.3#35.07
-150.538,65.9713#31.67#33.23#35.1
-150.404,65.9717#31.7#33.19#35.11
-150.269,65.972#31.72#33.16#35.12
-150.134,65.9722#31.75#33.13#35.12
-149.999,65.9723#31.77#33.1#35.13
-149.864,65.9722#31.83#33.08#35.09
-149.73,65.972#31.88#33.07#35.05
-149.595,65.9717#31.93#33.05#35.02
-149.46,65.9712#31.98#33.04#34.98
-149.325,65.9707#32.04#33.03#34.93
-149.19,65.97#32.09#33.02#34.89
-149.056,65.9691#32.14#33.02#34.84
-148.921,65.9681#32.17#33.01#34.82
-148.786,65.967#32.2#33.01#34.79
-148.651,65.9658#32.23#33.01#34.76
-148.517,65.9645#32.25#33.01#34.74
-148.382,65.963#32.27#33#34.73
-148.247,65.9614#32.29#33#34.71
-148.112,65.9596#32.3#33#34.7
-147.978,65.9577#32.32#33#34.68
-147.843,65.9557#32.33#33#34.67
-147.708,65.9536#32.34#33#34.66
-147.574,65.9514#32.36#33#34.64
-147.439,65.949#32.37#33#34.63
-147.305,65.9465#32.39#33#34.61
-147.17,65.9438#32.4#32.99#34.61
-147.036,65.941#32.42#32.99#34.59
-146.901,65.9381#32.44#32.98#34.58
-146.767,65.9351#32.46#32.97#34.57
-146.633,65.9319#32.47#32.96#34.57
-146.498,65.9287#32.49#32.95#34.56
-146.364,65.9252#32.51#32.94#34.55
-146.23,65.9217#32.53#32.93#34.54
-146.096,65.918#32.54#32.92#34.54
-145.961,65.9142#32.56#32.91#34.53
-145.827,65.9103#32.57#32.88#34.55
-145.693,65.9062#32.58#32.85#34.57
-145.559,65.902#32.59#32.82#34.59
-155.924,65.9022#28.28#35.76#35.96
-155.79,65.9078#28.29#35.71#36
-155.656,65.9133#28.3#35.67#36.03
-155.523,65.9186#28.31#35.62#36.07
-155.389,65.9239#28.32#35.57#36.11
-155.255,65.929#28.34#35.53#36.13
-155.121,65.9339#28.35#35.48#36.17
-154.987,65.9388#28.36#35.44#36.2
-154.852,65.9435#28.37#35.4#36.23
-154.718,65.948#28.38#35.35#36.27
-154.584,65.9525#28.39#35.31#36.3
-154.45,65.9568#28.41#35.27#36.32
-154.315,65.961#28.42#35.23#36.35
-154.181,65.9651#28.43#35.18#36.39
-154.046,65.969#28.44#35.14#36.42
-153.912,65.9728#28.46#35.1#36.44
-153.777,65.9765#28.49#35.06#36.45
-153.643,65.9801#28.51#35.02#36.47
-153.508,65.9835#28.53#34.99#36.48
-153.374,65.9868#28.67#34.96#36.37
-153.239,65.9899#28.81#34.93#36.26
-153.104,65.993#28.95#34.9#36.15
-152.969,65.9959#29.13#34.86#36.01
-152.835,65.9987#29.43#34.82#35.75
-152.7,66.0013#29.72#34.78#35.5
-152.565,66.0038#30.02#34.74#35.24
-152.43,66.0062#30.26#34.67#35.07
-152.295,66.0085#30.46#34.59#34.95
-152.16,66.0106#30.65#34.51#34.84
-152.025,66.0126#30.85#34.42#34.73
-151.89,66.0145#30.97#34.32#34.71
-151.755,66.0163#31.08#34.21#34.71
-151.62,66.0179#31.19#34.1#34.71
-151.485,66.0194#31.29#33.99#34.72
-151.35,66.0207#31.36#33.86#34.78
-151.215,66.0219#31.42#33.72#34.86
-151.08,66.023#31.48#33.59#34.93
-150.945,66.024#31.54#33.48#34.98
-150.81,66.0249#31.58#33.4#35.02
-150.675,66.0256#31.61#33.32#35.07
-150.54,66.0262#31.65#33.24#35.11
-150.405,66.0266#31.68#33.2#35.12
-150.269,66.0269#31.71#33.16#35.13
-150.134,66.0271#31.73#33.13#35.14
-149.999,66.0272#31.76#33.1#35.14
-149.864,66.0271#31.81#33.09#35.1
-149.729,66.0269#31.86#33.07#35.07
-149.594,66.0266#31.92#33.05#35.03
-149.459,66.0261#31.97#33.04#34.99
-149.324,66.0256#32.02#33.03#34.95
-149.188,66.0248#32.07#33.03#34.9
-149.053,66.024#32.12#33.02#34.86
-148.918,66.023#32.15#33.01#34.84
-148.783,66.0219#32.18#33.01#34.81
-148.648,66.0207#32.21#33.01#34.78
-148.513,66.0193#32.23#33.01#34.76
-148.378,66.0179#32.25#33#34.75
-148.243,66.0162#32.27#33#34.73
-148.108,66.0145#32.28#33#34.72
-147.973,66.0126#32.3#33#34.7
-147.838,66.0106#32.31#33#34.69
-147.703,66.0085#32.33#33#34.67
-147.568,66.0062#32.34#33#34.66
-147.433,66.0038#32.36#33#34.64
-147.298,66.0013#32.37#33#34.63
-147.164,65.9986#32.39#33#34.61
-147.029,65.9959#32.4#32.99#34.61
-146.894,65.9929#32.42#32.99#34.59
-146.759,65.9899#32.44#32.98#34.58
-146.625,65.9867#32.46#32.97#34.57
-146.49,65.9834#32.48#32.97#34.55
-146.355,65.98#32.5#32.96#34.54
-146.221,65.9765#32.51#32.95#34.54
-146.086,65.9728#32.53#32.94#34.53
-145.952,65.969#32.54#32.93#34.53
-145.817,65.965#32.55#32.9#34.55
-145.683,65.961#32.56#32.87#34.57
-145.549,65.9568#32.58#32.85#34.57
-145.414,65.9524#32.59#32.81#34.6
-145.28,65.948#32.59#32.77#34.64
-145.146,65.9434#32.6#32.73#34.67
-145.012,65.9387#32.61#32.69#34.7
-144.878,65.9339#32.61#32.62#34.77
-144.744,65.9289#32.61#32.56#34.83
-144.61,65.9238#32.61#32.49#34.9
-144.476,65.9186#32.61#32.43#34.96
-144.342,65.9132#32.6#32.37#35.03
-144.208,65.9078#32.59#32.31#35.1
-144.074,65.9022#32.58#32.25#35.17
-157.141,65.9006#28.16#36.17#35.67
-157.008,65.9073#28.17#36.13#35.7
-156.874,65.914#28.19#36.08#35.73
-156.741,65.9205#28.2#36.04#35.76
-156.607,65.9268#28.21#35.99#35.8
-156.473,65.9331#28.22#35.94#35.84
-156.34,65.9392#28.23#35.89#35.88
-156.206,65.9452#28.25#35.84#35.91
-156.072,65.9511#28.26#35.79#35.95
-155.938,65.9568#28.27#35.75#35.98
-155.804,65.9624#28.28#35.7#36.02
-155.67,65.9679#28.29#35.65#36.06
-155.535,65.9733#28.3#35.61#36.09
-155.401,65.9785#28.32#35.56#36.12
-155.267,65.9836#28.33#35.52#36.15
-155.133,65.9886#28.34#35.48#36.18
-154.998,65.9934#28.35#35.44#36.21
-154.864,65.9982#28.36#35.39#36.25
-154.729,66.0027#28.38#35.35#36.27
-154.595,66.0072#28.39#35.31#36.3
-154.46,66.0115#28.4#35.27#36.33
-154.325,66.0157#28.41#35.23#36.36
-154.191,66.0198#28.42#35.19#36.39
-154.056,66.0238#28.44#35.15#36.41
-153.921,66.0276#28.46#35.11#36.43
-153.786,66.0313#28.48#35.07#36.45
-153.651,66.0348#28.5#35.03#36.47
-153.517,66.0383#28.53#35#36.47
-153.382,66.0416#28.66#34.97#36.37
-153.247,66.0448#28.81#34.94#36.25
-153.112,66.0478#28.96#34.91#36.13
-152.976,66.0507#29.14#34.88#35.98
-152.841,66.0535#29.44#34.84#35.72
-152.706,66.0562#29.75#34.81#35.44
-152.571,66.0587#30.06#34.77#35.17
-152.436,66.0611#30.3#34.71#34.99
-152.301,66.0634#30.48#34.63#34.89
-152.165,66.0655#30.67#34.54#34.79
-152.03,66.0675#30.85#34.46#34.69
-151.895,66.0694#30.97#34.36#34.67
-151.76,66.0711#31.07#34.26#34.67
-151.624,66.0728#31.18#34.16#34.66
-151.489,66.0742#31.28#34.06#34.66
-151.353,66.0756#31.35#33.91#34.74
-151.218,66.0768#31.41#33.77#34.82
-151.083,66.0779#31.47#33.63#34.9
-150.947,66.0789#31.52#33.51#34.97
-150.812,66.0798#31.56#33.42#35.02
-150.676,66.0805#31.6#33.34#35.06
-150.541,66.0811#31.64#33.25#35.11
-150.406,66.0815#31.66#33.2#35.14
-150.27,66.0818#31.69#33.17#35.14
-150.135,66.082#31.72#33.14#35.14
-149.999,66.0821#31.74#33.11#35.15
-149.864,66.082#31.79#33.09#35.12
-149.728,66.0818#31.85#33.07#35.08
-149.593,66.0815#31.9#33.06#35.04
-149.457,66.0811#31.95#33.04#35.01
-149.322,66.0805#32#33.03#34.97
-149.186,66.0798#32.05#33.03#34.92
-149.051,66.0789#32.1#33.02#34.88
-148.916,66.0779#32.13#33.02#34.85
-148.78,66.0768#32.16#33.01#34.83
-148.645,66.0756#32.19#33.01#34.8
-148.509,66.0742#32.22#33.01#34.77
-148.374,66.0727#32.23#33.01#34.76
-148.239,66.0711#32.25#33#34.75
-148.103,66.0694#32.27#33#34.73
-147.968,66.0675#32.28#33#34.72
-147.833,66.0655#32.3#33#34.7
-147.698,66.0633#32.31#33#34.69
-147.562,66.0611#32.32#33#34.68
-147.427,66.0587#32.34#33#34.66
-147.292,66.0561#32.36#33#34.64
-147.157,66.0535#32.37#33#34.63
-147.022,66.0507#32.39#33#34.61
-146.887,66.0478#32.41#32.99#34.6
-146.752,66.0447#32.43#32.99#34.58
-146.617,66.0415#32.44#32.98#34.58
-146.482,66.0382#32.46#32.98#34.56
-146.347,66.0348#32.48#32.97#34.55
-146.212,66.0312#32.5#32.97#34.53
-146.077,66.0275#32.52#32.96#34.52
-145.942,66.0237#32.53#32.95#34.52
-145.808,66.0198#32.54#32.92#34.54
-145.673,66.0157#32.55#32.9#34.55
-145.538,66.0115#32.56#32.87#34.57
-145.404,66.0072#32.57#32.84#34.59
-145.269,66.0027#32.58#32.8#34.62
-145.135,65.9981#32.59#32.76#34.65
-145,65.9934#32.6#32.72#34.68
-144.866,65.9885#32.59#32.65#34.76
-144.731,65.9836#32.59#32.58#34.83
-144.597,65.9784#32.59#32.52#34.89
-144.463,65.9732#32.59#32.45#34.96
-144.329,65.9679#32.58#32.39#35.03
-144.195,65.9624#32.57#32.33#35.1
-144.061,65.9567#32.56#32.27#35.17
-143.927,65.951#32.56#32.21#35.23
-143.793,65.9451#32.57#32.15#35.28
-143.659,65.9391#32.58#32.09#35.33
-143.525,65.933#32.59#32.02#35.39
-143.391,65.9268#32.61#31.97#35.42
-143.258,65.9204#32.63#31.92#35.45
-143.124,65.9139#32.65#31.87#35.48
-142.991,65.9072#32.68#31.83#35.49
-142.857,65.9005#32.75#31.81#35.44
-158.091,65.904#28.08#36.37#35.55
-157.958,65.9117#28.09#36.35#35.56
-157.825,65.9192#28.1#36.31#35.59
-157.692,65.9266#28.11#36.28#35.61
-157.558,65.9339#28.12#36.25#35.63
-157.425,65.9411#28.13#36.21#35.66
-157.291,65.9481#28.14#36.17#35.69
-157.158,65.955#28.16#36.13#35.71
-157.024,65.9618#28.17#36.1#35.73
-156.89,65.9684#28.18#36.05#35.77
-156.756,65.975#28.19#36.01#35.8
-156.622,65.9814#28.2#35.96#35.84
-156.488,65.9876#28.21#35.92#35.87
-156.354,65.9938#28.23#35.87#35.9
-156.22,65.9998#28.24#35.82#35.94
-156.086,66.0057#28.25#35.77#35.98
-155.952,66.0114#28.26#35.73#36.01
-155.817,66.017#28.27#35.68#36.05
-155.683,66.0226#28.29#35.64#36.07
-155.549,66.0279#28.3#35.6#36.1
-155.414,66.0332#28.31#35.55#36.14
-155.279,66.0383#28.32#35.51#36.17
-155.145,66.0433#28.33#35.47#36.2
-155.01,66.0481#28.34#35.43#36.23
-154.875,66.0529#28.36#35.39#36.25
-154.74,66.0575#28.37#35.35#36.28
-154.606,66.0619#28.38#35.31#36.31
-154.471,66.0663#28.39#35.28#36.33
-154.336,66.0705#28.4#35.24#36.36
-154.201,66.0746#28.42#35.2#36.38
-154.066,66.0785#28.43#35.16#36.41
-153.93,66.0824#28.45#35.12#36.43
-153.795,66.0861#28.47#35.08#36.45
-153.66,66.0896#28.5#35.05#36.45
-153.525,66.0931#28.53#35.01#36.46
-153.39,66.0964#28.66#34.98#36.36
-153.254,66.0996#28.81#34.95#36.24
-153.119,66.1026#28.97#34.93#36.1
-152.984,66.1056#29.15#34.9#35.95
-152.848,66.1083#29.46#34.87#35.67
-152.713,66.111#29.78#34.83#35.39
-152.577,66.1135#30.09#34.8#35.11
-152.442,66.116#30.34#34.75#34.91
-152.306,66.1182#30.51#34.67#34.82
-152.171,66.1204#30.68#34.58#34.74
-152.035,66.1224#30.84#34.5#34.66
-151.899,66.1243#30.96#34.41#34.63
-151.764,66.126#31.07#34.31#34.62
-151.628,66.1277#31.17#34.22#34.61
-151.492,66.1292#31.28#34.12#34.6
-151.357,66.1305#31.33#33.97#34.7
-151.221,66.1318#31.39#33.82#34.79
-151.085,66.1329#31.45#33.67#34.88
-150.949,66.1338#31.5#33.54#34.96
-150.814,66.1347#31.54#33.45#35.01
-150.678,66.1354#31.58#33.36#35.06
-150.542,66.136#31.62#33.27#35.11
-150.406,66.1364#31.65#33.21#35.14
-150.271,66.1368#31.67#33.18#35.15
-150.135,66.137#31.7#33.15#35.15
-149.999,66.137#31.72#33.11#35.17
-149.863,66.1369#31.77#33.1#35.13
-149.728,66.1368#31.83#33.08#35.09
-149.592,66.1364#31.88#33.06#35.06
-149.456,66.136#31.93#33.04#35.03
-149.32,66.1354#31.98#33.04#34.98
-149.185,66.1347#32.03#33.03#34.94
-149.049,66.1338#32.08#33.02#34.9
-148.913,66.1328#32.11#33.02#34.87
-148.777,66.1317#32.14#33.01#34.85
-148.642,66.1305#32.17#33.01#34.82
-148.506,66.1291#32.2#33.01#34.79
-148.37,66.1276#32.22#33.01#34.77
-148.235,66.126#32.23#33#34.77
-148.099,66.1243#32.25#33#34.75
-147.963,66.1224#32.27#33#34.73
-147.828,66.1203#32.28#33#34.72
-147.692,66.1182#32.29#33#34.71
-147.557,66.1159#32.31#33#34.69
-147.421,66.1135#32.32#33#34.68
-147.286,66.111#32.34#33#34.66
-147.15,66.1083#32.36#33#34.64
-147.015,66.1055#32.37#33#34.63
-146.879,66.1026#32.39#33#34.61
-146.744,66.0995#32.41#33#34.59
-146.609,66.0964#32.43#32.99#34.58
-146.473,66.093#32.45#32.99#34.56
-146.338,66.0896#32.47#32.99#34.54
-146.203,66.086#32.48#32.99#34.53
-146.068,66.0823#32.5#32.98#34.52
-145.933,66.0785#32.52#32.97#34.51
-145.798,66.0745#32.52#32.94#34.54
-145.663,66.0704#32.53#32.92#34.55
-145.528,66.0662#32.54#32.9#34.56
-145.393,66.0619#32.55#32.86#34.59
-145.258,66.0574#32.56#32.83#34.61
-145.123,66.0528#32.57#32.79#34.64
-144.988,66.0481#32.58#32.75#34.67
-144.854,66.0432#32.58#32.68#34.74
-144.719,66.0382#32.57#32.61#34.82
-144.584,66.0331#32.57#32.54#34.89
-144.45,66.0279#32.57#32.48#34.95
-144.315,66.0225#32.56#32.41#35.03
-144.181,66.017#32.55#32.35#35.1
-144.047,66.0113#32.54#32.29#35.17
-143.912,66.0056#32.54#32.23#35.23
-143.778,65.9997#32.55#32.16#35.29
-143.644,65.9937#32.57#32.1#35.33
-143.51,65.9875#32.58#32.03#35.39
-143.376,65.9813#32.59#31.97#35.44
-143.242,65.9749#32.61#31.92#35.47
-143.108,65.9684#32.63#31.86#35.51
-142.974,65.9617#32.66#31.81#35.53
-142.841,65.9549#32.72#31.8#35.48
-142.707,65.948#32.79#31.79#35.42
-142.573,65.941#32.86#31.78#35.36
-142.44,65.9338#32.95#31.79#35.26
-142.307,65.9266#33.06#31.85#35.09
-142.173,65.9191#33.18#31.9#34.92
-142.04,65.9116#33.3#31.96#34.74
-141.907,65.9039#33.47#32.04#34.49
-159.042,65.9011#27.99#36.42#35.59
-158.909,65.9096#28#36.41#35.59
-158.776,65.9181#28.01#36.4#35.59
-158.643,65.9264#28.02#36.39#35.59
-158.51,65.9346#28.03#36.38#35.59
-158.377,65.9426#28.04#36.36#35.6
-158.244,65.9506#28.06#36.34#35.6
-158.11,65.9584#28.07#36.32#35.61
-157.977,65.9661#28.08#36.3#35.62
-157.843,65.9736#28.09#36.27#35.64
-157.71,65.981#28.1#36.24#35.66
-157.576,65.9883#28.11#36.21#35.68
-157.442,65.9955#28.13#36.17#35.7
-157.309,66.0026#28.14#36.14#35.72
-157.175,66.0095#28.15#36.1#35.75
-157.041,66.0163#28.16#36.06#35.78
-156.906,66.0229#28.17#36.02#35.81
-156.772,66.0295#28.18#35.98#35.84
-156.638,66.0359#28.2#35.93#35.87
-156.504,66.0422#28.21#35.89#35.9
-156.369,66.0483#28.22#35.84#35.94
-156.235,66.0544#28.23#35.8#35.97
-156.1,66.0603#28.24#35.75#36.01
-155.966,66.066#28.25#35.71#36.04
-155.831,66.0717#28.27#35.67#36.06
-155.696,66.0772#28.28#35.63#36.09
-155.562,66.0826#28.29#35.58#36.13
-155.427,66.0878#28.3#35.54#36.16
-155.292,66.093#28.31#35.51#36.18
-155.157,66.098#28.33#35.47#36.2
-155.022,66.1028#28.34#35.43#36.23
-154.887,66.1076#28.35#35.39#36.26
-154.752,66.1122#28.36#35.35#36.29
-154.616,66.1167#28.37#35.32#36.31
-154.481,66.121#28.38#35.28#36.34
-154.346,66.1253#28.4#35.24#36.36
-154.211,66.1294#28.41#35.2#36.39
-154.075,66.1333#28.42#35.16#36.42
-153.94,66.1372#28.44#35.13#36.43
-153.804,66.1409#28.47#35.09#36.44
-153.669,66.1445#28.49#35.05#36.46
-153.533,66.1479#28.52#35.02#36.46
-153.398,66.1512#28.65#34.99#36.36
-153.262,66.1544#28.81#34.96#36.23
-153.126,66.1575#28.97#34.93#36.1
-152.991,66.1604#29.14#34.9#35.96
-152.855,66.1632#29.45#34.87#35.68
-152.719,66.1659#29.76#34.85#35.39
-152.583,66.1684#30.07#34.82#35.11
-152.447,66.1708#30.32#34.77#34.91
-152.312,66.1731#30.48#34.69#34.83
-152.176,66.1753#30.64#34.61#34.75
-152.04,66.1773#30.8#34.53#34.67
-151.904,66.1792#30.92#34.44#34.64
-151.768,66.1809#31.02#34.35#34.63
-151.632,66.1826#31.12#34.25#34.63
-151.496,66.1841#31.23#34.16#34.61
-151.36,66.1854#31.29#34.02#34.69
-151.224,66.1867#31.35#33.87#34.78
-151.088,66.1878#31.41#33.73#34.86
-150.952,66.1888#31.46#33.6#34.94
-150.816,66.1896#31.5#33.5#35
-150.68,66.1903#31.54#33.4#35.06
-150.544,66.1909#31.58#33.31#35.11
-150.407,66.1914#31.61#33.25#35.14
-150.271,66.1917#31.63#33.21#35.16
-150.135,66.1919#31.66#33.17#35.17
-149.999,66.1919#31.69#33.12#35.19
-149.863,66.1919#31.74#33.11#35.15
-149.727,66.1917#31.79#33.09#35.12
-149.591,66.1914#31.85#33.07#35.08
-149.455,66.1909#31.9#33.05#35.05
-149.319,66.1903#31.95#33.04#35.01
-149.183,66.1896#32#33.03#34.97
-149.047,66.1887#32.04#33.02#34.94
-148.91,66.1878#32.08#33.02#34.9
-148.774,66.1867#32.11#33.02#34.87
-148.638,66.1854#32.14#33.01#34.85
-148.502,66.184#32.17#33.01#34.82
-148.366,66.1825#32.19#33.01#34.8
-148.23,66.1809#32.21#33.01#34.78
-148.094,66.1792#32.22#33#34.78
-147.959,66.1773#32.24#33#34.76
-147.823,66.1752#32.26#33#34.74
-147.687,66.1731#32.27#33#34.73
-147.551,66.1708#32.29#33#34.71
-147.415,66.1684#32.3#33#34.7
-147.279,66.1658#32.32#33#34.68
-147.143,66.1632#32.34#33#34.66
-147.008,66.1604#32.35#33#34.65
-146.872,66.1574#32.37#33#34.63
-146.736,66.1544#32.39#33#34.61
-146.601,66.1512#32.41#33#34.59
-146.465,66.1479#32.43#33#34.57
-146.33,66.1444#32.45#33#34.55
-146.194,66.1408#32.47#33#34.53
-146.059,66.1371#32.49#33#34.51
-145.923,66.1333#32.5#32.99#34.51
-145.788,66.1293#32.51#32.97#34.52
-145.652,66.1252#32.52#32.94#34.54
-145.517,66.121#32.53#32.92#34.55
-145.382,66.1166#32.54#32.89#34.57
-145.247,66.1121#32.55#32.86#34.59
-145.112,66.1075#32.56#32.82#34.62
-144.976,66.1028#32.56#32.78#34.66
-144.841,66.0979#32.56#32.71#34.73
-144.706,66.0929#32.56#32.64#34.8
-144.572,66.0878#32.55#32.57#34.88
-144.437,66.0825#32.55#32.5#34.95
-144.302,66.0771#32.53#32.44#35.03
-144.167,66.0716#32.52#32.38#35.1
-144.033,66.066#32.51#32.31#35.18
-143.898,66.0602#32.52#32.25#35.23
-143.763,66.0543#32.54#32.18#35.28
-143.629,66.0483#32.55#32.11#35.34
-143.495,66.0421#32.56#32.04#35.4
-143.36,66.0358#32.58#31.98#35.44
-143.226,66.0294#32.59#31.91#35.5
-143.092,66.0229#32.6#31.85#35.55
-142.958,66.0162#32.63#31.8#35.57
-142.824,66.0094#32.7#31.79#35.51
-142.69,66.0025#32.76#31.77#35.47
-142.556,65.9954#32.83#31.76#35.41
-142.422,65.9883#32.91#31.78#35.31
-142.288,65.9809#33.02#31.83#35.15
-142.155,65.9735#33.12#31.88#35
-142.021,65.966#33.23#31.93#34.84
-141.888,65.9583#33.4#32.01#34.59
-141.755,65.9505#33.59#32.1#34.31
-141.621,65.9425#33.78#32.19#34.03
-141.488,65.9345#33.97#32.27#33.76
-141.355,65.9263#34.14#32.32#33.54
-141.222,65.918#34.32#32.36#33.32
-141.089,65.9095#34.5#32.4#33.1
-140.956,65.901#34.68#32.42#32.9
-159.859,65.9011#27.91#36.38#35.71
-159.727,65.9105#27.92#36.38#35.7
-159.594,65.9197#27.93#36.38#35.69
-159.462,65.9288#27.95#36.38#35.67
-159.329,65.9377#27.96#36.37#35.67
-159.196,65.9466#27.97#36.36#35.67
-159.063,65.9553#27.98#36.36#35.66
-158.93,65.9639#27.99#36.35#35.66
-158.797,65.9723#28#36.34#35.66
-158.664,65.9807#28.01#36.33#35.66
-158.53,65.9889#28.03#36.32#35.65
-158.397,65.9969#28.04#36.3#35.66
-158.263,66.0049#28.05#36.28#35.67
-158.129,66.0127#28.06#36.27#35.67
-157.996,66.0204#28.07#36.25#35.68
-157.862,66.028#28.08#36.22#35.7
-157.728,66.0354#28.1#36.19#35.71
-157.594,66.0428#28.11#36.16#35.73
-157.46,66.05#28.12#36.13#35.75
-157.326,66.057#28.13#36.1#35.77
-157.192,66.064#28.14#36.06#35.8
-157.057,66.0708#28.15#36.02#35.83
-156.923,66.0775#28.16#35.99#35.85
-156.788,66.084#28.18#35.94#35.88
-156.654,66.0904#28.19#35.9#35.91
-156.519,66.0967#28.2#35.86#35.94
-156.384,66.1029#28.21#35.82#35.97
-156.25,66.1089#28.22#35.78#36
-156.115,66.1149#28.24#35.73#36.03
-155.98,66.1207#28.25#35.69#36.06
-155.845,66.1263#28.26#35.65#36.09
-155.71,66.1318#28.27#35.61#36.12
-155.575,66.1372#28.28#35.57#36.15
-155.44,66.1425#28.29#35.53#36.18
-155.304,66.1477#28.31#35.49#36.2
-155.169,66.1527#28.32#35.45#36.23
-155.034,66.1575#28.33#35.41#36.26
-154.898,66.1623#28.34#35.38#36.28
-154.763,66.1669#28.35#35.34#36.31
-154.627,66.1714#28.36#35.3#36.34
-154.492,66.1758#28.38#35.27#36.35
-154.356,66.18#28.39#35.23#36.38
-154.221,66.1841#28.4#35.19#36.41
-154.085,66.1881#28.41#35.15#36.44
-153.949,66.192#28.43#35.11#36.46
-153.813,66.1957#28.46#35.08#36.46
-153.677,66.1993#28.49#35.04#36.47
-153.542,66.2027#28.51#35.01#36.48
-153.406,66.2061#28.64#34.98#36.38
-153.27,66.2093#28.8#34.96#36.24
-153.134,66.2123#28.96#34.93#36.11
-152.998,66.2153#29.13#34.9#35.97
-152.862,66.2181#29.43#34.87#35.7
-152.726,66.2208#29.72#34.85#35.43
-152.589,66.2233#30.01#34.82#35.17
-152.453,66.2257#30.26#34.78#34.96
-152.317,66.228#30.42#34.7#34.88
-152.181,66.2302#30.58#34.63#34.79
-152.045,66.2322#30.74#34.56#34.7
-151.908,66.2341#30.86#34.48#34.66
-151.772,66.2358#30.96#34.38#34.66
-151.636,66.2375#31.07#34.29#34.64
-151.499,66.239#31.17#34.2#34.63
-151.363,66.2404#31.23#34.06#34.71
-151.227,66.2416#31.3#33.93#34.77
-151.09,66.2427#31.36#33.79#34.85
-150.954,66.2437#31.41#33.66#34.93
-150.818,66.2445#31.45#33.56#34.99
-150.681,66.2453#31.5#33.45#35.05
-150.545,66.2458#31.54#33.34#35.12
-150.408,66.2463#31.57#33.28#35.15
-150.272,66.2466#31.6#33.23#35.17
-150.136,66.2468#31.63#33.18#35.19
-149.999,66.2469#31.65#33.14#35.21
-149.863,66.2468#31.71#33.12#35.17
-149.726,66.2466#31.76#33.09#35.15
-149.59,66.2463#31.81#33.07#35.12
-149.453,66.2458#31.86#33.06#35.08
-149.317,66.2453#31.91#33.05#35.04
-149.181,66.2445#31.96#33.04#35
-149.044,66.2437#32.01#33.03#34.96
-148.908,66.2427#32.05#33.02#34.93
-148.772,66.2416#32.08#33.02#34.9
-148.635,66.2403#32.11#33.01#34.88
-148.499,66.239#32.14#33.01#34.85
-148.363,66.2375#32.16#33.01#34.83
-148.226,66.2358#32.18#33.01#34.81
-148.09,66.2341#32.2#33#34.8
-147.954,66.2322#32.22#33#34.78
-147.817,66.2301#32.23#33#34.77
-147.681,66.228#32.25#33#34.75
-147.545,66.2257#32.26#33#34.74
-147.409,66.2233#32.28#33#34.72
-147.273,66.2207#32.3#33#34.7
-147.137,66.218#32.32#33#34.68
-147.001,66.2152#32.33#33#34.67
-146.865,66.2123#32.35#33#34.65
-146.729,66.2092#32.37#33#34.63
-146.593,66.206#32.39#33#34.61
-146.457,66.2027#32.41#33#34.59
-146.321,66.1992#32.43#33#34.57
-146.185,66.1956#32.44#33#34.56
-146.049,66.1919#32.46#33#34.54
-145.913,66.1881#32.48#32.99#34.53
-145.778,66.1841#32.49#32.97#34.54
-145.642,66.18#32.5#32.95#34.55
-145.506,66.1757#32.51#32.93#34.56
-145.371,66.1714#32.52#32.9#34.58
-145.235,66.1669#32.53#32.87#34.6
-145.1,66.1622#32.54#32.85#34.61
-144.965,66.1575#32.54#32.8#34.66
-144.829,66.1526#32.54#32.73#34.73
-144.694,66.1476#32.54#32.66#34.8
-144.559,66.1424#32.53#32.59#34.88
-144.424,66.1372#32.52#32.52#34.96
-144.288,66.1318#32.51#32.46#35.03
-144.153,66.1262#32.5#32.4#35.1
-144.018,66.1206#32.49#32.33#35.18
-143.883,66.1148#32.5#32.26#35.24
-143.749,66.1089#32.52#32.19#35.29
-143.614,66.1028#32.54#32.12#35.34
-143.479,66.0967#32.55#32.05#35.4
-143.345,66.0904#32.56#31.98#35.46
-143.21,66.0839#32.57#31.91#35.52
-143.076,66.0774#32.58#31.84#35.58
-142.941,66.0707#32.61#31.79#35.6
-142.807,66.0639#32.67#31.77#35.56
-142.673,66.0569#32.74#31.75#35.51
-142.538,66.0499#32.8#31.74#35.46
-142.404,66.0427#32.88#31.76#35.36
-142.27,66.0354#32.97#31.8#35.23
-142.136,66.0279#33.06#31.85#35.09
-142.003,66.0203#33.16#31.9#34.94
-141.869,66.0126#33.34#31.99#34.67
-141.735,66.0048#33.52#32.08#34.4
-141.602,65.9968#33.71#32.18#34.11
-141.468,65.9888#33.89#32.26#33.85
-141.335,65.9806#34.07#32.31#33.62
-141.202,65.9722#34.25#32.35#33.4
-141.068,65.9638#34.43#32.4#33.17
-140.935,65.9552#34.6#32.42#32.98
-140.802,65.9465#34.77#32.41#32.82
-140.669,65.9376#34.94#32.41#32.65
-140.537,65.9287#35.1#32.4#32.5
-140.404,65.9196#35.26#32.38#32.36
-140.271,65.9104#35.42#32.36#32.22
-140.139,65.901#35.58#32.34#32.08
-160.545,65.9066#27.85#36.31#35.84
-160.413,65.9165#27.86#36.31#35.83
-160.28,65.9264#27.87#36.3#35.83
-160.148,65.9361#27.88#36.31#35.81
-160.015,65.9457#27.89#36.31#35.8
-159.883,65.9552#27.9#36.31#35.79
-159.75,65.9646#27.92#36.31#35.77
-159.617,65.9738#27.93#36.31#35.76
-159.484,65.9829#27.94#36.31#35.75
-159.351,65.9919#27.95#36.3#35.75
-159.218,66.0008#27.96#36.3#35.74
-159.084,66.0095#27.97#36.29#35.74
-158.951,66.0181#27.98#36.29#35.73
-158.817,66.0266#28#36.28#35.72
-158.684,66.0349#28.01#36.27#35.72
-158.55,66.0432#28.02#36.26#35.72
-158.416,66.0513#28.03#36.25#35.72
-158.283,66.0592#28.04#36.23#35.73
-158.149,66.0671#28.05#36.21#35.74
-158.015,66.0748#28.06#36.2#35.74
-157.88,66.0824#28.08#36.17#35.75
-157.746,66.0899#28.09#36.14#35.77
-157.612,66.0972#28.1#36.12#35.78
-157.478,66.1044#28.11#36.09#35.8
-157.343,66.1115#28.12#36.05#35.83
-157.208,66.1184#28.13#36.02#35.85
-157.074,66.1253#28.15#35.99#35.86
-156.939,66.132#28.16#35.95#35.89
-156.804,66.1385#28.17#35.91#35.92
-156.669,66.145#28.18#35.87#35.95
-156.535,66.1513#28.19#35.83#35.98
-156.4,66.1575#28.2#35.79#36.01
-156.264,66.1635#28.21#35.75#36.04
-156.129,66.1695#28.23#35.7#36.07
-155.994,66.1753#28.24#35.66#36.1
-155.859,66.181#28.25#35.62#36.13
-155.723,66.1865#28.26#35.58#36.16
-155.588,66.1919#28.27#35.54#36.19
-155.453,66.1972#28.28#35.5#36.22
-155.317,66.2024#28.3#35.47#36.23
-155.181,66.2074#28.31#35.43#36.26
-155.046,66.2123#28.32#35.39#36.29
-154.91,66.217#28.33#35.35#36.32
-154.774,66.2217#28.34#35.32#36.34
-154.638,66.2262#28.35#35.28#36.37
-154.503,66.2306#28.37#35.25#36.38
-154.367,66.2348#28.38#35.21#36.41
-154.231,66.2389#28.39#35.17#36.44
-154.095,66.2429#28.4#35.14#36.46
-153.959,66.2468#28.42#35.1#36.48
-153.822,66.2505#28.45#35.07#36.48
-153.686,66.2541#28.48#35.04#36.48
-153.55,66.2576#28.51#35#36.49
-153.414,66.2609#28.62#34.98#36.4
-153.278,66.2641#28.79#34.95#36.26
-153.141,66.2672#28.96#34.93#36.11
-153.005,66.2701#29.12#34.9#35.98
-152.868,66.273#29.4#34.87#35.73
-152.732,66.2756#29.68#34.85#35.47
-152.596,66.2782#29.95#34.82#35.23
-152.459,66.2806#30.2#34.78#35.02
-152.323,66.2829#30.36#34.72#34.92
-152.186,66.2851#30.52#34.65#34.83
-152.049,66.2871#30.68#34.59#34.73
-151.913,66.289#30.8#34.51#34.69
-151.776,66.2908#30.91#34.42#34.67
-151.64,66.2924#31.01#34.33#34.66
-151.503,66.2939#31.12#34.24#34.64
-151.366,66.2953#31.18#34.11#34.71
-151.23,66.2965#31.25#33.98#34.77
-151.093,66.2977#31.31#33.85#34.84
-150.956,66.2986#31.37#33.72#34.91
-150.82,66.2995#31.41#33.61#34.98
-150.683,66.3002#31.45#33.5#35.05
-150.546,66.3008#31.5#33.38#35.12
-150.409,66.3013#31.53#33.31#35.16
-150.273,66.3016#31.56#33.26#35.18
-150.136,66.3018#31.59#33.2#35.21
-149.999,66.3018#31.62#33.15#35.23
-149.862,66.3018#31.67#33.13#35.2
-149.726,66.3016#31.73#33.1#35.17
-149.589,66.3013#31.78#33.08#35.14
-149.452,66.3008#31.83#33.06#35.11
-149.315,66.3002#31.88#33.05#35.07
-149.179,66.2995#31.93#33.04#35.03
-149.042,66.2986#31.98#33.03#34.99
-148.905,66.2976#32.01#33.02#34.97
-148.769,66.2965#32.04#33.02#34.94
-148.632,66.2953#32.08#33.01#34.91
-148.495,66.2939#32.11#33.01#34.88
-148.359,66.2924#32.13#33.01#34.86
-148.222,66.2908#32.15#33.01#34.84
-148.085,66.289#32.17#33.01#34.82
-147.949,66.2871#32.19#33#34.81
-147.812,66.285#32.21#33#34.79
-147.676,66.2829#32.22#33#34.78
-147.539,66.2806#32.24#33#34.76
-147.403,66.2782#32.26#33#34.74
-147.266,66.2756#32.27#33#34.73
-147.13,66.2729#32.29#33#34.71
-146.993,66.2701#32.31#33#34.69
-146.857,66.2672#32.33#33#34.67
-146.721,66.2641#32.35#33#34.65
-146.585,66.2609#32.37#33#34.63
-146.448,66.2575#32.39#33#34.61
-146.312,66.2541#32.41#33#34.59
-146.176,66.2505#32.42#33#34.58
-146.04,66.2467#32.44#33#34.56
-145.904,66.2429#32.45#32.99#34.56
-145.768,66.2389#32.46#32.97#34.57
-145.632,66.2348#32.47#32.96#34.57
-145.496,66.2305#32.48#32.94#34.58
-145.36,66.2261#32.49#32.91#34.6
-145.224,66.2216#32.5#32.89#34.61
-145.088,66.217#32.51#32.86#34.63
-144.953,66.2122#32.52#32.82#34.66
-144.817,66.2073#32.51#32.75#34.74
-144.681,66.2023#32.51#32.68#34.81
-144.546,66.1971#32.51#32.61#34.88
-144.41,66.1918#32.5#32.54#34.96
-144.275,66.1864#32.49#32.48#35.03
-144.14,66.1809#32.48#32.41#35.11
-144.004,66.1752#32.47#32.35#35.18
-143.869,66.1694#32.49#32.27#35.24
-143.734,66.1635#32.51#32.2#35.29
-143.599,66.1574#32.52#32.13#35.35
-143.464,66.1512#32.54#32.05#35.41
-143.329,66.1449#32.54#31.98#35.48
-143.194,66.1385#32.55#31.9#35.55
-143.059,66.1319#32.55#31.82#35.63
-142.924,66.1252#32.59#31.78#35.63
-142.79,66.1184#32.65#31.76#35.59
-142.655,66.1114#32.71#31.74#35.55
-142.521,66.1043#32.77#31.71#35.52
-142.386,66.0971#32.84#31.74#35.42
-142.252,66.0898#32.91#31.78#35.31
-142.118,66.0823#32.99#31.82#35.19
-141.984,66.0747#33.09#31.87#35.04
-141.85,66.067#33.27#31.97#34.76
-141.716,66.0591#33.46#32.07#34.47
-141.582,66.0512#33.64#32.16#34.2
-141.448,66.0431#33.82#32.24#33.94
-141.314,66.0348#34#32.3#33.7
-141.181,66.0265#34.18#32.35#33.47
-141.047,66.018#34.36#32.4#33.24
-140.914,66.0094#34.52#32.42#33.06
-140.781,66.0006#34.69#32.41#32.9
-140.648,65.9918#34.85#32.41#32.74
-140.514,65.9828#35.02#32.4#32.58
-140.381,65.9737#35.18#32.38#32.44
-140.249,65.9645#35.34#32.37#32.29
-140.116,65.9551#35.49#32.35#32.16
-139.983,65.9456#35.65#32.33#32.02
-139.851,65.936#35.81#32.32#31.87
-139.718,65.9263#35.96#32.3#31.74
-139.586,65.9164#36.11#32.29#31.6
-139.454,65.9064#36.27#32.27#31.46
-161.23,65.9086#27.79#36.24#35.97
-161.098,65.9192#27.8#36.24#35.96
-160.966,65.9297#27.81#36.23#35.96
-160.834,65.9401#27.82#36.23#35.95
-160.702,65.9504#27.83#36.22#35.95
-160.569,65.9605#27.84#36.22#35.94
-160.437,65.9705#27.85#36.22#35.93
-160.304,65.9804#27.86#36.22#35.92
-160.172,65.9902#27.87#36.22#35.91
-160.039,65.9998#27.89#36.23#35.88
-159.906,66.0093#27.9#36.23#35.87
-159.773,66.0187#27.91#36.23#35.86
-159.639,66.0279#27.92#36.23#35.85
-159.506,66.0371#27.93#36.24#35.83
-159.373,66.0461#27.94#36.23#35.83
-159.239,66.055#27.95#36.23#35.82
-159.106,66.0637#27.97#36.23#35.8
-158.972,66.0723#27.98#36.23#35.79
-158.838,66.0808#27.99#36.22#35.79
-158.704,66.0892#28#36.21#35.79
-158.57,66.0975#28.01#36.2#35.79
-158.436,66.1056#28.02#36.19#35.79
-158.302,66.1136#28.03#36.17#35.8
-158.168,66.1214#28.05#36.16#35.79
-158.033,66.1292#28.06#36.14#35.8
-157.899,66.1368#28.07#36.12#35.81
-157.765,66.1443#28.08#36.09#35.83
-157.63,66.1516#28.09#36.07#35.84
-157.495,66.1589#28.1#36.04#35.86
-157.36,66.166#28.11#36.01#35.88
-157.226,66.1729#28.13#35.98#35.89
-157.091,66.1798#28.14#35.94#35.92
-156.956,66.1865#28.15#35.91#35.94
-156.82,66.1931#28.16#35.87#35.97
-156.685,66.1995#28.17#35.83#36
-156.55,66.2059#28.18#35.79#36.03
-156.415,66.2121#28.19#35.75#36.06
-156.279,66.2182#28.21#35.71#36.08
-156.144,66.2241#28.22#35.67#36.11
-156.008,66.2299#28.23#35.63#36.14
-155.873,66.2356#28.24#35.59#36.17
-155.737,66.2412#28.25#35.55#36.2
-155.601,66.2466#28.26#35.51#36.23
-155.465,66.2519#28.28#35.47#36.25
-155.33,66.2571#28.29#35.44#36.27
-155.194,66.2621#28.3#35.4#36.3
-155.058,66.267#28.31#35.37#36.32
-154.922,66.2718#28.32#35.33#36.35
-154.786,66.2764#28.33#35.3#36.37
-154.649,66.281#28.35#35.26#36.39
-154.513,66.2853#28.36#35.23#36.41
-154.377,66.2896#28.37#35.19#36.44
-154.241,66.2937#28.38#35.16#36.46
-154.104,66.2977#28.39#35.12#36.49
-153.968,66.3016#28.41#35.09#36.5
-153.832,66.3053#28.44#35.06#36.5
-153.695,66.3089#28.47#35.03#36.5
-153.559,66.3124#28.5#35#36.5
-153.422,66.3158#28.61#34.97#36.42
-153.285,66.319#28.78#34.95#36.27
-153.149,66.3221#28.95#34.92#36.13
-153.012,66.325#29.12#34.9#35.98
-152.875,66.3278#29.38#34.87#35.75
-152.739,66.3305#29.64#34.85#35.51
-152.602,66.3331#29.9#34.82#35.28
-152.465,66.3355#30.14#34.79#35.07
-152.328,66.3378#30.3#34.73#34.97
-152.191,66.34#30.46#34.68#34.86
-152.054,66.342#30.62#34.62#34.76
-151.917,66.3439#30.75#34.54#34.71
-151.781,66.3457#30.85#34.46#34.69
-151.644,66.3474#30.96#34.37#34.67
-151.507,66.3489#31.06#34.28#34.66
-151.37,66.3502#31.13#34.16#34.71
-151.233,66.3515#31.2#34.03#34.77
-151.096,66.3526#31.26#33.91#34.83
-150.959,66.3536#31.32#33.78#34.9
-150.822,66.3544#31.37#33.66#34.97
-150.684,66.3552#31.41#33.54#35.05
-150.547,66.3558#31.45#33.42#35.13
-150.41,66.3562#31.49#33.34#35.17
-150.273,66.3565#31.52#33.28#35.2
-150.136,66.3567#31.55#33.22#35.23
-149.999,66.3568#31.59#33.16#35.25
-149.862,66.3567#31.64#33.14#35.22
-149.725,66.3565#31.69#33.11#35.2
-149.588,66.3562#31.75#33.09#35.16
-149.451,66.3558#31.8#33.07#35.13
-149.314,66.3552#31.85#33.05#35.1
-149.177,66.3544#31.89#33.04#35.07
-149.04,66.3536#31.94#33.03#35.03
-148.903,66.3526#31.98#33.03#34.99
-148.766,66.3515#32.01#33.02#34.97
-148.629,66.3502#32.04#33.02#34.94
-148.492,66.3488#32.08#33.01#34.91
-148.355,66.3473#32.1#33.01#34.89
-148.218,66.3457#32.12#33.01#34.87
-148.081,66.3439#32.14#33.01#34.85
-147.944,66.342#32.16#33#34.84
-147.807,66.34#32.18#33#34.82
-147.67,66.3378#32.2#33#34.8
-147.533,66.3355#32.22#33#34.78
-147.397,66.3331#32.23#33#34.77
-147.26,66.3305#32.25#33#34.75
-147.123,66.3278#32.27#33#34.73
-146.986,66.325#32.29#33#34.71
-146.85,66.322#32.31#33#34.69
-146.713,66.3189#32.33#33#34.67
-146.576,66.3157#32.35#33#34.65
-146.44,66.3124#32.37#33#34.63
-146.303,66.3089#32.38#33#34.62
-146.167,66.3053#32.4#33#34.6
-146.03,66.3016#32.42#33#34.58
-145.894,66.2977#32.43#32.99#34.58
-145.758,66.2937#32.44#32.98#34.58
-145.621,66.2896#32.45#32.96#34.59
-145.485,66.2853#32.46#32.94#34.6
-145.349,66.2809#32.47#32.92#34.61
-145.213,66.2764#32.48#32.9#34.62
-145.077,66.2717#32.49#32.88#34.63
-144.941,66.2669#32.49#32.84#34.67
-144.805,66.262#32.49#32.77#34.74
-144.669,66.257#32.48#32.7#34.82
-144.533,66.2518#32.48#32.63#34.89
-144.397,66.2465#32.47#32.56#34.97
-144.261,66.2411#32.47#32.49#35.04
-144.126,66.2355#32.46#32.42#35.12
-143.99,66.2298#32.46#32.35#35.19
-143.854,66.224#32.47#32.28#35.25
-143.719,66.2181#32.49#32.21#35.3
-143.584,66.212#32.51#32.13#35.36
-143.448,66.2058#32.52#32.05#35.43
-143.313,66.1995#32.53#31.98#35.49
-143.178,66.193#32.54#31.9#35.56
-143.043,66.1864#32.55#31.82#35.63
-142.908,66.1797#32.58#31.78#35.64
-142.773,66.1729#32.64#31.75#35.61
-142.638,66.1659#32.69#31.72#35.59
-142.503,66.1588#32.75#31.7#35.55
-142.368,66.1515#32.81#31.73#35.46
-142.234,66.1442#32.87#31.76#35.37
-142.099,66.1367#32.93#31.79#35.28
-141.965,66.1291#33.02#31.85#35.13
-141.83,66.1213#33.21#31.95#34.84
-141.696,66.1135#33.39#32.05#34.56
-141.562,66.1055#33.57#32.15#34.28
-141.428,66.0974#33.75#32.23#34.02
-141.294,66.0891#33.93#32.29#33.78
-141.16,66.0807#34.1#32.35#33.55
-141.026,66.0722#34.28#32.41#33.31
-140.893,66.0636#34.45#32.42#33.13
-140.759,66.0548#34.61#32.41#32.98
-140.626,66.046#34.77#32.41#32.82
-140.492,66.037#34.94#32.4#32.66
-140.359,66.0278#35.09#32.39#32.52
-140.226,66.0186#35.25#32.37#32.38
-140.093,66.0092#35.4#32.35#32.25
-139.96,65.9997#35.56#32.34#32.1
-139.827,65.99#35.71#32.32#31.97
-139.694,65.9803#35.86#32.31#31.83
-139.561,65.9704#36.02#32.3#31.68
-139.429,65.9604#36.17#32.28#31.55
-139.297,65.9503#36.34#32.27#31.39
-139.164,65.94#36.5#32.26#31.24
-139.032,65.9296#36.66#32.24#31.1
-138.9,65.9191#36.83#32.23#30.94
-138.768,65.9085#37#32.22#30.78
-161.916,65.9073#27.72#36.16#36.12
-161.784,65.9186#27.73#36.16#36.11
-161.652,65.9297#27.74#36.15#36.11
-161.521,65.9408#27.76#36.15#36.09
-161.389,65.9517#27.77#36.15#36.08
-161.257,65.9625#27.78#36.14#36.08
-161.124,65.9731#27.79#36.14#36.07
-160.992,65.9836#27.8#36.14#36.06
-160.859,65.994#27.81#36.14#36.05
-160.727,66.0043#27.82#36.13#36.05
-160.594,66.0145#27.83#36.13#36.04
-160.461,66.0245#27.84#36.13#36.03
-160.328,66.0344#27.86#36.14#36
-160.195,66.0442#27.87#36.14#35.99
-160.062,66.0539#27.88#36.15#35.97
-159.929,66.0634#27.89#36.15#35.96
-159.796,66.0728#27.9#36.15#35.95
-159.662,66.0821#27.91#36.16#35.93
-159.529,66.0912#27.92#36.16#35.92
-159.395,66.1003#27.94#36.16#35.9
-159.261,66.1092#27.95#36.16#35.89
-159.127,66.1179#27.96#36.16#35.88
-158.993,66.1266#27.97#36.16#35.87
-158.859,66.1351#27.98#36.16#35.86
-158.725,66.1435#27.99#36.15#35.86
-158.591,66.1518#28#36.14#35.86
-158.456,66.1599#28.01#36.13#35.86
-158.322,66.1679#28.03#36.12#35.85
-158.187,66.1758#28.04#36.1#35.86
-158.053,66.1836#28.05#36.09#35.86
-157.918,66.1912#28.06#36.07#35.87
-157.783,66.1987#28.07#36.04#35.89
-157.648,66.2061#28.08#36.02#35.9
-157.513,66.2133#28.09#35.99#35.92
-157.378,66.2204#28.1#35.96#35.94
-157.243,66.2274#28.12#35.93#35.95
-157.107,66.2343#28.13#35.9#35.97
-156.972,66.241#28.14#35.86#36
-156.837,66.2476#28.15#35.82#36.03
-156.701,66.2541#28.16#35.79#36.05
-156.566,66.2605#28.17#35.75#36.08
-156.43,66.2667#28.18#35.71#36.11
-156.294,66.2728#28.2#35.67#36.13
-156.158,66.2787#28.21#35.63#36.16
-156.023,66.2846#28.22#35.59#36.19
-155.887,66.2903#28.23#35.55#36.22
-155.751,66.2958#28.24#35.52#36.24
-155.615,66.3013#28.25#35.48#36.27
-155.479,66.3066#28.27#35.45#36.28
-155.342,66.3118#28.28#35.41#36.31
-155.206,66.3168#28.29#35.38#36.33
-155.07,66.3218#28.3#35.34#36.36
-154.933,66.3265#28.31#35.31#36.38
-154.797,66.3312#28.32#35.28#36.4
-154.661,66.3357#28.34#35.24#36.42
-154.524,66.3401#28.35#35.21#36.44
-154.387,66.3444#28.36#35.18#36.46
-154.251,66.3485#28.37#35.14#36.49
-154.114,66.3526#28.38#35.11#36.51
-153.977,66.3564#28.4#35.08#36.52
-153.841,66.3602#28.43#35.05#36.52
-153.704,66.3638#28.46#35.02#36.52
-153.567,66.3673#28.49#34.99#36.52
-153.43,66.3706#28.59#34.96#36.45
-153.293,66.3739#28.77#34.94#36.29
-153.156,66.377#28.94#34.92#36.14
-153.019,66.3799#29.12#34.9#35.98
-152.882,66.3827#29.35#34.87#35.78
-152.745,66.3854#29.6#34.85#35.55
-152.608,66.388#29.85#34.83#35.32
-152.471,66.3905#30.08#34.8#35.12
-152.334,66.3928#30.24#34.75#35.01
-152.197,66.3949#30.4#34.7#34.9
-152.059,66.397#30.56#34.65#34.79
-151.922,66.3989#30.69#34.58#34.73
-151.785,66.4007#30.8#34.49#34.71
-151.648,66.4023#30.9#34.4#34.7
-151.51,66.4038#31.01#34.32#34.67
-151.373,66.4052#31.08#34.2#34.72
-151.236,66.4065#31.15#34.08#34.77
-151.098,66.4076#31.22#33.96#34.82
-150.961,66.4086#31.28#33.84#34.88
-150.824,66.4094#31.32#33.72#34.96
-150.686,66.4101#31.37#33.59#35.04
-150.549,66.4107#31.41#33.46#35.13
-150.411,66.4112#31.45#33.37#35.18
-150.274,66.4115#31.48#33.31#35.21
-150.137,66.4117#31.52#33.24#35.24
-149.999,66.4118#31.55#33.17#35.28
-149.862,66.4117#31.6#33.15#35.25
-149.724,66.4115#31.66#33.12#35.22
-149.587,66.4112#31.71#33.09#35.2
-149.45,66.4107#31.76#33.07#35.17
-149.312,66.4101#31.81#33.06#35.13
-149.175,66.4094#31.86#33.05#35.09
-149.037,66.4086#31.91#33.03#35.06
-148.9,66.4076#31.95#33.03#35.02
-148.763,66.4064#31.98#33.02#35
-148.625,66.4052#32.01#33.02#34.97
-148.488,66.4038#32.05#33.01#34.94
-148.351,66.4023#32.07#33.01#34.92
-148.213,66.4006#32.09#33.01#34.9
-148.076,66.3989#32.12#33.01#34.87
-147.939,66.3969#32.14#33#34.86
-147.802,66.3949#32.16#33#34.84
-147.665,66.3927#32.17#33#34.83
-147.527,66.3904#32.19#33#34.81
-147.39,66.388#32.21#33#34.79
-147.253,66.3854#32.23#33#34.77
-147.116,66.3827#32.25#33#34.75
-146.979,66.3799#32.27#33#34.73
-146.842,66.3769#32.29#33#34.71
-146.705,66.3738#32.31#33#34.69
-146.568,66.3706#32.33#33#34.67
-146.431,66.3672#32.35#33#34.65
-146.294,66.3638#32.36#33#34.64
-146.158,66.3601#32.38#33#34.62
-146.021,66.3564#32.39#33#34.61
-145.884,66.3525#32.4#32.99#34.61
-145.747,66.3485#32.41#32.98#34.61
-145.611,66.3444#32.43#32.97#34.6
-145.474,66.3401#32.44#32.95#34.61
-145.338,66.3357#32.45#32.93#34.62
-145.201,66.3311#32.46#32.91#34.63
-145.065,66.3265#32.47#32.89#34.64
-144.929,66.3217#32.47#32.85#34.68
-144.792,66.3168#32.46#32.79#34.75
-144.656,66.3117#32.46#32.72#34.82
-144.52,66.3065#32.45#32.66#34.89
-144.384,66.3012#32.45#32.58#34.97
-144.248,66.2958#32.45#32.51#35.04
-144.112,66.2902#32.44#32.44#35.12
-143.976,66.2845#32.44#32.36#35.2
-143.84,66.2787#32.46#32.29#35.25
-143.704,66.2727#32.48#32.21#35.31
-143.568,66.2666#32.5#32.13#35.37
-143.433,66.2604#32.51#32.05#35.44
-143.297,66.254#32.52#31.97#35.51
-143.162,66.2476#32.53#31.89#35.58
-143.026,66.241#32.54#31.81#35.65
-142.891,66.2342#32.58#31.77#35.65
-142.756,66.2274#32.63#31.74#35.63
-142.62,66.2204#32.69#31.71#35.6
-142.485,66.2132#32.74#31.69#35.57
-142.35,66.206#32.8#31.72#35.48
-142.215,66.1986#32.86#31.75#35.39
-142.081,66.1911#32.92#31.78#35.3
-141.946,66.1835#33.02#31.84#35.14
