-152.836,64.9016#28.91#34.36#36.73
-152.707,64.9042#28.98#34.28#36.74
-152.578,64.9068#29.05#34.2#36.75
-152.45,64.9092#29.17#34.12#36.71
-152.321,64.9114#29.35#34#36.65
-152.192,64.9136#29.54#33.89#36.57
-152.063,64.9156#29.72#33.78#36.5
-151.934,64.9175#29.95#33.69#36.36
-151.805,64.9193#30.22#33.61#36.17
-151.676,64.921#30.48#33.54#35.98
-151.547,64.9225#30.75#33.47#35.78
-151.418,64.9239#30.96#33.44#35.6
-151.289,64.9252#31.13#33.45#35.42
-151.16,64.9264#31.31#33.45#35.24
-151.031,64.9274#31.48#33.46#35.06
-150.902,64.9284#31.58#33.43#34.99
-150.773,64.9292#31.67#33.39#34.94
-150.644,64.9298#31.75#33.35#34.9
-150.515,64.9304#31.83#33.31#34.86
-150.386,64.9308#31.88#33.26#34.86
-150.257,64.9311#31.93#33.2#34.87
-150.128,64.9313#31.98#33.15#34.87
-149.999,64.9314#32.03#33.09#34.88
-149.87,64.9313#32.09#33.07#34.84
-149.741,64.9311#32.15#33.04#34.81
-149.612,64.9308#32.2#33.02#34.78
-149.483,64.9304#32.26#33#34.74
-149.354,64.9298#32.32#32.98#34.7
-149.225,64.9291#32.37#32.97#34.66
-149.096,64.9283#32.43#32.96#34.61
-148.967,64.9274#32.48#32.94#34.58
-148.838,64.9264#32.51#32.93#34.56
-148.709,64.9252#32.53#32.92#34.55
-148.58,64.9239#32.56#32.91#34.53
-148.451,64.9225#32.59#32.89#34.52
-148.322,64.9209#32.61#32.87#34.52
-148.193,64.9193#32.62#32.85#34.53
-148.064,64.9175#32.64#32.83#34.53
-147.935,64.9156#32.66#32.81#34.53
-147.806,64.9136#32.67#32.78#34.55
-147.678,64.9114#32.68#32.76#34.56
-147.549,64.9091#32.7#32.73#34.57
-147.42,64.9067#32.71#32.71#34.58
-147.291,64.9042#32.73#32.68#34.59
-147.162,64.9016#32.74#32.65#34.61
-154.774,64.9017#28.55#35.14#36.31
-154.645,64.9062#28.56#35.07#36.37
-154.517,64.9106#28.58#35.01#36.41
-154.388,64.9148#28.59#34.95#36.46
-154.26,64.9189#28.61#34.9#36.49
-154.131,64.9229#28.62#34.85#36.53
-154.002,64.9268#28.64#34.79#36.57
-153.873,64.9306#28.66#34.75#36.59
-153.745,64.9342#28.68#34.71#36.61
-153.616,64.9377#28.7#34.66#36.64
-153.487,64.9411#28.71#34.62#36.67
-153.358,64.9444#28.73#34.59#36.68
-153.229,64.9475#28.75#34.55#36.7
-153.1,64.9505#28.77#34.51#36.72
-152.971,64.9534#28.8#34.47#36.73
-152.842,64.9562#28.88#34.39#36.73
-152.713,64.9589#28.97#34.31#36.72
-152.584,64.9614#29.05#34.24#36.71
-152.455,64.9638#29.17#34.15#36.68
-152.326,64.9661#29.37#34.03#36.6
-152.197,64.9682#29.56#33.91#36.53
-152.068,64.9703#29.76#33.8#36.44
-151.939,64.9722#29.99#33.7#36.31
-151.809,64.974#30.27#33.62#36.11
-151.68,64.9756#30.54#33.54#35.92
-151.551,64.9772#30.81#33.46#35.73
-151.422,64.9786#31.01#33.43#35.56
-151.292,64.9799#31.17#33.43#35.4
-151.163,64.9811#31.33#33.42#35.25
-151.034,64.9821#31.49#33.42#35.09
-150.904,64.983#31.59#33.39#35.02
-150.775,64.9838#31.67#33.36#34.97
-150.646,64.9845#31.75#33.32#34.93
-150.517,64.9851#31.83#33.29#34.88
-150.387,64.9855#31.88#33.23#34.89
-150.258,64.9858#31.92#33.18#34.9
-150.129,64.986#31.97#33.12#34.91
-149.999,64.986#32.01#33.07#34.92
-149.87,64.986#32.07#33.05#34.88
-149.741,64.9858#32.13#33.03#34.84
-149.611,64.9855#32.19#33.01#34.8
-149.482,64.9851#32.25#33#34.75
-149.353,64.9845#32.3#32.99#34.71
-149.223,64.9838#32.36#32.98#34.66
-149.094,64.983#32.41#32.97#34.62
-148.965,64.9821#32.46#32.96#34.58
-148.835,64.981#32.49#32.95#34.56
-148.706,64.9799#32.52#32.94#34.54
-148.577,64.9786#32.55#32.93#34.52
-148.448,64.9771#32.57#32.92#34.51
-148.318,64.9756#32.59#32.9#34.51
-148.189,64.9739#32.6#32.88#34.52
-148.06,64.9721#32.62#32.86#34.52
-147.931,64.9702#32.64#32.84#34.52
-147.802,64.9682#32.65#32.81#34.54
-147.672,64.966#32.67#32.79#34.54
-147.543,64.9638#32.68#32.76#34.56
-147.414,64.9614#32.69#32.74#34.57
-147.285,64.9588#32.71#32.72#34.57
-147.156,64.9562#32.72#32.69#34.59
-147.027,64.9534#32.74#32.67#34.59
-146.898,64.9505#32.75#32.63#34.62
-146.769,64.9475#32.76#32.58#34.66
-146.64,64.9443#32.77#32.54#34.69
-146.511,64.9411#32.78#32.49#34.73
-146.383,64.9377#32.79#32.46#34.75
-146.254,64.9342#32.79#32.42#34.79
-146.125,64.9305#32.8#32.38#34.82
-145.996,64.9268#32.81#32.35#34.84
-145.868,64.9229#32.82#32.32#34.86
-145.739,64.9189#32.83#32.29#34.88
-145.61,64.9148#32.83#32.26#34.91
-145.482,64.9105#32.84#32.22#34.94
-145.353,64.9062#32.85#32.15#35
-145.225,64.9017#32.86#32.08#35.06
-156.069,64.9045#28.4#35.92#35.68
-155.941,64.9102#28.41#35.83#35.76
-155.813,64.9158#28.43#35.75#35.82
-155.684,64.9213#28.44#35.67#35.89
-155.556,64.9266#28.45#35.59#35.96
-155.427,64.9319#28.47#35.51#36.02
-155.299,64.937#28.48#35.44#36.08
-155.17,64.942#28.49#35.37#36.14
-155.042,64.9468#28.51#35.3#36.19
-154.913,64.9516#28.52#35.23#36.25
-154.784,64.9562#28.53#35.17#36.3
-154.656,64.9607#28.55#35.1#36.35
-154.527,64.9651#28.56#35.04#36.4
-154.398,64.9693#28.57#34.98#36.45
-154.269,64.9735#28.59#34.93#36.48
-154.14,64.9775#28.6#34.88#36.52
-154.011,64.9814#28.62#34.83#36.55
-153.882,64.9851#28.64#34.78#36.58
-153.753,64.9888#28.65#34.74#36.61
-153.624,64.9923#28.67#34.69#36.64
-153.495,64.9957#28.69#34.65#36.66
-153.366,64.999#28.71#34.62#36.67
-153.237,65.0021#28.72#34.58#36.7
-153.107,65.0051#28.74#34.54#36.72
-152.978,65.008#28.77#34.5#36.73
-152.849,65.0108#28.86#34.42#36.72
-152.719,65.0135#28.95#34.35#36.7
-152.59,65.016#29.04#34.27#36.69
-152.461,65.0184#29.17#34.18#36.65
-152.331,65.0207#29.38#34.06#36.56
-152.202,65.0229#29.59#33.94#36.47
-152.072,65.0249#29.8#33.81#36.39
-151.943,65.0268#30.04#33.71#36.25
-151.813,65.0286#30.31#33.63#36.06
-151.684,65.0303#30.59#33.54#35.87
-151.554,65.0318#30.86#33.46#35.68
-151.425,65.0333#31.06#33.42#35.52
-151.295,65.0346#31.21#33.41#35.38
-151.166,65.0357#31.36#33.39#35.25
-151.036,65.0368#31.5#33.38#35.12
-150.907,65.0377#31.6#33.35#35.05
-150.777,65.0385#31.67#33.32#35.01
-150.647,65.0392#31.75#33.29#34.96
-150.518,65.0398#31.82#33.26#34.92
-150.388,65.0402#31.87#33.21#34.92
-150.258,65.0405#31.91#33.15#34.94
-150.129,65.0407#31.96#33.1#34.94
-149.999,65.0407#32#33.04#34.96
-149.87,65.0407#32.06#33.03#34.91
-149.74,65.0405#32.12#33.02#34.86
-149.61,65.0402#32.18#33.01#34.81
-149.481,65.0397#32.23#33#34.77
-149.351,65.0392#32.29#32.99#34.72
-149.221,65.0385#32.34#32.99#34.67
-149.092,65.0377#32.4#32.98#34.62
-148.962,65.0368#32.44#32.97#34.59
-148.833,65.0357#32.47#32.97#34.56
-148.703,65.0345#32.5#32.96#34.54
-148.574,65.0332#32.53#32.95#34.52
-148.444,65.0318#32.55#32.94#34.51
-148.314,65.0303#32.57#32.93#34.5
-148.185,65.0286#32.59#32.91#34.5
-148.055,65.0268#32.6#32.89#34.51
-147.926,65.0249#32.62#32.87#34.51
-147.797,65.0228#32.63#32.85#34.52
-147.667,65.0207#32.65#32.82#34.53
-147.538,65.0184#32.66#32.8#34.54
-147.408,65.016#32.68#32.78#34.54
-147.279,65.0134#32.69#32.75#34.56
-147.15,65.0108#32.71#32.73#34.56
-147.02,65.008#32.72#32.71#34.57
-146.891,65.0051#32.73#32.66#34.61
-146.762,65.0021#32.74#32.62#34.64
-146.633,64.9989#32.75#32.57#34.68
-146.503,64.9957#32.76#32.52#34.72
-146.374,64.9923#32.77#32.49#34.74
-146.245,64.9887#32.78#32.45#34.77
-146.116,64.9851#32.79#32.42#34.79
-145.987,64.9813#32.8#32.38#34.82
-145.858,64.9774#32.8#32.35#34.85
-145.729,64.9734#32.81#32.32#34.87
-145.6,64.9693#32.82#32.29#34.89
-145.472,64.965#32.83#32.25#34.92
-145.343,64.9607#32.84#32.18#34.98
-145.214,64.9562#32.85#32.12#35.03
-145.085,64.9515#32.86#32.05#35.09
-144.957,64.9468#32.87#31.98#35.15
-144.828,64.9419#32.88#31.92#35.2
-144.699,64.9369#32.89#31.85#35.26
-144.571,64.9318#32.9#31.79#35.31
-144.443,64.9266#32.92#31.75#35.33
-144.314,64.9212#32.95#31.73#35.32
-144.186,64.9157#32.99#31.71#35.3
-144.058,64.9101#33.02#31.7#35.28
-143.929,64.9044#33.07#31.7#35.23
-157.236,64.9018#28.27#36.73#35
-157.108,64.9086#28.29#36.64#35.07
-156.98,64.9153#28.3#36.55#35.15
-156.852,64.9219#28.31#36.46#35.23
-156.724,64.9284#28.32#36.37#35.31
-156.596,64.9347#28.34#36.28#35.38
-156.468,64.9409#28.35#36.2#35.45
-156.34,64.947#28.36#36.11#35.53
-156.211,64.953#28.37#36.02#35.61
-156.083,64.9589#28.39#35.94#35.67
-155.954,64.9646#28.4#35.85#35.75
-155.826,64.9702#28.41#35.77#35.82
-155.697,64.9757#28.43#35.69#35.88
-155.568,64.9811#28.44#35.61#35.95
-155.44,64.9863#28.45#35.54#36.01
-155.311,64.9914#28.46#35.47#36.07
-155.182,64.9964#28.48#35.4#36.12
-155.053,65.0013#28.49#35.33#36.18
-154.924,65.0061#28.5#35.26#36.24
-154.795,65.0107#28.52#35.2#36.28
-154.666,65.0152#28.53#35.13#36.34
-154.537,65.0196#28.54#35.07#36.39
-154.408,65.0239#28.56#35.02#36.42
-154.279,65.028#28.57#34.96#36.47
-154.15,65.032#28.58#34.91#36.51
-154.02,65.0359#28.6#34.86#36.54
-153.891,65.0397#28.62#34.81#36.57
-153.762,65.0434#28.63#34.77#36.6
-153.632,65.0469#28.65#34.72#36.63
-153.503,65.0503#28.66#34.68#36.66
-153.373,65.0536#28.68#34.65#36.67
-153.244,65.0567#28.7#34.61#36.69
-153.114,65.0598#28.71#34.57#36.72
-152.985,65.0627#28.74#34.53#36.73
-152.855,65.0655#28.84#34.46#36.7
-152.726,65.0681#28.94#34.38#36.68
-152.596,65.0707#29.04#34.3#36.66
-152.466,65.0731#29.17#34.21#36.62
-152.337,65.0754#29.39#34.09#36.52
-152.207,65.0775#29.61#33.96#36.43
-152.077,65.0796#29.84#33.83#36.33
-151.947,65.0815#30.08#33.72#36.2
-151.818,65.0833#30.36#33.63#36.01
-151.688,65.085#30.64#33.55#35.81
-151.558,65.0865#30.92#33.46#35.62
-151.428,65.0879#31.12#33.41#35.47
-151.298,65.0892#31.25#33.38#35.37
-151.168,65.0904#31.38#33.36#35.26
-151.038,65.0915#31.51#33.34#35.15
-150.909,65.0924#31.6#33.31#35.09
-150.779,65.0932#31.67#33.29#35.04
-150.649,65.0939#31.75#33.26#34.99
-150.519,65.0945#31.82#33.24#34.94
-150.389,65.0949#31.86#33.19#34.95
-150.259,65.0952#31.91#33.13#34.96
-150.129,65.0954#31.95#33.07#34.98
-149.999,65.0954#31.99#33.02#34.99
-149.869,65.0954#32.05#33.01#34.94
-149.739,65.0952#32.1#33.01#34.89
-149.609,65.0949#32.16#33#34.84
-149.479,65.0944#32.22#33#34.78
-149.35,65.0939#32.27#33#34.73
-149.22,65.0932#32.33#32.99#34.68
-149.09,65.0924#32.38#32.99#34.63
-148.96,65.0915#32.43#32.99#34.58
-148.83,65.0904#32.45#32.98#34.57
-148.7,65.0892#32.48#32.98#34.54
-148.57,65.0879#32.51#32.98#34.51
-148.44,65.0865#32.53#32.97#34.5
-148.311,65.085#32.55#32.95#34.5
-148.181,65.0833#32.57#32.94#34.49
-148.051,65.0815#32.58#32.92#34.5
-147.921,65.0796#32.6#32.9#34.5
-147.792,65.0775#32.61#32.88#34.51
-147.662,65.0753#32.63#32.86#34.51
-147.532,65.073#32.64#32.83#34.53
-147.402,65.0706#32.66#32.81#34.53
-147.273,65.0681#32.67#32.79#34.54
-147.143,65.0654#32.69#32.77#34.54
-147.014,65.0626#32.7#32.74#34.56
-146.884,65.0597#32.71#32.7#34.59
-146.755,65.0567#32.73#32.65#34.62
-146.625,65.0535#32.74#32.6#34.66
-146.496,65.0502#32.75#32.56#34.69
-146.366,65.0468#32.76#32.52#34.72
-146.237,65.0433#32.76#32.49#34.75
-146.107,65.0397#32.77#32.45#34.78
-145.978,65.0359#32.78#32.42#34.8
-145.849,65.032#32.79#32.39#34.82
-145.72,65.028#32.8#32.36#34.84
-145.59,65.0238#32.81#32.33#34.86
-145.461,65.0196#32.82#32.29#34.89
-145.332,65.0152#32.83#32.22#34.95
-145.203,65.0107#32.84#32.15#35.01
-145.074,65.006#32.85#32.08#35.07
-144.945,65.0013#32.86#32.02#35.12
-144.816,64.9964#32.87#31.96#35.17
-144.688,64.9914#32.88#31.89#35.23
-144.559,64.9863#32.89#31.83#35.28
-144.43,64.981#32.91#31.79#35.3
-144.301,64.9756#32.93#31.76#35.31
-144.173,64.9701#32.96#31.74#35.3
-144.044,64.9645#33#31.72#35.28
-143.916,64.9588#33.04#31.72#35.24
-143.787,64.9529#33.09#31.74#35.17
-143.659,64.947#33.14#31.76#35.1
-143.531,64.9409#33.19#31.77#35.04
-143.402,64.9346#33.29#31.81#34.9
-143.274,64.9283#33.41#31.85#34.74
-143.146,64.9218#33.53#31.9#34.57
-143.018,64.9152#33.65#31.94#34.41
-142.89,64.9085#33.81#31.99#34.2
-142.762,64.9017#33.98#32.04#33.98
-158.148,64.9048#28.18#37.25#34.57
-158.02,64.9124#28.19#37.2#34.61
-157.892,64.92#28.21#37.12#34.67
-157.765,64.9275#28.22#37.05#34.73
-157.637,64.9348#28.23#36.97#34.8
-157.509,64.942#28.24#36.9#34.86
-157.381,64.9491#28.25#36.81#34.94
-157.253,64.956#28.26#36.72#35.02
-157.124,64.9629#28.28#36.64#35.08
-156.996,64.9696#28.29#36.55#35.16
-156.868,64.9762#28.3#36.47#35.23
-156.739,64.9827#28.31#36.38#35.31
-156.611,64.989#28.32#36.3#35.38
-156.482,64.9953#28.34#36.21#35.45
-156.354,65.0014#28.35#36.13#35.52
-156.225,65.0074#28.36#36.04#35.6
-156.096,65.0132#28.37#35.96#35.67
-155.968,65.019#28.39#35.88#35.73
-155.839,65.0246#28.4#35.8#35.8
-155.71,65.0301#28.41#35.72#35.87
-155.581,65.0355#28.43#35.64#35.93
-155.452,65.0408#28.44#35.57#35.99
-155.323,65.0459#28.45#35.5#36.05
-155.194,65.0509#28.46#35.43#36.11
-155.065,65.0558#28.47#35.36#36.17
-154.935,65.0606#28.49#35.29#36.22
-154.806,65.0652#28.5#35.23#36.27
-154.677,65.0697#28.51#35.17#36.32
-154.547,65.0741#28.53#35.1#36.37
-154.418,65.0784#28.54#35.05#36.41
-154.288,65.0826#28.55#34.99#36.46
-154.159,65.0866#28.57#34.94#36.49
-154.029,65.0905#28.58#34.89#36.53
-153.9,65.0943#28.59#34.84#36.57
-153.77,65.0979#28.61#34.8#36.59
-153.64,65.1015#28.62#34.76#36.62
-153.511,65.1049#28.64#34.71#36.65
-153.381,65.1082#28.65#34.68#36.67
-153.251,65.1113#28.67#34.64#36.69
-153.121,65.1144#28.68#34.6#36.72
-152.992,65.1173#28.7#34.56#36.74
-152.862,65.1201#28.81#34.49#36.7
-152.732,65.1228#28.92#34.41#36.67
-152.602,65.1253#29.03#34.34#36.63
-152.472,65.1277#29.17#34.25#36.58
-152.342,65.13#29.4#34.12#36.48
-152.212,65.1322#29.63#33.98#36.39
-152.082,65.1343#29.87#33.85#36.28
-151.952,65.1362#30.12#33.73#36.15
-151.822,65.138#30.41#33.64#35.95
-151.692,65.1397#30.69#33.55#35.76
-151.561,65.1412#30.97#33.46#35.57
-151.431,65.1426#31.17#33.4#35.43
-151.301,65.144#31.29#33.37#35.34
-151.171,65.1451#31.41#33.33#35.26
-151.041,65.1462#31.52#33.3#35.18
-150.911,65.1471#31.61#33.28#35.11
-150.78,65.1479#31.68#33.26#35.06
-150.65,65.1486#31.75#33.24#35.01
-150.52,65.1492#31.81#33.21#34.98
-150.39,65.1496#31.86#33.17#34.97
-150.26,65.1499#31.9#33.11#34.99
-150.129,65.1501#31.94#33.06#35
-149.999,65.1502#31.97#33#35.03
-149.869,65.1501#32.03#33#34.97
-149.739,65.1499#32.09#33#34.91
-149.609,65.1496#32.15#33#34.85
-149.478,65.1492#32.21#33#34.79
-149.348,65.1486#32.26#33#34.74
-149.218,65.1479#32.31#33#34.69
-149.088,65.1471#32.37#33#34.63
-148.958,65.1462#32.41#33#34.59
-148.827,65.1451#32.44#33#34.56
-148.697,65.1439#32.46#33#34.54
-148.567,65.1426#32.49#33#34.51
-148.437,65.1412#32.51#32.99#34.5
-148.307,65.1396#32.53#32.98#34.49
-148.177,65.138#32.55#32.97#34.48
-148.047,65.1362#32.57#32.95#34.48
-147.917,65.1342#32.58#32.93#34.49
-147.787,65.1322#32.59#32.91#34.5
-147.657,65.13#32.61#32.89#34.5
-147.527,65.1277#32.62#32.87#34.51
-147.397,65.1253#32.64#32.85#34.51
-147.267,65.1227#32.65#32.83#34.52
-147.137,65.1201#32.67#32.8#34.53
-147.007,65.1173#32.68#32.78#34.54
-146.877,65.1144#32.7#32.74#34.56
-146.747,65.1113#32.71#32.69#34.6
-146.617,65.1081#32.72#32.64#34.64
-146.488,65.1049#32.73#32.59#34.68
-146.358,65.1014#32.74#32.55#34.71
-146.228,65.0979#32.75#32.52#34.73
-146.099,65.0942#32.76#32.49#34.75
-145.969,65.0905#32.77#32.45#34.78
-145.839,65.0865#32.78#32.42#34.8
-145.71,65.0825#32.79#32.39#34.82
-145.58,65.0784#32.8#32.36#34.84
-145.451,65.0741#32.8#32.32#34.88
-145.322,65.0697#32.82#32.25#34.93
-145.192,65.0652#32.83#32.19#34.98
-145.063,65.0605#32.84#32.12#35.04
-144.934,65.0557#32.84#32.06#35.1
-144.805,65.0509#32.85#31.99#35.16
-144.676,65.0458#32.86#31.93#35.21
-144.546,65.0407#32.87#31.87#35.26
-144.417,65.0354#32.89#31.83#35.28
-144.288,65.0301#32.92#31.8#35.28
-144.16,65.0246#32.94#31.77#35.29
-144.031,65.0189#32.97#31.74#35.29
-143.902,65.0132#33#31.75#35.25
-143.773,65.0073#33.04#31.76#35.2
-143.645,65.0013#33.08#31.78#35.14
-143.516,64.9952#33.13#31.79#35.08
-143.387,64.989#33.23#31.82#34.95
-143.259,64.9826#33.34#31.86#34.8
-143.131,64.9761#33.45#31.9#34.65
-143.002,64.9695#33.57#31.94#34.49
-142.874,64.9628#33.74#31.99#34.27
-142.746,64.956#33.91#32.05#34.04
-142.618,64.949#34.08#32.1#33.82
-142.49,64.9419#34.25#32.15#33.6
-142.362,64.9347#34.43#32.17#33.4
-142.234,64.9274#34.61#32.19#33.2
-142.106,64.9199#34.79#32.21#33
-141.978,64.9123#34.98#32.23#32.79
-141.851,64.9047#35.16#32.22#32.62
-159.059,64.9016#28.1#37.58#34.32
-158.932,64.9101#28.11#37.53#34.36
-158.804,64.9185#28.12#37.49#34.39
-158.677,64.9268#28.13#37.44#34.43
-158.549,64.935#28.14#37.39#34.47
-158.422,64.9431#28.15#37.34#34.51
-158.294,64.951#28.16#37.28#34.56
-158.166,64.9589#28.17#37.22#34.61
-158.038,64.9666#28.18#37.17#34.65
-157.91,64.9742#28.2#37.1#34.7
-157.782,64.9816#28.21#37.03#34.76
-157.654,64.989#28.22#36.96#34.82
-157.526,64.9962#28.23#36.89#34.88
-157.397,65.0033#28.24#36.8#34.96
-157.269,65.0103#28.25#36.72#35.03
-157.14,65.0171#28.26#36.64#35.1
-157.012,65.0239#28.28#36.56#35.16
-156.883,65.0305#28.29#36.48#35.23
-156.755,65.037#28.3#36.39#35.31
-156.626,65.0434#28.31#36.31#35.38
-156.497,65.0496#28.32#36.23#35.45
-156.368,65.0557#28.34#36.14#35.52
-156.239,65.0618#28.35#36.06#35.59
-156.11,65.0676#28.36#35.98#35.66
-155.981,65.0734#28.37#35.9#35.73
-155.852,65.079#28.39#35.82#35.79
-155.723,65.0846#28.4#35.74#35.86
-155.594,65.09#28.41#35.67#35.92
-155.464,65.0952#28.42#35.59#35.99
-155.335,65.1004#28.44#35.52#36.04
-155.206,65.1054#28.45#35.46#36.09
-155.076,65.1103#28.46#35.39#36.15
-154.947,65.1151#28.47#35.32#36.21
-154.817,65.1197#28.48#35.26#36.26
-154.687,65.1243#28.5#35.2#36.3
-154.558,65.1287#28.51#35.14#36.35
-154.428,65.133#28.52#35.08#36.4
-154.298,65.1371#28.53#35.03#36.44
-154.168,65.1412#28.55#34.97#36.48
-154.039,65.1451#28.56#34.92#36.52
-153.909,65.1489#28.57#34.87#36.56
-153.779,65.1525#28.59#34.83#36.58
-153.649,65.1561#28.6#34.78#36.62
-153.519,65.1595#28.62#34.74#36.64
-153.389,65.1628#28.64#34.7#36.66
-153.259,65.166#28.66#34.67#36.67
-153.128,65.169#28.68#34.63#36.69
-152.998,65.172#28.7#34.59#36.71
-152.868,65.1748#28.82#34.52#36.66
-152.738,65.1774#28.95#34.44#36.61
-152.608,65.18#29.07#34.36#36.57
-152.477,65.1824#29.22#34.28#36.5
-152.347,65.1847#29.46#34.15#36.39
-152.217,65.1869#29.7#34.02#36.28
-152.087,65.1889#29.95#33.89#36.16
-151.956,65.1909#30.2#33.77#36.03
-151.826,65.1927#30.47#33.68#35.85
-151.695,65.1944#30.74#33.58#35.68
-151.565,65.1959#31#33.49#35.51
-151.435,65.1974#31.19#33.42#35.39
-151.304,65.1987#31.3#33.38#35.32
-151.174,65.1998#31.42#33.34#35.24
-151.043,65.2009#31.53#33.3#35.17
-150.913,65.2018#31.61#33.27#35.12
-150.782,65.2026#31.68#33.25#35.07
-150.652,65.2033#31.74#33.23#35.03
-150.521,65.2039#31.81#33.21#34.98
-150.391,65.2043#31.85#33.16#34.99
-150.26,65.2046#31.89#33.11#35
-150.13,65.2048#31.93#33.06#35.01
-149.999,65.2049#31.96#33.01#35.03
-149.869,65.2048#32.02#33.01#34.97
-149.738,65.2046#32.08#33.01#34.91
-149.608,65.2043#32.14#33#34.86
-149.477,65.2039#32.19#33#34.81
-149.347,65.2033#32.25#33#34.75
-149.216,65.2026#32.3#33#34.7
-149.086,65.2018#32.35#33#34.65
-148.955,65.2009#32.4#33#34.6
-148.825,65.1998#32.42#33#34.58
-148.694,65.1986#32.45#33#34.55
-148.564,65.1973#32.48#33#34.52
-148.433,65.1959#32.5#32.99#34.51
-148.303,65.1943#32.52#32.98#34.5
-148.173,65.1927#32.53#32.97#34.5
-148.042,65.1909#32.55#32.96#34.49
-147.912,65.1889#32.56#32.94#34.5
-147.781,65.1869#32.58#32.92#34.5
-147.651,65.1847#32.59#32.9#34.51
-147.521,65.1824#32.6#32.88#34.52
-147.391,65.18#32.62#32.87#34.51
-147.26,65.1774#32.64#32.85#34.51
-147.13,65.1747#32.65#32.83#34.52
-147,65.1719#32.67#32.81#34.52
-146.87,65.169#32.68#32.76#34.56
-146.74,65.1659#32.69#32.71#34.6
-146.61,65.1628#32.71#32.67#34.62
-146.48,65.1595#32.72#32.62#34.66
-146.35,65.156#32.73#32.59#34.68
-146.22,65.1525#32.74#32.55#34.71
-146.09,65.1488#32.75#32.52#34.73
-145.96,65.145#32.75#32.49#34.76
-145.83,65.1411#32.76#32.46#34.78
-145.7,65.1371#32.77#32.43#34.8
-145.57,65.1329#32.78#32.4#34.82
-145.441,65.1286#32.79#32.35#34.86
-145.311,65.1242#32.8#32.29#34.91
-145.181,65.1197#32.81#32.22#34.97
-145.052,65.115#32.82#32.16#35.02
-144.922,65.1102#32.83#32.09#35.08
-144.793,65.1053#32.84#32.03#35.13
-144.663,65.1003#32.85#31.97#35.18
-144.534,65.0952#32.86#31.9#35.24
-144.405,65.0899#32.88#31.86#35.26
-144.276,65.0845#32.9#31.83#35.27
-144.146,65.079#32.92#31.8#35.28
-144.017,65.0733#32.94#31.77#35.29
-143.888,65.0676#32.97#31.77#35.26
-143.759,65.0617#33#31.78#35.22
-143.63,65.0557#33.03#31.79#35.18
-143.501,65.0495#33.07#31.81#35.12
-143.373,65.0433#33.17#31.84#34.99
-143.244,65.0369#33.27#31.87#34.86
-143.115,65.0304#33.38#31.9#34.72
-142.986,65.0238#33.5#31.93#34.57
-142.858,65.0171#33.67#31.99#34.34
-142.729,65.0102#33.84#32.05#34.11
-142.601,65.0032#34.01#32.11#33.88
-142.473,64.9961#34.18#32.16#33.66
-142.345,64.9889#34.37#32.18#33.45
-142.216,64.9815#34.55#32.21#33.24
-142.088,64.9741#34.73#32.23#33.04
-141.96,64.9665#34.92#32.24#32.84
-141.832,64.9588#35.11#32.24#32.65
-141.705,64.9509#35.3#32.23#32.47
-141.577,64.943#35.49#32.22#32.29
-141.449,64.9349#35.68#32.21#32.11
-141.321,64.9267#35.87#32.19#31.94
-141.194,64.9184#36.07#32.17#31.76
-141.067,64.91#36.26#32.15#31.59
-140.939,64.9014#36.46#32.11#31.43
-159.843,64.9016#28.02#37.77#34.21
-159.716,64.9109#28.03#37.73#34.24
-159.589,64.9201#28.04#37.69#34.27
-159.462,64.9291#28.05#37.65#34.3
-159.334,64.9381#28.06#37.61#34.33
-159.207,64.9469#28.07#37.57#34.36
-159.08,64.9555#28.09#37.53#34.38
-158.952,64.9641#28.1#37.48#34.42
-158.824,64.9726#28.11#37.44#34.45
-158.696,64.9809#28.12#37.39#34.49
-158.569,64.9891#28.13#37.35#34.52
-158.441,64.9972#28.14#37.3#34.56
-158.313,65.0052#28.15#37.24#34.61
-158.184,65.013#28.16#37.19#34.65
-158.056,65.0207#28.17#37.14#34.69
-157.928,65.0283#28.19#37.08#34.73
-157.8,65.0358#28.2#37.01#34.79
-157.671,65.0432#28.21#36.94#34.85
-157.543,65.0504#28.22#36.87#34.91
-157.414,65.0575#28.23#36.8#34.97
-157.285,65.0645#28.24#36.72#35.04
-157.157,65.0714#28.25#36.64#35.11
-157.028,65.0782#28.27#36.56#35.17
-156.899,65.0848#28.28#36.48#35.24
-156.77,65.0913#28.29#36.4#35.31
-156.641,65.0977#28.3#36.32#35.38
-156.512,65.104#28.31#36.24#35.45
-156.383,65.1101#28.32#36.16#35.52
-156.253,65.1161#28.34#36.08#35.58
-156.124,65.122#28.35#36#35.65
-155.995,65.1278#28.36#35.92#35.72
-155.865,65.1335#28.37#35.84#35.79
-155.736,65.139#28.38#35.77#35.85
-155.606,65.1444#28.4#35.69#35.91
-155.477,65.1497#28.41#35.62#35.97
-155.347,65.1549#28.42#35.55#36.03
-155.217,65.1599#28.43#35.48#36.09
-155.088,65.1648#28.45#35.41#36.14
-154.958,65.1696#28.46#35.35#36.19
-154.828,65.1743#28.47#35.28#36.25
-154.698,65.1788#28.49#35.22#36.29
-154.568,65.1832#28.5#35.16#36.34
-154.438,65.1875#28.51#35.1#36.39
-154.308,65.1917#28.52#35.05#36.43
-154.178,65.1957#28.54#35#36.46
-154.048,65.1997#28.55#34.94#36.51
-153.918,65.2035#28.56#34.89#36.55
-153.787,65.2072#28.58#34.85#36.57
-153.657,65.2107#28.59#34.81#36.6
-153.527,65.2141#28.61#34.76#36.63
-153.396,65.2174#28.63#34.73#36.64
-153.266,65.2206#28.66#34.69#36.65
-153.136,65.2237#28.69#34.65#36.66
-153.005,65.2266#28.73#34.62#36.65
-152.875,65.2294#28.86#34.54#36.6
-152.744,65.2321#28.99#34.47#36.54
-152.614,65.2347#29.13#34.39#36.48
-152.483,65.2371#29.28#34.31#36.41
-152.353,65.2394#29.53#34.18#36.29
-152.222,65.2416#29.78#34.06#36.16
-152.091,65.2436#30.03#33.93#36.04
-151.961,65.2456#30.28#33.82#35.9
-151.83,65.2474#30.53#33.72#35.75
-151.699,65.2491#30.78#33.61#35.61
-151.569,65.2506#31.03#33.51#35.46
-151.438,65.2521#31.21#33.44#35.35
-151.307,65.2534#31.32#33.39#35.29
-151.176,65.2546#31.43#33.35#35.22
-151.046,65.2556#31.54#33.3#35.16
-150.915,65.2566#31.62#33.27#35.11
-150.784,65.2574#31.68#33.25#35.07
-150.653,65.2581#31.74#33.22#35.04
-150.522,65.2586#31.8#33.2#35
-150.392,65.2591#31.85#33.16#34.99
-150.261,65.2594#31.88#33.11#35.01
-150.13,65.2596#31.92#33.06#35.02
-149.999,65.2596#31.95#33.02#35.03
-149.868,65.2596#32.01#33.01#34.98
-149.738,65.2594#32.07#33.01#34.92
-149.607,65.2591#32.12#33.01#34.87
-149.476,65.2586#32.18#33#34.82
-149.345,65.2581#32.23#33#34.77
-149.214,65.2574#32.29#33#34.71
-149.084,65.2566#32.34#33#34.66
-148.953,65.2556#32.38#33#34.62
-148.822,65.2546#32.41#33#34.59
-148.691,65.2534#32.44#33#34.56
-148.561,65.2521#32.46#33#34.54
-148.43,65.2506#32.48#32.99#34.53
-148.299,65.2491#32.5#32.98#34.52
-148.168,65.2474#32.52#32.97#34.51
-148.038,65.2456#32.53#32.96#34.51
-147.907,65.2436#32.55#32.95#34.5
-147.776,65.2416#32.56#32.93#34.51
-147.646,65.2394#32.57#32.91#34.52
-147.515,65.2371#32.59#32.9#34.51
-147.385,65.2346#32.6#32.88#34.52
-147.254,65.2321#32.62#32.86#34.52
-147.124,65.2294#32.63#32.85#34.52
-146.993,65.2266#32.65#32.83#34.52
-146.863,65.2236#32.66#32.78#34.56
-146.732,65.2206#32.68#32.74#34.58
-146.602,65.2174#32.69#32.69#34.62
-146.472,65.2141#32.7#32.65#34.65
-146.341,65.2107#32.71#32.62#34.67
-146.211,65.2071#32.72#32.58#34.7
-146.081,65.2034#32.73#32.55#34.72
-145.951,65.1996#32.74#32.52#34.74
-145.821,65.1957#32.75#32.49#34.76
-145.69,65.1916#32.76#32.46#34.78
-145.56,65.1875#32.77#32.43#34.8
-145.43,65.1832#32.78#32.38#34.84
-145.3,65.1788#32.79#32.32#34.89
-145.17,65.1742#32.8#32.25#34.95
-145.041,65.1695#32.81#32.19#35
-144.911,65.1647#32.82#32.13#35.05
-144.781,65.1598#32.83#32.07#35.1
-144.651,65.1548#32.84#32#35.16
-144.522,65.1496#32.85#31.94#35.21
-144.392,65.1443#32.86#31.9#35.24
-144.263,65.1389#32.87#31.86#35.27
-144.133,65.1334#32.89#31.82#35.29
-144.004,65.1277#32.91#31.79#35.3
-143.874,65.122#32.93#31.79#35.28
-143.745,65.1161#32.95#31.8#35.25
-143.616,65.11#32.98#31.81#35.21
-143.487,65.1039#33.01#31.82#35.17
-143.358,65.0976#33.11#31.85#35.04
-143.228,65.0912#33.21#31.87#34.92
-143.1,65.0847#33.31#31.9#34.79
-142.971,65.0781#33.42#31.93#34.65
-142.842,65.0713#33.6#32#34.4
-142.713,65.0645#33.77#32.06#34.17
-142.584,65.0575#33.94#32.12#33.94
-142.456,65.0503#34.12#32.17#33.71
-142.327,65.0431#34.3#32.19#33.51
-142.199,65.0357#34.49#32.22#33.29
-142.07,65.0282#34.67#32.25#33.08
-141.942,65.0206#34.86#32.26#32.88
-141.814,65.0129#35.05#32.25#32.7
-141.686,65.0051#35.24#32.25#32.51
-141.558,64.9971#35.43#32.24#32.33
-141.43,64.989#35.62#32.23#32.15
-141.302,64.9808#35.82#32.21#31.97
-141.174,64.9725#36.01#32.2#31.79
-141.047,64.964#36.21#32.18#31.61
-140.919,64.9554#36.4#32.14#31.46
-140.791,64.9468#36.59#32.08#31.33
-140.664,64.9379#36.78#32.02#31.2
-140.537,64.929#36.97#31.95#31.08
-140.409,64.92#37.16#31.89#30.95
-140.282,64.9108#37.34#31.83#30.83
-140.155,64.9015#37.53#31.77#30.7
-160.5,64.9072#27.96#37.89#34.15
-160.374,64.9171#27.97#37.85#34.18
-160.247,64.9268#27.98#37.81#34.21
-160.12,64.9365#27.99#37.77#34.24
-159.992,64.9461#28#37.73#34.27
-159.865,64.9555#28.01#37.7#34.29
-159.738,64.9648#28.02#37.66#34.32
-159.611,64.974#28.03#37.62#34.35
-159.483,64.9831#28.04#37.59#34.37
-159.355,64.992#28.05#37.55#34.4
-159.228,65.0008#28.07#37.51#34.42
-159.1,65.0096#28.08#37.47#34.45
-158.972,65.0181#28.09#37.43#34.48
-158.844,65.0266#28.1#37.39#34.51
-158.716,65.035#28.11#37.34#34.55
-158.588,65.0432#28.12#37.3#34.58
-158.46,65.0513#28.13#37.26#34.61
-158.331,65.0593#28.14#37.21#34.65
-158.203,65.0671#28.15#37.16#34.69
-158.074,65.0749#28.16#37.11#34.73
-157.946,65.0825#28.18#37.05#34.77
-157.817,65.09#28.19#36.99#34.82
-157.688,65.0974#28.2#36.92#34.88
-157.56,65.1047#28.21#36.86#34.93
-157.431,65.1118#28.22#36.79#34.99
-157.302,65.1188#28.23#36.71#35.06
-157.173,65.1257#28.24#36.64#35.12
-157.044,65.1325#28.25#36.56#35.19
-156.915,65.1391#28.27#36.49#35.24
-156.785,65.1457#28.28#36.41#35.31
-156.656,65.1521#28.29#36.33#35.38
-156.527,65.1583#28.3#36.25#35.45
-156.397,65.1645#28.31#36.17#35.52
-156.268,65.1705#28.33#36.09#35.58
-156.138,65.1764#28.34#36.01#35.65
-156.008,65.1822#28.35#35.93#35.72
-155.879,65.1879#28.36#35.85#35.79
-155.749,65.1934#28.38#35.78#35.84
-155.619,65.1989#28.39#35.7#35.91
-155.489,65.2042#28.4#35.63#35.97
-155.359,65.2093#28.41#35.56#36.03
-155.229,65.2144#28.43#35.5#36.07
-155.099,65.2193#28.44#35.43#36.13
-154.969,65.2241#28.45#35.37#36.18
-154.839,65.2288#28.46#35.3#36.24
-154.709,65.2334#28.48#35.24#36.28
-154.578,65.2378#28.49#35.18#36.33
-154.448,65.2421#28.5#35.13#36.37
-154.318,65.2463#28.52#35.07#36.41
-154.187,65.2503#28.53#35.02#36.45
-154.057,65.2543#28.54#34.97#36.49
-153.926,65.2581#28.55#34.92#36.53
-153.796,65.2618#28.57#34.88#36.55
-153.665,65.2653#28.58#34.83#36.59
-153.535,65.2688#28.6#34.79#36.61
-153.404,65.2721#28.63#34.75#36.62
-153.273,65.2753#28.67#34.71#36.62
-153.143,65.2783#28.71#34.68#36.61
-153.012,65.2813#28.75#34.64#36.61
-152.881,65.2841#28.89#34.57#36.54
-152.75,65.2868#29.04#34.49#36.47
-152.62,65.2893#29.19#34.42#36.39
-152.489,65.2918#29.34#34.34#36.32
-152.358,65.2941#29.6#34.22#36.18
-152.227,65.2963#29.85#34.1#36.05
-152.096,65.2984#30.11#33.98#35.91
-151.965,65.3003#30.36#33.86#35.78
-151.834,65.3021#30.59#33.75#35.66
-151.703,65.3038#30.83#33.65#35.52
-151.572,65.3054#31.06#33.54#35.4
-151.441,65.3068#31.23#33.46#35.31
-151.31,65.3081#31.34#33.41#35.25
-151.179,65.3093#31.44#33.35#35.21
-151.048,65.3104#31.54#33.3#35.16
-150.917,65.3113#31.62#33.27#35.11
-150.786,65.3121#31.68#33.24#35.08
-150.655,65.3128#31.74#33.22#35.04
-150.524,65.3134#31.8#33.2#35
-150.393,65.3138#31.84#33.15#35.01
-150.261,65.3141#31.87#33.11#35.02
-150.13,65.3143#31.91#33.07#35.02
-149.999,65.3144#31.94#33.02#35.04
-149.868,65.3143#32#33.02#34.98
-149.737,65.3141#32.06#33.01#34.93
-149.606,65.3138#32.11#33.01#34.88
-149.475,65.3134#32.17#33.01#34.82
-149.344,65.3128#32.22#33.01#34.77
-149.213,65.3121#32.27#33#34.73
-149.081,65.3113#32.33#33#34.67
-148.95,65.3104#32.37#33#34.63
-148.819,65.3093#32.4#33#34.6
-148.688,65.3081#32.42#33#34.58
-148.557,65.3068#32.45#33#34.55
-148.426,65.3054#32.47#32.99#34.54
-148.295,65.3038#32.48#32.99#34.53
-148.164,65.3021#32.5#32.98#34.52
-148.033,65.3003#32.52#32.97#34.51
-147.902,65.2983#32.53#32.95#34.52
-147.771,65.2963#32.54#32.94#34.52
-147.64,65.2941#32.56#32.93#34.51
-147.51,65.2918#32.57#32.91#34.52
-147.379,65.2893#32.59#32.9#34.51
-147.248,65.2868#32.6#32.88#34.52
-147.117,65.2841#32.62#32.86#34.52
-146.986,65.2812#32.63#32.85#34.52
-146.856,65.2783#32.65#32.8#34.55
-146.725,65.2752#32.66#32.76#34.58
-146.594,65.272#32.67#32.72#34.61
-146.464,65.2687#32.69#32.68#34.63
-146.333,65.2653#32.7#32.65#34.65
-146.202,65.2617#32.71#32.61#34.68
-146.072,65.258#32.72#32.58#34.7
-145.941,65.2542#32.73#32.55#34.72
-145.811,65.2503#32.74#32.52#34.74
-145.681,65.2462#32.75#32.49#34.76
-145.55,65.242#32.76#32.46#34.78
-145.42,65.2377#32.77#32.41#34.82
-145.29,65.2333#32.78#32.35#34.87
-145.159,65.2287#32.79#32.28#34.93
-145.029,65.2241#32.8#32.22#34.98
-144.899,65.2193#32.81#32.16#35.03
-144.769,65.2143#32.81#32.1#35.09
-144.639,65.2093#32.82#32.04#35.14
-144.509,65.2041#32.83#31.97#35.2
-144.379,65.1988#32.84#31.93#35.23
-144.25,65.1934#32.86#31.89#35.25
-144.12,65.1878#32.87#31.85#35.28
-143.99,65.1822#32.88#31.82#35.3
-143.86,65.1764#32.9#31.82#35.28
-143.731,65.1705#32.92#31.82#35.26
-143.601,65.1644#32.94#31.83#35.23
-143.472,65.1583#32.97#31.84#35.19
-143.342,65.152#33.05#31.86#35.09
-143.213,65.1456#33.14#31.88#34.98
-143.084,65.139#33.23#31.9#34.87
-142.955,65.1324#33.35#31.93#34.72
-142.826,65.1256#33.53#32#34.47
-142.697,65.1187#33.7#32.06#34.24
-142.568,65.1117#33.88#32.12#34
-142.439,65.1046#34.06#32.17#33.77
-142.31,65.0973#34.24#32.21#33.55
-142.181,65.0899#34.43#32.24#33.33
-142.053,65.0824#34.61#32.27#33.12
-141.924,65.0748#34.8#32.28#32.92
-141.795,65.0671#34.99#32.27#32.74
-141.667,65.0592#35.18#32.27#32.55
-141.539,65.0512#35.37#32.26#32.37
-141.411,65.0431#35.56#32.25#32.19
-141.282,65.0349#35.76#32.24#32
-141.154,65.0265#35.95#32.23#31.82
-141.026,65.018#36.15#32.21#31.64
-140.898,65.0094#36.34#32.17#31.49
-140.771,65.0007#36.53#32.11#31.36
-140.643,64.9919#36.72#32.05#31.23
-140.515,64.9829#36.91#31.99#31.1
-140.388,64.9739#37.09#31.93#30.98
-140.26,64.9647#37.28#31.88#30.84
-140.133,64.9554#37.46#31.82#30.72
-140.006,64.9459#37.65#31.76#30.59
-139.879,64.9364#37.83#31.72#30.45
-139.752,64.9267#38.02#31.68#30.3
-139.625,64.9169#38.2#31.64#30.16
-139.498,64.907#38.39#31.61#30
-161.158,64.9095#27.89#38.02#34.09
-161.031,64.92#27.9#37.98#34.12
-160.905,64.9304#27.91#37.93#34.16
-160.778,64.9407#27.92#37.89#34.19
-160.651,64.9509#27.94#37.85#34.21
-160.524,64.9609#27.95#37.81#34.24
-160.397,64.9708#27.96#37.77#34.27
-160.27,64.9807#27.97#37.73#34.3
-160.142,64.9903#27.98#37.7#34.32
-160.015,64.9999#27.99#37.66#34.35
-159.887,65.0094#28#37.63#34.37
-159.76,65.0187#28.01#37.59#34.4
-159.632,65.0279#28.02#37.56#34.42
-159.504,65.037#28.03#37.52#34.45
-159.376,65.046#28.04#37.49#34.47
-159.249,65.0548#28.06#37.45#34.49
-159.12,65.0636#28.07#37.41#34.52
-158.992,65.0722#28.08#37.38#34.54
-158.864,65.0807#28.09#37.34#34.57
-158.736,65.089#28.1#37.3#34.6
-158.607,65.0973#28.11#37.26#34.63
-158.479,65.1054#28.12#37.22#34.66
-158.35,65.1134#28.13#37.17#34.7
-158.221,65.1213#28.14#37.12#34.74
-158.093,65.1291#28.15#37.08#34.77
-157.964,65.1367#28.17#37.03#34.8
-157.835,65.1442#28.18#36.97#34.85
-157.706,65.1516#28.19#36.9#34.91
-157.577,65.1589#28.2#36.84#34.96
-157.448,65.1661#28.21#36.77#35.02
-157.318,65.1731#28.22#36.7#35.08
-157.189,65.18#28.23#36.62#35.15
-157.06,65.1868#28.25#36.55#35.2
-156.93,65.1935#28.26#36.47#35.27
-156.801,65.2#28.27#36.4#35.33
-156.671,65.2064#28.28#36.32#35.4
-156.541,65.2127#28.29#36.24#35.47
-156.412,65.2189#28.31#36.17#35.52
-156.282,65.2249#28.32#36.09#35.59
-156.152,65.2309#28.33#36.01#35.66
-156.022,65.2367#28.34#35.93#35.73
-155.892,65.2424#28.36#35.86#35.78
-155.762,65.2479#28.37#35.79#35.84
-155.632,65.2533#28.38#35.72#35.9
-155.502,65.2587#28.39#35.64#35.97
-155.371,65.2638#28.41#35.58#36.01
-155.241,65.2689#28.42#35.51#36.07
-155.111,65.2738#28.43#35.45#36.12
-154.98,65.2787#28.44#35.38#36.18
-154.85,65.2834#28.46#35.33#36.21
-154.719,65.2879#28.47#35.27#36.26
-154.589,65.2924#28.48#35.21#36.31
-154.458,65.2967#28.49#35.15#36.36
-154.328,65.3009#28.51#35.1#36.39
-154.197,65.3049#28.52#35.04#36.44
-154.066,65.3089#28.53#34.99#36.48
-153.935,65.3127#28.55#34.94#36.51
-153.805,65.3164#28.56#34.9#36.54
-153.674,65.32#28.57#34.86#36.57
-153.543,65.3234#28.59#34.81#36.6
-153.412,65.3267#28.62#34.77#36.61
-153.281,65.3299#28.67#34.74#36.59
-153.15,65.333#28.72#34.7#36.58
-153.019,65.336#28.77#34.67#36.56
-152.888,65.3388#28.92#34.6#36.48
-152.757,65.3415#29.08#34.52#36.4
-152.626,65.344#29.24#34.44#36.32
-152.494,65.3465#29.41#34.37#36.22
-152.363,65.3488#29.67#34.25#36.08
-152.232,65.351#29.93#34.13#35.94
-152.101,65.3531#30.19#34.02#35.79
-151.97,65.355#30.44#33.9#35.66
-151.838,65.3568#30.66#33.79#35.55
-151.707,65.3585#30.87#33.68#35.45
-151.576,65.3601#31.09#33.57#35.34
-151.444,65.3616#31.25#33.48#35.27
-151.313,65.3629#31.35#33.42#35.23
-151.182,65.3641#31.45#33.36#35.19
-151.05,65.3651#31.55#33.3#35.15
-150.919,65.3661#31.63#33.27#35.1
-150.788,65.3669#31.68#33.24#35.08
-150.656,65.3676#31.74#33.21#35.05
-150.525,65.3681#31.8#33.19#35.01
-150.393,65.3686#31.83#33.15#35.02
-150.262,65.3689#31.87#33.11#35.02
-150.131,65.3691#31.9#33.07#35.03
-149.999,65.3691#31.93#33.03#35.04
-149.868,65.3691#31.99#33.03#34.98
-149.736,65.3689#32.04#33.02#34.94
-149.605,65.3686#32.1#33.01#34.89
-149.474,65.3681#32.16#33.01#34.83
-149.342,65.3676#32.21#33.01#34.78
-149.211,65.3669#32.26#33.01#34.73
-149.079,65.3661#32.32#33#34.68
-148.948,65.3651#32.36#33#34.64
-148.817,65.364#32.38#33#34.62
-148.685,65.3629#32.41#33#34.59
-148.554,65.3615#32.43#33#34.57
-148.423,65.3601#32.45#33#34.55
-148.291,65.3585#32.47#32.99#34.54
-148.16,65.3568#32.49#32.98#34.53
-148.029,65.355#32.5#32.97#34.53
-147.897,65.3531#32.51#32.96#34.53
-147.766,65.351#32.53#32.95#34.52
-147.635,65.3488#32.54#32.94#34.52
-147.504,65.3465#32.56#32.92#34.52
-147.373,65.344#32.57#32.91#34.52
-147.242,65.3414#32.59#32.9#34.51
-147.11,65.3387#32.6#32.88#34.52
-146.979,65.3359#32.62#32.86#34.52
-146.848,65.333#32.63#32.82#34.55
-146.717,65.3299#32.64#32.78#34.58
-146.586,65.3267#32.66#32.74#34.6
-146.455,65.3234#32.67#32.71#34.62
-146.325,65.3199#32.68#32.68#34.64
-146.194,65.3164#32.7#32.65#34.65
-146.063,65.3127#32.71#32.62#34.67
-145.932,65.3088#32.72#32.58#34.7
-145.801,65.3049#32.73#32.55#34.72
-145.671,65.3008#32.74#32.52#34.74
-145.54,65.2966#32.75#32.49#34.76
-145.409,65.2923#32.76#32.44#34.8
-145.279,65.2879#32.77#32.38#34.85
-145.148,65.2833#32.78#32.31#34.91
-145.018,65.2786#32.79#32.25#34.96
-144.888,65.2738#32.8#32.19#35.01
-144.757,65.2688#32.8#32.13#35.07
-144.627,65.2638#32.81#32.07#35.12
-144.497,65.2586#32.81#32.01#35.18
-144.367,65.2533#32.83#31.97#35.2
-144.236,65.2478#32.84#31.93#35.23
-144.106,65.2423#32.85#31.88#35.27
-143.976,65.2366#32.86#31.85#35.29
-143.846,65.2308#32.87#31.85#35.28
-143.717,65.2249#32.89#31.85#35.26
-143.587,65.2188#32.91#31.84#35.25
-143.457,65.2126#32.94#31.85#35.21
-143.327,65.2063#33.03#31.86#35.11
-143.198,65.1999#33.11#31.88#35.01
-143.068,65.1934#33.19#31.9#34.91
-142.939,65.1867#33.31#31.93#34.76
-142.809,65.1799#33.48#31.99#34.53
-142.68,65.173#33.65#32.06#34.29
-142.551,65.166#33.81#32.12#34.07
-142.422,65.1588#33.99#32.17#33.84
-142.292,65.1515#34.18#32.21#33.61
-142.163,65.1441#34.36#32.25#33.39
-142.035,65.1366#34.55#32.29#33.16
-141.906,65.129#34.74#32.3#32.96
-141.777,65.1212#34.93#32.29#32.78
-141.648,65.1133#35.12#32.29#32.59
-141.52,65.1053#35.31#32.29#32.4
-141.391,65.0972#35.51#32.28#32.21
-141.263,65.0889#35.7#32.27#32.03
-141.134,65.0806#35.9#32.26#31.84
-141.006,65.0721#36.09#32.25#31.66
-140.878,65.0635#36.28#32.2#31.52
-140.75,65.0547#36.47#32.14#31.39
-140.622,65.0459#36.66#32.08#31.26
-140.494,65.0369#36.85#32.03#31.12
-140.366,65.0278#37.03#31.97#31
-140.239,65.0186#37.21#31.92#30.87
-140.111,65.0092#37.39#31.87#30.74
-139.983,64.9998#37.57#31.81#30.62
-139.856,64.9902#37.76#31.78#30.46
-139.729,64.9805#37.94#31.74#30.32
-139.602,64.9707#38.12#31.7#30.18
-139.475,64.9608#38.31#31.67#30.02
-139.348,64.9507#38.5#31.64#29.86
-139.221,64.9406#38.69#31.61#29.7
-139.094,64.9303#38.87#31.58#29.55
-138.967,64.9199#39.08#31.55#29.37
-138.841,64.9094#39.32#31.53#29.15
-161.815,64.9086#27.83#38.16#34.01
-161.689,64.9198#27.84#38.11#34.05
-161.563,64.9308#27.85#38.07#34.08
-161.436,64.9417#27.86#38.02#34.12
-161.309,64.9525#27.87#37.98#34.15
-161.183,64.9631#27.88#37.93#34.19
-161.056,64.9737#27.89#37.89#34.22
-160.929,64.9841#27.9#37.85#34.25
-160.802,64.9944#27.91#37.81#34.28
-160.675,65.0046#27.93#37.77#34.3
-160.548,65.0147#27.94#37.73#34.33
-160.42,65.0246#27.95#37.69#34.36
-160.293,65.0345#27.96#37.66#34.38
-160.165,65.0442#27.97#37.62#34.41
-160.037,65.0538#27.98#37.59#34.43
-159.91,65.0633#27.99#37.55#34.46
-159.782,65.0726#28#37.52#34.48
-159.654,65.0818#28.01#37.49#34.5
-159.526,65.091#28.02#37.46#34.52
-159.398,65.0999#28.03#37.42#34.55
-159.269,65.1088#28.05#37.39#34.56
-159.141,65.1176#28.06#37.36#34.58
-159.013,65.1262#28.07#37.32#34.61
-158.884,65.1347#28.08#37.28#34.64
-158.755,65.1431#28.09#37.25#34.66
-158.627,65.1514#28.1#37.21#34.69
-158.498,65.1595#28.11#37.17#34.72
-158.369,65.1676#28.12#37.13#34.75
-158.24,65.1755#28.14#37.08#34.78
-158.111,65.1832#28.15#37.04#34.81
-157.982,65.1909#28.16#36.99#34.85
-157.853,65.1984#28.17#36.93#34.9
-157.723,65.2059#28.18#36.87#34.95
-157.594,65.2132#28.19#36.81#35
-157.465,65.2203#28.2#36.75#35.05
-157.335,65.2274#28.22#36.68#35.1
-157.205,65.2343#28.23#36.6#35.17
-157.076,65.2411#28.24#36.53#35.23
-156.946,65.2478#28.25#36.46#35.29
-156.816,65.2543#28.26#36.39#35.35
-156.686,65.2608#28.28#36.31#35.41
-156.556,65.2671#28.29#36.24#35.47
-156.426,65.2733#28.3#36.17#35.53
-156.296,65.2794#28.31#36.09#35.6
-156.166,65.2853#28.32#36.01#35.67
-156.036,65.2911#28.34#35.94#35.72
-155.905,65.2968#28.35#35.87#35.78
-155.775,65.3024#28.36#35.8#35.84
-155.645,65.3078#28.37#35.73#35.9
-155.514,65.3132#28.39#35.66#35.95
-155.384,65.3184#28.4#35.59#36.01
-155.253,65.3234#28.41#35.53#36.06
-155.122,65.3284#28.42#35.47#36.11
-154.992,65.3332#28.43#35.4#36.17
-154.861,65.3379#28.45#35.35#36.2
-154.73,65.3425#28.46#35.29#36.25
-154.599,65.3469#28.47#35.23#36.3
-154.468,65.3513#28.48#35.17#36.35
-154.338,65.3555#28.5#35.12#36.38
-154.207,65.3596#28.51#35.07#36.42
-154.076,65.3635#28.52#35.02#36.46
-153.944,65.3673#28.54#34.97#36.49
-153.813,65.371#28.55#34.92#36.53
-153.682,65.3746#28.56#34.88#36.56
-153.551,65.3781#28.58#34.84#36.58
-153.42,65.3814#28.62#34.8#36.58
-153.289,65.3846#28.67#34.76#36.57
-153.157,65.3877#28.73#34.72#36.55
-153.026,65.3907#28.79#34.69#36.52
-152.895,65.3935#28.95#34.62#36.43
-152.763,65.3962#29.12#34.55#36.33
-152.632,65.3988#29.29#34.47#36.24
-152.5,65.4012#29.47#34.39#36.14
-152.369,65.4035#29.74#34.28#35.98
-152.237,65.4057#30#34.17#35.83
-152.106,65.4078#30.27#34.06#35.67
-151.974,65.4098#30.52#33.95#35.53
-151.843,65.4116#30.72#33.83#35.45
-151.711,65.4133#30.92#33.71#35.37
-151.579,65.4149#31.12#33.59#35.29
