-154.05,69.903#27.65#32.83#39.52
-153.889,69.9069#27.67#32.85#39.48
-153.727,69.9106#27.68#32.86#39.46
-153.565,69.9141#27.69#32.88#39.43
-153.404,69.9175#27.71#32.89#39.4
-153.242,69.9207#27.72#32.9#39.38
-153.08,69.9238#27.74#32.91#39.35
-152.918,69.9267#27.75#32.92#39.33
-152.756,69.9295#27.77#32.94#39.29
-152.594,69.9321#27.78#32.95#39.27
-152.432,69.9345#27.8#32.97#39.23
-152.27,69.9368#27.82#32.98#39.2
-152.108,69.9389#27.84#32.99#39.17
-151.946,69.9409#27.86#33.01#39.13
-151.784,69.9427#27.88#33.02#39.1
-151.622,69.9443#27.9#33.03#39.07
-151.46,69.9458#27.93#33.04#39.03
-151.297,69.9472#27.96#33.06#38.98
-151.135,69.9484#27.99#33.07#38.94
-150.973,69.9494#28.02#33.08#38.9
-150.811,69.9502#28.05#33.1#38.85
-150.648,69.951#28.09#33.13#38.78
-150.486,69.9515#28.13#33.15#38.72
-150.324,69.9519#28.19#33.17#38.64
-150.161,69.9521#28.24#33.2#38.56
-149.999,69.9522#28.3#33.22#38.48
-149.837,69.9521#28.42#33.25#38.33
-149.674,69.9519#28.54#33.27#38.19
-149.512,69.9515#28.65#33.29#38.06
-149.35,69.9509#28.85#33.29#37.86
-149.187,69.9502#29.06#33.28#37.66
-149.025,69.9494#29.27#33.28#37.45
-148.863,69.9483#29.51#33.26#37.23
-148.701,69.9472#29.75#33.23#37.02
-148.538,69.9458#29.99#33.21#36.8
-148.376,69.9443#30.18#33.18#36.64
-148.214,69.9427#30.36#33.16#36.48
-148.052,69.9409#30.54#33.15#36.31
-147.89,69.9389#30.65#33.1#36.25
-147.728,69.9368#30.73#33.05#36.22
-147.566,69.9345#30.81#33#36.19
-147.404,69.932#30.86#32.97#36.17
-147.242,69.9294#30.89#32.96#36.15
-147.08,69.9267#30.92#32.95#36.13
-146.918,69.9238#30.93#32.94#36.13
-146.756,69.9207#30.94#32.94#36.12
-146.594,69.9175#30.95#32.93#36.12
-146.433,69.9141#30.95#32.93#36.12
-146.271,69.9105#30.95#32.93#36.12
-146.109,69.9068#30.94#32.92#36.14
-145.948,69.903#30.94#32.92#36.14
-156,69.9#27.48#32.54#39.98
-155.839,69.9057#27.49#32.56#39.95
-155.677,69.9113#27.5#32.59#39.91
-155.516,69.9167#27.52#32.61#39.87
-155.355,69.922#27.53#32.65#39.82
-155.194,69.9271#27.54#32.68#39.78
-155.032,69.9321#27.56#32.72#39.72
-154.871,69.9369#27.57#32.74#39.69
-154.709,69.9415#27.58#32.76#39.66
-154.547,69.946#27.6#32.78#39.62
-154.385,69.9503#27.61#32.79#39.6
-154.223,69.9545#27.63#32.8#39.57
-154.062,69.9585#27.64#32.81#39.55
-153.9,69.9624#27.65#32.83#39.52
-153.738,69.9661#27.67#32.84#39.49
-153.575,69.9697#27.68#32.86#39.46
-153.413,69.973#27.69#32.87#39.44
-153.251,69.9763#27.71#32.88#39.41
-153.089,69.9794#27.72#32.89#39.39
-152.926,69.9823#27.74#32.9#39.36
-152.764,69.985#27.75#32.92#39.33
-152.602,69.9876#27.77#32.93#39.3
-152.439,69.9901#27.79#32.94#39.27
-152.277,69.9924#27.8#32.96#39.24
-152.114,69.9945#27.82#32.97#39.21
-151.952,69.9965#27.84#32.98#39.18
-151.789,69.9983#27.86#32.99#39.15
-151.626,70#27.89#33#39.11
-151.464,70.0015#27.91#33.02#39.07
-151.301,70.0028#27.94#33.03#39.03
-151.138,70.004#27.97#33.04#38.99
-150.976,70.005#28#33.05#38.95
-150.813,70.0059#28.03#33.07#38.9
-150.65,70.0066#28.07#33.09#38.84
-150.487,70.0071#28.1#33.11#38.79
-150.325,70.0075#28.16#33.14#38.7
-150.162,70.0078#28.22#33.17#38.61
-149.999,70.0079#28.28#33.19#38.53
-149.836,70.0078#28.4#33.21#38.39
-149.673,70.0075#28.53#33.23#38.24
-149.511,70.0071#28.65#33.26#38.09
-149.348,70.0066#28.86#33.26#37.88
-149.185,70.0059#29.08#33.26#37.66
-149.022,70.005#29.3#33.26#37.44
-148.86,70.004#29.54#33.24#37.22
-148.697,70.0028#29.79#33.21#37
-148.534,70.0014#30.04#33.19#36.77
-148.372,69.9999#30.23#33.17#36.6
-148.209,69.9983#30.4#33.14#36.46
-148.046,69.9965#30.57#33.12#36.31
-147.884,69.9945#30.67#33.08#36.25
-147.721,69.9924#30.75#33.03#36.22
-147.559,69.9901#30.82#32.99#36.19
-147.396,69.9876#30.86#32.96#36.18
-147.234,69.985#30.89#32.95#36.16
-147.072,69.9822#30.92#32.94#36.14
-146.909,69.9793#30.93#32.93#36.14
-146.747,69.9762#30.94#32.93#36.13
-146.585,69.973#30.94#32.93#36.13
-146.423,69.9696#30.94#32.92#36.14
-146.26,69.9661#30.94#32.92#36.14
-146.098,69.9624#30.94#32.92#36.14
-145.936,69.9585#30.94#32.91#36.15
-145.774,69.9545#30.93#32.91#36.16
-145.613,69.9503#30.92#32.91#36.17
-145.451,69.946#30.92#32.9#36.18
-145.289,69.9415#30.91#32.89#36.2
-145.127,69.9368#30.91#32.87#36.22
-144.966,69.932#30.9#32.86#36.24
-144.804,69.927#30.9#32.85#36.25
-144.643,69.9219#30.9#32.84#36.26
-144.482,69.9167#30.89#32.82#36.29
-144.32,69.9112#30.9#32.81#36.29
-144.159,69.9056#30.9#32.8#36.3
-157.305,69.9037#27.36#32.4#40.24
-157.144,69.9107#27.37#32.42#40.21
-156.984,69.9175#27.39#32.44#40.17
-156.823,69.9242#27.4#32.45#40.15
-156.662,69.9307#27.41#32.46#40.13
-156.501,69.9371#27.43#32.47#40.1
-156.339,69.9433#27.44#32.48#40.08
-156.178,69.9494#27.45#32.49#40.06
-156.017,69.9553#27.47#32.5#40.03
-155.855,69.9611#27.48#32.53#39.99
-155.694,69.9667#27.49#32.55#39.96
-155.532,69.9721#27.5#32.58#39.92
-155.37,69.9774#27.52#32.61#39.87
-155.208,69.9825#27.53#32.65#39.82
-155.046,69.9875#27.55#32.69#39.76
-154.884,69.9923#27.56#32.71#39.73
-154.722,69.997#27.57#32.73#39.7
-154.56,70.0015#27.59#32.75#39.66
-154.398,70.0058#27.6#32.77#39.63
-154.235,70.01#27.61#32.78#39.61
-154.073,70.014#27.63#32.79#39.58
-153.911,70.0179#27.64#32.8#39.56
-153.748,70.0216#27.65#32.82#39.53
-153.586,70.0252#27.67#32.84#39.49
-153.423,70.0286#27.68#32.85#39.47
-153.26,70.0318#27.7#32.86#39.44
-153.098,70.0349#27.71#32.87#39.42
-152.935,70.0379#27.73#32.89#39.38
-152.772,70.0406#27.74#32.9#39.36
-152.609,70.0432#27.76#32.91#39.33
-152.446,70.0457#27.77#32.92#39.31
-152.283,70.048#27.79#32.93#39.28
-152.12,70.0501#27.81#32.94#39.25
-151.957,70.0521#27.83#32.95#39.22
-151.794,70.0539#27.85#32.97#39.18
-151.631,70.0556#27.87#32.98#39.15
-151.468,70.0571#27.89#32.99#39.12
-151.305,70.0584#27.92#33#39.08
-151.142,70.0596#27.95#33#39.05
-150.978,70.0607#27.97#33.02#39.01
-150.815,70.0615#28.01#33.04#38.95
-150.652,70.0622#28.04#33.06#38.9
-150.489,70.0628#28.08#33.08#38.84
-150.325,70.0632#28.14#33.11#38.75
-150.162,70.0634#28.2#33.13#38.67
-149.999,70.0635#28.26#33.16#38.58
-149.836,70.0634#28.39#33.18#38.43
-149.673,70.0632#28.52#33.2#38.28
-149.509,70.0628#28.64#33.23#38.13
-149.346,70.0622#28.87#33.23#37.9
-149.183,70.0615#29.1#33.23#37.67
-149.02,70.0606#29.33#33.23#37.44
-148.856,70.0596#29.58#33.21#37.21
-148.693,70.0584#29.83#33.19#36.98
-148.53,70.0571#30.08#33.17#36.75
-148.367,70.0556#30.27#33.15#36.58
-148.204,70.0539#30.43#33.12#36.45
-148.041,70.0521#30.6#33.09#36.31
-147.878,70.0501#30.7#33.06#36.24
-147.715,70.048#30.76#33.02#36.22
-147.552,70.0457#30.83#32.98#36.19
-147.389,70.0432#30.87#32.96#36.17
-147.226,70.0406#30.89#32.94#36.17
-147.063,70.0378#30.92#32.93#36.15
-146.9,70.0349#30.93#32.92#36.15
-146.738,70.0318#30.94#32.92#36.14
-146.575,70.0286#30.94#32.92#36.14
-146.412,70.0251#30.94#32.92#36.14
-146.25,70.0216#30.94#32.91#36.15
-146.087,70.0179#30.93#32.91#36.16
-145.925,70.014#30.93#32.91#36.16
-145.762,70.01#30.93#32.9#36.17
-145.6,70.0058#30.92#32.9#36.18
-145.438,70.0014#30.92#32.89#36.19
-145.276,69.9969#30.91#32.88#36.21
-145.114,69.9923#30.91#32.87#36.22
-144.952,69.9874#30.9#32.86#36.24
-144.79,69.9825#30.9#32.84#36.26
-144.628,69.9773#30.89#32.83#36.28
-144.466,69.972#30.89#32.81#36.3
-144.304,69.9666#30.89#32.8#36.31
-144.143,69.961#30.89#32.79#36.32
-143.981,69.9552#30.9#32.79#36.31
-143.82,69.9493#30.91#32.78#36.31
-143.659,69.9433#30.92#32.77#36.31
-143.497,69.937#30.94#32.76#36.3
-143.336,69.9307#30.97#32.75#36.28
-143.175,69.9241#31#32.75#36.25
-143.014,69.9174#31.03#32.74#36.23
-142.854,69.9106#31.08#32.66#36.26
-142.693,69.9036#31.12#32.58#36.3
-158.45,69.9054#27.26#32.06#40.68
-158.29,69.9135#27.27#32.11#40.62
-158.129,69.9215#27.29#32.16#40.55
-157.969,69.9292#27.3#32.21#40.49
-157.808,69.9369#27.31#32.25#40.44
-157.647,69.9444#27.32#32.29#40.39
-157.487,69.9517#27.34#32.33#40.33
-157.326,69.9589#27.35#32.35#40.3
-157.164,69.9659#27.36#32.37#40.27
-157.003,69.9727#27.37#32.39#40.24
-156.842,69.9795#27.39#32.4#40.21
-156.68,69.986#27.4#32.42#40.18
-156.519,69.9924#27.41#32.43#40.16
-156.357,69.9986#27.43#32.44#40.13
-156.196,70.0047#27.44#32.45#40.11
-156.034,70.0107#27.45#32.46#40.09
-155.872,70.0164#27.46#32.49#40.05
-155.71,70.022#27.48#32.52#40
-155.548,70.0275#27.49#32.55#39.96
-155.385,70.0328#27.51#32.58#39.91
-155.223,70.0379#27.52#32.62#39.86
-155.061,70.0429#27.53#32.66#39.81
-154.898,70.0478#27.55#32.69#39.76
-154.736,70.0524#27.56#32.71#39.73
-154.573,70.057#27.57#32.73#39.7
-154.41,70.0613#27.59#32.74#39.67
-154.248,70.0655#27.6#32.75#39.65
-154.085,70.0696#27.61#32.77#39.62
-153.922,70.0734#27.63#32.78#39.59
-153.759,70.0772#27.64#32.8#39.56
-153.596,70.0807#27.65#32.82#39.53
-153.433,70.0842#27.67#32.83#39.5
-153.27,70.0874#27.68#32.84#39.48
-153.106,70.0905#27.7#32.86#39.44
-152.943,70.0934#27.71#32.87#39.42
-152.78,70.0962#27.73#32.88#39.39
-152.616,70.0988#27.74#32.89#39.37
-152.453,70.1013#27.76#32.9#39.34
-152.29,70.1036#27.77#32.91#39.32
-152.126,70.1057#27.79#32.92#39.29
-151.963,70.1077#27.81#32.93#39.26
-151.799,70.1096#27.83#32.94#39.23
-151.636,70.1112#27.85#32.95#39.2
-151.472,70.1127#27.87#32.96#39.17
-151.308,70.1141#27.9#32.97#39.13
-151.145,70.1153#27.93#32.97#39.1
-150.981,70.1163#27.95#32.98#39.07
-150.817,70.1172#27.99#33.01#39
-150.654,70.1179#28.02#33.03#38.95
-150.49,70.1185#28.06#33.05#38.89
-150.326,70.1189#28.12#33.07#38.81
-150.163,70.1191#28.18#33.1#38.72
-149.999,70.1192#28.24#33.13#38.63
-149.835,70.1191#28.37#33.15#38.48
-149.672,70.1189#28.51#33.17#38.32
-149.508,70.1185#28.65#33.2#38.15
-149.344,70.1179#28.88#33.2#37.92
-149.181,70.1172#29.13#33.2#37.67
-149.017,70.1163#29.37#33.2#37.43
-148.853,70.1153#29.62#33.19#37.19
-148.69,70.1141#29.87#33.17#36.96
-148.526,70.1127#30.13#33.16#36.71
-148.362,70.1112#30.31#33.13#36.56
-148.199,70.1095#30.47#33.1#36.43
-148.035,70.1077#30.64#33.06#36.3
-147.872,70.1057#30.72#33.03#36.25
-147.708,70.1036#30.78#33#36.22
-147.545,70.1013#30.84#32.97#36.19
-147.382,70.0988#30.87#32.95#36.18
-147.218,70.0962#30.9#32.93#36.17
-147.055,70.0934#30.92#32.92#36.16
-146.892,70.0905#30.93#32.91#36.16
-146.728,70.0874#30.93#32.91#36.16
-146.565,70.0841#30.94#32.91#36.15
-146.402,70.0807#30.94#32.91#36.15
-146.239,70.0771#30.93#32.91#36.16
-146.076,70.0734#30.93#32.9#36.17
-145.913,70.0695#30.93#32.9#36.17
-145.75,70.0655#30.92#32.9#36.18
-145.588,70.0613#30.92#32.89#36.19
-145.425,70.0569#30.91#32.89#36.2
-145.262,70.0524#30.91#32.87#36.22
-145.1,70.0477#30.9#32.86#36.24
-144.937,70.0429#30.9#32.85#36.25
-144.775,70.0379#30.89#32.83#36.28
-144.613,70.0327#30.89#32.82#36.29
-144.45,70.0274#30.89#32.81#36.3
-144.288,70.022#30.89#32.8#36.31
-144.126,70.0164#30.89#32.79#36.32
-143.964,70.0106#30.89#32.78#36.33
-143.802,70.0046#30.9#32.77#36.33
-143.641,69.9986#30.92#32.76#36.32
-143.479,69.9923#30.93#32.76#36.31
-143.317,69.9859#30.96#32.75#36.29
-143.156,69.9794#30.99#32.74#36.27
-142.995,69.9727#31.03#32.73#36.24
-142.834,69.9658#31.07#32.66#36.27
-142.672,69.9588#31.11#32.58#36.31
-142.511,69.9516#31.16#32.51#36.33
-142.351,69.9443#31.21#32.41#36.38
-142.19,69.9368#31.26#32.3#36.44
-142.029,69.9292#31.31#32.2#36.49
-141.869,69.9214#31.34#32.09#36.57
-141.708,69.9134#31.38#31.99#36.63
-141.548,69.9053#31.41#31.88#36.71
-159.435,69.9085#27.17#31.52#41.31
-159.275,69.9175#27.19#31.61#41.2
-159.115,69.9264#27.2#31.7#41.1
-158.955,69.9352#27.21#31.78#41.01
-158.795,69.9437#27.22#31.85#40.93
-158.634,69.9522#27.23#31.92#40.85
-158.474,69.9604#27.25#31.99#40.76
-158.313,69.9686#27.26#32.04#40.7
-158.152,69.9765#27.27#32.1#40.63
-157.991,69.9844#27.28#32.15#40.57
-157.83,69.992#27.3#32.19#40.51
-157.669,69.9995#27.31#32.23#40.46
-157.508,70.0069#27.32#32.27#40.41
-157.346,70.0141#27.34#32.29#40.37
-157.185,70.0211#27.35#32.32#40.33
-157.023,70.028#27.36#32.34#40.3
-156.861,70.0347#27.37#32.36#40.27
-156.699,70.0413#27.39#32.37#40.24
-156.537,70.0477#27.4#32.39#40.21
-156.375,70.0539#27.41#32.4#40.19
-156.213,70.0601#27.43#32.41#40.16
-156.051,70.066#27.44#32.43#40.13
-155.888,70.0718#27.45#32.45#40.1
-155.726,70.0774#27.46#32.48#40.06
-155.563,70.0829#27.48#32.51#40.01
-155.401,70.0882#27.49#32.55#39.96
-155.238,70.0934#27.51#32.59#39.9
-155.075,70.0984#27.52#32.63#39.85
-154.912,70.1032#27.53#32.66#39.81
-154.749,70.1079#27.55#32.68#39.77
-154.586,70.1124#27.56#32.7#39.74
-154.423,70.1168#27.57#32.72#39.71
-154.26,70.121#27.59#32.73#39.68
-154.096,70.1251#27.6#32.75#39.65
-153.933,70.129#27.61#32.76#39.63
-153.77,70.1327#27.63#32.78#39.59
-153.606,70.1363#27.64#32.8#39.56
-153.443,70.1397#27.66#32.81#39.53
-153.279,70.143#27.67#32.82#39.51
-153.115,70.1461#27.68#32.83#39.49
-152.952,70.149#27.7#32.85#39.45
-152.788,70.1518#27.71#32.86#39.43
-152.624,70.1545#27.73#32.87#39.4
-152.46,70.1569#27.74#32.88#39.38
-152.296,70.1592#27.76#32.89#39.35
-152.132,70.1614#27.78#32.9#39.32
-151.968,70.1634#27.8#32.91#39.29
-151.804,70.1652#27.82#32.92#39.26
-151.64,70.1669#27.84#32.93#39.23
-151.476,70.1684#27.86#32.94#39.2
-151.312,70.1698#27.88#32.95#39.17
-151.148,70.1709#27.91#32.96#39.13
-150.984,70.172#27.94#32.97#39.09
-150.82,70.1729#27.97#32.99#39.04
-150.656,70.1736#28#33.01#38.99
-150.491,70.1741#28.04#33.03#38.93
-150.327,70.1745#28.1#33.05#38.85
-150.163,70.1748#28.17#33.08#38.75
-149.999,70.1748#28.23#33.1#38.67
-149.835,70.1748#28.38#33.13#38.49
-149.671,70.1745#28.53#33.15#38.32
-149.506,70.1741#28.68#33.17#38.15
-149.342,70.1736#28.93#33.17#37.9
-149.178,70.1728#29.17#33.17#37.66
-149.014,70.172#29.42#33.17#37.41
-148.85,70.1709#29.67#33.16#37.17
-148.686,70.1697#29.92#33.15#36.93
-148.522,70.1684#30.17#33.14#36.69
-148.358,70.1669#30.34#33.11#36.55
-148.194,70.1652#30.5#33.08#36.42
-148.03,70.1634#30.65#33.04#36.31
-147.866,70.1614#30.73#33.02#36.25
-147.702,70.1592#30.79#32.99#36.22
-147.538,70.1569#30.84#32.96#36.2
-147.374,70.1544#30.87#32.94#36.19
-147.21,70.1518#30.9#32.92#36.18
-147.046,70.149#30.92#32.9#36.18
-146.883,70.1461#30.93#32.9#36.17
-146.719,70.1429#30.93#32.9#36.17
-146.555,70.1397#30.93#32.9#36.17
-146.392,70.1363#30.93#32.9#36.17
-146.228,70.1327#30.93#32.9#36.17
-146.065,70.1289#30.93#32.9#36.17
-145.902,70.125#30.92#32.89#36.19
-145.738,70.121#30.92#32.89#36.19
-145.575,70.1168#30.91#32.89#36.2
-145.412,70.1124#30.91#32.88#36.21
-145.249,70.1079#30.9#32.87#36.23
-145.086,70.1032#30.9#32.85#36.25
-144.923,70.0983#30.89#32.84#36.27
-144.76,70.0933#30.89#32.82#36.29
-144.597,70.0881#30.89#32.81#36.3
-144.435,70.0828#30.89#32.8#36.31
-144.272,70.0773#30.89#32.79#36.32
-144.11,70.0717#30.89#32.78#36.33
-143.947,70.0659#30.89#32.77#36.34
-143.785,70.06#30.9#32.76#36.34
-143.623,70.0539#30.91#32.76#36.33
-143.461,70.0476#30.93#32.75#36.32
-143.299,70.0412#30.96#32.74#36.3
-143.137,70.0346#30.99#32.74#36.27
-142.975,70.0279#31.02#32.72#36.26
-142.813,70.021#31.06#32.66#36.28
-142.652,70.014#31.1#32.59#36.31
-142.49,70.0068#31.15#32.52#36.33
-142.329,69.9994#31.2#32.41#36.39
-142.168,69.9919#31.25#32.31#36.44
-142.007,69.9843#31.3#32.21#36.49
-141.846,69.9764#31.34#32.1#36.56
-141.685,69.9685#31.38#31.99#36.63
-141.524,69.9603#31.41#31.88#36.71
-141.364,69.9521#31.43#31.77#36.8
-141.203,69.9436#31.45#31.67#36.88
-141.043,69.935#31.47#31.56#36.97
-140.883,69.9263#31.27#31.41#37.32
-140.723,69.9174#30.99#31.25#37.76
-140.563,69.9084#30.71#31.08#38.21
-160.42,69.9057#27.09#30.91#42
-160.261,69.9157#27.1#30.99#41.91
-160.101,69.9256#27.11#31.08#41.81
-159.941,69.9352#27.12#31.17#41.71
-159.782,69.9448#27.14#31.26#41.6
-159.622,69.9541#27.15#31.35#41.5
-159.462,69.9634#27.16#31.44#41.4
-159.301,69.9724#27.17#31.53#41.3
-159.141,69.9814#27.18#31.62#41.2
-158.98,69.9901#27.2#31.71#41.09
-158.82,69.9987#27.21#31.78#41.01
-158.659,70.0072#27.22#31.85#40.93
-158.498,70.0155#27.23#31.92#40.85
-158.337,70.0236#27.25#31.98#40.77
-158.175,70.0316#27.26#32.03#40.71
-158.014,70.0395#27.27#32.09#40.64
-157.852,70.0471#27.28#32.13#40.59
-157.691,70.0547#27.3#32.17#40.53
-157.529,70.062#27.31#32.21#40.48
-157.367,70.0693#27.32#32.24#40.44
-157.205,70.0763#27.33#32.27#40.4
-157.043,70.0832#27.35#32.29#40.36
-156.881,70.09#27.36#32.31#40.33
-156.719,70.0966#27.37#32.33#40.3
-156.556,70.103#27.39#32.35#40.26
-156.394,70.1093#27.4#32.36#40.24
-156.231,70.1154#27.41#32.37#40.22
-156.068,70.1214#27.43#32.39#40.18
-155.905,70.1272#27.44#32.41#40.15
-155.742,70.1328#27.45#32.44#40.11
-155.579,70.1383#27.47#32.48#40.05
-155.416,70.1436#27.48#32.52#40
-155.253,70.1488#27.49#32.56#39.95
-155.09,70.1538#27.51#32.6#39.89
-154.926,70.1587#27.52#32.63#39.85
-154.763,70.1634#27.53#32.65#39.82
-154.599,70.1679#27.55#32.67#39.78
-154.436,70.1723#27.56#32.69#39.75
-154.272,70.1765#27.57#32.71#39.72
-154.108,70.1806#27.59#32.72#39.69
-153.944,70.1845#27.6#32.74#39.66
-153.78,70.1883#27.62#32.75#39.63
-153.616,70.1919#27.63#32.77#39.6
-153.452,70.1953#27.64#32.79#39.57
-153.288,70.1986#27.66#32.8#39.54
-153.124,70.2017#27.67#32.81#39.52
-152.96,70.2046#27.69#32.82#39.49
-152.796,70.2074#27.7#32.83#39.47
-152.631,70.2101#27.72#32.85#39.43
-152.467,70.2126#27.73#32.86#39.41
-152.303,70.2149#27.75#32.87#39.38
-152.138,70.217#27.77#32.88#39.35
-151.974,70.219#27.78#32.89#39.33
-151.809,70.2209#27.8#32.9#39.3
-151.645,70.2225#27.82#32.91#39.27
-151.48,70.2241#27.84#32.92#39.24
-151.316,70.2254#27.87#32.93#39.2
-151.151,70.2266#27.89#32.94#39.17
-150.987,70.2277#27.92#32.95#39.13
-150.822,70.2285#27.95#32.97#39.08
-150.658,70.2293#27.99#32.99#39.02
-150.493,70.2298#28.02#33.01#38.97
-150.328,70.2302#28.09#33.03#38.88
-150.164,70.2305#28.16#33.06#38.78
-149.999,70.2305#28.23#33.08#38.69
-149.834,70.2304#28.39#33.1#38.51
-149.67,70.2302#28.55#33.12#38.33
-149.505,70.2298#28.71#33.14#38.15
-149.34,70.2292#28.97#33.15#37.88
-149.176,70.2285#29.22#33.15#37.63
-149.011,70.2276#29.48#33.15#37.37
-148.847,70.2266#29.73#33.14#37.13
-148.682,70.2254#29.97#33.12#36.91
-148.517,70.224#30.22#33.11#36.67
-148.353,70.2225#30.38#33.08#36.54
-148.188,70.2208#30.52#33.06#36.42
-148.024,70.219#30.67#33.03#36.3
-147.86,70.217#30.74#33#36.26
-147.695,70.2148#30.79#32.97#36.24
-147.531,70.2125#30.85#32.95#36.2
-147.366,70.21#30.88#32.92#36.2
-147.202,70.2074#30.9#32.9#36.2
-147.038,70.2046#30.92#32.88#36.2
-146.874,70.2016#30.93#32.88#36.19
-146.71,70.1985#30.93#32.89#36.18
-146.546,70.1953#30.93#32.89#36.18
-146.382,70.1918#30.93#32.89#36.18
-146.218,70.1882#30.93#32.89#36.18
-146.054,70.1845#30.92#32.89#36.19
-145.89,70.1806#30.92#32.89#36.19
-145.726,70.1765#30.91#32.88#36.21
-145.562,70.1723#30.91#32.88#36.21
-145.399,70.1679#30.9#32.87#36.23
-145.235,70.1633#30.9#32.86#36.24
-145.072,70.1586#30.89#32.85#36.26
-144.908,70.1538#30.89#32.83#36.28
-144.745,70.1487#30.89#32.82#36.29
-144.582,70.1436#30.88#32.8#36.32
-144.419,70.1382#30.88#32.79#36.33
-144.256,70.1327#30.88#32.78#36.34
-144.093,70.1271#30.88#32.77#36.35
-143.93,70.1213#30.89#32.76#36.35
-143.767,70.1153#30.9#32.76#36.34
-143.604,70.1092#30.9#32.75#36.35
-143.442,70.1029#30.92#32.75#36.33
-143.279,70.0965#30.95#32.74#36.31
-143.117,70.0899#30.98#32.74#36.28
-142.955,70.0831#31.02#32.72#36.26
-142.793,70.0762#31.06#32.66#36.28
-142.631,70.0692#31.1#32.59#36.31
-142.469,70.0619#31.14#32.52#36.34
-142.307,70.0546#31.19#32.42#36.39
-142.145,70.047#31.25#32.32#36.43
-141.984,70.0394#31.3#32.22#36.48
-141.823,70.0315#31.34#32.1#36.56
-141.661,70.0235#31.37#31.99#36.64
-141.5,70.0154#31.41#31.88#36.71
-141.339,70.0071#31.43#31.77#36.8
-141.178,69.9986#31.45#31.65#36.9
-141.018,69.99#31.47#31.54#36.99
-140.857,69.9812#31.22#31.37#37.41
-140.697,69.9723#30.93#31.19#37.88
-140.536,69.9633#30.64#31.01#38.35
-140.376,69.954#30.32#30.86#38.82
-140.216,69.9446#29.99#30.71#39.3
-140.057,69.9351#29.65#30.56#39.79
-139.897,69.9254#29.45#30.45#40.1
-139.737,69.9156#29.31#30.34#40.35
-139.578,69.9056#29.17#30.25#40.58
-161.246,69.9081#27.02#30.42#42.56
-161.087,69.9189#27.03#30.5#42.47
-160.928,69.9295#27.04#30.57#42.39
-160.768,69.94#27.05#30.66#42.29
-160.609,69.9503#27.06#30.74#42.2
-160.449,69.9605#27.08#30.83#42.09
-160.29,69.9705#27.09#30.92#41.99
-160.13,69.9803#27.1#31#41.9
-159.97,69.99#27.11#31.09#41.8
-159.809,69.9996#27.12#31.18#41.7
-159.649,70.009#27.13#31.27#41.6
-159.488,70.0183#27.15#31.36#41.49
-159.328,70.0274#27.16#31.45#41.39
-159.167,70.0363#27.17#31.54#41.29
-159.006,70.0451#27.18#31.63#41.19
-158.845,70.0537#27.2#31.7#41.1
-158.683,70.0622#27.21#31.78#41.01
-158.522,70.0705#27.22#31.85#40.93
-158.36,70.0787#27.23#31.91#40.86
-158.199,70.0867#27.24#31.97#40.79
-158.037,70.0946#27.26#32.03#40.71
-157.875,70.1023#27.27#32.07#40.66
-157.713,70.1098#27.28#32.12#40.6
-157.551,70.1172#27.3#32.16#40.54
-157.388,70.1245#27.31#32.19#40.5
-157.226,70.1315#27.32#32.22#40.46
-157.063,70.1385#27.33#32.24#40.43
-156.901,70.1452#27.35#32.27#40.38
-156.738,70.1518#27.36#32.28#40.36
-156.575,70.1583#27.37#32.3#40.33
-156.412,70.1646#27.39#32.32#40.29
-156.249,70.1707#27.4#32.33#40.27
-156.085,70.1767#27.41#32.34#40.25
-155.922,70.1825#27.43#32.37#40.2
-155.759,70.1882#27.44#32.4#40.16
-155.595,70.1937#27.45#32.44#40.11
-155.432,70.1991#27.47#32.48#40.05
-155.268,70.2043#27.48#32.52#40
-155.104,70.2093#27.49#32.57#39.94
-154.94,70.2142#27.51#32.6#39.89
-154.776,70.2189#27.52#32.62#39.86
-154.612,70.2234#27.53#32.65#39.82
-154.448,70.2278#27.55#32.67#39.78
-154.284,70.2321#27.56#32.68#39.76
-154.12,70.2362#27.57#32.7#39.73
-153.956,70.2401#27.59#32.71#39.7
-153.791,70.2438#27.6#32.73#39.67
-153.627,70.2474#27.62#32.75#39.63
-153.462,70.2509#27.63#32.76#39.61
-153.298,70.2542#27.64#32.78#39.58
-153.133,70.2573#27.66#32.79#39.55
-152.968,70.2603#27.67#32.8#39.53
-152.804,70.2631#27.69#32.81#39.5
-152.639,70.2657#27.7#32.82#39.48
-152.474,70.2682#27.72#32.84#39.44
-152.309,70.2705#27.74#32.85#39.41
-152.145,70.2727#27.75#32.86#39.39
-151.98,70.2747#27.77#32.87#39.36
-151.815,70.2765#27.79#32.88#39.33
-151.65,70.2782#27.81#32.89#39.3
-151.485,70.2797#27.83#32.9#39.27
-151.32,70.2811#27.85#32.91#39.24
-151.155,70.2823#27.88#32.93#39.19
-150.99,70.2833#27.9#32.94#39.16
-150.825,70.2842#27.94#32.96#39.1
-150.659,70.2849#27.97#32.97#39.06
-150.494,70.2855#28.01#32.99#39
-150.329,70.2859#28.08#33.01#38.91
-150.164,70.2861#28.15#33.04#38.81
-149.999,70.2862#28.23#33.06#38.71
-149.834,70.2861#28.4#33.08#38.52
-149.669,70.2859#28.58#33.1#38.32
-149.504,70.2855#28.75#33.12#38.13
-149.339,70.2849#29.01#33.12#37.87
-149.173,70.2842#29.27#33.12#37.61
-149.008,70.2833#29.54#33.12#37.34
-148.843,70.2823#29.78#33.11#37.11
-148.678,70.2811#30.02#33.1#36.88
-148.513,70.2797#30.26#33.09#36.65
-148.348,70.2782#30.41#33.06#36.53
-148.183,70.2765#30.55#33.04#36.41
-148.018,70.2747#30.69#33.01#36.3
-147.853,70.2727#30.75#32.98#36.27
-147.689,70.2705#30.8#32.96#36.24
-147.524,70.2682#30.86#32.93#36.21
-147.359,70.2657#30.88#32.91#36.21
-147.194,70.263#30.9#32.89#36.21
-147.029,70.2602#30.92#32.87#36.21
-146.865,70.2573#30.92#32.87#36.21
-146.7,70.2541#30.93#32.87#36.2
-146.536,70.2508#30.93#32.88#36.19
-146.371,70.2474#30.93#32.88#36.19
-146.207,70.2438#30.92#32.88#36.2
-146.042,70.24#30.92#32.88#36.2
-145.878,70.2361#30.91#32.88#36.21
-145.714,70.232#30.91#32.88#36.21
-145.55,70.2278#30.9#32.87#36.23
-145.386,70.2234#30.9#32.86#36.24
-145.222,70.2188#30.9#32.85#36.25
-145.058,70.2141#30.89#32.84#36.27
-144.894,70.2092#30.89#32.82#36.29
-144.73,70.2042#30.88#32.81#36.31
-144.566,70.199#30.88#32.79#36.33
-144.403,70.1936#30.88#32.78#36.34
-144.239,70.1881#30.88#32.77#36.35
-144.076,70.1825#30.88#32.76#36.36
-143.912,70.1766#30.89#32.75#36.36
-143.749,70.1707#30.89#32.75#36.36
-143.586,70.1645#30.9#32.74#36.36
-143.423,70.1582#30.92#32.74#36.34
-143.26,70.1518#30.95#32.74#36.31
-143.097,70.1451#30.98#32.73#36.29
-142.935,70.1384#31.01#32.71#36.28
-142.772,70.1315#31.05#32.65#36.3
-142.61,70.1244#31.09#32.6#36.31
-142.447,70.1171#31.13#32.53#36.34
-142.285,70.1097#31.19#32.43#36.38
-142.123,70.1022#31.24#32.33#36.43
-141.961,70.0945#31.29#32.22#36.49
-141.799,70.0866#31.33#32.11#36.56
-141.638,70.0786#31.37#32#36.63
-141.476,70.0704#31.41#31.88#36.71
-141.315,70.0621#31.43#31.76#36.81
-141.153,70.0536#31.45#31.64#36.91
-140.992,70.045#31.46#31.51#37.03
-140.831,70.0362#31.16#31.32#37.52
-140.67,70.0272#30.87#31.12#38.01
-140.51,70.0181#30.58#30.94#38.48
-140.349,70.0089#30.24#30.77#38.99
-140.189,69.9995#29.9#30.62#39.48
-140.028,69.9899#29.56#30.46#39.98
-139.868,69.9802#29.38#30.34#40.28
-139.708,69.9703#29.24#30.23#40.53
-139.549,69.9603#29.1#30.12#40.78
-139.389,69.9502#29.02#30.02#40.96
-139.23,69.9398#28.97#29.92#41.11
-139.07,69.9294#28.92#29.82#41.26
-138.911,69.9187#28.9#29.82#41.28
-138.752,69.908#28.89#29.89#41.22
-162.071,69.9064#26.95#30.23#42.82
-161.913,69.9179#26.96#30.22#42.82
-161.754,69.9293#26.97#30.24#42.79
-161.596,69.9406#26.98#30.25#42.77
-161.437,69.9517#26.99#30.29#42.72
-161.277,69.9627#27#30.36#42.64
-161.118,69.9735#27.02#30.43#42.55
-160.958,69.9841#27.03#30.5#42.47
-160.799,69.9946#27.04#30.58#42.38
-160.639,70.005#27.05#30.67#42.28
-160.479,70.0152#27.06#30.75#42.19
-160.319,70.0252#27.07#30.84#42.09
-160.158,70.0351#27.09#30.92#41.99
-159.998,70.0449#27.1#31.01#41.89
-159.837,70.0544#27.11#31.1#41.79
-159.676,70.0639#27.12#31.19#41.69
-159.515,70.0731#27.13#31.28#41.59
-159.354,70.0823#27.15#31.37#41.48
-159.193,70.0912#27.16#31.46#41.38
-159.031,70.1001#27.17#31.55#41.28
-158.87,70.1087#27.18#31.63#41.19
-158.708,70.1172#27.19#31.71#41.1
-158.546,70.1256#27.21#31.78#41.01
-158.384,70.1338#27.22#31.85#40.93
-158.222,70.1418#27.23#31.9#40.87
-158.06,70.1497#27.24#31.96#40.8
-157.897,70.1574#27.26#32.01#40.73
-157.735,70.165#27.27#32.05#40.68
-157.572,70.1724#27.28#32.1#40.62
-157.409,70.1797#27.3#32.13#40.57
-157.246,70.1868#27.31#32.16#40.53
-157.083,70.1937#27.32#32.19#40.49
-156.92,70.2005#27.33#32.22#40.45
-156.757,70.2071#27.35#32.24#40.41
-156.594,70.2136#27.36#32.25#40.39
-156.43,70.2199#27.37#32.27#40.36
-156.267,70.2261#27.39#32.29#40.32
-156.103,70.2321#27.4#32.3#40.3
-155.939,70.2379#27.41#32.32#40.27
-155.775,70.2436#27.43#32.36#40.21
-155.611,70.2491#27.44#32.4#40.16
-155.447,70.2545#27.45#32.44#40.11
-155.283,70.2597#27.47#32.49#40.04
-155.119,70.2648#27.48#32.53#39.99
-154.955,70.2696#27.49#32.57#39.94
-154.79,70.2744#27.51#32.6#39.89
-154.626,70.2789#27.52#32.62#39.86
-154.461,70.2834#27.53#32.64#39.83
-154.296,70.2876#27.55#32.66#39.79
-154.132,70.2917#27.56#32.67#39.77
-153.967,70.2956#27.58#32.69#39.73
-153.802,70.2994#27.59#32.71#39.7
-153.637,70.303#27.6#32.72#39.68
-153.472,70.3065#27.62#32.74#39.64
-153.307,70.3098#27.63#32.75#39.62
-153.142,70.3129#27.65#32.77#39.58
-152.977,70.3159#27.66#32.78#39.56
-152.812,70.3187#27.68#32.79#39.53
-152.647,70.3213#27.69#32.8#39.51
-152.481,70.3238#27.71#32.82#39.47
-152.316,70.3262#27.72#32.83#39.45
-152.151,70.3283#27.74#32.84#39.42
-151.985,70.3303#27.76#32.85#39.39
-151.82,70.3322#27.77#32.86#39.37
-151.654,70.3339#27.79#32.87#39.34
-151.489,70.3354#27.81#32.89#39.3
-151.324,70.3368#27.84#32.9#39.26
-151.158,70.338#27.86#32.91#39.23
-150.992,70.339#27.89#32.92#39.19
-150.827,70.3399#27.92#32.94#39.14
-150.661,70.3406#27.95#32.96#39.09
-150.496,70.3412#27.99#32.98#39.03
-150.33,70.3416#28.07#33#38.93
-150.165,70.3418#28.14#33.02#38.84
-149.999,70.3419#28.22#33.04#38.74
-149.833,70.3418#28.41#33.05#38.54
-149.668,70.3416#28.6#33.07#38.33
-149.502,70.3412#28.78#33.09#38.13
-149.337,70.3406#29.05#33.09#37.86
-149.171,70.3399#29.33#33.09#37.58
-149.005,70.339#29.6#33.09#37.31
-148.84,70.338#29.83#33.08#37.09
-148.674,70.3368#30.07#33.07#36.86
-148.509,70.3354#30.31#33.07#36.62
-148.343,70.3339#30.44#33.04#36.52
-148.178,70.3322#30.57#33.02#36.41
-148.013,70.3303#30.7#32.99#36.31
-147.847,70.3283#30.76#32.97#36.27
-147.682,70.3261#30.81#32.94#36.25
-147.517,70.3238#30.86#32.92#36.22
-147.351,70.3213#30.88#32.9#36.22
-147.186,70.3187#30.9#32.87#36.23
-147.021,70.3158#30.92#32.85#36.23
-146.856,70.3129#30.92#32.85#36.23
-146.691,70.3097#30.92#32.86#36.22
-146.526,70.3064#30.93#32.86#36.21
-146.361,70.303#30.92#32.87#36.21
-146.196,70.2994#30.92#32.87#36.21
-146.031,70.2956#30.92#32.87#36.21
-145.866,70.2917#30.91#32.87#36.22
-145.701,70.2876#30.91#32.87#36.22
-145.537,70.2833#30.9#32.87#36.23
-145.372,70.2789#30.9#32.85#36.25
-145.208,70.2743#30.89#32.84#36.27
-145.043,70.2696#30.89#32.83#36.28
-144.879,70.2647#30.88#32.81#36.31
-144.715,70.2596#30.88#32.8#36.32
-144.551,70.2544#30.88#32.78#36.34
-144.387,70.2491#30.88#32.77#36.35
-144.223,70.2435#30.88#32.76#36.36
-144.059,70.2379#30.88#32.75#36.37
-143.895,70.232#30.89#32.75#36.36
-143.731,70.226#30.89#32.74#36.37
-143.568,70.2198#30.9#32.74#36.36
-143.404,70.2135#30.92#32.73#36.35
-143.241,70.2071#30.95#32.73#36.32
-143.078,70.2004#30.97#32.73#36.3
-142.915,70.1936#31.01#32.7#36.29
-142.752,70.1867#31.05#32.65#36.3
-142.589,70.1796#31.09#32.6#36.31
-142.426,70.1723#31.13#32.52#36.35
-142.263,70.1649#31.18#32.43#36.39
-142.101,70.1573#31.24#32.33#36.43
-141.938,70.1496#31.29#32.23#36.48
-141.776,70.1417#31.33#32.11#36.56
-141.614,70.1337#31.37#32#36.63
-141.452,70.1255#31.41#31.88#36.71
-141.29,70.1171#31.43#31.75#36.82
-141.128,70.1086#31.45#31.61#36.94
-140.967,70.0999#31.4#31.47#37.13
-140.805,70.0911#31.1#31.26#37.64
-140.644,70.0822#30.8#31.06#38.14
-140.483,70.073#30.5#30.86#38.64
-140.322,70.0638#30.15#30.69#39.16
-140.161,70.0543#29.8#30.52#39.68
-140,70.0447#29.46#30.36#40.18
-139.84,70.035#29.31#30.23#40.46
-139.679,70.0251#29.17#30.11#40.72
-139.519,70.015#29.03#29.99#40.98
-139.359,70.0048#28.97#29.88#41.15
-139.199,69.9945#28.91#29.76#41.33
-139.04,69.984#28.86#29.66#41.48
-138.88,69.9733#28.84#29.68#41.48
-138.721,69.9625#28.84#29.75#41.41
-138.561,69.9516#28.83#29.83#41.34
-138.402,69.9405#28.86#29.93#41.21
-138.244,69.9292#28.91#30.06#41.03
-138.085,69.9178#28.95#30.19#40.86
-137.927,69.9062#29.03#30.31#40.66
-162.897,69.9006#26.88#30.48#42.64
-162.739,69.9129#26.89#30.43#42.68
-162.581,69.9251#26.9#30.38#42.72
-162.423,69.9371#26.91#30.34#42.75
-162.264,69.949#26.92#30.28#42.8
-162.105,69.9608#26.93#30.23#42.84
-161.947,69.9724#26.95#30.19#42.86
-161.787,69.9838#26.96#30.2#42.84
-161.628,69.9951#26.97#30.21#42.82
-161.469,70.0062#26.98#30.22#42.8
-161.309,70.0172#26.99#30.29#42.72
-161.149,70.0281#27#30.36#42.64
-160.989,70.0388#27.01#30.43#42.56
-160.829,70.0493#27.02#30.51#42.47
-160.669,70.0597#27.04#30.59#42.37
-160.509,70.0699#27.05#30.67#42.28
-160.348,70.08#27.06#30.76#42.18
-160.187,70.0899#27.07#30.84#42.09
-160.026,70.0997#27.08#30.93#41.99
-159.865,70.1093#27.1#31.02#41.88
-159.704,70.1187#27.11#31.11#41.78
-159.542,70.128#27.12#31.2#41.68
-159.381,70.1372#27.13#31.3#41.57
-159.219,70.1462#27.14#31.39#41.47
-159.057,70.155#27.16#31.48#41.36
-158.895,70.1637#27.17#31.56#41.27
-158.733,70.1723#27.18#31.64#41.18
-158.571,70.1806#27.19#31.71#41.1
-158.408,70.1889#27.21#31.78#41.01
-158.246,70.1969#27.22#31.84#40.94
-158.083,70.2048#27.23#31.9#40.87
-157.92,70.2126#27.24#31.95#40.81
-157.757,70.2202#27.26#31.99#40.75
-157.594,70.2276#27.27#32.04#40.69
-157.431,70.2349#27.28#32.08#40.64
-157.267,70.242#27.29#32.11#40.6
-157.104,70.249#27.31#32.14#40.55
-156.94,70.2558#27.32#32.17#40.51
-156.776,70.2624#27.33#32.19#40.48
-156.613,70.2689#27.35#32.21#40.44
-156.449,70.2753#27.36#32.23#40.41
-156.285,70.2814#27.37#32.24#40.39
-156.12,70.2875#27.39#32.26#40.35
-155.956,70.2933#27.4#32.28#40.32
-155.792,70.299#27.41#32.32#40.27
-155.627,70.3046#27.43#32.36#40.21
-155.463,70.3099#27.44#32.41#40.15
-155.298,70.3152#27.45#32.45#40.1
-155.134,70.3202#27.47#32.5#40.03
-154.969,70.3251#27.48#32.55#39.97
-154.804,70.3299#27.49#32.57#39.94
-154.639,70.3345#27.51#32.59#39.9
-154.474,70.3389#27.52#32.62#39.86
-154.309,70.3432#27.53#32.63#39.84
-154.144,70.3473#27.55#32.65#39.8
-153.978,70.3512#27.56#32.67#39.77
-153.813,70.355#27.58#32.68#39.74
-153.648,70.3586#27.59#32.7#39.71
-153.482,70.3621#27.6#32.72#39.68
-153.317,70.3654#27.62#32.73#39.65
-153.151,70.3685#27.63#32.74#39.63
-152.986,70.3715#27.65#32.76#39.59
-152.82,70.3743#27.66#32.77#39.57
-152.654,70.377#27.68#32.78#39.54
-152.489,70.3795#27.69#32.79#39.52
-152.323,70.3818#27.71#32.81#39.48
-152.157,70.384#27.73#32.82#39.45
-151.991,70.386#27.74#32.83#39.43
-151.825,70.3879#27.76#32.84#39.4
-151.659,70.3896#27.78#32.86#39.36
-151.493,70.3911#27.8#32.87#39.33
-151.327,70.3925#27.82#32.88#39.3
-151.161,70.3937#27.85#32.89#39.26
-150.995,70.3947#27.87#32.91#39.22
-150.829,70.3956#27.9#32.92#39.18
-150.663,70.3963#27.94#32.94#39.12
-150.497,70.3969#27.97#32.96#39.07
-150.331,70.3973#28.05#32.98#38.97
-150.165,70.3976#28.14#33#38.86
-149.999,70.3976#28.22#33.01#38.77
-149.833,70.3976#28.42#33.03#38.55
-149.667,70.3973#28.62#33.05#38.33
-149.501,70.3969#28.82#33.06#38.12
-149.335,70.3963#29.1#33.06#37.84
-149.169,70.3956#29.38#33.07#37.55
-149.003,70.3947#29.65#33.07#37.28
-148.837,70.3937#29.89#33.06#37.05
-148.671,70.3925#30.12#33.05#36.83
-148.505,70.3911#30.35#33.04#36.61
-148.339,70.3896#30.48#33.02#36.5
-148.173,70.3879#30.6#33#36.4
-148.007,70.386#30.72#32.97#36.31
-147.841,70.384#30.77#32.95#36.28
-147.675,70.3818#30.82#32.93#36.25
-147.509,70.3795#30.86#32.91#36.23
-147.344,70.377#30.88#32.88#36.24
-147.178,70.3743#30.9#32.86#36.24
-147.012,70.3715#30.92#32.83#36.25
-146.847,70.3685#30.92#32.84#36.24
-146.681,70.3653#30.92#32.84#36.24
-146.516,70.362#30.92#32.85#36.23
-146.35,70.3586#30.92#32.85#36.23
-146.185,70.3549#30.92#32.86#36.22
-146.019,70.3512#30.91#32.86#36.23
-145.854,70.3472#30.91#32.86#36.23
-145.689,70.3431#30.9#32.86#36.24
-145.524,70.3388#30.9#32.86#36.24
-145.359,70.3344#30.89#32.85#36.26
-145.194,70.3298#30.89#32.83#36.28
-145.029,70.3251#30.88#32.82#36.3
-144.864,70.3202#30.88#32.8#36.32
-144.7,70.3151#30.88#32.79#36.33
-144.535,70.3099#30.88#32.77#36.35
-144.37,70.3045#30.88#32.76#36.36
-144.206,70.2989#30.88#32.75#36.37
-144.042,70.2932#30.88#32.74#36.38
-143.877,70.2874#30.88#32.74#36.38
-143.713,70.2814#30.89#32.73#36.38
-143.549,70.2752#30.9#32.73#36.37
-143.385,70.2688#30.92#32.73#36.35
-143.222,70.2624#30.94#32.72#36.34
-143.058,70.2557#30.97#32.72#36.31
-142.894,70.2489#31.01#32.69#36.3
-142.731,70.2419#31.04#32.64#36.32
-142.567,70.2348#31.08#32.6#36.32
-142.404,70.2275#31.13#32.52#36.35
-142.241,70.2201#31.18#32.43#36.39
-142.078,70.2125#31.23#32.34#36.43
-141.915,70.2047#31.28#32.23#36.49
-141.752,70.1968#31.32#32.12#36.56
-141.59,70.1887#31.37#32#36.63
-141.427,70.1805#31.4#31.88#36.72
-141.265,70.1722#31.42#31.74#36.84
-141.103,70.1636#31.45#31.6#36.95
-140.941,70.1549#31.35#31.43#37.22
-140.779,70.1461#31.04#31.2#37.76
-140.617,70.1371#30.74#30.99#38.27
-140.456,70.1279#30.42#30.78#38.8
-140.294,70.1186#30.06#30.6#39.34
-140.133,70.1092#29.71#30.42#39.87
-139.972,70.0995#29.39#30.26#40.35
-139.811,70.0898#29.25#30.12#40.63
-139.65,70.0798#29.1#29.99#40.91
-139.489,70.0698#28.96#29.86#41.18
-139.329,70.0595#28.91#29.73#41.36
-139.169,70.0492#28.86#29.61#41.53
-139.009,70.0386#28.8#29.49#41.71
-138.849,70.0279#28.79#29.55#41.66
-138.689,70.0171#28.79#29.62#41.59
-138.529,70.0061#28.78#29.69#41.53
-138.37,69.995#28.83#29.8#41.37
-138.211,69.9837#28.88#29.92#41.2
-138.051,69.9722#28.93#30.05#41.02
-137.893,69.9606#29.03#30.17#40.8
-137.734,69.9489#29.14#30.28#40.58
-137.575,69.937#29.25#30.39#40.36
-137.417,69.9249#29.38#30.51#40.11
-137.259,69.9127#29.51#30.62#39.87
-137.101,69.9004#29.64#30.74#39.62
-163.564,69.9038#26.82#30.59#42.59
-163.407,69.9168#26.83#30.58#42.59
-163.249,69.9296#26.84#30.55#42.61
-163.091,69.9423#26.86#30.52#42.62
-162.933,69.9548#26.87#30.48#42.65
-162.775,69.9672#26.88#30.44#42.68
-162.616,69.9794#26.89#30.39#42.72
-162.458,69.9915#26.9#30.35#42.75
-162.299,70.0034#26.91#30.29#42.8
-162.14,70.0152#26.92#30.22#42.86
-161.98,70.0268#26.93#30.16#42.91
-161.821,70.0383#26.94#30.17#42.89
-161.661,70.0496#26.95#30.17#42.88
-161.501,70.0608#26.97#30.16#42.87
-161.341,70.0718#26.98#30.23#42.79
-161.181,70.0827#26.99#30.29#42.72
-161.021,70.0934#27#30.36#42.64
-160.86,70.104#27.01#30.43#42.56
-160.699,70.1144#27.02#30.52#42.46
-160.538,70.1246#27.03#30.6#42.37
-160.377,70.1347#27.05#30.69#42.26
-160.216,70.1447#27.06#30.77#42.17
-160.055,70.1545#27.07#30.86#42.07
-159.893,70.1641#27.08#30.95#41.97
-159.731,70.1736#27.09#31.04#41.87
-159.57,70.1829#27.11#31.13#41.76
-159.408,70.1921#27.12#31.22#41.66
-159.245,70.2012#27.13#31.32#41.55
-159.083,70.21#27.14#31.41#41.45
-158.921,70.2187#27.15#31.49#41.36
-158.758,70.2273#27.17#31.57#41.26
-158.595,70.2357#27.18#31.64#41.18
-158.432,70.2439#27.19#31.71#41.1
-158.269,70.252#27.21#31.77#41.02
-158.106,70.26#27.22#31.83#40.95
-157.943,70.2677#27.23#31.89#40.88
-157.779,70.2753#27.24#31.93#40.83
-157.616,70.2828#27.26#31.98#40.76
-157.452,70.2901#27.27#32.02#40.71
-157.288,70.2973#27.28#32.05#40.67
-157.124,70.3042#27.29#32.09#40.62
-156.96,70.3111#27.31#32.12#40.57
-156.796,70.3177#27.32#32.14#40.54
-156.632,70.3243#27.33#32.16#40.51
-156.467,70.3306#27.35#32.18#40.47
-156.303,70.3368#27.36#32.2#40.44
-156.138,70.3428#27.37#32.21#40.42
-155.973,70.3487#27.39#32.24#40.37
-155.809,70.3544#27.4#32.28#40.32
-155.644,70.36#27.41#32.32#40.27
-155.479,70.3654#27.43#32.37#40.2
-155.314,70.3706#27.44#32.42#40.14
-155.148,70.3757#27.45#32.47#40.08
-154.983,70.3806#27.47#32.52#40.01
-154.818,70.3854#27.48#32.54#39.98
-154.652,70.39#27.49#32.57#39.94
-154.487,70.3944#27.51#32.59#39.9
-154.321,70.3987#27.52#32.61#39.87
-154.156,70.4028#27.54#32.63#39.83
-153.99,70.4068#27.55#32.64#39.81
-153.824,70.4106#27.56#32.66#39.78
-153.658,70.4142#27.58#32.68#39.74
-153.492,70.4177#27.59#32.69#39.72
-153.326,70.421#27.61#32.71#39.68
-153.16,70.4242#27.62#32.72#39.66
-152.994,70.4272#27.63#32.73#39.64
-152.828,70.43#27.65#32.75#39.6
-152.662,70.4326#27.66#32.76#39.58
-152.496,70.4352#27.68#32.77#39.55
-152.33,70.4375#27.7#32.79#39.51
-152.163,70.4397#27.71#32.8#39.49
-151.997,70.4417#27.73#32.81#39.46
-151.831,70.4436#27.75#32.82#39.43
-151.664,70.4453#27.77#32.84#39.39
-151.498,70.4468#27.78#32.85#39.37
-151.331,70.4482#27.81#32.86#39.33
-151.165,70.4494#27.83#32.88#39.29
-150.998,70.4504#27.85#32.89#39.26
-150.832,70.4513#27.89#32.91#39.2
-150.665,70.4521#27.92#32.92#39.16
-150.499,70.4526#27.95#32.94#39.11
-150.332,70.453#28.04#32.96#39
-150.166,70.4533#28.13#32.97#38.9
-149.999,70.4534#28.22#32.99#38.79
-149.832,70.4533#28.43#33.01#38.56
-149.666,70.453#28.64#33.02#38.34
-149.499,70.4526#28.85#33.04#38.11
-149.333,70.4521#29.14#33.04#37.82
-149.166,70.4513#29.43#33.04#37.53
-149,70.4504#29.71#33.04#37.25
-148.833,70.4494#29.94#33.03#37.03
-148.667,70.4482#30.17#33.03#36.8
-148.5,70.4468#30.4#33.02#36.58
-148.334,70.4452#30.51#33#36.49
-148.167,70.4435#30.62#32.98#36.4
-148.001,70.4417#30.73#32.96#36.31
-147.835,70.4397#30.78#32.94#36.28
-147.668,70.4375#30.82#32.92#36.26
-147.502,70.4351#30.87#32.89#36.24
-147.336,70.4326#30.88#32.87#36.25
-147.17,70.4299#30.9#32.84#36.26
-147.004,70.4271#30.92#32.81#36.27
-146.838,70.4241#30.92#32.82#36.26
-146.671,70.421#30.92#32.83#36.25
-146.506,70.4177#30.92#32.84#36.24
-146.34,70.4142#30.92#32.84#36.24
-146.174,70.4105#30.91#32.85#36.24
-146.008,70.4067#30.91#32.85#36.24
-145.842,70.4028#30.9#32.85#36.25
-145.677,70.3987#30.9#32.85#36.25
-145.511,70.3944#30.89#32.85#36.26
-145.345,70.3899#30.89#32.84#36.27
-145.18,70.3853#30.88#32.83#36.29
-145.015,70.3806#30.88#32.81#36.31
-144.849,70.3757#30.88#32.8#36.32
-144.684,70.3706#30.88#32.78#36.34
-144.519,70.3653#30.87#32.76#36.37
-144.354,70.3599#30.87#32.75#36.38
-144.189,70.3544#30.88#32.74#36.38
-144.024,70.3486#30.88#32.73#36.39
-143.86,70.3428#30.88#32.73#36.39
-143.695,70.3367#30.89#32.73#36.38
-143.531,70.3305#30.9#32.72#36.38
-143.366,70.3242#30.92#32.72#36.36
-143.202,70.3177#30.94#32.72#36.34
-143.038,70.311#30.97#32.72#36.31
-142.874,70.3042#31#32.68#36.32
-142.71,70.2972#31.04#32.64#36.32
-142.546,70.29#31.08#32.6#36.32
-142.382,70.2827#31.12#32.52#36.36
-142.219,70.2753#31.18#32.43#36.39
-142.055,70.2676#31.23#32.34#36.43
-141.892,70.2599#31.27#32.24#36.49
-141.729,70.2519#31.32#32.12#36.56
-141.566,70.2438#31.36#32#36.64
-141.403,70.2356#31.4#31.87#36.73
-141.24,70.2272#31.42#31.72#36.86
-141.077,70.2186#31.45#31.58#36.97
-140.915,70.2099#31.29#31.39#37.32
-140.753,70.201#30.98#31.15#37.87
-140.59,70.192#30.67#30.91#38.42
-140.428,70.1828#30.34#30.69#38.97
-140.267,70.1735#29.98#30.5#39.52
-140.105,70.164#29.62#30.3#40.08
-139.943,70.1544#29.34#30.13#40.53
-139.782,70.1446#29.19#29.99#40.82
-139.621,70.1346#29.04#29.85#41.11
-139.46,70.1245#28.91#29.71#41.38
