-150.293,67.9#29.86#34.11#36.03
-150.146,67.9002#29.94#34.04#36.02
-149.999,67.9002#30.02#33.97#36.01
-149.852,67.9002#30.09#33.87#36.04
-149.705,67.9#30.17#33.77#36.06
-153.97,67.9038#28.1#34.21#37.69
-153.823,67.9076#28.11#34.21#37.68
-153.676,67.9112#28.13#34.21#37.66
-153.53,67.9146#28.15#34.21#37.64
-153.383,67.918#28.18#34.2#37.62
-153.236,67.9212#28.22#34.2#37.58
-153.089,67.9242#28.25#34.2#37.55
-152.942,67.9271#28.3#34.2#37.5
-152.795,67.9299#28.36#34.21#37.43
-152.648,67.9325#28.42#34.21#37.37
-152.501,67.935#28.48#34.21#37.31
-152.354,67.9373#28.56#34.22#37.22
-152.207,67.9395#28.64#34.23#37.13
-152.06,67.9416#28.73#34.23#37.04
-151.913,67.9435#28.81#34.24#36.95
-151.766,67.9453#28.9#34.25#36.85
-151.619,67.9469#29#34.26#36.74
-151.472,67.9484#29.09#34.27#36.64
-151.324,67.9498#29.18#34.27#36.55
-151.177,67.951#29.27#34.28#36.45
-151.03,67.952#29.36#34.28#36.36
-150.883,67.953#29.45#34.27#36.28
-150.736,67.9537#29.54#34.25#36.21
-150.588,67.9544#29.63#34.23#36.14
-150.441,67.9549#29.71#34.19#36.1
-150.294,67.9552#29.79#34.12#36.09
-150.146,67.9554#29.87#34.05#36.08
-149.999,67.9555#29.95#33.98#36.07
-149.852,67.9554#30.03#33.89#36.08
-149.704,67.9552#30.1#33.79#36.11
-149.557,67.9549#30.18#33.7#36.12
-149.41,67.9544#30.25#33.6#36.15
-149.263,67.9537#30.32#33.49#36.19
-149.115,67.953#30.39#33.38#36.23
-148.968,67.952#30.46#33.29#36.25
-148.821,67.951#30.53#33.23#36.24
-148.674,67.9498#30.59#33.18#36.23
-148.526,67.9484#30.66#33.12#36.22
-148.379,67.9469#30.72#33.1#36.18
-148.232,67.9453#30.79#33.08#36.13
-148.085,67.9435#30.85#33.06#36.09
-147.938,67.9416#30.92#33.04#36.04
-147.791,67.9395#30.99#33.03#35.98
-147.644,67.9373#31.05#33.03#35.92
-147.497,67.935#31.12#33.02#35.86
-147.35,67.9325#31.17#33.01#35.82
-147.203,67.9299#31.23#33.01#35.76
-147.056,67.9271#31.28#33.01#35.71
-146.909,67.9242#31.31#33.01#35.68
-146.762,67.9211#31.33#33#35.67
-146.615,67.9179#31.35#33#35.65
-146.469,67.9146#31.37#33#35.63
-146.322,67.9111#31.38#33#35.62
-146.175,67.9075#31.38#33#35.62
-146.029,67.9038#31.39#33#35.61
-155.739,67.9027#27.93#34.22#37.85
-155.593,67.9082#27.95#34.21#37.84
-155.447,67.9135#27.96#34.2#37.84
-155.3,67.9187#27.97#34.2#37.83
-155.154,67.9237#27.98#34.19#37.83
-155.007,67.9286#27.99#34.18#37.83
-154.861,67.9334#28.01#34.18#37.81
-154.714,67.938#28.02#34.18#37.8
-154.567,67.9425#28.03#34.17#37.8
-154.42,67.9468#28.04#34.17#37.79
-154.274,67.951#28.06#34.17#37.77
-154.127,67.955#28.07#34.17#37.76
-153.98,67.9589#28.08#34.17#37.75
-153.833,67.9627#28.1#34.17#37.73
-153.686,67.9663#28.12#34.17#37.71
-153.539,67.9698#28.14#34.17#37.69
-153.392,67.9732#28.16#34.17#37.67
-153.244,67.9764#28.2#34.17#37.63
-153.097,67.9794#28.23#34.17#37.6
-152.95,67.9823#28.27#34.17#37.56
-152.803,67.9851#28.33#34.17#37.5
-152.655,67.9877#28.39#34.17#37.44
-152.508,67.9902#28.44#34.18#37.38
-152.361,67.9926#28.52#34.18#37.3
-152.213,67.9948#28.6#34.19#37.21
-152.066,67.9969#28.67#34.2#37.13
-151.918,67.9988#28.76#34.21#37.03
-151.771,68.0006#28.85#34.22#36.93
-151.623,68.0022#28.93#34.23#36.84
-151.475,68.0037#29.02#34.24#36.74
-151.328,68.005#29.11#34.24#36.65
-151.18,68.0063#29.21#34.25#36.54
-151.033,68.0073#29.3#34.26#36.44
-150.885,68.0082#29.38#34.25#36.37
-150.737,68.009#29.47#34.24#36.29
-150.59,68.0097#29.56#34.22#36.22
-150.442,68.0102#29.64#34.19#36.17
-150.294,68.0105#29.73#34.13#36.14
-150.147,68.0107#29.81#34.06#36.13
-149.999,68.0108#29.89#34#36.11
-149.851,68.0107#29.96#33.91#36.13
-149.704,68.0105#30.04#33.82#36.14
-149.556,68.0102#30.11#33.73#36.16
-149.408,68.0097#30.19#33.63#36.18
-149.261,68.009#30.26#33.52#36.22
-149.113,68.0082#30.33#33.41#36.26
-148.965,68.0073#30.4#33.31#36.29
-148.818,68.0062#30.47#33.25#36.28
-148.67,68.005#30.53#33.19#36.28
-148.523,68.0037#30.6#33.13#36.27
-148.375,68.0022#30.67#33.1#36.23
-148.228,68.0005#30.73#33.08#36.19
-148.08,67.9988#30.8#33.06#36.14
-147.933,67.9968#30.87#33.04#36.09
-147.785,67.9948#30.94#33.04#36.02
-147.638,67.9926#31.01#33.03#35.96
-147.49,67.9902#31.08#33.02#35.9
-147.343,67.9877#31.13#33.01#35.86
-147.196,67.9851#31.19#33.01#35.8
-147.048,67.9823#31.24#33.01#35.75
-146.901,67.9794#31.28#33.01#35.71
-146.754,67.9763#31.3#33#35.7
-146.607,67.9731#31.32#33#35.68
-146.459,67.9698#31.34#33#35.66
-146.312,67.9663#31.34#33#35.66
-146.165,67.9627#31.35#33#35.65
-146.018,67.9589#31.35#33#35.65
-145.871,67.955#31.35#33#35.65
-145.725,67.9509#31.35#33#35.65
-145.578,67.9467#31.35#33#35.65
-145.431,67.9424#31.35#33#35.65
-145.284,67.9379#31.36#33#35.64
-145.138,67.9333#31.37#33#35.63
-144.991,67.9286#31.38#33#35.62
-144.844,67.9237#31.41#32.99#35.6
-144.698,67.9186#31.45#32.98#35.57
-144.552,67.9135#31.48#32.98#35.54
-144.405,67.9081#31.52#32.93#35.55
-144.259,67.9027#31.56#32.87#35.57
-157.07,67.9022#27.81#34.26#37.93
-156.924,67.9089#27.82#34.25#37.93
-156.778,67.9155#27.84#34.24#37.92
-156.632,67.922#27.85#34.23#37.92
-156.486,67.9283#27.86#34.22#37.92
-156.339,67.9345#27.87#34.21#37.92
-156.193,67.9405#27.88#34.2#37.92
-156.047,67.9464#27.9#34.19#37.91
-155.9,67.9521#27.91#34.18#37.91
-155.754,67.9577#27.92#34.17#37.91
-155.607,67.9632#27.93#34.16#37.91
-155.461,67.9686#27.94#34.15#37.91
-155.314,67.9737#27.96#34.15#37.89
-155.167,67.9788#27.97#34.14#37.89
-155.02,67.9837#27.98#34.14#37.88
-154.873,67.9885#27.99#34.13#37.88
-154.726,67.9931#28.01#34.13#37.86
-154.579,67.9976#28.02#34.13#37.85
-154.432,68.0019#28.03#34.13#37.84
-154.285,68.0061#28.04#34.13#37.83
-154.137,68.0102#28.06#34.13#37.81
-153.99,68.0141#28.07#34.13#37.8
-153.843,68.0179#28.09#34.13#37.78
-153.695,68.0215#28.1#34.13#37.77
-153.548,68.025#28.12#34.13#37.75
-153.4,68.0284#28.15#34.13#37.72
-153.253,68.0316#28.18#34.13#37.69
-153.105,68.0346#28.21#34.13#37.66
-152.958,68.0376#28.25#34.13#37.62
-152.81,68.0403#28.3#34.14#37.56
-152.662,68.043#28.35#34.14#37.51
-152.514,68.0455#28.4#34.14#37.46
-152.367,68.0478#28.48#34.15#37.37
-152.219,68.05#28.55#34.16#37.29
-152.071,68.0521#28.62#34.16#37.22
-151.923,68.054#28.7#34.17#37.13
-151.775,68.0558#28.79#34.18#37.03
-151.627,68.0575#28.87#34.19#36.94
-151.479,68.059#28.96#34.2#36.84
-151.331,68.0603#29.05#34.21#36.74
-151.183,68.0615#29.14#34.22#36.64
-151.035,68.0626#29.23#34.23#36.54
-150.887,68.0635#29.32#34.23#36.45
-150.739,68.0643#29.4#34.22#36.38
-150.591,68.065#29.49#34.22#36.29
-150.443,68.0655#29.58#34.19#36.23
-150.295,68.0658#29.66#34.13#36.21
-150.147,68.066#29.74#34.07#36.19
-149.999,68.0661#29.82#34.01#36.17
-149.851,68.066#29.9#33.92#36.18
-149.703,68.0658#29.97#33.84#36.19
-149.555,68.0655#30.05#33.76#36.19
-149.407,68.065#30.12#33.66#36.22
-149.259,68.0643#30.2#33.54#36.26
-149.111,68.0635#30.27#33.43#36.3
-148.963,68.0626#30.34#33.33#36.33
-148.815,68.0615#30.41#33.26#36.33
-148.667,68.0603#30.47#33.2#36.33
-148.519,68.0589#30.54#33.13#36.33
-148.371,68.0574#30.61#33.11#36.28
-148.223,68.0558#30.68#33.08#36.24
-148.075,68.054#30.75#33.06#36.19
-147.927,68.0521#30.82#33.05#36.13
-147.779,68.05#30.89#33.04#36.07
-147.632,68.0478#30.97#33.03#36
-147.484,68.0454#31.04#33.02#35.94
-147.336,68.0429#31.1#33.02#35.88
-147.188,68.0403#31.15#33.01#35.84
-147.041,68.0375#31.21#33.01#35.78
-146.893,68.0346#31.24#33.01#35.75
-146.745,68.0315#31.27#33#35.73
-146.598,68.0283#31.29#33#35.71
-146.45,68.025#31.31#33#35.69
-146.303,68.0215#31.31#33#35.69
-146.155,68.0178#31.32#33#35.68
-146.008,68.0141#31.32#33#35.68
-145.861,68.0101#31.32#33#35.68
-145.713,68.0061#31.31#33#35.69
-145.566,68.0019#31.31#33#35.69
-145.419,67.9975#31.32#33#35.68
-145.272,67.993#31.33#33#35.67
-145.125,67.9884#31.34#33#35.66
-144.978,67.9836#31.35#33#35.65
-144.831,67.9787#31.38#32.99#35.63
-144.684,67.9737#31.41#32.98#35.61
-144.538,67.9685#31.44#32.98#35.58
-144.391,67.9632#31.48#32.93#35.59
-144.244,67.9577#31.53#32.87#35.6
-144.098,67.9521#31.58#32.81#35.61
-143.951,67.9463#31.62#32.75#35.63
-143.805,67.9404#31.66#32.66#35.68
-143.659,67.9344#31.7#32.58#35.72
-143.513,67.9282#31.75#32.49#35.76
-143.366,67.9219#31.78#32.38#35.84
-143.22,67.9154#31.82#32.27#35.91
-143.074,67.9088#31.86#32.16#35.98
-142.929,67.9021#31.9#32.06#36.04
-158.109,67.9059#27.72#34.22#38.06
-157.963,67.9136#27.73#34.23#38.04
-157.817,67.9212#27.74#34.23#38.03
-157.672,67.9286#27.75#34.23#38.02
-157.526,67.9359#27.76#34.23#38.01
-157.38,67.9431#27.78#34.22#38
-157.234,67.9502#27.79#34.21#38
-157.088,67.957#27.8#34.21#37.99
-156.942,67.9638#27.81#34.2#37.99
-156.795,67.9704#27.82#34.19#37.99
-156.649,67.9769#27.84#34.18#37.98
-156.502,67.9832#27.85#34.17#37.98
-156.356,67.9894#27.86#34.16#37.98
-156.209,67.9954#27.87#34.15#37.98
-156.062,68.0014#27.88#34.14#37.98
-155.915,68.0071#27.9#34.13#37.97
-155.769,68.0128#27.91#34.12#37.97
-155.622,68.0182#27.92#34.11#37.97
-155.475,68.0236#27.93#34.11#37.96
-155.327,68.0288#27.94#34.1#37.96
-155.18,68.0339#27.96#34.1#37.94
-155.033,68.0388#27.97#34.09#37.94
-154.886,68.0436#27.98#34.09#37.93
-154.738,68.0482#27.99#34.09#37.92
-154.591,68.0527#28.01#34.09#37.9
-154.443,68.0571#28.02#34.09#37.89
-154.296,68.0613#28.03#34.08#37.89
-154.148,68.0653#28.04#34.08#37.88
-154,68.0693#28.05#34.08#37.87
-153.853,68.0731#28.07#34.09#37.84
-153.705,68.0767#28.09#34.09#37.82
-153.557,68.0802#28.1#34.09#37.81
-153.409,68.0836#28.13#34.09#37.78
-153.261,68.0868#28.16#34.09#37.75
-153.113,68.0899#28.19#34.09#37.72
-152.965,68.0928#28.22#34.1#37.68
-152.817,68.0956#28.27#34.1#37.63
-152.669,68.0982#28.32#34.1#37.58
-152.521,68.1007#28.36#34.11#37.53
-152.373,68.1031#28.43#34.12#37.45
-152.225,68.1053#28.5#34.12#37.38
-152.076,68.1074#28.57#34.13#37.3
-151.928,68.1093#28.65#34.14#37.21
-151.78,68.1111#28.73#34.15#37.12
-151.631,68.1127#28.81#34.16#37.03
-151.483,68.1143#28.9#34.17#36.93
-151.335,68.1156#28.98#34.18#36.84
-151.186,68.1168#29.07#34.19#36.74
-151.038,68.1179#29.16#34.2#36.64
-150.89,68.1188#29.25#34.21#36.54
-150.741,68.1196#29.34#34.21#36.45
-150.593,68.1203#29.42#34.22#36.36
-150.444,68.1208#29.51#34.2#36.29
-150.296,68.1211#29.59#34.14#36.27
-150.148,68.1213#29.67#34.08#36.25
-149.999,68.1214#29.76#34.02#36.22
-149.851,68.1213#29.83#33.94#36.23
-149.702,68.1211#29.91#33.87#36.22
-149.554,68.1208#29.99#33.8#36.21
-149.405,68.1203#30.06#33.69#36.25
-149.257,68.1196#30.13#33.57#36.3
-149.109,68.1188#30.21#33.45#36.34
-148.96,68.1179#30.28#33.35#36.37
-148.812,68.1168#30.35#33.28#36.37
-148.663,68.1156#30.42#33.21#36.37
-148.515,68.1142#30.49#33.14#36.37
-148.367,68.1127#30.56#33.11#36.33
-148.218,68.1111#30.63#33.09#36.28
-148.07,68.1093#30.7#33.07#36.23
-147.922,68.1074#30.77#33.05#36.18
-147.774,68.1053#30.85#33.04#36.11
-147.625,68.1031#30.92#33.03#36.05
-147.477,68.1007#31#33.02#35.98
-147.329,68.0982#31.06#33.02#35.92
-147.181,68.0955#31.12#33.01#35.87
-147.033,68.0927#31.18#33.01#35.81
-146.885,68.0898#31.21#33.01#35.78
-146.737,68.0867#31.23#33#35.77
-146.589,68.0835#31.26#33#35.74
-146.441,68.0802#31.27#33#35.73
-146.293,68.0767#31.28#33#35.72
-146.145,68.073#31.28#33#35.72
-145.998,68.0692#31.29#33#35.71
-145.85,68.0653#31.28#33#35.72
-145.702,68.0612#31.28#33#35.72
-145.555,68.057#31.27#33#35.73
-145.407,68.0526#31.28#33#35.72
-145.26,68.0481#31.29#33#35.71
-145.112,68.0435#31.3#33#35.7
-144.965,68.0387#31.31#33#35.69
-144.818,68.0338#31.34#32.99#35.67
-144.671,68.0287#31.37#32.98#35.65
-144.524,68.0235#31.4#32.98#35.62
-144.377,68.0182#31.44#32.93#35.63
-144.23,68.0127#31.49#32.87#35.64
-144.083,68.0071#31.54#32.82#35.64
-143.936,68.0013#31.59#32.75#35.66
-143.789,67.9954#31.63#32.67#35.7
-143.642,67.9893#31.67#32.59#35.74
-143.496,67.9831#31.72#32.51#35.77
-143.349,67.9768#31.76#32.39#35.85
-143.203,67.9703#31.79#32.28#35.93
-143.057,67.9637#31.83#32.16#36.01
-142.91,67.957#31.87#32.06#36.07
-142.764,67.9501#31.91#31.97#36.12
-142.618,67.943#31.94#31.88#36.18
-142.472,67.9359#31.98#31.8#36.22
-142.326,67.9285#32.01#31.74#36.25
-142.181,67.9211#32.05#31.67#36.28
-142.035,67.9135#32.09#31.61#36.3
-141.89,67.9058#32.12#31.57#36.31
-159.148,67.9025#27.62#33.99#38.39
-159.003,67.9112#27.64#34.04#38.32
-158.857,67.9198#27.65#34.07#38.28
-158.712,67.9282#27.66#34.09#38.25
-158.566,67.9365#27.67#34.12#38.21
-158.421,67.9447#27.68#34.14#38.18
-158.275,67.9527#27.69#34.15#38.16
-158.129,67.9606#27.7#34.16#38.14
-157.983,67.9683#27.72#34.17#38.11
-157.837,67.976#27.73#34.17#38.1
-157.691,67.9834#27.74#34.17#38.09
-157.545,67.9908#27.75#34.17#38.08
-157.399,67.9979#27.76#34.16#38.08
-157.252,68.005#27.77#34.16#38.07
-157.106,68.0119#27.79#34.15#38.06
-156.959,68.0187#27.8#34.14#38.06
-156.813,68.0253#27.81#34.13#38.06
-156.666,68.0318#27.82#34.12#38.06
-156.519,68.0381#27.83#34.11#38.06
-156.372,68.0444#27.85#34.1#38.05
-156.225,68.0504#27.86#34.09#38.05
-156.078,68.0563#27.87#34.09#38.04
-155.931,68.0621#27.88#34.08#38.04
-155.783,68.0678#27.89#34.07#38.04
-155.636,68.0733#27.91#34.06#38.03
-155.489,68.0786#27.92#34.06#38.02
-155.341,68.0839#27.93#34.05#38.02
-155.194,68.0889#27.94#34.05#38.01
-155.046,68.0939#27.95#34.05#38
-154.898,68.0987#27.97#34.04#37.99
-154.751,68.1033#27.98#34.04#37.98
-154.603,68.1078#27.99#34.04#37.97
-154.455,68.1122#28#34.04#37.96
-154.307,68.1164#28.02#34.04#37.94
-154.159,68.1205#28.03#34.04#37.93
-154.011,68.1244#28.04#34.04#37.92
-153.863,68.1282#28.06#34.05#37.89
-153.714,68.1319#28.07#34.05#37.88
-153.566,68.1354#28.09#34.05#37.86
-153.418,68.1388#28.11#34.05#37.84
-153.27,68.142#28.14#34.05#37.81
-153.121,68.1451#28.17#34.06#37.77
-152.973,68.148#28.2#34.06#37.74
-152.824,68.1508#28.24#34.06#37.7
-152.676,68.1535#28.29#34.07#37.64
-152.527,68.156#28.33#34.07#37.6
-152.379,68.1584#28.4#34.08#37.52
-152.23,68.1606#28.46#34.09#37.45
-152.082,68.1627#28.53#34.09#37.38
-151.933,68.1646#28.6#34.1#37.3
-151.784,68.1664#28.69#34.11#37.2
-151.636,68.168#28.77#34.13#37.1
-151.487,68.1696#28.85#34.14#37.01
-151.338,68.1709#28.93#34.15#36.92
-151.189,68.1721#29.02#34.16#36.82
-151.041,68.1732#29.11#34.17#36.72
-150.892,68.1741#29.19#34.18#36.63
-150.743,68.1749#29.28#34.18#36.54
-150.594,68.1756#29.37#34.19#36.44
-150.446,68.1761#29.45#34.17#36.38
-150.297,68.1764#29.53#34.12#36.35
-150.148,68.1767#29.61#34.07#36.32
-149.999,68.1767#29.7#34.01#36.29
-149.85,68.1767#29.77#33.94#36.29
-149.701,68.1764#29.85#33.87#36.28
-149.553,68.1761#29.93#33.8#36.27
-149.404,68.1756#30#33.7#36.3
-149.255,68.1749#30.08#33.59#36.33
-149.106,68.1741#30.15#33.47#36.38
-148.957,68.1732#30.22#33.37#36.41
-148.809,68.1721#30.29#33.3#36.41
-148.66,68.1709#30.36#33.22#36.42
-148.511,68.1695#30.43#33.15#36.42
-148.362,68.168#30.51#33.12#36.37
-148.214,68.1664#30.58#33.1#36.32
-148.065,68.1646#30.66#33.07#36.27
-147.916,68.1626#30.73#33.05#36.22
-147.768,68.1606#30.81#33.04#36.15
-147.619,68.1583#30.89#33.03#36.08
-147.471,68.156#30.97#33.02#36.01
-147.322,68.1534#31.03#33.02#35.95
-147.174,68.1508#31.09#33.01#35.9
-147.025,68.148#31.15#33.01#35.84
-146.877,68.145#31.18#33.01#35.81
-146.729,68.142#31.2#33#35.8
-146.58,68.1387#31.23#33#35.77
-146.432,68.1354#31.24#33#35.76
-146.284,68.1318#31.25#33#35.75
-146.136,68.1282#31.25#33#35.75
-145.987,68.1244#31.25#33#35.75
-145.839,68.1204#31.25#33#35.75
-145.691,68.1164#31.24#33#35.76
-145.543,68.1121#31.24#33#35.76
-145.395,68.1078#31.24#33#35.76
-145.248,68.1033#31.25#33#35.75
-145.1,68.0986#31.26#33#35.74
-144.952,68.0938#31.28#33#35.72
-144.805,68.0889#31.31#32.99#35.7
-144.657,68.0838#31.33#32.98#35.69
-144.509,68.0786#31.36#32.98#35.66
-144.362,68.0732#31.41#32.93#35.66
-144.215,68.0677#31.46#32.87#35.67
-144.067,68.0621#31.51#32.82#35.67
-143.92,68.0563#31.55#32.76#35.69
-143.773,68.0503#31.6#32.68#35.72
-143.626,68.0443#31.64#32.6#35.76
-143.479,68.0381#31.69#32.52#35.79
-143.332,68.0317#31.73#32.4#35.87
-143.185,68.0252#31.76#32.29#35.95
-143.039,68.0186#31.8#32.17#36.03
-142.892,68.0118#31.84#32.07#36.09
-142.746,68.0049#31.88#31.97#36.15
-142.599,67.9979#31.91#31.88#36.21
-142.453,67.9907#31.95#31.8#36.25
-142.307,67.9833#31.99#31.73#36.28
-142.161,67.9759#32.02#31.67#36.31
-142.015,67.9683#32.06#31.61#36.33
-141.869,67.9605#32.09#31.57#36.34
-141.723,67.9526#32.13#31.53#36.34
-141.577,67.9446#32.16#31.49#36.35
-141.432,67.9364#32.19#31.48#36.33
-141.286,67.9281#32.22#31.49#36.29
-141.141,67.9197#32.26#31.51#36.23
-140.996,67.9111#32.29#31.53#36.18
-140.851,67.9024#32.25#31.54#36.21
-160.041,67.9017#27.54#33.56#38.9
-159.897,67.9113#27.56#33.63#38.81
-159.752,67.9207#27.57#33.7#38.73
-159.607,67.93#27.58#33.76#38.66
-159.462,67.9392#27.59#33.82#38.59
-159.316,67.9482#27.6#33.87#38.53
-159.171,67.957#27.61#33.92#38.47
-159.026,67.9658#27.62#33.97#38.41
-158.88,67.9744#27.63#34#38.37
-158.734,67.9829#27.64#34.02#38.34
-158.588,67.9912#27.66#34.05#38.29
-158.442,67.9994#27.67#34.07#38.26
-158.296,68.0074#27.68#34.08#38.24
-158.15,68.0153#27.69#34.1#38.21
-158.004,68.0231#27.7#34.11#38.19
-157.858,68.0307#27.71#34.11#38.18
-157.711,68.0382#27.73#34.11#38.16
-157.565,68.0456#27.74#34.11#38.15
-157.418,68.0528#27.75#34.11#38.14
-157.271,68.0598#27.76#34.1#38.14
-157.124,68.0668#27.77#34.09#38.14
-156.977,68.0736#27.78#34.09#38.13
-156.83,68.0802#27.8#34.08#38.12
-156.683,68.0867#27.81#34.07#38.12
-156.536,68.0931#27.82#34.06#38.12
-156.389,68.0993#27.83#34.05#38.12
-156.241,68.1054#27.84#34.04#38.12
-156.094,68.1113#27.86#34.03#38.11
-155.946,68.1171#27.87#34.03#38.1
-155.798,68.1228#27.88#34.02#38.1
-155.651,68.1283#27.89#34.01#38.1
-155.503,68.1337#27.9#34.01#38.09
-155.355,68.1389#27.92#34.01#38.07
-155.207,68.144#27.93#34#38.07
-155.059,68.149#27.94#34#38.06
-154.911,68.1538#27.95#34#38.05
-154.763,68.1584#27.97#34#38.03
-154.615,68.163#27.98#34#38.02
-154.466,68.1673#27.99#34#38.01
-154.318,68.1716#28#34#38
-154.17,68.1757#28.02#34#37.98
-154.021,68.1796#28.03#34#37.97
-153.873,68.1834#28.04#34#37.96
-153.724,68.1871#28.06#34.01#37.93
-153.575,68.1906#28.08#34.01#37.91
-153.427,68.194#28.1#34.01#37.89
-153.278,68.1972#28.12#34.01#37.87
-153.129,68.2003#28.15#34.02#37.83
-152.981,68.2033#28.18#34.02#37.8
-152.832,68.2061#28.22#34.03#37.75
-152.683,68.2087#28.27#34.03#37.7
-152.534,68.2113#28.31#34.04#37.65
-152.385,68.2136#28.37#34.04#37.59
-152.236,68.2159#28.43#34.05#37.52
-152.087,68.2179#28.5#34.06#37.44
-151.938,68.2199#28.57#34.07#37.36
-151.789,68.2217#28.64#34.08#37.28
-151.64,68.2233#28.72#34.09#37.19
-151.491,68.2249#28.8#34.1#37.1
-151.342,68.2262#28.89#34.11#37
-151.193,68.2275#28.97#34.12#36.91
-151.043,68.2285#29.05#34.14#36.81
-150.894,68.2295#29.14#34.14#36.72
-150.745,68.2303#29.22#34.15#36.63
-150.596,68.2309#29.31#34.16#36.53
-150.447,68.2314#29.39#34.15#36.46
-150.297,68.2318#29.47#34.1#36.43
-150.148,68.232#29.56#34.06#36.38
-149.999,68.2321#29.64#34.01#36.35
-149.85,68.232#29.71#33.94#36.35
-149.701,68.2318#29.79#33.87#36.34
-149.551,68.2314#29.87#33.8#36.33
-149.402,68.2309#29.94#33.71#36.35
-149.253,68.2302#30.02#33.6#36.38
-149.104,68.2295#30.09#33.49#36.42
-148.955,68.2285#30.16#33.39#36.45
-148.806,68.2274#30.23#33.31#36.46
-148.656,68.2262#30.31#33.24#36.45
-148.507,68.2248#30.38#33.16#36.46
-148.358,68.2233#30.46#33.13#36.41
-148.209,68.2217#30.54#33.1#36.36
-148.06,68.2199#30.62#33.07#36.31
-147.911,68.2179#30.7#33.06#36.24
-147.762,68.2158#30.78#33.04#36.18
-147.613,68.2136#30.86#33.03#36.11
-147.464,68.2112#30.94#33.02#36.04
-147.315,68.2087#31.01#33.02#35.97
-147.166,68.206#31.07#33.01#35.92
-147.018,68.2032#31.14#33.01#35.85
-146.869,68.2003#31.16#33.01#35.83
-146.72,68.1972#31.19#33#35.81
-146.571,68.194#31.21#33#35.79
-146.423,68.1906#31.22#33#35.78
-146.274,68.187#31.23#33#35.77
-146.125,68.1834#31.23#33#35.77
-145.977,68.1796#31.23#33#35.77
-145.829,68.1756#31.23#33#35.77
-145.68,68.1715#31.22#33#35.78
-145.532,68.1673#31.21#33#35.79
-145.384,68.1629#31.22#33#35.78
-145.235,68.1584#31.23#33#35.77
-145.087,68.1537#31.24#33#35.76
-144.939,68.1489#31.25#33#35.75
-144.791,68.144#31.27#32.99#35.74
-144.643,68.1389#31.3#32.98#35.72
-144.495,68.1336#31.32#32.98#35.7
-144.347,68.1282#31.37#32.93#35.7
-144.2,68.1227#31.42#32.88#35.7
-144.052,68.1171#31.47#32.82#35.71
-143.904,68.1113#31.52#32.76#35.72
-143.757,68.1053#31.57#32.69#35.74
-143.61,68.0992#31.61#32.62#35.77
-143.462,68.093#31.66#32.53#35.81
-143.315,68.0866#31.7#32.41#35.89
-143.168,68.0801#31.74#32.29#35.97
-143.021,68.0735#31.77#32.17#36.06
-142.874,68.0667#31.81#32.07#36.12
-142.727,68.0598#31.85#31.97#36.18
-142.58,68.0527#31.89#31.88#36.23
-142.434,68.0455#31.92#31.79#36.29
-142.287,68.0381#31.96#31.73#36.31
-142.141,68.0306#31.99#31.67#36.34
-141.994,68.023#32.03#31.6#36.37
-141.848,68.0152#32.06#31.57#36.37
-141.702,68.0073#32.1#31.53#36.37
-141.556,67.9993#32.13#31.49#36.38
-141.41,67.9911#32.16#31.48#36.36
-141.264,67.9828#32.19#31.49#36.32
-141.118,67.9743#32.22#31.51#36.27
-140.973,67.9657#32.24#31.52#36.24
-140.827,67.9569#32.19#31.53#36.28
-140.682,67.9481#32.15#31.54#36.31
-140.537,67.939#32.11#31.55#36.34
-140.391,67.9299#32.05#31.55#36.4
-140.246,67.9206#31.99#31.55#36.46
-140.102,67.9111#31.94#31.55#36.51
-139.957,67.9016#31.91#31.56#36.53
-160.791,67.9061#27.48#33.09#39.43
-160.646,67.9164#27.49#33.16#39.35
-160.502,67.9265#27.5#33.24#39.26
-160.357,67.9365#27.51#33.32#39.17
-160.212,67.9464#27.52#33.39#39.09
-160.067,67.9561#27.53#33.47#39
-159.922,67.9657#27.54#33.54#38.92
-159.777,67.9752#27.55#33.61#38.84
-159.631,67.9845#27.56#33.68#38.76
-159.486,67.9937#27.57#33.75#38.68
-159.34,68.0027#27.59#33.79#38.62
-159.195,68.0116#27.6#33.84#38.56
-159.049,68.0204#27.61#33.89#38.5
-158.903,68.029#27.62#33.93#38.45
-158.757,68.0375#27.63#33.95#38.42
-158.611,68.0459#27.64#33.98#38.38
-158.464,68.0541#27.65#34#38.35
-158.318,68.0621#27.67#34.02#38.31
-158.171,68.0701#27.68#34.03#38.29
-158.025,68.0779#27.69#34.04#38.27
-157.878,68.0855#27.7#34.05#38.25
-157.731,68.093#27.71#34.05#38.24
-157.584,68.1004#27.72#34.05#38.23
-157.437,68.1076#27.74#34.05#38.21
-157.29,68.1147#27.75#34.04#38.21
-157.143,68.1217#27.76#34.04#38.2
-156.995,68.1285#27.77#34.03#38.2
-156.848,68.1351#27.78#34.02#38.2
-156.7,68.1417#27.79#34.01#38.2
-156.553,68.148#27.81#34.01#38.18
-156.405,68.1543#27.82#34#38.18
-156.257,68.1604#27.83#33.99#38.18
-156.109,68.1663#27.84#33.98#38.18
-155.962,68.1722#27.86#33.98#38.16
-155.813,68.1778#27.87#33.97#38.16
-155.665,68.1834#27.88#33.96#38.16
-155.517,68.1888#27.89#33.96#38.15
-155.369,68.194#27.9#33.96#38.14
-155.221,68.1991#27.92#33.95#38.13
-155.072,68.2041#27.93#33.95#38.12
-154.924,68.2089#27.94#33.95#38.11
-154.775,68.2136#27.95#33.95#38.1
-154.627,68.2181#27.97#33.95#38.08
-154.478,68.2225#27.98#33.95#38.07
-154.329,68.2267#27.99#33.95#38.06
-154.18,68.2309#28#33.96#38.04
-154.032,68.2348#28.02#33.96#38.02
-153.883,68.2386#28.03#33.96#38.01
-153.734,68.2423#28.05#33.97#37.98
-153.585,68.2458#28.06#33.97#37.97
-153.436,68.2492#28.08#33.97#37.95
-153.287,68.2525#28.11#33.98#37.91
-153.138,68.2556#28.13#33.98#37.89
-152.988,68.2585#28.16#33.98#37.86
-152.839,68.2613#28.2#33.99#37.81
-152.69,68.264#28.24#33.99#37.77
-152.541,68.2665#28.28#34#37.72
-152.391,68.2689#28.34#34.01#37.65
-152.242,68.2712#28.4#34.01#37.59
-152.093,68.2732#28.46#34.02#37.52
-151.943,68.2752#28.53#34.03#37.44
-151.794,68.277#28.6#34.04#37.36
-151.644,68.2787#28.68#34.06#37.26
-151.495,68.2802#28.76#34.07#37.17
-151.345,68.2815#28.84#34.08#37.08
-151.196,68.2828#28.92#34.09#36.99
-151.046,68.2839#29#34.1#36.9
-150.897,68.2848#29.09#34.11#36.8
-150.747,68.2856#29.17#34.12#36.71
-150.597,68.2862#29.25#34.13#36.62
-150.448,68.2867#29.33#34.12#36.55
-150.298,68.2871#29.42#34.08#36.5
-150.149,68.2873#29.5#34.04#36.46
-149.999,68.2874#29.58#34.01#36.41
-149.849,68.2873#29.65#33.94#36.41
-149.7,68.2871#29.73#33.87#36.4
-149.55,68.2867#29.81#33.8#36.39
-149.401,68.2862#29.88#33.71#36.41
-149.251,68.2856#29.96#33.61#36.43
-149.102,68.2848#30.03#33.51#36.46
-148.952,68.2838#30.1#33.41#36.49
-148.802,68.2828#30.18#33.33#36.49
-148.653,68.2815#30.25#33.26#36.49
-148.503,68.2802#30.33#33.18#36.49
-148.354,68.2786#30.41#33.14#36.45
-148.204,68.277#30.49#33.11#36.4
-148.055,68.2752#30.58#33.08#36.34
-147.906,68.2732#30.66#33.06#36.28
-147.756,68.2711#30.75#33.05#36.2
-147.607,68.2689#30.84#33.03#36.13
-147.458,68.2665#30.92#33.02#36.06
-147.308,68.264#30.99#33.02#35.99
-147.159,68.2613#31.05#33.01#35.94
-147.01,68.2585#31.12#33.01#35.87
-146.861,68.2555#31.15#33.01#35.84
-146.711,68.2524#31.17#33#35.83
-146.562,68.2492#31.19#33#35.81
-146.413,68.2458#31.21#33#35.79
-146.264,68.2423#31.21#33#35.79
-146.115,68.2386#31.21#33#35.79
-145.967,68.2348#31.21#33#35.79
-145.818,68.2308#31.21#33#35.79
-145.669,68.2267#31.2#33#35.8
-145.52,68.2224#31.2#33#35.8
-145.372,68.218#31.2#33#35.8
-145.223,68.2135#31.21#33#35.79
-145.074,68.2088#31.21#33#35.79
-144.926,68.204#31.23#32.99#35.78
-144.778,68.199#31.25#32.99#35.76
-144.629,68.1939#31.27#32.98#35.75
-144.481,68.1887#31.3#32.97#35.73
-144.333,68.1833#31.35#32.92#35.73
-144.185,68.1778#31.39#32.88#35.73
-144.037,68.1721#31.44#32.83#35.73
-143.889,68.1663#31.49#32.76#35.75
-143.741,68.1603#31.54#32.69#35.77
-143.593,68.1542#31.59#32.63#35.78
-143.445,68.148#31.63#32.54#35.83
-143.298,68.1416#31.67#32.42#35.91
-143.15,68.135#31.71#32.3#35.99
-143.003,68.1284#31.75#32.18#36.07
-142.855,68.1216#31.78#32.07#36.15
-142.708,68.1146#31.82#31.97#36.21
-142.561,68.1075#31.86#31.87#36.27
-142.414,68.1003#31.9#31.79#36.31
-142.267,68.0929#31.93#31.73#36.34
-142.12,68.0854#31.97#31.66#36.37
-141.974,68.0778#32#31.6#36.4
-141.827,68.07#32.03#31.56#36.41
-141.68,68.062#32.07#31.53#36.4
-141.534,68.054#32.1#31.49#36.41
-141.388,68.0458#32.13#31.49#36.38
-141.241,68.0374#32.16#31.49#36.35
-141.095,68.0289#32.19#31.5#36.31
-140.949,68.0203#32.19#31.51#36.3
-140.804,68.0115#32.14#31.52#36.34
-140.658,68.0026#32.09#31.53#36.38
-140.512,67.9936#32.04#31.53#36.43
-140.367,67.9844#31.98#31.53#36.49
-140.221,67.9751#31.92#31.52#36.56
-140.076,67.9656#31.85#31.52#36.63
-139.931,67.956#31.83#31.53#36.64
-139.786,67.9463#31.85#31.55#36.6
-139.641,67.9364#31.87#31.58#36.55
-139.497,67.9264#31.89#31.61#36.5
-139.352,67.9162#31.93#31.64#36.43
-139.208,67.906#31.97#31.67#36.36
-161.54,67.9068#27.41#32.64#39.95
-161.396,67.9178#27.42#32.71#39.87
-161.252,67.9286#27.43#32.78#39.79
-161.107,67.9394#27.44#32.85#39.71
-160.963,67.9499#27.45#32.92#39.63
-160.818,67.9604#27.46#33#39.54
-160.673,67.9707#27.47#33.07#39.46
-160.528,67.9809#27.48#33.14#39.38
-160.383,67.9909#27.49#33.22#39.29
-160.238,68.0008#27.51#33.3#39.19
-160.093,68.0106#27.52#33.38#39.1
-159.947,68.0202#27.53#33.45#39.02
-159.802,68.0297#27.54#33.52#38.94
-159.656,68.039#27.55#33.59#38.86
-159.51,68.0482#27.56#33.67#38.77
-159.364,68.0573#27.57#33.72#38.71
-159.218,68.0662#27.58#33.77#38.65
-159.072,68.075#27.59#33.82#38.59
-158.926,68.0837#27.61#33.86#38.53
-158.779,68.0922#27.62#33.88#38.5
-158.633,68.1005#27.63#33.91#38.46
-158.486,68.1088#27.64#33.94#38.42
-158.339,68.1169#27.65#33.95#38.4
-158.192,68.1248#27.66#33.96#38.38
-158.045,68.1326#27.67#33.98#38.35
-157.898,68.1403#27.69#33.99#38.32
-157.751,68.1478#27.7#33.99#38.31
-157.604,68.1552#27.71#33.99#38.3
-157.456,68.1625#27.72#33.99#38.29
-157.309,68.1696#27.73#33.99#38.28
-157.161,68.1765#27.75#33.98#38.27
-157.013,68.1834#27.76#33.98#38.26
-156.866,68.1901#27.77#33.97#38.26
-156.718,68.1966#27.78#33.96#38.26
-156.57,68.203#27.79#33.95#38.26
-156.422,68.2093#27.81#33.94#38.25
-156.274,68.2154#27.82#33.94#38.24
-156.125,68.2214#27.83#33.93#38.24
-155.977,68.2272#27.84#33.92#38.24
-155.829,68.2329#27.85#33.92#38.23
-155.68,68.2384#27.87#33.91#38.22
-155.532,68.2438#27.88#33.91#38.21
-155.383,68.2491#27.89#33.91#38.2
-155.234,68.2542#27.9#33.9#38.2
-155.085,68.2592#27.92#33.9#38.18
-154.937,68.264#27.93#33.9#38.17
-154.788,68.2687#27.94#33.9#38.16
-154.639,68.2733#27.95#33.91#38.14
-154.49,68.2777#27.97#33.91#38.12
-154.341,68.2819#27.98#33.91#38.11
-154.191,68.286#27.99#33.91#38.1
-154.042,68.29#28#33.91#38.09
-153.893,68.2938#28.02#33.92#38.06
-153.744,68.2975#28.03#33.92#38.05
-153.594,68.3011#28.05#33.93#38.02
-153.445,68.3045#28.07#33.93#38
-153.295,68.3077#28.09#33.94#37.97
-153.146,68.3108#28.11#33.94#37.95
-152.996,68.3138#28.14#33.94#37.92
-152.847,68.3166#28.18#33.95#37.87
-152.697,68.3193#28.22#33.96#37.82
-152.547,68.3218#28.26#33.96#37.78
-152.398,68.3242#28.31#33.97#37.72
-152.248,68.3265#28.37#33.98#37.65
-152.098,68.3286#28.43#33.99#37.58
-151.948,68.3305#28.49#34#37.51
-151.798,68.3323#28.56#34.01#37.43
-151.649,68.334#28.64#34.02#37.34
-151.499,68.3355#28.71#34.03#37.26
-151.349,68.3369#28.79#34.04#37.17
-151.199,68.3381#28.87#34.06#37.07
-151.049,68.3392#28.95#34.07#36.98
-150.899,68.3401#29.03#34.08#36.89
-150.749,68.3409#29.11#34.09#36.8
-150.599,68.3416#29.2#34.1#36.7
-150.449,68.3421#29.28#34.09#36.63
-150.299,68.3425#29.36#34.06#36.58
-150.149,68.3427#29.44#34.03#36.53
-149.999,68.3427#29.52#34#36.48
-149.849,68.3427#29.59#33.94#36.47
-149.699,68.3424#29.67#33.87#36.46
-149.549,68.3421#29.75#33.81#36.44
-149.399,68.3416#29.82#33.72#36.46
-149.249,68.3409#29.9#33.62#36.48
-149.099,68.3401#29.97#33.53#36.5
-148.949,68.3392#30.05#33.44#36.51
-148.799,68.3381#30.12#33.35#36.53
-148.649,68.3369#30.2#33.27#36.53
-148.499,68.3355#30.27#33.19#36.54
-148.35,68.334#30.36#33.15#36.49
-148.2,68.3323#30.45#33.12#36.43
-148.05,68.3305#30.54#33.08#36.38
-147.9,68.3285#30.63#33.06#36.31
-147.75,68.3264#30.72#33.05#36.23
-147.601,68.3242#30.81#33.04#36.15
-147.451,68.3218#30.9#33.02#36.08
-147.301,68.3193#30.97#33.02#36.01
-147.152,68.3166#31.04#33.01#35.95
-147.002,68.3138#31.1#33.01#35.89
-146.852,68.3108#31.13#33.01#35.86
-146.703,68.3077#31.15#33#35.85
-146.553,68.3044#31.18#33#35.82
-146.404,68.301#31.19#33#35.81
-146.255,68.2975#31.19#33#35.81
-146.105,68.2938#31.19#33#35.81
-145.956,68.29#31.19#33#35.81
-145.807,68.286#31.19#33#35.81
-145.658,68.2819#31.18#33#35.82
-145.509,68.2776#31.18#33#35.82
-145.359,68.2732#31.18#33#35.82
-145.21,68.2687#31.19#33#35.81
-145.062,68.264#31.19#33#35.81
-144.913,68.2591#31.21#32.99#35.8
-144.764,68.2541#31.23#32.98#35.79
-144.615,68.249#31.25#32.98#35.77
-144.467,68.2438#31.28#32.96#35.76
-144.318,68.2384#31.32#32.92#35.76
-144.17,68.2328#31.37#32.87#35.76
-144.021,68.2271#31.41#32.83#35.76
-143.873,68.2213#31.46#32.77#35.77
-143.725,68.2153#31.51#32.7#35.79
-143.576,68.2092#31.56#32.63#35.81
-143.428,68.2029#31.6#32.54#35.86
-143.28,68.1965#31.64#32.43#35.93
-143.132,68.19#31.68#32.31#36.01
-142.985,68.1833#31.72#32.2#36.08
-142.837,68.1765#31.76#32.09#36.15
-142.689,68.1695#31.8#31.98#36.22
-142.542,68.1624#31.83#31.87#36.3
-142.394,68.1551#31.87#31.79#36.34
-142.247,68.1477#31.9#31.72#36.38
-142.1,68.1402#31.94#31.66#36.4
-141.953,68.1325#31.97#31.6#36.43
-141.806,68.1247#32#31.56#36.44
-141.659,68.1168#32.04#31.53#36.43
-141.512,68.1087#32.07#31.49#36.44
-141.365,68.1004#32.1#31.49#36.41
-141.219,68.0921#32.13#31.49#36.38
-141.072,68.0835#32.16#31.5#36.34
-140.926,68.0749#32.14#31.5#36.36
-140.78,68.0661#32.09#31.5#36.41
-140.634,68.0572#32.03#31.51#36.46
-140.488,68.0481#31.97#31.52#36.51
-140.342,68.0389#31.9#31.5#36.6
-140.196,68.0295#31.83#31.49#36.68
-140.051,68.0201#31.77#31.48#36.75
-139.905,68.0104#31.75#31.5#36.75
-139.76,68.0007#31.77#31.52#36.71
-139.615,67.9908#31.78#31.54#36.68
-139.47,67.9807#31.8#31.57#36.63
-139.325,67.9706#31.84#31.6#36.56
-139.18,67.9603#31.88#31.63#36.49
-139.035,67.9498#31.91#31.67#36.42
-138.891,67.9392#31.95#31.7#36.35
-138.747,67.9285#31.99#31.73#36.28
-138.602,67.9177#32.03#31.77#36.2
-138.458,67.9067#32.07#31.8#36.13
-162.289,67.9038#27.34#32.25#40.41
-162.145,67.9155#27.35#32.31#40.34
-162.002,67.9271#27.36#32.37#40.27
-161.858,67.9385#27.37#32.43#40.2
-161.714,67.9498#27.38#32.49#40.13
-161.569,67.961#27.39#32.56#40.05
-161.425,67.972#27.4#32.63#39.97
-161.28,67.9829#27.42#32.7#39.88
-161.136,67.9936#27.43#32.77#39.8
-160.991,68.0042#27.44#32.83#39.73
-160.846,68.0147#27.45#32.91#39.64
-160.701,68.025#27.46#32.98#39.56
-160.555,68.0352#27.47#33.05#39.48
-160.41,68.0453#27.48#33.12#39.4
-160.264,68.0552#27.49#33.2#39.31
-160.119,68.065#27.5#33.28#39.22
-159.973,68.0746#27.51#33.36#39.13
-159.827,68.0842#27.52#33.44#39.04
-159.681,68.0935#27.54#33.51#38.95
-159.535,68.1028#27.55#33.58#38.87
-159.388,68.1119#27.56#33.64#38.8
-159.242,68.1208#27.57#33.69#38.74
-159.095,68.1296#27.58#33.74#38.68
-158.949,68.1383#27.59#33.78#38.63
-158.802,68.1468#27.6#33.81#38.59
-158.655,68.1552#27.61#33.84#38.55
-158.508,68.1635#27.63#33.87#38.5
-158.361,68.1716#27.64#33.89#38.47
-158.214,68.1796#27.65#33.9#38.45
-158.066,68.1874#27.66#33.92#38.42
-157.919,68.1951#27.67#33.92#38.41
-157.771,68.2026#27.68#33.93#38.39
-157.623,68.2101#27.7#33.93#38.37
-157.476,68.2173#27.71#33.93#38.36
-157.328,68.2245#27.72#33.93#38.35
-157.18,68.2314#27.73#33.93#38.34
-157.032,68.2383#27.74#33.92#38.34
-156.884,68.245#27.76#33.91#38.33
-156.735,68.2515#27.77#33.91#38.32
-156.587,68.258#27.78#33.9#38.32
-156.438,68.2642#27.79#33.89#38.32
-156.29,68.2704#27.8#33.88#38.32
-156.141,68.2764#27.82#33.88#38.3
-155.993,68.2822#27.83#33.87#38.3
-155.844,68.2879#27.84#33.87#38.29
-155.695,68.2935#27.85#33.86#38.29
-155.546,68.2989#27.87#33.86#38.27
-155.397,68.3042#27.88#33.86#38.26
-155.248,68.3093#27.89#33.86#38.25
-155.099,68.3143#27.9#33.86#38.24
-154.949,68.3192#27.91#33.86#38.23
-154.8,68.3239#27.93#33.86#38.21
-154.651,68.3284#27.94#33.86#38.2
-154.501,68.3328#27.95#33.86#38.19
-154.352,68.3371#27.97#33.86#38.17
-154.202,68.3412#27.98#33.87#38.15
-154.053,68.3452#27.99#33.87#38.14
-153.903,68.3491#28#33.88#38.12
-153.753,68.3528#28.02#33.88#38.1
-153.604,68.3563#28.03#33.89#38.08
-153.454,68.3597#28.05#33.89#38.06
-153.304,68.363#28.08#33.9#38.02
-153.154,68.3661#28.1#33.9#38
-153.004,68.3691#28.12#33.91#37.97
-152.854,68.3719#28.16#33.91#37.93
-152.704,68.3746#28.2#33.92#37.88
-152.554,68.3771#28.23#33.93#37.84
-152.404,68.3795#28.28#33.93#37.79
-152.254,68.3818#28.34#33.94#37.72
-152.104,68.3839#28.39#33.95#37.66
-151.953,68.3858#28.45#33.96#37.59
-151.803,68.3877#28.52#33.97#37.51
-151.653,68.3893#28.59#33.98#37.43
-151.503,68.3908#28.66#34#37.34
-151.352,68.3922#28.74#34.01#37.25
-151.202,68.3935#28.82#34.02#37.16
-151.052,68.3945#28.9#34.04#37.06
-150.901,68.3955#28.98#34.05#36.97
-150.751,68.3963#29.06#34.06#36.88
-150.601,68.3969#29.14#34.07#36.79
-150.45,68.3974#29.22#34.07#36.71
-150.3,68.3978#29.3#34.05#36.65
-150.149,68.398#29.38#34.02#36.6
-149.999,68.3981#29.46#34#36.54
-149.849,68.398#29.54#33.94#36.52
-149.698,68.3978#29.61#33.87#36.52
-149.548,68.3974#29.69#33.81#36.5
-149.398,68.3969#29.76#33.73#36.51
-149.247,68.3963#29.84#33.64#36.52
-149.097,68.3955#29.91#33.55#36.54
-148.946,68.3945#29.99#33.46#36.55
-148.796,68.3934#30.07#33.37#36.56
-148.646,68.3922#30.14#33.29#36.57
-148.496,68.3908#30.22#33.2#36.58
-148.345,68.3893#30.31#33.16#36.53
-148.195,68.3876#30.41#33.12#36.47
-148.045,68.3858#30.5#33.09#36.41
-147.895,68.3839#30.59#33.06#36.35
-147.744,68.3817#30.69#33.05#36.26
-147.594,68.3795#30.79#33.04#36.17
-147.444,68.3771#30.88#33.03#36.09
-147.294,68.3746#30.95#33.02#36.03
-147.144,68.3719#31.02#33.01#35.97
-146.994,68.369#31.09#33.01#35.9
-146.844,68.3661#31.11#33.01#35.88
-146.694,68.3629#31.13#33#35.87
-146.544,68.3597#31.16#33#35.84
-146.395,68.3563#31.17#33#35.83
-146.245,68.3527#31.17#33#35.83
-146.095,68.349#31.17#33#35.83
-145.945,68.3452#31.17#33#35.83
-145.796,68.3412#31.17#33#35.83
-145.646,68.3371#31.16#33#35.84
-145.497,68.3328#31.16#33#35.84
-145.347,68.3284#31.16#33#35.84
-145.198,68.3238#31.16#33#35.84
-145.049,68.3191#31.17#33#35.83
-144.899,68.3143#31.18#32.99#35.83
-144.75,68.3093#31.21#32.98#35.81
-144.601,68.3041#31.23#32.97#35.8
-144.452,68.2988#31.26#32.96#35.78
-144.303,68.2934#31.3#32.92#35.78
-144.154,68.2879#31.34#32.88#35.78
-144.006,68.2821#31.38#32.83#35.79
-143.857,68.2763#31.43#32.77#35.8
-143.708,68.2703#31.48#32.7#35.82
-143.56,68.2642#31.53#32.64#35.83
-143.411,68.2579#31.58#32.55#35.87
-143.263,68.2515#31.62#32.44#35.94
-143.115,68.2449#31.66#32.32#36.02
-142.966,68.2382#31.7#32.21#36.09
-142.818,68.2314#31.73#32.1#36.17
-142.67,68.2244#31.77#31.99#36.24
-142.522,68.2172#31.81#31.88#36.31
-142.375,68.21#31.84#31.8#36.36
-142.227,68.2026#31.88#31.73#36.39
-142.079,68.195#31.91#31.65#36.44
-141.932,68.1873#31.94#31.6#36.46
-141.785,68.1795#31.97#31.56#36.47
-141.637,68.1715#32.01#31.53#36.46
-141.49,68.1634#32.04#31.49#36.47
-141.343,68.1551#32.07#31.49#36.44
-141.196,68.1467#32.1#31.49#36.41
-141.049,68.1382#32.13#31.49#36.38
-140.903,68.1295#32.09#31.49#36.42
-140.756,68.1207#32.03#31.49#36.48
-140.61,68.1117#31.97#31.49#36.54
-140.463,68.1026#31.9#31.49#36.61
-140.317,68.0934#31.82#31.47#36.71
-140.171,68.084#31.75#31.46#36.79
-140.025,68.0745#31.68#31.44#36.88
-139.879,68.0649#31.67#31.46#36.87
-139.734,68.0551#31.68#31.48#36.84
-139.588,68.0452#31.69#31.51#36.8
-139.443,68.0351#31.71#31.53#36.76
-139.297,68.0249#31.75#31.57#36.68
-139.152,68.0146#31.78#31.6#36.62
-139.007,68.0041#31.82#31.63#36.55
-138.863,67.9935#31.85#31.67#36.48
-138.718,67.9827#31.89#31.71#36.4
-138.573,67.9718#31.93#31.74#36.33
-138.429,67.9608#31.96#31.78#36.26
-138.285,67.9497#32#31.83#36.17
-138.14,67.9384#32.04#31.87#36.09
-137.997,67.9269#32.08#31.91#36.01
-137.853,67.9154#32.13#31.96#35.91
-137.709,67.9037#32.17#32.01#35.82
-162.895,67.9096#27.29#31.94#40.77
-162.752,67.9218#27.3#31.99#40.71
-162.608,67.934#27.31#32.04#40.65
-162.464,67.946#27.32#32.1#40.58
-162.321,67.9578#27.33#32.16#40.51
-162.177,67.9696#27.34#32.22#40.44
-162.032,67.9812#27.35#32.28#40.37
-161.888,67.9926#27.36#32.34#40.3
-161.744,68.0039#27.37#32.41#40.22
-161.599,68.0151#27.38#32.48#40.14
-161.454,68.0262#27.39#32.54#40.07
-161.309,68.0371#27.4#32.61#39.99
-161.164,68.0479#27.41#32.68#39.91
-161.019,68.0585#27.42#32.75#39.83
-160.874,68.069#27.43#32.81#39.76
-160.728,68.0794#27.44#32.88#39.68
-160.583,68.0896#27.46#32.95#39.59
-160.437,68.0997#27.47#33.02#39.51
-160.291,68.1096#27.48#33.11#39.41
-160.145,68.1194#27.49#33.19#39.32
-159.999,68.1291#27.5#33.27#39.23
-159.852,68.1387#27.51#33.35#39.14
-159.706,68.148#27.52#33.42#39.06
-159.559,68.1573#27.53#33.5#38.97
-159.413,68.1664#27.54#33.56#38.9
-159.266,68.1754#27.56#33.61#38.83
-159.119,68.1842#27.57#33.66#38.77
-158.972,68.1929#27.58#33.71#38.71
-158.825,68.2015#27.59#33.74#38.67
-158.677,68.2099#27.6#33.77#38.63
-158.53,68.2182#27.61#33.8#38.59
-158.383,68.2263#27.62#33.82#38.56
-158.235,68.2343#27.64#33.84#38.52
-158.087,68.2422#27.65#33.85#38.5
-157.939,68.2499#27.66#33.86#38.48
-157.791,68.2575#27.67#33.87#38.46
-157.643,68.2649#27.68#33.87#38.45
-157.495,68.2722#27.69#33.88#38.43
-157.347,68.2793#27.71#33.87#38.42
-157.198,68.2863#27.72#33.87#38.41
-157.05,68.2932#27.73#33.87#38.4
-156.901,68.2999#27.74#33.86#38.4
-156.753,68.3065#27.75#33.85#38.4
-156.604,68.3129#27.77#33.84#38.39
-156.455,68.3192#27.78#33.83#38.39
-156.306,68.3254#27.79#33.83#38.38
-156.157,68.3314#27.8#33.82#38.38
-156.008,68.3373#27.82#33.82#38.36
-155.859,68.343#27.83#33.81#38.36
-155.71,68.3486#27.84#33.81#38.35
-155.56,68.354#27.85#33.81#38.34
-155.411,68.3593#27.86#33.81#38.33
-155.262,68.3644#27.88#33.81#38.31
-155.112,68.3694#27.89#33.81#38.3
-154.962,68.3743#27.9#33.81#38.29
-154.813,68.379#27.91#33.81#38.28
-154.663,68.3836#27.93#33.81#38.26
-154.513,68.388#27.94#33.82#38.24
-154.363,68.3923#27.95#33.82#38.23
-154.213,68.3965#27.96#33.82#38.22
-154.063,68.4004#27.98#33.83#38.19
-153.913,68.4043#27.99#33.83#38.18
-153.763,68.408#28.01#33.84#38.15
-153.613,68.4116#28.02#33.85#38.13
-153.463,68.415#28.04#33.85#38.11
-153.313,68.4183#28.06#33.86#38.08
-153.162,68.4214#28.08#33.86#38.06
-153.012,68.4244#28.1#33.87#38.03
-152.862,68.4272#28.14#33.87#37.99
-152.711,68.4299#28.17#33.88#37.95
-152.561,68.4324#28.21#33.89#37.9
-152.41,68.4348#28.26#33.9#37.84
-152.26,68.4371#28.31#33.91#37.78
-152.109,68.4392#28.36#33.91#37.73
-151.958,68.4412#28.42#33.92#37.66
-151.808,68.443#28.48#33.94#37.58
-151.657,68.4447#28.55#33.95#37.5
-151.507,68.4462#28.62#33.96#37.42
-151.356,68.4476#28.69#33.98#37.33
-151.205,68.4488#28.77#33.99#37.24
-151.054,68.4499#28.85#34#37.15
-150.904,68.4509#28.92#34.01#37.07
-150.753,68.4517#29#34.03#36.97
-150.602,68.4523#29.08#34.04#36.88
-150.451,68.4528#29.16#34.04#36.8
-150.301,68.4532#29.24#34.03#36.73
-150.15,68.4534#29.32#34.01#36.67
-149.999,68.4535#29.4#34#36.6
-149.848,68.4534#29.48#33.94#36.58
-149.697,68.4532#29.55#33.88#36.57
-149.547,68.4528#29.63#33.81#36.56
