-150.293,67.9#41.19#27.41#31.4
-150.146,67.9002#41.08#27.42#31.5
-149.999,67.9002#40.97#27.42#31.61
-149.852,67.9002#40.88#27.42#31.7
-149.705,67.9#40.79#27.42#31.79
-153.97,67.9038#46.8#26.75#26.45
-153.823,67.9076#46.53#26.84#26.63
-153.676,67.9112#46.26#26.93#26.81
-153.53,67.9146#45.99#27.02#26.99
-153.383,67.918#45.71#27.08#27.21
-153.236,67.9212#45.44#27.14#27.42
-153.089,67.9242#45.16#27.19#27.65
-152.942,67.9271#44.89#27.23#27.88
-152.795,67.9299#44.63#27.25#28.12
-152.648,67.9325#44.37#27.28#28.35
-152.501,67.935#44.11#27.31#28.58
-152.354,67.9373#43.86#27.32#28.82
-152.207,67.9395#43.61#27.33#29.06
-152.06,67.9416#43.36#27.35#29.29
-151.913,67.9435#43.11#27.36#29.53
-151.766,67.9453#42.87#27.37#29.76
-151.619,67.9469#42.63#27.37#30
-151.472,67.9484#42.4#27.38#30.22
-151.324,67.9498#42.21#27.39#30.4
-151.177,67.951#42.02#27.39#30.59
-151.03,67.952#41.82#27.39#30.79
-150.883,67.953#41.65#27.4#30.95
-150.736,67.9537#41.48#27.4#31.12
-150.588,67.9544#41.31#27.41#31.28
-150.441,67.9549#41.16#27.41#31.43
-150.294,67.9552#41.05#27.41#31.54
-150.146,67.9554#40.93#27.41#31.66
-149.999,67.9555#40.82#27.42#31.76
-149.852,67.9554#40.74#27.42#31.84
-149.704,67.9552#40.65#27.42#31.93
-149.557,67.9549#40.57#27.42#32.01
-149.41,67.9544#40.5#27.42#32.08
-149.263,67.9537#40.45#27.43#32.12
-149.115,67.953#40.4#27.43#32.17
-148.968,67.952#40.36#27.43#32.21
-148.821,67.951#40.32#27.43#32.25
-148.674,67.9498#40.29#27.44#32.27
-148.526,67.9484#40.25#27.44#32.31
-148.379,67.9469#40.22#27.44#32.34
-148.232,67.9453#40.19#27.44#32.37
-148.085,67.9435#40.16#27.44#32.4
-147.938,67.9416#40.13#27.44#32.43
-147.791,67.9395#40.1#27.45#32.45
-147.644,67.9373#40.08#27.45#32.47
-147.497,67.935#40.05#27.45#32.5
-147.35,67.9325#40.02#27.45#32.53
-147.203,67.9299#40#27.45#32.55
-147.056,67.9271#39.98#27.46#32.56
-146.909,67.9242#39.95#27.46#32.59
-146.762,67.9211#39.93#27.46#32.61
-146.615,67.9179#39.9#27.46#32.64
-146.469,67.9146#39.88#27.46#32.66
-146.322,67.9111#39.86#27.46#32.68
-146.175,67.9075#39.83#27.47#32.7
-146.029,67.9038#39.81#27.47#32.72
-155.739,67.9027#49.29#26.1#24.61
-155.593,67.9082#49.15#26.11#24.74
-155.447,67.9135#48.99#26.12#24.89
-155.3,67.9187#48.78#26.15#25.07
-155.154,67.9237#48.56#26.18#25.26
-155.007,67.9286#48.35#26.2#25.45
-154.861,67.9334#48.12#26.27#25.61
-154.714,67.938#47.89#26.34#25.77
-154.567,67.9425#47.67#26.41#25.92
-154.42,67.9468#47.42#26.49#26.09
-154.274,67.951#47.16#26.59#26.25
-154.127,67.955#46.9#26.69#26.41
-153.98,67.9589#46.64#26.78#26.58
-153.833,67.9627#46.37#26.87#26.76
-153.686,67.9663#46.1#26.96#26.94
-153.539,67.9698#45.83#27.04#27.13
-153.392,67.9732#45.56#27.1#27.34
-153.244,67.9764#45.28#27.15#27.57
-153.097,67.9794#45.01#27.2#27.79
-152.95,67.9823#44.74#27.24#28.02
-152.803,67.9851#44.48#27.26#28.26
-152.655,67.9877#44.22#27.28#28.5
-152.508,67.9902#43.96#27.31#28.73
-152.361,67.9926#43.71#27.32#28.97
-152.213,67.9948#43.46#27.34#29.2
-152.066,67.9969#43.21#27.35#29.44
-151.918,67.9988#42.97#27.36#29.67
-151.771,68.0006#42.73#27.37#29.9
-151.623,68.0022#42.49#27.37#30.14
-151.475,68.0037#42.26#27.38#30.36
-151.328,68.005#42.06#27.38#30.56
-151.18,68.0063#41.87#27.39#30.74
-151.033,68.0073#41.68#27.39#30.93
-150.885,68.0082#41.5#27.4#31.1
-150.737,68.009#41.33#27.4#31.27
-150.59,68.0097#41.16#27.4#31.44
-150.442,68.0102#41.01#27.41#31.58
-150.294,68.0105#40.9#27.41#31.69
-150.147,68.0107#40.79#27.41#31.8
-149.999,68.0108#40.68#27.41#31.91
-149.851,68.0107#40.6#27.42#31.98
-149.704,68.0105#40.51#27.42#32.07
-149.556,68.0102#40.43#27.42#32.15
-149.408,68.0097#40.37#27.42#32.21
-149.261,68.009#40.32#27.42#32.26
-149.113,68.0082#40.27#27.43#32.3
-148.965,68.0073#40.23#27.43#32.34
-148.818,68.0062#40.2#27.43#32.37
-148.67,68.005#40.16#27.43#32.41
-148.523,68.0037#40.13#27.43#32.44
-148.375,68.0022#40.1#27.44#32.46
-148.228,68.0005#40.08#27.44#32.48
-148.08,67.9988#40.05#27.44#32.51
-147.933,67.9968#40.02#27.44#32.54
-147.785,67.9948#39.99#27.44#32.57
-147.638,67.9926#39.96#27.45#32.59
-147.49,67.9902#39.94#27.45#32.61
-147.343,67.9877#39.91#27.45#32.64
-147.196,67.9851#39.89#27.45#32.66
-147.048,67.9823#39.87#27.45#32.68
-146.901,67.9794#39.84#27.45#32.71
-146.754,67.9763#39.82#27.46#32.72
-146.607,67.9731#39.8#27.46#32.74
-146.459,67.9698#39.77#27.46#32.77
-146.312,67.9663#39.75#27.46#32.79
-146.165,67.9627#39.73#27.46#32.81
-146.018,67.9589#39.7#27.47#32.83
-145.871,67.955#39.68#27.47#32.85
-145.725,67.9509#39.65#27.47#32.88
-145.578,67.9467#39.63#27.47#32.9
-145.431,67.9424#39.6#27.47#32.93
-145.284,67.9379#39.57#27.48#32.95
-145.138,67.9333#39.55#27.48#32.97
-144.991,67.9286#39.52#27.48#33
-144.844,67.9237#39.46#27.48#33.06
-144.698,67.9186#39.41#27.49#33.1
-144.552,67.9135#39.35#27.49#33.16
-144.405,67.9081#39.29#27.5#33.21
-144.259,67.9027#39.21#27.51#33.28
-157.07,67.9022#50.16#26.09#23.75
-156.924,67.9089#50.09#26.09#23.82
-156.778,67.9155#50#26.09#23.91
-156.632,67.922#49.91#26.09#24
-156.486,67.9283#49.81#26.09#24.1
-156.339,67.9345#49.66#26.09#24.25
-156.193,67.9405#49.52#26.09#24.39
-156.047,67.9464#49.37#26.09#24.54
-155.9,67.9521#49.23#26.1#24.67
-155.754,67.9577#49.09#26.1#24.81
-155.607,67.9632#48.95#26.11#24.94
-155.461,67.9686#48.8#26.12#25.08
-155.314,67.9737#48.58#26.15#25.27
-155.167,67.9788#48.37#26.18#25.45
-155.02,67.9837#48.15#26.22#25.63
-154.873,67.9885#47.93#26.28#25.79
-154.726,67.9931#47.7#26.36#25.94
-154.579,67.9976#47.48#26.43#26.09
-154.432,68.0019#47.24#26.52#26.24
-154.285,68.0061#46.98#26.61#26.41
-154.137,68.0102#46.72#26.71#26.57
-153.99,68.0141#46.47#26.81#26.72
-153.843,68.0179#46.2#26.9#26.9
-153.695,68.0215#45.93#26.98#27.09
-153.548,68.025#45.67#27.07#27.26
-153.4,68.0284#45.4#27.12#27.48
-153.253,68.0316#45.13#27.17#27.7
-153.105,68.0346#44.85#27.21#27.94
-152.958,68.0376#44.59#27.25#28.16
-152.81,68.0403#44.33#27.27#28.4
-152.662,68.043#44.07#27.29#28.64
-152.514,68.0455#43.82#27.31#28.87
-152.367,68.0478#43.57#27.33#29.1
-152.219,68.05#43.32#27.34#29.34
-152.071,68.0521#43.07#27.35#29.58
-151.923,68.054#42.82#27.36#29.82
-151.775,68.0558#42.58#27.36#30.06
-151.627,68.0575#42.34#27.37#30.29
-151.479,68.059#42.11#27.38#30.51
-151.331,68.0603#41.92#27.38#30.7
-151.183,68.0615#41.73#27.39#30.88
-151.035,68.0626#41.54#27.39#31.07
-150.887,68.0635#41.36#27.39#31.25
-150.739,68.0643#41.18#27.4#31.42
-150.591,68.065#41.01#27.4#31.59
-150.443,68.0655#40.86#27.4#31.74
-150.295,68.0658#40.75#27.41#31.84
-150.147,68.066#40.64#27.41#31.95
-149.999,68.0661#40.53#27.41#32.06
-149.851,68.066#40.45#27.41#32.14
-149.703,68.0658#40.37#27.42#32.21
-149.555,68.0655#40.29#27.42#32.29
-149.407,68.065#40.24#27.42#32.34
-149.259,68.0643#40.19#27.42#32.39
-149.111,68.0635#40.14#27.42#32.44
-148.963,68.0626#40.1#27.43#32.47
-148.815,68.0615#40.07#27.43#32.5
-148.667,68.0603#40.04#27.43#32.53
-148.519,68.0589#40.01#27.43#32.56
-148.371,68.0574#39.99#27.43#32.58
-148.223,68.0558#39.96#27.44#32.6
-148.075,68.054#39.93#27.44#32.63
-147.927,68.0521#39.9#27.44#32.66
-147.779,68.05#39.88#27.44#32.68
-147.632,68.0478#39.85#27.44#32.71
-147.484,68.0454#39.83#27.45#32.72
-147.336,68.0429#39.8#27.45#32.75
-147.188,68.0403#39.78#27.45#32.77
-147.041,68.0375#39.76#27.45#32.79
-146.893,68.0346#39.73#27.45#32.82
-146.745,68.0315#39.71#27.45#32.84
-146.598,68.0283#39.69#27.46#32.85
-146.45,68.025#39.66#27.46#32.88
-146.303,68.0215#39.64#27.46#32.9
-146.155,68.0178#39.62#27.46#32.92
-146.008,68.0141#39.6#27.46#32.94
-145.861,68.0101#39.57#27.46#32.97
-145.713,68.0061#39.55#27.47#32.98
-145.566,68.0019#39.52#27.47#33.01
-145.419,67.9975#39.49#27.47#33.04
-145.272,67.993#39.47#27.47#33.06
-145.125,67.9884#39.44#27.48#33.08
-144.978,67.9836#39.41#27.48#33.11
-144.831,67.9787#39.35#27.48#33.17
-144.684,67.9737#39.3#27.49#33.21
-144.538,67.9685#39.24#27.49#33.27
-144.391,67.9632#39.17#27.5#33.33
-144.244,67.9577#39.1#27.51#33.39
-144.098,67.9521#39.03#27.52#33.45
-143.951,67.9463#38.94#27.54#33.52
-143.805,67.9404#38.83#27.56#33.61
-143.659,67.9344#38.71#27.58#33.71
-143.513,67.9282#38.59#27.61#33.8
-143.366,67.9219#38.45#27.64#33.91
-143.22,67.9154#38.3#27.67#34.03
-143.074,67.9088#38.16#27.7#34.14
-142.929,67.9021#38.01#27.73#34.26
-158.109,67.9059#50.32#26.09#23.59
-157.963,67.9136#50.28#26.09#23.63
-157.817,67.9212#50.24#26.09#23.67
-157.672,67.9286#50.19#26.09#23.72
-157.526,67.9359#50.15#26.09#23.76
-157.38,67.9431#50.08#26.09#23.83
-157.234,67.9502#50.02#26.09#23.89
-157.088,67.957#49.95#26.09#23.96
-156.942,67.9638#49.88#26.09#24.03
-156.795,67.9704#49.79#26.09#24.12
-156.649,67.9769#49.7#26.09#24.21
-156.502,67.9832#49.61#26.09#24.3
-156.356,67.9894#49.46#26.09#24.45
-156.209,67.9954#49.31#26.09#24.6
-156.062,68.0014#49.16#26.09#24.75
-155.915,68.0071#49.02#26.1#24.88
-155.769,68.0128#48.89#26.1#25.01
-155.622,68.0182#48.75#26.11#25.14
-155.475,68.0236#48.6#26.12#25.28
-155.327,68.0288#48.39#26.16#25.45
-155.18,68.0339#48.17#26.19#25.64
-155.033,68.0388#47.96#26.23#25.81
-154.886,68.0436#47.74#26.29#25.97
-154.738,68.0482#47.51#26.37#26.12
-154.591,68.0527#47.29#26.45#26.26
-154.443,68.0571#47.06#26.54#26.4
-154.296,68.0613#46.8#26.64#26.56
-154.148,68.0653#46.55#26.74#26.71
-154,68.0693#46.3#26.84#26.86
-153.853,68.0731#46.03#26.93#27.04
-153.705,68.0767#45.77#27.01#27.22
-153.557,68.0802#45.5#27.09#27.41
-153.409,68.0836#45.24#27.14#27.62
-153.261,68.0868#44.97#27.18#27.85
-153.113,68.0899#44.7#27.22#28.08
-152.965,68.0928#44.44#27.25#28.31
-152.817,68.0956#44.18#27.27#28.55
-152.669,68.0982#43.92#27.29#28.79
-152.521,68.1007#43.67#27.32#29.01
-152.373,68.1031#43.42#27.33#29.25
-152.225,68.1053#43.17#27.34#29.49
-152.076,68.1074#42.92#27.35#29.73
-151.928,68.1093#42.68#27.36#29.96
-151.78,68.1111#42.44#27.36#30.2
-151.631,68.1127#42.2#27.37#30.43
-151.483,68.1143#41.97#27.38#30.65
-151.335,68.1156#41.77#27.38#30.85
-151.186,68.1168#41.58#27.39#31.03
-151.038,68.1179#41.39#27.39#31.22
-150.89,68.1188#41.21#27.39#31.4
-150.741,68.1196#41.03#27.4#31.57
-150.593,68.1203#40.86#27.4#31.74
-150.444,68.1208#40.71#27.4#31.89
-150.296,68.1211#40.6#27.4#32
-150.148,68.1213#40.5#27.41#32.09
-149.999,68.1214#40.39#27.41#32.2
-149.851,68.1213#40.31#27.41#32.28
-149.702,68.1211#40.23#27.41#32.36
-149.554,68.1208#40.16#27.42#32.42
-149.405,68.1203#40.1#27.42#32.48
-149.257,68.1196#40.06#27.42#32.52
-149.109,68.1188#40.01#27.42#32.57
-148.96,68.1179#39.97#27.42#32.61
-148.812,68.1168#39.95#27.43#32.62
-148.663,68.1156#39.92#27.43#32.65
-148.515,68.1142#39.89#27.43#32.68
-148.367,68.1127#39.87#27.43#32.7
-148.218,68.1111#39.84#27.43#32.73
-148.07,68.1093#39.82#27.44#32.74
-147.922,68.1074#39.79#27.44#32.77
-147.774,68.1053#39.77#27.44#32.79
-147.625,68.1031#39.74#27.44#32.82
-147.477,68.1007#39.72#27.44#32.84
-147.329,68.0982#39.69#27.44#32.87
-147.181,68.0955#39.67#27.45#32.88
-147.033,68.0927#39.65#27.45#32.9
-146.885,68.0898#39.63#27.45#32.92
-146.737,68.0867#39.6#27.45#32.95
-146.589,68.0835#39.58#27.45#32.97
-146.441,68.0802#39.56#27.45#32.99
-146.293,68.0767#39.54#27.46#33
-146.145,68.073#39.51#27.46#33.03
-145.998,68.0692#39.49#27.46#33.05
-145.85,68.0653#39.46#27.46#33.08
-145.702,68.0612#39.44#27.46#33.1
-145.555,68.057#39.41#27.47#33.12
-145.407,68.0526#39.39#27.47#33.14
-145.26,68.0481#39.36#27.47#33.17
-145.112,68.0435#39.33#27.47#33.2
-144.965,68.0387#39.3#27.48#33.22
-144.818,68.0338#39.24#27.48#33.28
-144.671,68.0287#39.19#27.49#33.32
-144.524,68.0235#39.13#27.49#33.38
-144.377,68.0182#39.06#27.5#33.44
-144.23,68.0127#38.99#27.51#33.5
-144.083,68.0071#38.92#27.53#33.55
-143.936,68.0013#38.83#27.54#33.63
-143.789,67.9954#38.72#27.57#33.71
-143.642,67.9893#38.6#27.59#33.81
-143.496,67.9831#38.49#27.62#33.89
-143.349,67.9768#38.35#27.65#34
-143.203,67.9703#38.2#27.68#34.12
-143.057,67.9637#38.06#27.71#34.23
-142.91,67.957#37.92#27.74#34.34
-142.764,67.9501#37.77#27.77#34.46
-142.618,67.943#37.63#27.8#34.57
-142.472,67.9359#37.49#27.83#34.68
-142.326,67.9285#37.34#27.86#34.8
-142.181,67.9211#37.2#27.88#34.92
-142.035,67.9135#37.06#27.91#35.03
-141.89,67.9058#36.92#27.93#35.15
-159.148,67.9025#50.35#26.09#23.56
-159.003,67.9112#50.34#26.09#23.57
-158.857,67.9198#50.31#26.09#23.6
-158.712,67.9282#50.27#26.09#23.64
-158.566,67.9365#50.23#26.09#23.68
-158.421,67.9447#50.19#26.09#23.72
-158.275,67.9527#50.15#26.09#23.76
-158.129,67.9606#50.11#26.09#23.8
-157.983,67.9683#50.07#26.09#23.84
-157.837,67.976#50.02#26.09#23.89
-157.691,67.9834#49.98#26.09#23.93
-157.545,67.9908#49.93#26.09#23.98
-157.399,67.9979#49.87#26.09#24.04
-157.252,68.005#49.81#26.09#24.1
-157.106,68.0119#49.74#26.09#24.17
-156.959,68.0187#49.67#26.09#24.24
-156.813,68.0253#49.58#26.09#24.33
-156.666,68.0318#49.49#26.09#24.42
-156.519,68.0381#49.4#26.09#24.51
-156.372,68.0444#49.26#26.09#24.65
-156.225,68.0504#49.11#26.09#24.8
-156.078,68.0563#48.96#26.09#24.95
-155.931,68.0621#48.82#26.1#25.08
-155.783,68.0678#48.68#26.1#25.22
-155.636,68.0733#48.55#26.11#25.34
-155.489,68.0786#48.41#26.12#25.47
-155.341,68.0839#48.19#26.16#25.65
-155.194,68.0889#47.98#26.2#25.82
-155.046,68.0939#47.76#26.24#26
-154.898,68.0987#47.54#26.3#26.16
-154.751,68.1033#47.32#26.39#26.29
-154.603,68.1078#47.1#26.47#26.43
-154.455,68.1122#46.87#26.56#26.57
-154.307,68.1164#46.63#26.67#26.7
-154.159,68.1205#46.38#26.77#26.85
-154.011,68.1244#46.13#26.87#27
-153.863,68.1282#45.87#26.95#27.18
-153.714,68.1319#45.6#27.03#27.37
-153.566,68.1354#45.34#27.11#27.55
-153.418,68.1388#45.07#27.16#27.77
-153.27,68.142#44.81#27.19#28
-153.121,68.1451#44.54#27.23#28.23
-152.973,68.148#44.28#27.26#28.46
-152.824,68.1508#44.02#27.28#28.7
-152.676,68.1535#43.77#27.3#28.93
-152.527,68.156#43.52#27.32#29.16
-152.379,68.1584#43.27#27.33#29.4
-152.23,68.1606#43.02#27.34#29.64
-152.082,68.1627#42.77#27.35#29.88
-151.933,68.1646#42.53#27.36#30.11
-151.784,68.1664#42.29#27.36#30.35
-151.636,68.168#42.05#27.37#30.58
-151.487,68.1696#41.81#27.38#30.81
-151.338,68.1709#41.62#27.38#31
-151.189,68.1721#41.43#27.38#31.19
-151.041,68.1732#41.24#27.39#31.37
-150.892,68.1741#41.06#27.39#31.55
-150.743,68.1749#40.89#27.39#31.72
-150.594,68.1756#40.72#27.4#31.88
-150.446,68.1761#40.57#27.4#32.03
-150.297,68.1764#40.47#27.4#32.13
-150.148,68.1767#40.37#27.4#32.23
-149.999,68.1767#40.27#27.41#32.32
-149.85,68.1767#40.19#27.41#32.4
-149.701,68.1764#40.12#27.41#32.47
-149.553,68.1761#40.04#27.41#32.55
-149.404,68.1756#39.99#27.41#32.6
-149.255,68.1749#39.95#27.42#32.63
-149.106,68.1741#39.9#27.42#32.68
-148.957,68.1732#39.86#27.42#32.72
-148.809,68.1721#39.84#27.42#32.74
-148.66,68.1709#39.81#27.42#32.77
-148.511,68.1695#39.78#27.43#32.79
-148.362,68.168#39.76#27.43#32.81
-148.214,68.1664#39.73#27.43#32.84
-148.065,68.1646#39.71#27.43#32.86
-147.916,68.1626#39.68#27.43#32.89
-147.768,68.1606#39.66#27.44#32.9
-147.619,68.1583#39.63#27.44#32.93
-147.471,68.156#39.61#27.44#32.95
-147.322,68.1534#39.58#27.44#32.98
-147.174,68.1508#39.56#27.44#33
-147.025,68.148#39.54#27.44#33.02
-146.877,68.145#39.52#27.45#33.03
-146.729,68.142#39.5#27.45#33.05
-146.58,68.1387#39.47#27.45#33.08
-146.432,68.1354#39.45#27.45#33.1
-146.284,68.1318#39.43#27.45#33.12
-146.136,68.1282#39.41#27.46#33.13
-145.987,68.1244#39.38#27.46#33.16
-145.839,68.1204#39.36#27.46#33.18
-145.691,68.1164#39.33#27.46#33.21
-145.543,68.1121#39.3#27.46#33.24
-145.395,68.1078#39.28#27.47#33.25
-145.248,68.1033#39.25#27.47#33.28
-145.1,68.0986#39.22#27.47#33.31
-144.952,68.0938#39.19#27.47#33.34
-144.805,68.0889#39.13#27.48#33.39
-144.657,68.0838#39.07#27.48#33.45
-144.509,68.0786#39.02#27.49#33.49
-144.362,68.0732#38.95#27.5#33.55
-144.215,68.0677#38.88#27.52#33.6
-144.067,68.0621#38.81#27.53#33.66
-143.92,68.0563#38.72#27.55#33.73
-143.773,68.0503#38.61#27.57#33.82
-143.626,68.0443#38.5#27.6#33.9
-143.479,68.0381#38.38#27.63#33.99
-143.332,68.0317#38.24#27.66#34.1
-143.185,68.0252#38.11#27.69#34.2
-143.039,68.0186#37.97#27.72#34.31
-142.892,68.0118#37.83#27.75#34.42
-142.746,68.0049#37.68#27.79#34.53
-142.599,67.9979#37.54#27.82#34.64
-142.453,67.9907#37.4#27.84#34.76
-142.307,67.9833#37.26#27.87#34.87
-142.161,67.9759#37.12#27.89#34.99
-142.015,67.9683#36.98#27.92#35.1
-141.869,67.9605#36.84#27.93#35.23
-141.723,67.9526#36.7#27.95#35.35
-141.577,67.9446#36.56#27.97#35.47
-141.432,67.9364#36.42#27.99#35.59
-141.286,67.9281#36.28#28#35.72
-141.141,67.9197#36.15#28.01#35.84
-140.996,67.9111#36.01#28.02#35.97
-140.851,67.9024#35.87#28.03#36.1
-160.041,67.9017#50.17#26.08#23.75
-159.897,67.9113#50.18#26.09#23.73
-159.752,67.9207#50.18#26.09#23.73
-159.607,67.93#50.17#26.09#23.74
-159.462,67.9392#50.17#26.09#23.74
-159.316,67.9482#50.16#26.09#23.75
-159.171,67.957#50.15#26.09#23.76
-159.026,67.9658#50.13#26.09#23.78
-158.88,67.9744#50.1#26.09#23.81
-158.734,67.9829#50.06#26.09#23.85
-158.588,67.9912#50.02#26.09#23.89
-158.442,67.9994#49.98#26.09#23.93
-158.296,68.0074#49.94#26.09#23.97
-158.15,68.0153#49.89#26.09#24.02
-158.004,68.0231#49.85#26.09#24.06
-157.858,68.0307#49.81#26.09#24.1
-157.711,68.0382#49.76#26.09#24.15
-157.565,68.0456#49.72#26.09#24.19
-157.418,68.0528#49.66#26.09#24.25
-157.271,68.0598#49.6#26.09#24.31
-157.124,68.0668#49.53#26.09#24.38
-156.977,68.0736#49.46#26.09#24.45
-156.83,68.0802#49.37#26.09#24.54
-156.683,68.0867#49.28#26.09#24.63
-156.536,68.0931#49.19#26.09#24.72
-156.389,68.0993#49.05#26.09#24.86
-156.241,68.1054#48.9#26.09#25.01
-156.094,68.1113#48.75#26.09#25.16
-155.946,68.1171#48.61#26.09#25.3
-155.798,68.1228#48.48#26.1#25.42
-155.651,68.1283#48.35#26.12#25.53
-155.503,68.1337#48.21#26.13#25.66
-155.355,68.1389#48#26.17#25.83
-155.207,68.144#47.78#26.21#26.01
-155.059,68.149#47.56#26.25#26.19
-154.911,68.1538#47.35#26.32#26.33
-154.763,68.1584#47.13#26.41#26.46
-154.615,68.163#46.91#26.5#26.59
-154.466,68.1673#46.69#26.59#26.72
-154.318,68.1716#46.45#26.69#26.86
-154.17,68.1757#46.2#26.79#27.01
-154.021,68.1796#45.96#26.89#27.15
-153.873,68.1834#45.69#26.97#27.34
-153.724,68.1871#45.43#27.04#27.53
-153.575,68.1906#45.17#27.11#27.72
-153.427,68.194#44.9#27.17#27.93
-153.278,68.1972#44.64#27.2#28.16
-153.129,68.2003#44.38#27.23#28.39
-152.981,68.2033#44.11#27.26#28.63
-152.832,68.2061#43.87#27.28#28.85
-152.683,68.2087#43.62#27.3#29.08
-152.534,68.2113#43.37#27.32#29.31
-152.385,68.2136#43.12#27.33#29.55
-152.236,68.2159#42.87#27.34#29.79
-152.087,68.2179#42.62#27.35#30.03
-151.938,68.2199#42.37#27.36#30.27
-151.789,68.2217#42.13#27.36#30.51
-151.64,68.2233#41.9#27.37#30.73
-151.491,68.2249#41.66#27.37#30.97
-151.342,68.2262#41.47#27.38#31.15
-151.193,68.2275#41.27#27.38#31.35
-151.043,68.2285#41.08#27.38#31.54
-150.894,68.2295#40.91#27.39#31.7
-150.745,68.2303#40.74#27.39#31.87
-150.596,68.2309#40.58#27.39#32.03
-150.447,68.2314#40.44#27.4#32.16
-150.297,68.2318#40.34#27.4#32.26
-150.148,68.232#40.25#27.4#32.35
-149.999,68.2321#40.15#27.4#32.45
-149.85,68.232#40.08#27.41#32.51
-149.701,68.2318#40#27.41#32.59
-149.551,68.2314#39.93#27.41#32.66
-149.402,68.2309#39.88#27.41#32.71
-149.253,68.2302#39.84#27.41#32.75
-149.104,68.2295#39.79#27.42#32.79
-148.955,68.2285#39.76#27.42#32.82
-148.806,68.2274#39.73#27.42#32.85
-148.656,68.2262#39.7#27.42#32.88
-148.507,68.2248#39.67#27.42#32.91
-148.358,68.2233#39.65#27.43#32.92
-148.209,68.2217#39.62#27.43#32.95
-148.06,68.2199#39.6#27.43#32.97
-147.911,68.2179#39.57#27.43#33
-147.762,68.2158#39.55#27.43#33.02
-147.613,68.2136#39.52#27.43#33.05
-147.464,68.2112#39.5#27.44#33.06
-147.315,68.2087#39.47#27.44#33.09
-147.166,68.206#39.45#27.44#33.11
-147.018,68.2032#39.43#27.44#33.13
-146.869,68.2003#39.41#27.44#33.15
-146.72,68.1972#39.39#27.45#33.16
-146.571,68.194#39.36#27.45#33.19
-146.423,68.1906#39.34#27.45#33.21
-146.274,68.187#39.32#27.45#33.23
-146.125,68.1834#39.3#27.45#33.25
-145.977,68.1796#39.27#27.45#33.28
-145.829,68.1756#39.25#27.46#33.29
-145.68,68.1715#39.22#27.46#33.32
-145.532,68.1673#39.19#27.46#33.35
-145.384,68.1629#39.17#27.46#33.37
-145.235,68.1584#39.14#27.47#33.39
-145.087,68.1537#39.11#27.47#33.42
-144.939,68.1489#39.07#27.47#33.46
-144.791,68.144#39.02#27.48#33.5
-144.643,68.1389#38.96#27.48#33.56
-144.495,68.1336#38.91#27.49#33.6
-144.347,68.1282#38.84#27.5#33.66
-144.2,68.1227#38.77#27.52#33.71
-144.052,68.1171#38.7#27.53#33.77
-143.904,68.1113#38.6#27.55#33.85
-143.757,68.1053#38.5#27.58#33.92
-143.61,68.0992#38.39#27.61#34
-143.462,68.093#38.28#27.64#34.08
-143.315,68.0866#38.14#27.67#34.19
-143.168,68.0801#38.01#27.7#34.29
-143.021,68.0735#37.88#27.74#34.38
-142.874,68.0667#37.74#27.77#34.49
-142.727,68.0598#37.59#27.8#34.61
-142.58,68.0527#37.45#27.83#34.72
-142.434,68.0455#37.31#27.86#34.83
-142.287,68.0381#37.17#27.88#34.95
-142.141,68.0306#37.03#27.9#35.07
-141.994,68.023#36.89#27.92#35.19
-141.848,68.0152#36.75#27.94#35.31
-141.702,68.0073#36.62#27.96#35.42
-141.556,67.9993#36.48#27.97#35.55
-141.41,67.9911#36.34#27.99#35.67
-141.264,67.9828#36.2#28#35.8
-141.118,67.9743#36.07#28.01#35.92
-140.973,67.9657#35.93#28.02#36.05
-140.827,67.9569#35.79#28.03#36.18
-140.682,67.9481#35.65#28.04#36.31
-140.537,67.939#35.52#28.05#36.43
-140.391,67.9299#35.38#28.06#36.56
-140.246,67.9206#35.23#28.07#36.7
-140.102,67.9111#35.09#28.07#36.84
-139.957,67.9016#34.95#28.08#36.97
-160.791,67.9061#49.74#26.08#24.18
-160.646,67.9164#49.82#26.08#24.1
-160.502,67.9265#49.89#26.08#24.03
-160.357,67.9365#49.91#26.08#24.01
-160.212,67.9464#49.94#26.08#23.98
-160.067,67.9561#49.96#26.08#23.96
-159.922,67.9657#49.97#26.08#23.95
-159.777,67.9752#49.97#26.08#23.95
-159.631,67.9845#49.97#26.08#23.95
-159.486,67.9937#49.96#26.08#23.96
-159.34,68.0027#49.95#26.09#23.96
-159.195,68.0116#49.94#26.09#23.97
-159.049,68.0204#49.93#26.09#23.98
-158.903,68.029#49.89#26.09#24.02
-158.757,68.0375#49.85#26.09#24.06
-158.611,68.0459#49.81#26.09#24.1
-158.464,68.0541#49.77#26.09#24.14
-158.318,68.0621#49.72#26.09#24.19
-158.171,68.0701#49.68#26.09#24.23
-158.025,68.0779#49.64#26.09#24.27
-157.878,68.0855#49.59#26.09#24.32
-157.731,68.093#49.55#26.09#24.36
-157.584,68.1004#49.51#26.09#24.4
-157.437,68.1076#49.45#26.09#24.46
-157.29,68.1147#49.39#26.09#24.52
-157.143,68.1217#49.32#26.09#24.59
-156.995,68.1285#49.26#26.09#24.65
-156.848,68.1351#49.16#26.09#24.75
-156.7,68.1417#49.07#26.09#24.84
-156.553,68.148#48.97#26.09#24.94
-156.405,68.1543#48.84#26.09#25.07
-156.257,68.1604#48.69#26.09#25.22
-156.109,68.1663#48.54#26.09#25.37
-155.962,68.1722#48.4#26.1#25.5
-155.813,68.1778#48.26#26.11#25.63
-155.665,68.1834#48.13#26.12#25.75
-155.517,68.1888#48#26.14#25.86
-155.369,68.194#47.79#26.18#26.03
-155.221,68.1991#47.58#26.23#26.19
-155.072,68.2041#47.37#26.28#26.35
-154.924,68.2089#47.16#26.35#26.49
-154.775,68.2136#46.94#26.43#26.63
-154.627,68.2181#46.73#26.52#26.75
-154.478,68.2225#46.51#26.62#26.87
-154.329,68.2267#46.27#26.71#27.02
-154.18,68.2309#46.02#26.81#27.17
-154.032,68.2348#45.78#26.91#27.31
-153.883,68.2386#45.52#26.99#27.49
-153.734,68.2423#45.26#27.05#27.69
-153.585,68.2458#45#27.12#27.88
-153.436,68.2492#44.74#27.17#28.09
-153.287,68.2525#44.47#27.21#28.32
-153.138,68.2556#44.21#27.24#28.55
-152.988,68.2585#43.95#27.27#28.78
-152.839,68.2613#43.71#27.28#29.01
-152.69,68.264#43.46#27.3#29.24
-152.541,68.2665#43.22#27.32#29.46
-152.391,68.2689#42.97#27.33#29.7
-152.242,68.2712#42.72#27.34#29.94
-152.093,68.2732#42.47#27.35#30.18
-151.943,68.2752#42.22#27.35#30.43
-151.794,68.277#41.98#27.36#30.66
-151.644,68.2787#41.74#27.37#30.89
-151.495,68.2802#41.51#27.37#31.12
-151.345,68.2815#41.31#27.38#31.31
-151.196,68.2828#41.12#27.38#31.5
-151.046,68.2839#40.92#27.38#31.7
-150.897,68.2848#40.75#27.39#31.86
-150.747,68.2856#40.6#27.39#32.01
-150.597,68.2862#40.44#27.39#32.17
-150.448,68.2867#40.31#27.39#32.3
-150.298,68.2871#40.21#27.4#32.39
-150.149,68.2873#40.12#27.4#32.48
-149.999,68.2874#40.03#27.4#32.57
-149.849,68.2873#39.96#27.4#32.64
-149.7,68.2871#39.89#27.41#32.7
-149.55,68.2867#39.82#27.41#32.77
-149.401,68.2862#39.77#27.41#32.82
-149.251,68.2856#39.73#27.41#32.86
-149.102,68.2848#39.69#27.41#32.9
-148.952,68.2838#39.65#27.42#32.93
-148.802,68.2828#39.62#27.42#32.96
-148.653,68.2815#39.59#27.42#32.99
-148.503,68.2802#39.57#27.42#33.01
-148.354,68.2786#39.54#27.42#33.04
-148.204,68.277#39.51#27.42#33.07
-148.055,68.2752#39.49#27.43#33.08
-147.906,68.2732#39.46#27.43#33.11
-147.756,68.2711#39.44#27.43#33.13
-147.607,68.2689#39.41#27.43#33.16
-147.458,68.2665#39.39#27.43#33.18
-147.308,68.264#39.37#27.44#33.19
-147.159,68.2613#39.34#27.44#33.22
-147.01,68.2585#39.32#27.44#33.24
-146.861,68.2555#39.3#27.44#33.26
-146.711,68.2524#39.27#27.44#33.29
-146.562,68.2492#39.25#27.44#33.31
-146.413,68.2458#39.23#27.45#33.32
-146.264,68.2423#39.21#27.45#33.34
-146.115,68.2386#39.18#27.45#33.37
-145.967,68.2348#39.16#27.45#33.39
-145.818,68.2308#39.13#27.45#33.42
-145.669,68.2267#39.11#27.46#33.43
-145.52,68.2224#39.08#27.46#33.46
-145.372,68.218#39.06#27.46#33.48
-145.223,68.2135#39.03#27.46#33.51
-145.074,68.2088#39#27.47#33.53
-144.926,68.204#38.96#27.47#33.57
-144.778,68.199#38.9#27.48#33.62
-144.629,68.1939#38.85#27.49#33.66
-144.481,68.1887#38.8#27.49#33.71
-144.333,68.1833#38.73#27.51#33.76
-144.185,68.1778#38.66#27.52#33.82
-144.037,68.1721#38.59#27.54#33.87
-143.889,68.1663#38.49#27.56#33.95
-143.741,68.1603#38.39#27.59#34.02
-143.593,68.1542#38.29#27.62#34.09
-143.445,68.148#38.17#27.65#34.18
-143.298,68.1416#38.04#27.68#34.28
-143.15,68.135#37.91#27.72#34.37
-143.003,68.1284#37.78#27.75#34.47
-142.855,68.1216#37.65#27.78#34.57
-142.708,68.1146#37.51#27.81#34.68
-142.561,68.1075#37.37#27.84#34.79
-142.414,68.1003#37.23#27.86#34.91
-142.267,68.0929#37.09#27.89#35.02
-142.12,68.0854#36.95#27.91#35.14
-141.974,68.0778#36.81#27.93#35.26
-141.827,68.07#36.67#27.94#35.39
-141.68,68.062#36.53#27.96#35.51
-141.534,68.054#36.4#27.98#35.62
-141.388,68.0458#36.26#27.99#35.75
-141.241,68.0374#36.13#28#35.87
-141.095,68.0289#35.99#28.01#36
-140.949,68.0203#35.85#28.02#36.13
-140.804,68.0115#35.71#28.03#36.26
-140.658,68.0026#35.58#28.04#36.38
-140.512,67.9936#35.44#28.05#36.51
-140.367,67.9844#35.3#28.06#36.64
-140.221,67.9751#35.16#28.06#36.78
-140.076,67.9656#35.02#28.07#36.91
-139.931,67.956#34.88#28.08#37.04
-139.786,67.9463#34.73#28.08#37.19
-139.641,67.9364#34.59#28.09#37.32
-139.497,67.9264#34.45#28.09#37.46
-139.352,67.9162#34.31#28.1#37.59
-139.208,67.906#34.17#28.1#37.73
-161.54,67.9068#48.94#26.08#24.98
-161.396,67.9178#49.08#26.08#24.84
-161.252,67.9286#49.21#26.08#24.71
-161.107,67.9394#49.34#26.08#24.58
-160.963,67.9499#49.46#26.08#24.46
-160.818,67.9604#49.53#26.08#24.39
-160.673,67.9707#49.6#26.08#24.32
-160.528,67.9809#49.67#26.08#24.25
-160.383,67.9909#49.7#26.08#24.22
-160.238,68.0008#49.73#26.08#24.19
-160.093,68.0106#49.75#26.08#24.17
-159.947,68.0202#49.77#26.08#24.15
-159.802,68.0297#49.76#26.08#24.16
-159.656,68.039#49.76#26.08#24.16
-159.51,68.0482#49.75#26.08#24.17
-159.364,68.0573#49.74#26.09#24.17
-159.218,68.0662#49.73#26.09#24.18
-159.072,68.075#49.72#26.09#24.19
-158.926,68.0837#49.69#26.09#24.22
-158.779,68.0922#49.64#26.09#24.27
-158.633,68.1005#49.6#26.09#24.31
-158.486,68.1088#49.55#26.09#24.36
-158.339,68.1169#49.51#26.09#24.4
-158.192,68.1248#49.47#26.09#24.44
-158.045,68.1326#49.42#26.09#24.49
-157.898,68.1403#49.37#26.09#24.54
-157.751,68.1478#49.33#26.09#24.58
-157.604,68.1552#49.28#26.09#24.63
-157.456,68.1625#49.23#26.09#24.68
-157.309,68.1696#49.16#26.09#24.75
-157.161,68.1765#49.09#26.09#24.82
-157.013,68.1834#49.03#26.09#24.88
-156.866,68.1901#48.93#26.09#24.98
-156.718,68.1966#48.84#26.09#25.07
-156.57,68.203#48.74#26.09#25.17
-156.422,68.2093#48.62#26.09#25.29
-156.274,68.2154#48.47#26.09#25.44
-156.125,68.2214#48.33#26.1#25.57
-155.977,68.2272#48.18#26.1#25.72
-155.829,68.2329#48.05#26.12#25.83
-155.68,68.2384#47.91#26.13#25.96
-155.532,68.2438#47.78#26.15#26.07
-155.383,68.2491#47.59#26.19#26.22
-155.234,68.2542#47.38#26.25#26.37
-155.085,68.2592#47.17#26.3#26.53
-154.937,68.264#46.97#26.37#26.66
-154.788,68.2687#46.75#26.46#26.79
-154.639,68.2733#46.54#26.55#26.91
-154.49,68.2777#46.33#26.64#27.03
-154.341,68.2819#46.08#26.74#27.18
-154.191,68.286#45.84#26.84#27.32
-154.042,68.29#45.6#26.93#27.47
-153.893,68.2938#45.35#27#27.65
-153.744,68.2975#45.09#27.07#27.84
-153.594,68.3011#44.83#27.13#28.04
-153.445,68.3045#44.57#27.18#28.25
-153.295,68.3077#44.31#27.21#28.48
-153.146,68.3108#44.05#27.24#28.71
-152.996,68.3138#43.79#27.27#28.94
-152.847,68.3166#43.55#27.28#29.17
-152.697,68.3193#43.31#27.3#29.39
-152.547,68.3218#43.07#27.32#29.61
-152.398,68.3242#42.82#27.33#29.85
-152.248,68.3265#42.57#27.34#30.09
-152.098,68.3286#42.32#27.35#30.33
-151.948,68.3305#42.07#27.35#30.58
-151.798,68.3323#41.83#27.36#30.81
-151.649,68.334#41.59#27.36#31.05
-151.499,68.3355#41.35#27.37#31.28
-151.349,68.3369#41.16#27.37#31.47
-151.199,68.3381#40.96#27.38#31.66
-151.049,68.3392#40.76#27.38#31.86
-150.899,68.3401#40.6#27.38#32.02
-150.749,68.3409#40.45#27.39#32.16
-150.599,68.3416#40.3#27.39#32.31
-150.449,68.3421#40.17#27.39#32.44
-150.299,68.3425#40.09#27.39#32.52
-150.149,68.3427#40#27.4#32.6
-149.999,68.3427#39.91#27.4#32.69
-149.849,68.3427#39.84#27.4#32.76
-149.699,68.3424#39.77#27.4#32.83
-149.549,68.3421#39.71#27.4#32.89
-149.399,68.3416#39.66#27.41#32.93
-149.249,68.3409#39.62#27.41#32.97
-149.099,68.3401#39.58#27.41#33.01
-148.949,68.3392#39.54#27.41#33.05
-148.799,68.3381#39.51#27.41#33.08
-148.649,68.3369#39.49#27.42#33.09
-148.499,68.3355#39.46#27.42#33.12
-148.35,68.334#39.43#27.42#33.15
-148.2,68.3323#39.41#27.42#33.17
-148.05,68.3305#39.38#27.42#33.2
-147.9,68.3285#39.35#27.43#33.22
-147.75,68.3264#39.33#27.43#33.24
-147.601,68.3242#39.3#27.43#33.27
-147.451,68.3218#39.28#27.43#33.29
-147.301,68.3193#39.26#27.43#33.31
-147.152,68.3166#39.23#27.43#33.34
-147.002,68.3138#39.21#27.44#33.35
-146.852,68.3108#39.19#27.44#33.37
-146.703,68.3077#39.16#27.44#33.4
-146.553,68.3044#39.14#27.44#33.42
-146.404,68.301#39.12#27.44#33.44
-146.255,68.2975#39.1#27.45#33.45
-146.105,68.2938#39.07#27.45#33.48
-145.956,68.29#39.05#27.45#33.5
-145.807,68.286#39.02#27.45#33.53
-145.658,68.2819#39#27.45#33.55
-145.509,68.2776#38.97#27.46#33.57
-145.359,68.2732#38.94#27.46#33.6
-145.21,68.2687#38.91#27.46#33.63
-145.062,68.264#38.89#27.47#33.64
-144.913,68.2591#38.84#27.47#33.69
-144.764,68.2541#38.79#27.48#33.73
-144.615,68.249#38.74#27.49#33.77
-144.467,68.2438#38.68#27.5#33.82
-144.318,68.2384#38.62#27.51#33.87
-144.17,68.2328#38.55#27.53#33.92
-144.021,68.2271#38.48#27.55#33.97
-143.873,68.2213#38.38#27.57#34.05
-143.725,68.2153#38.28#27.6#34.12
-143.576,68.2092#38.18#27.63#34.19
-143.428,68.2029#38.07#27.66#34.27
-143.28,68.1965#37.94#27.69#34.37
-143.132,68.19#37.81#27.73#34.46
-142.985,68.1833#37.69#27.76#34.55
-142.837,68.1765#37.55#27.79#34.66
-142.689,68.1695#37.41#27.82#34.77
-142.542,68.1624#37.27#27.85#34.88
-142.394,68.1551#37.13#27.87#35
-142.247,68.1477#37#27.89#35.11
-142.1,68.1402#36.86#27.91#35.23
-141.953,68.1325#36.72#27.93#35.35
-141.806,68.1247#36.59#27.95#35.46
-141.659,68.1168#36.45#27.97#35.58
-141.512,68.1087#36.32#27.98#35.7
-141.365,68.1004#36.18#27.99#35.83
-141.219,68.0921#36.05#28.01#35.94
-141.072,68.0835#35.91#28.02#36.07
-140.926,68.0749#35.77#28.03#36.2
-140.78,68.0661#35.64#28.03#36.33
-140.634,68.0572#35.5#28.04#36.46
-140.488,68.0481#35.36#28.05#36.59
-140.342,68.0389#35.22#28.06#36.72
-140.196,68.0295#35.08#28.06#36.86
-140.051,68.0201#34.94#28.07#36.99
-139.905,68.0104#34.8#28.07#37.13
-139.76,68.0007#34.66#28.08#37.26
-139.615,67.9908#34.52#28.08#37.4
-139.47,67.9807#34.38#28.09#37.53
-139.325,67.9706#34.24#28.09#37.67
-139.18,67.9603#34.1#28.1#37.8
-139.035,67.9498#33.97#28.1#37.93
-138.891,67.9392#33.83#28.1#38.07
-138.747,67.9285#33.69#28.11#38.2
-138.602,67.9177#33.56#28.11#38.33
-138.458,67.9067#33.42#28.11#38.47
-162.289,67.9038#47.96#26.08#25.96
-162.145,67.9155#48.12#26.08#25.8
-162.002,67.9271#48.27#26.08#25.65
-161.858,67.9385#48.42#26.08#25.5
-161.714,67.9498#48.57#26.08#25.35
-161.569,67.961#48.72#26.08#25.2
-161.425,67.972#48.85#26.08#25.07
-161.28,67.9829#48.98#26.08#24.94
-161.136,67.9936#49.11#26.08#24.81
-160.991,68.0042#49.24#26.08#24.68
-160.846,68.0147#49.31#26.08#24.61
-160.701,68.025#49.38#26.08#24.54
-160.555,68.0352#49.45#26.08#24.47
-160.41,68.0453#49.49#26.08#24.43
-160.264,68.0552#49.52#26.08#24.4
-160.119,68.065#49.54#26.08#24.38
-159.973,68.0746#49.56#26.08#24.36
-159.827,68.0842#49.56#26.08#24.36
-159.681,68.0935#49.55#26.08#24.37
-159.535,68.1028#49.54#26.08#24.38
-159.388,68.1119#49.53#26.08#24.39
-159.242,68.1208#49.52#26.09#24.39
-159.095,68.1296#49.5#26.09#24.41
-158.949,68.1383#49.48#26.09#24.43
-158.802,68.1468#49.43#26.09#24.48
-158.655,68.1552#49.38#26.09#24.53
-158.508,68.1635#49.33#26.09#24.58
-158.361,68.1716#49.29#26.09#24.62
-158.214,68.1796#49.24#26.09#24.67
-158.066,68.1874#49.19#26.09#24.72
-157.919,68.1951#49.15#26.09#24.76
-157.771,68.2026#49.1#26.09#24.81
-157.623,68.2101#49.05#26.09#24.86
-157.476,68.2173#49#26.09#24.91
-157.328,68.2245#48.93#26.09#24.98
-157.18,68.2314#48.87#26.09#25.04
-157.032,68.2383#48.8#26.09#25.11
-156.884,68.245#48.71#26.09#25.2
-156.735,68.2515#48.61#26.09#25.3
-156.587,68.258#48.52#26.09#25.39
-156.438,68.2642#48.4#26.09#25.51
-156.29,68.2704#48.26#26.09#25.65
-156.141,68.2764#48.11#26.1#25.79
-155.993,68.2822#47.97#26.1#25.93
-155.844,68.2879#47.83#26.12#26.05
-155.695,68.2935#47.7#26.14#26.16
-155.546,68.2989#47.56#26.16#26.28
-155.397,68.3042#47.38#26.21#26.41
-155.248,68.3093#47.18#26.26#26.56
-155.099,68.3143#46.98#26.32#26.7
-154.949,68.3192#46.78#26.39#26.83
-154.8,68.3239#46.56#26.48#26.96
-154.651,68.3284#46.35#26.58#27.07
-154.501,68.3328#46.14#26.67#27.19
-154.352,68.3371#45.9#26.77#27.33
-154.202,68.3412#45.67#26.86#27.47
-154.053,68.3452#45.43#26.95#27.62
-153.903,68.3491#45.17#27.02#27.81
-153.753,68.3528#44.92#27.08#28
-153.604,68.3563#44.66#27.14#28.2
-153.454,68.3597#44.4#27.19#28.41
-153.304,68.363#44.14#27.22#28.64
-153.154,68.3661#43.88#27.24#28.88
-153.004,68.3691#43.62#27.27#29.11
-152.854,68.3719#43.39#27.29#29.32
-152.704,68.3746#43.15#27.3#29.55
-152.554,68.3771#42.92#27.32#29.76
-152.404,68.3795#42.67#27.33#30
-152.254,68.3818#42.42#27.34#30.24
-152.104,68.3839#42.17#27.34#30.49
-151.953,68.3858#41.92#27.35#30.73
-151.803,68.3877#41.68#27.36#30.96
-151.653,68.3893#41.44#27.36#31.2
-151.503,68.3908#41.2#27.37#31.43
-151.352,68.3922#41#27.37#31.63
-151.202,68.3935#40.8#27.37#31.83
-151.052,68.3945#40.61#27.38#32.01
-150.901,68.3955#40.45#27.38#32.17
-150.751,68.3963#40.3#27.38#32.32
-150.601,68.3969#40.16#27.39#32.45
-150.45,68.3974#40.04#27.39#32.57
-150.3,68.3978#39.96#27.39#32.65
-150.149,68.398#39.87#27.39#32.74
-149.999,68.3981#39.79#27.4#32.81
-149.849,68.398#39.72#27.4#32.88
-149.698,68.3978#39.66#27.4#32.94
-149.548,68.3974#39.59#27.4#33.01
-149.398,68.3969#39.55#27.4#33.05
-149.247,68.3963#39.51#27.41#33.08
-149.097,68.3955#39.47#27.41#33.12
-148.946,68.3945#39.43#27.41#33.16
-148.796,68.3934#39.41#27.41#33.18
-148.646,68.3922#39.38#27.41#33.21
-148.496,68.3908#39.35#27.42#33.23
-148.345,68.3893#39.32#27.42#33.26
-148.195,68.3876#39.3#27.42#33.28
-148.045,68.3858#39.27#27.42#33.31
-147.895,68.3839#39.25#27.42#33.33
-147.744,68.3817#39.22#27.42#33.36
-147.594,68.3795#39.19#27.43#33.38
-147.444,68.3771#39.17#27.43#33.4
-147.294,68.3746#39.15#27.43#33.42
-147.144,68.3719#39.12#27.43#33.45
-146.994,68.369#39.1#27.43#33.47
-146.844,68.3661#39.08#27.44#33.48
-146.694,68.3629#39.05#27.44#33.51
-146.544,68.3597#39.03#27.44#33.53
-146.395,68.3563#39.01#27.44#33.55
-146.245,68.3527#38.99#27.44#33.57
-146.095,68.349#38.96#27.44#33.6
-145.945,68.3452#38.94#27.45#33.61
-145.796,68.3412#38.91#27.45#33.64
-145.646,68.3371#38.89#27.45#33.66
-145.497,68.3328#38.86#27.45#33.69
-145.347,68.3284#38.83#27.46#33.71
-145.198,68.3238#38.8#27.46#33.74
-145.049,68.3191#38.77#27.46#33.77
-144.899,68.3143#38.73#27.47#33.8
-144.75,68.3093#38.68#27.48#33.84
-144.601,68.3041#38.63#27.49#33.88
-144.452,68.2988#38.57#27.5#33.93
-144.303,68.2934#38.51#27.52#33.97
-144.154,68.2879#38.44#27.54#34.02
-144.006,68.2821#38.37#27.55#34.08
-143.857,68.2763#38.28#27.58#34.14
-143.708,68.2703#38.18#27.61#34.21
-143.56,68.2642#38.08#27.64#34.28
-143.411,68.2579#37.96#27.67#34.37
-143.263,68.2515#37.84#27.71#34.45
-143.115,68.2449#37.71#27.74#34.55
-142.966,68.2382#37.59#27.77#34.64
-142.818,68.2314#37.45#27.8#34.75
-142.67,68.2244#37.31#27.83#34.86
-142.522,68.2172#37.18#27.86#34.96
-142.375,68.21#37.04#27.88#35.08
-142.227,68.2026#36.91#27.9#35.19
-142.079,68.195#36.77#27.92#35.31
-141.932,68.1873#36.63#27.94#35.43
-141.785,68.1795#36.5#27.95#35.55
-141.637,68.1715#36.37#27.97#35.66
-141.49,68.1634#36.23#27.99#35.78
-141.343,68.1551#36.1#28#35.9
-141.196,68.1467#35.96#28.01#36.03
-141.049,68.1382#35.83#28.02#36.15
-140.903,68.1295#35.7#28.03#36.27
-140.756,68.1207#35.56#28.03#36.41
-140.61,68.1117#35.42#28.04#36.54
-140.463,68.1026#35.29#28.05#36.66
-140.317,68.0934#35.15#28.05#36.8
-140.171,68.084#35.01#28.06#36.93
-140.025,68.0745#34.87#28.07#37.06
-139.879,68.0649#34.73#28.07#37.2
-139.734,68.0551#34.59#28.08#37.33
-139.588,68.0452#34.44#28.08#37.48
-139.443,68.0351#34.31#28.09#37.6
-139.297,68.0249#34.17#28.09#37.74
-139.152,68.0146#34.04#28.09#37.87
-139.007,68.0041#33.9#28.1#38
-138.863,67.9935#33.76#28.1#38.14
-138.718,67.9827#33.62#28.1#38.28
-138.573,67.9718#33.49#28.11#38.4
-138.429,67.9608#33.34#28.11#38.55
-138.285,67.9497#33.19#28.11#38.7
-138.14,67.9384#33.03#28.12#38.85
-137.997,67.9269#32.87#28.12#39.01
-137.853,67.9154#32.62#28.12#39.26
-137.709,67.9037#32.36#28.13#39.51
-162.895,67.9096#47.12#26.08#26.8
-162.752,67.9218#47.29#26.08#26.63
-162.608,67.934#47.45#26.08#26.47
-162.464,67.946#47.61#26.08#26.31
-162.321,67.9578#47.76#26.08#26.16
-162.177,67.9696#47.91#26.08#26.01
-162.032,67.9812#48.06#26.08#25.86
-161.888,67.9926#48.21#26.08#25.71
-161.744,68.0039#48.35#26.08#25.57
-161.599,68.0151#48.49#26.08#25.43
-161.454,68.0262#48.63#26.08#25.29
-161.309,68.0371#48.76#26.08#25.16
-161.164,68.0479#48.89#26.08#25.03
-161.019,68.0585#49.01#26.08#24.91
-160.874,68.069#49.09#26.08#24.83
-160.728,68.0794#49.16#26.08#24.76
-160.583,68.0896#49.23#26.08#24.69
-160.437,68.0997#49.28#26.08#24.64
-160.291,68.1096#49.31#26.08#24.61
-160.145,68.1194#49.33#26.08#24.59
-159.999,68.1291#49.36#26.08#24.56
-159.852,68.1387#49.35#26.08#24.57
-159.706,68.148#49.33#26.08#24.59
-159.559,68.1573#49.32#26.08#24.6
-159.413,68.1664#49.31#26.08#24.61
-159.266,68.1754#49.29#26.09#24.62
-159.119,68.1842#49.27#26.09#24.64
-158.972,68.1929#49.25#26.09#24.66
-158.825,68.2015#49.2#26.09#24.71
-158.677,68.2099#49.15#26.09#24.76
-158.53,68.2182#49.11#26.09#24.8
-158.383,68.2263#49.06#26.09#24.85
-158.235,68.2343#49.01#26.09#24.9
-158.087,68.2422#48.97#26.09#24.94
-157.939,68.2499#48.92#26.09#24.99
-157.791,68.2575#48.87#26.09#25.04
-157.643,68.2649#48.82#26.09#25.09
-157.495,68.2722#48.77#26.09#25.14
-157.347,68.2793#48.71#26.09#25.2
-157.198,68.2863#48.64#26.09#25.27
-157.05,68.2932#48.57#26.09#25.34
-156.901,68.2999#48.48#26.09#25.43
-156.753,68.3065#48.38#26.09#25.53
-156.604,68.3129#48.29#26.09#25.62
-156.455,68.3192#48.18#26.09#25.73
-156.306,68.3254#48.04#26.09#25.87
-156.157,68.3314#47.9#26.1#26
-156.008,68.3373#47.76#26.1#26.14
-155.859,68.343#47.62#26.12#26.26
-155.71,68.3486#47.48#26.15#26.37
-155.56,68.354#47.34#26.17#26.49
-155.411,68.3593#47.17#26.22#26.61
-155.262,68.3644#46.97#26.28#26.75
-155.112,68.3694#46.78#26.34#26.88
-154.962,68.3743#46.58#26.41#27.01
-154.813,68.379#46.37#26.51#27.12
-154.663,68.3836#46.17#26.6#27.23
-154.513,68.388#45.96#26.7#27.34
-154.363,68.3923#45.72#26.79#27.49
-154.213,68.3965#45.49#26.88#27.63
-154.063,68.4004#45.25#26.97#27.78
-153.913,68.4043#45#27.04#27.96
-153.763,68.408#44.74#27.1#28.16
-153.613,68.4116#44.48#27.15#28.37
-153.463,68.415#44.23#27.2#28.57
-153.313,68.4183#43.97#27.22#28.81
-153.162,68.4214#43.72#27.25#29.03
-153.012,68.4244#43.46#27.27#29.27
-152.862,68.4272#43.23#27.29#29.48
-152.711,68.4299#43#27.3#29.7
-152.561,68.4324#42.77#27.32#29.91
-152.41,68.4348#42.53#27.33#30.14
-152.26,68.4371#42.27#27.34#30.39
-152.109,68.4392#42.02#27.34#30.64
-151.958,68.4412#41.76#27.35#30.89
-151.808,68.443#41.52#27.36#31.12
-151.657,68.4447#41.29#27.36#31.35
-151.507,68.4462#41.05#27.37#31.58
-151.356,68.4476#40.85#27.37#31.78
-151.205,68.4488#40.65#27.37#31.98
-151.054,68.4499#40.45#27.38#32.17
