-151.197,52.9006#39.08#27.64#33.28
-151.111,52.9016#39.07#27.65#33.28
-151.026,52.9026#39.06#27.65#33.29
-150.94,52.9034#39.04#27.66#33.3
-150.855,52.9043#39.03#27.66#33.31
-150.769,52.905#39.02#27.67#33.31
-150.684,52.9056#39.01#27.67#33.32
-150.598,52.9062#38.99#27.68#33.33
-150.513,52.9067#38.98#27.68#33.34
-150.427,52.9071#38.97#27.69#33.34
-150.342,52.9075#38.96#27.69#33.35
-150.256,52.9077#38.95#27.7#33.35
-150.171,52.9079#38.94#27.7#33.36
-150.085,52.9081#38.92#27.71#33.37
-149.999,52.9081#38.91#27.71#33.38
-149.914,52.9081#38.9#27.72#33.38
-149.828,52.9079#38.89#27.73#33.38
-149.743,52.9077#38.88#27.73#33.39
-149.657,52.9075#38.87#27.74#33.39
-149.572,52.9071#38.86#27.74#33.4
-149.486,52.9067#38.84#27.75#33.41
-149.401,52.9062#38.83#27.75#33.42
-149.315,52.9056#38.82#27.76#33.42
-149.23,52.905#38.81#27.76#33.43
-149.144,52.9042#38.8#27.77#33.43
-149.059,52.9034#38.79#27.77#33.44
-148.973,52.9025#38.77#27.78#33.45
-148.888,52.9016#38.76#27.79#33.45
-148.802,52.9005#38.74#27.79#33.47
-153.336,52.9011#39.57#27.51#32.92
-153.251,52.9041#39.55#27.51#32.94
-153.165,52.907#39.53#27.52#32.95
-153.08,52.9098#39.51#27.52#32.97
-152.994,52.9125#39.49#27.53#32.98
-152.909,52.9152#39.47#27.53#33
-152.824,52.9177#39.45#27.54#33.01
-152.738,52.9202#39.43#27.54#33.03
-152.653,52.9227#39.41#27.55#33.04
-152.567,52.925#39.39#27.55#33.06
-152.482,52.9273#39.37#27.56#33.07
-152.396,52.9295#39.35#27.56#33.09
-152.311,52.9316#39.34#27.57#33.09
-152.225,52.9336#39.32#27.57#33.11
-152.14,52.9356#39.3#27.58#33.12
-152.054,52.9375#39.28#27.58#33.14
-151.969,52.9393#39.27#27.59#33.14
-151.883,52.941#39.25#27.59#33.16
-151.797,52.9427#39.24#27.6#33.16
-151.712,52.9443#39.22#27.6#33.18
-151.626,52.9458#39.21#27.61#33.18
-151.541,52.9472#39.19#27.61#33.2
-151.455,52.9485#39.18#27.62#33.2
-151.37,52.9498#39.16#27.62#33.22
-151.284,52.951#39.15#27.63#33.22
-151.198,52.9521#39.14#27.63#33.23
-151.113,52.9532#39.12#27.64#33.24
-151.027,52.9541#39.11#27.64#33.25
-150.941,52.955#39.1#27.65#33.25
-150.856,52.9558#39.09#27.65#33.26
-150.77,52.9566#39.07#27.66#33.27
-150.685,52.9572#39.06#27.67#33.27
-150.599,52.9578#39.05#27.67#33.28
-150.513,52.9583#39.04#27.68#33.28
-150.428,52.9587#39.03#27.68#33.29
-150.342,52.9591#39.01#27.69#33.3
-150.256,52.9593#39#27.69#33.31
-150.171,52.9595#38.99#27.7#33.31
-150.085,52.9596#38.98#27.7#33.32
-149.999,52.9597#38.97#27.71#33.32
-149.914,52.9596#38.95#27.71#33.34
-149.828,52.9595#38.94#27.72#33.34
-149.743,52.9593#38.93#27.72#33.35
-149.657,52.9591#38.92#27.73#33.35
-149.571,52.9587#38.91#27.73#33.36
-149.486,52.9583#38.9#27.74#33.36
-149.4,52.9578#38.88#27.74#33.38
-149.314,52.9572#38.87#27.75#33.38
-149.229,52.9565#38.86#27.76#33.38
-149.143,52.9558#38.85#27.76#33.39
-149.057,52.955#38.84#27.77#33.39
-148.972,52.9541#38.83#27.77#33.4
-148.886,52.9532#38.81#27.78#33.41
-148.801,52.9521#38.79#27.78#33.43
-148.715,52.951#38.78#27.79#33.43
-148.629,52.9498#38.76#27.79#33.45
-148.544,52.9485#38.75#27.8#33.45
-148.458,52.9472#38.73#27.81#33.46
-148.373,52.9458#38.71#27.81#33.48
-148.287,52.9442#38.69#27.82#33.49
-148.201,52.9427#38.67#27.82#33.51
-148.116,52.941#38.65#27.83#33.52
-148.03,52.9393#38.64#27.83#33.53
-147.945,52.9375#38.61#27.84#33.55
-147.859,52.9356#38.59#27.84#33.57
-147.774,52.9336#38.57#27.85#33.58
-147.688,52.9316#38.55#27.86#33.59
-147.603,52.9294#38.53#27.86#33.61
-147.517,52.9273#38.51#27.87#33.62
-147.432,52.925#38.49#27.87#33.64
-147.346,52.9226#38.46#27.88#33.66
-147.261,52.9202#38.44#27.88#33.68
-147.175,52.9177#38.42#27.89#33.69
-147.09,52.9151#38.4#27.9#33.7
-147.005,52.9125#38.37#27.9#33.73
-146.919,52.9097#38.35#27.91#33.74
-146.834,52.9069#38.32#27.91#33.77
-146.748,52.904#38.3#27.92#33.78
-146.663,52.9011#38.27#27.92#33.81
-154.536,52.903#40.43#27.43#32.14
-154.451,52.907#40.37#27.44#32.19
-154.365,52.911#40.31#27.44#32.25
-154.28,52.9149#40.25#27.45#32.3
-154.195,52.9187#40.19#27.45#32.36
-154.11,52.9224#40.13#27.46#32.41
-154.024,52.9261#40.06#27.46#32.48
-153.939,52.9297#40#27.47#32.53
-153.853,52.9332#39.94#27.47#32.59
-153.768,52.9366#39.88#27.48#32.64
-153.683,52.94#39.82#27.48#32.7
-153.597,52.9432#39.75#27.49#32.76
-153.512,52.9464#39.69#27.49#32.82
-153.426,52.9496#39.66#27.5#32.84
-153.341,52.9526#39.64#27.5#32.86
-153.255,52.9556#39.61#27.51#32.88
-153.17,52.9585#39.59#27.51#32.9
-153.084,52.9613#39.57#27.52#32.91
-152.999,52.964#39.55#27.52#32.93
-152.913,52.9667#39.53#27.52#32.95
-152.828,52.9693#39.51#27.53#32.96
-152.742,52.9718#39.49#27.53#32.98
-152.657,52.9742#39.47#27.54#32.99
-152.571,52.9765#39.45#27.54#33.01
-152.485,52.9788#39.43#27.55#33.02
-152.4,52.981#39.41#27.55#33.04
-152.314,52.9831#39.39#27.56#33.05
-152.228,52.9852#39.38#27.57#33.05
-152.143,52.9872#39.36#27.57#33.07
-152.057,52.989#39.34#27.58#33.08
-151.971,52.9909#39.32#27.58#33.1
-151.886,52.9926#39.31#27.59#33.1
-151.8,52.9943#39.29#27.59#33.12
-151.714,52.9958#39.28#27.6#33.12
-151.629,52.9973#39.26#27.6#33.14
-151.543,52.9988#39.25#27.61#33.14
-151.457,53.0001#39.23#27.61#33.16
-151.372,53.0014#39.22#27.62#33.16
-151.286,53.0026#39.21#27.62#33.17
-151.2,53.0037#39.19#27.63#33.18
-151.114,53.0048#39.18#27.63#33.19
-151.029,53.0057#39.17#27.64#33.19
-150.943,53.0066#39.15#27.64#33.21
-150.857,53.0074#39.14#27.65#33.21
-150.771,53.0081#39.13#27.65#33.22
-150.686,53.0088#39.12#27.66#33.22
-150.6,53.0094#39.1#27.66#33.24
-150.514,53.0099#39.09#27.67#33.24
-150.428,53.0103#39.08#27.67#33.25
-150.343,53.0107#39.07#27.68#33.25
-150.257,53.0109#39.06#27.68#33.26
-150.171,53.0111#39.04#27.69#33.27
-150.085,53.0112#39.03#27.69#33.28
-149.999,53.0113#39.02#27.7#33.28
-149.914,53.0112#39.01#27.7#33.29
-149.828,53.0111#39#27.71#33.29
-149.742,53.0109#38.98#27.72#33.3
-149.656,53.0107#38.97#27.72#33.31
-149.571,53.0103#38.96#27.73#33.31
-149.485,53.0099#38.95#27.73#33.32
-149.399,53.0094#38.94#27.74#33.32
-149.313,53.0088#38.93#27.74#33.33
-149.228,53.0081#38.91#27.75#33.34
-149.142,53.0074#38.9#27.75#33.35
-149.056,53.0066#38.89#27.76#33.35
-148.97,53.0057#38.88#27.76#33.36
-148.885,53.0047#38.86#27.77#33.37
-148.799,53.0037#38.85#27.78#33.37
-148.713,53.0026#38.83#27.78#33.39
-148.627,53.0014#38.81#27.79#33.4
-148.542,53.0001#38.8#27.79#33.41
-148.456,52.9988#38.78#27.8#33.42
-148.37,52.9973#38.76#27.8#33.44
-148.284,52.9958#38.74#27.81#33.45
-148.199,52.9942#38.72#27.81#33.47
-148.113,52.9926#38.7#27.82#33.48
-148.027,52.9908#38.68#27.83#33.49
-147.942,52.989#38.66#27.83#33.51
-147.856,52.9871#38.64#27.84#33.52
-147.77,52.9852#38.62#27.84#33.54
-147.685,52.9831#38.6#27.85#33.55
-147.599,52.981#38.58#27.85#33.57
-147.514,52.9788#38.55#27.86#33.59
-147.428,52.9765#38.53#27.87#33.6
-147.342,52.9742#38.51#27.87#33.62
-147.257,52.9717#38.49#27.88#33.63
-147.171,52.9692#38.46#27.88#33.66
-147.086,52.9666#38.44#27.89#33.67
-147,52.964#38.42#27.89#33.69
-146.915,52.9612#38.39#27.9#33.71
-146.829,52.9584#38.37#27.91#33.72
-146.744,52.9555#38.34#27.91#33.75
-146.658,52.9526#38.32#27.92#33.76
-146.573,52.9495#38.29#27.92#33.79
-146.487,52.9464#38.27#27.93#33.8
-146.402,52.9432#38.24#27.93#33.83
-146.316,52.9399#38.22#27.94#33.84
-146.231,52.9366#38.19#27.95#33.86
-146.145,52.9331#38.16#27.95#33.89
-146.06,52.9296#38.14#27.96#33.9
-145.975,52.926#38.11#27.96#33.93
-145.889,52.9224#38.09#27.97#33.94
-145.804,52.9187#38.07#27.98#33.95
-145.719,52.9148#38.04#27.98#33.98
-145.633,52.911#38.02#27.99#33.99
-145.548,52.907#37.99#27.99#34.02
-145.463,52.9029#37.97#28#34.03
-155.48,52.9048#41.59#27.37#31.04
-155.395,52.9097#41.48#27.38#31.14
-155.31,52.9145#41.36#27.38#31.26
-155.225,52.9193#41.24#27.39#31.37
-155.14,52.9239#41.12#27.39#31.49
-155.055,52.9285#41#27.4#31.6
-154.969,52.933#40.9#27.4#31.7
-154.884,52.9375#40.84#27.41#31.75
-154.799,52.9418#40.79#27.41#31.8
-154.713,52.9461#40.73#27.42#31.85
-154.628,52.9503#40.67#27.42#31.91
-154.543,52.9544#40.61#27.43#31.96
-154.457,52.9585#40.55#27.43#32.02
-154.372,52.9624#40.48#27.43#32.09
-154.287,52.9663#40.41#27.44#32.15
-154.201,52.9701#40.33#27.44#32.23
-154.116,52.9739#40.26#27.45#32.29
-154.03,52.9776#40.18#27.45#32.37
-153.945,52.9811#40.11#27.46#32.43
-153.859,52.9847#40.05#27.46#32.49
-153.774,52.9881#39.97#27.47#32.56
-153.688,52.9914#39.9#27.47#32.63
-153.603,52.9947#39.83#27.48#32.69
-153.517,52.9979#39.76#27.48#32.76
-153.431,53.0011#39.72#27.49#32.79
-153.346,53.0041#39.7#27.49#32.81
-153.26,53.0071#39.68#27.5#32.82
-153.175,53.01#39.65#27.5#32.85
-153.089,53.0128#39.63#27.51#32.86
-153.003,53.0155#39.61#27.51#32.88
-152.918,53.0182#39.59#27.52#32.89
-152.832,53.0208#39.57#27.52#32.91
-152.746,53.0233#39.55#27.53#32.92
-152.661,53.0257#39.53#27.53#32.94
-152.575,53.0281#39.51#27.54#32.95
-152.489,53.0304#39.49#27.54#32.97
-152.403,53.0326#39.47#27.55#32.98
-152.318,53.0347#39.45#27.55#33
-152.232,53.0368#39.43#27.56#33.01
-152.146,53.0387#39.42#27.56#33.02
-152.06,53.0406#39.4#27.57#33.03
-151.974,53.0424#39.38#27.57#33.05
-151.889,53.0442#39.37#27.58#33.05
-151.803,53.0458#39.35#27.58#33.07
-151.717,53.0474#39.33#27.59#33.08
-151.631,53.0489#39.32#27.59#33.09
-151.545,53.0504#39.3#27.6#33.1
-151.459,53.0517#39.29#27.6#33.11
-151.374,53.053#39.27#27.61#33.12
-151.288,53.0542#39.26#27.61#33.13
-151.202,53.0553#39.25#27.62#33.13
-151.116,53.0564#39.23#27.62#33.15
-151.03,53.0573#39.22#27.63#33.15
-150.944,53.0582#39.21#27.63#33.16
-150.858,53.059#39.2#27.64#33.16
-150.773,53.0598#39.18#27.64#33.18
-150.687,53.0604#39.17#27.65#33.18
-150.601,53.061#39.16#27.65#33.19
-150.515,53.0615#39.15#27.66#33.19
-150.429,53.0619#39.13#27.67#33.2
-150.343,53.0623#39.12#27.67#33.21
-150.257,53.0625#39.11#27.68#33.21
-150.171,53.0627#39.1#27.68#33.22
-150.085,53.0628#39.09#27.69#33.22
-149.999,53.0629#39.07#27.69#33.24
-149.914,53.0628#39.06#27.7#33.24
-149.828,53.0627#39.05#27.7#33.25
-149.742,53.0625#39.04#27.71#33.25
-149.656,53.0623#39.03#27.71#33.26
-149.57,53.0619#39.01#27.72#33.27
-149.484,53.0615#39#27.72#33.28
-149.398,53.061#38.99#27.73#33.28
-149.312,53.0604#38.98#27.74#33.28
-149.226,53.0597#38.97#27.74#33.29
-149.14,53.059#38.95#27.75#33.3
-149.055,53.0582#38.94#27.75#33.31
-148.969,53.0573#38.93#27.76#33.31
-148.883,53.0563#38.91#27.76#33.33
-148.797,53.0553#38.9#27.77#33.33
-148.711,53.0542#38.88#27.77#33.35
-148.625,53.053#38.86#27.78#33.36
-148.539,53.0517#38.85#27.78#33.37
-148.454,53.0503#38.83#27.79#33.38
-148.368,53.0489#38.81#27.8#33.39
-148.282,53.0474#38.79#27.8#33.41
-148.196,53.0458#38.77#27.81#33.42
-148.11,53.0442#38.75#27.81#33.44
-148.024,53.0424#38.73#27.82#33.45
-147.939,53.0406#38.71#27.82#33.47
-147.853,53.0387#38.69#27.83#33.48
-147.767,53.0367#38.67#27.84#33.49
-147.681,53.0347#38.64#27.84#33.52
-147.596,53.0326#38.62#27.85#33.53
-147.51,53.0303#38.6#27.85#33.55
-147.424,53.0281#38.58#27.86#33.56
-147.338,53.0257#38.55#27.86#33.59
-147.253,53.0233#38.53#27.87#33.6
-147.167,53.0208#38.51#27.88#33.61
-147.081,53.0182#38.48#27.88#33.64
-146.996,53.0155#38.46#27.89#33.65
-146.91,53.0128#38.44#27.89#33.67
-146.824,53.0099#38.41#27.9#33.69
-146.739,53.007#38.38#27.9#33.72
-146.653,53.0041#38.36#27.91#33.73
-146.567,53.001#38.33#27.92#33.75
-146.482,52.9979#38.31#27.92#33.77
-146.396,52.9947#38.28#27.93#33.79
-146.311,52.9914#38.26#27.93#33.81
-146.225,52.988#38.23#27.94#33.83
-146.14,52.9846#38.21#27.94#33.85
-146.054,52.9811#38.18#27.95#33.87
-145.969,52.9775#38.16#27.96#33.88
-145.883,52.9738#38.13#27.96#33.91
-145.798,52.9701#38.11#27.97#33.92
-145.712,52.9663#38.08#27.97#33.95
-145.627,52.9624#38.06#27.98#33.96
-145.542,52.9584#38.03#27.99#33.98
-145.456,52.9544#38.01#27.99#34
-145.371,52.9502#37.99#28#34.01
-145.285,52.946#37.96#28#34.04
-145.2,52.9418#37.94#28.01#34.05
-145.115,52.9374#37.92#28.01#34.07
-145.03,52.933#37.9#28.02#34.08
-144.944,52.9285#37.88#28.03#34.09
-144.859,52.9239#37.86#28.03#34.11
-144.774,52.9192#37.84#28.04#34.12
-144.689,52.9145#37.82#28.04#34.14
-144.604,52.9097#37.8#28.05#34.15
-144.518,52.9048#37.78#28.06#34.16
-156.34,52.903#42.85#27.32#29.83
-156.255,52.9087#42.74#27.33#29.93
-156.17,52.9143#42.64#27.33#30.03
-156.085,52.9198#42.53#27.33#30.14
-156,52.9252#42.42#27.34#30.24
-155.915,52.9306#42.33#27.34#30.33
-155.829,52.9358#42.23#27.35#30.42
-155.744,52.941#42.13#27.35#30.52
-155.659,52.9462#42.04#27.36#30.6
-155.574,52.9512#41.94#27.36#30.7
-155.489,52.9562#41.84#27.37#30.79
-155.403,52.9611#41.72#27.37#30.91
-155.318,52.9659#41.6#27.38#31.02
-155.233,52.9707#41.48#27.38#31.14
-155.147,52.9753#41.35#27.38#31.27
-155.062,52.9799#41.23#27.39#31.38
-154.977,52.9844#41.12#27.39#31.49
-154.891,52.9889#41.06#27.4#31.54
-154.806,52.9932#40.99#27.4#31.61
-154.721,52.9975#40.93#27.41#31.66
-154.635,53.0017#40.86#27.41#31.73
-154.55,53.0058#40.79#27.42#31.79
-154.464,53.0099#40.72#27.42#31.86
-154.379,53.0139#40.64#27.43#31.93
-154.293,53.0178#40.56#27.43#32.01
-154.207,53.0216#40.48#27.44#32.08
-154.122,53.0254#40.4#27.44#32.16
-154.036,53.029#40.31#27.45#32.24
-153.951,53.0326#40.23#27.45#32.32
-153.865,53.0361#40.15#27.46#32.39
-153.779,53.0396#40.07#27.46#32.47
-153.694,53.0429#39.99#27.46#32.55
-153.608,53.0462#39.91#27.47#32.62
-153.522,53.0494#39.83#27.47#32.7
-153.437,53.0526#39.79#27.48#32.73
-153.351,53.0556#39.76#27.48#32.76
-153.265,53.0586#39.74#27.49#32.77
-153.179,53.0615#39.72#27.49#32.79
-153.094,53.0643#39.69#27.5#32.81
-153.008,53.0671#39.67#27.5#32.83
-152.922,53.0698#39.65#27.51#32.84
-152.836,53.0723#39.63#27.51#32.86
-152.75,53.0749#39.61#27.52#32.87
-152.665,53.0773#39.59#27.52#32.89
-152.579,53.0797#39.57#27.53#32.9
-152.493,53.0819#39.54#27.53#32.93
-152.407,53.0842#39.53#27.54#32.93
-152.321,53.0863#39.51#27.54#32.95
-152.235,53.0883#39.49#27.55#32.96
-152.149,53.0903#39.47#27.55#32.98
-152.063,53.0922#39.46#27.56#32.98
-151.977,53.094#39.44#27.56#33
-151.891,53.0958#39.42#27.57#33.01
-151.806,53.0974#39.41#27.57#33.02
-151.72,53.099#39.39#27.58#33.03
-151.634,53.1005#39.37#27.58#33.05
-151.548,53.102#39.36#27.59#33.05
-151.462,53.1033#39.34#27.6#33.06
-151.376,53.1046#39.33#27.6#33.07
-151.29,53.1058#39.32#27.61#33.07
-151.204,53.1069#39.3#27.61#33.09
-151.118,53.108#39.29#27.62#33.09
-151.032,53.1089#39.28#27.62#33.1
-150.946,53.1098#39.26#27.63#33.11
-150.86,53.1106#39.25#27.63#33.12
-150.774,53.1114#39.24#27.64#33.12
-150.688,53.112#39.23#27.64#33.13
-150.602,53.1126#39.21#27.65#33.14
-150.516,53.1131#39.2#27.65#33.15
-150.43,53.1135#39.19#27.66#33.15
-150.344,53.1139#39.18#27.66#33.16
-150.258,53.1142#39.16#27.67#33.17
-150.172,53.1144#39.15#27.67#33.18
-150.085,53.1145#39.14#27.68#33.18
-149.999,53.1145#39.13#27.68#33.19
-149.913,53.1145#39.11#27.69#33.2
-149.827,53.1144#39.1#27.69#33.21
-149.741,53.1142#39.09#27.7#33.21
-149.655,53.1139#39.08#27.71#33.21
-149.569,53.1135#39.07#27.71#33.22
-149.483,53.1131#39.05#27.72#33.23
-149.397,53.1126#39.04#27.72#33.24
-149.311,53.112#39.03#27.73#33.24
-149.225,53.1114#39.02#27.73#33.25
-149.139,53.1106#39.01#27.74#33.25
-149.053,53.1098#38.99#27.74#33.27
-148.967,53.1089#38.98#27.75#33.27
-148.881,53.108#38.96#27.75#33.29
-148.795,53.1069#38.95#27.76#33.29
-148.709,53.1058#38.93#27.77#33.3
-148.623,53.1046#38.91#27.77#33.32
-148.537,53.1033#38.9#27.78#33.32
-148.451,53.1019#38.88#27.78#33.34
-148.365,53.1005#38.86#27.79#33.35
-148.279,53.099#38.84#27.79#33.37
-148.193,53.0974#38.82#27.8#33.38
-148.107,53.0957#38.8#27.81#33.39
-148.022,53.094#38.78#27.81#33.41
-147.936,53.0922#38.76#27.82#33.42
-147.85,53.0903#38.74#27.82#33.44
-147.764,53.0883#38.71#27.83#33.46
-147.678,53.0863#38.69#27.83#33.48
-147.592,53.0841#38.67#27.84#33.49
-147.506,53.0819#38.65#27.84#33.51
-147.42,53.0796#38.62#27.85#33.53
-147.334,53.0773#38.6#27.86#33.54
-147.249,53.0748#38.58#27.86#33.56
-147.163,53.0723#38.55#27.87#33.58
-147.077,53.0697#38.53#27.87#33.6
-146.991,53.067#38.51#27.88#33.61
-146.905,53.0643#38.48#27.88#33.64
-146.82,53.0615#38.45#27.89#33.66
-146.734,53.0586#38.43#27.9#33.67
-146.648,53.0556#38.4#27.9#33.7
-146.562,53.0525#38.38#27.91#33.71
-146.477,53.0494#38.35#27.91#33.74
-146.391,53.0462#38.32#27.92#33.76
-146.305,53.0429#38.3#27.93#33.77
-146.22,53.0395#38.27#27.93#33.8
-146.134,53.0361#38.25#27.94#33.81
-146.048,53.0326#38.22#27.94#33.84
-145.963,53.029#38.2#27.95#33.85
-145.877,53.0253#38.17#27.95#33.88
-145.791,53.0216#38.15#27.96#33.89
-145.706,53.0177#38.12#27.97#33.91
-145.62,53.0138#38.1#27.97#33.93
-145.535,53.0099#38.07#27.98#33.95
-145.449,53.0058#38.05#27.98#33.97
-145.364,53.0017#38.03#27.99#33.98
-145.278,52.9975#38#28#34
-145.193,52.9932#37.98#28#34.02
-145.108,52.9888#37.96#28.01#34.03
-145.022,52.9844#37.94#28.01#34.05
-144.937,52.9799#37.92#28.02#34.06
-144.851,52.9753#37.9#28.03#34.07
-144.766,52.9706#37.88#28.03#34.09
-144.681,52.9658#37.86#28.04#34.1
-144.596,52.961#37.84#28.04#34.12
-144.51,52.9561#37.82#28.05#34.13
-144.425,52.9512#37.8#28.06#34.14
-144.34,52.9461#37.79#28.06#34.15
-144.255,52.941#37.77#28.07#34.16
-144.169,52.9358#37.76#28.07#34.17
-144.084,52.9305#37.74#28.08#34.18
-143.999,52.9251#37.73#28.09#34.18
-143.914,52.9197#37.72#28.09#34.19
-143.829,52.9142#37.71#28.1#34.19
-143.744,52.9086#37.71#28.1#34.19
-143.659,52.903#37.7#28.11#34.19
-157.029,52.9062#43.79#27.28#28.93
-156.944,52.9125#43.71#27.28#29.01
-156.859,52.9187#43.62#27.29#29.09
-156.774,52.9248#43.54#27.29#29.17
-156.689,52.9309#43.46#27.3#29.24
-156.604,52.9368#43.37#27.3#29.33
-156.519,52.9427#43.29#27.3#29.41
-156.434,52.9486#43.19#27.31#29.5
-156.349,52.9543#43.08#27.31#29.61
-156.264,52.96#42.98#27.32#29.7
-156.179,52.9656#42.87#27.32#29.81
-156.094,52.9711#42.76#27.33#29.91
-156.009,52.9765#42.66#27.33#30.01
-155.923,52.9819#42.56#27.34#30.1
-155.838,52.9872#42.47#27.34#30.19
-155.753,52.9924#42.37#27.34#30.29
-155.668,52.9975#42.28#27.35#30.37
-155.582,53.0026#42.18#27.35#30.47
-155.497,53.0075#42.09#27.36#30.55
-155.411,53.0125#41.96#27.36#30.68
-155.326,53.0173#41.84#27.37#30.79
-155.241,53.022#41.71#27.37#30.92
-155.155,53.0267#41.59#27.38#31.03
-155.07,53.0313#41.46#27.38#31.16
-154.984,53.0358#41.34#27.39#31.27
-154.899,53.0403#41.27#27.39#31.34
-154.813,53.0446#41.2#27.4#31.4
-154.728,53.0489#41.13#27.4#31.47
-154.642,53.0532#41.05#27.4#31.55
-154.556,53.0573#40.98#27.41#31.61
-154.471,53.0614#40.9#27.41#31.69
-154.385,53.0653#40.81#27.42#31.77
-154.299,53.0693#40.72#27.42#31.86
-154.214,53.0731#40.63#27.43#31.94
-154.128,53.0768#40.53#27.43#32.04
-154.042,53.0805#40.44#27.44#32.12
-153.957,53.0841#40.34#27.44#32.22
-153.871,53.0876#40.26#27.45#32.29
-153.785,53.0911#40.17#27.45#32.38
-153.699,53.0945#40.08#27.46#32.46
-153.613,53.0978#39.99#27.46#32.55
-153.528,53.101#39.9#27.47#32.63
-153.442,53.1041#39.85#27.47#32.68
-153.356,53.1072#39.83#27.48#32.69
-153.27,53.1102#39.8#27.48#32.72
-153.184,53.1131#39.78#27.49#32.73
-153.098,53.1159#39.75#27.49#32.76
-153.012,53.1186#39.73#27.5#32.77
-152.926,53.1213#39.71#27.5#32.79
-152.84,53.1239#39.69#27.51#32.8
-152.755,53.1264#39.67#27.51#32.82
-152.669,53.1289#39.65#27.52#32.83
-152.583,53.1312#39.62#27.52#32.86
-152.497,53.1335#39.6#27.53#32.87
-152.411,53.1357#39.59#27.53#32.88
-152.325,53.1379#39.57#27.54#32.89
-152.239,53.1399#39.55#27.54#32.91
-152.152,53.1419#39.53#27.55#32.92
-152.066,53.1438#39.51#27.55#32.94
-151.98,53.1456#39.5#27.56#32.94
-151.894,53.1474#39.48#27.56#32.96
-151.808,53.149#39.46#27.57#32.97
-151.722,53.1506#39.45#27.57#32.98
-151.636,53.1522#39.43#27.58#32.99
-151.55,53.1536#39.41#27.58#33.01
-151.464,53.1549#39.4#27.59#33.01
-151.378,53.1562#39.39#27.59#33.02
-151.292,53.1574#39.37#27.6#33.03
-151.206,53.1586#39.36#27.6#33.04
-151.119,53.1596#39.35#27.61#33.04
-151.033,53.1606#39.33#27.61#33.06
-150.947,53.1615#39.32#27.62#33.06
-150.861,53.1623#39.31#27.62#33.07
-150.775,53.163#39.29#27.63#33.08
-150.689,53.1637#39.28#27.63#33.09
-150.603,53.1643#39.27#27.64#33.09
-150.516,53.1648#39.26#27.64#33.1
-150.43,53.1652#39.24#27.65#33.11
-150.344,53.1655#39.23#27.65#33.12
-150.258,53.1658#39.22#27.66#33.12
-150.172,53.166#39.21#27.67#33.12
-150.086,53.1661#39.19#27.67#33.14
-149.999,53.1662#39.18#27.68#33.14
-149.913,53.1661#39.17#27.68#33.15
-149.827,53.166#39.16#27.69#33.15
-149.741,53.1658#39.14#27.69#33.17
-149.655,53.1655#39.13#27.7#33.17
-149.569,53.1652#39.12#27.7#33.18
-149.483,53.1648#39.11#27.71#33.18
-149.396,53.1643#39.09#27.71#33.2
-149.31,53.1637#39.08#27.72#33.2
-149.224,53.163#39.07#27.73#33.2
-149.138,53.1623#39.06#27.73#33.21
-149.052,53.1615#39.04#27.74#33.22
-148.966,53.1606#39.03#27.74#33.23
-148.88,53.1596#39.01#27.75#33.24
-148.793,53.1585#39#27.75#33.25
-148.707,53.1574#38.98#27.76#33.26
-148.621,53.1562#38.97#27.76#33.27
-148.535,53.1549#38.95#27.77#33.28
-148.449,53.1536#38.93#27.78#33.29
-148.363,53.1521#38.91#27.78#33.31
-148.277,53.1506#38.89#27.79#33.32
-148.191,53.149#38.87#27.79#33.34
-148.105,53.1474#38.85#27.8#33.35
-148.019,53.1456#38.83#27.8#33.37
-147.932,53.1438#38.81#27.81#33.38
-147.846,53.1419#38.78#27.81#33.41
-147.76,53.1399#38.76#27.82#33.42
-147.674,53.1378#38.74#27.83#33.43
-147.588,53.1357#38.72#27.83#33.45
-147.502,53.1335#38.69#27.84#33.47
-147.416,53.1312#38.67#27.84#33.49
-147.33,53.1288#38.65#27.85#33.5
-147.244,53.1264#38.62#27.85#33.53
-147.158,53.1239#38.6#27.86#33.54
-147.073,53.1213#38.57#27.87#33.56
-146.987,53.1186#38.55#27.87#33.58
-146.901,53.1159#38.52#27.88#33.6
-146.815,53.113#38.5#27.88#33.62
-146.729,53.1101#38.47#27.89#33.64
-146.643,53.1071#38.45#27.89#33.66
-146.557,53.1041#38.42#27.9#33.68
-146.471,53.1009#38.39#27.91#33.7
-146.385,53.0977#38.37#27.91#33.72
-146.3,53.0944#38.34#27.92#33.74
-146.214,53.091#38.32#27.92#33.76
-146.128,53.0876#38.29#27.93#33.78
-146.042,53.0841#38.26#27.94#33.8
-145.957,53.0805#38.24#27.94#33.82
-145.871,53.0768#38.21#27.95#33.84
-145.785,53.073#38.19#27.95#33.86
-145.699,53.0692#38.16#27.96#33.88
-145.614,53.0653#38.14#27.96#33.9
-145.528,53.0613#38.11#27.97#33.92
-145.443,53.0572#38.09#27.98#33.93
-145.357,53.0531#38.07#27.98#33.95
-145.271,53.0489#38.04#27.99#33.97
-145.186,53.0446#38.02#27.99#33.99
-145.1,53.0402#38#28#34
-145.015,53.0358#37.98#28.01#34.01
-144.929,53.0313#37.96#28.01#34.03
-144.844,53.0267#37.94#28.02#34.04
-144.758,53.022#37.92#28.02#34.06
-144.673,53.0172#37.9#28.03#34.07
-144.587,53.0124#37.88#28.04#34.08
-144.502,53.0075#37.86#28.04#34.1
-144.417,53.0025#37.85#28.05#34.1
-144.331,52.9974#37.83#28.05#34.12
-144.246,52.9923#37.82#28.06#34.12
-144.161,52.9871#37.8#28.07#34.13
-144.076,52.9818#37.79#28.07#34.14
-143.99,52.9764#37.77#28.08#34.15
-143.905,52.971#37.76#28.09#34.15
-143.82,52.9655#37.76#28.09#34.15
-143.735,52.9599#37.75#28.1#34.15
-143.65,52.9542#37.74#28.1#34.16
-143.565,52.9485#37.73#28.11#34.16
-143.479,52.9427#37.73#28.12#34.15
-143.394,52.9368#37.72#28.12#34.16
-143.309,52.9308#37.72#28.13#34.15
-143.224,52.9248#37.72#28.13#34.15
-143.14,52.9186#37.72#28.14#34.14
-143.055,52.9124#37.72#28.15#34.13
-142.97,52.9062#37.72#28.15#34.13
-157.719,52.9044#44.63#27.24#28.13
-157.634,52.9113#44.56#27.24#28.2
-157.549,52.9181#44.49#27.24#28.27
-157.464,52.9249#44.42#27.25#28.33
-157.379,52.9315#44.34#27.25#28.41
-157.295,52.9381#44.26#27.26#28.48
-157.21,52.9446#44.18#27.26#28.56
-157.125,52.9511#44.1#27.27#28.63
-157.04,52.9574#44.02#27.27#28.71
-156.955,52.9637#43.94#27.27#28.79
-156.87,52.9699#43.86#27.28#28.86
-156.785,52.9761#43.77#27.28#28.95
-156.699,52.9821#43.69#27.29#29.02
-156.614,52.9881#43.6#27.29#29.11
-156.529,52.994#43.51#27.3#29.19
-156.444,52.9998#43.42#27.3#29.28
-156.359,53.0056#43.31#27.3#29.39
-156.274,53.0113#43.21#27.31#29.48
-156.188,53.0169#43.1#27.31#29.59
-156.103,53.0224#43#27.32#29.68
-156.018,53.0278#42.89#27.32#29.79
-155.932,53.0332#42.8#27.33#29.87
-155.847,53.0385#42.7#27.33#29.97
-155.761,53.0437#42.61#27.34#30.05
-155.676,53.0489#42.52#27.34#30.14
-155.591,53.0539#42.42#27.35#30.23
-155.505,53.0589#42.33#27.35#30.32
-155.42,53.0638#42.21#27.35#30.44
-155.334,53.0687#42.08#27.36#30.56
-155.248,53.0734#41.95#27.36#30.69
-155.163,53.0781#41.82#27.37#30.81
-155.077,53.0827#41.69#27.37#30.94
-154.992,53.0873#41.57#27.38#31.05
-154.906,53.0917#41.49#27.38#31.13
-154.82,53.0961#41.41#27.39#31.2
-154.735,53.1004#41.33#27.39#31.28
-154.649,53.1046#41.25#27.4#31.35
-154.563,53.1088#41.16#27.4#31.44
-154.477,53.1128#41.07#27.41#31.52
-154.392,53.1168#40.98#27.41#31.61
-154.306,53.1207#40.88#27.42#31.7
-154.22,53.1246#40.77#27.42#31.81
-154.134,53.1283#40.67#27.42#31.91
-154.048,53.132#40.56#27.43#32.01
-153.963,53.1356#40.46#27.43#32.11
-153.877,53.1392#40.37#27.44#32.19
-153.791,53.1426#40.27#27.44#32.29
-153.705,53.146#40.17#27.45#32.38
-153.619,53.1493#40.07#27.45#32.48
-153.533,53.1525#39.97#27.46#32.57
-153.447,53.1557#39.92#27.46#32.62
-153.361,53.1587#39.89#27.47#32.64
-153.275,53.1617#39.87#27.47#32.66
-153.189,53.1646#39.84#27.48#32.68
-153.103,53.1675#39.81#27.48#32.71
-153.017,53.1702#39.79#27.49#32.72
-152.931,53.1729#39.77#27.49#32.74
-152.845,53.1755#39.75#27.5#32.75
-152.759,53.178#39.73#27.5#32.77
-152.673,53.1805#39.7#27.51#32.79
-152.586,53.1828#39.68#27.51#32.81
-152.5,53.1851#39.66#27.52#32.82
-152.414,53.1873#39.64#27.52#32.84
-152.328,53.1895#39.63#27.53#32.84
-152.242,53.1915#39.61#27.53#32.86
-152.156,53.1935#39.59#27.54#32.87
-152.07,53.1954#39.57#27.54#32.89
-151.983,53.1973#39.55#27.55#32.9
-151.897,53.199#39.54#27.55#32.91
-151.811,53.2007#39.52#27.56#32.92
-151.725,53.2023#39.5#27.56#32.94
-151.639,53.2038#39.49#27.57#32.94
-151.552,53.2052#39.47#27.57#32.96
-151.466,53.2066#39.45#27.58#32.97
-151.38,53.2079#39.44#27.58#32.98
-151.294,53.2091#39.43#27.59#32.98
-151.207,53.2102#39.41#27.6#32.99
-151.121,53.2113#39.4#27.6#33
-151.035,53.2122#39.39#27.61#33
-150.949,53.2131#39.37#27.61#33.02
-150.862,53.2139#39.36#27.62#33.02
-150.776,53.2147#39.35#27.62#33.03
-150.69,53.2153#39.34#27.63#33.03
-150.603,53.2159#39.32#27.63#33.05
-150.517,53.2164#39.31#27.64#33.05
-150.431,53.2168#39.3#27.64#33.06
-150.345,53.2172#39.28#27.65#33.07
-150.258,53.2175#39.27#27.65#33.08
-150.172,53.2177#39.26#27.66#33.08
-150.086,53.2178#39.25#27.66#33.09
-149.999,53.2178#39.23#27.67#33.1
-149.913,53.2178#39.22#27.67#33.11
-149.827,53.2177#39.21#27.68#33.11
-149.741,53.2175#39.2#27.68#33.12
-149.654,53.2172#39.18#27.69#33.13
-149.568,53.2168#39.17#27.7#33.13
-149.482,53.2164#39.16#27.7#33.14
-149.395,53.2159#39.15#27.71#33.14
-149.309,53.2153#39.13#27.71#33.16
-149.223,53.2147#39.12#27.72#33.16
-149.137,53.2139#39.11#27.72#33.17
-149.05,53.2131#39.1#27.73#33.17
-148.964,53.2122#39.08#27.73#33.19
-148.878,53.2112#39.06#27.74#33.2
-148.792,53.2102#39.05#27.75#33.2
-148.705,53.2091#39.03#27.75#33.22
-148.619,53.2079#39.02#27.76#33.22
-148.533,53.2066#39#27.76#33.24
-148.447,53.2052#38.98#27.77#33.25
-148.36,53.2038#38.96#27.77#33.27
-148.274,53.2023#38.94#27.78#33.28
-148.188,53.2007#38.92#27.78#33.3
-148.102,53.199#38.9#27.79#33.31
-148.016,53.1972#38.88#27.8#33.32
-147.929,53.1954#38.85#27.8#33.35
-147.843,53.1935#38.83#27.81#33.36
-147.757,53.1915#38.81#27.81#33.38
-147.671,53.1895#38.78#27.82#33.4
-147.585,53.1873#38.76#27.82#33.42
-147.499,53.1851#38.74#27.83#33.43
-147.412,53.1828#38.71#27.84#33.45
-147.326,53.1804#38.69#27.84#33.47
-147.24,53.178#38.67#27.85#33.48
-147.154,53.1755#38.64#27.85#33.51
-147.068,53.1729#38.62#27.86#33.52
-146.982,53.1702#38.59#27.86#33.55
-146.896,53.1674#38.57#27.87#33.56
-146.81,53.1646#38.54#27.88#33.58
-146.724,53.1617#38.51#27.88#33.61
-146.638,53.1587#38.49#27.89#33.62
-146.552,53.1556#38.46#27.89#33.65
-146.466,53.1525#38.44#27.9#33.66
-146.38,53.1492#38.41#27.91#33.68
-146.294,53.1459#38.38#27.91#33.71
-146.208,53.1426#38.36#27.92#33.72
-146.122,53.1391#38.33#27.92#33.75
-146.036,53.1356#38.3#27.93#33.77
-145.951,53.132#38.28#27.93#33.79
-145.865,53.1283#38.25#27.94#33.81
-145.779,53.1245#38.23#27.95#33.82
-145.693,53.1207#38.2#27.95#33.85
-145.607,53.1168#38.18#27.96#33.86
-145.521,53.1128#38.15#27.96#33.89
-145.436,53.1087#38.13#27.97#33.9
-145.35,53.1046#38.11#27.98#33.91
-145.264,53.1003#38.08#27.98#33.94
-145.179,53.096#38.06#27.99#33.95
-145.093,53.0917#38.04#27.99#33.97
-145.007,53.0872#38.02#28#33.98
-144.922,53.0827#38#28.01#33.99
-144.836,53.0781#37.98#28.01#34.01
-144.75,53.0734#37.96#28.02#34.02
-144.665,53.0686#37.94#28.02#34.04
-144.579,53.0638#37.92#28.03#34.05
-144.494,53.0589#37.9#28.04#34.06
-144.408,53.0539#37.89#28.04#34.07
-144.323,53.0488#37.87#28.05#34.08
-144.237,53.0437#37.86#28.05#34.09
-144.152,53.0384#37.84#28.06#34.1
-144.067,53.0331#37.83#28.07#34.1
-143.981,53.0278#37.81#28.07#34.12
-143.896,53.0223#37.81#28.08#34.11
-143.811,53.0168#37.8#28.08#34.12
-143.725,53.0112#37.79#28.09#34.12
-143.64,53.0055#37.78#28.1#34.12
-143.555,52.9998#37.77#28.1#34.13
-143.47,52.9939#37.77#28.11#34.12
-143.385,52.988#37.77#28.12#34.11
-143.299,52.982#37.77#28.12#34.11
-143.214,52.976#37.76#28.13#34.11
-143.129,52.9698#37.76#28.13#34.11
-143.044,52.9636#37.76#28.14#34.1
-142.959,52.9573#37.76#28.15#34.09
-142.874,52.951#37.77#28.15#34.08
-142.789,52.9445#37.77#28.16#34.07
-142.704,52.938#37.78#28.17#34.05
-142.62,52.9314#37.78#28.17#34.05
-142.535,52.9248#37.78#28.18#34.04
-142.45,52.918#37.79#28.18#34.03
-142.365,52.9112#37.8#28.19#34.01
-142.28,52.9043#37.81#28.2#33.99
-158.323,52.9051#45.33#27.2#27.47
-158.239,52.9125#45.27#27.2#27.53
-158.154,52.9199#45.2#27.21#27.59
-158.069,52.9272#45.14#27.21#27.65
-157.985,52.9344#45.08#27.21#27.71
-157.9,52.9415#45.01#27.22#27.77
-157.815,52.9486#44.94#27.22#27.84
-157.73,52.9555#44.87#27.23#27.9
-157.645,52.9624#44.8#27.23#27.97
-157.56,52.9693#44.73#27.24#28.03
-157.475,52.976#44.66#27.24#28.1
-157.39,52.9827#44.58#27.24#28.18
-157.305,52.9893#44.5#27.25#28.25
-157.22,52.9958#44.42#27.25#28.33
-157.135,53.0023#44.34#27.26#28.4
-157.05,53.0086#44.26#27.26#28.48
-156.965,53.0149#44.17#27.27#28.56
-156.88,53.0212#44.09#27.27#28.64
-156.795,53.0273#44#27.27#28.73
-156.709,53.0334#43.92#27.28#28.8
-156.624,53.0394#43.83#27.28#28.89
-156.539,53.0453#43.74#27.29#28.97
-156.454,53.0511#43.64#27.29#29.07
-156.368,53.0569#43.54#27.3#29.16
-156.283,53.0626#43.44#27.3#29.26
-156.198,53.0682#43.33#27.31#29.36
-156.112,53.0737#43.23#27.31#29.46
-156.027,53.0792#43.13#27.31#29.56
-155.941,53.0846#43.03#27.32#29.65
-155.856,53.0899#42.94#27.32#29.74
-155.77,53.0951#42.85#27.33#29.82
-155.685,53.1002#42.76#27.33#29.91
-155.599,53.1053#42.66#27.34#30
-155.513,53.1103#42.57#27.34#30.09
-155.428,53.1152#42.45#27.35#30.2
-155.342,53.1201#42.32#27.35#30.33
-155.256,53.1249#42.19#27.36#30.45
-155.171,53.1295#42.06#27.36#30.58
-155.085,53.1342#41.93#27.37#30.7
-154.999,53.1387#41.8#27.37#30.83
-154.913,53.1432#41.71#27.37#30.92
-154.828,53.1475#41.62#27.38#31
-154.742,53.1519#41.53#27.38#31.09
-154.656,53.1561#41.44#27.39#31.17
-154.57,53.1602#41.35#27.39#31.26
-154.484,53.1643#41.25#27.4#31.35
-154.398,53.1683#41.15#27.4#31.45
-154.312,53.1722#41.03#27.41#31.56
-154.226,53.1761#40.92#27.41#31.67
-154.14,53.1799#40.81#27.42#31.77
-154.054,53.1835#40.69#27.42#31.89
-153.968,53.1872#40.58#27.43#31.99
-153.882,53.1907#40.48#27.43#32.09
-153.796,53.1942#40.37#27.44#32.19
-153.71,53.1975#40.26#27.44#32.3
-153.624,53.2008#40.15#27.45#32.4
-153.538,53.2041#40.04#27.45#32.51
-153.452,53.2072#39.99#27.46#32.55
-153.366,53.2103#39.97#27.46#32.57
-153.28,53.2133#39.95#27.47#32.58
-153.194,53.2162#39.94#27.47#32.59
-153.108,53.219#39.91#27.48#32.61
-153.021,53.2218#39.89#27.48#32.63
-152.935,53.2245#39.87#27.49#32.64
-152.849,53.2271#39.85#27.49#32.66
-152.763,53.2296#39.84#27.5#32.66
-152.677,53.2321#39.81#27.5#32.69
-152.59,53.2345#39.79#27.51#32.7
-152.504,53.2367#39.77#27.51#32.72
-152.418,53.239#39.75#27.52#32.73
-152.332,53.2411#39.73#27.52#32.75
-152.245,53.2432#39.71#27.53#32.76
-152.159,53.2452#39.69#27.53#32.78
-152.073,53.2471#39.67#27.54#32.79
-151.986,53.2489#39.64#27.54#32.82
-151.9,53.2506#39.62#27.55#32.83
-151.814,53.2523#39.6#27.55#32.85
-151.727,53.2539#39.58#27.56#32.86
-151.641,53.2554#39.56#27.56#32.88
-151.555,53.2569#39.53#27.57#32.9
-151.468,53.2582#39.51#27.57#32.92
-151.382,53.2595#39.5#27.58#32.92
-151.296,53.2607#39.49#27.58#32.93
-151.209,53.2619#39.47#27.59#32.94
-151.123,53.2629#39.46#27.59#32.95
-151.036,53.2639#39.44#27.6#32.96
-150.95,53.2648#39.43#27.6#32.97
-150.864,53.2656#39.42#27.61#32.97
-150.777,53.2663#39.4#27.61#32.99
-150.691,53.267#39.39#27.62#32.99
-150.604,53.2676#39.38#27.62#33
-150.518,53.2681#39.36#27.63#33.01
-150.432,53.2685#39.35#27.63#33.02
-150.345,53.2689#39.34#27.64#33.02
-150.259,53.2691#39.33#27.64#33.03
-150.172,53.2693#39.31#27.65#33.04
-150.086,53.2695#39.3#27.66#33.04
-149.999,53.2695#39.29#27.66#33.05
-149.913,53.2695#39.27#27.67#33.06
-149.827,53.2693#39.26#27.67#33.07
-149.74,53.2691#39.25#27.68#33.07
-149.654,53.2689#39.24#27.68#33.08
-149.567,53.2685#39.22#27.69#33.09
-149.481,53.2681#39.21#27.69#33.1
-149.395,53.2676#39.2#27.7#33.1
-149.308,53.267#39.19#27.7#33.11
-149.222,53.2663#39.17#27.71#33.12
-149.135,53.2656#39.16#27.72#33.12
-149.049,53.2648#39.15#27.72#33.13
-148.963,53.2639#39.13#27.73#33.14
-148.876,53.2629#39.12#27.73#33.15
-148.79,53.2618#39.1#27.74#33.16
-148.703,53.2607#39.08#27.74#33.18
-148.617,53.2595#39.07#27.75#33.18
-148.531,53.2582#39.05#27.75#33.2
-148.444,53.2569#39.03#27.76#33.21
-148.358,53.2554#39.01#27.77#33.22
-148.272,53.2539#38.99#27.77#33.24
-148.185,53.2523#38.97#27.78#33.25
-148.099,53.2506#38.94#27.78#33.28
-148.013,53.2489#38.92#27.79#33.29
-147.926,53.247#38.9#27.79#33.31
-147.84,53.2451#38.88#27.8#33.32
-147.754,53.2431#38.85#27.81#33.34
-147.667,53.2411#38.83#27.81#33.36
-147.581,53.2389#38.81#27.82#33.37
-147.495,53.2367#38.78#27.82#33.4
-147.409,53.2344#38.76#27.83#33.41
-147.322,53.232#38.74#27.83#33.43
-147.236,53.2296#38.71#27.84#33.45
-147.15,53.2271#38.69#27.85#33.46
-147.064,53.2245#38.66#27.85#33.49
-146.978,53.2218#38.64#27.86#33.5
-146.891,53.219#38.61#27.86#33.53
-146.805,53.2162#38.58#27.87#33.55
-146.719,53.2132#38.56#27.87#33.57
-146.633,53.2103#38.53#27.88#33.59
-146.547,53.2072#38.5#27.89#33.61
-146.461,53.204#38.48#27.89#33.63
-146.375,53.2008#38.45#27.9#33.65
-146.289,53.1975#38.43#27.9#33.67
-146.202,53.1941#38.4#27.91#33.69
-146.116,53.1907#38.37#27.92#33.71
-146.03,53.1871#38.35#27.92#33.73
-145.944,53.1835#38.32#27.93#33.75
-145.858,53.1798#38.29#27.93#33.78
-145.773,53.176#38.27#27.94#33.79
-145.687,53.1722#38.24#27.94#33.82
-145.601,53.1683#38.22#27.95#33.83
-145.515,53.1643#38.19#27.96#33.85
-145.429,53.1602#38.17#27.96#33.87
-145.343,53.156#38.15#27.97#33.88
-145.257,53.1518#38.12#27.97#33.91
-145.171,53.1475#38.1#27.98#33.92
-145.086,53.1431#38.08#27.99#33.93
-145,53.1386#38.06#27.99#33.95
-144.914,53.1341#38.04#28#33.96
-144.828,53.1295#38.02#28#33.98
-144.743,53.1248#38#28.01#33.99
-144.657,53.12#37.98#28.02#34
-144.571,53.1152#37.96#28.02#34.02
-144.486,53.1103#37.94#28.03#34.03
-144.4,53.1053#37.93#28.03#34.04
-144.314,53.1002#37.91#28.04#34.05
-144.229,53.095#37.9#28.05#34.05
-144.143,53.0898#37.88#28.05#34.07
-144.058,53.0845#37.87#28.06#34.07
-143.972,53.0791#37.85#28.07#34.08
-143.887,53.0736#37.85#28.07#34.08
-143.801,53.0681#37.84#28.08#34.08
-143.716,53.0625#37.83#28.08#34.09
-143.631,53.0568#37.82#28.09#34.09
-143.545,53.051#37.81#28.1#34.09
-143.46,53.0452#37.81#28.1#34.09
-143.375,53.0393#37.81#28.11#34.08
-143.289,53.0333#37.81#28.11#34.08
-143.204,53.0272#37.81#28.12#34.07
-143.119,53.0211#37.81#28.13#34.06
-143.034,53.0149#37.8#28.13#34.07
-142.949,53.0086#37.81#28.14#34.05
-142.864,53.0022#37.81#28.15#34.04
-142.779,52.9957#37.81#28.15#34.04
-142.694,52.9892#37.82#28.16#34.02
-142.609,52.9826#37.82#28.16#34.02
-142.524,52.9759#37.83#28.17#34
-142.439,52.9692#37.84#28.18#33.98
-142.354,52.9624#37.85#28.18#33.97
-142.269,52.9555#37.86#28.19#33.95
-142.184,52.9485#37.87#28.2#33.93
-142.099,52.9414#37.88#28.2#33.92
-142.014,52.9343#37.88#28.21#33.91
-141.93,52.9271#37.9#28.22#33.88
-141.845,52.9198#37.91#28.22#33.87
-141.76,52.9125#37.93#28.23#33.84
-141.676,52.905#37.95#28.23#33.82
-158.928,52.902#45.96#27.16#26.88
-158.843,52.9099#45.91#27.17#26.92
-158.759,52.9178#45.85#27.17#26.98
-158.674,52.9256#45.8#27.17#27.03
-158.59,52.9334#45.74#27.18#27.08
-158.505,52.941#45.68#27.18#27.14
-158.42,52.9486#45.62#27.19#27.19
-158.336,52.9562#45.56#27.19#27.25
-158.251,52.9636#45.5#27.19#27.31
-158.166,52.971#45.44#27.2#27.36
-158.081,52.9783#45.38#27.2#27.42
-157.996,52.9855#45.32#27.21#27.47
-157.912,52.9926#45.25#27.21#27.54
-157.827,52.9997#45.18#27.21#27.61
-157.742,53.0067#45.11#27.22#27.67
-157.657,53.0136#45.04#27.22#27.74
-157.572,53.0204#44.97#27.23#27.8
-157.487,53.0272#44.89#27.23#27.88
-157.401,53.0339#44.81#27.24#27.95
-157.316,53.0405#44.73#27.24#28.03
-157.231,53.047#44.65#27.24#28.11
-157.146,53.0535#44.57#27.25#28.18
-157.061,53.0599#44.49#27.25#28.26
-156.975,53.0662#44.41#27.26#28.33
-156.89,53.0724#44.32#27.26#28.42
-156.805,53.0786#44.24#27.27#28.49
-156.72,53.0846#44.15#27.27#28.58
-156.634,53.0906#44.06#27.28#28.66
-156.549,53.0966#43.97#27.28#28.75
-156.463,53.1024#43.87#27.28#28.85
-156.378,53.1082#43.77#27.29#28.94
-156.292,53.1139#43.67#27.29#29.04
-156.207,53.1195#43.57#27.3#29.13
-156.121,53.125#43.46#27.3#29.24
-156.036,53.1305#43.36#27.31#29.33
-155.95,53.1359#43.27#27.31#29.42
-155.864,53.1412#43.18#27.32#29.5
-155.779,53.1465#43.09#27.32#29.59
-155.693,53.1516#43#27.32#29.68
-155.607,53.1567#42.91#27.33#29.76
-155.522,53.1617#42.82#27.33#29.85
-155.436,53.1666#42.69#27.34#29.97
-155.35,53.1715#42.56#27.34#30.1
-155.264,53.1763#42.43#27.35#30.22
-155.178,53.181#42.3#27.35#30.35
-155.093,53.1856#42.16#27.36#30.48
-155.007,53.1902#42.03#27.36#30.61
-154.921,53.1946#41.93#27.37#30.7
-154.835,53.199#41.83#27.37#30.8
-154.749,53.2033#41.74#27.38#30.88
-154.663,53.2076#41.64#27.38#30.98
-154.577,53.2117#41.54#27.39#31.07
-154.491,53.2158#41.45#27.39#31.16
-154.405,53.2198#41.33#27.39#31.28
-154.319,53.2238#41.22#27.4#31.38
-154.233,53.2276#41.11#27.4#31.49
-154.147,53.2314#41#27.41#31.59
-154.061,53.2351#40.89#27.41#31.7
-153.974,53.2387#40.78#27.42#31.8
-153.888,53.2422#40.68#27.42#31.9
-153.802,53.2457#40.58#27.43#31.99
-153.716,53.2491#40.48#27.43#32.09
-153.63,53.2524#40.38#27.44#32.18
-153.544,53.2556#40.28#27.44#32.28
-153.457,53.2588#40.22#27.45#32.33
-153.371,53.2619#40.2#27.45#32.35
-153.285,53.2649#40.17#27.46#32.37
-153.199,53.2678#40.14#27.46#32.4
-153.112,53.2706#40.11#27.47#32.42
-153.026,53.2734#40.08#27.47#32.45
-152.94,53.2761#40.05#27.48#32.47
-152.853,53.2787#40.02#27.48#32.5
-152.767,53.2812#40#27.49#32.51
-152.681,53.2837#39.97#27.49#32.54
-152.594,53.2861#39.94#27.5#32.56
-152.508,53.2884#39.91#27.5#32.59
-152.421,53.2906#39.88#27.51#32.61
-152.335,53.2927#39.86#27.51#32.63
-152.249,53.2948#39.83#27.52#32.65
-152.162,53.2968#39.8#27.52#32.68
-152.076,53.2987#39.77#27.53#32.7
-151.989,53.3005#39.74#27.53#32.73
-151.903,53.3023#39.71#27.54#32.75
-151.816,53.304#39.68#27.54#32.78
-151.73,53.3056#39.65#27.55#32.8
-151.643,53.3071#39.63#27.55#32.82
-151.557,53.3085#39.6#27.56#32.84
-151.471,53.3099#39.57#27.56#32.87
-151.384,53.3112#39.56#27.57#32.87
-151.298,53.3124#39.54#27.57#32.89
-151.211,53.3135#39.53#27.58#32.89
-151.124,53.3146#39.51#27.58#32.91
-151.038,53.3156#39.5#27.59#32.91
-150.951,53.3165#39.49#27.6#32.91
-150.865,53.3173#39.47#27.6#32.93
-150.778,53.318#39.46#27.61#32.93
-150.692,53.3187#39.45#27.61#32.94
-150.605,53.3193#39.43#27.62#32.95
-150.519,53.3198#39.42#27.62#32.96
-150.432,53.3202#39.41#27.63#32.96
-150.346,53.3206#39.39#27.63#32.98
-150.259,53.3208#39.38#27.64#32.98
-150.173,53.321#39.37#27.64#32.99
-150.086,53.3211#39.35#27.65#33
-149.999,53.3212#39.34#27.65#33.01
-149.913,53.3211#39.33#27.66#33.01
-149.826,53.321#39.32#27.66#33.02
-149.74,53.3208#39.3#27.67#33.03
-149.653,53.3206#39.29#27.67#33.04
-149.567,53.3202#39.28#27.68#33.04
-149.48,53.3198#39.27#27.69#33.04
-149.394,53.3193#39.25#27.69#33.06
-149.307,53.3187#39.24#27.7#33.06
-149.221,53.318#39.23#27.7#33.07
-149.134,53.3173#39.21#27.71#33.08
-149.047,53.3165#39.2#27.71#33.09
-148.961,53.3156#39.19#27.72#33.09
-148.874,53.3146#39.17#27.72#33.11
-148.788,53.3135#39.15#27.73#33.12
-148.701,53.3124#39.13#27.74#33.13
-148.615,53.3112#39.12#27.74#33.14
-148.528,53.3099#39.1#27.75#33.15
-148.442,53.3085#39.08#27.75#33.17
-148.355,53.3071#39.06#27.76#33.18
-148.269,53.3056#39.04#27.76#33.2
-148.182,53.304#39.01#27.77#33.22
-148.096,53.3023#38.99#27.77#33.24
-148.01,53.3005#38.97#27.78#33.25
