-152.45,54.9011#46.12#27.26#26.62
-152.359,54.9033#46.03#27.27#26.7
-152.268,54.9054#45.94#27.28#26.78
-152.178,54.9074#45.85#27.28#26.87
-152.087,54.9093#45.76#27.29#26.95
-151.996,54.9112#45.67#27.29#27.04
-151.906,54.913#45.59#27.3#27.11
-151.815,54.9147#45.51#27.3#27.19
-151.724,54.9163#45.42#27.31#27.27
-151.633,54.9178#45.34#27.31#27.35
-151.543,54.9193#45.25#27.32#27.43
-151.452,54.9206#45.17#27.32#27.51
-151.361,54.9219#45.1#27.33#27.57
-151.27,54.9231#45.03#27.33#27.64
-151.18,54.9242#44.95#27.34#27.71
-151.089,54.9252#44.88#27.34#27.78
-150.998,54.9262#44.8#27.35#27.85
-150.907,54.9271#44.73#27.36#27.91
-150.817,54.9279#44.67#27.36#27.97
-150.726,54.9286#44.6#27.37#28.03
-150.635,54.9292#44.53#27.37#28.1
-150.544,54.9297#44.46#27.38#28.16
-150.453,54.9302#44.39#27.38#28.23
-150.363,54.9305#44.33#27.39#28.28
-150.272,54.9308#44.26#27.39#28.35
-150.181,54.931#44.2#27.4#28.4
-150.09,54.9312#44.13#27.41#28.46
-149.999,54.9312#44.07#27.41#28.52
-149.909,54.9312#44#27.42#28.58
-149.818,54.931#43.94#27.42#28.64
-149.727,54.9308#43.87#27.43#28.7
-149.636,54.9305#43.81#27.43#28.76
-149.545,54.9302#43.74#27.44#28.82
-149.455,54.9297#43.68#27.45#28.87
-149.364,54.9292#43.61#27.45#28.94
-149.273,54.9285#43.53#27.46#29.01
-149.182,54.9278#43.46#27.46#29.08
-149.091,54.9271#43.39#27.47#29.14
-149.001,54.9262#43.32#27.47#29.21
-148.91,54.9252#43.22#27.48#29.3
-148.819,54.9242#43.11#27.49#29.4
-148.728,54.9231#43.01#27.49#29.5
-148.638,54.9219#42.91#27.5#29.59
-148.547,54.9206#42.81#27.5#29.69
-148.456,54.9192#42.7#27.51#29.79
-148.365,54.9178#42.58#27.52#29.9
-148.275,54.9163#42.46#27.52#30.02
-148.184,54.9147#42.35#27.53#30.12
-148.093,54.913#42.23#27.53#30.24
-148.003,54.9112#42.11#27.54#30.35
-147.912,54.9093#41.98#27.54#30.48
-147.821,54.9074#41.85#27.55#30.6
-147.731,54.9054#41.71#27.56#30.73
-147.64,54.9032#41.58#27.56#30.86
-147.549,54.9011#41.44#27.57#30.99
-153.995,54.9033#48.17#27.17#24.66
-153.904,54.9069#48.06#27.17#24.77
-153.814,54.9104#47.95#27.18#24.87
-153.723,54.9139#47.84#27.18#24.98
-153.632,54.9172#47.73#27.19#25.08
-153.542,54.9205#47.62#27.19#25.19
-153.451,54.9236#47.51#27.2#25.29
-153.361,54.9267#47.4#27.2#25.4
-153.27,54.9298#47.3#27.21#25.49
-153.179,54.9327#47.19#27.22#25.59
-153.089,54.9356#47.09#27.22#25.69
-152.998,54.9383#46.98#27.23#25.79
-152.907,54.941#46.88#27.23#25.89
-152.817,54.9436#46.77#27.24#25.99
-152.726,54.9461#46.66#27.24#26.1
-152.635,54.9486#46.55#27.25#26.2
-152.544,54.9509#46.44#27.25#26.31
-152.454,54.9532#46.34#27.26#26.4
-152.363,54.9554#46.26#27.26#26.48
-152.272,54.9575#46.17#27.27#26.56
-152.181,54.9595#46.08#27.27#26.65
-152.09,54.9615#45.99#27.28#26.73
-151.999,54.9633#45.9#27.28#26.82
-151.909,54.9651#45.81#27.29#26.9
-151.818,54.9668#45.73#27.29#26.98
-151.727,54.9684#45.65#27.3#27.05
-151.636,54.97#45.56#27.3#27.14
-151.545,54.9714#45.48#27.31#27.21
-151.454,54.9728#45.4#27.32#27.28
-151.363,54.9741#45.32#27.32#27.36
-151.272,54.9753#45.25#27.33#27.42
-151.182,54.9764#45.17#27.33#27.5
-151.091,54.9774#45.1#27.34#27.56
-151,54.9784#45.02#27.34#27.64
-150.909,54.9792#44.95#27.35#27.7
-150.818,54.98#44.89#27.35#27.76
-150.727,54.9807#44.82#27.36#27.82
-150.636,54.9813#44.75#27.36#27.89
-150.545,54.9819#44.68#27.37#27.95
-150.454,54.9823#44.61#27.38#28.01
-150.363,54.9827#44.55#27.38#28.07
-150.272,54.983#44.48#27.39#28.13
-150.181,54.9832#44.42#27.39#28.19
-150.09,54.9833#44.35#27.4#28.25
-149.999,54.9834#44.28#27.4#28.32
-149.908,54.9833#44.22#27.41#28.37
-149.818,54.9832#44.15#27.42#28.43
-149.727,54.983#44.09#27.42#28.49
-149.636,54.9827#44.02#27.43#28.55
-149.545,54.9823#43.96#27.43#28.61
-149.454,54.9819#43.89#27.44#28.67
-149.363,54.9813#43.82#27.44#28.74
-149.272,54.9807#43.74#27.45#28.81
-149.181,54.98#43.67#27.45#28.88
-149.09,54.9792#43.59#27.46#28.95
-148.999,54.9784#43.52#27.47#29.01
-148.908,54.9774#43.41#27.47#29.12
-148.817,54.9764#43.31#27.48#29.21
-148.726,54.9752#43.21#27.48#29.31
-148.635,54.974#43.11#27.49#29.4
-148.545,54.9728#43.01#27.5#29.49
-148.454,54.9714#42.9#27.5#29.6
-148.363,54.9699#42.78#27.51#29.71
-148.272,54.9684#42.66#27.51#29.83
-148.181,54.9668#42.54#27.52#29.94
-148.09,54.9651#42.43#27.53#30.04
-147.999,54.9633#42.31#27.53#30.16
-147.909,54.9615#42.18#27.54#30.28
-147.818,54.9595#42.04#27.54#30.42
-147.727,54.9575#41.91#27.55#30.54
-147.636,54.9554#41.78#27.55#30.67
-147.545,54.9532#41.64#27.56#30.8
-147.455,54.9509#41.5#27.57#30.93
-147.364,54.9485#41.35#27.57#31.08
-147.273,54.9461#41.2#27.58#31.22
-147.182,54.9436#41.06#27.58#31.36
-147.092,54.941#40.91#27.59#31.5
-147.001,54.9383#40.76#27.6#31.64
-146.91,54.9355#40.66#27.6#31.74
-146.82,54.9327#40.55#27.61#31.84
-146.729,54.9297#40.45#27.61#31.94
-146.638,54.9267#40.35#27.62#32.03
-146.548,54.9236#40.25#27.63#32.12
-146.457,54.9204#40.16#27.63#32.21
-146.366,54.9172#40.07#27.64#32.29
-146.276,54.9138#39.99#27.65#32.36
-146.185,54.9104#39.9#27.65#32.45
-146.095,54.9069#39.82#27.66#32.52
-146.004,54.9033#39.73#27.66#32.61
-155.178,54.9011#50.05#27.1#22.85
-155.087,54.9058#49.92#27.1#22.98
-154.997,54.9103#49.78#27.11#23.11
-154.906,54.9149#49.65#27.11#23.24
-154.816,54.9193#49.52#27.12#23.36
-154.726,54.9236#49.39#27.12#23.49
-154.635,54.9279#49.26#27.13#23.61
-154.545,54.932#49.13#27.13#23.74
-154.454,54.9361#49#27.14#23.86
-154.363,54.9401#48.89#27.14#23.97
-154.273,54.9441#48.77#27.15#24.08
-154.182,54.9479#48.65#27.15#24.2
-154.092,54.9517#48.53#27.16#24.31
-154.001,54.9554#48.41#27.16#24.43
-153.91,54.959#48.3#27.17#24.53
-153.82,54.9625#48.19#27.17#24.64
-153.729,54.9659#48.08#27.18#24.74
-153.638,54.9693#47.96#27.18#24.86
-153.548,54.9725#47.85#27.19#24.96
-153.457,54.9757#47.74#27.19#25.07
-153.366,54.9788#47.64#27.2#25.16
-153.275,54.9819#47.53#27.2#25.27
-153.184,54.9848#47.43#27.21#25.36
-153.094,54.9877#47.32#27.21#25.47
-153.003,54.9904#47.21#27.22#25.57
-152.912,54.9931#47.11#27.22#25.67
-152.821,54.9957#47#27.23#25.77
-152.73,54.9983#46.89#27.23#25.88
-152.639,55.0007#46.78#27.24#25.98
-152.548,55.0031#46.67#27.24#26.09
-152.457,55.0053#46.57#27.25#26.18
-152.366,55.0075#46.48#27.25#26.27
-152.276,55.0097#46.39#27.26#26.35
-152.185,55.0117#46.3#27.26#26.44
-152.094,55.0136#46.21#27.27#26.52
-152.003,55.0155#46.12#27.28#26.6
-151.912,55.0173#46.04#27.28#26.68
-151.821,55.019#45.95#27.29#26.76
-151.73,55.0206#45.87#27.29#26.84
-151.639,55.0221#45.78#27.3#26.92
-151.548,55.0236#45.7#27.3#27
-151.457,55.025#45.62#27.31#27.07
-151.366,55.0262#45.54#27.31#27.15
-151.275,55.0274#45.47#27.32#27.21
-151.183,55.0286#45.39#27.32#27.29
-151.092,55.0296#45.32#27.33#27.35
-151.001,55.0306#45.24#27.33#27.43
-150.91,55.0314#45.17#27.34#27.49
-150.819,55.0322#45.11#27.35#27.54
-150.728,55.0329#45.04#27.35#27.61
-150.637,55.0335#44.97#27.36#27.67
-150.546,55.0341#44.9#27.36#27.74
-150.455,55.0345#44.83#27.37#27.8
-150.364,55.0349#44.76#27.37#27.87
-150.273,55.0352#44.7#27.38#27.92
-150.182,55.0354#44.63#27.38#27.99
-150.091,55.0355#44.57#27.39#28.04
-149.999,55.0356#44.5#27.4#28.1
-149.908,55.0355#44.44#27.4#28.16
-149.817,55.0354#44.37#27.41#28.22
-149.726,55.0352#44.31#27.41#28.28
-149.635,55.0349#44.24#27.42#28.34
-149.544,55.0345#44.17#27.42#28.41
-149.453,55.0341#44.1#27.43#28.47
-149.362,55.0335#44.03#27.44#28.53
-149.271,55.0329#43.95#27.44#28.61
-149.18,55.0322#43.87#27.45#28.68
-149.089,55.0314#43.79#27.45#28.76
-148.998,55.0305#43.72#27.46#28.82
-148.906,55.0296#43.61#27.46#28.93
-148.815,55.0285#43.51#27.47#29.02
-148.724,55.0274#43.41#27.48#29.11
-148.633,55.0262#43.31#27.48#29.21
-148.542,55.0249#43.2#27.49#29.31
-148.451,55.0236#43.09#27.49#29.42
-148.36,55.0221#42.98#27.5#29.52
-148.269,55.0206#42.86#27.51#29.63
-148.178,55.019#42.74#27.51#29.75
-148.087,55.0173#42.62#27.52#29.86
-147.996,55.0155#42.51#27.52#29.97
-147.905,55.0136#42.37#27.53#30.1
-147.814,55.0117#42.24#27.54#30.22
-147.723,55.0096#42.11#27.54#30.35
-147.632,55.0075#41.98#27.55#30.47
-147.541,55.0053#41.85#27.55#30.6
-147.451,55.003#41.7#27.56#30.74
-147.36,55.0007#41.55#27.56#30.89
-147.269,54.9982#41.39#27.57#31.04
-147.178,54.9957#41.24#27.58#31.18
-147.087,54.9931#41.09#27.58#31.33
-146.996,54.9904#40.93#27.59#31.48
-146.905,54.9876#40.82#27.6#31.58
-146.814,54.9848#40.7#27.6#31.7
-146.724,54.9818#40.59#27.61#31.8
-146.633,54.9788#40.47#27.61#31.92
-146.542,54.9757#40.36#27.62#32.02
-146.451,54.9725#40.26#27.63#32.11
-146.361,54.9692#40.16#27.63#32.21
-146.27,54.9659#40.06#27.64#32.3
-146.179,54.9624#39.96#27.64#32.4
-146.089,54.9589#39.87#27.65#32.48
-145.998,54.9553#39.77#27.66#32.57
-145.907,54.9516#39.75#27.66#32.59
-145.817,54.9479#39.72#27.67#32.61
-145.726,54.944#39.69#27.68#32.63
-145.635,54.9401#39.66#27.68#32.66
-145.545,54.9361#39.64#27.69#32.67
-145.454,54.932#39.61#27.69#32.7
-145.364,54.9278#39.59#27.7#32.71
-145.273,54.9236#39.56#27.71#32.73
-145.183,54.9192#39.54#27.71#32.75
-145.092,54.9148#39.52#27.72#32.76
-145.002,54.9103#39.49#27.72#32.79
-144.912,54.9057#39.47#27.73#32.8
-144.821,54.901#39.45#27.74#32.81
-156.089,54.9018#51.78#27.04#21.18
-155.999,54.9073#51.62#27.05#21.33
-155.909,54.9127#51.48#27.05#21.47
-155.819,54.918#51.34#27.06#21.6
-155.728,54.9233#51.19#27.06#21.75
-155.638,54.9284#51.04#27.06#21.9
-155.548,54.9335#50.9#27.07#22.03
-155.457,54.9385#50.75#27.07#22.18
-155.367,54.9435#50.62#27.08#22.3
-155.276,54.9483#50.48#27.08#22.44
-155.186,54.9531#50.34#27.09#22.57
-155.095,54.9577#50.2#27.09#22.71
-155.005,54.9623#50.06#27.1#22.84
-154.914,54.9668#49.93#27.1#22.97
-154.824,54.9713#49.8#27.11#23.09
-154.733,54.9756#49.66#27.11#23.23
-154.642,54.9799#49.53#27.12#23.35
-154.552,54.9841#49.39#27.12#23.49
-154.461,54.9882#49.26#27.13#23.61
-154.37,54.9922#49.14#27.13#23.73
-154.28,54.9961#49.02#27.14#23.84
-154.189,55#48.9#27.14#23.96
-154.098,55.0037#48.77#27.15#24.08
-154.007,55.0074#48.65#27.15#24.2
-153.917,55.011#48.54#27.16#24.3
-153.826,55.0146#48.43#27.16#24.41
-153.735,55.018#48.31#27.17#24.52
-153.644,55.0214#48.2#27.17#24.63
-153.553,55.0246#48.09#27.18#24.73
-153.462,55.0278#47.98#27.18#24.84
-153.371,55.0309#47.87#27.19#24.94
-153.28,55.034#47.77#27.19#25.04
-153.189,55.0369#47.66#27.2#25.14
-153.098,55.0398#47.55#27.2#25.25
-153.008,55.0426#47.45#27.21#25.34
-152.917,55.0453#47.34#27.21#25.45
-152.826,55.0479#47.22#27.22#25.56
-152.734,55.0504#47.11#27.22#25.67
-152.643,55.0528#47#27.23#25.77
-152.552,55.0552#46.89#27.24#25.87
-152.461,55.0575#46.79#27.24#25.97
-152.37,55.0597#46.7#27.25#26.05
-152.279,55.0618#46.61#27.25#26.14
-152.188,55.0639#46.53#27.26#26.21
-152.097,55.0658#46.44#27.26#26.3
-152.006,55.0677#46.35#27.27#26.38
-151.915,55.0695#46.26#27.27#26.47
-151.824,55.0712#46.18#27.28#26.54
-151.732,55.0728#46.09#27.28#26.63
-151.641,55.0743#46.01#27.29#26.7
-151.55,55.0758#45.92#27.29#26.79
-151.459,55.0771#45.84#27.3#26.86
-151.368,55.0784#45.77#27.31#26.92
-151.277,55.0796#45.69#27.31#27
-151.185,55.0808#45.62#27.32#27.06
-151.094,55.0818#45.54#27.32#27.14
-151.003,55.0828#45.46#27.33#27.21
-150.912,55.0836#45.39#27.33#27.28
-150.821,55.0844#45.32#27.34#27.34
-150.729,55.0851#45.25#27.34#27.41
-150.638,55.0857#45.18#27.35#27.47
-150.547,55.0863#45.11#27.35#27.54
-150.456,55.0867#45.05#27.36#27.59
-150.364,55.0871#44.98#27.37#27.65
-150.273,55.0874#44.92#27.37#27.71
-150.182,55.0876#44.85#27.38#27.77
-150.091,55.0877#44.78#27.38#27.84
-149.999,55.0878#44.72#27.39#27.89
-149.908,55.0877#44.65#27.39#27.96
-149.817,55.0876#44.59#27.4#28.01
-149.726,55.0874#44.52#27.41#28.07
-149.634,55.0871#44.46#27.41#28.13
-149.543,55.0867#44.39#27.42#28.19
-149.452,55.0863#44.32#27.42#28.26
-149.361,55.0857#44.24#27.43#28.33
-149.27,55.0851#44.16#27.43#28.41
-149.178,55.0844#44.08#27.44#28.48
-149.087,55.0836#44#27.45#28.55
-148.996,55.0827#43.92#27.45#28.63
-148.905,55.0818#43.81#27.46#28.73
-148.814,55.0807#43.71#27.46#28.83
-148.722,55.0796#43.61#27.47#28.92
-148.631,55.0784#43.51#27.47#29.02
-148.54,55.0771#43.4#27.48#29.12
-148.449,55.0758#43.29#27.49#29.22
-148.358,55.0743#43.17#27.49#29.34
-148.266,55.0728#43.06#27.5#29.44
-148.175,55.0711#42.94#27.5#29.56
-148.084,55.0694#42.82#27.51#29.67
-147.993,55.0676#42.7#27.52#29.78
-147.902,55.0658#42.57#27.52#29.91
-147.811,55.0638#42.44#27.53#30.03
-147.72,55.0618#42.31#27.53#30.16
-147.629,55.0597#42.18#27.54#30.28
-147.538,55.0575#42.05#27.55#30.4
-147.446,55.0552#41.9#27.55#30.55
-147.355,55.0528#41.74#27.56#30.7
-147.264,55.0504#41.58#27.56#30.86
-147.173,55.0478#41.42#27.57#31.01
-147.082,55.0452#41.26#27.58#31.16
-146.991,55.0425#41.11#27.58#31.31
-146.9,55.0397#40.98#27.59#31.43
-146.809,55.0369#40.85#27.59#31.56
-146.718,55.0339#40.72#27.6#31.68
-146.628,55.0309#40.59#27.61#31.8
-146.537,55.0278#40.47#27.61#31.92
-146.446,55.0246#40.35#27.62#32.03
-146.355,55.0213#40.24#27.62#32.14
-146.264,55.018#40.13#27.63#32.24
-146.173,55.0145#40.02#27.64#32.34
-146.082,55.011#39.92#27.64#32.44
-145.992,55.0074#39.82#27.65#32.53
-145.901,55.0037#39.79#27.66#32.55
-145.81,54.9999#39.76#27.66#32.58
-145.719,54.9961#39.73#27.67#32.6
-145.629,54.9921#39.7#27.67#32.63
-145.538,54.9881#39.68#27.68#32.64
-145.447,54.984#39.65#27.69#32.66
-145.356,54.9798#39.63#27.69#32.68
-145.266,54.9756#39.6#27.7#32.7
-145.175,54.9712#39.58#27.71#32.71
-145.085,54.9668#39.56#27.71#32.73
-144.994,54.9623#39.53#27.72#32.75
-144.904,54.9577#39.51#27.72#32.77
-144.813,54.953#39.49#27.73#32.78
-144.723,54.9482#39.47#27.74#32.79
-144.632,54.9434#39.45#27.74#32.81
-144.542,54.9385#39.43#27.75#32.82
-144.451,54.9335#39.42#27.76#32.82
-144.361,54.9284#39.4#27.76#32.84
-144.271,54.9232#39.39#27.77#32.84
-144.18,54.918#39.37#27.78#32.85
-144.09,54.9126#39.36#27.78#32.86
-144,54.9072#39.34#27.79#32.87
-143.91,54.9017#39.34#27.79#32.87
-156.911,54.9005#53.45#26.99#19.56
-156.821,54.9067#53.31#27#19.69
-156.731,54.9129#53.17#27#19.83
-156.641,54.9189#53.03#27#19.97
-156.55,54.9249#52.89#27.01#20.1
-156.46,54.9308#52.74#27.01#20.25
-156.37,54.9367#52.59#27.02#20.39
-156.28,54.9424#52.44#27.02#20.54
-156.189,54.9481#52.28#27.03#20.69
-156.099,54.9537#52.13#27.03#20.84
-156.009,54.9592#51.98#27.04#20.98
-155.918,54.9646#51.83#27.04#21.13
-155.828,54.9699#51.68#27.05#21.27
-155.737,54.9752#51.53#27.05#21.42
-155.647,54.9804#51.37#27.06#21.57
-155.556,54.9855#51.22#27.06#21.72
-155.466,54.9905#51.07#27.07#21.86
-155.375,54.9954#50.93#27.07#22
-155.285,55.0003#50.78#27.08#22.14
-155.194,55.005#50.64#27.08#22.28
-155.103,55.0097#50.49#27.09#22.42
-155.013,55.0143#50.35#27.09#22.56
-154.922,55.0188#50.21#27.1#22.69
-154.831,55.0233#50.07#27.1#22.83
-154.741,55.0276#49.93#27.11#22.96
-154.65,55.0319#49.79#27.11#23.1
-154.559,55.0361#49.65#27.11#23.24
-154.468,55.0402#49.52#27.12#23.36
-154.377,55.0442#49.39#27.12#23.49
-154.286,55.0482#49.27#27.13#23.6
-154.196,55.052#49.14#27.13#23.73
-154.105,55.0558#49.02#27.14#23.84
-154.014,55.0595#48.89#27.14#23.97
-153.923,55.0631#48.78#27.15#24.07
-153.832,55.0666#48.67#27.15#24.18
-153.741,55.0701#48.55#27.16#24.29
-153.65,55.0735#48.44#27.17#24.39
-153.559,55.0767#48.32#27.17#24.51
-153.468,55.0799#48.21#27.18#24.61
-153.377,55.0831#48.11#27.18#24.71
-153.286,55.0861#48#27.19#24.81
-153.195,55.089#47.89#27.19#24.92
-153.103,55.0919#47.79#27.2#25.01
-153.012,55.0947#47.68#27.2#25.12
-152.921,55.0974#47.57#27.21#25.22
-152.83,55.1#47.45#27.21#25.34
-152.739,55.1026#47.34#27.22#25.44
-152.648,55.105#47.23#27.22#25.55
-152.556,55.1074#47.11#27.23#25.66
-152.465,55.1097#47.01#27.23#25.76
-152.374,55.1119#46.92#27.24#25.84
-152.283,55.114#46.84#27.24#25.92
-152.192,55.116#46.75#27.25#26
-152.1,55.118#46.66#27.25#26.09
-152.009,55.1199#46.57#27.26#26.17
-151.918,55.1216#46.49#27.26#26.25
-151.826,55.1234#46.4#27.27#26.33
-151.735,55.125#46.32#27.28#26.4
-151.644,55.1265#46.23#27.28#26.49
-151.553,55.128#46.14#27.29#26.57
-151.461,55.1293#46.06#27.29#26.65
-151.37,55.1306#45.99#27.3#26.71
-151.279,55.1318#45.91#27.3#26.79
-151.187,55.133#45.84#27.31#26.85
-151.096,55.134#45.76#27.31#26.93
-151.005,55.135#45.68#27.32#27
-150.913,55.1358#45.61#27.32#27.07
-150.822,55.1366#45.54#27.33#27.13
-150.73,55.1373#45.47#27.34#27.19
-150.639,55.138#45.4#27.34#27.26
-150.548,55.1385#45.33#27.35#27.32
-150.456,55.139#45.27#27.35#27.38
-150.365,55.1393#45.2#27.36#27.44
-150.274,55.1396#45.13#27.36#27.51
-150.182,55.1398#45.07#27.37#27.56
-150.091,55.14#45#27.38#27.62
-149.999,55.14#44.94#27.38#27.68
-149.908,55.14#44.87#27.39#27.74
-149.817,55.1398#44.8#27.39#27.81
-149.725,55.1396#44.74#27.4#27.86
-149.634,55.1393#44.67#27.4#27.93
-149.543,55.139#44.6#27.41#27.99
-149.451,55.1385#44.53#27.41#28.06
-149.36,55.138#44.45#27.42#28.13
-149.268,55.1373#44.36#27.43#28.21
-149.177,55.1366#44.28#27.43#28.29
-149.086,55.1358#44.2#27.44#28.36
-148.994,55.135#44.11#27.44#28.45
-148.903,55.134#44.01#27.45#28.54
-148.812,55.133#43.91#27.46#28.63
-148.72,55.1318#43.81#27.46#28.73
-148.629,55.1306#43.71#27.47#28.82
-148.538,55.1293#43.6#27.47#28.93
-148.446,55.128#43.49#27.48#29.03
-148.355,55.1265#43.37#27.48#29.15
-148.264,55.125#43.26#27.49#29.25
-148.172,55.1233#43.14#27.5#29.36
-148.081,55.1216#43.02#27.5#29.48
-147.99,55.1198#42.9#27.51#29.59
-147.899,55.118#42.77#27.51#29.72
-147.807,55.116#42.64#27.52#29.84
-147.716,55.114#42.51#27.53#29.96
-147.625,55.1118#42.38#27.53#30.09
-147.534,55.1096#42.25#27.54#30.21
-147.442,55.1073#42.1#27.54#30.36
-147.351,55.105#41.93#27.55#30.52
-147.26,55.1025#41.77#27.56#30.67
-147.169,55.1#41.6#27.56#30.84
-147.078,55.0974#41.44#27.57#30.99
-146.987,55.0947#41.28#27.57#31.15
-146.895,55.0919#41.14#27.58#31.28
-146.804,55.089#40.99#27.59#31.42
-146.713,55.086#40.85#27.59#31.56
-146.622,55.083#40.71#27.6#31.69
-146.531,55.0799#40.58#27.6#31.82
-146.44,55.0767#40.45#27.61#31.94
-146.349,55.0734#40.32#27.62#32.06
-146.258,55.07#40.2#27.62#32.18
-146.167,55.0666#40.08#27.63#32.29
-146.076,55.0631#39.96#27.64#32.4
-145.985,55.0595#39.86#27.64#32.5
-145.894,55.0558#39.83#27.65#32.52
-145.803,55.052#39.8#27.65#32.55
-145.712,55.0481#39.77#27.66#32.57
-145.622,55.0442#39.75#27.67#32.58
-145.531,55.0401#39.72#27.67#32.61
-145.44,55.036#39.69#27.68#32.63
-145.349,55.0318#39.67#27.69#32.64
-145.258,55.0276#39.64#27.69#32.67
-145.168,55.0232#39.62#27.7#32.68
-145.077,55.0188#39.6#27.7#32.7
-144.986,55.0143#39.57#27.71#32.72
-144.896,55.0097#39.55#27.72#32.73
-144.805,55.005#39.53#27.72#32.75
-144.714,55.0002#39.51#27.73#32.76
-144.624,54.9953#39.49#27.74#32.77
-144.533,54.9904#39.47#27.74#32.79
-144.443,54.9854#39.46#27.75#32.79
-144.352,54.9803#39.44#27.76#32.8
-144.262,54.9751#39.43#27.76#32.81
-144.171,54.9699#39.41#27.77#32.82
-144.081,54.9645#39.4#27.77#32.83
-143.99,54.9591#39.38#27.78#32.84
-143.9,54.9536#39.38#27.79#32.83
-143.81,54.948#39.37#27.79#32.84
-143.719,54.9424#39.37#27.8#32.83
-143.629,54.9366#39.36#27.81#32.83
-143.539,54.9308#39.35#27.81#32.84
-143.449,54.9249#39.35#27.82#32.83
-143.358,54.9189#39.35#27.83#32.82
-143.268,54.9128#39.35#27.83#32.82
-143.178,54.9066#39.34#27.84#32.82
-143.088,54.9004#39.34#27.85#32.81
-157.552,54.9063#54.67#26.95#18.38
-157.462,54.9131#54.56#26.96#18.48
-157.372,54.9198#54.44#26.96#18.6
-157.282,54.9265#54.31#26.96#18.73
-157.192,54.933#54.19#26.97#18.84
-157.102,54.9395#54.06#26.97#18.97
-157.012,54.9459#53.94#26.98#19.08
-156.922,54.9523#53.8#26.98#19.22
-156.832,54.9585#53.66#26.99#19.35
-156.741,54.9647#53.52#26.99#19.49
-156.651,54.9708#53.38#27#19.62
-156.561,54.9768#53.24#27#19.76
-156.47,54.9827#53.09#27.01#19.9
-156.38,54.9885#52.94#27.01#20.05
-156.29,54.9943#52.79#27.02#20.19
-156.199,55#52.64#27.02#20.34
-156.109,55.0056#52.48#27.02#20.5
-156.018,55.0111#52.33#27.03#20.64
-155.928,55.0165#52.18#27.03#20.79
-155.837,55.0219#52.02#27.04#20.94
-155.746,55.0271#51.86#27.04#21.1
-155.656,55.0323#51.7#27.05#21.25
-155.565,55.0374#51.54#27.05#21.41
-155.474,55.0424#51.38#27.06#21.56
-155.384,55.0474#51.24#27.06#21.7
-155.293,55.0522#51.09#27.07#21.84
-155.202,55.057#50.94#27.07#21.99
-155.111,55.0617#50.78#27.08#22.14
-155.021,55.0663#50.63#27.08#22.29
-154.93,55.0708#50.49#27.09#22.42
-154.839,55.0753#50.34#27.09#22.57
-154.748,55.0796#50.2#27.1#22.7
-154.657,55.0839#50.06#27.1#22.84
-154.566,55.0881#49.91#27.11#22.98
-154.475,55.0922#49.77#27.11#23.12
-154.384,55.0963#49.65#27.12#23.23
-154.293,55.1002#49.52#27.12#23.36
-154.202,55.1041#49.39#27.13#23.48
-154.111,55.1079#49.27#27.13#23.6
-154.02,55.1116#49.14#27.14#23.72
-153.929,55.1152#49.02#27.14#23.84
-153.838,55.1187#48.91#27.15#23.94
-153.747,55.1222#48.79#27.15#24.06
-153.656,55.1256#48.68#27.16#24.16
-153.564,55.1289#48.56#27.16#24.28
-153.473,55.1321#48.45#27.17#24.38
-153.382,55.1352#48.34#27.17#24.49
-153.291,55.1382#48.23#27.18#24.59
-153.2,55.1412#48.13#27.18#24.69
-153.108,55.1441#48.02#27.19#24.79
-153.017,55.1468#47.91#27.19#24.9
-152.926,55.1496#47.8#27.2#25
-152.835,55.1522#47.68#27.2#25.12
-152.743,55.1547#47.57#27.21#25.22
-152.652,55.1572#47.45#27.21#25.34
-152.561,55.1596#47.34#27.22#25.44
-152.469,55.1618#47.23#27.22#25.55
-152.378,55.1641#47.15#27.23#25.62
-152.286,55.1662#47.06#27.24#25.7
-152.195,55.1682#46.97#27.24#25.79
-152.104,55.1702#46.89#27.25#25.86
-152.012,55.1721#46.8#27.25#25.95
-151.921,55.1739#46.71#27.26#26.03
-151.829,55.1756#46.63#27.26#26.11
-151.738,55.1772#46.54#27.27#26.19
-151.647,55.1787#46.45#27.27#26.28
-151.555,55.1802#46.37#27.28#26.35
-151.464,55.1816#46.28#27.28#26.44
-151.372,55.1829#46.21#27.29#26.5
-151.281,55.1841#46.13#27.29#26.58
-151.189,55.1852#46.06#27.3#26.64
-151.098,55.1862#45.98#27.31#26.71
-151.006,55.1872#45.9#27.31#26.79
-150.915,55.1881#45.83#27.32#26.85
-150.823,55.1889#45.76#27.32#26.92
-150.732,55.1896#45.69#27.33#26.98
-150.64,55.1902#45.62#27.33#27.05
-150.549,55.1907#45.55#27.34#27.11
-150.457,55.1912#45.48#27.34#27.18
-150.366,55.1916#45.42#27.35#27.23
-150.274,55.1919#45.35#27.36#27.29
-150.182,55.1921#45.29#27.36#27.35
-150.091,55.1922#45.22#27.37#27.41
-149.999,55.1922#45.15#27.37#27.48
-149.908,55.1922#45.09#27.38#27.53
-149.816,55.1921#45.02#27.38#27.6
-149.725,55.1919#44.95#27.39#27.66
-149.633,55.1916#44.89#27.4#27.71
-149.542,55.1912#44.82#27.4#27.78
-149.45,55.1907#44.74#27.41#27.85
-149.359,55.1902#44.66#27.41#27.93
-149.267,55.1896#44.57#27.42#28.01
-149.176,55.1889#44.49#27.42#28.09
-149.084,55.1881#44.4#27.43#28.17
-148.993,55.1872#44.31#27.44#28.25
-148.901,55.1862#44.21#27.44#28.35
-148.81,55.1852#44.11#27.45#28.44
-148.718,55.1841#44.01#27.45#28.54
-148.627,55.1828#43.9#27.46#28.64
-148.535,55.1815#43.8#27.47#28.73
-148.444,55.1802#43.69#27.47#28.84
-148.352,55.1787#43.57#27.48#28.95
-148.261,55.1772#43.45#27.48#29.07
-148.169,55.1755#43.34#27.49#29.17
-148.078,55.1738#43.22#27.49#29.29
-147.987,55.172#43.1#27.5#29.4
-147.895,55.1702#42.97#27.51#29.52
-147.804,55.1682#42.84#27.51#29.65
-147.712,55.1662#42.71#27.52#29.77
-147.621,55.164#42.58#27.52#29.9
-147.53,55.1618#42.45#27.53#30.02
-147.438,55.1595#42.3#27.54#30.16
-147.347,55.1571#42.13#27.54#30.33
-147.256,55.1547#41.96#27.55#30.49
-147.164,55.1521#41.79#27.55#30.66
-147.073,55.1495#41.62#27.56#30.82
-146.982,55.1468#41.45#27.57#30.98
-146.89,55.144#41.29#27.57#31.14
-146.799,55.1411#41.14#27.58#31.28
-146.708,55.1382#40.98#27.58#31.44
-146.617,55.1351#40.83#27.59#31.58
-146.526,55.132#40.68#27.6#31.72
-146.434,55.1288#40.54#27.6#31.86
-146.343,55.1255#40.4#27.61#31.99
-146.252,55.1222#40.27#27.62#32.11
-146.161,55.1187#40.14#27.62#32.24
-146.07,55.1152#40.01#27.63#32.36
-145.979,55.1115#39.9#27.63#32.47
-145.888,55.1078#39.87#27.64#32.49
-145.797,55.104#39.84#27.65#32.51
-145.706,55.1002#39.81#27.65#32.54
-145.615,55.0962#39.79#27.66#32.55
-145.524,55.0922#39.76#27.67#32.57
-145.433,55.0881#39.73#27.67#32.6
-145.342,55.0839#39.71#27.68#32.61
-145.251,55.0796#39.68#27.68#32.64
-145.16,55.0752#39.66#27.69#32.65
-145.069,55.0708#39.64#27.7#32.66
-144.978,55.0663#39.61#27.7#32.69
-144.887,55.0616#39.59#27.71#32.7
-144.797,55.0569#39.57#27.72#32.71
-144.706,55.0522#39.55#27.72#32.73
-144.615,55.0473#39.53#27.73#32.74
-144.524,55.0424#39.51#27.73#32.76
-144.434,55.0374#39.5#27.74#32.76
-144.343,55.0322#39.48#27.75#32.77
-144.252,55.0271#39.47#27.75#32.78
-144.162,55.0218#39.45#27.76#32.79
-144.071,55.0164#39.44#27.77#32.79
-143.981,55.011#39.42#27.77#32.81
-143.89,55.0055#39.42#27.78#32.8
-143.8,54.9999#39.41#27.79#32.8
-143.709,54.9942#39.41#27.79#32.8
-143.619,54.9885#39.4#27.8#32.8
-143.529,54.9826#39.4#27.81#32.79
-143.438,54.9767#39.39#27.81#32.8
-143.348,54.9707#39.39#27.82#32.79
-143.258,54.9646#39.39#27.83#32.78
-143.167,54.9584#39.38#27.83#32.79
-143.077,54.9522#39.38#27.84#32.78
-142.987,54.9459#39.38#27.85#32.77
-142.897,54.9395#39.39#27.85#32.76
-142.807,54.933#39.39#27.86#32.75
-142.717,54.9264#39.4#27.87#32.73
-142.627,54.9197#39.4#27.87#32.73
-142.537,54.913#39.41#27.88#32.71
-142.447,54.9062#39.42#27.89#32.69
-158.284,54.9004#55.76#26.91#17.33
-158.194,54.9079#55.69#26.91#17.4
-158.104,54.9153#55.61#26.92#17.47
-158.014,54.9226#55.54#26.92#17.54
-157.924,54.9299#55.44#26.93#17.63
-157.834,54.937#55.34#26.93#17.73
-157.744,54.9441#55.23#26.93#17.84
-157.654,54.9511#55.12#26.94#17.94
-157.564,54.958#55.01#26.94#18.05
-157.474,54.9648#54.9#26.95#18.15
-157.384,54.9716#54.78#26.95#18.27
-157.294,54.9782#54.66#26.96#18.38
-157.204,54.9848#54.54#26.96#18.5
-157.113,54.9913#54.41#26.97#18.62
-157.023,54.9977#54.29#26.97#18.74
-156.933,55.0041#54.16#26.97#18.87
-156.842,55.0103#54.01#26.98#19.01
-156.752,55.0165#53.87#26.98#19.15
-156.662,55.0226#53.73#26.99#19.28
-156.571,55.0286#53.58#26.99#19.43
-156.481,55.0346#53.44#27#19.56
-156.39,55.0404#53.29#27#19.71
-156.3,55.0462#53.14#27.01#19.85
-156.209,55.0519#52.99#27.01#20
-156.118,55.0575#52.84#27.02#20.14
-156.028,55.063#52.68#27.02#20.3
-155.937,55.0684#52.53#27.03#20.44
-155.846,55.0738#52.36#27.03#20.61
-155.756,55.0791#52.2#27.04#20.76
-155.665,55.0843#52.04#27.04#20.92
-155.574,55.0894#51.87#27.05#21.08
-155.483,55.0944#51.7#27.05#21.25
-155.392,55.0994#51.55#27.06#21.39
-155.301,55.1042#51.39#27.06#21.55
-155.211,55.109#51.24#27.06#21.7
-155.12,55.1137#51.08#27.07#21.85
-155.029,55.1183#50.92#27.07#22.01
-154.938,55.1229#50.77#27.08#22.15
-154.847,55.1273#50.62#27.08#22.3
-154.756,55.1317#50.47#27.09#22.44
-154.665,55.136#50.32#27.09#22.59
-154.573,55.1402#50.18#27.1#22.72
-154.482,55.1443#50.03#27.1#22.87
-154.391,55.1483#49.9#27.11#22.99
-154.3,55.1523#49.77#27.11#23.12
-154.209,55.1562#49.64#27.12#23.24
-154.118,55.16#49.51#27.12#23.37
-154.027,55.1637#49.38#27.13#23.49
-153.935,55.1673#49.26#27.13#23.61
-153.844,55.1709#49.15#27.14#23.71
-153.753,55.1743#49.03#27.14#23.83
-153.661,55.1777#48.91#27.15#23.94
-153.57,55.181#48.8#27.15#24.05
-153.479,55.1842#48.68#27.16#24.16
-153.387,55.1873#48.57#27.16#24.27
-153.296,55.1904#48.47#27.17#24.36
-153.205,55.1933#48.36#27.17#24.47
-153.113,55.1962#48.25#27.18#24.57
-153.022,55.199#48.14#27.19#24.67
-152.93,55.2017#48.03#27.19#24.78
-152.839,55.2044#47.91#27.2#24.89
-152.748,55.2069#47.8#27.2#25
-152.656,55.2094#47.68#27.21#25.11
-152.565,55.2117#47.57#27.21#25.22
-152.473,55.214#47.46#27.22#25.32
-152.382,55.2163#47.37#27.22#25.41
-152.29,55.2184#47.29#27.23#25.48
-152.199,55.2204#47.2#27.23#25.57
-152.107,55.2224#47.11#27.24#25.65
-152.015,55.2243#47.02#27.24#25.74
-151.924,55.2261#46.94#27.25#25.81
-151.832,55.2278#46.85#27.25#25.9
-151.741,55.2294#46.76#27.26#25.98
-151.649,55.231#46.68#27.27#26.05
-151.558,55.2324#46.59#27.27#26.14
-151.466,55.2338#46.51#27.28#26.21
-151.374,55.2351#46.43#27.28#26.29
-151.283,55.2363#46.35#27.29#26.36
-151.191,55.2374#46.28#27.29#26.43
-151.099,55.2385#46.2#27.3#26.5
-151.008,55.2394#46.12#27.3#26.58
-150.916,55.2403#46.05#27.31#26.64
-150.824,55.2411#45.98#27.31#26.71
-150.733,55.2418#45.91#27.32#26.77
-150.641,55.2424#45.84#27.33#26.83
-150.549,55.243#45.77#27.33#26.9
-150.458,55.2434#45.7#27.34#26.96
-150.366,55.2438#45.64#27.34#27.02
-150.274,55.2441#45.57#27.35#27.08
-150.183,55.2443#45.5#27.35#27.15
-150.091,55.2444#45.44#27.36#27.2
-149.999,55.2445#45.37#27.37#27.26
-149.908,55.2444#45.3#27.37#27.33
-149.816,55.2443#45.24#27.38#27.38
-149.724,55.2441#45.17#27.38#27.45
-149.633,55.2438#45.1#27.39#27.51
-149.541,55.2434#45.03#27.39#27.58
-149.449,55.243#44.95#27.4#27.65
-149.358,55.2424#44.87#27.4#27.73
-149.266,55.2418#44.78#27.41#27.81
-149.174,55.2411#44.7#27.42#27.88
-149.083,55.2403#44.61#27.42#27.97
-148.991,55.2394#44.52#27.43#28.05
-148.899,55.2385#44.42#27.43#28.15
-148.808,55.2374#44.31#27.44#28.25
-148.716,55.2363#44.21#27.45#28.34
-148.625,55.2351#44.11#27.45#28.44
-148.533,55.2338#44#27.46#28.54
-148.441,55.2324#43.89#27.46#28.65
-148.35,55.2309#43.77#27.47#28.76
-148.258,55.2294#43.65#27.48#28.87
-148.167,55.2278#43.53#27.48#28.99
-148.075,55.226#43.41#27.49#29.1
-147.983,55.2242#43.29#27.49#29.22
-147.892,55.2224#43.16#27.5#29.34
-147.8,55.2204#43.04#27.5#29.46
-147.709,55.2184#42.91#27.51#29.58
-147.617,55.2162#42.78#27.52#29.7
-147.526,55.214#42.65#27.52#29.83
-147.434,55.2117#42.49#27.53#29.98
-147.343,55.2093#42.32#27.53#30.15
-147.251,55.2069#42.14#27.54#30.32
-147.16,55.2043#41.97#27.55#30.48
-147.068,55.2017#41.79#27.55#30.66
-146.977,55.199#41.62#27.56#30.82
-146.886,55.1962#41.45#27.57#30.98
-146.794,55.1933#41.28#27.57#31.15
-146.703,55.1903#41.11#27.58#31.31
-146.611,55.1873#40.95#27.58#31.47
-146.52,55.1842#40.78#27.59#31.63
-146.429,55.1809#40.63#27.6#31.77
-146.337,55.1777#40.48#27.6#31.92
-146.246,55.1743#40.34#27.61#32.05
-146.155,55.1708#40.19#27.61#32.2
-146.064,55.1673#40.05#27.62#32.33
-145.972,55.1636#39.94#27.63#32.43
-145.881,55.1599#39.91#27.63#32.46
-145.79,55.1561#39.89#27.64#32.47
-145.699,55.1523#39.86#27.65#32.49
-145.608,55.1483#39.83#27.65#32.52
-145.516,55.1443#39.8#27.66#32.54
-145.425,55.1401#39.77#27.66#32.57
-145.334,55.1359#39.75#27.67#32.58
-145.243,55.1316#39.72#27.68#32.6
-145.152,55.1273#39.7#27.68#32.62
-145.061,55.1228#39.67#27.69#32.64
-144.97,55.1183#39.65#27.7#32.65
-144.879,55.1137#39.63#27.7#32.67
-144.788,55.1089#39.61#27.71#32.68
-144.697,55.1042#39.59#27.71#32.7
-144.607,55.0993#39.57#27.72#32.71
-144.516,55.0943#39.55#27.73#32.72
-144.425,55.0893#39.54#27.73#32.73
-144.334,55.0842#39.52#27.74#32.74
-144.243,55.079#39.51#27.75#32.74
-144.153,55.0737#39.49#27.75#32.76
-144.062,55.0684#39.48#27.76#32.76
-143.971,55.0629#39.46#27.77#32.77
-143.881,55.0574#39.46#27.77#32.77
-143.79,55.0518#39.45#27.78#32.77
-143.699,55.0461#39.45#27.79#32.76
-143.609,55.0403#39.44#27.79#32.77
-143.518,55.0345#39.44#27.8#32.76
-143.428,55.0285#39.43#27.81#32.76
-143.337,55.0225#39.43#27.81#32.76
-143.247,55.0164#39.43#27.82#32.75
-143.156,55.0103#39.43#27.83#32.74
-143.066,55.004#39.42#27.83#32.75
-142.976,54.9977#39.42#27.84#32.74
-142.886,54.9912#39.43#27.85#32.72
-142.795,54.9847#39.43#27.85#32.72
-142.705,54.9781#39.44#27.86#32.7
-142.615,54.9715#39.44#27.87#32.69
-142.525,54.9647#39.45#27.88#32.67
-142.435,54.9579#39.46#27.88#32.66
-142.345,54.951#39.47#27.89#32.64
-142.255,54.944#39.48#27.9#32.62
-142.165,54.9369#39.49#27.91#32.6
-142.075,54.9298#39.5#27.92#32.58
-141.985,54.9225#39.51#27.93#32.56
-141.895,54.9152#39.53#27.94#32.53
-141.805,54.9078#39.54#27.96#32.5
-141.715,54.9003#39.55#27.97#32.48
-158.836,54.9054#56.47#26.87#16.66
-158.746,54.9134#56.42#26.88#16.7
-158.656,54.9213#56.36#26.88#16.76
-158.566,54.9291#56.3#26.89#16.81
-158.477,54.9368#56.24#26.89#16.87
-158.387,54.9445#56.17#26.9#16.93
-158.297,54.9521#56.1#26.9#17
-158.207,54.9596#56.03#26.9#17.07
-158.117,54.967#55.96#26.91#17.13
-158.027,54.9743#55.89#26.91#17.2
-157.937,54.9815#55.8#26.92#17.28
-157.847,54.9887#55.69#26.92#17.39
-157.757,54.9958#55.58#26.93#17.49
-157.666,55.0028#55.47#26.93#17.6
-157.576,55.0097#55.36#26.94#17.7
-157.486,55.0166#55.24#26.94#17.82
-157.396,55.0233#55.12#26.94#17.94
-157.305,55.03#55#26.95#18.05
-157.215,55.0366#54.88#26.95#18.17
-157.125,55.0431#54.76#26.96#18.28
-157.034,55.0495#54.64#26.96#18.4
-156.944,55.0559#54.51#26.97#18.52
-156.853,55.0622#54.37#26.97#18.66
-156.763,55.0684#54.22#26.98#18.8
-156.672,55.0745#54.08#26.98#18.94
-156.582,55.0805#53.93#26.98#19.09
-156.491,55.0864#53.78#26.99#19.23
-156.4,55.0923#53.63#26.99#19.38
-156.31,55.0981#53.49#27#19.51
-156.219,55.1038#53.34#27#19.66
-156.128,55.1094#53.19#27.01#19.8
-156.037,55.1149#53.04#27.01#19.95
-155.946,55.1204#52.88#27.02#20.1
-155.856,55.1257#52.71#27.02#20.27
-155.765,55.131#52.54#27.03#20.43
-155.674,55.1362#52.37#27.03#20.6
-155.583,55.1414#52.19#27.04#20.77
-155.492,55.1464#52.02#27.04#20.94
-155.401,55.1514#51.86#27.05#21.09
-155.31,55.1562#51.7#27.05#21.25
-155.219,55.161#51.54#27.06#21.4
-155.128,55.1657#51.37#27.06#21.57
-155.037,55.1704#51.2#27.07#21.73
-154.946,55.1749#51.05#27.07#21.88
-154.854,55.1794#50.9#27.08#22.02
-154.763,55.1837#50.75#27.08#22.17
-154.672,55.188#50.59#27.09#22.32
-154.581,55.1923#50.44#27.09#22.47
-154.49,55.1964#50.29#27.1#22.61
-154.398,55.2004#50.16#27.1#22.74
-154.307,55.2044#50.03#27.11#22.86
-154.216,55.2083#49.9#27.11#22.99
-154.124,55.2121#49.77#27.12#23.11
-154.033,55.2158#49.64#27.12#23.24
-153.942,55.2194#49.52#27.13#23.35
-153.85,55.223#49.41#27.13#23.46
-153.759,55.2265#49.29#27.14#23.57
-153.667,55.2298#49.17#27.14#23.69
-153.576,55.2331#49.06#27.15#23.79
-153.484,55.2364#48.94#27.15#23.91
-153.393,55.2395#48.83#27.16#24.01
-153.301,55.2425#48.72#27.16#24.12
-153.21,55.2455#48.61#27.17#24.22
-153.118,55.2484#48.5#27.17#24.33
-153.027,55.2512#48.39#27.18#24.43
-152.935,55.2539#48.27#27.18#24.55
-152.844,55.2565#48.16#27.19#24.65
-152.752,55.2591#48.04#27.19#24.77
-152.66,55.2616#47.92#27.2#24.88
-152.569,55.264#47.8#27.2#25
-152.477,55.2663#47.69#27.21#25.1
-152.385,55.2685#47.61#27.21#25.18
-152.294,55.2706#47.52#27.22#25.26
-152.202,55.2727#47.43#27.22#25.35
-152.11,55.2746#47.34#27.23#25.43
-152.019,55.2765#47.25#27.24#25.51
-151.927,55.2783#47.16#27.24#25.6
-151.835,55.28#47.07#27.25#25.68
-151.744,55.2816#46.99#27.25#25.76
-151.652,55.2832#46.9#27.26#25.84
-151.56,55.2847#46.81#27.26#25.93
-151.468,55.286#46.73#27.27#26
-151.376,55.2873#46.65#27.27#26.08
-151.285,55.2886#46.57#27.28#26.15
-151.193,55.2897#46.49#27.28#26.23
-151.101,55.2907#46.41#27.29#26.3
-151.009,55.2917#46.33#27.3#26.37
-150.918,55.2926#46.27#27.3#26.43
-150.826,55.2934#46.2#27.31#26.49
-150.734,55.2941#46.13#27.31#26.56
-150.642,55.2947#46.06#27.32#26.62
-150.55,55.2953#45.99#27.32#26.69
-150.459,55.2957#45.92#27.33#26.75
-150.367,55.2961#45.85#27.33#26.82
-150.275,55.2964#45.79#27.34#26.87
-150.183,55.2966#45.72#27.35#26.93
-150.091,55.2967#45.66#27.35#26.99
-149.999,55.2968#45.59#27.36#27.05
-149.908,55.2967#45.52#27.36#27.12
-149.816,55.2966#45.45#27.37#27.18
-149.724,55.2964#45.38#27.37#27.25
-149.632,55.2961#45.31#27.38#27.31
-149.54,55.2957#45.24#27.39#27.37
-149.449,55.2952#45.17#27.39#27.44
-149.357,55.2947#45.08#27.4#27.52
-149.265,55.2941#44.99#27.4#27.61
-149.173,55.2934#44.9#27.41#27.69
-149.081,55.2926#44.82#27.41#27.77
-148.989,55.2917#44.73#27.42#27.85
-148.898,55.2907#44.62#27.43#27.95
-148.806,55.2897#44.52#27.43#28.05
-148.714,55.2885#44.42#27.44#28.14
-148.622,55.2873#44.31#27.44#28.25
-148.531,55.286#44.21#27.45#28.34
-148.439,55.2846#44.09#27.46#28.45
-148.347,55.2832#43.97#27.46#28.57
-148.255,55.2816#43.85#27.47#28.68
-148.164,55.28#43.73#27.47#28.8
-148.072,55.2783#43.61#27.48#28.91
-147.98,55.2765#43.49#27.49#29.02
-147.888,55.2746#43.36#27.49#29.15
-147.797,55.2726#43.23#27.5#29.27
-147.705,55.2706#43.1#27.5#29.4
-147.613,55.2684#42.96#27.51#29.53
-147.522,55.2662#42.83#27.51#29.66
-147.43,55.2639#42.67#27.52#29.81
-147.338,55.2615#42.5#27.53#29.97
-147.247,55.2591#42.32#27.53#30.15
-147.155,55.2565#42.15#27.54#30.31
-147.064,55.2539#41.98#27.55#30.47
-146.972,55.2512#41.81#27.55#30.64
-146.881,55.2484#41.64#27.56#30.8
-146.789,55.2455#41.47#27.56#30.97
-146.697,55.2425#41.3#27.57#31.13
-146.606,55.2395#41.13#27.58#31.29
-146.514,55.2363#40.96#27.58#31.46
-146.423,55.2331#40.8#27.59#31.61
-146.332,55.2298#40.64#27.59#31.77
-146.24,55.2264#40.48#27.6#31.92
-146.149,55.2229#40.33#27.61#32.06
-146.057,55.2194#40.17#27.61#32.22
-145.966,55.2158#40.05#27.62#32.33
-145.875,55.212#40.01#27.63#32.36
-145.783,55.2082#39.96#27.63#32.41
-145.692,55.2044#39.92#27.64#32.44
-145.601,55.2004#39.88#27.64#32.48
-145.509,55.1963#39.84#27.65#32.51
-145.418,55.1922#39.81#27.66#32.53
-145.327,55.188#39.79#27.66#32.55
-145.236,55.1837#39.76#27.67#32.57
-145.144,55.1793#39.74#27.68#32.58
-145.053,55.1748#39.71#27.68#32.61
-144.962,55.1703#39.69#27.69#32.62
-144.871,55.1657#39.67#27.69#32.64
-144.78,55.161#39.65#27.7#32.65
-144.689,55.1562#39.63#27.71#32.66
-144.598,55.1513#39.61#27.71#32.68
-144.507,55.1463#39.59#27.72#32.69
-144.416,55.1413#39.58#27.73#32.69
-144.325,55.1362#39.56#27.73#32.71
-144.234,55.131#39.55#27.74#32.71
-144.143,55.1257#39.53#27.75#32.72
-144.052,55.1203#39.52#27.75#32.73
-143.962,55.1149#39.5#27.76#32.74
-143.871,55.1093#39.5#27.77#32.73
-143.78,55.1037#39.5#27.77#32.73
-143.689,55.098#39.49#27.78#32.73
-143.599,55.0922#39.49#27.79#32.72
-143.508,55.0864#39.48#27.79#32.73
-143.417,55.0804#39.48#27.8#32.72
-143.327,55.0744#39.47#27.8#32.73
-143.236,55.0683#39.47#27.81#32.72
-143.146,55.0621#39.47#27.82#32.71
-143.055,55.0558#39.47#27.82#32.71
-142.965,55.0495#39.47#27.83#32.7
-142.874,55.043#39.47#27.84#32.69
-142.784,55.0365#39.48#27.85#32.67
-142.693,55.0299#39.48#27.85#32.67
-142.603,55.0232#39.49#27.86#32.65
-142.513,55.0165#39.49#27.87#32.64
-142.423,55.0096#39.5#27.88#32.62
-142.332,55.0027#39.51#27.89#32.6
-142.242,54.9957#39.52#27.9#32.58
-142.152,54.9886#39.54#27.91#32.55
-142.062,54.9814#39.55#27.92#32.53
-141.972,54.9742#39.56#27.93#32.51
-141.882,54.9669#39.57#27.94#32.49
-141.792,54.9595#39.58#27.95#32.47
-141.702,54.952#39.6#27.97#32.43
-141.612,54.9444#39.61#27.98#32.41
-141.522,54.9368#39.62#27.99#32.39
-141.433,54.929#39.64#28#32.36
-141.343,54.9212#39.67#28.01#32.32
-141.253,54.9133#39.69#28.03#32.28
-141.163,54.9053#39.72#28.04#32.24
-159.387,54.9074#56.98#26.84#16.18
-159.298,54.9159#56.96#26.85#16.19
-159.208,54.9242#56.94#26.85#16.21
-159.119,54.9325#56.92#26.85#16.23
-159.029,54.9408#56.91#26.86#16.23
-158.939,54.9489#56.86#26.86#16.28
-158.849,54.957#56.81#26.87#16.32
-158.76,54.965#56.75#26.87#16.38
-158.67,54.9729#56.7#26.87#16.43
-158.58,54.9807#56.64#26.88#16.48
-158.49,54.9885#56.58#26.88#16.54
-158.4,54.9961#56.51#26.89#16.6
-158.31,55.0037#56.44#26.89#16.67
-158.22,55.0112#56.38#26.9#16.72
-158.13,55.0186#56.31#26.9#16.79
-158.04,55.026#56.24#26.91#16.85
-157.949,55.0332#56.15#26.91#16.94
-157.859,55.0404#56.04#26.91#17.05
-157.769,55.0475#55.93#26.92#17.15
-157.679,55.0545#55.81#26.92#17.27
-157.588,55.0615#55.7#26.93#17.37
-157.498,55.0683#55.58#26.93#17.49
-157.407,55.0751#55.47#26.94#17.59
-157.317,55.0818#55.35#26.94#17.71
-157.226,55.0884#55.23#26.94#17.83
-157.136,55.0949#55.11#26.95#17.94
-157.045,55.1014#54.99#26.95#18.06
-156.955,55.1077#54.86#26.96#18.18
-156.864,55.114#54.72#26.96#18.32
-156.773,55.1202#54.57#26.97#18.46
-156.683,55.1263#54.42#26.97#18.61
-156.592,55.1324#54.28#26.98#18.74
-156.501,55.1383#54.13#26.98#18.89
-156.41,55.1442#53.98#26.99#19.03
-156.32,55.15#53.83#26.99#19.18
-156.229,55.1557#53.69#27#19.31
-156.138,55.1613#53.54#27#19.46
-156.047,55.1669#53.39#27#19.61
-155.956,55.1723#53.23#27.01#19.76
-155.865,55.1777#53.06#27.01#19.93
-155.774,55.183#52.88#27.02#20.1
-155.683,55.1882#52.7#27.02#20.28
-155.592,55.1933#52.52#27.03#20.45
-155.501,55.1984#52.34#27.03#20.63
-155.41,55.2034#52.18#27.04#20.78
-155.318,55.2082#52.01#27.04#20.95
-155.227,55.213#51.84#27.05#21.11
-155.136,55.2178#51.67#27.05#21.28
-155.045,55.2224#51.5#27.06#21.44
-154.953,55.227#51.35#27.06#21.59
-154.862,55.2314#51.2#27.07#21.73
-154.771,55.2358#51.04#27.07#21.89
-154.679,55.2401#50.89#27.08#22.03
-154.588,55.2443#50.74#27.08#22.18
-154.497,55.2485#50.59#27.09#22.32
-154.405,55.2525#50.46#27.09#22.45
-154.314,55.2565#50.33#27.1#22.57
-154.222,55.2604#50.19#27.1#22.71
-154.131,55.2642#50.06#27.11#22.83
-154.039,55.2679#49.93#27.11#22.96
-153.948,55.2716#49.8#27.12#23.08
-153.856,55.2751#49.68#27.12#23.2
-153.765,55.2786#49.56#27.13#23.31
-153.673,55.282#49.44#27.13#23.43
-153.582,55.2853#49.32#27.14#23.54
-153.49,55.2885#49.2#27.14#23.66
-153.398,55.2917#49.09#27.15#23.76
-153.307,55.2947#48.98#27.15#23.87
-153.215,55.2977#48.86#27.16#23.98
-153.123,55.3006#48.75#27.16#24.09
-153.032,55.3034#48.63#27.17#24.2
