-152.836,64.9016#52.27#26.19#21.54
-152.707,64.9042#51.99#26.2#21.81
-152.578,64.9068#51.71#26.21#22.08
-152.45,64.9092#51.44#26.22#22.34
-152.321,64.9114#51.17#26.25#22.58
-152.192,64.9136#50.9#26.27#22.83
-152.063,64.9156#50.64#26.3#23.06
-151.934,64.9175#50.38#26.34#23.28
-151.805,64.9193#50.15#26.41#23.44
-151.676,64.921#49.91#26.47#23.62
-151.547,64.9225#49.68#26.53#23.79
-151.418,64.9239#49.46#26.61#23.93
-151.289,64.9252#49.26#26.7#24.04
-151.16,64.9264#49.06#26.79#24.15
-151.031,64.9274#48.86#26.87#24.27
-150.902,64.9284#48.68#26.96#24.36
-150.773,64.9292#48.51#27.04#24.45
-150.644,64.9298#48.33#27.12#24.55
-150.515,64.9304#48.16#27.2#24.64
-150.386,64.9308#48.01#27.25#24.74
-150.257,64.9311#47.86#27.3#24.84
-150.128,64.9313#47.71#27.35#24.94
-149.999,64.9314#47.56#27.39#25.05
-149.87,64.9313#47.43#27.42#25.15
-149.741,64.9311#47.3#27.44#25.26
-149.612,64.9308#47.17#27.46#25.37
-149.483,64.9304#47.04#27.48#25.48
-149.354,64.9298#46.93#27.5#25.57
-149.225,64.9291#46.82#27.51#25.67
-149.096,64.9283#46.7#27.52#25.78
-148.967,64.9274#46.6#27.53#25.87
-148.838,64.9264#46.5#27.54#25.96
-148.709,64.9252#46.4#27.55#26.05
-148.58,64.9239#46.3#27.56#26.14
-148.451,64.9225#46.2#27.56#26.24
-148.322,64.9209#46.11#27.57#26.32
-148.193,64.9193#46.03#27.57#26.4
-148.064,64.9175#45.94#27.58#26.48
-147.935,64.9156#45.86#27.58#26.56
-147.806,64.9136#45.78#27.58#26.64
-147.678,64.9114#45.7#27.59#26.71
-147.549,64.9091#45.62#27.59#26.79
-147.42,64.9067#45.54#27.59#26.87
-147.291,64.9042#45.47#27.6#26.93
-147.162,64.9016#45.4#27.6#27
-154.774,64.9017#56.77#26.15#17.08
-154.645,64.9062#56.45#26.15#17.4
-154.517,64.9106#56.13#26.15#17.72
-154.388,64.9148#55.81#26.16#18.03
-154.26,64.9189#55.5#26.16#18.34
-154.131,64.9229#55.18#26.16#18.66
-154.002,64.9268#54.86#26.16#18.98
-153.873,64.9306#54.55#26.16#19.29
-153.745,64.9342#54.25#26.17#19.58
-153.616,64.9377#53.94#26.17#19.89
-153.487,64.9411#53.63#26.17#20.2
-153.358,64.9444#53.33#26.17#20.5
-153.229,64.9475#53.04#26.18#20.78
-153.1,64.9505#52.74#26.18#21.08
-152.971,64.9534#52.45#26.18#21.37
-152.842,64.9562#52.17#26.19#21.64
-152.713,64.9589#51.89#26.2#21.91
-152.584,64.9614#51.61#26.21#22.18
-152.455,64.9638#51.33#26.22#22.45
-152.326,64.9661#51.06#26.25#22.69
-152.197,64.9682#50.79#26.28#22.93
-152.068,64.9703#50.52#26.31#23.17
-151.939,64.9722#50.27#26.36#23.37
-151.809,64.974#50.04#26.42#23.54
-151.68,64.9756#49.8#26.49#23.71
-151.551,64.9772#49.57#26.56#23.87
-151.422,64.9786#49.35#26.64#24.01
-151.292,64.9799#49.15#26.73#24.12
-151.163,64.9811#48.95#26.82#24.23
-151.034,64.9821#48.75#26.91#24.34
-150.904,64.983#48.57#26.99#24.44
-150.775,64.9838#48.4#27.07#24.53
-150.646,64.9845#48.22#27.15#24.63
-150.517,64.9851#48.05#27.23#24.72
-150.387,64.9855#47.9#27.27#24.83
-150.258,64.9858#47.75#27.32#24.93
-150.129,64.986#47.6#27.36#25.04
-149.999,64.986#47.45#27.4#25.15
-149.87,64.986#47.32#27.42#25.26
-149.741,64.9858#47.19#27.45#25.36
-149.611,64.9855#47.06#27.47#25.47
-149.482,64.9851#46.93#27.49#25.58
-149.353,64.9845#46.82#27.5#25.68
-149.223,64.9838#46.71#27.51#25.78
-149.094,64.983#46.6#27.52#25.88
-148.965,64.9821#46.49#27.53#25.98
-148.835,64.981#46.39#27.54#26.07
-148.706,64.9799#46.29#27.55#26.16
-148.577,64.9786#46.2#27.56#26.24
-148.448,64.9771#46.1#27.56#26.34
-148.318,64.9756#46.02#27.57#26.41
-148.189,64.9739#45.93#27.57#26.5
-148.06,64.9721#45.84#27.58#26.58
-147.931,64.9702#45.76#27.58#26.66
-147.802,64.9682#45.68#27.58#26.74
-147.672,64.966#45.6#27.59#26.81
-147.543,64.9638#45.52#27.59#26.89
-147.414,64.9614#45.45#27.59#26.96
-147.285,64.9588#45.38#27.59#27.03
-147.156,64.9562#45.31#27.6#27.09
-147.027,64.9534#45.24#27.6#27.16
-146.898,64.9505#45.17#27.6#27.23
-146.769,64.9475#45.1#27.6#27.3
-146.64,64.9443#45.03#27.61#27.36
-146.511,64.9411#44.97#27.61#27.42
-146.383,64.9377#44.89#27.61#27.5
-146.254,64.9342#44.81#27.61#27.58
-146.125,64.9305#44.73#27.62#27.65
-145.996,64.9268#44.65#27.62#27.73
-145.868,64.9229#44.55#27.62#27.83
-145.739,64.9189#44.45#27.62#27.93
-145.61,64.9148#44.34#27.62#28.04
-145.482,64.9105#44.23#27.63#28.14
-145.353,64.9062#44.1#27.63#28.27
-145.225,64.9017#43.96#27.63#28.41
-156.069,64.9045#59.87#26.13#14
-155.941,64.9102#59.55#26.13#14.32
-155.813,64.9158#59.23#26.14#14.63
-155.684,64.9213#58.91#26.14#14.95
-155.556,64.9266#58.59#26.14#15.27
-155.427,64.9319#58.27#26.14#15.59
-155.299,64.937#57.95#26.14#15.91
-155.17,64.942#57.63#26.14#16.23
-155.042,64.9468#57.31#26.14#16.55
-154.913,64.9516#56.99#26.15#16.86
-154.784,64.9562#56.67#26.15#17.18
-154.656,64.9607#56.35#26.15#17.5
-154.527,64.9651#56.03#26.15#17.82
-154.398,64.9693#55.71#26.15#18.14
-154.269,64.9735#55.4#26.16#18.44
-154.14,64.9775#55.08#26.16#18.76
-154.011,64.9814#54.77#26.16#19.07
-153.882,64.9851#54.46#26.16#19.38
-153.753,64.9888#54.15#26.16#19.69
-153.624,64.9923#53.84#26.17#19.99
-153.495,64.9957#53.53#26.17#20.3
-153.366,64.999#53.23#26.17#20.6
-153.237,65.0021#52.94#26.17#20.89
-153.107,65.0051#52.64#26.18#21.18
-152.978,65.008#52.35#26.18#21.47
-152.849,65.0108#52.06#26.19#21.75
-152.719,65.0135#51.78#26.2#22.02
-152.59,65.016#51.5#26.21#22.29
-152.461,65.0184#51.22#26.22#22.56
-152.331,65.0207#50.95#26.25#22.8
-152.202,65.0229#50.68#26.29#23.03
-152.072,65.0249#50.41#26.32#23.27
-151.943,65.0268#50.16#26.37#23.47
-151.813,65.0286#49.92#26.44#23.64
-151.684,65.0303#49.69#26.51#23.8
-151.554,65.0318#49.46#26.58#23.96
-151.425,65.0333#49.24#26.67#24.09
-151.295,65.0346#49.04#26.76#24.2
-151.166,65.0357#48.84#26.85#24.31
-151.036,65.0368#48.64#26.94#24.42
-150.907,65.0377#48.46#27.02#24.52
-150.777,65.0385#48.29#27.1#24.61
-150.647,65.0392#48.12#27.18#24.7
-150.518,65.0398#47.94#27.25#24.81
-150.388,65.0402#47.79#27.3#24.91
-150.258,65.0405#47.64#27.33#25.03
-150.129,65.0407#47.49#27.37#25.14
-149.999,65.0407#47.34#27.41#25.25
-149.87,65.0407#47.21#27.43#25.36
-149.74,65.0405#47.08#27.45#25.47
-149.61,65.0402#46.96#27.47#25.57
-149.481,65.0397#46.83#27.49#25.68
-149.351,65.0392#46.72#27.5#25.78
-149.221,65.0385#46.61#27.51#25.88
-149.092,65.0377#46.5#27.53#25.97
-148.962,65.0368#46.39#27.54#26.07
-148.833,65.0357#46.29#27.54#26.17
-148.703,65.0345#46.19#27.55#26.26
-148.574,65.0332#46.1#27.56#26.34
-148.444,65.0318#46#27.56#26.44
-148.314,65.0303#45.92#27.57#26.51
-148.185,65.0286#45.83#27.57#26.6
-148.055,65.0268#45.74#27.57#26.69
-147.926,65.0249#45.66#27.58#26.76
-147.797,65.0228#45.58#27.58#26.84
-147.667,65.0207#45.51#27.58#26.91
-147.538,65.0184#45.43#27.59#26.98
-147.408,65.016#45.36#27.59#27.05
-147.279,65.0134#45.29#27.59#27.12
-147.15,65.0108#45.21#27.59#27.2
-147.02,65.008#45.14#27.6#27.26
-146.891,65.0051#45.08#27.6#27.32
-146.762,65.0021#45.01#27.6#27.39
-146.633,64.9989#44.94#27.6#27.46
-146.503,64.9957#44.88#27.61#27.51
-146.374,64.9923#44.8#27.61#27.59
-146.245,64.9887#44.72#27.61#27.67
-146.116,64.9851#44.65#27.61#27.74
-145.987,64.9813#44.57#27.61#27.82
-145.858,64.9774#44.47#27.62#27.91
-145.729,64.9734#44.37#27.62#28.01
-145.6,64.9693#44.27#27.62#28.11
-145.472,64.965#44.16#27.62#28.22
-145.343,64.9607#44.02#27.62#28.36
-145.214,64.9562#43.89#27.63#28.48
-145.085,64.9515#43.76#27.63#28.61
-144.957,64.9468#43.61#27.63#28.76
-144.828,64.9419#43.45#27.63#28.92
-144.699,64.9369#43.3#27.63#29.07
-144.571,64.9318#43.14#27.64#29.22
-144.443,64.9266#42.97#27.64#29.39
-144.314,64.9212#42.79#27.64#29.57
-144.186,64.9157#42.61#27.64#29.75
-144.058,64.9101#42.43#27.64#29.93
-143.929,64.9044#42.24#27.65#30.11
-157.236,64.9018#62.09#26.12#11.79
-157.108,64.9086#61.97#26.12#11.91
-156.98,64.9153#61.82#26.12#12.06
-156.852,64.9219#61.52#26.12#12.36
-156.724,64.9284#61.22#26.12#12.66
-156.596,64.9347#60.92#26.13#12.95
-156.468,64.9409#60.62#26.13#13.25
-156.34,64.947#60.32#26.13#13.55
-156.211,64.953#60.02#26.13#13.85
-156.083,64.9589#59.72#26.13#14.15
-155.954,64.9646#59.42#26.13#14.45
-155.826,64.9702#59.11#26.13#14.76
-155.697,64.9757#58.79#26.14#15.07
-155.568,64.9811#58.48#26.14#15.38
-155.44,64.9863#58.17#26.14#15.69
-155.311,64.9914#57.85#26.14#16.01
-155.182,64.9964#57.53#26.14#16.33
-155.053,65.0013#57.21#26.14#16.65
-154.924,65.0061#56.89#26.15#16.96
-154.795,65.0107#56.57#26.15#17.28
-154.666,65.0152#56.25#26.15#17.6
-154.537,65.0196#55.93#26.15#17.92
-154.408,65.0239#55.61#26.15#18.24
-154.279,65.028#55.3#26.15#18.55
-154.15,65.032#54.98#26.16#18.86
-154.02,65.0359#54.67#26.16#19.17
-153.891,65.0397#54.36#26.16#19.48
-153.762,65.0434#54.05#26.16#19.79
-153.632,65.0469#53.74#26.16#20.1
-153.503,65.0503#53.43#26.17#20.4
-153.373,65.0536#53.13#26.17#20.7
-153.244,65.0567#52.84#26.17#20.99
-153.114,65.0598#52.54#26.17#21.29
-152.985,65.0627#52.24#26.18#21.58
-152.855,65.0655#51.96#26.19#21.85
-152.726,65.0681#51.68#26.2#22.12
-152.596,65.0707#51.39#26.21#22.4
-152.466,65.0731#51.11#26.22#22.67
-152.337,65.0754#50.84#26.26#22.9
-152.207,65.0775#50.57#26.29#23.14
-152.077,65.0796#50.3#26.33#23.37
-151.947,65.0815#50.04#26.38#23.58
-151.818,65.0833#49.81#26.46#23.73
-151.688,65.085#49.58#26.53#23.89
-151.558,65.0865#49.35#26.61#24.04
-151.428,65.0879#49.14#26.7#24.16
-151.298,65.0892#48.93#26.79#24.28
-151.168,65.0904#48.73#26.88#24.39
-151.038,65.0915#48.53#26.98#24.49
-150.909,65.0924#48.35#27.06#24.59
-150.779,65.0932#48.18#27.13#24.69
-150.649,65.0939#48.01#27.2#24.79
-150.519,65.0945#47.84#27.28#24.88
-150.389,65.0949#47.68#27.32#25
-150.259,65.0952#47.53#27.35#25.12
-150.129,65.0954#47.39#27.39#25.22
-149.999,65.0954#47.24#27.42#25.34
-149.869,65.0954#47.11#27.44#25.45
-149.739,65.0952#46.98#27.46#25.56
-149.609,65.0949#46.85#27.48#25.67
-149.479,65.0944#46.72#27.5#25.78
-149.35,65.0939#46.61#27.51#25.88
-149.22,65.0932#46.5#27.52#25.98
-149.09,65.0924#46.39#27.53#26.08
-148.96,65.0915#46.29#27.54#26.17
-148.83,65.0904#46.19#27.54#26.27
-148.7,65.0892#46.09#27.55#26.36
-148.57,65.0879#45.99#27.55#26.46
-148.44,65.0865#45.9#27.56#26.54
-148.311,65.085#45.82#27.56#26.62
-148.181,65.0833#45.73#27.57#26.7
-148.051,65.0815#45.64#27.57#26.79
-147.921,65.0796#45.56#27.58#26.86
-147.792,65.0775#45.49#27.58#26.93
-147.662,65.0753#45.41#27.58#27.01
-147.532,65.073#45.33#27.58#27.09
-147.402,65.0706#45.26#27.59#27.15
-147.273,65.0681#45.19#27.59#27.22
-147.143,65.0654#45.12#27.59#27.29
-147.014,65.0626#45.05#27.6#27.35
-146.884,65.0597#44.99#27.6#27.41
-146.755,65.0567#44.92#27.6#27.48
-146.625,65.0535#44.85#27.6#27.55
-146.496,65.0502#44.79#27.6#27.61
-146.366,65.0468#44.71#27.61#27.68
-146.237,65.0433#44.64#27.61#27.75
-146.107,65.0397#44.57#27.61#27.82
-145.978,65.0359#44.49#27.61#27.9
-145.849,65.032#44.39#27.61#28
-145.72,65.028#44.29#27.62#28.09
-145.59,65.0238#44.19#27.62#28.19
-145.461,65.0196#44.08#27.62#28.3
-145.332,65.0152#43.95#27.62#28.43
-145.203,65.0107#43.82#27.62#28.56
-145.074,65.006#43.69#27.63#28.68
-144.945,65.0013#43.54#27.63#28.83
-144.816,64.9964#43.39#27.63#28.98
-144.688,64.9914#43.23#27.63#29.14
-144.559,64.9863#43.07#27.63#29.3
-144.43,64.981#42.9#27.64#29.46
-144.301,64.9756#42.72#27.64#29.64
-144.173,64.9701#42.54#27.64#29.82
-144.044,64.9645#42.36#27.64#30
-143.916,64.9588#42.17#27.64#30.19
-143.787,64.9529#41.97#27.65#30.38
-143.659,64.947#41.77#27.65#30.58
-143.531,64.9409#41.57#27.65#30.78
-143.402,64.9346#41.36#27.65#30.99
-143.274,64.9283#41.14#27.65#31.21
-143.146,64.9218#40.93#27.66#31.41
-143.018,64.9152#40.71#27.66#31.63
-142.89,64.9085#40.49#27.66#31.85
-142.762,64.9017#40.26#27.66#32.08
-158.148,64.9048#62.49#26.11#11.4
-158.02,64.9124#62.48#26.11#11.41
-157.892,64.92#62.4#26.11#11.49
-157.765,64.9275#62.3#26.11#11.59
-157.637,64.9348#62.21#26.11#11.68
-157.509,64.942#62.11#26.12#11.77
-157.381,64.9491#61.99#26.12#11.89
-157.253,64.956#61.86#26.12#12.02
-157.124,64.9629#61.73#26.12#12.15
-156.996,64.9696#61.59#26.12#12.29
-156.868,64.9762#61.29#26.12#12.59
-156.739,64.9827#61#26.12#12.88
-156.611,64.989#60.71#26.12#13.17
-156.482,64.9953#60.42#26.13#13.45
-156.354,65.0014#60.13#26.13#13.74
-156.225,65.0074#59.85#26.13#14.02
-156.096,65.0132#59.57#26.13#14.3
-155.968,65.019#59.29#26.13#14.58
-155.839,65.0246#58.98#26.13#14.89
-155.71,65.0301#58.68#26.13#15.19
-155.581,65.0355#58.37#26.14#15.49
-155.452,65.0408#58.06#26.14#15.8
-155.323,65.0459#57.74#26.14#16.12
-155.194,65.0509#57.42#26.14#16.44
-155.065,65.0558#57.1#26.14#16.76
-154.935,65.0606#56.78#26.14#17.08
-154.806,65.0652#56.47#26.15#17.38
-154.677,65.0697#56.15#26.15#17.7
-154.547,65.0741#55.83#26.15#18.02
-154.418,65.0784#55.52#26.15#18.33
-154.288,65.0826#55.2#26.15#18.65
-154.159,65.0866#54.89#26.15#18.96
-154.029,65.0905#54.57#26.16#19.27
-153.9,65.0943#54.26#26.16#19.58
-153.77,65.0979#53.95#26.16#19.89
-153.64,65.1015#53.64#26.16#20.2
-153.511,65.1049#53.33#26.16#20.51
-153.381,65.1082#53.03#26.17#20.8
-153.251,65.1113#52.73#26.17#21.1
-153.121,65.1144#52.44#26.17#21.39
-152.992,65.1173#52.14#26.17#21.69
-152.862,65.1201#51.85#26.18#21.97
-152.732,65.1228#51.57#26.2#22.23
-152.602,65.1253#51.29#26.21#22.5
-152.472,65.1277#51#26.22#22.78
-152.342,65.13#50.73#26.26#23.01
-152.212,65.1322#50.46#26.3#23.24
-152.082,65.1343#50.19#26.34#23.47
-151.952,65.1362#49.93#26.39#23.68
-151.822,65.138#49.7#26.47#23.83
-151.692,65.1397#49.47#26.55#23.98
-151.561,65.1412#49.24#26.64#24.12
-151.431,65.1426#49.03#26.72#24.25
-151.301,65.144#48.82#26.82#24.36
-151.171,65.1451#48.62#26.91#24.47
-151.041,65.1462#48.42#27.01#24.57
-150.911,65.1471#48.24#27.09#24.67
-150.78,65.1479#48.07#27.16#24.77
-150.65,65.1486#47.9#27.23#24.87
-150.52,65.1492#47.73#27.3#24.97
-150.39,65.1496#47.58#27.34#25.08
-150.26,65.1499#47.43#27.37#25.2
-150.129,65.1501#47.28#27.4#25.32
-149.999,65.1502#47.13#27.43#25.44
-149.869,65.1501#47#27.45#25.55
-149.739,65.1499#46.87#27.47#25.66
-149.609,65.1496#46.74#27.48#25.78
-149.478,65.1492#46.62#27.5#25.88
-149.348,65.1486#46.51#27.51#25.98
-149.218,65.1479#46.4#27.52#26.08
-149.088,65.1471#46.29#27.53#26.18
-148.958,65.1462#46.18#27.54#26.28
-148.827,65.1451#46.09#27.54#26.37
-148.697,65.1439#45.99#27.55#26.46
-148.567,65.1426#45.89#27.55#26.56
-148.437,65.1412#45.8#27.56#26.64
-148.307,65.1396#45.72#27.56#26.72
-148.177,65.138#45.63#27.57#26.8
-148.047,65.1362#45.55#27.57#26.88
-147.917,65.1342#45.47#27.57#26.96
-147.787,65.1322#45.39#27.58#27.03
-147.657,65.13#45.31#27.58#27.11
-147.527,65.1277#45.24#27.58#27.18
-147.397,65.1253#45.17#27.59#27.24
-147.267,65.1227#45.1#27.59#27.31
-147.137,65.1201#45.03#27.59#27.38
-147.007,65.1173#44.96#27.59#27.45
-146.877,65.1144#44.89#27.6#27.51
-146.747,65.1113#44.83#27.6#27.57
-146.617,65.1081#44.77#27.6#27.63
-146.488,65.1049#44.7#27.6#27.7
-146.358,65.1014#44.63#27.6#27.77
-146.228,65.0979#44.56#27.61#27.83
-146.099,65.0942#44.48#27.61#27.91
-145.969,65.0905#44.41#27.61#27.98
-145.839,65.0865#44.31#27.61#28.08
-145.71,65.0825#44.21#27.61#28.18
-145.58,65.0784#44.12#27.62#28.26
-145.451,65.0741#44.01#27.62#28.37
-145.322,65.0697#43.88#27.62#28.5
-145.192,65.0652#43.75#27.62#28.63
-145.063,65.0605#43.62#27.62#28.76
-144.934,65.0557#43.48#27.63#28.89
-144.805,65.0509#43.32#27.63#29.05
-144.676,65.0458#43.16#27.63#29.21
-144.546,65.0407#43#27.63#29.37
-144.417,65.0354#42.83#27.63#29.54
-144.288,65.0301#42.65#27.64#29.71
-144.16,65.0246#42.47#27.64#29.89
-144.031,65.0189#42.29#27.64#30.07
-143.902,65.0132#42.1#27.64#30.26
-143.773,65.0073#41.9#27.64#30.46
-143.645,65.0013#41.7#27.65#30.65
-143.516,64.9952#41.5#27.65#30.85
-143.387,64.989#41.29#27.65#31.06
-143.259,64.9826#41.07#27.65#31.28
-143.131,64.9761#40.86#27.65#31.49
-143.002,64.9695#40.65#27.65#31.7
-142.874,64.9628#40.42#27.66#31.92
-142.746,64.956#40.2#27.66#32.14
-142.618,64.949#39.97#27.66#32.37
-142.49,64.9419#39.75#27.66#32.59
-142.362,64.9347#39.56#27.67#32.77
-142.234,64.9274#39.38#27.67#32.95
-142.106,64.9199#39.19#27.67#33.14
-141.978,64.9123#39.01#27.67#33.32
-141.851,64.9047#38.83#27.68#33.49
-159.059,64.9016#62.06#26.1#11.84
-158.932,64.9101#62.11#26.1#11.79
-158.804,64.9185#62.16#26.11#11.73
-158.677,64.9268#62.21#26.11#11.68
-158.549,64.935#62.25#26.11#11.64
-158.422,64.9431#62.27#26.11#11.62
-158.294,64.951#62.26#26.11#11.63
-158.166,64.9589#62.26#26.11#11.63
-158.038,64.9666#62.26#26.11#11.63
-157.91,64.9742#62.19#26.11#11.7
-157.782,64.9816#62.09#26.11#11.8
-157.654,64.989#62#26.11#11.89
-157.526,64.9962#61.9#26.11#11.99
-157.397,65.0033#61.77#26.12#12.11
-157.269,65.0103#61.63#26.12#12.25
-157.14,65.0171#61.49#26.12#12.39
-157.012,65.0239#61.34#26.12#12.54
-156.883,65.0305#61.06#26.12#12.82
-156.755,65.037#60.77#26.12#13.11
-156.626,65.0434#60.49#26.12#13.39
-156.497,65.0496#60.21#26.12#13.67
-156.368,65.0557#59.94#26.13#13.93
-156.239,65.0618#59.68#26.13#14.19
-156.11,65.0676#59.42#26.13#14.45
-155.981,65.0734#59.16#26.13#14.71
-155.852,65.079#58.86#26.13#15.01
-155.723,65.0846#58.56#26.13#15.31
-155.594,65.09#58.26#26.13#15.61
-155.464,65.0952#57.96#26.14#15.9
-155.335,65.1004#57.64#26.14#16.22
-155.206,65.1054#57.32#26.14#16.54
-155.076,65.1103#57#26.14#16.86
-154.947,65.1151#56.68#26.14#17.18
-154.817,65.1197#56.36#26.14#17.5
-154.687,65.1243#56.05#26.14#17.81
-154.558,65.1287#55.73#26.15#18.12
-154.428,65.133#55.42#26.15#18.43
-154.298,65.1371#55.1#26.15#18.75
-154.168,65.1412#54.79#26.15#19.06
-154.039,65.1451#54.47#26.15#19.38
-153.909,65.1489#54.16#26.16#19.68
-153.779,65.1525#53.85#26.16#19.99
-153.649,65.1561#53.54#26.16#20.3
-153.519,65.1595#53.23#26.16#20.61
-153.389,65.1628#52.93#26.16#20.91
-153.259,65.166#52.63#26.17#21.2
-153.128,65.169#52.33#26.17#21.5
-152.998,65.172#52.03#26.17#21.8
-152.868,65.1748#51.75#26.19#22.06
-152.738,65.1774#51.46#26.2#22.34
-152.608,65.18#51.17#26.21#22.62
-152.477,65.1824#50.89#26.23#22.88
-152.347,65.1847#50.62#26.28#23.1
-152.217,65.1869#50.35#26.32#23.33
-152.087,65.1889#50.08#26.36#23.56
-151.956,65.1909#49.82#26.42#23.76
-151.826,65.1927#49.59#26.5#23.91
-151.695,65.1944#49.36#26.59#24.05
-151.565,65.1959#49.13#26.67#24.2
-151.435,65.1974#48.91#26.76#24.33
-151.304,65.1987#48.71#26.85#24.44
-151.174,65.1998#48.51#26.94#24.55
-151.043,65.2009#48.31#27.04#24.65
-150.913,65.2018#48.13#27.11#24.76
-150.782,65.2026#47.96#27.18#24.86
-150.652,65.2033#47.79#27.24#24.97
-150.521,65.2039#47.62#27.31#25.07
-150.391,65.2043#47.47#27.35#25.18
-150.26,65.2046#47.32#27.38#25.3
-150.13,65.2048#47.17#27.4#25.43
-149.999,65.2049#47.02#27.43#25.55
-149.869,65.2048#46.89#27.45#25.66
-149.738,65.2046#46.76#27.47#25.77
-149.608,65.2043#46.63#27.48#25.89
-149.477,65.2039#46.51#27.5#25.99
-149.347,65.2033#46.4#27.51#26.09
-149.216,65.2026#46.29#27.52#26.19
-149.086,65.2018#46.18#27.53#26.29
-148.955,65.2009#46.08#27.54#26.38
-148.825,65.1998#45.98#27.54#26.48
-148.694,65.1986#45.89#27.55#26.56
-148.564,65.1973#45.79#27.55#26.66
-148.433,65.1959#45.7#27.56#26.74
-148.303,65.1943#45.61#27.56#26.83
-148.173,65.1927#45.53#27.56#26.91
-148.042,65.1909#45.45#27.57#26.98
-147.912,65.1889#45.37#27.57#27.06
-147.781,65.1869#45.29#27.57#27.14
-147.651,65.1847#45.21#27.58#27.21
-147.521,65.1824#45.14#27.58#27.28
-147.391,65.18#45.07#27.58#27.35
-147.26,65.1774#45#27.59#27.41
-147.13,65.1747#44.93#27.59#27.48
-147,65.1719#44.87#27.59#27.54
-146.87,65.169#44.8#27.59#27.61
-146.74,65.1659#44.74#27.6#27.66
-146.61,65.1628#44.67#27.6#27.73
-146.48,65.1595#44.61#27.6#27.79
-146.35,65.156#44.54#27.6#27.86
-146.22,65.1525#44.47#27.6#27.93
-146.09,65.1488#44.4#27.61#27.99
-145.96,65.145#44.32#27.61#28.07
-145.83,65.1411#44.23#27.61#28.16
-145.7,65.1371#44.14#27.61#28.25
-145.57,65.1329#44.05#27.61#28.34
-145.441,65.1286#43.94#27.62#28.44
-145.311,65.1242#43.81#27.62#28.57
-145.181,65.1197#43.68#27.62#28.7
-145.052,65.115#43.55#27.62#28.83
-144.922,65.1102#43.41#27.62#28.97
-144.793,65.1053#43.25#27.63#29.12
-144.663,65.1003#43.09#27.63#29.28
-144.534,65.0952#42.94#27.63#29.43
-144.405,65.0899#42.76#27.63#29.61
-144.276,65.0845#42.58#27.63#29.79
-144.146,65.079#42.4#27.63#29.97
-144.017,65.0733#42.23#27.64#30.13
-143.888,65.0676#42.03#27.64#30.33
-143.759,65.0617#41.83#27.64#30.53
-143.63,65.0557#41.63#27.64#30.73
-143.501,65.0495#41.43#27.64#30.93
-143.373,65.0433#41.22#27.65#31.13
-143.244,65.0369#41#27.65#31.35
-143.115,65.0304#40.79#27.65#31.56
-142.986,65.0238#40.58#27.65#31.77
-142.858,65.0171#40.36#27.65#31.99
-142.729,65.0102#40.13#27.66#32.21
-142.601,65.0032#39.91#27.66#32.43
-142.473,64.9961#39.7#27.66#32.64
-142.345,64.9889#39.51#27.66#32.83
-142.216,64.9815#39.33#27.66#33.01
-142.088,64.9741#39.14#27.67#33.19
-141.96,64.9665#38.96#27.67#33.37
-141.832,64.9588#38.79#27.67#33.54
-141.705,64.9509#38.61#27.68#33.71
-141.577,64.943#38.43#27.68#33.89
-141.449,64.9349#38.26#27.69#34.05
-141.321,64.9267#38.08#27.7#34.22
-141.194,64.9184#37.9#27.71#34.39
-141.067,64.91#37.72#27.72#34.56
-140.939,64.9014#37.54#27.73#34.73
-159.843,64.9016#61.28#26.1#12.62
-159.716,64.9109#61.39#26.1#12.51
-159.589,64.9201#61.5#26.1#12.4
-159.462,64.9291#61.6#26.1#12.3
-159.334,64.9381#61.66#26.1#12.24
-159.207,64.9469#61.72#26.1#12.18
-159.08,64.9555#61.79#26.1#12.11
-158.952,64.9641#61.85#26.1#12.05
-158.824,64.9726#61.9#26.1#12
-158.696,64.9809#61.95#26.11#11.94
-158.569,64.9891#62#26.11#11.89
-158.441,64.9972#62.03#26.11#11.86
-158.313,65.0052#62.03#26.11#11.86
-158.184,65.013#62.03#26.11#11.86
-158.056,65.0207#62.03#26.11#11.86
-157.928,65.0283#61.98#26.11#11.91
-157.8,65.0358#61.88#26.11#12.01
-157.671,65.0432#61.79#26.11#12.1
-157.543,65.0504#61.69#26.11#12.2
-157.414,65.0575#61.56#26.11#12.33
-157.285,65.0645#61.4#26.12#12.48
-157.157,65.0714#61.25#26.12#12.63
-157.028,65.0782#61.09#26.12#12.79
-156.899,65.0848#60.83#26.12#13.05
-156.77,65.0913#60.55#26.12#13.33
-156.641,65.0977#60.27#26.12#13.61
-156.512,65.104#59.99#26.12#13.89
-156.383,65.1101#59.74#26.12#14.14
-156.253,65.1161#59.5#26.13#14.37
-156.124,65.122#59.26#26.13#14.61
-155.995,65.1278#59.02#26.13#14.85
-155.865,65.1335#58.73#26.13#15.14
-155.736,65.139#58.44#26.13#15.43
-155.606,65.1444#58.14#26.13#15.73
-155.477,65.1497#57.85#26.13#16.02
-155.347,65.1549#57.53#26.14#16.33
-155.217,65.1599#57.21#26.14#16.65
-155.088,65.1648#56.89#26.14#16.97
-154.958,65.1696#56.57#26.14#17.29
-154.828,65.1743#56.25#26.14#17.61
-154.698,65.1788#55.94#26.14#17.92
-154.568,65.1832#55.62#26.15#18.23
-154.438,65.1875#55.31#26.15#18.54
-154.308,65.1917#54.99#26.15#18.86
-154.178,65.1957#54.68#26.15#19.17
-154.048,65.1997#54.37#26.15#19.48
-153.918,65.2035#54.05#26.15#19.8
-153.787,65.2072#53.75#26.16#20.09
-153.657,65.2107#53.44#26.16#20.4
-153.527,65.2141#53.13#26.16#20.71
-153.396,65.2174#52.82#26.16#21.02
-153.266,65.2206#52.52#26.17#21.31
-153.136,65.2237#52.22#26.17#21.61
-153.005,65.2266#51.92#26.18#21.9
-152.875,65.2294#51.64#26.19#22.17
-152.744,65.2321#51.35#26.21#22.44
-152.614,65.2347#51.06#26.22#22.72
-152.483,65.2371#50.78#26.25#22.97
-152.353,65.2394#50.51#26.29#23.2
-152.222,65.2416#50.24#26.34#23.42
-152.091,65.2436#49.97#26.39#23.64
-151.961,65.2456#49.71#26.45#23.84
-151.83,65.2474#49.48#26.53#23.99
-151.699,65.2491#49.25#26.62#24.13
-151.569,65.2506#49.01#26.7#24.29
-151.438,65.2521#48.8#26.79#24.41
-151.307,65.2534#48.6#26.88#24.52
-151.176,65.2546#48.4#26.97#24.63
-151.046,65.2556#48.2#27.06#24.74
-150.915,65.2566#48.02#27.13#24.85
-150.784,65.2574#47.85#27.2#24.95
-150.653,65.2581#47.68#27.26#25.06
-150.522,65.2586#47.51#27.32#25.17
-150.392,65.2591#47.35#27.35#25.3
-150.261,65.2594#47.2#27.38#25.42
-150.13,65.2596#47.06#27.41#25.53
-149.999,65.2596#46.91#27.44#25.65
-149.868,65.2596#46.78#27.45#25.77
-149.738,65.2594#46.65#27.47#25.88
-149.607,65.2591#46.52#27.49#25.99
-149.476,65.2586#46.4#27.5#26.1
-149.345,65.2581#46.29#27.51#26.2
-149.214,65.2574#46.18#27.52#26.3
-149.084,65.2566#46.08#27.53#26.39
-148.953,65.2556#45.97#27.53#26.5
-148.822,65.2546#45.88#27.54#26.58
-148.691,65.2534#45.78#27.55#26.67
-148.561,65.2521#45.69#27.55#26.76
-148.43,65.2506#45.6#27.56#26.84
-148.299,65.2491#45.51#27.56#26.93
-148.168,65.2474#45.43#27.56#27.01
-148.038,65.2456#45.34#27.57#27.09
-147.907,65.2436#45.27#27.57#27.16
-147.776,65.2416#45.19#27.57#27.24
-147.646,65.2394#45.12#27.58#27.3
-147.515,65.2371#45.04#27.58#27.38
-147.385,65.2346#44.97#27.58#27.45
-147.254,65.2321#44.91#27.58#27.51
-147.124,65.2294#44.84#27.59#27.57
-146.993,65.2266#44.77#27.59#27.64
-146.863,65.2236#44.71#27.59#27.7
-146.732,65.2206#44.64#27.59#27.77
-146.602,65.2174#44.58#27.59#27.83
-146.472,65.2141#44.52#27.6#27.88
-146.341,65.2107#44.45#27.6#27.95
-146.211,65.2071#44.38#27.6#28.02
-146.081,65.2034#44.31#27.6#28.09
-145.951,65.1996#44.24#27.6#28.16
-145.821,65.1957#44.15#27.61#28.24
-145.69,65.1916#44.06#27.61#28.33
-145.56,65.1875#43.97#27.61#28.42
-145.43,65.1832#43.86#27.61#28.53
-145.3,65.1788#43.73#27.61#28.66
-145.17,65.1742#43.61#27.62#28.77
-145.041,65.1695#43.48#27.62#28.9
-144.911,65.1647#43.34#27.62#29.04
-144.781,65.1598#43.18#27.62#29.2
-144.651,65.1548#43.03#27.62#29.35
-144.522,65.1496#42.87#27.63#29.5
-144.392,65.1443#42.7#27.63#29.67
-144.263,65.1389#42.52#27.63#29.85
-144.133,65.1334#42.34#27.63#30.03
-144.004,65.1277#42.16#27.63#30.21
-143.874,65.122#41.96#27.64#30.4
-143.745,65.1161#41.76#27.64#30.6
-143.616,65.11#41.56#27.64#30.8
-143.487,65.1039#41.36#27.64#31
-143.358,65.0976#41.15#27.64#31.21
-143.228,65.0912#40.94#27.65#31.41
-143.1,65.0847#40.72#27.65#31.63
-142.971,65.0781#40.51#27.65#31.84
-142.842,65.0713#40.29#27.65#32.06
-142.713,65.0645#40.07#27.65#32.28
-142.584,65.0575#39.85#27.66#32.49
-142.456,65.0503#39.64#27.66#32.7
-142.327,65.0431#39.46#27.66#32.88
-142.199,65.0357#39.28#27.66#33.06
-142.07,65.0282#39.09#27.66#33.25
-141.942,65.0206#38.91#27.67#33.42
-141.814,65.0129#38.74#27.67#33.59
-141.686,65.0051#38.56#27.68#33.76
-141.558,64.9971#38.38#27.68#33.94
-141.43,64.989#38.21#27.69#34.1
-141.302,64.9808#38.03#27.7#34.27
-141.174,64.9725#37.85#27.71#34.44
-141.047,64.964#37.67#27.72#34.61
-140.919,64.9554#37.49#27.74#34.77
-140.791,64.9468#37.31#27.76#34.93
-140.664,64.9379#37.13#27.78#35.09
-140.537,64.929#36.95#27.81#35.24
-140.409,64.92#36.76#27.83#35.41
-140.282,64.9108#36.58#27.86#35.56
-140.155,64.9015#36.39#27.89#35.72
-160.5,64.9072#60.15#26.1#13.75
-160.374,64.9171#60.33#26.1#13.57
-160.247,64.9268#60.51#26.1#13.39
-160.12,64.9365#60.69#26.1#13.21
-159.992,64.9461#60.85#26.1#13.05
-159.865,64.9555#60.97#26.1#12.93
-159.738,64.9648#61.08#26.1#12.82
-159.611,64.974#61.18#26.1#12.72
-159.483,64.9831#61.29#26.1#12.61
-159.355,64.992#61.36#26.1#12.54
-159.228,65.0008#61.43#26.1#12.47
-159.1,65.0096#61.51#26.1#12.39
-158.972,65.0181#61.59#26.1#12.31
-158.844,65.0266#61.64#26.1#12.26
-158.716,65.035#61.7#26.1#12.2
-158.588,65.0432#61.75#26.1#12.15
-158.46,65.0513#61.79#26.11#12.1
-158.331,65.0593#61.79#26.11#12.1
-158.203,65.0671#61.8#26.11#12.09
-158.074,65.0749#61.8#26.11#12.09
-157.946,65.0825#61.77#26.11#12.12
-157.817,65.09#61.67#26.11#12.22
-157.688,65.0974#61.57#26.11#12.32
-157.56,65.1047#61.48#26.11#12.41
-157.431,65.1118#61.35#26.11#12.54
-157.302,65.1188#61.18#26.11#12.71
-157.173,65.1257#61.01#26.12#12.87
-157.044,65.1325#60.84#26.12#13.04
-156.915,65.1391#60.6#26.12#13.28
-156.785,65.1457#60.33#26.12#13.55
-156.656,65.1521#60.06#26.12#13.82
-156.527,65.1583#59.8#26.12#14.08
-156.397,65.1645#59.56#26.12#14.32
-156.268,65.1705#59.33#26.12#14.55
-156.138,65.1764#59.1#26.13#14.77
-156.008,65.1822#58.87#26.13#15
-155.879,65.1879#58.58#26.13#15.29
-155.749,65.1934#58.3#26.13#15.57
-155.619,65.1989#58.01#26.13#15.86
-155.489,65.2042#57.72#26.13#16.15
-155.359,65.2093#57.4#26.13#16.47
-155.229,65.2144#57.09#26.14#16.77
-155.099,65.2193#56.77#26.14#17.09
-154.969,65.2241#56.46#26.14#17.4
-154.839,65.2288#56.14#26.14#17.72
-154.709,65.2334#55.83#26.14#18.03
-154.578,65.2378#55.52#26.14#18.34
-154.448,65.2421#55.2#26.15#18.65
-154.318,65.2463#54.89#26.15#18.96
-154.187,65.2503#54.57#26.15#19.28
-154.057,65.2543#54.26#26.15#19.59
-153.926,65.2581#53.95#26.15#19.9
-153.796,65.2618#53.64#26.15#20.21
-153.665,65.2653#53.33#26.16#20.51
-153.535,65.2688#53.02#26.16#20.82
-153.404,65.2721#52.72#26.16#21.12
-153.273,65.2753#52.42#26.17#21.41
-153.143,65.2783#52.12#26.17#21.71
-153.012,65.2813#51.81#26.18#22.01
-152.881,65.2841#51.52#26.19#22.29
-152.75,65.2868#51.24#26.21#22.55
-152.62,65.2893#50.95#26.23#22.82
-152.489,65.2918#50.66#26.26#23.08
-152.358,65.2941#50.39#26.31#23.3
-152.227,65.2963#50.13#26.36#23.51
-152.096,65.2984#49.86#26.41#23.73
-151.965,65.3003#49.6#26.48#23.92
-151.834,65.3021#49.37#26.56#24.07
-151.703,65.3038#49.13#26.65#24.22
-151.572,65.3054#48.9#26.74#24.36
-151.441,65.3068#48.69#26.82#24.49
-151.31,65.3081#48.49#26.91#24.6
-151.179,65.3093#48.29#27#24.71
-151.048,65.3104#48.09#27.09#24.82
-150.917,65.3113#47.91#27.16#24.93
-150.786,65.3121#47.74#27.21#25.05
-150.655,65.3128#47.57#27.27#25.16
-150.524,65.3134#47.4#27.33#25.27
-150.393,65.3138#47.24#27.36#25.4
-150.261,65.3141#47.09#27.39#25.52
-150.13,65.3143#46.94#27.42#25.64
-149.999,65.3144#46.8#27.44#25.76
-149.868,65.3143#46.67#27.46#25.87
-149.737,65.3141#46.54#27.47#25.99
-149.606,65.3138#46.42#27.49#26.09
-149.475,65.3134#46.29#27.5#26.21
-149.344,65.3128#46.18#27.51#26.31
-149.213,65.3121#46.08#27.52#26.4
-149.081,65.3113#45.97#27.53#26.5
-148.95,65.3104#45.87#27.53#26.6
-148.819,65.3093#45.77#27.54#26.69
-148.688,65.3081#45.68#27.54#26.78
-148.557,65.3068#45.58#27.55#26.87
-148.426,65.3054#45.49#27.55#26.96
-148.295,65.3038#45.41#27.56#27.03
-148.164,65.3021#45.33#27.56#27.11
-148.033,65.3003#45.24#27.56#27.2
-147.902,65.2983#45.17#27.57#27.26
-147.771,65.2963#45.09#27.57#27.34
-147.64,65.2941#45.02#27.57#27.41
-147.51,65.2918#44.94#27.58#27.48
-147.379,65.2893#44.88#27.58#27.54
-147.248,65.2868#44.81#27.58#27.61
-147.117,65.2841#44.74#27.58#27.68
-146.986,65.2812#44.68#27.59#27.73
-146.856,65.2783#44.61#27.59#27.8
-146.725,65.2752#44.55#27.59#27.86
-146.594,65.272#44.49#27.59#27.92
-146.464,65.2687#44.43#27.59#27.98
-146.333,65.2653#44.36#27.6#28.04
-146.202,65.2617#44.29#27.6#28.11
-146.072,65.258#44.23#27.6#28.17
-145.941,65.2542#44.15#27.6#28.25
-145.811,65.2503#44.06#27.6#28.34
-145.681,65.2462#43.97#27.61#28.42
-145.55,65.242#43.89#27.61#28.5
-145.42,65.2377#43.78#27.61#28.61
-145.29,65.2333#43.65#27.61#28.74
-145.159,65.2287#43.53#27.61#28.86
-145.029,65.2241#43.41#27.62#28.97
-144.899,65.2193#43.26#27.62#29.12
-144.769,65.2143#43.11#27.62#29.27
-144.639,65.2093#42.96#27.62#29.42
-144.509,65.2041#42.8#27.62#29.58
-144.379,65.1988#42.63#27.63#29.74
-144.25,65.1934#42.45#27.63#29.92
-144.12,65.1878#42.27#27.63#30.1
-143.99,65.1822#42.09#27.63#30.28
-143.86,65.1764#41.89#27.63#30.48
-143.731,65.1705#41.69#27.64#30.67
-143.601,65.1644#41.49#27.64#30.87
-143.472,65.1583#41.29#27.64#31.07
-143.342,65.152#41.08#27.64#31.28
-143.213,65.1456#40.87#27.64#31.49
-143.084,65.139#40.66#27.65#31.69
-142.955,65.1324#40.44#27.65#31.91
-142.826,65.1256#40.23#27.65#32.12
-142.697,65.1187#40.01#27.65#32.34
-142.568,65.1117#39.79#27.65#32.56
-142.439,65.1046#39.59#27.66#32.75
-142.31,65.0973#39.41#27.66#32.93
-142.181,65.0899#39.23#27.66#33.11
-142.053,65.0824#39.05#27.66#33.29
-141.924,65.0748#38.87#27.67#33.46
-141.795,65.0671#38.69#27.67#33.64
-141.667,65.0592#38.51#27.68#33.81
-141.539,65.0512#38.34#27.68#33.98
-141.411,65.0431#38.16#27.69#34.15
-141.282,65.0349#37.98#27.7#34.32
-141.154,65.0265#37.8#27.72#34.48
-141.026,65.018#37.63#27.73#34.64
-140.898,65.0094#37.45#27.75#34.8
-140.771,65.0007#37.27#27.77#34.96
-140.643,64.9919#37.08#27.79#35.13
-140.515,64.9829#36.9#27.82#35.28
-140.388,64.9739#36.72#27.85#35.43
-140.26,64.9647#36.53#27.88#35.59
-140.133,64.9554#36.35#27.91#35.74
-140.006,64.9459#36.16#27.94#35.9
-139.879,64.9364#35.98#27.97#36.05
-139.752,64.9267#35.79#28#36.21
-139.625,64.9169#35.6#28.03#36.37
-139.498,64.907#35.41#28.06#36.53
-161.158,64.9095#58.7#26.09#15.21
-161.031,64.92#58.92#26.09#14.99
-160.905,64.9304#59.16#26.09#14.75
-160.778,64.9407#59.4#26.09#14.51
-160.651,64.9509#59.64#26.09#14.27
-160.524,64.9609#59.87#26.09#14.04
-160.397,64.9708#60.05#26.1#13.85
-160.27,64.9807#60.22#26.1#13.68
-160.142,64.9903#60.38#26.1#13.52
-160.015,64.9999#60.55#26.1#13.35
-159.887,65.0094#60.66#26.1#13.24
-159.76,65.0187#60.76#26.1#13.14
-159.632,65.0279#60.87#26.1#13.03
-159.504,65.037#60.97#26.1#12.93
-159.376,65.046#61.05#26.1#12.85
-159.249,65.0548#61.14#26.1#12.76
-159.12,65.0636#61.23#26.1#12.67
-158.992,65.0722#61.33#26.1#12.57
-158.864,65.0807#61.38#26.1#12.52
-158.736,65.089#61.44#26.1#12.46
-158.607,65.0973#61.5#26.1#12.4
-158.479,65.1054#61.55#26.1#12.35
-158.35,65.1134#61.55#26.11#12.34
-158.221,65.1213#61.56#26.11#12.33
-158.093,65.1291#61.58#26.11#12.31
-157.964,65.1367#61.56#26.11#12.33
-157.835,65.1442#61.46#26.11#12.43
-157.706,65.1516#61.35#26.11#12.54
-157.577,65.1589#61.25#26.11#12.64
-157.448,65.1661#61.12#26.11#12.77
-157.318,65.1731#60.95#26.11#12.94
-157.189,65.18#60.79#26.11#13.1
-157.06,65.1868#60.63#26.12#13.25
-156.93,65.1935#60.41#26.12#13.47
-156.801,65.2#60.15#26.12#13.73
-156.671,65.2064#59.89#26.12#13.99
-156.541,65.2127#59.63#26.12#14.25
-156.412,65.2189#59.39#26.12#14.49
-156.282,65.2249#59.16#26.12#14.72
-156.152,65.2309#58.94#26.12#14.94
-156.022,65.2367#58.71#26.13#15.16
-155.892,65.2424#58.44#26.13#15.43
-155.762,65.2479#58.15#26.13#15.72
-155.632,65.2533#57.87#26.13#16
-155.502,65.2587#57.59#26.13#16.28
-155.371,65.2638#57.28#26.13#16.59
-155.241,65.2689#56.97#26.13#16.9
-155.111,65.2738#56.66#26.14#17.2
-154.98,65.2787#56.35#26.14#17.51
-154.85,65.2834#56.03#26.14#17.83
-154.719,65.2879#55.72#26.14#18.14
-154.589,65.2924#55.41#26.14#18.45
-154.458,65.2967#55.1#26.14#18.76
-154.328,65.3009#54.78#26.15#19.07
-154.197,65.3049#54.47#26.15#19.38
-154.066,65.3089#54.15#26.15#19.7
-153.935,65.3127#53.84#26.15#20.01
-153.805,65.3164#53.54#26.15#20.31
-153.674,65.32#53.23#26.15#20.62
-153.543,65.3234#52.92#26.16#20.92
-153.412,65.3267#52.62#26.16#21.22
-153.281,65.3299#52.31#26.17#21.52
-153.15,65.333#52.01#26.17#21.82
-153.019,65.336#51.71#26.18#22.11
-152.888,65.3388#51.41#26.2#22.39
-152.757,65.3415#51.13#26.22#22.65
-152.626,65.344#50.84#26.24#22.92
-152.494,65.3465#50.55#26.27#23.18
-152.363,65.3488#50.28#26.32#23.4
-152.232,65.351#50.01#26.38#23.61
-152.101,65.3531#49.75#26.44#23.81
-151.97,65.355#49.49#26.5#24.01
-151.838,65.3568#49.26#26.59#24.15
-151.707,65.3585#49.02#26.68#24.3
-151.576,65.3601#48.79#26.77#24.44
-151.444,65.3616#48.57#26.86#24.57
-151.313,65.3629#48.38#26.94#24.68
-151.182,65.3641#48.18#27.03#24.79
-151.05,65.3651#47.98#27.11#24.91
-150.919,65.3661#47.8#27.18#25.02
-150.788,65.3669#47.63#27.23#25.14
-150.656,65.3676#47.46#27.29#25.25
-150.525,65.3681#47.28#27.34#25.38
-150.393,65.3686#47.13#27.37#25.5
-150.262,65.3689#46.98#27.4#25.62
-150.131,65.3691#46.83#27.42#25.75
-149.999,65.3691#46.68#27.45#25.87
-149.868,65.3691#46.56#27.46#25.98
-149.736,65.3689#46.43#27.48#26.09
-149.605,65.3686#46.31#27.49#26.2
-149.474,65.3681#46.18#27.5#26.32
-149.342,65.3676#46.08#27.51#26.41
-149.211,65.3669#45.97#27.52#26.51
-149.079,65.3661#45.86#27.53#26.61
-148.948,65.3651#45.76#27.53#26.71
-148.817,65.364#45.67#27.54#26.79
-148.685,65.3629#45.57#27.54#26.89
-148.554,65.3615#45.48#27.55#26.97
-148.423,65.3601#45.39#27.55#27.06
-148.291,65.3585#45.31#27.56#27.13
-148.16,65.3568#45.23#27.56#27.21
-148.029,65.355#45.14#27.56#27.3
-147.897,65.3531#45.07#27.57#27.36
-147.766,65.351#44.99#27.57#27.44
-147.635,65.3488#44.92#27.57#27.51
-147.504,65.3465#44.85#27.57#27.58
-147.373,65.344#44.78#27.58#27.64
-147.242,65.3414#44.71#27.58#27.71
-147.11,65.3387#44.65#27.58#27.77
-146.979,65.3359#44.58#27.58#27.84
-146.848,65.333#44.52#27.59#27.89
-146.717,65.3299#44.46#27.59#27.95
-146.586,65.3267#44.4#27.59#28.01
-146.455,65.3234#44.33#27.59#28.08
-146.325,65.3199#44.27#27.59#28.14
-146.194,65.3164#44.2#27.6#28.2
-146.063,65.3127#44.14#27.6#28.26
-145.932,65.3088#44.06#27.6#28.34
-145.801,65.3049#43.98#27.6#28.42
-145.671,65.3008#43.89#27.6#28.51
-145.54,65.2966#43.81#27.61#28.58
-145.409,65.2923#43.7#27.61#28.69
-145.279,65.2879#43.58#27.61#28.81
-145.148,65.2833#43.46#27.61#28.93
-145.018,65.2786#43.34#27.61#29.05
-144.888,65.2738#43.19#27.62#29.19
-144.757,65.2688#43.04#27.62#29.34
-144.627,65.2638#42.89#27.62#29.49
-144.497,65.2586#42.73#27.62#29.65
-144.367,65.2533#42.56#27.62#29.82
-144.236,65.2478#42.38#27.63#29.99
-144.106,65.2423#42.2#27.63#30.17
-143.976,65.2366#42.02#27.63#30.35
-143.846,65.2308#41.83#27.63#30.54
-143.717,65.2249#41.63#27.63#30.74
-143.587,65.2188#41.43#27.64#30.93
-143.457,65.2126#41.23#27.64#31.13
-143.327,65.2063#41.02#27.64#31.34
-143.198,65.1999#40.8#27.64#31.56
-143.068,65.1934#40.59#27.64#31.77
-142.939,65.1867#40.38#27.64#31.98
-142.809,65.1799#40.17#27.65#32.18
-142.68,65.173#39.95#27.65#32.4
-142.551,65.166#39.74#27.65#32.61
-142.422,65.1588#39.54#27.65#32.81
-142.292,65.1515#39.36#27.66#32.98
-142.163,65.1441#39.18#27.66#33.16
-142.035,65.1366#39#27.66#33.34
-141.906,65.129#38.82#27.66#33.52
-141.777,65.1212#38.64#27.67#33.69
-141.648,65.1133#38.46#27.68#33.86
-141.52,65.1053#38.29#27.68#34.03
-141.391,65.0972#38.11#27.69#34.2
-141.263,65.0889#37.93#27.71#34.36
-141.134,65.0806#37.76#27.72#34.52
-141.006,65.0721#37.58#27.73#34.69
-140.878,65.0635#37.4#27.76#34.84
-140.75,65.0547#37.22#27.78#35
-140.622,65.0459#37.04#27.81#35.15
-140.494,65.0369#36.86#27.83#35.31
-140.366,65.0278#36.67#27.86#35.47
-140.239,65.0186#36.49#27.89#35.62
-140.111,65.0092#36.3#27.92#35.78
-139.983,64.9998#36.12#27.95#35.93
-139.856,64.9902#35.93#27.98#36.09
-139.729,64.9805#35.74#28.01#36.25
-139.602,64.9707#35.56#28.04#36.4
-139.475,64.9608#35.37#28.07#36.56
-139.348,64.9507#35.18#28.1#36.72
-139.221,64.9406#34.99#28.12#36.89
-139.094,64.9303#34.8#28.14#37.06
-138.967,64.9199#34.61#28.17#37.22
-138.841,64.9094#34.41#28.18#37.41
-161.815,64.9086#57.37#26.09#16.54
-161.689,64.9198#57.6#26.09#16.31
-161.563,64.9308#57.83#26.09#16.08
-161.436,64.9417#58.06#26.09#15.85
-161.309,64.9525#58.28#26.09#15.63
-161.183,64.9631#58.5#26.09#15.41
-161.056,64.9737#58.72#26.09#15.19
-160.929,64.9841#58.94#26.09#14.97
-160.802,64.9944#59.17#26.09#14.74
-160.675,65.0046#59.38#26.09#14.53
-160.548,65.0147#59.59#26.09#14.32
-160.42,65.0246#59.77#26.09#14.14
-160.293,65.0345#59.93#26.1#13.97
-160.165,65.0442#60.09#26.1#13.81
-160.037,65.0538#60.24#26.1#13.66
-159.91,65.0633#60.35#26.1#13.55
-159.782,65.0726#60.45#26.1#13.45
-159.654,65.0818#60.55#26.1#13.35
-159.526,65.091#60.65#26.1#13.25
-159.398,65.0999#60.74#26.1#13.16
-159.269,65.1088#60.84#26.1#13.06
-159.141,65.1176#60.95#26.1#12.95
-159.013,65.1262#61.06#26.1#12.84
-158.884,65.1347#61.12#26.1#12.78
-158.755,65.1431#61.18#26.1#12.72
-158.627,65.1514#61.24#26.1#12.66
-158.498,65.1595#61.29#26.1#12.61
-158.369,65.1676#61.3#26.1#12.6
-158.24,65.1755#61.3#26.11#12.59
-158.111,65.1832#61.31#26.11#12.58
-157.982,65.1909#61.3#26.11#12.59
-157.853,65.1984#61.2#26.11#12.69
-157.723,65.2059#61.1#26.11#12.79
-157.594,65.2132#61#26.11#12.89
-157.465,65.2203#60.88#26.11#13.01
-157.335,65.2274#60.73#26.11#13.16
-157.205,65.2343#60.57#26.11#13.32
-157.076,65.2411#60.42#26.11#13.47
-156.946,65.2478#60.22#26.12#13.66
-156.816,65.2543#59.96#26.12#13.92
-156.686,65.2608#59.71#26.12#14.17
-156.556,65.2671#59.46#26.12#14.42
-156.426,65.2733#59.22#26.12#14.66
-156.296,65.2794#59#26.12#14.88
-156.166,65.2853#58.77#26.12#15.11
-156.036,65.2911#58.55#26.12#15.33
-155.905,65.2968#58.29#26.13#15.58
-155.775,65.3024#58.01#26.13#15.86
-155.645,65.3078#57.73#26.13#16.14
-155.514,65.3132#57.46#26.13#16.41
-155.384,65.3184#57.15#26.13#16.72
-155.253,65.3234#56.85#26.13#17.02
-155.122,65.3284#56.54#26.13#17.33
-154.992,65.3332#56.23#26.14#17.63
-154.861,65.3379#55.92#26.14#17.94
-154.73,65.3425#55.61#26.14#18.25
-154.599,65.3469#55.3#26.14#18.56
-154.468,65.3513#54.99#26.14#18.87
-154.338,65.3555#54.67#26.14#19.19
-154.207,65.3596#54.36#26.15#19.49
-154.076,65.3635#54.05#26.15#19.8
-153.944,65.3673#53.74#26.15#20.11
-153.813,65.371#53.43#26.15#20.42
-153.682,65.3746#53.12#26.15#20.73
-153.551,65.3781#52.82#26.15#21.03
-153.42,65.3814#52.51#26.16#21.33
-153.289,65.3846#52.21#26.17#21.62
-153.157,65.3877#51.9#26.17#21.93
-153.026,65.3907#51.6#26.18#22.22
-152.895,65.3935#51.3#26.2#22.5
-152.763,65.3962#51.01#26.23#22.76
-152.632,65.3988#50.72#26.25#23.03
-152.5,65.4012#50.43#26.28#23.29
-152.369,65.4035#50.17#26.34#23.49
-152.237,65.4057#49.9#26.4#23.7
-152.106,65.4078#49.64#26.46#23.9
-151.974,65.4098#49.38#26.53#24.09
