-152.15,65.9009#48.63#26.72#24.65
-152.016,65.9029#48.37#26.81#24.82
-151.881,65.9048#48.13#26.9#24.97
-151.747,65.9065#47.9#26.98#25.12
-151.613,65.9081#47.66#27.07#25.27
-151.478,65.9096#47.43#27.15#25.42
-151.344,65.911#47.24#27.2#25.56
-151.209,65.9122#47.04#27.25#25.71
-151.075,65.9133#46.85#27.3#25.85
-150.941,65.9142#46.66#27.34#26
-150.806,65.9151#46.49#27.36#26.15
-150.672,65.9158#46.32#27.39#26.29
-150.537,65.9164#46.15#27.41#26.44
-150.403,65.9168#45.99#27.43#26.58
-150.268,65.9171#45.85#27.44#26.71
-150.134,65.9173#45.7#27.46#26.84
-149.999,65.9174#45.56#27.47#26.97
-149.865,65.9173#45.44#27.48#27.08
-149.73,65.9171#45.31#27.49#27.2
-149.596,65.9168#45.19#27.49#27.32
-149.461,65.9164#45.08#27.5#27.42
-149.327,65.9158#44.98#27.51#27.51
-149.192,65.9151#44.88#27.51#27.61
-149.058,65.9142#44.77#27.52#27.71
-148.923,65.9133#44.68#27.52#27.8
-148.789,65.9122#44.6#27.52#27.88
-148.654,65.9109#44.51#27.53#27.96
-148.52,65.9096#44.42#27.53#28.05
-148.386,65.9081#44.35#27.53#28.12
-148.251,65.9065#44.27#27.54#28.19
-148.117,65.9048#44.2#27.54#28.26
-147.982,65.9029#44.12#27.54#28.34
-147.848,65.9009#44.06#27.54#28.4
-154.439,65.9021#53.57#26.13#20.3
-154.305,65.9063#53.27#26.13#20.6
-154.171,65.9103#52.97#26.13#20.9
-154.037,65.9143#52.67#26.13#21.2
-153.903,65.9181#52.36#26.14#21.5
-153.769,65.9217#52.05#26.15#21.8
-153.634,65.9253#51.74#26.15#22.11
-153.5,65.9287#51.43#26.16#22.41
-153.366,65.932#51.12#26.19#22.69
-153.231,65.9351#50.8#26.21#22.99
-153.097,65.9382#50.49#26.24#23.27
-152.962,65.9411#50.18#26.28#23.54
-152.828,65.9438#49.89#26.35#23.76
-152.694,65.9465#49.6#26.41#23.99
-152.559,65.949#49.31#26.48#24.21
-152.424,65.9514#49.03#26.56#24.41
-152.29,65.9536#48.77#26.66#24.57
-152.155,65.9558#48.51#26.75#24.74
-152.021,65.9578#48.25#26.84#24.91
-151.886,65.9596#48.02#26.93#25.05
-151.751,65.9614#47.78#27.01#25.21
-151.617,65.963#47.55#27.09#25.36
-151.482,65.9645#47.32#27.17#25.51
-151.347,65.9658#47.12#27.22#25.66
-151.212,65.9671#46.93#27.27#25.8
-151.078,65.9682#46.73#27.31#25.96
-150.943,65.9691#46.55#27.35#26.1
-150.808,65.97#46.37#27.37#26.26
-150.673,65.9707#46.2#27.39#26.41
-150.538,65.9713#46.03#27.42#26.55
-150.404,65.9717#45.88#27.43#26.69
-150.269,65.972#45.73#27.45#26.82
-150.134,65.9722#45.59#27.46#26.95
-149.999,65.9723#45.44#27.47#27.09
-149.864,65.9722#45.32#27.48#27.2
-149.73,65.972#45.2#27.49#27.31
-149.595,65.9717#45.08#27.49#27.43
-149.46,65.9712#44.97#27.5#27.53
-149.325,65.9707#44.87#27.51#27.62
-149.19,65.97#44.76#27.51#27.73
-149.056,65.9691#44.66#27.51#27.83
-148.921,65.9681#44.57#27.52#27.91
-148.786,65.967#44.49#27.52#27.99
-148.651,65.9658#44.4#27.53#28.07
-148.517,65.9645#44.32#27.53#28.15
-148.382,65.963#44.24#27.53#28.23
-148.247,65.9614#44.17#27.53#28.3
-148.112,65.9596#44.09#27.54#28.37
-147.978,65.9577#44.02#27.54#28.44
-147.843,65.9557#43.95#27.54#28.51
-147.708,65.9536#43.89#27.54#28.57
-147.574,65.9514#43.82#27.55#28.63
-147.439,65.949#43.76#27.55#28.69
-147.305,65.9465#43.7#27.55#28.75
-147.17,65.9438#43.64#27.55#28.81
-147.036,65.941#43.59#27.55#28.86
-146.901,65.9381#43.53#27.56#28.91
-146.767,65.9351#43.48#27.56#28.96
-146.633,65.9319#43.42#27.56#29.02
-146.498,65.9287#43.37#27.56#29.07
-146.364,65.9252#43.32#27.56#29.12
-146.23,65.9217#43.27#27.57#29.16
-146.096,65.918#43.22#27.57#29.21
-145.961,65.9142#43.16#27.57#29.27
-145.827,65.9103#43.1#27.57#29.33
-145.693,65.9062#43.04#27.57#29.39
-145.559,65.902#42.98#27.58#29.44
-155.924,65.9022#56.37#26.11#17.52
-155.79,65.9078#56.14#26.11#17.75
-155.656,65.9133#55.92#26.12#17.96
-155.523,65.9186#55.69#26.12#18.19
-155.389,65.9239#55.43#26.12#18.45
-155.255,65.929#55.16#26.12#18.72
-155.121,65.9339#54.9#26.12#18.98
-154.987,65.9388#54.63#26.12#19.25
-154.852,65.9435#54.33#26.12#19.55
-154.718,65.948#54.04#26.12#19.84
-154.584,65.9525#53.75#26.13#20.12
-154.45,65.9568#53.45#26.13#20.42
-154.315,65.961#53.15#26.13#20.72
-154.181,65.9651#52.86#26.13#21.01
-154.046,65.969#52.56#26.13#21.31
-153.912,65.9728#52.26#26.14#21.6
-153.777,65.9765#51.94#26.15#21.91
-153.643,65.9801#51.63#26.15#22.22
-153.508,65.9835#51.32#26.16#22.52
-153.374,65.9868#51.01#26.19#22.8
-153.239,65.9899#50.69#26.22#23.09
-153.104,65.993#50.38#26.25#23.37
-152.969,65.9959#50.07#26.29#23.64
-152.835,65.9987#49.78#26.36#23.86
-152.7,66.0013#49.49#26.44#24.07
-152.565,66.0038#49.19#26.51#24.3
-152.43,66.0062#48.92#26.59#24.49
-152.295,66.0085#48.66#26.69#24.65
-152.16,66.0106#48.4#26.78#24.82
-152.025,66.0126#48.14#26.88#24.98
-151.89,66.0145#47.9#26.96#25.14
-151.755,66.0163#47.67#27.04#25.29
-151.62,66.0179#47.43#27.12#25.45
-151.485,66.0194#47.2#27.2#25.6
-151.35,66.0207#47.01#27.24#25.75
-151.215,66.0219#46.81#27.28#25.91
-151.08,66.023#46.61#27.32#26.07
-150.945,66.024#46.43#27.36#26.21
-150.81,66.0249#46.26#27.38#26.36
-150.675,66.0256#46.09#27.4#26.51
-150.54,66.0262#45.91#27.42#26.67
-150.405,66.0266#45.76#27.44#26.8
-150.269,66.0269#45.62#27.45#26.93
-150.134,66.0271#45.47#27.46#27.07
-149.999,66.0272#45.33#27.47#27.2
-149.864,66.0271#45.21#27.48#27.31
-149.729,66.0269#45.09#27.49#27.42
-149.594,66.0266#44.97#27.49#27.54
-149.459,66.0261#44.85#27.5#27.65
-149.324,66.0256#44.75#27.5#27.75
-149.188,66.0248#44.65#27.51#27.84
-149.053,66.024#44.55#27.51#27.94
-148.918,66.023#44.46#27.52#28.02
-148.783,66.0219#44.38#27.52#28.1
-148.648,66.0207#44.29#27.52#28.19
-148.513,66.0193#44.21#27.53#28.26
-148.378,66.0179#44.14#27.53#28.33
-148.243,66.0162#44.06#27.53#28.41
-148.108,66.0145#43.99#27.53#28.48
-147.973,66.0126#43.92#27.54#28.54
-147.838,66.0106#43.85#27.54#28.61
-147.703,66.0085#43.79#27.54#28.67
-147.568,66.0062#43.72#27.54#28.74
-147.433,66.0038#43.66#27.55#28.79
-147.298,66.0013#43.6#27.55#28.85
-147.164,65.9986#43.55#27.55#28.9
-147.029,65.9959#43.49#27.55#28.96
-146.894,65.9929#43.43#27.55#29.02
-146.759,65.9899#43.38#27.56#29.06
-146.625,65.9867#43.33#27.56#29.11
-146.49,65.9834#43.28#27.56#29.16
-146.355,65.98#43.23#27.56#29.21
-146.221,65.9765#43.18#27.56#29.26
-146.086,65.9728#43.13#27.57#29.3
-145.952,65.969#43.07#27.57#29.36
-145.817,65.965#43.02#27.57#29.41
-145.683,65.961#42.96#27.57#29.47
-145.549,65.9568#42.9#27.57#29.53
-145.414,65.9524#42.82#27.58#29.6
-145.28,65.948#42.73#27.58#29.69
-145.146,65.9434#42.65#27.58#29.77
-145.012,65.9387#42.56#27.58#29.86
-144.878,65.9339#42.43#27.58#29.99
-144.744,65.9289#42.31#27.58#30.11
-144.61,65.9238#42.18#27.59#30.23
-144.476,65.9186#42.04#27.59#30.37
-144.342,65.9132#41.88#27.59#30.53
-144.208,65.9078#41.72#27.59#30.69
-144.074,65.9022#41.56#27.59#30.85
-157.141,65.9006#57.75#26.1#16.15
-157.008,65.9073#57.66#26.11#16.23
-156.874,65.914#57.49#26.11#16.4
-156.741,65.9205#57.32#26.11#16.57
-156.607,65.9268#57.15#26.11#16.74
-156.473,65.9331#56.99#26.11#16.9
-156.34,65.9392#56.8#26.11#17.09
-156.206,65.9452#56.61#26.11#17.28
-156.072,65.9511#56.42#26.11#17.47
-155.938,65.9568#56.22#26.11#17.67
-155.804,65.9624#55.99#26.11#17.9
-155.67,65.9679#55.77#26.12#18.11
-155.535,65.9733#55.55#26.12#18.33
-155.401,65.9785#55.3#26.12#18.58
-155.267,65.9836#55.03#26.12#18.85
-155.133,65.9886#54.77#26.12#19.11
-154.998,65.9934#54.5#26.12#19.38
-154.864,65.9982#54.21#26.12#19.67
-154.729,66.0027#53.92#26.12#19.96
-154.595,66.0072#53.63#26.12#20.25
-154.46,66.0115#53.34#26.13#20.53
-154.325,66.0157#53.04#26.13#20.83
-154.191,66.0198#52.75#26.13#21.12
-154.056,66.0238#52.45#26.13#21.42
-153.921,66.0276#52.15#26.14#21.71
-153.786,66.0313#51.84#26.14#22.02
-153.651,66.0348#51.52#26.15#22.33
-153.517,66.0383#51.21#26.16#22.63
-153.382,66.0416#50.89#26.19#22.92
-153.247,66.0448#50.58#26.23#23.19
-153.112,66.0478#50.27#26.26#23.47
-152.976,66.0507#49.96#26.3#23.74
-152.841,66.0535#49.66#26.38#23.96
-152.706,66.0562#49.37#26.46#24.17
-152.571,66.0587#49.08#26.53#24.39
-152.436,66.0611#48.8#26.62#24.58
-152.301,66.0634#48.54#26.72#24.74
-152.165,66.0655#48.29#26.81#24.9
-152.03,66.0675#48.03#26.91#25.06
-151.895,66.0694#47.79#26.99#25.22
-151.76,66.0711#47.55#27.07#25.38
-151.624,66.0728#47.32#27.15#25.53
-151.489,66.0742#47.09#27.22#25.69
-151.353,66.0756#46.89#27.26#25.85
-151.218,66.0768#46.7#27.3#26
-151.083,66.0779#46.5#27.34#26.16
-150.947,66.0789#46.31#27.37#26.32
-150.812,66.0798#46.14#27.39#26.47
-150.676,66.0805#45.97#27.41#26.62
-150.541,66.0811#45.8#27.43#26.77
-150.406,66.0815#45.65#27.44#26.91
-150.27,66.0818#45.5#27.45#27.05
-150.135,66.082#45.36#27.46#27.18
-149.999,66.0821#45.21#27.47#27.32
-149.864,66.082#45.09#27.48#27.43
-149.728,66.0818#44.97#27.49#27.54
-149.593,66.0815#44.85#27.49#27.66
-149.457,66.0811#44.74#27.5#27.76
-149.322,66.0805#44.64#27.5#27.86
-149.186,66.0798#44.54#27.51#27.95
-149.051,66.0789#44.44#27.51#28.05
-148.916,66.0779#44.35#27.52#28.13
-148.78,66.0768#44.27#27.52#28.21
-148.645,66.0756#44.19#27.52#28.29
-148.509,66.0742#44.1#27.52#28.38
-148.374,66.0727#44.03#27.53#28.44
-148.239,66.0711#43.96#27.53#28.51
-148.103,66.0694#43.88#27.53#28.59
-147.968,66.0675#43.81#27.53#28.66
-147.833,66.0655#43.75#27.54#28.71
-147.698,66.0633#43.68#27.54#28.78
-147.562,66.0611#43.62#27.54#28.84
-147.427,66.0587#43.56#27.54#28.9
-147.292,66.0561#43.5#27.55#28.95
-147.157,66.0535#43.45#27.55#29
-147.022,66.0507#43.39#27.55#29.06
-146.887,66.0478#43.34#27.55#29.11
-146.752,66.0447#43.29#27.55#29.16
-146.617,66.0415#43.23#27.56#29.21
-146.482,66.0382#43.18#27.56#29.26
-146.347,66.0348#43.13#27.56#29.31
-146.212,66.0312#43.08#27.56#29.36
-146.077,66.0275#43.04#27.56#29.4
-145.942,66.0237#42.98#27.57#29.45
-145.808,66.0198#42.93#27.57#29.5
-145.673,66.0157#42.87#27.57#29.56
-145.538,66.0115#42.81#27.57#29.62
-145.404,66.0072#42.74#27.57#29.69
-145.269,66.0027#42.65#27.57#29.78
-145.135,65.9981#42.57#27.58#29.85
-145,65.9934#42.48#27.58#29.94
-144.866,65.9885#42.36#27.58#30.06
-144.731,65.9836#42.23#27.58#30.19
-144.597,65.9784#42.1#27.58#30.32
-144.463,65.9732#41.97#27.59#30.44
-144.329,65.9679#41.81#27.59#30.6
-144.195,65.9624#41.65#27.59#30.76
-144.061,65.9567#41.49#27.59#30.92
-143.927,65.951#41.33#27.59#31.08
-143.793,65.9451#41.17#27.6#31.23
-143.659,65.9391#41#27.6#31.4
-143.525,65.933#40.84#27.6#31.56
-143.391,65.9268#40.63#27.6#31.77
-143.258,65.9204#40.42#27.6#31.98
-143.124,65.9139#40.2#27.61#32.19
-142.991,65.9072#39.99#27.61#32.4
-142.857,65.9005#39.81#27.61#32.58
-158.091,65.904#58.03#26.1#15.87
-157.958,65.9117#58#26.1#15.9
-157.825,65.9192#57.93#26.1#15.97
-157.692,65.9266#57.87#26.1#16.03
-157.558,65.9339#57.8#26.1#16.1
-157.425,65.9411#57.72#26.1#16.18
-157.291,65.9481#57.63#26.1#16.27
-157.158,65.955#57.54#26.1#16.36
-157.024,65.9618#57.45#26.1#16.45
-156.89,65.9684#57.3#26.11#16.59
-156.756,65.975#57.14#26.11#16.75
-156.622,65.9814#56.98#26.11#16.91
-156.488,65.9876#56.82#26.11#17.07
-156.354,65.9938#56.63#26.11#17.26
-156.22,65.9998#56.44#26.11#17.45
-156.086,66.0057#56.26#26.11#17.63
-155.952,66.0114#56.06#26.11#17.83
-155.817,66.017#55.84#26.11#18.05
-155.683,66.0226#55.62#26.11#18.27
-155.549,66.0279#55.41#26.12#18.47
-155.414,66.0332#55.16#26.12#18.72
-155.279,66.0383#54.9#26.12#18.98
-155.145,66.0433#54.64#26.12#19.24
-155.01,66.0481#54.38#26.12#19.5
-154.875,66.0529#54.09#26.12#19.79
-154.74,66.0575#53.8#26.12#20.08
-154.606,66.0619#53.51#26.12#20.37
-154.471,66.0663#53.22#26.12#20.66
-154.336,66.0705#52.93#26.13#20.94
-154.201,66.0746#52.64#26.13#21.23
-154.066,66.0785#52.35#26.13#21.52
-153.93,66.0824#52.04#26.13#21.83
-153.795,66.0861#51.73#26.14#22.13
-153.66,66.0896#51.41#26.15#22.44
-153.525,66.0931#51.1#26.16#22.74
-153.39,66.0964#50.78#26.2#23.02
-153.254,66.0996#50.47#26.23#23.3
-153.119,66.1026#50.15#26.27#23.58
-152.984,66.1056#49.84#26.31#23.85
-152.848,66.1083#49.55#26.39#24.06
-152.713,66.111#49.26#26.48#24.26
-152.577,66.1135#48.97#26.56#24.47
-152.442,66.116#48.69#26.65#24.66
-152.306,66.1182#48.43#26.75#24.82
-152.171,66.1204#48.17#26.84#24.99
-152.035,66.1224#47.91#26.94#25.15
-151.899,66.1243#47.67#27.02#25.31
-151.764,66.126#47.44#27.1#25.46
-151.628,66.1277#47.21#27.18#25.61
-151.492,66.1292#46.98#27.25#25.77
-151.357,66.1305#46.78#27.28#25.94
-151.221,66.1318#46.58#27.32#26.1
-151.085,66.1329#46.38#27.35#26.27
-150.949,66.1338#46.19#27.37#26.44
-150.814,66.1347#46.02#27.39#26.59
-150.678,66.1354#45.85#27.41#26.74
-150.542,66.136#45.68#27.43#26.89
-150.406,66.1364#45.53#27.44#27.03
-150.271,66.1368#45.38#27.45#27.17
-150.135,66.137#45.24#27.46#27.3
-149.999,66.137#45.1#27.47#27.43
-149.863,66.1369#44.98#27.48#27.54
-149.728,66.1368#44.86#27.49#27.65
-149.592,66.1364#44.74#27.49#27.77
-149.456,66.136#44.63#27.5#27.87
-149.32,66.1354#44.53#27.5#27.97
-149.185,66.1347#44.43#27.51#28.06
-149.049,66.1338#44.33#27.51#28.16
-148.913,66.1328#44.24#27.51#28.25
-148.777,66.1317#44.16#27.52#28.32
-148.642,66.1305#44.08#27.52#28.4
-148.506,66.1291#44#27.52#28.48
-148.37,66.1276#43.92#27.52#28.56
-148.235,66.126#43.85#27.53#28.62
-148.099,66.1243#43.78#27.53#28.69
-147.963,66.1224#43.71#27.53#28.76
-147.828,66.1203#43.65#27.53#28.82
-147.692,66.1182#43.58#27.54#28.88
-147.557,66.1159#43.52#27.54#28.94
-147.421,66.1135#43.46#27.54#29
-147.286,66.111#43.4#27.54#29.06
-147.15,66.1083#43.35#27.54#29.11
-147.015,66.1055#43.29#27.55#29.16
-146.879,66.1026#43.24#27.55#29.21
-146.744,66.0995#43.19#27.55#29.26
-146.609,66.0964#43.14#27.55#29.31
-146.473,66.093#43.09#27.55#29.36
-146.338,66.0896#43.04#27.56#29.4
-146.203,66.086#42.99#27.56#29.45
-146.068,66.0823#42.94#27.56#29.5
-145.933,66.0785#42.89#27.56#29.55
-145.798,66.0745#42.84#27.56#29.6
-145.663,66.0704#42.78#27.57#29.65
-145.528,66.0662#42.73#27.57#29.7
-145.393,66.0619#42.65#27.57#29.78
-145.258,66.0574#42.57#27.57#29.86
-145.123,66.0528#42.49#27.57#29.94
-144.988,66.0481#42.4#27.58#30.02
-144.854,66.0432#42.28#27.58#30.14
-144.719,66.0382#42.16#27.58#30.26
-144.584,66.0331#42.03#27.58#30.39
-144.45,66.0279#41.89#27.58#30.53
-144.315,66.0225#41.74#27.58#30.68
-144.181,66.017#41.58#27.59#30.83
-144.047,66.0113#41.42#27.59#30.99
-143.912,66.0056#41.26#27.59#31.15
-143.778,65.9997#41.11#27.59#31.3
-143.644,65.9937#40.95#27.59#31.46
-143.51,65.9875#40.79#27.6#31.61
-143.376,65.9813#40.58#27.6#31.82
-143.242,65.9749#40.36#27.6#32.04
-143.108,65.9684#40.14#27.6#32.26
-142.974,65.9617#39.93#27.61#32.46
-142.841,65.9549#39.75#27.61#32.64
-142.707,65.948#39.57#27.62#32.81
-142.573,65.941#39.38#27.62#33
-142.44,65.9338#39.2#27.63#33.17
-142.307,65.9266#39.03#27.64#33.33
-142.173,65.9191#38.86#27.65#33.49
-142.04,65.9116#38.68#27.66#33.66
-141.907,65.9039#38.51#27.67#33.82
-159.042,65.9011#57.74#26.09#16.17
-158.909,65.9096#57.77#26.09#16.14
-158.776,65.9181#57.79#26.1#16.11
-158.643,65.9264#57.81#26.1#16.09
-158.51,65.9346#57.83#26.1#16.07
-158.377,65.9426#57.82#26.1#16.08
-158.244,65.9506#57.81#26.1#16.09
-158.11,65.9584#57.8#26.1#16.1
-157.977,65.9661#57.78#26.1#16.12
-157.843,65.9736#57.72#26.1#16.18
-157.71,65.981#57.66#26.1#16.24
-157.576,65.9883#57.59#26.1#16.31
-157.442,65.9955#57.52#26.1#16.38
-157.309,66.0026#57.43#26.1#16.47
-157.175,66.0095#57.33#26.1#16.57
-157.041,66.0163#57.24#26.1#16.66
-156.906,66.0229#57.1#26.1#16.8
-156.772,66.0295#56.95#26.11#16.94
-156.638,66.0359#56.8#26.11#17.09
-156.504,66.0422#56.65#26.11#17.24
-156.369,66.0483#56.46#26.11#17.43
-156.235,66.0544#56.28#26.11#17.61
-156.1,66.0603#56.1#26.11#17.79
-155.966,66.066#55.9#26.11#17.99
-155.831,66.0717#55.69#26.11#18.2
-155.696,66.0772#55.47#26.11#18.42
-155.562,66.0826#55.26#26.11#18.63
-155.427,66.0878#55.02#26.12#18.86
-155.292,66.093#54.76#26.12#19.12
-155.157,66.098#54.5#26.12#19.38
-155.022,66.1028#54.25#26.12#19.63
-154.887,66.1076#53.96#26.12#19.92
-154.752,66.1122#53.68#26.12#20.2
-154.616,66.1167#53.39#26.12#20.49
-154.481,66.121#53.1#26.12#20.78
-154.346,66.1253#52.81#26.12#21.07
-154.211,66.1294#52.52#26.13#21.35
-154.075,66.1333#52.24#26.13#21.63
-153.94,66.1372#51.94#26.13#21.93
-153.804,66.1409#51.62#26.14#22.24
-153.669,66.1445#51.3#26.16#22.54
-153.533,66.1479#50.98#26.17#22.85
-153.398,66.1512#50.67#26.2#23.13
-153.262,66.1544#50.35#26.24#23.41
-153.126,66.1575#50.04#26.29#23.67
-152.991,66.1604#49.73#26.33#23.94
-152.855,66.1632#49.43#26.42#24.15
-152.719,66.1659#49.14#26.5#24.36
-152.583,66.1684#48.85#26.59#24.56
-152.447,66.1708#48.57#26.68#24.75
-152.312,66.1731#48.31#26.77#24.92
-152.176,66.1753#48.05#26.87#25.08
-152.04,66.1773#47.79#26.97#25.24
-151.904,66.1792#47.55#27.05#25.4
-151.768,66.1809#47.32#27.12#25.56
-151.632,66.1826#47.09#27.19#25.72
-151.496,66.1841#46.85#27.26#25.89
-151.36,66.1854#46.66#27.29#26.05
-151.224,66.1867#46.46#27.32#26.22
-151.088,66.1878#46.26#27.35#26.39
-150.952,66.1888#46.07#27.38#26.55
-150.816,66.1896#45.9#27.4#26.7
-150.68,66.1903#45.73#27.41#26.86
-150.544,66.1909#45.56#27.43#27.01
-150.407,66.1914#45.41#27.44#27.15
-150.271,66.1917#45.26#27.45#27.29
-150.135,66.1919#45.12#27.46#27.42
-149.999,66.1919#44.98#27.47#27.55
-149.863,66.1919#44.86#27.48#27.66
-149.727,66.1917#44.74#27.49#27.77
-149.591,66.1914#44.62#27.49#27.89
-149.455,66.1909#44.51#27.5#27.99
-149.319,66.1903#44.41#27.5#28.09
-149.183,66.1896#44.32#27.5#28.18
-149.047,66.1887#44.22#27.51#28.27
-148.91,66.1878#44.13#27.51#28.36
-148.774,66.1867#44.05#27.51#28.44
-148.638,66.1854#43.97#27.52#28.51
-148.502,66.184#43.89#27.52#28.59
-148.366,66.1825#43.81#27.52#28.67
-148.23,66.1809#43.74#27.52#28.74
-148.094,66.1792#43.67#27.53#28.8
-147.959,66.1773#43.61#27.53#28.86
-147.823,66.1752#43.54#27.53#28.93
-147.687,66.1731#43.48#27.53#28.99
-147.551,66.1708#43.42#27.54#29.04
-147.415,66.1684#43.36#27.54#29.1
-147.279,66.1658#43.3#27.54#29.16
-147.143,66.1632#43.25#27.54#29.21
-147.008,66.1604#43.2#27.54#29.26
-146.872,66.1574#43.14#27.55#29.31
-146.736,66.1544#43.09#27.55#29.36
-146.601,66.1512#43.04#27.55#29.41
-146.465,66.1479#42.99#27.55#29.46
-146.33,66.1444#42.95#27.55#29.5
-146.194,66.1408#42.9#27.56#29.54
-146.059,66.1371#42.85#27.56#29.59
-145.923,66.1333#42.8#27.56#29.64
-145.788,66.1293#42.75#27.56#29.69
-145.652,66.1252#42.7#27.56#29.74
-145.517,66.121#42.65#27.57#29.78
-145.382,66.1166#42.57#27.57#29.86
-145.247,66.1121#42.49#27.57#29.94
-145.112,66.1075#42.41#27.57#30.02
-144.976,66.1028#42.33#27.57#30.1
-144.841,66.0979#42.2#27.57#30.23
-144.706,66.0929#42.08#27.58#30.34
-144.572,66.0878#41.96#27.58#30.46
-144.437,66.0825#41.82#27.58#30.6
-144.302,66.0771#41.66#27.58#30.76
-144.167,66.0716#41.51#27.58#30.91
-144.033,66.066#41.35#27.59#31.06
-143.898,66.0602#41.2#27.59#31.21
-143.763,66.0543#41.05#27.59#31.36
-143.629,66.0483#40.89#27.59#31.52
-143.495,66.0421#40.73#27.59#31.68
-143.36,66.0358#40.52#27.6#31.88
-143.226,66.0294#40.3#27.6#32.1
-143.092,66.0229#40.08#27.6#32.32
-142.958,66.0162#39.88#27.6#32.52
-142.824,66.0094#39.7#27.61#32.69
-142.69,66.0025#39.51#27.61#32.88
-142.556,65.9954#39.33#27.62#33.05
-142.422,65.9883#39.15#27.63#33.22
-142.288,65.9809#38.98#27.64#33.38
-142.155,65.9735#38.81#27.65#33.54
-142.021,65.966#38.63#27.66#33.71
-141.888,65.9583#38.46#27.68#33.86
-141.755,65.9505#38.29#27.7#34.01
-141.621,65.9425#38.12#27.72#34.16
-141.488,65.9345#37.95#27.75#34.3
-141.355,65.9263#37.78#27.78#34.44
-141.222,65.918#37.61#27.81#34.58
-141.089,65.9095#37.44#27.84#34.72
-140.956,65.901#37.27#27.87#34.86
-159.859,65.9011#57.26#26.09#16.65
-159.727,65.9105#57.31#26.09#16.6
-159.594,65.9197#57.36#26.09#16.55
-159.462,65.9288#57.41#26.09#16.5
-159.329,65.9377#57.45#26.09#16.46
-159.196,65.9466#57.49#26.09#16.42
-159.063,65.9553#57.53#26.09#16.38
-158.93,65.9639#57.56#26.09#16.35
-158.797,65.9723#57.58#26.09#16.33
-158.664,65.9807#57.59#26.1#16.31
-158.53,65.9889#57.61#26.1#16.29
-158.397,65.9969#57.61#26.1#16.29
-158.263,66.0049#57.6#26.1#16.3
-158.129,66.0127#57.58#26.1#16.32
-157.996,66.0204#57.57#26.1#16.33
-157.862,66.028#57.51#26.1#16.39
-157.728,66.0354#57.45#26.1#16.45
-157.594,66.0428#57.39#26.1#16.51
-157.46,66.05#57.32#26.1#16.58
-157.326,66.057#57.22#26.1#16.68
-157.192,66.064#57.13#26.1#16.77
-157.057,66.0708#57.03#26.1#16.87
-156.923,66.0775#56.91#26.1#16.99
-156.788,66.084#56.76#26.1#17.14
-156.654,66.0904#56.61#26.11#17.28
-156.519,66.0967#56.47#26.11#17.42
-156.384,66.1029#56.3#26.11#17.59
-156.25,66.1089#56.11#26.11#17.78
-156.115,66.1149#55.93#26.11#17.96
-155.98,66.1207#55.75#26.11#18.14
-155.845,66.1263#55.54#26.11#18.35
-155.71,66.1318#55.32#26.11#18.57
-155.575,66.1372#55.11#26.11#18.78
-155.44,66.1425#54.88#26.11#19.01
-155.304,66.1477#54.63#26.12#19.25
-155.169,66.1527#54.37#26.12#19.51
-155.034,66.1575#54.11#26.12#19.77
-154.898,66.1623#53.84#26.12#20.04
-154.763,66.1669#53.55#26.12#20.33
-154.627,66.1714#53.27#26.12#20.61
-154.492,66.1758#52.99#26.12#20.89
-154.356,66.18#52.7#26.12#21.18
-154.221,66.1841#52.41#26.13#21.46
-154.085,66.1881#52.12#26.13#21.75
-153.949,66.192#51.82#26.14#22.04
-153.813,66.1957#51.5#26.15#22.35
-153.677,66.1993#51.18#26.17#22.65
-153.542,66.2027#50.87#26.18#22.95
-153.406,66.2061#50.55#26.22#23.23
-153.27,66.2093#50.24#26.26#23.5
-153.134,66.2123#49.92#26.31#23.77
-152.998,66.2153#49.61#26.36#24.03
-152.862,66.2181#49.32#26.45#24.23
-152.726,66.2208#49.03#26.53#24.44
-152.589,66.2233#48.73#26.62#24.65
-152.453,66.2257#48.45#26.71#24.84
-152.317,66.228#48.19#26.8#25.01
-152.181,66.2302#47.93#26.9#25.17
-152.045,66.2322#47.67#26.99#25.34
-151.908,66.2341#47.43#27.07#25.5
-151.772,66.2358#47.2#27.14#25.66
-151.636,66.2375#46.96#27.2#25.84
-151.499,66.239#46.73#27.27#26
-151.363,66.2404#46.53#27.3#26.17
-151.227,66.2416#46.34#27.33#26.33
-151.09,66.2427#46.14#27.36#26.5
-150.954,66.2437#45.95#27.38#26.67
-150.818,66.2445#45.78#27.4#26.82
-150.681,66.2453#45.61#27.42#26.97
-150.545,66.2458#45.44#27.43#27.13
-150.408,66.2463#45.29#27.44#27.27
-150.272,66.2466#45.14#27.45#27.41
-150.136,66.2468#45#27.46#27.54
-149.999,66.2469#44.86#27.47#27.67
-149.863,66.2468#44.74#27.48#27.78
-149.726,66.2466#44.62#27.48#27.9
-149.59,66.2463#44.5#27.49#28.01
-149.453,66.2458#44.39#27.49#28.12
-149.317,66.2453#44.3#27.5#28.2
-149.181,66.2445#44.2#27.5#28.3
-149.044,66.2437#44.1#27.51#28.39
-148.908,66.2427#44.02#27.51#28.47
-148.772,66.2416#43.94#27.51#28.55
-148.635,66.2403#43.86#27.51#28.63
-148.499,66.239#43.77#27.52#28.71
-148.363,66.2375#43.71#27.52#28.77
-148.226,66.2358#43.64#27.52#28.84
-148.09,66.2341#43.57#27.52#28.91
-147.954,66.2322#43.5#27.53#28.97
-147.817,66.2301#43.44#27.53#29.03
-147.681,66.228#43.38#27.53#29.09
-147.545,66.2257#43.31#27.53#29.16
-147.409,66.2233#43.26#27.54#29.2
-147.273,66.2207#43.2#27.54#29.26
-147.137,66.218#43.15#27.54#29.31
-147.001,66.2152#43.1#27.54#29.36
-146.865,66.2123#43.05#27.54#29.41
-146.729,66.2092#43#27.55#29.45
-146.593,66.206#42.95#27.55#29.5
-146.457,66.2027#42.9#27.55#29.55
-146.321,66.1992#42.85#27.55#29.6
-146.185,66.1956#42.8#27.55#29.65
-146.049,66.1919#42.76#27.56#29.68
-145.913,66.1881#42.71#27.56#29.73
-145.778,66.1841#42.66#27.56#29.78
-145.642,66.18#42.61#27.56#29.83
-145.506,66.1757#42.56#27.56#29.88
-145.371,66.1714#42.48#27.56#29.96
-145.235,66.1669#42.41#27.57#30.02
-145.1,66.1622#42.33#27.57#30.1
-144.965,66.1575#42.24#27.57#30.19
-144.829,66.1526#42.12#27.57#30.31
-144.694,66.1476#42#27.57#30.43
-144.559,66.1424#41.88#27.58#30.54
-144.424,66.1372#41.75#27.58#30.67
-144.288,66.1318#41.59#27.58#30.83
-144.153,66.1262#41.44#27.58#30.98
-144.018,66.1206#41.29#27.58#31.13
-143.883,66.1148#41.14#27.59#31.27
-143.749,66.1089#40.99#27.59#31.42
-143.614,66.1028#40.84#27.59#31.57
-143.479,66.0967#40.67#27.59#31.74
-143.345,66.0904#40.46#27.59#31.95
-143.21,66.0839#40.24#27.6#32.16
-143.076,66.0774#40.02#27.6#32.38
-142.941,66.0707#39.82#27.6#32.58
-142.807,66.0639#39.64#27.61#32.75
-142.673,66.0569#39.46#27.61#32.93
-142.538,66.0499#39.28#27.62#33.1
-142.404,66.0427#39.1#27.63#33.27
-142.27,66.0354#38.93#27.64#33.43
-142.136,66.0279#38.76#27.65#33.59
-142.003,66.0203#38.58#27.66#33.76
-141.869,66.0126#38.41#27.69#33.9
-141.735,66.0048#38.24#27.71#34.05
-141.602,65.9968#38.07#27.73#34.2
-141.468,65.9888#37.91#27.76#34.33
-141.335,65.9806#37.74#27.79#34.47
-141.202,65.9722#37.57#27.82#34.61
-141.068,65.9638#37.39#27.85#34.76
-140.935,65.9552#37.22#27.88#34.9
-140.802,65.9465#37.05#27.91#35.04
-140.669,65.9376#36.87#27.95#35.18
-140.537,65.9287#36.7#27.98#35.32
-140.404,65.9196#36.52#28#35.48
-140.271,65.9104#36.35#28.03#35.62
-140.139,65.901#36.17#28.05#35.78
-160.545,65.9066#56.57#26.09#17.34
-160.413,65.9165#56.68#26.09#17.23
-160.28,65.9264#56.79#26.09#17.12
-160.148,65.9361#56.89#26.09#17.02
-160.015,65.9457#56.99#26.09#16.92
-159.883,65.9552#57.04#26.09#16.87
-159.75,65.9646#57.1#26.09#16.81
-159.617,65.9738#57.15#26.09#16.76
-159.484,65.9829#57.2#26.09#16.71
-159.351,65.9919#57.24#26.09#16.67
-159.218,66.0008#57.28#26.09#16.63
-159.084,66.0095#57.32#26.09#16.59
-158.951,66.0181#57.34#26.09#16.57
-158.817,66.0266#57.36#26.09#16.55
-158.684,66.0349#57.38#26.09#16.53
-158.55,66.0432#57.4#26.1#16.5
-158.416,66.0513#57.4#26.1#16.5
-158.283,66.0592#57.38#26.1#16.52
-158.149,66.0671#57.36#26.1#16.54
-158.015,66.0748#57.35#26.1#16.55
-157.88,66.0824#57.29#26.1#16.61
-157.746,66.0899#57.23#26.1#16.67
-157.612,66.0972#57.18#26.1#16.72
-157.478,66.1044#57.12#26.1#16.78
-157.343,66.1115#57.02#26.1#16.88
-157.208,66.1184#56.92#26.1#16.98
-157.074,66.1253#56.82#26.1#17.08
-156.939,66.132#56.71#26.1#17.19
-156.804,66.1385#56.57#26.1#17.33
-156.669,66.145#56.43#26.1#17.47
-156.535,66.1513#56.29#26.11#17.6
-156.4,66.1575#56.12#26.11#17.77
-156.264,66.1635#55.94#26.11#17.95
-156.129,66.1695#55.76#26.11#18.13
-155.994,66.1753#55.59#26.11#18.3
-155.859,66.181#55.38#26.11#18.51
-155.723,66.1865#55.17#26.11#18.72
-155.588,66.1919#54.96#26.11#18.93
-155.453,66.1972#54.74#26.11#19.15
-155.317,66.2024#54.48#26.11#19.41
-155.181,66.2074#54.23#26.12#19.65
-155.046,66.2123#53.98#26.12#19.9
-154.91,66.217#53.71#26.12#20.17
-154.774,66.2217#53.43#26.12#20.45
-154.638,66.2262#53.15#26.12#20.73
-154.503,66.2306#52.88#26.12#21
-154.367,66.2348#52.59#26.12#21.29
-154.231,66.2389#52.3#26.13#21.57
-154.095,66.2429#52.01#26.13#21.86
-153.959,66.2468#51.71#26.14#22.15
-153.822,66.2505#51.39#26.16#22.45
-153.686,66.2541#51.07#26.17#22.76
-153.55,66.2576#50.75#26.19#23.06
-153.414,66.2609#50.43#26.23#23.34
-153.278,66.2641#50.12#26.28#23.6
-153.141,66.2672#49.8#26.33#23.87
-153.005,66.2701#49.49#26.39#24.12
-152.868,66.273#49.2#26.47#24.33
-152.732,66.2756#48.91#26.56#24.53
-152.596,66.2782#48.62#26.65#24.73
-152.459,66.2806#48.34#26.74#24.92
-152.323,66.2829#48.07#26.83#25.1
-152.186,66.2851#47.81#26.93#25.26
-152.049,66.2871#47.55#27.02#25.43
-151.913,66.289#47.31#27.09#25.6
-151.776,66.2908#47.08#27.15#25.77
-151.64,66.2924#46.84#27.22#25.94
-151.503,66.2939#46.61#27.28#26.11
-151.366,66.2953#46.41#27.31#26.28
-151.23,66.2965#46.21#27.33#26.46
-151.093,66.2977#46.01#27.36#26.63
-150.956,66.2986#45.83#27.39#26.78
-150.82,66.2995#45.66#27.4#26.94
-150.683,66.3002#45.49#27.42#27.09
-150.546,66.3008#45.32#27.43#27.25
-150.409,66.3013#45.16#27.45#27.39
-150.273,66.3016#45.02#27.45#27.53
-150.136,66.3018#44.88#27.46#27.66
-149.999,66.3018#44.74#27.47#27.79
-149.862,66.3018#44.62#27.48#27.9
-149.726,66.3016#44.5#27.48#28.02
-149.589,66.3013#44.39#27.49#28.12
-149.452,66.3008#44.28#27.49#28.23
-149.315,66.3002#44.18#27.5#28.32
-149.179,66.2995#44.09#27.5#28.41
-149.042,66.2986#43.99#27.5#28.51
-148.905,66.2976#43.91#27.51#28.58
-148.769,66.2965#43.82#27.51#28.67
-148.632,66.2953#43.74#27.51#28.75
-148.495,66.2939#43.66#27.52#28.82
-148.359,66.2924#43.6#27.52#28.88
-148.222,66.2908#43.53#27.52#28.95
-148.085,66.289#43.46#27.52#29.02
-147.949,66.2871#43.39#27.52#29.09
-147.812,66.285#43.33#27.53#29.14
-147.676,66.2829#43.27#27.53#29.2
-147.539,66.2806#43.21#27.53#29.26
-147.403,66.2782#43.16#27.53#29.31
-147.266,66.2756#43.1#27.54#29.36
-147.13,66.2729#43.05#27.54#29.41
-146.993,66.2701#43#27.54#29.46
-146.857,66.2672#42.95#27.54#29.51
-146.721,66.2641#42.9#27.54#29.56
-146.585,66.2609#42.85#27.55#29.6
-146.448,66.2575#42.8#27.55#29.65
-146.312,66.2541#42.76#27.55#29.69
-146.176,66.2505#42.71#27.55#29.74
-146.04,66.2467#42.66#27.55#29.79
-145.904,66.2429#42.62#27.55#29.83
-145.768,66.2389#42.57#27.56#29.87
-145.632,66.2348#42.52#27.56#29.92
-145.496,66.2305#42.47#27.56#29.97
-145.36,66.2261#42.39#27.56#30.05
-145.224,66.2216#42.32#27.56#30.12
-145.088,66.217#42.25#27.57#30.18
-144.953,66.2122#42.16#27.57#30.27
-144.817,66.2073#42.04#27.57#30.39
-144.681,66.2023#41.92#27.57#30.51
-144.546,66.1971#41.81#27.57#30.62
-144.41,66.1918#41.67#27.57#30.76
-144.275,66.1864#41.52#27.58#30.9
-144.14,66.1809#41.37#27.58#31.05
-144.004,66.1752#41.22#27.58#31.2
-143.869,66.1694#41.07#27.58#31.35
-143.734,66.1635#40.92#27.58#31.5
-143.599,66.1574#40.78#27.59#31.63
-143.464,66.1512#40.61#27.59#31.8
-143.329,66.1449#40.39#27.59#32.02
-143.194,66.1385#40.18#27.59#32.23
-143.059,66.1319#39.96#27.6#32.44
-142.924,66.1252#39.76#27.6#32.64
-142.79,66.1184#39.59#27.61#32.8
-142.655,66.1114#39.41#27.61#32.98
-142.521,66.1043#39.23#27.62#33.15
-142.386,66.0971#39.05#27.63#33.32
-142.252,66.0898#38.88#27.64#33.48
-142.118,66.0823#38.71#27.65#33.64
-141.984,66.0747#38.53#27.67#33.8
-141.85,66.067#38.36#27.69#33.95
-141.716,66.0591#38.2#27.72#34.08
-141.582,66.0512#38.03#27.74#34.23
-141.448,66.0431#37.86#27.77#34.37
-141.314,66.0348#37.69#27.8#34.51
-141.181,66.0265#37.52#27.84#34.64
-141.047,66.018#37.35#27.87#34.78
-140.914,66.0094#37.18#27.9#34.92
-140.781,66.0006#37.01#27.93#35.06
-140.648,65.9918#36.83#27.96#35.21
-140.514,65.9828#36.66#27.99#35.35
-140.381,65.9737#36.48#28.01#35.51
-140.249,65.9645#36.31#28.04#35.65
-140.116,65.9551#36.13#28.06#35.81
-139.983,65.9456#35.95#28.08#35.97
-139.851,65.936#35.77#28.1#36.13
-139.718,65.9263#35.59#28.12#36.29
-139.586,65.9164#35.41#28.14#36.45
-139.454,65.9064#35.23#28.15#36.62
-161.23,65.9086#55.6#26.09#18.31
-161.098,65.9192#55.78#26.09#18.13
-160.966,65.9297#55.95#26.09#17.96
-160.834,65.9401#56.09#26.09#17.82
-160.702,65.9504#56.22#26.09#17.69
-160.569,65.9605#56.36#26.09#17.55
-160.437,65.9705#56.48#26.09#17.43
-160.304,65.9804#56.58#26.09#17.33
-160.172,65.9902#56.67#26.09#17.24
-160.039,65.9998#56.77#26.09#17.14
-159.906,66.0093#56.83#26.09#17.08
-159.773,66.0187#56.89#26.09#17.02
-159.639,66.0279#56.94#26.09#16.97
-159.506,66.0371#56.99#26.09#16.92
-159.373,66.0461#57.03#26.09#16.88
-159.239,66.055#57.07#26.09#16.84
-159.106,66.0637#57.1#26.09#16.81
-158.972,66.0723#57.13#26.09#16.78
-158.838,66.0808#57.15#26.09#16.76
-158.704,66.0892#57.17#26.09#16.74
-158.57,66.0975#57.18#26.09#16.73
-158.436,66.1056#57.18#26.1#16.72
-158.302,66.1136#57.16#26.1#16.74
-158.168,66.1214#57.14#26.1#16.76
-158.033,66.1292#57.13#26.1#16.77
-157.899,66.1368#57.08#26.1#16.82
-157.765,66.1443#57.02#26.1#16.88
-157.63,66.1516#56.97#26.1#16.93
-157.495,66.1589#56.91#26.1#16.99
-157.36,66.166#56.82#26.1#17.08
-157.226,66.1729#56.72#26.1#17.18
-157.091,66.1798#56.63#26.1#17.27
-156.956,66.1865#56.52#26.1#17.38
-156.82,66.1931#56.38#26.1#17.52
-156.685,66.1995#56.25#26.1#17.65
-156.55,66.2059#56.11#26.1#17.79
-156.415,66.2121#55.95#26.11#17.94
-156.279,66.2182#55.77#26.11#18.12
-156.144,66.2241#55.6#26.11#18.29
-156.008,66.2299#55.42#26.11#18.47
-155.873,66.2356#55.22#26.11#18.67
-155.737,66.2412#55.01#26.11#18.88
-155.601,66.2466#54.8#26.11#19.09
-155.465,66.2519#54.59#26.11#19.3
-155.33,66.2571#54.34#26.11#19.55
-155.194,66.2621#54.09#26.11#19.8
-155.058,66.267#53.84#26.12#20.04
-154.922,66.2718#53.58#26.12#20.3
-154.786,66.2764#53.3#26.12#20.58
-154.649,66.281#53.03#26.12#20.85
-154.513,66.2853#52.77#26.12#21.11
-154.377,66.2896#52.48#26.12#21.4
-154.241,66.2937#52.18#26.13#21.69
-154.104,66.2977#51.89#26.13#21.98
-153.968,66.3016#51.59#26.14#22.27
-153.832,66.3053#51.27#26.16#22.57
-153.695,66.3089#50.95#26.18#22.87
-153.559,66.3124#50.63#26.2#23.17
-153.422,66.3158#50.32#26.24#23.44
-153.285,66.319#50#26.3#23.7
-153.149,66.3221#49.69#26.36#23.95
-153.012,66.325#49.37#26.41#24.22
-152.875,66.3278#49.08#26.5#24.42
-152.739,66.3305#48.79#26.59#24.62
-152.602,66.3331#48.5#26.68#24.82
-152.465,66.3355#48.22#26.77#25.01
-152.328,66.3378#47.96#26.86#25.18
-152.191,66.34#47.69#26.95#25.36
-152.054,66.342#47.43#27.04#25.53
-151.917,66.3439#47.19#27.11#25.7
-151.781,66.3457#46.95#27.17#25.88
-151.644,66.3474#46.72#27.23#26.05
-151.507,66.3489#46.49#27.29#26.22
-151.37,66.3502#46.29#27.31#26.4
-151.233,66.3515#46.09#27.34#26.57
-151.096,66.3526#45.89#27.37#26.74
-150.959,66.3536#45.7#27.39#26.91
-150.822,66.3544#45.53#27.41#27.06
-150.684,66.3552#45.36#27.42#27.22
-150.547,66.3558#45.19#27.44#27.37
-150.41,66.3562#45.04#27.45#27.51
-150.273,66.3565#44.9#27.45#27.65
-150.136,66.3567#44.76#27.46#27.78
-149.999,66.3568#44.62#27.47#27.91
-149.862,66.3567#44.5#27.48#28.02
-149.725,66.3565#44.38#27.48#28.14
-149.588,66.3562#44.27#27.49#28.24
-149.451,66.3558#44.16#27.49#28.35
-149.314,66.3552#44.07#27.49#28.44
-149.177,66.3544#43.97#27.5#28.53
-149.04,66.3536#43.88#27.5#28.62
-148.903,66.3526#43.79#27.5#28.71
-148.766,66.3515#43.71#27.51#28.78
-148.629,66.3502#43.63#27.51#28.86
-148.492,66.3488#43.55#27.51#28.94
-148.355,66.3473#43.49#27.52#28.99
-148.218,66.3457#43.42#27.52#29.06
-148.081,66.3439#43.35#27.52#29.13
-147.944,66.342#43.29#27.52#29.19
-147.807,66.34#43.23#27.52#29.25
-147.67,66.3378#43.17#27.53#29.3
-147.533,66.3355#43.11#27.53#29.36
-147.397,66.3331#43.05#27.53#29.42
-147.26,66.3305#43#27.53#29.47
-147.123,66.3278#42.95#27.53#29.52
-146.986,66.325#42.9#27.54#29.56
-146.85,66.322#42.85#27.54#29.61
-146.713,66.3189#42.8#27.54#29.66
-146.576,66.3157#42.75#27.54#29.71
-146.44,66.3124#42.71#27.54#29.75
-146.303,66.3089#42.66#27.55#29.79
-146.167,66.3053#42.62#27.55#29.83
-146.03,66.3016#42.57#27.55#29.88
-145.894,66.2977#42.52#27.55#29.93
-145.758,66.2937#42.48#27.55#29.97
-145.621,66.2896#42.43#27.56#30.01
-145.485,66.2853#42.38#27.56#30.06
-145.349,66.2809#42.31#27.56#30.13
-145.213,66.2764#42.23#27.56#30.21
-145.077,66.2717#42.16#27.56#30.28
-144.941,66.2669#42.07#27.56#30.37
-144.805,66.262#41.96#27.57#30.47
-144.669,66.257#41.84#27.57#30.59
-144.533,66.2518#41.73#27.57#30.7
-144.397,66.2465#41.59#27.57#30.84
-144.261,66.2411#41.45#27.57#30.98
-144.126,66.2355#41.3#27.58#31.12
-143.99,66.2298#41.16#27.58#31.26
-143.854,66.224#41.01#27.58#31.41
-143.719,66.2181#40.86#27.58#31.56
-143.584,66.212#40.71#27.58#31.71
-143.448,66.2058#40.54#27.59#31.87
-143.313,66.1995#40.32#27.59#32.09
-143.178,66.193#40.11#27.59#32.3
-143.043,66.1864#39.9#27.6#32.5
-142.908,66.1797#39.71#27.6#32.69
-142.773,66.1729#39.53#27.61#32.86
-142.638,66.1659#39.35#27.61#33.04
-142.503,66.1588#39.17#27.62#33.21
-142.368,66.1515#39#27.63#33.37
-142.234,66.1442#38.83#27.64#33.53
-142.099,66.1367#38.65#27.66#33.69
-141.965,66.1291#38.48#27.67#33.85
-141.83,66.1213#38.32#27.7#33.98
-141.696,66.1135#38.15#27.73#34.12
-141.562,66.1055#37.98#27.76#34.26
-141.428,66.0974#37.81#27.79#34.4
-141.294,66.0891#37.65#27.82#34.53
-141.16,66.0807#37.48#27.85#34.67
-141.026,66.0722#37.31#27.88#34.81
-140.893,66.0636#37.14#27.91#34.95
-140.759,66.0548#36.96#27.94#35.1
-140.626,66.046#36.79#27.97#35.24
-140.492,66.037#36.62#28#35.38
-140.359,66.0278#36.44#28.03#35.53
-140.226,66.0186#36.27#28.05#35.68
-140.093,66.0092#36.09#28.07#35.84
-139.96,65.9997#35.91#28.09#36
-139.827,65.99#35.73#28.11#36.16
-139.694,65.9803#35.55#28.13#36.32
-139.561,65.9704#35.38#28.14#36.48
-139.429,65.9604#35.19#28.16#36.65
-139.297,65.9503#35.01#28.17#36.82
-139.164,65.94#34.83#28.18#36.99
-139.032,65.9296#34.65#28.2#37.15
-138.9,65.9191#34.46#28.21#37.33
-138.768,65.9085#34.27#28.22#37.51
-161.916,65.9073#54.36#26.09#19.55
-161.784,65.9186#54.58#26.09#19.33
-161.652,65.9297#54.8#26.09#19.11
-161.521,65.9408#55.02#26.09#18.89
-161.389,65.9517#55.21#26.09#18.7
-161.257,65.9625#55.39#26.09#18.52
-161.124,65.9731#55.57#26.09#18.34
-160.992,65.9836#55.75#26.09#18.16
-160.859,65.994#55.89#26.09#18.02
-160.727,66.0043#56.02#26.09#17.89
-160.594,66.0145#56.16#26.09#17.75
-160.461,66.0245#56.28#26.09#17.63
-160.328,66.0344#56.37#26.09#17.54
-160.195,66.0442#56.46#26.09#17.45
-160.062,66.0539#56.55#26.09#17.36
-159.929,66.0634#56.62#26.09#17.29
-159.796,66.0728#56.67#26.09#17.24
-159.662,66.0821#56.73#26.09#17.18
-159.529,66.0912#56.78#26.09#17.13
-159.395,66.1003#56.82#26.09#17.09
-159.261,66.1092#56.86#26.09#17.05
-159.127,66.1179#56.89#26.09#17.02
-158.993,66.1266#56.92#26.09#16.99
-158.859,66.1351#56.94#26.09#16.97
-158.725,66.1435#56.95#26.09#16.96
-158.591,66.1518#56.97#26.09#16.94
-158.456,66.1599#56.97#26.09#16.94
-158.322,66.1679#56.95#26.1#16.95
-158.187,66.1758#56.93#26.1#16.97
-158.053,66.1836#56.91#26.1#16.99
-157.918,66.1912#56.87#26.1#17.03
-157.783,66.1987#56.82#26.1#17.08
-157.648,66.2061#56.76#26.1#17.14
-157.513,66.2133#56.71#26.1#17.19
-157.378,66.2204#56.62#26.1#17.28
-157.243,66.2274#56.53#26.1#17.37
-157.107,66.2343#56.43#26.1#17.47
-156.972,66.241#56.33#26.1#17.57
-156.837,66.2476#56.2#26.1#17.7
-156.701,66.2541#56.06#26.1#17.84
-156.566,66.2605#55.93#26.1#17.97
-156.43,66.2667#55.77#26.1#18.13
-156.294,66.2728#55.6#26.11#18.29
-156.158,66.2787#55.42#26.11#18.47
-156.023,66.2846#55.25#26.11#18.64
-155.887,66.2903#55.05#26.11#18.84
-155.751,66.2958#54.85#26.11#19.04
-155.615,66.3013#54.65#26.11#19.24
-155.479,66.3066#54.44#26.11#19.45
-155.342,66.3118#54.19#26.11#19.7
-155.206,66.3168#53.94#26.11#19.95
-155.07,66.3218#53.7#26.11#20.19
-154.933,66.3265#53.44#26.12#20.44
-154.797,66.3312#53.18#26.12#20.7
-154.661,66.3357#52.91#26.12#20.97
-154.524,66.3401#52.65#26.12#21.23
-154.387,66.3444#52.36#26.12#21.52
-154.251,66.3485#52.07#26.13#21.8
-154.114,66.3526#51.78#26.13#22.09
-153.977,66.3564#51.48#26.14#22.38
-153.841,66.3602#51.16#26.17#22.67
-153.704,66.3638#50.84#26.19#22.97
-153.567,66.3673#50.52#26.21#23.27
-153.43,66.3706#50.2#26.26#23.54
-153.293,66.3739#49.88#26.32#23.8
-153.156,66.377#49.57#26.38#24.05
-153.019,66.3799#49.26#26.44#24.3
-152.882,66.3827#48.96#26.53#24.51
-152.745,66.3854#48.67#26.62#24.71
-152.608,66.388#48.38#26.71#24.91
-152.471,66.3905#48.1#26.81#25.09
-152.334,66.3928#47.84#26.89#25.27
-152.197,66.3949#47.57#26.98#25.45
-152.059,66.397#47.31#27.07#25.62
-151.922,66.3989#47.07#27.14#25.79
-151.785,66.4007#46.83#27.19#25.98
-151.648,66.4023#46.6#27.24#26.16
-151.51,66.4038#46.36#27.29#26.35
-151.373,66.4052#46.16#27.32#26.52
-151.236,66.4065#45.97#27.35#26.68
-151.098,66.4076#45.77#27.37#26.86
-150.961,66.4086#45.58#27.39#27.03
-150.824,66.4094#45.41#27.41#27.18
-150.686,66.4101#45.24#27.42#27.34
-150.549,66.4107#45.07#27.44#27.49
-150.411,66.4112#44.92#27.45#27.63
-150.274,66.4115#44.78#27.45#27.77
-150.137,66.4117#44.64#27.46#27.9
-149.999,66.4118#44.5#27.47#28.03
-149.862,66.4117#44.38#27.47#28.15
-149.724,66.4115#44.27#27.48#28.25
-149.587,66.4112#44.15#27.48#28.37
-149.45,66.4107#44.04#27.49#28.47
-149.312,66.4101#43.95#27.49#28.56
-149.175,66.4094#43.86#27.5#28.64
-149.037,66.4086#43.76#27.5#28.74
-148.9,66.4076#43.68#27.5#28.82
-148.763,66.4064#43.6#27.51#28.89
-148.625,66.4052#43.52#27.51#28.97
-148.488,66.4038#43.44#27.51#29.05
-148.351,66.4023#43.38#27.51#29.11
-148.213,66.4006#43.31#27.52#29.17
-148.076,66.3989#43.24#27.52#29.24
-147.939,66.3969#43.18#27.52#29.3
-147.802,66.3949#43.12#27.52#29.36
-147.665,66.3927#43.06#27.52#29.42
-147.527,66.3904#43#27.53#29.47
-147.39,66.388#42.95#27.53#29.52
-147.253,66.3854#42.9#27.53#29.57
-147.116,66.3827#42.85#27.53#29.62
-146.979,66.3799#42.8#27.53#29.67
-146.842,66.3769#42.75#27.54#29.71
-146.705,66.3738#42.7#27.54#29.76
-146.568,66.3706#42.65#27.54#29.81
-146.431,66.3672#42.61#27.54#29.85
-146.294,66.3638#42.56#27.54#29.9
-146.158,66.3601#42.52#27.55#29.93
-146.021,66.3564#42.48#27.55#29.97
-145.884,66.3525#42.43#27.55#30.02
-145.747,66.3485#42.38#27.55#30.07
-145.611,66.3444#42.34#27.55#30.11
-145.474,66.3401#42.29#27.55#30.16
-145.338,66.3357#42.22#27.56#30.22
-145.201,66.3311#42.15#27.56#30.29
-145.065,66.3265#42.08#27.56#30.36
-144.929,66.3217#41.98#27.56#30.46
-144.792,66.3168#41.87#27.56#30.57
-144.656,66.3117#41.76#27.57#30.67
-144.52,66.3065#41.65#27.57#30.78
-144.384,66.3012#41.52#27.57#30.91
-144.248,66.2958#41.38#27.57#31.05
-144.112,66.2902#41.24#27.57#31.19
-143.976,66.2845#41.09#27.58#31.33
-143.84,66.2787#40.94#27.58#31.48
-143.704,66.2727#40.79#27.58#31.63
-143.568,66.2666#40.64#27.58#31.78
-143.433,66.2604#40.46#27.58#31.96
-143.297,66.254#40.26#27.59#32.15
-143.162,66.2476#40.05#27.59#32.36
