-153.416,59.9018#65.6#26.54#7.86000000000001
-153.309,59.905#65.38#26.54#8.08000000000001
-153.203,59.908#65.16#26.55#8.29000000000001
-153.096,59.9109#64.94#26.55#8.51000000000001
-152.99,59.9138#64.72#26.56#8.72
-152.883,59.9165#64.53#26.56#8.91
-152.777,59.9192#64.33#26.57#9.09999999999999
-152.67,59.9217#64.14#26.57#9.28999999999999
-152.563,59.9241#63.95#26.58#9.47
-152.456,59.9265#63.72#26.58#9.7
-152.35,59.9287#63.42#26.59#9.98999999999999
-152.243,59.9309#63.12#26.59#10.29
-152.136,59.9329#62.82#26.6#10.58
-152.03,59.9349#62.52#26.6#10.88
-151.923,59.9367#62.26#26.61#11.13
-151.816,59.9385#62.01#26.61#11.38
-151.709,59.9401#61.76#26.62#11.62
-151.602,59.9417#61.51#26.62#11.87
-151.496,59.9431#61.26#26.63#12.11
-151.389,59.9444#60.99#26.63#12.38
-151.282,59.9457#60.71#26.64#12.65
-151.175,59.9468#60.43#26.65#12.92
-151.068,59.9479#60.16#26.65#13.19
-150.961,59.9488#59.9#26.66#13.44
-150.854,59.9497#59.66#26.66#13.68
-150.748,59.9504#59.42#26.67#13.91
-150.641,59.9511#59.18#26.67#14.15
-150.534,59.9516#58.95#26.68#14.37
-150.427,59.9521#58.71#26.68#14.61
-150.32,59.9524#58.47#26.69#14.84
-150.213,59.9527#58.24#26.7#15.06
-150.106,59.9528#58#26.7#15.3
-149.999,59.9529#57.77#26.71#15.52
-149.892,59.9528#57.55#26.71#15.74
-149.786,59.9527#57.34#26.72#15.94
-149.679,59.9524#57.13#26.72#16.15
-149.572,59.9521#56.91#26.73#16.36
-149.465,59.9516#56.7#26.74#16.56
-149.358,59.9511#56.51#26.74#16.75
-149.251,59.9504#56.31#26.75#16.94
-149.144,59.9497#56.12#26.75#17.13
-149.037,59.9488#55.92#26.76#17.32
-148.93,59.9479#55.74#26.77#17.49
-148.824,59.9468#55.55#26.77#17.68
-148.717,59.9457#55.37#26.78#17.85
-148.61,59.9444#55.19#26.78#18.03
-148.503,59.9431#55.01#26.79#18.2
-148.396,59.9416#54.84#26.8#18.36
-148.289,59.9401#54.68#26.8#18.52
-148.183,59.9384#54.51#26.81#18.68
-148.076,59.9367#54.34#26.81#18.85
-147.969,59.9348#54.18#26.82#19
-147.862,59.9329#54.03#26.83#19.14
-147.756,59.9309#53.88#26.84#19.28
-147.649,59.9287#53.72#26.85#19.43
-147.542,59.9265#53.57#26.86#19.57
-147.435,59.9241#53.43#26.87#19.7
-147.329,59.9217#53.28#26.89#19.83
-147.222,59.9191#53.14#26.91#19.95
-147.116,59.9165#53#26.93#20.07
-147.009,59.9137#52.86#26.95#20.19
-146.902,59.9109#52.72#26.99#20.29
-146.796,59.908#52.59#27.03#20.38
-146.689,59.9049#52.45#27.07#20.48
-146.583,59.9018#52.32#27.1#20.58
-154.914,59.9008#68.13#26.47#5.40000000000001
-154.807,59.9053#67.96#26.47#5.57000000000001
-154.701,59.9097#67.79#26.47#5.73999999999999
-154.595,59.9141#67.62#26.48#5.89999999999999
-154.488,59.9183#67.44#26.48#6.08
-154.382,59.9225#67.26#26.49#6.25
-154.275,59.9265#67.07#26.49#6.44000000000001
-154.169,59.9304#66.88#26.5#6.62
-154.062,59.9343#66.7#26.5#6.8
-153.956,59.938#66.51#26.51#6.97999999999999
-153.849,59.9417#66.31#26.51#7.17999999999999
-153.742,59.9452#66.11#26.52#7.37
-153.636,59.9486#65.91#26.52#7.57000000000001
-153.529,59.952#65.71#26.53#7.76000000000001
-153.422,59.9552#65.49#26.53#7.98
-153.316,59.9584#65.27#26.54#8.19
-153.209,59.9614#65.04#26.54#8.41999999999999
-153.102,59.9644#64.82#26.55#8.63000000000001
-152.995,59.9672#64.6#26.55#8.85000000000001
-152.889,59.97#64.41#26.56#9.03
-152.782,59.9726#64.23#26.56#9.20999999999999
-152.675,59.9752#64.04#26.57#9.38999999999999
-152.568,59.9776#63.86#26.57#9.56999999999999
-152.461,59.98#63.63#26.58#9.78999999999999
-152.354,59.9822#63.33#26.58#10.09
-152.247,59.9844#63.02#26.59#10.39
-152.14,59.9864#62.71#26.59#10.7
-152.033,59.9884#62.4#26.6#11
-151.926,59.9902#62.13#26.6#11.27
-151.819,59.992#61.86#26.61#11.53
-151.712,59.9936#61.59#26.61#11.8
-151.605,59.9952#61.32#26.62#12.06
-151.498,59.9966#61.05#26.62#12.33
-151.391,59.998#60.79#26.63#12.58
-151.284,59.9992#60.53#26.63#12.84
-151.177,60.0004#60.27#26.64#13.09
-151.07,60.0014#60.01#26.64#13.35
-150.963,60.0024#59.76#26.65#13.59
-150.856,60.0032#59.53#26.66#13.81
-150.749,60.004#59.31#26.66#14.03
-150.642,60.0046#59.08#26.67#14.25
-150.535,60.0052#58.85#26.67#14.48
-150.428,60.0056#58.62#26.68#14.7
-150.321,60.006#58.39#26.68#14.93
-150.214,60.0062#58.16#26.69#15.15
-150.106,60.0064#57.93#26.69#15.38
-149.999,60.0064#57.7#26.7#15.6
-149.892,60.0064#57.49#26.71#15.8
-149.785,60.0062#57.28#26.71#16.01
-149.678,60.006#57.07#26.72#16.21
-149.571,60.0056#56.86#26.72#16.42
-149.464,60.0052#56.65#26.73#16.62
-149.357,60.0046#56.46#26.74#16.8
-149.25,60.0039#56.26#26.74#17
-149.143,60.0032#56.07#26.75#17.18
-149.036,60.0023#55.88#26.75#17.37
-148.928,60.0014#55.69#26.76#17.55
-148.821,60.0003#55.51#26.77#17.72
-148.714,59.9992#55.33#26.77#17.9
-148.607,59.9979#55.15#26.78#18.07
-148.5,59.9966#54.96#26.78#18.26
-148.393,59.9951#54.8#26.79#18.41
-148.286,59.9936#54.63#26.8#18.57
-148.179,59.9919#54.47#26.8#18.73
-148.072,59.9902#54.3#26.81#18.89
-147.965,59.9883#54.14#26.82#19.04
-147.858,59.9864#53.99#26.83#19.18
-147.751,59.9843#53.83#26.84#19.33
-147.645,59.9822#53.68#26.84#19.48
-147.538,59.9799#53.53#26.85#19.62
-147.431,59.9776#53.38#26.87#19.75
-147.324,59.9751#53.24#26.89#19.87
-147.217,59.9726#53.1#26.92#19.98
-147.11,59.9699#52.96#26.94#20.1
-147.003,59.9672#52.81#26.96#20.23
-146.897,59.9643#52.68#27#20.32
-146.79,59.9614#52.54#27.04#20.42
-146.683,59.9583#52.41#27.08#20.51
-146.576,59.9552#52.27#27.12#20.61
-146.47,59.952#52.14#27.16#20.7
-146.363,59.9486#52#27.22#20.78
-146.256,59.9452#51.86#27.27#20.87
-146.15,59.9416#51.73#27.32#20.95
-146.043,59.938#51.59#27.37#21.04
-145.936,59.9342#51.46#27.42#21.12
-145.83,59.9304#51.35#27.47#21.18
-145.723,59.9264#51.23#27.51#21.26
-145.617,59.9224#51.12#27.56#21.32
-145.51,59.9183#51#27.61#21.39
-145.404,59.914#50.86#27.64#21.5
-145.298,59.9097#50.72#27.66#21.62
-145.191,59.9053#50.58#27.69#21.73
-145.085,59.9007#50.44#27.72#21.84
-155.986,59.9032#69.22#26.42#4.36
-155.88,59.9088#69.13#26.42#4.45
-155.774,59.9142#69.04#26.43#4.53
-155.668,59.9195#68.95#26.43#4.62
-155.561,59.9248#68.86#26.43#4.71000000000001
-155.455,59.9299#68.76#26.44#4.8
-155.349,59.9349#68.63#26.44#4.93000000000001
-155.242,59.9399#68.5#26.45#5.05
-155.136,59.9447#68.36#26.45#5.19
-155.029,59.9495#68.23#26.46#5.31
-154.923,59.9541#68.07#26.46#5.47
-154.816,59.9586#67.89#26.46#5.65000000000001
-154.71,59.9631#67.72#26.47#5.81
-154.603,59.9674#67.55#26.47#5.98
-154.497,59.9717#67.37#26.48#6.14999999999999
-154.39,59.9758#67.18#26.48#6.33999999999999
-154.283,59.9799#66.99#26.49#6.52000000000001
-154.177,59.9838#66.8#26.49#6.71000000000001
-154.07,59.9877#66.61#26.5#6.89
-153.963,59.9914#66.42#26.5#7.08
-153.856,59.9951#66.22#26.51#7.27
-153.749,59.9986#66.01#26.51#7.47999999999999
-153.643,60.0021#65.81#26.52#7.67
-153.536,60.0054#65.61#26.52#7.87
-153.429,60.0087#65.39#26.52#8.09
-153.322,60.0118#65.16#26.53#8.31
-153.215,60.0149#64.93#26.53#8.53999999999999
-153.108,60.0178#64.7#26.54#8.75999999999999
-153.001,60.0207#64.47#26.54#8.99000000000001
-152.894,60.0234#64.3#26.55#9.15000000000001
-152.787,60.0261#64.12#26.55#9.33
-152.68,60.0286#63.94#26.56#9.5
-152.573,60.0311#63.77#26.56#9.67
-152.466,60.0335#63.55#26.57#9.88
-152.359,60.0357#63.24#26.57#10.19
-152.251,60.0379#62.92#26.58#10.5
-152.144,60.0399#62.6#26.58#10.82
-152.037,60.0419#62.28#26.59#11.13
-151.93,60.0437#61.99#26.6#11.41
-151.823,60.0455#61.7#26.6#11.7
-151.716,60.0471#61.42#26.61#11.97
-151.608,60.0487#61.13#26.61#12.26
-151.501,60.0501#60.85#26.62#12.53
-151.394,60.0515#60.6#26.62#12.78
-151.287,60.0527#60.35#26.63#13.02
-151.179,60.0539#60.1#26.63#13.27
-151.072,60.0549#59.86#26.64#13.5
-150.965,60.0559#59.62#26.64#13.74
-150.858,60.0567#59.41#26.65#13.94
-150.75,60.0575#59.19#26.65#14.16
-150.643,60.0581#58.97#26.66#14.37
-150.536,60.0587#58.76#26.67#14.57
-150.429,60.0591#58.53#26.67#14.8
-150.321,60.0595#58.31#26.68#15.01
-150.214,60.0597#58.08#26.68#15.24
-150.107,60.0599#57.86#26.69#15.45
-149.999,60.0599#57.63#26.69#15.68
-149.892,60.0599#57.43#26.7#15.87
-149.785,60.0597#57.22#26.71#16.07
-149.677,60.0595#57.01#26.71#16.28
-149.57,60.0591#56.8#26.72#16.48
-149.463,60.0587#56.6#26.72#16.68
-149.356,60.0581#56.41#26.73#16.86
-149.248,60.0575#56.21#26.73#17.06
-149.141,60.0567#56.02#26.74#17.24
-149.034,60.0559#55.83#26.75#17.42
-148.926,60.0549#55.64#26.75#17.61
-148.819,60.0539#55.46#26.76#17.78
-148.712,60.0527#55.28#26.76#17.96
-148.605,60.0515#55.1#26.77#18.13
-148.497,60.0501#54.92#26.78#18.3
-148.39,60.0487#54.75#26.78#18.47
-148.283,60.0471#54.59#26.79#18.62
-148.176,60.0455#54.42#26.79#18.79
-148.069,60.0437#54.25#26.8#18.95
-147.962,60.0418#54.09#26.81#19.1
-147.854,60.0399#53.94#26.82#19.24
-147.747,60.0378#53.79#26.83#19.38
-147.64,60.0357#53.64#26.84#19.52
-147.533,60.0334#53.48#26.85#19.67
-147.426,60.0311#53.34#26.87#19.79
-147.319,60.0286#53.2#26.89#19.91
-147.212,60.0261#53.05#26.92#20.03
-147.105,60.0234#52.91#26.94#20.15
-146.998,60.0206#52.77#26.96#20.27
-146.891,60.0178#52.63#27.01#20.36
-146.784,60.0148#52.5#27.05#20.45
-146.677,60.0118#52.36#27.1#20.54
-146.57,60.0086#52.23#27.14#20.63
-146.463,60.0054#52.09#27.19#20.72
-146.356,60.002#51.96#27.24#20.8
-146.249,59.9986#51.82#27.29#20.89
-146.142,59.995#51.68#27.35#20.97
-146.036,59.9914#51.54#27.4#21.06
-145.929,59.9876#51.43#27.45#21.12
-145.822,59.9838#51.32#27.49#21.19
-145.715,59.9798#51.21#27.54#21.25
-145.609,59.9758#51.1#27.58#21.32
-145.502,59.9716#50.99#27.63#21.38
-145.395,59.9674#50.84#27.65#21.51
-145.289,59.963#50.7#27.68#21.62
-145.182,59.9586#50.55#27.7#21.75
-145.076,59.954#50.41#27.73#21.86
-144.969,59.9494#50.24#27.75#22.01
-144.863,59.9447#50#27.76#22.24
-144.756,59.9398#49.77#27.78#22.45
-144.65,59.9349#49.53#27.79#22.68
-144.544,59.9298#49.29#27.8#22.91
-144.437,59.9247#49.03#27.81#23.16
-144.331,59.9195#48.75#27.82#23.43
-144.225,59.9141#48.46#27.83#23.71
-144.119,59.9087#48.18#27.84#23.98
-144.013,59.9032#47.9#27.85#24.25
-156.952,59.9021#69.71#26.38#3.91000000000001
-156.847,59.9086#69.67#26.38#3.95
-156.741,59.9149#69.62#26.38#4
-156.634,59.9211#69.58#26.39#4.03
-156.528,59.9273#69.53#26.39#4.08
-156.422,59.9333#69.47#26.4#4.13
-156.316,59.9392#69.4#26.4#4.19999999999999
-156.21,59.9451#69.33#26.4#4.27000000000001
-156.104,59.9508#69.26#26.41#4.33
-155.997,59.9564#69.19#26.41#4.40000000000001
-155.891,59.962#69.1#26.42#4.48
-155.785,59.9674#69.01#26.42#4.56999999999999
-155.678,59.9728#68.92#26.42#4.66
-155.572,59.978#68.82#26.43#4.75
-155.465,59.9832#68.72#26.43#4.84999999999999
-155.359,59.9882#68.58#26.44#4.98
-155.252,59.9932#68.45#26.44#5.11
-155.145,59.998#68.31#26.45#5.23999999999999
-155.039,60.0028#68.17#26.45#5.38
-154.932,60.0074#68.01#26.45#5.53999999999999
-154.825,60.012#67.83#26.46#5.71000000000001
-154.719,60.0164#67.66#26.46#5.88
-154.612,60.0208#67.48#26.47#6.05
-154.505,60.025#67.3#26.47#6.23
-154.398,60.0292#67.11#26.48#6.41
-154.291,60.0333#66.92#26.48#6.59999999999999
-154.184,60.0372#66.72#26.49#6.79000000000001
-154.077,60.0411#66.53#26.49#6.98
-153.97,60.0448#66.33#26.49#7.18000000000001
-153.863,60.0485#66.13#26.5#7.37
-153.756,60.052#65.92#26.5#7.58
-153.649,60.0555#65.71#26.51#7.78
-153.542,60.0589#65.51#26.51#7.97999999999999
-153.435,60.0621#65.29#26.52#8.19
-153.328,60.0653#65.05#26.52#8.43000000000001
-153.221,60.0683#64.82#26.53#8.65000000000001
-153.114,60.0713#64.59#26.53#8.88
-153.007,60.0742#64.35#26.54#9.11000000000001
-152.899,60.0769#64.18#26.54#9.28
-152.792,60.0796#64.01#26.55#9.44
-152.685,60.0821#63.84#26.55#9.61
-152.578,60.0846#63.68#26.56#9.76000000000001
-152.47,60.087#63.47#26.56#9.97
-152.363,60.0892#63.14#26.57#10.29
-152.256,60.0914#62.82#26.57#10.61
-152.148,60.0934#62.49#26.58#10.93
-152.041,60.0954#62.17#26.58#11.25
-151.934,60.0972#61.85#26.59#11.56
-151.826,60.099#61.55#26.59#11.86
-151.719,60.1007#61.25#26.6#12.15
-151.611,60.1022#60.94#26.6#12.46
-151.504,60.1037#60.64#26.61#12.75
-151.397,60.105#60.4#26.61#12.99
-151.289,60.1063#60.17#26.62#13.21
-151.182,60.1074#59.94#26.63#13.43
-151.074,60.1085#59.71#26.63#13.66
-150.967,60.1094#59.49#26.64#13.87
-150.859,60.1103#59.28#26.64#14.08
-150.752,60.111#59.07#26.65#14.28
-150.644,60.1117#58.87#26.65#14.48
-150.537,60.1123#58.66#26.66#14.68
-150.429,60.1127#58.45#26.66#14.89
-150.322,60.1131#58.23#26.67#15.1
-150.214,60.1133#58.01#26.68#15.31
-150.107,60.1135#57.79#26.68#15.53
-149.999,60.1135#57.57#26.69#15.74
-149.892,60.1135#57.36#26.69#15.95
-149.784,60.1133#57.16#26.7#16.14
-149.677,60.1131#56.95#26.7#16.35
-149.569,60.1127#56.75#26.71#16.54
-149.462,60.1122#56.55#26.72#16.73
-149.354,60.1117#56.36#26.72#16.92
-149.247,60.111#56.17#26.73#17.1
-149.139,60.1103#55.97#26.73#17.3
-149.032,60.1094#55.78#26.74#17.48
-148.924,60.1085#55.6#26.75#17.65
-148.817,60.1074#55.42#26.75#17.83
-148.71,60.1063#55.24#26.76#18
-148.602,60.105#55.06#26.76#18.18
-148.495,60.1037#54.88#26.77#18.35
-148.387,60.1022#54.71#26.78#18.51
-148.28,60.1006#54.54#26.78#18.68
-148.172,60.099#54.38#26.79#18.83
-148.065,60.0972#54.21#26.79#19
-147.958,60.0954#54.05#26.8#19.15
-147.85,60.0934#53.9#26.81#19.29
-147.743,60.0913#53.75#26.82#19.43
-147.636,60.0892#53.59#26.84#19.57
-147.528,60.0869#53.44#26.85#19.71
-147.421,60.0846#53.3#26.87#19.83
-147.314,60.0821#53.15#26.89#19.96
-147.207,60.0795#53.01#26.92#20.07
-147.099,60.0769#52.87#26.94#20.19
-146.992,60.0741#52.73#26.97#20.3
-146.885,60.0713#52.59#27.02#20.39
-146.778,60.0683#52.46#27.06#20.48
-146.671,60.0652#52.32#27.11#20.57
-146.563,60.0621#52.19#27.16#20.65
-146.456,60.0588#52.05#27.21#20.74
-146.349,60.0555#51.91#27.26#20.83
-146.242,60.052#51.78#27.31#20.91
-146.135,60.0484#51.64#27.37#20.99
-146.028,60.0448#51.5#27.42#21.08
-145.921,60.041#51.39#27.47#21.14
-145.814,60.0372#51.29#27.51#21.2
-145.707,60.0332#51.19#27.56#21.25
-145.601,60.0292#51.08#27.6#21.32
-145.494,60.025#50.98#27.64#21.38
-145.387,60.0207#50.83#27.67#21.5
-145.28,60.0164#50.68#27.69#21.63
-145.173,60.0119#50.53#27.71#21.76
-145.067,60.0074#50.38#27.74#21.88
-144.96,60.0027#50.2#27.76#22.04
-144.853,59.998#49.96#27.77#22.27
-144.747,59.9931#49.72#27.78#22.5
-144.64,59.9882#49.48#27.79#22.73
-144.533,59.9831#49.24#27.81#22.95
-144.427,59.978#48.97#27.82#23.21
-144.321,59.9727#48.69#27.82#23.49
-144.214,59.9674#48.41#27.83#23.76
-144.108,59.9619#48.13#27.84#24.03
-144.001,59.9564#47.84#27.85#24.31
-143.895,59.9507#47.58#27.85#24.57
-143.789,59.945#47.32#27.86#24.82
-143.683,59.9392#47.06#27.86#25.08
-143.576,59.9332#46.8#27.87#25.33
-143.47,59.9272#46.54#27.87#25.59
-143.364,59.921#46.29#27.87#25.84
-143.258,59.9148#46.05#27.88#26.07
-143.152,59.9085#45.8#27.88#26.32
-143.046,59.902#45.55#27.88#26.57
-157.813,59.9002#69.84#26.34#3.81999999999999
-157.707,59.9074#69.83#26.34#3.83
-157.601,59.9145#69.82#26.35#3.83000000000001
-157.495,59.9216#69.81#26.35#3.84
-157.389,59.9285#69.79#26.36#3.84999999999999
-157.284,59.9353#69.77#26.36#3.87
-157.178,59.9421#69.75#26.36#3.89
-157.072,59.9487#69.73#26.37#3.89999999999999
-156.965,59.9553#69.7#26.37#3.92999999999999
-156.859,59.9617#69.65#26.37#3.97999999999999
-156.753,59.968#69.61#26.38#4.01000000000001
-156.647,59.9743#69.56#26.38#4.06
-156.541,59.9804#69.51#26.39#4.09999999999999
-156.434,59.9865#69.44#26.39#4.17
-156.328,59.9924#69.37#26.39#4.23999999999999
-156.221,59.9983#69.3#26.4#4.30000000000001
-156.115,60.004#69.23#26.4#4.37
-156.008,60.0097#69.16#26.41#4.43000000000001
-155.902,60.0152#69.07#26.41#4.52000000000001
-155.795,60.0207#68.97#26.41#4.62
-155.689,60.0261#68.88#26.42#4.7
-155.582,60.0313#68.78#26.42#4.8
-155.475,60.0365#68.68#26.43#4.88999999999999
-155.369,60.0415#68.54#26.43#5.03
-155.262,60.0465#68.4#26.44#5.16
-155.155,60.0513#68.26#26.44#5.3
-155.048,60.0561#68.12#26.44#5.44
-154.941,60.0608#67.95#26.45#5.59999999999999
-154.834,60.0653#67.77#26.45#5.78
-154.727,60.0698#67.59#26.46#5.94999999999999
-154.62,60.0742#67.41#26.46#6.13
-154.513,60.0784#67.23#26.47#6.3
-154.406,60.0826#67.04#26.47#6.48999999999999
-154.299,60.0867#66.84#26.48#6.67999999999999
-154.192,60.0906#66.64#26.48#6.88
-154.085,60.0945#66.45#26.48#7.06999999999999
-153.978,60.0983#66.25#26.49#7.26000000000001
-153.871,60.1019#66.04#26.49#7.47
-153.763,60.1055#65.83#26.5#7.67
-153.656,60.109#65.62#26.5#7.88
-153.549,60.1123#65.41#26.51#8.08
-153.442,60.1156#65.18#26.51#8.30999999999999
-153.334,60.1187#64.94#26.52#8.54000000000001
-153.227,60.1218#64.71#26.52#8.77000000000001
-153.12,60.1248#64.47#26.53#9
-153.012,60.1276#64.23#26.53#9.23999999999999
-152.905,60.1304#64.06#26.54#9.40000000000001
-152.797,60.1331#63.9#26.54#9.56
-152.69,60.1356#63.74#26.55#9.70999999999999
-152.582,60.1381#63.58#26.55#9.87
-152.475,60.1405#63.39#26.56#10.05
-152.367,60.1427#63.05#26.56#10.39
-152.26,60.1449#62.72#26.57#10.71
-152.152,60.147#62.38#26.57#11.05
-152.045,60.1489#62.05#26.58#11.37
-151.937,60.1508#61.72#26.58#11.7
-151.83,60.1525#61.4#26.59#12.01
-151.722,60.1542#61.08#26.59#12.33
-151.614,60.1558#60.75#26.6#12.65
-151.507,60.1572#60.43#26.6#12.97
-151.399,60.1586#60.21#26.61#13.18
-151.292,60.1598#59.99#26.61#13.4
-151.184,60.161#59.77#26.62#13.61
-151.076,60.162#59.56#26.63#13.81
-150.969,60.163#59.35#26.63#14.02
-150.861,60.1639#59.15#26.64#14.21
-150.753,60.1646#58.96#26.64#14.4
-150.646,60.1653#58.76#26.65#14.59
-150.538,60.1658#58.57#26.65#14.78
-150.43,60.1663#58.36#26.66#14.98
-150.322,60.1666#58.14#26.66#15.2
-150.215,60.1669#57.93#26.67#15.4
-150.107,60.167#57.72#26.67#15.61
-149.999,60.1671#57.5#26.68#15.82
-149.892,60.167#57.3#26.69#16.01
-149.784,60.1669#57.1#26.69#16.21
-149.676,60.1666#56.9#26.7#16.4
-149.569,60.1663#56.7#26.7#16.6
-149.461,60.1658#56.5#26.71#16.79
-149.353,60.1653#56.31#26.72#16.97
-149.245,60.1646#56.12#26.72#17.16
-149.138,60.1638#55.92#26.73#17.35
-149.03,60.163#55.73#26.73#17.54
-148.922,60.162#55.55#26.74#17.71
-148.815,60.161#55.37#26.74#17.89
-148.707,60.1598#55.19#26.75#18.06
-148.599,60.1586#55.01#26.76#18.23
-148.492,60.1572#54.83#26.76#18.41
-148.384,60.1557#54.66#26.77#18.57
-148.277,60.1542#54.5#26.78#18.72
-148.169,60.1525#54.33#26.78#18.89
-148.061,60.1508#54.17#26.79#19.04
-147.954,60.1489#54.01#26.8#19.19
-147.846,60.1469#53.85#26.81#19.34
-147.739,60.1449#53.7#26.82#19.48
-147.631,60.1427#53.55#26.83#19.62
-147.524,60.1404#53.4#26.84#19.76
-147.416,60.1381#53.25#26.87#19.88
-147.309,60.1356#53.11#26.89#20
-147.201,60.133#52.97#26.92#20.11
-147.094,60.1304#52.82#26.95#20.23
-146.986,60.1276#52.68#26.98#20.34
-146.879,60.1247#52.55#27.03#20.42
-146.772,60.1218#52.41#27.08#20.51
-146.664,60.1187#52.28#27.13#20.59
-146.557,60.1155#52.14#27.17#20.69
-146.45,60.1123#52.01#27.23#20.76
-146.342,60.1089#51.87#27.28#20.85
-146.235,60.1054#51.73#27.34#20.93
-146.128,60.1019#51.59#27.39#21.02
-146.021,60.0982#51.46#27.45#21.09
-145.914,60.0944#51.35#27.49#21.16
-145.806,60.0906#51.26#27.54#21.2
-145.699,60.0866#51.16#27.58#21.26
-145.592,60.0825#51.07#27.62#21.31
-145.485,60.0784#50.96#27.66#21.38
-145.378,60.0741#50.81#27.68#21.51
-145.271,60.0697#50.65#27.7#21.65
-145.164,60.0653#50.5#27.72#21.78
-145.057,60.0607#50.35#27.74#21.91
-144.95,60.0561#50.16#27.76#22.08
-144.844,60.0513#49.92#27.77#22.31
-144.737,60.0464#49.67#27.79#22.54
-144.63,60.0415#49.43#27.8#22.77
-144.523,60.0364#49.19#27.81#23
-144.417,60.0312#48.92#27.82#23.26
-144.31,60.026#48.64#27.83#23.53
-144.203,60.0206#48.35#27.83#23.82
-144.097,60.0152#48.07#27.84#24.09
-143.99,60.0096#47.79#27.85#24.36
-143.884,60.004#47.53#27.85#24.62
-143.777,59.9982#47.27#27.86#24.87
-143.671,59.9924#47#27.86#25.14
-143.564,59.9864#46.74#27.87#25.39
-143.458,59.9804#46.48#27.87#25.65
-143.352,59.9742#46.24#27.87#25.89
-143.246,59.968#45.99#27.88#26.13
-143.139,59.9616#45.74#27.88#26.38
-143.033,59.9552#45.49#27.88#26.63
-142.927,59.9486#45.25#27.89#26.86
-142.821,59.942#45.01#27.89#27.1
-142.715,59.9353#44.77#27.89#27.34
-142.609,59.9284#44.54#27.89#27.57
-142.503,59.9215#44.3#27.9#27.8
-142.397,59.9145#44.08#27.9#28.02
-142.292,59.9073#43.85#27.9#28.25
-142.186,59.9001#43.63#27.9#28.47
-158.462,59.9077#69.88#26.32#3.80000000000001
-158.356,59.9155#69.87#26.32#3.81
-158.25,59.9233#69.87#26.32#3.81
-158.145,59.9309#69.86#26.33#3.81
-158.039,59.9384#69.85#26.33#3.82000000000001
-157.933,59.9459#69.85#26.33#3.82000000000001
-157.827,59.9532#69.84#26.34#3.81999999999999
-157.721,59.9604#69.83#26.34#3.83
-157.615,59.9676#69.82#26.34#3.84
-157.509,59.9746#69.81#26.35#3.84
-157.403,59.9816#69.79#26.35#3.85999999999999
-157.297,59.9884#69.76#26.35#3.88999999999999
-157.191,59.9952#69.74#26.36#3.90000000000001
-157.085,60.0018#69.72#26.36#3.92
-156.978,60.0084#69.69#26.37#3.94
-156.872,60.0148#69.64#26.37#3.98999999999999
-156.766,60.0212#69.59#26.37#4.03999999999999
-156.659,60.0275#69.54#26.38#4.08
-156.553,60.0336#69.48#26.38#4.14
-156.446,60.0397#69.42#26.38#4.2
-156.34,60.0456#69.35#26.39#4.26000000000001
-156.233,60.0515#69.27#26.39#4.34
-156.126,60.0573#69.2#26.4#4.40000000000001
-156.02,60.0629#69.13#26.4#4.47
-155.913,60.0685#69.03#26.4#4.56999999999999
-155.806,60.074#68.94#26.41#4.65000000000001
-155.699,60.0793#68.84#26.41#4.75
-155.593,60.0846#68.74#26.42#4.84
-155.486,60.0898#68.64#26.42#4.94
-155.379,60.0948#68.5#26.43#5.06999999999999
-155.272,60.0998#68.35#26.43#5.22
-155.165,60.1047#68.21#26.43#5.36000000000001
-155.058,60.1095#68.06#26.44#5.5
-154.951,60.1141#67.9#26.44#5.66
-154.843,60.1187#67.71#26.45#5.84
-154.736,60.1232#67.53#26.45#6.02
-154.629,60.1276#67.34#26.46#6.19999999999999
-154.522,60.1318#67.16#26.46#6.38
-154.415,60.136#66.96#26.46#6.58000000000001
-154.307,60.1401#66.76#26.47#6.77
-154.2,60.144#66.56#26.47#6.97
-154.093,60.1479#66.36#26.48#7.16
-153.985,60.1517#66.16#26.48#7.36
-153.878,60.1554#65.95#26.49#7.56
-153.771,60.1589#65.74#26.49#7.77000000000001
-153.663,60.1624#65.52#26.5#7.98
-153.556,60.1658#65.31#26.5#8.19
-153.448,60.1691#65.08#26.51#8.41
-153.341,60.1722#64.83#26.51#8.66
-153.233,60.1753#64.59#26.52#8.89
-153.125,60.1783#64.34#26.52#9.14
-153.018,60.1811#64.1#26.53#9.37
-152.91,60.1839#63.92#26.53#9.55
-152.803,60.1866#63.76#26.54#9.7
-152.695,60.1892#63.59#26.54#9.87
-152.587,60.1916#63.42#26.55#10.03
-152.48,60.194#63.21#26.55#10.24
-152.372,60.1963#62.87#26.56#10.57
-152.264,60.1984#62.53#26.56#10.91
-152.156,60.2005#62.2#26.57#11.23
-152.049,60.2025#61.86#26.57#11.57
-151.941,60.2043#61.53#26.58#11.89
-151.833,60.2061#61.22#26.58#12.2
-151.725,60.2078#60.9#26.59#12.51
-151.617,60.2093#60.59#26.59#12.82
-151.51,60.2108#60.28#26.6#13.12
-151.402,60.2121#60.06#26.6#13.34
-151.294,60.2134#59.85#26.61#13.54
-151.186,60.2146#59.64#26.61#13.75
-151.078,60.2156#59.43#26.62#13.95
-150.97,60.2166#59.23#26.62#14.15
-150.862,60.2174#59.04#26.63#14.33
-150.755,60.2182#58.84#26.63#14.53
-150.647,60.2188#58.65#26.64#14.71
-150.539,60.2194#58.46#26.65#14.89
-150.431,60.2199#58.25#26.65#15.1
-150.323,60.2202#58.04#26.66#15.3
-150.215,60.2205#57.83#26.66#15.51
-150.107,60.2206#57.62#26.67#15.71
-149.999,60.2207#57.41#26.67#15.92
-149.891,60.2206#57.21#26.68#16.11
-149.784,60.2205#57.01#26.69#16.3
-149.676,60.2202#56.81#26.69#16.5
-149.568,60.2199#56.61#26.7#16.69
-149.46,60.2194#56.41#26.7#16.89
-149.352,60.2188#56.22#26.71#17.07
-149.244,60.2182#56.03#26.71#17.26
-149.136,60.2174#55.84#26.72#17.44
-149.028,60.2166#55.65#26.73#17.62
-148.92,60.2156#55.47#26.73#17.8
-148.813,60.2145#55.29#26.74#17.97
-148.705,60.2134#55.11#26.74#18.15
-148.597,60.2121#54.94#26.75#18.31
-148.489,60.2108#54.76#26.76#18.48
-148.381,60.2093#54.59#26.76#18.65
-148.273,60.2077#54.43#26.77#18.8
-148.166,60.2061#54.26#26.78#18.96
-148.058,60.2043#54.1#26.78#19.12
-147.95,60.2024#53.94#26.79#19.27
-147.842,60.2005#53.79#26.81#19.4
-147.735,60.1984#53.64#26.82#19.54
-147.627,60.1962#53.49#26.83#19.68
-147.519,60.194#53.34#26.84#19.82
-147.411,60.1916#53.19#26.87#19.94
-147.304,60.1891#53.05#26.9#20.05
-147.196,60.1866#52.91#26.93#20.16
-147.088,60.1839#52.77#26.96#20.27
-146.981,60.1811#52.63#26.99#20.38
-146.873,60.1782#52.49#27.04#20.47
-146.766,60.1753#52.36#27.09#20.55
-146.658,60.1722#52.23#27.14#20.63
-146.551,60.169#52.1#27.19#20.71
-146.443,60.1657#51.96#27.25#20.79
-146.336,60.1624#51.82#27.3#20.88
-146.228,60.1589#51.69#27.36#20.95
-146.121,60.1553#51.55#27.42#21.03
-146.013,60.1516#51.41#27.47#21.12
-145.906,60.1479#51.32#27.52#21.16
-145.799,60.144#51.23#27.56#21.21
-145.691,60.14#51.14#27.6#21.26
-145.584,60.1359#51.05#27.64#21.31
-145.477,60.1318#50.95#27.68#21.37
-145.37,60.1275#50.79#27.69#21.52
-145.262,60.1231#50.63#27.71#21.66
-145.155,60.1186#50.48#27.73#21.79
-145.048,60.1141#50.32#27.75#21.93
-144.941,60.1094#50.12#27.77#22.11
-144.834,60.1046#49.87#27.78#22.35
-144.727,60.0998#49.63#27.79#22.58
-144.62,60.0948#49.38#27.8#22.82
-144.513,60.0897#49.14#27.81#23.05
-144.406,60.0845#48.86#27.82#23.32
-144.299,60.0793#48.58#27.83#23.59
-144.192,60.0739#48.3#27.83#23.87
-144.086,60.0684#48.02#27.84#24.14
-143.979,60.0629#47.74#27.85#24.41
-143.872,60.0572#47.47#27.85#24.68
-143.766,60.0514#47.21#27.86#24.93
-143.659,60.0456#46.95#27.86#25.19
-143.552,60.0396#46.68#27.86#25.46
-143.446,60.0335#46.43#27.87#25.7
-143.339,60.0274#46.18#27.87#25.95
-143.233,60.0211#45.93#27.87#26.2
-143.127,60.0148#45.68#27.88#26.44
-143.02,60.0083#45.43#27.88#26.69
-142.914,60.0017#45.18#27.88#26.94
-142.808,59.9951#44.95#27.89#27.16
-142.702,59.9883#44.71#27.89#27.4
-142.595,59.9815#44.47#27.89#27.64
-142.489,59.9745#44.23#27.9#27.87
-142.383,59.9675#44#27.9#28.1
-142.277,59.9604#43.78#27.9#28.32
-142.171,59.9531#43.55#27.9#28.55
-142.066,59.9458#43.32#27.91#28.77
-141.96,59.9383#43.1#27.91#28.99
-141.854,59.9308#42.89#27.91#29.2
-141.748,59.9232#42.68#27.91#29.41
-141.643,59.9154#42.46#27.91#29.63
-141.537,59.9076#42.25#27.92#29.83
-159.216,59.903#69.88#26.29#3.83000000000001
-159.111,59.9116#69.88#26.29#3.83000000000001
-159.006,59.92#69.88#26.3#3.82000000000001
-158.9,59.9283#69.88#26.3#3.82000000000001
-158.794,59.9365#69.88#26.3#3.82000000000001
-158.689,59.9447#69.88#26.31#3.81
-158.583,59.9527#69.88#26.31#3.81
-158.477,59.9606#69.87#26.31#3.81999999999999
-158.372,59.9685#69.87#26.31#3.81999999999999
-158.266,59.9762#69.86#26.32#3.81999999999999
-158.16,59.9839#69.86#26.32#3.81999999999999
-158.054,59.9914#69.85#26.32#3.83000000000001
-157.948,59.9989#69.84#26.33#3.83
-157.842,60.0062#69.83#26.33#3.84
-157.736,60.0135#69.82#26.33#3.85000000000001
-157.63,60.0206#69.81#26.34#3.84999999999999
-157.523,60.0277#69.8#26.34#3.86
-157.417,60.0347#69.78#26.35#3.87
-157.311,60.0415#69.75#26.35#3.90000000000001
-157.204,60.0483#69.73#26.35#3.91999999999999
-157.098,60.055#69.7#26.36#3.94
-156.991,60.0615#69.68#26.36#3.95999999999999
-156.885,60.068#69.62#26.36#4.02
-156.778,60.0744#69.57#26.37#4.06
-156.672,60.0806#69.52#26.37#4.11
-156.565,60.0868#69.46#26.38#4.16000000000001
-156.458,60.0929#69.4#26.38#4.22
-156.352,60.0989#69.32#26.38#4.30000000000001
-156.245,60.1047#69.25#26.39#4.36
-156.138,60.1105#69.17#26.39#4.44
-156.031,60.1162#69.1#26.39#4.51000000000001
-155.924,60.1218#69#26.4#4.59999999999999
-155.817,60.1273#68.9#26.4#4.69999999999999
-155.71,60.1326#68.8#26.41#4.79000000000001
-155.603,60.1379#68.7#26.41#4.89
-155.496,60.1431#68.6#26.42#4.98
-155.389,60.1482#68.45#26.42#5.13
-155.282,60.1532#68.3#26.42#5.28
-155.174,60.158#68.15#26.43#5.41999999999999
-155.067,60.1628#68#26.43#5.56999999999999
-154.96,60.1675#67.84#26.44#5.72
-154.853,60.1721#67.65#26.44#5.91
-154.745,60.1766#67.46#26.45#6.09
-154.638,60.1809#67.27#26.45#6.28
-154.53,60.1852#67.08#26.45#6.47
-154.423,60.1894#66.88#26.46#6.66
-154.315,60.1935#66.67#26.46#6.87
-154.208,60.1975#66.46#26.47#7.07000000000001
-154.1,60.2014#66.26#26.47#7.27
-153.993,60.2051#66.05#26.48#7.47
-153.885,60.2088#65.83#26.48#7.69
-153.778,60.2124#65.6#26.49#7.91000000000001
-153.67,60.2159#65.38#26.49#8.13000000000001
-153.562,60.2193#65.16#26.5#8.34
-153.455,60.2225#64.93#26.5#8.56999999999999
-153.347,60.2257#64.68#26.51#8.80999999999999
-153.239,60.2288#64.43#26.51#9.05999999999999
-153.131,60.2318#64.19#26.51#9.3
-153.024,60.2347#63.95#26.52#9.53
-152.916,60.2374#63.75#26.52#9.73
-152.808,60.2401#63.56#26.53#9.91
-152.7,60.2427#63.37#26.53#10.1
-152.592,60.2452#63.18#26.54#10.28
-152.484,60.2475#62.96#26.54#10.5
-152.376,60.2498#62.63#26.55#10.82
-152.268,60.252#62.3#26.55#11.15
-152.16,60.254#61.97#26.56#11.47
-152.052,60.256#61.64#26.57#11.79
-151.945,60.2579#61.32#26.57#12.11
-151.837,60.2597#61.02#26.58#12.4
-151.729,60.2613#60.73#26.58#12.69
-151.621,60.2629#60.43#26.59#12.98
-151.512,60.2644#60.14#26.59#13.27
-151.404,60.2657#59.92#26.6#13.48
-151.296,60.267#59.72#26.6#13.68
-151.188,60.2681#59.51#26.61#13.88
-151.08,60.2692#59.31#26.61#14.08
-150.972,60.2702#59.11#26.62#14.27
-150.864,60.271#58.92#26.62#14.46
-150.756,60.2718#58.73#26.63#14.64
-150.648,60.2724#58.54#26.63#14.83
-150.54,60.273#58.35#26.64#15.01
-150.432,60.2735#58.14#26.65#15.21
-150.324,60.2738#57.94#26.65#15.41
-150.216,60.2741#57.73#26.66#15.61
-150.107,60.2742#57.52#26.66#15.82
-149.999,60.2743#57.31#26.67#16.02
-149.891,60.2742#57.11#26.67#16.22
-149.783,60.2741#56.92#26.68#16.4
-149.675,60.2738#56.72#26.69#16.59
-149.567,60.2734#56.52#26.69#16.79
-149.459,60.273#56.32#26.7#16.98
-149.351,60.2724#56.14#26.7#17.16
-149.243,60.2718#55.95#26.71#17.34
-149.135,60.271#55.76#26.71#17.53
-149.026,60.2702#55.57#26.72#17.71
-148.918,60.2692#55.39#26.73#17.88
-148.81,60.2681#55.21#26.73#18.06
-148.702,60.267#55.03#26.74#18.23
-148.594,60.2657#54.86#26.74#18.4
-148.486,60.2643#54.68#26.75#18.57
-148.378,60.2629#54.51#26.76#18.73
-148.27,60.2613#54.35#26.76#18.89
-148.162,60.2596#54.18#26.77#19.05
-148.054,60.2579#54.02#26.78#19.2
-147.946,60.256#53.86#26.79#19.35
-147.838,60.254#53.71#26.81#19.48
-147.73,60.252#53.56#26.82#19.62
-147.622,60.2498#53.41#26.83#19.76
-147.514,60.2475#53.26#26.85#19.89
-147.407,60.2451#53.11#26.88#20.01
-147.299,60.2427#52.97#26.91#20.12
-147.191,60.2401#52.83#26.94#20.23
-147.083,60.2374#52.69#26.97#20.34
-146.975,60.2346#52.55#27.01#20.44
-146.867,60.2317#52.42#27.06#20.52
-146.76,60.2288#52.28#27.12#20.6
-146.652,60.2257#52.15#27.17#20.68
-146.544,60.2225#52.02#27.22#20.76
-146.436,60.2192#51.89#27.27#20.84
-146.329,60.2158#51.75#27.33#20.92
-146.221,60.2124#51.62#27.38#21
-146.113,60.2088#51.49#27.44#21.07
-146.006,60.2051#51.35#27.5#21.15
-145.898,60.2013#51.26#27.54#21.2
-145.791,60.1974#51.18#27.57#21.25
-145.683,60.1934#51.09#27.61#21.3
-145.576,60.1894#51.01#27.65#21.34
-145.468,60.1852#50.9#27.69#21.41
-145.361,60.1809#50.75#27.71#21.54
-145.253,60.1765#50.6#27.72#21.68
-145.146,60.172#50.44#27.74#21.82
-145.039,60.1674#50.29#27.76#21.95
-144.932,60.1628#50.07#27.77#22.16
-144.824,60.158#49.83#27.78#22.39
-144.717,60.1531#49.58#27.79#22.63
-144.61,60.1481#49.34#27.81#22.85
-144.503,60.143#49.09#27.82#23.09
-144.396,60.1378#48.81#27.82#23.37
-144.289,60.1326#48.53#27.83#23.64
-144.182,60.1272#48.24#27.83#23.93
-144.075,60.1217#47.96#27.84#24.2
-143.968,60.1161#47.68#27.85#24.47
-143.861,60.1104#47.42#27.85#24.73
-143.754,60.1047#47.15#27.85#25
-143.647,60.0988#46.89#27.86#25.25
-143.54,60.0928#46.62#27.86#25.52
-143.434,60.0867#46.37#27.87#25.76
-143.327,60.0806#46.12#27.87#26.01
-143.22,60.0743#45.86#27.87#26.27
-143.114,60.0679#45.61#27.88#26.51
-143.007,60.0615#45.36#27.88#26.76
-142.901,60.0549#45.12#27.88#27
-142.794,60.0482#44.88#27.89#27.23
-142.688,60.0414#44.64#27.89#27.47
-142.582,60.0346#44.4#27.89#27.71
-142.475,60.0276#44.16#27.89#27.95
-142.369,60.0206#43.93#27.9#28.17
-142.263,60.0134#43.7#27.9#28.4
-142.157,60.0061#43.47#27.9#28.63
-142.051,59.9988#43.24#27.9#28.86
-141.945,59.9913#43.02#27.91#29.07
-141.839,59.9838#42.81#27.91#29.28
-141.733,59.9761#42.59#27.91#29.5
-141.627,59.9684#42.38#27.91#29.71
-141.521,59.9605#42.16#27.92#29.92
-141.415,59.9526#41.96#27.92#30.12
-141.31,59.9446#41.75#27.92#30.33
-141.204,59.9364#41.54#27.92#30.54
-141.099,59.9282#41.34#27.92#30.74
-140.993,59.9199#41.14#27.93#30.93
-140.888,59.9114#40.99#27.93#31.08
-140.782,59.9029#40.84#27.93#31.23
-159.865,59.9026#69.85#26.27#3.88000000000001
-159.76,59.9117#69.86#26.27#3.87
-159.655,59.9207#69.87#26.27#3.86
-159.55,59.9297#69.87#26.28#3.84999999999999
-159.444,59.9385#69.88#26.28#3.84
-159.339,59.9472#69.88#26.28#3.84
-159.233,59.9559#69.88#26.28#3.84
-159.128,59.9644#69.88#26.29#3.83000000000001
-159.022,59.9728#69.88#26.29#3.83000000000001
-158.917,59.9812#69.88#26.29#3.83000000000001
-158.811,59.9894#69.88#26.3#3.82000000000001
-158.705,59.9976#69.88#26.3#3.82000000000001
-158.599,60.0056#69.87#26.3#3.83
-158.493,60.0136#69.87#26.31#3.81999999999999
-158.387,60.0215#69.86#26.31#3.83
-158.281,60.0292#69.86#26.31#3.83
-158.175,60.0369#69.85#26.32#3.83000000000001
-158.069,60.0444#69.84#26.32#3.84
-157.963,60.0519#69.83#26.32#3.84999999999999
-157.857,60.0593#69.82#26.33#3.85000000000001
-157.75,60.0665#69.81#26.33#3.86
-157.644,60.0737#69.8#26.33#3.87
-157.537,60.0808#69.79#26.34#3.86999999999999
-157.431,60.0878#69.77#26.34#3.89
-157.324,60.0947#69.74#26.34#3.92
-157.218,60.1014#69.72#26.35#3.93000000000001
-157.111,60.1081#69.69#26.35#3.96000000000001
-157.005,60.1147#69.66#26.35#3.99000000000001
-156.898,60.1212#69.61#26.36#4.03
-156.791,60.1276#69.55#26.36#4.09
-156.684,60.1338#69.5#26.37#4.13
-156.577,60.14#69.44#26.37#4.19
-156.47,60.1461#69.38#26.37#4.25
-156.363,60.1521#69.3#26.38#4.32000000000001
-156.256,60.158#69.22#26.38#4.40000000000001
-156.149,60.1638#69.15#26.39#4.45999999999999
-156.042,60.1695#69.07#26.39#4.54000000000001
-155.935,60.1751#68.97#26.39#4.64
-155.828,60.1806#68.87#26.4#4.72999999999999
-155.721,60.1859#68.76#26.4#4.84
-155.614,60.1912#68.66#26.41#4.93000000000001
-155.506,60.1964#68.55#26.41#5.04000000000001
-155.399,60.2015#68.4#26.41#5.19
-155.292,60.2065#68.24#26.42#5.34
-155.184,60.2114#68.09#26.42#5.48999999999999
-155.077,60.2162#67.93#26.43#5.63999999999999
-154.969,60.2209#67.76#26.43#5.81
-154.862,60.2255#67.57#26.44#5.99000000000001
-154.754,60.23#67.37#26.44#6.19
-154.647,60.2344#67.18#26.44#6.38
-154.539,60.2387#66.98#26.45#6.56999999999999
-154.431,60.2428#66.77#26.45#6.78
-154.324,60.2469#66.56#26.46#6.97999999999999
-154.216,60.2509#66.35#26.46#7.19
-154.108,60.2548#66.14#26.47#7.39
-154,60.2586#65.92#26.47#7.61
-153.893,60.2623#65.7#26.48#7.81999999999999
-153.785,60.2659#65.47#26.48#8.05
-153.677,60.2694#65.24#26.49#8.27000000000001
-153.569,60.2728#65.01#26.49#8.5
-153.461,60.276#64.77#26.49#8.74000000000001
-153.353,60.2792#64.53#26.5#8.97
-153.245,60.2823#64.28#26.5#9.22
-153.137,60.2853#64.04#26.51#9.44999999999999
-153.029,60.2882#63.79#26.51#9.7
-152.921,60.291#63.57#26.52#9.91
-152.813,60.2936#63.36#26.52#10.12
-152.705,60.2962#63.15#26.53#10.32
-152.597,60.2987#62.94#26.53#10.53
-152.489,60.3011#62.71#26.54#10.75
-152.381,60.3034#62.38#26.54#11.08
-152.273,60.3055#62.06#26.55#11.39
-152.165,60.3076#61.74#26.55#11.71
-152.056,60.3096#61.41#26.56#12.03
-151.948,60.3115#61.11#26.56#12.33
-151.84,60.3132#60.83#26.57#12.6
-151.732,60.3149#60.55#26.57#12.88
-151.624,60.3165#60.27#26.58#13.15
-151.515,60.3179#60#26.58#13.42
-151.407,60.3193#59.79#26.59#13.62
-151.299,60.3206#59.59#26.6#13.81
-151.191,60.3217#59.39#26.6#14.01
-151.082,60.3228#59.19#26.61#14.2
-150.974,60.3238#58.99#26.61#14.4
-150.866,60.3246#58.8#26.62#14.58
-150.757,60.3254#58.61#26.62#14.77
-150.649,60.326#58.42#26.63#14.95
-150.541,60.3266#58.24#26.63#15.13
-150.433,60.3271#58.04#26.64#15.32
-150.324,60.3274#57.83#26.64#15.53
-150.216,60.3277#57.63#26.65#15.72
-150.108,60.3278#57.42#26.66#15.92
-149.999,60.3279#57.22#26.66#16.12
-149.891,60.3278#57.02#26.67#16.31
-149.783,60.3277#56.82#26.67#16.51
-149.674,60.3274#56.63#26.68#16.69
-149.566,60.3271#56.43#26.68#16.89
-149.458,60.3266#56.24#26.69#17.07
-149.349,60.326#56.05#26.7#17.25
-149.241,60.3254#55.86#26.7#17.44
-149.133,60.3246#55.68#26.71#17.61
-149.025,60.3238#55.49#26.71#17.8
-148.916,60.3228#55.31#26.72#17.97
-148.808,60.3217#55.13#26.73#18.14
-148.7,60.3206#54.95#26.73#18.32
-148.592,60.3193#54.78#26.74#18.48
-148.483,60.3179#54.6#26.74#18.66
-148.375,60.3165#54.44#26.75#18.81
-148.267,60.3149#54.27#26.76#18.97
-148.159,60.3132#54.11#26.77#19.12
-148.05,60.3114#53.94#26.78#19.28
-147.942,60.3096#53.78#26.79#19.43
-147.834,60.3076#53.63#26.8#19.57
-147.726,60.3055#53.48#26.82#19.7
-147.618,60.3033#53.33#26.84#19.83
-147.51,60.3011#53.18#26.85#19.97
-147.402,60.2987#53.04#26.89#20.07
-147.294,60.2962#52.9#26.92#20.18
-147.185,60.2936#52.75#26.96#20.29
-147.077,60.2909#52.61#26.99#20.4
-146.969,60.2881#52.47#27.03#20.5
-146.861,60.2853#52.34#27.09#20.57
-146.753,60.2823#52.21#27.14#20.65
-146.645,60.2792#52.07#27.19#20.74
-146.538,60.276#51.94#27.25#20.81
-146.43,60.2727#51.81#27.3#20.89
-146.322,60.2693#51.68#27.35#20.97
-146.214,60.2658#51.55#27.41#21.04
-146.106,60.2622#51.42#27.46#21.12
-145.998,60.2586#51.29#27.52#21.19
-145.891,60.2548#51.2#27.55#21.25
-145.783,60.2509#51.11#27.59#21.3
-145.675,60.2469#51.02#27.63#21.35
-145.567,60.2428#50.93#27.66#21.41
-145.46,60.2386#50.82#27.7#21.48
-145.352,60.2343#50.66#27.71#21.63
-145.245,60.2299#50.51#27.73#21.76
-145.137,60.2254#50.36#27.75#21.89
-145.029,60.2208#50.21#27.76#22.03
-144.922,60.2161#49.99#27.78#22.23
-144.815,60.2113#49.75#27.79#22.46
-144.707,60.2064#49.51#27.8#22.69
-144.6,60.2015#49.27#27.81#22.92
-144.492,60.1964#49.02#27.82#23.16
-144.385,60.1912#48.74#27.82#23.44
-144.278,60.1859#48.46#27.83#23.71
-144.171,60.1805#48.18#27.83#23.99
-144.063,60.175#47.9#27.84#24.26
-143.956,60.1694#47.63#27.85#24.52
-143.849,60.1637#47.36#27.85#24.79
-143.742,60.1579#47.1#27.85#25.05
-143.635,60.152#46.83#27.86#25.31
-143.528,60.146#46.57#27.86#25.57
-143.421,60.14#46.31#27.87#25.82
-143.314,60.1338#46.06#27.87#26.07
-143.208,60.1275#45.8#27.87#26.33
-143.101,60.1211#45.55#27.88#26.57
-142.994,60.1146#45.3#27.88#26.82
-142.887,60.108#45.06#27.88#27.06
-142.781,60.1013#44.81#27.88#27.31
-142.674,60.0946#44.57#27.89#27.54
-142.568,60.0877#44.33#27.89#27.78
-142.461,60.0807#44.09#27.89#28.02
-142.355,60.0736#43.86#27.89#28.25
-142.248,60.0665#43.63#27.9#28.47
-142.142,60.0592#43.39#27.9#28.71
-142.036,60.0518#43.16#27.9#28.94
-141.93,60.0443#42.94#27.9#29.16
-141.824,60.0368#42.72#27.91#29.37
-141.717,60.0291#42.5#27.91#29.59
-141.611,60.0214#42.29#27.91#29.8
-141.505,60.0135#42.07#27.91#30.02
-141.4,60.0055#41.86#27.92#30.22
-141.294,59.9975#41.65#27.92#30.43
-141.188,59.9893#41.45#27.92#30.63
-141.082,59.9811#41.24#27.92#30.84
-140.976,59.9727#41.05#27.92#31.03
-140.871,59.9643#40.89#27.93#31.18
-140.765,59.9557#40.73#27.93#31.34
-140.66,59.9471#40.58#27.93#31.49
-140.554,59.9384#40.43#27.93#31.64
-140.449,59.9295#40.31#27.94#31.75
-140.344,59.9206#40.23#27.94#31.83
-140.238,59.9116#40.14#27.94#31.92
-140.133,59.9025#40.05#27.94#32.01
-160.409,59.9082#69.77#26.25#3.98
-160.304,59.9178#69.79#26.25#3.95999999999999
-160.199,59.9273#69.81#26.25#3.94
-160.094,59.9367#69.83#26.26#3.91
-159.989,59.9461#69.84#26.26#3.89999999999999
-159.884,59.9553#69.85#26.26#3.89
-159.778,59.9644#69.86#26.27#3.87
-159.673,59.9735#69.86#26.27#3.87
-159.567,59.9824#69.87#26.27#3.86
-159.462,59.9913#69.88#26.27#3.85000000000001
-159.356,60#69.88#26.28#3.84
-159.251,60.0087#69.88#26.28#3.84
-159.145,60.0172#69.88#26.28#3.84
-159.039,60.0257#69.88#26.29#3.83000000000001
-158.933,60.0341#69.88#26.29#3.83000000000001
-158.827,60.0423#69.88#26.29#3.83000000000001
-158.721,60.0505#69.87#26.3#3.83
-158.615,60.0586#69.87#26.3#3.83
-158.509,60.0666#69.87#26.3#3.83
-158.403,60.0744#69.86#26.31#3.83
-158.297,60.0822#69.85#26.31#3.84
-158.19,60.0899#69.85#26.31#3.84
-158.084,60.0975#69.84#26.31#3.84999999999999
-157.978,60.1049#69.83#26.32#3.84999999999999
-157.871,60.1123#69.82#26.32#3.86000000000001
-157.765,60.1196#69.81#26.32#3.87
-157.658,60.1268#69.79#26.33#3.88
-157.552,60.1339#69.78#26.33#3.89
-157.445,60.1409#69.76#26.34#3.89999999999999
-157.338,60.1478#69.73#26.34#3.92999999999999
-157.231,60.1546#69.71#26.34#3.95
-157.125,60.1613#69.68#26.35#3.97
-157.018,60.1679#69.65#26.35#4
-156.911,60.1744#69.6#26.35#4.05000000000001
-156.804,60.1808#69.54#26.36#4.09999999999999
-156.697,60.1871#69.48#26.36#4.16
-156.59,60.1933#69.42#26.36#4.22
-156.483,60.1994#69.35#26.37#4.28
-156.375,60.2054#69.27#26.37#4.36
-156.268,60.2113#69.19#26.38#4.43000000000001
-156.161,60.2171#69.11#26.38#4.51000000000001
-156.054,60.2228#69.03#26.38#4.59
-155.946,60.2284#68.93#26.39#4.67999999999999
-155.839,60.2339#68.82#26.39#4.79000000000001
-155.732,60.2393#68.71#26.4#4.89000000000001
