-154.008,68.9018#43.39#27.16#29.45
-153.854,68.9056#43.15#27.19#29.66
-153.7,68.9093#42.9#27.21#29.89
-153.547,68.9128#42.66#27.24#30.1
-153.393,68.9161#42.43#27.26#30.31
-153.239,68.9193#42.19#27.27#30.54
-153.085,68.9224#41.96#27.29#30.75
-152.931,68.9253#41.73#27.3#30.97
-152.777,68.9281#41.49#27.31#31.2
-152.623,68.9307#41.25#27.31#31.44
-152.469,68.9331#41.01#27.32#31.67
-152.314,68.9354#40.79#27.33#31.88
-152.16,68.9376#40.56#27.33#32.11
-152.006,68.9396#40.34#27.34#32.32
-151.852,68.9415#40.15#27.34#32.51
-151.697,68.9432#39.97#27.34#32.69
-151.543,68.9448#39.79#27.35#32.86
-151.389,68.9462#39.63#27.35#33.02
-151.234,68.9475#39.49#27.35#33.16
-151.08,68.9486#39.34#27.35#33.31
-150.926,68.9496#39.21#27.36#33.43
-150.771,68.9504#39.11#27.36#33.53
-150.617,68.9511#39#27.36#33.64
-150.462,68.9516#38.9#27.36#33.74
-150.308,68.9519#38.83#27.37#33.8
-150.153,68.9522#38.76#27.37#33.87
-149.999,68.9522#38.68#27.37#33.95
-149.845,68.9522#38.63#27.37#34
-149.69,68.9519#38.57#27.37#34.06
-149.536,68.9516#38.52#27.37#34.11
-149.381,68.951#38.48#27.38#34.14
-149.227,68.9504#38.44#27.38#34.18
-149.072,68.9495#38.4#27.38#34.22
-148.918,68.9486#38.36#27.38#34.26
-148.764,68.9475#38.33#27.38#34.29
-148.609,68.9462#38.3#27.39#34.31
-148.455,68.9448#38.27#27.39#34.34
-148.301,68.9432#38.24#27.39#34.37
-148.146,68.9415#38.21#27.39#34.4
-147.992,68.9396#38.18#27.39#34.43
-147.838,68.9376#38.15#27.39#34.46
-147.684,68.9354#38.13#27.4#34.47
-147.53,68.9331#38.1#27.4#34.5
-147.375,68.9306#38.07#27.4#34.53
-147.221,68.928#38.05#27.4#34.55
-147.067,68.9253#38.02#27.4#34.58
-146.913,68.9223#38#27.41#34.59
-146.759,68.9193#37.98#27.41#34.61
-146.605,68.9161#37.95#27.41#34.64
-146.451,68.9127#37.93#27.41#34.66
-146.298,68.9092#37.9#27.41#34.69
-146.144,68.9056#37.88#27.42#34.7
-145.99,68.9018#37.85#27.42#34.73
-155.71,68.9054#45.21#26.31#28.48
-155.556,68.9108#45.07#26.38#28.55
-155.403,68.9161#44.92#26.46#28.62
-155.249,68.9213#44.76#26.56#28.68
-155.096,68.9263#44.6#26.66#28.74
-154.942,68.9311#44.43#26.75#28.82
-154.788,68.9358#44.25#26.84#28.91
-154.635,68.9404#44.06#26.93#29.01
-154.481,68.9448#43.87#27.01#29.12
-154.327,68.9491#43.65#27.07#29.28
-154.173,68.9532#43.42#27.12#29.46
-154.019,68.9571#43.2#27.17#29.63
-153.865,68.9609#42.96#27.19#29.85
-153.71,68.9646#42.72#27.22#30.06
-153.556,68.9681#42.49#27.24#30.27
-153.402,68.9715#42.25#27.26#30.49
-153.248,68.9747#42.02#27.27#30.71
-153.093,68.9778#41.79#27.29#30.92
-152.939,68.9807#41.56#27.3#31.14
-152.784,68.9835#41.32#27.31#31.37
-152.63,68.9861#41.07#27.31#31.62
-152.475,68.9885#40.83#27.32#31.85
-152.321,68.9909#40.61#27.32#32.07
-152.166,68.993#40.39#27.33#32.28
-152.011,68.9951#40.18#27.33#32.49
-151.857,68.9969#40#27.34#32.66
-151.702,68.9987#39.83#27.34#32.83
-151.547,69.0002#39.66#27.34#33
-151.392,69.0017#39.51#27.35#33.14
-151.238,69.0029#39.37#27.35#33.28
-151.083,69.004#39.23#27.35#33.42
-150.928,69.005#39.11#27.35#33.54
-150.773,69.0058#39#27.36#33.64
-150.618,69.0065#38.9#27.36#33.74
-150.464,69.007#38.8#27.36#33.84
-150.309,69.0074#38.73#27.36#33.91
-150.154,69.0076#38.65#27.36#33.99
-149.999,69.0077#38.58#27.37#34.05
-149.844,69.0076#38.52#27.37#34.11
-149.689,69.0074#38.47#27.37#34.16
-149.534,69.007#38.42#27.37#34.21
-149.38,69.0065#38.37#27.37#34.26
-149.225,69.0058#38.33#27.38#34.29
-149.07,69.005#38.29#27.38#34.33
-148.915,69.004#38.26#27.38#34.36
-148.76,69.0029#38.22#27.38#34.4
-148.606,69.0016#38.19#27.38#34.43
-148.451,69.0002#38.16#27.39#34.45
-148.296,68.9986#38.13#27.39#34.48
-148.141,68.9969#38.1#27.39#34.51
-147.987,68.995#38.07#27.39#34.54
-147.832,68.993#38.05#27.39#34.56
-147.677,68.9908#38.02#27.39#34.59
-147.523,68.9885#37.99#27.39#34.62
-147.368,68.986#37.96#27.4#34.64
-147.214,68.9834#37.94#27.4#34.66
-147.059,68.9807#37.91#27.4#34.69
-146.905,68.9777#37.89#27.4#34.71
-146.751,68.9747#37.86#27.4#34.74
-146.596,68.9714#37.84#27.41#34.75
-146.442,68.9681#37.82#27.41#34.77
-146.288,68.9646#37.79#27.41#34.8
-146.133,68.9609#37.77#27.41#34.82
-145.979,68.9571#37.74#27.42#34.84
-145.825,68.9531#37.72#27.42#34.86
-145.671,68.949#37.69#27.42#34.89
-145.517,68.9447#37.67#27.43#34.9
-145.363,68.9403#37.64#27.44#34.92
-145.21,68.9358#37.6#27.45#34.95
-145.056,68.9311#37.57#27.46#34.97
-144.902,68.9262#37.54#27.48#34.98
-144.749,68.9212#37.5#27.5#35
-144.595,68.9161#37.46#27.52#35.02
-144.442,68.9108#37.42#27.55#35.03
-144.288,68.9053#37.37#27.58#35.05
-157.105,68.9048#45.99#26.09#27.92
-156.952,68.9116#45.92#26.09#27.99
-156.799,68.9182#45.82#26.09#28.09
-156.646,68.9247#45.72#26.1#28.18
-156.493,68.9311#45.62#26.11#28.27
-156.339,68.9373#45.5#26.13#28.37
-156.186,68.9433#45.38#26.16#28.46
-156.032,68.9492#45.27#26.19#28.54
-155.879,68.955#45.13#26.25#28.62
-155.725,68.9606#45#26.33#28.67
-155.571,68.966#44.86#26.4#28.74
-155.418,68.9713#44.71#26.48#28.81
-155.264,68.9765#44.55#26.58#28.87
-155.11,68.9815#44.4#26.68#28.92
-154.956,68.9864#44.24#26.78#28.98
-154.801,68.9911#44.05#26.87#29.08
-154.647,68.9957#43.87#26.95#29.18
-154.493,69.0001#43.68#27.04#29.28
-154.338,69.0044#43.46#27.08#29.46
-154.184,69.0085#43.24#27.13#29.63
-154.03,69.0125#43.02#27.17#29.81
-153.875,69.0163#42.78#27.2#30.02
-153.72,69.02#42.54#27.22#30.24
-153.566,69.0235#42.31#27.25#30.44
-153.411,69.0269#42.08#27.26#30.66
-153.256,69.0301#41.85#27.28#30.87
-153.102,69.0332#41.62#27.29#31.09
-152.947,69.0361#41.39#27.3#31.31
-152.792,69.0389#41.14#27.31#31.55
-152.637,69.0415#40.9#27.31#31.79
-152.482,69.044#40.65#27.32#32.03
-152.327,69.0463#40.44#27.32#32.24
-152.172,69.0485#40.22#27.33#32.45
-152.017,69.0505#40.01#27.33#32.66
-151.862,69.0524#39.84#27.34#32.82
-151.707,69.0541#39.68#27.34#32.98
-151.551,69.0557#39.52#27.34#33.14
-151.396,69.0571#39.38#27.34#33.28
-151.241,69.0584#39.25#27.35#33.4
-151.086,69.0595#39.12#27.35#33.53
-150.931,69.0605#39#27.35#33.65
-150.775,69.0613#38.9#27.35#33.75
-150.62,69.062#38.8#27.36#33.84
-150.465,69.0625#38.7#27.36#33.94
-150.31,69.0629#38.63#27.36#34.01
-150.154,69.0631#38.55#27.36#34.09
-149.999,69.0632#38.47#27.36#34.17
-149.844,69.0631#38.42#27.37#34.21
-149.688,69.0629#38.37#27.37#34.26
-149.533,69.0625#38.31#27.37#34.32
-149.378,69.062#38.27#27.37#34.36
-149.223,69.0613#38.23#27.37#34.4
-149.067,69.0605#38.19#27.37#34.44
-148.912,69.0595#38.15#27.38#34.47
-148.757,69.0584#38.12#27.38#34.5
-148.602,69.0571#38.08#27.38#34.54
-148.447,69.0557#38.05#27.38#34.57
-148.291,69.0541#38.02#27.38#34.6
-148.136,69.0524#37.99#27.39#34.62
-147.981,69.0505#37.96#27.39#34.65
-147.826,69.0485#37.94#27.39#34.67
-147.671,69.0463#37.91#27.39#34.7
-147.516,69.0439#37.88#27.39#34.73
-147.361,69.0415#37.86#27.39#34.75
-147.206,69.0388#37.83#27.4#34.77
-147.051,69.0361#37.8#27.4#34.8
-146.897,69.0331#37.78#27.4#34.82
-146.742,69.03#37.75#27.4#34.85
-146.587,69.0268#37.73#27.4#34.87
-146.432,69.0234#37.71#27.41#34.88
-146.278,69.0199#37.68#27.41#34.91
-146.123,69.0162#37.66#27.41#34.93
-145.968,69.0124#37.63#27.41#34.96
-145.814,69.0084#37.61#27.42#34.97
-145.66,69.0043#37.58#27.42#35
-145.505,69#37.56#27.43#35.01
-145.351,68.9956#37.52#27.44#35.04
-145.197,68.991#37.49#27.45#35.06
-145.043,68.9863#37.46#27.46#35.08
-144.888,68.9815#37.43#27.48#35.09
-144.734,68.9764#37.39#27.51#35.1
-144.581,68.9713#37.36#27.53#35.11
-144.427,68.966#37.31#27.56#35.13
-144.273,68.9605#37.26#27.59#35.15
-144.119,68.9549#37.21#27.62#35.17
-143.966,68.9491#37.15#27.65#35.2
-143.812,68.9432#37.07#27.69#35.24
-143.659,68.9372#37#27.72#35.28
-143.505,68.931#36.93#27.75#35.32
-143.352,68.9246#36.83#27.77#35.4
-143.199,68.9181#36.73#27.8#35.47
-143.046,68.9115#36.63#27.82#35.55
-142.893,68.9047#36.52#27.84#35.64
-158.347,68.9001#46.26#26.08#27.66
-158.195,68.9081#46.21#26.08#27.71
-158.042,68.9159#46.15#26.09#27.76
-157.889,68.9236#46.1#26.09#27.81
-157.737,68.9311#46.04#26.09#27.87
-157.584,68.9385#45.98#26.09#27.93
-157.431,68.9458#45.91#26.09#28
-157.277,68.9529#45.84#26.09#28.07
-157.124,68.9598#45.77#26.09#28.14
-156.971,68.9666#45.69#26.09#28.22
-156.817,68.9733#45.59#26.09#28.32
-156.664,68.9798#45.5#26.1#28.4
-156.51,68.9862#45.4#26.11#28.49
-156.356,68.9924#45.28#26.14#28.58
-156.203,68.9985#45.17#26.17#28.66
-156.049,69.0044#45.05#26.2#28.75
-155.895,69.0101#44.92#26.26#28.82
-155.741,69.0158#44.78#26.34#28.88
-155.586,69.0212#44.65#26.42#28.93
-155.432,69.0266#44.5#26.51#28.99
-155.278,69.0317#44.35#26.61#29.04
-155.123,69.0368#44.2#26.71#29.09
-154.969,69.0417#44.04#26.81#29.15
-154.814,69.0464#43.85#26.89#29.26
-154.66,69.051#43.67#26.97#29.36
-154.505,69.0554#43.49#27.06#29.45
-154.35,69.0597#43.27#27.1#29.63
-154.195,69.0638#43.05#27.14#29.81
-154.04,69.0678#42.83#27.18#29.99
-153.886,69.0716#42.6#27.21#30.19
-153.731,69.0753#42.36#27.23#30.41
-153.575,69.0789#42.13#27.25#30.62
-153.42,69.0822#41.9#27.27#30.83
-153.265,69.0855#41.68#27.28#31.04
-153.11,69.0886#41.45#27.29#31.26
-152.955,69.0915#41.22#27.3#31.48
-152.799,69.0943#40.97#27.3#31.73
-152.644,69.0969#40.72#27.31#31.97
-152.489,69.0994#40.47#27.32#32.21
-152.333,69.1017#40.26#27.32#32.42
-152.178,69.1039#40.05#27.33#32.62
-152.022,69.106#39.85#27.33#32.82
-151.867,69.1078#39.69#27.33#32.98
-151.711,69.1096#39.54#27.34#33.12
-151.556,69.1112#39.39#27.34#33.27
-151.4,69.1126#39.26#27.34#33.4
-151.244,69.1139#39.13#27.34#33.53
-151.089,69.115#39.01#27.35#33.64
-150.933,69.116#38.9#27.35#33.75
-150.777,69.1168#38.8#27.35#33.85
-150.622,69.1175#38.7#27.35#33.95
-150.466,69.118#38.6#27.36#34.04
-150.31,69.1184#38.52#27.36#34.12
-150.155,69.1186#38.45#27.36#34.19
-149.999,69.1187#38.37#27.36#34.27
-149.843,69.1186#38.32#27.36#34.32
-149.688,69.1184#38.26#27.36#34.38
-149.532,69.118#38.21#27.37#34.42
-149.376,69.1175#38.16#27.37#34.47
-149.221,69.1168#38.12#27.37#34.51
-149.065,69.116#38.08#27.37#34.55
-148.909,69.115#38.04#27.37#34.59
-148.754,69.1139#38.01#27.38#34.61
-148.598,69.1126#37.98#27.38#34.64
-148.442,69.1111#37.94#27.38#34.68
-148.287,69.1096#37.91#27.38#34.71
-148.131,69.1078#37.88#27.38#34.74
-147.976,69.1059#37.86#27.38#34.76
-147.82,69.1039#37.83#27.39#34.78
-147.665,69.1017#37.8#27.39#34.81
-147.509,69.0994#37.77#27.39#34.84
-147.354,69.0969#37.75#27.39#34.86
-147.199,69.0943#37.72#27.39#34.89
-147.043,69.0915#37.69#27.4#34.91
-146.888,69.0885#37.67#27.4#34.93
-146.733,69.0854#37.64#27.4#34.96
-146.578,69.0822#37.62#27.4#34.98
-146.423,69.0788#37.59#27.4#35.01
-146.268,69.0753#37.57#27.41#35.02
-146.113,69.0716#37.55#27.41#35.04
-145.958,69.0678#37.52#27.41#35.07
-145.803,69.0638#37.5#27.42#35.08
-145.648,69.0596#37.47#27.42#35.11
-145.493,69.0553#37.44#27.43#35.13
-145.338,69.0509#37.41#27.44#35.15
-145.184,69.0463#37.38#27.45#35.17
-145.029,69.0416#37.35#27.47#35.18
-144.875,69.0367#37.32#27.49#35.19
-144.72,69.0317#37.28#27.51#35.21
-144.566,69.0265#37.25#27.54#35.21
-144.412,69.0212#37.2#27.57#35.23
-144.257,69.0157#37.15#27.6#35.25
-144.103,69.0101#37.1#27.63#35.27
-143.949,69.0043#37.04#27.67#35.29
-143.795,68.9984#36.97#27.7#35.33
-143.642,68.9923#36.89#27.73#35.38
-143.488,68.9861#36.82#27.76#35.42
-143.334,68.9797#36.72#27.78#35.5
-143.181,68.9732#36.63#27.81#35.56
-143.027,68.9666#36.53#27.83#35.64
-142.874,68.9597#36.42#27.85#35.73
-142.721,68.9528#36.31#27.87#35.82
-142.567,68.9457#36.19#27.89#35.92
-142.414,68.9384#36.07#27.9#36.03
-142.261,68.931#35.95#27.91#36.14
-142.109,68.9235#35.83#27.93#36.24
-141.956,68.9158#35.7#27.94#36.36
-141.803,68.908#35.58#27.95#36.47
-141.651,68.9#35.45#27.96#36.59
-159.284,68.9039#46.3#26.08#27.62
-159.132,68.9128#46.27#26.08#27.65
-158.98,68.9215#46.23#26.08#27.69
-158.828,68.9301#46.18#26.08#27.74
-158.675,68.9385#46.13#26.08#27.79
-158.522,68.9468#46.08#26.08#27.84
-158.37,68.955#46.03#26.08#27.89
-158.217,68.963#45.98#26.08#27.94
-158.064,68.9708#45.93#26.08#27.99
-157.911,68.9785#45.87#26.09#28.04
-157.757,68.9861#45.81#26.09#28.1
-157.604,68.9935#45.75#26.09#28.16
-157.451,69.0008#45.68#26.09#28.23
-157.297,69.0079#45.61#26.09#28.3
-157.143,69.0149#45.54#26.09#28.37
-156.99,69.0217#45.47#26.09#28.44
-156.836,69.0284#45.37#26.09#28.54
-156.682,69.0349#45.27#26.1#28.63
-156.528,69.0413#45.18#26.11#28.71
-156.374,69.0475#45.06#26.14#28.8
-156.219,69.0536#44.95#26.17#28.88
-156.065,69.0595#44.83#26.21#28.96
-155.911,69.0653#44.71#26.27#29.02
-155.756,69.071#44.57#26.35#29.08
-155.602,69.0765#44.44#26.44#29.12
-155.447,69.0818#44.3#26.53#29.17
-155.292,69.087#44.14#26.63#29.23
-155.137,69.092#43.99#26.73#29.28
-154.982,69.0969#43.84#26.83#29.33
-154.827,69.1017#43.66#26.92#29.42
-154.672,69.1063#43.48#27#29.52
-154.517,69.1107#43.3#27.08#29.62
-154.362,69.115#43.09#27.12#29.79
-154.207,69.1192#42.87#27.15#29.98
-154.051,69.1232#42.65#27.19#30.16
-153.896,69.127#42.42#27.21#30.37
-153.741,69.1307#42.18#27.23#30.59
-153.585,69.1342#41.95#27.25#30.8
-153.43,69.1376#41.72#27.27#31.01
-153.274,69.1409#41.5#27.28#31.22
-153.118,69.144#41.28#27.29#31.43
-152.963,69.1469#41.06#27.3#31.64
-152.807,69.1497#40.81#27.3#31.89
-152.651,69.1524#40.57#27.31#32.12
-152.495,69.1549#40.32#27.32#32.36
-152.34,69.1572#40.12#27.32#32.56
-152.184,69.1594#39.92#27.32#32.76
-152.028,69.1614#39.73#27.33#32.94
-151.872,69.1633#39.57#27.33#33.1
-151.716,69.165#39.42#27.33#33.25
-151.56,69.1666#39.28#27.34#33.38
-151.404,69.1681#39.15#27.34#33.51
-151.248,69.1694#39.03#27.34#33.63
-151.092,69.1705#38.91#27.34#33.75
-150.936,69.1715#38.79#27.35#33.86
-150.78,69.1723#38.69#27.35#33.96
-150.623,69.173#38.59#27.35#34.06
-150.467,69.1735#38.5#27.35#34.15
-150.311,69.1739#38.42#27.35#34.23
-150.155,69.1741#38.34#27.36#34.3
-149.999,69.1742#38.26#27.36#34.38
-149.843,69.1741#38.21#27.36#34.43
-149.687,69.1739#38.15#27.36#34.49
-149.531,69.1735#38.1#27.36#34.54
-149.375,69.173#38.06#27.37#34.57
-149.218,69.1723#38.01#27.37#34.62
-149.062,69.1715#37.97#27.37#34.66
-148.906,69.1705#37.94#27.37#34.69
-148.75,69.1693#37.9#27.37#34.73
-148.594,69.1681#37.87#27.37#34.76
-148.438,69.1666#37.84#27.38#34.78
-148.282,69.165#37.81#27.38#34.81
-148.126,69.1633#37.78#27.38#34.84
-147.97,69.1614#37.75#27.38#34.87
-147.814,69.1594#37.72#27.38#34.9
-147.658,69.1572#37.69#27.38#34.93
-147.503,69.1548#37.66#27.39#34.95
-147.347,69.1523#37.64#27.39#34.97
-147.191,69.1497#37.61#27.39#35
-147.035,69.1469#37.58#27.39#35.03
-146.88,69.1439#37.56#27.39#35.05
-146.724,69.1408#37.53#27.4#35.07
-146.568,69.1376#37.51#27.4#35.09
-146.413,69.1342#37.48#27.4#35.12
-146.257,69.1307#37.46#27.4#35.14
-146.102,69.127#37.43#27.41#35.16
-145.947,69.1231#37.41#27.41#35.18
-145.791,69.1191#37.38#27.41#35.21
-145.636,69.115#37.36#27.42#35.22
-145.481,69.1107#37.33#27.43#35.24
-145.326,69.1062#37.3#27.44#35.26
-145.171,69.1016#37.27#27.45#35.28
-145.016,69.0969#37.24#27.47#35.29
-144.861,69.092#37.21#27.49#35.3
-144.706,69.0869#37.17#27.52#35.31
-144.551,69.0817#37.14#27.55#35.31
-144.397,69.0764#37.09#27.58#35.33
-144.242,69.0709#37.04#27.61#35.35
-144.087,69.0653#36.99#27.65#35.36
-143.933,69.0595#36.93#27.68#35.39
-143.779,69.0535#36.86#27.71#35.43
-143.624,69.0474#36.79#27.74#35.47
-143.47,69.0412#36.71#27.77#35.52
-143.316,69.0348#36.62#27.79#35.59
-143.162,69.0283#36.53#27.81#35.66
-143.008,69.0216#36.43#27.84#35.73
-142.855,69.0148#36.32#27.85#35.83
-142.701,69.0078#36.21#27.87#35.92
-142.547,69.0007#36.09#27.89#36.02
-142.394,68.9934#35.98#27.9#36.12
-142.241,68.986#35.85#27.92#36.23
-142.087,68.9784#35.73#27.93#36.34
-141.934,68.9707#35.61#27.94#36.45
-141.781,68.9629#35.49#27.95#36.56
-141.628,68.9549#35.36#27.96#36.68
-141.476,68.9467#35.24#27.96#36.8
-141.323,68.9384#35.11#27.97#36.92
-141.171,68.93#34.98#27.98#37.04
-141.018,68.9214#34.86#27.98#37.16
-140.866,68.9127#34.73#27.99#37.28
-140.714,68.9038#34.61#28#37.39
-160.221,68.9022#46.2#26.08#27.72
-160.07,68.912#46.2#26.08#27.72
-159.918,68.9216#46.19#26.08#27.73
-159.766,68.9311#46.17#26.08#27.75
-159.614,68.9404#46.15#26.08#27.77
-159.462,68.9496#46.12#26.08#27.8
-159.309,68.9586#46.08#26.08#27.84
-159.157,68.9675#46.04#26.08#27.88
-159.004,68.9763#46.01#26.08#27.91
-158.851,68.9849#45.96#26.08#27.96
-158.698,68.9934#45.91#26.08#28.01
-158.545,69.0017#45.86#26.08#28.06
-158.392,69.0099#45.81#26.08#28.11
-158.239,69.0179#45.75#26.08#28.17
-158.086,69.0258#45.7#26.08#28.22
-157.932,69.0335#45.65#26.08#28.27
-157.778,69.0411#45.58#26.09#28.33
-157.625,69.0485#45.52#26.09#28.39
-157.471,69.0558#45.46#26.09#28.45
-157.317,69.0629#45.39#26.09#28.52
-157.163,69.0699#45.32#26.09#28.59
-157.009,69.0768#45.25#26.09#28.66
-156.854,69.0835#45.15#26.09#28.76
-156.7,69.09#45.05#26.1#28.85
-156.545,69.0964#44.95#26.11#28.94
-156.391,69.1027#44.84#26.14#29.02
-156.236,69.1088#44.73#26.18#29.09
-156.082,69.1147#44.62#26.22#29.16
-155.927,69.1205#44.49#26.28#29.23
-155.772,69.1262#44.36#26.37#29.27
-155.617,69.1317#44.23#26.46#29.31
-155.462,69.137#44.09#26.55#29.36
-155.306,69.1423#43.94#26.65#29.41
-155.151,69.1473#43.79#26.75#29.46
-154.996,69.1522#43.64#26.86#29.5
-154.841,69.157#43.46#26.93#29.61
-154.685,69.1616#43.29#27.01#29.7
-154.53,69.166#43.11#27.08#29.81
-154.374,69.1704#42.9#27.12#29.98
-154.218,69.1745#42.68#27.16#30.16
-154.062,69.1785#42.46#27.19#30.35
-153.907,69.1824#42.24#27.21#30.55
-153.751,69.1861#42#27.23#30.77
-153.595,69.1896#41.77#27.25#30.98
-153.439,69.193#41.54#27.27#31.19
-153.283,69.1963#41.32#27.28#31.4
-153.127,69.1994#41.11#27.29#31.6
-152.971,69.2024#40.89#27.3#31.81
-152.815,69.2052#40.66#27.3#32.04
-152.658,69.2078#40.43#27.31#32.26
-152.502,69.2103#40.19#27.31#32.5
-152.346,69.2127#40#27.32#32.68
-152.19,69.2148#39.81#27.32#32.87
-152.033,69.2169#39.61#27.33#33.06
-151.877,69.2188#39.46#27.33#33.21
-151.721,69.2205#39.31#27.33#33.36
-151.564,69.2221#39.17#27.33#33.5
-151.408,69.2236#39.04#27.34#33.62
-151.251,69.2248#38.92#27.34#33.74
-151.095,69.226#38.8#27.34#33.86
-150.938,69.227#38.69#27.34#33.97
-150.782,69.2278#38.59#27.35#34.06
-150.625,69.2285#38.49#27.35#34.16
-150.469,69.229#38.39#27.35#34.26
-150.312,69.2294#38.31#27.35#34.34
-150.156,69.2296#38.24#27.35#34.41
-149.999,69.2297#38.16#27.36#34.48
-149.842,69.2296#38.1#27.36#34.54
-149.686,69.2294#38.05#27.36#34.59
-149.529,69.229#37.99#27.36#34.65
-149.373,69.2285#37.95#27.36#34.69
-149.216,69.2278#37.91#27.36#34.73
-149.06,69.227#37.86#27.37#34.77
-148.903,69.226#37.83#27.37#34.8
-148.747,69.2248#37.79#27.37#34.84
-148.59,69.2235#37.76#27.37#34.87
-148.434,69.2221#37.73#27.37#34.9
-148.277,69.2205#37.7#27.38#34.92
-148.121,69.2188#37.67#27.38#34.95
-147.965,69.2169#37.64#27.38#34.98
-147.808,69.2148#37.61#27.38#35.01
-147.652,69.2126#37.58#27.38#35.04
-147.496,69.2103#37.55#27.38#35.07
-147.34,69.2078#37.53#27.39#35.08
-147.183,69.2051#37.5#27.39#35.11
-147.027,69.2023#37.47#27.39#35.14
-146.871,69.1994#37.45#27.39#35.16
-146.715,69.1963#37.42#27.39#35.19
-146.559,69.193#37.4#27.4#35.2
-146.403,69.1896#37.37#27.4#35.23
-146.247,69.186#37.35#27.4#35.25
-146.091,69.1823#37.32#27.4#35.28
-145.936,69.1785#37.3#27.41#35.29
-145.78,69.1745#37.27#27.41#35.32
-145.624,69.1703#37.25#27.42#35.33
-145.469,69.166#37.22#27.43#35.35
-145.313,69.1615#37.19#27.44#35.37
-145.158,69.1569#37.16#27.46#35.38
-145.002,69.1522#37.13#27.47#35.4
-144.847,69.1472#37.1#27.5#35.4
-144.692,69.1422#37.06#27.53#35.41
-144.536,69.137#37.03#27.56#35.41
-144.381,69.1316#36.98#27.59#35.43
-144.226,69.1261#36.93#27.62#35.45
-144.071,69.1205#36.88#27.66#35.46
-143.917,69.1146#36.82#27.69#35.49
-143.762,69.1087#36.75#27.72#35.53
-143.607,69.1026#36.69#27.75#35.56
-143.453,69.0963#36.61#27.78#35.61
-143.298,69.0899#36.52#27.8#35.68
-143.144,69.0834#36.43#27.82#35.75
-142.989,69.0767#36.33#27.84#35.83
-142.835,69.0698#36.22#27.86#35.92
-142.681,69.0628#36.11#27.88#36.01
-142.527,69.0557#36#27.89#36.11
-142.373,69.0484#35.88#27.91#36.21
-142.22,69.041#35.76#27.92#36.32
-142.066,69.0334#35.64#27.93#36.43
-141.913,69.0257#35.52#27.94#36.54
-141.759,69.0178#35.39#27.95#36.66
-141.606,69.0098#35.27#27.95#36.78
-141.453,69.0016#35.14#27.96#36.9
-141.3,68.9933#35.02#27.97#37.01
-141.147,68.9848#34.89#27.98#37.13
-140.994,68.9762#34.77#27.98#37.25
-140.841,68.9674#34.64#27.99#37.37
-140.689,68.9585#34.52#27.99#37.49
-140.536,68.9495#34.39#28#37.61
-140.384,68.9403#34.27#28#37.73
-140.232,68.931#34.15#28.01#37.84
-140.08,68.9215#34.03#28.01#37.96
-139.928,68.9118#33.91#28.01#38.08
-139.777,68.9021#33.78#28.02#38.2
-161.007,68.9056#45.88#26.08#28.04
-160.856,68.9161#45.91#26.08#28.01
-160.704,68.9265#45.94#26.08#27.98
-160.553,68.9367#45.97#26.08#27.95
-160.401,68.9468#45.98#26.08#27.94
-160.249,68.9568#45.98#26.08#27.94
-160.097,68.9666#45.97#26.08#27.95
-159.945,68.9762#45.97#26.08#27.95
-159.792,68.9857#45.94#26.08#27.98
-159.64,68.9951#45.92#26.08#28
-159.487,69.0043#45.9#26.08#28.02
-159.334,69.0134#45.86#26.08#28.06
-159.181,69.0223#45.82#26.08#28.1
-159.028,69.0311#45.78#26.08#28.14
-158.875,69.0397#45.73#26.08#28.19
-158.722,69.0482#45.68#26.08#28.24
-158.568,69.0565#45.63#26.08#28.29
-158.415,69.0647#45.58#26.08#28.34
-158.261,69.0728#45.53#26.08#28.39
-158.107,69.0807#45.48#26.08#28.44
-157.953,69.0884#45.42#26.08#28.5
-157.799,69.096#45.36#26.09#28.55
-157.645,69.1035#45.3#26.09#28.61
-157.491,69.1108#45.23#26.09#28.68
-157.337,69.118#45.16#26.09#28.75
-157.182,69.125#45.09#26.09#28.82
-157.028,69.1318#45.02#26.09#28.89
-156.873,69.1386#44.93#26.1#28.97
-156.718,69.1451#44.83#26.11#29.06
-156.563,69.1515#44.73#26.12#29.15
-156.408,69.1578#44.62#26.15#29.23
-156.253,69.1639#44.51#26.19#29.3
-156.098,69.1699#44.4#26.24#29.36
-155.943,69.1757#44.28#26.3#29.42
-155.787,69.1814#44.15#26.39#29.46
-155.632,69.1869#44.02#26.48#29.5
-155.477,69.1923#43.89#26.57#29.54
-155.321,69.1975#43.74#26.67#29.59
-155.165,69.2026#43.59#26.77#29.64
-155.01,69.2075#43.45#26.87#29.68
-154.854,69.2123#43.27#26.95#29.78
-154.698,69.2169#43.09#27.02#29.89
-154.542,69.2214#42.91#27.09#30
-154.386,69.2257#42.71#27.13#30.16
-154.23,69.2299#42.49#27.16#30.35
-154.074,69.2339#42.28#27.19#30.53
-153.917,69.2378#42.06#27.22#30.72
-153.761,69.2415#41.82#27.23#30.95
-153.605,69.245#41.58#27.25#31.17
-153.448,69.2485#41.36#27.27#31.37
-153.292,69.2517#41.15#27.28#31.57
-153.135,69.2548#40.94#27.29#31.77
-152.979,69.2578#40.73#27.29#31.98
-152.822,69.2606#40.51#27.3#32.19
-152.666,69.2633#40.29#27.31#32.4
-152.509,69.2658#40.07#27.31#32.62
-152.352,69.2681#39.87#27.32#32.81
-152.196,69.2703#39.69#27.32#32.99
-152.039,69.2724#39.5#27.32#33.18
-151.882,69.2743#39.34#27.33#33.33
-151.725,69.276#39.2#27.33#33.47
-151.568,69.2776#39.06#27.33#33.61
-151.412,69.2791#38.93#27.33#33.74
-151.255,69.2804#38.81#27.34#33.85
-151.098,69.2815#38.69#27.34#33.97
-150.941,69.2825#38.58#27.34#34.08
-150.784,69.2833#38.48#27.34#34.18
-150.627,69.284#38.38#27.35#34.27
-150.47,69.2845#38.28#27.35#34.37
-150.313,69.2849#38.21#27.35#34.44
-150.156,69.2851#38.13#27.35#34.52
-149.999,69.2852#38.05#27.35#34.6
-149.842,69.2851#38#27.35#34.65
-149.685,69.2849#37.94#27.36#34.7
-149.528,69.2845#37.89#27.36#34.75
-149.371,69.284#37.84#27.36#34.8
-149.214,69.2833#37.8#27.36#34.84
-149.057,69.2825#37.76#27.36#34.88
-148.9,69.2815#37.72#27.37#34.91
-148.743,69.2803#37.69#27.37#34.94
-148.586,69.279#37.65#27.37#34.98
-148.43,69.2776#37.62#27.37#35.01
-148.273,69.276#37.59#27.37#35.04
-148.116,69.2743#37.56#27.37#35.07
-147.959,69.2724#37.53#27.38#35.09
-147.802,69.2703#37.5#27.38#35.12
-147.646,69.2681#37.47#27.38#35.15
-147.489,69.2657#37.44#27.38#35.18
-147.332,69.2632#37.42#27.38#35.2
-147.176,69.2606#37.39#27.38#35.23
-147.019,69.2578#37.36#27.39#35.25
-146.863,69.2548#37.34#27.39#35.27
-146.706,69.2517#37.31#27.39#35.3
-146.55,69.2484#37.29#27.39#35.32
-146.393,69.245#37.26#27.4#35.34
-146.237,69.2414#37.24#27.4#35.36
-146.081,69.2377#37.21#27.4#35.39
-145.924,69.2338#37.19#27.41#35.4
-145.768,69.2298#37.16#27.41#35.43
-145.612,69.2256#37.14#27.42#35.44
-145.456,69.2213#37.11#27.43#35.46
-145.3,69.2169#37.08#27.45#35.47
-145.144,69.2122#37.05#27.46#35.49
-144.989,69.2075#37.02#27.48#35.5
-144.833,69.2025#36.99#27.51#35.5
-144.677,69.1975#36.95#27.54#35.51
-144.522,69.1922#36.92#27.57#35.51
-144.366,69.1869#36.87#27.6#35.53
-144.211,69.1813#36.82#27.63#35.55
-144.055,69.1757#36.77#27.67#35.56
-143.9,69.1698#36.71#27.7#35.59
-143.745,69.1639#36.65#27.73#35.62
-143.59,69.1577#36.58#27.76#35.66
-143.435,69.1515#36.5#27.78#35.72
-143.28,69.145#36.41#27.8#35.79
-143.125,69.1385#36.32#27.83#35.85
-142.97,69.1318#36.23#27.85#35.92
-142.816,69.1249#36.12#27.86#36.02
-142.661,69.1179#36.01#27.88#36.11
-142.507,69.1107#35.9#27.9#36.2
-142.353,69.1034#35.78#27.91#36.31
-142.199,69.0959#35.66#27.92#36.42
-142.045,69.0883#35.54#27.93#36.53
-141.891,69.0806#35.42#27.94#36.64
-141.737,69.0727#35.3#27.95#36.75
-141.583,69.0646#35.17#27.95#36.88
-141.43,69.0564#35.05#27.96#36.99
-141.276,69.0481#34.92#27.97#37.11
-141.123,69.0396#34.8#27.97#37.23
-140.97,69.031#34.68#27.98#37.34
-140.817,69.0222#34.55#27.99#37.46
-140.664,69.0133#34.43#27.99#37.58
-140.511,69.0042#34.3#28#37.7
-140.358,68.995#34.19#28#37.81
-140.206,68.9856#34.07#28#37.93
-140.054,68.9761#33.95#28.01#38.04
-139.901,68.9665#33.83#28.01#38.16
-139.749,68.9567#33.7#28.01#38.29
-139.597,68.9467#33.57#28.02#38.41
-139.445,68.9366#33.45#28.02#38.53
-139.294,68.9264#33.32#28.02#38.66
-139.142,68.916#33.2#28.03#38.77
-138.991,68.9055#33.07#28.03#38.9
-161.793,68.9052#45.32#26.08#28.6
-161.642,68.9164#45.41#26.08#28.51
-161.491,68.9276#45.5#26.08#28.42
-161.34,68.9385#45.55#26.08#28.37
-161.188,68.9494#45.61#26.08#28.31
-161.037,68.9601#45.67#26.08#28.25
-160.885,68.9706#45.7#26.08#28.22
-160.733,68.981#45.72#26.08#28.2
-160.581,68.9913#45.75#26.08#28.17
-160.429,69.0014#45.76#26.08#28.16
-160.276,69.0114#45.76#26.08#28.16
-160.124,69.0212#45.75#26.08#28.17
-159.971,69.0309#45.75#26.08#28.17
-159.819,69.0404#45.72#26.08#28.2
-159.666,69.0498#45.7#26.08#28.22
-159.513,69.059#45.68#26.08#28.24
-159.359,69.0681#45.64#26.08#28.28
-159.206,69.0771#45.6#26.08#28.32
-159.053,69.0859#45.56#26.08#28.36
-158.899,69.0945#45.51#26.08#28.41
-158.745,69.103#45.46#26.08#28.46
-158.592,69.1114#45.41#26.08#28.51
-158.438,69.1196#45.36#26.08#28.56
-158.284,69.1277#45.3#26.08#28.62
-158.129,69.1356#45.25#26.08#28.67
-157.975,69.1434#45.2#26.08#28.72
-157.821,69.151#45.13#26.08#28.79
-157.666,69.1585#45.07#26.09#28.84
-157.511,69.1658#45.01#26.09#28.9
-157.357,69.173#44.94#26.09#28.97
-157.202,69.18#44.86#26.09#29.05
-157.047,69.1869#44.79#26.09#29.12
-156.892,69.1937#44.7#26.1#29.2
-156.736,69.2002#44.61#26.11#29.28
-156.581,69.2067#44.51#26.13#29.36
-156.426,69.213#44.4#26.16#29.44
-156.27,69.2191#44.29#26.21#29.5
-156.115,69.2251#44.18#26.26#29.56
-155.959,69.2309#44.07#26.32#29.61
-155.803,69.2366#43.94#26.41#29.65
-155.647,69.2422#43.81#26.5#29.69
-155.491,69.2476#43.68#26.6#29.72
-155.335,69.2528#43.54#26.69#29.77
-155.179,69.2579#43.39#26.79#29.82
-155.023,69.2628#43.25#26.89#29.86
-154.867,69.2676#43.07#26.96#29.97
-154.711,69.2722#42.9#27.03#30.07
-154.554,69.2767#42.72#27.09#30.19
-154.398,69.2811#42.52#27.13#30.35
-154.241,69.2852#42.31#27.16#30.53
-154.085,69.2893#42.1#27.19#30.71
-153.928,69.2931#41.88#27.22#30.9
-153.771,69.2969#41.64#27.24#31.12
-153.615,69.3005#41.4#27.25#31.35
-153.458,69.3039#41.17#27.27#31.56
-153.301,69.3072#40.97#27.28#31.75
-153.144,69.3103#40.76#27.28#31.96
-152.987,69.3132#40.56#27.29#32.15
-152.83,69.3161#40.35#27.3#32.35
-152.673,69.3187#40.14#27.3#32.56
-152.516,69.3212#39.94#27.31#32.75
-152.359,69.3236#39.75#27.31#32.94
-152.202,69.3258#39.57#27.32#33.11
-152.044,69.3279#39.38#27.32#33.3
-151.887,69.3298#39.23#27.32#33.45
-151.73,69.3315#39.09#27.33#33.58
-151.573,69.3331#38.96#27.33#33.71
-151.415,69.3346#38.83#27.33#33.84
-151.258,69.3359#38.71#27.33#33.96
-151.101,69.337#38.59#27.34#34.07
-150.943,69.338#38.47#27.34#34.19
-150.786,69.3388#38.37#27.34#34.29
-150.629,69.3395#38.27#27.34#34.39
-150.471,69.3401#38.18#27.34#34.48
-150.314,69.3404#38.1#27.35#34.55
-150.156,69.3407#38.02#27.35#34.63
-149.999,69.3407#37.95#27.35#34.7
-149.842,69.3407#37.89#27.35#34.76
-149.684,69.3404#37.84#27.35#34.81
-149.527,69.3401#37.78#27.36#34.86
-149.369,69.3395#37.74#27.36#34.9
-149.212,69.3388#37.69#27.36#34.95
-149.055,69.338#37.65#27.36#34.99
-148.897,69.337#37.61#27.36#35.03
-148.74,69.3359#37.58#27.36#35.06
-148.583,69.3346#37.54#27.37#35.09
-148.425,69.3331#37.51#27.37#35.12
-148.268,69.3315#37.48#27.37#35.15
-148.111,69.3298#37.45#27.37#35.18
-147.954,69.3278#37.42#27.37#35.21
-147.796,69.3258#37.39#27.37#35.24
-147.639,69.3236#37.36#27.38#35.26
-147.482,69.3212#37.33#27.38#35.29
-147.325,69.3187#37.31#27.38#35.31
-147.168,69.316#37.28#27.38#35.34
-147.011,69.3132#37.25#27.38#35.37
-146.854,69.3102#37.23#27.39#35.38
-146.697,69.3071#37.2#27.39#35.41
-146.54,69.3038#37.18#27.39#35.43
-146.383,69.3004#37.15#27.39#35.46
-146.227,69.2968#37.13#27.4#35.47
-146.07,69.2931#37.1#27.4#35.5
-145.913,69.2892#37.08#27.41#35.51
-145.757,69.2852#37.05#27.41#35.54
-145.6,69.281#37.03#27.42#35.55
-145.444,69.2767#37#27.43#35.57
-145.287,69.2722#36.97#27.45#35.58
-145.131,69.2675#36.94#27.47#35.59
-144.975,69.2628#36.91#27.49#35.6
-144.819,69.2578#36.88#27.52#35.6
-144.663,69.2527#36.84#27.55#35.61
-144.507,69.2475#36.81#27.58#35.61
-144.351,69.2421#36.76#27.61#35.63
-144.195,69.2366#36.71#27.64#35.65
-144.039,69.2309#36.67#27.68#35.65
-143.883,69.225#36.6#27.71#35.69
-143.728,69.219#36.54#27.74#35.72
-143.572,69.2129#36.47#27.76#35.77
-143.417,69.2066#36.39#27.79#35.82
-143.262,69.2002#36.31#27.81#35.88
-143.106,69.1936#36.22#27.83#35.95
-142.951,69.1868#36.13#27.85#36.02
-142.796,69.18#36.02#27.87#36.11
-142.641,69.1729#35.91#27.88#36.21
-142.487,69.1657#35.8#27.9#36.3
-142.332,69.1584#35.68#27.91#36.41
-142.177,69.1509#35.56#27.92#36.52
-142.023,69.1433#35.45#27.93#36.62
-141.869,69.1355#35.33#27.94#36.73
-141.715,69.1276#35.2#27.95#36.85
-141.56,69.1195#35.08#27.95#36.97
-141.406,69.1113#34.96#27.96#37.08
-141.253,69.1029#34.83#27.97#37.2
-141.099,69.0944#34.71#27.97#37.32
-140.945,69.0858#34.58#27.98#37.44
-140.792,69.077#34.46#27.98#37.56
-140.639,69.068#34.34#27.99#37.67
-140.485,69.0589#34.21#27.99#37.8
-140.332,69.0497#34.1#28#37.9
-140.18,69.0403#33.98#28#38.02
-140.027,69.0307#33.87#28#38.13
-139.874,69.0211#33.74#28.01#38.25
-139.722,69.0112#33.61#28.01#38.38
-139.569,69.0013#33.48#28.01#38.51
-139.417,68.9911#33.36#28.02#38.62
-139.265,68.9809#33.24#28.02#38.74
-139.113,68.9705#33.12#28.02#38.86
-138.962,68.9599#33#28.03#38.97
-138.81,68.9492#32.88#28.03#39.09
-138.659,68.9384#32.76#28.03#39.21
-138.507,68.9274#32.64#28.03#39.33
-138.356,68.9163#32.49#28.04#39.47
-138.205,68.905#32.33#28.04#39.63
-162.578,68.9009#44.65#26.08#29.27
-162.428,68.9129#44.75#26.08#29.17
-162.277,68.9247#44.85#26.08#29.07
-162.126,68.9365#44.94#26.08#28.98
-161.975,68.948#45.03#26.08#28.89
-161.824,68.9595#45.12#26.08#28.8
-161.673,68.9708#45.2#26.08#28.72
-161.522,68.9819#45.29#26.08#28.63
-161.37,68.9929#45.34#26.08#28.58
-161.218,69.0038#45.4#26.08#28.52
-161.066,69.0145#45.45#26.08#28.47
-160.914,69.0251#45.48#26.08#28.44
-160.762,69.0355#45.51#26.08#28.41
-160.609,69.0458#45.53#26.08#28.39
-160.457,69.0559#45.54#26.08#28.38
-160.304,69.0659#45.54#26.08#28.38
-160.151,69.0758#45.53#26.08#28.39
-159.998,69.0855#45.53#26.08#28.39
-159.845,69.0951#45.5#26.08#28.42
-159.692,69.1045#45.48#26.08#28.44
-159.538,69.1138#45.45#26.08#28.47
-159.385,69.1229#45.42#26.08#28.5
-159.231,69.1319#45.38#26.08#28.54
-159.077,69.1407#45.33#26.08#28.59
-158.923,69.1494#45.29#26.08#28.63
-158.769,69.1579#45.24#26.08#28.68
-158.615,69.1663#45.19#26.08#28.73
-158.461,69.1745#45.13#26.08#28.79
-158.306,69.1826#45.08#26.08#28.84
-158.151,69.1906#45.03#26.08#28.89
-157.997,69.1984#44.97#26.08#28.95
-157.842,69.206#44.91#26.08#29.01
-157.687,69.2135#44.84#26.09#29.07
-157.532,69.2209#44.78#26.09#29.13
-157.377,69.2281#44.71#26.09#29.2
-157.221,69.2351#44.64#26.09#29.27
-157.066,69.242#44.57#26.09#29.34
-156.91,69.2488#44.48#26.1#29.42
-156.755,69.2554#44.38#26.12#29.5
-156.599,69.2618#44.29#26.14#29.57
-156.443,69.2681#44.19#26.17#29.64
-156.287,69.2743#44.07#26.22#29.71
-156.131,69.2803#43.96#26.28#29.76
-155.975,69.2862#43.85#26.34#29.81
-155.819,69.2919#43.73#26.43#29.84
-155.663,69.2974#43.6#26.53#29.87
-155.507,69.3028#43.48#26.62#29.9
-155.35,69.3081#43.33#26.72#29.95
-155.194,69.3132#43.19#26.81#30
-155.037,69.3181#43.05#26.91#30.04
-154.88,69.3229#42.88#26.98#30.14
-154.724,69.3276#42.7#27.04#30.26
-154.567,69.3321#42.52#27.1#30.38
-154.41,69.3364#42.33#27.14#30.53
-154.253,69.3406#42.12#27.17#30.71
-154.096,69.3447#41.92#27.2#30.88
-153.939,69.3485#41.7#27.22#31.08
-153.782,69.3523#41.46#27.24#31.3
-153.625,69.3559#41.22#27.25#31.53
-153.467,69.3593#40.99#27.27#31.74
-153.31,69.3626#40.79#27.28#31.93
-153.153,69.3657#40.59#27.28#32.13
-152.995,69.3687#40.39#27.29#32.32
-152.838,69.3715#40.2#27.3#32.5
-152.68,69.3742#40#27.3#32.7
-152.523,69.3767#39.8#27.31#32.89
-152.365,69.3791#39.62#27.31#33.07
-152.208,69.3813#39.45#27.31#33.24
-152.05,69.3834#39.27#27.32#33.41
-151.892,69.3853#39.12#27.32#33.56
-151.735,69.387#38.98#27.32#33.7
-151.577,69.3886#38.85#27.33#33.82
-151.419,69.3901#38.72#27.33#33.95
-151.262,69.3914#38.6#27.33#34.07
-151.104,69.3925#38.48#27.33#34.19
-150.946,69.3935#38.37#27.34#34.29
-150.788,69.3944#38.27#27.34#34.39
-150.63,69.3951#38.17#27.34#34.49
-150.473,69.3956#38.07#27.34#34.59
-150.315,69.396#38#27.34#34.66
-150.157,69.3962#37.92#27.35#34.73
-149.999,69.3963#37.84#27.35#34.81
-149.841,69.3962#37.79#27.35#34.86
-149.683,69.396#37.73#27.35#34.92
-149.525,69.3956#37.67#27.35#34.98
-149.368,69.3951#37.63#27.35#35.02
-149.21,69.3944#37.59#27.36#35.05
-149.052,69.3935#37.54#27.36#35.1
-148.894,69.3925#37.51#27.36#35.13
-148.736,69.3914#37.47#27.36#35.17
-148.579,69.3901#37.44#27.36#35.2
-148.421,69.3886#37.4#27.36#35.24
-148.263,69.387#37.37#27.37#35.26
-148.106,69.3853#37.34#27.37#35.29
-147.948,69.3833#37.31#27.37#35.32
-147.79,69.3813#37.28#27.37#35.35
-147.633,69.3791#37.25#27.37#35.38
-147.475,69.3767#37.22#27.37#35.41
-147.318,69.3742#37.2#27.38#35.42
-147.16,69.3715#37.17#27.38#35.45
-147.003,69.3687#37.14#27.38#35.48
-146.845,69.3657#37.12#27.38#35.5
-146.688,69.3626#37.09#27.39#35.52
-146.531,69.3593#37.07#27.39#35.54
-146.373,69.3558#37.04#27.39#35.57
-146.216,69.3522#37.02#27.39#35.59
-146.059,69.3485#36.99#27.4#35.61
-145.902,69.3446#36.97#27.41#35.62
-145.745,69.3406#36.94#27.42#35.64
-145.588,69.3364#36.92#27.42#35.66
-145.431,69.332#36.89#27.44#35.67
-145.274,69.3275#36.86#27.46#35.68
-145.118,69.3229#36.83#27.48#35.69
-144.961,69.3181#36.8#27.5#35.7
-144.804,69.3131#36.77#27.53#35.7
-144.648,69.308#36.73#27.56#35.71
-144.492,69.3028#36.7#27.59#35.71
-144.335,69.2973#36.65#27.62#35.73
-144.179,69.2918#36.6#27.66#35.74
-144.023,69.2861#36.56#27.69#35.75
-143.867,69.2802#36.49#27.72#35.79
-143.711,69.2742#36.43#27.74#35.83
-143.555,69.2681#36.37#27.77#35.86
-143.399,69.2618#36.29#27.79#35.92
-143.243,69.2553#36.2#27.81#35.99
-143.088,69.2487#36.11#27.83#36.06
-142.932,69.2419#36.02#27.85#36.13
-142.777,69.235#35.91#27.87#36.22
-142.621,69.228#35.8#27.88#36.32
-142.466,69.2208#35.7#27.9#36.4
-142.311,69.2134#35.58#27.91#36.51
-142.156,69.2059#35.46#27.92#36.62
-142.001,69.1983#35.35#27.93#36.72
-141.847,69.1905#35.23#27.94#36.83
-141.692,69.1825#35.1#27.94#36.96
-141.538,69.1744#34.98#27.95#37.07
-141.383,69.1662#34.86#27.96#37.18
-141.229,69.1578#34.74#27.96#37.3
-141.075,69.1493#34.62#27.97#37.41
-140.921,69.1406#34.49#27.98#37.53
-140.767,69.1317#34.37#27.98#37.65
-140.613,69.1228#34.25#27.99#37.76
-140.46,69.1136#34.13#27.99#37.88
-140.306,69.1044#34.01#27.99#38
-140.153,69.0949#33.9#28#38.1
-140,69.0854#33.79#28#38.21
-139.847,69.0757#33.66#28#38.34
-139.694,69.0658#33.53#28.01#38.46
-139.541,69.0558#33.4#28.01#38.59
-139.389,69.0457#33.28#28.01#38.71
-139.236,69.0354#33.16#28.02#38.82
-139.084,69.025#33.04#28.02#38.94
-138.932,69.0144#32.92#28.02#39.06
-138.78,69.0037#32.81#28.02#39.17
-138.628,68.9928#32.69#28.03#39.28
-138.477,68.9818#32.57#28.03#39.4
-138.325,68.9706#32.4#28.03#39.57
-138.174,68.9593#32.24#28.04#39.72
-138.023,68.9479#32.09#28.04#39.87
-137.872,68.9363#31.89#28.04#40.07
-137.721,68.9246#31.7#28.04#40.26
-137.57,68.9127#31.5#28.05#40.45
-137.42,68.9007#31.31#28.05#40.64
-163.213,68.9054#44#26.08#29.92
-163.063,68.918#44.11#26.08#29.81
-162.913,68.9305#44.22#26.08#29.7
-162.763,68.9428#44.34#26.08#29.58
-162.612,68.955#44.45#26.08#29.47
-162.461,68.967#44.56#26.08#29.36
-162.31,68.9789#44.65#26.08#29.27
-162.159,68.9907#44.74#26.08#29.18
-162.008,69.0023#44.83#26.08#29.09
-161.856,69.0138#44.91#26.08#29.01
-161.704,69.0251#44.99#26.08#28.93
-161.553,69.0363#45.08#26.08#28.84
-161.401,69.0473#45.14#26.08#28.78
-161.248,69.0582#45.18#26.08#28.74
-161.096,69.069#45.23#26.08#28.69
-160.944,69.0796#45.27#26.08#28.65
-160.791,69.09#45.29#26.08#28.63
-160.638,69.1003#45.31#26.08#28.61
-160.485,69.1105#45.32#26.08#28.6
-160.332,69.1205#45.32#26.08#28.6
-160.179,69.1304#45.31#26.08#28.61
-160.025,69.1402#45.3#26.08#28.62
-159.872,69.1497#45.28#26.08#28.64
-159.718,69.1592#45.26#26.08#28.66
-159.564,69.1685#45.23#26.08#28.69
-159.41,69.1776#45.2#26.08#28.72
-159.256,69.1866#45.15#26.08#28.77
-159.102,69.1955#45.11#26.08#28.81
-158.947,69.2042#45.07#26.08#28.85
-158.793,69.2128#45.01#26.08#28.91
-158.638,69.2212#44.96#26.08#28.96
-158.484,69.2294#44.91#26.08#29.01
-158.329,69.2375#44.86#26.08#29.06
-158.174,69.2455#44.8#26.08#29.12
-158.019,69.2533#44.75#26.08#29.17
-157.863,69.261#44.68#26.08#29.24
-157.708,69.2685#44.62#26.09#29.29
-157.552,69.2759#44.55#26.09#29.36
-157.397,69.2831#44.48#26.09#29.43
-157.241,69.2902#44.41#26.09#29.5
-157.085,69.2971#44.34#26.09#29.57
-156.929,69.3039#44.26#26.11#29.63
-156.773,69.3105#44.16#26.13#29.71
-156.617,69.317#44.06#26.15#29.79
-156.461,69.3233#43.97#26.18#29.85
-156.305,69.3295#43.85#26.24#29.91
-156.148,69.3355#43.75#26.3#29.95
-155.992,69.3414#43.64#26.36#30
-155.835,69.3471#43.51#26.46#30.03
-155.678,69.3527#43.39#26.55#30.06
-155.522,69.3581#43.27#26.65#30.08
-155.365,69.3634#43.13#26.74#30.13
-155.208,69.3685#42.99#26.83#30.18
-155.051,69.3734#42.85#26.93#30.22
-154.894,69.3783#42.69#26.99#30.32
-154.737,69.3829#42.51#27.05#30.44
-154.579,69.3874#42.33#27.11#30.56
-154.422,69.3918#42.14#27.15#30.71
-154.265,69.396#41.93#27.17#30.9
-154.107,69.4001#41.73#27.2#31.07
-153.95,69.404#41.52#27.22#31.26
-153.792,69.4077#41.28#27.24#31.48
-153.635,69.4113#41.03#27.25#31.72
-153.477,69.4147#40.8#27.27#31.93
-153.319,69.418#40.61#27.27#32.12
-153.161,69.4212#40.42#27.28#32.3
-153.004,69.4242#40.23#27.29#32.48
-152.846,69.427#40.04#27.3#32.66
-152.688,69.4297#39.85#27.3#32.85
-152.53,69.4322#39.67#27.31#33.02
-152.372,69.4346#39.5#27.31#33.19
-152.214,69.4368#39.32#27.31#33.37
-152.056,69.4389#39.15#27.32#33.53
-151.898,69.4408#39.01#27.32#33.67
-151.74,69.4426#38.87#27.32#33.81
-151.581,69.4442#38.74#27.32#33.94
-151.423,69.4456#38.61#27.33#34.06
-151.265,69.4469#38.49#27.33#34.18
-151.107,69.4481#38.37#27.33#34.3
-150.949,69.4491#38.26#27.33#34.41
-150.79,69.4499#38.16#27.33#34.51
-150.632,69.4506#38.06#27.34#34.6
-150.474,69.4511#37.97#27.34#34.69
-150.316,69.4515#37.89#27.34#34.77
-150.157,69.4518#37.81#27.34#34.85
-149.999,69.4518#37.74#27.34#34.92
-149.841,69.4518#37.68#27.35#34.97
-149.682,69.4515#37.62#27.35#35.03
-149.524,69.4511#37.57#27.35#35.08
-149.366,69.4506#37.52#27.35#35.13
-149.208,69.4499#37.48#27.35#35.17
-149.049,69.4491#37.44#27.36#35.2
-148.891,69.4481#37.4#27.36#35.24
-148.733,69.4469#37.36#27.36#35.28
-148.575,69.4456#37.33#27.36#35.31
-148.417,69.4442#37.3#27.36#35.34
-148.258,69.4425#37.26#27.36#35.38
-148.1,69.4408#37.23#27.37#35.4
-147.942,69.4389#37.2#27.37#35.43
-147.784,69.4368#37.17#27.37#35.46
-147.626,69.4346#37.14#27.37#35.49
-147.468,69.4322#37.11#27.37#35.52
-147.31,69.4297#37.09#27.37#35.54
-147.152,69.427#37.06#27.38#35.56
-146.994,69.4241#37.03#27.38#35.59
-146.837,69.4211#37.01#27.38#35.61
-146.679,69.418#36.98#27.38#35.64
-146.521,69.4147#36.96#27.39#35.65
-146.363,69.4113#36.93#27.39#35.68
-146.206,69.4077#36.91#27.39#35.7
-146.048,69.4039#36.88#27.4#35.72
-145.891,69.4#36.86#27.41#35.73
-145.733,69.3959#36.83#27.42#35.75
-145.576,69.3917#36.8#27.43#35.77
-145.419,69.3874#36.78#27.44#35.78
-145.261,69.3829#36.75#27.46#35.79
-145.104,69.3782#36.72#27.48#35.8
-144.947,69.3734#36.69#27.51#35.8
-144.79,69.3684#36.66#27.54#35.8
