-152.818,53.9019#42.25#27.39#30.36
-152.73,53.9044#42.16#27.4#30.44
-152.642,53.9068#42.07#27.4#30.53
-152.554,53.9091#41.98#27.41#30.61
-152.466,53.9114#41.89#27.41#30.7
-152.378,53.9136#41.8#27.42#30.78
-152.29,53.9157#41.72#27.42#30.86
-152.202,53.9178#41.64#27.43#30.93
-152.114,53.9197#41.55#27.43#31.02
-152.026,53.9216#41.47#27.44#31.09
-151.938,53.9234#41.39#27.44#31.17
-151.85,53.9251#41.31#27.45#31.24
-151.762,53.9267#41.24#27.45#31.31
-151.674,53.9283#41.16#27.46#31.38
-151.586,53.9298#41.08#27.46#31.46
-151.498,53.9312#41#27.47#31.53
-151.41,53.9325#40.96#27.47#31.57
-151.321,53.9337#40.92#27.48#31.6
-151.233,53.9349#40.88#27.48#31.64
-151.145,53.9359#40.84#27.49#31.67
-151.057,53.9369#40.8#27.5#31.7
-150.969,53.9379#40.76#27.5#31.74
-150.881,53.9387#40.72#27.51#31.77
-150.793,53.9394#40.69#27.51#31.8
-150.705,53.9401#40.65#27.52#31.83
-150.616,53.9407#40.61#27.52#31.87
-150.528,53.9412#40.58#27.53#31.89
-150.44,53.9417#40.54#27.53#31.93
-150.352,53.942#40.5#27.54#31.96
-150.264,53.9423#40.46#27.54#32
-150.176,53.9425#40.42#27.55#32.03
-150.088,53.9426#40.39#27.55#32.06
-149.999,53.9427#40.35#27.56#32.09
-149.911,53.9426#40.31#27.57#32.12
-149.823,53.9425#40.28#27.57#32.15
-149.735,53.9423#40.25#27.58#32.17
-149.647,53.942#40.21#27.58#32.21
-149.559,53.9417#40.18#27.59#32.23
-149.471,53.9412#40.14#27.59#32.27
-149.382,53.9407#40.11#27.6#32.29
-149.294,53.9401#40.08#27.6#32.32
-149.206,53.9394#40.04#27.61#32.35
-149.118,53.9387#40.01#27.62#32.37
-149.03,53.9378#39.97#27.62#32.41
-148.942,53.9369#39.93#27.63#32.44
-148.854,53.9359#39.88#27.63#32.49
-148.766,53.9348#39.84#27.64#32.52
-148.677,53.9337#39.79#27.64#32.57
-148.589,53.9325#39.75#27.65#32.6
-148.501,53.9311#39.7#27.65#32.65
-148.413,53.9297#39.67#27.66#32.67
-148.325,53.9283#39.65#27.67#32.68
-148.237,53.9267#39.62#27.67#32.71
-148.149,53.9251#39.6#27.68#32.72
-148.061,53.9234#39.57#27.68#32.75
-147.973,53.9216#39.54#27.69#32.77
-147.885,53.9197#39.52#27.69#32.79
-147.797,53.9177#39.49#27.7#32.81
-147.709,53.9157#39.46#27.71#32.83
-147.621,53.9136#39.43#27.71#32.86
-147.533,53.9114#39.41#27.72#32.87
-147.445,53.9091#39.38#27.72#32.9
-147.357,53.9068#39.35#27.73#32.92
-147.269,53.9043#39.32#27.74#32.94
-147.181,53.9018#39.29#27.74#32.97
-154.229,53.9026#44.07#27.3#28.63
-154.142,53.9064#43.96#27.31#28.73
-154.054,53.9101#43.86#27.31#28.83
-153.966,53.9137#43.76#27.32#28.92
-153.878,53.9173#43.66#27.32#29.02
-153.79,53.9208#43.57#27.33#29.1
-153.702,53.9241#43.47#27.33#29.2
-153.614,53.9275#43.37#27.34#29.29
-153.526,53.9307#43.28#27.34#29.38
-153.438,53.9338#43.18#27.35#29.47
-153.35,53.9369#43.07#27.35#29.58
-153.262,53.9399#42.97#27.36#29.67
-153.174,53.9428#42.87#27.36#29.77
-153.086,53.9456#42.77#27.37#29.86
-152.998,53.9484#42.66#27.37#29.97
-152.91,53.9511#42.57#27.38#30.05
-152.822,53.9537#42.48#27.38#30.14
-152.734,53.9562#42.39#27.39#30.22
-152.646,53.9586#42.3#27.39#30.31
-152.558,53.961#42.21#27.4#30.39
-152.47,53.9632#42.12#27.4#30.48
-152.382,53.9654#42.04#27.41#30.55
-152.294,53.9676#41.95#27.41#30.64
-152.205,53.9696#41.87#27.42#30.71
-152.117,53.9716#41.78#27.42#30.8
-152.029,53.9734#41.7#27.43#30.87
-151.941,53.9752#41.62#27.43#30.95
-151.853,53.9769#41.54#27.44#31.02
-151.765,53.9786#41.46#27.44#31.1
-151.676,53.9801#41.38#27.45#31.17
-151.588,53.9816#41.31#27.46#31.23
-151.5,53.983#41.23#27.46#31.31
-151.412,53.9843#41.18#27.47#31.35
-151.323,53.9856#41.14#27.47#31.39
-151.235,53.9867#41.09#27.48#31.43
-151.147,53.9878#41.04#27.48#31.48
-151.059,53.9888#40.99#27.49#31.52
-150.97,53.9897#40.95#27.49#31.56
-150.882,53.9906#40.91#27.5#31.59
-150.794,53.9913#40.87#27.5#31.63
-150.706,53.992#40.83#27.51#31.66
-150.617,53.9926#40.78#27.51#31.71
-150.529,53.9931#40.74#27.52#31.74
-150.441,53.9936#40.7#27.52#31.78
-150.353,53.9939#40.65#27.53#31.82
-150.264,53.9942#40.61#27.54#31.85
-150.176,53.9944#40.57#27.54#31.89
-150.088,53.9945#40.52#27.55#31.93
-149.999,53.9946#40.48#27.55#31.97
-149.911,53.9945#40.44#27.56#32
-149.823,53.9944#40.4#27.56#32.04
-149.735,53.9942#40.37#27.57#32.06
-149.646,53.9939#40.33#27.57#32.1
-149.558,53.9936#40.29#27.58#32.13
-149.47,53.9931#40.25#27.59#32.16
-149.381,53.9926#40.21#27.59#32.2
-149.293,53.992#40.17#27.6#32.23
-149.205,53.9913#40.13#27.6#32.27
-149.117,53.9906#40.09#27.61#32.3
-149.028,53.9897#40.05#27.61#32.34
-148.94,53.9888#40.01#27.62#32.37
-148.852,53.9878#39.96#27.62#32.42
-148.764,53.9867#39.9#27.63#32.47
-148.675,53.9856#39.85#27.64#32.51
-148.587,53.9843#39.8#27.64#32.56
-148.499,53.983#39.75#27.65#32.6
-148.411,53.9816#39.72#27.65#32.63
-148.323,53.9801#39.7#27.66#32.64
-148.234,53.9786#39.67#27.66#32.67
-148.146,53.9769#39.65#27.67#32.68
-148.058,53.9752#39.62#27.68#32.7
-147.97,53.9734#39.59#27.68#32.73
-147.882,53.9715#39.57#27.69#32.74
-147.793,53.9696#39.54#27.69#32.77
-147.705,53.9675#39.51#27.7#32.79
-147.617,53.9654#39.48#27.7#32.82
-147.529,53.9632#39.45#27.71#32.84
-147.441,53.9609#39.42#27.72#32.86
-147.353,53.9586#39.39#27.72#32.89
-147.265,53.9562#39.36#27.73#32.91
-147.177,53.9536#39.33#27.73#32.94
-147.089,53.951#39.3#27.74#32.96
-147,53.9484#39.27#27.75#32.98
-146.912,53.9456#39.24#27.75#33.01
-146.824,53.9428#39.21#27.76#33.03
-146.736,53.9399#39.18#27.76#33.06
-146.648,53.9369#39.15#27.77#33.08
-146.56,53.9338#39.12#27.78#33.1
-146.472,53.9306#39.09#27.78#33.13
-146.385,53.9274#39.06#27.79#33.15
-146.297,53.9241#39.03#27.79#33.18
-146.209,53.9207#39#27.8#33.2
-146.121,53.9172#38.97#27.81#33.22
-146.033,53.9137#38.94#27.81#33.25
-145.945,53.9101#38.91#27.82#33.27
-145.857,53.9064#38.89#27.82#33.29
-145.769,53.9026#38.86#27.83#33.31
-155.29,53.9027#45.59#27.24#27.17
-155.202,53.9074#45.48#27.24#27.28
-155.114,53.9121#45.38#27.25#27.37
-155.027,53.9166#45.27#27.25#27.48
-154.939,53.9212#45.17#27.26#27.57
-154.851,53.9256#45.06#27.26#27.68
-154.763,53.9299#44.95#27.27#27.78
-154.675,53.9342#44.84#27.27#27.89
-154.588,53.9384#44.73#27.28#27.99
-154.5,53.9425#44.63#27.28#28.09
-154.412,53.9465#44.52#27.29#28.19
-154.324,53.9505#44.41#27.29#28.3
-154.236,53.9544#44.31#27.29#28.4
-154.148,53.9581#44.2#27.3#28.5
-154.06,53.9619#44.1#27.3#28.6
-153.972,53.9655#43.99#27.31#28.7
-153.884,53.969#43.9#27.31#28.79
-153.796,53.9725#43.8#27.32#28.88
-153.708,53.9759#43.7#27.32#28.98
-153.62,53.9792#43.6#27.33#29.07
-153.532,53.9825#43.51#27.33#29.16
-153.444,53.9856#43.41#27.34#29.25
-153.356,53.9887#43.31#27.34#29.35
-153.268,53.9917#43.2#27.35#29.45
-153.179,53.9946#43.1#27.35#29.55
-153.091,53.9975#43#27.36#29.64
-153.003,54.0002#42.9#27.37#29.73
-152.915,54.0029#42.81#27.37#29.82
-152.827,54.0055#42.72#27.38#29.9
-152.738,54.008#42.63#27.38#29.99
-152.65,54.0105#42.53#27.39#30.08
-152.562,54.0128#42.44#27.39#30.17
-152.474,54.0151#42.35#27.4#30.25
-152.385,54.0173#42.27#27.4#30.33
-152.297,54.0194#42.18#27.41#30.41
-152.209,54.0215#42.1#27.41#30.49
-152.121,54.0234#42.01#27.42#30.57
-152.032,54.0253#41.92#27.42#30.66
-151.944,54.0271#41.84#27.43#30.73
-151.856,54.0288#41.77#27.43#30.8
-151.767,54.0305#41.69#27.44#30.87
-151.679,54.032#41.61#27.44#30.95
-151.591,54.0335#41.53#27.45#31.02
-151.502,54.0349#41.45#27.45#31.1
-151.414,54.0362#41.4#27.46#31.14
-151.326,54.0375#41.35#27.46#31.19
-151.237,54.0386#41.3#27.47#31.23
-151.149,54.0397#41.24#27.47#31.29
-151.06,54.0407#41.19#27.48#31.33
-150.972,54.0416#41.14#27.48#31.38
-150.884,54.0425#41.09#27.49#31.42
-150.795,54.0432#41.05#27.5#31.45
-150.707,54.0439#41#27.5#31.5
-150.618,54.0445#40.95#27.51#31.54
-150.53,54.045#40.9#27.51#31.59
-150.442,54.0455#40.86#27.52#31.62
-150.353,54.0458#40.81#27.52#31.67
-150.265,54.0461#40.76#27.53#31.71
-150.176,54.0463#40.71#27.53#31.76
-150.088,54.0464#40.66#27.54#31.8
-149.999,54.0465#40.61#27.54#31.85
-149.911,54.0464#40.57#27.55#31.88
-149.823,54.0463#40.53#27.56#31.91
-149.734,54.0461#40.48#27.56#31.96
-149.646,54.0458#40.44#27.57#31.99
-149.557,54.0455#40.4#27.57#32.03
-149.469,54.045#40.36#27.58#32.06
-149.381,54.0445#40.31#27.58#32.11
-149.292,54.0439#40.27#27.59#32.14
-149.204,54.0432#40.22#27.59#32.19
-149.115,54.0425#40.18#27.6#32.22
-149.027,54.0416#40.14#27.61#32.25
-148.939,54.0407#40.08#27.61#32.31
-148.85,54.0397#40.03#27.62#32.35
-148.762,54.0386#39.97#27.62#32.41
-148.673,54.0375#39.91#27.63#32.46
-148.585,54.0362#39.86#27.63#32.51
-148.497,54.0349#39.8#27.64#32.56
-148.408,54.0335#39.78#27.65#32.57
-148.32,54.032#39.75#27.65#32.6
-148.232,54.0304#39.72#27.66#32.62
-148.143,54.0288#39.7#27.66#32.64
-148.055,54.0271#39.67#27.67#32.66
-147.967,54.0253#39.64#27.67#32.69
-147.878,54.0234#39.61#27.68#32.71
-147.79,54.0214#39.58#27.69#32.73
-147.702,54.0194#39.56#27.69#32.75
-147.613,54.0173#39.53#27.7#32.77
-147.525,54.0151#39.5#27.7#32.8
-147.437,54.0128#39.47#27.71#32.82
-147.349,54.0104#39.44#27.71#32.85
-147.26,54.008#39.4#27.72#32.88
-147.172,54.0055#39.37#27.73#32.9
-147.084,54.0029#39.34#27.73#32.93
-146.996,54.0002#39.31#27.74#32.95
-146.908,53.9974#39.28#27.74#32.98
-146.82,53.9946#39.25#27.75#33
-146.731,53.9917#39.22#27.76#33.02
-146.643,53.9887#39.19#27.76#33.05
-146.555,53.9856#39.16#27.77#33.07
-146.467,53.9824#39.13#27.77#33.1
-146.379,53.9792#39.1#27.78#33.12
-146.291,53.9759#39.07#27.79#33.14
-146.203,53.9725#39.04#27.79#33.17
-146.115,53.969#39.01#27.8#33.19
-146.027,53.9654#38.98#27.8#33.22
-145.939,53.9618#38.95#27.81#33.24
-145.851,53.9581#38.93#27.82#33.25
-145.763,53.9543#38.9#27.82#33.28
-145.675,53.9504#38.87#27.83#33.3
-145.587,53.9465#38.85#27.83#33.32
-145.499,53.9424#38.82#27.84#33.34
-145.411,53.9383#38.8#27.85#33.35
-145.324,53.9341#38.78#27.85#33.37
-145.236,53.9299#38.75#27.86#33.39
-145.148,53.9255#38.73#27.86#33.41
-145.06,53.9211#38.71#27.87#33.42
-144.972,53.9166#38.68#27.88#33.44
-144.885,53.912#38.66#27.88#33.46
-144.797,53.9073#38.65#27.89#33.46
-144.709,53.9026#38.63#27.9#33.47
-156.175,53.9025#46.92#27.18#25.9
-156.087,53.908#46.82#27.19#25.99
-155.999,53.9135#46.73#27.19#26.08
-155.912,53.9188#46.61#27.2#26.19
-155.824,53.9241#46.5#27.2#26.3
-155.736,53.9294#46.38#27.21#26.41
-155.649,53.9345#46.26#27.21#26.53
-155.561,53.9396#46.14#27.22#26.64
-155.473,53.9446#46.03#27.22#26.75
-155.386,53.9495#45.92#27.22#26.86
-155.298,53.9543#45.82#27.23#26.95
-155.21,53.9591#45.72#27.23#27.05
-155.122,53.9637#45.61#27.24#27.15
-155.034,53.9683#45.51#27.24#27.25
-154.946,53.9728#45.4#27.25#27.35
-154.858,53.9773#45.3#27.25#27.45
-154.771,53.9816#45.19#27.26#27.55
-154.683,53.9859#45.08#27.26#27.66
-154.595,53.9901#44.97#27.27#27.76
-154.507,53.9942#44.86#27.27#27.87
-154.419,53.9983#44.76#27.28#27.96
-154.331,54.0022#44.65#27.28#28.07
-154.242,54.0061#44.55#27.29#28.16
-154.154,54.0099#44.44#27.29#28.27
-154.066,54.0136#44.34#27.3#28.36
-153.978,54.0173#44.23#27.3#28.47
-153.89,54.0208#44.13#27.31#28.56
-153.802,54.0243#44.03#27.31#28.66
-153.714,54.0277#43.94#27.32#28.74
-153.625,54.031#43.84#27.32#28.84
-153.537,54.0343#43.74#27.33#28.93
-153.449,54.0374#43.64#27.33#29.03
-153.361,54.0405#43.54#27.34#29.12
-153.273,54.0435#43.44#27.34#29.22
-153.184,54.0464#43.34#27.35#29.31
-153.096,54.0493#43.24#27.35#29.41
-153.008,54.0521#43.13#27.36#29.51
-152.919,54.0547#43.04#27.36#29.6
-152.831,54.0573#42.95#27.37#29.68
-152.743,54.0599#42.86#27.37#29.77
-152.654,54.0623#42.77#27.38#29.85
-152.566,54.0647#42.67#27.38#29.95
-152.478,54.067#42.58#27.39#30.03
-152.389,54.0692#42.5#27.39#30.11
-152.301,54.0713#42.41#27.4#30.19
-152.212,54.0733#42.33#27.4#30.27
-152.124,54.0753#42.24#27.41#30.35
-152.035,54.0772#42.15#27.41#30.44
-151.947,54.079#42.07#27.42#30.51
-151.859,54.0807#41.99#27.42#30.59
-151.77,54.0824#41.91#27.43#30.66
-151.682,54.0839#41.84#27.43#30.73
-151.593,54.0854#41.76#27.44#30.8
-151.505,54.0868#41.68#27.44#30.88
-151.416,54.0881#41.62#27.45#30.93
-151.328,54.0894#41.56#27.46#30.98
-151.239,54.0905#41.5#27.46#31.04
-151.151,54.0916#41.44#27.47#31.09
-151.062,54.0926#41.38#27.47#31.15
-150.973,54.0935#41.33#27.48#31.19
-150.885,54.0944#41.28#27.48#31.24
-150.796,54.0951#41.22#27.49#31.29
-150.708,54.0958#41.17#27.49#31.34
-150.619,54.0964#41.12#27.5#31.38
-150.531,54.097#41.07#27.5#31.43
-150.442,54.0974#41.02#27.51#31.47
-150.354,54.0978#40.96#27.51#31.53
-150.265,54.098#40.91#27.52#31.57
-150.177,54.0982#40.85#27.53#31.62
-150.088,54.0984#40.8#27.53#31.67
-149.999,54.0984#40.74#27.54#31.72
-149.911,54.0984#40.7#27.54#31.76
-149.822,54.0982#40.65#27.55#31.8
-149.734,54.098#40.6#27.55#31.85
-149.645,54.0977#40.56#27.56#31.88
-149.557,54.0974#40.51#27.56#31.93
-149.468,54.0969#40.46#27.57#31.97
-149.38,54.0964#40.41#27.58#32.01
-149.291,54.0958#40.37#27.58#32.05
-149.202,54.0951#40.32#27.59#32.09
-149.114,54.0944#40.27#27.59#32.14
-149.025,54.0935#40.22#27.6#32.18
-148.937,54.0926#40.16#27.6#32.24
-148.848,54.0916#40.1#27.61#32.29
-148.76,54.0905#40.04#27.61#32.35
-148.671,54.0894#39.97#27.62#32.41
-148.583,54.0881#39.91#27.63#32.46
-148.494,54.0868#39.85#27.63#32.52
-148.406,54.0854#39.83#27.64#32.53
-148.317,54.0839#39.8#27.64#32.56
-148.229,54.0823#39.77#27.65#32.58
-148.14,54.0807#39.74#27.66#32.6
-148.052,54.079#39.72#27.66#32.62
-147.963,54.0772#39.69#27.67#32.64
-147.875,54.0753#39.66#27.67#32.67
-147.787,54.0733#39.63#27.68#32.69
-147.698,54.0713#39.6#27.68#32.72
-147.61,54.0691#39.57#27.69#32.74
-147.521,54.0669#39.55#27.7#32.75
-147.433,54.0646#39.51#27.7#32.79
-147.345,54.0623#39.48#27.71#32.81
-147.256,54.0598#39.45#27.71#32.84
-147.168,54.0573#39.42#27.72#32.86
-147.08,54.0547#39.38#27.72#32.9
-146.991,54.052#39.35#27.73#32.92
-146.903,54.0493#39.32#27.74#32.94
-146.815,54.0464#39.29#27.74#32.97
-146.726,54.0435#39.26#27.75#32.99
-146.638,54.0405#39.23#27.75#33.02
-146.55,54.0374#39.2#27.76#33.04
-146.462,54.0342#39.17#27.77#33.06
-146.373,54.031#39.14#27.77#33.09
-146.285,54.0277#39.11#27.78#33.11
-146.197,54.0243#39.08#27.78#33.14
-146.109,54.0208#39.05#27.79#33.16
-146.021,54.0172#39.02#27.8#33.18
-145.933,54.0136#38.99#27.8#33.21
-145.845,54.0099#38.97#27.81#33.22
-145.756,54.0061#38.94#27.81#33.25
-145.668,54.0022#38.91#27.82#33.27
-145.58,53.9982#38.89#27.83#33.28
-145.492,53.9942#38.86#27.83#33.31
-145.404,53.9901#38.84#27.84#33.32
-145.316,53.9859#38.82#27.85#33.33
-145.228,53.9816#38.79#27.85#33.36
-145.14,53.9772#38.77#27.86#33.37
-145.053,53.9728#38.75#27.86#33.39
-144.965,53.9683#38.73#27.87#33.4
-144.877,53.9637#38.71#27.88#33.41
-144.789,53.959#38.69#27.88#33.43
-144.701,53.9543#38.67#27.89#33.44
-144.613,53.9494#38.65#27.89#33.46
-144.526,53.9445#38.63#27.9#33.47
-144.438,53.9395#38.61#27.91#33.48
-144.35,53.9345#38.6#27.91#33.49
-144.262,53.9293#38.58#27.92#33.5
-144.175,53.9241#38.57#27.93#33.5
-144.087,53.9188#38.55#27.93#33.52
-144,53.9134#38.54#27.94#33.52
-143.912,53.9079#38.53#27.94#33.53
-143.824,53.9024#38.52#27.95#33.53
-156.972,53.9005#48.03#27.13#24.84
-156.884,53.9068#47.93#27.14#24.93
-156.797,53.913#47.83#27.14#25.03
-156.709,53.9191#47.73#27.15#25.12
-156.622,53.9251#47.63#27.15#25.22
-156.534,53.931#47.53#27.16#25.31
-156.447,53.9369#47.44#27.16#25.4
-156.359,53.9427#47.34#27.17#25.49
-156.272,53.9484#47.25#27.17#25.58
-156.184,53.954#47.16#27.17#25.67
-156.096,53.9596#47.06#27.18#25.76
-156.009,53.9651#46.97#27.18#25.85
-155.921,53.9705#46.86#27.19#25.95
-155.833,53.9758#46.74#27.19#26.07
-155.745,53.981#46.62#27.2#26.18
-155.657,53.9862#46.5#27.2#26.3
-155.57,53.9912#46.37#27.21#26.42
-155.482,53.9962#46.26#27.21#26.53
-155.394,54.0011#46.15#27.22#26.63
-155.306,54.006#46.05#27.22#26.73
-155.218,54.0107#45.95#27.23#26.82
-155.13,54.0154#45.85#27.23#26.92
-155.042,54.02#45.75#27.24#27.01
-154.954,54.0246#45.64#27.24#27.12
-154.866,54.029#45.53#27.25#27.22
-154.778,54.0334#45.43#27.25#27.32
-154.69,54.0376#45.32#27.25#27.43
-154.602,54.0418#45.21#27.26#27.53
-154.514,54.046#45.1#27.26#27.64
-154.425,54.05#45#27.27#27.73
-154.337,54.054#44.89#27.27#27.84
-154.249,54.0579#44.79#27.28#27.93
-154.161,54.0617#44.68#27.28#28.04
-154.073,54.0654#44.57#27.29#28.14
-153.984,54.0691#44.47#27.29#28.24
-153.896,54.0726#44.37#27.3#28.33
-153.808,54.0761#44.27#27.3#28.43
-153.719,54.0795#44.17#27.31#28.52
-153.631,54.0828#44.07#27.31#28.62
-153.543,54.0861#43.97#27.32#28.71
-153.454,54.0893#43.87#27.32#28.81
-153.366,54.0924#43.77#27.33#28.9
-153.278,54.0954#43.67#27.33#29
-153.189,54.0983#43.57#27.34#29.09
-153.101,54.1011#43.47#27.34#29.19
-153.012,54.1039#43.37#27.35#29.28
-152.924,54.1066#43.28#27.35#29.37
-152.835,54.1092#43.18#27.36#29.46
-152.747,54.1117#43.09#27.36#29.55
-152.658,54.1142#43#27.37#29.63
-152.57,54.1166#42.91#27.37#29.72
-152.481,54.1188#42.81#27.38#29.81
-152.393,54.121#42.73#27.38#29.89
-152.304,54.1232#42.64#27.39#29.97
-152.216,54.1252#42.56#27.39#30.05
-152.127,54.1272#42.47#27.4#30.13
-152.039,54.1291#42.38#27.41#30.21
-151.95,54.1309#42.3#27.41#30.29
-151.861,54.1326#42.22#27.42#30.36
-151.773,54.1343#42.14#27.42#30.44
-151.684,54.1358#42.06#27.43#30.51
-151.596,54.1373#41.98#27.43#30.59
-151.507,54.1387#41.9#27.44#30.66
-151.418,54.14#41.84#27.44#30.72
-151.33,54.1413#41.77#27.45#30.78
-151.241,54.1425#41.71#27.45#30.84
-151.152,54.1435#41.65#27.46#30.89
-151.064,54.1445#41.58#27.46#30.96
-150.975,54.1455#41.52#27.47#31.01
-150.886,54.1463#41.46#27.47#31.07
-150.798,54.1471#41.4#27.48#31.12
-150.709,54.1478#41.35#27.48#31.17
-150.62,54.1484#41.29#27.49#31.22
-150.532,54.1489#41.23#27.5#31.27
-150.443,54.1493#41.17#27.5#31.33
-150.354,54.1497#41.12#27.51#31.37
-150.266,54.15#41.06#27.51#31.43
-150.177,54.1502#41#27.52#31.48
-150.088,54.1503#40.94#27.52#31.54
-149.999,54.1503#40.88#27.53#31.59
-149.911,54.1503#40.83#27.53#31.64
-149.822,54.1502#40.77#27.54#31.69
-149.733,54.15#40.72#27.55#31.73
-149.645,54.1497#40.67#27.55#31.78
-149.556,54.1493#40.62#27.56#31.82
-149.467,54.1489#40.57#27.56#31.87
-149.379,54.1484#40.51#27.57#31.92
-149.29,54.1478#40.46#27.57#31.97
-149.201,54.1471#40.41#27.58#32.01
-149.113,54.1463#40.36#27.58#32.06
-149.024,54.1455#40.3#27.59#32.11
-148.935,54.1445#40.24#27.6#32.16
-148.847,54.1435#40.17#27.6#32.23
-148.758,54.1424#40.1#27.61#32.29
-148.669,54.1413#40.03#27.61#32.36
-148.581,54.14#39.97#27.62#32.41
-148.492,54.1387#39.9#27.62#32.48
-148.403,54.1373#39.88#27.63#32.49
-148.315,54.1358#39.85#27.64#32.51
-148.226,54.1342#39.82#27.64#32.54
-148.137,54.1326#39.79#27.65#32.56
-148.049,54.1309#39.77#27.65#32.58
-147.96,54.1291#39.74#27.66#32.6
-147.872,54.1272#39.71#27.66#32.63
-147.783,54.1252#39.68#27.67#32.65
-147.695,54.1232#39.65#27.68#32.67
-147.606,54.121#39.62#27.68#32.7
-147.518,54.1188#39.59#27.69#32.72
-147.429,54.1165#39.56#27.69#32.75
-147.34,54.1142#39.53#27.7#32.77
-147.252,54.1117#39.49#27.71#32.8
-147.164,54.1092#39.46#27.71#32.83
-147.075,54.1066#39.43#27.72#32.85
-146.987,54.1039#39.39#27.72#32.89
-146.898,54.1011#39.36#27.73#32.91
-146.81,54.0983#39.33#27.73#32.94
-146.721,54.0953#39.3#27.74#32.96
-146.633,54.0923#39.27#27.75#32.98
-146.545,54.0892#39.24#27.75#33.01
-146.456,54.0861#39.21#27.76#33.03
-146.368,54.0828#39.18#27.76#33.06
-146.279,54.0795#39.15#27.77#33.08
-146.191,54.0761#39.12#27.78#33.1
-146.103,54.0726#39.09#27.78#33.13
-146.015,54.069#39.06#27.79#33.15
-145.926,54.0654#39.03#27.79#33.18
-145.838,54.0616#39.01#27.8#33.19
-145.75,54.0578#38.98#27.81#33.21
-145.662,54.0539#38.95#27.81#33.24
-145.573,54.05#38.93#27.82#33.25
-145.485,54.0459#38.9#27.83#33.27
-145.397,54.0418#38.88#27.83#33.29
-145.309,54.0376#38.86#27.84#33.3
-145.221,54.0333#38.83#27.84#33.33
-145.133,54.0289#38.81#27.85#33.34
-145.045,54.0245#38.79#27.86#33.35
-144.957,54.02#38.77#27.86#33.37
-144.869,54.0154#38.75#27.87#33.38
-144.781,54.0107#38.73#27.87#33.4
-144.693,54.0059#38.71#27.88#33.41
-144.605,54.0011#38.69#27.89#33.42
-144.517,53.9962#38.67#27.89#33.44
-144.429,53.9912#38.65#27.9#33.45
-144.341,53.9861#38.64#27.91#33.45
-144.254,53.9809#38.62#27.91#33.47
-144.166,53.9757#38.61#27.92#33.47
-144.078,53.9704#38.59#27.92#33.49
-143.99,53.965#38.58#27.93#33.49
-143.903,53.9595#38.57#27.94#33.49
-143.815,53.954#38.56#27.94#33.5
-143.727,53.9483#38.56#27.95#33.49
-143.64,53.9426#38.55#27.96#33.49
-143.552,53.9368#38.54#27.96#33.5
-143.464,53.931#38.54#27.97#33.49
-143.377,53.925#38.53#27.97#33.5
-143.289,53.919#38.53#27.98#33.49
-143.202,53.9129#38.53#27.99#33.48
-143.115,53.9067#38.53#27.99#33.48
-143.027,53.9005#38.53#28#33.47
-157.594,53.906#48.91#27.09#24
-157.507,53.9128#48.81#27.1#24.09
-157.42,53.9195#48.72#27.1#24.18
-157.332,53.9262#48.63#27.11#24.26
-157.245,53.9328#48.54#27.11#24.35
-157.157,53.9393#48.45#27.12#24.43
-157.07,53.9457#48.36#27.12#24.52
-156.982,53.952#48.26#27.13#24.61
-156.895,53.9583#48.17#27.13#24.7
-156.807,53.9645#48.07#27.13#24.8
-156.72,53.9706#47.97#27.14#24.89
-156.632,53.9766#47.87#27.14#24.99
-156.544,53.9826#47.77#27.15#25.08
-156.457,53.9885#47.67#27.15#25.18
-156.369,53.9943#47.58#27.16#25.26
-156.281,54#47.49#27.16#25.35
-156.194,54.0056#47.4#27.17#25.43
-156.106,54.0112#47.31#27.17#25.52
-156.018,54.0167#47.22#27.18#25.6
-155.93,54.0221#47.1#27.18#25.72
-155.842,54.0274#46.98#27.19#25.83
-155.754,54.0326#46.86#27.19#25.95
-155.666,54.0378#46.73#27.19#26.08
-155.578,54.0429#46.61#27.2#26.19
-155.49,54.0479#46.49#27.2#26.31
-155.402,54.0528#46.39#27.21#26.4
-155.314,54.0577#46.29#27.21#26.5
-155.226,54.0624#46.18#27.22#26.6
-155.138,54.0671#46.08#27.22#26.7
-155.05,54.0717#45.98#27.23#26.79
-154.962,54.0763#45.88#27.23#26.89
-154.873,54.0807#45.77#27.24#26.99
-154.785,54.0851#45.66#27.24#27.1
-154.697,54.0894#45.56#27.25#27.19
-154.609,54.0936#45.45#27.25#27.3
-154.521,54.0977#45.34#27.26#27.4
-154.432,54.1018#45.23#27.26#27.51
-154.344,54.1058#45.13#27.27#27.6
-154.256,54.1097#45.02#27.27#27.71
-154.167,54.1135#44.92#27.28#27.8
-154.079,54.1172#44.81#27.28#27.91
-153.99,54.1209#44.71#27.29#28
-153.902,54.1244#44.61#27.29#28.1
-153.814,54.1279#44.51#27.3#28.19
-153.725,54.1313#44.4#27.3#28.3
-153.637,54.1347#44.3#27.31#28.39
-153.548,54.1379#44.2#27.31#28.49
-153.46,54.1411#44.1#27.32#28.58
-153.371,54.1442#44#27.32#28.68
-153.283,54.1472#43.9#27.33#28.77
-153.194,54.1501#43.8#27.33#28.87
-153.106,54.153#43.7#27.34#28.96
-153.017,54.1558#43.61#27.34#29.05
-152.928,54.1585#43.51#27.35#29.14
-152.84,54.1611#43.42#27.35#29.23
-152.751,54.1636#43.33#27.36#29.31
-152.663,54.1661#43.23#27.36#29.41
-152.574,54.1684#43.14#27.37#29.49
-152.485,54.1707#43.05#27.37#29.58
-152.397,54.1729#42.96#27.38#29.66
-152.308,54.1751#42.87#27.38#29.75
-152.219,54.1771#42.79#27.39#29.82
-152.13,54.1791#42.7#27.39#29.91
-152.042,54.181#42.61#27.4#29.99
-151.953,54.1828#42.53#27.4#30.07
-151.864,54.1845#42.45#27.41#30.14
-151.776,54.1862#42.37#27.41#30.22
-151.687,54.1878#42.29#27.42#30.29
-151.598,54.1892#42.21#27.42#30.37
-151.509,54.1907#42.13#27.43#30.44
-151.42,54.192#42.06#27.43#30.51
-151.332,54.1932#41.99#27.44#30.57
-151.243,54.1944#41.92#27.45#30.63
-151.154,54.1955#41.85#27.45#30.7
-151.065,54.1965#41.78#27.46#30.76
-150.977,54.1974#41.71#27.46#30.83
-150.888,54.1983#41.65#27.47#30.88
-150.799,54.199#41.58#27.47#30.95
-150.71,54.1997#41.52#27.48#31
-150.621,54.2003#41.46#27.48#31.06
-150.532,54.2008#41.4#27.49#31.11
-150.444,54.2013#41.34#27.49#31.17
-150.355,54.2016#41.27#27.5#31.23
-150.266,54.2019#41.21#27.5#31.29
-150.177,54.2021#41.14#27.51#31.35
-150.088,54.2022#41.08#27.52#31.4
-149.999,54.2023#41.02#27.52#31.46
-149.911,54.2022#40.96#27.53#31.51
-149.822,54.2021#40.9#27.53#31.57
-149.733,54.2019#40.85#27.54#31.61
-149.644,54.2016#40.79#27.54#31.67
-149.555,54.2013#40.73#27.55#31.72
-149.466,54.2008#40.68#27.55#31.77
-149.378,54.2003#40.62#27.56#31.82
-149.289,54.1997#40.56#27.57#31.87
-149.2,54.199#40.5#27.57#31.93
-149.111,54.1982#40.44#27.58#31.98
-149.022,54.1974#40.39#27.58#32.03
-148.934,54.1965#40.32#27.59#32.09
-148.845,54.1955#40.24#27.59#32.17
-148.756,54.1944#40.17#27.6#32.23
-148.667,54.1932#40.1#27.61#32.29
-148.578,54.192#40.02#27.61#32.37
-148.49,54.1906#39.95#27.62#32.43
-148.401,54.1892#39.93#27.62#32.45
-148.312,54.1877#39.9#27.63#32.47
-148.223,54.1862#39.87#27.63#32.5
-148.135,54.1845#39.84#27.64#32.52
-148.046,54.1828#39.82#27.65#32.53
-147.957,54.181#39.79#27.65#32.56
-147.868,54.1791#39.76#27.66#32.58
-147.78,54.1771#39.73#27.66#32.61
-147.691,54.1751#39.7#27.67#32.63
-147.602,54.1729#39.67#27.67#32.66
-147.514,54.1707#39.64#27.68#32.68
-147.425,54.1684#39.6#27.69#32.71
-147.336,54.166#39.57#27.69#32.74
-147.248,54.1636#39.54#27.7#32.76
-147.159,54.161#39.5#27.7#32.8
-147.071,54.1584#39.47#27.71#32.82
-146.982,54.1557#39.43#27.72#32.85
-146.893,54.153#39.4#27.72#32.88
-146.805,54.1501#39.37#27.73#32.9
-146.716,54.1472#39.34#27.73#32.93
-146.628,54.1442#39.31#27.74#32.95
-146.539,54.1411#39.28#27.75#32.97
-146.451,54.1379#39.25#27.75#33
-146.362,54.1346#39.22#27.76#33.02
-146.274,54.1313#39.19#27.76#33.05
-146.185,54.1279#39.16#27.77#33.07
-146.097,54.1244#39.13#27.78#33.09
-146.008,54.1208#39.1#27.78#33.12
-145.92,54.1172#39.07#27.79#33.14
-145.832,54.1134#39.05#27.79#33.16
-145.743,54.1096#39.02#27.8#33.18
-145.655,54.1057#38.99#27.81#33.2
-145.567,54.1017#38.97#27.81#33.22
-145.478,54.0977#38.94#27.82#33.24
-145.39,54.0935#38.92#27.82#33.26
-145.302,54.0893#38.9#27.83#33.27
-145.214,54.085#38.87#27.84#33.29
-145.125,54.0807#38.85#27.84#33.31
-145.037,54.0762#38.83#27.85#33.32
-144.949,54.0717#38.81#27.86#33.33
-144.861,54.0671#38.79#27.86#33.35
-144.773,54.0624#38.77#27.87#33.36
-144.685,54.0576#38.75#27.87#33.38
-144.597,54.0528#38.73#27.88#33.39
-144.509,54.0478#38.71#27.89#33.4
-144.421,54.0428#38.69#27.89#33.42
-144.333,54.0377#38.68#27.9#33.42
-144.245,54.0326#38.66#27.9#33.44
-144.157,54.0273#38.65#27.91#33.44
-144.069,54.022#38.63#27.92#33.45
-143.981,54.0166#38.62#27.92#33.46
-143.893,54.0111#38.61#27.93#33.46
-143.805,54.0056#38.61#27.94#33.45
-143.718,53.9999#38.6#27.94#33.46
-143.63,53.9942#38.59#27.95#33.46
-143.542,53.9884#38.58#27.96#33.46
-143.454,53.9825#38.58#27.96#33.46
-143.367,53.9766#38.58#27.97#33.45
-143.279,53.9705#38.58#27.97#33.45
-143.192,53.9644#38.57#27.98#33.45
-143.104,53.9582#38.57#27.99#33.44
-143.016,53.952#38.57#27.99#33.44
-142.929,53.9456#38.57#28#33.43
-142.841,53.9392#38.58#28.01#33.41
-142.754,53.9327#38.58#28.01#33.41
-142.667,53.9261#38.59#28.02#33.39
-142.579,53.9194#38.59#28.03#33.38
-142.492,53.9127#38.6#28.03#33.37
-142.405,53.9059#38.61#28.04#33.35
-158.304,53.9#49.87#27.05#23.08
-158.217,53.9074#49.8#27.06#23.14
-158.13,53.9148#49.72#27.06#23.22
-158.043,53.9221#49.65#27.07#23.28
-157.955,53.9293#49.56#27.07#23.37
-157.868,53.9364#49.46#27.07#23.47
-157.781,53.9435#49.36#27.08#23.56
-157.693,53.9505#49.26#27.08#23.66
-157.606,53.9574#49.16#27.09#23.75
-157.519,53.9642#49.05#27.09#23.86
-157.431,53.971#48.96#27.1#23.94
-157.344,53.9776#48.87#27.1#24.03
-157.256,53.9842#48.78#27.1#24.12
-157.168,53.9908#48.69#27.11#24.2
-157.081,53.9972#48.59#27.11#24.3
-156.993,54.0036#48.5#27.12#24.38
-156.906,54.0098#48.4#27.12#24.48
-156.818,54.016#48.3#27.13#24.57
-156.73,54.0222#48.2#27.13#24.67
-156.642,54.0282#48.1#27.14#24.76
-156.555,54.0342#48.01#27.14#24.85
-156.467,54.04#47.91#27.14#24.95
-156.379,54.0459#47.82#27.15#25.03
-156.291,54.0516#47.73#27.15#25.12
-156.203,54.0572#47.64#27.16#25.2
-156.115,54.0628#47.55#27.16#25.29
-156.027,54.0683#47.46#27.17#25.37
-155.939,54.0737#47.35#27.17#25.48
-155.851,54.079#47.22#27.18#25.6
-155.763,54.0843#47.1#27.18#25.72
-155.675,54.0895#46.97#27.19#25.84
-155.587,54.0946#46.84#27.19#25.97
-155.499,54.0996#46.72#27.2#26.08
-155.411,54.1045#46.62#27.2#26.18
-155.322,54.1094#46.52#27.2#26.28
-155.234,54.1142#46.42#27.21#26.37
-155.146,54.1188#46.32#27.21#26.47
-155.058,54.1235#46.22#27.22#26.56
-154.969,54.128#46.12#27.22#26.66
-154.881,54.1325#46.01#27.23#26.76
-154.793,54.1368#45.9#27.23#26.87
-154.704,54.1411#45.79#27.24#26.97
-154.616,54.1454#45.69#27.24#27.07
-154.528,54.1495#45.58#27.25#27.17
-154.439,54.1536#45.47#27.25#27.28
-154.351,54.1575#45.37#27.26#27.37
-154.262,54.1614#45.26#27.26#27.48
-154.174,54.1653#45.16#27.27#27.57
-154.085,54.169#45.05#27.27#27.68
-153.997,54.1727#44.95#27.28#27.77
-153.908,54.1763#44.84#27.28#27.88
-153.82,54.1798#44.74#27.29#27.97
-153.731,54.1832#44.64#27.29#28.07
-153.642,54.1865#44.53#27.3#28.17
-153.554,54.1898#44.43#27.3#28.27
-153.465,54.193#44.33#27.31#28.36
-153.376,54.1961#44.23#27.31#28.46
-153.288,54.1991#44.13#27.32#28.55
-153.199,54.202#44.04#27.32#28.64
-153.11,54.2049#43.94#27.33#28.73
-153.022,54.2077#43.84#27.33#28.83
-152.933,54.2104#43.75#27.34#28.91
-152.844,54.213#43.65#27.34#29.01
-152.755,54.2155#43.56#27.35#29.09
-152.667,54.218#43.46#27.35#29.19
-152.578,54.2203#43.37#27.36#29.27
-152.489,54.2226#43.28#27.36#29.36
-152.4,54.2249#43.19#27.37#29.44
-152.311,54.227#43.1#27.37#29.53
-152.223,54.2291#43.01#27.38#29.61
-152.134,54.231#42.92#27.38#29.7
-152.045,54.2329#42.84#27.39#29.77
-151.956,54.2347#42.75#27.39#29.86
-151.867,54.2365#42.67#27.4#29.93
-151.778,54.2381#42.59#27.41#30
-151.689,54.2397#42.51#27.41#30.08
-151.601,54.2412#42.43#27.42#30.15
-151.512,54.2426#42.35#27.42#30.23
-151.423,54.2439#42.28#27.43#30.29
-151.334,54.2452#42.21#27.43#30.36
-151.245,54.2463#42.14#27.44#30.42
-151.156,54.2474#42.07#27.44#30.49
-151.067,54.2484#42#27.45#30.55
-150.978,54.2494#41.93#27.45#30.62
-150.889,54.2502#41.87#27.46#30.67
-150.8,54.251#41.8#27.46#30.74
-150.711,54.2517#41.74#27.47#30.79
-150.622,54.2523#41.68#27.47#30.85
-150.533,54.2528#41.62#27.48#30.9
-150.444,54.2532#41.55#27.49#30.96
-150.355,54.2536#41.49#27.49#31.02
-150.266,54.2539#41.43#27.5#31.07
-150.177,54.2541#41.36#27.5#31.14
-150.088,54.2542#41.3#27.51#31.19
-149.999,54.2542#41.23#27.51#31.26
-149.91,54.2542#41.18#27.52#31.3
-149.822,54.2541#41.12#27.52#31.36
-149.733,54.2539#41.06#27.53#31.41
-149.644,54.2536#41.01#27.54#31.45
-149.555,54.2532#40.95#27.54#31.51
-149.466,54.2528#40.89#27.55#31.56
-149.377,54.2523#40.83#27.55#31.62
-149.288,54.2517#40.77#27.56#31.67
-149.199,54.251#40.71#27.56#31.73
-149.11,54.2502#40.66#27.57#31.77
-149.021,54.2494#40.6#27.57#31.83
-148.932,54.2484#40.52#27.58#31.9
-148.843,54.2474#40.44#27.59#31.97
-148.754,54.2463#40.36#27.59#32.05
-148.665,54.2452#40.28#27.6#32.12
-148.576,54.2439#40.2#27.6#32.2
-148.487,54.2426#40.13#27.61#32.26
-148.398,54.2412#40.09#27.61#32.3
-148.309,54.2397#40.05#27.62#32.33
-148.221,54.2381#40.01#27.63#32.36
-148.132,54.2364#39.98#27.63#32.39
-148.043,54.2347#39.94#27.64#32.42
-147.954,54.2329#39.9#27.64#32.46
-147.865,54.231#39.86#27.65#32.49
-147.776,54.229#39.82#27.66#32.52
-147.687,54.227#39.78#27.66#32.56
-147.599,54.2248#39.74#27.67#32.59
-147.51,54.2226#39.71#27.67#32.62
-147.421,54.2203#39.67#27.68#32.65
-147.332,54.2179#39.63#27.68#32.69
-147.243,54.2155#39.59#27.69#32.72
-147.155,54.2129#39.55#27.7#32.75
-147.066,54.2103#39.51#27.7#32.79
-146.977,54.2076#39.48#27.71#32.81
-146.889,54.2048#39.45#27.71#32.84
-146.8,54.202#39.42#27.72#32.86
-146.711,54.199#39.39#27.73#32.88
-146.622,54.196#39.36#27.73#32.91
-146.534,54.1929#39.33#27.74#32.93
-146.445,54.1897#39.3#27.74#32.96
-146.357,54.1865#39.26#27.75#32.99
-146.268,54.1831#39.23#27.76#33.01
-146.179,54.1797#39.2#27.76#33.04
-146.091,54.1762#39.17#27.77#33.06
-146.002,54.1726#39.14#27.77#33.09
-145.914,54.169#39.11#27.78#33.11
-145.825,54.1652#39.09#27.79#33.12
-145.737,54.1614#39.06#27.79#33.15
-145.648,54.1575#39.03#27.8#33.17
-145.56,54.1535#39.01#27.8#33.19
-145.471,54.1495#38.98#27.81#33.21
-145.383,54.1453#38.96#27.82#33.22
-145.295,54.1411#38.94#27.82#33.24
-145.206,54.1368#38.91#27.83#33.26
-145.118,54.1324#38.89#27.84#33.27
-145.03,54.128#38.87#27.84#33.29
-144.941,54.1234#38.85#27.85#33.3
-144.853,54.1188#38.83#27.85#33.32
-144.765,54.1141#38.81#27.86#33.33
-144.677,54.1093#38.79#27.87#33.34
-144.588,54.1045#38.77#27.87#33.36
-144.5,54.0995#38.75#27.88#33.37
-144.412,54.0945#38.73#27.89#33.38
-144.324,54.0894#38.72#27.89#33.39
-144.236,54.0842#38.71#27.9#33.39
-144.148,54.079#38.69#27.9#33.41
-144.06,54.0736#38.68#27.91#33.41
-143.972,54.0682#38.66#27.92#33.42
-143.884,54.0627#38.66#27.92#33.42
-143.796,54.0572#38.65#27.93#33.42
-143.708,54.0515#38.64#27.94#33.42
-143.62,54.0458#38.63#27.94#33.43
-143.532,54.04#38.63#27.95#33.42
-143.444,54.0341#38.62#27.95#33.43
-143.357,54.0281#38.62#27.96#33.42
-143.269,54.0221#38.62#27.97#33.41
-143.181,54.016#38.62#27.97#33.41
-143.093,54.0098#38.61#27.98#33.41
-143.006,54.0035#38.61#27.99#33.4
-142.918,53.9971#38.62#27.99#33.39
-142.83,53.9907#38.62#28#33.38
-142.743,53.9842#38.63#28.01#33.36
-142.655,53.9776#38.63#28.01#33.36
-142.568,53.9709#38.64#28.02#33.34
-142.48,53.9641#38.64#28.02#33.34
-142.393,53.9573#38.65#28.03#33.32
-142.306,53.9504#38.66#28.04#33.3
-142.218,53.9434#38.67#28.04#33.29
-142.131,53.9363#38.68#28.05#33.27
-142.044,53.9292#38.69#28.06#33.25
-141.956,53.922#38.7#28.06#33.24
-141.869,53.9147#38.72#28.07#33.21
-141.782,53.9073#38.74#28.08#33.18
-158.84,53.9049#50.57#27.02#22.41
-158.753,53.9128#50.51#27.02#22.47
-158.665,53.9206#50.44#27.03#22.53
-158.578,53.9284#50.38#27.03#22.59
-158.491,53.9361#50.31#27.04#22.65
-158.404,53.9437#50.24#27.04#22.72
-158.317,53.9513#50.16#27.04#22.8
-158.23,53.9588#50.08#27.05#22.87
-158.142,53.9661#50.01#27.05#22.94
-158.055,53.9735#49.93#27.06#23.01
-157.968,53.9807#49.84#27.06#23.1
-157.88,53.9878#49.73#27.07#23.2
-157.793,53.9949#49.63#27.07#23.3
-157.705,54.0019#49.52#27.07#23.41
-157.618,54.0088#49.41#27.08#23.51
-157.53,54.0157#49.3#27.08#23.62
-157.442,54.0224#49.2#27.09#23.71
-157.355,54.0291#49.11#27.09#23.8
-157.267,54.0357#49.02#27.1#23.88
-157.179,54.0423#48.93#27.1#23.97
-157.092,54.0487#48.83#27.1#24.07
-157.004,54.0551#48.74#27.11#24.15
-156.916,54.0614#48.64#27.11#24.25
-156.828,54.0676#48.54#27.12#24.34
-156.74,54.0737#48.44#27.12#24.44
-156.653,54.0798#48.34#27.13#24.53
-156.565,54.0857#48.24#27.13#24.63
-156.477,54.0916#48.15#27.14#24.71
-156.389,54.0975#48.06#27.14#24.8
-156.301,54.1032#47.97#27.15#24.88
-156.213,54.1089#47.88#27.15#24.97
-156.125,54.1144#47.79#27.15#25.06
-156.036,54.1199#47.7#27.16#25.14
-155.948,54.1254#47.59#27.16#25.25
-155.86,54.1307#47.47#27.17#25.36
-155.772,54.136#47.34#27.17#25.49
-155.684,54.1411#47.21#27.18#25.61
-155.595,54.1463#47.08#27.18#25.74
-155.507,54.1513#46.95#27.19#25.86
-155.419,54.1562#46.85#27.19#25.96
-155.331,54.1611#46.75#27.2#26.05
-155.242,54.1659#46.65#27.2#26.15
-155.154,54.1706#46.55#27.21#26.24
-155.065,54.1752#46.45#27.21#26.34
-154.977,54.1798#46.35#27.22#26.43
-154.889,54.1842#46.25#27.22#26.53
-154.8,54.1886#46.14#27.23#26.63
-154.712,54.1929#46.03#27.23#26.74
-154.623,54.1971#45.92#27.23#26.85
-154.535,54.2013#45.82#27.24#26.94
-154.446,54.2054#45.71#27.24#27.05
-154.357,54.2094#45.61#27.25#27.14
-154.269,54.2133#45.5#27.25#27.25
-154.18,54.2171#45.4#27.26#27.34
-154.092,54.2208#45.29#27.26#27.45
-154.003,54.2245#45.18#27.27#27.55
-153.914,54.2281#45.08#27.27#27.65
-153.825,54.2316#44.98#27.28#27.74
-153.737,54.235#44.87#27.28#27.85
-153.648,54.2384#44.77#27.29#27.94
-153.559,54.2416#44.66#27.29#28.05
-153.47,54.2448#44.56#27.3#28.14
-153.382,54.2479#44.46#27.3#28.24
-153.293,54.251#44.37#27.31#28.32
-153.204,54.2539#44.27#27.31#28.42
-153.115,54.2568#44.17#27.32#28.51
-153.026,54.2595#44.07#27.32#28.61
-152.937,54.2623#43.98#27.33#28.69
-152.849,54.2649#43.88#27.33#28.79
-152.76,54.2674#43.79#27.34#28.87
-152.671,54.2699#43.69#27.34#28.97
-152.582,54.2723#43.6#27.35#29.05
-152.493,54.2746#43.5#27.36#29.14
-152.404,54.2768#43.42#27.36#29.22
-152.315,54.2789#43.33#27.37#29.3
-152.226,54.281#43.24#27.37#29.39
-152.137,54.283#43.15#27.38#29.47
-152.048,54.2849#43.06#27.38#29.56
-151.959,54.2867#42.98#27.39#29.63
-151.87,54.2884#42.9#27.39#29.71
-151.781,54.2901#42.82#27.4#29.78
-151.692,54.2916#42.74#27.4#29.86
-151.603,54.2931#42.66#27.41#29.93
-151.514,54.2946#42.57#27.41#30.02
-151.425,54.2959#42.5#27.42#30.08
-151.336,54.2971#42.43#27.42#30.15
-151.247,54.2983#42.36#27.43#30.21
-151.158,54.2994#42.29#27.43#30.28
-151.069,54.3004#42.22#27.44#30.34
-150.98,54.3013#42.15#27.45#30.4
-150.89,54.3022#42.09#27.45#30.46
-150.801,54.303#42.02#27.46#30.52
-150.712,54.3036#41.96#27.46#30.58
-150.623,54.3043#41.9#27.47#30.63
-150.534,54.3048#41.84#27.47#30.69
-150.445,54.3052#41.77#27.48#30.75
-150.356,54.3056#41.71#27.48#30.81
-150.267,54.3059#41.64#27.49#30.87
-150.178,54.3061#41.58#27.49#30.93
-150.089,54.3062#41.52#27.5#30.98
-149.999,54.3062#41.45#27.51#31.04
-149.91,54.3062#41.39#27.51#31.1
-149.821,54.3061#41.34#27.52#31.14
-149.732,54.3059#41.28#27.52#31.2
-149.643,54.3056#41.22#27.53#31.25
-149.554,54.3052#41.16#27.53#31.31
-149.465,54.3048#41.11#27.54#31.35
-149.376,54.3042#41.05#27.54#31.41
-149.287,54.3036#40.99#27.55#31.46
-149.198,54.303#40.93#27.56#31.51
-149.108,54.3022#40.87#27.56#31.57
-149.019,54.3013#40.81#27.57#31.62
-148.93,54.3004#40.73#27.57#31.7
-148.841,54.2994#40.65#27.58#31.77
-148.752,54.2983#40.57#27.58#31.85
-148.663,54.2971#40.49#27.59#31.92
-148.574,54.2959#40.4#27.6#32
-148.485,54.2945#40.33#27.6#32.07
-148.396,54.2931#40.28#27.61#32.11
-148.307,54.2916#40.23#27.61#32.16
-148.218,54.2901#40.19#27.62#32.19
-148.129,54.2884#40.14#27.62#32.24
-148.04,54.2867#40.09#27.63#32.28
-147.951,54.2848#40.04#27.64#32.32
-147.862,54.2829#39.99#27.64#32.37
-147.773,54.281#39.94#27.65#32.41
-147.684,54.2789#39.89#27.65#32.46
-147.595,54.2768#39.85#27.66#32.49
-147.506,54.2745#39.8#27.66#32.54
-147.417,54.2722#39.75#27.67#32.58
-147.328,54.2699#39.7#27.68#32.62
-147.239,54.2674#39.65#27.68#32.67
-147.15,54.2648#39.61#27.69#32.7
-147.061,54.2622#39.56#27.69#32.75
-146.973,54.2595#39.52#27.7#32.78
-146.884,54.2567#39.49#27.71#32.8
-146.795,54.2539#39.46#27.71#32.83
-146.706,54.2509#39.43#27.72#32.85
-146.617,54.2479#39.4#27.72#32.88
-146.528,54.2448#39.37#27.73#32.9
-146.44,54.2416#39.34#27.74#32.92
-146.351,54.2383#39.31#27.74#32.95
-146.262,54.235#39.27#27.75#32.98
-146.173,54.2316#39.24#27.75#33.01
-146.085,54.228#39.21#27.76#33.03
-145.996,54.2245#39.18#27.77#33.05
-145.907,54.2208#39.15#27.77#33.08
-145.819,54.217#39.13#27.78#33.09
-145.73,54.2132#39.1#27.78#33.12
-145.642,54.2093#39.07#27.79#33.14
-145.553,54.2053#39.05#27.8#33.15
-145.464,54.2012#39.02#27.8#33.18
-145.376,54.1971#39#27.81#33.19
-145.287,54.1929#38.98#27.82#33.2
-145.199,54.1886#38.95#27.82#33.23
-145.11,54.1842#38.93#27.83#33.24
-145.022,54.1797#38.91#27.83#33.26
-144.933,54.1752#38.89#27.84#33.27
-144.845,54.1705#38.87#27.85#33.28
-144.757,54.1658#38.85#27.85#33.3
-144.668,54.161#38.83#27.86#33.31
-144.58,54.1562#38.81#27.87#33.32
-144.492,54.1512#38.79#27.87#33.34
-144.403,54.1462#38.78#27.88#33.34
-144.315,54.1411#38.76#27.88#33.36
-144.227,54.1359#38.75#27.89#33.36
-144.139,54.1306#38.73#27.9#33.37
-144.051,54.1253#38.72#27.9#33.38
-143.962,54.1199#38.71#27.91#33.38
-143.874,54.1144#38.7#27.92#33.38
-143.786,54.1088#38.69#27.92#33.39
-143.698,54.1031#38.68#27.93#33.39
-143.61,54.0974#38.68#27.93#33.39
-143.522,54.0916#38.67#27.94#33.39
-143.434,54.0857#38.66#27.95#33.39
-143.346,54.0797#38.66#27.95#33.39
-143.258,54.0736#38.66#27.96#33.38
-143.171,54.0675#38.66#27.97#33.37
-143.083,54.0613#38.66#27.97#33.37
-142.995,54.055#38.66#27.98#33.36
-142.907,54.0486#38.66#27.99#33.35
-142.819,54.0422#38.67#27.99#33.34
-142.732,54.0356#38.67#28#33.33
-142.644,54.029#38.67#28#33.33
-142.556,54.0224#38.68#28.01#33.31
-142.469,54.0156#38.68#28.02#33.3
-142.381,54.0087#38.7#28.02#33.28
-142.294,54.0018#38.71#28.03#33.26
-142.206,53.9948#38.72#28.04#33.24
-142.119,53.9877#38.73#28.04#33.23
-142.031,53.9806#38.74#28.05#33.21
-141.944,53.9734#38.75#28.06#33.19
-141.857,53.966#38.77#28.06#33.17
-141.769,53.9587#38.78#28.07#33.15
-141.682,53.9512#38.8#28.08#33.12
-141.595,53.9436#38.81#28.08#33.11
-141.508,53.936#38.83#28.09#33.08
-141.421,53.9283#38.85#28.1#33.05
-141.333,53.9205#38.87#28.11#33.02
-141.246,53.9127#38.89#28.11#33
-141.159,53.9048#38.91#28.12#32.97
-159.375,53.9068#51.1#26.99#21.91
-159.288,53.9152#51.07#26.99#21.94
-159.201,53.9236#51.05#26.99#21.96
-159.114,53.9318#51.02#27#21.98
-159.027,53.94#50.99#27#22.01
-158.94,53.9481#50.94#27.01#22.05
-158.853,53.9561#50.88#27.01#22.11
-158.766,53.9641#50.81#27.01#22.18
-158.679,53.9719#50.74#27.02#22.24
-158.592,53.9797#50.67#27.02#22.31
-158.504,53.9874#50.6#27.03#22.37
-158.417,53.9951#50.53#27.03#22.44
-158.33,54.0026#50.45#27.04#22.51
-158.242,54.0101#50.37#27.04#22.59
-158.155,54.0175#50.29#27.04#22.67
-158.067,54.0248#50.21#27.05#22.74
-157.98,54.0321#50.12#27.05#22.83
