-154.05,69.903#40#27.23#32.77
-153.889,69.9069#39.82#27.24#32.94
-153.727,69.9106#39.63#27.25#33.12
-153.565,69.9141#39.44#27.26#33.3
-153.404,69.9175#39.28#27.26#33.46
-153.242,69.9207#39.15#27.27#33.58
-153.08,69.9238#39.01#27.27#33.72
-152.918,69.9267#38.87#27.28#33.85
-152.756,69.9295#38.72#27.28#34
-152.594,69.9321#38.58#27.29#34.13
-152.432,69.9345#38.43#27.29#34.28
-152.27,69.9368#38.29#27.29#34.42
-152.108,69.9389#38.16#27.29#34.55
-151.946,69.9409#38.02#27.3#34.68
-151.784,69.9427#37.89#27.3#34.81
-151.622,69.9443#37.77#27.3#34.93
-151.46,69.9458#37.64#27.3#35.06
-151.297,69.9472#37.52#27.3#35.18
-151.135,69.9484#37.41#27.31#35.28
-150.973,69.9494#37.3#27.31#35.39
-150.811,69.9502#37.2#27.31#35.49
-150.648,69.951#37.1#27.31#35.59
-150.486,69.9515#37.01#27.31#35.68
-150.324,69.9519#36.93#27.32#35.75
-150.161,69.9521#36.86#27.32#35.82
-149.999,69.9522#36.78#27.32#35.9
-149.837,69.9521#36.72#27.32#35.96
-149.674,69.9519#36.66#27.32#36.02
-149.512,69.9515#36.6#27.32#36.08
-149.35,69.9509#36.56#27.33#36.11
-149.187,69.9502#36.51#27.33#36.16
-149.025,69.9494#36.47#27.33#36.2
-148.863,69.9483#36.43#27.33#36.24
-148.701,69.9472#36.39#27.33#36.28
-148.538,69.9458#36.35#27.33#36.32
-148.376,69.9443#36.32#27.34#36.34
-148.214,69.9427#36.29#27.34#36.37
-148.052,69.9409#36.25#27.34#36.41
-147.89,69.9389#36.22#27.34#36.44
-147.728,69.9368#36.19#27.34#36.47
-147.566,69.9345#36.16#27.34#36.5
-147.404,69.932#36.13#27.35#36.52
-147.242,69.9294#36.1#27.35#36.55
-147.08,69.9267#36.07#27.35#36.58
-146.918,69.9238#36.04#27.35#36.61
-146.756,69.9207#36.01#27.36#36.63
-146.594,69.9175#35.98#27.36#36.66
-146.433,69.9141#35.96#27.37#36.67
-146.271,69.9105#35.93#27.38#36.69
-146.109,69.9068#35.91#27.39#36.7
-145.948,69.903#35.88#27.41#36.71
-156,69.9#41.36#26.67#31.97
-155.839,69.9057#41.25#26.76#31.99
-155.677,69.9113#41.14#26.85#32.01
-155.516,69.9167#41.04#26.94#32.02
-155.355,69.922#40.91#27#32.09
-155.194,69.9271#40.79#27.05#32.16
-155.032,69.9321#40.66#27.1#32.24
-154.871,69.9369#40.53#27.14#32.33
-154.709,69.9415#40.39#27.16#32.45
-154.547,69.946#40.26#27.19#32.55
-154.385,69.9503#40.12#27.2#32.68
-154.223,69.9545#39.98#27.22#32.8
-154.062,69.9585#39.83#27.23#32.94
-153.9,69.9624#39.67#27.24#33.09
-153.738,69.9661#39.49#27.25#33.26
-153.575,69.9697#39.31#27.26#33.43
-153.413,69.973#39.16#27.26#33.58
-153.251,69.9763#39.03#27.27#33.7
-153.089,69.9794#38.9#27.27#33.83
-152.926,69.9823#38.76#27.28#33.96
-152.764,69.985#38.61#27.28#34.11
-152.602,69.9876#38.46#27.28#34.26
-152.439,69.9901#38.32#27.29#34.39
-152.277,69.9924#38.18#27.29#34.53
-152.114,69.9945#38.05#27.29#34.66
-151.952,69.9965#37.91#27.29#34.8
-151.789,69.9983#37.79#27.3#34.91
-151.626,70#37.66#27.3#35.04
-151.464,70.0015#37.53#27.3#35.17
-151.301,70.0028#37.42#27.3#35.28
-151.138,70.004#37.3#27.3#35.4
-150.976,70.005#37.19#27.3#35.51
-150.813,70.0059#37.09#27.31#35.6
-150.65,70.0066#37#27.31#35.69
-150.487,70.0071#36.9#27.31#35.79
-150.325,70.0075#36.83#27.31#35.86
-150.162,70.0078#36.75#27.31#35.94
-149.999,70.0079#36.67#27.32#36.01
-149.836,70.0078#36.61#27.32#36.07
-149.673,70.0075#36.55#27.32#36.13
-149.511,70.0071#36.49#27.32#36.19
-149.348,70.0066#36.45#27.32#36.23
-149.185,70.0059#36.4#27.32#36.28
-149.022,70.005#36.36#27.33#36.31
-148.86,70.004#36.32#27.33#36.35
-148.697,70.0028#36.28#27.33#36.39
-148.534,70.0014#36.25#27.33#36.42
-148.372,69.9999#36.21#27.33#36.46
-148.209,69.9983#36.18#27.33#36.49
-148.046,69.9965#36.14#27.34#36.52
-147.884,69.9945#36.11#27.34#36.55
-147.721,69.9924#36.08#27.34#36.58
-147.559,69.9901#36.05#27.34#36.61
-147.396,69.9876#36.02#27.34#36.64
-147.234,69.985#35.99#27.35#36.66
-147.072,69.9822#35.96#27.35#36.69
-146.909,69.9793#35.93#27.35#36.72
-146.747,69.9762#35.9#27.36#36.74
-146.585,69.973#35.87#27.36#36.77
-146.423,69.9696#35.85#27.37#36.78
-146.26,69.9661#35.82#27.38#36.8
-146.098,69.9624#35.8#27.39#36.81
-145.936,69.9585#35.77#27.41#36.82
-145.774,69.9545#35.74#27.43#36.83
-145.613,69.9503#35.72#27.46#36.82
-145.451,69.946#35.69#27.48#36.83
-145.289,69.9415#35.67#27.51#36.82
-145.127,69.9368#35.64#27.55#36.81
-144.966,69.932#35.62#27.58#36.8
-144.804,69.927#35.58#27.61#36.81
-144.643,69.9219#35.55#27.64#36.81
-144.482,69.9167#35.52#27.67#36.81
-144.32,69.9112#35.48#27.7#36.82
-144.159,69.9056#35.44#27.72#36.84
-157.305,69.9037#41.86#26.13#32.01
-157.144,69.9107#41.78#26.16#32.06
-156.984,69.9175#41.7#26.19#32.11
-156.823,69.9242#41.62#26.26#32.12
-156.662,69.9307#41.53#26.33#32.14
-156.501,69.9371#41.45#26.4#32.15
-156.339,69.9433#41.34#26.5#32.16
-156.178,69.9494#41.24#26.59#32.17
-156.017,69.9553#41.14#26.69#32.17
-155.855,69.9611#41.03#26.78#32.19
-155.694,69.9667#40.93#26.87#32.2
-155.532,69.9721#40.82#26.96#32.22
-155.37,69.9774#40.7#27.02#32.28
-155.208,69.9825#40.58#27.06#32.36
-155.046,69.9875#40.45#27.11#32.44
-154.884,69.9923#40.33#27.14#32.53
-154.722,69.997#40.2#27.17#32.63
-154.56,70.0015#40.07#27.19#32.74
-154.398,70.0058#39.94#27.21#32.85
-154.235,70.01#39.8#27.22#32.98
-154.073,70.014#39.67#27.23#33.1
-153.911,70.0179#39.51#27.24#33.25
-153.748,70.0216#39.34#27.25#33.41
-153.586,70.0252#39.18#27.26#33.56
-153.423,70.0286#39.03#27.26#33.71
-153.26,70.0318#38.91#27.27#33.82
-153.098,70.0349#38.78#27.27#33.95
-152.935,70.0379#38.65#27.27#34.08
-152.772,70.0406#38.5#27.28#34.22
-152.609,70.0432#38.35#27.28#34.37
-152.446,70.0457#38.21#27.28#34.51
-152.283,70.048#38.07#27.29#34.64
-152.12,70.0501#37.94#27.29#34.77
-151.957,70.0521#37.81#27.29#34.9
-151.794,70.0539#37.68#27.29#35.03
-151.631,70.0556#37.55#27.29#35.16
-151.468,70.0571#37.42#27.3#35.28
-151.305,70.0584#37.31#27.3#35.39
-151.142,70.0596#37.19#27.3#35.51
-150.978,70.0607#37.08#27.3#35.62
-150.815,70.0615#36.99#27.3#35.71
-150.652,70.0622#36.89#27.31#35.8
-150.489,70.0628#36.8#27.31#35.89
-150.325,70.0632#36.72#27.31#35.97
-150.162,70.0634#36.64#27.31#36.05
-149.999,70.0635#36.56#27.31#36.13
-149.836,70.0634#36.5#27.32#36.18
-149.673,70.0632#36.45#27.32#36.23
-149.509,70.0628#36.39#27.32#36.29
-149.346,70.0622#36.34#27.32#36.34
-149.183,70.0615#36.3#27.32#36.38
-149.02,70.0606#36.25#27.32#36.43
-148.856,70.0596#36.21#27.33#36.46
-148.693,70.0584#36.17#27.33#36.5
-148.53,70.0571#36.14#27.33#36.53
-148.367,70.0556#36.1#27.33#36.57
-148.204,70.0539#36.07#27.33#36.6
-148.041,70.0521#36.03#27.33#36.64
-147.878,70.0501#36#27.34#36.66
-147.715,70.048#35.97#27.34#36.69
-147.552,70.0457#35.94#27.34#36.72
-147.389,70.0432#35.91#27.34#36.75
-147.226,70.0406#35.88#27.34#36.78
-147.063,70.0378#35.85#27.35#36.8
-146.9,70.0349#35.82#27.35#36.83
-146.738,70.0318#35.79#27.36#36.85
-146.575,70.0286#35.76#27.36#36.88
-146.412,70.0251#35.74#27.37#36.89
-146.25,70.0216#35.71#27.38#36.91
-146.087,70.0179#35.68#27.4#36.92
-145.925,70.014#35.66#27.41#36.93
-145.762,70.01#35.63#27.44#36.93
-145.6,70.0058#35.61#27.46#36.93
-145.438,70.0014#35.58#27.49#36.93
-145.276,69.9969#35.56#27.52#36.92
-145.114,69.9923#35.53#27.56#36.91
-144.952,69.9874#35.51#27.59#36.9
-144.79,69.9825#35.47#27.62#36.91
-144.628,69.9773#35.44#27.65#36.91
-144.466,69.972#35.41#27.68#36.91
-144.304,69.9666#35.37#27.71#36.92
-144.143,69.961#35.33#27.73#36.94
-143.981,69.9552#35.29#27.75#36.96
-143.82,69.9493#35.24#27.77#36.99
-143.659,69.9433#35.19#27.79#37.02
-143.497,69.937#35.14#27.81#37.05
-143.336,69.9307#35.07#27.82#37.11
-143.175,69.9241#35#27.83#37.17
-143.014,69.9174#34.93#27.85#37.22
-142.854,69.9106#34.84#27.86#37.3
-142.693,69.9036#34.75#27.86#37.39
-158.45,69.9054#42.11#26.08#31.81
-158.29,69.9135#42.05#26.08#31.87
-158.129,69.9215#41.99#26.08#31.93
-157.969,69.9292#41.93#26.09#31.98
-157.808,69.9369#41.86#26.09#32.05
-157.647,69.9444#41.79#26.1#32.11
-157.487,69.9517#41.72#26.11#32.17
-157.326,69.9589#41.64#26.13#32.23
-157.164,69.9659#41.56#26.17#32.27
-157.003,69.9727#41.48#26.2#32.32
-156.842,69.9795#41.39#26.27#32.34
-156.68,69.986#41.31#26.34#32.35
-156.519,69.9924#41.23#26.42#32.35
-156.357,69.9986#41.13#26.52#32.35
-156.196,70.0047#41.02#26.62#32.36
-156.034,70.0107#40.92#26.72#32.36
-155.872,70.0164#40.82#26.81#32.37
-155.71,70.022#40.71#26.89#32.4
-155.548,70.0275#40.6#26.98#32.42
-155.385,70.0328#40.48#27.03#32.49
-155.223,70.0379#40.36#27.08#32.56
-155.061,70.0429#40.24#27.12#32.64
-154.898,70.0478#40.12#27.15#32.73
-154.736,70.0524#40#27.17#32.83
-154.573,70.057#39.88#27.19#32.93
-154.41,70.0613#39.76#27.21#33.03
-154.248,70.0655#39.63#27.22#33.15
-154.085,70.0696#39.5#27.23#33.27
-153.922,70.0734#39.36#27.24#33.4
-153.759,70.0772#39.2#27.25#33.55
-153.596,70.0807#39.04#27.25#33.71
-153.433,70.0842#38.9#27.26#33.84
-153.27,70.0874#38.78#27.26#33.96
-153.106,70.0905#38.66#27.27#34.07
-152.943,70.0934#38.54#27.27#34.19
-152.78,70.0962#38.39#27.28#34.33
-152.616,70.0988#38.24#27.28#34.48
-152.453,70.1013#38.09#27.28#34.63
-152.29,70.1036#37.96#27.28#34.76
-152.126,70.1057#37.83#27.29#34.88
-151.963,70.1077#37.7#27.29#35.01
-151.799,70.1096#37.57#27.29#35.14
-151.636,70.1112#37.44#27.29#35.27
-151.472,70.1127#37.31#27.29#35.4
-151.308,70.1141#37.2#27.3#35.5
-151.145,70.1153#37.09#27.3#35.61
-150.981,70.1163#36.97#27.3#35.73
-150.817,70.1172#36.88#27.3#35.82
-150.654,70.1179#36.78#27.3#35.92
-150.49,70.1185#36.69#27.31#36
-150.326,70.1189#36.61#27.31#36.08
-150.163,70.1191#36.53#27.31#36.16
-149.999,70.1192#36.46#27.31#36.23
-149.835,70.1191#36.4#27.31#36.29
-149.672,70.1189#36.34#27.31#36.35
-149.508,70.1185#36.28#27.32#36.4
-149.344,70.1179#36.23#27.32#36.45
-149.181,70.1172#36.19#27.32#36.49
-149.017,70.1163#36.14#27.32#36.54
-148.853,70.1153#36.1#27.32#36.58
-148.69,70.1141#36.07#27.32#36.61
-148.526,70.1127#36.03#27.33#36.64
-148.362,70.1112#35.99#27.33#36.68
-148.199,70.1095#35.96#27.33#36.71
-148.035,70.1077#35.92#27.33#36.75
-147.872,70.1057#35.89#27.33#36.78
-147.708,70.1036#35.86#27.33#36.81
-147.545,70.1013#35.83#27.34#36.83
-147.382,70.0988#35.8#27.34#36.86
-147.218,70.0962#35.77#27.34#36.89
-147.055,70.0934#35.74#27.34#36.92
-146.892,70.0905#35.71#27.35#36.94
-146.728,70.0874#35.68#27.35#36.97
-146.565,70.0841#35.65#27.36#36.99
-146.402,70.0807#35.62#27.37#37.01
-146.239,70.0771#35.6#27.38#37.02
-146.076,70.0734#35.57#27.4#37.03
-145.913,70.0695#35.55#27.42#37.03
-145.75,70.0655#35.52#27.44#37.04
-145.588,70.0613#35.5#27.47#37.03
-145.425,70.0569#35.47#27.5#37.03
-145.262,70.0524#35.45#27.53#37.02
-145.1,70.0477#35.42#27.57#37.01
-144.937,70.0429#35.39#27.6#37.01
-144.775,70.0379#35.36#27.63#37.01
-144.613,70.0327#35.33#27.66#37.01
-144.45,70.0274#35.3#27.69#37.01
-144.288,70.022#35.26#27.71#37.03
-144.126,70.0164#35.22#27.74#37.04
-143.964,70.0106#35.18#27.76#37.06
-143.802,70.0046#35.13#27.78#37.09
-143.641,69.9986#35.08#27.79#37.13
-143.479,69.9923#35.03#27.81#37.16
-143.317,69.9859#34.96#27.82#37.22
-143.156,69.9794#34.89#27.83#37.28
-142.995,69.9727#34.82#27.85#37.33
-142.834,69.9658#34.73#27.86#37.41
-142.672,69.9588#34.64#27.86#37.5
-142.511,69.9516#34.56#27.87#37.57
-142.351,69.9443#34.47#27.88#37.65
-142.19,69.9368#34.37#27.89#37.74
-142.029,69.9292#34.28#27.89#37.83
-141.869,69.9214#34.17#27.9#37.93
-141.708,69.9134#34.05#27.9#38.05
-141.548,69.9053#33.93#27.91#38.16
-159.435,69.9085#42.26#26.08#31.66
-159.275,69.9175#42.2#26.08#31.72
-159.115,69.9264#42.15#26.08#31.77
-158.955,69.9352#42.09#26.08#31.83
-158.795,69.9437#42.02#26.08#31.9
-158.634,69.9522#41.96#26.08#31.96
-158.474,69.9604#41.89#26.08#32.03
-158.313,69.9686#41.83#26.08#32.09
-158.152,69.9765#41.76#26.08#32.16
-157.991,69.9844#41.7#26.08#32.22
-157.83,69.992#41.63#26.09#32.28
-157.669,69.9995#41.56#26.1#32.34
-157.508,70.0069#41.5#26.11#32.39
-157.346,70.0141#41.42#26.14#32.44
-157.185,70.0211#41.34#26.17#32.49
-157.023,70.028#41.25#26.2#32.55
-156.861,70.0347#41.17#26.28#32.55
-156.699,70.0413#41.09#26.36#32.55
-156.537,70.0477#41.01#26.44#32.55
-156.375,70.0539#40.91#26.53#32.56
-156.213,70.0601#40.81#26.64#32.55
-156.051,70.066#40.71#26.74#32.55
-155.888,70.0718#40.6#26.83#32.57
-155.726,70.0774#40.49#26.91#32.6
-155.563,70.0829#40.39#27#32.61
-155.401,70.0882#40.27#27.05#32.68
-155.238,70.0934#40.15#27.09#32.76
-155.075,70.0984#40.03#27.13#32.84
-154.912,70.1032#39.91#27.15#32.94
-154.749,70.1079#39.8#27.17#33.03
-154.586,70.1124#39.69#27.19#33.12
-154.423,70.1168#39.58#27.21#33.21
-154.26,70.121#39.46#27.22#33.32
-154.096,70.1251#39.34#27.23#33.43
-153.933,70.129#39.21#27.24#33.55
-153.77,70.1327#39.06#27.25#33.69
-153.606,70.1363#38.92#27.25#33.83
-153.443,70.1397#38.78#27.26#33.96
-153.279,70.143#38.66#27.26#34.08
-153.115,70.1461#38.54#27.27#34.19
-152.952,70.149#38.42#27.27#34.31
-152.788,70.1518#38.27#27.27#34.46
-152.624,70.1545#38.12#27.28#34.6
-152.46,70.1569#37.98#27.28#34.74
-152.296,70.1592#37.85#27.28#34.87
-152.132,70.1614#37.72#27.28#35
-151.968,70.1634#37.59#27.28#35.13
-151.804,70.1652#37.46#27.29#35.25
-151.64,70.1669#37.33#27.29#35.38
-151.476,70.1684#37.2#27.29#35.51
-151.312,70.1698#37.09#27.29#35.62
-151.148,70.1709#36.98#27.29#35.73
-150.984,70.172#36.86#27.3#35.84
-150.82,70.1729#36.77#27.3#35.93
-150.656,70.1736#36.68#27.3#36.02
-150.491,70.1741#36.58#27.3#36.12
-150.327,70.1745#36.5#27.3#36.2
-150.163,70.1748#36.43#27.31#36.26
-149.999,70.1748#36.35#27.31#36.34
-149.835,70.1748#36.29#27.31#36.4
-149.671,70.1745#36.23#27.31#36.46
-149.506,70.1741#36.17#27.31#36.52
-149.342,70.1736#36.13#27.31#36.56
-149.178,70.1728#36.08#27.32#36.6
-149.014,70.172#36.03#27.32#36.65
-148.85,70.1709#36#27.32#36.68
-148.686,70.1697#35.96#27.32#36.72
-148.522,70.1684#35.92#27.32#36.76
-148.358,70.1669#35.88#27.32#36.8
-148.194,70.1652#35.85#27.33#36.82
-148.03,70.1634#35.82#27.33#36.85
-147.866,70.1614#35.78#27.33#36.89
-147.702,70.1592#35.75#27.33#36.92
-147.538,70.1569#35.72#27.33#36.95
-147.374,70.1544#35.69#27.34#36.97
-147.21,70.1518#35.66#27.34#37
-147.046,70.149#35.63#27.34#37.03
-146.883,70.1461#35.6#27.35#37.05
-146.719,70.1429#35.57#27.35#37.08
-146.555,70.1397#35.54#27.36#37.1
-146.392,70.1363#35.51#27.37#37.12
-146.228,70.1327#35.49#27.39#37.12
-146.065,70.1289#35.46#27.4#37.14
-145.902,70.125#35.44#27.42#37.14
-145.738,70.121#35.41#27.45#37.14
-145.575,70.1168#35.38#27.48#37.14
-145.412,70.1124#35.36#27.51#37.13
-145.249,70.1079#35.33#27.54#37.13
-145.086,70.1032#35.31#27.58#37.11
-144.923,70.0983#35.28#27.61#37.11
-144.76,70.0933#35.25#27.64#37.11
-144.597,70.0881#35.22#27.67#37.11
-144.435,70.0828#35.19#27.7#37.11
-144.272,70.0773#35.15#27.72#37.13
-144.11,70.0717#35.11#27.74#37.15
-143.947,70.0659#35.07#27.76#37.17
-143.785,70.06#35.02#27.78#37.2
-143.623,70.0539#34.98#27.8#37.22
-143.461,70.0476#34.92#27.81#37.27
-143.299,70.0412#34.85#27.82#37.33
-143.137,70.0346#34.78#27.83#37.39
-142.975,70.0279#34.71#27.85#37.44
-142.813,70.021#34.63#27.85#37.52
-142.652,70.014#34.54#27.86#37.6
-142.49,70.0068#34.45#27.87#37.68
-142.329,69.9994#34.36#27.88#37.76
-142.168,69.9919#34.28#27.88#37.84
-142.007,69.9843#34.19#27.89#37.92
-141.846,69.9764#34.07#27.9#38.03
-141.685,69.9685#33.95#27.9#38.15
-141.524,69.9603#33.83#27.91#38.26
-141.364,69.9521#33.72#27.91#38.37
-141.203,69.9436#33.6#27.91#38.49
-141.043,69.935#33.49#27.92#38.59
-140.883,69.9263#33.39#27.92#38.69
-140.723,69.9174#33.28#27.92#38.8
-140.563,69.9084#33.18#27.93#38.89
-160.42,69.9057#42.29#26.08#31.63
-160.261,69.9157#42.26#26.08#31.66
-160.101,69.9256#42.22#26.08#31.7
-159.941,69.9352#42.19#26.08#31.73
-159.782,69.9448#42.14#26.08#31.78
-159.622,69.9541#42.09#26.08#31.83
-159.462,69.9634#42.04#26.08#31.88
-159.301,69.9724#41.99#26.08#31.93
-159.141,69.9814#41.93#26.08#31.99
-158.98,69.9901#41.87#26.08#32.05
-158.82,69.9987#41.8#26.08#32.12
-158.659,70.0072#41.74#26.08#32.18
-158.498,70.0155#41.67#26.08#32.25
-158.337,70.0236#41.6#26.08#32.32
-158.175,70.0316#41.54#26.08#32.38
-158.014,70.0395#41.48#26.08#32.44
-157.852,70.0471#41.41#26.09#32.5
-157.691,70.0547#41.34#26.1#32.56
-157.529,70.062#41.27#26.11#32.62
-157.367,70.0693#41.19#26.14#32.67
-157.205,70.0763#41.11#26.18#32.71
-157.043,70.0832#41.03#26.21#32.76
-156.881,70.09#40.95#26.28#32.77
-156.719,70.0966#40.87#26.37#32.76
-156.556,70.103#40.78#26.45#32.77
-156.394,70.1093#40.69#26.55#32.76
-156.231,70.1154#40.59#26.66#32.75
-156.068,70.1214#40.5#26.76#32.74
-155.905,70.1272#40.4#26.85#32.75
-155.742,70.1328#40.3#26.93#32.77
-155.579,70.1383#40.21#27.01#32.78
-155.416,70.1436#40.1#27.06#32.84
-155.253,70.1488#39.99#27.09#32.92
-155.09,70.1538#39.88#27.13#32.99
-154.926,70.1587#39.77#27.16#33.07
-154.763,70.1634#39.66#27.17#33.17
-154.599,70.1679#39.56#27.19#33.25
-154.436,70.1723#39.45#27.21#33.34
-154.272,70.1765#39.33#27.22#33.45
-154.108,70.1806#39.21#27.23#33.56
-153.944,70.1845#39.08#27.24#33.68
-153.78,70.1883#38.94#27.24#33.82
-153.616,70.1919#38.8#27.25#33.95
-153.452,70.1953#38.66#27.26#34.08
-153.288,70.1986#38.54#27.26#34.2
-153.124,70.2017#38.42#27.26#34.32
-152.96,70.2046#38.3#27.27#34.43
-152.796,70.2074#38.15#27.27#34.58
-152.631,70.2101#38.01#27.27#34.72
-152.467,70.2126#37.86#27.28#34.86
-152.303,70.2149#37.73#27.28#34.99
-152.138,70.217#37.61#27.28#35.11
-151.974,70.219#37.48#27.28#35.24
-151.809,70.2209#37.35#27.28#35.37
-151.645,70.2225#37.22#27.29#35.49
-151.48,70.2241#37.09#27.29#35.62
-151.316,70.2254#36.98#27.29#35.73
-151.151,70.2266#36.87#27.29#35.84
-150.987,70.2277#36.75#27.29#35.96
-150.822,70.2285#36.66#27.3#36.04
-150.658,70.2293#36.57#27.3#36.13
-150.493,70.2298#36.47#27.3#36.23
-150.328,70.2302#36.4#27.3#36.3
-150.164,70.2305#36.32#27.3#36.38
-149.999,70.2305#36.24#27.3#36.46
-149.834,70.2304#36.18#27.31#36.51
-149.67,70.2302#36.12#27.31#36.57
-149.505,70.2298#36.06#27.31#36.63
-149.34,70.2292#36.02#27.31#36.67
-149.176,70.2285#35.97#27.31#36.72
-149.011,70.2276#35.93#27.31#36.76
-148.847,70.2266#35.89#27.32#36.79
-148.682,70.2254#35.85#27.32#36.83
-148.517,70.224#35.81#27.32#36.87
-148.353,70.2225#35.78#27.32#36.9
-148.188,70.2208#35.74#27.32#36.94
-148.024,70.219#35.71#27.32#36.97
-147.86,70.217#35.67#27.33#37
-147.695,70.2148#35.64#27.33#37.03
-147.531,70.2125#35.61#27.33#37.06
-147.366,70.21#35.58#27.33#37.09
-147.202,70.2074#35.55#27.34#37.11
-147.038,70.2046#35.52#27.34#37.14
-146.874,70.2016#35.49#27.35#37.16
-146.71,70.1985#35.46#27.35#37.19
-146.546,70.1953#35.43#27.36#37.21
-146.382,70.1918#35.4#27.37#37.23
-146.218,70.1882#35.38#27.39#37.23
-146.054,70.1845#35.35#27.41#37.24
-145.89,70.1806#35.32#27.43#37.25
-145.726,70.1765#35.3#27.46#37.24
-145.562,70.1723#35.27#27.49#37.24
-145.399,70.1679#35.25#27.52#37.23
-145.235,70.1633#35.22#27.55#37.23
-145.072,70.1586#35.2#27.59#37.21
-144.908,70.1538#35.17#27.62#37.21
-144.745,70.1487#35.14#27.65#37.21
-144.582,70.1436#35.11#27.68#37.21
-144.419,70.1382#35.08#27.7#37.22
-144.256,70.1327#35.04#27.73#37.23
-144.093,70.1271#35#27.75#37.25
-143.93,70.1213#34.96#27.77#37.27
-143.767,70.1153#34.91#27.78#37.31
-143.604,70.1092#34.87#27.8#37.33
-143.442,70.1029#34.81#27.81#37.38
-143.279,70.0965#34.74#27.82#37.44
-143.117,70.0899#34.68#27.84#37.48
-142.955,70.0831#34.6#27.85#37.55
-142.793,70.0762#34.52#27.85#37.63
-142.631,70.0692#34.43#27.86#37.71
-142.469,70.0619#34.35#27.87#37.78
-142.307,70.0546#34.26#27.88#37.86
-142.145,70.047#34.18#27.88#37.94
-141.984,70.0394#34.09#27.89#38.02
-141.823,70.0315#33.97#27.89#38.14
-141.661,70.0235#33.85#27.9#38.25
-141.5,70.0154#33.73#27.9#38.37
-141.339,70.0071#33.62#27.91#38.47
-141.178,69.9986#33.5#27.91#38.59
-141.018,69.99#33.39#27.91#38.7
-140.857,69.9812#33.29#27.92#38.79
-140.697,69.9723#33.19#27.92#38.89
-140.536,69.9633#33.09#27.92#38.99
-140.376,69.954#32.98#27.93#39.09
-140.216,69.9446#32.88#27.93#39.19
-140.057,69.9351#32.78#27.93#39.29
-139.897,69.9254#32.69#27.94#39.37
-139.737,69.9156#32.59#27.94#39.47
-139.578,69.9056#32.5#27.94#39.56
-161.246,69.9081#42.13#26.08#31.79
-161.087,69.9189#42.13#26.08#31.79
-160.928,69.9295#42.13#26.08#31.79
-160.768,69.94#42.12#26.08#31.8
-160.609,69.9503#42.1#26.08#31.82
-160.449,69.9605#42.08#26.08#31.84
-160.29,69.9705#42.05#26.08#31.87
-160.13,69.9803#42.01#26.08#31.91
-159.97,69.99#41.97#26.08#31.95
-159.809,69.9996#41.92#26.08#32
-159.649,70.009#41.88#26.08#32.04
-159.488,70.0183#41.83#26.08#32.09
-159.328,70.0274#41.77#26.08#32.15
-159.167,70.0363#41.71#26.08#32.21
-159.006,70.0451#41.65#26.08#32.27
-158.845,70.0537#41.58#26.08#32.34
-158.683,70.0622#41.51#26.08#32.41
-158.522,70.0705#41.45#26.08#32.47
-158.36,70.0787#41.38#26.08#32.54
-158.199,70.0867#41.32#26.08#32.6
-158.037,70.0946#41.25#26.08#32.67
-157.875,70.1023#41.19#26.09#32.72
-157.713,70.1098#41.12#26.1#32.78
-157.551,70.1172#41.05#26.11#32.84
-157.388,70.1245#40.98#26.14#32.88
-157.226,70.1315#40.91#26.18#32.91
-157.063,70.1385#40.83#26.23#32.94
-156.901,70.1452#40.76#26.3#32.94
-156.738,70.1518#40.68#26.39#32.93
-156.575,70.1583#40.61#26.47#32.92
-156.412,70.1646#40.53#26.57#32.9
-156.249,70.1707#40.43#26.67#32.9
-156.085,70.1767#40.34#26.77#32.89
-155.922,70.1825#40.25#26.86#32.89
-155.759,70.1882#40.15#26.94#32.91
-155.595,70.1937#40.06#27.01#32.93
-155.432,70.1991#39.96#27.07#32.97
-155.268,70.2043#39.85#27.1#33.05
-155.104,70.2093#39.74#27.13#33.13
-154.94,70.2142#39.64#27.16#33.2
-154.776,70.2189#39.53#27.18#33.29
-154.612,70.2234#39.42#27.19#33.39
-154.448,70.2278#39.32#27.21#33.47
-154.284,70.2321#39.2#27.22#33.58
-154.12,70.2362#39.08#27.23#33.69
-153.956,70.2401#38.96#27.24#33.8
-153.791,70.2438#38.82#27.24#33.94
-153.627,70.2474#38.68#27.25#34.07
-153.462,70.2509#38.54#27.25#34.21
-153.298,70.2542#38.42#27.26#34.32
-153.133,70.2573#38.3#27.26#34.44
-152.968,70.2603#38.18#27.26#34.56
-152.804,70.2631#38.03#27.27#34.7
-152.639,70.2657#37.89#27.27#34.84
-152.474,70.2682#37.75#27.27#34.98
-152.309,70.2705#37.62#27.28#35.1
-152.145,70.2727#37.49#27.28#35.23
-151.98,70.2747#37.36#27.28#35.36
-151.815,70.2765#37.24#27.28#35.48
-151.65,70.2782#37.11#27.28#35.61
-151.485,70.2797#36.98#27.29#35.73
-151.32,70.2811#36.87#27.29#35.84
-151.155,70.2823#36.76#27.29#35.95
-150.99,70.2833#36.65#27.29#36.06
-150.825,70.2842#36.55#27.29#36.16
-150.659,70.2849#36.46#27.29#36.25
-150.494,70.2855#36.36#27.3#36.34
-150.329,70.2859#36.29#27.3#36.41
-150.164,70.2861#36.21#27.3#36.49
-149.999,70.2862#36.13#27.3#36.57
-149.834,70.2861#36.07#27.3#36.63
-149.669,70.2859#36.01#27.31#36.68
-149.504,70.2855#35.96#27.31#36.73
-149.339,70.2849#35.91#27.31#36.78
-149.173,70.2842#35.86#27.31#36.83
-149.008,70.2833#35.82#27.31#36.87
-148.843,70.2823#35.78#27.31#36.91
-148.678,70.2811#35.74#27.32#36.94
-148.513,70.2797#35.7#27.32#36.98
-148.348,70.2782#35.67#27.32#37.01
-148.183,70.2765#35.63#27.32#37.05
-148.018,70.2747#35.6#27.32#37.08
-147.853,70.2727#35.56#27.32#37.12
-147.689,70.2705#35.53#27.33#37.14
-147.524,70.2682#35.5#27.33#37.17
-147.359,70.2657#35.47#27.33#37.2
-147.194,70.263#35.44#27.34#37.22
-147.029,70.2602#35.4#27.34#37.26
-146.865,70.2573#35.38#27.35#37.27
-146.7,70.2541#35.35#27.35#37.3
-146.536,70.2508#35.32#27.36#37.32
-146.371,70.2474#35.29#27.38#37.33
-146.207,70.2438#35.26#27.4#37.34
-146.042,70.24#35.24#27.41#37.35
-145.878,70.2361#35.21#27.44#37.35
-145.714,70.232#35.19#27.47#37.34
-145.55,70.2278#35.16#27.5#37.34
-145.386,70.2234#35.14#27.53#37.33
-145.222,70.2188#35.11#27.56#37.33
-145.058,70.2141#35.09#27.6#37.31
-144.894,70.2092#35.06#27.63#37.31
-144.73,70.2042#35.03#27.66#37.31
-144.566,70.199#35#27.68#37.32
-144.403,70.1936#34.97#27.71#37.32
-144.239,70.1881#34.93#27.73#37.34
-144.076,70.1825#34.89#27.75#37.36
-143.912,70.1766#34.85#27.77#37.38
-143.749,70.1707#34.81#27.78#37.41
-143.586,70.1645#34.76#27.8#37.44
-143.423,70.1582#34.7#27.81#37.49
-143.26,70.1518#34.64#27.82#37.54
-143.097,70.1451#34.57#27.84#37.59
-142.935,70.1384#34.5#27.84#37.66
-142.772,70.1315#34.41#27.85#37.74
-142.61,70.1244#34.33#27.86#37.81
-142.447,70.1171#34.24#27.87#37.89
-142.285,70.1097#34.16#27.87#37.97
-142.123,70.1022#34.08#27.88#38.04
-141.961,70.0945#33.99#27.89#38.12
-141.799,70.0866#33.87#27.89#38.24
-141.638,70.0786#33.75#27.9#38.35
-141.476,70.0704#33.63#27.9#38.47
-141.315,70.0621#33.51#27.9#38.59
-141.153,70.0536#33.4#27.91#38.69
-140.992,70.045#33.29#27.91#38.8
-140.831,70.0362#33.19#27.91#38.9
-140.67,70.0272#33.09#27.92#38.99
-140.51,70.0181#33#27.92#39.08
-140.349,70.0089#32.9#27.92#39.18
-140.189,69.9995#32.8#27.93#39.27
-140.028,69.9899#32.7#27.93#39.37
-139.868,69.9802#32.61#27.93#39.46
-139.708,69.9703#32.52#27.93#39.55
-139.549,69.9603#32.42#27.94#39.64
-139.389,69.9502#32.34#27.94#39.72
-139.23,69.9398#32.26#27.94#39.8
-139.07,69.9294#32.17#27.95#39.88
-138.911,69.9187#32.08#27.95#39.97
-138.752,69.908#31.97#27.95#40.08
-162.071,69.9064#41.78#26.08#32.14
-161.913,69.9179#41.82#26.08#32.1
-161.754,69.9293#41.86#26.08#32.06
-161.596,69.9406#41.9#26.08#32.02
-161.437,69.9517#41.92#26.08#32
-161.277,69.9627#41.93#26.08#31.99
-161.118,69.9735#41.93#26.08#31.99
-160.958,69.9841#41.92#26.08#32
-160.799,69.9946#41.91#26.08#32.01
-160.639,70.005#41.89#26.08#32.03
-160.479,70.0152#41.87#26.08#32.05
-160.319,70.0252#41.84#26.08#32.08
-160.158,70.0351#41.8#26.08#32.12
-159.998,70.0449#41.76#26.08#32.16
-159.837,70.0544#41.71#26.08#32.21
-159.676,70.0639#41.66#26.08#32.26
-159.515,70.0731#41.61#26.08#32.31
-159.354,70.0823#41.55#26.08#32.37
-159.193,70.0912#41.49#26.08#32.43
-159.031,70.1001#41.43#26.08#32.49
-158.87,70.1087#41.37#26.08#32.55
-158.708,70.1172#41.3#26.08#32.62
-158.546,70.1256#41.23#26.08#32.69
-158.384,70.1338#41.17#26.08#32.75
-158.222,70.1418#41.12#26.08#32.8
-158.06,70.1497#41.06#26.09#32.85
-157.897,70.1574#41#26.09#32.91
-157.735,70.165#40.93#26.11#32.96
-157.572,70.1724#40.87#26.12#33.01
-157.409,70.1797#40.8#26.15#33.05
-157.246,70.1868#40.73#26.2#33.07
-157.083,70.1937#40.66#26.25#33.09
-156.92,70.2005#40.59#26.32#33.09
-156.757,70.2071#40.51#26.41#33.08
-156.594,70.2136#40.44#26.5#33.06
-156.43,70.2199#40.36#26.59#33.05
-156.267,70.2261#40.27#26.69#33.04
-156.103,70.2321#40.19#26.79#33.02
-155.939,70.2379#40.1#26.88#33.02
-155.775,70.2436#40#26.95#33.05
-155.611,70.2491#39.91#27.02#33.07
-155.447,70.2545#39.81#27.07#33.12
-155.283,70.2597#39.71#27.1#33.19
-155.119,70.2648#39.61#27.13#33.26
-154.955,70.2696#39.5#27.16#33.34
-154.79,70.2744#39.4#27.18#33.42
-154.626,70.2789#39.29#27.19#33.52
-154.461,70.2834#39.18#27.21#33.61
-154.296,70.2876#39.07#27.22#33.71
-154.132,70.2917#38.95#27.23#33.82
-153.967,70.2956#38.83#27.24#33.93
-153.802,70.2994#38.69#27.24#34.07
-153.637,70.303#38.56#27.25#34.19
-153.472,70.3065#38.42#27.25#34.33
-153.307,70.3098#38.3#27.25#34.45
-153.142,70.3129#38.18#27.26#34.56
-152.977,70.3159#38.06#27.26#34.68
-152.812,70.3187#37.92#27.26#34.82
-152.647,70.3213#37.78#27.27#34.95
-152.481,70.3238#37.64#27.27#35.09
-152.316,70.3262#37.51#27.27#35.22
-152.151,70.3283#37.38#27.27#35.35
-151.985,70.3303#37.25#27.28#35.47
-151.82,70.3322#37.12#27.28#35.6
-151.654,70.3339#37#27.28#35.72
-151.489,70.3354#36.87#27.28#35.85
-151.324,70.3368#36.76#27.28#35.96
-151.158,70.338#36.65#27.29#36.06
-150.992,70.339#36.54#27.29#36.17
-150.827,70.3399#36.44#27.29#36.27
-150.661,70.3406#36.35#27.29#36.36
-150.496,70.3412#36.26#27.29#36.45
-150.33,70.3416#36.18#27.3#36.52
-150.165,70.3418#36.1#27.3#36.6
-149.999,70.3419#36.03#27.3#36.67
-149.833,70.3418#35.97#27.3#36.73
-149.668,70.3416#35.91#27.3#36.79
-149.502,70.3412#35.85#27.3#36.85
-149.337,70.3406#35.8#27.31#36.89
-149.171,70.3399#35.76#27.31#36.93
-149.005,70.339#35.71#27.31#36.98
-148.84,70.338#35.67#27.31#37.02
-148.674,70.3368#35.63#27.31#37.06
-148.509,70.3354#35.59#27.31#37.1
-148.343,70.3339#35.56#27.32#37.12
-148.178,70.3322#35.52#27.32#37.16
-148.013,70.3303#35.49#27.32#37.19
-147.847,70.3283#35.45#27.32#37.23
-147.682,70.3261#35.42#27.32#37.26
-147.517,70.3238#35.39#27.33#37.28
-147.351,70.3213#35.36#27.33#37.31
-147.186,70.3187#35.33#27.33#37.34
-147.021,70.3158#35.29#27.34#37.37
-146.856,70.3129#35.26#27.35#37.39
-146.691,70.3097#35.24#27.35#37.41
-146.526,70.3064#35.21#27.36#37.43
-146.361,70.303#35.18#27.38#37.44
-146.196,70.2994#35.15#27.4#37.45
-146.031,70.2956#35.13#27.42#37.45
-145.866,70.2917#35.1#27.45#37.45
-145.701,70.2876#35.07#27.48#37.45
-145.537,70.2833#35.05#27.51#37.44
-145.372,70.2789#35.02#27.54#37.44
-145.208,70.2743#35#27.57#37.43
-145.043,70.2696#34.98#27.61#37.41
-144.879,70.2647#34.95#27.63#37.42
-144.715,70.2596#34.92#27.66#37.42
-144.551,70.2544#34.89#27.69#37.42
-144.387,70.2491#34.86#27.71#37.43
-144.223,70.2435#34.82#27.73#37.45
-144.059,70.2379#34.79#27.75#37.46
-143.895,70.232#34.74#27.77#37.49
-143.731,70.226#34.7#27.79#37.51
-143.568,70.2198#34.65#27.8#37.55
-143.404,70.2135#34.59#27.81#37.6
-143.241,70.2071#34.53#27.82#37.65
-143.078,70.2004#34.46#27.83#37.71
-142.915,70.1936#34.39#27.84#37.77
-142.752,70.1867#34.31#27.85#37.84
-142.589,70.1796#34.22#27.86#37.92
-142.426,70.1723#34.14#27.87#37.99
-142.263,70.1649#34.06#27.87#38.07
-142.101,70.1573#33.97#27.88#38.15
-141.938,70.1496#33.88#27.88#38.24
-141.776,70.1417#33.76#27.89#38.35
-141.614,70.1337#33.65#27.89#38.46
-141.452,70.1255#33.53#27.9#38.57
-141.29,70.1171#33.41#27.9#38.69
-141.128,70.1086#33.3#27.9#38.8
-140.967,70.0999#33.19#27.91#38.9
-140.805,70.0911#33.09#27.91#39
-140.644,70.0822#33#27.91#39.09
-140.483,70.073#32.91#27.92#39.17
-140.322,70.0638#32.81#27.92#39.27
-140.161,70.0543#32.72#27.92#39.36
-140,70.0447#32.62#27.92#39.46
-139.84,70.035#32.53#27.93#39.54
-139.679,70.0251#32.44#27.93#39.63
-139.519,70.015#32.35#27.93#39.72
-139.359,70.0048#32.27#27.94#39.79
-139.199,69.9945#32.19#27.94#39.87
-139.04,69.984#32.11#27.94#39.95
-138.88,69.9733#32.01#27.94#40.05
-138.721,69.9625#31.9#27.95#40.15
-138.561,69.9516#31.79#27.95#40.26
-138.402,69.9405#31.64#27.95#40.41
-138.244,69.9292#31.46#27.95#40.59
-138.085,69.9178#31.28#27.96#40.76
-137.927,69.9062#31.1#27.96#40.94
-162.897,69.9006#41.3#26.08#32.62
-162.739,69.9129#41.37#26.08#32.55
-162.581,69.9251#41.43#26.08#32.49
-162.423,69.9371#41.49#26.08#32.43
-162.264,69.949#41.54#26.08#32.38
-162.105,69.9608#41.58#26.08#32.34
-161.947,69.9724#41.62#26.08#32.3
-161.787,69.9838#41.66#26.08#32.26
-161.628,69.9951#41.7#26.08#32.22
-161.469,70.0062#41.73#26.08#32.19
-161.309,70.0172#41.72#26.08#32.2
-161.149,70.0281#41.72#26.08#32.2
-160.989,70.0388#41.72#26.08#32.2
-160.829,70.0493#41.7#26.08#32.22
-160.669,70.0597#41.68#26.08#32.24
-160.509,70.0699#41.67#26.08#32.25
-160.348,70.08#41.63#26.08#32.29
-160.187,70.0899#41.59#26.08#32.33
-160.026,70.0997#41.55#26.08#32.37
-159.865,70.1093#41.5#26.08#32.42
-159.704,70.1187#41.45#26.08#32.47
-159.542,70.128#41.4#26.08#32.52
-159.381,70.1372#41.35#26.08#32.57
-159.219,70.1462#41.29#26.08#32.63
-159.057,70.155#41.24#26.08#32.68
-158.895,70.1637#41.18#26.08#32.74
-158.733,70.1723#41.11#26.08#32.81
-158.571,70.1806#41.05#26.08#32.87
-158.408,70.1889#40.99#26.08#32.93
-158.246,70.1969#40.93#26.09#32.98
-158.083,70.2048#40.87#26.09#33.04
-157.92,70.2126#40.81#26.1#33.09
-157.757,70.2202#40.75#26.11#33.14
-157.594,70.2276#40.69#26.13#33.18
-157.431,70.2349#40.63#26.16#33.21
-157.267,70.242#40.55#26.21#33.24
-157.104,70.249#40.48#26.27#33.25
-156.94,70.2558#40.41#26.33#33.26
-156.776,70.2624#40.34#26.43#33.23
-156.613,70.2689#40.27#26.52#33.21
-156.449,70.2753#40.2#26.61#33.19
-156.285,70.2814#40.11#26.71#33.18
-156.12,70.2875#40.03#26.81#33.16
-155.956,70.2933#39.94#26.89#33.17
-155.792,70.299#39.85#26.96#33.19
-155.627,70.3046#39.76#27.02#33.22
-155.463,70.3099#39.67#27.08#33.25
-155.298,70.3152#39.57#27.11#33.32
-155.134,70.3202#39.47#27.13#33.4
-154.969,70.3251#39.37#27.16#33.47
-154.804,70.3299#39.26#27.18#33.56
-154.639,70.3345#39.16#27.19#33.65
-154.474,70.3389#39.05#27.21#33.74
-154.309,70.3432#38.94#27.22#33.84
-154.144,70.3473#38.82#27.23#33.95
-153.978,70.3512#38.7#27.23#34.07
-153.813,70.355#38.57#27.24#34.19
-153.648,70.3586#38.43#27.24#34.33
-153.482,70.3621#38.3#27.25#34.45
-153.317,70.3654#38.18#27.25#34.57
-153.151,70.3685#38.06#27.26#34.68
-152.986,70.3715#37.94#27.26#34.8
-152.82,70.3743#37.8#27.26#34.94
-152.654,70.377#37.66#27.26#35.08
-152.489,70.3795#37.52#27.27#35.21
-152.323,70.3818#37.39#27.27#35.34
-152.157,70.384#37.27#27.27#35.46
-151.991,70.386#37.14#27.27#35.59
-151.825,70.3879#37.01#27.28#35.71
-151.659,70.3896#36.89#27.28#35.83
-151.493,70.3911#36.76#27.28#35.96
-151.327,70.3925#36.65#27.28#36.07
-151.161,70.3937#36.54#27.28#36.18
-150.995,70.3947#36.43#27.29#36.28
-150.829,70.3956#36.33#27.29#36.38
-150.663,70.3963#36.24#27.29#36.47
-150.497,70.3969#36.15#27.29#36.56
-150.331,70.3973#36.07#27.29#36.64
-150.165,70.3976#35.99#27.29#36.72
-149.999,70.3976#35.92#27.3#36.78
-149.833,70.3976#35.86#27.3#36.84
-149.667,70.3973#35.8#27.3#36.9
-149.501,70.3969#35.74#27.3#36.96
-149.335,70.3963#35.69#27.3#37.01
-149.169,70.3956#35.65#27.3#37.05
-149.003,70.3947#35.6#27.31#37.09
-148.837,70.3937#35.56#27.31#37.13
-148.671,70.3925#35.52#27.31#37.17
-148.505,70.3911#35.49#27.31#37.2
-148.339,70.3896#35.45#27.31#37.24
-148.173,70.3879#35.41#27.31#37.28
-148.007,70.386#35.38#27.32#37.3
-147.841,70.384#35.34#27.32#37.34
-147.675,70.3818#35.31#27.32#37.37
-147.509,70.3795#35.28#27.32#37.4
-147.344,70.377#35.25#27.33#37.42
-147.178,70.3743#35.21#27.33#37.46
-147.012,70.3715#35.18#27.34#37.48
-146.847,70.3685#35.15#27.35#37.5
-146.681,70.3653#35.12#27.36#37.52
-146.516,70.362#35.1#27.37#37.53
-146.35,70.3586#35.07#27.38#37.55
-146.185,70.3549#35.04#27.41#37.55
-146.019,70.3512#35.01#27.43#37.56
-145.854,70.3472#34.99#27.46#37.55
-145.689,70.3431#34.96#27.49#37.55
-145.524,70.3388#34.94#27.52#37.54
-145.359,70.3344#34.91#27.55#37.54
-145.194,70.3298#34.89#27.58#37.53
-145.029,70.3251#34.87#27.61#37.52
-144.864,70.3202#34.84#27.64#37.52
-144.7,70.3151#34.81#27.67#37.52
-144.535,70.3099#34.78#27.7#37.52
-144.37,70.3045#34.75#27.72#37.53
-144.206,70.2989#34.71#27.74#37.55
-144.042,70.2932#34.68#27.76#37.56
-143.877,70.2874#34.63#27.77#37.6
-143.713,70.2814#34.59#27.79#37.62
-143.549,70.2752#34.54#27.8#37.66
-143.385,70.2688#34.49#27.81#37.7
-143.222,70.2624#34.42#27.82#37.76
-143.058,70.2557#34.36#27.83#37.81
-142.894,70.2489#34.28#27.84#37.88
-142.731,70.2419#34.2#27.85#37.95
-142.567,70.2348#34.12#27.86#38.02
-142.404,70.2275#34.03#27.86#38.11
-142.241,70.2201#33.95#27.87#38.18
-142.078,70.2125#33.86#27.88#38.26
-141.915,70.2047#33.77#27.88#38.35
-141.752,70.1968#33.66#27.88#38.46
-141.59,70.1887#33.55#27.89#38.56
-141.427,70.1805#33.43#27.89#38.68
-141.265,70.1722#33.33#27.9#38.77
-141.103,70.1636#33.21#27.9#38.89
-140.941,70.1549#33.11#27.9#38.99
-140.779,70.1461#33.01#27.91#39.08
-140.617,70.1371#32.92#27.91#39.17
-140.456,70.1279#32.82#27.91#39.27
-140.294,70.1186#32.73#27.92#39.35
-140.133,70.1092#32.63#27.92#39.45
-139.972,70.0995#32.54#27.92#39.54
-139.811,70.0898#32.45#27.92#39.63
-139.65,70.0798#32.36#27.93#39.71
-139.489,70.0698#32.27#27.93#39.8
-139.329,70.0595#32.2#27.93#39.87
-139.169,70.0492#32.12#27.93#39.95
-139.009,70.0386#32.04#27.94#40.02
-138.849,70.0279#31.94#27.94#40.12
-138.689,70.0171#31.83#27.94#40.23
-138.529,70.0061#31.72#27.95#40.33
-138.37,69.995#31.56#27.95#40.49
-138.211,69.9837#31.38#27.95#40.67
-138.051,69.9722#31.2#27.95#40.85
-137.893,69.9606#31.02#27.96#41.02
-137.734,69.9489#30.85#27.96#41.19
-137.575,69.937#30.67#27.96#41.37
-137.417,69.9249#30.52#27.96#41.52
-137.259,69.9127#30.39#27.97#41.64
-137.101,69.9004#30.27#27.97#41.76
-163.564,69.9038#40.8#26.08#33.12
-163.407,69.9168#40.88#26.08#33.04
-163.249,69.9296#40.95#26.08#32.97
-163.091,69.9423#41.03#26.08#32.89
-162.933,69.9548#41.11#26.08#32.81
-162.775,69.9672#41.17#26.08#32.75
-162.616,69.9794#41.24#26.08#32.68
-162.458,69.9915#41.3#26.08#32.62
-162.299,70.0034#41.34#26.08#32.58
-162.14,70.0152#41.38#26.08#32.54
-161.98,70.0268#41.42#26.08#32.5
-161.821,70.0383#41.46#26.08#32.46
-161.661,70.0496#41.49#26.08#32.43
-161.501,70.0608#41.53#26.08#32.39
-161.341,70.0718#41.52#26.08#32.4
-161.181,70.0827#41.52#26.08#32.4
-161.021,70.0934#41.51#26.08#32.41
-160.86,70.104#41.5#26.08#32.42
-160.699,70.1144#41.48#26.08#32.44
-160.538,70.1246#41.46#26.08#32.46
-160.377,70.1347#41.43#26.08#32.49
-160.216,70.1447#41.39#26.08#32.53
-160.055,70.1545#41.35#26.08#32.57
-159.893,70.1641#41.3#26.08#32.62
-159.731,70.1736#41.26#26.08#32.66
-159.57,70.1829#41.21#26.08#32.71
-159.408,70.1921#41.16#26.08#32.76
-159.245,70.2012#41.1#26.08#32.82
-159.083,70.21#41.05#26.08#32.87
-158.921,70.2187#40.99#26.08#32.93
-158.758,70.2273#40.92#26.08#33
-158.595,70.2357#40.86#26.08#33.06
-158.432,70.2439#40.8#26.08#33.12
-158.269,70.252#40.74#26.09#33.17
-158.106,70.26#40.69#26.09#33.22
-157.943,70.2677#40.63#26.1#33.27
-157.779,70.2753#40.57#26.12#33.31
-157.616,70.2828#40.51#26.14#33.35
-157.452,70.2901#40.45#26.17#33.38
-157.288,70.2973#40.38#26.22#33.4
-157.124,70.3042#40.31#26.28#33.41
-156.96,70.3111#40.24#26.35#33.41
-156.796,70.3177#40.17#26.44#33.39
-156.632,70.3243#40.1#26.54#33.36
-156.467,70.3306#40.03#26.63#33.34
-156.303,70.3368#39.95#26.73#33.32
-156.138,70.3428#39.87#26.82#33.31
-155.973,70.3487#39.79#26.91#33.3
-155.809,70.3544#39.7#26.97#33.33
-155.644,70.36#39.61#27.03#33.36
-155.479,70.3654#39.53#27.08#33.39
-155.314,70.3706#39.43#27.11#33.46
-155.148,70.3757#39.33#27.14#33.53
-154.983,70.3806#39.24#27.16#33.6
-154.818,70.3854#39.13#27.18#33.69
-154.652,70.39#39.03#27.19#33.78
-154.487,70.3944#38.92#27.21#33.87
-154.321,70.3987#38.8#27.22#33.98
-154.156,70.4028#38.69#27.22#34.09
-153.99,70.4068#38.57#27.23#34.2
-153.824,70.4106#38.44#27.24#34.32
-153.658,70.4142#38.31#27.24#34.45
-153.492,70.4177#38.19#27.25#34.56
-153.326,70.421#38.06#27.25#34.69
-153.16,70.4242#37.94#27.25#34.81
-152.994,70.4272#37.82#27.26#34.92
-152.828,70.43#37.68#27.26#35.06
-152.662,70.4326#37.54#27.26#35.2
-152.496,70.4352#37.41#27.26#35.33
-152.33,70.4375#37.28#27.27#35.45
-152.163,70.4397#37.15#27.27#35.58
-151.997,70.4417#37.03#27.27#35.7
-151.831,70.4436#36.9#27.27#35.83
-151.664,70.4453#36.77#27.28#35.95
-151.498,70.4468#36.65#27.28#36.07
-151.331,70.4482#36.54#27.28#36.18
-151.165,70.4494#36.43#27.28#36.29
-150.998,70.4504#36.32#27.28#36.4
-150.832,70.4513#36.22#27.28#36.5
-150.665,70.4521#36.13#27.29#36.58
-150.499,70.4526#36.04#27.29#36.67
-150.332,70.453#35.96#27.29#36.75
-150.166,70.4533#35.89#27.29#36.82
-149.999,70.4534#35.81#27.29#36.9
-149.832,70.4533#35.75#27.29#36.96
-149.666,70.453#35.69#27.3#37.01
-149.499,70.4526#35.63#27.3#37.07
-149.333,70.4521#35.59#27.3#37.11
-149.166,70.4513#35.54#27.3#37.16
-149,70.4504#35.49#27.3#37.21
-148.833,70.4494#35.45#27.3#37.25
-148.667,70.4482#35.42#27.31#37.27
-148.5,70.4468#35.38#27.31#37.31
-148.334,70.4452#35.34#27.31#37.35
-148.167,70.4435#35.3#27.31#37.39
-148.001,70.4417#35.27#27.31#37.42
-147.835,70.4397#35.24#27.32#37.44
-147.668,70.4375#35.2#27.32#37.48
-147.502,70.4351#35.17#27.32#37.51
-147.336,70.4326#35.14#27.33#37.53
-147.17,70.4299#35.1#27.33#37.57
-147.004,70.4271#35.07#27.33#37.6
-146.838,70.4241#35.04#27.34#37.62
-146.671,70.421#35.01#27.36#37.63
-146.506,70.4177#34.98#27.37#37.65
-146.34,70.4142#34.96#27.39#37.65
-146.174,70.4105#34.93#27.41#37.66
-146.008,70.4067#34.9#27.43#37.67
-145.842,70.4028#34.88#27.46#37.66
-145.677,70.3987#34.85#27.5#37.65
-145.511,70.3944#34.83#27.53#37.64
-145.345,70.3899#34.8#27.56#37.64
-145.18,70.3853#34.78#27.59#37.63
-145.015,70.3806#34.75#27.62#37.63
-144.849,70.3757#34.73#27.65#37.62
-144.684,70.3706#34.7#27.68#37.62
-144.519,70.3653#34.67#27.7#37.63
-144.354,70.3599#34.64#27.72#37.64
-144.189,70.3544#34.6#27.74#37.66
-144.024,70.3486#34.57#27.76#37.67
-143.86,70.3428#34.53#27.77#37.7
-143.695,70.3367#34.48#27.79#37.73
-143.531,70.3305#34.44#27.8#37.76
-143.366,70.3242#34.38#27.81#37.81
-143.202,70.3177#34.32#27.82#37.86
-143.038,70.311#34.26#27.83#37.91
-142.874,70.3042#34.18#27.84#37.98
-142.71,70.2972#34.1#27.85#38.05
-142.546,70.29#34.01#27.85#38.14
-142.382,70.2827#33.93#27.86#38.21
-142.219,70.2753#33.84#27.87#38.29
-142.055,70.2676#33.76#27.87#38.37
-141.892,70.2599#33.66#27.88#38.46
-141.729,70.2519#33.55#27.88#38.57
-141.566,70.2438#33.45#27.89#38.66
-141.403,70.2356#33.34#27.89#38.77
-141.24,70.2272#33.24#27.89#38.87
-141.077,70.2186#33.13#27.9#38.97
-140.915,70.2099#33.03#27.9#39.07
-140.753,70.201#32.94#27.9#39.16
-140.59,70.192#32.85#27.91#39.24
-140.428,70.1828#32.75#27.91#39.34
-140.267,70.1735#32.66#27.91#39.43
-140.105,70.164#32.57#27.91#39.52
-139.943,70.1544#32.47#27.92#39.61
-139.782,70.1446#32.38#27.92#39.7
-139.621,70.1346#32.29#27.92#39.79
-139.46,70.1245#32.2#27.92#39.88
