-152.023,62.9002#54.83#26.32#18.85
-151.904,62.902#54.63#26.32#19.05
-151.785,62.9038#54.44#26.33#19.23
-151.666,62.9054#54.24#26.33#19.43
-151.547,62.9069#54.05#26.34#19.61
-151.428,62.9083#53.86#26.34#19.8
-151.309,62.9096#53.67#26.34#19.99
-151.19,62.9108#53.49#26.35#20.16
-151.071,62.9119#53.31#26.35#20.34
-150.952,62.9128#53.12#26.36#20.52
-150.833,62.9137#52.94#26.37#20.69
-150.714,62.9144#52.76#26.38#20.86
-150.595,62.915#52.58#26.39#21.03
-150.476,62.9155#52.41#26.4#21.19
-150.357,62.9159#52.23#26.42#21.35
-150.237,62.9162#52.06#26.45#21.49
-150.118,62.9164#51.88#26.47#21.65
-149.999,62.9164#51.71#26.5#21.79
-149.88,62.9164#51.53#26.55#21.92
-149.761,62.9162#51.36#26.61#22.03
-149.642,62.9159#51.18#26.66#22.16
-149.523,62.9155#51#26.72#22.28
-149.404,62.915#50.84#26.79#22.37
-149.285,62.9144#50.69#26.86#22.45
-149.165,62.9137#50.53#26.94#22.53
-149.046,62.9128#50.37#27.02#22.61
-148.927,62.9119#50.22#27.09#22.69
-148.808,62.9108#50.08#27.16#22.76
-148.689,62.9096#49.94#27.23#22.83
-148.57,62.9083#49.8#27.3#22.9
-148.451,62.9069#49.67#27.36#22.97
-148.332,62.9054#49.56#27.4#23.04
-148.213,62.9038#49.45#27.44#23.11
-148.094,62.902#49.34#27.49#23.17
-147.975,62.9001#49.23#27.52#23.25
-154.17,62.9016#59.18#26.25#14.57
-154.051,62.9055#58.85#26.26#14.89
-153.932,62.9093#58.56#26.26#15.18
-153.813,62.9129#58.29#26.26#15.45
-153.695,62.9165#58.02#26.26#15.72
-153.576,62.9199#57.75#26.27#15.98
-153.457,62.9232#57.49#26.27#16.24
-153.338,62.9264#57.24#26.28#16.48
-153.219,62.9295#57#26.28#16.72
-153.1,62.9325#56.75#26.28#16.97
-152.981,62.9354#56.51#26.29#17.2
-152.862,62.9382#56.28#26.29#17.43
-152.743,62.9408#56.04#26.29#17.67
-152.624,62.9434#55.81#26.3#17.89
-152.504,62.9458#55.58#26.3#18.12
-152.385,62.9481#55.37#26.3#18.33
-152.266,62.9503#55.16#26.31#18.53
-152.147,62.9524#54.94#26.31#18.75
-152.028,62.9544#54.73#26.32#18.95
-151.908,62.9562#54.53#26.32#19.15
-151.789,62.958#54.33#26.32#19.35
-151.67,62.9596#54.13#26.33#19.54
-151.551,62.9611#53.93#26.33#19.74
-151.431,62.9626#53.74#26.34#19.92
-151.312,62.9639#53.56#26.34#20.1
-151.193,62.965#53.37#26.34#20.29
-151.073,62.9661#53.19#26.35#20.46
-150.954,62.9671#53#26.35#20.65
-150.835,62.9679#52.82#26.36#20.82
-150.715,62.9687#52.64#26.37#20.99
-150.596,62.9693#52.46#26.38#21.16
-150.477,62.9698#52.28#26.4#21.32
-150.357,62.9702#52.11#26.42#21.47
-150.238,62.9705#51.93#26.45#21.62
-150.119,62.9706#51.76#26.48#21.76
-149.999,62.9707#51.58#26.51#21.91
-149.88,62.9706#51.41#26.57#22.02
-149.761,62.9705#51.23#26.62#22.15
-149.641,62.9702#51.05#26.68#22.27
-149.522,62.9698#50.88#26.74#22.38
-149.402,62.9693#50.72#26.82#22.46
-149.283,62.9686#50.56#26.89#22.55
-149.164,62.9679#50.4#26.97#22.63
-149.044,62.9671#50.25#27.05#22.7
-148.925,62.9661#50.1#27.12#22.78
-148.806,62.965#49.97#27.19#22.84
-148.686,62.9638#49.83#27.26#22.91
-148.567,62.9625#49.7#27.33#22.97
-148.448,62.9611#49.57#27.38#23.05
-148.329,62.9596#49.46#27.42#23.12
-148.209,62.958#49.36#27.46#23.18
-148.09,62.9562#49.25#27.5#23.25
-147.971,62.9544#49.14#27.53#23.33
-147.852,62.9524#49.04#27.55#23.41
-147.732,62.9503#48.93#27.57#23.5
-147.613,62.9481#48.83#27.59#23.58
-147.494,62.9458#48.73#27.61#23.66
-147.375,62.9433#48.62#27.62#23.76
-147.256,62.9408#48.52#27.63#23.85
-147.137,62.9381#48.41#27.64#23.95
-147.018,62.9354#48.3#27.65#24.05
-146.899,62.9325#48.18#27.66#24.16
-146.78,62.9295#48.07#27.67#24.26
-146.661,62.9264#47.95#27.67#24.38
-146.542,62.9232#47.83#27.68#24.49
-146.423,62.9199#47.7#27.69#24.61
-146.304,62.9164#47.57#27.69#24.74
-146.185,62.9129#47.44#27.69#24.87
-146.066,62.9092#47.31#27.7#24.99
-145.947,62.9054#47.18#27.7#25.12
-145.829,62.9015#47.04#27.71#25.25
-155.603,62.9002#64.34#26.21#9.44999999999999
-155.485,62.9054#63.99#26.22#9.78999999999999
-155.366,62.9106#63.54#26.22#10.24
-155.248,62.9156#63.08#26.22#10.7
-155.129,62.9205#62.61#26.22#11.17
-155.01,62.9253#62.14#26.23#11.63
-154.892,62.9299#61.64#26.23#12.13
-154.773,62.9345#61.14#26.23#12.63
-154.654,62.939#60.64#26.24#13.12
-154.535,62.9433#60.14#26.24#13.62
-154.416,62.9476#59.76#26.24#14
-154.297,62.9517#59.43#26.25#14.32
-154.178,62.9557#59.11#26.25#14.64
-154.059,62.9596#58.78#26.25#14.97
-153.94,62.9634#58.48#26.25#15.27
-153.821,62.967#58.21#26.26#15.53
-153.702,62.9706#57.94#26.26#15.8
-153.583,62.974#57.67#26.26#16.07
-153.464,62.9774#57.41#26.27#16.32
-153.345,62.9806#57.16#26.27#16.57
-153.226,62.9837#56.91#26.27#16.82
-153.106,62.9867#56.66#26.28#17.06
-152.987,62.9896#56.41#26.28#17.31
-152.868,62.9924#56.18#26.29#17.53
-152.748,62.995#55.95#26.29#17.76
-152.629,62.9976#55.72#26.29#17.99
-152.51,63#55.48#26.3#18.22
-152.39,63.0023#55.27#26.3#18.43
-152.271,63.0045#55.05#26.3#18.65
-152.151,63.0066#54.84#26.31#18.85
-152.032,63.0086#54.62#26.31#19.07
-151.912,63.0105#54.42#26.32#19.26
-151.793,63.0122#54.22#26.32#19.46
-151.673,63.0139#54.02#26.32#19.66
-151.554,63.0154#53.82#26.33#19.85
-151.434,63.0168#53.63#26.33#20.04
-151.315,63.0181#53.44#26.34#20.22
-151.195,63.0193#53.26#26.34#20.4
-151.076,63.0204#53.07#26.34#20.59
-150.956,63.0213#52.89#26.35#20.76
-150.837,63.0222#52.7#26.36#20.94
-150.717,63.0229#52.52#26.37#21.11
-150.597,63.0235#52.34#26.38#21.28
-150.478,63.024#52.16#26.4#21.44
-150.358,63.0244#51.99#26.43#21.58
-150.238,63.0247#51.81#26.46#21.73
-150.119,63.0249#51.63#26.49#21.88
-149.999,63.0249#51.46#26.52#22.02
-149.88,63.0249#51.28#26.58#22.14
-149.76,63.0247#51.11#26.64#22.25
-149.64,63.0244#50.93#26.71#22.36
-149.521,63.024#50.75#26.77#22.48
-149.401,63.0235#50.59#26.84#22.57
-149.282,63.0229#50.44#26.92#22.64
-149.162,63.0222#50.28#27#22.72
-149.042,63.0213#50.13#27.08#22.79
-148.923,63.0203#49.99#27.15#22.86
-148.803,63.0193#49.86#27.22#22.92
-148.684,63.0181#49.73#27.29#22.98
-148.564,63.0168#49.6#27.35#23.05
-148.445,63.0154#49.48#27.4#23.12
-148.325,63.0138#49.37#27.44#23.19
-148.206,63.0122#49.26#27.48#23.26
-148.086,63.0104#49.16#27.51#23.33
-147.967,63.0086#49.05#27.54#23.41
-147.847,63.0066#48.95#27.56#23.49
-147.728,63.0045#48.85#27.58#23.57
-147.608,63.0023#48.74#27.6#23.66
-147.489,63#48.64#27.61#23.75
-147.369,62.9975#48.53#27.62#23.85
-147.25,62.995#48.43#27.63#23.94
-147.131,62.9923#48.32#27.64#24.04
-147.012,62.9895#48.22#27.65#24.13
-146.892,62.9867#48.1#27.66#24.24
-146.773,62.9837#47.98#27.67#24.35
-146.654,62.9806#47.86#27.67#24.47
-146.535,62.9773#47.75#27.68#24.57
-146.415,62.974#47.62#27.69#24.69
-146.296,62.9705#47.49#27.69#24.82
-146.177,62.967#47.36#27.69#24.95
-146.058,62.9633#47.23#27.7#25.07
-145.939,62.9595#47.09#27.7#25.21
-145.82,62.9556#46.95#27.7#25.35
-145.701,62.9516#46.81#27.71#25.48
-145.582,62.9475#46.67#27.71#25.62
-145.463,62.9433#46.53#27.71#25.76
-145.344,62.9389#46.37#27.72#25.91
-145.226,62.9345#46.22#27.72#26.06
-145.107,62.9299#46.06#27.72#26.22
-144.988,62.9252#45.91#27.72#26.37
-144.869,62.9204#45.73#27.73#26.54
-144.751,62.9155#45.56#27.73#26.71
-144.632,62.9105#45.39#27.73#26.88
-144.514,62.9054#45.22#27.73#27.05
-144.395,62.9001#45.04#27.74#27.22
-156.681,62.9019#66.97#26.19#6.84
-156.563,62.9081#66.74#26.19#7.07000000000001
-156.445,62.9143#66.48#26.19#7.33
-156.326,62.9203#66.18#26.19#7.63
-156.208,62.9262#65.87#26.2#7.92999999999999
-156.09,62.932#65.57#26.2#8.23
-155.971,62.9377#65.26#26.2#8.53999999999999
-155.852,62.9433#64.93#26.2#8.86999999999999
-155.734,62.9488#64.6#26.21#9.19
-155.615,62.9542#64.28#26.21#9.50999999999999
-155.496,62.9594#63.95#26.21#9.84
-155.377,62.9646#63.47#26.22#10.31
-155.259,62.9696#62.99#26.22#10.79
-155.14,62.9745#62.5#26.22#11.28
-155.021,62.9793#62.01#26.22#11.77
-154.902,62.984#61.52#26.23#12.25
-154.783,62.9886#61.03#26.23#12.74
-154.664,62.993#60.54#26.23#13.23
-154.545,62.9974#60.05#26.24#13.71
-154.426,63.0016#59.67#26.24#14.09
-154.306,63.0058#59.35#26.24#14.41
-154.187,63.0098#59.03#26.25#14.72
-154.068,63.0137#58.71#26.25#15.04
-153.949,63.0175#58.41#26.25#15.34
-153.829,63.0212#58.14#26.25#15.61
-153.71,63.0247#57.87#26.26#15.87
-153.591,63.0282#57.59#26.26#16.15
-153.471,63.0315#57.33#26.26#16.41
-153.352,63.0348#57.08#26.27#16.65
-153.232,63.0379#56.82#26.27#16.91
-153.113,63.0409#56.57#26.27#17.16
-152.993,63.0438#56.32#26.28#17.4
-152.874,63.0465#56.09#26.28#17.63
-152.754,63.0492#55.85#26.28#17.87
-152.635,63.0518#55.62#26.29#18.09
-152.515,63.0542#55.38#26.29#18.33
-152.395,63.0565#55.17#26.3#18.53
-152.276,63.0587#54.95#26.3#18.75
-152.156,63.0608#54.73#26.3#18.97
-152.036,63.0628#54.52#26.31#19.17
-151.916,63.0647#54.31#26.31#19.38
-151.797,63.0664#54.11#26.32#19.57
-151.677,63.0681#53.91#26.32#19.77
-151.557,63.0696#53.71#26.32#19.97
-151.437,63.071#53.52#26.33#20.15
-151.318,63.0723#53.33#26.33#20.34
-151.198,63.0735#53.14#26.34#20.52
-151.078,63.0746#52.95#26.34#20.71
-150.958,63.0756#52.77#26.35#20.88
-150.838,63.0764#52.58#26.36#21.06
-150.718,63.0772#52.4#26.37#21.23
-150.599,63.0778#52.22#26.38#21.4
-150.479,63.0783#52.04#26.4#21.56
-150.359,63.0787#51.86#26.43#21.71
-150.239,63.079#51.69#26.46#21.85
-150.119,63.0791#51.51#26.49#22
-149.999,63.0792#51.33#26.53#22.14
-149.879,63.0791#51.16#26.59#22.25
-149.76,63.079#50.98#26.66#22.36
-149.64,63.0787#50.8#26.73#22.47
-149.52,63.0783#50.63#26.79#22.58
-149.4,63.0778#50.47#26.87#22.66
-149.28,63.0772#50.31#26.95#22.74
-149.16,63.0764#50.16#27.04#22.8
-149.04,63.0756#50#27.12#22.88
-148.921,63.0746#49.87#27.19#22.94
-148.801,63.0735#49.74#27.25#23.01
-148.681,63.0723#49.62#27.31#23.07
-148.561,63.071#49.49#27.38#23.13
-148.441,63.0696#49.38#27.43#23.19
-148.322,63.0681#49.27#27.46#23.27
-148.202,63.0664#49.17#27.49#23.34
-148.082,63.0647#49.07#27.52#23.41
-147.962,63.0628#48.96#27.55#23.49
-147.843,63.0608#48.86#27.57#23.57
-147.723,63.0587#48.76#27.58#23.66
-147.603,63.0565#48.65#27.6#23.75
-147.484,63.0542#48.55#27.62#23.83
-147.364,63.0517#48.45#27.63#23.92
-147.244,63.0492#48.34#27.64#24.02
-147.125,63.0465#48.24#27.65#24.11
-147.005,63.0437#48.13#27.66#24.21
-146.886,63.0408#48.01#27.66#24.33
-146.766,63.0378#47.9#27.67#24.43
-146.647,63.0347#47.78#27.67#24.55
-146.527,63.0315#47.66#27.68#24.66
-146.408,63.0281#47.54#27.68#24.78
-146.289,63.0247#47.4#27.69#24.91
-146.169,63.0211#47.27#27.69#25.04
-146.05,63.0174#47.14#27.7#25.16
-145.931,63.0136#47.01#27.7#25.29
-145.811,63.0097#46.87#27.7#25.43
-145.692,63.0057#46.73#27.71#25.56
-145.573,63.0016#46.59#27.71#25.7
-145.454,62.9973#46.44#27.71#25.85
-145.335,62.993#46.29#27.71#26
-145.216,62.9885#46.13#27.72#26.15
-145.097,62.9839#45.98#27.72#26.3
-144.978,62.9792#45.82#27.72#26.46
-144.859,62.9744#45.65#27.72#26.63
-144.74,62.9695#45.48#27.73#26.79
-144.621,62.9645#45.31#27.73#26.96
-144.502,62.9594#45.14#27.73#27.13
-144.383,62.9541#44.95#27.73#27.32
-144.265,62.9487#44.77#27.74#27.49
-144.146,62.9433#44.58#27.74#27.68
-144.028,62.9377#44.4#27.74#27.86
-143.909,62.932#44.2#27.74#28.06
-143.791,62.9262#43.99#27.74#28.27
-143.672,62.9202#43.79#27.75#28.46
-143.554,62.9142#43.58#27.75#28.67
-143.435,62.9081#43.37#27.75#28.88
-143.317,62.9018#43.14#27.75#29.11
-157.641,62.9016#68.28#26.17#5.55
-157.523,62.9088#68.18#26.17#5.64999999999999
-157.405,62.9158#68.03#26.17#5.8
-157.287,62.9227#67.87#26.17#5.95999999999999
-157.169,62.9296#67.71#26.18#6.11000000000001
-157.051,62.9363#67.55#26.18#6.27000000000001
-156.932,62.9429#67.35#26.18#6.47
-156.814,62.9494#67.12#26.18#6.69999999999999
-156.695,62.9557#66.9#26.18#6.91999999999999
-156.577,62.962#66.67#26.19#7.14
-156.458,62.9682#66.42#26.19#7.39
-156.34,62.9742#66.11#26.19#7.7
-156.221,62.9802#65.8#26.19#8.01000000000001
-156.102,62.986#65.49#26.2#8.31
-155.983,62.9917#65.18#26.2#8.61999999999999
-155.865,62.9973#64.86#26.2#8.94
-155.746,63.0028#64.54#26.2#9.25999999999999
-155.627,63.0082#64.22#26.21#9.56999999999999
-155.508,63.0134#63.9#26.21#9.89
-155.389,63.0186#63.41#26.21#10.38
-155.27,63.0236#62.91#26.21#10.88
-155.15,63.0285#62.4#26.22#11.38
-155.031,63.0333#61.89#26.22#11.89
-154.912,63.038#61.4#26.22#12.38
-154.793,63.0426#60.92#26.23#12.85
-154.674,63.0471#60.44#26.23#13.33
-154.554,63.0515#59.97#26.23#13.8
-154.435,63.0557#59.58#26.24#14.18
-154.315,63.0599#59.26#26.24#14.5
-154.196,63.0639#58.95#26.24#14.81
-154.076,63.0678#58.63#26.24#15.13
-153.957,63.0716#58.33#26.25#15.42
-153.837,63.0753#58.06#26.25#15.69
-153.718,63.0789#57.79#26.25#15.96
-153.598,63.0823#57.52#26.26#16.22
-153.478,63.0857#57.25#26.26#16.49
-153.359,63.0889#56.99#26.26#16.75
-153.239,63.0921#56.74#26.27#16.99
-153.119,63.0951#56.48#26.27#17.25
-153,63.098#56.23#26.27#17.5
-152.88,63.1007#55.99#26.28#17.73
-152.76,63.1034#55.76#26.28#17.96
-152.64,63.106#55.52#26.28#18.2
-152.52,63.1084#55.28#26.29#18.43
-152.4,63.1107#55.06#26.29#18.65
-152.28,63.113#54.85#26.3#18.85
-152.16,63.1151#54.63#26.3#19.07
-152.04,63.1171#54.41#26.3#19.29
-151.92,63.1189#54.2#26.31#19.49
-151.8,63.1207#54#26.31#19.69
-151.68,63.1223#53.8#26.32#19.88
-151.56,63.1239#53.6#26.32#20.08
-151.44,63.1253#53.4#26.32#20.28
-151.32,63.1266#53.21#26.33#20.46
-151.2,63.1278#53.02#26.33#20.65
-151.08,63.1289#52.84#26.34#20.82
-150.96,63.1298#52.65#26.34#21.01
-150.84,63.1307#52.47#26.35#21.18
-150.72,63.1314#52.28#26.37#21.35
-150.6,63.1321#52.1#26.38#21.52
-150.48,63.1326#51.92#26.39#21.69
-150.36,63.133#51.74#26.43#21.83
-150.239,63.1333#51.56#26.47#21.97
-150.119,63.1334#51.39#26.5#22.11
-149.999,63.1335#51.21#26.54#22.25
-149.879,63.1334#51.03#26.61#22.36
-149.759,63.1332#50.86#26.68#22.46
-149.639,63.133#50.68#26.75#22.57
-149.519,63.1326#50.5#26.82#22.68
-149.399,63.1321#50.34#26.9#22.76
-149.279,63.1314#50.19#26.98#22.83
-149.158,63.1307#50.03#27.07#22.9
-149.038,63.1298#49.88#27.15#22.97
-148.918,63.1289#49.75#27.22#23.03
-148.798,63.1278#49.63#27.28#23.09
-148.678,63.1266#49.51#27.34#23.15
-148.558,63.1253#49.39#27.41#23.2
-148.438,63.1239#49.28#27.45#23.27
-148.318,63.1223#49.18#27.48#23.34
-148.198,63.1207#49.08#27.51#23.41
-148.078,63.1189#48.98#27.53#23.49
-147.958,63.117#48.87#27.56#23.57
-147.838,63.115#48.77#27.57#23.66
-147.718,63.1129#48.67#27.59#23.74
-147.598,63.1107#48.57#27.61#23.82
-147.478,63.1084#48.46#27.62#23.92
-147.358,63.1059#48.36#27.63#24.01
-147.239,63.1034#48.26#27.64#24.1
-147.119,63.1007#48.15#27.65#24.2
-146.999,63.0979#48.05#27.66#24.29
-146.879,63.095#47.93#27.66#24.41
-146.759,63.092#47.81#27.67#24.52
-146.64,63.0889#47.7#27.67#24.63
-146.52,63.0857#47.58#27.68#24.74
-146.4,63.0823#47.45#27.68#24.87
-146.281,63.0788#47.32#27.69#24.99
-146.161,63.0753#47.19#27.69#25.12
-146.042,63.0716#47.06#27.7#25.24
-145.922,63.0678#46.92#27.7#25.38
-145.803,63.0639#46.78#27.7#25.52
-145.683,63.0598#46.64#27.7#25.66
-145.564,63.0557#46.5#27.71#25.79
-145.444,63.0514#46.35#27.71#25.94
-145.325,63.0471#46.2#27.71#26.09
-145.206,63.0426#46.05#27.71#26.24
-145.086,63.038#45.89#27.72#26.39
-144.967,63.0333#45.73#27.72#26.55
-144.848,63.0285#45.56#27.72#26.72
-144.729,63.0235#45.39#27.72#26.89
-144.61,63.0185#45.22#27.73#27.05
-144.491,63.0133#45.05#27.73#27.22
-144.372,63.0081#44.87#27.73#27.4
-144.253,63.0027#44.68#27.73#27.59
-144.134,62.9972#44.5#27.74#27.76
-144.015,62.9916#44.31#27.74#27.95
-143.896,62.9859#44.11#27.74#28.15
-143.778,62.9801#43.9#27.74#28.36
-143.659,62.9741#43.7#27.74#28.56
-143.54,62.9681#43.5#27.75#28.75
-143.422,62.9619#43.28#27.75#28.97
-143.303,62.9557#43.05#27.75#29.2
-143.185,62.9493#42.83#27.75#29.42
-143.066,62.9428#42.6#27.75#29.65
-142.948,62.9362#42.37#27.76#29.87
-142.83,62.9295#42.13#27.76#30.11
-142.711,62.9227#41.89#27.76#30.35
-142.593,62.9157#41.65#27.76#30.59
-142.475,62.9087#41.4#27.76#30.84
-142.357,62.9015#41.13#27.77#31.1
-158.483,62.9021#68.76#26.15#5.09
-158.365,62.91#68.71#26.15#5.14000000000001
-158.248,62.9178#68.65#26.16#5.19
-158.13,62.9256#68.59#26.16#5.25
-158.012,62.9332#68.54#26.16#5.3
-157.894,62.9407#68.43#26.16#5.41
-157.775,62.9481#68.32#26.16#5.52000000000001
-157.657,62.9554#68.22#26.17#5.61
-157.539,62.9625#68.11#26.17#5.72
-157.421,62.9696#67.96#26.17#5.87
-157.302,62.9765#67.8#26.17#6.03
-157.184,62.9834#67.64#26.17#6.19
-157.065,62.9901#67.48#26.18#6.34
-156.947,62.9967#67.29#26.18#6.53
-156.828,63.0032#67.06#26.18#6.75999999999999
-156.709,63.0096#66.83#26.18#6.99000000000001
-156.591,63.0159#66.6#26.18#7.22
-156.472,63.0221#66.35#26.19#7.46000000000001
-156.353,63.0281#66.04#26.19#7.77
-156.234,63.0341#65.73#26.19#8.08
-156.115,63.0399#65.41#26.19#8.40000000000001
-155.996,63.0456#65.1#26.2#8.7
-155.877,63.0513#64.78#26.2#9.02
-155.758,63.0568#64.47#26.2#9.33
-155.638,63.0621#64.16#26.2#9.64
-155.519,63.0674#63.85#26.21#9.94
-155.4,63.0726#63.36#26.21#10.43
-155.281,63.0776#62.83#26.21#10.96
-155.161,63.0826#62.3#26.21#11.49
-155.042,63.0874#61.77#26.22#12.01
-154.922,63.0921#61.27#26.22#12.51
-154.803,63.0967#60.81#26.22#12.97
-154.683,63.1012#60.34#26.23#13.43
-154.564,63.1056#59.88#26.23#13.89
-154.444,63.1098#59.49#26.23#14.28
-154.324,63.114#59.18#26.24#14.58
-154.205,63.118#58.87#26.24#14.89
-154.085,63.122#58.56#26.24#15.2
-153.965,63.1258#58.26#26.24#15.5
-153.845,63.1295#57.99#26.25#15.76
-153.726,63.133#57.71#26.25#16.04
-153.606,63.1365#57.44#26.25#16.31
-153.486,63.1399#57.17#26.26#16.57
-153.366,63.1431#56.91#26.26#16.83
-153.246,63.1462#56.65#26.26#17.09
-153.126,63.1493#56.39#26.27#17.34
-153.006,63.1522#56.14#26.27#17.59
-152.886,63.155#55.9#26.27#17.83
-152.766,63.1576#55.66#26.28#18.06
-152.646,63.1602#55.42#26.28#18.3
-152.525,63.1626#55.19#26.28#18.53
-152.405,63.165#54.96#26.29#18.75
-152.285,63.1672#54.74#26.29#18.97
-152.165,63.1693#54.52#26.3#19.18
-152.045,63.1713#54.3#26.3#19.4
-151.924,63.1732#54.1#26.3#19.6
-151.804,63.1749#53.89#26.31#19.8
-151.684,63.1766#53.69#26.31#20
-151.564,63.1781#53.49#26.31#20.2
-151.443,63.1796#53.29#26.32#20.39
-151.323,63.1809#53.1#26.32#20.58
-151.203,63.1821#52.91#26.33#20.76
-151.082,63.1832#52.72#26.33#20.95
-150.962,63.1841#52.53#26.34#21.13
-150.842,63.185#52.34#26.36#21.3
-150.721,63.1857#52.16#26.37#21.47
-150.601,63.1863#51.98#26.38#21.64
-150.481,63.1869#51.79#26.4#21.81
-150.36,63.1873#51.62#26.44#21.94
-150.24,63.1875#51.44#26.48#22.08
-150.12,63.1877#51.26#26.52#22.22
-149.999,63.1878#51.08#26.56#22.36
-149.879,63.1877#50.91#26.63#22.46
-149.759,63.1875#50.73#26.71#22.56
-149.638,63.1873#50.56#26.78#22.66
-149.518,63.1869#50.39#26.85#22.76
-149.397,63.1863#50.23#26.93#22.84
-149.277,63.1857#50.08#27.01#22.91
-149.157,63.185#49.93#27.1#22.97
-149.036,63.1841#49.77#27.18#23.05
-148.916,63.1831#49.65#27.24#23.11
-148.796,63.1821#49.53#27.3#23.17
-148.675,63.1809#49.41#27.36#23.23
-148.555,63.1795#49.29#27.42#23.29
-148.435,63.1781#49.19#27.46#23.35
-148.315,63.1766#49.09#27.49#23.42
-148.194,63.1749#48.98#27.52#23.5
-148.074,63.1732#48.88#27.54#23.58
-147.954,63.1713#48.78#27.56#23.66
-147.834,63.1693#48.68#27.58#23.74
-147.713,63.1672#48.58#27.6#23.82
-147.593,63.165#48.48#27.61#23.91
-147.473,63.1626#48.37#27.62#24.01
-147.353,63.1602#48.27#27.63#24.1
-147.233,63.1576#48.17#27.64#24.19
-147.113,63.1549#48.07#27.65#24.28
-146.993,63.1521#47.96#27.66#24.38
-146.873,63.1492#47.85#27.66#24.49
-146.753,63.1462#47.73#27.67#24.6
-146.633,63.1431#47.61#27.67#24.72
-146.513,63.1398#47.5#27.68#24.82
-146.393,63.1365#47.37#27.68#24.95
-146.273,63.133#47.24#27.69#25.07
-146.153,63.1294#47.11#27.69#25.2
-146.033,63.1257#46.98#27.69#25.33
-145.914,63.1219#46.84#27.7#25.46
-145.794,63.118#46.7#27.7#25.6
-145.674,63.1139#46.56#27.7#25.74
-145.554,63.1098#46.42#27.71#25.87
-145.435,63.1055#46.27#27.71#26.02
-145.315,63.1011#46.11#27.71#26.18
-145.196,63.0967#45.96#27.71#26.33
-145.076,63.0921#45.81#27.72#26.47
-144.957,63.0873#45.65#27.72#26.63
-144.837,63.0825#45.48#27.72#26.8
-144.718,63.0776#45.31#27.72#26.97
-144.599,63.0725#45.14#27.72#27.14
-144.479,63.0674#44.96#27.73#27.31
-144.36,63.0621#44.78#27.73#27.49
-144.241,63.0567#44.59#27.73#27.68
-144.122,63.0512#44.41#27.73#27.86
-144.003,63.0456#44.23#27.73#28.04
-143.884,63.0399#44.02#27.74#28.24
-143.765,63.034#43.82#27.74#28.44
-143.646,63.0281#43.61#27.74#28.65
-143.527,63.022#43.41#27.74#28.85
-143.408,63.0158#43.19#27.75#29.06
-143.289,63.0095#42.96#27.75#29.29
-143.171,63.0032#42.74#27.75#29.51
-143.052,62.9966#42.52#27.75#29.73
-142.933,62.99#42.28#27.75#29.97
-142.815,62.9833#42.04#27.76#30.2
-142.696,62.9765#41.8#27.76#30.44
-142.578,62.9695#41.56#27.76#30.68
-142.46,62.9624#41.31#27.76#30.93
-142.341,62.9553#41.04#27.76#31.2
-142.223,62.948#40.77#27.77#31.46
-142.105,62.9406#40.5#27.77#31.73
-141.987,62.9331#40.23#27.77#32
-141.869,62.9255#40.02#27.77#32.21
-141.751,62.9177#39.81#27.77#32.42
-141.633,62.9099#39.6#27.78#32.62
-141.515,62.902#39.38#27.78#32.84
-159.207,62.9056#68.63#26.14#5.23
-159.09,62.9142#68.67#26.14#5.19
-158.972,62.9227#68.71#26.14#5.15000000000001
-158.854,62.9311#68.7#26.15#5.15000000000001
-158.737,62.9394#68.7#26.15#5.15000000000001
-158.619,62.9476#68.69#26.15#5.16
-158.501,62.9557#68.69#26.15#5.16
-158.383,62.9637#68.63#26.15#5.22
-158.265,62.9715#68.58#26.15#5.27000000000001
-158.146,62.9793#68.52#26.16#5.32000000000001
-158.028,62.9869#68.46#26.16#5.38000000000001
-157.91,62.9944#68.37#26.16#5.47
-157.792,63.0018#68.26#26.16#5.58
-157.673,63.0091#68.15#26.16#5.69
-157.555,63.0163#68.04#26.17#5.78999999999999
-157.436,63.0234#67.9#26.17#5.92999999999999
-157.317,63.0304#67.74#26.17#6.09
-157.199,63.0372#67.57#26.17#6.26000000000001
-157.08,63.044#67.41#26.17#6.42
-156.961,63.0506#67.22#26.18#6.59999999999999
-156.842,63.0571#66.99#26.18#6.83000000000001
-156.723,63.0635#66.76#26.18#7.06
-156.604,63.0698#66.53#26.18#7.28999999999999
-156.485,63.076#66.29#26.18#7.53
-156.366,63.0821#65.97#26.19#7.84
-156.247,63.088#65.65#26.19#8.16
-156.128,63.0939#65.34#26.19#8.47
-156.008,63.0996#65.02#26.19#8.79000000000001
-155.889,63.1052#64.71#26.2#9.09
-155.77,63.1108#64.4#26.2#9.39999999999999
-155.65,63.1162#64.1#26.2#9.7
-155.531,63.1214#63.79#26.2#10.01
-155.411,63.1266#63.31#26.21#10.48
-155.292,63.1317#62.76#26.21#11.03
-155.172,63.1366#62.21#26.21#11.58
-155.052,63.1415#61.65#26.21#12.14
-154.933,63.1462#61.15#26.22#12.63
-154.813,63.1508#60.69#26.22#13.09
-154.693,63.1553#60.24#26.22#13.54
-154.573,63.1597#59.79#26.23#13.98
-154.453,63.164#59.4#26.23#14.37
-154.333,63.1681#59.09#26.23#14.68
-154.214,63.1722#58.79#26.23#14.98
-154.094,63.1761#58.48#26.24#15.28
-153.974,63.1799#58.18#26.24#15.58
-153.853,63.1836#57.91#26.24#15.85
-153.733,63.1872#57.63#26.25#16.12
-153.613,63.1907#57.36#26.25#16.39
-153.493,63.1941#57.08#26.25#16.67
-153.373,63.1973#56.82#26.26#16.92
-153.253,63.2004#56.56#26.26#17.18
-153.132,63.2035#56.31#26.26#17.43
-153.012,63.2064#56.05#26.27#17.68
-152.892,63.2092#55.81#26.27#17.92
-152.771,63.2119#55.57#26.27#18.16
-152.651,63.2144#55.33#26.28#18.39
-152.531,63.2169#55.09#26.28#18.63
-152.41,63.2192#54.86#26.28#18.86
-152.29,63.2215#54.64#26.29#19.07
-152.169,63.2236#54.42#26.29#19.29
-152.049,63.2256#54.2#26.3#19.5
-151.929,63.2274#53.99#26.3#19.71
-151.808,63.2292#53.78#26.3#19.92
-151.688,63.2309#53.58#26.31#20.11
-151.567,63.2324#53.37#26.31#20.32
-151.446,63.2338#53.18#26.32#20.5
-151.326,63.2352#52.98#26.32#20.7
-151.205,63.2364#52.79#26.33#20.88
-151.085,63.2374#52.6#26.33#21.07
-150.964,63.2384#52.41#26.34#21.25
-150.844,63.2393#52.22#26.36#21.42
-150.723,63.24#52.04#26.37#21.59
-150.602,63.2406#51.85#26.39#21.76
-150.482,63.2412#51.67#26.41#21.92
-150.361,63.2416#51.49#26.46#22.05
-150.24,63.2418#51.31#26.5#22.19
-150.12,63.242#51.13#26.54#22.33
-149.999,63.2421#50.96#26.59#22.45
-149.879,63.242#50.79#26.66#22.55
-149.758,63.2418#50.62#26.74#22.64
-149.637,63.2416#50.45#26.81#22.74
-149.517,63.2412#50.28#26.89#22.83
-149.396,63.2406#50.12#26.96#22.92
-149.276,63.24#49.97#27.04#22.99
-149.155,63.2393#49.83#27.12#23.05
-149.034,63.2384#49.68#27.2#23.12
-148.914,63.2374#49.55#27.27#23.18
-148.793,63.2363#49.43#27.32#23.25
-148.673,63.2351#49.32#27.38#23.3
-148.552,63.2338#49.2#27.43#23.37
-148.432,63.2324#49.09#27.47#23.44
-148.311,63.2309#48.99#27.5#23.51
-148.19,63.2292#48.89#27.52#23.59
-148.07,63.2274#48.79#27.55#23.66
-147.949,63.2255#48.69#27.57#23.74
-147.829,63.2235#48.59#27.58#23.83
-147.709,63.2214#48.49#27.6#23.91
-147.588,63.2192#48.39#27.61#24
-147.468,63.2169#48.29#27.63#24.08
-147.347,63.2144#48.18#27.63#24.19
-147.227,63.2118#48.08#27.64#24.28
-147.107,63.2091#47.98#27.65#24.37
-146.986,63.2063#47.88#27.66#24.46
-146.866,63.2034#47.76#27.66#24.58
-146.746,63.2004#47.65#27.67#24.68
-146.626,63.1973#47.53#27.67#24.8
-146.505,63.194#47.42#27.68#24.9
-146.385,63.1907#47.29#27.68#25.03
-146.265,63.1872#47.16#27.68#25.16
-146.145,63.1836#47.03#27.69#25.28
-146.025,63.1799#46.9#27.69#25.41
-145.905,63.1761#46.76#27.69#25.55
-145.785,63.1721#46.62#27.7#25.68
-145.665,63.1681#46.47#27.7#25.83
-145.545,63.1639#46.33#27.7#25.97
-145.425,63.1596#46.18#27.71#26.11
-145.305,63.1552#46.03#27.71#26.26
-145.186,63.1507#45.87#27.71#26.42
-145.066,63.1461#45.72#27.71#26.57
-144.946,63.1414#45.56#27.72#26.72
-144.826,63.1366#45.39#27.72#26.89
-144.707,63.1316#45.22#27.72#27.06
-144.587,63.1266#45.05#27.72#27.23
-144.468,63.1214#44.88#27.72#27.4
-144.348,63.1161#44.69#27.73#27.58
-144.229,63.1107#44.51#27.73#27.76
-144.109,63.1052#44.32#27.73#27.95
-143.99,63.0995#44.14#27.73#28.13
-143.871,63.0938#43.93#27.73#28.34
-143.752,63.088#43.73#27.74#28.53
-143.632,63.082#43.53#27.74#28.73
-143.513,63.0759#43.32#27.74#28.94
-143.394,63.0697#43.1#27.74#29.16
-143.275,63.0634#42.88#27.75#29.37
-143.156,63.057#42.65#27.75#29.6
-143.037,63.0505#42.43#27.75#29.82
-142.919,63.0439#42.19#27.75#30.06
-142.8,63.0371#41.96#27.75#30.29
-142.681,63.0303#41.72#27.76#30.52
-142.563,63.0233#41.48#27.76#30.76
-142.444,63.0162#41.23#27.76#31.01
-142.325,63.009#40.95#27.76#31.29
-142.207,63.0017#40.68#27.76#31.56
-142.089,62.9943#40.41#27.77#31.82
-141.97,62.9868#40.15#27.77#32.08
-141.852,62.9792#39.94#27.77#32.29
-141.734,62.9714#39.74#27.77#32.49
-141.616,62.9636#39.53#27.77#32.7
-141.498,62.9556#39.32#27.78#32.9
-141.38,62.9475#39.14#27.78#33.08
-141.262,62.9393#38.95#27.78#33.27
-141.144,62.931#38.77#27.78#33.45
-141.026,62.9226#38.59#27.78#33.63
-140.909,62.9141#38.41#27.79#33.8
-140.791,62.9055#38.23#27.79#33.98
-159.932,62.905#68.04#26.13#5.83
-159.814,62.9143#68.14#26.13#5.73
-159.697,62.9235#68.24#26.13#5.63000000000001
-159.579,62.9326#68.35#26.13#5.52000000000001
-159.462,62.9415#68.43#26.14#5.42999999999999
-159.344,62.9504#68.48#26.14#5.38
-159.226,62.9591#68.53#26.14#5.33
-159.109,62.9678#68.58#26.14#5.28
-158.991,62.9763#68.62#26.14#5.23999999999999
-158.873,62.9847#68.62#26.14#5.23999999999999
-158.755,62.9931#68.61#26.14#5.25
-158.637,63.0013#68.61#26.15#5.24000000000001
-158.518,63.0093#68.61#26.15#5.24000000000001
-158.4,63.0173#68.56#26.15#5.28999999999999
-158.282,63.0252#68.51#26.15#5.34
-158.163,63.033#68.45#26.15#5.40000000000001
-158.045,63.0406#68.39#26.16#5.45
-157.926,63.0481#68.3#26.16#5.54000000000001
-157.808,63.0556#68.19#26.16#5.65000000000001
-157.689,63.0629#68.08#26.16#5.76000000000001
-157.57,63.0701#67.97#26.16#5.87
-157.452,63.0772#67.84#26.16#6
-157.333,63.0842#67.67#26.17#6.16
-157.214,63.091#67.51#26.17#6.31999999999999
-157.095,63.0978#67.34#26.17#6.48999999999999
-156.976,63.1045#67.16#26.17#6.67
-156.857,63.111#66.93#26.18#6.88999999999999
-156.737,63.1174#66.69#26.18#7.13
-156.618,63.1237#66.46#26.18#7.36000000000001
-156.499,63.1299#66.22#26.18#7.59999999999999
-156.379,63.136#65.9#26.18#7.91999999999999
-156.26,63.142#65.58#26.19#8.23
-156.141,63.1479#65.26#26.19#8.55
-156.021,63.1536#64.93#26.19#8.88
-155.901,63.1592#64.62#26.19#9.19
-155.782,63.1648#64.31#26.2#9.48999999999999
-155.662,63.1702#64#26.2#9.8
-155.542,63.1755#63.69#26.2#10.11
-155.423,63.1807#63.22#26.2#10.58
-155.303,63.1857#62.66#26.21#11.13
-155.183,63.1907#62.1#26.21#11.69
-155.063,63.1955#61.54#26.21#12.25
-154.943,63.2003#61.04#26.21#12.75
-154.823,63.2049#60.6#26.22#13.18
-154.703,63.2094#60.16#26.22#13.62
-154.583,63.2138#59.72#26.22#14.06
-154.463,63.2181#59.33#26.23#14.44
-154.343,63.2223#59.02#26.23#14.75
-154.222,63.2263#58.72#26.23#15.05
-154.102,63.2303#58.41#26.23#15.36
-153.982,63.2341#58.11#26.24#15.65
-153.862,63.2378#57.83#26.24#15.93
-153.741,63.2414#57.55#26.24#16.21
-153.621,63.2449#57.28#26.25#16.47
-153.5,63.2483#57#26.25#16.75
-153.38,63.2515#56.74#26.25#17.01
-153.259,63.2547#56.48#26.26#17.26
-153.139,63.2577#56.22#26.26#17.52
-153.018,63.2606#55.96#26.26#17.78
-152.898,63.2634#55.71#26.27#18.02
-152.777,63.2661#55.47#26.27#18.26
-152.657,63.2687#55.23#26.27#18.5
-152.536,63.2711#54.99#26.28#18.73
-152.415,63.2735#54.76#26.28#18.96
-152.295,63.2757#54.54#26.28#19.18
-152.174,63.2778#54.32#26.29#19.39
-152.053,63.2798#54.09#26.29#19.62
-151.933,63.2817#53.88#26.3#19.82
-151.812,63.2835#53.68#26.3#20.02
-151.691,63.2852#53.47#26.3#20.23
-151.57,63.2867#53.26#26.31#20.43
-151.449,63.2881#53.06#26.31#20.63
-151.329,63.2895#52.87#26.32#20.81
-151.208,63.2907#52.67#26.32#21.01
-151.087,63.2917#52.48#26.33#21.19
-150.966,63.2927#52.29#26.34#21.37
-150.845,63.2936#52.1#26.36#21.54
-150.724,63.2943#51.92#26.38#21.7
-150.604,63.295#51.73#26.4#21.87
-150.483,63.2955#51.55#26.42#22.03
-150.362,63.2959#51.37#26.47#22.16
-150.241,63.2962#51.19#26.52#22.29
-150.12,63.2963#51.01#26.57#22.42
-149.999,63.2964#50.83#26.61#22.56
-149.878,63.2963#50.66#26.69#22.65
-149.757,63.2962#50.5#26.77#22.73
-149.637,63.2959#50.33#26.84#22.83
-149.516,63.2955#50.16#26.92#22.92
-149.395,63.2949#50.02#27#22.98
-149.274,63.2943#49.87#27.07#23.06
-149.153,63.2936#49.73#27.15#23.12
-149.032,63.2927#49.58#27.23#23.19
-148.911,63.2917#49.46#27.29#23.25
-148.791,63.2906#49.34#27.34#23.32
-148.67,63.2894#49.22#27.39#23.39
-148.549,63.2881#49.11#27.45#23.44
-148.428,63.2867#49#27.48#23.52
-148.307,63.2851#48.9#27.51#23.59
-148.187,63.2835#48.8#27.53#23.67
-148.066,63.2817#48.7#27.55#23.75
-147.945,63.2798#48.6#27.57#23.83
-147.824,63.2778#48.5#27.59#23.91
-147.704,63.2757#48.4#27.6#24
-147.583,63.2735#48.3#27.61#24.09
-147.462,63.2711#48.2#27.63#24.17
-147.342,63.2686#48.1#27.63#24.27
-147.221,63.2661#48#27.64#24.36
-147.101,63.2634#47.89#27.65#24.46
-146.98,63.2606#47.79#27.66#24.55
-146.86,63.2577#47.68#27.66#24.66
-146.739,63.2546#47.56#27.67#24.77
-146.619,63.2515#47.45#27.67#24.88
-146.498,63.2482#47.34#27.68#24.98
-146.378,63.2448#47.21#27.68#25.11
-146.257,63.2414#47.08#27.68#25.24
-146.137,63.2378#46.95#27.69#25.36
-146.017,63.234#46.82#27.69#25.49
-145.896,63.2302#46.68#27.69#25.63
-145.776,63.2263#46.54#27.7#25.76
-145.656,63.2222#46.4#27.7#25.9
-145.536,63.218#46.25#27.7#26.05
-145.416,63.2138#46.1#27.7#26.2
-145.296,63.2094#45.95#27.71#26.34
-145.175,63.2048#45.79#27.71#26.5
-145.055,63.2002#45.64#27.71#26.65
-144.936,63.1955#45.48#27.71#26.81
-144.816,63.1906#45.31#27.72#26.97
-144.696,63.1857#45.14#27.72#27.14
-144.576,63.1806#44.97#27.72#27.31
-144.456,63.1754#44.79#27.72#27.49
-144.336,63.1701#44.61#27.72#27.67
-144.217,63.1647#44.42#27.73#27.85
-144.097,63.1592#44.24#27.73#28.03
-143.978,63.1535#44.05#27.73#28.22
-143.858,63.1478#43.85#27.73#28.42
-143.739,63.1419#43.64#27.73#28.63
-143.619,63.1359#43.44#27.74#28.82
-143.5,63.1298#43.24#27.74#29.02
-143.38,63.1236#43.01#27.74#29.25
-143.261,63.1173#42.79#27.74#29.47
-143.142,63.1109#42.56#27.75#29.69
-143.023,63.1044#42.34#27.75#29.91
-142.904,63.0977#42.11#27.75#30.14
-142.785,63.091#41.87#27.75#30.38
-142.666,63.0841#41.63#27.75#30.62
-142.547,63.0771#41.4#27.76#30.84
-142.428,63.07#41.14#27.76#31.1
-142.309,63.0628#40.86#27.76#31.38
-142.191,63.0555#40.59#27.76#31.65
-142.072,63.0481#40.31#27.76#31.93
-141.954,63.0405#40.07#27.77#32.16
-141.835,63.0329#39.87#27.77#32.36
-141.717,63.0251#39.66#27.77#32.57
-141.598,63.0172#39.46#27.77#32.77
-141.48,63.0092#39.26#27.77#32.97
-141.362,63.0012#39.07#27.77#33.16
-141.244,62.9929#38.89#27.78#33.33
-141.126,62.9846#38.71#27.78#33.51
-141.008,62.9762#38.53#27.78#33.69
-140.89,62.9677#38.35#27.78#33.87
-140.772,62.959#38.17#27.78#34.05
-140.654,62.9503#37.99#27.79#34.22
-140.537,62.9414#37.81#27.79#34.4
-140.419,62.9324#37.63#27.79#34.58
-140.302,62.9234#37.45#27.79#34.76
-140.184,62.9142#37.28#27.8#34.92
-140.067,62.9049#37.1#27.8#35.1
-160.656,62.9002#66.8#26.12#7.08
-160.539,62.9102#67.05#26.12#6.83
-160.422,62.92#67.24#26.12#6.64
-160.304,62.9298#67.41#26.13#6.46000000000001
-160.187,62.9394#67.58#26.13#6.29000000000001
-160.07,62.949#67.76#26.13#6.11
-159.952,62.9584#67.9#26.13#5.97
-159.835,62.9677#68.01#26.13#5.86
-159.717,62.9769#68.12#26.13#5.75
-159.599,62.986#68.23#26.13#5.64
-159.481,62.995#68.33#26.13#5.54000000000001
-159.364,63.0039#68.38#26.14#5.48
-159.246,63.0127#68.43#26.14#5.42999999999999
-159.128,63.0214#68.48#26.14#5.38
-159.009,63.0299#68.53#26.14#5.33
-158.891,63.0383#68.53#26.14#5.33
-158.773,63.0467#68.53#26.14#5.33
-158.655,63.0549#68.53#26.14#5.33
-158.536,63.063#68.53#26.15#5.31999999999999
-158.418,63.071#68.49#26.15#5.36000000000001
-158.299,63.0789#68.43#26.15#5.41999999999999
-158.18,63.0867#68.38#26.15#5.47
-158.062,63.0943#68.32#26.15#5.53
-157.943,63.1019#68.24#26.15#5.61000000000001
-157.824,63.1093#68.13#26.16#5.71000000000001
-157.705,63.1167#68.02#26.16#5.82000000000001
-157.586,63.1239#67.91#26.16#5.93000000000001
-157.467,63.131#67.78#26.16#6.06
-157.348,63.138#67.61#26.16#6.23
-157.229,63.1449#67.44#26.17#6.39
-157.11,63.1517#67.27#26.17#6.56
-156.99,63.1583#67.09#26.17#6.73999999999999
-156.871,63.1649#66.85#26.17#6.98
-156.751,63.1713#66.61#26.17#7.22
-156.632,63.1776#66.37#26.18#7.44999999999999
-156.512,63.1839#66.13#26.18#7.69
-156.393,63.19#65.81#26.18#8.00999999999999
-156.273,63.196#65.48#26.18#8.34
-156.153,63.2018#65.15#26.19#8.66
-156.034,63.2076#64.82#26.19#8.99000000000001
-155.914,63.2132#64.5#26.19#9.31
-155.794,63.2188#64.18#26.19#9.63
-155.674,63.2242#63.86#26.2#9.94
-155.554,63.2295#63.54#26.2#10.26
-155.434,63.2347#63.09#26.2#10.71
-155.314,63.2398#62.54#26.2#11.26
-155.194,63.2448#61.98#26.21#11.81
-155.074,63.2496#61.43#26.21#12.36
-154.953,63.2544#60.93#26.21#12.86
-154.833,63.259#60.5#26.21#13.29
-154.713,63.2635#60.08#26.22#13.7
-154.593,63.2679#59.65#26.22#14.13
-154.472,63.2722#59.26#26.22#14.52
-154.352,63.2764#58.95#26.23#14.82
-154.231,63.2805#58.64#26.23#15.13
-154.111,63.2844#58.34#26.23#15.43
-153.99,63.2883#58.03#26.23#15.74
-153.87,63.292#57.75#26.24#16.01
-153.749,63.2956#57.48#26.24#16.28
-153.628,63.2991#57.2#26.24#16.56
-153.508,63.3025#56.92#26.25#16.83
-153.387,63.3057#56.65#26.25#17.1
-153.266,63.3089#56.39#26.25#17.36
-153.146,63.3119#56.13#26.26#17.61
-153.025,63.3149#55.87#26.26#17.87
-152.904,63.3177#55.62#26.26#18.12
-152.783,63.3204#55.38#26.27#18.35
-152.662,63.3229#55.14#26.27#18.59
-152.541,63.3254#54.89#26.27#18.84
-152.421,63.3278#54.66#26.28#19.06
-152.3,63.33#54.44#26.28#19.28
-152.179,63.3321#54.21#26.28#19.51
-152.058,63.3341#53.99#26.29#19.72
-151.937,63.336#53.77#26.29#19.94
-151.816,63.3378#53.57#26.3#20.13
-151.695,63.3395#53.36#26.3#20.34
-151.574,63.341#53.15#26.3#20.55
-151.453,63.3424#52.95#26.31#20.74
-151.331,63.3438#52.75#26.32#20.93
-151.21,63.345#52.56#26.32#21.12
-151.089,63.3461#52.36#26.33#21.31
-150.968,63.347#52.17#26.34#21.49
-150.847,63.3479#51.98#26.36#21.66
-150.726,63.3486#51.79#26.39#21.82
-150.605,63.3493#51.61#26.41#21.98
-150.484,63.3498#51.43#26.43#22.14
-150.363,63.3502#51.24#26.49#22.27
-150.242,63.3505#51.06#26.54#22.4
-150.12,63.3506#50.88#26.59#22.53
-149.999,63.3507#50.7#26.64#22.66
-149.878,63.3506#50.54#26.72#22.74
-149.757,63.3505#50.38#26.8#22.82
-149.636,63.3502#50.21#26.88#22.91
-149.515,63.3498#50.05#26.95#23
-149.394,63.3493#49.91#27.03#23.06
-149.272,63.3486#49.77#27.11#23.12
-149.151,63.3479#49.62#27.18#23.2
-149.03,63.347#49.48#27.26#23.26
-148.909,63.346#49.36#27.31#23.33
-148.788,63.345#49.25#27.36#23.39
-148.667,63.3437#49.13#27.41#23.46
-148.546,63.3424#49.01#27.46#23.53
-148.425,63.341#48.91#27.49#23.6
-148.304,63.3394#48.81#27.51#23.68
-148.183,63.3378#48.71#27.54#23.75
-148.062,63.336#48.61#27.56#23.83
-147.941,63.3341#48.51#27.58#23.91
-147.82,63.3321#48.41#27.59#24
-147.699,63.33#48.31#27.6#24.09
-147.578,63.3277#48.21#27.62#24.17
-147.457,63.3254#48.11#27.63#24.26
-147.336,63.3229#48.01#27.63#24.36
-147.215,63.3203#47.91#27.64#24.45
-147.094,63.3176#47.81#27.65#24.54
-146.974,63.3148#47.71#27.66#24.63
-146.853,63.3119#47.59#27.66#24.75
-146.732,63.3089#47.48#27.66#24.86
-146.611,63.3057#47.37#27.67#24.96
-146.491,63.3024#47.26#27.67#25.07
-146.37,63.2991#47.13#27.68#25.19
-146.249,63.2956#47#27.68#25.32
-146.129,63.2919#46.87#27.68#25.45
-146.008,63.2882#46.74#27.69#25.57
-145.888,63.2844#46.6#27.69#25.71
-145.767,63.2804#46.46#27.69#25.85
-145.647,63.2764#46.32#27.7#25.98
-145.526,63.2722#46.18#27.7#26.12
-145.406,63.2679#46.02#27.7#26.28
-145.286,63.2635#45.87#27.7#26.43
-145.165,63.259#45.72#27.71#26.57
-145.045,63.2543#45.56#27.71#26.73
-144.925,63.2496#45.4#27.71#26.89
-144.805,63.2447#45.23#27.71#27.06
-144.685,63.2397#45.06#27.72#27.22
-144.564,63.2347#44.89#27.72#27.39
-144.444,63.2295#44.71#27.72#27.57
-144.324,63.2241#44.53#27.72#27.75
-144.205,63.2187#44.34#27.72#27.94
-144.085,63.2132#44.16#27.73#28.11
-143.965,63.2075#43.97#27.73#28.3
-143.845,63.2018#43.76#27.73#28.51
-143.725,63.1959#43.56#27.73#28.71
-143.606,63.1899#43.36#27.73#28.91
-143.486,63.1838#43.15#27.74#29.11
-143.367,63.1776#42.93#27.74#29.33
-143.247,63.1712#42.7#27.74#29.56
-143.128,63.1648#42.48#27.74#29.78
-143.008,63.1582#42.25#27.75#30
-142.889,63.1516#42.02#27.75#30.23
-142.77,63.1448#41.79#27.75#30.46
-142.651,63.1379#41.55#27.75#30.7
-142.531,63.1309#41.32#27.75#30.93
-142.412,63.1238#41.05#27.76#31.19
-142.293,63.1166#40.77#27.76#31.47
-142.174,63.1093#40.5#27.76#31.74
-142.056,63.1018#40.22#27.76#32.02
-141.937,63.0942#39.99#27.76#32.25
-141.818,63.0866#39.79#27.76#32.45
-141.699,63.0788#39.59#27.77#32.64
-141.581,63.0709#39.39#27.77#32.84
-141.462,63.0629#39.19#27.77#33.04
-141.344,63.0548#39.01#27.77#33.22
-141.226,63.0466#38.83#27.77#33.4
-141.107,63.0382#38.65#27.78#33.57
-140.989,63.0298#38.47#27.78#33.75
-140.871,63.0212#38.29#27.78#33.93
-140.753,63.0126#38.11#27.78#34.11
-140.635,63.0038#37.93#27.78#34.29
-140.517,62.9949#37.75#27.79#34.46
-140.399,62.9859#37.57#27.79#34.64
-140.282,62.9768#37.39#27.79#34.82
-140.164,62.9676#37.21#27.79#35
-140.046,62.9583#37.04#27.8#35.16
-139.929,62.9489#36.86#27.8#35.34
-139.811,62.9393#36.68#27.8#35.52
-139.694,62.9297#36.51#27.81#35.68
-139.577,62.9199#36.33#27.81#35.86
-139.46,62.91#36.16#27.82#36.02
-139.343,62.9001#35.98#27.83#36.19
-161.263,62.9019#65.22#26.11#8.67
-161.146,62.9124#65.53#26.12#8.34999999999999
-161.029,62.9229#65.85#26.12#8.03
-160.912,62.9332#66.11#26.12#7.77
-160.795,62.9434#66.36#26.12#7.52
-160.678,62.9535#66.61#26.12#7.27
-160.561,62.9635#66.87#26.12#7.00999999999999
-160.443,62.9734#67.08#26.12#6.8
-160.326,62.9832#67.26#26.12#6.61999999999999
-160.208,62.9928#67.43#26.12#6.44999999999999
-160.091,63.0024#67.61#26.13#6.26000000000001
-159.973,63.0118#67.77#26.13#6.10000000000001
-159.855,63.0212#67.88#26.13#5.99000000000001
-159.737,63.0304#67.99#26.13#5.88000000000001
-159.619,63.0395#68.1#26.13#5.77000000000001
-159.501,63.0485#68.22#26.13#5.65000000000001
-159.383,63.0575#68.27#26.13#5.60000000000001
-159.265,63.0662#68.32#26.14#5.54000000000001
-159.147,63.0749#68.38#26.14#5.48
-159.028,63.0835#68.44#26.14#5.42
-158.91,63.092#68.45#26.14#5.41
-158.791,63.1003#68.45#26.14#5.41
-158.673,63.1085#68.45#26.14#5.41
-158.554,63.1167#68.45#26.14#5.41
-158.435,63.1247#68.42#26.15#5.43000000000001
-158.316,63.1326#68.36#26.15#5.49000000000001
-158.198,63.1404#68.31#26.15#5.53999999999999
-158.079,63.1481#68.25#26.15#5.59999999999999
-157.96,63.1557#68.17#26.15#5.68000000000001
-157.84,63.1631#68.05#26.15#5.80000000000001
-157.721,63.1705#67.93#26.16#5.91
-157.602,63.1777#67.82#26.16#6.02000000000001
-157.483,63.1848#67.69#26.16#6.15000000000001
-157.363,63.1918#67.52#26.16#6.32000000000001
-157.244,63.1988#67.34#26.16#6.5
-157.124,63.2055#67.17#26.17#6.66
-157.005,63.2122#67#26.17#6.83
-156.885,63.2188#66.76#26.17#7.06999999999999
-156.766,63.2252#66.51#26.17#7.31999999999999
-156.646,63.2316#66.27#26.17#7.56
-156.526,63.2378#66.03#26.18#7.78999999999999
-156.406,63.2439#65.71#26.18#8.11000000000001
-156.286,63.2499#65.38#26.18#8.44
-156.166,63.2558#65.05#26.18#8.77000000000001
-156.046,63.2616#64.71#26.19#9.10000000000001
