-154.267,70.9033#37.52#27.21#35.27
-154.097,70.9074#37.41#27.21#35.38
-153.927,70.9113#37.3#27.22#35.48
-153.756,70.915#37.19#27.22#35.59
-153.586,70.9186#37.09#27.23#35.68
-153.416,70.922#36.97#27.23#35.8
-153.245,70.9252#36.85#27.23#35.92
-153.075,70.9283#36.73#27.23#36.04
-152.904,70.9312#36.61#27.24#36.15
-152.733,70.934#36.49#27.24#36.27
-152.563,70.9365#36.36#27.24#36.4
-152.392,70.939#36.24#27.24#36.52
-152.221,70.9412#36.12#27.24#36.64
-152.05,70.9433#35.99#27.25#36.76
-151.88,70.9452#35.87#27.25#36.88
-151.709,70.9469#35.75#27.25#37
-151.538,70.9485#35.63#27.25#37.12
-151.367,70.9499#35.53#27.25#37.22
-151.196,70.9512#35.42#27.25#37.33
-151.025,70.9523#35.31#27.26#37.43
-150.854,70.9532#35.22#27.26#37.52
-150.683,70.9539#35.13#27.26#37.61
-150.512,70.9545#35.05#27.26#37.69
-150.341,70.9549#34.97#27.26#37.77
-150.17,70.9552#34.9#27.26#37.84
-149.999,70.9553#34.83#27.27#37.9
-149.828,70.9552#34.77#27.27#37.96
-149.657,70.9549#34.71#27.27#38.02
-149.486,70.9545#34.66#27.27#38.07
-149.315,70.9539#34.61#27.27#38.12
-149.144,70.9532#34.56#27.27#38.17
-148.973,70.9523#34.52#27.28#38.2
-148.802,70.9512#34.48#27.28#38.24
-148.631,70.9499#34.44#27.28#38.28
-148.46,70.9485#34.39#27.28#38.33
-148.289,70.9469#34.36#27.28#38.36
-148.118,70.9452#34.32#27.29#38.39
-147.947,70.9433#34.28#27.29#38.43
-147.777,70.9412#34.25#27.29#38.46
-147.606,70.9389#34.21#27.3#38.49
-147.435,70.9365#34.18#27.31#38.51
-147.264,70.9339#34.14#27.32#38.54
-147.094,70.9312#34.11#27.33#38.56
-146.923,70.9283#34.07#27.34#38.59
-146.753,70.9252#34.04#27.37#38.59
-146.582,70.922#34.01#27.39#38.6
-146.412,70.9185#33.98#27.42#38.6
-146.242,70.915#33.95#27.45#38.6
-146.071,70.9112#33.92#27.48#38.6
-145.901,70.9073#33.9#27.51#38.59
-145.731,70.9033#33.87#27.55#38.58
-156.151,70.9031#38.33#27.01#34.66
-155.981,70.909#38.26#27.06#34.68
-155.812,70.9148#38.19#27.09#34.72
-155.642,70.9203#38.11#27.12#34.77
-155.472,70.9257#38.04#27.14#34.82
-155.302,70.931#37.96#27.15#34.89
-155.132,70.9361#37.88#27.17#34.95
-154.961,70.941#37.79#27.18#35.03
-154.791,70.9457#37.69#27.19#35.12
-154.621,70.9503#37.6#27.2#35.2
-154.45,70.9547#37.5#27.2#35.3
-154.28,70.959#37.39#27.21#35.4
-154.109,70.963#37.28#27.21#35.51
-153.938,70.967#37.18#27.22#35.6
-153.768,70.9707#37.07#27.22#35.71
-153.597,70.9743#36.96#27.22#35.82
-153.426,70.9777#36.85#27.23#35.92
-153.255,70.981#36.73#27.23#36.04
-153.084,70.984#36.61#27.23#36.16
-152.913,70.987#36.49#27.23#36.28
-152.742,70.9897#36.37#27.23#36.4
-152.57,70.9923#36.25#27.24#36.51
-152.399,70.9947#36.12#27.24#36.64
-152.228,70.997#36#27.24#36.76
-152.057,70.9991#35.88#27.24#36.88
-151.885,71.001#35.76#27.24#37
-151.714,71.0027#35.64#27.25#37.11
-151.542,71.0043#35.52#27.25#37.23
-151.371,71.0057#35.41#27.25#37.34
-151.2,71.007#35.31#27.25#37.44
-151.028,71.0081#35.2#27.25#37.55
-150.857,71.009#35.11#27.26#37.63
-150.685,71.0097#35.02#27.26#37.72
-150.514,71.0103#34.94#27.26#37.8
-150.342,71.0107#34.86#27.26#37.88
-150.17,71.011#34.79#27.26#37.95
-149.999,71.0111#34.72#27.26#38.02
-149.827,71.011#34.66#27.27#38.07
-149.656,71.0107#34.6#27.27#38.13
-149.484,71.0103#34.55#27.27#38.18
-149.313,71.0097#34.5#27.27#38.23
-149.141,71.009#34.45#27.27#38.28
-148.97,71.0081#34.41#27.27#38.32
-148.798,71.007#34.37#27.28#38.35
-148.627,71.0057#34.33#27.28#38.39
-148.455,71.0043#34.29#27.28#38.43
-148.284,71.0027#34.25#27.28#38.47
-148.113,71.001#34.21#27.28#38.51
-147.941,70.999#34.17#27.29#38.54
-147.77,70.9969#34.14#27.29#38.57
-147.599,70.9947#34.1#27.3#38.6
-147.427,70.9923#34.07#27.31#38.62
-147.256,70.9897#34.03#27.32#38.65
-147.085,70.9869#33.99#27.33#38.68
-146.914,70.984#33.96#27.35#38.69
-146.743,70.9809#33.93#27.37#38.7
-146.572,70.9777#33.9#27.4#38.7
-146.401,70.9742#33.87#27.43#38.7
-146.23,70.9707#33.84#27.46#38.7
-146.06,70.9669#33.81#27.49#38.7
-145.889,70.963#33.78#27.52#38.7
-145.718,70.9589#33.76#27.55#38.69
-145.548,70.9547#33.73#27.59#38.68
-145.377,70.9502#33.71#27.61#38.68
-145.207,70.9457#33.69#27.64#38.67
-145.036,70.9409#33.67#27.66#38.67
-144.866,70.936#33.64#27.68#38.68
-144.696,70.9309#33.62#27.7#38.68
-144.526,70.9257#33.59#27.72#38.69
-144.356,70.9203#33.57#27.73#38.7
-144.186,70.9147#33.54#27.74#38.72
-144.017,70.909#33.51#27.76#38.73
-143.847,70.9031#33.47#27.77#38.76
-157.526,70.9054#38.67#26.36#34.97
-157.357,70.9126#38.61#26.45#34.94
-157.188,70.9197#38.56#26.55#34.89
-157.018,70.9266#38.5#26.65#34.85
-156.849,70.9333#38.44#26.74#34.82
-156.679,70.9399#38.38#26.83#34.79
-156.509,70.9463#38.32#26.92#34.76
-156.339,70.9525#38.26#26.97#34.77
-156.169,70.9586#38.19#27.02#34.79
-155.999,70.9645#38.13#27.07#34.8
-155.829,70.9703#38.05#27.09#34.86
-155.659,70.9759#37.98#27.12#34.9
-155.488,70.9813#37.9#27.14#34.96
-155.318,70.9866#37.82#27.15#35.03
-155.147,70.9916#37.74#27.17#35.09
-154.976,70.9966#37.66#27.18#35.16
-154.805,71.0013#37.56#27.19#35.25
-154.635,71.0059#37.46#27.19#35.35
-154.464,71.0103#37.37#27.2#35.43
-154.292,71.0146#37.26#27.21#35.53
-154.121,71.0187#37.15#27.21#35.64
-153.95,71.0226#37.05#27.21#35.74
-153.779,71.0264#36.94#27.22#35.84
-153.607,71.03#36.84#27.22#35.94
-153.436,71.0334#36.73#27.22#36.05
-153.265,71.0367#36.61#27.23#36.16
-153.093,71.0398#36.49#27.23#36.28
-152.921,71.0427#36.37#27.23#36.4
-152.75,71.0455#36.25#27.23#36.52
-152.578,71.0481#36.13#27.23#36.64
-152.406,71.0505#36.01#27.24#36.75
-152.235,71.0528#35.88#27.24#36.88
-152.063,71.0548#35.76#27.24#37
-151.891,71.0568#35.64#27.24#37.12
-151.719,71.0585#35.52#27.24#37.24
-151.547,71.0601#35.41#27.25#37.34
-151.375,71.0615#35.3#27.25#37.45
-151.203,71.0628#35.19#27.25#37.56
-151.031,71.0639#35.09#27.25#37.66
-150.859,71.0648#35#27.25#37.75
-150.687,71.0656#34.91#27.25#37.84
-150.515,71.0661#34.82#27.26#37.92
-150.343,71.0666#34.75#27.26#37.99
-150.171,71.0668#34.68#27.26#38.06
-149.999,71.0669#34.61#27.26#38.13
-149.827,71.0668#34.55#27.26#38.19
-149.655,71.0666#34.49#27.26#38.25
-149.483,71.0661#34.44#27.27#38.29
-149.311,71.0656#34.39#27.27#38.34
-149.139,71.0648#34.35#27.27#38.38
-148.967,71.0639#34.3#27.27#38.43
-148.795,71.0628#34.26#27.27#38.47
-148.623,71.0615#34.22#27.27#38.51
-148.451,71.0601#34.18#27.28#38.54
-148.279,71.0585#34.14#27.28#38.58
-148.107,71.0567#34.1#27.28#38.62
-147.935,71.0548#34.06#27.29#38.65
-147.763,71.0527#34.03#27.29#38.68
-147.591,71.0505#33.99#27.3#38.71
-147.42,71.048#33.96#27.3#38.74
-147.248,71.0454#33.92#27.32#38.76
-147.076,71.0427#33.88#27.33#38.79
-146.905,71.0397#33.85#27.35#38.8
-146.733,71.0366#33.82#27.38#38.8
-146.562,71.0334#33.78#27.4#38.82
-146.39,71.0299#33.75#27.43#38.82
-146.219,71.0264#33.73#27.47#38.8
-146.048,71.0226#33.7#27.5#38.8
-145.877,71.0187#33.67#27.53#38.8
-145.705,71.0146#33.64#27.56#38.8
-145.534,71.0103#33.62#27.59#38.79
-145.363,71.0059#33.6#27.62#38.78
-145.192,71.0013#33.58#27.64#38.78
-145.022,70.9965#33.56#27.67#38.77
-144.851,70.9916#33.53#27.68#38.79
-144.68,70.9865#33.51#27.7#38.79
-144.51,70.9812#33.48#27.72#38.8
-144.339,70.9758#33.45#27.73#38.82
-144.169,70.9702#33.43#27.75#38.82
-143.999,70.9645#33.4#27.76#38.84
-143.829,70.9586#33.36#27.77#38.87
-143.659,70.9525#33.32#27.78#38.9
-143.489,70.9462#33.28#27.78#38.94
-143.319,70.9398#33.25#27.79#38.96
-143.149,70.9332#33.21#27.8#38.99
-142.98,70.9265#33.18#27.8#39.02
-142.81,70.9196#33.13#27.81#39.06
-142.641,70.9125#33.07#27.81#39.12
-142.472,70.9053#33.02#27.82#39.16
-158.732,70.9054#38.88#26.09#35.03
-158.564,70.9138#38.83#26.1#35.07
-158.395,70.922#38.78#26.12#35.1
-158.226,70.9301#38.74#26.15#35.11
-158.057,70.938#38.69#26.17#35.14
-157.887,70.9457#38.64#26.23#35.13
-157.718,70.9533#38.59#26.3#35.11
-157.549,70.9607#38.53#26.37#35.1
-157.379,70.968#38.48#26.47#35.05
-157.209,70.9751#38.42#26.57#35.01
-157.039,70.982#38.37#26.67#34.96
-156.869,70.9887#38.31#26.76#34.93
-156.699,70.9953#38.25#26.85#34.9
-156.529,71.0018#38.19#26.93#34.88
-156.358,71.008#38.12#26.98#34.9
-156.188,71.0141#38.06#27.03#34.91
-156.017,71.0201#37.99#27.07#34.94
-155.846,71.0258#37.92#27.1#34.98
-155.675,71.0314#37.84#27.12#35.04
-155.505,71.0369#37.77#27.14#35.09
-155.334,71.0421#37.69#27.16#35.15
-155.162,71.0472#37.6#27.17#35.23
-154.991,71.0522#37.52#27.18#35.3
-154.82,71.057#37.43#27.19#35.38
-154.648,71.0616#37.33#27.19#35.48
-154.477,71.066#37.24#27.2#35.56
-154.305,71.0703#37.13#27.2#35.67
-154.134,71.0744#37.03#27.21#35.76
-153.962,71.0783#36.92#27.21#35.87
-153.79,71.0821#36.82#27.22#35.96
-153.618,71.0857#36.71#27.22#36.07
-153.446,71.0891#36.6#27.22#36.18
-153.274,71.0924#36.49#27.22#36.29
-153.102,71.0955#36.37#27.23#36.4
-152.93,71.0985#36.25#27.23#36.52
-152.758,71.1012#36.13#27.23#36.64
-152.586,71.1038#36.01#27.23#36.76
-152.414,71.1063#35.89#27.23#36.88
-152.241,71.1085#35.77#27.23#37
-152.069,71.1106#35.64#27.24#37.12
-151.897,71.1126#35.52#27.24#37.24
-151.724,71.1143#35.41#27.24#37.35
-151.552,71.1159#35.29#27.24#37.47
-151.379,71.1174#35.18#27.24#37.58
-151.207,71.1186#35.08#27.25#37.67
-151.034,71.1197#34.97#27.25#37.78
-150.862,71.1206#34.88#27.25#37.87
-150.689,71.1214#34.8#27.25#37.95
-150.517,71.122#34.71#27.25#38.04
-150.344,71.1224#34.64#27.25#38.11
-150.172,71.1226#34.57#27.26#38.17
-149.999,71.1227#34.5#27.26#38.24
-149.826,71.1226#34.44#27.26#38.3
-149.654,71.1224#34.39#27.26#38.35
-149.481,71.122#34.33#27.26#38.41
-149.309,71.1214#34.28#27.26#38.46
-149.136,71.1206#34.24#27.27#38.49
-148.964,71.1197#34.19#27.27#38.54
-148.791,71.1186#34.15#27.27#38.58
-148.619,71.1173#34.11#27.27#38.62
-148.446,71.1159#34.07#27.27#38.66
-148.274,71.1143#34.03#27.28#38.69
-148.101,71.1125#33.99#27.28#38.73
-147.929,71.1106#33.95#27.28#38.77
-147.757,71.1085#33.92#27.29#38.79
-147.584,71.1062#33.88#27.29#38.83
-147.412,71.1038#33.85#27.3#38.85
-147.24,71.1012#33.81#27.32#38.87
-147.068,71.0984#33.77#27.33#38.9
-146.895,71.0955#33.74#27.35#38.91
-146.723,71.0924#33.7#27.38#38.92
-146.551,71.0891#33.67#27.41#38.92
-146.38,71.0857#33.64#27.44#38.92
-146.208,71.0821#33.61#27.48#38.91
-146.036,71.0783#33.59#27.51#38.9
-145.864,71.0743#33.56#27.54#38.9
-145.693,71.0702#33.53#27.57#38.9
-145.521,71.0659#33.5#27.6#38.9
-145.349,71.0615#33.48#27.63#38.89
-145.178,71.0569#33.46#27.65#38.89
-145.007,71.0521#33.44#27.67#38.89
-144.835,71.0472#33.42#27.69#38.89
-144.664,71.0421#33.4#27.71#38.89
-144.493,71.0368#33.37#27.72#38.91
-144.322,71.0314#33.34#27.73#38.93
-144.152,71.0257#33.32#27.75#38.93
-143.981,71.02#33.29#27.76#38.95
-143.81,71.014#33.25#27.77#38.98
-143.64,71.0079#33.21#27.77#39.02
-143.469,71.0017#33.17#27.78#39.05
-143.299,70.9952#33.14#27.79#39.07
-143.129,70.9886#33.11#27.8#39.09
-142.959,70.9819#33.07#27.8#39.13
-142.789,70.975#33.03#27.81#39.16
-142.619,70.9679#32.98#27.81#39.21
-142.449,70.9606#32.93#27.82#39.25
-142.28,70.9532#32.87#27.82#39.31
-142.11,70.9456#32.81#27.82#39.37
-141.941,70.9379#32.75#27.83#39.42
-141.772,70.93#32.69#27.83#39.48
-141.603,70.9219#32.62#27.83#39.55
-141.434,70.9137#32.55#27.84#39.61
-141.266,70.9053#32.46#27.84#39.7
-159.77,70.9066#39.02#26.08#34.9
-159.602,70.916#38.98#26.08#34.94
-159.433,70.9253#38.94#26.08#34.98
-159.265,70.9343#38.89#26.08#35.03
-159.096,70.9432#38.85#26.08#35.07
-158.927,70.952#38.8#26.09#35.11
-158.758,70.9606#38.75#26.09#35.16
-158.589,70.969#38.7#26.1#35.2
-158.42,70.9772#38.65#26.12#35.23
-158.25,70.9853#38.61#26.15#35.24
-158.081,70.9932#38.56#26.18#35.26
-157.911,71.001#38.51#26.24#35.25
-157.741,71.0086#38.45#26.31#35.24
-157.571,71.016#38.4#26.39#35.21
-157.401,71.0233#38.35#26.48#35.17
-157.231,71.0304#38.29#26.58#35.13
-157.06,71.0374#38.23#26.69#35.08
-156.89,71.0441#38.18#26.78#35.04
-156.719,71.0508#38.11#26.86#35.03
-156.548,71.0572#38.05#26.95#35
-156.377,71.0635#37.99#27#35.01
-156.206,71.0696#37.92#27.04#35.04
-156.035,71.0756#37.85#27.08#35.07
-155.864,71.0814#37.78#27.1#35.12
-155.693,71.087#37.71#27.12#35.17
-155.521,71.0924#37.63#27.14#35.23
-155.35,71.0977#37.55#27.16#35.29
-155.178,71.1028#37.47#27.17#35.36
-155.006,71.1078#37.39#27.18#35.43
-154.834,71.1126#37.29#27.19#35.52
-154.662,71.1172#37.2#27.19#35.61
-154.49,71.1217#37.1#27.2#35.7
-154.318,71.126#37#27.2#35.8
-154.146,71.1301#36.9#27.21#35.89
-153.974,71.134#36.79#27.21#36
-153.802,71.1378#36.69#27.21#36.1
-153.629,71.1414#36.58#27.22#36.2
-153.457,71.1449#36.48#27.22#36.3
-153.284,71.1482#36.36#27.22#36.42
-153.112,71.1513#36.25#27.22#36.53
-152.939,71.1542#36.13#27.22#36.65
-152.766,71.157#36.01#27.23#36.76
-152.594,71.1596#35.89#27.23#36.88
-152.421,71.1621#35.77#27.23#37
-152.248,71.1643#35.65#27.23#37.12
-152.075,71.1664#35.52#27.23#37.25
-151.902,71.1684#35.41#27.24#37.35
-151.729,71.1701#35.29#27.24#37.47
-151.556,71.1717#35.18#27.24#37.58
-151.383,71.1732#35.07#27.24#37.69
-151.21,71.1744#34.96#27.24#37.8
-151.037,71.1755#34.86#27.24#37.9
-150.864,71.1765#34.77#27.25#37.98
-150.691,71.1772#34.68#27.25#38.07
-150.518,71.1778#34.6#27.25#38.15
-150.345,71.1782#34.53#27.25#38.22
-150.172,71.1785#34.46#27.25#38.29
-149.999,71.1786#34.39#27.25#38.36
-149.826,71.1785#34.33#27.26#38.41
-149.653,71.1782#34.27#27.26#38.47
-149.48,71.1778#34.22#27.26#38.52
-149.307,71.1772#34.17#27.26#38.57
-149.133,71.1765#34.13#27.26#38.61
-148.96,71.1755#34.08#27.26#38.66
-148.787,71.1744#34.04#27.27#38.69
-148.614,71.1732#34#27.27#38.73
-148.441,71.1717#33.96#27.27#38.77
-148.268,71.1701#33.92#27.27#38.81
-148.095,71.1684#33.88#27.28#38.84
-147.923,71.1664#33.84#27.28#38.88
-147.75,71.1643#33.81#27.29#38.9
-147.577,71.162#33.77#27.29#38.94
-147.404,71.1596#33.74#27.31#38.95
-147.231,71.157#33.7#27.32#38.98
-147.059,71.1542#33.67#27.34#38.99
-146.886,71.1512#33.63#27.36#39.01
-146.714,71.1481#33.6#27.39#39.01
-146.541,71.1448#33.57#27.42#39.01
-146.369,71.1414#33.54#27.45#39.01
-146.196,71.1378#33.51#27.48#39.01
-146.024,71.134#33.48#27.52#39
-145.852,71.13#33.45#27.55#39
-145.68,71.1259#33.43#27.58#38.99
-145.507,71.1216#33.4#27.61#38.99
-145.335,71.1172#33.38#27.63#38.99
-145.164,71.1125#33.36#27.65#38.99
-144.992,71.1077#33.33#27.67#39
-144.82,71.1028#33.31#27.69#39
-144.648,71.0977#33.29#27.71#39
-144.477,71.0924#33.26#27.73#39.01
-144.305,71.0869#33.23#27.74#39.03
-144.134,71.0813#33.21#27.75#39.04
-143.963,71.0755#33.18#27.76#39.06
-143.792,71.0695#33.14#27.76#39.1
-143.621,71.0634#33.1#27.77#39.13
-143.45,71.0571#33.06#27.78#39.16
-143.279,71.0507#33.03#27.79#39.18
-143.108,71.0441#33.01#27.79#39.2
-142.938,71.0373#32.97#27.8#39.23
-142.767,71.0303#32.93#27.8#39.27
-142.597,71.0232#32.89#27.81#39.3
-142.427,71.016#32.85#27.81#39.34
-142.257,71.0085#32.79#27.82#39.39
-142.087,71.0009#32.74#27.82#39.44
-141.917,70.9931#32.68#27.82#39.5
-141.748,70.9852#32.62#27.83#39.55
-141.578,70.9771#32.56#27.83#39.61
-141.409,70.9689#32.48#27.83#39.69
-141.24,70.9604#32.39#27.84#39.77
-141.071,70.9519#32.3#27.84#39.86
-140.902,70.9431#32.22#27.84#39.94
-140.733,70.9342#32.14#27.84#40.02
-140.564,70.9251#32.06#27.85#40.09
-140.396,70.9159#31.98#27.85#40.17
-140.228,70.9065#31.9#27.85#40.25
-160.807,70.9017#39.1#26.08#34.82
-160.64,70.9121#39.08#26.08#34.84
-160.472,70.9224#39.05#26.08#34.87
-160.304,70.9324#39.01#26.08#34.91
-160.136,70.9423#38.98#26.08#34.94
-159.968,70.9521#38.94#26.08#34.98
-159.799,70.9616#38.9#26.08#35.02
-159.63,70.9711#38.86#26.08#35.06
-159.461,70.9803#38.82#26.08#35.1
-159.292,70.9894#38.77#26.08#35.15
-159.123,70.9983#38.72#26.08#35.2
-158.954,71.0071#38.67#26.08#35.25
-158.784,71.0157#38.63#26.09#35.28
-158.615,71.0242#38.58#26.1#35.32
-158.445,71.0324#38.53#26.12#35.35
-158.275,71.0406#38.48#26.15#35.37
-158.105,71.0485#38.43#26.19#35.38
-157.935,71.0563#38.38#26.24#35.38
-157.764,71.0639#38.32#26.32#35.36
-157.594,71.0714#38.27#26.4#35.33
-157.423,71.0787#38.21#26.5#35.29
-157.252,71.0858#38.16#26.6#35.24
-157.081,71.0928#38.1#26.71#35.19
-156.91,71.0996#38.04#26.8#35.16
-156.739,71.1062#37.98#26.88#35.14
-156.568,71.1127#37.92#26.96#35.12
-156.396,71.119#37.85#27.01#35.14
-156.225,71.1251#37.79#27.05#35.16
-156.053,71.1311#37.72#27.08#35.2
-155.882,71.1369#37.65#27.1#35.25
-155.71,71.1425#37.57#27.12#35.31
-155.538,71.148#37.5#27.14#35.36
-155.366,71.1533#37.41#27.16#35.43
-155.193,71.1584#37.33#27.17#35.5
-155.021,71.1634#37.25#27.18#35.57
-154.849,71.1682#37.16#27.18#35.66
-154.676,71.1729#37.07#27.19#35.74
-154.504,71.1773#36.97#27.2#35.83
-154.331,71.1816#36.87#27.2#35.93
-154.159,71.1858#36.77#27.2#36.03
-153.986,71.1897#36.66#27.21#36.13
-153.813,71.1935#36.56#27.21#36.23
-153.64,71.1972#36.46#27.21#36.33
-153.467,71.2006#36.35#27.22#36.43
-153.294,71.2039#36.24#27.22#36.54
-153.121,71.207#36.13#27.22#36.65
-152.948,71.21#36.01#27.22#36.77
-152.775,71.2128#35.89#27.22#36.89
-152.602,71.2154#35.77#27.23#37
-152.428,71.2179#35.65#27.23#37.12
-152.255,71.2201#35.53#27.23#37.24
-152.082,71.2223#35.41#27.23#37.36
-151.908,71.2242#35.29#27.23#37.48
-151.735,71.226#35.17#27.23#37.6
-151.561,71.2276#35.06#27.24#37.7
-151.388,71.229#34.95#27.24#37.81
-151.214,71.2303#34.84#27.24#37.92
-151.041,71.2314#34.74#27.24#38.02
-150.867,71.2323#34.65#27.24#38.11
-150.693,71.2331#34.57#27.24#38.19
-150.52,71.2337#34.48#27.25#38.27
-150.346,71.2341#34.41#27.25#38.34
-150.173,71.2343#34.34#27.25#38.41
-149.999,71.2344#34.28#27.25#38.47
-149.825,71.2343#34.22#27.25#38.53
-149.652,71.2341#34.16#27.25#38.59
-149.478,71.2337#34.11#27.26#38.63
-149.304,71.2331#34.06#27.26#38.68
-149.131,71.2323#34.02#27.26#38.72
-148.957,71.2314#33.97#27.26#38.77
-148.784,71.2303#33.93#27.26#38.81
-148.61,71.229#33.89#27.27#38.84
-148.437,71.2276#33.85#27.27#38.88
-148.263,71.2259#33.81#27.27#38.92
-148.09,71.2242#33.77#27.28#38.95
-147.916,71.2222#33.73#27.28#38.99
-147.743,71.2201#33.7#27.29#39.01
-147.57,71.2178#33.67#27.3#39.03
-147.396,71.2154#33.63#27.31#39.06
-147.223,71.2128#33.6#27.33#39.07
-147.05,71.21#33.56#27.34#39.1
-146.877,71.207#33.53#27.37#39.1
-146.704,71.2039#33.5#27.4#39.1
-146.531,71.2006#33.47#27.43#39.1
-146.358,71.1971#33.44#27.46#39.1
-146.185,71.1935#33.41#27.49#39.1
-146.012,71.1897#33.39#27.53#39.08
-145.839,71.1857#33.36#27.56#39.08
-145.667,71.1816#33.33#27.59#39.08
-145.494,71.1773#33.3#27.61#39.09
-145.321,71.1728#33.28#27.64#39.08
-145.149,71.1682#33.26#27.66#39.08
-144.977,71.1634#33.24#27.68#39.08
-144.804,71.1584#33.22#27.69#39.09
-144.632,71.1532#33.2#27.71#39.09
-144.46,71.1479#33.17#27.73#39.1
-144.288,71.1425#33.14#27.74#39.12
-144.116,71.1368#33.11#27.75#39.14
-143.945,71.131#33.08#27.76#39.16
-143.773,71.125#33.04#27.76#39.2
-143.601,71.1189#32.99#27.77#39.24
-143.43,71.1126#32.96#27.78#39.26
-143.259,71.1061#32.93#27.78#39.29
-143.088,71.0995#32.91#27.79#39.3
-142.916,71.0927#32.88#27.8#39.32
-142.746,71.0857#32.84#27.8#39.36
-142.575,71.0786#32.8#27.81#39.39
-142.404,71.0713#32.76#27.81#39.43
-142.234,71.0638#32.71#27.81#39.48
-142.063,71.0562#32.67#27.82#39.51
-141.893,71.0484#32.61#27.82#39.57
-141.723,71.0405#32.55#27.82#39.63
-141.553,71.0323#32.5#27.83#39.67
-141.383,71.0241#32.41#27.83#39.76
-141.213,71.0156#32.31#27.83#39.86
-141.044,71.007#32.22#27.84#39.94
-140.875,70.9982#32.14#27.84#40.02
-140.705,70.9893#32.06#27.84#40.1
-140.536,70.9802#31.98#27.84#40.18
-140.368,70.9709#31.9#27.85#40.25
-140.199,70.9615#31.82#27.85#40.33
-140.03,70.9519#31.74#27.85#40.41
-139.862,70.9422#31.66#27.85#40.49
-139.694,70.9323#31.58#27.86#40.56
-139.526,70.9222#31.5#27.86#40.64
-139.358,70.912#31.42#27.86#40.72
-139.19,70.9016#31.33#27.86#40.81
-161.677,70.9021#39.07#26.08#34.85
-161.51,70.9133#39.06#26.08#34.86
-161.343,70.9244#39.05#26.08#34.87
-161.175,70.9352#39.03#26.08#34.89
-161.007,70.946#39.01#26.08#34.91
-160.84,70.9566#38.98#26.08#34.94
-160.671,70.967#38.96#26.08#34.96
-160.503,70.9772#38.93#26.08#34.99
-160.335,70.9873#38.89#26.08#35.03
-160.166,70.9973#38.85#26.08#35.07
-159.997,71.007#38.82#26.08#35.1
-159.828,71.0166#38.77#26.08#35.15
-159.659,71.0261#38.73#26.08#35.19
-159.49,71.0354#38.69#26.08#35.23
-159.32,71.0445#38.64#26.08#35.28
-159.151,71.0535#38.6#26.08#35.32
-158.981,71.0622#38.55#26.08#35.37
-158.811,71.0709#38.5#26.09#35.41
-158.641,71.0794#38.45#26.1#35.45
-158.47,71.0877#38.4#26.12#35.48
-158.3,71.0958#38.35#26.15#35.5
-158.129,71.1038#38.3#26.19#35.51
-157.958,71.1116#38.25#26.24#35.51
-157.788,71.1192#38.19#26.33#35.48
-157.617,71.1267#38.14#26.42#35.44
-157.445,71.134#38.08#26.51#35.41
-157.274,71.1412#38.03#26.62#35.35
-157.103,71.1482#37.97#26.72#35.31
-156.931,71.155#37.91#26.81#35.28
-156.759,71.1617#37.85#26.89#35.26
-156.588,71.1681#37.78#26.96#35.26
-156.416,71.1745#37.72#27.02#35.26
-156.244,71.1806#37.65#27.05#35.3
-156.072,71.1866#37.58#27.08#35.34
-155.899,71.1924#37.51#27.11#35.38
-155.727,71.1981#37.43#27.12#35.45
-155.554,71.2036#37.36#27.14#35.5
-155.382,71.2089#37.28#27.16#35.56
-155.209,71.2141#37.2#27.17#35.63
-155.036,71.2191#37.12#27.17#35.71
-154.864,71.2239#37.03#27.18#35.79
-154.691,71.2285#36.93#27.19#35.88
-154.518,71.233#36.84#27.19#35.97
-154.344,71.2373#36.74#27.2#36.06
-154.171,71.2415#36.64#27.2#36.16
-153.998,71.2454#36.54#27.2#36.26
-153.825,71.2493#36.43#27.21#36.36
-153.651,71.2529#36.33#27.21#36.46
-153.478,71.2564#36.23#27.21#36.56
-153.304,71.2597#36.11#27.21#36.68
-153.131,71.2628#36#27.22#36.78
-152.957,71.2658#35.89#27.22#36.89
-152.783,71.2686#35.77#27.22#37.01
-152.609,71.2712#35.65#27.22#37.13
-152.436,71.2737#35.53#27.22#37.25
-152.262,71.276#35.41#27.23#37.36
-152.088,71.2781#35.29#27.23#37.48
-151.914,71.28#35.17#27.23#37.6
-151.74,71.2818#35.06#27.23#37.71
-151.566,71.2834#34.95#27.23#37.82
-151.392,71.2849#34.84#27.24#37.92
-151.218,71.2861#34.73#27.24#38.03
-151.044,71.2872#34.62#27.24#38.14
-150.87,71.2882#34.53#27.24#38.23
-150.695,71.2889#34.45#27.24#38.31
-150.521,71.2895#34.37#27.24#38.39
-150.347,71.2899#34.3#27.25#38.45
-150.173,71.2902#34.23#27.25#38.52
-149.999,71.2903#34.17#27.25#38.58
-149.825,71.2902#34.11#27.25#38.64
-149.651,71.2899#34.05#27.25#38.7
-149.476,71.2895#34#27.25#38.75
-149.302,71.2889#33.95#27.26#38.79
-149.128,71.2882#33.91#27.26#38.83
-148.954,71.2872#33.86#27.26#38.88
-148.78,71.2861#33.82#27.26#38.92
-148.606,71.2848#33.78#27.26#38.96
-148.432,71.2834#33.74#27.27#38.99
-148.258,71.2818#33.7#27.27#39.03
-148.084,71.28#33.66#27.27#39.07
-147.91,71.278#33.62#27.28#39.1
-147.736,71.2759#33.59#27.29#39.12
-147.562,71.2736#33.56#27.3#39.14
-147.388,71.2712#33.53#27.31#39.16
-147.215,71.2685#33.49#27.33#39.18
-147.041,71.2657#33.46#27.35#39.19
-146.867,71.2628#33.43#27.38#39.19
-146.694,71.2596#33.4#27.4#39.2
-146.52,71.2563#33.37#27.43#39.2
-146.347,71.2529#33.34#27.47#39.19
-146.173,71.2492#33.31#27.5#39.19
-146,71.2454#33.29#27.53#39.18
-145.827,71.2414#33.26#27.56#39.18
-145.653,71.2373#33.24#27.59#39.17
-145.48,71.233#33.21#27.62#39.17
-145.307,71.2285#33.19#27.64#39.17
-145.134,71.2238#33.17#27.66#39.17
-144.961,71.219#33.15#27.68#39.17
-144.789,71.214#33.13#27.69#39.18
-144.616,71.2088#33.11#27.71#39.18
-144.443,71.2035#33.08#27.72#39.2
-144.271,71.198#33.06#27.73#39.21
-144.099,71.1924#33.03#27.74#39.23
-143.926,71.1865#32.99#27.75#39.26
-143.754,71.1806#32.96#27.76#39.28
-143.582,71.1744#32.92#27.77#39.31
-143.41,71.1681#32.88#27.78#39.34
-143.238,71.1616#32.86#27.78#39.36
-143.067,71.1549#32.83#27.79#39.38
-142.895,71.1481#32.8#27.79#39.41
-142.724,71.1411#32.76#27.8#39.44
-142.552,71.1339#32.72#27.8#39.48
-142.381,71.1266#32.68#27.81#39.51
-142.21,71.1191#32.64#27.81#39.55
-142.039,71.1115#32.6#27.81#39.59
-141.869,71.1037#32.55#27.82#39.63
-141.698,71.0957#32.49#27.82#39.69
-141.528,71.0876#32.43#27.82#39.75
-141.357,71.0792#32.34#27.82#39.84
-141.187,71.0708#32.24#27.83#39.93
-141.017,71.0621#32.14#27.83#40.03
-140.847,71.0533#32.06#27.83#40.11
-140.678,71.0444#31.98#27.84#40.18
-140.508,71.0353#31.9#27.84#40.26
-140.339,71.026#31.82#27.84#40.34
-140.17,71.0165#31.74#27.84#40.42
-140.001,71.0069#31.66#27.85#40.49
-139.832,70.9971#31.58#27.85#40.57
-139.663,70.9872#31.5#27.85#40.65
-139.495,70.9771#31.42#27.85#40.73
-139.326,70.9668#31.34#27.86#40.8
-139.158,70.9564#31.26#27.86#40.88
-138.99,70.9459#31.17#27.86#40.97
-138.823,70.9351#31.08#27.86#41.06
-138.655,70.9242#30.98#27.87#41.15
-138.488,70.9132#30.88#27.87#41.25
-138.321,70.9019#30.7#27.87#41.43
-162.38,70.9101#38.95#26.08#34.97
-162.213,70.922#38.95#26.08#34.97
-162.046,70.9338#38.96#26.08#34.96
-161.879,70.9453#38.96#26.08#34.96
-161.712,70.9567#38.95#26.08#34.97
-161.544,70.968#38.94#26.08#34.98
-161.376,70.9791#38.93#26.08#34.99
-161.208,70.99#38.91#26.08#35.01
-161.04,71.0008#38.89#26.08#35.03
-160.872,71.0114#38.86#26.08#35.06
-160.703,71.0218#38.83#26.08#35.09
-160.534,71.0321#38.8#26.08#35.12
-160.366,71.0422#38.77#26.08#35.15
-160.196,71.0522#38.73#26.08#35.19
-160.027,71.062#38.69#26.08#35.23
-159.858,71.0716#38.65#26.08#35.27
-159.688,71.0811#38.61#26.08#35.31
-159.518,71.0904#38.57#26.08#35.35
-159.348,71.0996#38.52#26.08#35.4
-159.178,71.1086#38.47#26.08#35.45
-159.008,71.1174#38.42#26.08#35.5
-158.837,71.1261#38.37#26.09#35.54
-158.667,71.1345#38.32#26.11#35.57
-158.496,71.1429#38.27#26.12#35.61
-158.325,71.151#38.22#26.16#35.62
-158.154,71.1591#38.17#26.21#35.62
-157.982,71.1669#38.12#26.26#35.62
-157.811,71.1746#38.06#26.35#35.59
-157.64,71.1821#38.01#26.44#35.55
-157.468,71.1894#37.95#26.53#35.52
-157.296,71.1966#37.89#26.63#35.48
-157.124,71.2036#37.84#26.73#35.43
-156.952,71.2104#37.78#26.82#35.4
-156.78,71.2171#37.71#26.89#35.4
-156.608,71.2236#37.65#26.96#35.39
-156.435,71.23#37.58#27.02#35.4
-156.263,71.2361#37.52#27.05#35.43
-156.09,71.2422#37.45#27.08#35.47
-155.917,71.248#37.38#27.11#35.51
-155.744,71.2537#37.3#27.12#35.58
-155.571,71.2592#37.22#27.14#35.64
-155.398,71.2645#37.14#27.15#35.71
-155.225,71.2697#37.06#27.16#35.78
-155.052,71.2747#36.98#27.17#35.85
-154.878,71.2795#36.89#27.18#35.93
-154.705,71.2842#36.8#27.18#36.02
-154.531,71.2887#36.71#27.19#36.1
-154.358,71.293#36.61#27.19#36.2
-154.184,71.2972#36.51#27.2#36.29
-154.01,71.3012#36.41#27.2#36.39
-153.836,71.305#36.3#27.2#36.5
-153.662,71.3086#36.2#27.21#36.59
-153.488,71.3121#36.1#27.21#36.69
-153.314,71.3154#35.99#27.21#36.8
-153.14,71.3186#35.88#27.21#36.91
-152.966,71.3216#35.77#27.22#37.01
-152.792,71.3244#35.65#27.22#37.13
-152.617,71.327#35.53#27.22#37.25
-152.443,71.3295#35.41#27.22#37.37
-152.269,71.3318#35.29#27.22#37.49
-152.094,71.3339#35.17#27.23#37.6
-151.92,71.3359#35.05#27.23#37.72
-151.745,71.3376#34.94#27.23#37.83
-151.571,71.3393#34.83#27.23#37.94
-151.396,71.3407#34.72#27.23#38.05
-151.222,71.342#34.61#27.23#38.16
-151.047,71.3431#34.5#27.24#38.26
-150.872,71.344#34.41#27.24#38.35
-150.698,71.3448#34.33#27.24#38.43
-150.523,71.3454#34.25#27.24#38.51
-150.348,71.3458#34.19#27.24#38.57
-150.174,71.3461#34.12#27.24#38.64
-149.999,71.3461#34.05#27.25#38.7
-149.824,71.3461#34#27.25#38.75
-149.65,71.3458#33.94#27.25#38.81
-149.475,71.3454#33.89#27.25#38.86
-149.3,71.3448#33.84#27.25#38.91
-149.126,71.344#33.8#27.25#38.95
-148.951,71.3431#33.75#27.26#38.99
-148.776,71.342#33.71#27.26#39.03
-148.602,71.3407#33.67#27.26#39.07
-148.427,71.3392#33.63#27.26#39.11
-148.253,71.3376#33.59#27.27#39.14
-148.078,71.3358#33.55#27.27#39.18
-147.904,71.3339#33.51#27.28#39.21
-147.729,71.3317#33.48#27.29#39.23
-147.555,71.3294#33.45#27.3#39.25
-147.38,71.327#33.42#27.31#39.27
-147.206,71.3243#33.39#27.33#39.28
-147.032,71.3215#33.35#27.35#39.3
-146.858,71.3186#33.32#27.38#39.3
-146.684,71.3154#33.29#27.41#39.3
-146.51,71.3121#33.27#27.44#39.29
-146.335,71.3086#33.24#27.48#39.28
-146.162,71.3049#33.22#27.51#39.27
-145.988,71.3011#33.19#27.54#39.27
-145.814,71.2971#33.17#27.57#39.26
-145.64,71.293#33.14#27.6#39.26
-145.467,71.2886#33.12#27.62#39.26
-145.293,71.2841#33.1#27.64#39.26
-145.12,71.2795#33.08#27.66#39.26
-144.946,71.2746#33.06#27.68#39.26
-144.773,71.2696#33.04#27.7#39.26
-144.6,71.2645#33.02#27.71#39.27
-144.427,71.2591#33#27.72#39.28
-144.254,71.2536#32.97#27.73#39.3
-144.081,71.2479#32.94#27.74#39.32
-143.908,71.2421#32.91#27.75#39.34
-143.735,71.2361#32.88#27.76#39.36
-143.563,71.2299#32.84#27.77#39.39
-143.39,71.2235#32.81#27.77#39.42
-143.218,71.217#32.78#27.78#39.44
-143.046,71.2104#32.76#27.79#39.45
-142.874,71.2035#32.72#27.79#39.49
-142.702,71.1965#32.69#27.79#39.52
-142.53,71.1893#32.65#27.8#39.55
-142.358,71.182#32.61#27.8#39.59
-142.187,71.1745#32.56#27.81#39.63
-142.015,71.1668#32.52#27.81#39.67
-141.844,71.159#32.46#27.81#39.73
-141.673,71.1509#32.41#27.81#39.78
-141.502,71.1428#32.35#27.82#39.83
-141.331,71.1344#32.26#27.82#39.92
-141.161,71.1259#32.16#27.82#40.02
-140.99,71.1173#32.06#27.83#40.11
-140.82,71.1085#31.98#27.83#40.19
-140.65,71.0995#31.9#27.83#40.27
-140.48,71.0903#31.83#27.83#40.34
-140.31,71.081#31.75#27.84#40.41
-140.14,71.0715#31.67#27.84#40.49
-139.971,71.0619#31.59#27.84#40.57
-139.801,71.0521#31.51#27.84#40.65
-139.632,71.0421#31.43#27.85#40.72
-139.463,71.032#31.35#27.85#40.8
-139.295,71.0217#31.27#27.85#40.88
-139.126,71.0112#31.18#27.85#40.97
-138.958,71.0006#31.1#27.86#41.04
-138.79,70.9899#31#27.86#41.14
-138.622,70.9789#30.9#27.86#41.24
-138.454,70.9678#30.78#27.87#41.35
-138.286,70.9566#30.61#27.87#41.52
-138.119,70.9452#30.44#27.87#41.69
-137.952,70.9336#30.27#27.87#41.86
-137.785,70.9219#30.12#27.88#42
-137.618,70.91#29.96#27.88#42.16
-163.25,70.9027#38.76#26.08#35.16
-163.083,70.9154#38.78#26.08#35.14
-162.917,70.9279#38.8#26.08#35.12
-162.751,70.9403#38.81#26.08#35.11
-162.584,70.9526#38.83#26.08#35.09
-162.417,70.9646#38.83#26.08#35.09
-162.249,70.9766#38.84#26.08#35.08
-162.082,70.9883#38.84#26.08#35.08
-161.914,70.9999#38.84#26.08#35.08
-161.747,71.0114#38.83#26.08#35.09
-161.578,71.0227#38.82#26.08#35.1
-161.41,71.0338#38.81#26.08#35.11
-161.242,71.0447#38.79#26.08#35.13
-161.073,71.0556#38.77#26.08#35.15
-160.904,71.0662#38.74#26.08#35.18
-160.735,71.0767#38.71#26.08#35.21
-160.566,71.087#38.68#26.08#35.24
-160.397,71.0971#38.65#26.08#35.27
-160.227,71.1071#38.61#26.08#35.31
-160.057,71.117#38.57#26.08#35.35
-159.887,71.1266#38.53#26.08#35.39
-159.717,71.1362#38.49#26.08#35.43
-159.547,71.1455#38.44#26.08#35.48
-159.376,71.1547#38.4#26.08#35.52
-159.206,71.1637#38.35#26.08#35.57
-159.035,71.1725#38.3#26.09#35.61
-158.864,71.1812#38.25#26.1#35.65
-158.693,71.1898#38.2#26.11#35.69
-158.521,71.1981#38.15#26.13#35.72
-158.35,71.2063#38.09#26.17#35.74
-158.178,71.2143#38.04#26.22#35.74
-158.007,71.2222#37.99#26.27#35.74
-157.835,71.2299#37.93#26.36#35.71
-157.663,71.2374#37.88#26.46#35.66
-157.49,71.2448#37.82#26.55#35.63
-157.318,71.252#37.76#26.65#35.59
-157.146,71.259#37.7#26.74#35.56
-156.973,71.2659#37.64#26.84#35.52
-156.8,71.2726#37.58#26.9#35.52
-156.628,71.2791#37.52#26.97#35.51
-156.455,71.2855#37.45#27.02#35.53
-156.282,71.2917#37.38#27.05#35.57
-156.108,71.2977#37.31#27.08#35.61
-155.935,71.3036#37.24#27.11#35.65
-155.762,71.3093#37.16#27.12#35.72
-155.588,71.3148#37.09#27.14#35.77
-155.415,71.3201#37.01#27.15#35.84
-155.241,71.3253#36.93#27.16#35.91
-155.067,71.3303#36.85#27.17#35.98
-154.893,71.3352#36.76#27.18#36.06
-154.719,71.3399#36.66#27.18#36.16
-154.545,71.3444#36.57#27.19#36.24
-154.371,71.3487#36.48#27.19#36.33
-154.197,71.3529#36.38#27.2#36.42
-154.022,71.3569#36.28#27.2#36.52
-153.848,71.3607#36.18#27.2#36.62
-153.673,71.3644#36.07#27.2#36.73
-153.499,71.3679#35.97#27.21#36.82
-153.324,71.3712#35.87#27.21#36.92
-153.15,71.3744#35.76#27.21#37.03
-152.975,71.3774#35.65#27.21#37.14
-152.8,71.3802#35.53#27.22#37.25
-152.625,71.3828#35.41#27.22#37.37
-152.451,71.3853#35.29#27.22#37.49
-152.276,71.3876#35.17#27.22#37.61
-152.101,71.3897#35.05#27.22#37.73
-151.926,71.3917#34.93#27.22#37.85
-151.751,71.3935#34.82#27.23#37.95
-151.575,71.3951#34.71#27.23#38.06
-151.4,71.3966#34.6#27.23#38.17
-151.225,71.3978#34.49#27.23#38.28
-151.05,71.399#34.38#27.23#38.39
-150.875,71.3999#34.29#27.23#38.48
-150.7,71.4007#34.22#27.24#38.54
-150.525,71.4013#34.14#27.24#38.62
-150.349,71.4017#34.07#27.24#38.69
-150.174,71.4019#34.01#27.24#38.75
-149.999,71.402#33.94#27.24#38.82
-149.824,71.4019#33.89#27.24#38.87
-149.648,71.4017#33.83#27.25#38.92
-149.473,71.4013#33.78#27.25#38.97
-149.298,71.4007#33.73#27.25#39.02
-149.123,71.3999#33.69#27.25#39.06
-148.948,71.3989#33.64#27.25#39.11
-148.773,71.3978#33.6#27.26#39.14
-148.597,71.3965#33.56#27.26#39.18
-148.422,71.3951#33.52#27.26#39.22
-148.247,71.3935#33.48#27.27#39.25
-148.072,71.3917#33.44#27.27#39.29
-147.897,71.3897#33.4#27.28#39.32
-147.722,71.3876#33.37#27.29#39.34
-147.547,71.3853#33.34#27.3#39.36
-147.372,71.3828#33.31#27.32#39.37
-147.198,71.3801#33.28#27.34#39.38
-147.023,71.3773#33.25#27.36#39.39
-146.848,71.3743#33.22#27.39#39.39
-146.673,71.3712#33.19#27.42#39.39
-146.499,71.3679#33.17#27.45#39.38
-146.324,71.3644#33.14#27.49#39.37
-146.15,71.3607#33.12#27.52#39.36
-145.975,71.3569#33.1#27.55#39.35
-145.801,71.3528#33.07#27.58#39.35
-145.627,71.3487#33.05#27.6#39.35
-145.453,71.3443#33.03#27.63#39.34
-145.279,71.3398#33.01#27.65#39.34
-145.105,71.3351#32.99#27.66#39.35
-144.931,71.3303#32.97#27.68#39.35
-144.757,71.3253#32.95#27.7#39.35
-144.583,71.3201#32.93#27.71#39.36
-144.41,71.3147#32.91#27.72#39.37
-144.236,71.3092#32.88#27.73#39.39
-144.063,71.3035#32.86#27.74#39.4
-143.889,71.2976#32.83#27.75#39.42
-143.716,71.2916#32.8#27.76#39.44
-143.543,71.2854#32.76#27.76#39.48
-143.37,71.279#32.74#27.77#39.49
-143.197,71.2725#32.71#27.78#39.51
-143.025,71.2658#32.69#27.78#39.53
-142.852,71.2589#32.65#27.79#39.56
-142.68,71.2519#32.61#27.79#39.6
-142.507,71.2447#32.58#27.8#39.62
-142.335,71.2373#32.53#27.8#39.67
-142.163,71.2298#32.48#27.8#39.72
-141.991,71.2221#32.44#27.81#39.75
-141.82,71.2142#32.38#27.81#39.81
-141.648,71.2062#32.32#27.81#39.87
-141.477,71.198#32.26#27.81#39.93
-141.305,71.1896#32.17#27.82#40.01
-141.134,71.1811#32.07#27.82#40.11
-140.963,71.1724#31.98#27.82#40.2
-140.792,71.1636#31.9#27.83#40.27
-140.622,71.1546#31.83#27.83#40.34
-140.451,71.1454#31.75#27.83#40.42
-140.281,71.136#31.67#27.83#40.5
-140.111,71.1265#31.59#27.84#40.57
-139.941,71.1169#31.51#27.84#40.65
-139.771,71.107#31.43#27.84#40.73
-139.601,71.097#31.36#27.84#40.8
-139.432,71.0869#31.27#27.85#40.88
-139.263,71.0765#31.19#27.85#40.96
-139.094,71.0661#31.11#27.85#41.04
-138.925,71.0554#31.02#27.85#41.13
-138.756,71.0446#30.92#27.86#41.22
-138.588,71.0336#30.82#27.86#41.32
-138.419,71.0225#30.69#27.86#41.45
-138.251,71.0112#30.52#27.86#41.62
-138.084,70.9998#30.34#27.87#41.79
-137.916,70.9882#30.18#27.87#41.95
-137.748,70.9764#30.03#27.87#42.1
-137.581,70.9645#29.87#27.87#42.26
-137.414,70.9524#29.75#27.88#42.37
-137.247,70.9402#29.66#27.88#42.46
-137.081,70.9278#29.57#27.88#42.55
-136.914,70.9152#29.49#27.88#42.63
-136.748,70.9025#29.42#27.89#42.69
-163.953,70.9044#38.55#26.08#35.37
-163.787,70.9178#38.58#26.08#35.34
-163.621,70.931#38.6#26.08#35.32
-163.455,70.9441#38.63#26.08#35.29
-163.289,70.957#38.65#26.08#35.27
-163.122,70.9697#38.67#26.08#35.25
-162.955,70.9823#38.69#26.08#35.23
-162.788,70.9948#38.7#26.08#35.22
-162.621,71.007#38.71#26.08#35.21
-162.454,71.0192#38.72#26.08#35.2
-162.286,71.0311#38.72#26.08#35.2
-162.118,71.0429#38.72#26.08#35.2
-161.95,71.0545#38.72#26.08#35.2
-161.782,71.066#38.71#26.08#35.21
-161.613,71.0773#38.7#26.08#35.22
-161.444,71.0885#38.69#26.08#35.23
-161.275,71.0995#38.67#26.08#35.25
-161.106,71.1103#38.65#26.08#35.27
-160.937,71.121#38.62#26.08#35.3
-160.767,71.1315#38.59#26.08#35.33
-160.598,71.1419#38.56#26.08#35.36
-160.428,71.1521#38.53#26.08#35.39
-160.258,71.1621#38.49#26.08#35.43
-160.087,71.172#38.45#26.08#35.47
-159.917,71.1817#38.41#26.08#35.51
-159.746,71.1912#38.36#26.08#35.56
-159.575,71.2006#38.32#26.08#35.6
-159.404,71.2098#38.27#26.08#35.65
-159.233,71.2188#38.22#26.09#35.69
-159.062,71.2277#38.17#26.09#35.74
-158.891,71.2364#38.12#26.1#35.78
-158.719,71.245#38.07#26.12#35.81
-158.547,71.2533#38.02#26.14#35.84
-158.375,71.2616#37.97#26.18#35.85
-158.203,71.2696#37.91#26.24#35.85
-158.031,71.2775#37.86#26.29#35.85
-157.858,71.2852#37.81#26.38#35.81
-157.686,71.2928#37.75#26.47#35.78
-157.513,71.3002#37.69#26.57#35.74
-157.34,71.3074#37.63#26.66#35.71
-157.167,71.3144#37.57#26.76#35.67
-156.994,71.3213#37.51#26.85#35.64
-156.821,71.328#37.45#26.91#35.64
-156.648,71.3346#37.38#26.97#35.65
-156.474,71.341#37.32#27.03#35.65
-156.301,71.3472#37.25#27.06#35.69
-156.127,71.3532#37.18#27.08#35.74
-155.953,71.3591#37.11#27.11#35.78
-155.779,71.3648#37.03#27.12#35.85
-155.605,71.3704#36.95#27.14#35.91
-155.431,71.3758#36.87#27.15#35.98
-155.257,71.381#36.79#27.16#36.05
-155.083,71.386#36.71#27.17#36.12
-154.908,71.3909#36.62#27.18#36.2
-154.734,71.3956#36.53#27.18#36.29
-154.559,71.4001#36.44#27.19#36.37
-154.384,71.4044#36.34#27.19#36.47
-154.21,71.4086#36.25#27.19#36.56
-154.035,71.4126#36.15#27.2#36.65
-153.86,71.4165#36.05#27.2#36.75
-153.685,71.4202#35.95#27.2#36.85
-153.51,71.4237#35.85#27.2#36.95
-153.335,71.427#35.74#27.21#37.05
-153.159,71.4302#35.63#27.21#37.16
-152.984,71.4332#35.53#27.21#37.26
-152.809,71.436#35.41#27.21#37.38
-152.633,71.4386#35.29#27.21#37.5
-152.458,71.4411#35.17#27.22#37.61
-152.283,71.4434#35.05#27.22#37.73
-152.107,71.4456#34.93#27.22#37.85
-151.932,71.4476#34.82#27.22#37.96
-151.756,71.4493#34.71#27.22#38.07
-151.58,71.451#34.6#27.22#38.18
-151.405,71.4524#34.49#27.23#38.28
-151.229,71.4537#34.38#27.23#38.39
-151.053,71.4548#34.26#27.23#38.51
-150.878,71.4558#34.18#27.23#38.59
-150.702,71.4565#34.1#27.23#38.67
-150.526,71.4571#34.02#27.23#38.75
-150.35,71.4576#33.96#27.24#38.8
-150.175,71.4578#33.89#27.24#38.87
-149.999,71.4579#33.83#27.24#38.93
-149.823,71.4578#33.78#27.24#38.98
-149.647,71.4576#33.72#27.24#39.04
-149.472,71.4571#33.67#27.24#39.09
-149.296,71.4565#33.62#27.25#39.13
-149.12,71.4558#33.58#27.25#39.17
-148.944,71.4548#33.53#27.25#39.22
-148.769,71.4537#33.49#27.25#39.26
-148.593,71.4524#33.45#27.25#39.3
-148.417,71.451#33.41#27.26#39.33
-148.242,71.4493#33.37#27.26#39.37
-148.066,71.4475#33.33#27.27#39.4
-147.891,71.4456#33.29#27.28#39.43
-147.715,71.4434#33.26#27.29#39.45
-147.54,71.4411#33.24#27.3#39.46
-147.364,71.4386#33.21#27.32#39.47
-147.189,71.436#33.18#27.34#39.48
-147.014,71.4331#33.15#27.37#39.48
-146.838,71.4301#33.12#27.4#39.48
-146.663,71.427#33.09#27.43#39.48
-146.488,71.4236#33.07#27.46#39.47
-146.313,71.4201#33.04#27.49#39.47
-146.138,71.4164#33.02#27.53#39.45
-145.963,71.4126#33#27.56#39.44
-145.788,71.4086#32.98#27.58#39.44
-145.614,71.4044#32.95#27.61#39.44
-145.439,71.4#32.93#27.63#39.44
-145.264,71.3955#32.92#27.65#39.43
-145.09,71.3908#32.9#27.67#39.43
-144.915,71.3859#32.88#27.68#39.44
-144.741,71.3809#32.86#27.7#39.44
-144.567,71.3757#32.84#27.71#39.45
-144.393,71.3703#32.82#27.72#39.46
-144.219,71.3648#32.8#27.73#39.47
-144.045,71.3591#32.78#27.74#39.48
-143.871,71.3532#32.75#27.75#39.5
-143.697,71.3471#32.72#27.76#39.52
-143.524,71.3409#32.69#27.76#39.55
-143.35,71.3345#32.66#27.77#39.57
-143.177,71.328#32.64#27.77#39.59
-143.004,71.3212#32.61#27.78#39.61
-142.83,71.3144#32.58#27.78#39.64
-142.658,71.3073#32.54#27.79#39.67
-142.485,71.3001#32.5#27.79#39.71
-142.312,71.2927#32.45#27.79#39.76
-142.139,71.2851#32.4#27.8#39.8
-141.967,71.2774#32.35#27.8#39.85
-141.795,71.2695#32.3#27.8#39.9
-141.623,71.2615#32.24#27.81#39.95
-141.451,71.2532#32.17#27.81#40.02
-141.279,71.2449#32.08#27.81#40.11
-141.107,71.2363#31.99#27.82#40.19
-140.936,71.2276#31.9#27.82#40.28
-140.765,71.2187#31.82#27.82#40.36
-140.593,71.2097#31.75#27.82#40.43
-140.422,71.2004#31.67#27.83#40.5
-140.252,71.1911#31.59#27.83#40.58
-140.081,71.1815#31.51#27.83#40.66
-139.911,71.1718#31.43#27.83#40.74
-139.74,71.162#31.35#27.84#40.81
-139.57,71.1519#31.28#27.84#40.88
-139.4,71.1417#31.19#27.84#40.97
-139.231,71.1314#31.11#27.84#41.05
-139.061,71.1209#31.03#27.85#41.12
-138.892,71.1102#30.94#27.85#41.21
-138.723,71.0994#30.84#27.85#41.31
-138.554,71.0884#30.74#27.85#41.41
-138.385,71.0772#30.59#27.86#41.55
-138.216,71.0659#30.42#27.86#41.72
-138.048,71.0544#30.25#27.86#41.89
-137.88,71.0428#30.09#27.86#42.05
-137.712,71.031#29.93#27.87#42.2
-137.544,71.019#29.78#27.87#42.35
-137.377,71.0069#29.67#27.87#42.46
-137.21,70.9946#29.59#27.87#42.54
-137.043,70.9822#29.5#27.88#42.62
-136.876,70.9696#29.42#27.88#42.7
-136.709,70.9568#29.36#27.88#42.76
-136.543,70.9439#29.29#27.88#42.83
-136.377,70.9308#29.22#27.89#42.89
-136.211,70.9176#29.16#27.89#42.95
-136.045,70.9042#29.09#27.89#43.02
-164.656,70.9033#38.33#26.08#35.59
-164.491,70.9174#38.36#26.08#35.56
-164.326,70.9313#38.39#26.08#35.53
-164.16,70.945#38.42#26.08#35.5
