-152.493,57.9#60.84#26.83#12.33
-152.394,57.9023#60.7#26.84#12.46
-152.294,57.9044#60.56#26.84#12.6
-152.194,57.9065#60.42#26.85#12.73
-152.095,57.9085#60.28#26.85#12.87
-151.995,57.9104#60.13#26.86#13.01
-151.895,57.9122#59.95#26.87#13.18
-151.796,57.9139#59.77#26.87#13.36
-151.696,57.9155#59.59#26.88#13.53
-151.596,57.917#59.41#26.88#13.71
-151.496,57.9185#59.22#26.89#13.89
-151.397,57.9198#58.97#26.89#14.14
-151.297,57.921#58.72#26.9#14.38
-151.197,57.9222#58.47#26.91#14.62
-151.097,57.9233#58.22#26.91#14.87
-150.997,57.9242#57.97#26.92#15.11
-150.898,57.9251#57.76#26.92#15.32
-150.798,57.9259#57.55#26.93#15.52
-150.698,57.9266#57.34#26.93#15.73
-150.598,57.9272#57.13#26.94#15.93
-150.498,57.9277#56.92#26.95#16.13
-150.399,57.9281#56.71#26.95#16.34
-150.299,57.9284#56.5#26.96#16.54
-150.199,57.9286#56.29#26.96#16.75
-150.099,57.9288#56.07#26.97#16.96
-149.999,57.9288#55.86#26.97#17.17
-149.9,57.9288#55.66#26.98#17.36
-149.8,57.9286#55.47#26.99#17.54
-149.7,57.9284#55.28#26.99#17.73
-149.6,57.9281#55.08#27#17.92
-149.5,57.9277#54.89#27#18.11
-149.4,57.9272#54.71#27.01#18.28
-149.301,57.9266#54.53#27.02#18.45
-149.201,57.9259#54.36#27.02#18.62
-149.101,57.9251#54.18#27.03#18.79
-149.001,57.9242#54#27.04#18.96
-148.901,57.9232#53.83#27.04#19.13
-148.802,57.9222#53.67#27.05#19.28
-148.702,57.921#53.5#27.05#19.45
-148.602,57.9198#53.34#27.06#19.6
-148.502,57.9184#53.17#27.07#19.76
-148.403,57.917#53.02#27.07#19.91
-148.303,57.9155#52.87#27.08#20.05
-148.203,57.9139#52.72#27.08#20.2
-148.103,57.9122#52.56#27.09#20.35
-148.004,57.9104#52.41#27.1#20.49
-147.904,57.9085#52.26#27.1#20.64
-147.804,57.9065#52.1#27.11#20.79
-147.705,57.9044#51.95#27.12#20.93
-147.605,57.9022#51.79#27.12#21.09
-147.505,57.9#51.63#27.13#21.24
-154.192,57.9004#64.53#26.74#8.73
-154.092,57.9042#64.3#26.74#8.96000000000001
-153.993,57.9079#64.07#26.75#9.18000000000001
-153.893,57.9116#63.83#26.75#9.42
-153.794,57.9151#63.6#26.76#9.64
-153.694,57.9186#63.36#26.76#9.88
-153.594,57.922#63.12#26.77#10.11
-153.495,57.9252#62.89#26.77#10.34
-153.395,57.9284#62.7#26.78#10.52
-153.296,57.9315#62.51#26.78#10.71
-153.196,57.9345#62.33#26.79#10.88
-153.096,57.9374#62.14#26.79#11.07
-152.996,57.9403#61.96#26.8#11.24
-152.897,57.943#61.8#26.8#11.4
-152.797,57.9456#61.65#26.81#11.54
-152.697,57.9482#61.49#26.82#11.69
-152.597,57.9506#61.33#26.82#11.85
-152.498,57.953#61.17#26.83#12
-152.398,57.9552#61.03#26.83#12.14
-152.298,57.9574#60.88#26.84#12.28
-152.198,57.9595#60.74#26.84#12.42
-152.098,57.9615#60.59#26.85#12.56
-151.998,57.9634#60.44#26.85#12.71
-151.899,57.9652#60.25#26.86#12.89
-151.799,57.9669#60.06#26.86#13.08
-151.699,57.9685#59.86#26.87#13.27
-151.599,57.97#59.67#26.88#13.45
-151.499,57.9714#59.47#26.88#13.65
-151.399,57.9728#59.22#26.89#13.89
-151.299,57.974#58.96#26.89#14.15
-151.199,57.9752#58.7#26.9#14.4
-151.099,57.9762#58.45#26.9#14.65
-150.999,57.9772#58.19#26.91#14.9
-150.899,57.9781#57.98#26.92#15.1
-150.799,57.9789#57.76#26.92#15.32
-150.699,57.9796#57.55#26.93#15.52
-150.599,57.9802#57.34#26.93#15.73
-150.499,57.9807#57.12#26.94#15.94
-150.399,57.9811#56.9#26.94#16.16
-150.299,57.9814#56.68#26.95#16.37
-150.199,57.9817#56.46#26.96#16.58
-150.099,57.9818#56.24#26.96#16.8
-149.999,57.9818#56.02#26.97#17.01
-149.899,57.9818#55.82#26.97#17.21
-149.799,57.9817#55.62#26.98#17.4
-149.699,57.9814#55.43#26.99#17.58
-149.599,57.9811#55.23#26.99#17.78
-149.499,57.9807#55.03#27#17.97
-149.399,57.9802#54.85#27#18.15
-149.299,57.9796#54.67#27.01#18.32
-149.199,57.9789#54.49#27.02#18.49
-149.099,57.9781#54.31#27.02#18.67
-149,57.9772#54.13#27.03#18.84
-148.9,57.9762#53.96#27.03#19.01
-148.8,57.9752#53.79#27.04#19.17
-148.7,57.974#53.62#27.05#19.33
-148.6,57.9728#53.45#27.05#19.5
-148.5,57.9714#53.28#27.06#19.66
-148.4,57.97#53.13#27.06#19.81
-148.3,57.9685#52.97#27.07#19.96
-148.2,57.9668#52.82#27.08#20.1
-148.1,57.9651#52.66#27.08#20.26
-148,57.9633#52.51#27.09#20.4
-147.9,57.9614#52.35#27.1#20.55
-147.801,57.9594#52.2#27.1#20.7
-147.701,57.9574#52.04#27.11#20.85
-147.601,57.9552#51.89#27.11#21
-147.501,57.9529#51.73#27.12#21.15
-147.401,57.9506#51.6#27.13#21.27
-147.302,57.9481#51.47#27.13#21.4
-147.202,57.9456#51.34#27.14#21.52
-147.102,57.9429#51.21#27.15#21.64
-147.002,57.9402#51.08#27.15#21.77
-146.903,57.9374#50.95#27.16#21.89
-146.803,57.9345#50.81#27.17#22.02
-146.703,57.9315#50.68#27.17#22.15
-146.604,57.9284#50.55#27.18#22.27
-146.504,57.9252#50.42#27.18#22.4
-146.404,57.9219#50.25#27.19#22.56
-146.305,57.9186#50.09#27.2#22.71
-146.205,57.9151#49.92#27.2#22.88
-146.106,57.9115#49.75#27.21#23.04
-146.006,57.9079#49.59#27.22#23.19
-145.907,57.9042#49.41#27.23#23.36
-145.807,57.9003#49.23#27.23#23.54
-155.393,57.9001#67.02#26.67#6.31
-155.293,57.905#66.85#26.68#6.47
-155.194,57.9098#66.67#26.68#6.65000000000001
-155.095,57.9146#66.5#26.68#6.81999999999999
-154.995,57.9193#66.33#26.69#6.98
-154.896,57.9238#66.15#26.69#7.16
-154.796,57.9283#65.98#26.7#7.31999999999999
-154.697,57.9327#65.81#26.7#7.48999999999999
-154.597,57.937#65.63#26.71#7.66
-154.498,57.9412#65.45#26.71#7.84
-154.398,57.9453#65.23#26.72#8.05
-154.299,57.9493#65#26.72#8.28
-154.199,57.9532#64.78#26.73#8.48999999999999
-154.099,57.9571#64.55#26.73#8.72
-154,57.9608#64.33#26.74#8.93000000000001
-153.9,57.9645#64.09#26.74#9.17
-153.8,57.968#63.86#26.75#9.39
-153.701,57.9715#63.63#26.75#9.62
-153.601,57.9749#63.39#26.76#9.84999999999999
-153.501,57.9782#63.16#26.77#10.07
-153.401,57.9813#62.99#26.77#10.24
-153.301,57.9844#62.82#26.78#10.4
-153.201,57.9875#62.64#26.78#10.58
-153.102,57.9904#62.47#26.79#10.74
-153.002,57.9932#62.31#26.79#10.9
-152.902,57.9959#62.15#26.8#11.05
-152.802,57.9986#61.99#26.8#11.21
-152.702,58.0011#61.83#26.81#11.36
-152.602,58.0036#61.67#26.81#11.52
-152.502,58.0059#61.5#26.82#11.68
-152.402,58.0082#61.35#26.82#11.83
-152.302,58.0104#61.2#26.83#11.97
-152.202,58.0124#61.05#26.83#12.12
-152.102,58.0144#60.9#26.84#12.26
-152.002,58.0163#60.75#26.85#12.4
-151.902,58.0181#60.55#26.85#12.6
-151.802,58.0199#60.34#26.86#12.8
-151.702,58.0215#60.14#26.86#13
-151.602,58.023#59.93#26.87#13.2
-151.502,58.0244#59.72#26.87#13.41
-151.401,58.0258#59.46#26.88#13.66
-151.301,58.027#59.2#26.89#13.91
-151.201,58.0282#58.94#26.89#14.17
-151.101,58.0293#58.68#26.9#14.42
-151.001,58.0302#58.41#26.9#14.69
-150.901,58.0311#58.19#26.91#14.9
-150.801,58.0319#57.98#26.91#15.11
-150.701,58.0326#57.76#26.92#15.32
-150.6,58.0332#57.54#26.93#15.53
-150.5,58.0337#57.32#26.93#15.75
-150.4,58.0341#57.09#26.94#15.97
-150.3,58.0344#56.87#26.94#16.19
-150.2,58.0347#56.64#26.95#16.41
-150.1,58.0348#56.41#26.95#16.64
-149.999,58.0349#56.18#26.96#16.86
-149.899,58.0348#55.98#26.97#17.05
-149.799,58.0347#55.78#26.97#17.25
-149.699,58.0344#55.58#26.98#17.44
-149.599,58.0341#55.37#26.98#17.65
-149.499,58.0337#55.17#26.99#17.84
-149.398,58.0332#54.99#27#18.01
-149.298,58.0326#54.8#27#18.2
-149.198,58.0319#54.62#27.01#18.37
-149.098,58.0311#54.43#27.01#18.56
-148.998,58.0302#54.25#27.02#18.73
-148.898,58.0292#54.08#27.03#18.89
-148.798,58.0282#53.91#27.03#19.06
-148.697,58.027#53.74#27.04#19.22
-148.597,58.0258#53.57#27.04#19.39
-148.497,58.0244#53.39#27.05#19.56
-148.397,58.023#53.24#27.06#19.7
-148.297,58.0215#53.08#27.06#19.86
-148.197,58.0198#52.92#27.07#20.01
-148.097,58.0181#52.76#27.08#20.16
-147.997,58.0163#52.6#27.08#20.32
-147.897,58.0144#52.45#27.09#20.46
-147.797,58.0124#52.29#27.09#20.62
-147.697,58.0103#52.14#27.1#20.76
-147.597,58.0082#51.98#27.11#20.91
-147.497,58.0059#51.83#27.11#21.06
-147.397,58.0035#51.7#27.12#21.18
-147.297,58.0011#51.57#27.13#21.3
-147.197,57.9985#51.45#27.13#21.42
-147.097,57.9959#51.32#27.14#21.54
-146.997,57.9932#51.19#27.15#21.66
-146.897,57.9903#51.06#27.15#21.79
-146.797,57.9874#50.92#27.16#21.92
-146.697,57.9844#50.79#27.16#22.05
-146.598,57.9813#50.65#27.17#22.18
-146.498,57.9781#50.52#27.18#22.3
-146.398,57.9748#50.36#27.18#22.46
-146.298,57.9715#50.21#27.19#22.6
-146.198,57.968#50.05#27.2#22.75
-146.099,57.9644#49.89#27.2#22.91
-145.999,57.9608#49.72#27.21#23.07
-145.899,57.957#49.55#27.22#23.23
-145.8,57.9532#49.37#27.23#23.4
-145.7,57.9493#49.19#27.24#23.57
-145.601,57.9452#49.01#27.25#23.74
-145.501,57.9411#48.83#27.25#23.92
-145.401,57.9369#48.64#27.27#24.09
-145.302,57.9326#48.44#27.29#24.27
-145.202,57.9282#48.24#27.3#24.46
-145.103,57.9238#48.05#27.32#24.63
-145.004,57.9192#47.85#27.33#24.82
-144.904,57.9145#47.66#27.36#24.98
-144.805,57.9098#47.47#27.38#25.15
-144.705,57.9049#47.28#27.41#25.31
-144.606,57.9#47.1#27.44#25.46
-156.296,57.9042#68.43#26.62#4.94999999999999
-156.197,57.91#68.32#26.63#5.05000000000001
-156.097,57.9157#68.21#26.63#5.16000000000001
-155.998,57.9212#68.1#26.63#5.27000000000001
-155.899,57.9267#67.96#26.64#5.40000000000001
-155.8,57.9321#67.82#26.64#5.54000000000001
-155.7,57.9374#67.68#26.65#5.66999999999999
-155.601,57.9427#67.54#26.65#5.81
-155.501,57.9478#67.41#26.66#5.93000000000001
-155.402,57.9528#67.23#26.66#6.11
-155.302,57.9578#67.06#26.67#6.27
-155.203,57.9626#66.89#26.67#6.44
-155.103,57.9674#66.73#26.68#6.59
-155.004,57.9721#66.56#26.68#6.75999999999999
-154.904,57.9766#66.38#26.69#6.93000000000001
-154.805,57.9811#66.21#26.69#7.10000000000001
-154.705,57.9855#66.03#26.7#7.27
-154.605,57.9898#65.86#26.7#7.44
-154.506,57.994#65.68#26.71#7.60999999999999
-154.406,57.9981#65.46#26.71#7.83000000000001
-154.306,58.0022#65.24#26.72#8.04000000000001
-154.206,58.0061#65.02#26.72#8.26000000000001
-154.106,58.01#64.8#26.73#8.47
-154.007,58.0137#64.58#26.73#8.69
-153.907,58.0174#64.35#26.74#8.91000000000001
-153.807,58.0209#64.12#26.74#9.14
-153.707,58.0244#63.89#26.75#9.36
-153.607,58.0278#63.66#26.75#9.59
-153.507,58.0311#63.44#26.76#9.8
-153.407,58.0343#63.27#26.76#9.97
-153.307,58.0374#63.12#26.77#10.11
-153.207,58.0404#62.96#26.77#10.27
-153.107,58.0433#62.81#26.78#10.41
-153.007,58.0461#62.65#26.78#10.57
-152.907,58.0489#62.49#26.79#10.72
-152.807,58.0515#62.33#26.8#10.87
-152.707,58.0541#62.17#26.8#11.03
-152.607,58.0565#62#26.81#11.19
-152.506,58.0589#61.84#26.81#11.35
-152.406,58.0612#61.68#26.82#11.5
-152.306,58.0634#61.53#26.82#11.65
-152.206,58.0654#61.37#26.83#11.8
-152.106,58.0674#61.21#26.83#11.96
-152.005,58.0693#61.06#26.84#12.1
-151.905,58.0711#60.84#26.84#12.32
-151.805,58.0729#60.63#26.85#12.52
-151.705,58.0745#60.41#26.86#12.73
-151.604,58.076#60.19#26.86#12.95
-151.504,58.0775#59.97#26.87#13.16
-151.404,58.0788#59.71#26.87#13.42
-151.304,58.0801#59.44#26.88#13.68
-151.203,58.0812#59.17#26.88#13.95
-151.103,58.0823#58.91#26.89#14.2
-151.003,58.0833#58.64#26.9#14.46
-150.902,58.0841#58.41#26.9#14.69
-150.802,58.0849#58.19#26.91#14.9
-150.702,58.0856#57.96#26.91#15.13
-150.601,58.0862#57.74#26.92#15.34
-150.501,58.0867#57.52#26.92#15.56
-150.401,58.0872#57.28#26.93#15.79
-150.3,58.0875#57.05#26.93#16.02
-150.2,58.0877#56.81#26.94#16.25
-150.1,58.0879#56.58#26.95#16.47
-149.999,58.0879#56.35#26.95#16.7
-149.899,58.0879#56.14#26.96#16.9
-149.799,58.0877#55.93#26.96#17.11
-149.698,58.0875#55.73#26.97#17.3
-149.598,58.0872#55.52#26.98#17.5
-149.498,58.0867#55.31#26.98#17.71
-149.397,58.0862#55.12#26.99#17.89
-149.297,58.0856#54.94#26.99#18.07
-149.197,58.0849#54.75#27#18.25
-149.096,58.0841#54.56#27.01#18.43
-148.996,58.0832#54.38#27.01#18.61
-148.896,58.0823#54.2#27.02#18.78
-148.795,58.0812#54.03#27.03#18.94
-148.695,58.08#53.85#27.03#19.12
-148.595,58.0788#53.68#27.04#19.28
-148.495,58.0774#53.51#27.04#19.45
-148.394,58.076#53.34#27.05#19.61
-148.294,58.0745#53.18#27.06#19.76
-148.194,58.0728#53.02#27.06#19.92
-148.094,58.0711#52.86#27.07#20.07
-147.993,58.0693#52.7#27.07#20.23
-147.893,58.0674#52.55#27.08#20.37
-147.793,58.0654#52.39#27.09#20.52
-147.693,58.0633#52.23#27.09#20.68
-147.592,58.0611#52.08#27.1#20.82
-147.492,58.0589#51.93#27.11#20.96
-147.392,58.0565#51.8#27.11#21.09
-147.292,58.054#51.68#27.12#21.2
-147.192,58.0515#51.55#27.13#21.32
-147.092,58.0488#51.42#27.13#21.45
-146.992,58.0461#51.3#27.14#21.56
-146.892,58.0433#51.16#27.14#21.7
-146.792,58.0404#51.03#27.15#21.82
-146.692,58.0373#50.89#27.16#21.95
-146.592,58.0342#50.76#27.16#22.08
-146.492,58.031#50.62#27.17#22.21
-146.392,58.0277#50.47#27.18#22.35
-146.292,58.0244#50.32#27.18#22.5
-146.192,58.0209#50.17#27.19#22.64
-146.092,58.0173#50.02#27.2#22.78
-145.992,58.0137#49.86#27.2#22.94
-145.892,58.0099#49.69#27.21#23.1
-145.792,58.0061#49.51#27.22#23.27
-145.693,58.0021#49.34#27.23#23.43
-145.593,57.9981#49.16#27.24#23.6
-145.493,57.994#48.98#27.25#23.77
-145.393,57.9898#48.78#27.27#23.95
-145.294,57.9855#48.58#27.28#24.14
-145.194,57.9811#48.38#27.3#24.32
-145.094,57.9766#48.18#27.32#24.5
-144.995,57.972#47.98#27.33#24.69
-144.895,57.9673#47.79#27.36#24.85
-144.796,57.9626#47.6#27.39#25.01
-144.696,57.9577#47.41#27.42#25.17
-144.597,57.9528#47.21#27.45#25.34
-144.497,57.9477#47.02#27.48#25.5
-144.398,57.9426#46.86#27.51#25.63
-144.299,57.9374#46.69#27.55#25.76
-144.199,57.9321#46.53#27.58#25.89
-144.1,57.9267#46.36#27.62#26.02
-144.001,57.9212#46.2#27.65#26.15
-143.901,57.9156#46.06#27.68#26.26
-143.802,57.9099#45.92#27.71#26.37
-143.703,57.9041#45.77#27.74#26.49
-157.199,57.9008#69.24#26.57#4.19
-157.1,57.9074#69.2#26.58#4.22
-157.001,57.9139#69.16#26.58#4.26000000000001
-156.902,57.9203#69.08#26.59#4.33
-156.803,57.9266#69#26.59#4.41
-156.704,57.9329#68.93#26.6#4.47
-156.604,57.939#68.85#26.6#4.55000000000001
-156.505,57.9451#68.78#26.6#4.62
-156.406,57.951#68.68#26.61#4.70999999999999
-156.307,57.9569#68.57#26.61#4.82000000000001
-156.207,57.9627#68.47#26.62#4.91
-156.108,57.9684#68.37#26.62#5.00999999999999
-156.009,57.974#68.27#26.63#5.10000000000001
-155.909,57.9795#68.14#26.63#5.23
-155.81,57.9849#68#26.64#5.36
-155.71,57.9902#67.87#26.64#5.48999999999999
-155.611,57.9954#67.74#26.65#5.61000000000001
-155.511,58.0006#67.61#26.65#5.74000000000001
-155.411,58.0056#67.44#26.66#5.90000000000001
-155.312,58.0106#67.28#26.66#6.06
-155.212,58.0154#67.12#26.67#6.20999999999999
-155.112,58.0202#66.95#26.67#6.38
-155.013,58.0249#66.79#26.68#6.53
-154.913,58.0295#66.61#26.68#6.71000000000001
-154.813,58.034#66.44#26.69#6.87
-154.713,58.0384#66.26#26.69#7.05
-154.613,58.0427#66.09#26.7#7.20999999999999
-154.513,58.0469#65.91#26.7#7.39
-154.414,58.051#65.7#26.71#7.59
-154.314,58.0551#65.48#26.71#7.81
-154.214,58.059#65.26#26.72#8.02
-154.114,58.0628#65.05#26.72#8.23
-154.014,58.0666#64.83#26.73#8.44
-153.914,58.0703#64.61#26.73#8.66
-153.814,58.0738#64.38#26.74#8.88000000000001
-153.713,58.0773#64.16#26.74#9.10000000000001
-153.613,58.0807#63.94#26.75#9.31
-153.513,58.084#63.71#26.75#9.53999999999999
-153.413,58.0872#63.56#26.76#9.67999999999999
-153.313,58.0903#63.42#26.76#9.81999999999999
-153.213,58.0933#63.28#26.77#9.95
-153.112,58.0963#63.14#26.77#10.09
-153.012,58.0991#63#26.78#10.22
-152.912,58.1019#62.84#26.78#10.38
-152.812,58.1045#62.67#26.79#10.54
-152.711,58.1071#62.5#26.79#10.71
-152.611,58.1095#62.34#26.8#10.86
-152.511,58.1119#62.17#26.8#11.03
-152.41,58.1142#62.01#26.81#11.18
-152.31,58.1164#61.85#26.81#11.34
-152.21,58.1184#61.69#26.82#11.49
-152.109,58.1204#61.53#26.83#11.64
-152.009,58.1223#61.36#26.83#11.81
-151.909,58.1242#61.14#26.84#12.02
-151.808,58.1259#60.92#26.84#12.24
-151.708,58.1275#60.69#26.85#12.46
-151.607,58.129#60.46#26.85#12.69
-151.507,58.1305#60.23#26.86#12.91
-151.406,58.1318#59.96#26.86#13.18
-151.306,58.1331#59.68#26.87#13.45
-151.205,58.1343#59.41#26.88#13.71
-151.105,58.1353#59.13#26.88#13.99
-151.004,58.1363#58.86#26.89#14.25
-150.904,58.1372#58.63#26.89#14.48
-150.803,58.138#58.4#26.9#14.7
-150.703,58.1387#58.17#26.9#14.93
-150.602,58.1393#57.94#26.91#15.15
-150.502,58.1398#57.71#26.92#15.37
-150.401,58.1402#57.47#26.92#15.61
-150.301,58.1405#57.23#26.93#15.84
-150.2,58.1408#56.99#26.93#16.08
-150.1,58.1409#56.75#26.94#16.31
-149.999,58.1409#56.51#26.95#16.54
-149.899,58.1409#56.3#26.95#16.75
-149.798,58.1408#56.09#26.96#16.95
-149.698,58.1405#55.88#26.96#17.16
-149.597,58.1402#55.66#26.97#17.37
-149.497,58.1398#55.45#26.97#17.58
-149.396,58.1393#55.26#26.98#17.76
-149.296,58.1387#55.07#26.99#17.94
-149.195,58.138#54.88#26.99#18.13
-149.095,58.1372#54.69#27#18.31
-148.994,58.1363#54.5#27.01#18.49
-148.894,58.1353#54.32#27.01#18.67
-148.793,58.1342#54.15#27.02#18.83
-148.693,58.1331#53.97#27.02#19.01
-148.592,58.1318#53.79#27.03#19.18
-148.492,58.1305#53.62#27.04#19.34
-148.391,58.129#53.45#27.04#19.51
-148.291,58.1275#53.29#27.05#19.66
-148.191,58.1259#53.12#27.05#19.83
-148.09,58.1241#52.96#27.06#19.98
-147.99,58.1223#52.8#27.07#20.13
-147.889,58.1204#52.64#27.07#20.29
-147.789,58.1184#52.49#27.08#20.43
-147.689,58.1163#52.33#27.09#20.58
-147.588,58.1141#52.18#27.09#20.73
-147.488,58.1119#52.03#27.1#20.87
-147.388,58.1095#51.9#27.11#20.99
-147.287,58.107#51.78#27.11#21.11
-147.187,58.1045#51.66#27.12#21.22
-147.087,58.1018#51.53#27.12#21.35
-146.987,58.0991#51.41#27.13#21.46
-146.886,58.0962#51.27#27.14#21.59
-146.786,58.0933#51.14#27.14#21.72
-146.686,58.0903#51#27.15#21.85
-146.586,58.0872#50.87#27.16#21.97
-146.486,58.084#50.73#27.16#22.11
-146.385,58.0807#50.59#27.17#22.24
-146.285,58.0773#50.44#27.18#22.38
-146.185,58.0738#50.3#27.18#22.52
-146.085,58.0702#50.15#27.19#22.66
-145.985,58.0666#50#27.2#22.8
-145.885,58.0628#49.83#27.21#22.96
-145.785,58.0589#49.65#27.22#23.13
-145.685,58.055#49.48#27.22#23.3
-145.585,58.051#49.31#27.23#23.46
-145.485,58.0468#49.13#27.24#23.63
-145.385,58.0426#48.92#27.26#23.82
-145.286,58.0383#48.72#27.28#24
-145.186,58.0339#48.52#27.3#24.18
-145.086,58.0294#48.32#27.32#24.36
-144.986,58.0248#48.12#27.34#24.54
-144.886,58.0201#47.92#27.37#24.71
-144.787,58.0154#47.72#27.4#24.88
-144.687,58.0105#47.53#27.43#25.04
-144.587,58.0055#47.33#27.46#25.21
-144.488,58.0005#47.14#27.49#25.37
-144.388,57.9954#46.97#27.52#25.51
-144.289,57.9901#46.8#27.56#25.64
-144.189,57.9848#46.63#27.6#25.77
-144.09,57.9794#46.47#27.63#25.9
-143.99,57.9739#46.3#27.67#26.03
-143.891,57.9683#46.15#27.69#26.16
-143.791,57.9626#46.01#27.72#26.27
-143.692,57.9568#45.86#27.75#26.39
-143.593,57.951#45.72#27.78#26.5
-143.494,57.945#45.58#27.81#26.61
-143.394,57.9389#45.46#27.83#26.71
-143.295,57.9328#45.34#27.85#26.81
-143.196,57.9266#45.22#27.87#26.91
-143.097,57.9202#45.1#27.88#27.02
-142.998,57.9138#44.98#27.9#27.12
-142.899,57.9073#44.87#27.91#27.22
-142.8,57.9007#44.77#27.92#27.31
-157.904,57.9046#69.53#26.54#3.93000000000001
-157.805,57.9118#69.51#26.54#3.94999999999999
-157.706,57.919#69.49#26.54#3.97
-157.607,57.926#69.46#26.55#3.99000000000001
-157.508,57.933#69.44#26.55#4.01000000000001
-157.409,57.9399#69.4#26.56#4.03999999999999
-157.31,57.9467#69.36#26.56#4.08
-157.211,57.9534#69.32#26.57#4.11000000000001
-157.112,57.96#69.28#26.57#4.15000000000001
-157.013,57.9665#69.24#26.57#4.19
-156.914,57.9729#69.18#26.58#4.23999999999999
-156.815,57.9793#69.11#26.58#4.31
-156.715,57.9855#69.04#26.59#4.36999999999999
-156.616,57.9917#68.97#26.59#4.44
-156.517,57.9977#68.9#26.6#4.5
-156.417,58.0037#68.81#26.6#4.59
-156.318,58.0096#68.71#26.61#4.68000000000001
-156.218,58.0154#68.62#26.61#4.77
-156.119,58.0211#68.52#26.62#4.86
-156.019,58.0267#68.43#26.62#4.94999999999999
-155.919,58.0322#68.31#26.63#5.06
-155.82,58.0376#68.18#26.63#5.19
-155.72,58.043#68.06#26.63#5.31
-155.62,58.0482#67.93#26.64#5.42999999999999
-155.521,58.0533#67.81#26.64#5.55
-155.421,58.0584#67.65#26.65#5.69999999999999
-155.321,58.0634#67.49#26.65#5.86000000000001
-155.221,58.0682#67.33#26.66#6.01000000000001
-155.121,58.073#67.18#26.66#6.16
-155.021,58.0777#67.02#26.67#6.31
-154.921,58.0823#66.85#26.67#6.48
-154.821,58.0868#66.67#26.68#6.65000000000001
-154.721,58.0912#66.49#26.68#6.83000000000001
-154.621,58.0955#66.31#26.69#7
-154.521,58.0998#66.14#26.69#7.17
-154.421,58.1039#65.93#26.7#7.36999999999999
-154.321,58.1079#65.72#26.7#7.58
-154.221,58.1119#65.51#26.71#7.78
-154.121,58.1158#65.3#26.71#7.99000000000001
-154.021,58.1195#65.08#26.72#8.2
-153.92,58.1232#64.87#26.72#8.41
-153.82,58.1268#64.65#26.73#8.61999999999999
-153.72,58.1303#64.43#26.73#8.83999999999999
-153.62,58.1337#64.21#26.74#9.05000000000001
-153.519,58.137#63.99#26.74#9.27
-153.419,58.1402#63.84#26.75#9.41
-153.319,58.1433#63.71#26.75#9.53999999999999
-153.218,58.1463#63.59#26.76#9.64999999999999
-153.118,58.1492#63.46#26.76#9.78
-153.018,58.1521#63.34#26.77#9.89
-152.917,58.1548#63.18#26.77#10.05
-152.817,58.1575#63.01#26.78#10.21
-152.716,58.1601#62.84#26.79#10.37
-152.616,58.1625#62.67#26.79#10.54
-152.515,58.1649#62.5#26.8#10.7
-152.415,58.1672#62.34#26.8#10.86
-152.314,58.1694#62.17#26.81#11.02
-152.214,58.1715#62.01#26.81#11.18
-152.113,58.1735#61.84#26.82#11.34
-152.013,58.1754#61.67#26.82#11.51
-151.912,58.1772#61.44#26.83#11.73
-151.811,58.1789#61.2#26.83#11.97
-151.711,58.1805#60.96#26.84#12.2
-151.61,58.1821#60.72#26.85#12.43
-151.509,58.1835#60.47#26.85#12.68
-151.409,58.1849#60.2#26.86#12.94
-151.308,58.1861#59.92#26.86#13.22
-151.208,58.1873#59.64#26.87#13.49
-151.107,58.1884#59.36#26.87#13.77
-151.006,58.1894#59.08#26.88#14.04
-150.906,58.1902#58.85#26.89#14.26
-150.805,58.191#58.61#26.89#14.5
-150.704,58.1917#58.37#26.9#14.73
-150.604,58.1923#58.13#26.9#14.97
-150.503,58.1928#57.9#26.91#15.19
-150.402,58.1933#57.65#26.91#15.44
-150.301,58.1936#57.4#26.92#15.68
-150.201,58.1938#57.15#26.93#15.92
-150.1,58.194#56.91#26.93#16.16
-149.999,58.194#56.66#26.94#16.4
-149.899,58.194#56.44#26.94#16.62
-149.798,58.1938#56.23#26.95#16.82
-149.697,58.1936#56.01#26.96#17.03
-149.597,58.1933#55.8#26.96#17.24
-149.496,58.1928#55.58#26.97#17.45
-149.395,58.1923#55.39#26.97#17.64
-149.295,58.1917#55.2#26.98#17.82
-149.194,58.191#55#26.99#18.01
-149.093,58.1902#54.81#26.99#18.2
-148.992,58.1893#54.62#27#18.38
-148.892,58.1884#54.44#27#18.56
-148.791,58.1873#54.26#27.01#18.73
-148.691,58.1861#54.08#27.02#18.9
-148.59,58.1849#53.9#27.02#19.08
-148.489,58.1835#53.73#27.03#19.24
-148.389,58.1821#53.56#27.03#19.41
-148.288,58.1805#53.39#27.04#19.57
-148.187,58.1789#53.22#27.05#19.73
-148.087,58.1772#53.06#27.05#19.89
-147.986,58.1754#52.89#27.06#20.05
-147.886,58.1734#52.74#27.07#20.19
-147.785,58.1714#52.58#27.07#20.35
-147.685,58.1693#52.43#27.08#20.49
-147.584,58.1671#52.27#27.09#20.64
-147.484,58.1649#52.12#27.09#20.79
-147.383,58.1625#52#27.1#20.9
-147.283,58.16#51.88#27.1#21.02
-147.182,58.1575#51.76#27.11#21.13
-147.082,58.1548#51.64#27.12#21.24
-146.981,58.1521#51.51#27.12#21.37
-146.881,58.1492#51.38#27.13#21.49
-146.78,58.1463#51.24#27.14#21.62
-146.68,58.1433#51.11#27.14#21.75
-146.58,58.1401#50.97#27.15#21.88
-146.479,58.1369#50.83#27.16#22.01
-146.379,58.1336#50.7#27.16#22.14
-146.279,58.1302#50.56#27.17#22.27
-146.179,58.1267#50.43#27.18#22.39
-146.078,58.1231#50.29#27.18#22.53
-145.978,58.1195#50.14#27.19#22.67
-145.878,58.1157#49.97#27.2#22.83
-145.778,58.1118#49.8#27.21#22.99
-145.678,58.1079#49.63#27.22#23.15
-145.577,58.1039#49.45#27.23#23.32
-145.477,58.0997#49.27#27.24#23.49
-145.377,58.0955#49.07#27.26#23.67
-145.277,58.0912#48.86#27.28#23.86
-145.177,58.0867#48.66#27.3#24.04
-145.077,58.0822#48.45#27.32#24.23
-144.977,58.0776#48.25#27.34#24.41
-144.877,58.073#48.05#27.37#24.58
-144.778,58.0682#47.85#27.41#24.74
-144.678,58.0633#47.64#27.44#24.92
-144.578,58.0583#47.44#27.47#25.09
-144.478,58.0533#47.25#27.5#25.25
-144.378,58.0481#47.08#27.54#25.38
-144.279,58.0429#46.91#27.57#25.52
-144.179,58.0376#46.74#27.61#25.65
-144.079,58.0321#46.57#27.65#25.78
-143.98,58.0266#46.4#27.68#25.92
-143.88,58.021#46.25#27.71#26.04
-143.781,58.0153#46.1#27.74#26.16
-143.681,58.0095#45.95#27.77#26.28
-143.582,58.0036#45.8#27.8#26.4
-143.482,57.9977#45.66#27.82#26.52
-143.383,57.9916#45.54#27.84#26.62
-143.284,57.9854#45.41#27.86#26.73
-143.184,57.9792#45.29#27.87#26.84
-143.085,57.9729#45.16#27.89#26.95
-142.986,57.9664#45.04#27.9#27.06
-142.887,57.9599#44.93#27.91#27.16
-142.787,57.9533#44.82#27.92#27.26
-142.688,57.9466#44.72#27.93#27.35
-142.589,57.9398#44.61#27.94#27.45
-142.49,57.9329#44.5#27.95#27.55
-142.391,57.926#44.4#27.95#27.65
-142.292,57.9189#44.31#27.96#27.73
-142.194,57.9117#44.21#27.97#27.82
-142.095,57.9045#44.11#27.97#27.92
-158.609,57.9038#69.67#26.5#3.83
-158.511,57.9116#69.67#26.5#3.83
-158.412,57.9194#69.65#26.51#3.83999999999999
-158.313,57.9272#69.64#26.51#3.84999999999999
-158.214,57.9348#69.62#26.52#3.86
-158.116,57.9423#69.61#26.52#3.87
-158.017,57.9497#69.6#26.53#3.87
-157.918,57.9571#69.58#26.53#3.89
-157.819,57.9643#69.56#26.53#3.91
-157.72,57.9715#69.54#26.54#3.91999999999999
-157.621,57.9786#69.52#26.54#3.94
-157.522,57.9856#69.5#26.55#3.95
-157.422,57.9925#69.47#26.55#3.98
-157.323,57.9993#69.43#26.56#4.00999999999999
-157.224,58.006#69.4#26.56#4.03999999999999
-157.125,58.0126#69.36#26.56#4.08
-157.025,58.0191#69.33#26.57#4.09999999999999
-156.926,58.0256#69.27#26.57#4.16
-156.826,58.0319#69.21#26.58#4.21000000000001
-156.727,58.0382#69.15#26.58#4.27
-156.627,58.0443#69.08#26.59#4.33
-156.528,58.0504#69.02#26.59#4.39
-156.428,58.0564#68.94#26.6#4.46000000000001
-156.329,58.0623#68.85#26.6#4.55000000000001
-156.229,58.0681#68.77#26.6#4.63
-156.129,58.0738#68.68#26.61#4.70999999999999
-156.03,58.0794#68.59#26.61#4.8
-155.93,58.085#68.48#26.62#4.89999999999999
-155.83,58.0904#68.36#26.62#5.02
-155.73,58.0957#68.24#26.63#5.13000000000001
-155.63,58.101#68.12#26.63#5.25
-155.53,58.1061#68#26.64#5.36
-155.43,58.1112#67.86#26.64#5.5
-155.33,58.1162#67.71#26.65#5.64000000000001
-155.23,58.1211#67.55#26.65#5.80000000000001
-155.13,58.1258#67.4#26.66#5.94
-155.03,58.1305#67.25#26.66#6.09
-154.93,58.1352#67.08#26.67#6.25
-154.83,58.1397#66.9#26.67#6.42999999999999
-154.73,58.1441#66.72#26.68#6.59999999999999
-154.63,58.1484#66.54#26.68#6.78
-154.529,58.1527#66.36#26.69#6.95
-154.429,58.1568#66.16#26.69#7.15000000000001
-154.329,58.1608#65.96#26.7#7.34
-154.228,58.1648#65.75#26.7#7.55
-154.128,58.1687#65.54#26.71#7.75
-154.028,58.1724#65.34#26.71#7.94999999999999
-153.927,58.1761#65.12#26.72#8.16
-153.827,58.1797#64.9#26.72#8.38
-153.726,58.1832#64.68#26.73#8.58999999999999
-153.626,58.1866#64.46#26.73#8.81
-153.526,58.1899#64.24#26.74#9.02000000000001
-153.425,58.1931#64.09#26.74#9.17
-153.325,58.1963#63.97#26.75#9.28
-153.224,58.1993#63.84#26.75#9.41
-153.123,58.2022#63.72#26.76#9.52
-153.023,58.2051#63.59#26.76#9.64999999999999
-152.922,58.2078#63.42#26.77#9.81
-152.822,58.2105#63.24#26.77#9.98999999999999
-152.721,58.2131#63.06#26.78#10.16
-152.62,58.2155#62.89#26.78#10.33
-152.52,58.2179#62.71#26.79#10.5
-152.419,58.2202#62.53#26.79#10.68
-152.318,58.2224#62.36#26.8#10.84
-152.218,58.2245#62.18#26.81#11.01
-152.117,58.2265#62.01#26.81#11.18
-152.016,58.2284#61.83#26.82#11.35
-151.915,58.2302#61.61#26.82#11.57
-151.815,58.232#61.38#26.83#11.79
-151.714,58.2336#61.16#26.83#12.01
-151.613,58.2351#60.93#26.84#12.23
-151.512,58.2366#60.7#26.84#12.46
-151.411,58.2379#60.43#26.85#12.72
-151.311,58.2392#60.15#26.86#12.99
-151.21,58.2404#59.87#26.86#13.27
-151.109,58.2414#59.59#26.87#13.54
-151.008,58.2424#59.31#26.87#13.82
-150.907,58.2433#59.06#26.88#14.06
-150.806,58.2441#58.8#26.88#14.32
-150.705,58.2448#58.55#26.89#14.56
-150.605,58.2454#58.3#26.9#14.8
-150.504,58.2459#58.05#26.9#15.05
-150.403,58.2463#57.79#26.91#15.3
-150.302,58.2467#57.54#26.91#15.55
-150.201,58.2469#57.28#26.92#15.8
-150.1,58.247#57.03#26.92#16.05
-149.999,58.2471#56.78#26.93#16.29
-149.898,58.247#56.56#26.94#16.5
-149.798,58.2469#56.34#26.94#16.72
-149.697,58.2467#56.12#26.95#16.93
-149.596,58.2463#55.9#26.95#17.15
-149.495,58.2459#55.68#26.96#17.36
-149.394,58.2454#55.49#26.97#17.54
-149.293,58.2448#55.3#26.97#17.73
-149.192,58.2441#55.1#26.98#17.92
-149.092,58.2433#54.9#26.98#18.12
-148.991,58.2424#54.71#26.99#18.3
-148.89,58.2414#54.53#27#18.47
-148.789,58.2404#54.35#27#18.65
-148.688,58.2392#54.17#27.01#18.82
-148.587,58.2379#53.99#27.02#18.99
-148.487,58.2366#53.81#27.02#19.17
-148.386,58.2351#53.65#27.03#19.32
-148.285,58.2336#53.48#27.03#19.49
-148.184,58.2319#53.31#27.04#19.65
-148.083,58.2302#53.14#27.05#19.81
-147.983,58.2284#52.97#27.05#19.98
-147.882,58.2265#52.82#27.06#20.12
-147.781,58.2245#52.67#27.07#20.26
-147.681,58.2224#52.51#27.07#20.42
-147.58,58.2202#52.36#27.08#20.56
-147.479,58.2179#52.21#27.08#20.71
-147.378,58.2155#52.09#27.09#20.82
-147.278,58.213#51.97#27.1#20.93
-147.177,58.2105#51.85#27.1#21.05
-147.077,58.2078#51.73#27.11#21.16
-146.976,58.205#51.6#27.12#21.28
-146.875,58.2022#51.47#27.12#21.41
-146.775,58.1993#51.33#27.13#21.54
-146.674,58.1962#51.2#27.14#21.66
-146.574,58.1931#51.07#27.14#21.79
-146.473,58.1899#50.93#27.15#21.92
-146.373,58.1866#50.81#27.16#22.03
-146.272,58.1832#50.68#27.16#22.16
-146.172,58.1797#50.55#27.17#22.28
-146.071,58.1761#50.42#27.18#22.4
-145.971,58.1724#50.28#27.18#22.54
-145.871,58.1686#50.11#27.19#22.7
-145.77,58.1648#49.94#27.2#22.86
-145.67,58.1608#49.77#27.21#23.02
-145.57,58.1567#49.6#27.22#23.18
-145.469,58.1526#49.42#27.24#23.34
-145.369,58.1484#49.21#27.26#23.53
-145.269,58.144#49#27.28#23.72
-145.169,58.1396#48.8#27.3#23.9
-145.069,58.1351#48.59#27.32#24.09
-144.969,58.1305#48.38#27.34#24.28
-144.868,58.1258#48.18#27.38#24.44
-144.768,58.121#47.97#27.41#24.62
-144.668,58.1161#47.76#27.45#24.79
-144.568,58.1111#47.56#27.48#24.96
-144.468,58.1061#47.36#27.51#25.13
-144.369,58.1009#47.19#27.55#25.26
-144.269,58.0957#47.01#27.59#25.4
-144.169,58.0903#46.84#27.63#25.53
-144.069,58.0849#46.67#27.66#25.67
-143.969,58.0794#46.5#27.7#25.8
-143.869,58.0737#46.35#27.72#25.93
-143.77,58.068#46.19#27.75#26.06
-143.67,58.0622#46.04#27.78#26.18
-143.57,58.0563#45.89#27.81#26.3
-143.471,58.0503#45.74#27.83#26.43
-143.371,58.0443#45.61#27.85#26.54
-143.272,58.0381#45.49#27.86#26.65
-143.172,58.0318#45.36#27.88#26.76
-143.073,58.0255#45.23#27.89#26.88
-142.974,58.0191#45.11#27.91#26.98
-142.874,58.0125#44.99#27.92#27.09
-142.775,58.0059#44.88#27.92#27.2
-142.676,57.9992#44.76#27.93#27.31
-142.576,57.9924#44.65#27.94#27.41
-142.477,57.9855#44.54#27.95#27.51
-142.378,57.9785#44.44#27.96#27.6
-142.279,57.9714#44.34#27.96#27.7
-142.18,57.9643#44.24#27.97#27.79
-142.081,57.957#44.14#27.97#27.89
-141.982,57.9496#44.04#27.98#27.98
-141.883,57.9422#43.95#27.98#28.07
-141.784,57.9347#43.86#27.98#28.16
-141.686,57.9271#43.77#27.99#28.24
-141.587,57.9194#43.69#27.99#28.32
-141.488,57.9116#43.6#28#28.4
-141.389,57.9037#43.52#28#28.48
-159.216,57.9069#69.73#26.47#3.8
-159.117,57.9153#69.73#26.47#3.8
-159.019,57.9236#69.72#26.48#3.8
-158.92,57.9319#69.72#26.48#3.8
-158.822,57.9401#69.71#26.49#3.80000000000001
-158.723,57.9482#69.71#26.49#3.80000000000001
-158.624,57.9562#69.7#26.49#3.81
-158.525,57.9641#69.7#26.5#3.8
-158.427,57.9719#69.68#26.5#3.81999999999999
-158.328,57.9796#69.67#26.51#3.81999999999999
-158.229,57.9872#69.66#26.51#3.83
-158.13,57.9948#69.65#26.51#3.83999999999999
-158.031,58.0022#69.64#26.52#3.84
-157.932,58.0096#69.62#26.52#3.86
-157.832,58.0169#69.61#26.53#3.86
-157.733,58.024#69.59#26.53#3.88
-157.634,58.0311#69.57#26.54#3.89000000000001
-157.535,58.0381#69.56#26.54#3.90000000000001
-157.435,58.045#69.53#26.54#3.93000000000001
-157.336,58.0519#69.5#26.55#3.95
-157.236,58.0586#69.47#26.55#3.98
-157.137,58.0652#69.44#26.56#4
-157.038,58.0718#69.41#26.56#4.03
-156.938,58.0782#69.37#26.57#4.06
-156.838,58.0846#69.31#26.57#4.12
-156.739,58.0909#69.25#26.57#4.18000000000001
-156.639,58.097#69.2#26.58#4.22
-156.539,58.1031#69.14#26.58#4.28
-156.44,58.1091#69.07#26.59#4.34
-156.34,58.115#68.99#26.59#4.42
-156.24,58.1208#68.91#26.6#4.49000000000001
-156.14,58.1266#68.83#26.6#4.56999999999999
-156.04,58.1322#68.75#26.61#4.64
-155.94,58.1377#68.65#26.61#4.73999999999999
-155.84,58.1432#68.54#26.62#4.83999999999999
-155.74,58.1485#68.42#26.62#4.95999999999999
-155.64,58.1538#68.31#26.63#5.06
-155.54,58.1589#68.2#26.63#5.17
-155.44,58.164#68.07#26.63#5.30000000000001
-155.34,58.169#67.92#26.64#5.44
-155.239,58.1739#67.77#26.64#5.59
-155.139,58.1787#67.62#26.65#5.72999999999999
-155.039,58.1834#67.46#26.65#5.89000000000001
-154.939,58.188#67.29#26.66#6.05
-154.838,58.1925#67.11#26.66#6.23
-154.738,58.197#66.92#26.67#6.41
-154.638,58.2013#66.74#26.67#6.59
-154.537,58.2056#66.55#26.68#6.77000000000001
-154.437,58.2097#66.35#26.68#6.97
-154.336,58.2138#66.14#26.69#7.17
-154.236,58.2177#65.94#26.69#7.37
-154.135,58.2216#65.73#26.7#7.56999999999999
-154.035,58.2254#65.52#26.7#7.78
-153.934,58.2291#65.31#26.71#7.97999999999999
-153.834,58.2327#65.09#26.71#8.19999999999999
-153.733,58.2362#64.87#26.72#8.41
-153.632,58.2396#64.65#26.72#8.63
-153.532,58.2429#64.44#26.73#8.83
-153.431,58.2461#64.28#26.73#8.98999999999999
-153.33,58.2493#64.15#26.74#9.11
-153.23,58.2523#64.02#26.74#9.24000000000001
-153.129,58.2552#63.89#26.75#9.36
-153.028,58.2581#63.75#26.76#9.48999999999999
-152.927,58.2608#63.59#26.76#9.64999999999999
-152.827,58.2635#63.41#26.77#9.82000000000001
-152.726,58.2661#63.23#26.77#10
-152.625,58.2686#63.05#26.78#10.17
-152.524,58.2709#62.88#26.78#10.34
-152.423,58.2732#62.7#26.79#10.51
-152.322,58.2754#62.52#26.79#10.69
-152.221,58.2775#62.34#26.8#10.86
-152.121,58.2796#62.16#26.8#11.04
-152.02,58.2815#61.99#26.81#11.2
-151.919,58.2833#61.78#26.81#11.41
-151.818,58.285#61.57#26.82#11.61
-151.717,58.2867#61.36#26.83#11.81
-151.616,58.2882#61.14#26.83#12.03
-151.515,58.2897#60.93#26.84#12.23
-151.414,58.291#60.66#26.84#12.5
-151.313,58.2923#60.38#26.85#12.77
-151.212,58.2934#60.1#26.85#13.05
-151.111,58.2945#59.82#26.86#13.32
-151.01,58.2955#59.54#26.87#13.59
-150.909,58.2964#59.27#26.87#13.86
-150.808,58.2972#59#26.88#14.12
-150.707,58.2979#58.73#26.88#14.39
-150.606,58.2985#58.46#26.89#14.65
-150.505,58.299#58.2#26.89#14.91
-150.404,58.2994#57.94#26.9#15.16
-150.303,58.2998#57.68#26.91#15.41
-150.201,58.3#57.42#26.91#15.67
-150.1,58.3001#57.16#26.92#15.92
-149.999,58.3002#56.9#26.92#16.18
-149.898,58.3001#56.67#26.93#16.4
-149.797,58.3#56.45#26.94#16.61
-149.696,58.2998#56.23#26.94#16.83
-149.595,58.2994#56.01#26.95#17.04
-149.494,58.299#55.79#26.95#17.26
-149.393,58.2985#55.59#26.96#17.45
-149.292,58.2979#55.39#26.97#17.64
-149.191,58.2972#55.2#26.97#17.83
-149.09,58.2964#55#26.98#18.02
-148.989,58.2955#54.8#26.98#18.22
-148.888,58.2945#54.62#26.99#18.39
-148.787,58.2934#54.44#27#18.56
-148.686,58.2923#54.26#27#18.74
-148.585,58.291#54.08#27.01#18.91
-148.484,58.2896#53.9#27.01#19.09
-148.383,58.2882#53.73#27.02#19.25
-148.282,58.2866#53.56#27.03#19.41
-148.181,58.285#53.39#27.03#19.58
-148.08,58.2833#53.22#27.04#19.74
-147.979,58.2814#53.06#27.05#19.89
-147.878,58.2795#52.9#27.05#20.05
-147.777,58.2775#52.75#27.06#20.19
-147.676,58.2754#52.59#27.06#20.35
-147.576,58.2732#52.44#27.07#20.49
-147.475,58.2709#52.29#27.08#20.63
-147.374,58.2685#52.17#27.08#20.75
-147.273,58.2661#52.05#27.09#20.86
-147.172,58.2635#51.92#27.1#20.98
-147.071,58.2608#51.8#27.1#21.1
-146.971,58.2581#51.67#27.11#21.22
-146.87,58.2552#51.54#27.12#21.34
-146.769,58.2523#51.41#27.12#21.47
-146.668,58.2492#51.27#27.13#21.6
-146.568,58.2461#51.14#27.14#21.72
-146.467,58.2429#51.01#27.14#21.85
-146.366,58.2395#50.88#27.15#21.97
-146.266,58.2361#50.75#27.16#22.09
-146.165,58.2326#50.63#27.16#22.21
-146.064,58.229#50.5#27.17#22.33
-145.964,58.2253#50.36#27.18#22.46
-145.863,58.2216#50.2#27.19#22.61
-145.763,58.2177#50.04#27.2#22.76
-145.662,58.2137#49.87#27.21#22.92
-145.562,58.2097#49.71#27.22#23.07
-145.461,58.2055#49.53#27.24#23.23
-145.361,58.2013#49.33#27.26#23.41
-145.261,58.1969#49.13#27.28#23.59
-145.16,58.1925#48.92#27.3#23.78
-145.06,58.188#48.72#27.32#23.96
-144.96,58.1833#48.51#27.35#24.14
-144.859,58.1786#48.3#27.39#24.31
-144.759,58.1738#48.09#27.42#24.49
-144.659,58.1689#47.88#27.46#24.66
-144.559,58.164#47.67#27.49#24.84
-144.459,58.1589#47.48#27.53#24.99
-144.359,58.1537#47.3#27.57#25.13
-144.259,58.1484#47.12#27.6#25.28
-144.159,58.1431#46.94#27.64#25.42
-144.059,58.1376#46.77#27.68#25.55
-143.959,58.1321#46.6#27.71#25.69
-143.859,58.1265#46.44#27.74#25.82
-143.759,58.1208#46.28#27.77#25.95
-143.659,58.1149#46.13#27.79#26.08
-143.559,58.109#45.97#27.82#26.21
-143.459,58.103#45.83#27.84#26.33
-143.36,58.097#45.69#27.86#26.45
-143.26,58.0908#45.56#27.87#26.57
-143.16,58.0845#45.43#27.88#26.69
-143.061,58.0781#45.3#27.9#26.8
-142.961,58.0717#45.17#27.91#26.92
-142.862,58.0651#45.05#27.92#27.03
-142.762,58.0585#44.93#27.93#27.14
-142.663,58.0518#44.81#27.93#27.26
-142.563,58.045#44.7#27.94#27.36
-142.464,58.038#44.58#27.95#27.47
-142.365,58.031#44.47#27.96#27.57
-142.266,58.024#44.37#27.96#27.67
-142.166,58.0168#44.26#27.97#27.77
-142.067,58.0095#44.16#27.97#27.87
-141.968,58.0021#44.05#27.98#27.97
-141.869,57.9947#43.96#27.98#28.06
-141.77,57.9871#43.87#27.98#28.15
-141.671,57.9795#43.78#27.99#28.23
-141.572,57.9718#43.69#27.99#28.32
-141.473,57.964#43.6#27.99#28.41
-141.375,57.9561#43.51#28#28.49
-141.276,57.9481#43.43#28#28.57
-141.177,57.94#43.35#28#28.65
-141.078,57.9318#43.27#28.01#28.72
-140.98,57.9235#43.19#28.01#28.8
-140.881,57.9152#43.11#28.01#28.88
-140.783,57.9067#43.04#28.01#28.95
-159.823,57.9065#69.75#26.44#3.81
-159.724,57.9155#69.75#26.45#3.8
-159.626,57.9244#69.76#26.45#3.78999999999999
-159.528,57.9333#69.76#26.45#3.78999999999999
-159.429,57.942#69.75#26.46#3.78999999999999
-159.331,57.9506#69.75#26.46#3.78999999999999
-159.232,57.9592#69.75#26.46#3.78999999999999
-159.133,57.9676#69.75#26.47#3.78
-159.035,57.976#69.75#26.47#3.78
-158.936,57.9843#69.74#26.48#3.78
-158.837,57.9925#69.74#26.48#3.78
-158.738,58.0006#69.73#26.48#3.78999999999999
-158.639,58.0086#69.73#26.49#3.78
-158.54,58.0165#69.72#26.49#3.79000000000001
-158.441,58.0243#69.72#26.5#3.78
-158.342,58.0321#69.71#26.5#3.79000000000001
-158.243,58.0397#69.7#26.5#3.8
-158.144,58.0473#69.69#26.51#3.8
-158.045,58.0547#69.68#26.51#3.80999999999999
-157.945,58.0621#69.67#26.52#3.81
-157.846,58.0694#69.65#26.52#3.83
-157.747,58.0766#69.64#26.52#3.84
-157.647,58.0837#69.63#26.53#3.84
-157.548,58.0907#69.62#26.53#3.84999999999999
-157.448,58.0976#69.6#26.54#3.86000000000001
-157.349,58.1045#69.57#26.54#3.89000000000001
-157.249,58.1112#69.54#26.55#3.91
-157.149,58.1179#69.52#26.55#3.93000000000001
-157.05,58.1244#69.5#26.55#3.95
-156.95,58.1309#69.46#26.56#3.98
-156.85,58.1373#69.41#26.56#4.03
-156.75,58.1435#69.36#26.57#4.06999999999999
-156.651,58.1497#69.31#26.57#4.12
-156.551,58.1558#69.26#26.58#4.16
-156.451,58.1618#69.2#26.58#4.22
-156.351,58.1677#69.13#26.59#4.28
-156.251,58.1736#69.05#26.59#4.36
-156.151,58.1793#68.98#26.59#4.42999999999999
-156.051,58.1849#68.9#26.6#4.5
-155.951,58.1905#68.8#26.6#4.59999999999999
-155.85,58.1959#68.68#26.61#4.70999999999999
-155.75,58.2013#68.57#26.61#4.82000000000001
-155.65,58.2066#68.45#26.62#4.92999999999999
-155.55,58.2118#68.34#26.62#5.03999999999999
-155.449,58.2169#68.2#26.63#5.17
-155.349,58.2218#68.05#26.63#5.32000000000001
-155.249,58.2267#67.9#26.64#5.45999999999999
-155.148,58.2316#67.75#26.64#5.61
-155.048,58.2363#67.6#26.65#5.75
-154.947,58.2409#67.43#26.65#5.91999999999999
-154.847,58.2454#67.25#26.66#6.09
-154.746,58.2499#67.07#26.66#6.27000000000001
-154.646,58.2542#66.89#26.67#6.44
-154.545,58.2585#66.71#26.67#6.62
-154.445,58.2626#66.52#26.68#6.80000000000001
-154.344,58.2667#66.31#26.68#7.00999999999999
-154.243,58.2707#66.11#26.69#7.2
-154.143,58.2746#65.9#26.69#7.41
-154.042,58.2783#65.7#26.7#7.59999999999999
-153.941,58.282#65.49#26.7#7.81
-153.84,58.2856#65.27#26.71#8.02000000000001
-153.74,58.2892#65.06#26.71#8.22999999999999
-153.639,58.2926#64.85#26.72#8.43000000000001
-153.538,58.2959#64.63#26.72#8.65000000000001
-153.437,58.2991#64.47#26.73#8.8
-153.336,58.3023#64.33#26.73#8.94
-153.235,58.3053#64.2#26.74#9.06
-153.134,58.3083#64.06#26.74#9.2
-153.033,58.3111#63.92#26.75#9.33
-152.933,58.3139#63.76#26.75#9.49000000000001
-152.832,58.3165#63.58#26.76#9.66
-152.731,58.3191#63.4#26.76#9.84
-152.63,58.3216#63.22#26.77#10.01
-152.529,58.324#63.04#26.77#10.19
-152.427,58.3263#62.86#26.78#10.36
-152.326,58.3285#62.68#26.79#10.53
-152.225,58.3306#62.5#26.79#10.71
-152.124,58.3326#62.32#26.8#10.88
-152.023,58.3345#62.14#26.8#11.06
-151.922,58.3364#61.95#26.81#11.24
-151.821,58.3381#61.75#26.81#11.44
-151.72,58.3397#61.55#26.82#11.63
-151.619,58.3413#61.36#26.82#11.82
-151.517,58.3427#61.16#26.83#12.01
-151.416,58.3441#60.9#26.84#12.26
-151.315,58.3454#60.61#26.84#12.55
-151.214,58.3465#60.33#26.85#12.82
-151.113,58.3476#60.05#26.85#13.1
-151.012,58.3486#59.76#26.86#13.38
