-152.221,56.9009#55.23#26.99#17.78
-152.124,56.9029#55.12#26.99#17.89
-152.028,56.9048#55#27#18
-151.931,56.9066#54.87#27#18.13
-151.835,56.9083#54.74#27.01#18.25
-151.738,56.91#54.61#27.01#18.38
-151.642,56.9115#54.48#27.02#18.5
-151.545,56.913#54.35#27.03#18.62
-151.448,56.9144#54.22#27.03#18.75
-151.352,56.9157#54.09#27.04#18.87
-151.255,56.9169#53.95#27.04#19.01
-151.159,56.918#53.82#27.05#19.13
-151.062,56.919#53.69#27.05#19.26
-150.966,56.9199#53.56#27.06#19.38
-150.869,56.9208#53.43#27.07#19.5
-150.772,56.9215#53.31#27.07#19.62
-150.676,56.9222#53.18#27.08#19.74
-150.579,56.9228#53.05#27.08#19.87
-150.482,56.9233#52.92#27.09#19.99
-150.386,56.9237#52.81#27.09#20.1
-150.289,56.924#52.69#27.1#20.21
-150.193,56.9242#52.58#27.11#20.31
-150.096,56.9243#52.46#27.11#20.43
-149.999,56.9244#52.34#27.12#20.54
-149.903,56.9243#52.23#27.12#20.65
-149.806,56.9242#52.11#27.13#20.76
-149.71,56.924#51.99#27.14#20.87
-149.613,56.9237#51.88#27.14#20.98
-149.516,56.9233#51.76#27.15#21.09
-149.42,56.9228#51.65#27.15#21.2
-149.323,56.9222#51.53#27.16#21.31
-149.226,56.9215#51.42#27.17#21.41
-149.13,56.9208#51.3#27.17#21.53
-149.033,56.9199#51.19#27.18#21.63
-148.937,56.919#51.07#27.18#21.75
-148.84,56.918#50.94#27.19#21.87
-148.744,56.9169#50.82#27.2#21.98
-148.647,56.9157#50.7#27.2#22.1
-148.55,56.9144#50.58#27.21#22.21
-148.454,56.913#50.44#27.21#22.35
-148.357,56.9115#50.29#27.22#22.49
-148.261,56.91#50.14#27.23#22.63
-148.164,56.9083#49.99#27.23#22.78
-148.068,56.9066#49.84#27.24#22.92
-147.971,56.9048#49.68#27.24#23.08
-147.875,56.9029#49.51#27.25#23.24
-147.778,56.9009#49.34#27.26#23.4
-153.961,56.9024#58.26#26.88#14.86
-153.865,56.906#58.08#26.89#15.03
-153.769,56.9095#57.9#26.89#15.21
-153.672,56.9129#57.71#26.9#15.39
-153.576,56.9162#57.53#26.9#15.57
-153.479,56.9195#57.35#26.91#15.74
-153.383,56.9226#57.18#26.92#15.9
-153.287,56.9257#57.01#26.92#16.07
-153.19,56.9287#56.84#26.93#16.23
-153.094,56.9316#56.67#26.93#16.4
-152.997,56.9344#56.5#26.94#16.56
-152.9,56.9371#56.37#26.94#16.69
-152.804,56.9397#56.24#26.95#16.81
-152.707,56.9422#56.11#26.95#16.94
-152.611,56.9447#55.97#26.96#17.07
-152.514,56.947#55.84#26.96#17.2
-152.418,56.9493#55.73#26.97#17.3
-152.321,56.9515#55.61#26.97#17.42
-152.224,56.9536#55.5#26.98#17.52
-152.128,56.9556#55.38#26.99#17.63
-152.031,56.9575#55.27#26.99#17.74
-151.934,56.9593#55.14#27#17.86
-151.838,56.9611#55.01#27#17.99
-151.741,56.9627#54.88#27.01#18.11
-151.644,56.9643#54.74#27.01#18.25
-151.548,56.9657#54.61#27.02#18.37
-151.451,56.9671#54.48#27.02#18.5
-151.354,56.9684#54.34#27.03#18.63
-151.257,56.9696#54.21#27.04#18.75
-151.161,56.9707#54.07#27.04#18.89
-151.064,56.9717#53.94#27.05#19.01
-150.967,56.9727#53.8#27.05#19.15
-150.87,56.9735#53.67#27.06#19.27
-150.774,56.9743#53.54#27.06#19.4
-150.677,56.9749#53.41#27.07#19.52
-150.58,56.9755#53.28#27.08#19.64
-150.483,56.976#53.15#27.08#19.77
-150.387,56.9764#53.03#27.09#19.88
-150.29,56.9767#52.91#27.09#20
-150.193,56.9769#52.79#27.1#20.11
-150.096,56.9771#52.67#27.1#20.23
-149.999,56.9771#52.54#27.11#20.35
-149.903,56.9771#52.42#27.12#20.46
-149.806,56.9769#52.3#27.12#20.58
-149.709,56.9767#52.18#27.13#20.69
-149.612,56.9764#52.06#27.13#20.81
-149.515,56.976#51.94#27.14#20.92
-149.419,56.9755#51.83#27.15#21.02
-149.322,56.9749#51.71#27.15#21.14
-149.225,56.9743#51.6#27.16#21.24
-149.128,56.9735#51.48#27.16#21.36
-149.032,56.9727#51.36#27.17#21.47
-148.935,56.9717#51.24#27.18#21.58
-148.838,56.9707#51.12#27.18#21.7
-148.741,56.9696#51#27.19#21.81
-148.645,56.9684#50.87#27.19#21.94
-148.548,56.9671#50.75#27.2#22.05
-148.451,56.9657#50.61#27.21#22.18
-148.354,56.9642#50.46#27.21#22.33
-148.258,56.9627#50.31#27.22#22.47
-148.161,56.961#50.16#27.22#22.62
-148.064,56.9593#50.01#27.23#22.76
-147.968,56.9575#49.86#27.24#22.9
-147.871,56.9556#49.69#27.24#23.07
-147.774,56.9535#49.52#27.25#23.23
-147.678,56.9515#49.36#27.26#23.38
-147.581,56.9493#49.19#27.26#23.55
-147.485,56.947#49.02#27.27#23.71
-147.388,56.9446#48.82#27.27#23.91
-147.291,56.9422#48.62#27.28#24.1
-147.195,56.9397#48.43#27.29#24.28
-147.098,56.937#48.23#27.29#24.48
-147.002,56.9343#48.04#27.3#24.66
-146.905,56.9315#47.86#27.31#24.83
-146.809,56.9286#47.68#27.31#25.01
-146.712,56.9256#47.5#27.32#25.18
-146.616,56.9226#47.31#27.32#25.37
-146.519,56.9194#47.13#27.33#25.54
-146.423,56.9162#46.97#27.34#25.69
-146.327,56.9128#46.8#27.34#25.86
-146.23,56.9094#46.64#27.35#26.01
-146.134,56.9059#46.47#27.36#26.17
-146.038,56.9023#46.3#27.36#26.34
-155.22,56.9001#61.53#26.81#11.66
-155.124,56.9048#61.28#26.82#11.9
-155.028,56.9095#61.03#26.82#12.15
-154.932,56.914#60.8#26.83#12.37
-154.835,56.9185#60.57#26.83#12.6
-154.739,56.9229#60.35#26.84#12.81
-154.643,56.9272#60.12#26.84#13.04
-154.546,56.9315#59.89#26.85#13.26
-154.45,56.9356#59.66#26.85#13.49
-154.354,56.9397#59.44#26.86#13.7
-154.257,56.9436#59.21#26.86#13.93
-154.161,56.9475#58.99#26.87#14.14
-154.064,56.9513#58.76#26.87#14.37
-153.968,56.955#58.55#26.88#14.57
-153.871,56.9586#58.36#26.88#14.76
-153.775,56.9621#58.18#26.89#14.93
-153.678,56.9655#57.99#26.89#15.12
-153.582,56.9689#57.81#26.9#15.29
-153.485,56.9721#57.62#26.9#15.48
-153.389,56.9753#57.45#26.91#15.64
-153.292,56.9783#57.28#26.91#15.81
-153.195,56.9813#57.11#26.92#15.97
-153.099,56.9842#56.93#26.92#16.15
-153.002,56.987#56.76#26.93#16.31
-152.905,56.9897#56.63#26.93#16.44
-152.809,56.9924#56.5#26.94#16.56
-152.712,56.9949#56.37#26.95#16.68
-152.615,56.9974#56.23#26.95#16.82
-152.518,56.9997#56.1#26.96#16.94
-152.422,57.002#55.98#26.96#17.06
-152.325,57.0042#55.87#26.97#17.16
-152.228,57.0063#55.76#26.97#17.27
-152.131,57.0083#55.65#26.98#17.37
-152.034,57.0102#55.53#26.98#17.49
-151.938,57.012#55.41#26.99#17.6
-151.841,57.0138#55.27#26.99#17.74
-151.744,57.0154#55.14#27#17.86
-151.647,57.017#55.01#27.01#17.98
-151.55,57.0185#54.87#27.01#18.12
-151.453,57.0198#54.73#27.02#18.25
-151.356,57.0211#54.6#27.02#18.38
-151.26,57.0223#54.46#27.03#18.51
-151.163,57.0235#54.32#27.03#18.65
-151.066,57.0245#54.18#27.04#18.78
-150.969,57.0254#54.05#27.04#18.91
-150.872,57.0263#53.91#27.05#19.04
-150.775,57.027#53.78#27.06#19.16
-150.678,57.0277#53.64#27.06#19.3
-150.581,57.0283#53.51#27.07#19.42
-150.484,57.0288#53.37#27.07#19.56
-150.387,57.0292#53.25#27.08#19.67
-150.29,57.0295#53.12#27.09#19.79
-150.193,57.0297#53#27.09#19.91
-150.096,57.0298#52.87#27.1#20.03
-149.999,57.0299#52.75#27.1#20.15
-149.902,57.0298#52.62#27.11#20.27
-149.805,57.0297#52.5#27.11#20.39
-149.709,57.0295#52.37#27.12#20.51
-149.612,57.0292#52.25#27.13#20.62
-149.515,57.0288#52.12#27.13#20.75
-149.418,57.0283#52.01#27.14#20.85
-149.321,57.0277#51.89#27.14#20.97
-149.224,57.027#51.77#27.15#21.08
-149.127,57.0263#51.66#27.16#21.18
-149.03,57.0254#51.54#27.16#21.3
-148.933,57.0245#51.42#27.17#21.41
-148.836,57.0234#51.29#27.17#21.54
-148.739,57.0223#51.17#27.18#21.65
-148.642,57.0211#51.04#27.19#21.77
-148.545,57.0198#50.92#27.19#21.89
-148.449,57.0184#50.78#27.2#22.02
-148.352,57.017#50.64#27.2#22.16
-148.255,57.0154#50.49#27.21#22.3
-148.158,57.0138#50.34#27.22#22.44
-148.061,57.012#50.19#27.22#22.59
-147.964,57.0102#50.04#27.23#22.73
-147.867,57.0083#49.87#27.24#22.89
-147.771,57.0063#49.71#27.24#23.05
-147.674,57.0042#49.54#27.25#23.21
-147.577,57.002#49.38#27.25#23.37
-147.48,56.9997#49.21#27.26#23.53
-147.384,56.9973#49.01#27.27#23.72
-147.287,56.9949#48.81#27.27#23.92
-147.19,56.9923#48.61#27.28#24.11
-147.093,56.9897#48.42#27.29#24.29
-146.997,56.987#48.22#27.29#24.49
-146.9,56.9842#48.04#27.3#24.66
-146.803,56.9813#47.85#27.3#24.85
-146.707,56.9783#47.67#27.31#25.02
-146.61,56.9752#47.49#27.32#25.19
-146.514,56.9721#47.31#27.32#25.37
-146.417,56.9688#47.14#27.33#25.53
-146.32,56.9655#46.97#27.34#25.69
-146.224,56.962#46.81#27.34#25.85
-146.127,56.9585#46.64#27.35#26.01
-146.031,56.9549#46.48#27.36#26.16
-145.934,56.9512#46.31#27.36#26.33
-145.838,56.9474#46.15#27.37#26.48
-145.741,56.9436#45.99#27.38#26.63
-145.645,56.9396#45.83#27.38#26.79
-145.549,56.9356#45.66#27.39#26.95
-145.452,56.9314#45.51#27.4#27.09
-145.356,56.9272#45.36#27.4#27.24
-145.26,56.9229#45.21#27.41#27.38
-145.163,56.9185#45.06#27.41#27.53
-145.067,56.914#44.91#27.42#27.67
-144.971,56.9094#44.76#27.43#27.81
-144.875,56.9047#44.63#27.44#27.93
-144.779,56.9#44.5#27.44#28.06
-156.19,56.9001#64.2#26.75#9.05
-156.094,56.9057#63.97#26.76#9.27
-155.998,56.9113#63.73#26.76#9.51000000000001
-155.902,56.9168#63.51#26.77#9.72
-155.806,56.9221#63.29#26.77#9.94
-155.71,56.9274#63.07#26.78#10.15
-155.614,56.9326#62.85#26.78#10.37
-155.518,56.9377#62.63#26.79#10.58
-155.422,56.9428#62.39#26.79#10.82
-155.325,56.9477#62.15#26.8#11.05
-155.229,56.9526#61.9#26.8#11.3
-155.133,56.9573#61.65#26.81#11.54
-155.036,56.962#61.4#26.81#11.79
-154.94,56.9666#61.16#26.82#12.02
-154.844,56.9711#60.93#26.82#12.25
-154.747,56.9755#60.7#26.83#12.47
-154.651,56.9798#60.46#26.83#12.71
-154.554,56.984#60.23#26.84#12.93
-154.458,56.9882#59.99#26.84#13.17
-154.361,56.9922#59.76#26.85#13.39
-154.265,56.9962#59.53#26.85#13.62
-154.168,57.0001#59.3#26.86#13.84
-154.071,57.0039#59.06#26.86#14.08
-153.975,57.0076#58.84#26.87#14.29
-153.878,57.0112#58.65#26.87#14.48
-153.781,57.0147#58.46#26.88#14.66
-153.685,57.0182#58.27#26.88#14.85
-153.588,57.0215#58.08#26.89#15.03
-153.491,57.0248#57.89#26.89#15.22
-153.394,57.0279#57.72#26.9#15.38
-153.298,57.031#57.54#26.91#15.55
-153.201,57.034#57.37#26.91#15.72
-153.104,57.0369#57.2#26.92#15.88
-153.007,57.0397#57.02#26.92#16.06
-152.91,57.0424#56.89#26.93#16.18
-152.813,57.0451#56.75#26.93#16.32
-152.717,57.0476#56.62#26.94#16.44
-152.62,57.0501#56.49#26.94#16.57
-152.523,57.0524#56.36#26.95#16.69
-152.426,57.0547#56.24#26.95#16.81
-152.329,57.0569#56.13#26.96#16.91
-152.232,57.059#56.02#26.96#17.02
-152.135,57.061#55.91#26.97#17.12
-152.038,57.0629#55.8#26.98#17.22
-151.941,57.0648#55.67#26.98#17.35
-151.844,57.0665#55.54#26.99#17.47
-151.747,57.0682#55.4#26.99#17.61
-151.65,57.0697#55.27#27#17.73
-151.553,57.0712#55.13#27#17.87
-151.456,57.0726#54.99#27.01#18
-151.359,57.0739#54.85#27.01#18.14
-151.262,57.0751#54.71#27.02#18.27
-151.165,57.0762#54.57#27.03#18.4
-151.068,57.0772#54.43#27.03#18.54
-150.97,57.0782#54.29#27.04#18.67
-150.873,57.079#54.15#27.04#18.81
-150.776,57.0798#54.01#27.05#18.94
-150.679,57.0804#53.88#27.05#19.07
-150.582,57.081#53.74#27.06#19.2
-150.485,57.0815#53.6#27.07#19.33
-150.388,57.0819#53.47#27.07#19.46
-150.291,57.0822#53.34#27.08#19.58
-150.194,57.0825#53.21#27.08#19.71
-150.097,57.0826#53.08#27.09#19.83
-149.999,57.0826#52.95#27.1#19.95
-149.902,57.0826#52.82#27.1#20.08
-149.805,57.0825#52.69#27.11#20.2
-149.708,57.0822#52.56#27.11#20.33
-149.611,57.0819#52.43#27.12#20.45
-149.514,57.0815#52.3#27.12#20.58
-149.417,57.081#52.18#27.13#20.69
-149.32,57.0804#52.07#27.14#20.79
-149.223,57.0798#51.95#27.14#20.91
-149.125,57.079#51.84#27.15#21.01
-149.028,57.0782#51.72#27.15#21.13
-148.931,57.0772#51.59#27.16#21.25
-148.834,57.0762#51.47#27.17#21.36
-148.737,57.0751#51.34#27.17#21.49
-148.64,57.0739#51.22#27.18#21.6
-148.543,57.0726#51.09#27.18#21.73
-148.446,57.0712#50.95#27.19#21.86
-148.349,57.0697#50.81#27.2#21.99
-148.252,57.0681#50.66#27.2#22.14
-148.155,57.0665#50.52#27.21#22.27
-148.058,57.0647#50.37#27.22#22.41
-147.961,57.0629#50.22#27.22#22.56
-147.864,57.061#50.06#27.23#22.71
-147.767,57.059#49.89#27.23#22.88
-147.67,57.0569#49.73#27.24#23.03
-147.573,57.0547#49.57#27.25#23.18
-147.476,57.0524#49.4#27.25#23.35
-147.379,57.05#49.2#27.26#23.54
-147.282,57.0476#49#27.27#23.73
-147.185,57.045#48.8#27.27#23.93
-147.088,57.0424#48.6#27.28#24.12
-146.992,57.0397#48.4#27.28#24.32
-146.895,57.0369#48.22#27.29#24.49
-146.798,57.034#48.03#27.3#24.67
-146.701,57.031#47.85#27.3#24.85
-146.604,57.0279#47.66#27.31#25.03
-146.508,57.0247#47.48#27.32#25.2
-146.411,57.0215#47.31#27.32#25.37
-146.314,57.0181#47.15#27.33#25.52
-146.217,57.0147#46.98#27.34#25.68
-146.121,57.0111#46.82#27.34#25.84
-146.024,57.0075#46.65#27.35#26
-145.927,57.0038#46.49#27.35#26.16
-145.831,57#46.32#27.36#26.32
-145.734,56.9962#46.16#27.37#26.47
-145.638,56.9922#45.99#27.37#26.64
-145.541,56.9881#45.83#27.38#26.79
-145.445,56.984#45.67#27.39#26.94
-145.348,56.9798#45.52#27.39#27.09
-145.252,56.9754#45.37#27.4#27.23
-145.155,56.971#45.22#27.41#27.37
-145.059,56.9665#45.06#27.41#27.53
-144.962,56.9619#44.92#27.42#27.66
-144.866,56.9573#44.78#27.43#27.79
-144.77,56.9525#44.65#27.44#27.91
-144.674,56.9477#44.51#27.45#28.04
-144.577,56.9427#44.38#27.45#28.17
-144.481,56.9377#44.25#27.46#28.29
-144.385,56.9326#44.13#27.48#28.39
-144.289,56.9274#44.02#27.49#28.49
-144.193,56.9221#43.9#27.5#28.6
-144.096,56.9167#43.79#27.52#28.69
-144,56.9112#43.67#27.53#28.8
-143.904,56.9057#43.58#27.55#28.87
-143.808,56.9#43.5#27.57#28.93
-156.969,56.9041#65.94#26.71#7.34999999999999
-156.873,56.9105#65.8#26.71#7.49000000000001
-156.777,56.9168#65.65#26.72#7.63
-156.681,56.9229#65.5#26.72#7.78
-156.585,56.929#65.35#26.73#7.92
-156.489,56.935#65.19#26.73#8.08
-156.393,56.941#64.95#26.74#8.31
-156.297,56.9468#64.72#26.74#8.54000000000001
-156.201,56.9525#64.49#26.75#8.76000000000001
-156.105,56.9582#64.27#26.75#8.98
-156.009,56.9637#64.04#26.76#9.19999999999999
-155.912,56.9692#63.83#26.76#9.41
-155.816,56.9746#63.62#26.77#9.61
-155.72,56.9799#63.41#26.77#9.82000000000001
-155.623,56.9851#63.2#26.78#10.02
-155.527,56.9902#63#26.78#10.22
-155.431,56.9953#62.77#26.79#10.44
-155.334,57.0002#62.52#26.79#10.69
-155.238,57.0051#62.27#26.8#10.93
-155.141,57.0099#62.02#26.8#11.18
-155.045,57.0145#61.76#26.81#11.43
-154.948,57.0191#61.52#26.81#11.67
-154.852,57.0236#61.28#26.82#11.9
-154.755,57.0281#61.05#26.82#12.13
-154.658,57.0324#60.81#26.83#12.36
-154.562,57.0366#60.56#26.83#12.61
-154.465,57.0408#60.32#26.84#12.84
-154.368,57.0448#60.09#26.84#13.07
-154.272,57.0488#59.85#26.85#13.3
-154.175,57.0527#59.61#26.85#13.54
-154.078,57.0565#59.36#26.86#13.78
-153.981,57.0602#59.13#26.86#14.01
-153.885,57.0638#58.94#26.87#14.19
-153.788,57.0674#58.75#26.87#14.38
-153.691,57.0708#58.55#26.88#14.57
-153.594,57.0742#58.36#26.88#14.76
-153.497,57.0774#58.16#26.89#14.95
-153.4,57.0806#57.99#26.89#15.12
-153.303,57.0837#57.81#26.9#15.29
-153.206,57.0867#57.63#26.9#15.47
-153.109,57.0896#57.46#26.91#15.63
-153.012,57.0924#57.28#26.91#15.81
-152.915,57.0951#57.14#26.92#15.94
-152.818,57.0978#57.01#26.92#16.07
-152.721,57.1003#56.88#26.93#16.19
-152.624,57.1028#56.75#26.94#16.31
-152.527,57.1052#56.62#26.94#16.44
-152.43,57.1074#56.5#26.95#16.55
-152.333,57.1096#56.39#26.95#16.66
-152.236,57.1117#56.29#26.96#16.75
-152.139,57.1137#56.18#26.96#16.86
-152.041,57.1157#56.07#26.97#16.96
-151.944,57.1175#55.94#26.97#17.09
-151.847,57.1193#55.8#26.98#17.22
-151.75,57.1209#55.67#26.98#17.35
-151.653,57.1225#55.53#26.99#17.48
-151.555,57.124#55.39#27#17.61
-151.458,57.1253#55.25#27#17.75
-151.361,57.1266#55.11#27.01#17.88
-151.264,57.1279#54.97#27.01#18.02
-151.167,57.129#54.82#27.02#18.16
-151.069,57.13#54.68#27.02#18.3
-150.972,57.1309#54.53#27.03#18.44
-150.875,57.1318#54.39#27.04#18.57
-150.778,57.1326#54.25#27.04#18.71
-150.68,57.1332#54.11#27.05#18.84
-150.583,57.1338#53.97#27.05#18.98
-150.486,57.1343#53.82#27.06#19.12
-150.389,57.1347#53.69#27.06#19.25
-150.291,57.135#53.56#27.07#19.37
-150.194,57.1352#53.42#27.08#19.5
-150.097,57.1354#53.29#27.08#19.63
-149.999,57.1354#53.15#27.09#19.76
-149.902,57.1354#53.02#27.09#19.89
-149.805,57.1352#52.89#27.1#20.01
-149.708,57.135#52.75#27.11#20.14
-149.61,57.1347#52.62#27.11#20.27
-149.513,57.1343#52.48#27.12#20.4
-149.416,57.1338#52.36#27.12#20.52
-149.318,57.1332#52.25#27.13#20.62
-149.221,57.1325#52.13#27.14#20.73
-149.124,57.1318#52.01#27.14#20.85
-149.027,57.1309#51.9#27.15#20.95
-148.929,57.13#51.77#27.15#21.08
-148.832,57.129#51.64#27.16#21.2
-148.735,57.1278#51.52#27.17#21.31
-148.638,57.1266#51.39#27.17#21.44
-148.541,57.1253#51.26#27.18#21.56
-148.443,57.1239#51.13#27.18#21.69
-148.346,57.1225#50.98#27.19#21.83
-148.249,57.1209#50.84#27.2#21.96
-148.152,57.1192#50.69#27.2#22.11
-148.055,57.1175#50.55#27.21#22.24
-147.957,57.1156#50.4#27.21#22.39
-147.86,57.1137#50.24#27.22#22.54
-147.763,57.1117#50.08#27.23#22.69
-147.666,57.1096#49.92#27.23#22.85
-147.569,57.1074#49.76#27.24#23
-147.472,57.1051#49.59#27.25#23.16
-147.375,57.1028#49.39#27.25#23.36
-147.278,57.1003#49.19#27.26#23.55
-147.181,57.0977#48.98#27.26#23.76
-147.084,57.0951#48.78#27.27#23.95
-146.987,57.0924#48.58#27.28#24.14
-146.89,57.0895#48.39#27.28#24.33
-146.793,57.0866#48.21#27.29#24.5
-146.696,57.0836#48.02#27.3#24.68
-146.599,57.0806#47.84#27.3#24.86
-146.502,57.0774#47.65#27.31#25.04
-146.405,57.0741#47.48#27.32#25.2
-146.308,57.0708#47.32#27.32#25.36
-146.211,57.0673#47.16#27.33#25.51
-146.114,57.0638#46.99#27.33#25.68
-146.017,57.0602#46.83#27.34#25.83
-145.921,57.0565#46.66#27.35#25.99
-145.824,57.0527#46.49#27.35#26.16
-145.727,57.0488#46.33#27.36#26.31
-145.63,57.0448#46.16#27.37#26.47
-145.534,57.0407#46#27.37#26.63
-145.437,57.0366#45.84#27.38#26.78
-145.34,57.0323#45.68#27.39#26.93
-145.244,57.028#45.53#27.39#27.08
-145.147,57.0236#45.37#27.4#27.23
-145.051,57.0191#45.22#27.41#27.37
-144.954,57.0145#45.07#27.41#27.52
-144.857,57.0098#44.94#27.42#27.64
-144.761,57.005#44.8#27.43#27.77
-144.665,57.0002#44.66#27.44#27.9
-144.568,56.9952#44.53#27.45#28.02
-144.472,56.9902#44.4#27.46#28.14
-144.375,56.9851#44.28#27.47#28.25
-144.279,56.9798#44.16#27.49#28.35
-144.183,56.9745#44.04#27.5#28.46
-144.086,56.9691#43.92#27.51#28.57
-143.99,56.9637#43.81#27.53#28.66
-143.894,56.9581#43.72#27.55#28.73
-143.798,56.9525#43.63#27.58#28.79
-143.702,56.9467#43.54#27.6#28.86
-143.606,56.9409#43.45#27.62#28.93
-143.51,56.935#43.36#27.64#29
-143.414,56.929#43.29#27.67#29.04
-143.318,56.9229#43.23#27.69#29.08
-143.222,56.9167#43.16#27.72#29.12
-143.126,56.9104#43.1#27.75#29.15
-143.03,56.9041#43.03#27.77#29.2
-157.747,56.9024#67.13#26.67#6.2
-157.652,56.9095#67.05#26.67#6.28
-157.556,56.9165#66.97#26.68#6.34999999999999
-157.46,56.9233#66.87#26.68#6.44999999999999
-157.364,56.9301#66.73#26.68#6.59
-157.268,56.9369#66.6#26.69#6.71000000000001
-157.173,56.9435#66.47#26.69#6.84
-157.077,56.95#66.34#26.7#6.95999999999999
-156.981,56.9565#66.21#26.7#7.09
-156.885,56.9629#66.06#26.71#7.22999999999999
-156.789,56.9691#65.91#26.71#7.38
-156.692,56.9753#65.76#26.72#7.52
-156.596,56.9814#65.61#26.72#7.67
-156.5,56.9874#65.45#26.73#7.81999999999999
-156.404,56.9934#65.23#26.73#8.03999999999999
-156.308,56.9992#65.01#26.74#8.25
-156.211,57.005#64.79#26.74#8.47
-156.115,57.0106#64.57#26.74#8.69000000000001
-156.019,57.0162#64.35#26.75#8.90000000000001
-155.922,57.0217#64.14#26.75#9.11
-155.826,57.0271#63.95#26.76#9.28999999999999
-155.729,57.0324#63.75#26.76#9.48999999999999
-155.633,57.0376#63.56#26.77#9.67
-155.536,57.0428#63.36#26.77#9.87
-155.44,57.0478#63.14#26.78#10.08
-155.343,57.0528#62.89#26.78#10.33
-155.247,57.0576#62.64#26.79#10.57
-155.15,57.0624#62.38#26.79#10.83
-155.053,57.0671#62.13#26.8#11.07
-154.957,57.0717#61.88#26.8#11.32
-154.86,57.0762#61.64#26.81#11.55
-154.763,57.0806#61.4#26.81#11.79
-154.666,57.085#61.15#26.82#12.03
-154.57,57.0892#60.91#26.82#12.27
-154.473,57.0934#60.66#26.83#12.51
-154.376,57.0975#60.41#26.83#12.76
-154.279,57.1014#60.17#26.84#12.99
-154.182,57.1053#59.92#26.84#13.24
-154.085,57.1091#59.67#26.85#13.48
-153.988,57.1129#59.42#26.85#13.73
-153.891,57.1165#59.23#26.86#13.91
-153.794,57.12#59.03#26.86#14.11
-153.697,57.1235#58.83#26.87#14.3
-153.6,57.1268#58.63#26.87#14.5
-153.503,57.1301#58.43#26.88#14.69
-153.406,57.1333#58.26#26.89#14.85
-153.309,57.1364#58.08#26.89#15.03
-153.212,57.1394#57.9#26.9#15.2
-153.115,57.1423#57.72#26.9#15.38
-153.017,57.1451#57.54#26.91#15.55
-152.92,57.1478#57.4#26.91#15.69
-152.823,57.1505#57.27#26.92#15.81
-152.726,57.153#57.14#26.92#15.94
-152.629,57.1555#57.01#26.93#16.06
-152.531,57.1579#56.88#26.93#16.19
-152.434,57.1602#56.76#26.94#16.3
-152.337,57.1624#56.66#26.94#16.4
-152.239,57.1645#56.55#26.95#16.5
-152.142,57.1665#56.44#26.95#16.61
-152.045,57.1684#56.33#26.96#16.71
-151.948,57.1703#56.21#26.97#16.82
-151.85,57.172#56.07#26.97#16.96
-151.753,57.1737#55.93#26.98#17.09
-151.655,57.1752#55.79#26.98#17.23
-151.558,57.1767#55.66#26.99#17.35
-151.461,57.1781#55.51#26.99#17.5
-151.363,57.1794#55.37#27#17.63
-151.266,57.1806#55.22#27#17.78
-151.169,57.1818#55.07#27.01#17.92
-151.071,57.1828#54.92#27.02#18.06
-150.974,57.1837#54.78#27.02#18.2
-150.876,57.1846#54.63#27.03#18.34
-150.779,57.1853#54.49#27.03#18.48
-150.681,57.186#54.34#27.04#18.62
-150.584,57.1866#54.19#27.04#18.77
-150.487,57.1871#54.05#27.05#18.9
-150.389,57.1875#53.91#27.06#19.03
-150.292,57.1878#53.77#27.06#19.17
-150.194,57.188#53.63#27.07#19.3
-150.097,57.1882#53.5#27.07#19.43
-149.999,57.1882#53.36#27.08#19.56
-149.902,57.1882#53.22#27.09#19.69
-149.805,57.188#53.08#27.09#19.83
-149.707,57.1878#52.94#27.1#19.96
-149.61,57.1875#52.8#27.1#20.1
-149.512,57.1871#52.66#27.11#20.23
-149.415,57.1866#52.54#27.12#20.34
-149.317,57.186#52.42#27.12#20.46
-149.22,57.1853#52.31#27.13#20.56
-149.122,57.1846#52.19#27.13#20.68
-149.025,57.1837#52.07#27.14#20.79
-148.928,57.1828#51.95#27.15#20.9
-148.83,57.1817#51.82#27.15#21.03
-148.733,57.1806#51.69#27.16#21.15
-148.635,57.1794#51.56#27.16#21.28
-148.538,57.1781#51.43#27.17#21.4
-148.441,57.1767#51.3#27.18#21.52
-148.343,57.1752#51.16#27.18#21.66
-148.246,57.1737#51.01#27.19#21.8
-148.149,57.172#50.87#27.19#21.94
-148.051,57.1702#50.73#27.2#22.07
-147.954,57.1684#50.58#27.21#22.21
-147.857,57.1665#50.42#27.21#22.37
-147.759,57.1645#50.27#27.22#22.51
-147.662,57.1623#50.11#27.23#22.66
-147.565,57.1601#49.95#27.23#22.82
-147.467,57.1579#49.78#27.24#22.98
-147.37,57.1555#49.58#27.24#23.18
-147.273,57.153#49.37#27.25#23.38
-147.176,57.1505#49.17#27.26#23.57
-147.079,57.1478#48.96#27.26#23.78
-146.981,57.1451#48.76#27.27#23.97
-146.884,57.1423#48.57#27.28#24.15
-146.787,57.1393#48.39#27.28#24.33
-146.69,57.1363#48.2#27.29#24.51
-146.593,57.1332#48.01#27.3#24.69
-146.496,57.1301#47.82#27.3#24.88
-146.399,57.1268#47.66#27.31#25.03
-146.302,57.1234#47.49#27.31#25.2
-146.205,57.12#47.33#27.32#25.35
-146.108,57.1164#47.16#27.33#25.51
-146.011,57.1128#47#27.33#25.67
-145.914,57.1091#46.83#27.34#25.83
-145.817,57.1053#46.66#27.35#25.99
-145.72,57.1014#46.5#27.35#26.15
-145.623,57.0974#46.33#27.36#26.31
-145.526,57.0933#46.16#27.37#26.47
-145.429,57.0892#46#27.37#26.63
-145.332,57.0849#45.85#27.38#26.77
-145.236,57.0806#45.69#27.39#26.92
-145.139,57.0762#45.53#27.39#27.08
-145.042,57.0716#45.38#27.4#27.22
-144.945,57.067#45.23#27.41#27.36
-144.849,57.0623#45.09#27.42#27.49
-144.752,57.0576#44.95#27.42#27.63
-144.656,57.0527#44.81#27.43#27.76
-144.559,57.0477#44.67#27.44#27.89
-144.462,57.0427#44.54#27.45#28.01
-144.366,57.0376#44.42#27.47#28.11
-144.269,57.0323#44.3#27.48#28.22
-144.173,57.027#44.18#27.5#28.32
-144.076,57.0216#44.06#27.51#28.43
-143.98,57.0161#43.95#27.53#28.52
-143.884,57.0106#43.85#27.56#28.59
-143.787,57.0049#43.76#27.58#28.66
-143.691,56.9991#43.67#27.6#28.73
-143.595,56.9933#43.57#27.63#28.8
-143.499,56.9874#43.48#27.65#28.87
-143.402,56.9813#43.41#27.68#28.91
-143.306,56.9752#43.35#27.7#28.95
-143.21,56.9691#43.28#27.73#28.99
-143.114,56.9628#43.21#27.76#29.03
-143.018,56.9564#43.15#27.79#29.06
-142.922,56.9499#43.1#27.81#29.09
-142.826,56.9434#43.05#27.83#29.12
-142.73,56.9368#43#27.85#29.15
-142.634,56.9301#42.96#27.88#29.16
-142.539,56.9233#42.91#27.9#29.19
-142.443,56.9164#42.87#27.92#29.21
-142.347,56.9094#42.84#27.93#29.23
-142.251,56.9023#42.81#27.94#29.25
-158.43,56.9027#67.76#26.63#5.61
-158.335,56.9104#67.71#26.63#5.66000000000001
-158.239,56.918#67.67#26.64#5.69
-158.143,56.9255#67.62#26.64#5.73999999999999
-158.048,56.9329#67.57#26.65#5.78
-157.952,56.9402#67.51#26.65#5.84
-157.856,56.9475#67.43#26.65#5.91999999999999
-157.76,56.9547#67.35#26.66#5.99000000000001
-157.665,56.9617#67.27#26.66#6.07000000000001
-157.569,56.9687#67.19#26.67#6.14
-157.473,56.9756#67.1#26.67#6.23
-157.377,56.9824#66.97#26.68#6.34999999999999
-157.281,56.9892#66.85#26.68#6.47
-157.185,56.9958#66.72#26.69#6.59
-157.089,57.0024#66.6#26.69#6.71000000000001
-156.992,57.0088#66.47#26.7#6.83
-156.896,57.0152#66.32#26.7#6.98
-156.8,57.0215#66.17#26.7#7.13
-156.704,57.0277#66.02#26.71#7.27000000000001
-156.607,57.0338#65.86#26.71#7.43000000000001
-156.511,57.0399#65.71#26.72#7.57000000000001
-156.415,57.0458#65.5#26.72#7.78
-156.318,57.0516#65.29#26.73#7.97999999999999
-156.222,57.0574#65.08#26.73#8.19
-156.125,57.0631#64.86#26.74#8.40000000000001
-156.029,57.0687#64.65#26.74#8.61
-155.932,57.0742#64.46#26.75#8.79000000000001
-155.836,57.0796#64.27#26.75#8.98
-155.739,57.0849#64.09#26.76#9.14999999999999
-155.642,57.0901#63.91#26.76#9.33
-155.546,57.0953#63.73#26.77#9.5
-155.449,57.1003#63.51#26.77#9.72
-155.352,57.1053#63.26#26.78#9.96000000000001
-155.256,57.1102#63#26.78#10.22
-155.159,57.115#62.75#26.79#10.46
-155.062,57.1197#62.5#26.79#10.71
-154.965,57.1243#62.24#26.79#10.97
-154.868,57.1288#62#26.8#11.2
-154.771,57.1332#61.75#26.8#11.45
-154.674,57.1376#61.5#26.81#11.69
-154.577,57.1418#61.25#26.82#11.93
-154.48,57.146#60.99#26.82#12.19
-154.383,57.1501#60.74#26.83#12.43
-154.286,57.1541#60.49#26.83#12.68
-154.189,57.158#60.23#26.84#12.93
-154.092,57.1618#59.97#26.84#13.19
-153.995,57.1655#59.71#26.85#13.44
-153.898,57.1692#59.51#26.85#13.64
-153.801,57.1727#59.31#26.86#13.83
-153.703,57.1762#59.11#26.86#14.03
-153.606,57.1795#58.91#26.87#14.22
-153.509,57.1828#58.71#26.87#14.42
-153.412,57.186#58.53#26.88#14.59
-153.314,57.1891#58.35#26.88#14.77
-153.217,57.1921#58.17#26.89#14.94
-153.12,57.195#57.99#26.89#15.12
-153.023,57.1978#57.81#26.9#15.29
-152.925,57.2006#57.67#26.9#15.43
-152.828,57.2032#57.54#26.91#15.55
-152.73,57.2058#57.41#26.91#15.68
-152.633,57.2083#57.28#26.92#15.8
-152.536,57.2106#57.15#26.93#15.92
-152.438,57.2129#57.03#26.93#16.04
-152.341,57.2151#56.92#26.94#16.14
-152.243,57.2172#56.82#26.94#16.24
-152.146,57.2193#56.71#26.95#16.34
-152.048,57.2212#56.6#26.95#16.45
-151.951,57.223#56.48#26.96#16.56
-151.853,57.2248#56.34#26.96#16.7
-151.756,57.2265#56.2#26.97#16.83
-151.658,57.228#56.06#26.97#16.97
-151.561,57.2295#55.93#26.98#17.09
-151.463,57.2309#55.78#26.99#17.23
-151.366,57.2322#55.63#26.99#17.38
-151.268,57.2334#55.47#27#17.53
-151.171,57.2345#55.32#27#17.68
-151.073,57.2356#55.16#27.01#17.83
-150.975,57.2365#55.01#27.01#17.98
-150.878,57.2374#54.86#27.02#18.12
-150.78,57.2381#54.71#27.03#18.26
-150.683,57.2388#54.56#27.03#18.41
-150.585,57.2394#54.41#27.04#18.55
-150.487,57.2399#54.26#27.04#18.7
-150.39,57.2403#54.12#27.05#18.83
-150.292,57.2406#53.97#27.05#18.98
-150.195,57.2408#53.83#27.06#19.11
-150.097,57.241#53.69#27.07#19.24
-149.999,57.241#53.54#27.07#19.39
-149.902,57.241#53.4#27.08#19.52
-149.804,57.2408#53.26#27.08#19.66
-149.707,57.2406#53.12#27.09#19.79
-149.609,57.2403#52.97#27.1#19.93
-149.511,57.2399#52.83#27.1#20.07
-149.414,57.2394#52.71#27.11#20.18
-149.316,57.2388#52.58#27.11#20.31
-149.219,57.2381#52.46#27.12#20.42
-149.121,57.2374#52.34#27.13#20.53
-149.023,57.2365#52.22#27.13#20.65
-148.926,57.2356#52.09#27.14#20.77
-148.828,57.2345#51.96#27.14#20.9
-148.731,57.2334#51.83#27.15#21.02
-148.633,57.2322#51.7#27.16#21.14
-148.536,57.2309#51.57#27.16#21.27
-148.438,57.2295#51.43#27.17#21.4
-148.34,57.228#51.29#27.17#21.54
-148.243,57.2264#51.15#27.18#21.67
-148.145,57.2248#51.01#27.19#21.8
-148.048,57.223#50.87#27.19#21.94
-147.95,57.2212#50.72#27.2#22.08
-147.853,57.2192#50.57#27.21#22.22
-147.756,57.2172#50.41#27.21#22.38
-147.658,57.2151#50.26#27.22#22.52
-147.561,57.2129#50.11#27.22#22.67
-147.463,57.2106#49.94#27.23#22.83
-147.366,57.2082#49.74#27.24#23.02
-147.268,57.2058#49.54#27.24#23.22
-147.171,57.2032#49.34#27.25#23.41
-147.074,57.2005#49.13#27.26#23.61
-146.976,57.1978#48.94#27.26#23.8
-146.879,57.195#48.75#27.27#23.98
-146.782,57.1921#48.56#27.27#24.17
-146.684,57.189#48.37#27.28#24.35
-146.587,57.1859#48.18#27.29#24.53
-146.49,57.1828#47.99#27.29#24.72
-146.393,57.1795#47.83#27.3#24.87
-146.295,57.1761#47.67#27.31#25.02
-146.198,57.1727#47.5#27.31#25.19
-146.101,57.1691#47.34#27.32#25.34
-146.004,57.1655#47.17#27.33#25.5
-145.907,57.1618#47#27.33#25.67
-145.81,57.1579#46.83#27.34#25.83
-145.713,57.154#46.66#27.35#25.99
-145.616,57.15#46.5#27.35#26.15
-145.518,57.146#46.33#27.36#26.31
-145.421,57.1418#46.17#27.37#26.46
-145.324,57.1375#46.01#27.37#26.62
-145.228,57.1332#45.85#27.38#26.77
-145.131,57.1288#45.69#27.39#26.92
-145.034,57.1242#45.53#27.39#27.08
-144.937,57.1196#45.39#27.4#27.21
-144.84,57.1149#45.25#27.41#27.34
-144.743,57.1101#45.1#27.42#27.48
-144.646,57.1052#44.96#27.43#27.61
-144.55,57.1003#44.82#27.44#27.74
-144.453,57.0952#44.69#27.45#27.86
-144.356,57.0901#44.57#27.47#27.96
-144.26,57.0848#44.44#27.48#28.08
-144.163,57.0795#44.32#27.5#28.18
-144.066,57.0741#44.2#27.51#28.29
-143.97,57.0686#44.08#27.53#28.39
-143.873,57.063#43.99#27.56#28.45
-143.777,57.0573#43.89#27.58#28.53
-143.68,57.0516#43.8#27.61#28.59
-143.584,57.0457#43.7#27.63#28.67
-143.488,57.0398#43.61#27.66#28.73
-143.391,57.0337#43.54#27.69#28.77
-143.295,57.0276#43.47#27.71#28.82
-143.199,57.0214#43.4#27.74#28.86
-143.103,57.0151#43.33#27.77#28.9
-143.006,57.0088#43.26#27.8#28.94
-142.91,57.0023#43.21#27.82#28.97
-142.814,56.9957#43.16#27.84#29
-142.718,56.9891#43.11#27.86#29.03
-142.622,56.9824#43.06#27.88#29.06
-142.526,56.9755#43.01#27.91#29.08
-142.43,56.9686#42.97#27.92#29.11
-142.334,56.9617#42.94#27.93#29.13
-142.238,56.9546#42.9#27.95#29.15
-142.143,56.9474#42.86#27.96#29.18
-142.047,56.9402#42.83#27.97#29.2
-141.951,56.9328#42.8#27.98#29.22
-141.855,56.9254#42.77#27.99#29.24
-141.76,56.9179#42.75#28#29.25
-141.664,56.9103#42.72#28.01#29.27
-141.569,56.9026#42.69#28.01#29.3
-159.017,56.9068#68.11#26.6#5.28999999999999
-158.922,56.915#68.08#26.6#5.31999999999999
-158.827,56.9232#68.06#26.6#5.34
-158.731,56.9312#68.03#26.61#5.36
-158.636,56.9392#68.01#26.61#5.38
-158.54,56.9471#67.98#26.62#5.39999999999999
-158.444,56.9548#67.95#26.62#5.42999999999999
-158.349,56.9625#67.9#26.63#5.47
-158.253,56.9702#67.86#26.63#5.51000000000001
-158.157,56.9777#67.82#26.63#5.55000000000001
-158.061,56.9851#67.77#26.64#5.59
-157.965,56.9925#67.72#26.64#5.64
-157.869,56.9997#67.64#26.65#5.71000000000001
-157.773,57.0069#67.57#26.65#5.78
-157.677,57.014#67.49#26.66#5.85000000000001
-157.581,57.021#67.42#26.66#5.92
-157.485,57.0279#67.33#26.67#6
-157.389,57.0348#67.21#26.67#6.12
-157.293,57.0415#67.09#26.67#6.23999999999999
-157.197,57.0482#66.97#26.68#6.34999999999999
-157.101,57.0547#66.85#26.68#6.47
-157.004,57.0612#66.73#26.69#6.58
-156.908,57.0676#66.58#26.69#6.73
-156.812,57.0739#66.43#26.7#6.86999999999999
-156.715,57.0801#66.28#26.7#7.02
-156.619,57.0862#66.12#26.71#7.16999999999999
-156.522,57.0923#65.97#26.71#7.31999999999999
-156.426,57.0982#65.77#26.72#7.51000000000001
-156.329,57.1041#65.57#26.72#7.71000000000001
-156.232,57.1099#65.36#26.72#7.92
-156.136,57.1156#65.16#26.73#8.11
-156.039,57.1212#64.96#26.73#8.31
-155.942,57.1267#64.77#26.74#8.49000000000001
-155.846,57.1321#64.6#26.74#8.66000000000001
-155.749,57.1374#64.42#26.75#8.83
-155.652,57.1427#64.25#26.75#9
-155.555,57.1478#64.09#26.76#9.14999999999999
-155.458,57.1529#63.88#26.76#9.36
-155.361,57.1579#63.63#26.77#9.59999999999999
-155.264,57.1627#63.37#26.77#9.86
-155.168,57.1675#63.12#26.78#10.1
-155.071,57.1723#62.86#26.78#10.36
-154.973,57.1769#62.61#26.79#10.6
-154.876,57.1814#62.36#26.79#10.85
-154.779,57.1859#62.1#26.8#11.1
-154.682,57.1902#61.84#26.8#11.36
-154.585,57.1945#61.59#26.81#11.6
-154.488,57.1987#61.34#26.81#11.85
-154.391,57.2027#61.08#26.82#12.1
-154.294,57.2067#60.82#26.82#12.36
-154.196,57.2106#60.57#26.83#12.6
-154.099,57.2145#60.31#26.83#12.86
-154.002,57.2182#60.05#26.84#13.11
-153.904,57.2218#59.85#26.84#13.31
-153.807,57.2254#59.65#26.85#13.5
-153.71,57.2288#59.45#26.85#13.7
-153.612,57.2322#59.25#26.86#13.89
-153.515,57.2355#59.04#26.86#14.1
-153.418,57.2387#58.85#26.87#14.28
-153.32,57.2418#58.67#26.88#14.45
-153.223,57.2448#58.48#26.88#14.64
-153.125,57.2477#58.29#26.89#14.82
-153.028,57.2506#58.1#26.89#15.01
-152.93,57.2533#57.95#26.9#15.15
-152.833,57.256#57.82#26.9#15.28
-152.735,57.2585#57.69#26.91#15.4
-152.638,57.261#57.56#26.91#15.53
-152.54,57.2634#57.43#26.92#15.65
-152.442,57.2657#57.31#26.92#15.77
-152.345,57.2679#57.2#26.93#15.87
-152.247,57.27#57.09#26.93#15.98
-152.149,57.272#56.98#26.94#16.08
-152.052,57.274#56.87#26.94#16.19
-151.954,57.2758#56.74#26.95#16.31
-151.857,57.2776#56.61#26.96#16.43
-151.759,57.2793#56.47#26.96#16.57
-151.661,57.2808#56.34#26.97#16.69
-151.563,57.2823#56.2#26.97#16.83
-151.466,57.2837#56.05#26.98#16.97
-151.368,57.285#55.89#26.98#17.13
-151.27,57.2862#55.73#26.99#17.28
-151.173,57.2874#55.56#27#17.44
-151.075,57.2884#55.4#27#17.6
-150.977,57.2893#55.24#27.01#17.75
-150.879,57.2902#55.08#27.01#17.91
-150.782,57.291#54.93#27.02#18.05
-150.684,57.2916#54.78#27.02#18.2
-150.586,57.2922#54.62#27.03#18.35
-150.488,57.2927#54.47#27.04#18.49
-150.39,57.2931#54.32#27.04#18.64
-150.293,57.2934#54.17#27.05#18.78
-150.195,57.2937#54.03#27.05#18.92
-150.097,57.2938#53.88#27.06#19.06
-149.999,57.2938#53.73#27.06#19.21
-149.902,57.2938#53.58#27.07#19.35
-149.804,57.2937#53.44#27.08#19.48
-149.706,57.2934#53.29#27.08#19.63
-149.608,57.2931#53.14#27.09#19.77
-149.511,57.2927#53#27.09#19.91
-149.413,57.2922#52.87#27.1#20.03
-149.315,57.2916#52.74#27.11#20.15
-149.217,57.291#52.61#27.11#20.28
-149.119,57.2902#52.49#27.12#20.39
-149.022,57.2893#52.36#27.12#20.52
-148.924,57.2884#52.23#27.13#20.64
-148.826,57.2873#52.1#27.14#20.76
-148.728,57.2862#51.96#27.14#20.9
-148.631,57.285#51.83#27.15#21.02
-148.533,57.2837#51.7#27.15#21.15
-148.435,57.2823#51.56#27.16#21.28
-148.338,57.2808#51.42#27.17#21.41
-148.24,57.2792#51.28#27.17#21.55
-148.142,57.2776#51.14#27.18#21.68
-148.045,57.2758#51#27.19#21.81
-147.947,57.274#50.85#27.19#21.96
-147.849,57.272#50.7#27.2#22.1
-147.752,57.27#50.54#27.2#22.26
-147.654,57.2679#50.39#27.21#22.4
-147.556,57.2657#50.23#27.22#22.55
-147.459,57.2634#50.06#27.22#22.72
-147.361,57.261#49.87#27.23#22.9
-147.264,57.2585#49.68#27.24#23.08
-147.166,57.2559#49.48#27.24#23.28
-147.069,57.2533#49.29#27.25#23.46
-146.971,57.2505#49.1#27.25#23.65
-146.874,57.2477#48.92#27.26#23.82
-146.776,57.2448#48.73#27.27#24
-146.679,57.2418#48.55#27.27#24.18
-146.581,57.2387#48.37#27.28#24.35
-146.484,57.2355#48.18#27.29#24.53
-146.386,57.2322#48.01#27.29#24.7
-146.289,57.2288#47.85#27.3#24.85
-146.192,57.2253#47.68#27.31#25.01
-146.094,57.2218#47.51#27.31#25.18
-145.997,57.2181#47.34#27.32#25.34
-145.9,57.2144#47.17#27.33#25.5
-145.803,57.2106#47#27.33#25.67
-145.705,57.2067#46.83#27.34#25.83
-145.608,57.2027#46.66#27.35#25.99
-145.511,57.1986#46.49#27.35#26.16
-145.414,57.1944#46.33#27.36#26.31
-145.317,57.1902#46.17#27.37#26.46
-145.219,57.1858#46.01#27.37#26.62
-145.122,57.1814#45.85#27.38#26.77
-145.025,57.1768#45.69#27.38#26.93
-144.928,57.1722#45.54#27.39#27.07
-144.831,57.1675#45.4#27.4#27.2
-144.734,57.1627#45.25#27.41#27.34
-144.637,57.1578#45.11#27.42#27.47
-144.54,57.1528#44.97#27.43#27.6
-144.444,57.1477#44.83#27.45#27.72
-144.347,57.1426#44.71#27.46#27.83
-144.25,57.1373#44.58#27.48#27.94
-144.153,57.132#44.46#27.5#28.04
-144.056,57.1266#44.33#27.51#28.16
-143.96,57.1211#44.22#27.53#28.25
-143.863,57.1155#44.12#27.56#28.32
-143.766,57.1098#44.02#27.59#28.39
-143.67,57.104#43.92#27.61#28.47
-143.573,57.0982#43.83#27.64#28.53
-143.477,57.0922#43.73#27.67#28.6
-143.38,57.0862#43.66#27.7#28.64
-143.284,57.08#43.59#27.72#28.69
-143.187,57.0738#43.51#27.75#28.74
-143.091,57.0675#43.44#27.78#28.78
-142.995,57.0611#43.37#27.81#28.82
-142.898,57.0546#43.32#27.83#28.85
-142.802,57.0481#43.27#27.85#28.88
-142.706,57.0414#43.22#27.87#28.91
-142.61,57.0347#43.17#27.89#28.94
-142.513,57.0278#43.11#27.92#28.97
-142.417,57.0209#43.07#27.93#29
-142.321,57.0139#43.03#27.94#29.03
-142.225,57.0068#42.99#27.95#29.06
-142.129,56.9997#42.96#27.96#29.08
-142.033,56.9924#42.92#27.98#29.1
-141.938,56.985#42.89#27.99#29.12
-141.842,56.9776#42.86#27.99#29.15
-141.746,56.9701#42.83#28#29.17
-141.65,56.9624#42.8#28.01#29.19
-141.554,56.9547#42.77#28.01#29.22
-141.459,56.947#42.75#28.02#29.23
-141.363,56.9391#42.73#28.02#29.25
-141.268,56.9311#42.7#28.03#29.27
-141.172,56.9231#42.68#28.03#29.29
-141.077,56.9149#42.66#28.04#29.3
-140.981,56.9067#42.64#28.04#29.32
-159.605,56.9077#68.32#26.56#5.12
-159.51,56.9164#68.32#26.57#5.11000000000001
-159.414,56.9251#68.31#26.57#5.12
-159.319,56.9337#68.3#26.58#5.12
-159.224,56.9422#68.29#26.58#5.13
-159.128,56.9506#68.28#26.58#5.14
-159.033,56.9589#68.27#26.59#5.14
-158.937,56.9671#68.25#26.59#5.16
-158.841,56.9753#68.23#26.6#5.16999999999999
-158.746,56.9833#68.21#26.6#5.19
-158.65,56.9913#68.18#26.61#5.20999999999999
-158.554,56.9992#68.16#26.61#5.23
-158.459,57.007#68.13#26.61#5.26000000000001
-158.363,57.0147#68.09#26.62#5.28999999999999
-158.267,57.0224#68.05#26.62#5.33
-158.171,57.0299#68.01#26.63#5.36
-158.075,57.0374#67.97#26.63#5.40000000000001
-157.979,57.0447#67.92#26.64#5.44
-157.883,57.052#67.85#26.64#5.51000000000001
-157.787,57.0592#67.78#26.64#5.58
-157.69,57.0663#67.71#26.65#5.64000000000001
-157.594,57.0733#67.64#26.65#5.71000000000001
-157.498,57.0803#67.57#26.66#5.77000000000001
-157.402,57.0871#67.45#26.66#5.89
-157.305,57.0938#67.33#26.67#6
-157.209,57.1005#67.22#26.67#6.11
-157.113,57.1071#67.1#26.68#6.22
-157.016,57.1136#66.99#26.68#6.33000000000001
-156.92,57.12#66.84#26.69#6.47
-156.823,57.1263#66.69#26.69#6.62
-156.726,57.1325#66.54#26.69#6.77
-156.63,57.1387#66.38#26.7#6.92
-156.533,57.1447#66.23#26.7#7.06999999999999
-156.436,57.1507#66.04#26.71#7.25
-156.34,57.1566#65.85#26.71#7.44
-156.243,57.1623#65.65#26.72#7.63
-156.146,57.168#65.45#26.72#7.83
-156.049,57.1736#65.26#26.73#8.00999999999999
-155.952,57.1792#65.08#26.73#8.19
-155.856,57.1846#64.91#26.74#8.35000000000001
-155.759,57.1899#64.75#26.74#8.51000000000001
-155.662,57.1952#64.58#26.75#8.67
-155.565,57.2004#64.41#26.75#8.84
-155.468,57.2054#64.21#26.76#9.03
-155.371,57.2104#63.95#26.76#9.28999999999999
-155.273,57.2153#63.69#26.77#9.54000000000001
-155.176,57.2201#63.43#26.77#9.8
-155.079,57.2249#63.17#26.77#10.06
-154.982,57.2295#62.92#26.78#10.3
-154.885,57.234#62.67#26.78#10.55
-154.787,57.2385#62.43#26.79#10.78
-154.69,57.2428#62.18#26.79#11.03
-154.593,57.2471#61.94#26.8#11.26
-154.496,57.2513#61.69#26.81#11.5
-154.398,57.2554#61.44#26.81#11.75
-154.301,57.2594#61.18#26.82#12
-154.203,57.2633#60.93#26.82#12.25
-154.106,57.2671#60.67#26.83#12.5
-154.009,57.2709#60.42#26.83#12.75
-153.911,57.2745#60.21#26.84#12.95
-153.814,57.2781#60#26.84#13.16
-153.716,57.2816#59.79#26.85#13.36
-153.618,57.2849#59.58#26.85#13.57
-153.521,57.2882#59.37#26.86#13.77
-153.423,57.2914#59.18#26.86#13.96
-153.326,57.2945#58.98#26.87#14.15
-153.228,57.2976#58.79#26.87#14.34
-153.13,57.3005#58.59#26.88#14.53
-153.033,57.3033#58.39#26.88#14.73
-152.935,57.3061#58.24#26.89#14.87
-152.837,57.3087#58.1#26.89#15.01
-152.74,57.3113#57.97#26.9#15.13
-152.642,57.3138#57.84#26.9#15.26
-152.544,57.3162#57.7#26.91#15.39
-152.447,57.3185#57.58#26.92#15.5
-152.349,57.3207#57.47#26.92#15.61
-152.251,57.3228#57.36#26.93#15.71
-152.153,57.3248#57.25#26.93#15.82
-152.055,57.3268#57.14#26.94#15.92
-151.958,57.3286#57.01#26.94#16.05
-151.86,57.3304#56.88#26.95#16.17
-151.762,57.3321#56.74#26.95#16.31
-151.664,57.3336#56.61#26.96#16.43
-151.566,57.3351#56.47#26.97#16.56
-151.468,57.3365#56.32#26.97#16.71
-151.37,57.3378#56.15#26.98#16.87
-151.272,57.3391#55.98#26.98#17.04
-151.175,57.3402#55.81#26.99#17.2
-151.077,57.3412#55.64#26.99#17.37
-150.979,57.3422#55.47#27#17.53
-150.881,57.343#55.31#27#17.69
-150.783,57.3438#55.15#27.01#17.84
-150.685,57.3445#54.99#27.02#17.99
-150.587,57.3451#54.84#27.02#18.14
-150.489,57.3456#54.68#27.03#18.29
-150.391,57.346#54.53#27.03#18.44
-150.293,57.3463#54.37#27.04#18.59
-150.195,57.3465#54.22#27.05#18.73
-150.097,57.3466#54.07#27.05#18.88
-149.999,57.3467#53.92#27.06#19.02
-149.901,57.3466#53.77#27.06#19.17
-149.804,57.3465#53.62#27.07#19.31
-149.706,57.3463#53.47#27.08#19.45
-149.608,57.346#53.32#27.08#19.6
-149.51,57.3455#53.16#27.09#19.75
-149.412,57.3451#53.03#27.09#19.88
-149.314,57.3445#52.9#27.1#20
-149.216,57.3438#52.77#27.11#20.12
