-152.327,51.9019#38.18#27.71#34.11
-152.244,51.9039#38.17#27.71#34.12
-152.161,51.9059#38.16#27.72#34.12
-152.078,51.9078#38.14#27.72#34.14
-151.995,51.9096#38.13#27.73#34.14
-151.911,51.9113#38.12#27.73#34.15
-151.828,51.913#38.11#27.74#34.15
-151.745,51.9146#38.1#27.74#34.16
-151.662,51.9161#38.09#27.75#34.16
-151.579,51.9176#38.08#27.75#34.17
-151.496,51.919#38.07#27.76#34.17
-151.413,51.9203#38.06#27.76#34.18
-151.33,51.9215#38.05#27.77#34.18
-151.247,51.9226#38.04#27.77#34.19
-151.164,51.9237#38.03#27.78#34.19
-151.08,51.9247#38.02#27.78#34.2
-150.997,51.9257#38.01#27.79#34.2
-150.914,51.9265#38#27.8#34.2
-150.831,51.9273#37.99#27.8#34.21
-150.748,51.928#37.98#27.81#34.21
-150.665,51.9286#37.97#27.81#34.22
-150.582,51.9292#37.96#27.82#34.22
-150.498,51.9297#37.95#27.82#34.23
-150.415,51.9301#37.94#27.83#34.23
-150.332,51.9304#37.94#27.83#34.23
-150.249,51.9307#37.93#27.84#34.23
-150.166,51.9309#37.92#27.84#34.24
-150.083,51.931#37.91#27.85#34.24
-149.999,51.931#37.9#27.85#34.25
-149.916,51.931#37.89#27.86#34.25
-149.833,51.9309#37.88#27.86#34.26
-149.75,51.9307#37.87#27.87#34.26
-149.667,51.9304#37.87#27.87#34.26
-149.584,51.9301#37.86#27.88#34.26
-149.501,51.9297#37.85#27.88#34.27
-149.417,51.9292#37.84#27.89#34.27
-149.334,51.9286#37.83#27.89#34.28
-149.251,51.928#37.82#27.9#34.28
-149.168,51.9273#37.81#27.9#34.29
-149.085,51.9265#37.81#27.91#34.28
-149.002,51.9256#37.8#27.91#34.29
-148.919,51.9247#37.79#27.92#34.29
-148.835,51.9237#37.78#27.92#34.3
-148.752,51.9226#37.77#27.93#34.3
-148.669,51.9215#37.76#27.94#34.3
-148.586,51.9203#37.75#27.94#34.31
-148.503,51.9189#37.73#27.95#34.32
-148.42,51.9176#37.72#27.95#34.33
-148.337,51.9161#37.71#27.96#34.33
-148.254,51.9146#37.69#27.96#34.35
-148.171,51.913#37.68#27.97#34.35
-148.088,51.9113#37.67#27.97#34.36
-148.004,51.9096#37.65#27.98#34.37
-147.921,51.9078#37.64#27.98#34.38
-147.838,51.9059#37.62#27.99#34.39
-147.755,51.9039#37.61#27.99#34.4
-147.672,51.9018#37.59#28#34.41
-153.908,51.9001#38.55#27.61#33.84
-153.825,51.9035#38.53#27.62#33.85
-153.742,51.9069#38.51#27.62#33.87
-153.659,51.9102#38.49#27.63#33.88
-153.576,51.9135#38.47#27.63#33.9
-153.493,51.9166#38.45#27.64#33.91
-153.41,51.9197#38.43#27.64#33.93
-153.327,51.9227#38.42#27.64#33.94
-153.244,51.9257#38.4#27.65#33.95
-153.161,51.9285#38.38#27.65#33.97
-153.078,51.9313#38.37#27.66#33.97
-152.995,51.934#38.35#27.66#33.99
-152.912,51.9367#38.34#27.67#33.99
-152.829,51.9392#38.32#27.67#34.01
-152.746,51.9417#38.31#27.68#34.01
-152.663,51.9442#38.29#27.68#34.03
-152.579,51.9465#38.28#27.69#34.03
-152.496,51.9488#38.26#27.69#34.05
-152.413,51.951#38.25#27.7#34.05
-152.33,51.9531#38.24#27.7#34.06
-152.247,51.9551#38.23#27.71#34.06
-152.164,51.9571#38.21#27.71#34.08
-152.081,51.959#38.2#27.72#34.08
-151.997,51.9608#38.19#27.72#34.09
-151.914,51.9626#38.18#27.73#34.09
-151.831,51.9643#38.17#27.73#34.1
-151.748,51.9659#38.16#27.74#34.1
-151.665,51.9674#38.15#27.74#34.11
-151.581,51.9688#38.13#27.75#34.12
-151.498,51.9702#38.12#27.75#34.13
-151.415,51.9715#38.11#27.76#34.13
-151.332,51.9728#38.1#27.76#34.14
-151.248,51.9739#38.09#27.77#34.14
-151.165,51.975#38.08#27.77#34.15
-151.082,51.976#38.07#27.78#34.15
-150.999,51.9769#38.06#27.78#34.16
-150.915,51.9778#38.05#27.79#34.16
-150.832,51.9786#38.04#27.79#34.17
-150.749,51.9793#38.04#27.8#34.16
-150.666,51.9799#38.03#27.8#34.17
-150.582,51.9805#38.02#27.81#34.17
-150.499,51.981#38.01#27.81#34.18
-150.416,51.9814#38#27.82#34.18
-150.333,51.9817#37.99#27.82#34.19
-150.249,51.982#37.98#27.83#34.19
-150.166,51.9821#37.97#27.83#34.2
-150.083,51.9823#37.96#27.84#34.2
-149.999,51.9823#37.95#27.85#34.2
-149.916,51.9823#37.95#27.85#34.2
-149.833,51.9821#37.94#27.86#34.2
-149.75,51.982#37.93#27.86#34.21
-149.666,51.9817#37.92#27.87#34.21
-149.583,51.9814#37.91#27.87#34.22
-149.5,51.9809#37.9#27.88#34.22
-149.417,51.9805#37.89#27.88#34.23
-149.333,51.9799#37.88#27.89#34.23
-149.25,51.9793#37.87#27.89#34.24
-149.167,51.9786#37.87#27.9#34.23
-149.083,51.9778#37.86#27.9#34.24
-149,51.9769#37.85#27.91#34.24
-148.917,51.976#37.84#27.91#34.25
-148.834,51.975#37.83#27.92#34.25
-148.75,51.9739#37.82#27.92#34.26
-148.667,51.9727#37.81#27.93#34.26
-148.584,51.9715#37.8#27.93#34.27
-148.501,51.9702#37.78#27.94#34.28
-148.418,51.9688#37.77#27.94#34.29
-148.334,51.9674#37.76#27.95#34.29
-148.251,51.9658#37.74#27.96#34.3
-148.168,51.9642#37.73#27.96#34.31
-148.085,51.9626#37.72#27.97#34.31
-148.002,51.9608#37.7#27.97#34.33
-147.918,51.959#37.69#27.98#34.33
-147.835,51.9571#37.67#27.98#34.35
-147.752,51.9551#37.65#27.99#34.36
-147.669,51.9531#37.64#27.99#34.37
-147.586,51.9509#37.62#28#34.38
-147.503,51.9487#37.61#28#34.39
-147.42,51.9465#37.59#28.01#34.4
-147.336,51.9441#37.57#28.02#34.41
-147.253,51.9417#37.55#28.02#34.43
-147.17,51.9392#37.53#28.03#34.44
-147.087,51.9366#37.52#28.03#34.45
-147.004,51.934#37.5#28.04#34.46
-146.921,51.9313#37.48#28.04#34.48
-146.838,51.9285#37.46#28.05#34.49
-146.755,51.9256#37.44#28.05#34.51
-146.672,51.9227#37.42#28.06#34.52
-146.589,51.9197#37.4#28.07#34.53
-146.506,51.9166#37.38#28.07#34.55
-146.423,51.9134#37.36#28.08#34.56
-146.34,51.9102#37.34#28.08#34.58
-146.257,51.9069#37.32#28.09#34.59
-146.174,51.9035#37.3#28.09#34.61
-146.091,51.9#37.28#28.1#34.62
-154.908,51.9039#38.87#27.55#33.58
-154.825,51.9083#38.85#27.55#33.6
-154.743,51.9125#38.82#27.56#33.62
-154.66,51.9167#38.8#27.56#33.64
-154.577,51.9209#38.78#27.57#33.65
-154.494,51.9249#38.76#27.57#33.67
-154.411,51.9289#38.74#27.58#33.68
-154.328,51.9328#38.72#27.58#33.7
-154.245,51.9366#38.69#27.59#33.72
-154.162,51.9404#38.67#27.59#33.74
-154.079,51.9441#38.65#27.6#33.75
-153.996,51.9477#38.63#27.6#33.77
-153.913,51.9512#38.61#27.6#33.79
-153.83,51.9547#38.59#27.61#33.8
-153.747,51.9581#38.57#27.61#33.82
-153.664,51.9614#38.55#27.62#33.83
-153.581,51.9646#38.53#27.62#33.85
-153.498,51.9678#38.51#27.63#33.86
-153.415,51.9709#38.5#27.63#33.87
-153.332,51.9739#38.48#27.64#33.88
-153.249,51.9769#38.46#27.64#33.9
-153.166,51.9797#38.45#27.65#33.9
-153.082,51.9825#38.43#27.65#33.92
-152.999,51.9853#38.41#27.66#33.93
-152.916,51.9879#38.4#27.66#33.94
-152.833,51.9905#38.38#27.67#33.95
-152.75,51.993#38.37#27.67#33.96
-152.666,51.9954#38.35#27.68#33.97
-152.583,51.9977#38.34#27.68#33.98
-152.5,52#38.32#27.69#33.99
-152.417,52.0022#38.31#27.69#34
-152.333,52.0043#38.3#27.7#34
-152.25,52.0064#38.28#27.7#34.02
-152.167,52.0084#38.27#27.71#34.02
-152.084,52.0103#38.26#27.71#34.03
-152,52.0121#38.25#27.72#34.03
-151.917,52.0139#38.23#27.72#34.05
-151.834,52.0155#38.22#27.73#34.05
-151.75,52.0171#38.21#27.73#34.06
-151.667,52.0187#38.2#27.74#34.06
-151.584,52.0201#38.19#27.74#34.07
-151.5,52.0215#38.18#27.75#34.07
-151.417,52.0228#38.17#27.75#34.08
-151.334,52.024#38.16#27.76#34.08
-151.25,52.0252#38.15#27.76#34.09
-151.167,52.0263#38.14#27.77#34.09
-151.084,52.0273#38.13#27.77#34.1
-151,52.0282#38.12#27.78#34.1
-150.917,52.0291#38.11#27.78#34.11
-150.833,52.0299#38.1#27.79#34.11
-150.75,52.0306#38.09#27.79#34.12
-150.667,52.0312#38.08#27.8#34.12
-150.583,52.0318#38.07#27.8#34.13
-150.5,52.0323#38.06#27.81#34.13
-150.416,52.0327#38.05#27.81#34.14
-150.333,52.033#38.04#27.82#34.14
-150.25,52.0333#38.03#27.82#34.15
-150.166,52.0334#38.03#27.83#34.14
-150.083,52.0336#38.02#27.83#34.15
-149.999,52.0336#38.01#27.84#34.15
-149.916,52.0336#38#27.84#34.16
-149.833,52.0334#37.99#27.85#34.16
-149.749,52.0333#37.98#27.85#34.17
-149.666,52.033#37.97#27.86#34.17
-149.582,52.0327#37.96#27.87#34.17
-149.499,52.0322#37.95#27.87#34.18
-149.416,52.0318#37.94#27.88#34.18
-149.332,52.0312#37.94#27.88#34.18
-149.249,52.0306#37.93#27.89#34.18
-149.166,52.0299#37.92#27.89#34.19
-149.082,52.0291#37.91#27.9#34.19
-148.999,52.0282#37.9#27.9#34.2
-148.915,52.0273#37.89#27.91#34.2
-148.832,52.0263#37.88#27.91#34.21
-148.749,52.0252#37.87#27.92#34.21
-148.665,52.024#37.86#27.92#34.22
-148.582,52.0228#37.85#27.93#34.22
-148.499,52.0215#37.83#27.93#34.24
-148.415,52.0201#37.82#27.94#34.24
-148.332,52.0187#37.81#27.94#34.25
-148.249,52.0171#37.79#27.95#34.26
-148.165,52.0155#37.78#27.95#34.27
-148.082,52.0138#37.76#27.96#34.28
-147.999,52.0121#37.75#27.97#34.28
-147.915,52.0103#37.73#27.97#34.3
-147.832,52.0083#37.72#27.98#34.3
-147.749,52.0064#37.7#27.98#34.32
-147.666,52.0043#37.69#27.99#34.32
-147.582,52.0022#37.67#27.99#34.34
-147.499,52#37.65#28#34.35
-147.416,51.9977#37.63#28#34.37
-147.333,51.9954#37.62#28.01#34.37
-147.249,51.9929#37.6#28.01#34.39
-147.166,51.9904#37.58#28.02#34.4
-147.083,51.9879#37.56#28.03#34.41
-147,51.9852#37.54#28.03#34.43
-146.917,51.9825#37.52#28.04#34.44
-146.833,51.9797#37.51#28.04#34.45
-146.75,51.9768#37.49#28.05#34.46
-146.667,51.9739#37.47#28.05#34.48
-146.584,51.9709#37.45#28.06#34.49
-146.501,51.9678#37.43#28.06#34.51
-146.418,51.9646#37.4#28.07#34.53
-146.335,51.9614#37.38#28.08#34.54
-146.252,51.958#37.36#28.08#34.56
-146.169,51.9547#37.34#28.09#34.57
-146.086,51.9512#37.32#28.09#34.59
-146.003,51.9477#37.3#28.1#34.6
-145.92,51.944#37.28#28.1#34.62
-145.837,51.9404#37.26#28.11#34.63
-145.754,51.9366#37.23#28.12#34.65
-145.671,51.9328#37.21#28.12#34.67
-145.588,51.9289#37.19#28.13#34.68
-145.505,51.9249#37.17#28.13#34.7
-145.422,51.9208#37.15#28.14#34.71
-145.339,51.9167#37.13#28.14#34.73
-145.256,51.9125#37.11#28.15#34.74
-145.174,51.9082#37.09#28.16#34.75
-145.091,51.9039#37.07#28.16#34.77
-155.826,51.9022#39.23#27.49#33.28
-155.743,51.9074#39.21#27.5#33.29
-155.661,51.9125#39.18#27.5#33.32
-155.578,51.9175#39.15#27.51#33.34
-155.495,51.9224#39.12#27.51#33.37
-155.412,51.9273#39.1#27.51#33.39
-155.33,51.9321#39.07#27.52#33.41
-155.247,51.9368#39.04#27.52#33.44
-155.164,51.9415#39.01#27.53#33.46
-155.081,51.9461#38.99#27.53#33.48
-154.998,51.9506#38.96#27.54#33.5
-154.915,51.955#38.94#27.54#33.52
-154.832,51.9594#38.91#27.55#33.54
-154.749,51.9636#38.89#27.55#33.56
-154.666,51.9679#38.87#27.56#33.57
-154.583,51.972#38.85#27.56#33.59
-154.5,51.9761#38.82#27.57#33.61
-154.417,51.98#38.8#27.57#33.63
-154.334,51.984#38.78#27.57#33.65
-154.251,51.9878#38.76#27.58#33.66
-154.168,51.9916#38.74#27.58#33.68
-154.085,51.9952#38.72#27.59#33.69
-154.002,51.9989#38.69#27.59#33.72
-153.919,52.0024#38.67#27.6#33.73
-153.836,52.0059#38.65#27.6#33.75
-153.753,52.0093#38.63#27.61#33.76
-153.669,52.0126#38.61#27.61#33.78
-153.586,52.0158#38.6#27.62#33.78
-153.503,52.019#38.58#27.62#33.8
-153.42,52.0221#38.56#27.63#33.81
-153.337,52.0251#38.54#27.63#33.83
-153.253,52.0281#38.52#27.64#33.84
-153.17,52.031#38.51#27.64#33.85
-153.087,52.0338#38.49#27.65#33.86
-153.004,52.0365#38.47#27.65#33.88
-152.92,52.0391#38.46#27.66#33.88
-152.837,52.0417#38.44#27.66#33.9
-152.754,52.0442#38.43#27.67#33.9
-152.67,52.0466#38.41#27.67#33.92
-152.587,52.049#38.4#27.68#33.92
-152.504,52.0513#38.38#27.68#33.94
-152.42,52.0535#38.37#27.69#33.94
-152.337,52.0556#38.36#27.69#33.95
-152.253,52.0577#38.34#27.7#33.96
-152.17,52.0596#38.33#27.7#33.97
-152.087,52.0615#38.32#27.71#33.97
-152.003,52.0634#38.3#27.71#33.99
-151.92,52.0651#38.29#27.71#34
-151.836,52.0668#38.28#27.72#34
-151.753,52.0684#38.27#27.73#34
-151.669,52.07#38.26#27.73#34.01
-151.586,52.0714#38.25#27.74#34.01
-151.503,52.0728#38.23#27.74#34.03
-151.419,52.0741#38.22#27.75#34.03
-151.336,52.0753#38.21#27.75#34.04
-151.252,52.0765#38.2#27.76#34.04
-151.169,52.0776#38.19#27.76#34.05
-151.085,52.0786#38.18#27.77#34.05
-151.002,52.0795#38.17#27.77#34.06
-150.918,52.0804#38.16#27.78#34.06
-150.835,52.0812#38.15#27.78#34.07
-150.751,52.0819#38.14#27.79#34.07
-150.668,52.0825#38.13#27.79#34.08
-150.584,52.0831#38.12#27.8#34.08
-150.501,52.0836#38.12#27.8#34.08
-150.417,52.084#38.11#27.81#34.08
-150.334,52.0843#38.1#27.81#34.09
-150.25,52.0846#38.09#27.82#34.09
-150.167,52.0848#38.08#27.82#34.1
-150.083,52.0849#38.07#27.83#34.1
-149.999,52.0849#38.06#27.83#34.11
-149.916,52.0849#38.05#27.84#34.11
-149.832,52.0848#38.04#27.84#34.12
-149.749,52.0846#38.03#27.85#34.12
-149.665,52.0843#38.02#27.85#34.13
-149.582,52.084#38.01#27.86#34.13
-149.498,52.0836#38#27.86#34.14
-149.415,52.0831#38#27.87#34.13
-149.331,52.0825#37.99#27.87#34.14
-149.248,52.0819#37.98#27.88#34.14
-149.164,52.0812#37.97#27.89#34.14
-149.081,52.0804#37.96#27.89#34.15
-148.997,52.0795#37.95#27.9#34.15
-148.914,52.0786#37.94#27.9#34.16
-148.83,52.0776#37.93#27.91#34.16
-148.747,52.0765#37.92#27.91#34.17
-148.663,52.0753#37.91#27.92#34.17
-148.58,52.0741#37.9#27.92#34.18
-148.496,52.0728#37.88#27.93#34.19
-148.413,52.0714#37.87#27.93#34.2
-148.329,52.0699#37.86#27.94#34.2
-148.246,52.0684#37.84#27.94#34.22
-148.163,52.0668#37.83#27.95#34.22
-148.079,52.0651#37.81#27.95#34.24
-147.996,52.0634#37.8#27.96#34.24
-147.912,52.0615#37.78#27.96#34.26
-147.829,52.0596#37.77#27.97#34.26
-147.746,52.0576#37.75#27.98#34.27
-147.662,52.0556#37.73#27.98#34.29
-147.579,52.0535#37.72#27.99#34.29
-147.495,52.0512#37.7#27.99#34.31
-147.412,52.049#37.68#28#34.32
-147.329,52.0466#37.66#28#34.34
-147.245,52.0442#37.65#28.01#34.34
-147.162,52.0417#37.63#28.01#34.36
-147.079,52.0391#37.61#28.02#34.37
-146.995,52.0364#37.59#28.03#34.38
-146.912,52.0337#37.57#28.03#34.4
-146.829,52.0309#37.55#28.04#34.41
-146.746,52.028#37.53#28.04#34.43
-146.662,52.0251#37.51#28.05#34.44
-146.579,52.0221#37.49#28.05#34.46
-146.496,52.019#37.47#28.06#34.47
-146.413,52.0158#37.45#28.06#34.49
-146.329,52.0126#37.43#28.07#34.5
-146.246,52.0092#37.4#28.08#34.52
-146.163,52.0058#37.38#28.08#34.54
-146.08,52.0024#37.36#28.09#34.55
-145.997,51.9988#37.34#28.09#34.57
-145.914,51.9952#37.32#28.1#34.58
-145.831,51.9915#37.3#28.1#34.6
-145.748,51.9877#37.28#28.11#34.61
-145.665,51.9839#37.25#28.12#34.63
-145.581,51.98#37.23#28.12#34.65
-145.498,51.976#37.21#28.13#34.66
-145.415,51.9719#37.19#28.13#34.68
-145.333,51.9678#37.17#28.14#34.69
-145.25,51.9636#37.15#28.14#34.71
-145.167,51.9593#37.13#28.15#34.72
-145.084,51.9549#37.11#28.15#34.74
-145.001,51.9505#37.09#28.16#34.75
-144.918,51.946#37.07#28.17#34.76
-144.835,51.9414#37.05#28.17#34.78
-144.752,51.9368#37.03#28.18#34.79
-144.669,51.9321#37.01#28.18#34.81
-144.587,51.9273#36.99#28.19#34.82
-144.504,51.9224#36.98#28.2#34.82
-144.421,51.9174#36.96#28.2#34.84
-144.338,51.9124#36.95#28.21#34.84
-144.256,51.9073#36.93#28.21#34.86
-144.173,51.9021#36.92#28.22#34.86
-156.578,51.9033#39.62#27.44#32.94
-156.496,51.9092#39.56#27.45#32.99
-156.413,51.9149#39.53#27.45#33.02
-156.331,51.9206#39.5#27.46#33.04
-156.248,51.9262#39.46#27.46#33.08
-156.165,51.9318#39.43#27.47#33.1
-156.083,51.9372#39.4#27.47#33.13
-156,51.9426#39.36#27.48#33.16
-155.917,51.948#39.34#27.48#33.18
-155.834,51.9532#39.31#27.49#33.2
-155.752,51.9584#39.28#27.49#33.23
-155.669,51.9635#39.25#27.49#33.26
-155.586,51.9685#39.23#27.5#33.27
-155.503,51.9735#39.2#27.5#33.3
-155.42,51.9784#39.17#27.51#33.32
-155.337,51.9832#39.14#27.51#33.35
-155.254,51.9879#39.11#27.52#33.37
-155.171,51.9926#39.08#27.52#33.4
-155.088,51.9972#39.05#27.53#33.42
-155.005,52.0017#39.03#27.53#33.44
-154.922,52.0061#39#27.54#33.46
-154.839,52.0105#38.98#27.54#33.48
-154.756,52.0148#38.96#27.54#33.5
-154.673,52.019#38.94#27.55#33.51
-154.59,52.0231#38.91#27.55#33.54
-154.507,52.0272#38.89#27.56#33.55
-154.424,52.0312#38.87#27.56#33.57
-154.341,52.0351#38.85#27.57#33.58
-154.258,52.039#38.83#27.57#33.6
-154.174,52.0427#38.8#27.58#33.62
-154.091,52.0464#38.78#27.58#33.64
-154.008,52.05#38.76#27.59#33.65
-153.925,52.0536#38.74#27.59#33.67
-153.841,52.0571#38.72#27.6#33.68
-153.758,52.0605#38.7#27.6#33.7
-153.675,52.0638#38.68#27.61#33.71
-153.592,52.0671#38.66#27.61#33.73
-153.508,52.0702#38.64#27.62#33.74
-153.425,52.0733#38.62#27.62#33.76
-153.342,52.0764#38.6#27.62#33.78
-153.258,52.0793#38.59#27.63#33.78
-153.175,52.0822#38.57#27.63#33.8
-153.091,52.085#38.55#27.64#33.81
-153.008,52.0877#38.53#27.64#33.83
-152.925,52.0904#38.52#27.65#33.83
-152.841,52.093#38.5#27.65#33.85
-152.758,52.0955#38.49#27.66#33.85
-152.674,52.0979#38.47#27.66#33.87
-152.591,52.1003#38.46#27.67#33.87
-152.507,52.1025#38.44#27.67#33.89
-152.424,52.1048#38.43#27.68#33.89
-152.34,52.1069#38.41#27.68#33.91
-152.257,52.1089#38.4#27.69#33.91
-152.173,52.1109#38.39#27.69#33.92
-152.09,52.1128#38.37#27.7#33.93
-152.006,52.1147#38.36#27.7#33.94
-151.923,52.1164#38.35#27.71#33.94
-151.839,52.1181#38.34#27.71#33.95
-151.755,52.1197#38.33#27.72#33.95
-151.672,52.1213#38.31#27.72#33.97
-151.588,52.1227#38.3#27.73#33.97
-151.505,52.1241#38.29#27.73#33.98
-151.421,52.1254#38.28#27.74#33.98
-151.338,52.1267#38.27#27.74#33.99
-151.254,52.1278#38.26#27.75#33.99
-151.17,52.1289#38.25#27.75#34
-151.087,52.1299#38.24#27.76#34
-151.003,52.1309#38.23#27.76#34.01
-150.92,52.1317#38.22#27.77#34.01
-150.836,52.1325#38.21#27.77#34.02
-150.752,52.1332#38.2#27.78#34.02
-150.669,52.1338#38.19#27.78#34.03
-150.585,52.1344#38.18#27.79#34.03
-150.501,52.1349#38.17#27.8#34.03
-150.418,52.1353#38.16#27.8#34.04
-150.334,52.1356#38.15#27.81#34.04
-150.25,52.1359#38.14#27.81#34.05
-150.167,52.1361#38.13#27.82#34.05
-150.083,52.1362#38.12#27.82#34.06
-149.999,52.1362#38.11#27.83#34.06
-149.916,52.1362#38.1#27.83#34.07
-149.832,52.1361#38.1#27.84#34.06
-149.749,52.1359#38.09#27.84#34.07
-149.665,52.1356#38.08#27.85#34.07
-149.581,52.1353#38.07#27.85#34.08
-149.498,52.1349#38.06#27.86#34.08
-149.414,52.1344#38.05#27.86#34.09
-149.33,52.1338#38.04#27.87#34.09
-149.247,52.1332#38.03#27.87#34.1
-149.163,52.1325#38.02#27.88#34.1
-149.079,52.1317#38.01#27.88#34.11
-148.996,52.1308#38#27.89#34.11
-148.912,52.1299#37.99#27.89#34.12
-148.829,52.1289#37.98#27.9#34.12
-148.745,52.1278#37.97#27.91#34.12
-148.661,52.1266#37.96#27.91#34.13
-148.578,52.1254#37.95#27.92#34.13
-148.494,52.1241#37.93#27.92#34.15
-148.411,52.1227#37.92#27.93#34.15
-148.327,52.1212#37.91#27.93#34.16
-148.243,52.1197#37.89#27.94#34.17
-148.16,52.1181#37.88#27.94#34.18
-148.076,52.1164#37.86#27.95#34.19
-147.993,52.1147#37.85#27.95#34.2
-147.909,52.1128#37.83#27.96#34.21
-147.826,52.1109#37.81#27.96#34.23
-147.742,52.1089#37.8#27.97#34.23
-147.659,52.1069#37.78#27.98#34.24
-147.575,52.1047#37.76#27.98#34.26
-147.492,52.1025#37.75#27.99#34.26
-147.408,52.1002#37.73#27.99#34.28
-147.325,52.0979#37.71#28#34.29
-147.241,52.0954#37.69#28#34.31
-147.158,52.0929#37.67#28.01#34.32
-147.074,52.0904#37.65#28.01#34.34
-146.991,52.0877#37.64#28.02#34.34
-146.908,52.085#37.62#28.02#34.36
-146.824,52.0822#37.6#28.03#34.37
-146.741,52.0793#37.57#28.04#34.39
-146.657,52.0763#37.55#28.04#34.41
-146.574,52.0733#37.53#28.05#34.42
-146.491,52.0702#37.51#28.05#34.44
-146.407,52.067#37.49#28.06#34.45
-146.324,52.0638#37.47#28.06#34.47
-146.241,52.0604#37.45#28.07#34.48
-146.158,52.057#37.43#28.08#34.49
-146.074,52.0536#37.4#28.08#34.52
-145.991,52.05#37.38#28.09#34.53
-145.908,52.0464#37.36#28.09#34.55
-145.825,52.0427#37.34#28.1#34.56
-145.741,52.0389#37.32#28.1#34.58
-145.658,52.0351#37.3#28.11#34.59
-145.575,52.0311#37.27#28.11#34.62
-145.492,52.0271#37.25#28.12#34.63
-145.409,52.0231#37.23#28.13#34.64
-145.326,52.0189#37.21#28.13#34.66
-145.243,52.0147#37.19#28.14#34.67
-145.16,52.0104#37.17#28.14#34.69
-145.077,52.0061#37.15#28.15#34.7
-144.994,52.0016#37.13#28.15#34.72
-144.911,51.9971#37.11#28.16#34.73
-144.828,51.9925#37.09#28.17#34.74
-144.745,51.9878#37.07#28.17#34.76
-144.662,51.9831#37.05#28.18#34.77
-144.579,51.9783#37.03#28.18#34.79
-144.496,51.9734#37.02#28.19#34.79
-144.413,51.9685#37#28.2#34.8
-144.33,51.9634#36.99#28.2#34.81
-144.247,51.9583#36.97#28.21#34.82
-144.165,51.9532#36.96#28.21#34.83
-144.082,51.9479#36.94#28.22#34.84
-143.999,51.9426#36.93#28.22#34.85
-143.916,51.9372#36.92#28.23#34.85
-143.834,51.9317#36.91#28.24#34.85
-143.751,51.9262#36.9#28.24#34.86
-143.668,51.9205#36.89#28.25#34.86
-143.586,51.9149#36.89#28.25#34.86
-143.503,51.9091#36.88#28.26#34.86
-143.421,51.9033#36.88#28.27#34.85
-157.248,51.9049#40.14#27.4#32.46
-157.166,51.9113#40.09#27.41#32.5
-157.083,51.9176#40.04#27.41#32.55
-157.001,51.9239#39.99#27.42#32.59
-156.918,51.9301#39.94#27.42#32.64
-156.836,51.9363#39.89#27.42#32.69
-156.753,51.9423#39.83#27.43#32.74
-156.671,51.9483#39.77#27.43#32.8
-156.588,51.9543#39.71#27.44#32.85
-156.505,51.9601#39.65#27.44#32.91
-156.423,51.9659#39.62#27.45#32.93
-156.34,51.9716#39.58#27.45#32.97
-156.257,51.9772#39.55#27.46#32.99
-156.174,51.9828#39.51#27.46#33.03
-156.091,51.9882#39.48#27.46#33.06
-156.009,51.9937#39.44#27.47#33.09
-155.926,51.999#39.41#27.47#33.12
-155.843,52.0042#39.39#27.48#33.13
-155.76,52.0094#39.36#27.48#33.16
-155.677,52.0145#39.33#27.49#33.18
-155.594,52.0196#39.3#27.49#33.21
-155.511,52.0245#39.27#27.5#33.23
-155.428,52.0294#39.24#27.5#33.26
-155.345,52.0343#39.21#27.51#33.28
-155.262,52.039#39.18#27.51#33.31
-155.179,52.0437#39.15#27.51#33.34
-155.096,52.0483#39.12#27.52#33.36
-155.013,52.0528#39.09#27.52#33.39
-154.93,52.0572#39.07#27.53#33.4
-154.846,52.0616#39.05#27.53#33.42
-154.763,52.0659#39.03#27.54#33.43
-154.68,52.0701#39#27.54#33.46
-154.597,52.0743#38.98#27.55#33.47
-154.514,52.0783#38.96#27.55#33.49
-154.43,52.0823#38.94#27.56#33.5
-154.347,52.0863#38.91#27.56#33.53
-154.264,52.0901#38.89#27.57#33.54
-154.18,52.0939#38.87#27.57#33.56
-154.097,52.0976#38.85#27.58#33.57
-154.014,52.1012#38.82#27.58#33.6
-153.93,52.1048#38.8#27.58#33.62
-153.847,52.1083#38.78#27.59#33.63
-153.764,52.1117#38.76#27.59#33.65
-153.68,52.115#38.74#27.6#33.66
-153.597,52.1183#38.72#27.6#33.68
-153.513,52.1215#38.7#27.61#33.69
-153.43,52.1246#38.68#27.61#33.71
-153.346,52.1276#38.67#27.62#33.71
-153.263,52.1306#38.65#27.62#33.73
-153.179,52.1334#38.63#27.63#33.74
-153.096,52.1363#38.61#27.63#33.76
-153.012,52.139#38.59#27.64#33.77
-152.929,52.1417#38.58#27.64#33.78
-152.845,52.1442#38.56#27.65#33.79
-152.762,52.1467#38.55#27.65#33.8
-152.678,52.1492#38.53#27.66#33.81
-152.595,52.1515#38.52#27.66#33.82
-152.511,52.1538#38.5#27.67#33.83
-152.427,52.156#38.49#27.67#33.84
-152.344,52.1582#38.47#27.68#33.85
-152.26,52.1602#38.46#27.68#33.86
-152.176,52.1622#38.45#27.69#33.86
-152.093,52.1641#38.43#27.69#33.88
-152.009,52.166#38.42#27.7#33.88
-151.925,52.1677#38.41#27.7#33.89
-151.842,52.1694#38.39#27.71#33.9
-151.758,52.171#38.38#27.71#33.91
-151.674,52.1726#38.37#27.72#33.91
-151.591,52.174#38.36#27.72#33.92
-151.507,52.1754#38.35#27.73#33.92
-151.423,52.1767#38.34#27.73#33.93
-151.34,52.178#38.33#27.74#33.93
-151.256,52.1791#38.32#27.74#33.94
-151.172,52.1802#38.3#27.75#33.95
-151.088,52.1812#38.29#27.75#33.96
-151.005,52.1822#38.28#27.76#33.96
-150.921,52.1831#38.27#27.76#33.97
-150.837,52.1838#38.26#27.77#33.97
-150.753,52.1846#38.25#27.77#33.98
-150.67,52.1852#38.24#27.78#33.98
-150.586,52.1858#38.23#27.78#33.99
-150.502,52.1862#38.22#27.79#33.99
-150.418,52.1867#38.21#27.79#34
-150.335,52.187#38.2#27.8#34
-150.251,52.1873#38.2#27.8#34
-150.167,52.1874#38.19#27.81#34
-150.083,52.1876#38.18#27.81#34.01
-149.999,52.1876#38.17#27.82#34.01
-149.916,52.1875#38.16#27.83#34.01
-149.832,52.1874#38.15#27.83#34.02
-149.748,52.1872#38.14#27.84#34.02
-149.664,52.187#38.13#27.84#34.03
-149.581,52.1866#38.12#27.85#34.03
-149.497,52.1862#38.11#27.85#34.04
-149.413,52.1857#38.1#27.86#34.04
-149.329,52.1852#38.09#27.86#34.05
-149.246,52.1845#38.08#27.87#34.05
-149.162,52.1838#38.07#27.87#34.06
-149.078,52.183#38.06#27.88#34.06
-148.994,52.1822#38.05#27.88#34.07
-148.911,52.1812#38.04#27.89#34.07
-148.827,52.1802#38.03#27.89#34.08
-148.743,52.1791#38.02#27.9#34.08
-148.659,52.178#38.01#27.9#34.09
-148.576,52.1767#38#27.91#34.09
-148.492,52.1754#37.99#27.91#34.1
-148.408,52.174#37.97#27.92#34.11
-148.325,52.1726#37.96#27.93#34.11
-148.241,52.171#37.94#27.93#34.13
-148.157,52.1694#37.93#27.94#34.13
-148.074,52.1677#37.91#27.94#34.15
-147.99,52.166#37.9#27.95#34.15
-147.906,52.1641#37.88#27.95#34.17
-147.823,52.1622#37.86#27.96#34.18
-147.739,52.1602#37.85#27.96#34.19
-147.655,52.1582#37.83#27.97#34.2
-147.572,52.156#37.81#27.97#34.22
-147.488,52.1538#37.79#27.98#34.23
-147.404,52.1515#37.78#27.99#34.23
-147.321,52.1492#37.76#27.99#34.25
-147.237,52.1467#37.74#28#34.26
-147.154,52.1442#37.72#28#34.28
-147.07,52.1416#37.7#28.01#34.29
-146.987,52.139#37.68#28.01#34.31
-146.903,52.1362#37.66#28.02#34.32
-146.82,52.1334#37.64#28.02#34.34
-146.736,52.1305#37.62#28.03#34.35
-146.653,52.1276#37.6#28.04#34.36
-146.569,52.1245#37.58#28.04#34.38
-146.486,52.1214#37.56#28.05#34.39
-146.402,52.1182#37.53#28.05#34.42
-146.319,52.115#37.51#28.06#34.43
-146.235,52.1116#37.49#28.06#34.45
-146.152,52.1082#37.47#28.07#34.46
-146.069,52.1048#37.45#28.07#34.48
-145.985,52.1012#37.42#28.08#34.5
-145.902,52.0976#37.4#28.09#34.51
-145.819,52.0939#37.38#28.09#34.53
-145.735,52.0901#37.36#28.1#34.54
-145.652,52.0862#37.34#28.1#34.56
-145.569,52.0823#37.32#28.11#34.57
-145.485,52.0783#37.29#28.11#34.6
-145.402,52.0742#37.27#28.12#34.61
-145.319,52.0701#37.25#28.13#34.62
-145.236,52.0658#37.23#28.13#34.64
-145.153,52.0615#37.21#28.14#34.65
-145.069,52.0572#37.19#28.14#34.67
-144.986,52.0527#37.17#28.15#34.68
-144.903,52.0482#37.15#28.15#34.7
-144.82,52.0436#37.13#28.16#34.71
-144.737,52.0389#37.11#28.17#34.72
-144.654,52.0342#37.09#28.17#34.74
-144.571,52.0294#37.08#28.18#34.74
-144.488,52.0245#37.06#28.18#34.76
-144.405,52.0195#37.04#28.19#34.77
-144.322,52.0145#37.03#28.2#34.77
-144.239,52.0094#37.01#28.2#34.79
-144.156,52.0042#37#28.21#34.79
-144.073,51.9989#36.98#28.21#34.81
-143.99,51.9936#36.97#28.22#34.81
-143.907,51.9882#36.96#28.22#34.82
-143.825,51.9827#36.95#28.23#34.82
-143.742,51.9771#36.94#28.24#34.82
-143.659,51.9715#36.94#28.24#34.82
-143.576,51.9658#36.93#28.25#34.82
-143.494,51.96#36.92#28.25#34.83
-143.411,51.9542#36.92#28.26#34.82
-143.328,51.9483#36.92#28.27#34.81
-143.246,51.9423#36.91#28.27#34.82
-143.163,51.9362#36.91#28.28#34.81
-143.081,51.9301#36.91#28.28#34.81
-142.998,51.9239#36.91#28.29#34.8
-142.916,51.9176#36.92#28.29#34.79
-142.833,51.9112#36.92#28.3#34.78
-142.751,51.9048#36.93#28.31#34.76
-157.918,51.9015#40.61#27.36#32.03
-157.836,51.9086#40.58#27.37#32.05
-157.754,51.9155#40.55#27.37#32.08
-157.671,51.9224#40.51#27.37#32.12
-157.589,51.9292#40.48#27.38#32.14
-157.506,51.9359#40.44#27.38#32.18
-157.424,51.9426#40.39#27.39#32.22
-157.341,51.9492#40.35#27.39#32.26
-157.259,51.9557#40.29#27.4#32.31
-157.176,51.9622#40.24#27.4#32.36
-157.094,51.9685#40.19#27.4#32.41
-157.011,51.9748#40.13#27.41#32.46
-156.928,51.9811#40.07#27.41#32.52
-156.846,51.9872#40.01#27.42#32.57
-156.763,51.9933#39.95#27.42#32.63
-156.68,51.9993#39.88#27.43#32.69
-156.598,52.0052#39.81#27.43#32.76
-156.515,52.0111#39.74#27.44#32.82
-156.432,52.0169#39.7#27.44#32.86
-156.349,52.0226#39.67#27.44#32.89
-156.266,52.0282#39.63#27.45#32.92
-156.183,52.0338#39.59#27.45#32.96
-156.1,52.0393#39.56#27.46#32.98
-156.017,52.0447#39.52#27.46#33.02
-155.934,52.05#39.49#27.47#33.04
-155.851,52.0553#39.46#27.47#33.07
-155.768,52.0605#39.43#27.48#33.09
-155.685,52.0656#39.4#27.48#33.12
-155.602,52.0706#39.37#27.49#33.14
-155.519,52.0756#39.34#27.49#33.17
-155.436,52.0805#39.31#27.49#33.2
-155.353,52.0853#39.28#27.5#33.22
-155.27,52.0901#39.25#27.5#33.25
-155.186,52.0948#39.22#27.51#33.27
-155.103,52.0994#39.19#27.51#33.3
-155.02,52.1039#39.16#27.52#33.32
-154.937,52.1084#39.14#27.52#33.34
-154.853,52.1127#39.12#27.53#33.35
-154.77,52.117#39.09#27.53#33.38
-154.687,52.1213#39.07#27.54#33.39
-154.604,52.1254#39.05#27.54#33.41
-154.52,52.1295#39.03#27.55#33.42
-154.437,52.1335#39#27.55#33.45
-154.353,52.1375#38.98#27.55#33.47
-154.27,52.1413#38.96#27.56#33.48
-154.187,52.1451#38.93#27.56#33.51
-154.103,52.1488#38.91#27.57#33.52
-154.02,52.1525#38.89#27.57#33.54
-153.936,52.156#38.87#27.58#33.55
-153.853,52.1595#38.85#27.58#33.57
-153.769,52.1629#38.83#27.59#33.58
-153.686,52.1663#38.81#27.59#33.6
-153.602,52.1695#38.78#27.6#33.62
-153.518,52.1727#38.76#27.6#33.64
-153.435,52.1758#38.75#27.61#33.64
-153.351,52.1789#38.73#27.61#33.66
-153.268,52.1818#38.71#27.62#33.67
-153.184,52.1847#38.69#27.62#33.69
-153.1,52.1875#38.67#27.63#33.7
-153.017,52.1903#38.65#27.63#33.72
-152.933,52.1929#38.64#27.64#33.72
-152.849,52.1955#38.62#27.64#33.74
-152.766,52.198#38.61#27.65#33.74
-152.682,52.2005#38.59#27.65#33.76
-152.598,52.2028#38.57#27.66#33.77
-152.515,52.2051#38.56#27.66#33.78
-152.431,52.2074#38.55#27.67#33.78
-152.347,52.2095#38.53#27.67#33.8
-152.263,52.2116#38.52#27.68#33.8
-152.18,52.2136#38.5#27.68#33.82
-152.096,52.2155#38.49#27.69#33.82
-152.012,52.2173#38.48#27.69#33.83
-151.928,52.2191#38.46#27.7#33.84
-151.844,52.2208#38.45#27.7#33.85
-151.761,52.2224#38.44#27.71#33.85
-151.677,52.2239#38.43#27.71#33.86
-151.593,52.2254#38.42#27.72#33.86
-151.509,52.2268#38.4#27.72#33.88
-151.425,52.2281#38.39#27.73#33.88
-151.341,52.2293#38.38#27.73#33.89
-151.258,52.2305#38.37#27.74#33.89
-151.174,52.2316#38.36#27.74#33.9
-151.09,52.2326#38.35#27.75#33.9
-151.006,52.2335#38.34#27.75#33.91
-150.922,52.2344#38.33#27.76#33.91
-150.838,52.2352#38.32#27.76#33.92
-150.754,52.2359#38.31#27.77#33.92
-150.671,52.2365#38.3#27.77#33.93
-150.587,52.2371#38.29#27.78#33.93
-150.503,52.2376#38.28#27.78#33.94
-150.419,52.238#38.27#27.79#33.94
-150.335,52.2384#38.26#27.79#33.95
-150.251,52.2386#38.25#27.8#33.95
-150.167,52.2388#38.24#27.8#33.96
-150.083,52.2389#38.23#27.81#33.96
-149.999,52.239#38.22#27.81#33.97
-149.916,52.2389#38.21#27.82#33.97
-149.832,52.2388#38.2#27.82#33.98
-149.748,52.2386#38.19#27.83#33.98
-149.664,52.2383#38.18#27.83#33.99
-149.58,52.238#38.17#27.84#33.99
-149.496,52.2376#38.16#27.84#34
-149.412,52.2371#38.15#27.85#34
-149.328,52.2365#38.14#27.86#34
-149.245,52.2359#38.13#27.86#34.01
-149.161,52.2352#38.13#27.87#34
-149.077,52.2344#38.12#27.87#34.01
-148.993,52.2335#38.11#27.88#34.01
-148.909,52.2326#38.09#27.88#34.03
-148.825,52.2316#38.08#27.89#34.03
-148.741,52.2305#38.07#27.89#34.04
-148.657,52.2293#38.06#27.9#34.04
-148.574,52.2281#38.05#27.9#34.05
-148.49,52.2268#38.03#27.91#34.06
-148.406,52.2254#38.02#27.91#34.07
-148.322,52.2239#38.01#27.92#34.07
-148.238,52.2224#37.99#27.92#34.09
-148.155,52.2207#37.98#27.93#34.09
-148.071,52.2191#37.96#27.94#34.1
-147.987,52.2173#37.94#27.94#34.12
-147.903,52.2154#37.93#27.95#34.12
-147.819,52.2135#37.91#27.95#34.14
-147.736,52.2115#37.89#27.96#34.15
-147.652,52.2095#37.88#27.96#34.16
-147.568,52.2073#37.86#27.97#34.17
-147.484,52.2051#37.84#27.97#34.19
-147.401,52.2028#37.82#27.98#34.2
-147.317,52.2004#37.8#27.98#34.22
-147.233,52.198#37.78#27.99#34.23
-147.15,52.1955#37.77#28#34.23
-147.066,52.1929#37.75#28#34.25
-146.982,52.1902#37.73#28.01#34.26
-146.899,52.1875#37.71#28.01#34.28
-146.815,52.1847#37.68#28.02#34.3
-146.731,52.1818#37.66#28.02#34.32
-146.648,52.1788#37.64#28.03#34.33
-146.564,52.1758#37.62#28.04#34.34
-146.481,52.1727#37.6#28.04#34.36
-146.397,52.1695#37.58#28.05#34.37
-146.313,52.1662#37.56#28.05#34.39
-146.23,52.1629#37.53#28.06#34.41
-146.146,52.1595#37.51#28.06#34.43
-146.063,52.156#37.49#28.07#34.44
-145.979,52.1524#37.47#28.07#34.46
-145.896,52.1488#37.44#28.08#34.48
-145.812,52.1451#37.42#28.09#34.49
-145.729,52.1413#37.4#28.09#34.51
-145.646,52.1374#37.38#28.1#34.52
-145.562,52.1335#37.36#28.1#34.54
-145.479,52.1295#37.34#28.11#34.55
-145.395,52.1254#37.31#28.11#34.58
-145.312,52.1212#37.29#28.12#34.59
-145.229,52.117#37.27#28.13#34.6
-145.145,52.1127#37.25#28.13#34.62
-145.062,52.1083#37.23#28.14#34.63
-144.979,52.1038#37.21#28.14#34.65
-144.896,52.0993#37.19#28.15#34.66
-144.812,52.0947#37.17#28.15#34.68
-144.729,52.09#37.15#28.16#34.69
-144.646,52.0853#37.13#28.17#34.7
-144.563,52.0805#37.12#28.17#34.71
-144.48,52.0756#37.1#28.18#34.72
-144.397,52.0706#37.08#28.18#34.74
-144.314,52.0655#37.07#28.19#34.74
-144.231,52.0604#37.05#28.2#34.75
-144.148,52.0552#37.04#28.2#34.76
-144.065,52.0499#37.02#28.21#34.77
-143.982,52.0446#37.01#28.21#34.78
-143.899,52.0392#37#28.22#34.78
-143.816,52.0337#36.99#28.22#34.79
-143.733,52.0281#36.98#28.23#34.79
-143.65,52.0225#36.98#28.24#34.78
-143.567,52.0168#36.97#28.24#34.79
-143.484,52.011#36.96#28.25#34.79
-143.401,52.0051#36.96#28.25#34.79
-143.319,51.9992#36.96#28.26#34.78
-143.236,51.9932#36.96#28.27#34.77
-143.153,51.9871#36.96#28.27#34.77
-143.071,51.981#36.95#28.28#34.77
-142.988,51.9747#36.95#28.28#34.77
-142.905,51.9685#36.96#28.29#34.75
-142.823,51.9621#36.96#28.29#34.75
-142.74,51.9556#36.97#28.3#34.73
-142.658,51.9491#36.97#28.31#34.72
-142.575,51.9425#36.98#28.31#34.71
-142.493,51.9359#36.98#28.32#34.7
-142.41,51.9291#36.99#28.32#34.69
-142.328,51.9223#37#28.33#34.67
-142.245,51.9154#37.01#28.34#34.65
-142.163,51.9085#37.02#28.34#34.64
-142.081,51.9015#37.03#28.35#34.62
-158.506,51.901#41.16#27.33#31.51
-158.424,51.9086#41.11#27.33#31.56
-158.341,51.916#41.06#27.33#31.61
-158.259,51.9234#41.01#27.34#31.65
-158.177,51.9308#40.96#27.34#31.7
-158.095,51.938#40.91#27.35#31.74
-158.012,51.9452#40.86#27.35#31.79
-157.93,51.9523#40.82#27.35#31.83
-157.847,51.9594#40.79#27.36#31.85
-157.765,51.9663#40.75#27.36#31.89
-157.682,51.9732#40.71#27.37#31.92
-157.6,51.98#40.67#27.37#31.96
-157.517,51.9868#40.62#27.38#32
-157.435,51.9935#40.57#27.38#32.05
-157.352,52.0001#40.51#27.38#32.11
-157.269,52.0066#40.46#27.39#32.15
-157.187,52.0131#40.39#27.39#32.22
-157.104,52.0194#40.33#27.4#32.27
-157.021,52.0257#40.27#27.4#32.33
-156.938,52.032#40.2#27.41#32.39
-156.856,52.0381#40.13#27.41#32.46
-156.773,52.0442#40.06#27.42#32.52
-156.69,52.0502#39.99#27.42#32.59
-156.607,52.0562#39.91#27.42#32.67
-156.524,52.062#39.84#27.43#32.73
-156.441,52.0678#39.79#27.43#32.78
-156.358,52.0736#39.75#27.44#32.81
-156.275,52.0792#39.71#27.44#32.85
-156.192,52.0848#39.68#27.45#32.87
-156.109,52.0903#39.64#27.45#32.91
-156.026,52.0957#39.6#27.46#32.94
-155.943,52.1011#39.57#27.46#32.97
-155.86,52.1063#39.54#27.46#33
-155.777,52.1115#39.51#27.47#33.02
-155.694,52.1167#39.48#27.47#33.05
-155.61,52.1217#39.45#27.48#33.07
-155.527,52.1267#39.42#27.48#33.1
-155.444,52.1316#39.39#27.49#33.12
-155.361,52.1364#39.36#27.49#33.15
-155.277,52.1412#39.33#27.5#33.17
-155.194,52.1459#39.29#27.5#33.21
-155.111,52.1505#39.26#27.51#33.23
-155.027,52.155#39.23#27.51#33.26
-154.944,52.1595#39.21#27.52#33.27
-154.861,52.1639#39.18#27.52#33.3
-154.777,52.1682#39.16#27.52#33.32
-154.694,52.1724#39.14#27.53#33.33
-154.61,52.1766#39.12#27.53#33.35
-154.527,52.1807#39.09#27.54#33.37
-154.443,52.1847#39.07#27.54#33.39
-154.36,52.1887#39.05#27.55#33.4
-154.276,52.1925#39.02#27.55#33.43
-154.193,52.1963#39#27.56#33.44
-154.109,52.2#38.98#27.56#33.46
-154.025,52.2037#38.95#27.57#33.48
-153.942,52.2072#38.93#27.57#33.5
-153.858,52.2107#38.91#27.58#33.51
-153.775,52.2142#38.89#27.58#33.53
-153.691,52.2175#38.87#27.59#33.54
-153.607,52.2208#38.85#27.59#33.56
-153.524,52.224#38.83#27.59#33.58
-153.44,52.2271#38.81#27.6#33.59
-153.356,52.2301#38.79#27.6#33.61
-153.272,52.2331#38.77#27.61#33.62
-153.189,52.236#38.75#27.61#33.64
-153.105,52.2388#38.73#27.62#33.65
-153.021,52.2416#38.71#27.62#33.67
-152.937,52.2442#38.7#27.63#33.67
-152.854,52.2468#38.68#27.63#33.69
-152.77,52.2493#38.67#27.64#33.69
-152.686,52.2518#38.65#27.64#33.71
-152.602,52.2542#38.63#27.65#33.72
-152.518,52.2565#38.62#27.65#33.73
-152.434,52.2587#38.6#27.66#33.74
-152.351,52.2608#38.59#27.66#33.75
-152.267,52.2629#38.58#27.67#33.75
-152.183,52.2649#38.56#27.67#33.77
-152.099,52.2668#38.55#27.68#33.77
-152.015,52.2686#38.53#27.68#33.79
-151.931,52.2704#38.52#27.69#33.79
-151.847,52.2721#38.51#27.69#33.8
-151.763,52.2737#38.5#27.7#33.8
-151.679,52.2753#38.48#27.7#33.82
-151.595,52.2767#38.47#27.71#33.82
-151.511,52.2781#38.46#27.71#33.83
-151.427,52.2795#38.45#27.72#33.83
-151.343,52.2807#38.44#27.72#33.84
-151.259,52.2819#38.43#27.73#33.84
-151.176,52.283#38.42#27.73#33.85
-151.092,52.284#38.4#27.74#33.86
-151.008,52.2849#38.39#27.74#33.87
-150.924,52.2858#38.38#27.75#33.87
-150.84,52.2866#38.37#27.75#33.88
-150.756,52.2873#38.36#27.76#33.88
-150.672,52.2879#38.35#27.76#33.89
-150.588,52.2885#38.34#27.77#33.89
-150.504,52.289#38.33#27.77#33.9
-150.42,52.2894#38.32#27.78#33.9
-150.336,52.2897#38.31#27.78#33.91
-150.252,52.29#38.3#27.79#33.91
-150.168,52.2902#38.29#27.79#33.92
-150.083,52.2903#38.28#27.8#33.92
-149.999,52.2903#38.27#27.81#33.92
-149.915,52.2903#38.26#27.81#33.93
-149.831,52.2902#38.25#27.82#33.93
-149.747,52.29#38.24#27.82#33.94
-149.663,52.2897#38.23#27.83#33.94
-149.579,52.2894#38.22#27.83#33.95
-149.495,52.289#38.21#27.84#33.95
-149.411,52.2885#38.2#27.84#33.96
-149.327,52.2879#38.2#27.85#33.95
-149.243,52.2873#38.19#27.85#33.96
-149.159,52.2866#38.18#27.86#33.96
-149.075,52.2858#38.17#27.86#33.97
-148.991,52.2849#38.16#27.87#33.97
-148.907,52.284#38.15#27.87#33.98
-148.823,52.2829#38.13#27.88#33.99
-148.739,52.2818#38.12#27.88#34
-148.656,52.2807#38.11#27.89#34
-148.572,52.2794#38.1#27.9#34
-148.488,52.2781#38.08#27.9#34.02
-148.404,52.2767#38.07#27.91#34.02
-148.32,52.2753#38.05#27.91#34.04
-148.236,52.2737#38.04#27.92#34.04
-148.152,52.2721#38.02#27.92#34.06
-148.068,52.2704#38.01#27.93#34.06
-147.984,52.2686#37.99#27.93#34.08
-147.9,52.2668#37.98#27.94#34.08
-147.816,52.2649#37.96#27.94#34.1
-147.732,52.2629#37.94#27.95#34.11
-147.648,52.2608#37.92#27.96#34.12
-147.565,52.2586#37.91#27.96#34.13
-147.481,52.2564#37.89#27.97#34.14
-147.397,52.2541#37.87#27.97#34.16
-147.313,52.2518#37.85#27.98#34.17
-147.229,52.2493#37.83#27.98#34.19
-147.145,52.2468#37.81#27.99#34.2
-147.062,52.2442#37.79#27.99#34.22
-146.978,52.2415#37.77#28#34.23
-146.894,52.2388#37.75#28.01#34.24
-146.81,52.236#37.73#28.01#34.26
-146.727,52.2331#37.71#28.02#34.27
-146.643,52.2301#37.69#28.02#34.29
-146.559,52.227#37.67#28.03#34.3
-146.475,52.2239#37.64#28.03#34.33
-146.392,52.2207#37.62#28.04#34.34
-146.308,52.2175#37.6#28.05#34.35
-146.224,52.2141#37.58#28.05#34.37
-146.141,52.2107#37.55#28.06#34.39
-146.057,52.2072#37.53#28.06#34.41
-145.973,52.2036#37.51#28.07#34.42
-145.89,52.2#37.49#28.07#34.44
-145.806,52.1963#37.46#28.08#34.46
-145.723,52.1925#37.44#28.09#34.47
-145.639,52.1886#37.42#28.09#34.49
-145.556,52.1847#37.4#28.1#34.5
-145.472,52.1806#37.38#28.1#34.52
-145.389,52.1766#37.36#28.11#34.53
-145.305,52.1724#37.33#28.11#34.56
-145.222,52.1682#37.31#28.12#34.57
-145.138,52.1638#37.29#28.13#34.58
-145.055,52.1594#37.27#28.13#34.6
-144.972,52.155#37.25#28.14#34.61
-144.888,52.1504#37.23#28.14#34.63
-144.805,52.1458#37.21#28.15#34.64
-144.722,52.1411#37.19#28.15#34.66
-144.638,52.1364#37.18#28.16#34.66
-144.555,52.1316#37.16#28.17#34.67
-144.472,52.1266#37.14#28.17#34.69
-144.389,52.1217#37.12#28.18#34.7
-144.305,52.1166#37.11#28.18#34.71
-144.222,52.1115#37.09#28.19#34.72
-144.139,52.1063#37.08#28.2#34.72
-144.056,52.101#37.06#28.2#34.74
-143.973,52.0956#37.05#28.21#34.74
-143.89,52.0902#37.04#28.21#34.75
-143.807,52.0847#37.03#28.22#34.75
-143.724,52.0791#37.03#28.22#34.75
-143.641,52.0735#37.02#28.23#34.75
-143.558,52.0678#37.01#28.24#34.75
-143.475,52.062#37#28.24#34.76
-143.392,52.0561#37#28.25#34.75
-143.309,52.0502#37#28.25#34.75
-143.226,52.0441#37#28.26#34.74
-143.143,52.0381#37#28.27#34.73
-143.06,52.0319#37#28.27#34.73
-142.978,52.0257#37#28.28#34.72
-142.895,52.0194#37#28.28#34.72
-142.812,52.013#37.01#28.29#34.7
-142.73,52.0065#37.01#28.29#34.7
-142.647,52#37.02#28.3#34.68
-142.564,51.9934#37.02#28.31#34.67
-142.482,51.9867#37.03#28.31#34.66
-142.399,51.98#37.04#28.32#34.64
-142.317,51.9731#37.05#28.32#34.63
-142.234,51.9662#37.06#28.33#34.61
-142.152,51.9593#37.07#28.34#34.59
-142.069,51.9522#37.08#28.34#34.58
-141.987,51.9451#37.09#28.35#34.56
-141.904,51.9379#37.1#28.35#34.55
-141.822,51.9307#37.11#28.36#34.53
-141.74,51.9234#37.12#28.37#34.51
-141.658,51.916#37.14#28.37#34.49
-141.575,51.9085#37.15#28.38#34.47
-141.493,51.9009#37.16#28.39#34.45
-159.011,51.9049#41.77#27.29#30.94
-158.929,51.9128#41.71#27.3#30.99
-158.847,51.9208#41.65#27.3#31.05
-158.765,51.9286#41.58#27.31#31.11
-158.683,51.9364#41.52#27.31#31.17
-158.6,51.9441#41.46#27.31#31.23
-158.518,51.9517#41.39#27.32#31.29
-158.436,51.9593#41.34#27.32#31.34
-158.353,51.9668#41.29#27.33#31.38
-158.271,51.9742#41.24#27.33#31.43
-158.189,51.9815#41.19#27.33#31.48
-158.106,51.9888#41.13#27.34#31.53
-158.024,51.996#41.08#27.34#31.58
-157.941,52.0031#41.04#27.35#31.61
-157.859,52.0102#40.99#27.35#31.66
-157.776,52.0172#40.95#27.36#31.69
-157.694,52.0241#40.9#27.36#31.74
-157.611,52.0309#40.85#27.36#31.79
-157.528,52.0377#40.8#27.37#31.83
-157.445,52.0443#40.75#27.37#31.88
-157.363,52.051#40.68#27.38#31.94
-157.28,52.0575#40.62#27.38#32
