-151.99,60.9017#59.16#26.5#14.34
-151.879,60.9035#58.99#26.5#14.51
-151.769,60.9052#58.83#26.51#14.66
-151.658,60.9068#58.67#26.51#14.82
-151.548,60.9083#58.51#26.52#14.97
-151.437,60.9097#58.35#26.52#15.13
-151.326,60.911#58.18#26.53#15.29
-151.216,60.9122#58.02#26.53#15.45
-151.105,60.9133#57.85#26.54#15.61
-150.995,60.9143#57.69#26.54#15.77
-150.884,60.9151#57.51#26.55#15.94
-150.774,60.9159#57.34#26.55#16.11
-150.663,60.9166#57.17#26.56#16.27
-150.552,60.9172#57#26.57#16.43
-150.442,60.9176#56.82#26.57#16.61
-150.331,60.918#56.65#26.58#16.77
-150.221,60.9182#56.47#26.58#16.95
-150.11,60.9184#56.29#26.59#17.12
-149.999,60.9185#56.11#26.59#17.3
-149.889,60.9184#55.93#26.6#17.47
-149.778,60.9182#55.75#26.6#17.65
-149.667,60.918#55.57#26.61#17.82
-149.557,60.9176#55.38#26.62#18
-149.446,60.9172#55.21#26.62#18.17
-149.336,60.9166#55.03#26.63#18.34
-149.225,60.9159#54.85#26.63#18.52
-149.114,60.9151#54.68#26.64#18.68
-149.004,60.9142#54.5#26.64#18.86
-148.893,60.9133#54.33#26.65#19.02
-148.783,60.9122#54.16#26.66#19.18
-148.672,60.911#53.99#26.67#19.34
-148.562,60.9097#53.82#26.68#19.5
-148.451,60.9083#53.65#26.69#19.66
-148.341,60.9068#53.49#26.72#19.79
-148.23,60.9052#53.33#26.74#19.93
-148.12,60.9035#53.17#26.76#20.07
-148.009,60.9016#53.01#26.78#20.21
-154.093,60.9011#64.45#26.41#9.14
-153.983,60.9049#64.16#26.41#9.43000000000001
-153.872,60.9086#63.85#26.41#9.73999999999999
-153.762,60.9122#63.54#26.42#10.04
-153.652,60.9157#63.23#26.42#10.35
-153.541,60.919#62.91#26.43#10.66
-153.431,60.9223#62.59#26.43#10.98
-153.32,60.9255#62.25#26.44#11.31
-153.21,60.9285#61.91#26.44#11.65
-153.099,60.9315#61.57#26.45#11.98
-152.989,60.9344#61.24#26.45#12.31
-152.878,60.9371#60.95#26.45#12.6
-152.768,60.9398#60.67#26.46#12.87
-152.657,60.9423#60.39#26.46#13.15
-152.547,60.9447#60.11#26.47#13.42
-152.436,60.9471#59.87#26.47#13.66
-152.325,60.9493#59.66#26.48#13.86
-152.215,60.9514#59.45#26.48#14.07
-152.104,60.9535#59.24#26.49#14.27
-151.993,60.9554#59.03#26.49#14.48
-151.883,60.9572#58.87#26.5#14.63
-151.772,60.9589#58.71#26.5#14.79
-151.661,60.9605#58.55#26.51#14.94
-151.55,60.962#58.39#26.51#15.1
-151.44,60.9634#58.23#26.52#15.25
-151.329,60.9647#58.06#26.52#15.42
-151.218,60.9659#57.9#26.53#15.57
-151.107,60.967#57.73#26.53#15.74
-150.997,60.968#57.57#26.54#15.89
-150.886,60.9689#57.4#26.54#16.06
-150.775,60.9697#57.23#26.55#16.22
-150.664,60.9704#57.06#26.55#16.39
-150.553,60.9709#56.88#26.56#16.56
-150.443,60.9714#56.71#26.57#16.72
-150.332,60.9718#56.53#26.57#16.9
-150.221,60.972#56.36#26.58#17.06
-150.11,60.9722#56.18#26.58#17.24
-149.999,60.9722#56#26.59#17.41
-149.888,60.9722#55.82#26.59#17.59
-149.778,60.972#55.64#26.6#17.76
-149.667,60.9718#55.46#26.6#17.94
-149.556,60.9714#55.28#26.61#18.11
-149.445,60.9709#55.1#26.61#18.29
-149.334,60.9703#54.93#26.62#18.45
-149.224,60.9697#54.75#26.63#18.62
-149.113,60.9689#54.57#26.63#18.8
-149.002,60.968#54.4#26.64#18.96
-148.891,60.967#54.23#26.65#19.12
-148.78,60.9659#54.06#26.66#19.28
-148.67,60.9647#53.89#26.67#19.44
-148.559,60.9634#53.72#26.68#19.6
-148.448,60.962#53.56#26.69#19.75
-148.337,60.9605#53.39#26.72#19.89
-148.227,60.9589#53.23#26.74#20.03
-148.116,60.9572#53.07#26.76#20.17
-148.005,60.9554#52.91#26.79#20.3
-147.895,60.9534#52.76#26.83#20.41
-147.784,60.9514#52.61#26.88#20.51
-147.673,60.9493#52.46#26.92#20.62
-147.563,60.947#52.31#26.97#20.72
-147.452,60.9447#52.16#27.02#20.82
-147.341,60.9423#52.03#27.08#20.89
-147.231,60.9397#51.89#27.15#20.96
-147.12,60.9371#51.76#27.21#21.03
-147.01,60.9343#51.62#27.27#21.11
-146.899,60.9315#51.49#27.32#21.19
-146.789,60.9285#51.35#27.38#21.27
-146.678,60.9254#51.22#27.43#21.35
-146.568,60.9223#51.09#27.48#21.43
-146.457,60.919#50.96#27.53#21.51
-146.347,60.9156#50.85#27.56#21.59
-146.237,60.9122#50.73#27.6#21.67
-146.126,60.9086#50.61#27.63#21.76
-146.016,60.9049#50.5#27.66#21.84
-145.906,60.9011#50.37#27.68#21.95
-155.424,60.9012#67.43#26.35#6.22
-155.314,60.9062#67.2#26.36#6.44
-155.204,60.9112#66.98#26.36#6.66
-155.094,60.916#66.75#26.36#6.89
-154.984,60.9207#66.51#26.37#7.11999999999999
-154.873,60.9253#66.24#26.37#7.39
-154.763,60.9298#65.97#26.38#7.65000000000001
-154.653,60.9343#65.71#26.38#7.91000000000001
-154.542,60.9386#65.44#26.38#8.18000000000001
-154.432,60.9428#65.16#26.39#8.45
-154.322,60.9469#64.88#26.39#8.73
-154.211,60.9509#64.6#26.4#9
-154.101,60.9548#64.32#26.4#9.28
-153.99,60.9586#64.04#26.4#9.56
-153.88,60.9623#63.72#26.41#9.87
-153.769,60.9658#63.4#26.41#10.19
-153.659,60.9693#63.08#26.42#10.5
-153.548,60.9727#62.75#26.42#10.83
-153.437,60.976#62.41#26.43#11.16
-153.327,60.9792#62.06#26.43#11.51
-153.216,60.9822#61.71#26.44#11.85
-153.105,60.9852#61.35#26.44#12.21
-152.995,60.9881#61#26.44#12.56
-152.884,60.9908#60.73#26.45#12.82
-152.773,60.9935#60.46#26.45#13.09
-152.662,60.996#60.19#26.46#13.35
-152.552,60.9985#59.93#26.46#13.61
-152.441,61.0008#59.7#26.47#13.83
-152.33,61.003#59.5#26.47#14.03
-152.219,61.0052#59.3#26.48#14.22
-152.108,61.0072#59.11#26.48#14.41
-151.997,61.0091#58.91#26.49#14.6
-151.886,61.011#58.75#26.49#14.76
-151.775,61.0127#58.59#26.5#14.91
-151.664,61.0143#58.43#26.5#15.07
-151.554,61.0158#58.27#26.51#15.22
-151.443,61.0172#58.11#26.51#15.38
-151.332,61.0185#57.94#26.52#15.54
-151.221,61.0197#57.78#26.52#15.7
-151.11,61.0208#57.61#26.53#15.86
-150.999,61.0218#57.45#26.53#16.02
-150.888,61.0227#57.28#26.54#16.18
-150.777,61.0235#57.11#26.54#16.35
-150.666,61.0241#56.94#26.55#16.51
-150.554,61.0247#56.77#26.55#16.68
-150.443,61.0252#56.6#26.56#16.84
-150.332,61.0255#56.42#26.56#17.02
-150.221,61.0258#56.24#26.57#17.19
-150.11,61.026#56.07#26.58#17.35
-149.999,61.026#55.89#26.58#17.53
-149.888,61.026#55.71#26.59#17.7
-149.777,61.0258#55.53#26.59#17.88
-149.666,61.0255#55.35#26.6#18.05
-149.555,61.0252#55.18#26.6#18.22
-149.444,61.0247#55#26.61#18.39
-149.333,61.0241#54.82#26.61#18.57
-149.222,61.0234#54.65#26.62#18.73
-149.111,61.0227#54.47#26.63#18.9
-149,61.0218#54.3#26.63#19.07
-148.889,61.0208#54.13#26.64#19.23
-148.778,61.0197#53.96#26.65#19.39
-148.667,61.0185#53.79#26.66#19.55
-148.556,61.0172#53.62#26.67#19.71
-148.445,61.0158#53.46#26.69#19.85
-148.334,61.0143#53.3#26.72#19.98
-148.223,61.0127#53.14#26.74#20.12
-148.112,61.0109#52.98#26.77#20.25
-148.001,61.0091#52.82#26.79#20.39
-147.89,61.0072#52.66#26.84#20.5
-147.78,61.0052#52.51#26.89#20.6
-147.669,61.003#52.36#26.94#20.7
-147.558,61.0008#52.21#26.99#20.8
-147.447,60.9984#52.07#27.05#20.88
-147.336,60.996#51.94#27.11#20.95
-147.225,60.9934#51.8#27.17#21.03
-147.115,60.9908#51.67#27.23#21.1
-147.004,60.988#51.53#27.3#21.17
-146.893,60.9852#51.4#27.35#21.25
-146.782,60.9822#51.27#27.4#21.33
-146.672,60.9791#51.13#27.45#21.42
-146.561,60.9759#51#27.51#21.49
-146.451,60.9727#50.87#27.55#21.58
-146.34,60.9693#50.75#27.58#21.67
-146.229,60.9658#50.64#27.61#21.75
-146.119,60.9622#50.52#27.64#21.84
-146.008,60.9585#50.4#27.67#21.93
-145.898,60.9547#50.27#27.69#22.04
-145.787,60.9508#50.14#27.7#22.16
-145.677,60.9468#50.01#27.72#22.27
-145.567,60.9427#49.88#27.73#22.39
-145.456,60.9385#49.74#27.75#22.51
-145.346,60.9342#49.59#27.75#22.66
-145.236,60.9298#49.44#27.76#22.8
-145.125,60.9253#49.29#27.77#22.94
-145.015,60.9207#49.14#27.78#23.08
-144.905,60.9159#48.94#27.79#23.27
-144.795,60.9111#48.74#27.79#23.47
-144.685,60.9062#48.54#27.8#23.66
-144.575,60.9011#48.34#27.8#23.86
-156.425,60.9047#68.78#26.31#4.91
-156.315,60.9107#68.66#26.32#5.02000000000001
-156.205,60.9166#68.53#26.32#5.15000000000001
-156.095,60.9223#68.41#26.32#5.27000000000001
-155.985,60.928#68.28#26.33#5.39
-155.875,60.9335#68.11#26.33#5.56
-155.765,60.939#67.93#26.34#5.72999999999999
-155.655,60.9443#67.75#26.34#5.91
-155.545,60.9496#67.58#26.34#6.08
-155.435,60.9547#67.37#26.35#6.28
-155.324,60.9598#67.13#26.35#6.52000000000001
-155.214,60.9647#66.9#26.35#6.75
-155.104,60.9695#66.67#26.36#6.97
-154.993,60.9743#66.43#26.36#7.20999999999999
-154.883,60.9789#66.15#26.37#7.47999999999999
-154.772,60.9834#65.88#26.37#7.75
-154.662,60.9879#65.6#26.37#8.03
-154.551,60.9922#65.33#26.38#8.29000000000001
-154.441,60.9964#65.05#26.38#8.57000000000001
-154.33,61.0005#64.76#26.39#8.84999999999999
-154.219,61.0045#64.48#26.39#9.13
-154.109,61.0084#64.2#26.4#9.40000000000001
-153.998,61.0122#63.91#26.4#9.69
-153.887,61.0159#63.58#26.4#10.02
-153.777,61.0195#63.26#26.41#10.33
-153.666,61.023#62.93#26.41#10.66
-153.555,61.0264#62.6#26.42#10.98
-153.444,61.0297#62.25#26.42#11.33
-153.333,61.0329#61.88#26.43#11.69
-153.222,61.0359#61.5#26.43#12.07
-153.111,61.0389#61.13#26.43#12.44
-153,61.0418#60.76#26.44#12.8
-152.89,61.0445#60.5#26.44#13.06
-152.779,61.0472#60.25#26.45#13.3
-152.668,61.0497#60#26.45#13.55
-152.557,61.0522#59.75#26.46#13.79
-152.445,61.0545#59.53#26.46#14.01
-152.334,61.0568#59.35#26.47#14.18
-152.223,61.0589#59.16#26.47#14.37
-152.112,61.061#58.98#26.48#14.54
-152.001,61.0629#58.79#26.48#14.73
-151.89,61.0647#58.63#26.49#14.88
-151.779,61.0664#58.47#26.49#15.04
-151.668,61.0681#58.31#26.5#15.19
-151.557,61.0696#58.15#26.5#15.35
-151.445,61.071#57.99#26.51#15.5
-151.334,61.0723#57.82#26.51#15.67
-151.223,61.0735#57.66#26.52#15.82
-151.112,61.0746#57.49#26.52#15.99
-151.001,61.0756#57.33#26.53#16.14
-150.889,61.0765#57.16#26.53#16.31
-150.778,61.0772#56.99#26.54#16.47
-150.667,61.0779#56.82#26.54#16.64
-150.556,61.0785#56.65#26.55#16.8
-150.444,61.079#56.48#26.55#16.97
-150.333,61.0793#56.31#26.56#17.13
-150.222,61.0796#56.13#26.56#17.31
-150.111,61.0797#55.96#26.57#17.47
-149.999,61.0798#55.78#26.57#17.65
-149.888,61.0797#55.6#26.58#17.82
-149.777,61.0796#55.43#26.59#17.98
-149.666,61.0793#55.25#26.59#18.16
-149.554,61.079#55.07#26.6#18.33
-149.443,61.0785#54.9#26.6#18.5
-149.332,61.0779#54.72#26.61#18.67
-149.221,61.0772#54.55#26.61#18.84
-149.109,61.0765#54.37#26.62#19.01
-148.998,61.0756#54.2#26.63#19.17
-148.887,61.0746#54.03#26.64#19.33
-148.776,61.0735#53.86#26.65#19.49
-148.664,61.0723#53.69#26.66#19.65
-148.553,61.071#53.53#26.67#19.8
-148.442,61.0696#53.36#26.69#19.95
-148.331,61.068#53.2#26.72#20.08
-148.22,61.0664#53.04#26.75#20.21
-148.109,61.0647#52.88#26.77#20.35
-147.997,61.0629#52.72#26.8#20.48
-147.886,61.0609#52.57#26.85#20.58
-147.775,61.0589#52.42#26.91#20.67
-147.664,61.0568#52.27#26.96#20.77
-147.553,61.0545#52.12#27.01#20.87
-147.442,61.0522#51.98#27.07#20.95
-147.331,61.0497#51.84#27.13#21.03
-147.22,61.0472#51.71#27.2#21.09
-147.109,61.0445#51.58#27.26#21.16
-146.998,61.0417#51.44#27.32#21.24
-146.887,61.0389#51.31#27.38#21.31
-146.776,61.0359#51.18#27.43#21.39
-146.665,61.0328#51.04#27.48#21.48
-146.555,61.0296#50.91#27.53#21.56
-146.444,61.0263#50.78#27.57#21.65
-146.333,61.023#50.66#27.6#21.74
-146.222,61.0195#50.54#27.62#21.84
-146.111,61.0159#50.43#27.65#21.92
-146.001,61.0122#50.31#27.68#22.01
-145.89,61.0084#50.18#27.69#22.13
-145.779,61.0045#50.04#27.71#22.25
-145.669,61.0005#49.91#27.72#22.37
-145.558,60.9963#49.78#27.74#22.48
-145.447,60.9921#49.64#27.75#22.61
-145.337,60.9878#49.48#27.76#22.76
-145.226,60.9834#49.33#27.77#22.9
-145.116,60.9788#49.17#27.77#23.06
-145.005,60.9742#49.02#27.78#23.2
-144.895,60.9695#48.82#27.79#23.39
-144.785,60.9646#48.62#27.79#23.59
-144.674,60.9597#48.42#27.8#23.78
-144.564,60.9547#48.22#27.8#23.98
-144.454,60.9495#48.01#27.81#24.18
-144.344,60.9443#47.76#27.81#24.43
-144.233,60.9389#47.52#27.82#24.66
-144.123,60.9335#47.27#27.82#24.91
-144.013,60.9279#47.03#27.82#25.15
-143.903,60.9223#46.78#27.83#25.39
-143.793,60.9165#46.52#27.83#25.65
-143.683,60.9106#46.27#27.83#25.9
-143.573,60.9047#46.02#27.84#26.14
-157.317,60.9067#69.42#26.28#4.3
-157.207,60.9135#69.36#26.29#4.34999999999999
-157.097,60.9201#69.3#26.29#4.41
-156.987,60.9267#69.24#26.29#4.47
-156.877,60.9332#69.15#26.3#4.55
-156.768,60.9396#69.05#26.3#4.65000000000001
-156.658,60.9459#68.96#26.3#4.74000000000001
-156.548,60.9521#68.86#26.31#4.83
-156.438,60.9582#68.75#26.31#4.94
-156.327,60.9641#68.62#26.31#5.06999999999999
-156.217,60.97#68.5#26.32#5.18000000000001
-156.107,60.9758#68.37#26.32#5.31
-155.997,60.9815#68.24#26.32#5.44
-155.887,60.987#68.06#26.33#5.61
-155.776,60.9925#67.88#26.33#5.79000000000001
-155.666,60.9979#67.7#26.33#5.97
-155.555,61.0031#67.51#26.34#6.14999999999999
-155.445,61.0083#67.3#26.34#6.36
-155.335,61.0133#67.07#26.35#6.58000000000001
-155.224,61.0183#66.83#26.35#6.81999999999999
-155.113,61.0231#66.59#26.35#7.06
-155.003,61.0279#66.35#26.36#7.29000000000001
-154.892,61.0325#66.07#26.36#7.57000000000001
-154.782,61.037#65.79#26.37#7.83999999999999
-154.671,61.0415#65.5#26.37#8.13
-154.56,61.0458#65.22#26.37#8.41
-154.449,61.05#64.94#26.38#8.68000000000001
-154.338,61.0541#64.65#26.38#8.97
-154.228,61.0582#64.36#26.39#9.25
-154.117,61.0621#64.07#26.39#9.54000000000001
-154.006,61.0659#63.79#26.39#9.81999999999999
-153.895,61.0696#63.45#26.4#10.15
-153.784,61.0732#63.12#26.4#10.48
-153.673,61.0767#62.78#26.41#10.81
-153.562,61.0801#62.44#26.41#11.15
-153.451,61.0834#62.08#26.42#11.5
-153.34,61.0866#61.69#26.42#11.89
-153.229,61.0896#61.3#26.42#12.28
-153.117,61.0926#60.91#26.43#12.66
-153.006,61.0955#60.52#26.43#13.05
-152.895,61.0983#60.27#26.44#13.29
-152.784,61.1009#60.04#26.44#13.52
-152.673,61.1035#59.81#26.45#13.74
-152.561,61.1059#59.57#26.45#13.98
-152.45,61.1083#59.37#26.46#14.17
-152.339,61.1105#59.19#26.46#14.35
-152.228,61.1127#59.02#26.47#14.51
-152.116,61.1147#58.84#26.47#14.69
-152.005,61.1167#58.67#26.48#14.85
-151.894,61.1185#58.51#26.48#15.01
-151.782,61.1202#58.35#26.49#15.16
-151.671,61.1218#58.19#26.49#15.32
-151.56,61.1234#58.03#26.5#15.47
-151.448,61.1248#57.87#26.5#15.63
-151.337,61.1261#57.7#26.51#15.79
-151.225,61.1273#57.54#26.51#15.95
-151.114,61.1284#57.38#26.52#16.1
-151.002,61.1294#57.21#26.52#16.27
-150.891,61.1303#57.04#26.53#16.43
-150.78,61.131#56.87#26.53#16.6
-150.668,61.1317#56.71#26.54#16.75
-150.557,61.1323#56.54#26.54#16.92
-150.445,61.1328#56.37#26.55#17.08
-150.334,61.1331#56.19#26.55#17.26
-150.222,61.1334#56.02#26.56#17.42
-150.111,61.1336#55.85#26.56#17.59
-149.999,61.1336#55.67#26.57#17.76
-149.888,61.1336#55.5#26.57#17.93
-149.776,61.1334#55.32#26.58#18.1
-149.665,61.1331#55.14#26.59#18.27
-149.553,61.1328#54.97#26.59#18.44
-149.442,61.1323#54.79#26.6#18.61
-149.33,61.1317#54.62#26.6#18.78
-149.219,61.131#54.45#26.61#18.94
-149.108,61.1303#54.27#26.61#19.12
-148.996,61.1294#54.1#26.62#19.28
-148.885,61.1284#53.93#26.63#19.44
-148.773,61.1273#53.76#26.64#19.6
-148.662,61.1261#53.6#26.65#19.75
-148.55,61.1248#53.43#26.67#19.9
-148.439,61.1233#53.27#26.69#20.04
-148.328,61.1218#53.1#26.72#20.18
-148.216,61.1202#52.94#26.75#20.31
-148.105,61.1185#52.78#26.78#20.44
-147.994,61.1166#52.62#26.81#20.57
-147.882,61.1147#52.47#26.87#20.66
-147.771,61.1127#52.32#26.92#20.76
-147.66,61.1105#52.17#26.98#20.85
-147.548,61.1083#52.02#27.03#20.95
-147.437,61.1059#51.88#27.09#21.03
-147.326,61.1035#51.75#27.16#21.09
-147.215,61.1009#51.62#27.22#21.16
-147.103,61.0982#51.49#27.29#21.22
-146.992,61.0955#51.35#27.35#21.3
-146.881,61.0926#51.22#27.4#21.38
-146.77,61.0896#51.09#27.45#21.46
-146.659,61.0865#50.95#27.5#21.55
-146.548,61.0833#50.82#27.55#21.63
-146.437,61.08#50.69#27.59#21.72
-146.326,61.0766#50.57#27.61#21.82
-146.215,61.0731#50.45#27.64#21.91
-146.104,61.0695#50.33#27.66#22.01
-145.993,61.0658#50.21#27.69#22.1
-145.882,61.062#50.08#27.7#22.22
-145.771,61.0581#49.94#27.71#22.35
-145.66,61.0541#49.81#27.73#22.46
-145.549,61.05#49.68#27.74#22.58
-145.439,61.0457#49.53#27.75#22.72
-145.328,61.0414#49.37#27.76#22.87
-145.217,61.037#49.21#27.77#23.02
-145.106,61.0324#49.06#27.77#23.17
-144.996,61.0278#48.9#27.78#23.32
-144.885,61.0231#48.7#27.79#23.51
-144.775,61.0182#48.51#27.79#23.7
-144.664,61.0133#48.31#27.8#23.89
-144.554,61.0082#48.11#27.8#24.09
-144.443,61.003#47.89#27.81#24.3
-144.333,60.9978#47.66#27.81#24.53
-144.222,60.9924#47.42#27.81#24.77
-144.112,60.987#47.18#27.82#25
-144.002,60.9814#46.94#27.82#25.24
-143.892,60.9757#46.69#27.82#25.49
-143.781,60.9699#46.44#27.83#25.73
-143.671,60.9641#46.19#27.83#25.98
-143.561,60.9581#45.94#27.83#26.23
-143.451,60.952#45.68#27.84#26.48
-143.341,60.9458#45.43#27.84#26.73
-143.231,60.9395#45.17#27.84#26.99
-143.121,60.9331#44.92#27.84#27.24
-143.011,60.9267#44.66#27.85#27.49
-142.902,60.9201#44.41#27.85#27.74
-142.792,60.9134#44.15#27.85#28
-142.682,60.9066#43.9#27.85#28.25
-158.208,60.9018#69.67#26.25#4.08
-158.098,60.9095#69.65#26.26#4.08999999999999
-157.989,60.917#69.63#26.26#4.11
-157.879,60.9244#69.6#26.26#4.14
-157.77,60.9317#69.57#26.27#4.16000000000001
-157.66,60.9389#69.54#26.27#4.19
-157.55,60.9461#69.51#26.27#4.22
-157.44,60.9531#69.46#26.27#4.27000000000001
-157.331,60.96#69.4#26.28#4.31999999999999
-157.221,60.9668#69.34#26.28#4.38
-157.111,60.9735#69.28#26.28#4.44
-157.001,60.9801#69.22#26.29#4.49000000000001
-156.891,60.9866#69.12#26.29#4.59
-156.781,60.993#69.03#26.29#4.68000000000001
-156.67,60.9993#68.93#26.3#4.77
-156.56,61.0055#68.83#26.3#4.87
-156.45,61.0116#68.72#26.3#4.98
-156.34,61.0176#68.59#26.31#5.09999999999999
-156.229,61.0235#68.46#26.31#5.23
-156.119,61.0293#68.33#26.32#5.34999999999999
-156.008,61.0349#68.2#26.32#5.47999999999999
-155.898,61.0405#68.02#26.32#5.66
-155.787,61.046#67.83#26.33#5.84
-155.677,61.0514#67.64#26.33#6.03
-155.566,61.0566#67.45#26.33#6.22
-155.456,61.0618#67.24#26.34#6.42
-155.345,61.0669#67#26.34#6.66
-155.234,61.0718#66.75#26.34#6.91
-155.123,61.0767#66.51#26.35#7.13999999999999
-155.013,61.0814#66.26#26.35#7.38999999999999
-154.902,61.0861#65.98#26.36#7.66
-154.791,61.0906#65.69#26.36#7.95
-154.68,61.0951#65.4#26.36#8.23999999999999
-154.569,61.0994#65.11#26.37#8.52
-154.458,61.1037#64.82#26.37#8.81
-154.347,61.1078#64.53#26.38#9.09
-154.236,61.1118#64.24#26.38#9.38000000000001
-154.125,61.1157#63.95#26.38#9.67
-154.014,61.1196#63.66#26.39#9.95
-153.902,61.1233#63.32#26.39#10.29
-153.791,61.1269#62.98#26.4#10.62
-153.68,61.1304#62.63#26.4#10.97
-153.569,61.1338#62.29#26.41#11.3
-153.458,61.1371#61.92#26.41#11.67
-153.346,61.1403#61.51#26.41#12.08
-153.235,61.1434#61.1#26.42#12.48
-153.124,61.1463#60.7#26.42#12.88
-153.012,61.1492#60.28#26.43#13.29
-152.901,61.152#60.04#26.43#13.53
-152.789,61.1547#59.83#26.44#13.73
-152.678,61.1572#59.61#26.44#13.95
-152.566,61.1597#59.39#26.45#14.16
-152.455,61.1621#59.2#26.45#14.35
-152.343,61.1643#59.04#26.46#14.5
-152.232,61.1665#58.87#26.46#14.67
-152.12,61.1685#58.71#26.47#14.82
-152.009,61.1704#58.55#26.47#14.98
-151.897,61.1723#58.39#26.47#15.14
-151.786,61.174#58.23#26.48#15.29
-151.674,61.1756#58.07#26.48#15.45
-151.563,61.1772#57.91#26.49#15.6
-151.451,61.1786#57.75#26.49#15.76
-151.339,61.1799#57.59#26.5#15.91
-151.228,61.1811#57.42#26.5#16.08
-151.116,61.1822#57.26#26.51#16.23
-151.004,61.1832#57.09#26.51#16.4
-150.893,61.1841#56.92#26.52#16.56
-150.781,61.1849#56.76#26.53#16.71
-150.669,61.1855#56.59#26.53#16.88
-150.558,61.1861#56.42#26.54#17.04
-150.446,61.1866#56.25#26.54#17.21
-150.334,61.187#56.08#26.55#17.37
-150.223,61.1872#55.91#26.55#17.54
-150.111,61.1874#55.73#26.56#17.71
-149.999,61.1874#55.56#26.56#17.88
-149.888,61.1874#55.39#26.57#18.04
-149.776,61.1872#55.21#26.57#18.22
-149.664,61.187#55.03#26.58#18.39
-149.553,61.1866#54.86#26.58#18.56
-149.441,61.1861#54.68#26.59#18.73
-149.329,61.1855#54.51#26.6#18.89
-149.218,61.1849#54.34#26.6#19.06
-149.106,61.1841#54.17#26.61#19.22
-148.994,61.1832#53.99#26.61#19.4
-148.883,61.1822#53.83#26.63#19.54
-148.771,61.1811#53.66#26.64#19.7
-148.659,61.1799#53.49#26.65#19.86
-148.548,61.1786#53.33#26.67#20
-148.436,61.1771#53.16#26.69#20.15
-148.324,61.1756#53#26.72#20.28
-148.213,61.174#52.85#26.75#20.4
-148.101,61.1723#52.69#26.79#20.52
-147.99,61.1704#52.53#26.82#20.65
-147.878,61.1685#52.38#26.88#20.74
-147.767,61.1664#52.23#26.94#20.83
-147.655,61.1643#52.08#27#20.92
-147.544,61.162#51.93#27.06#21.01
-147.432,61.1597#51.79#27.12#21.09
-147.321,61.1572#51.66#27.18#21.16
-147.209,61.1546#51.53#27.25#21.22
-147.098,61.152#51.4#27.32#21.28
-146.986,61.1492#51.27#27.38#21.35
-146.875,61.1463#51.13#27.43#21.44
-146.764,61.1433#51#27.48#21.52
-146.652,61.1402#50.86#27.52#21.62
-146.541,61.137#50.73#27.57#21.7
-146.43,61.1337#50.6#27.6#21.8
-146.319,61.1303#50.48#27.63#21.89
-146.207,61.1268#50.36#27.65#21.99
-146.096,61.1232#50.24#27.67#22.09
-145.985,61.1195#50.11#27.69#22.2
-145.874,61.1157#49.98#27.71#22.31
-145.763,61.1118#49.84#27.72#22.44
-145.652,61.1077#49.71#27.73#22.56
-145.541,61.1036#49.57#27.74#22.69
-145.43,61.0994#49.42#27.75#22.83
-145.319,61.095#49.26#27.76#22.98
-145.208,61.0906#49.1#27.77#23.13
-145.097,61.086#48.94#27.78#23.28
-144.986,61.0814#48.78#27.78#23.44
-144.875,61.0766#48.58#27.79#23.63
-144.764,61.0718#48.39#27.79#23.82
-144.654,61.0668#48.19#27.8#24.01
-144.543,61.0617#48#27.8#24.2
-144.432,61.0566#47.78#27.81#24.41
-144.322,61.0513#47.55#27.81#24.64
-144.211,61.0459#47.32#27.81#24.87
-144.101,61.0405#47.08#27.82#25.1
-143.99,61.0349#46.85#27.82#25.33
-143.88,61.0292#46.6#27.82#25.58
-143.769,61.0234#46.35#27.83#25.82
-143.659,61.0175#46.1#27.83#26.07
-143.549,61.0115#45.85#27.83#26.32
-143.438,61.0054#45.6#27.83#26.57
-143.328,60.9992#45.35#27.84#26.81
-143.218,60.9929#45.09#27.84#27.07
-143.108,60.9865#44.84#27.84#27.32
-142.998,60.98#44.58#27.84#27.58
-142.888,60.9734#44.33#27.85#27.82
-142.778,60.9667#44.07#27.85#28.08
-142.668,60.9599#43.81#27.85#28.34
-142.558,60.953#43.56#27.85#28.59
-142.448,60.946#43.3#27.86#28.84
-142.339,60.9389#43.05#27.86#29.09
-142.229,60.9316#42.79#27.86#29.35
-142.119,60.9243#42.53#27.86#29.61
-142.01,60.9169#42.28#27.86#29.86
-141.9,60.9094#42.02#27.87#30.11
-141.791,60.9017#41.77#27.87#30.36
-158.88,60.9071#69.76#26.23#4.00999999999999
-158.771,60.9153#69.75#26.24#4.01000000000001
-158.662,60.9235#69.73#26.24#4.03
-158.552,60.9315#69.72#26.24#4.04000000000001
-158.443,60.9395#69.7#26.24#4.06
-158.333,60.9473#69.68#26.25#4.06999999999999
-158.224,60.955#69.66#26.25#4.09
-158.114,60.9627#69.64#26.25#4.11
-158.004,60.9702#69.62#26.26#4.11999999999999
-157.894,60.9777#69.59#26.26#4.14999999999999
-157.785,60.985#69.56#26.26#4.17999999999999
-157.675,60.9922#69.52#26.26#4.22
-157.565,60.9994#69.49#26.27#4.24000000000001
-157.455,61.0064#69.45#26.27#4.28
-157.345,61.0133#69.39#26.27#4.34
-157.235,61.0201#69.32#26.28#4.40000000000001
-157.125,61.0269#69.26#26.28#4.45999999999999
-157.014,61.0335#69.2#26.28#4.52
-156.904,61.04#69.1#26.29#4.61000000000001
-156.794,61.0464#69#26.29#4.71000000000001
-156.683,61.0527#68.91#26.29#4.80000000000001
-156.573,61.0589#68.81#26.3#4.89
-156.462,61.0651#68.69#26.3#5.01000000000001
-156.352,61.0711#68.56#26.3#5.14
-156.241,61.077#68.43#26.31#5.25999999999999
-156.131,61.0828#68.29#26.31#5.39999999999999
-156.02,61.0884#68.16#26.31#5.53
-155.909,61.094#67.97#26.32#5.71000000000001
-155.799,61.0995#67.78#26.32#5.90000000000001
-155.688,61.1049#67.59#26.32#6.09
-155.577,61.1102#67.39#26.33#6.28
-155.466,61.1154#67.18#26.33#6.48999999999999
-155.355,61.1204#66.93#26.34#6.72999999999999
-155.244,61.1254#66.68#26.34#6.97999999999999
-155.133,61.1303#66.43#26.34#7.22999999999999
-155.022,61.135#66.18#26.35#7.47
-154.911,61.1397#65.89#26.35#7.75999999999999
-154.8,61.1443#65.6#26.36#8.04000000000001
-154.689,61.1487#65.31#26.36#8.33
-154.578,61.1531#65.01#26.36#8.63
-154.467,61.1573#64.71#26.37#8.92
-154.355,61.1614#64.42#26.37#9.20999999999999
-154.244,61.1655#64.12#26.38#9.5
-154.133,61.1694#63.82#26.38#9.8
-154.021,61.1732#63.52#26.38#10.1
-153.91,61.177#63.18#26.39#10.43
-153.799,61.1806#62.83#26.39#10.78
-153.687,61.1841#62.47#26.4#11.13
-153.576,61.1875#62.11#26.4#11.49
-153.464,61.1908#61.74#26.4#11.86
-153.353,61.194#61.34#26.41#12.25
-153.241,61.1971#60.94#26.41#12.65
-153.13,61.2001#60.55#26.42#13.03
-153.018,61.203#60.15#26.42#13.43
-152.906,61.2058#59.91#26.43#13.66
-152.795,61.2084#59.7#26.43#13.87
-152.683,61.211#59.49#26.44#14.07
-152.571,61.2135#59.29#26.44#14.27
-152.46,61.2158#59.09#26.45#14.46
-152.348,61.2181#58.93#26.45#14.62
-152.236,61.2203#58.76#26.46#14.78
-152.125,61.2223#58.6#26.46#14.94
-152.013,61.2242#58.43#26.46#15.11
-151.901,61.2261#58.27#26.47#15.26
-151.789,61.2278#58.11#26.47#15.42
-151.677,61.2294#57.95#26.48#15.57
-151.566,61.231#57.79#26.48#15.73
-151.454,61.2324#57.63#26.49#15.88
-151.342,61.2337#57.47#26.49#16.04
-151.23,61.2349#57.3#26.5#16.2
-151.118,61.236#57.14#26.5#16.36
-151.006,61.237#56.97#26.51#16.52
-150.894,61.2379#56.81#26.51#16.68
-150.783,61.2387#56.64#26.52#16.84
-150.671,61.2394#56.47#26.53#17
-150.559,61.24#56.3#26.53#17.17
-150.447,61.2404#56.13#26.54#17.33
-150.335,61.2408#55.96#26.54#17.5
-150.223,61.2411#55.79#26.55#17.66
-150.111,61.2412#55.62#26.55#17.83
-149.999,61.2413#55.45#26.56#17.99
-149.887,61.2412#55.27#26.56#18.17
-149.775,61.2411#55.1#26.57#18.33
-149.664,61.2408#54.92#26.57#18.51
-149.552,61.2404#54.75#26.58#18.67
-149.44,61.2399#54.57#26.59#18.84
-149.328,61.2394#54.4#26.59#19.01
-149.216,61.2387#54.23#26.6#19.17
-149.104,61.2379#54.05#26.61#19.34
-148.992,61.237#53.88#26.61#19.51
-148.88,61.236#53.72#26.63#19.65
-148.768,61.2349#53.55#26.64#19.81
-148.657,61.2337#53.38#26.66#19.96
-148.545,61.2324#53.22#26.67#20.11
-148.433,61.2309#53.06#26.7#20.24
-148.321,61.2294#52.9#26.74#20.36
-148.209,61.2278#52.74#26.77#20.49
-148.098,61.2261#52.58#26.81#20.61
-147.986,61.2242#52.42#26.84#20.74
-147.874,61.2223#52.27#26.9#20.83
-147.762,61.2202#52.12#26.96#20.92
-147.651,61.2181#51.97#27.02#21.01
-147.539,61.2158#51.82#27.08#21.1
-147.427,61.2134#51.68#27.15#21.17
-147.315,61.211#51.55#27.21#21.24
-147.204,61.2084#51.42#27.28#21.3
-147.092,61.2057#51.29#27.34#21.37
-146.981,61.2029#51.16#27.4#21.44
-146.869,61.2001#51.03#27.45#21.52
-146.757,61.1971#50.89#27.5#21.61
-146.646,61.194#50.76#27.54#21.7
-146.534,61.1908#50.63#27.59#21.78
-146.423,61.1875#50.5#27.62#21.88
-146.311,61.184#50.38#27.64#21.98
-146.2,61.1805#50.26#27.66#22.08
-146.089,61.1769#50.14#27.68#22.18
-145.977,61.1732#50.01#27.7#22.29
-145.866,61.1694#49.88#27.71#22.41
-145.755,61.1654#49.74#27.72#22.54
-145.643,61.1614#49.6#27.74#22.66
-145.532,61.1573#49.47#27.75#22.78
-145.421,61.153#49.31#27.76#22.93
-145.31,61.1487#49.15#27.76#23.09
-145.198,61.1442#48.99#27.77#23.24
-145.087,61.1396#48.82#27.78#23.4
-144.976,61.135#48.66#27.78#23.56
-144.865,61.1302#48.47#27.79#23.74
-144.754,61.1254#48.27#27.79#23.94
-144.643,61.1204#48.08#27.8#24.12
-144.532,61.1153#47.89#27.8#24.31
-144.422,61.1101#47.67#27.8#24.53
-144.311,61.1048#47.45#27.81#24.74
-144.2,61.0995#47.22#27.81#24.97
-144.089,61.094#46.99#27.82#25.19
-143.978,61.0884#46.76#27.82#25.42
-143.868,61.0827#46.51#27.82#25.67
-143.757,61.0769#46.26#27.82#25.92
-143.647,61.071#46.02#27.83#26.15
-143.536,61.065#45.77#27.83#26.4
-143.426,61.0589#45.52#27.83#26.65
-143.315,61.0527#45.26#27.83#26.91
-143.205,61.0463#45.01#27.84#27.15
-143.095,61.0399#44.76#27.84#27.4
-142.984,61.0334#44.5#27.84#27.66
-142.874,61.0268#44.25#27.84#27.91
-142.764,61.0201#43.99#27.85#28.16
-142.654,61.0132#43.73#27.85#28.42
-142.544,61.0063#43.48#27.85#28.67
-142.434,60.9993#43.22#27.85#28.93
-142.324,60.9921#42.96#27.86#29.18
-142.214,60.9849#42.7#27.86#29.44
-142.104,60.9776#42.45#27.86#29.69
-141.994,60.9701#42.19#27.86#29.95
-141.885,60.9626#41.93#27.86#30.21
-141.775,60.955#41.68#27.87#30.45
-141.665,60.9472#41.42#27.87#30.71
-141.556,60.9394#41.17#27.87#30.96
-141.446,60.9314#40.92#27.87#31.21
-141.337,60.9234#40.68#27.88#31.44
-141.228,60.9152#40.43#27.88#31.69
-141.118,60.907#40.19#27.88#31.93
-159.553,60.9085#69.79#26.21#4
-159.444,60.9173#69.79#26.22#3.98999999999999
-159.335,60.9261#69.79#26.22#3.98999999999999
-159.225,60.9348#69.78#26.22#4
-159.116,60.9434#69.78#26.22#4
-159.007,60.9518#69.77#26.23#4
-158.897,60.9602#69.76#26.23#4.00999999999999
-158.788,60.9685#69.74#26.23#4.03
-158.678,60.9766#69.73#26.24#4.03
-158.569,60.9847#69.71#26.24#4.05000000000001
-158.459,60.9927#69.69#26.24#4.07000000000001
-158.349,61.0005#69.67#26.24#4.09
-158.239,61.0083#69.65#26.25#4.09999999999999
-158.13,61.0159#69.63#26.25#4.12
-158.02,61.0235#69.6#26.25#4.15000000000001
-157.91,61.0309#69.57#26.25#4.18000000000001
-157.8,61.0383#69.54#26.26#4.19999999999999
-157.69,61.0455#69.51#26.26#4.22999999999999
-157.579,61.0527#69.48#26.26#4.25999999999999
-157.469,61.0597#69.43#26.27#4.3
-157.359,61.0667#69.37#26.27#4.36
-157.249,61.0735#69.31#26.27#4.42
-157.138,61.0802#69.24#26.28#4.48
-157.028,61.0869#69.17#26.28#4.55
-156.917,61.0934#69.08#26.28#4.64
-156.807,61.0998#68.98#26.29#4.72999999999999
-156.696,61.1062#68.88#26.29#4.83000000000001
-156.586,61.1124#68.78#26.29#4.93000000000001
-156.475,61.1185#68.67#26.3#5.03
-156.364,61.1245#68.53#26.3#5.17
-156.254,61.1304#68.39#26.3#5.31
-156.143,61.1363#68.25#26.31#5.44
-156.032,61.142#68.11#26.31#5.58
-155.921,61.1476#67.93#26.31#5.75999999999999
-155.81,61.1531#67.73#26.32#5.94999999999999
-155.699,61.1585#67.54#26.32#6.13999999999999
-155.588,61.1638#67.33#26.32#6.34999999999999
-155.477,61.1689#67.12#26.33#6.55
-155.366,61.174#66.86#26.33#6.81
-155.255,61.179#66.61#26.33#7.06
-155.143,61.1839#66.35#26.34#7.31
-155.032,61.1887#66.09#26.34#7.56999999999999
-154.921,61.1933#65.8#26.35#7.84999999999999
-154.809,61.1979#65.5#26.35#8.15000000000001
-154.698,61.2024#65.2#26.35#8.44999999999999
-154.587,61.2067#64.9#26.36#8.73999999999999
-154.475,61.211#64.59#26.36#9.05
-154.364,61.2151#64.29#26.37#9.33999999999999
-154.252,61.2192#63.98#26.37#9.65000000000001
-154.141,61.2231#63.68#26.37#9.95
-154.029,61.2269#63.37#26.38#10.25
-153.918,61.2307#63.02#26.38#10.6
-153.806,61.2343#62.65#26.39#10.96
-153.694,61.2378#62.29#26.39#11.32
-153.583,61.2412#61.92#26.4#11.68
-153.471,61.2445#61.55#26.4#12.05
-153.359,61.2477#61.17#26.4#12.43
-153.248,61.2509#60.79#26.41#12.8
-153.136,61.2538#60.42#26.41#13.17
-153.024,61.2567#60.04#26.42#13.54
-152.912,61.2595#59.8#26.42#13.78
-152.8,61.2622#59.59#26.43#13.98
-152.688,61.2648#59.39#26.43#14.18
-152.576,61.2673#59.18#26.44#14.38
-152.465,61.2696#58.98#26.44#14.58
-152.353,61.2719#58.82#26.45#14.73
-152.241,61.2741#58.65#26.45#14.9
-152.129,61.2761#58.49#26.45#15.06
-152.017,61.2781#58.32#26.46#15.22
-151.905,61.2799#58.16#26.46#15.38
-151.793,61.2816#58#26.47#15.53
-151.681,61.2833#57.84#26.47#15.69
-151.569,61.2848#57.68#26.48#15.84
-151.457,61.2862#57.51#26.48#16.01
-151.345,61.2875#57.35#26.49#16.16
-151.233,61.2887#57.18#26.49#16.33
-151.12,61.2898#57.02#26.5#16.48
-151.008,61.2908#56.85#26.5#16.65
-150.896,61.2917#56.69#26.51#16.8
-150.784,61.2925#56.52#26.51#16.97
-150.672,61.2932#56.35#26.52#17.13
-150.56,61.2938#56.19#26.52#17.29
-150.448,61.2943#56.02#26.53#17.45
-150.336,61.2946#55.84#26.54#17.62
-150.224,61.2949#55.67#26.54#17.79
-150.111,61.2951#55.5#26.55#17.95
-149.999,61.2951#55.33#26.55#18.12
-149.887,61.2951#55.16#26.56#18.28
-149.775,61.2949#54.98#26.56#18.46
-149.663,61.2946#54.81#26.57#18.62
-149.551,61.2943#54.63#26.57#18.8
-149.439,61.2938#54.46#26.58#18.96
-149.327,61.2932#54.29#26.59#19.12
-149.214,61.2925#54.11#26.59#19.3
-149.102,61.2917#53.94#26.6#19.46
-148.99,61.2908#53.77#26.61#19.62
-148.878,61.2898#53.61#26.63#19.76
-148.766,61.2887#53.44#26.64#19.92
-148.654,61.2875#53.27#26.66#20.07
-148.542,61.2862#53.11#26.68#20.21
-148.43,61.2848#52.95#26.71#20.34
-148.318,61.2832#52.79#26.75#20.46
-148.206,61.2816#52.63#26.79#20.58
-148.094,61.2799#52.48#26.83#20.69
-147.982,61.278#52.32#26.87#20.81
-147.87,61.2761#52.17#26.93#20.9
-147.758,61.274#52.02#26.99#20.99
-147.646,61.2719#51.87#27.05#21.08
-147.534,61.2696#51.71#27.11#21.18
-147.422,61.2672#51.58#27.18#21.24
-147.31,61.2648#51.45#27.24#21.31
-147.198,61.2622#51.31#27.3#21.39
-147.086,61.2595#51.18#27.37#21.45
-146.975,61.2567#51.05#27.42#21.53
-146.863,61.2538#50.92#27.47#21.61
-146.751,61.2508#50.79#27.51#21.7
-146.639,61.2477#50.65#27.55#21.8
-146.528,61.2445#50.52#27.6#21.88
-146.416,61.2412#50.4#27.62#21.98
-146.304,61.2378#50.28#27.64#22.08
-146.193,61.2342#50.15#27.66#22.19
-146.081,61.2306#50.03#27.68#22.29
-145.969,61.2269#49.91#27.7#22.39
-145.858,61.223#49.77#27.71#22.52
-145.746,61.2191#49.63#27.73#22.64
-145.635,61.2151#49.5#27.74#22.76
-145.523,61.2109#49.36#27.75#22.89
-145.412,61.2067#49.2#27.76#23.04
-145.301,61.2023#49.04#27.76#23.2
-145.189,61.1978#48.88#27.77#23.35
-145.078,61.1933#48.71#27.78#23.51
-144.967,61.1886#48.54#27.78#23.68
-144.855,61.1838#48.35#27.79#23.86
-144.744,61.1789#48.16#27.79#24.05
-144.633,61.174#47.97#27.8#24.23
-144.522,61.1689#47.78#27.8#24.42
-144.411,61.1637#47.56#27.8#24.64
-144.3,61.1584#47.34#27.81#24.85
-144.189,61.153#47.12#27.81#25.07
-144.078,61.1475#46.9#27.81#25.29
-143.967,61.1419#46.67#27.82#25.51
-143.856,61.1362#46.42#27.82#25.76
-143.745,61.1304#46.18#27.82#26
-143.634,61.1245#45.93#27.83#26.24
-143.524,61.1184#45.69#27.83#26.48
-143.413,61.1123#45.44#27.83#26.73
-143.302,61.1061#45.18#27.83#26.99
-143.192,61.0998#44.93#27.84#27.23
-143.081,61.0933#44.68#27.84#27.48
-142.971,61.0868#44.42#27.84#27.74
-142.86,61.0802#44.16#27.84#28
-142.75,61.0734#43.91#27.84#28.25
-142.64,61.0666#43.65#27.85#28.5
-142.529,61.0596#43.39#27.85#28.76
-142.419,61.0526#43.13#27.85#29.02
-142.309,61.0454#42.87#27.85#29.28
-142.199,61.0382#42.62#27.86#29.52
-142.089,61.0308#42.36#27.86#29.78
-141.979,61.0234#42.1#27.86#30.04
-141.869,61.0158#41.84#27.86#30.3
-141.759,61.0082#41.59#27.86#30.55
-141.649,61.0004#41.33#27.87#30.8
-141.54,60.9926#41.08#27.87#31.05
-141.43,60.9846#40.83#27.87#31.3
-141.32,60.9765#40.59#27.87#31.54
-141.211,60.9684#40.35#27.88#31.77
-141.101,60.9601#40.11#27.88#32.01
-140.992,60.9517#39.87#27.88#32.25
-140.883,60.9433#39.71#27.88#32.41
-140.773,60.9347#39.55#27.88#32.57
-140.664,60.926#39.4#27.89#32.71
-140.555,60.9172#39.24#27.89#32.87
-140.446,60.9084#39.1#27.89#33.01
-160.225,60.906#69.64#26.2#4.16
-160.116,60.9155#69.69#26.2#4.11
-160.008,60.9249#69.73#26.2#4.06999999999999
-159.899,60.9342#69.75#26.2#4.05
-159.789,60.9434#69.76#26.21#4.03
-159.68,60.9525#69.77#26.21#4.02000000000001
-159.571,60.9615#69.78#26.21#4.00999999999999
-159.462,60.9704#69.78#26.21#4.00999999999999
-159.353,60.9792#69.78#26.22#4
-159.243,60.9879#69.77#26.22#4.01000000000001
-159.134,60.9965#69.77#26.22#4.01000000000001
-159.024,61.0049#69.76#26.22#4.02
-158.914,61.0133#69.75#26.23#4.02
-158.805,61.0216#69.73#26.23#4.03999999999999
-158.695,61.0298#69.72#26.23#4.05
-158.585,61.0379#69.7#26.23#4.06999999999999
-158.475,61.0459#69.68#26.24#4.08
-158.365,61.0537#69.66#26.24#4.10000000000001
-158.255,61.0615#69.64#26.24#4.12
-158.145,61.0692#69.62#26.25#4.13
-158.035,61.0768#69.59#26.25#4.16
-157.925,61.0842#69.56#26.25#4.19
-157.815,61.0916#69.53#26.25#4.22
-157.705,61.0989#69.5#26.26#4.23999999999999
-157.594,61.106#69.46#26.26#4.28
-157.484,61.1131#69.42#26.26#4.31999999999999
-157.373,61.12#69.36#26.27#4.37
-157.263,61.1269#69.29#26.27#4.44
-157.152,61.1336#69.22#26.27#4.51000000000001
-157.042,61.1403#69.15#26.28#4.56999999999999
-156.931,61.1468#69.06#26.28#4.66
-156.82,61.1533#68.96#26.28#4.76000000000001
-156.709,61.1596#68.85#26.28#4.87
-156.598,61.1659#68.75#26.29#4.96000000000001
-156.488,61.172#68.64#26.29#5.06999999999999
-156.377,61.178#68.5#26.29#5.21000000000001
-156.266,61.1839#68.36#26.3#5.34
-156.155,61.1898#68.21#26.3#5.49000000000001
-156.044,61.1955#68.07#26.31#5.62
-155.932,61.2011#67.89#26.31#5.8
-155.821,61.2066#67.68#26.31#6.00999999999999
-155.71,61.212#67.48#26.32#6.19999999999999
-155.599,61.2173#67.27#26.32#6.41
-155.487,61.2225#67.05#26.32#6.63
-155.376,61.2276#66.79#26.33#6.88
-155.265,61.2326#66.53#26.33#7.14
-155.153,61.2375#66.27#26.33#7.40000000000001
-155.042,61.2423#66#26.34#7.66
-154.93,61.247#65.71#26.34#7.95
-154.819,61.2515#65.4#26.35#8.25
-154.707,61.256#65.09#26.35#8.56
-154.596,61.2604#64.78#26.35#8.87
-154.484,61.2646#64.47#26.36#9.17
-154.372,61.2688#64.16#26.36#9.48
-154.261,61.2729#63.84#26.37#9.78999999999999
-154.149,61.2768#63.53#26.37#10.1
-154.037,61.2806#63.21#26.37#10.42
-153.925,61.2844#62.86#26.38#10.76
-153.813,61.288#62.48#26.38#11.14
-153.702,61.2915#62.11#26.39#11.5
-153.59,61.295#61.73#26.39#11.88
-153.478,61.2983#61.36#26.39#12.25
-153.366,61.3015#61#26.4#12.6
-153.254,61.3046#60.64#26.4#12.96
-153.142,61.3076#60.29#26.41#13.3
-153.03,61.3105#59.93#26.41#13.66
-152.918,61.3133#59.69#26.42#13.89
-152.806,61.316#59.48#26.42#14.1
-152.694,61.3186#59.28#26.43#14.29
-152.582,61.3211#59.07#26.43#14.5
-152.469,61.3234#58.87#26.44#14.69
-152.357,61.3257#58.71#26.44#14.85
-152.245,61.3279#58.54#26.44#15.02
-152.133,61.3299#58.37#26.45#15.18
-152.021,61.3319#58.21#26.45#15.34
-151.909,61.3337#58.04#26.46#15.5
-151.796,61.3355#57.88#26.46#15.66
-151.684,61.3371#57.72#26.47#15.81
-151.572,61.3386#57.56#26.47#15.97
-151.46,61.3401#57.4#26.48#16.12
-151.347,61.3414#57.23#26.48#16.29
-151.235,61.3426#57.07#26.49#16.44
-151.123,61.3437#56.9#26.49#16.61
-151.01,61.3447#56.74#26.5#16.76
-150.898,61.3456#56.57#26.5#16.93
-150.786,61.3464#56.4#26.51#17.09
-150.673,61.3471#56.23#26.51#17.26
-150.561,61.3477#56.07#26.52#17.41
-150.449,61.3481#55.9#26.52#17.58
-150.336,61.3485#55.73#26.53#17.74
-150.224,61.3488#55.56#26.53#17.91
-150.112,61.3489#55.39#26.54#18.07
-149.999,61.349#55.21#26.55#18.24
-149.887,61.3489#55.04#26.55#18.41
-149.775,61.3488#54.87#26.56#18.57
-149.662,61.3485#54.69#26.56#18.75
-149.55,61.3481#54.52#26.57#18.91
-149.438,61.3476#54.35#26.57#19.08
-149.325,61.3471#54.17#26.58#19.25
-149.213,61.3464#54#26.59#19.41
-149.101,61.3456#53.83#26.6#19.57
-148.988,61.3447#53.66#26.61#19.73
-148.876,61.3437#53.49#26.63#19.88
-148.764,61.3426#53.33#26.65#20.02
-148.651,61.3414#53.16#26.67#20.17
-148.539,61.34#53#26.69#20.31
-148.427,61.3386#52.84#26.72#20.44
-148.315,61.3371#52.68#26.76#20.56
-148.202,61.3354#52.53#26.8#20.67
-148.09,61.3337#52.37#26.85#20.78
-147.978,61.3319#52.22#26.89#20.89
-147.866,61.3299#52.06#26.96#20.98
-147.753,61.3278#51.91#27.02#21.07
-147.641,61.3257#51.76#27.08#21.16
-147.529,61.3234#51.61#27.14#21.25
-147.417,61.321#51.47#27.21#21.32
-147.305,61.3186#51.34#27.27#21.39
-147.193,61.316#51.21#27.33#21.46
-147.081,61.3133#51.08#27.39#21.53
-146.969,61.3105#50.94#27.45#21.61
-146.857,61.3076#50.81#27.49#21.7
-146.745,61.3046#50.68#27.53#21.79
-146.633,61.3015#50.55#27.57#21.88
-146.521,61.2982#50.42#27.61#21.97
-146.409,61.2949#50.29#27.63#22.08
-146.297,61.2915#50.17#27.65#22.18
-146.185,61.288#50.05#27.67#22.28
-146.073,61.2843#49.93#27.69#22.38
-145.961,61.2806#49.8#27.71#22.49
-145.85,61.2768#49.66#27.72#22.62
-145.738,61.2728#49.52#27.73#22.75
-145.626,61.2687#49.39#27.74#22.87
-145.515,61.2646#49.25#27.75#23
-145.403,61.2603#49.09#27.76#23.15
-145.291,61.256#48.93#27.76#23.31
-145.18,61.2515#48.77#27.77#23.46
-145.068,61.2469#48.61#27.78#23.61
-144.957,61.2422#48.43#27.78#23.79
-144.845,61.2374#48.24#27.79#23.97
-144.734,61.2326#48.05#27.79#24.16
-144.622,61.2276#47.86#27.79#24.35
-144.511,61.2225#47.68#27.8#24.52
-144.4,61.2173#47.46#27.8#24.74
-144.289,61.212#47.24#27.81#24.95
-144.177,61.2065#47.02#27.81#25.17
-144.066,61.201#46.8#27.81#25.39
-143.955,61.1954#46.57#27.82#25.61
-143.844,61.1897#46.33#27.82#25.85
-143.733,61.1839#46.09#27.82#26.09
-143.622,61.1779#45.85#27.82#26.33
-143.511,61.1719#45.6#27.83#26.57
-143.4,61.1658#45.35#27.83#26.82
-143.289,61.1595#45.1#27.83#27.07
-143.179,61.1532#44.85#27.83#27.32
-143.068,61.1468#44.6#27.84#27.56
-142.957,61.1402#44.34#27.84#27.82
-142.846,61.1336#44.08#27.84#28.08
-142.736,61.1268#43.83#27.84#28.33
-142.625,61.1199#43.57#27.84#28.59
-142.515,61.113#43.31#27.85#28.84
-142.404,61.1059#43.05#27.85#29.1
-142.294,61.0988#42.79#27.85#29.36
-142.184,61.0915#42.53#27.85#29.62
-142.074,61.0841#42.27#27.86#29.87
-141.963,61.0767#42.01#27.86#30.13
-141.853,61.0691#41.75#27.86#30.39
-141.743,61.0614#41.5#27.86#30.64
-141.633,61.0536#41.24#27.86#30.9
-141.523,61.0458#40.99#27.87#31.14
-141.413,61.0378#40.74#27.87#31.39
-141.304,61.0297#40.5#27.87#31.63
-141.194,61.0215#40.26#27.87#31.87
-141.084,61.0132#40.02#27.88#32.1
-140.975,61.0048#39.8#27.88#32.32
-140.865,60.9963#39.64#27.88#32.48
-140.756,60.9878#39.48#27.88#32.64
-140.646,60.9791#39.32#27.88#32.8
-140.537,60.9703#39.16#27.89#32.95
-140.427,60.9614#39.03#27.89#33.08
-140.318,60.9524#38.91#27.89#33.2
-140.209,60.9433#38.78#27.89#33.33
-140.1,60.9341#38.66#27.89#33.45
-139.991,60.9248#38.55#27.9#33.55
-139.882,60.9154#38.44#27.9#33.66
