-152.888,58.9008#65.07#26.68#8.25
-152.785,58.9034#64.89#26.69#8.42
-152.682,58.906#64.7#26.69#8.61
-152.579,58.9084#64.52#26.7#8.78
-152.476,58.9108#64.33#26.7#8.97
-152.372,58.913#64.11#26.71#9.18000000000001
-152.269,58.9152#63.9#26.71#9.39
-152.166,58.9172#63.68#26.72#9.59999999999999
-152.063,58.9192#63.47#26.72#9.81
-151.96,58.9211#63.27#26.73#10
-151.857,58.9228#63.09#26.74#10.17
-151.754,58.9245#62.91#26.74#10.35
-151.651,58.9261#62.73#26.75#10.52
-151.548,58.9276#62.55#26.75#10.7
-151.444,58.929#62.35#26.76#10.89
-151.341,58.9303#62.13#26.76#11.11
-151.238,58.9315#61.92#26.77#11.31
-151.135,58.9326#61.7#26.77#11.53
-151.032,58.9336#61.49#26.78#11.73
-150.928,58.9345#61.15#26.79#12.06
-150.825,58.9353#60.77#26.79#12.44
-150.722,58.936#60.38#26.8#12.82
-150.619,58.9366#59.99#26.8#13.21
-150.516,58.9372#59.6#26.81#13.59
-150.412,58.9376#59.27#26.81#13.92
-150.309,58.9379#58.96#26.82#14.22
-150.206,58.9382#58.64#26.83#14.53
-150.103,58.9383#58.32#26.83#14.85
-149.999,58.9384#58#26.84#15.16
-149.896,58.9383#57.75#26.84#15.41
-149.793,58.9382#57.51#26.85#15.64
-149.69,58.9379#57.26#26.86#15.88
-149.586,58.9376#57.01#26.86#16.13
-149.483,58.9372#56.77#26.87#16.36
-149.38,58.9366#56.56#26.87#16.57
-149.277,58.936#56.35#26.88#16.77
-149.174,58.9353#56.14#26.88#16.98
-149.07,58.9345#55.93#26.89#17.18
-148.967,58.9336#55.72#26.9#17.38
-148.864,58.9326#55.54#26.9#17.56
-148.761,58.9315#55.35#26.91#17.74
-148.658,58.9303#55.16#26.92#17.92
-148.554,58.929#54.97#26.92#18.11
-148.451,58.9276#54.78#26.93#18.29
-148.348,58.9261#54.61#26.93#18.46
-148.245,58.9245#54.43#26.94#18.63
-148.142,58.9228#54.26#26.95#18.79
-148.039,58.921#54.08#26.95#18.97
-147.935,58.9192#53.92#26.96#19.12
-147.832,58.9172#53.77#26.97#19.26
-147.729,58.9151#53.61#26.97#19.42
-147.626,58.913#53.46#26.98#19.56
-147.523,58.9107#53.3#26.98#19.72
-147.42,58.9084#53.16#26.99#19.85
-147.317,58.9059#53.02#27#19.98
-147.214,58.9034#52.88#27#20.12
-147.111,58.9008#52.73#27.01#20.26
-154.438,58.9029#67.84#26.6#5.56
-154.335,58.907#67.67#26.6#5.72999999999999
-154.232,58.911#67.5#26.61#5.89
-154.129,58.9148#67.33#26.61#6.06
-154.026,58.9186#67.16#26.62#6.22
-153.923,58.9223#66.98#26.62#6.39999999999999
-153.82,58.9259#66.8#26.63#6.57000000000001
-153.717,58.9294#66.62#26.63#6.75
-153.614,58.9328#66.43#26.64#6.92999999999999
-153.511,58.9361#66.25#26.64#7.11
-153.408,58.9393#66.07#26.65#7.28
-153.305,58.9425#65.89#26.65#7.46000000000001
-153.202,58.9455#65.71#26.66#7.63000000000001
-153.099,58.9484#65.53#26.66#7.81
-152.996,58.9512#65.35#26.67#7.98
-152.893,58.954#65.16#26.67#8.17
-152.79,58.9566#64.97#26.68#8.34999999999999
-152.686,58.9592#64.79#26.69#8.52
-152.583,58.9616#64.6#26.69#8.71000000000001
-152.48,58.964#64.41#26.7#8.89
-152.377,58.9662#64.19#26.7#9.11
-152.274,58.9684#63.97#26.71#9.31999999999999
-152.17,58.9705#63.76#26.71#9.53
-152.067,58.9724#63.54#26.72#9.74000000000001
-151.964,58.9743#63.33#26.72#9.95
-151.86,58.9761#63.14#26.73#10.13
-151.757,58.9778#62.94#26.73#10.33
-151.654,58.9793#62.74#26.74#10.52
-151.55,58.9808#62.54#26.74#10.72
-151.447,58.9822#62.35#26.75#10.9
-151.344,58.9835#62.15#26.76#11.09
-151.24,58.9847#61.95#26.76#11.29
-151.137,58.9858#61.75#26.77#11.48
-151.033,58.9868#61.56#26.77#11.67
-150.93,58.9878#61.23#26.78#11.99
-150.827,58.9886#60.84#26.78#12.38
-150.723,58.9893#60.45#26.79#12.76
-150.62,58.9899#60.06#26.8#13.14
-150.516,58.9904#59.67#26.8#13.53
-150.413,58.9909#59.34#26.81#13.85
-150.31,58.9912#59.02#26.81#14.17
-150.206,58.9915#58.7#26.82#14.48
-150.103,58.9916#58.37#26.82#14.81
-149.999,58.9916#58.05#26.83#15.12
-149.896,58.9916#57.81#26.84#15.35
-149.793,58.9914#57.56#26.84#15.6
-149.689,58.9912#57.31#26.85#15.84
-149.586,58.9909#57.06#26.85#16.09
-149.482,58.9904#56.82#26.86#16.32
-149.379,58.9899#56.61#26.87#16.52
-149.275,58.9893#56.4#26.87#16.73
-149.172,58.9886#56.19#26.88#16.93
-149.069,58.9877#55.98#26.88#17.14
-148.965,58.9868#55.78#26.89#17.33
-148.862,58.9858#55.59#26.9#17.51
-148.758,58.9847#55.4#26.9#17.7
-148.655,58.9835#55.21#26.91#17.88
-148.552,58.9822#55.02#26.91#18.07
-148.448,58.9808#54.84#26.92#18.24
-148.345,58.9793#54.66#26.93#18.41
-148.242,58.9777#54.49#26.93#18.58
-148.138,58.9761#54.31#26.94#18.75
-148.035,58.9743#54.14#26.95#18.91
-147.932,58.9724#53.98#26.95#19.07
-147.828,58.9704#53.82#26.96#19.22
-147.725,58.9684#53.67#26.96#19.37
-147.622,58.9662#53.51#26.97#19.52
-147.519,58.9639#53.36#26.98#19.66
-147.415,58.9616#53.21#26.98#19.81
-147.312,58.9591#53.07#26.99#19.94
-147.209,58.9566#52.93#27#20.07
-147.106,58.954#52.79#27#20.21
-147.003,58.9512#52.65#27.01#20.34
-146.9,58.9484#52.51#27.02#20.47
-146.797,58.9455#52.38#27.03#20.59
-146.693,58.9424#52.24#27.04#20.72
-146.59,58.9393#52.1#27.05#20.85
-146.487,58.9361#51.97#27.06#20.97
-146.384,58.9328#51.84#27.07#21.09
-146.281,58.9294#51.71#27.09#21.2
-146.178,58.9259#51.58#27.11#21.31
-146.075,58.9223#51.45#27.13#21.42
-145.972,58.9186#51.33#27.15#21.52
-145.87,58.9148#51.21#27.18#21.61
-145.767,58.9109#51.09#27.21#21.7
-145.664,58.9069#50.98#27.25#21.77
-145.561,58.9029#50.86#27.28#21.86
-155.577,58.9048#69.25#26.54#4.21000000000001
-155.474,58.91#69.17#26.55#4.28
-155.371,58.915#69.07#26.55#4.38000000000001
-155.269,58.9199#68.96#26.55#4.49000000000001
-155.166,58.9248#68.86#26.56#4.58
-155.063,58.9295#68.76#26.56#4.67999999999999
-154.96,58.9342#68.64#26.57#4.78999999999999
-154.857,58.9387#68.5#26.57#4.93000000000001
-154.755,58.9432#68.35#26.58#5.07000000000001
-154.652,58.9476#68.21#26.58#5.21000000000001
-154.549,58.9518#68.06#26.59#5.34999999999999
-154.446,58.956#67.9#26.59#5.50999999999999
-154.343,58.9601#67.73#26.6#5.66999999999999
-154.24,58.9641#67.57#26.6#5.83000000000001
-154.137,58.968#67.4#26.61#5.98999999999999
-154.034,58.9718#67.23#26.61#6.16
-153.93,58.9755#67.06#26.62#6.31999999999999
-153.827,58.9791#66.88#26.62#6.5
-153.724,58.9826#66.7#26.63#6.67
-153.621,58.986#66.52#26.63#6.85000000000001
-153.518,58.9893#66.34#26.64#7.02
-153.414,58.9925#66.16#26.64#7.2
-153.311,58.9957#65.98#26.65#7.37
-153.208,58.9987#65.8#26.65#7.55000000000001
-153.105,59.0016#65.62#26.66#7.72
-153.001,59.0045#65.44#26.66#7.90000000000001
-152.898,59.0072#65.25#26.67#8.08
-152.795,59.0098#65.06#26.67#8.27
-152.691,59.0124#64.87#26.68#8.44999999999999
-152.588,59.0148#64.68#26.68#8.63999999999999
-152.484,59.0172#64.49#26.69#8.82000000000001
-152.381,59.0195#64.27#26.69#9.04000000000001
-152.278,59.0216#64.05#26.7#9.25
-152.174,59.0237#63.83#26.7#9.47
-152.071,59.0257#63.61#26.71#9.68000000000001
-151.967,59.0275#63.4#26.72#9.88
-151.864,59.0293#63.18#26.72#10.1
-151.76,59.031#62.97#26.73#10.3
-151.657,59.0326#62.76#26.73#10.51
-151.553,59.0341#62.54#26.74#10.72
-151.45,59.0355#62.34#26.74#10.92
-151.346,59.0368#62.16#26.75#11.09
-151.242,59.038#61.98#26.75#11.27
-151.139,59.0391#61.8#26.76#11.44
-151.035,59.0401#61.62#26.77#11.61
-150.932,59.041#61.31#26.77#11.92
-150.828,59.0418#60.92#26.78#12.3
-150.725,59.0426#60.52#26.78#12.7
-150.621,59.0432#60.13#26.79#13.08
-150.517,59.0437#59.74#26.79#13.47
-150.414,59.0442#59.41#26.8#13.79
-150.31,59.0445#59.08#26.81#14.11
-150.207,59.0447#58.76#26.81#14.43
-150.103,59.0449#58.43#26.82#14.75
-149.999,59.0449#58.11#26.82#15.07
-149.896,59.0449#57.86#26.83#15.31
-149.792,59.0447#57.61#26.83#15.56
-149.689,59.0445#57.36#26.84#15.8
-149.585,59.0442#57.12#26.85#16.03
-149.481,59.0437#56.88#26.85#16.27
-149.378,59.0432#56.67#26.86#16.47
-149.274,59.0426#56.46#26.86#16.68
-149.171,59.0418#56.25#26.87#16.88
-149.067,59.041#56.04#26.88#17.08
-148.963,59.0401#55.83#26.88#17.29
-148.86,59.0391#55.64#26.89#17.47
-148.756,59.038#55.45#26.89#17.66
-148.653,59.0368#55.26#26.9#17.84
-148.549,59.0355#55.07#26.91#18.02
-148.446,59.0341#54.89#26.91#18.2
-148.342,59.0326#54.72#26.92#18.36
-148.239,59.031#54.54#26.93#18.53
-148.135,59.0293#54.37#26.93#18.7
-148.032,59.0275#54.19#26.94#18.87
-147.928,59.0256#54.03#26.94#19.03
-147.825,59.0237#53.88#26.95#19.17
-147.721,59.0216#53.72#26.96#19.32
-147.618,59.0194#53.57#26.96#19.47
-147.514,59.0172#53.41#26.97#19.62
-147.411,59.0148#53.27#26.98#19.75
-147.307,59.0124#53.13#26.98#19.89
-147.204,59.0098#52.99#26.99#20.02
-147.101,59.0072#52.84#27#20.16
-146.997,59.0044#52.7#27#20.3
-146.894,59.0016#52.57#27.01#20.42
-146.791,58.9986#52.43#27.02#20.55
-146.687,58.9956#52.29#27.03#20.68
-146.584,58.9925#52.16#27.04#20.8
-146.481,58.9893#52.02#27.05#20.93
-146.378,58.9859#51.89#27.07#21.04
-146.275,58.9825#51.76#27.09#21.15
-146.171,58.979#51.63#27.11#21.26
-146.068,58.9754#51.5#27.13#21.37
-145.965,58.9717#51.37#27.15#21.48
-145.862,58.9679#51.26#27.19#21.55
-145.759,58.964#51.14#27.22#21.64
-145.656,58.96#51.03#27.26#21.71
-145.553,58.956#50.91#27.29#21.8
-145.45,58.9518#50.77#27.33#21.9
-145.347,58.9475#50.6#27.37#22.03
-145.244,58.9431#50.44#27.42#22.14
-145.141,58.9387#50.27#27.46#22.27
-145.038,58.9341#50.1#27.5#22.4
-144.936,58.9295#49.89#27.54#22.57
-144.833,58.9247#49.66#27.58#22.76
-144.73,58.9199#49.43#27.62#22.95
-144.627,58.9149#49.2#27.66#23.14
-144.525,58.9099#48.97#27.7#23.33
-144.422,58.9048#48.73#27.72#23.55
-156.613,58.9012#69.78#26.49#3.73
-156.511,58.9073#69.76#26.49#3.75
-156.408,58.9133#69.72#26.5#3.78
-156.306,58.9192#69.68#26.5#3.81999999999999
-156.203,58.925#69.63#26.51#3.86
-156.1,58.9307#69.59#26.51#3.89999999999999
-155.998,58.9363#69.55#26.52#3.93000000000001
-155.895,58.9419#69.48#26.52#4
-155.792,58.9473#69.41#26.53#4.06
-155.69,58.9526#69.34#26.53#4.13
-155.587,58.9578#69.27#26.53#4.2
-155.484,58.963#69.2#26.54#4.25999999999999
-155.381,58.968#69.1#26.54#4.36000000000001
-155.278,58.973#69#26.55#4.45
-155.175,58.9778#68.9#26.55#4.55
-155.072,58.9826#68.8#26.56#4.64
-154.969,58.9872#68.69#26.56#4.75
-154.866,58.9918#68.54#26.57#4.88999999999999
-154.763,58.9963#68.4#26.57#5.03
-154.66,59.0007#68.26#26.58#5.16
-154.557,59.0049#68.12#26.58#5.3
-154.454,59.0091#67.96#26.59#5.45
-154.351,59.0132#67.8#26.59#5.61
-154.247,59.0172#67.63#26.6#5.77000000000001
-154.144,59.0211#67.47#26.6#5.93000000000001
-154.041,59.0249#67.3#26.6#6.09999999999999
-153.938,59.0286#67.13#26.61#6.26000000000001
-153.834,59.0322#66.95#26.62#6.42999999999999
-153.731,59.0357#66.78#26.62#6.59999999999999
-153.627,59.0392#66.6#26.63#6.77000000000001
-153.524,59.0425#66.42#26.63#6.95
-153.421,59.0457#66.24#26.64#7.12
-153.317,59.0488#66.06#26.64#7.3
-153.214,59.0519#65.88#26.65#7.47
-153.11,59.0548#65.7#26.65#7.65000000000001
-153.007,59.0577#65.52#26.66#7.82000000000001
-152.903,59.0604#65.33#26.66#8.01000000000001
-152.8,59.0631#65.15#26.67#8.17999999999999
-152.696,59.0656#64.96#26.67#8.37
-152.593,59.0681#64.77#26.68#8.55000000000001
-152.489,59.0704#64.57#26.68#8.75
-152.385,59.0727#64.35#26.69#8.96000000000001
-152.282,59.0749#64.13#26.69#9.18000000000001
-152.178,59.077#63.91#26.7#9.39
-152.074,59.0789#63.69#26.7#9.61
-151.971,59.0808#63.46#26.71#9.83
-151.867,59.0826#63.23#26.71#10.06
-151.763,59.0843#63#26.72#10.28
-151.66,59.0859#62.77#26.73#10.5
-151.556,59.0874#62.54#26.73#10.73
-151.452,59.0888#62.34#26.74#10.92
-151.348,59.0901#62.18#26.74#11.08
-151.245,59.0913#62.01#26.75#11.24
-151.141,59.0924#61.85#26.75#11.4
-151.037,59.0934#61.69#26.76#11.55
-150.933,59.0943#61.38#26.76#11.86
-150.83,59.0951#60.99#26.77#12.24
-150.726,59.0959#60.6#26.78#12.62
-150.622,59.0965#60.2#26.78#13.02
-150.518,59.097#59.81#26.79#13.4
-150.415,59.0975#59.47#26.79#13.74
-150.311,59.0978#59.14#26.8#14.06
-150.207,59.098#58.82#26.8#14.38
-150.103,59.0982#58.49#26.81#14.7
-149.999,59.0982#58.16#26.82#15.02
-149.896,59.0982#57.91#26.82#15.27
-149.792,59.098#57.67#26.83#15.5
-149.688,59.0978#57.42#26.83#15.75
-149.584,59.0975#57.17#26.84#15.99
-149.48,59.097#56.93#26.85#16.22
-149.377,59.0965#56.72#26.85#16.43
-149.273,59.0959#56.51#26.86#16.63
-149.169,59.0951#56.3#26.86#16.84
-149.065,59.0943#56.09#26.87#17.04
-148.961,59.0934#55.89#26.88#17.23
-148.858,59.0924#55.7#26.88#17.42
-148.754,59.0913#55.51#26.89#17.6
-148.65,59.0901#55.32#26.89#17.79
-148.546,59.0888#55.13#26.9#17.97
-148.443,59.0874#54.95#26.91#18.14
-148.339,59.0859#54.77#26.91#18.32
-148.235,59.0843#54.6#26.92#18.48
-148.132,59.0826#54.42#26.93#18.65
-148.028,59.0808#54.25#26.93#18.82
-147.924,59.0789#54.09#26.94#18.97
-147.821,59.0769#53.93#26.94#19.13
-147.717,59.0749#53.78#26.95#19.27
-147.613,59.0727#53.62#26.96#19.42
-147.51,59.0704#53.47#26.96#19.57
-147.406,59.0681#53.33#26.97#19.7
-147.303,59.0656#53.18#26.98#19.84
-147.199,59.063#53.04#26.98#19.98
-147.095,59.0604#52.9#26.99#20.11
-146.992,59.0576#52.76#27#20.24
-146.888,59.0548#52.62#27.01#20.37
-146.785,59.0518#52.48#27.02#20.5
-146.681,59.0488#52.35#27.03#20.62
-146.578,59.0457#52.21#27.04#20.75
-146.475,59.0424#52.07#27.05#20.88
-146.371,59.0391#51.94#27.07#20.99
-146.268,59.0357#51.8#27.09#21.11
-146.165,59.0322#51.67#27.11#21.22
-146.061,59.0286#51.54#27.13#21.33
-145.958,59.0249#51.41#27.16#21.43
-145.855,59.0211#51.3#27.2#21.5
-145.751,59.0172#51.19#27.23#21.58
-145.648,59.0132#51.08#27.27#21.65
-145.545,59.0091#50.96#27.31#21.73
-145.442,59.0049#50.82#27.35#21.83
-145.339,59.0006#50.65#27.39#21.96
-145.236,58.9962#50.48#27.44#22.08
-145.133,58.9918#50.32#27.48#22.2
-145.029,58.9872#50.15#27.52#22.33
-144.926,58.9825#49.94#27.56#22.5
-144.824,58.9778#49.7#27.6#22.7
-144.721,58.9729#49.47#27.64#22.89
-144.618,58.968#49.24#27.67#23.09
-144.515,58.9629#49#27.71#23.29
-144.412,58.9578#48.76#27.74#23.5
-144.309,58.9525#48.5#27.76#23.74
-144.206,58.9472#48.25#27.78#23.97
-144.104,58.9418#48#27.8#24.2
-144.001,58.9363#47.75#27.82#24.43
-143.898,58.9306#47.54#27.83#24.63
-143.796,58.9249#47.32#27.85#24.83
-143.693,58.9191#47.11#27.86#25.03
-143.591,58.9132#46.9#27.87#25.23
-143.488,58.9072#46.69#27.88#25.43
-143.386,58.9012#46.49#27.89#25.62
-157.444,58.902#69.87#26.45#3.67999999999999
-157.342,58.9088#69.87#26.45#3.67999999999999
-157.24,58.9156#69.86#26.46#3.68000000000001
-157.137,58.9222#69.86#26.46#3.68000000000001
-157.035,58.9288#69.85#26.47#3.68000000000001
-156.933,58.9353#69.84#26.47#3.69
-156.83,58.9417#69.82#26.48#3.7
-156.727,58.9479#69.8#26.48#3.72
-156.625,58.9541#69.78#26.48#3.73999999999999
-156.522,58.9602#69.77#26.49#3.74000000000001
-156.42,58.9662#69.73#26.49#3.78
-156.317,58.9722#69.69#26.5#3.81
-156.214,58.978#69.65#26.5#3.84999999999999
-156.111,58.9837#69.61#26.51#3.88
-156.009,58.9893#69.56#26.51#3.92999999999999
-155.906,58.9948#69.5#26.51#3.98999999999999
-155.803,59.0003#69.43#26.52#4.05
-155.7,59.0056#69.36#26.52#4.12
-155.597,59.0109#69.3#26.53#4.17
-155.494,59.016#69.23#26.53#4.23999999999999
-155.391,59.0211#69.13#26.54#4.33000000000001
-155.288,59.026#69.03#26.54#4.43000000000001
-155.185,59.0309#68.94#26.55#4.51000000000001
-155.081,59.0357#68.84#26.55#4.61
-154.978,59.0403#68.73#26.56#4.70999999999999
-154.875,59.0449#68.59#26.56#4.84999999999999
-154.772,59.0494#68.45#26.56#4.98999999999999
-154.668,59.0538#68.31#26.57#5.12
-154.565,59.0581#68.17#26.57#5.25999999999999
-154.462,59.0623#68.02#26.58#5.40000000000001
-154.358,59.0664#67.86#26.58#5.56
-154.255,59.0704#67.7#26.59#5.70999999999999
-154.152,59.0743#67.54#26.59#5.86999999999999
-154.048,59.0781#67.38#26.6#6.02000000000001
-153.945,59.0818#67.21#26.6#6.19
-153.841,59.0854#67.03#26.61#6.36
-153.738,59.0889#66.86#26.61#6.53
-153.634,59.0924#66.68#26.62#6.69999999999999
-153.53,59.0957#66.51#26.62#6.86999999999999
-153.427,59.0989#66.33#26.63#7.04000000000001
-153.323,59.1021#66.15#26.63#7.22
-153.22,59.1051#65.97#26.64#7.39
-153.116,59.108#65.79#26.64#7.56999999999999
-153.012,59.1109#65.61#26.65#7.74000000000001
-152.909,59.1137#65.42#26.65#7.93000000000001
-152.805,59.1163#65.23#26.66#8.11
-152.701,59.1189#65.04#26.66#8.3
-152.597,59.1213#64.85#26.67#8.48
-152.493,59.1237#64.65#26.67#8.67999999999999
-152.39,59.126#64.43#26.68#8.88999999999999
-152.286,59.1281#64.21#26.69#9.10000000000001
-152.182,59.1302#63.98#26.69#9.33
-152.078,59.1322#63.76#26.7#9.54000000000001
-151.974,59.1341#63.53#26.7#9.77
-151.87,59.1359#63.29#26.71#10
-151.767,59.1376#63.04#26.71#10.25
-151.663,59.1392#62.79#26.72#10.49
-151.559,59.1407#62.54#26.72#10.74
-151.455,59.1421#62.34#26.73#10.93
-151.351,59.1434#62.19#26.74#11.07
-151.247,59.1446#62.05#26.74#11.21
-151.143,59.1457#61.9#26.75#11.35
-151.039,59.1467#61.76#26.75#11.49
-150.935,59.1476#61.46#26.76#11.78
-150.831,59.1484#61.06#26.76#12.18
-150.727,59.1492#60.67#26.77#12.56
-150.623,59.1498#60.28#26.77#12.95
-150.519,59.1503#59.88#26.78#13.34
-150.415,59.1508#59.54#26.79#13.67
-150.311,59.1511#59.21#26.79#14
-150.207,59.1513#58.88#26.8#14.32
-150.103,59.1515#58.54#26.8#14.66
-149.999,59.1515#58.21#26.81#14.98
-149.895,59.1515#57.97#26.81#15.22
-149.791,59.1513#57.72#26.82#15.46
-149.687,59.1511#57.47#26.83#15.7
-149.583,59.1508#57.22#26.83#15.95
-149.479,59.1503#56.98#26.84#16.18
-149.375,59.1498#56.77#26.84#16.39
-149.271,59.1492#56.56#26.85#16.59
-149.168,59.1484#56.35#26.86#16.79
-149.064,59.1476#56.14#26.86#17
-148.96,59.1467#55.94#26.87#17.19
-148.856,59.1457#55.75#26.87#17.38
-148.752,59.1446#55.56#26.88#17.56
-148.648,59.1434#55.37#26.89#17.74
-148.544,59.1421#55.18#26.89#17.93
-148.44,59.1406#55#26.9#18.1
-148.336,59.1391#54.83#26.91#18.26
-148.232,59.1376#54.65#26.91#18.44
-148.128,59.1359#54.48#26.92#18.6
-148.024,59.1341#54.3#26.92#18.78
-147.921,59.1322#54.14#26.93#18.93
-147.817,59.1302#53.99#26.94#19.07
-147.713,59.1281#53.83#26.94#19.23
-147.609,59.1259#53.68#26.95#19.37
-147.505,59.1237#53.52#26.96#19.52
-147.401,59.1213#53.38#26.96#19.66
-147.298,59.1188#53.24#26.97#19.79
-147.194,59.1163#53.1#26.98#19.92
-147.09,59.1136#52.95#26.98#20.07
-146.986,59.1109#52.81#26.99#20.2
-146.883,59.108#52.67#27#20.33
-146.779,59.1051#52.54#27.01#20.45
-146.675,59.102#52.4#27.02#20.58
-146.572,59.0989#52.26#27.03#20.71
-146.468,59.0956#52.12#27.04#20.84
-146.365,59.0923#51.99#27.07#20.94
-146.261,59.0889#51.85#27.09#21.06
-146.158,59.0854#51.71#27.11#21.18
-146.054,59.0817#51.58#27.13#21.29
-145.951,59.078#51.45#27.17#21.38
-145.847,59.0742#51.34#27.2#21.46
-145.744,59.0703#51.24#27.24#21.52
-145.64,59.0663#51.13#27.28#21.59
-145.537,59.0622#51.02#27.32#21.66
-145.434,59.058#50.87#27.37#21.76
-145.33,59.0537#50.7#27.41#21.89
-145.227,59.0493#50.53#27.46#22.01
-145.124,59.0448#50.37#27.5#22.13
-145.021,59.0403#50.2#27.55#22.25
-144.917,59.0356#49.98#27.58#22.44
-144.814,59.0308#49.74#27.62#22.64
-144.711,59.026#49.5#27.66#22.84
-144.608,59.021#49.27#27.69#23.04
-144.505,59.0159#49.03#27.73#23.24
-144.402,59.0108#48.78#27.75#23.47
-144.299,59.0056#48.53#27.77#23.7
-144.196,59.0002#48.27#27.79#23.94
-144.093,58.9948#48.02#27.81#24.17
-143.99,58.9892#47.77#27.83#24.4
-143.887,58.9836#47.55#27.84#24.61
-143.785,58.9779#47.33#27.85#24.82
-143.682,58.9721#47.12#27.86#25.02
-143.579,58.9662#46.9#27.87#25.23
-143.476,58.9602#46.69#27.88#25.43
-143.374,58.9541#46.49#27.89#25.62
-143.271,58.9479#46.29#27.89#25.82
-143.169,58.9416#46.09#27.9#26.01
-143.066,58.9352#45.89#27.91#26.2
-142.964,58.9287#45.69#27.91#26.4
-142.861,58.9221#45.51#27.92#26.57
-142.759,58.9155#45.32#27.92#26.76
-142.657,58.9087#45.13#27.93#26.94
-142.554,58.9019#44.94#27.93#27.13
-158.173,58.9041#69.88#26.42#3.7
-158.071,58.9116#69.88#26.42#3.7
-157.969,58.919#69.88#26.42#3.7
-157.867,58.9264#69.88#26.43#3.69
-157.765,58.9336#69.88#26.43#3.69
-157.662,58.9408#69.88#26.44#3.68000000000001
-157.56,58.9478#69.88#26.44#3.68000000000001
-157.458,58.9548#69.87#26.44#3.69
-157.355,58.9616#69.87#26.45#3.67999999999999
-157.253,58.9684#69.87#26.45#3.67999999999999
-157.15,58.9751#69.86#26.46#3.68000000000001
-157.048,58.9817#69.86#26.46#3.68000000000001
-156.945,58.9882#69.85#26.46#3.69
-156.842,58.9946#69.83#26.47#3.7
-156.74,59.0009#69.81#26.47#3.72
-156.637,59.0071#69.79#26.48#3.72999999999999
-156.534,59.0132#69.78#26.48#3.73999999999999
-156.431,59.0192#69.74#26.49#3.77000000000001
-156.328,59.0251#69.7#26.49#3.81
-156.225,59.0309#69.66#26.49#3.85000000000001
-156.122,59.0367#69.62#26.5#3.88
-156.019,59.0423#69.58#26.5#3.92
-155.916,59.0478#69.52#26.51#3.97
-155.813,59.0533#69.45#26.51#4.03999999999999
-155.71,59.0586#69.39#26.52#4.09
-155.607,59.0639#69.32#26.52#4.16000000000001
-155.504,59.0691#69.26#26.53#4.20999999999999
-155.4,59.0741#69.16#26.53#4.31
-155.297,59.0791#69.07#26.53#4.40000000000001
-155.194,59.084#68.97#26.54#4.49000000000001
-155.091,59.0887#68.88#26.54#4.58000000000001
-154.987,59.0934#68.78#26.55#4.67
-154.884,59.098#68.64#26.55#4.81
-154.78,59.1025#68.5#26.56#4.94
-154.677,59.1069#68.36#26.56#5.08
-154.573,59.1112#68.23#26.57#5.19999999999999
-154.47,59.1154#68.08#26.57#5.34999999999999
-154.366,59.1195#67.92#26.58#5.5
-154.263,59.1235#67.76#26.58#5.66
-154.159,59.1274#67.61#26.59#5.8
-154.055,59.1312#67.45#26.59#5.95999999999999
-153.952,59.135#67.28#26.6#6.12
-153.848,59.1386#67.11#26.6#6.28999999999999
-153.744,59.1421#66.94#26.61#6.45
-153.641,59.1456#66.77#26.61#6.62
-153.537,59.1489#66.59#26.62#6.78999999999999
-153.433,59.1521#66.42#26.62#6.95999999999999
-153.329,59.1553#66.24#26.63#7.13000000000001
-153.225,59.1583#66.06#26.63#7.31
-153.122,59.1613#65.88#26.64#7.48
-153.018,59.1641#65.7#26.64#7.66
-152.914,59.1669#65.51#26.65#7.84
-152.81,59.1696#65.32#26.65#8.03
-152.706,59.1721#65.12#26.66#8.22
-152.602,59.1746#64.92#26.66#8.42
-152.498,59.177#64.72#26.67#8.61
-152.394,59.1792#64.49#26.67#8.84
-152.29,59.1814#64.26#26.68#9.06
-152.186,59.1835#64.03#26.68#9.28999999999999
-152.082,59.1855#63.8#26.69#9.51000000000001
-151.978,59.1874#63.57#26.7#9.73
-151.874,59.1892#63.31#26.7#9.98999999999999
-151.77,59.1909#63.05#26.71#10.24
-151.666,59.1925#62.8#26.71#10.49
-151.562,59.194#62.54#26.72#10.74
-151.458,59.1954#62.33#26.72#10.95
-151.353,59.1967#62.18#26.73#11.09
-151.249,59.1979#62.04#26.73#11.23
-151.145,59.199#61.89#26.74#11.37
-151.041,59.2#61.74#26.74#11.52
-150.937,59.2009#61.44#26.75#11.81
-150.833,59.2018#61.05#26.76#12.19
-150.729,59.2025#60.66#26.76#12.58
-150.624,59.2031#60.27#26.77#12.96
-150.52,59.2037#59.88#26.77#13.35
-150.416,59.2041#59.54#26.78#13.68
-150.312,59.2044#59.21#26.78#14.01
-150.208,59.2047#58.88#26.79#14.33
-150.104,59.2048#58.55#26.8#14.65
-149.999,59.2049#58.23#26.8#14.97
-149.895,59.2048#57.98#26.81#15.21
-149.791,59.2047#57.73#26.81#15.46
-149.687,59.2044#57.49#26.82#15.69
-149.583,59.2041#57.24#26.83#15.93
-149.478,59.2037#57#26.83#16.17
-149.374,59.2031#56.79#26.84#16.37
-149.27,59.2025#56.58#26.84#16.58
-149.166,59.2018#56.38#26.85#16.77
-149.062,59.2009#56.17#26.86#16.97
-148.958,59.2#55.97#26.86#17.17
-148.854,59.199#55.78#26.87#17.35
-148.749,59.1979#55.59#26.87#17.54
-148.645,59.1967#55.4#26.88#17.72
-148.541,59.1954#55.21#26.89#17.9
-148.437,59.194#55.03#26.89#18.08
-148.333,59.1924#54.86#26.9#18.24
-148.229,59.1908#54.69#26.9#18.41
-148.125,59.1892#54.52#26.91#18.57
-148.021,59.1874#54.34#26.92#18.74
-147.917,59.1855#54.19#26.92#18.89
-147.813,59.1835#54.03#26.93#19.04
-147.709,59.1814#53.88#26.94#19.18
-147.605,59.1792#53.73#26.94#19.33
-147.501,59.1769#53.57#26.95#19.48
-147.397,59.1746#53.43#26.96#19.61
-147.293,59.1721#53.29#26.96#19.75
-147.189,59.1695#53.15#26.97#19.88
-147.085,59.1669#53.01#26.97#20.02
-146.981,59.1641#52.87#26.98#20.15
-146.877,59.1612#52.73#26.99#20.28
-146.773,59.1583#52.59#27#20.41
-146.669,59.1552#52.45#27.02#20.53
-146.566,59.1521#52.31#27.03#20.66
-146.462,59.1489#52.17#27.04#20.79
-146.358,59.1455#52.03#27.07#20.9
-146.254,59.1421#51.89#27.09#21.02
-146.151,59.1386#51.75#27.11#21.14
-146.047,59.1349#51.62#27.14#21.24
-145.943,59.1312#51.5#27.17#21.33
-145.84,59.1274#51.39#27.21#21.4
-145.736,59.1235#51.28#27.26#21.46
-145.632,59.1195#51.18#27.3#21.52
-145.529,59.1153#51.07#27.34#21.59
-145.425,59.1111#50.92#27.38#21.7
-145.322,59.1068#50.75#27.43#21.82
-145.218,59.1024#50.58#27.47#21.95
-145.115,59.098#50.42#27.52#22.06
-145.012,59.0934#50.25#27.57#22.18
-144.908,59.0887#50.02#27.6#22.38
-144.805,59.0839#49.78#27.64#22.58
-144.701,59.079#49.54#27.67#22.79
-144.598,59.0741#49.3#27.71#22.99
-144.495,59.069#49.06#27.74#23.2
-144.392,59.0638#48.81#27.76#23.43
-144.289,59.0586#48.55#27.78#23.67
-144.185,59.0532#48.3#27.8#23.9
-144.082,59.0478#48.04#27.82#24.14
-143.979,59.0422#47.79#27.83#24.38
-143.876,59.0366#47.57#27.84#24.59
-143.773,59.0309#47.35#27.85#24.8
-143.67,59.025#47.12#27.86#25.02
-143.568,59.0191#46.9#27.87#25.23
-143.465,59.0131#46.69#27.88#25.43
-143.362,59.007#46.48#27.89#25.63
-143.259,59.0008#46.28#27.89#25.83
-143.156,58.9945#46.07#27.9#26.03
-143.054,58.9881#45.87#27.91#26.22
-142.951,58.9816#45.67#27.91#26.42
-142.849,58.975#45.48#27.92#26.6
-142.746,58.9683#45.29#27.92#26.79
-142.643,58.9616#45.1#27.93#26.97
-142.541,58.9547#44.91#27.93#27.16
-142.439,58.9477#44.72#27.93#27.35
-142.336,58.9407#44.55#27.94#27.51
-142.234,58.9335#44.37#27.94#27.69
-142.132,58.9263#44.19#27.94#27.87
-142.03,58.9189#44.01#27.95#28.04
-141.927,58.9115#43.85#27.95#28.2
-141.825,58.904#43.7#27.95#28.35
-158.903,58.9014#69.89#26.38#3.73
-158.801,58.9096#69.89#26.39#3.72
-158.699,58.9177#69.89#26.39#3.72
-158.597,58.9257#69.89#26.4#3.71000000000001
-158.495,58.9336#69.89#26.4#3.71000000000001
-158.393,58.9414#69.89#26.4#3.71000000000001
-158.29,58.9492#69.89#26.41#3.7
-158.188,58.9568#69.88#26.41#3.71000000000001
-158.086,58.9643#69.88#26.41#3.71000000000001
-157.984,58.9718#69.88#26.42#3.7
-157.881,58.9791#69.88#26.42#3.7
-157.779,58.9864#69.88#26.43#3.69
-157.676,58.9935#69.88#26.43#3.69
-157.574,59.0006#69.88#26.43#3.69
-157.471,59.0076#69.88#26.44#3.68000000000001
-157.368,59.0145#69.87#26.44#3.69
-157.266,59.0213#69.87#26.45#3.67999999999999
-157.163,59.028#69.87#26.45#3.67999999999999
-157.06,59.0346#69.86#26.45#3.69
-156.958,59.0411#69.85#26.46#3.69
-156.855,59.0475#69.84#26.46#3.69999999999999
-156.752,59.0538#69.82#26.47#3.71000000000001
-156.649,59.06#69.8#26.47#3.73
-156.546,59.0661#69.79#26.48#3.72999999999999
-156.443,59.0721#69.76#26.48#3.75999999999999
-156.34,59.0781#69.72#26.48#3.8
-156.237,59.0839#69.68#26.49#3.83
-156.133,59.0897#69.64#26.49#3.87
-156.03,59.0953#69.6#26.5#3.90000000000001
-155.927,59.1009#69.54#26.5#3.95999999999999
-155.824,59.1063#69.47#26.51#4.02
-155.72,59.1117#69.41#26.51#4.08
-155.617,59.1169#69.35#26.51#4.14
-155.514,59.1221#69.29#26.52#4.19
-155.41,59.1272#69.2#26.52#4.28
-155.307,59.1322#69.1#26.53#4.37
-155.203,59.1371#69.01#26.53#4.45999999999999
-155.1,59.1418#68.92#26.54#4.53999999999999
-154.996,59.1465#68.82#26.54#4.64000000000001
-154.893,59.1511#68.69#26.55#4.76000000000001
-154.789,59.1556#68.55#26.55#4.90000000000001
-154.685,59.16#68.42#26.56#5.02
-154.582,59.1643#68.28#26.56#5.16
-154.478,59.1686#68.14#26.57#5.28999999999999
-154.374,59.1727#67.98#26.57#5.44999999999999
-154.27,59.1767#67.82#26.58#5.60000000000001
-154.167,59.1806#67.66#26.58#5.76000000000001
-154.063,59.1844#67.5#26.58#5.92
-153.959,59.1882#67.33#26.59#6.08
-153.855,59.1918#67.15#26.59#6.25999999999999
-153.751,59.1953#66.97#26.6#6.43000000000001
-153.647,59.1988#66.79#26.6#6.60999999999999
-153.543,59.2021#66.62#26.61#6.77
-153.439,59.2054#66.43#26.62#6.94999999999999
-153.335,59.2085#66.25#26.62#7.13
-153.231,59.2116#66.06#26.63#7.31
-153.127,59.2145#65.88#26.63#7.49000000000001
-153.023,59.2174#65.69#26.64#7.67
-152.919,59.2202#65.49#26.64#7.87
-152.815,59.2228#65.29#26.65#8.06
-152.711,59.2254#65.09#26.65#8.25999999999999
-152.607,59.2279#64.89#26.66#8.45
-152.503,59.2303#64.69#26.66#8.65000000000001
-152.398,59.2325#64.45#26.67#8.88
-152.294,59.2347#64.22#26.67#9.11
-152.19,59.2368#63.99#26.68#9.33
-152.086,59.2388#63.76#26.68#9.56
-151.982,59.2407#63.52#26.69#9.78999999999999
-151.877,59.2425#63.27#26.69#10.04
-151.773,59.2442#63.03#26.7#10.27
-151.669,59.2458#62.78#26.7#10.52
-151.564,59.2473#62.54#26.71#10.75
-151.46,59.2487#62.33#26.72#10.95
-151.356,59.25#62.16#26.72#11.12
-151.252,59.2512#61.99#26.73#11.28
-151.147,59.2523#61.81#26.73#11.46
-151.043,59.2534#61.64#26.74#11.62
-150.939,59.2543#61.35#26.74#11.91
-150.834,59.2551#60.97#26.75#12.28
-150.73,59.2558#60.59#26.75#12.66
-150.626,59.2565#60.21#26.76#13.03
-150.521,59.257#59.83#26.77#13.4
-150.417,59.2574#59.5#26.77#13.73
-150.312,59.2578#59.18#26.78#14.04
-150.208,59.258#58.85#26.78#14.37
-150.104,59.2582#58.53#26.79#14.68
-149.999,59.2582#58.21#26.8#14.99
-149.895,59.2582#57.97#26.8#15.23
-149.791,59.258#57.72#26.81#15.47
-149.686,59.2578#57.48#26.81#15.71
-149.582,59.2574#57.24#26.82#15.94
-149.478,59.257#57#26.82#16.18
-149.373,59.2565#56.79#26.83#16.38
-149.269,59.2558#56.58#26.84#16.58
-149.164,59.2551#56.38#26.84#16.78
-149.06,59.2543#56.17#26.85#16.98
-148.956,59.2533#55.97#26.85#17.18
-148.851,59.2523#55.78#26.86#17.36
-148.747,59.2512#55.59#26.87#17.54
-148.643,59.25#55.4#26.87#17.73
-148.539,59.2487#55.22#26.88#17.9
-148.434,59.2473#55.04#26.89#18.07
-148.33,59.2458#54.87#26.89#18.24
-148.226,59.2442#54.69#26.9#18.41
-148.121,59.2425#54.52#26.9#18.58
-148.017,59.2407#54.35#26.91#18.74
-147.913,59.2388#54.19#26.92#18.89
-147.809,59.2368#54.04#26.92#19.04
-147.705,59.2347#53.89#26.93#19.18
-147.6,59.2325#53.73#26.94#19.33
-147.496,59.2302#53.58#26.94#19.48
-147.392,59.2278#53.44#26.95#19.61
-147.288,59.2254#53.3#26.96#19.74
-147.184,59.2228#53.16#26.96#19.88
-147.08,59.2201#53.02#26.97#20.01
-146.976,59.2174#52.88#26.98#20.14
-146.871,59.2145#52.74#26.99#20.27
-146.767,59.2115#52.61#27#20.39
-146.663,59.2085#52.47#27.01#20.52
-146.559,59.2053#52.33#27.03#20.64
-146.455,59.2021#52.2#27.04#20.76
-146.351,59.1987#52.06#27.07#20.87
-146.248,59.1953#51.92#27.1#20.98
-146.144,59.1918#51.78#27.12#21.1
-146.04,59.1881#51.64#27.15#21.21
-145.936,59.1844#51.53#27.18#21.29
-145.832,59.1806#51.43#27.22#21.35
-145.728,59.1766#51.33#27.27#21.4
-145.624,59.1726#51.23#27.31#21.46
-145.521,59.1685#51.12#27.35#21.53
-145.417,59.1643#50.97#27.4#21.63
-145.313,59.16#50.8#27.45#21.75
-145.21,59.1556#50.63#27.49#21.88
-145.106,59.1511#50.46#27.54#22
-145.002,59.1465#50.3#27.59#22.11
-144.899,59.1418#50.06#27.62#22.32
-144.795,59.137#49.81#27.66#22.53
-144.692,59.1321#49.57#27.69#22.74
-144.588,59.1271#49.33#27.72#22.95
-144.485,59.1221#49.09#27.76#23.15
-144.382,59.1169#48.83#27.77#23.4
-144.278,59.1116#48.57#27.79#23.64
-144.175,59.1063#48.32#27.8#23.88
-144.072,59.1008#48.06#27.82#24.12
-143.968,59.0952#47.81#27.84#24.35
-143.865,59.0896#47.58#27.85#24.57
-143.762,59.0838#47.36#27.86#24.78
-143.659,59.078#47.13#27.87#25
-143.556,59.0721#46.9#27.88#25.22
-143.453,59.066#46.69#27.88#25.43
-143.35,59.0599#46.47#27.89#25.64
-143.247,59.0537#46.27#27.9#25.83
-143.144,59.0474#46.06#27.9#26.04
-143.041,59.041#45.85#27.91#26.24
-142.938,59.0345#45.65#27.91#26.44
-142.836,59.0279#45.45#27.92#26.63
-142.733,59.0212#45.26#27.92#26.82
-142.63,59.0144#45.06#27.92#27.02
-142.528,59.0075#44.87#27.93#27.2
-142.425,59.0005#44.68#27.93#27.39
-142.323,58.9935#44.5#27.94#27.56
-142.22,58.9863#44.32#27.94#27.74
-142.118,58.979#44.14#27.94#27.92
-142.015,58.9717#43.96#27.94#28.1
-141.913,58.9642#43.8#27.95#28.25
-141.811,58.9567#43.64#27.95#28.41
-141.708,58.9491#43.48#27.95#28.57
-141.606,58.9413#43.32#27.96#28.72
-141.504,58.9335#43.17#27.96#28.87
-141.402,58.9256#43.04#27.96#29
-141.3,58.9176#42.91#27.96#29.13
-141.198,58.9095#42.78#27.97#29.25
-141.096,58.9013#42.65#27.97#29.38
-159.53,58.9028#69.88#26.36#3.76000000000001
-159.428,58.9115#69.88#26.36#3.76000000000001
-159.326,58.9202#69.88#26.37#3.75
-159.224,58.9288#69.89#26.37#3.73999999999999
-159.122,58.9373#69.89#26.37#3.73999999999999
-159.021,58.9457#69.89#26.38#3.73
-158.919,58.954#69.89#26.38#3.73
-158.816,58.9622#69.89#26.38#3.73
-158.714,58.9703#69.89#26.39#3.72
-158.612,58.9784#69.89#26.39#3.72
-158.51,58.9863#69.89#26.39#3.72
-158.408,58.9941#69.89#26.4#3.71000000000001
-158.305,59.0019#69.89#26.4#3.71000000000001
-158.203,59.0095#69.89#26.41#3.7
-158.1,59.0171#69.89#26.41#3.7
-157.998,59.0245#69.89#26.41#3.7
-157.895,59.0319#69.89#26.42#3.69
-157.793,59.0392#69.88#26.42#3.7
-157.69,59.0464#69.88#26.42#3.7
-157.587,59.0534#69.88#26.43#3.69
-157.485,59.0604#69.88#26.43#3.69
-157.382,59.0673#69.88#26.44#3.68000000000001
-157.279,59.0741#69.88#26.44#3.68000000000001
-157.176,59.0808#69.87#26.44#3.69
-157.073,59.0874#69.87#26.45#3.67999999999999
-156.97,59.094#69.86#26.45#3.69
-156.867,59.1004#69.84#26.46#3.69999999999999
-156.764,59.1067#69.83#26.46#3.71000000000001
-156.661,59.1129#69.81#26.47#3.72
-156.558,59.1191#69.79#26.47#3.73999999999999
-156.454,59.1251#69.77#26.47#3.76000000000001
-156.351,59.1311#69.73#26.48#3.78999999999999
-156.248,59.1369#69.69#26.48#3.83
-156.145,59.1427#69.65#26.49#3.86
-156.041,59.1483#69.61#26.49#3.90000000000001
-155.938,59.1539#69.56#26.49#3.95
-155.834,59.1594#69.5#26.5#4
-155.731,59.1647#69.43#26.5#4.06999999999999
-155.627,59.17#69.37#26.51#4.11999999999999
-155.524,59.1752#69.31#26.51#4.17999999999999
-155.42,59.1803#69.22#26.52#4.26000000000001
-155.316,59.1853#69.12#26.52#4.36
-155.213,59.1902#69.03#26.53#4.44
-155.109,59.195#68.93#26.53#4.53999999999999
-155.005,59.1997#68.83#26.54#4.63
-154.902,59.2043#68.69#26.54#4.77000000000001
-154.798,59.2088#68.55#26.54#4.91
-154.694,59.2132#68.41#26.55#5.04000000000001
-154.59,59.2175#68.27#26.55#5.18000000000001
-154.486,59.2217#68.12#26.56#5.31999999999999
-154.382,59.2258#67.96#26.56#5.48
-154.278,59.2299#67.8#26.57#5.63
-154.174,59.2338#67.64#26.57#5.78999999999999
-154.07,59.2376#67.47#26.58#5.95
-153.966,59.2414#67.31#26.58#6.11
-153.862,59.245#67.13#26.59#6.28
-153.758,59.2486#66.95#26.59#6.45999999999999
-153.654,59.252#66.77#26.6#6.63
-153.55,59.2554#66.6#26.6#6.80000000000001
-153.446,59.2586#66.41#26.61#6.98
-153.341,59.2618#66.23#26.61#7.16
-153.237,59.2648#66.04#26.62#7.33999999999999
-153.133,59.2678#65.85#26.62#7.53
-153.029,59.2707#65.66#26.63#7.71000000000001
-152.924,59.2734#65.46#26.63#7.91000000000001
-152.82,59.2761#65.26#26.64#8.09999999999999
-152.716,59.2787#65.06#26.64#8.3
-152.611,59.2812#64.85#26.65#8.5
-152.507,59.2835#64.65#26.65#8.69999999999999
-152.403,59.2858#64.41#26.66#8.93000000000001
-152.298,59.288#64.18#26.67#9.14999999999999
-152.194,59.2901#63.94#26.67#9.39
-152.09,59.2921#63.71#26.68#9.61
-151.985,59.294#63.47#26.68#9.84999999999999
-151.881,59.2958#63.24#26.69#10.07
-151.776,59.2975#63#26.69#10.31
-151.672,59.2991#62.77#26.7#10.53
-151.567,59.3006#62.54#26.7#10.76
-151.463,59.302#62.32#26.71#10.97
-151.358,59.3033#62.13#26.71#11.16
-151.254,59.3046#61.94#26.72#11.34
-151.149,59.3057#61.74#26.73#11.53
-151.045,59.3067#61.55#26.73#11.72
-150.94,59.3076#61.25#26.74#12.01
-150.836,59.3085#60.89#26.74#12.37
-150.731,59.3092#60.52#26.75#12.73
-150.627,59.3098#60.15#26.75#13.1
-150.522,59.3103#59.78#26.76#13.46
-150.418,59.3108#59.46#26.77#13.77
-150.313,59.3111#59.14#26.77#14.09
-150.208,59.3114#58.83#26.78#14.39
-150.104,59.3115#58.51#26.78#14.71
-149.999,59.3116#58.2#26.79#15.01
-149.895,59.3115#57.96#26.79#15.25
-149.79,59.3114#57.72#26.8#15.48
-149.686,59.3111#57.47#26.81#15.72
-149.581,59.3108#57.23#26.81#15.96
-149.477,59.3103#57#26.82#16.18
-149.372,59.3098#56.79#26.82#16.39
-149.267,59.3092#56.58#26.83#16.59
-149.163,59.3084#56.38#26.84#16.78
-149.058,59.3076#56.17#26.84#16.99
-148.954,59.3067#55.97#26.85#17.18
-148.849,59.3057#55.78#26.85#17.37
-148.745,59.3045#55.59#26.86#17.55
-148.64,59.3033#55.41#26.87#17.72
-148.536,59.302#55.22#26.87#17.91
-148.431,59.3006#55.04#26.88#18.08
-148.327,59.2991#54.87#26.88#18.25
-148.222,59.2975#54.7#26.89#18.41
-148.118,59.2958#54.53#26.9#18.57
-148.014,59.294#54.36#26.9#18.74
-147.909,59.2921#54.2#26.91#18.89
-147.805,59.2901#54.05#26.92#19.03
-147.7,59.288#53.89#26.92#19.19
-147.596,59.2858#53.74#26.93#19.33
-147.492,59.2835#53.59#26.94#19.47
-147.387,59.2811#53.45#26.94#19.61
-147.283,59.2787#53.31#26.95#19.74
-147.179,59.2761#53.16#26.96#19.88
-147.074,59.2734#53.02#26.97#20.01
-146.97,59.2706#52.88#26.97#20.15
-146.866,59.2678#52.75#26.99#20.26
-146.762,59.2648#52.61#27#20.39
-146.657,59.2617#52.47#27.02#20.51
-146.553,59.2586#52.34#27.03#20.63
-146.449,59.2553#52.2#27.05#20.75
-146.345,59.252#52.06#27.08#20.86
-146.241,59.2485#51.92#27.11#20.97
-146.137,59.245#51.79#27.13#21.08
-146.033,59.2413#51.65#27.16#21.19
-145.928,59.2376#51.53#27.2#21.27
-145.824,59.2338#51.42#27.24#21.34
-145.72,59.2298#51.32#27.29#21.39
-145.617,59.2258#51.21#27.33#21.46
-145.513,59.2217#51.11#27.38#21.51
-145.409,59.2174#50.96#27.42#21.62
-145.305,59.2131#50.8#27.47#21.73
-145.201,59.2087#50.64#27.51#21.85
-145.097,59.2042#50.48#27.56#21.96
-144.993,59.1996#50.31#27.61#22.08
-144.89,59.1949#50.07#27.64#22.29
-144.786,59.1901#49.83#27.67#22.5
-144.682,59.1852#49.59#27.71#22.7
-144.579,59.1802#49.35#27.74#22.91
-144.475,59.1751#49.11#27.77#23.12
-144.371,59.1699#48.85#27.78#23.37
-144.268,59.1647#48.6#27.8#23.6
-144.164,59.1593#48.34#27.81#23.85
-144.061,59.1538#48.08#27.83#24.09
-143.958,59.1483#47.83#27.84#24.33
-143.854,59.1426#47.6#27.85#24.55
-143.751,59.1368#47.37#27.86#24.77
-143.648,59.131#47.14#27.87#24.99
-143.544,59.125#46.9#27.88#25.22
-143.441,59.119#46.68#27.88#25.44
-143.338,59.1129#46.47#27.89#25.64
-143.235,59.1066#46.25#27.9#25.85
-143.132,59.1003#46.04#27.9#26.06
-143.029,59.0939#45.83#27.91#26.26
-142.926,59.0874#45.62#27.91#26.47
-142.823,59.0807#45.42#27.92#26.66
-142.72,59.074#45.23#27.92#26.85
-142.617,59.0672#45.03#27.92#27.05
-142.514,59.0603#44.83#27.93#27.24
-142.411,59.0534#44.64#27.93#27.43
-142.309,59.0463#44.46#27.93#27.61
-142.206,59.0391#44.27#27.94#27.79
-142.103,59.0318#44.09#27.94#27.97
-142.001,59.0244#43.91#27.94#28.15
-141.898,59.017#43.74#27.95#28.31
-141.796,59.0094#43.58#27.95#28.47
-141.693,59.0018#43.42#27.95#28.63
-141.591,58.994#43.26#27.95#28.79
-141.489,58.9862#43.1#27.96#28.94
-141.387,58.9783#42.97#27.96#29.07
-141.284,58.9702#42.84#27.96#29.2
-141.182,58.9621#42.7#27.96#29.34
-141.08,58.9539#42.57#27.97#29.46
-140.978,58.9456#42.45#27.97#29.58
-140.876,58.9372#42.34#27.97#29.69
-140.774,58.9287#42.23#27.97#29.8
-140.672,58.9201#42.12#27.98#29.9
-140.571,58.9114#42.01#27.98#30.01
-140.469,58.9027#41.91#27.98#30.11
-160.157,58.9006#69.86#26.33#3.81
-160.055,58.91#69.87#26.34#3.78999999999999
-159.954,58.9192#69.87#26.34#3.78999999999999
-159.852,58.9284#69.88#26.34#3.78
-159.75,58.9374#69.88#26.35#3.77000000000001
-159.649,58.9464#69.88#26.35#3.77000000000001
-159.547,58.9553#69.88#26.35#3.77000000000001
-159.445,58.9641#69.88#26.36#3.76000000000001
-159.343,58.9728#69.89#26.36#3.75
-159.241,58.9814#69.89#26.36#3.75
-159.139,58.9899#69.89#26.37#3.73999999999999
-159.037,58.9983#69.89#26.37#3.73999999999999
-158.935,59.0066#69.89#26.37#3.73999999999999
-158.832,59.0149#69.89#26.38#3.73
-158.73,59.023#69.89#26.38#3.73
-158.628,59.031#69.89#26.38#3.73
-158.525,59.039#69.89#26.39#3.72
-158.423,59.0468#69.89#26.39#3.72
-158.32,59.0546#69.89#26.4#3.71000000000001
-158.218,59.0623#69.89#26.4#3.71000000000001
-158.115,59.0698#69.89#26.4#3.71000000000001
-158.012,59.0773#69.89#26.41#3.7
-157.91,59.0847#69.89#26.41#3.7
-157.807,59.092#69.89#26.41#3.7
-157.704,59.0992#69.89#26.42#3.69
-157.601,59.1063#69.89#26.42#3.69
-157.498,59.1133#69.89#26.43#3.68000000000001
-157.395,59.1202#69.88#26.43#3.69
-157.292,59.127#69.88#26.43#3.69
-157.189,59.1337#69.88#26.44#3.68000000000001
-157.086,59.1403#69.87#26.44#3.69
-156.983,59.1469#69.87#26.45#3.67999999999999
-156.879,59.1533#69.85#26.45#3.7
-156.776,59.1597#69.84#26.45#3.70999999999999
-156.673,59.1659#69.82#26.46#3.72
-156.57,59.172#69.8#26.46#3.74000000000001
-156.466,59.1781#69.78#26.47#3.75
-156.363,59.1841#69.73#26.47#3.8
-156.259,59.1899#69.69#26.48#3.83
-156.156,59.1957#69.65#26.48#3.86999999999999
-156.052,59.2014#69.61#26.48#3.91
-155.949,59.2069#69.55#26.49#3.96000000000001
-155.845,59.2124#69.49#26.49#4.02000000000001
-155.741,59.2178#69.42#26.5#4.08
-155.637,59.2231#69.36#26.5#4.14
-155.534,59.2283#69.29#26.51#4.19999999999999
-155.43,59.2334#69.2#26.51#4.28999999999999
-155.326,59.2384#69.11#26.52#4.37
-155.222,59.2433#69.01#26.52#4.47
-155.118,59.2481#68.91#26.52#4.57000000000001
-155.014,59.2528#68.81#26.53#4.66
-154.91,59.2574#68.67#26.53#4.8
-154.806,59.2619#68.53#26.54#4.93000000000001
-154.702,59.2663#68.39#26.54#5.06999999999999
-154.598,59.2707#68.25#26.55#5.2
-154.494,59.2749#68.1#26.55#5.35000000000001
-154.39,59.279#67.94#26.56#5.5
-154.286,59.2831#67.78#26.56#5.66
-154.182,59.287#67.61#26.57#5.81999999999999
