-151.212,50.9006#36.93#27.85#35.22
-151.131,50.9016#36.92#27.85#35.23
-151.05,50.9026#36.92#27.86#35.22
-150.969,50.9035#36.91#27.86#35.23
-150.888,50.9043#36.91#27.87#35.22
-150.808,50.9051#36.9#27.87#35.23
-150.727,50.9058#36.89#27.88#35.23
-150.646,50.9064#36.89#27.88#35.23
-150.565,50.9069#36.88#27.89#35.23
-150.484,50.9074#36.88#27.89#35.23
-150.404,50.9078#36.87#27.9#35.23
-150.323,50.9081#36.87#27.9#35.23
-150.242,50.9084#36.86#27.91#35.23
-150.161,50.9085#36.86#27.91#35.23
-150.08,50.9086#36.85#27.92#35.23
-149.999,50.9087#36.84#27.92#35.24
-149.919,50.9086#36.84#27.93#35.23
-149.838,50.9085#36.83#27.93#35.24
-149.757,50.9084#36.82#27.94#35.24
-149.676,50.9081#36.82#27.94#35.24
-149.595,50.9078#36.81#27.95#35.24
-149.515,50.9074#36.8#27.95#35.25
-149.434,50.9069#36.8#27.96#35.24
-149.353,50.9064#36.79#27.96#35.25
-149.272,50.9058#36.79#27.97#35.24
-149.191,50.9051#36.78#27.97#35.25
-149.111,50.9043#36.77#27.98#35.25
-149.03,50.9035#36.77#27.98#35.25
-148.949,50.9026#36.76#27.99#35.25
-148.868,50.9016#36.75#27.99#35.26
-148.787,50.9006#36.75#28#35.25
-153.233,50.9021#37.19#27.72#35.09
-153.153,50.905#37.18#27.73#35.09
-153.072,50.9077#37.17#27.73#35.1
-152.991,50.9104#37.16#27.74#35.1
-152.91,50.913#37.15#27.74#35.11
-152.83,50.9156#37.14#27.75#35.11
-152.749,50.9181#37.13#27.75#35.12
-152.668,50.9205#37.12#27.76#35.12
-152.587,50.9228#37.11#27.76#35.13
-152.507,50.9251#37.1#27.77#35.13
-152.426,50.9273#37.09#27.77#35.14
-152.345,50.9294#37.09#27.78#35.13
-152.264,50.9314#37.08#27.78#35.14
-152.184,50.9334#37.07#27.79#35.14
-152.103,50.9353#37.06#27.79#35.15
-152.022,50.9372#37.05#27.8#35.15
-151.941,50.9389#37.05#27.8#35.15
-151.86,50.9406#37.04#27.81#35.15
-151.779,50.9422#37.03#27.81#35.16
-151.698,50.9438#37.03#27.82#35.15
-151.618,50.9453#37.02#27.82#35.16
-151.537,50.9467#37.01#27.83#35.16
-151.456,50.948#37.01#27.83#35.16
-151.375,50.9492#37#27.84#35.16
-151.294,50.9504#36.99#27.84#35.17
-151.213,50.9515#36.99#27.85#35.16
-151.132,50.9526#36.98#27.85#35.17
-151.051,50.9536#36.97#27.86#35.17
-150.971,50.9545#36.97#27.86#35.17
-150.89,50.9553#36.96#27.87#35.17
-150.809,50.956#36.95#27.87#35.18
-150.728,50.9567#36.95#27.88#35.17
-150.647,50.9573#36.94#27.88#35.18
-150.566,50.9579#36.94#27.89#35.17
-150.485,50.9583#36.93#27.89#35.18
-150.404,50.9587#36.92#27.9#35.18
-150.323,50.9591#36.92#27.9#35.18
-150.242,50.9593#36.91#27.91#35.18
-150.161,50.9595#36.91#27.91#35.18
-150.08,50.9596#36.9#27.92#35.18
-149.999,50.9596#36.9#27.92#35.18
-149.919,50.9596#36.89#27.93#35.18
-149.838,50.9595#36.88#27.93#35.19
-149.757,50.9593#36.88#27.94#35.18
-149.676,50.9591#36.87#27.94#35.19
-149.595,50.9587#36.86#27.95#35.19
-149.514,50.9583#36.86#27.95#35.19
-149.433,50.9579#36.85#27.96#35.19
-149.352,50.9573#36.84#27.96#35.2
-149.271,50.9567#36.84#27.97#35.19
-149.19,50.956#36.83#27.97#35.2
-149.109,50.9553#36.82#27.98#35.2
-149.028,50.9545#36.82#27.98#35.2
-148.948,50.9536#36.81#27.99#35.2
-148.867,50.9526#36.81#27.99#35.2
-148.786,50.9515#36.8#28#35.2
-148.705,50.9504#36.79#28#35.21
-148.624,50.9492#36.79#28.01#35.2
-148.543,50.948#36.78#28.01#35.21
-148.462,50.9466#36.77#28.02#35.21
-148.381,50.9452#36.76#28.02#35.22
-148.3,50.9438#36.75#28.03#35.22
-148.22,50.9422#36.74#28.03#35.23
-148.139,50.9406#36.73#28.04#35.23
-148.058,50.9389#36.72#28.04#35.24
-147.977,50.9371#36.71#28.05#35.24
-147.896,50.9353#36.7#28.05#35.25
-147.815,50.9334#36.69#28.06#35.25
-147.735,50.9314#36.68#28.06#35.26
-147.654,50.9294#36.67#28.07#35.26
-147.573,50.9272#36.65#28.07#35.28
-147.492,50.9251#36.64#28.08#35.28
-147.412,50.9228#36.63#28.08#35.29
-147.331,50.9204#36.62#28.09#35.29
-147.25,50.918#36.6#28.09#35.31
-147.169,50.9156#36.59#28.1#35.31
-147.089,50.913#36.58#28.1#35.32
-147.008,50.9104#36.56#28.11#35.33
-146.927,50.9077#36.55#28.11#35.34
-146.846,50.9049#36.53#28.12#35.35
-146.766,50.9021#36.52#28.12#35.36
-154.448,50.9018#37.45#27.65#34.9
-154.367,50.9057#37.43#27.65#34.92
-154.287,50.9095#37.42#27.66#34.92
-154.206,50.9133#37.41#27.66#34.93
-154.126,50.917#37.39#27.67#34.94
-154.045,50.9206#37.38#27.67#34.95
-153.964,50.9242#37.36#27.68#34.96
-153.884,50.9277#37.35#27.68#34.97
-153.803,50.9311#37.34#27.69#34.97
-153.722,50.9344#37.32#27.69#34.99
-153.642,50.9377#37.31#27.7#34.99
-153.561,50.9409#37.3#27.7#35
-153.48,50.944#37.28#27.71#35.01
-153.399,50.9471#37.27#27.71#35.02
-153.319,50.9501#37.26#27.72#35.02
-153.238,50.953#37.25#27.72#35.03
-153.157,50.9558#37.24#27.73#35.03
-153.076,50.9586#37.23#27.73#35.04
-152.995,50.9613#37.22#27.74#35.04
-152.915,50.9639#37.21#27.74#35.05
-152.834,50.9665#37.2#27.75#35.05
-152.753,50.969#37.19#27.75#35.06
-152.672,50.9714#37.18#27.76#35.06
-152.591,50.9737#37.17#27.76#35.07
-152.51,50.976#37.16#27.77#35.07
-152.429,50.9782#37.15#27.77#35.08
-152.348,50.9803#37.14#27.77#35.09
-152.268,50.9824#37.14#27.78#35.08
-152.187,50.9844#37.13#27.78#35.09
-152.106,50.9863#37.12#27.79#35.09
-152.025,50.9881#37.11#27.79#35.1
-151.944,50.9899#37.1#27.8#35.1
-151.863,50.9916#37.1#27.8#35.1
-151.782,50.9932#37.09#27.81#35.1
-151.701,50.9947#37.08#27.81#35.11
-151.62,50.9962#37.08#27.82#35.1
-151.539,50.9976#37.07#27.82#35.11
-151.458,50.9989#37.06#27.83#35.11
-151.377,51.0002#37.06#27.83#35.11
-151.296,51.0014#37.05#27.84#35.11
-151.215,51.0025#37.04#27.84#35.12
-151.134,51.0036#37.03#27.85#35.12
-151.053,51.0045#37.03#27.85#35.12
-150.972,51.0054#37.02#27.86#35.12
-150.891,51.0063#37.02#27.86#35.12
-150.81,51.007#37.01#27.87#35.12
-150.729,51.0077#37#27.87#35.13
-150.648,51.0083#37#27.88#35.12
-150.567,51.0089#36.99#27.88#35.13
-150.486,51.0093#36.98#27.89#35.13
-150.405,51.0097#36.98#27.9#35.12
-150.324,51.01#36.97#27.9#35.13
-150.243,51.0103#36.97#27.91#35.12
-150.162,51.0105#36.96#27.91#35.13
-150.081,51.0106#36.96#27.92#35.12
-149.999,51.0106#36.95#27.92#35.13
-149.918,51.0106#36.94#27.93#35.13
-149.837,51.0105#36.94#27.93#35.13
-149.756,51.0103#36.93#27.94#35.13
-149.675,51.01#36.92#27.94#35.14
-149.594,51.0097#36.92#27.95#35.13
-149.513,51.0093#36.91#27.95#35.14
-149.432,51.0089#36.9#27.96#35.14
-149.351,51.0083#36.9#27.96#35.14
-149.27,51.0077#36.89#27.97#35.14
-149.189,51.007#36.88#27.97#35.15
-149.108,51.0063#36.88#27.98#35.14
-149.027,51.0054#36.87#27.98#35.15
-148.946,51.0045#36.86#27.99#35.15
-148.865,51.0035#36.86#27.99#35.15
-148.784,51.0025#36.85#28#35.15
-148.703,51.0014#36.84#28#35.16
-148.622,51.0002#36.84#28.01#35.15
-148.541,50.9989#36.83#28.01#35.16
-148.46,50.9976#36.82#28.02#35.16
-148.379,50.9962#36.81#28.02#35.17
-148.298,50.9947#36.8#28.03#35.17
-148.217,50.9932#36.79#28.03#35.18
-148.136,50.9915#36.78#28.04#35.18
-148.055,50.9898#36.77#28.04#35.19
-147.974,50.9881#36.76#28.05#35.19
-147.893,50.9862#36.75#28.05#35.2
-147.812,50.9843#36.74#28.06#35.2
-147.731,50.9824#36.73#28.06#35.21
-147.651,50.9803#36.71#28.07#35.22
-147.57,50.9782#36.7#28.07#35.23
-147.489,50.976#36.69#28.08#35.23
-147.408,50.9737#36.68#28.08#35.24
-147.327,50.9714#36.66#28.09#35.25
-147.246,50.9689#36.65#28.09#35.26
-147.165,50.9665#36.64#28.1#35.26
-147.084,50.9639#36.62#28.1#35.28
-147.004,50.9613#36.61#28.11#35.28
-146.923,50.9586#36.59#28.11#35.3
-146.842,50.9558#36.58#28.12#35.3
-146.761,50.953#36.56#28.12#35.32
-146.68,50.95#36.55#28.13#35.32
-146.6,50.9471#36.53#28.13#35.34
-146.519,50.944#36.52#28.14#35.34
-146.438,50.9409#36.5#28.14#35.36
-146.357,50.9377#36.49#28.15#35.36
-146.277,50.9344#36.47#28.15#35.38
-146.196,50.931#36.45#28.16#35.39
-146.115,50.9276#36.44#28.16#35.4
-146.035,50.9241#36.42#28.17#35.41
-145.954,50.9206#36.4#28.17#35.43
-145.873,50.917#36.39#28.18#35.43
-145.793,50.9132#36.37#28.18#35.45
-145.712,50.9095#36.35#28.19#35.46
-145.632,50.9056#36.33#28.19#35.48
-145.551,50.9017#36.32#28.2#35.48
-155.34,50.9047#37.69#27.59#34.72
-155.26,50.9094#37.67#27.6#34.73
-155.179,50.9141#37.66#27.6#34.74
-155.099,50.9186#37.64#27.61#34.75
-155.018,50.9231#37.62#27.61#34.77
-154.938,50.9275#37.61#27.62#34.77
-154.857,50.9319#37.59#27.62#34.79
-154.777,50.9362#37.58#27.62#34.8
-154.696,50.9404#37.56#27.63#34.81
-154.615,50.9445#37.55#27.63#34.82
-154.535,50.9486#37.53#27.64#34.83
-154.454,50.9526#37.51#27.64#34.85
-154.373,50.9565#37.5#27.65#34.85
-154.293,50.9603#37.49#27.65#34.86
-154.212,50.9641#37.47#27.66#34.87
-154.131,50.9678#37.46#27.66#34.88
-154.051,50.9715#37.44#27.67#34.89
-153.97,50.975#37.43#27.67#34.9
-153.889,50.9785#37.41#27.68#34.91
-153.808,50.9819#37.4#27.68#34.92
-153.727,50.9853#37.39#27.69#34.92
-153.647,50.9886#37.37#27.69#34.94
-153.566,50.9918#37.36#27.7#34.94
-153.485,50.9949#37.35#27.7#34.95
-153.404,50.998#37.33#27.71#34.96
-153.323,51.001#37.32#27.71#34.97
-153.242,51.0039#37.31#27.72#34.97
-153.161,51.0067#37.3#27.72#34.98
-153.081,51.0095#37.29#27.73#34.98
-153,51.0122#37.28#27.73#34.99
-152.919,51.0149#37.27#27.74#34.99
-152.838,51.0174#37.26#27.74#35
-152.757,51.0199#37.25#27.75#35
-152.676,51.0223#37.24#27.75#35.01
-152.595,51.0247#37.23#27.76#35.01
-152.514,51.0269#37.22#27.76#35.02
-152.433,51.0291#37.21#27.77#35.02
-152.352,51.0313#37.2#27.77#35.03
-152.271,51.0333#37.19#27.78#35.03
-152.19,51.0353#37.18#27.78#35.04
-152.109,51.0372#37.18#27.79#35.03
-152.028,51.0391#37.17#27.79#35.04
-151.947,51.0408#37.16#27.8#35.04
-151.865,51.0425#37.15#27.8#35.05
-151.784,51.0441#37.15#27.81#35.04
-151.703,51.0457#37.14#27.81#35.05
-151.622,51.0472#37.13#27.82#35.05
-151.541,51.0486#37.12#27.82#35.06
-151.46,51.0499#37.12#27.83#35.05
-151.379,51.0512#37.11#27.83#35.06
-151.298,51.0524#37.1#27.84#35.06
-151.217,51.0535#37.1#27.84#35.06
-151.136,51.0545#37.09#27.85#35.06
-151.054,51.0555#37.08#27.85#35.07
-150.973,51.0564#37.08#27.86#35.06
-150.892,51.0573#37.07#27.86#35.07
-150.811,51.058#37.06#27.87#35.07
-150.73,51.0587#37.06#27.87#35.07
-150.649,51.0593#37.05#27.88#35.07
-150.568,51.0599#37.04#27.88#35.08
-150.486,51.0603#37.04#27.89#35.07
-150.405,51.0607#37.03#27.89#35.08
-150.324,51.061#37.03#27.9#35.07
-150.243,51.0613#37.02#27.9#35.08
-150.162,51.0615#37.01#27.91#35.08
-150.081,51.0616#37.01#27.91#35.08
-149.999,51.0616#37#27.92#35.08
-149.918,51.0616#37#27.92#35.08
-149.837,51.0615#36.99#27.93#35.08
-149.756,51.0613#36.98#27.93#35.09
-149.675,51.061#36.97#27.94#35.09
-149.594,51.0607#36.97#27.94#35.09
-149.513,51.0603#36.96#27.95#35.09
-149.431,51.0598#36.95#27.95#35.1
-149.35,51.0593#36.95#27.96#35.09
-149.269,51.0587#36.94#27.96#35.1
-149.188,51.058#36.93#27.97#35.1
-149.107,51.0572#36.93#27.97#35.1
-149.026,51.0564#36.92#27.98#35.1
-148.945,51.0555#36.91#27.98#35.11
-148.863,51.0545#36.91#27.99#35.1
-148.782,51.0535#36.9#27.99#35.11
-148.701,51.0524#36.89#28#35.11
-148.62,51.0512#36.89#28#35.11
-148.539,51.0499#36.88#28.01#35.11
-148.458,51.0486#36.87#28.02#35.11
-148.377,51.0472#36.86#28.02#35.12
-148.296,51.0457#36.85#28.03#35.12
-148.215,51.0441#36.84#28.03#35.13
-148.134,51.0425#36.83#28.04#35.13
-148.052,51.0408#36.82#28.04#35.14
-147.971,51.039#36.81#28.05#35.14
-147.89,51.0372#36.8#28.05#35.15
-147.809,51.0353#36.79#28.06#35.15
-147.728,51.0333#36.77#28.06#35.17
-147.647,51.0312#36.76#28.07#35.17
-147.566,51.0291#36.75#28.07#35.18
-147.485,51.0269#36.74#28.08#35.18
-147.404,51.0246#36.72#28.08#35.2
-147.323,51.0223#36.71#28.09#35.2
-147.242,51.0199#36.7#28.09#35.21
-147.161,51.0174#36.68#28.1#35.22
-147.08,51.0148#36.67#28.1#35.23
-146.999,51.0122#36.66#28.11#35.23
-146.918,51.0095#36.64#28.11#35.25
-146.838,51.0067#36.63#28.12#35.25
-146.757,51.0039#36.61#28.12#35.27
-146.676,51.0009#36.6#28.13#35.27
-146.595,50.9979#36.58#28.13#35.29
-146.514,50.9949#36.56#28.14#35.3
-146.433,50.9917#36.55#28.14#35.31
-146.352,50.9885#36.53#28.15#35.32
-146.272,50.9853#36.51#28.15#35.34
-146.191,50.9819#36.5#28.16#35.34
-146.11,50.9785#36.48#28.16#35.36
-146.029,50.975#36.46#28.17#35.37
-145.948,50.9714#36.45#28.17#35.38
-145.868,50.9678#36.43#28.18#35.39
-145.787,50.9641#36.41#28.18#35.41
-145.706,50.9603#36.39#28.19#35.42
-145.625,50.9564#36.38#28.19#35.43
-145.545,50.9525#36.36#28.2#35.44
-145.464,50.9485#36.34#28.2#35.46
-145.384,50.9445#36.32#28.21#35.47
-145.303,50.9403#36.31#28.21#35.48
-145.222,50.9361#36.29#28.22#35.49
-145.142,50.9318#36.27#28.22#35.51
-145.061,50.9275#36.25#28.23#35.52
-144.981,50.9231#36.24#28.23#35.53
-144.9,50.9186#36.22#28.24#35.54
-144.82,50.914#36.2#28.24#35.56
-144.739,50.9094#36.18#28.25#35.57
-144.659,50.9046#36.17#28.25#35.58
-156.152,50.9044#37.94#27.54#34.52
-156.072,50.9098#37.92#27.55#34.53
-155.992,50.9152#37.9#27.55#34.55
-155.911,50.9205#37.89#27.55#34.56
-155.831,50.9257#37.87#27.56#34.57
-155.75,50.9308#37.85#27.56#34.59
-155.67,50.9359#37.83#27.57#34.6
-155.59,50.9409#37.81#27.57#34.62
-155.509,50.9458#37.8#27.58#34.62
-155.428,50.9507#37.78#27.58#34.64
-155.348,50.9555#37.76#27.59#34.65
-155.267,50.9602#37.74#27.59#34.67
-155.187,50.9648#37.73#27.6#34.67
-155.106,50.9694#37.71#27.6#34.69
-155.025,50.9739#37.69#27.61#34.7
-154.945,50.9783#37.68#27.61#34.71
-154.864,50.9827#37.66#27.62#34.72
-154.783,50.987#37.64#27.62#34.74
-154.703,50.9912#37.63#27.63#34.74
-154.622,50.9953#37.61#27.63#34.76
-154.541,50.9994#37.6#27.64#34.76
-154.46,51.0034#37.58#27.64#34.78
-154.38,51.0073#37.57#27.65#34.78
-154.299,51.0112#37.55#27.65#34.8
-154.218,51.015#37.54#27.66#34.8
-154.137,51.0187#37.52#27.66#34.82
-154.056,51.0223#37.51#27.67#34.82
-153.975,51.0259#37.49#27.67#34.84
-153.895,51.0294#37.48#27.68#34.84
-153.814,51.0328#37.46#27.68#34.86
-153.733,51.0362#37.45#27.69#34.86
-153.652,51.0395#37.44#27.69#34.87
-153.571,51.0427#37.42#27.7#34.88
-153.49,51.0458#37.41#27.7#34.89
-153.409,51.0489#37.4#27.71#34.89
-153.328,51.0519#37.39#27.71#34.9
-153.247,51.0548#37.37#27.72#34.91
-153.166,51.0577#37.36#27.72#34.92
-153.085,51.0604#37.35#27.73#34.92
-153.004,51.0631#37.34#27.73#34.93
-152.923,51.0658#37.33#27.74#34.93
-152.842,51.0684#37.32#27.74#34.94
-152.761,51.0708#37.31#27.75#34.94
-152.68,51.0733#37.3#27.75#34.95
-152.598,51.0756#37.29#27.76#34.95
-152.517,51.0779#37.28#27.76#34.96
-152.436,51.0801#37.27#27.77#34.96
-152.355,51.0822#37.26#27.77#34.97
-152.274,51.0843#37.25#27.78#34.97
-152.193,51.0863#37.24#27.78#34.98
-152.112,51.0882#37.23#27.79#34.98
-152.03,51.09#37.23#27.79#34.98
-151.949,51.0918#37.22#27.8#34.98
-151.868,51.0935#37.21#27.8#34.99
-151.787,51.0951#37.2#27.81#34.99
-151.706,51.0967#37.2#27.81#34.99
-151.625,51.0982#37.19#27.82#34.99
-151.543,51.0996#37.18#27.82#35
-151.462,51.1009#37.17#27.83#35
-151.381,51.1022#37.17#27.83#35
-151.3,51.1034#37.16#27.84#35
-151.218,51.1045#37.15#27.84#35.01
-151.137,51.1055#37.14#27.85#35.01
-151.056,51.1065#37.14#27.85#35.01
-150.975,51.1074#37.13#27.86#35.01
-150.893,51.1083#37.12#27.86#35.02
-150.812,51.109#37.12#27.87#35.01
-150.731,51.1097#37.11#27.87#35.02
-150.65,51.1103#37.1#27.88#35.02
-150.568,51.1109#37.1#27.88#35.02
-150.487,51.1113#37.09#27.89#35.02
-150.406,51.1117#37.09#27.89#35.02
-150.325,51.1121#37.08#27.9#35.02
-150.243,51.1123#37.07#27.9#35.03
-150.162,51.1125#37.07#27.91#35.02
-150.081,51.1126#37.06#27.91#35.03
-149.999,51.1126#37.06#27.92#35.02
-149.918,51.1126#37.05#27.92#35.03
-149.837,51.1125#37.04#27.93#35.03
-149.756,51.1123#37.03#27.93#35.04
-149.674,51.1121#37.03#27.94#35.03
-149.593,51.1117#37.02#27.94#35.04
-149.512,51.1113#37.01#27.95#35.04
-149.431,51.1109#37.01#27.95#35.04
-149.349,51.1103#37#27.96#35.04
-149.268,51.1097#36.99#27.96#35.05
-149.187,51.109#36.99#27.97#35.04
-149.106,51.1082#36.98#27.97#35.05
-149.024,51.1074#36.97#27.98#35.05
-148.943,51.1065#36.97#27.98#35.05
-148.862,51.1055#36.96#27.99#35.05
-148.781,51.1045#36.95#27.99#35.06
-148.699,51.1034#36.94#28#35.06
-148.618,51.1022#36.94#28#35.06
-148.537,51.1009#36.93#28.01#35.06
-148.456,51.0996#36.92#28.01#35.07
-148.374,51.0982#36.91#28.02#35.07
-148.293,51.0967#36.9#28.02#35.08
-148.212,51.0951#36.89#28.03#35.08
-148.131,51.0935#36.88#28.03#35.09
-148.05,51.0918#36.87#28.04#35.09
-147.969,51.09#36.86#28.04#35.1
-147.887,51.0882#36.85#28.05#35.1
-147.806,51.0863#36.84#28.05#35.11
-147.725,51.0843#36.82#28.06#35.12
-147.644,51.0822#36.81#28.07#35.12
-147.563,51.0801#36.8#28.07#35.13
-147.482,51.0779#36.79#28.08#35.13
-147.401,51.0756#36.77#28.08#35.15
-147.319,51.0732#36.76#28.09#35.15
-147.238,51.0708#36.74#28.09#35.17
-147.157,51.0683#36.73#28.1#35.17
-147.076,51.0658#36.72#28.1#35.18
-146.995,51.0631#36.7#28.11#35.19
-146.914,51.0604#36.69#28.11#35.2
-146.833,51.0576#36.67#28.12#35.21
-146.752,51.0548#36.66#28.12#35.22
-146.671,51.0518#36.64#28.13#35.23
-146.59,51.0488#36.63#28.13#35.24
-146.509,51.0458#36.61#28.14#35.25
-146.428,51.0426#36.59#28.14#35.27
-146.347,51.0394#36.58#28.15#35.27
-146.266,51.0361#36.56#28.15#35.29
-146.185,51.0328#36.54#28.16#35.3
-146.104,51.0294#36.52#28.16#35.32
-146.024,51.0259#36.51#28.17#35.32
-145.943,51.0223#36.49#28.17#35.34
-145.862,51.0186#36.47#28.18#35.35
-145.781,51.0149#36.45#28.18#35.37
-145.7,51.0111#36.44#28.19#35.37
-145.619,51.0073#36.42#28.19#35.39
-145.539,51.0033#36.4#28.2#35.4
-145.458,50.9993#36.38#28.2#35.42
-145.377,50.9953#36.36#28.21#35.43
-145.296,50.9911#36.35#28.21#35.44
-145.216,50.9869#36.33#28.22#35.45
-145.135,50.9826#36.31#28.22#35.47
-145.054,50.9783#36.29#28.23#35.48
-144.974,50.9738#36.28#28.23#35.49
-144.893,50.9693#36.26#28.24#35.5
-144.812,50.9648#36.24#28.24#35.52
-144.732,50.9601#36.22#28.25#35.53
-144.651,50.9554#36.21#28.25#35.54
-144.571,50.9506#36.19#28.26#35.55
-144.49,50.9457#36.17#28.26#35.57
-144.409,50.9408#36.16#28.27#35.57
-144.329,50.9358#36.14#28.27#35.59
-144.249,50.9307#36.13#28.28#35.59
-144.168,50.9256#36.12#28.28#35.6
-144.088,50.9204#36.1#28.29#35.61
-144.007,50.9151#36.09#28.29#35.62
-143.927,50.9097#36.08#28.3#35.62
-143.847,50.9043#36.07#28.3#35.63
-156.884,50.903#38.16#27.5#34.34
-156.804,50.909#38.14#27.5#34.36
-156.724,50.915#38.13#27.5#34.37
-156.643,50.921#38.11#27.51#34.38
-156.563,50.9268#38.1#27.51#34.39
-156.483,50.9326#38.08#27.52#34.4
-156.402,50.9383#38.06#27.52#34.42
-156.322,50.944#38.05#27.53#34.42
-156.242,50.9496#38.03#27.53#34.44
-156.161,50.9551#38.01#27.54#34.45
-156.081,50.9605#38#27.54#34.46
-156,50.9659#37.98#27.55#34.47
-155.92,50.9711#37.96#27.55#34.49
-155.839,50.9764#37.94#27.56#34.5
-155.759,50.9815#37.92#27.56#34.52
-155.678,50.9866#37.91#27.57#34.52
-155.597,50.9916#37.89#27.57#34.54
-155.517,50.9965#37.87#27.58#34.55
-155.436,51.0014#37.85#27.58#34.57
-155.355,51.0062#37.83#27.59#34.58
-155.275,51.0109#37.82#27.59#34.59
-155.194,51.0156#37.8#27.6#34.6
-155.113,51.0202#37.78#27.6#34.62
-155.033,51.0247#37.76#27.61#34.63
-154.952,51.0291#37.74#27.61#34.65
-154.871,51.0335#37.73#27.62#34.65
-154.79,51.0378#37.71#27.62#34.67
-154.709,51.042#37.7#27.63#34.67
-154.629,51.0461#37.68#27.63#34.69
-154.548,51.0502#37.66#27.64#34.7
-154.467,51.0542#37.65#27.64#34.71
-154.386,51.0582#37.63#27.65#34.72
-154.305,51.062#37.62#27.65#34.73
-154.224,51.0658#37.6#27.66#34.74
-154.143,51.0695#37.59#27.66#34.75
-154.062,51.0732#37.57#27.67#34.76
-153.981,51.0768#37.55#27.67#34.78
-153.9,51.0803#37.54#27.68#34.78
-153.819,51.0837#37.53#27.68#34.79
-153.738,51.0871#37.51#27.69#34.8
-153.657,51.0904#37.5#27.69#34.81
-153.576,51.0936#37.48#27.7#34.82
-153.495,51.0967#37.47#27.7#34.83
-153.414,51.0998#37.46#27.71#34.83
-153.333,51.1028#37.45#27.71#34.84
-153.252,51.1057#37.43#27.72#34.85
-153.17,51.1086#37.42#27.72#34.86
-153.089,51.1114#37.41#27.73#34.86
-153.008,51.1141#37.4#27.73#34.87
-152.927,51.1167#37.39#27.74#34.87
-152.846,51.1193#37.38#27.74#34.88
-152.765,51.1218#37.37#27.75#34.88
-152.683,51.1242#37.36#27.75#34.89
-152.602,51.1266#37.35#27.76#34.89
-152.521,51.1289#37.34#27.76#34.9
-152.44,51.1311#37.33#27.77#34.9
-152.358,51.1332#37.32#27.77#34.91
-152.277,51.1353#37.31#27.78#34.91
-152.196,51.1373#37.3#27.78#34.92
-152.115,51.1392#37.29#27.79#34.92
-152.033,51.141#37.28#27.79#34.93
-151.952,51.1428#37.27#27.8#34.93
-151.871,51.1445#37.27#27.8#34.93
-151.789,51.1461#37.26#27.81#34.93
-151.708,51.1477#37.25#27.81#34.94
-151.627,51.1492#37.24#27.82#34.94
-151.545,51.1506#37.24#27.82#34.94
-151.464,51.1519#37.23#27.83#34.94
-151.383,51.1532#37.22#27.83#34.95
-151.301,51.1544#37.21#27.84#34.95
-151.22,51.1555#37.21#27.84#34.95
-151.139,51.1566#37.2#27.85#34.95
-151.057,51.1575#37.19#27.85#34.96
-150.976,51.1584#37.19#27.86#34.95
-150.895,51.1593#37.18#27.86#34.96
-150.813,51.16#37.17#27.87#34.96
-150.732,51.1607#37.17#27.87#34.96
-150.651,51.1613#37.16#27.88#34.96
-150.569,51.1619#37.15#27.88#34.97
-150.488,51.1624#37.14#27.89#34.97
-150.406,51.1628#37.14#27.89#34.97
-150.325,51.1631#37.13#27.9#34.97
-150.244,51.1633#37.13#27.9#34.97
-150.162,51.1635#37.12#27.91#34.97
-150.081,51.1636#37.12#27.91#34.97
-149.999,51.1637#37.11#27.92#34.97
-149.918,51.1636#37.1#27.92#34.98
-149.837,51.1635#37.09#27.93#34.98
-149.755,51.1633#37.09#27.93#34.98
-149.674,51.1631#37.08#27.94#34.98
-149.593,51.1628#37.07#27.94#34.99
-149.511,51.1624#37.06#27.95#34.99
-149.43,51.1619#37.06#27.95#34.99
-149.348,51.1613#37.05#27.96#34.99
-149.267,51.1607#37.04#27.96#35
-149.186,51.16#37.04#27.97#34.99
-149.104,51.1593#37.03#27.97#35
-149.023,51.1584#37.02#27.98#35
-148.942,51.1575#37.02#27.98#35
-148.86,51.1565#37.01#27.99#35
-148.779,51.1555#37#27.99#35.01
-148.698,51.1544#37#28#35
-148.616,51.1532#36.99#28#35.01
-148.535,51.1519#36.98#28.01#35.01
-148.453,51.1506#36.97#28.01#35.02
-148.372,51.1492#36.96#28.02#35.02
-148.291,51.1477#36.95#28.02#35.03
-148.21,51.1461#36.94#28.03#35.03
-148.128,51.1445#36.93#28.03#35.04
-148.047,51.1428#36.92#28.04#35.04
-147.966,51.141#36.91#28.04#35.05
-147.884,51.1392#36.9#28.05#35.05
-147.803,51.1372#36.88#28.05#35.07
-147.722,51.1352#36.87#28.06#35.07
-147.641,51.1332#36.86#28.06#35.08
-147.559,51.131#36.85#28.07#35.08
-147.478,51.1288#36.83#28.07#35.1
-147.397,51.1265#36.82#28.08#35.1
-147.316,51.1242#36.81#28.08#35.11
-147.234,51.1218#36.79#28.09#35.12
-147.153,51.1193#36.78#28.1#35.12
-147.072,51.1167#36.76#28.1#35.14
-146.991,51.1141#36.75#28.11#35.14
-146.91,51.1113#36.73#28.11#35.16
-146.829,51.1086#36.72#28.12#35.16
-146.747,51.1057#36.7#28.12#35.18
-146.666,51.1028#36.69#28.13#35.18
-146.585,51.0998#36.67#28.13#35.2
-146.504,51.0967#36.65#28.14#35.21
-146.423,51.0935#36.64#28.14#35.22
-146.342,51.0903#36.62#28.15#35.23
-146.261,51.087#36.6#28.15#35.25
-146.18,51.0837#36.59#28.16#35.25
-146.099,51.0802#36.57#28.16#35.27
-146.018,51.0767#36.55#28.17#35.28
-145.937,51.0732#36.53#28.17#35.3
-145.856,51.0695#36.51#28.18#35.31
-145.775,51.0658#36.5#28.18#35.32
-145.694,51.062#36.48#28.19#35.33
-145.613,51.0581#36.46#28.19#35.35
-145.532,51.0542#36.44#28.2#35.36
-145.451,51.0502#36.42#28.2#35.38
-145.37,51.0461#36.41#28.21#35.38
-145.29,51.0419#36.39#28.21#35.4
-145.209,51.0377#36.37#28.22#35.41
-145.128,51.0334#36.35#28.22#35.43
-145.047,51.0291#36.33#28.23#35.44
-144.966,51.0246#36.32#28.23#35.45
-144.886,51.0201#36.3#28.24#35.46
-144.805,51.0155#36.28#28.24#35.48
-144.724,51.0109#36.27#28.25#35.48
-144.644,51.0061#36.25#28.25#35.5
-144.563,51.0014#36.23#28.26#35.51
-144.482,50.9965#36.21#28.26#35.53
-144.402,50.9915#36.2#28.27#35.53
-144.321,50.9865#36.18#28.27#35.55
-144.24,50.9815#36.17#28.28#35.55
-144.16,50.9763#36.16#28.28#35.56
-144.079,50.9711#36.14#28.29#35.57
-143.999,50.9658#36.13#28.29#35.58
-143.918,50.9604#36.12#28.3#35.58
-143.838,50.955#36.11#28.3#35.59
-143.757,50.9495#36.1#28.31#35.59
-143.677,50.9439#36.09#28.31#35.6
-143.597,50.9383#36.09#28.32#35.59
-143.516,50.9325#36.08#28.32#35.6
-143.436,50.9267#36.07#28.33#35.6
-143.356,50.9209#36.07#28.33#35.6
-143.275,50.915#36.07#28.34#35.59
-143.195,50.9089#36.07#28.34#35.59
-143.115,50.9029#36.07#28.35#35.58
-157.536,50.9023#38.39#27.45#34.16
-157.455,50.909#38.37#27.46#34.17
-157.375,50.9156#38.35#27.46#34.19
-157.295,50.9221#38.33#27.47#34.2
-157.215,50.9285#38.31#27.47#34.22
-157.135,50.9349#38.3#27.48#34.22
-157.054,50.9412#38.28#27.48#34.24
-156.974,50.9474#38.26#27.49#34.25
-156.894,50.9535#38.24#27.49#34.27
-156.814,50.9596#38.23#27.5#34.27
-156.733,50.9656#38.21#27.5#34.29
-156.653,50.9716#38.19#27.51#34.3
-156.572,50.9775#38.17#27.51#34.32
-156.492,50.9833#38.16#27.52#34.32
-156.411,50.989#38.14#27.52#34.34
-156.331,50.9946#38.12#27.53#34.35
-156.25,51.0002#38.11#27.53#34.36
-156.17,51.0057#38.09#27.54#34.37
-156.089,51.0112#38.07#27.54#34.39
-156.009,51.0166#38.05#27.55#34.4
-155.928,51.0219#38.04#27.55#34.41
-155.847,51.0271#38.02#27.56#34.42
-155.767,51.0323#38#27.56#34.44
-155.686,51.0373#37.98#27.57#34.45
-155.605,51.0424#37.96#27.57#34.47
-155.525,51.0473#37.94#27.58#34.48
-155.444,51.0522#37.92#27.58#34.5
-155.363,51.057#37.9#27.59#34.51
-155.282,51.0617#37.89#27.59#34.52
-155.201,51.0664#37.87#27.6#34.53
-155.121,51.071#37.85#27.6#34.55
-155.04,51.0755#37.83#27.61#34.56
-154.959,51.0799#37.81#27.61#34.58
-154.878,51.0843#37.8#27.62#34.58
-154.797,51.0886#37.78#27.62#34.6
-154.716,51.0928#37.76#27.63#34.61
-154.635,51.097#37.75#27.63#34.62
-154.554,51.1011#37.73#27.64#34.63
-154.473,51.1051#37.71#27.64#34.65
-154.392,51.109#37.7#27.65#34.65
-154.311,51.1129#37.68#27.65#34.67
-154.23,51.1167#37.67#27.66#34.67
-154.149,51.1204#37.65#27.66#34.69
-154.068,51.1241#37.63#27.67#34.7
-153.987,51.1277#37.62#27.67#34.71
-153.906,51.1312#37.6#27.68#34.72
-153.824,51.1346#37.59#27.68#34.73
-153.743,51.138#37.58#27.69#34.73
-153.662,51.1413#37.56#27.69#34.75
-153.581,51.1445#37.55#27.7#34.75
-153.5,51.1477#37.53#27.7#34.77
-153.419,51.1507#37.52#27.71#34.77
-153.337,51.1537#37.51#27.71#34.78
-153.256,51.1567#37.5#27.72#34.78
-153.175,51.1595#37.48#27.72#34.8
-153.094,51.1623#37.47#27.73#34.8
-153.012,51.1651#37.46#27.73#34.81
-152.931,51.1677#37.45#27.74#34.81
-152.85,51.1703#37.44#27.74#34.82
-152.768,51.1728#37.43#27.75#34.82
-152.687,51.1752#37.42#27.75#34.83
-152.606,51.1776#37.41#27.76#34.83
-152.524,51.1798#37.39#27.76#34.85
-152.443,51.1821#37.38#27.77#34.85
-152.362,51.1842#37.38#27.77#34.85
-152.28,51.1863#37.37#27.78#34.85
-152.199,51.1883#37.36#27.78#34.86
-152.118,51.1902#37.35#27.79#34.86
-152.036,51.192#37.34#27.79#34.87
-151.955,51.1938#37.33#27.79#34.88
-151.873,51.1955#37.32#27.8#34.88
-151.792,51.1971#37.32#27.81#34.87
-151.711,51.1987#37.31#27.81#34.88
-151.629,51.2002#37.3#27.82#34.88
-151.548,51.2016#37.29#27.82#34.89
-151.466,51.203#37.29#27.83#34.88
-151.385,51.2042#37.28#27.83#34.89
-151.303,51.2054#37.27#27.84#34.89
-151.222,51.2065#37.26#27.84#34.9
-151.14,51.2076#37.26#27.85#34.89
-151.059,51.2086#37.25#27.85#34.9
-150.977,51.2095#37.24#27.86#34.9
-150.896,51.2103#37.23#27.86#34.91
-150.814,51.2111#37.23#27.87#34.9
-150.733,51.2118#37.22#27.87#34.91
-150.651,51.2124#37.21#27.88#34.91
-150.57,51.2129#37.21#27.88#34.91
-150.489,51.2134#37.2#27.89#34.91
-150.407,51.2138#37.19#27.89#34.92
-150.326,51.2141#37.19#27.9#34.91
-150.244,51.2144#37.18#27.9#34.92
-150.162,51.2146#37.17#27.91#34.92
-150.081,51.2147#37.17#27.91#34.92
-149.999,51.2147#37.16#27.92#34.92
-149.918,51.2147#37.15#27.92#34.93
-149.836,51.2146#37.15#27.93#34.92
-149.755,51.2144#37.14#27.93#34.93
-149.673,51.2141#37.13#27.94#34.93
-149.592,51.2138#37.12#27.94#34.94
-149.51,51.2134#37.12#27.95#34.93
-149.429,51.2129#37.11#27.95#34.94
-149.347,51.2124#37.1#27.96#34.94
-149.266,51.2118#37.1#27.96#34.94
-149.185,51.2111#37.09#27.97#34.94
-149.103,51.2103#37.08#27.97#34.95
-149.022,51.2095#37.08#27.98#34.94
-148.94,51.2086#37.07#27.98#34.95
-148.859,51.2076#37.06#27.99#34.95
-148.777,51.2065#37.05#27.99#34.96
-148.696,51.2054#37.05#28#34.95
-148.614,51.2042#37.04#28#34.96
-148.533,51.2029#37.03#28.01#34.96
-148.451,51.2016#37.02#28.01#34.97
-148.37,51.2002#37.01#28.02#34.97
-148.288,51.1987#37#28.02#34.98
-148.207,51.1971#36.99#28.03#34.98
-148.126,51.1955#36.98#28.03#34.99
-148.044,51.1938#36.97#28.04#34.99
-147.963,51.192#36.96#28.04#35
-147.881,51.1902#36.94#28.05#35.01
-147.8,51.1882#36.93#28.05#35.02
-147.719,51.1862#36.92#28.06#35.02
-147.637,51.1842#36.91#28.06#35.03
-147.556,51.182#36.89#28.07#35.04
-147.475,51.1798#36.88#28.07#35.05
-147.393,51.1775#36.87#28.08#35.05
-147.312,51.1752#36.85#28.08#35.07
-147.231,51.1727#36.84#28.09#35.07
-147.149,51.1702#36.82#28.09#35.09
-147.068,51.1677#36.81#28.1#35.09
-146.987,51.165#36.79#28.1#35.11
-146.905,51.1623#36.78#28.11#35.11
-146.824,51.1595#36.76#28.12#35.12
-146.743,51.1566#36.75#28.12#35.13
-146.662,51.1537#36.73#28.13#35.14
-146.58,51.1507#36.72#28.13#35.15
-146.499,51.1476#36.7#28.14#35.16
-146.418,51.1445#36.68#28.14#35.18
-146.337,51.1412#36.66#28.15#35.19
-146.256,51.1379#36.65#28.15#35.2
-146.174,51.1346#36.63#28.16#35.21
-146.093,51.1311#36.61#28.16#35.23
-146.012,51.1276#36.59#28.17#35.24
-145.931,51.124#36.58#28.17#35.25
-145.85,51.1204#36.56#28.18#35.26
-145.769,51.1167#36.54#28.18#35.28
-145.688,51.1129#36.52#28.19#35.29
-145.607,51.109#36.5#28.19#35.31
-145.526,51.105#36.48#28.2#35.32
-145.445,51.101#36.47#28.2#35.33
-145.364,51.0969#36.45#28.21#35.34
-145.283,51.0928#36.43#28.21#35.36
-145.202,51.0885#36.41#28.22#35.37
-145.121,51.0842#36.39#28.22#35.39
-145.04,51.0799#36.38#28.23#35.39
-144.959,51.0754#36.36#28.23#35.41
-144.878,51.0709#36.34#28.24#35.42
-144.798,51.0663#36.32#28.24#35.44
-144.717,51.0617#36.31#28.25#35.44
-144.636,51.0569#36.29#28.25#35.46
-144.555,51.0521#36.27#28.26#35.47
-144.474,51.0472#36.25#28.26#35.49
-144.394,51.0423#36.24#28.27#35.49
-144.313,51.0373#36.23#28.27#35.5
-144.232,51.0322#36.21#28.28#35.51
-144.152,51.027#36.2#28.28#35.52
-144.071,51.0218#36.18#28.29#35.53
-143.99,51.0165#36.17#28.29#35.54
-143.91,51.0111#36.16#28.3#35.54
-143.829,51.0057#36.15#28.3#35.55
-143.749,51.0002#36.14#28.31#35.55
-143.668,50.9946#36.13#28.31#35.56
-143.588,50.9889#36.13#28.32#35.55
-143.507,50.9832#36.12#28.32#35.56
-143.427,50.9774#36.12#28.33#35.55
-143.346,50.9715#36.12#28.33#35.55
-143.266,50.9656#36.12#28.34#35.54
-143.185,50.9596#36.11#28.34#35.55
-143.105,50.9535#36.11#28.35#35.54
-143.025,50.9473#36.11#28.35#35.54
-142.945,50.9411#36.12#28.36#35.52
-142.864,50.9348#36.12#28.36#35.52
-142.784,50.9284#36.12#28.37#35.51
-142.704,50.922#36.13#28.37#35.5
-142.624,50.9155#36.13#28.38#35.49
-142.544,50.9089#36.14#28.38#35.48
-142.463,50.9023#36.14#28.39#35.47
-158.107,50.9043#38.59#27.42#33.99
-158.027,50.9114#38.57#27.42#34.01
-157.947,50.9185#38.55#27.43#34.02
-157.867,50.9255#38.54#27.43#34.03
-157.787,50.9325#38.52#27.44#34.04
-157.707,50.9393#38.51#27.44#34.05
-157.626,50.9461#38.49#27.45#34.06
-157.546,50.9529#38.47#27.45#34.08
-157.466,50.9595#38.45#27.46#34.09
-157.386,50.9661#38.44#27.46#34.1
-157.305,50.9726#38.42#27.47#34.11
-157.225,50.9791#38.4#27.47#34.13
-157.145,50.9855#38.38#27.48#34.14
-157.064,50.9918#38.36#27.48#34.16
-156.984,50.998#38.34#27.49#34.17
-156.904,51.0042#38.32#27.49#34.19
-156.823,51.0102#38.31#27.5#34.19
-156.743,51.0163#38.29#27.5#34.21
-156.662,51.0222#38.27#27.51#34.22
-156.582,51.0281#38.25#27.51#34.24
-156.501,51.0339#38.24#27.52#34.24
-156.42,51.0397#38.22#27.52#34.26
-156.34,51.0453#38.2#27.53#34.27
-156.259,51.0509#38.18#27.53#34.29
-156.179,51.0564#38.17#27.54#34.29
-156.098,51.0619#38.15#27.54#34.31
-156.017,51.0673#38.13#27.55#34.32
-155.936,51.0726#38.11#27.55#34.34
-155.856,51.0778#38.09#27.56#34.35
-155.775,51.083#38.07#27.56#34.37
-155.694,51.0881#38.05#27.57#34.38
-155.613,51.0931#38.03#27.57#34.4
-155.532,51.0981#38.01#27.58#34.41
-155.452,51.103#37.99#27.58#34.43
-155.371,51.1078#37.98#27.58#34.44
-155.29,51.1125#37.96#27.59#34.45
-155.209,51.1172#37.94#27.59#34.47
-155.128,51.1218#37.92#27.6#34.48
-155.047,51.1263#37.9#27.6#34.5
-154.966,51.1307#37.88#27.61#34.51
-154.885,51.1351#37.87#27.61#34.52
-154.804,51.1394#37.85#27.62#34.53
-154.723,51.1437#37.83#27.62#34.55
-154.642,51.1478#37.81#27.63#34.56
-154.561,51.1519#37.8#27.63#34.57
-154.479,51.156#37.78#27.64#34.58
-154.398,51.1599#37.76#27.64#34.6
-154.317,51.1638#37.75#27.65#34.6
-154.236,51.1676#37.73#27.65#34.62
-154.155,51.1713#37.72#27.66#34.62
-154.074,51.175#37.7#27.66#34.64
-153.992,51.1786#37.68#27.67#34.65
-153.911,51.1821#37.67#27.67#34.66
-153.83,51.1855#37.65#27.68#34.67
-153.749,51.1889#37.64#27.68#34.68
-153.667,51.1922#37.62#27.69#34.69
-153.586,51.1954#37.61#27.69#34.7
-153.505,51.1986#37.59#27.7#34.71
-153.423,51.2017#37.58#27.7#34.72
-153.342,51.2047#37.57#27.71#34.72
-153.261,51.2076#37.56#27.71#34.73
-153.179,51.2105#37.55#27.72#34.73
-153.098,51.2133#37.53#27.72#34.75
-153.017,51.216#37.52#27.73#34.75
-152.935,51.2187#37.51#27.73#34.76
-152.854,51.2213#37.5#27.74#34.76
-152.772,51.2238#37.49#27.74#34.77
-152.691,51.2262#37.48#27.75#34.77
-152.61,51.2286#37.46#27.75#34.79
-152.528,51.2308#37.45#27.76#34.79
-152.447,51.2331#37.44#27.76#34.8
-152.365,51.2352#37.43#27.77#34.8
-152.284,51.2373#37.42#27.77#34.81
-152.202,51.2393#37.42#27.78#34.8
-152.121,51.2412#37.41#27.78#34.81
-152.039,51.2431#37.4#27.79#34.81
-151.958,51.2448#37.39#27.79#34.82
-151.876,51.2465#37.38#27.8#34.82
-151.795,51.2482#37.37#27.8#34.83
-151.713,51.2497#37.36#27.81#34.83
-151.631,51.2512#37.36#27.81#34.83
-151.55,51.2526#37.35#27.82#34.83
-151.468,51.254#37.34#27.82#34.84
-151.387,51.2553#37.33#27.83#34.84
-151.305,51.2565#37.33#27.83#34.84
-151.224,51.2576#37.32#27.84#34.84
-151.142,51.2586#37.31#27.84#34.85
-151.06,51.2596#37.3#27.85#34.85
-150.979,51.2605#37.29#27.85#34.86
-150.897,51.2614#37.29#27.86#34.85
-150.816,51.2621#37.28#27.86#34.86
-150.734,51.2628#37.27#27.87#34.86
-150.652,51.2634#37.27#27.87#34.86
-150.571,51.264#37.26#27.88#34.86
-150.489,51.2645#37.25#27.88#34.87
-150.408,51.2649#37.25#27.89#34.86
-150.326,51.2652#37.24#27.89#34.87
-150.244,51.2654#37.23#27.9#34.87
-150.163,51.2656#37.23#27.9#34.87
-150.081,51.2657#37.22#27.91#34.87
-149.999,51.2658#37.21#27.91#34.88
-149.918,51.2657#37.21#27.92#34.87
-149.836,51.2656#37.2#27.92#34.88
-149.755,51.2654#37.19#27.93#34.88
-149.673,51.2652#37.18#27.93#34.89
-149.591,51.2649#37.18#27.94#34.88
-149.51,51.2645#37.17#27.94#34.89
-149.428,51.264#37.16#27.95#34.89
-149.347,51.2634#37.15#27.95#34.9
-149.265,51.2628#37.15#27.96#34.89
-149.183,51.2621#37.14#27.96#34.9
-149.102,51.2614#37.13#27.97#34.9
-149.02,51.2605#37.13#27.97#34.9
-148.939,51.2596#37.12#27.98#34.9
-148.857,51.2586#37.11#27.98#34.91
-148.775,51.2576#37.1#27.99#34.91
-148.694,51.2564#37.1#27.99#34.91
-148.612,51.2552#37.09#28#34.91
-148.531,51.254#37.08#28#34.92
-148.449,51.2526#37.07#28.01#34.92
-148.368,51.2512#37.06#28.01#34.93
-148.286,51.2497#37.05#28.02#34.93
-148.204,51.2482#37.04#28.03#34.93
-148.123,51.2465#37.03#28.03#34.94
-148.041,51.2448#37.02#28.04#34.94
-147.96,51.243#37.01#28.04#34.95
-147.878,51.2412#36.99#28.05#34.96
-147.797,51.2392#36.98#28.05#34.97
-147.715,51.2372#36.97#28.06#34.97
-147.634,51.2352#36.96#28.06#34.98
-147.552,51.233#36.94#28.07#34.99
-147.471,51.2308#36.93#28.07#35
-147.389,51.2285#36.91#28.08#35.01
-147.308,51.2262#36.9#28.08#35.02
-147.227,51.2237#36.89#28.09#35.02
-147.145,51.2212#36.87#28.09#35.04
-147.064,51.2186#36.86#28.1#35.04
-146.982,51.216#36.84#28.1#35.06
-146.901,51.2133#36.83#28.11#35.06
-146.82,51.2105#36.81#28.11#35.08
-146.738,51.2076#36.79#28.12#35.09
-146.657,51.2047#36.78#28.12#35.1
-146.576,51.2017#36.76#28.13#35.11
-146.494,51.1986#36.75#28.14#35.11
-146.413,51.1954#36.73#28.14#35.13
-146.332,51.1922#36.71#28.15#35.14
-146.25,51.1889#36.69#28.15#35.16
-146.169,51.1855#36.67#28.15#35.18
-146.088,51.1821#36.66#28.16#35.18
-146.007,51.1785#36.64#28.16#35.2
-145.925,51.1749#36.62#28.17#35.21
-145.844,51.1713#36.6#28.18#35.22
-145.763,51.1675#36.58#28.18#35.24
-145.682,51.1637#36.56#28.19#35.25
-145.601,51.1599#36.55#28.19#35.26
-145.52,51.1559#36.53#28.2#35.27
-145.438,51.1519#36.51#28.2#35.29
-145.357,51.1478#36.49#28.21#35.3
-145.276,51.1436#36.47#28.21#35.32
-145.195,51.1394#36.45#28.22#35.33
-145.114,51.1351#36.44#28.22#35.34
-145.033,51.1307#36.42#28.23#35.35
-144.952,51.1262#36.4#28.23#35.37
-144.871,51.1217#36.38#28.24#35.38
-144.79,51.1171#36.36#28.24#35.4
-144.709,51.1124#36.35#28.25#35.4
-144.628,51.1077#36.33#28.25#35.42
-144.547,51.1029#36.31#28.26#35.43
-144.467,51.098#36.3#28.26#35.44
-144.386,51.0931#36.28#28.27#35.45
-144.305,51.088#36.27#28.27#35.46
-144.224,51.0829#36.25#28.28#35.47
-144.143,51.0778#36.24#28.28#35.48
-144.063,51.0725#36.22#28.29#35.49
-143.982,51.0672#36.21#28.29#35.5
-143.901,51.0618#36.2#28.3#35.5
-143.82,51.0564#36.19#28.3#35.51
-143.74,51.0508#36.18#28.31#35.51
-143.659,51.0452#36.18#28.31#35.51
-143.579,51.0396#36.17#28.32#35.51
-143.498,51.0338#36.16#28.32#35.52
-143.417,51.028#36.16#28.33#35.51
-143.337,51.0221#36.16#28.33#35.51
-143.256,51.0162#36.16#28.34#35.5
-143.176,51.0102#36.16#28.34#35.5
-143.095,51.0041#36.16#28.35#35.49
-143.015,50.9979#36.15#28.35#35.5
-142.935,50.9917#36.16#28.36#35.48
-142.854,50.9854#36.16#28.36#35.48
-142.774,50.979#36.17#28.37#35.46
-142.694,50.9725#36.17#28.37#35.46
-142.613,50.966#36.18#28.38#35.44
-142.533,50.9594#36.18#28.38#35.44
-142.453,50.9528#36.19#28.39#35.42
-142.373,50.946#36.19#28.39#35.42
-142.292,50.9392#36.2#28.4#35.4
-142.212,50.9324#36.21#28.4#35.39
-142.132,50.9254#36.22#28.41#35.37
-142.052,50.9184#36.22#28.41#35.37
-141.972,50.9113#36.23#28.42#35.35
-141.892,50.9042#36.24#28.42#35.34
-158.678,50.9026#38.81#27.38#33.81
-158.598,50.9103#38.79#27.39#33.82
-158.518,50.9179#38.77#27.39#33.84
-158.439,50.9254#38.75#27.4#33.85
-158.359,50.9328#38.74#27.4#33.86
-158.279,50.9402#38.72#27.41#33.87
-158.198,50.9475#38.7#27.41#33.89
-158.118,50.9547#38.68#27.42#33.9
-158.038,50.9619#38.66#27.42#33.92
-157.958,50.969#38.64#27.43#33.93
-157.878,50.976#38.62#27.43#33.95
-157.798,50.983#38.61#27.44#33.95
-157.717,50.9898#38.59#27.44#33.97
-157.637,50.9967#38.57#27.45#33.98
-157.557,51.0034#38.56#27.45#33.99
-157.477,51.0101#38.54#27.46#34
-157.396,51.0167#38.52#27.46#34.02
-157.316,51.0232#38.5#27.47#34.03
-157.235,51.0297#38.48#27.47#34.05
-157.155,51.036#38.46#27.48#34.06
-157.074,51.0424#38.44#27.48#34.08
-156.994,51.0486#38.42#27.49#34.09
-156.913,51.0548#38.4#27.49#34.11
-156.833,51.0609#38.39#27.49#34.12
-156.752,51.0669#38.37#27.5#34.13
-156.672,51.0729#38.35#27.5#34.15
-156.591,51.0788#38.33#27.51#34.16
-156.51,51.0846#38.32#27.51#34.17
-156.43,51.0903#38.3#27.52#34.18
-156.349,51.096#38.28#27.52#34.2
-156.268,51.1016#38.26#27.53#34.21
-156.187,51.1072#38.24#27.53#34.23
-156.107,51.1126#38.22#27.54#34.24
-156.026,51.118#38.2#27.54#34.26
-155.945,51.1233#38.19#27.55#34.26
-155.864,51.1286#38.17#27.55#34.28
-155.783,51.1338#38.15#27.56#34.29
-155.702,51.1389#38.13#27.56#34.31
-155.621,51.1439#38.11#27.57#34.32
-155.54,51.1489#38.09#27.57#34.34
-155.459,51.1538#38.07#27.58#34.35
-155.378,51.1586#38.05#27.58#34.37
-155.297,51.1633#38.03#27.59#34.38
-155.216,51.168#38.01#27.59#34.4
-155.135,51.1726#37.99#27.6#34.41
-155.054,51.1771#37.97#27.6#34.43
-154.973,51.1816#37.95#27.61#34.44
-154.892,51.186#37.93#27.61#34.46
-154.811,51.1903#37.92#27.62#34.46
-154.729,51.1945#37.9#27.62#34.48
-154.648,51.1987#37.88#27.63#34.49
-154.567,51.2028#37.86#27.63#34.51
-154.486,51.2068#37.85#27.64#34.51
-154.405,51.2108#37.83#27.64#34.53
-154.323,51.2147#37.81#27.65#34.54
-154.242,51.2185#37.8#27.65#34.55
-154.161,51.2222#37.78#27.66#34.56
-154.079,51.2259#37.76#27.66#34.58
-153.998,51.2295#37.75#27.67#34.58
-153.917,51.233#37.73#27.67#34.6
-153.835,51.2365#37.72#27.68#34.6
-153.754,51.2399#37.7#27.68#34.62
-153.673,51.2432#37.69#27.69#34.62
-153.591,51.2464#37.67#27.69#34.64
-153.51,51.2496#37.66#27.7#34.64
-153.428,51.2527#37.64#27.7#34.66
-153.347,51.2557#37.63#27.71#34.66
-153.265,51.2586#37.62#27.71#34.67
-153.184,51.2615#37.61#27.72#34.67
-153.102,51.2643#37.59#27.72#34.69
-153.021,51.267#37.58#27.72#34.7
-152.939,51.2697#37.57#27.73#34.7
-152.858,51.2723#37.56#27.73#34.71
-152.776,51.2748#37.55#27.74#34.71
-152.695,51.2772#37.53#27.74#34.73
-152.613,51.2796#37.52#27.75#34.73
-152.532,51.2819#37.51#27.75#34.74
-152.45,51.2841#37.5#27.76#34.74
-152.368,51.2862#37.49#27.76#34.75
-152.287,51.2883#37.48#27.77#34.75
-152.205,51.2903#37.47#27.77#34.76
-152.124,51.2922#37.46#27.78#34.76
-152.042,51.2941#37.45#27.78#34.77
-151.96,51.2959#37.45#27.79#34.76
-151.879,51.2976#37.44#27.79#34.77
-151.797,51.2992#37.43#27.8#34.77
-151.715,51.3008#37.42#27.8#34.78
-151.634,51.3023#37.41#27.81#34.78
-151.552,51.3037#37.4#27.81#34.79
-151.47,51.305#37.4#27.82#34.78
-151.389,51.3063#37.39#27.82#34.79
-151.307,51.3075#37.38#27.83#34.79
-151.225,51.3087#37.37#27.83#34.8
-151.144,51.3097#37.37#27.84#34.79
