-152.245,55.9005#50.3#27.13#22.57
-152.152,55.9025#50.18#27.14#22.68
-152.058,55.9044#50.06#27.14#22.8
-151.965,55.9063#49.95#27.15#22.9
-151.871,55.908#49.85#27.15#23
-151.778,55.9097#49.75#27.16#23.09
-151.684,55.9113#49.65#27.16#23.19
-151.591,55.9128#49.55#27.17#23.28
-151.497,55.9142#49.45#27.17#23.38
-151.403,55.9155#49.36#27.18#23.46
-151.31,55.9167#49.26#27.18#23.56
-151.216,55.9179#49.16#27.19#23.65
-151.123,55.919#49.06#27.2#23.74
-151.029,55.92#48.97#27.2#23.83
-150.936,55.9209#48.89#27.21#23.9
-150.842,55.9217#48.82#27.21#23.97
-150.748,55.9224#48.75#27.22#24.03
-150.655,55.923#48.68#27.22#24.1
-150.561,55.9236#48.61#27.23#24.16
-150.468,55.9241#48.54#27.24#24.22
-150.374,55.9244#48.47#27.24#24.29
-150.28,55.9247#48.41#27.25#24.34
-150.187,55.925#48.34#27.25#24.41
-150.093,55.9251#48.28#27.26#24.46
-149.999,55.9251#48.21#27.26#24.53
-149.906,55.9251#48.13#27.27#24.6
-149.812,55.925#48.06#27.28#24.66
-149.719,55.9247#47.98#27.28#24.74
-149.625,55.9244#47.91#27.29#24.8
-149.531,55.9241#47.83#27.29#24.88
-149.438,55.9236#47.74#27.3#24.96
-149.344,55.923#47.64#27.3#25.06
-149.25,55.9224#47.54#27.31#25.15
-149.157,55.9217#47.43#27.32#25.25
-149.063,55.9208#47.33#27.32#25.35
-148.97,55.9199#47.23#27.33#25.44
-148.876,55.919#47.12#27.33#25.55
-148.782,55.9179#47.01#27.34#25.65
-148.689,55.9167#46.9#27.35#25.75
-148.595,55.9155#46.79#27.35#25.86
-148.502,55.9142#46.68#27.36#25.96
-148.408,55.9127#46.54#27.36#26.1
-148.315,55.9112#46.4#27.37#26.23
-148.221,55.9097#46.26#27.38#26.36
-148.128,55.908#46.12#27.38#26.5
-148.034,55.9062#45.98#27.39#26.63
-147.941,55.9044#45.83#27.39#26.78
-147.847,55.9025#45.67#27.4#26.93
-147.754,55.9004#45.52#27.41#27.07
-153.932,55.902#53.06#27.03#19.91
-153.838,55.9055#52.91#27.03#20.06
-153.745,55.909#52.76#27.04#20.2
-153.652,55.9124#52.6#27.04#20.36
-153.558,55.9157#52.45#27.05#20.5
-153.465,55.9189#52.3#27.05#20.65
-153.371,55.922#52.15#27.06#20.79
-153.278,55.9251#52#27.06#20.94
-153.185,55.928#51.85#27.07#21.08
-153.091,55.9309#51.71#27.07#21.22
-152.998,55.9337#51.56#27.08#21.36
-152.904,55.9364#51.43#27.09#21.48
-152.81,55.939#51.31#27.09#21.6
-152.717,55.9415#51.18#27.1#21.72
-152.623,55.944#51.06#27.1#21.84
-152.53,55.9463#50.93#27.11#21.96
-152.436,55.9486#50.81#27.11#22.08
-152.343,55.9508#50.69#27.12#22.19
-152.249,55.9529#50.56#27.12#22.32
-152.155,55.9549#50.44#27.13#22.43
-152.062,55.9568#50.32#27.13#22.55
-151.968,55.9587#50.2#27.14#22.66
-151.874,55.9604#50.1#27.14#22.76
-151.781,55.9621#50#27.15#22.85
-151.687,55.9637#49.9#27.16#22.94
-151.593,55.9652#49.8#27.16#23.04
-151.499,55.9666#49.69#27.17#23.14
-151.406,55.9679#49.59#27.17#23.24
-151.312,55.9692#49.49#27.18#23.33
-151.218,55.9703#49.39#27.18#23.43
-151.125,55.9714#49.29#27.19#23.52
-151.031,55.9724#49.19#27.19#23.62
-150.937,55.9733#49.11#27.2#23.69
-150.843,55.9741#49.04#27.21#23.75
-150.75,55.9748#48.97#27.21#23.82
-150.656,55.9755#48.9#27.22#23.88
-150.562,55.9761#48.83#27.22#23.95
-150.468,55.9765#48.76#27.23#24.01
-150.375,55.9769#48.69#27.23#24.08
-150.281,55.9772#48.63#27.24#24.13
-150.187,55.9774#48.56#27.24#24.2
-150.093,55.9776#48.5#27.25#24.25
-149.999,55.9776#48.43#27.26#24.31
-149.906,55.9775#48.35#27.26#24.39
-149.812,55.9774#48.28#27.27#24.45
-149.718,55.9772#48.2#27.27#24.53
-149.624,55.9769#48.13#27.28#24.59
-149.531,55.9765#48.05#27.29#24.66
-149.437,55.976#47.96#27.29#24.75
-149.343,55.9755#47.85#27.3#24.85
-149.249,55.9748#47.75#27.3#24.95
-149.155,55.9741#47.65#27.31#25.04
-149.062,55.9733#47.54#27.31#25.15
-148.968,55.9724#47.44#27.32#25.24
-148.874,55.9714#47.33#27.33#25.34
-148.781,55.9703#47.22#27.33#25.45
-148.687,55.9692#47.11#27.34#25.55
-148.593,55.9679#47#27.34#25.66
-148.499,55.9666#46.89#27.35#25.76
-148.406,55.9652#46.75#27.36#25.89
-148.312,55.9637#46.61#27.36#26.03
-148.218,55.9621#46.47#27.37#26.16
-148.125,55.9604#46.32#27.37#26.31
-148.031,55.9587#46.18#27.38#26.44
-147.937,55.9568#46.03#27.39#26.58
-147.844,55.9549#45.87#27.39#26.74
-147.75,55.9529#45.71#27.4#26.89
-147.656,55.9508#45.55#27.4#27.05
-147.563,55.9486#45.39#27.41#27.2
-147.469,55.9463#45.23#27.42#27.35
-147.376,55.9439#45.06#27.42#27.52
-147.282,55.9415#44.89#27.43#27.68
-147.188,55.939#44.72#27.44#27.84
-147.095,55.9363#44.55#27.44#28.01
-147.001,55.9336#44.38#27.45#28.17
-146.908,55.9309#44.22#27.45#28.33
-146.814,55.928#44.05#27.46#28.49
-146.721,55.925#43.89#27.47#28.64
-146.627,55.922#43.73#27.47#28.8
-146.534,55.9189#43.57#27.48#28.95
-146.441,55.9156#43.41#27.49#29.1
-146.347,55.9123#43.25#27.49#29.26
-146.254,55.909#43.09#27.5#29.41
-146.16,55.9055#42.93#27.5#29.57
-146.067,55.9019#42.76#27.51#29.73
-155.152,55.9003#55.56#26.95#17.49
-155.058,55.9049#55.38#26.96#17.66
-154.965,55.9095#55.21#26.96#17.83
-154.872,55.914#55.03#26.97#18
-154.779,55.9184#54.86#26.97#18.17
-154.685,55.9228#54.68#26.98#18.34
-154.592,55.927#54.5#26.98#18.52
-154.499,55.9312#54.32#26.99#18.69
-154.405,55.9352#54.16#26.99#18.85
-154.312,55.9392#54#27#19
-154.219,55.9431#53.83#27#19.17
-154.125,55.9469#53.67#27.01#19.32
-154.032,55.9507#53.5#27.01#19.49
-153.938,55.9543#53.35#27.02#19.63
-153.845,55.9579#53.19#27.02#19.79
-153.751,55.9613#53.04#27.03#19.93
-153.658,55.9647#52.88#27.03#20.09
-153.564,55.968#52.73#27.04#20.23
-153.471,55.9713#52.58#27.05#20.37
-153.377,55.9744#52.43#27.05#20.52
-153.283,55.9774#52.28#27.06#20.66
-153.19,55.9804#52.13#27.06#20.81
-153.096,55.9833#51.98#27.07#20.95
-153.002,55.9861#51.83#27.07#21.1
-152.909,55.9888#51.7#27.08#21.22
-152.815,55.9914#51.58#27.08#21.34
-152.721,55.9939#51.45#27.09#21.46
-152.628,55.9964#51.33#27.09#21.58
-152.534,55.9987#51.2#27.1#21.7
-152.44,56.001#51.07#27.1#21.83
-152.346,56.0032#50.95#27.11#21.94
-152.253,56.0053#50.83#27.11#22.06
-152.159,56.0073#50.7#27.12#22.18
-152.065,56.0093#50.58#27.13#22.29
-151.971,56.0111#50.46#27.13#22.41
-151.877,56.0129#50.35#27.14#22.51
-151.784,56.0146#50.25#27.14#22.61
-151.69,56.0161#50.14#27.15#22.71
-151.596,56.0176#50.04#27.15#22.81
-151.502,56.0191#49.93#27.16#22.91
-151.408,56.0204#49.83#27.16#23.01
-151.314,56.0216#49.73#27.17#23.1
-151.22,56.0228#49.63#27.17#23.2
-151.126,56.0239#49.52#27.18#23.3
-151.033,56.0249#49.42#27.19#23.39
-150.939,56.0258#49.34#27.19#23.47
-150.845,56.0266#49.27#27.2#23.53
-150.751,56.0273#49.19#27.2#23.61
-150.657,56.028#49.12#27.21#23.67
-150.563,56.0285#49.05#27.21#23.74
-150.469,56.029#48.98#27.22#23.8
-150.375,56.0294#48.91#27.23#23.86
-150.281,56.0297#48.85#27.23#23.92
-150.187,56.0299#48.78#27.24#23.98
-150.093,56.03#48.71#27.24#24.05
-149.999,56.0301#48.65#27.25#24.1
-149.905,56.03#48.57#27.25#24.18
-149.812,56.0299#48.5#27.26#24.24
-149.718,56.0297#48.42#27.27#24.31
-149.624,56.0294#48.35#27.27#24.38
-149.53,56.029#48.27#27.28#24.45
-149.436,56.0285#48.17#27.28#24.55
-149.342,56.028#48.07#27.29#24.64
-149.248,56.0273#47.97#27.3#24.73
-149.154,56.0266#47.86#27.3#24.84
-149.06,56.0258#47.76#27.31#24.93
-148.966,56.0249#47.65#27.31#25.04
-148.872,56.0239#47.54#27.32#25.14
-148.779,56.0228#47.43#27.32#25.25
-148.685,56.0216#47.32#27.33#25.35
-148.591,56.0204#47.22#27.34#25.44
-148.497,56.019#47.11#27.34#25.55
-148.403,56.0176#46.96#27.35#25.69
-148.309,56.0161#46.81#27.35#25.84
-148.215,56.0145#46.67#27.36#25.97
-148.121,56.0129#46.52#27.37#26.11
-148.028,56.0111#46.38#27.37#26.25
-147.934,56.0092#46.22#27.38#26.4
-147.84,56.0073#46.06#27.38#26.56
-147.746,56.0053#45.9#27.39#26.71
-147.652,56.0032#45.74#27.4#26.86
-147.559,56.001#45.58#27.4#27.02
-147.465,55.9987#45.42#27.41#27.17
-147.371,55.9963#45.25#27.42#27.33
-147.277,55.9939#45.08#27.42#27.5
-147.184,55.9914#44.9#27.43#27.67
-147.09,55.9887#44.73#27.43#27.84
-146.996,55.986#44.56#27.44#28
-146.903,55.9832#44.4#27.45#28.15
-146.809,55.9804#44.24#27.45#28.31
-146.715,55.9774#44.08#27.46#28.46
-146.622,55.9744#43.91#27.47#28.62
-146.528,55.9712#43.75#27.47#28.78
-146.435,55.968#43.59#27.48#28.93
-146.341,55.9647#43.43#27.48#29.09
-146.248,55.9613#43.27#27.49#29.24
-146.154,55.9578#43.11#27.5#29.39
-146.061,55.9543#42.95#27.5#29.55
-145.967,55.9506#42.79#27.51#29.7
-145.874,55.9469#42.64#27.52#29.84
-145.78,55.9431#42.49#27.52#29.99
-145.687,55.9392#42.35#27.53#30.12
-145.593,55.9352#42.2#27.53#30.27
-145.5,55.9311#42.05#27.54#30.41
-145.407,55.9269#41.92#27.55#30.53
-145.313,55.9227#41.8#27.55#30.65
-145.22,55.9184#41.68#27.56#30.76
-145.127,55.914#41.55#27.57#30.88
-145.034,55.9095#41.43#27.57#31
-144.94,55.9049#41.32#27.58#31.1
-144.847,55.9002#41.22#27.59#31.19
-156.092,55.9011#57.82#26.9#15.28
-155.999,55.9066#57.59#26.9#15.51
-155.906,55.912#57.38#26.91#15.71
-155.813,55.9174#57.18#26.91#15.91
-155.719,55.9227#56.98#26.92#16.1
-155.626,55.9279#56.77#26.92#16.31
-155.533,55.933#56.56#26.93#16.51
-155.44,55.938#56.38#26.93#16.69
-155.347,55.9429#56.21#26.94#16.85
-155.253,55.9477#56.03#26.94#17.03
-155.16,55.9525#55.86#26.95#17.19
-155.067,55.9572#55.69#26.95#17.36
-154.973,55.9618#55.52#26.96#17.52
-154.88,55.9663#55.34#26.96#17.7
-154.787,55.9707#55.16#26.97#17.87
-154.693,55.975#54.98#26.97#18.05
-154.6,55.9793#54.8#26.98#18.22
-154.506,55.9835#54.62#26.98#18.4
-154.413,55.9875#54.45#26.99#18.56
-154.319,55.9915#54.29#26.99#18.72
-154.226,55.9954#54.13#27#18.87
-154.132,55.9993#53.96#27#19.04
-154.038,56.003#53.79#27.01#19.2
-153.945,56.0067#53.63#27.01#19.36
-153.851,56.0102#53.48#27.02#19.5
-153.757,56.0137#53.32#27.02#19.66
-153.664,56.0171#53.17#27.03#19.8
-153.57,56.0204#53.01#27.03#19.96
-153.476,56.0236#52.85#27.04#20.11
-153.383,56.0268#52.7#27.04#20.26
-153.289,56.0298#52.55#27.05#20.4
-153.195,56.0328#52.4#27.05#20.55
-153.101,56.0357#52.25#27.06#20.69
-153.007,56.0385#52.1#27.06#20.84
-152.914,56.0412#51.97#27.07#20.96
-152.82,56.0438#51.85#27.07#21.08
-152.726,56.0463#51.72#27.08#21.2
-152.632,56.0488#51.59#27.09#21.32
-152.538,56.0512#51.47#27.09#21.44
-152.444,56.0535#51.34#27.1#21.56
-152.35,56.0556#51.22#27.1#21.68
-152.256,56.0578#51.09#27.11#21.8
-152.162,56.0598#50.96#27.11#21.93
-152.068,56.0617#50.83#27.12#22.05
-151.974,56.0636#50.71#27.12#22.17
-151.88,56.0653#50.6#27.13#22.27
-151.786,56.067#50.5#27.13#22.37
-151.692,56.0686#50.39#27.14#22.47
-151.598,56.0701#50.28#27.14#22.58
-151.504,56.0715#50.17#27.15#22.68
-151.41,56.0729#50.07#27.16#22.77
-151.316,56.0741#49.96#27.16#22.88
-151.222,56.0753#49.86#27.17#22.97
-151.128,56.0764#49.75#27.17#23.08
-151.034,56.0773#49.65#27.18#23.17
-150.94,56.0783#49.56#27.18#23.26
-150.846,56.0791#49.49#27.19#23.32
-150.752,56.0798#49.42#27.2#23.38
-150.658,56.0805#49.34#27.2#23.46
-150.564,56.081#49.27#27.21#23.52
-150.47,56.0815#49.2#27.21#23.59
-150.376,56.0819#49.13#27.22#23.65
-150.282,56.0822#49.07#27.22#23.71
-150.188,56.0824#49#27.23#23.77
-150.093,56.0825#48.93#27.24#23.83
-149.999,56.0826#48.87#27.24#23.89
-149.905,56.0825#48.79#27.25#23.96
-149.811,56.0824#48.72#27.25#24.03
-149.717,56.0822#48.64#27.26#24.1
-149.623,56.0819#48.56#27.26#24.18
-149.529,56.0815#48.49#27.27#24.24
-149.435,56.081#48.39#27.28#24.33
-149.341,56.0804#48.29#27.28#24.43
-149.247,56.0798#48.18#27.29#24.53
-149.153,56.0791#48.07#27.29#24.64
-149.059,56.0782#47.97#27.3#24.73
-148.965,56.0773#47.86#27.31#24.83
-148.871,56.0763#47.75#27.31#24.94
-148.777,56.0753#47.65#27.32#25.03
-148.682,56.0741#47.54#27.32#25.14
-148.588,56.0729#47.43#27.33#25.24
-148.494,56.0715#47.32#27.33#25.35
-148.4,56.0701#47.17#27.34#25.49
-148.306,56.0686#47.02#27.35#25.63
-148.212,56.067#46.87#27.35#25.78
-148.118,56.0653#46.72#27.36#25.92
-148.024,56.0635#46.57#27.37#26.06
-147.93,56.0617#46.42#27.37#26.21
-147.837,56.0598#46.26#27.38#26.36
-147.743,56.0577#46.09#27.38#26.53
-147.649,56.0556#45.93#27.39#26.68
-147.555,56.0534#45.77#27.4#26.83
-147.461,56.0511#45.6#27.4#27
-147.367,56.0488#45.43#27.41#27.16
-147.273,56.0463#45.26#27.41#27.33
-147.179,56.0438#45.09#27.42#27.49
-147.085,56.0412#44.92#27.43#27.65
-146.991,56.0384#44.75#27.43#27.82
-146.898,56.0356#44.58#27.44#27.98
-146.804,56.0328#44.42#27.45#28.13
-146.71,56.0298#44.26#27.45#28.29
-146.616,56.0267#44.09#27.46#28.45
-146.523,56.0236#43.93#27.46#28.61
-146.429,56.0204#43.77#27.47#28.76
-146.335,56.0171#43.61#27.48#28.91
-146.241,56.0137#43.45#27.48#29.07
-146.148,56.0102#43.29#27.49#29.22
-146.054,56.0066#43.13#27.5#29.37
-145.96,56.003#42.97#27.5#29.53
-145.867,55.9992#42.83#27.51#29.66
-145.773,55.9954#42.68#27.51#29.81
-145.68,55.9915#42.53#27.52#29.95
-145.586,55.9875#42.38#27.53#30.09
-145.493,55.9834#42.23#27.53#30.24
-145.399,55.9792#42.11#27.54#30.35
-145.306,55.975#41.98#27.55#30.47
-145.212,55.9706#41.86#27.55#30.59
-145.119,55.9662#41.73#27.56#30.71
-145.025,55.9617#41.61#27.57#30.82
-144.932,55.9571#41.5#27.57#30.93
-144.839,55.9525#41.4#27.58#31.02
-144.745,55.9477#41.29#27.59#31.12
-144.652,55.9428#41.19#27.59#31.22
-144.559,55.9379#41.09#27.6#31.31
-144.466,55.9329#41#27.6#31.4
-144.373,55.9278#40.92#27.61#31.47
-144.279,55.9226#40.85#27.62#31.53
-144.186,55.9173#40.78#27.62#31.6
-144.093,55.912#40.71#27.63#31.66
-144,55.9065#40.64#27.64#31.72
-143.907,55.901#40.61#27.64#31.75
-156.846,55.9059#59.96#26.85#13.19
-156.753,55.9121#59.75#26.86#13.39
-156.66,55.9183#59.54#26.86#13.6
-156.567,55.9243#59.32#26.87#13.81
-156.474,55.9303#59.1#26.87#14.03
-156.381,55.9361#58.87#26.88#14.25
-156.288,55.9419#58.63#26.88#14.49
-156.195,55.9476#58.4#26.89#14.71
-156.102,55.9532#58.16#26.89#14.95
-156.009,55.9588#57.92#26.89#15.19
-155.915,55.9642#57.71#26.9#15.39
-155.822,55.9696#57.5#26.9#15.6
-155.729,55.9749#57.29#26.91#15.8
-155.636,55.9801#57.08#26.91#16.01
-155.542,55.9852#56.87#26.92#16.21
-155.449,55.9902#56.68#26.92#16.4
-155.355,55.9951#56.51#26.93#16.56
-155.262,56#56.34#26.93#16.73
-155.168,56.0048#56.17#26.94#16.89
-155.075,56.0094#56#26.94#17.06
-154.981,56.014#55.83#26.95#17.22
-154.888,56.0186#55.65#26.95#17.4
-154.794,56.023#55.46#26.96#17.58
-154.701,56.0273#55.28#26.96#17.76
-154.607,56.0316#55.1#26.97#17.93
-154.514,56.0358#54.92#26.97#18.11
-154.42,56.0399#54.75#26.98#18.27
-154.326,56.0439#54.58#26.98#18.44
-154.232,56.0478#54.42#26.99#18.59
-154.139,56.0516#54.25#26.99#18.76
-154.045,56.0554#54.09#27#18.91
-153.951,56.059#53.92#27#19.08
-153.857,56.0626#53.77#27.01#19.22
-153.764,56.0661#53.61#27.01#19.38
-153.67,56.0695#53.45#27.02#19.53
-153.576,56.0728#53.29#27.02#19.69
-153.482,56.076#53.13#27.03#19.84
-153.388,56.0792#52.98#27.03#19.99
-153.294,56.0822#52.83#27.04#20.13
-153.2,56.0852#52.67#27.05#20.28
-153.106,56.0881#52.52#27.05#20.43
-153.012,56.0909#52.37#27.06#20.57
-152.918,56.0936#52.24#27.06#20.7
-152.824,56.0962#52.11#27.07#20.82
-152.73,56.0988#51.99#27.07#20.94
-152.636,56.1012#51.86#27.08#21.06
-152.542,56.1036#51.74#27.08#21.18
-152.448,56.1059#51.61#27.09#21.3
-152.354,56.1081#51.48#27.09#21.43
-152.26,56.1102#51.35#27.1#21.55
-152.166,56.1122#51.22#27.1#21.68
-152.072,56.1142#51.09#27.11#21.8
-151.978,56.116#50.96#27.11#21.93
-151.884,56.1178#50.85#27.12#22.03
-151.789,56.1195#50.74#27.13#22.13
-151.695,56.1211#50.63#27.13#22.24
-151.601,56.1226#50.52#27.14#22.34
-151.507,56.124#50.41#27.14#22.45
-151.413,56.1254#50.31#27.15#22.54
-151.319,56.1266#50.2#27.15#22.65
-151.224,56.1278#50.09#27.16#22.75
-151.13,56.1289#49.98#27.16#22.86
-151.036,56.1298#49.87#27.17#22.96
-150.942,56.1308#49.79#27.18#23.03
-150.847,56.1316#49.71#27.18#23.11
-150.753,56.1323#49.64#27.19#23.17
-150.659,56.133#49.56#27.19#23.25
-150.565,56.1335#49.49#27.2#23.31
-150.471,56.134#49.42#27.2#23.38
-150.376,56.1344#49.35#27.21#23.44
-150.282,56.1347#49.29#27.22#23.49
-150.188,56.1349#49.22#27.22#23.56
-150.094,56.135#49.15#27.23#23.62
-149.999,56.1351#49.09#27.23#23.68
-149.905,56.135#49.01#27.24#23.75
-149.811,56.1349#48.94#27.24#23.82
-149.717,56.1347#48.86#27.25#23.89
-149.622,56.1344#48.78#27.26#23.96
-149.528,56.134#48.71#27.26#24.03
-149.434,56.1335#48.61#27.27#24.12
-149.34,56.1329#48.5#27.27#24.23
-149.246,56.1323#48.39#27.28#24.33
-149.151,56.1316#48.29#27.29#24.42
-149.057,56.1307#48.18#27.29#24.53
-148.963,56.1298#48.07#27.3#24.63
-148.869,56.1288#47.96#27.3#24.74
-148.774,56.1278#47.86#27.31#24.83
-148.68,56.1266#47.75#27.32#24.93
-148.586,56.1253#47.64#27.32#25.04
-148.492,56.124#47.53#27.33#25.14
-148.398,56.1226#47.38#27.33#25.29
-148.304,56.1211#47.23#27.34#25.43
-148.209,56.1195#47.08#27.35#25.57
-148.115,56.1178#46.92#27.35#25.73
-148.021,56.116#46.77#27.36#25.87
-147.927,56.1142#46.61#27.36#26.03
-147.833,56.1122#46.45#27.37#26.18
-147.739,56.1102#46.29#27.38#26.33
-147.645,56.1081#46.12#27.38#26.5
-147.551,56.1059#45.96#27.39#26.65
-147.457,56.1036#45.79#27.39#26.82
-147.363,56.1012#45.62#27.4#26.98
-147.269,56.0988#45.45#27.41#27.14
-147.175,56.0962#45.28#27.41#27.31
-147.081,56.0936#45.1#27.42#27.48
-146.987,56.0909#44.93#27.43#27.64
-146.893,56.0881#44.77#27.43#27.8
-146.799,56.0852#44.61#27.44#27.95
-146.705,56.0822#44.44#27.44#28.12
-146.611,56.0791#44.28#27.45#28.27
-146.517,56.076#44.11#27.46#28.43
-146.423,56.0728#43.95#27.46#28.59
-146.329,56.0694#43.79#27.47#28.74
-146.235,56.066#43.63#27.48#28.89
-146.141,56.0625#43.47#27.48#29.05
-146.048,56.059#43.31#27.49#29.2
-145.954,56.0553#43.16#27.49#29.35
-145.86,56.0516#43.01#27.5#29.49
-145.766,56.0477#42.86#27.51#29.63
-145.673,56.0438#42.71#27.51#29.78
-145.579,56.0398#42.56#27.52#29.92
-145.485,56.0357#42.42#27.53#30.05
-145.392,56.0315#42.29#27.53#30.18
-145.298,56.0273#42.17#27.54#30.29
-145.204,56.0229#42.04#27.55#30.41
-145.111,56.0185#41.91#27.55#30.54
-145.017,56.014#41.79#27.56#30.65
-144.924,56.0094#41.68#27.57#30.75
-144.83,56.0047#41.57#27.57#30.86
-144.737,55.9999#41.47#27.58#30.95
-144.643,55.9951#41.37#27.58#31.05
-144.55,55.9901#41.26#27.59#31.15
-144.457,55.9851#41.17#27.6#31.23
-144.363,55.98#41.09#27.6#31.31
-144.27,55.9748#41.02#27.61#31.37
-144.177,55.9695#40.95#27.62#31.43
-144.083,55.9642#40.87#27.62#31.51
-143.99,55.9587#40.8#27.63#31.57
-143.897,55.9532#40.77#27.64#31.59
-143.804,55.9476#40.73#27.65#31.62
-143.711,55.9418#40.7#27.65#31.65
-143.618,55.9361#40.66#27.66#31.68
-143.525,55.9302#40.63#27.67#31.7
-143.432,55.9242#40.61#27.68#31.71
-143.339,55.9182#40.59#27.69#31.72
-143.246,55.9121#40.57#27.7#31.73
-143.153,55.9058#40.55#27.71#31.74
-157.6,55.9052#61.43#26.81#11.76
-157.508,55.9121#61.32#26.81#11.87
-157.415,55.9189#61.21#26.82#11.97
-157.322,55.9256#61.09#26.82#12.09
-157.229,55.9323#60.98#26.83#12.19
-157.136,55.9388#60.86#26.83#12.31
-157.043,55.9453#60.74#26.84#12.42
-156.95,55.9517#60.57#26.84#12.59
-156.857,55.958#60.35#26.84#12.81
-156.764,55.9642#60.14#26.85#13.01
-156.671,55.9704#59.92#26.85#13.23
-156.578,55.9764#59.7#26.86#13.44
-156.485,55.9824#59.47#26.86#13.67
-156.392,55.9883#59.23#26.87#13.9
-156.298,55.9941#58.99#26.87#14.14
-156.205,55.9998#58.74#26.88#14.38
-156.112,56.0054#58.5#26.88#14.62
-156.018,56.011#58.25#26.89#14.86
-155.925,56.0164#58.03#26.89#15.08
-155.832,56.0218#57.82#26.9#15.28
-155.738,56.0271#57.6#26.9#15.5
-155.645,56.0323#57.39#26.91#15.7
-155.551,56.0374#57.17#26.91#15.92
-155.458,56.0424#56.98#26.92#16.1
-155.364,56.0474#56.81#26.92#16.27
-155.271,56.0523#56.64#26.93#16.43
-155.177,56.057#56.47#26.93#16.6
-155.083,56.0617#56.31#26.94#16.75
-154.99,56.0663#56.14#26.94#16.92
-154.896,56.0709#55.95#26.95#17.1
-154.802,56.0753#55.77#26.95#17.28
-154.708,56.0796#55.59#26.96#17.45
-154.615,56.0839#55.4#26.96#17.64
-154.521,56.0881#55.21#26.96#17.83
-154.427,56.0922#55.04#26.97#17.99
-154.333,56.0962#54.88#26.98#18.14
-154.239,56.1001#54.71#26.98#18.31
-154.146,56.104#54.54#26.99#18.47
-154.052,56.1077#54.38#26.99#18.63
-153.958,56.1114#54.21#27#18.79
-153.864,56.115#54.05#27#18.95
-153.77,56.1185#53.89#27.01#19.1
-153.676,56.1219#53.73#27.01#19.26
-153.582,56.1252#53.57#27.02#19.41
-153.488,56.1284#53.41#27.02#19.57
-153.394,56.1316#53.26#27.03#19.71
-153.3,56.1346#53.1#27.03#19.87
-153.205,56.1376#52.95#27.04#20.01
-153.111,56.1405#52.79#27.04#20.17
-153.017,56.1433#52.64#27.05#20.31
-152.923,56.146#52.51#27.05#20.44
-152.829,56.1487#52.38#27.06#20.56
-152.735,56.1512#52.26#27.06#20.68
-152.641,56.1537#52.13#27.07#20.8
-152.546,56.1561#52.01#27.07#20.92
-152.452,56.1584#51.88#27.08#21.04
-152.358,56.1606#51.75#27.09#21.16
-152.264,56.1627#51.61#27.09#21.3
-152.169,56.1647#51.48#27.1#21.42
-152.075,56.1667#51.35#27.1#21.55
-151.981,56.1685#51.22#27.11#21.67
-151.887,56.1703#51.1#27.11#21.79
-151.792,56.172#50.99#27.12#21.89
-151.698,56.1736#50.88#27.12#22
-151.604,56.1751#50.77#27.13#22.1
-151.509,56.1765#50.65#27.13#22.22
-151.415,56.1779#50.54#27.14#22.32
-151.321,56.1791#50.43#27.15#22.42
-151.226,56.1803#50.32#27.15#22.53
-151.132,56.1814#50.21#27.16#22.63
-151.038,56.1824#50.1#27.16#22.74
-150.943,56.1833#50.01#27.17#22.82
-150.849,56.1841#49.94#27.17#22.89
-150.755,56.1848#49.86#27.18#22.96
-150.66,56.1855#49.79#27.19#23.02
-150.566,56.186#49.71#27.19#23.1
-150.471,56.1865#49.64#27.2#23.16
-150.377,56.1869#49.57#27.2#23.23
-150.283,56.1872#49.51#27.21#23.28
-150.188,56.1874#49.44#27.21#23.35
-150.094,56.1875#49.37#27.22#23.41
-149.999,56.1876#49.31#27.23#23.46
-149.905,56.1875#49.23#27.23#23.54
-149.811,56.1874#49.16#27.24#23.6
-149.716,56.1872#49.08#27.24#23.68
-149.622,56.1869#49#27.25#23.75
-149.527,56.1865#48.93#27.25#23.82
-149.433,56.186#48.83#27.26#23.91
-149.339,56.1855#48.72#27.27#24.01
-149.244,56.1848#48.61#27.27#24.12
-149.15,56.1841#48.5#27.28#24.22
-149.056,56.1833#48.39#27.28#24.33
-148.961,56.1823#48.28#27.29#24.43
-148.867,56.1813#48.18#27.3#24.52
-148.772,56.1803#48.07#27.3#24.63
-148.678,56.1791#47.96#27.31#24.73
-148.584,56.1778#47.85#27.31#24.84
-148.489,56.1765#47.74#27.32#24.94
-148.395,56.1751#47.59#27.33#25.08
-148.301,56.1736#47.43#27.33#25.24
-148.207,56.172#47.28#27.34#25.38
-148.112,56.1703#47.12#27.34#25.54
-148.018,56.1685#46.97#27.35#25.68
-147.924,56.1666#46.81#27.36#25.83
-147.829,56.1647#46.64#27.36#26
-147.735,56.1627#46.48#27.37#26.15
-147.641,56.1605#46.31#27.37#26.32
-147.547,56.1583#46.15#27.38#26.47
-147.452,56.156#45.98#27.39#26.63
-147.358,56.1537#45.81#27.39#26.8
-147.264,56.1512#45.63#27.4#26.97
-147.17,56.1487#45.46#27.41#27.13
-147.076,56.146#45.29#27.41#27.3
-146.982,56.1433#45.12#27.42#27.46
-146.887,56.1405#44.95#27.42#27.63
-146.793,56.1376#44.79#27.43#27.78
-146.699,56.1346#44.62#27.44#27.94
-146.605,56.1315#44.46#27.44#28.1
-146.511,56.1284#44.29#27.45#28.26
-146.417,56.1252#44.14#27.46#28.4
-146.323,56.1218#43.98#27.46#28.56
-146.229,56.1184#43.82#27.47#28.71
-146.135,56.1149#43.66#27.47#28.87
-146.041,56.1113#43.5#27.48#29.02
-145.947,56.1077#43.34#27.49#29.17
-145.853,56.1039#43.19#27.49#29.32
-145.759,56.1001#43.05#27.5#29.45
-145.666,56.0962#42.9#27.51#29.59
-145.572,56.0921#42.75#27.51#29.74
-145.478,56.088#42.6#27.52#29.88
-145.384,56.0839#42.48#27.53#29.99
-145.29,56.0796#42.35#27.53#30.12
-145.197,56.0752#42.22#27.54#30.24
-145.103,56.0708#42.09#27.54#30.37
-145.009,56.0663#41.97#27.55#30.48
-144.916,56.0617#41.86#27.56#30.58
-144.822,56.057#41.75#27.56#30.69
-144.728,56.0522#41.65#27.57#30.78
-144.635,56.0473#41.54#27.58#30.88
-144.541,56.0424#41.43#27.58#30.99
-144.448,56.0373#41.34#27.59#31.07
-144.354,56.0322#41.26#27.6#31.14
-144.261,56.027#41.19#27.6#31.21
-144.167,56.0217#41.11#27.61#31.28
-144.074,56.0163#41.03#27.62#31.35
-143.98,56.0109#40.96#27.62#31.42
-143.887,56.0053#40.92#27.63#31.45
-143.794,55.9997#40.88#27.64#31.48
-143.701,55.994#40.84#27.65#31.51
-143.607,55.9882#40.81#27.66#31.53
-143.514,55.9823#40.77#27.66#31.57
-143.421,55.9763#40.75#27.67#31.58
-143.328,55.9703#40.73#27.69#31.58
-143.235,55.9641#40.71#27.7#31.59
-143.142,55.9579#40.69#27.71#31.6
-143.049,55.9516#40.67#27.72#31.61
-142.956,55.9452#40.67#27.73#31.6
-142.863,55.9388#40.67#27.75#31.58
-142.77,55.9322#40.67#27.77#31.56
-142.677,55.9255#40.67#27.79#31.54
-142.584,55.9188#40.67#27.8#31.53
-142.491,55.912#40.67#27.82#31.51
-142.398,55.9051#40.69#27.84#31.47
-158.262,55.9065#62.42#26.77#10.81
-158.169,55.914#62.38#26.77#10.85
-158.077,55.9214#62.33#26.78#10.89
-157.984,55.9287#62.28#26.78#10.94
-157.891,55.936#62.17#26.79#11.04
-157.799,55.9431#62.06#26.79#11.15
-157.706,55.9502#61.96#26.8#11.24
-157.613,55.9572#61.85#26.8#11.35
-157.52,55.9641#61.74#26.8#11.46
-157.427,55.9709#61.62#26.81#11.57
-157.334,55.9777#61.5#26.81#11.69
-157.241,55.9843#61.38#26.82#11.8
-157.148,55.9909#61.26#26.82#11.92
-157.055,55.9974#61.13#26.83#12.04
-156.962,56.0038#60.96#26.83#12.21
-156.868,56.0101#60.74#26.84#12.42
-156.775,56.0163#60.52#26.84#12.64
-156.682,56.0225#60.3#26.85#12.85
-156.589,56.0285#60.07#26.85#13.08
-156.495,56.0345#59.85#26.86#13.29
-156.402,56.0404#59.6#26.86#13.54
-156.309,56.0462#59.35#26.86#13.79
-156.215,56.052#59.09#26.87#14.04
-156.122,56.0576#58.84#26.87#14.29
-156.028,56.0632#58.58#26.88#14.54
-155.935,56.0686#58.35#26.88#14.77
-155.841,56.074#58.13#26.89#14.98
-155.748,56.0793#57.92#26.89#15.19
-155.654,56.0845#57.7#26.9#15.4
-155.56,56.0897#57.48#26.9#15.62
-155.467,56.0947#57.28#26.91#15.81
-155.373,56.0997#57.11#26.91#15.98
-155.279,56.1045#56.95#26.92#16.13
-155.185,56.1093#56.78#26.92#16.3
-155.092,56.114#56.61#26.93#16.46
-154.998,56.1186#56.44#26.93#16.63
-154.904,56.1232#56.26#26.94#16.8
-154.81,56.1276#56.07#26.94#16.99
-154.716,56.132#55.89#26.95#17.16
-154.622,56.1363#55.7#26.95#17.35
-154.528,56.1404#55.51#26.96#17.53
-154.434,56.1445#55.34#26.96#17.7
-154.34,56.1486#55.17#26.97#17.86
-154.246,56.1525#55.01#26.97#18.02
-154.152,56.1563#54.84#26.98#18.18
-154.058,56.1601#54.67#26.98#18.35
-153.964,56.1638#54.5#26.99#18.51
-153.87,56.1674#54.34#26.99#18.67
-153.776,56.1709#54.18#27#18.82
-153.682,56.1743#54.01#27#18.99
-153.588,56.1776#53.85#27.01#19.14
-153.493,56.1809#53.69#27.01#19.3
-153.399,56.184#53.53#27.02#19.45
-153.305,56.1871#53.38#27.02#19.6
-153.211,56.1901#53.22#27.03#19.75
-153.116,56.193#53.07#27.03#19.9
-153.022,56.1958#52.91#27.04#20.05
-152.928,56.1985#52.78#27.05#20.17
-152.834,56.2011#52.65#27.05#20.3
-152.739,56.2037#52.53#27.06#20.41
-152.645,56.2062#52.4#27.06#20.54
-152.551,56.2085#52.28#27.07#20.65
-152.456,56.2108#52.15#27.07#20.78
-152.362,56.213#52.01#27.08#20.91
-152.267,56.2152#51.88#27.08#21.04
-152.173,56.2172#51.75#27.09#21.16
-152.079,56.2192#51.61#27.09#21.3
-151.984,56.221#51.48#27.1#21.42
-151.89,56.2228#51.37#27.1#21.53
-151.795,56.2245#51.25#27.11#21.64
-151.701,56.2261#51.14#27.12#21.74
-151.606,56.2276#51.03#27.12#21.85
-151.512,56.229#50.91#27.13#21.96
-151.417,56.2304#50.8#27.13#22.07
-151.323,56.2316#50.69#27.14#22.17
-151.228,56.2328#50.58#27.14#22.28
-151.134,56.2339#50.47#27.15#22.38
-151.039,56.2349#50.36#27.15#22.49
-150.945,56.2358#50.26#27.16#22.58
-150.85,56.2366#50.19#27.17#22.64
-150.756,56.2373#50.11#27.17#22.72
-150.661,56.238#50.03#27.18#22.79
-150.567,56.2386#49.95#27.18#22.87
-150.472,56.239#49.88#27.19#22.93
-150.378,56.2394#49.81#27.19#23
-150.283,56.2397#49.74#27.2#23.06
-150.189,56.2399#49.67#27.21#23.12
-150.094,56.2401#49.6#27.21#23.19
-149.999,56.2401#49.53#27.22#23.25
-149.905,56.2401#49.45#27.22#23.33
-149.81,56.2399#49.38#27.23#23.39
-149.716,56.2397#49.3#27.23#23.47
-149.621,56.2394#49.22#27.24#23.54
-149.527,56.239#49.14#27.25#23.61
-149.432,56.2386#49.04#27.25#23.71
-149.338,56.238#48.93#27.26#23.81
-149.243,56.2373#48.82#27.26#23.92
-149.149,56.2366#48.71#27.27#24.02
-149.054,56.2358#48.6#27.28#24.12
-148.959,56.2349#48.49#27.28#24.23
-148.865,56.2339#48.38#27.29#24.33
-148.77,56.2328#48.28#27.29#24.43
-148.676,56.2316#48.17#27.3#24.53
-148.581,56.2304#48.06#27.31#24.63
-148.487,56.229#47.95#27.31#24.74
-148.392,56.2276#47.79#27.32#24.89
-148.298,56.2261#47.64#27.32#25.04
-148.204,56.2245#47.48#27.33#25.19
-148.109,56.2228#47.32#27.34#25.34
-148.015,56.221#47.17#27.34#25.49
-147.92,56.2191#47#27.35#25.65
-147.826,56.2172#46.84#27.35#25.81
-147.731,56.2151#46.67#27.36#25.97
-147.637,56.213#46.5#27.37#26.13
-147.543,56.2108#46.34#27.37#26.29
-147.448,56.2085#46.17#27.38#26.45
-147.354,56.2061#45.99#27.39#26.62
-147.26,56.2037#45.82#27.39#26.79
-147.165,56.2011#45.65#27.4#26.95
-147.071,56.1985#45.47#27.4#27.13
-146.977,56.1957#45.3#27.41#27.29
-146.882,56.1929#45.14#27.42#27.44
-146.788,56.19#44.97#27.42#27.61
-146.694,56.187#44.81#27.43#27.76
-146.6,56.184#44.64#27.44#27.92
-146.505,56.1808#44.48#27.44#28.08
-146.411,56.1776#44.32#27.45#28.23
-146.317,56.1742#44.16#27.45#28.39
-146.223,56.1708#44#27.46#28.54
-146.129,56.1673#43.84#27.47#28.69
-146.035,56.1637#43.68#27.47#28.85
-145.941,56.1601#43.53#27.48#28.99
-145.847,56.1563#43.38#27.49#29.13
-145.752,56.1524#43.23#27.49#29.28
-145.658,56.1485#43.08#27.5#29.42
-145.564,56.1445#42.93#27.51#29.56
-145.47,56.1404#42.79#27.51#29.7
-145.377,56.1362#42.66#27.52#29.82
-145.283,56.1319#42.53#27.52#29.95
-145.189,56.1276#42.4#27.53#30.07
-145.095,56.1231#42.28#27.54#30.18
-145.001,56.1186#42.15#27.54#30.31
-144.907,56.114#42.04#27.55#30.41
-144.813,56.1093#41.93#27.56#30.51
-144.72,56.1045#41.82#27.56#30.62
-144.626,56.0996#41.71#27.57#30.72
-144.532,56.0946#41.61#27.58#30.81
-144.438,56.0896#41.52#27.58#30.9
-144.345,56.0845#41.43#27.59#30.98
-144.251,56.0792#41.35#27.6#31.05
-144.158,56.0739#41.27#27.6#31.13
-144.064,56.0686#41.19#27.61#31.2
-143.971,56.0631#41.12#27.62#31.26
-143.877,56.0575#41.08#27.62#31.3
-143.784,56.0519#41.03#27.63#31.34
-143.69,56.0462#40.99#27.64#31.37
-143.597,56.0403#40.95#27.65#31.4
-143.503,56.0345#40.91#27.66#31.43
-143.41,56.0285#40.89#27.67#31.44
-143.317,56.0224#40.87#27.68#31.45
-143.224,56.0163#40.85#27.69#31.46
-143.13,56.01#40.83#27.71#31.46
-143.037,56.0037#40.81#27.72#31.47
-142.944,55.9973#40.8#27.73#31.47
-142.851,55.9908#40.8#27.75#31.45
-142.758,55.9842#40.8#27.77#31.43
-142.665,55.9776#40.8#27.79#31.41
-142.572,55.9708#40.8#27.81#31.39
-142.479,55.964#40.8#27.82#31.38
-142.386,55.9571#40.81#27.84#31.35
-142.293,55.9501#40.83#27.86#31.31
-142.2,55.943#40.85#27.88#31.27
-142.108,55.9359#40.86#27.9#31.24
-142.015,55.9286#40.88#27.92#31.2
-141.922,55.9213#40.9#27.94#31.16
-141.829,55.9139#40.91#27.95#31.14
-141.737,55.9064#40.93#27.97#31.1
-158.924,55.9035#63.16#26.73#10.11
-158.831,55.9116#63.1#26.73#10.17
-158.739,55.9196#63.04#26.74#10.22
-158.646,55.9275#62.98#26.74#10.28
-158.554,55.9354#62.92#26.75#10.33
-158.461,55.9431#62.87#26.75#10.38
-158.368,55.9508#62.83#26.76#10.41
-158.276,55.9584#62.79#26.76#10.45
-158.183,55.9659#62.75#26.77#10.48
-158.09,55.9733#62.72#26.77#10.51
-157.997,55.9807#62.69#26.77#10.54
-157.904,55.9879#62.58#26.78#10.64
-157.811,55.9951#62.47#26.78#10.75
-157.718,56.0022#62.37#26.79#10.84
-157.625,56.0092#62.26#26.79#10.95
-157.532,56.0161#62.15#26.8#11.05
-157.439,56.023#62.03#26.8#11.17
-157.346,56.0297#61.91#26.81#11.28
-157.253,56.0364#61.78#26.81#11.41
-157.16,56.043#61.65#26.81#11.54
-157.066,56.0495#61.52#26.82#11.66
-156.973,56.0559#61.36#26.82#11.82
-156.88,56.0622#61.14#26.83#12.03
-156.786,56.0685#60.91#26.83#12.26
-156.693,56.0746#60.68#26.84#12.48
-156.6,56.0807#60.45#26.84#12.71
-156.506,56.0867#60.22#26.85#12.93
-156.413,56.0926#59.96#26.85#13.19
-156.319,56.0984#59.7#26.86#13.44
-156.225,56.1041#59.44#26.86#13.7
-156.132,56.1098#59.18#26.87#13.95
-156.038,56.1154#58.91#26.87#14.22
-155.944,56.1208#58.67#26.88#14.45
-155.851,56.1262#58.45#26.88#14.67
-155.757,56.1315#58.23#26.89#14.88
-155.663,56.1368#58.01#26.89#15.1
-155.569,56.1419#57.79#26.89#15.32
-155.476,56.147#57.58#26.9#15.52
-155.382,56.1519#57.41#26.9#15.69
-155.288,56.1568#57.25#26.91#15.84
-155.194,56.1616#57.08#26.91#16.01
-155.1,56.1663#56.92#26.92#16.16
-155.006,56.171#56.75#26.92#16.33
-154.912,56.1755#56.57#26.93#16.5
-154.818,56.1799#56.38#26.93#16.69
-154.724,56.1843#56.19#26.94#16.87
-154.63,56.1886#56#26.94#17.06
-154.536,56.1928#55.81#26.95#17.24
-154.442,56.1969#55.63#26.95#17.42
-154.348,56.2009#55.46#26.96#17.58
-154.253,56.2049#55.29#26.96#17.75
-154.159,56.2087#55.12#26.97#17.91
-154.065,56.2125#54.95#26.97#18.08
-153.971,56.2162#54.78#26.98#18.24
-153.876,56.2198#54.62#26.99#18.39
-153.782,56.2233#54.46#26.99#18.55
-153.688,56.2267#54.29#27#18.71
-153.594,56.23#54.13#27#18.87
-153.499,56.2333#53.96#27.01#19.03
-153.405,56.2364#53.81#27.01#19.18
-153.31,56.2395#53.65#27.02#19.33
-153.216,56.2425#53.5#27.02#19.48
-153.122,56.2454#53.34#27.03#19.63
-153.027,56.2482#53.18#27.03#19.79
-152.933,56.251#53.05#27.04#19.91
-152.838,56.2536#52.92#27.04#20.04
-152.744,56.2562#52.8#27.05#20.15
-152.649,56.2586#52.67#27.05#20.28
-152.555,56.261#52.54#27.06#20.4
-152.46,56.2633#52.41#27.06#20.53
-152.366,56.2655#52.28#27.07#20.65
-152.271,56.2677#52.15#27.08#20.77
-152.177,56.2697#52.02#27.08#20.9
-152.082,56.2717#51.88#27.09#21.03
-151.987,56.2735#51.75#27.09#21.16
-151.893,56.2753#51.64#27.1#21.26
-151.798,56.277#51.52#27.1#21.38
-151.704,56.2786#51.41#27.11#21.48
-151.609,56.2801#51.29#27.11#21.6
-151.514,56.2816#51.18#27.12#21.7
-151.42,56.2829#51.07#27.12#21.81
-151.325,56.2842#50.95#27.13#21.92
-151.23,56.2853#50.84#27.14#22.02
-151.136,56.2864#50.73#27.14#22.13
-151.041,56.2874#50.62#27.15#22.23
-150.946,56.2883#50.52#27.15#22.33
-150.852,56.2892#50.44#27.16#22.4
-150.757,56.2899#50.36#27.16#22.48
-150.662,56.2905#50.28#27.17#22.55
-150.568,56.2911#50.2#27.18#22.62
-150.473,56.2916#50.12#27.18#22.7
-150.378,56.292#50.04#27.19#22.77
-150.284,56.2923#49.97#27.19#22.84
-150.189,56.2925#49.9#27.2#22.9
-150.094,56.2926#49.83#27.2#22.97
-149.999,56.2927#49.75#27.21#23.04
-149.905,56.2926#49.67#27.22#23.11
-149.81,56.2925#49.59#27.22#23.19
-149.715,56.2923#49.51#27.23#23.26
-149.621,56.292#49.43#27.23#23.34
-149.526,56.2916#49.35#27.24#23.41
-149.431,56.2911#49.25#27.24#23.51
-149.336,56.2905#49.14#27.25#23.61
-149.242,56.2899#49.03#27.26#23.71
-149.147,56.2891#48.92#27.26#23.82
-149.052,56.2883#48.81#27.27#23.92
-148.958,56.2874#48.7#27.27#24.03
-148.863,56.2864#48.59#27.28#24.13
-148.768,56.2853#48.48#27.29#24.23
-148.674,56.2841#48.37#27.29#24.34
-148.579,56.2829#48.27#27.3#24.43
-148.484,56.2815#48.15#27.3#24.55
-148.39,56.2801#47.99#27.31#24.7
-148.295,56.2786#47.84#27.32#24.84
-148.201,56.277#47.68#27.32#25
-148.106,56.2753#47.52#27.33#25.15
-148.011,56.2735#47.37#27.33#25.3
-147.917,56.2716#47.2#27.34#25.46
-147.822,56.2697#47.03#27.35#25.62
-147.728,56.2676#46.87#27.35#25.78
-147.633,56.2655#46.7#27.36#25.94
-147.539,56.2633#46.53#27.37#26.1
-147.444,56.261#46.36#27.37#26.27
-147.35,56.2586#46.18#27.38#26.44
-147.255,56.2561#46.01#27.38#26.61
-147.161,56.2536#45.83#27.39#26.78
-147.066,56.2509#45.66#27.4#26.94
-146.972,56.2482#45.49#27.4#27.11
-146.877,56.2454#45.32#27.41#27.27
-146.783,56.2425#45.15#27.42#27.43
-146.688,56.2395#44.99#27.42#27.59
-146.594,56.2364#44.82#27.43#27.75
-146.5,56.2332#44.66#27.43#27.91
-146.405,56.23#44.5#27.44#28.06
-146.311,56.2267#44.34#27.45#28.21
-146.217,56.2232#44.18#27.45#28.37
-146.122,56.2197#44.02#27.46#28.52
-146.028,56.2161#43.86#27.47#28.67
-145.934,56.2124#43.71#27.47#28.82
-145.84,56.2087#43.56#27.48#28.96
-145.745,56.2048#43.41#27.48#29.11
-145.651,56.2009#43.26#27.49#29.25
-145.557,56.1969#43.11#27.5#29.39
-145.463,56.1927#42.97#27.5#29.53
-145.369,56.1885#42.84#27.51#29.65
-145.275,56.1843#42.71#27.52#29.77
-145.181,56.1799#42.58#27.52#29.9
-145.087,56.1754#42.46#27.53#30.01
-144.993,56.1709#42.33#27.54#30.13
-144.899,56.1663#42.22#27.54#30.24
-144.805,56.1616#42.11#27.55#30.34
-144.711,56.1568#42#27.56#30.44
-144.617,56.1519#41.89#27.56#30.55
-144.523,56.1469#41.78#27.57#30.65
-144.429,56.1418#41.69#27.58#30.73
-144.336,56.1367#41.6#27.58#30.82
-144.242,56.1315#41.51#27.59#30.9
-144.148,56.1262#41.43#27.6#30.97
-144.054,56.1208#41.34#27.6#31.06
-143.961,56.1153#41.28#27.61#31.11
-143.867,56.1097#41.23#27.62#31.15
-143.773,56.1041#41.19#27.63#31.18
-143.68,56.0983#41.14#27.63#31.23
-143.586,56.0925#41.1#27.64#31.26
-143.493,56.0866#41.05#27.65#31.3
-143.399,56.0806#41.03#27.67#31.3
-143.306,56.0745#41.01#27.68#31.31
-143.212,56.0684#40.99#27.69#31.32
-143.119,56.0621#40.97#27.7#31.33
-143.026,56.0558#40.95#27.72#31.33
-142.933,56.0494#40.94#27.73#31.33
-142.839,56.0429#40.93#27.75#31.32
-142.746,56.0363#40.93#27.77#31.3
-142.653,56.0296#40.93#27.79#31.28
-142.56,56.0229#40.92#27.81#31.27
-142.467,56.016#40.93#27.83#31.24
-142.374,56.0091#40.94#27.85#31.21
-142.281,56.0021#40.95#27.87#31.18
-142.188,55.995#40.96#27.89#31.15
-142.095,55.9878#40.98#27.91#31.11
-142.002,55.9806#40.99#27.93#31.08
-141.909,55.9732#41#27.94#31.06
-141.816,55.9658#41.02#27.96#31.02
-141.723,55.9583#41.03#27.97#31
-141.631,55.9507#41.05#27.99#30.96
-141.538,55.943#41.06#28#30.94
-141.445,55.9353#41.08#28.02#30.9
-141.353,55.9274#41.1#28.02#30.88
-141.26,55.9195#41.12#28.03#30.85
-141.168,55.9115#41.14#28.04#30.82
-141.075,55.9034#41.16#28.05#30.79
-159.493,55.9049#63.67#26.7#9.63
-159.4,55.9135#63.64#26.7#9.66
-159.308,55.922#63.62#26.71#9.67
-159.216,55.9305#63.59#26.71#9.69999999999999
-159.123,55.9388#63.57#26.71#9.72
-159.031,55.9471#63.54#26.72#9.74000000000001
-158.938,55.9553#63.49#26.72#9.78999999999999
-158.846,55.9634#63.44#26.73#9.83
-158.753,55.9714#63.38#26.73#9.89
-158.66,55.9794#63.32#26.74#9.94
-158.568,55.9872#63.26#26.74#10
-158.475,55.995#63.21#26.74#10.05
-158.382,56.0027#63.18#26.75#10.07
-158.289,56.0103#63.15#26.75#10.1
-158.196,56.0178#63.13#26.76#10.11
-158.103,56.0253#63.1#26.76#10.14
-158.01,56.0326#63.08#26.77#10.15
-157.917,56.0399#62.99#26.77#10.24
-157.824,56.0471#62.88#26.78#10.34
-157.731,56.0542#62.78#26.78#10.44
-157.638,56.0612#62.67#26.78#10.55
-157.545,56.0682#62.57#26.79#10.64
-157.451,56.075#62.45#26.79#10.76
-157.358,56.0818#62.32#26.8#10.88
-157.265,56.0884#62.19#26.8#11.01
-157.171,56.095#62.05#26.81#11.14
-157.078,56.1016#61.92#26.81#11.27
-156.984,56.108#61.76#26.82#11.42
-156.891,56.1143#61.53#26.82#11.65
-156.797,56.1206#61.3#26.83#11.87
-156.704,56.1268#61.07#26.83#12.1
-156.61,56.1328#60.83#26.83#12.34
-156.517,56.1388#60.59#26.84#12.57
-156.423,56.1448#60.33#26.84#12.83
-156.329,56.1506#60.07#26.85#13.08
-156.236,56.1563#59.8#26.85#13.35
-156.142,56.162#59.52#26.86#13.62
-156.048,56.1676#59.25#26.86#13.89
-155.954,56.1731#59#26.87#14.13
-155.86,56.1785#58.77#26.87#14.36
-155.767,56.1838#58.55#26.88#14.57
-155.673,56.189#58.32#26.88#14.8
-155.579,56.1942#58.1#26.89#15.01
-155.485,56.1992#57.89#26.89#15.22
-155.391,56.2042#57.72#26.9#15.38
-155.297,56.2091#57.56#26.9#15.54
-155.203,56.2139#57.39#26.91#15.7
-155.108,56.2186#57.23#26.91#15.86
-155.014,56.2233#57.06#26.92#16.02
-154.92,56.2278#56.87#26.92#16.21
-154.826,56.2323#56.68#26.93#16.39
-154.732,56.2367#56.49#26.93#16.58
-154.638,56.241#56.29#26.94#16.77
-154.543,56.2452#56.1#26.94#16.96
-154.449,56.2493#55.92#26.95#17.13
-154.355,56.2533#55.75#26.95#17.3
-154.26,56.2573#55.58#26.96#17.46
-154.166,56.2611#55.4#26.96#17.64
-154.072,56.2649#55.23#26.97#17.8
-153.977,56.2686#55.06#26.97#17.97
-153.883,56.2722#54.9#26.98#18.12
-153.788,56.2757#54.73#26.98#18.29
-153.694,56.2791#54.57#26.99#18.44
-153.599,56.2825#54.4#26.99#18.61
-153.505,56.2857#54.24#27#18.76
-153.41,56.2889#54.08#27#18.92
-153.316,56.292#53.92#27.01#19.07
-153.221,56.295#53.77#27.01#19.22
-153.127,56.2979#53.61#27.02#19.37
-153.032,56.3007#53.46#27.02#19.52
-152.938,56.3035#53.32#27.03#19.65
-152.843,56.3061#53.19#27.04#19.77
-152.748,56.3087#53.07#27.04#19.89
-152.654,56.3111#52.94#27.05#20.01
-152.559,56.3135#52.81#27.05#20.14
-152.464,56.3158#52.68#27.06#20.26
-152.37,56.3181#52.55#27.06#20.39
-152.275,56.3202#52.42#27.07#20.51
-152.18,56.3222#52.29#27.07#20.64
-152.085,56.3242#52.15#27.08#20.77
-151.991,56.3261#52.02#27.08#20.9
-151.896,56.3278#51.91#27.09#21
-151.801,56.3295#51.79#27.09#21.12
-151.706,56.3311#51.68#27.1#21.22
-151.612,56.3327#51.56#27.11#21.33
-151.517,56.3341#51.44#27.11#21.45
-151.422,56.3354#51.33#27.12#21.55
-151.327,56.3367#51.22#27.12#21.66
-151.232,56.3379#51.11#27.13#21.76
-151.138,56.339#50.99#27.13#21.88
-151.043,56.34#50.88#27.14#21.98
-150.948,56.3409#50.78#27.14#22.08
-150.853,56.3417#50.7#27.15#22.15
-150.758,56.3424#50.61#27.16#22.23
-150.663,56.3431#50.53#27.16#22.31
-150.569,56.3437#50.44#27.17#22.39
-150.474,56.3441#50.36#27.17#22.47
-150.379,56.3445#50.28#27.18#22.54
-150.284,56.3448#50.21#27.18#22.61
-150.189,56.3451#50.13#27.19#22.68
-150.094,56.3452#50.05#27.2#22.75
-149.999,56.3452#49.98#27.2#22.82
-149.905,56.3452#49.9#27.21#22.89
-149.81,56.3451#49.81#27.21#22.98
-149.715,56.3448#49.73#27.22#23.05
-149.62,56.3445#49.65#27.23#23.12
-149.525,56.3441#49.57#27.23#23.2
-149.43,56.3437#49.46#27.24#23.3
