-151.403,66.9003#45.02#27.37#27.61
-151.263,66.9016#44.83#27.38#27.79
-151.122,66.9028#44.63#27.4#27.97
-150.982,66.9038#44.44#27.41#28.15
-150.842,66.9046#44.27#27.42#28.31
-150.701,66.9054#44.11#27.43#28.46
-150.561,66.906#43.94#27.44#28.62
-150.42,66.9065#43.8#27.44#28.76
-150.28,66.9068#43.66#27.45#28.89
-150.14,66.907#43.52#27.45#29.03
-149.999,66.9071#43.39#27.46#29.15
-149.859,66.907#43.28#27.46#29.26
-149.718,66.9068#43.17#27.46#29.37
-149.578,66.9065#43.06#27.47#29.47
-149.437,66.906#42.97#27.47#29.56
-149.297,66.9054#42.88#27.47#29.65
-149.157,66.9046#42.8#27.48#29.72
-149.016,66.9038#42.71#27.48#29.81
-148.876,66.9027#42.64#27.48#29.88
-148.735,66.9016#42.57#27.48#29.95
-148.595,66.9003#42.5#27.49#30.01
-154.215,66.9014#50.53#26.18#23.29
-154.075,66.9053#50.24#26.21#23.55
-153.935,66.9092#49.93#26.25#23.82
-153.795,66.9129#49.61#26.32#24.07
-153.654,66.9165#49.29#26.38#24.33
-153.514,66.9199#48.97#26.45#24.58
-153.374,66.9232#48.65#26.54#24.81
-153.234,66.9264#48.34#26.63#25.03
-153.093,66.9294#48.03#26.73#25.24
-152.953,66.9323#47.72#26.82#25.46
-152.812,66.9351#47.44#26.91#25.65
-152.672,66.9377#47.15#27#25.85
-152.532,66.9402#46.87#27.08#26.05
-152.391,66.9426#46.6#27.14#26.26
-152.25,66.9448#46.33#27.19#26.48
-152.11,66.9469#46.07#27.24#26.69
-151.969,66.9489#45.81#27.28#26.91
-151.829,66.9507#45.58#27.31#27.11
-151.688,66.9524#45.34#27.33#27.33
-151.547,66.954#45.1#27.36#27.54
-151.407,66.9554#44.89#27.37#27.74
-151.266,66.9567#44.7#27.39#27.91
-151.125,66.9578#44.5#27.4#28.1
-150.984,66.9588#44.31#27.41#28.28
-150.844,66.9597#44.14#27.42#28.44
-150.703,66.9605#43.98#27.43#28.59
-150.562,66.9611#43.81#27.44#28.75
-150.421,66.9615#43.67#27.44#28.89
-150.281,66.9619#43.53#27.45#29.02
-150.14,66.9621#43.4#27.45#29.15
-149.999,66.9622#43.26#27.46#29.28
-149.858,66.9621#43.16#27.46#29.38
-149.718,66.9619#43.05#27.46#29.49
-149.577,66.9615#42.94#27.47#29.59
-149.436,66.9611#42.84#27.47#29.69
-149.295,66.9605#42.76#27.47#29.77
-149.155,66.9597#42.68#27.47#29.85
-149.014,66.9588#42.59#27.48#29.93
-148.873,66.9578#42.52#27.48#30
-148.732,66.9567#42.46#27.48#30.06
-148.592,66.9554#42.39#27.48#30.13
-148.451,66.954#42.33#27.49#30.18
-148.31,66.9524#42.27#27.49#30.24
-148.17,66.9507#42.21#27.49#30.3
-148.029,66.9489#42.16#27.49#30.35
-147.888,66.9469#42.11#27.49#30.4
-147.748,66.9448#42.06#27.5#30.44
-147.607,66.9426#42.01#27.5#30.49
-147.467,66.9402#41.96#27.5#30.54
-147.326,66.9377#41.92#27.5#30.58
-147.186,66.9351#41.88#27.5#30.62
-147.045,66.9323#41.83#27.51#30.66
-146.905,66.9294#41.79#27.51#30.7
-146.765,66.9264#41.75#27.51#30.74
-146.624,66.9232#41.72#27.51#30.77
-146.484,66.9199#41.68#27.51#30.81
-146.344,66.9164#41.64#27.52#30.84
-146.204,66.9128#41.6#27.52#30.88
-146.064,66.9091#41.57#27.52#30.91
-145.923,66.9053#41.53#27.52#30.95
-145.783,66.9013#41.5#27.52#30.98
-155.766,66.9035#52.89#26.1#21.01
-155.626,66.909#52.73#26.1#21.17
-155.486,66.9143#52.57#26.1#21.33
-155.346,66.9195#52.36#26.1#21.54
-155.206,66.9246#52.15#26.11#21.74
-155.066,66.9295#51.94#26.11#21.95
-154.926,66.9343#51.71#26.11#22.18
-154.786,66.939#51.46#26.12#22.42
-154.646,66.9435#51.21#26.12#22.67
-154.506,66.9479#50.96#26.13#22.91
-154.366,66.9522#50.67#26.16#23.17
-154.225,66.9563#50.39#26.19#23.42
-154.085,66.9603#50.1#26.22#23.68
-153.944,66.9641#49.8#26.26#23.94
-153.804,66.9679#49.48#26.33#24.19
-153.663,66.9714#49.16#26.4#24.44
-153.523,66.9749#48.84#26.47#24.69
-153.382,66.9782#48.52#26.57#24.91
-153.242,66.9814#48.21#26.66#25.13
-153.101,66.9844#47.9#26.76#25.34
-152.96,66.9874#47.59#26.85#25.56
-152.819,66.9901#47.31#26.94#25.75
-152.679,66.9928#47.02#27.02#25.96
-152.538,66.9953#46.74#27.11#26.15
-152.397,66.9977#46.47#27.16#26.37
-152.256,66.9999#46.21#27.21#26.58
-152.115,67.002#45.94#27.25#26.81
-151.974,67.004#45.69#27.29#27.02
-151.833,67.0058#45.45#27.31#27.24
-151.692,67.0075#45.21#27.34#27.45
-151.551,67.009#44.97#27.36#27.67
-151.41,67.0105#44.76#27.38#27.86
-151.269,67.0118#44.57#27.39#28.04
-151.128,67.0129#44.37#27.4#28.23
-150.987,67.0139#44.18#27.41#28.41
-150.846,67.0148#44.01#27.42#28.57
-150.705,67.0156#43.85#27.43#28.72
-150.564,67.0162#43.69#27.43#28.88
-150.422,67.0166#43.54#27.44#29.02
-150.281,67.017#43.4#27.45#29.15
-150.14,67.0172#43.27#27.45#29.28
-149.999,67.0172#43.14#27.45#29.41
-149.858,67.0172#43.03#27.46#29.51
-149.717,67.017#42.92#27.46#29.62
-149.576,67.0166#42.82#27.46#29.72
-149.435,67.0162#42.72#27.47#29.81
-149.294,67.0155#42.64#27.47#29.89
-149.152,67.0148#42.56#27.47#29.97
-149.011,67.0139#42.47#27.48#30.05
-148.87,67.0129#42.41#27.48#30.11
-148.729,67.0117#42.34#27.48#30.18
-148.588,67.0105#42.27#27.48#30.25
-148.447,67.009#42.21#27.48#30.31
-148.306,67.0075#42.16#27.49#30.35
-148.165,67.0058#42.1#27.49#30.41
-148.024,67.0039#42.05#27.49#30.46
-147.883,67.002#42#27.49#30.51
-147.742,66.9999#41.95#27.49#30.56
-147.601,66.9976#41.9#27.5#30.6
-147.461,66.9953#41.86#27.5#30.64
-147.32,66.9927#41.81#27.5#30.69
-147.179,66.9901#41.77#27.5#30.73
-147.038,66.9873#41.73#27.5#30.77
-146.897,66.9844#41.69#27.51#30.8
-146.757,66.9814#41.65#27.51#30.84
-146.616,66.9782#41.62#27.51#30.87
-146.475,66.9749#41.58#27.51#30.91
-146.335,66.9714#41.54#27.51#30.95
-146.194,66.9678#41.51#27.51#30.98
-146.054,66.9641#41.47#27.52#31.01
-145.913,66.9602#41.44#27.52#31.04
-145.773,66.9562#41.4#27.52#31.08
-145.633,66.9521#41.37#27.52#31.11
-145.492,66.9478#41.33#27.52#31.15
-145.352,66.9434#41.29#27.53#31.18
-145.212,66.9389#41.25#27.53#31.22
-145.072,66.9343#41.21#27.53#31.26
-144.932,66.9295#41.15#27.53#31.32
-144.792,66.9245#41.08#27.53#31.39
-144.652,66.9195#41.01#27.53#31.46
-144.512,66.9143#40.94#27.54#31.52
-144.372,66.9089#40.84#27.54#31.62
-144.233,66.9034#40.73#27.54#31.73
-157.037,66.903#53.91#26.1#19.99
-156.898,66.9097#53.8#26.1#20.1
-156.758,66.9162#53.69#26.1#20.21
-156.619,66.9226#53.57#26.1#20.33
-156.479,66.9289#53.45#26.1#20.45
-156.339,66.9351#53.31#26.1#20.59
-156.2,66.9411#53.17#26.1#20.73
-156.06,66.947#53.02#26.1#20.88
-155.92,66.9527#52.88#26.1#21.02
-155.78,66.9583#52.72#26.1#21.18
-155.64,66.9638#52.57#26.1#21.33
-155.5,66.9692#52.42#26.1#21.48
-155.359,66.9744#52.21#26.1#21.69
-155.219,66.9794#52#26.1#21.9
-155.079,66.9844#51.8#26.11#22.09
-154.938,66.9892#51.57#26.11#22.32
-154.798,66.9939#51.32#26.12#22.56
-154.657,66.9984#51.07#26.12#22.81
-154.517,67.0028#50.81#26.13#23.06
-154.376,67.0071#50.53#26.16#23.31
-154.236,67.0112#50.25#26.19#23.56
-154.095,67.0152#49.97#26.23#23.8
-153.954,67.0191#49.67#26.27#24.06
-153.813,67.0228#49.35#26.35#24.3
-153.672,67.0264#49.03#26.42#24.55
-153.532,67.0299#48.71#26.5#24.79
-153.391,67.0332#48.39#26.59#25.02
-153.25,67.0364#48.08#26.69#25.23
-153.109,67.0395#47.77#26.79#25.44
-152.967,67.0424#47.47#26.88#25.65
-152.826,67.0452#47.18#26.97#25.85
-152.685,67.0478#46.9#27.05#26.05
-152.544,67.0503#46.61#27.13#26.26
-152.403,67.0527#46.34#27.18#26.48
-152.262,67.055#46.08#27.22#26.7
-152.12,67.0571#45.82#27.26#26.92
-151.979,67.059#45.56#27.3#27.14
-151.838,67.0609#45.32#27.32#27.36
-151.696,67.0626#45.08#27.34#27.58
-151.555,67.0641#44.84#27.36#27.8
-151.414,67.0656#44.63#27.38#27.99
-151.272,67.0669#44.44#27.39#28.17
-151.131,67.068#44.24#27.4#28.36
-150.989,67.069#44.05#27.41#28.54
-150.848,67.0699#43.88#27.42#28.7
-150.706,67.0707#43.72#27.43#28.85
-150.565,67.0713#43.56#27.43#29.01
-150.424,67.0717#43.41#27.44#29.15
-150.282,67.0721#43.28#27.44#29.28
-150.141,67.0723#43.14#27.45#29.41
-149.999,67.0724#43.01#27.45#29.54
-149.858,67.0723#42.91#27.46#29.63
-149.716,67.0721#42.8#27.46#29.74
-149.575,67.0717#42.7#27.46#29.84
-149.433,67.0713#42.6#27.46#29.94
-149.292,67.0707#42.52#27.47#30.01
-149.15,67.0699#42.44#27.47#30.09
-149.009,67.069#42.36#27.47#30.17
-148.867,67.068#42.29#27.47#30.24
-148.726,67.0668#42.22#27.48#30.3
-148.585,67.0655#42.16#27.48#30.36
-148.443,67.0641#42.1#27.48#30.42
-148.302,67.0625#42.04#27.48#30.48
-148.161,67.0608#41.99#27.49#30.52
-148.019,67.059#41.94#27.49#30.57
-147.878,67.057#41.89#27.49#30.62
-147.737,67.0549#41.84#27.49#30.67
-147.595,67.0527#41.8#27.49#30.71
-147.454,67.0503#41.75#27.5#30.75
-147.313,67.0478#41.71#27.5#30.79
-147.172,67.0451#41.67#27.5#30.83
-147.031,67.0424#41.63#27.5#30.87
-146.89,67.0394#41.59#27.5#30.91
-146.749,67.0364#41.55#27.5#30.95
-146.608,67.0332#41.52#27.51#30.97
-146.467,67.0299#41.48#27.51#31.01
-146.326,67.0264#41.45#27.51#31.04
-146.185,67.0228#41.41#27.51#31.08
-146.044,67.0191#41.38#27.51#31.11
-145.903,67.0152#41.34#27.52#31.14
-145.763,67.0112#41.31#27.52#31.17
-145.622,67.007#41.27#27.52#31.21
-145.481,67.0028#41.24#27.52#31.24
-145.341,66.9984#41.2#27.52#31.28
-145.2,66.9938#41.16#27.52#31.32
-145.06,66.9891#41.13#27.53#31.34
-144.919,66.9843#41.07#27.53#31.4
-144.779,66.9794#41.01#27.53#31.46
-144.639,66.9743#40.94#27.53#31.53
-144.499,66.9691#40.87#27.53#31.6
-144.358,66.9637#40.76#27.54#31.7
-144.218,66.9583#40.65#27.54#31.81
-144.078,66.9526#40.55#27.54#31.91
-143.938,66.9469#40.41#27.54#32.05
-143.799,66.941#40.24#27.55#32.21
-143.659,66.935#40.08#27.55#32.37
-143.519,66.9288#39.91#27.56#32.53
-143.379,66.9225#39.74#27.57#32.69
-143.24,66.9161#39.58#27.58#32.84
-143.1,66.9096#39.41#27.59#33
-142.961,66.9029#39.24#27.6#33.16
-158.03,66.907#54.14#26.09#19.77
-157.891,66.9147#54.09#26.09#19.82
-157.752,66.9222#54.04#26.09#19.87
-157.613,66.9295#53.99#26.09#19.92
-157.473,66.9368#53.94#26.09#19.97
-157.334,66.9439#53.86#26.09#20.05
-157.194,66.9508#53.79#26.09#20.12
-157.054,66.9577#53.71#26.09#20.2
-156.915,66.9644#53.61#26.1#20.29
-156.775,66.9709#53.5#26.1#20.4
-156.635,66.9773#53.38#26.1#20.52
-156.495,66.9836#53.27#26.1#20.63
-156.355,66.9898#53.13#26.1#20.77
-156.215,66.9958#52.99#26.1#20.91
-156.075,67.0017#52.85#26.1#21.05
-155.934,67.0075#52.7#26.1#21.2
-155.794,67.0131#52.55#26.1#21.35
-155.654,67.0186#52.41#26.1#21.49
-155.513,67.024#52.26#26.1#21.64
-155.373,67.0292#52.06#26.1#21.84
-155.232,67.0343#51.86#26.1#22.04
-155.091,67.0393#51.66#26.1#22.24
-154.951,67.0441#51.43#26.11#22.46
-154.81,67.0488#51.18#26.12#22.7
-154.669,67.0533#50.92#26.13#22.95
-154.528,67.0578#50.67#26.13#23.2
-154.387,67.062#50.39#26.16#23.45
-154.246,67.0662#50.11#26.2#23.69
-154.105,67.0702#49.83#26.23#23.94
-153.964,67.0741#49.54#26.28#24.18
-153.823,67.0778#49.22#26.36#24.42
-153.681,67.0814#48.9#26.44#24.66
-153.54,67.0849#48.58#26.52#24.9
-153.399,67.0882#48.27#26.62#25.11
-153.258,67.0914#47.95#26.72#25.33
-153.116,67.0945#47.64#26.82#25.54
-152.975,67.0974#47.34#26.92#25.74
-152.833,67.1002#47.05#27#25.95
-152.692,67.1029#46.77#27.08#26.15
-152.55,67.1054#46.48#27.15#26.37
-152.409,67.1078#46.21#27.21#26.58
-152.267,67.11#45.95#27.24#26.81
-152.126,67.1121#45.69#27.28#27.03
-151.984,67.1141#45.43#27.31#27.26
-151.842,67.116#45.19#27.33#27.48
-151.701,67.1177#44.95#27.35#27.7
-151.559,67.1192#44.71#27.37#27.92
-151.417,67.1207#44.5#27.38#28.12
-151.275,67.122#44.31#27.39#28.3
-151.134,67.1231#44.11#27.4#28.49
-150.992,67.1241#43.92#27.42#28.66
-150.85,67.125#43.75#27.42#28.83
-150.708,67.1258#43.59#27.43#28.98
-150.566,67.1264#43.43#27.43#29.14
-150.425,67.1269#43.28#27.44#29.28
-150.283,67.1272#43.15#27.44#29.41
-150.141,67.1274#43.02#27.45#29.53
-149.999,67.1275#42.89#27.45#29.66
-149.857,67.1274#42.78#27.45#29.77
-149.715,67.1272#42.68#27.46#29.86
-149.574,67.1269#42.57#27.46#29.97
-149.432,67.1264#42.48#27.46#30.06
-149.29,67.1258#42.4#27.47#30.13
-149.148,67.125#42.32#27.47#30.21
-149.006,67.1241#42.24#27.47#30.29
-148.865,67.1231#42.17#27.47#30.36
-148.723,67.1219#42.11#27.47#30.42
-148.581,67.1206#42.04#27.48#30.48
-148.439,67.1192#41.99#27.48#30.53
-148.298,67.1176#41.93#27.48#30.59
-148.156,67.1159#41.88#27.48#30.64
-148.014,67.1141#41.83#27.48#30.69
-147.873,67.1121#41.78#27.49#30.73
-147.731,67.11#41.73#27.49#30.78
-147.59,67.1078#41.69#27.49#30.82
-147.448,67.1054#41.65#27.49#30.86
-147.306,67.1028#41.61#27.49#30.9
-147.165,67.1002#41.57#27.5#30.93
-147.023,67.0974#41.53#27.5#30.97
-146.882,67.0945#41.49#27.5#31.01
-146.741,67.0914#41.45#27.5#31.05
-146.599,67.0882#41.42#27.5#31.08
-146.458,67.0849#41.38#27.51#31.11
-146.317,67.0814#41.35#27.51#31.14
-146.176,67.0778#41.31#27.51#31.18
-146.034,67.074#41.28#27.51#31.21
-145.893,67.0702#41.25#27.51#31.24
-145.752,67.0661#41.21#27.51#31.28
-145.611,67.062#41.18#27.52#31.3
-145.47,67.0577#41.15#27.52#31.33
-145.329,67.0533#41.11#27.52#31.37
-145.188,67.0487#41.08#27.52#31.4
-145.048,67.044#41.04#27.52#31.44
-144.907,67.0392#40.99#27.53#31.48
-144.766,67.0343#40.93#27.53#31.54
-144.626,67.0292#40.87#27.53#31.6
-144.485,67.0239#40.8#27.53#31.67
-144.345,67.0186#40.69#27.53#31.78
-144.204,67.0131#40.58#27.54#31.88
-144.064,67.0074#40.48#27.54#31.98
-143.924,67.0017#40.33#27.54#32.13
-143.783,66.9958#40.16#27.55#32.29
-143.643,66.9897#40#27.55#32.45
-143.503,66.9836#39.83#27.56#32.61
-143.363,66.9773#39.66#27.57#32.77
-143.223,66.9708#39.5#27.58#32.92
-143.083,66.9643#39.33#27.59#33.08
-142.944,66.9576#39.16#27.61#33.23
-142.804,66.9507#38.98#27.63#33.39
-142.665,66.9438#38.81#27.65#33.54
-142.525,66.9367#38.63#27.67#33.7
-142.386,66.9294#38.47#27.7#33.83
-142.246,66.9221#38.31#27.73#33.96
-142.107,66.9146#38.14#27.76#34.1
-141.968,66.9069#37.98#27.79#34.23
-159.023,66.9043#54.04#26.09#19.87
-158.884,66.9129#54.04#26.09#19.87
-158.746,66.9214#54.03#26.09#19.88
-158.607,66.9297#54.03#26.09#19.88
-158.468,66.9378#54.02#26.09#19.89
-158.328,66.9459#53.99#26.09#19.92
-158.189,66.9538#53.96#26.09#19.95
-158.05,66.9616#53.93#26.09#19.98
-157.91,66.9692#53.89#26.09#20.02
-157.771,66.9767#53.84#26.09#20.07
-157.631,66.9841#53.79#26.09#20.12
-157.491,66.9914#53.73#26.09#20.18
-157.352,66.9985#53.66#26.09#20.25
-157.212,67.0055#53.59#26.09#20.32
-157.072,67.0123#53.51#26.09#20.4
-156.932,67.019#53.42#26.09#20.49
-156.792,67.0256#53.31#26.1#20.59
-156.651,67.0321#53.19#26.1#20.71
-156.511,67.0384#53.08#26.1#20.82
-156.371,67.0446#52.94#26.1#20.96
-156.23,67.0506#52.81#26.1#21.09
-156.09,67.0565#52.67#26.1#21.23
-155.949,67.0623#52.53#26.1#21.37
-155.808,67.068#52.39#26.1#21.51
-155.668,67.0735#52.24#26.1#21.66
-155.527,67.0788#52.1#26.1#21.8
-155.386,67.0841#51.91#26.1#21.99
-155.245,67.0892#51.71#26.1#22.19
-155.104,67.0942#51.51#26.1#22.39
-154.963,67.099#51.3#26.11#22.59
-154.822,67.1037#51.04#26.12#22.84
-154.681,67.1083#50.78#26.13#23.09
-154.539,67.1127#50.52#26.14#23.34
-154.398,67.117#50.25#26.17#23.58
-154.257,67.1212#49.97#26.2#23.83
-154.115,67.1252#49.7#26.24#24.06
-153.974,67.1291#49.41#26.29#24.3
-153.832,67.1328#49.09#26.38#24.53
-153.691,67.1364#48.77#26.46#24.77
-153.549,67.1399#48.45#26.55#25
-153.407,67.1433#48.13#26.65#25.22
-153.266,67.1465#47.82#26.75#25.43
-153.124,67.1495#47.51#26.85#25.64
-152.982,67.1525#47.2#26.94#25.86
-152.84,67.1553#46.92#27.02#26.06
-152.698,67.1579#46.63#27.1#26.27
-152.557,67.1605#46.35#27.17#26.48
-152.415,67.1629#46.08#27.22#26.7
-152.273,67.1651#45.82#27.25#26.93
-152.131,67.1672#45.56#27.28#27.16
-151.989,67.1692#45.3#27.31#27.39
-151.847,67.1711#45.06#27.33#27.61
-151.705,67.1728#44.82#27.35#27.83
-151.563,67.1743#44.58#27.37#28.05
-151.421,67.1758#44.37#27.38#28.25
-151.278,67.1771#44.17#27.39#28.44
-151.136,67.1782#43.97#27.4#28.63
-150.994,67.1793#43.78#27.41#28.81
-150.852,67.1801#43.62#27.42#28.96
-150.71,67.1809#43.45#27.43#29.12
-150.568,67.1815#43.29#27.43#29.28
-150.426,67.182#43.15#27.44#29.41
-150.283,67.1823#43.01#27.44#29.55
-150.141,67.1825#42.88#27.44#29.68
-149.999,67.1826#42.75#27.45#29.8
-149.857,67.1825#42.65#27.45#29.9
-149.715,67.1823#42.54#27.45#30.01
-149.573,67.182#42.44#27.46#30.1
-149.43,67.1815#42.35#27.46#30.19
-149.288,67.1809#42.27#27.46#30.27
-149.146,67.1801#42.19#27.47#30.34
-149.004,67.1792#42.11#27.47#30.42
-148.862,67.1782#42.05#27.47#30.48
-148.72,67.1771#41.99#27.47#30.54
-148.578,67.1758#41.93#27.47#30.6
-148.436,67.1743#41.87#27.48#30.65
-148.293,67.1727#41.82#27.48#30.7
-148.151,67.171#41.77#27.48#30.75
-148.009,67.1692#41.71#27.48#30.81
-147.867,67.1672#41.67#27.48#30.85
-147.725,67.1651#41.63#27.49#30.88
-147.584,67.1628#41.58#27.49#30.93
-147.442,67.1604#41.54#27.49#30.97
-147.3,67.1579#41.5#27.49#31.01
-147.158,67.1552#41.46#27.49#31.05
-147.016,67.1524#41.42#27.5#31.08
-146.874,67.1495#41.39#27.5#31.11
-146.733,67.1464#41.35#27.5#31.15
-146.591,67.1432#41.32#27.5#31.18
-146.449,67.1399#41.28#27.5#31.22
-146.308,67.1364#41.25#27.5#31.25
-146.166,67.1328#41.22#27.51#31.27
-146.025,67.129#41.18#27.51#31.31
-145.883,67.1251#41.15#27.51#31.34
-145.742,67.1211#41.12#27.51#31.37
-145.6,67.1169#41.09#27.51#31.4
-145.459,67.1126#41.06#27.52#31.42
-145.318,67.1082#41.02#27.52#31.46
-145.177,67.1036#40.99#27.52#31.49
-145.035,67.0989#40.96#27.52#31.52
-144.894,67.0941#40.91#27.52#31.57
-144.753,67.0891#40.86#27.53#31.61
-144.612,67.084#40.8#27.53#31.67
-144.471,67.0788#40.73#27.53#31.74
-144.331,67.0734#40.62#27.53#31.85
-144.19,67.0679#40.51#27.53#31.96
-144.049,67.0622#40.4#27.54#32.06
-143.909,67.0565#40.26#27.54#32.2
-143.768,67.0505#40.09#27.55#32.36
-143.628,67.0445#39.92#27.55#32.53
-143.487,67.0383#39.75#27.56#32.69
-143.347,67.032#39.58#27.57#32.85
-143.207,67.0255#39.42#27.58#33
-143.066,67.019#39.25#27.59#33.16
-142.926,67.0122#39.08#27.61#33.31
-142.786,67.0054#38.91#27.64#33.45
-142.647,66.9984#38.73#27.66#33.61
-142.507,66.9913#38.56#27.68#33.76
-142.367,66.984#38.4#27.71#33.89
-142.227,66.9767#38.24#27.75#34.01
-142.088,66.9691#38.08#27.78#34.14
-141.948,66.9615#37.92#27.81#34.27
-141.809,66.9537#37.76#27.84#34.4
-141.67,66.9458#37.61#27.87#34.52
-141.531,66.9377#37.45#27.9#34.65
-141.392,66.9296#37.3#27.93#34.77
-141.253,66.9212#37.14#27.95#34.91
-141.114,66.9128#36.99#27.98#35.03
-140.975,66.9042#36.84#28#35.16
-159.877,66.9044#53.71#26.09#20.2
-159.739,66.9138#53.74#26.09#20.17
-159.6,66.923#53.78#26.09#20.13
-159.462,66.9322#53.8#26.09#20.11
-159.323,66.9412#53.81#26.09#20.1
-159.184,66.95#53.82#26.09#20.09
-159.045,66.9587#53.83#26.09#20.08
-158.906,66.9673#53.83#26.09#20.08
-158.767,66.9758#53.82#26.09#20.09
-158.628,66.9841#53.82#26.09#20.09
-158.488,66.9923#53.81#26.09#20.1
-158.349,67.0004#53.78#26.09#20.13
-158.209,67.0083#53.75#26.09#20.16
-158.07,67.0161#53.72#26.09#20.19
-157.93,67.0238#53.68#26.09#20.23
-157.79,67.0313#53.63#26.09#20.28
-157.65,67.0387#53.58#26.09#20.33
-157.51,67.046#53.53#26.09#20.38
-157.37,67.0531#53.46#26.09#20.45
-157.23,67.0601#53.39#26.09#20.52
-157.089,67.067#53.32#26.09#20.59
-156.949,67.0737#53.23#26.09#20.68
-156.808,67.0804#53.12#26.09#20.79
-156.668,67.0868#53#26.1#20.9
-156.527,67.0931#52.89#26.1#21.01
-156.386,67.0993#52.76#26.1#21.14
-156.246,67.1054#52.62#26.1#21.28
-156.105,67.1113#52.49#26.1#21.41
-155.964,67.1171#52.35#26.1#21.55
-155.823,67.1228#52.22#26.1#21.68
-155.682,67.1283#52.08#26.1#21.82
-155.54,67.1337#51.94#26.1#21.96
-155.399,67.139#51.76#26.1#22.14
-155.258,67.1441#51.56#26.1#22.34
-155.117,67.1491#51.36#26.1#22.54
-154.975,67.1539#51.15#26.11#22.74
-154.834,67.1586#50.88#26.12#23
-154.692,67.1632#50.62#26.13#23.25
-154.55,67.1677#50.36#26.15#23.49
-154.409,67.172#50.09#26.18#23.73
-154.267,67.1761#49.81#26.22#23.97
-154.125,67.1802#49.53#26.27#24.2
-153.984,67.1841#49.25#26.32#24.43
-153.842,67.1878#48.93#26.4#24.67
-153.7,67.1914#48.61#26.49#24.9
-153.558,67.1949#48.3#26.58#25.12
-153.416,67.1983#47.98#26.67#25.35
-153.274,67.2015#47.68#26.77#25.55
-153.132,67.2046#47.37#26.87#25.76
-152.99,67.2075#47.06#26.97#25.97
-152.847,67.2103#46.78#27.04#26.18
-152.705,67.213#46.5#27.11#26.39
-152.563,67.2155#46.21#27.18#26.61
-152.421,67.2179#45.94#27.23#26.83
-152.278,67.2202#45.68#27.26#27.06
-152.136,67.2223#45.42#27.29#27.29
-151.994,67.2243#45.16#27.32#27.52
-151.851,67.2262#44.92#27.34#27.74
-151.709,67.2279#44.68#27.35#27.97
-151.567,67.2295#44.45#27.37#28.18
-151.424,67.2309#44.23#27.38#28.39
-151.282,67.2322#44.03#27.39#28.58
-151.139,67.2334#43.84#27.4#28.76
-150.997,67.2344#43.64#27.41#28.95
-150.854,67.2353#43.48#27.42#29.1
-150.712,67.236#43.32#27.42#29.26
-150.569,67.2366#43.16#27.43#29.41
-150.427,67.2371#43.01#27.43#29.56
-150.284,67.2375#42.88#27.44#29.68
-150.142,67.2377#42.75#27.44#29.81
-149.999,67.2377#42.62#27.45#29.93
-149.857,67.2377#42.52#27.45#30.03
-149.714,67.2375#42.41#27.45#30.14
-149.572,67.2371#42.31#27.46#30.23
-149.429,67.2366#42.22#27.46#30.32
-149.286,67.236#42.14#27.46#30.4
-149.144,67.2353#42.07#27.46#30.47
-149.001,67.2344#41.99#27.47#30.54
-148.859,67.2333#41.93#27.47#30.6
-148.717,67.2322#41.87#27.47#30.66
-148.574,67.2309#41.81#27.47#30.72
-148.432,67.2294#41.75#27.47#30.78
-148.289,67.2279#41.7#27.48#30.82
-148.147,67.2261#41.65#27.48#30.87
-148.004,67.2243#41.6#27.48#30.92
-147.862,67.2223#41.56#27.48#30.96
-147.72,67.2202#41.52#27.48#31
-147.578,67.2179#41.47#27.49#31.04
-147.435,67.2155#41.43#27.49#31.08
-147.293,67.213#41.39#27.49#31.12
-147.151,67.2103#41.36#27.49#31.15
-147.009,67.2075#41.32#27.49#31.19
-146.867,67.2046#41.29#27.49#31.22
-146.724,67.2015#41.25#27.5#31.25
-146.582,67.1983#41.22#27.5#31.28
-146.44,67.1949#41.18#27.5#31.32
-146.298,67.1914#41.15#27.5#31.35
-146.157,67.1878#41.12#27.5#31.38
-146.015,67.184#41.09#27.51#31.4
-145.873,67.1801#41.06#27.51#31.43
-145.731,67.1761#41.02#27.51#31.47
-145.589,67.1719#40.99#27.51#31.5
-145.448,67.1676#40.96#27.51#31.53
-145.306,67.1632#40.93#27.51#31.56
-145.165,67.1586#40.9#27.52#31.58
-145.023,67.1539#40.88#27.52#31.6
-144.882,67.149#40.83#27.52#31.65
-144.74,67.144#40.77#27.52#31.71
-144.599,67.1389#40.72#27.52#31.76
-144.458,67.1336#40.65#27.53#31.82
-144.317,67.1283#40.55#27.53#31.92
-144.176,67.1227#40.44#27.53#32.03
-144.034,67.1171#40.33#27.53#32.14
-143.894,67.1113#40.18#27.54#32.28
-143.753,67.1053#40.01#27.54#32.45
-143.612,67.0993#39.84#27.55#32.61
-143.471,67.0931#39.67#27.56#32.77
-143.33,67.0867#39.5#27.57#32.93
-143.19,67.0803#39.34#27.58#33.08
-143.049,67.0737#39.17#27.6#33.23
-142.909,67.0669#39#27.62#33.38
-142.769,67.0601#38.83#27.64#33.53
-142.628,67.0531#38.66#27.67#33.67
-142.488,67.0459#38.49#27.69#33.82
-142.348,67.0386#38.33#27.73#33.94
-142.208,67.0312#38.17#27.76#34.07
-142.068,67.0237#38.01#27.79#34.2
-141.929,67.016#37.85#27.82#34.33
-141.789,67.0082#37.7#27.85#34.45
-141.649,67.0003#37.54#27.88#34.58
-141.51,66.9922#37.39#27.91#34.7
-141.371,66.984#37.24#27.94#34.82
-141.231,66.9757#37.08#27.96#34.96
-141.092,66.9672#36.93#27.98#35.09
-140.953,66.9586#36.78#28.01#35.21
-140.814,66.9499#36.62#28.02#35.36
-140.675,66.941#36.46#28.04#35.5
-140.537,66.9321#36.31#28.06#35.63
-140.398,66.9229#36.15#28.07#35.78
-140.259,66.9137#35.99#28.09#35.92
-140.121,66.9043#35.83#28.1#36.07
-160.593,66.9097#53.25#26.09#20.66
-160.455,66.9197#53.32#26.09#20.59
-160.317,66.9297#53.37#26.09#20.54
-160.178,66.9395#53.42#26.09#20.49
-160.04,66.9491#53.48#26.09#20.43
-159.901,66.9587#53.51#26.09#20.4
-159.763,66.9681#53.54#26.09#20.37
-159.624,66.9774#53.57#26.09#20.34
-159.485,66.9865#53.6#26.09#20.31
-159.346,66.9955#53.61#26.09#20.3
-159.207,67.0044#53.62#26.09#20.29
-159.067,67.0131#53.62#26.09#20.29
-158.928,67.0218#53.62#26.09#20.29
-158.788,67.0303#53.62#26.09#20.29
-158.649,67.0386#53.61#26.09#20.3
-158.509,67.0468#53.61#26.09#20.3
-158.369,67.0549#53.58#26.09#20.33
-158.229,67.0629#53.54#26.09#20.37
-158.089,67.0707#53.51#26.09#20.4
-157.949,67.0784#53.48#26.09#20.43
-157.809,67.0859#53.43#26.09#20.48
-157.669,67.0934#53.38#26.09#20.53
-157.528,67.1006#53.33#26.09#20.58
-157.388,67.1078#53.26#26.09#20.65
-157.247,67.1148#53.19#26.09#20.72
-157.107,67.1217#53.12#26.09#20.79
-156.966,67.1285#53.04#26.09#20.87
-156.825,67.1351#52.93#26.09#20.98
-156.684,67.1416#52.82#26.09#21.09
-156.543,67.1479#52.71#26.1#21.19
-156.402,67.1541#52.58#26.1#21.32
-156.261,67.1602#52.44#26.1#21.46
-156.12,67.1662#52.31#26.1#21.59
-155.979,67.172#52.17#26.1#21.73
-155.837,67.1776#52.04#26.1#21.86
-155.696,67.1832#51.9#26.1#22
-155.554,67.1886#51.76#26.1#22.14
-155.413,67.1939#51.58#26.1#22.32
-155.271,67.199#51.38#26.1#22.52
-155.129,67.204#51.18#26.11#22.71
-154.987,67.2088#50.97#26.11#22.92
-154.846,67.2136#50.71#26.12#23.17
-154.704,67.2182#50.46#26.14#23.4
-154.562,67.2226#50.2#26.16#23.64
-154.42,67.2269#49.93#26.19#23.88
-154.278,67.2311#49.65#26.24#24.11
-154.136,67.2352#49.37#26.29#24.34
-153.993,67.2391#49.08#26.34#24.58
-153.851,67.2428#48.77#26.43#24.8
-153.709,67.2465#48.46#26.52#25.02
-153.567,67.25#48.15#26.61#25.24
-153.424,67.2533#47.84#26.7#25.46
-153.282,67.2566#47.53#26.8#25.67
-153.139,67.2596#47.22#26.9#25.88
-152.997,67.2626#46.92#26.99#26.09
-152.854,67.2654#46.64#27.06#26.3
-152.712,67.2681#46.36#27.12#26.52
-152.569,67.2706#46.08#27.19#26.73
-152.427,67.273#45.81#27.23#26.96
-152.284,67.2753#45.55#27.26#27.19
-152.141,67.2774#45.29#27.29#27.42
-151.999,67.2794#45.03#27.32#27.65
-151.856,67.2813#44.79#27.34#27.87
-151.713,67.283#44.55#27.36#28.09
-151.57,67.2846#44.31#27.37#28.32
-151.428,67.286#44.09#27.38#28.53
-151.285,67.2873#43.9#27.39#28.71
-151.142,67.2885#43.7#27.4#28.9
-150.999,67.2895#43.51#27.41#29.08
-150.856,67.2904#43.34#27.42#29.24
-150.713,67.2912#43.18#27.42#29.4
-150.571,67.2918#43.02#27.43#29.55
-150.428,67.2923#42.87#27.43#29.7
-150.285,67.2926#42.74#27.44#29.82
-150.142,67.2928#42.61#27.44#29.95
-149.999,67.2929#42.49#27.44#30.07
-149.856,67.2928#42.38#27.45#30.17
-149.713,67.2926#42.28#27.45#30.27
-149.57,67.2923#42.18#27.45#30.37
-149.428,67.2918#42.09#27.46#30.45
-149.285,67.2912#42.02#27.46#30.52
-149.142,67.2904#41.94#27.46#30.6
-148.999,67.2895#41.86#27.46#30.68
-148.856,67.2885#41.81#27.46#30.73
-148.713,67.2873#41.75#27.47#30.78
-148.571,67.286#41.69#27.47#30.84
-148.428,67.2846#41.64#27.47#30.89
-148.285,67.283#41.59#27.47#30.94
-148.142,67.2813#41.54#27.47#30.99
-148,67.2794#41.49#27.48#31.03
-147.857,67.2774#41.45#27.48#31.07
-147.714,67.2753#41.41#27.48#31.11
-147.572,67.273#41.36#27.48#31.16
-147.429,67.2706#41.33#27.48#31.19
-147.286,67.2681#41.29#27.49#31.22
-147.144,67.2654#41.25#27.49#31.26
-147.001,67.2626#41.22#27.49#31.29
-146.859,67.2596#41.18#27.49#31.33
-146.716,67.2565#41.15#27.49#31.36
-146.574,67.2533#41.12#27.5#31.38
-146.432,67.2499#41.08#27.5#31.42
-146.289,67.2464#41.05#27.5#31.45
-146.147,67.2428#41.02#27.5#31.48
-146.005,67.239#40.99#27.5#31.51
-145.863,67.2351#40.96#27.5#31.54
-145.721,67.2311#40.93#27.51#31.56
-145.578,67.2269#40.9#27.51#31.59
-145.436,67.2226#40.87#27.51#31.62
-145.294,67.2181#40.84#27.51#31.65
-145.153,67.2135#40.81#27.51#31.68
-145.011,67.2088#40.78#27.52#31.7
-144.869,67.2039#40.73#27.52#31.75
-144.727,67.1989#40.68#27.52#31.8
-144.586,67.1938#40.63#27.52#31.85
-144.444,67.1885#40.55#27.52#31.93
-144.303,67.1831#40.45#27.53#32.02
-144.161,67.1776#40.35#27.53#32.12
-144.02,67.1719#40.25#27.53#32.22
-143.878,67.1661#40.09#27.54#32.37
-143.737,67.1601#39.92#27.54#32.54
-143.596,67.1541#39.75#27.55#32.7
-143.455,67.1478#39.59#27.56#32.85
-143.314,67.1415#39.42#27.57#33.01
-143.173,67.135#39.26#27.59#33.15
-143.032,67.1284#39.09#27.6#33.31
-142.892,67.1216#38.93#27.62#33.45
-142.751,67.1147#38.76#27.65#33.59
-142.61,67.1077#38.59#27.68#33.73
-142.47,67.1006#38.42#27.71#33.87
-142.329,67.0933#38.26#27.74#34
-142.189,67.0858#38.1#27.77#34.13
-142.049,67.0783#37.94#27.8#34.26
-141.909,67.0706#37.79#27.84#34.37
-141.769,67.0628#37.64#27.87#34.49
-141.629,67.0548#37.48#27.9#34.62
-141.489,67.0467#37.33#27.93#34.74
-141.349,67.0385#37.17#27.95#34.88
-141.21,67.0301#37.02#27.97#35.01
-141.07,67.0217#36.87#27.99#35.14
-140.931,67.013#36.72#28.01#35.27
-140.792,67.0043#36.56#28.03#35.41
-140.652,66.9954#36.41#28.05#35.54
-140.513,66.9864#36.25#28.07#35.68
-140.374,66.9772#36.09#28.08#35.83
-140.236,66.968#35.94#28.09#35.97
-140.097,66.9586#35.78#28.1#36.12
-139.958,66.949#35.62#28.11#36.27
-139.82,66.9393#35.46#28.12#36.42
-139.681,66.9295#35.29#28.13#36.58
-139.543,66.9196#35.13#28.14#36.73
-139.405,66.9095#34.96#28.15#36.89
-161.447,66.9006#52.32#26.09#21.59
-161.309,66.9114#52.48#26.09#21.43
-161.172,66.9222#52.65#26.09#21.26
-161.034,66.9328#52.81#26.09#21.1
-160.896,66.9433#52.91#26.09#21
-160.757,66.9536#52.98#26.09#20.93
-160.619,66.9638#53.06#26.09#20.85
-160.481,66.9739#53.12#26.09#20.79
-160.342,66.9839#53.17#26.09#20.74
-160.203,66.9937#53.23#26.09#20.68
-160.065,67.0034#53.28#26.09#20.63
-159.926,67.0129#53.31#26.09#20.6
-159.787,67.0224#53.34#26.09#20.57
-159.647,67.0317#53.37#26.09#20.54
-159.508,67.0408#53.4#26.09#20.51
-159.369,67.0499#53.4#26.09#20.51
-159.229,67.0588#53.41#26.09#20.5
-159.09,67.0676#53.42#26.09#20.49
-158.95,67.0762#53.42#26.09#20.49
-158.81,67.0847#53.41#26.09#20.5
-158.67,67.0931#53.4#26.09#20.51
-158.53,67.1013#53.4#26.09#20.51
-158.39,67.1094#53.37#26.09#20.54
-158.25,67.1174#53.34#26.09#20.57
-158.109,67.1253#53.31#26.09#20.6
-157.969,67.133#53.27#26.09#20.64
-157.828,67.1405#53.22#26.09#20.69
-157.688,67.148#53.17#26.09#20.74
-157.547,67.1553#53.12#26.09#20.79
-157.406,67.1625#53.06#26.09#20.85
-157.265,67.1695#52.99#26.09#20.92
-157.124,67.1764#52.92#26.09#20.99
-156.983,67.1832#52.85#26.09#21.06
-156.842,67.1898#52.74#26.09#21.17
-156.701,67.1963#52.63#26.09#21.28
-156.559,67.2027#52.53#26.09#21.38
-156.418,67.2089#52.4#26.1#21.5
-156.277,67.215#52.27#26.1#21.63
-156.135,67.221#52.13#26.1#21.77
-155.993,67.2268#51.99#26.1#21.91
-155.852,67.2325#51.85#26.1#22.05
-155.71,67.238#51.71#26.1#22.19
-155.568,67.2435#51.57#26.1#22.33
-155.426,67.2487#51.4#26.1#22.5
-155.284,67.2539#51.2#26.1#22.7
-155.142,67.2589#51#26.11#22.89
-155,67.2638#50.8#26.11#23.09
-154.858,67.2685#50.54#26.13#23.33
-154.715,67.2731#50.29#26.15#23.56
-154.573,67.2776#50.03#26.17#23.8
-154.431,67.2819#49.76#26.2#24.04
-154.288,67.2861#49.48#26.26#24.26
-154.146,67.2902#49.2#26.31#24.49
-154.003,67.2941#48.92#26.37#24.71
-153.861,67.2979#48.61#26.46#24.93
-153.718,67.3015#48.3#26.55#25.15
-153.576,67.305#48#26.64#25.36
-153.433,67.3084#47.69#26.73#25.58
-153.29,67.3116#47.39#26.83#25.78
-153.147,67.3147#47.08#26.92#26
-153.004,67.3177#46.78#27.01#26.21
-152.862,67.3205#46.5#27.08#26.42
-152.719,67.3232#46.22#27.14#26.64
-152.576,67.3257#45.94#27.2#26.86
-152.433,67.3281#45.67#27.24#27.09
-152.29,67.3304#45.41#27.27#27.32
-152.147,67.3326#45.15#27.3#27.55
-152.004,67.3346#44.89#27.33#27.78
-151.861,67.3364#44.65#27.34#28.01
-151.718,67.3381#44.41#27.36#28.23
-151.574,67.3397#44.17#27.37#28.46
-151.431,67.3412#43.96#27.38#28.66
-151.288,67.3425#43.76#27.39#28.85
-151.145,67.3436#43.56#27.4#29.04
-151.002,67.3447#43.37#27.41#29.22
-150.858,67.3456#43.21#27.42#29.37
-150.715,67.3463#43.05#27.42#29.53
-150.572,67.347#42.88#27.43#29.69
-150.429,67.3474#42.74#27.43#29.83
-150.286,67.3478#42.61#27.43#29.96
-150.142,67.348#42.48#27.44#30.08
-149.999,67.3481#42.35#27.44#30.21
-149.856,67.348#42.25#27.44#30.31
-149.713,67.3478#42.15#27.45#30.4
-149.569,67.3474#42.05#27.45#30.5
-149.426,67.3469#41.96#27.45#30.59
-149.283,67.3463#41.89#27.46#30.65
-149.14,67.3456#41.81#27.46#30.73
-148.997,67.3447#41.74#27.46#30.8
-148.853,67.3436#41.68#27.46#30.86
-148.71,67.3425#41.63#27.46#30.91
-148.567,67.3411#41.57#27.47#30.96
-148.424,67.3397#41.52#27.47#31.01
-148.281,67.3381#41.47#27.47#31.06
-148.138,67.3364#41.42#27.47#31.11
-147.995,67.3345#41.38#27.47#31.15
-147.851,67.3325#41.34#27.48#31.18
-147.708,67.3304#41.3#27.48#31.22
-147.565,67.3281#41.26#27.48#31.26
-147.422,67.3257#41.22#27.48#31.3
-147.28,67.3232#41.18#27.48#31.34
-147.137,67.3205#41.15#27.49#31.36
-146.994,67.3176#41.11#27.49#31.4
-146.851,67.3147#41.08#27.49#31.43
-146.708,67.3116#41.05#27.49#31.46
-146.565,67.3083#41.02#27.49#31.49
-146.423,67.305#40.99#27.49#31.52
-146.28,67.3015#40.95#27.5#31.55
-146.137,67.2978#40.92#27.5#31.58
-145.995,67.294#40.9#27.5#31.6
-145.852,67.2901#40.86#27.5#31.64
-145.71,67.2861#40.83#27.5#31.67
-145.567,67.2819#40.8#27.51#31.69
-145.425,67.2775#40.78#27.51#31.71
-145.283,67.2731#40.75#27.51#31.74
-145.141,67.2685#40.72#27.51#31.77
-144.998,67.2637#40.69#27.51#31.8
-144.856,67.2588#40.64#27.52#31.84
-144.714,67.2538#40.58#27.52#31.9
-144.572,67.2487#40.53#27.52#31.95
-144.43,67.2434#40.46#27.52#32.02
-144.288,67.238#40.36#27.53#32.11
-144.147,67.2324#40.26#27.53#32.21
-144.005,67.2267#40.16#27.53#32.31
-143.863,67.2209#40#27.54#32.46
-143.722,67.2149#39.83#27.54#32.63
-143.58,67.2088#39.67#27.55#32.78
-143.439,67.2026#39.5#27.56#32.94
-143.297,67.1962#39.34#27.58#33.08
-143.156,67.1897#39.17#27.59#33.24
-143.015,67.1831#39.01#27.61#33.38
-142.874,67.1763#38.84#27.63#33.53
-142.733,67.1694#38.68#27.66#33.66
-142.592,67.1624#38.51#27.69#33.8
-142.451,67.1552#38.35#27.72#33.93
-142.31,67.1479#38.19#27.75#34.06
-142.17,67.1405#38.03#27.79#34.18
-142.029,67.1329#37.88#27.82#34.3
-141.889,67.1252#37.72#27.85#34.43
-141.749,67.1173#37.57#27.88#34.55
-141.608,67.1093#37.42#27.91#34.67
-141.468,67.1012#37.27#27.94#34.79
-141.328,67.093#37.11#27.96#34.93
-141.188,67.0846#36.96#27.98#35.06
-141.048,67.0761#36.81#28#35.19
-140.909,67.0675#36.66#28.02#35.32
-140.769,67.0587#36.5#28.04#35.46
-140.63,67.0498#36.35#28.05#35.6
-140.49,67.0407#36.19#28.07#35.74
-140.351,67.0316#36.04#28.08#35.88
-140.212,67.0223#35.88#28.09#36.03
-140.073,67.0128#35.72#28.1#36.18
-139.934,67.0033#35.56#28.11#36.33
-139.795,66.9936#35.4#28.12#36.48
-139.656,66.9837#35.24#28.13#36.63
-139.518,66.9738#35.08#28.14#36.78
-139.379,66.9637#34.91#28.15#36.94
-139.241,66.9535#34.74#28.15#37.11
-139.103,66.9431#34.57#28.16#37.27
-138.965,66.9326#34.4#28.17#37.43
-138.827,66.922#34.22#28.17#37.61
-138.689,66.9113#34.05#28.18#37.77
-138.551,66.9004#33.87#28.18#37.95
-162.026,66.9097#51.33#26.08#22.59
-161.888,66.9211#51.53#26.08#22.39
-161.751,66.9324#51.73#26.08#22.19
-161.613,66.9435#51.93#26.08#21.99
-161.475,66.9546#52.13#26.08#21.79
-161.337,66.9654#52.29#26.08#21.63
-161.199,66.9762#52.45#26.08#21.47
-161.061,66.9868#52.62#26.08#21.3
-160.922,66.9974#52.73#26.09#21.18
-160.784,67.0077#52.8#26.09#21.11
-160.645,67.018#52.86#26.09#21.05
-160.506,67.0281#52.93#26.09#20.98
-160.367,67.0381#52.98#26.09#20.93
-160.228,67.0479#53.03#26.09#20.88
-160.089,67.0576#53.07#26.09#20.84
-159.95,67.0672#53.12#26.09#20.79
-159.811,67.0767#53.14#26.09#20.77
-159.671,67.086#53.17#26.09#20.74
-159.532,67.0952#53.19#26.09#20.72
-159.392,67.1043#53.2#26.09#20.71
-159.252,67.1132#53.21#26.09#20.7
-159.112,67.122#53.21#26.09#20.7
-158.972,67.1307#53.21#26.09#20.7
-158.832,67.1392#53.21#26.09#20.7
-158.692,67.1476#53.2#26.09#20.71
-158.551,67.1558#53.19#26.09#20.72
-158.411,67.164#53.16#26.09#20.75
-158.27,67.172#53.13#26.09#20.78
-158.129,67.1798#53.1#26.09#20.81
-157.989,67.1876#53.07#26.09#20.84
-157.848,67.1952#53.02#26.09#20.89
-157.707,67.2026#52.97#26.09#20.94
-157.566,67.2099#52.92#26.09#20.99
-157.425,67.2171#52.86#26.09#21.05
-157.283,67.2242#52.79#26.09#21.12
-157.142,67.2311#52.72#26.09#21.19
-157.001,67.2379#52.66#26.09#21.25
-156.859,67.2446#52.55#26.09#21.36
-156.717,67.2511#52.45#26.09#21.46
-156.576,67.2575#52.34#26.09#21.57
-156.434,67.2637#52.23#26.09#21.68
-156.292,67.2698#52.09#26.1#21.81
-156.15,67.2758#51.95#26.1#21.95
-156.008,67.2816#51.82#26.1#22.08
-155.866,67.2874#51.67#26.1#22.23
-155.724,67.2929#51.53#26.1#22.37
-155.582,67.2984#51.39#26.1#22.51
-155.44,67.3037#51.23#26.1#22.67
-155.297,67.3088#51.02#26.11#22.87
-155.155,67.3138#50.82#26.11#23.07
-155.012,67.3187#50.62#26.11#23.27
-154.87,67.3235#50.37#26.13#23.5
-154.727,67.3281#50.12#26.16#23.72
-154.585,67.3326#49.86#26.18#23.96
-154.442,67.3369#49.6#26.21#24.19
-154.299,67.3411#49.32#26.27#24.41
-154.156,67.3452#49.03#26.33#24.64
-154.013,67.3491#48.75#26.39#24.86
-153.87,67.3529#48.45#26.48#25.07
-153.727,67.3566#48.15#26.58#25.27
-153.584,67.3601#47.84#26.67#25.49
-153.441,67.3635#47.54#26.76#25.7
-153.298,67.3667#47.24#26.85#25.91
-153.155,67.3698#46.94#26.94#26.12
-153.012,67.3728#46.64#27.04#26.32
-152.869,67.3756#46.36#27.09#26.55
-152.725,67.3783#46.08#27.15#26.77
-152.582,67.3808#45.8#27.21#26.99
-152.439,67.3833#45.53#27.25#27.22
-152.296,67.3855#45.28#27.28#27.44
-152.152,67.3877#45.02#27.3#27.68
-152.009,67.3897#44.76#27.33#27.91
-151.865,67.3916#44.52#27.34#28.14
-151.722,67.3933#44.28#27.36#28.36
-151.578,67.3949#44.04#27.37#28.59
-151.435,67.3963#43.82#27.39#28.79
-151.291,67.3976#43.62#27.39#28.99
-151.148,67.3988#43.43#27.4#29.17
-151.004,67.3998#43.23#27.41#29.36
-150.861,67.4007#43.07#27.42#29.51
-150.717,67.4015#42.91#27.42#29.67
-150.573,67.4021#42.75#27.43#29.82
-150.43,67.4026#42.6#27.43#29.97
-150.286,67.4029#42.47#27.43#30.1
-150.143,67.4032#42.35#27.44#30.21
-149.999,67.4032#42.22#27.44#30.34
-149.856,67.4032#42.12#27.44#30.44
-149.712,67.4029#42.02#27.45#30.53
-149.568,67.4026#41.92#27.45#30.63
-149.425,67.4021#41.83#27.45#30.72
-149.281,67.4015#41.76#27.45#30.79
-149.138,67.4007#41.69#27.46#30.85
-148.994,67.3998#41.62#27.46#30.92
-148.85,67.3988#41.56#27.46#30.98
-148.707,67.3976#41.51#27.46#31.03
-148.563,67.3963#41.45#27.46#31.09
-148.42,67.3948#41.4#27.47#31.13
-148.276,67.3933#41.36#27.47#31.17
-148.133,67.3915#41.31#27.47#31.22
-147.989,67.3897#41.26#27.47#31.27
-147.846,67.3877#41.22#27.47#31.31
-147.703,67.3855#41.19#27.48#31.33
-147.559,67.3832#41.15#27.48#31.37
-147.416,67.3808#41.11#27.48#31.41
-147.273,67.3783#41.08#27.48#31.44
-147.129,67.3756#41.04#27.48#31.48
-146.986,67.3727#41.01#27.48#31.51
-146.843,67.3698#40.98#27.49#31.53
-146.7,67.3667#40.95#27.49#31.56
-146.557,67.3634#40.92#27.49#31.59
-146.414,67.36#40.89#27.49#31.62
-146.271,67.3565#40.86#27.49#31.65
-146.128,67.3529#40.83#27.5#31.67
-145.985,67.3491#40.8#27.5#31.7
-145.842,67.3451#40.77#27.5#31.73
-145.699,67.3411#40.74#27.5#31.76
-145.556,67.3369#40.71#27.5#31.79
-145.414,67.3325#40.68#27.5#31.82
-145.271,67.328#40.65#27.51#31.84
-145.128,67.3234#40.63#27.51#31.86
-144.986,67.3187#40.6#27.51#31.89
-144.843,67.3138#40.54#27.51#31.95
-144.701,67.3087#40.49#27.51#32
-144.559,67.3036#40.44#27.52#32.04
-144.416,67.2983#40.36#27.52#32.12
-144.274,67.2929#40.26#27.52#32.22
-144.132,67.2873#40.17#27.53#32.3
-143.99,67.2816#40.06#27.53#32.41
-143.848,67.2757#39.9#27.54#32.56
-143.706,67.2698#39.74#27.55#32.71
-143.564,67.2636#39.58#27.55#32.87
-143.422,67.2574#39.42#27.57#33.01
-143.281,67.251#39.25#27.58#33.17
-143.139,67.2445#39.08#27.6#33.32
-142.998,67.2378#38.92#27.62#33.46
-142.856,67.231#38.76#27.65#33.59
-142.715,67.2241#38.59#27.67#33.74
-142.574,67.2171#38.43#27.7#33.87
-142.433,67.2099#38.27#27.73#34
-142.291,67.2025#38.11#27.77#34.12
-142.15,67.1951#37.96#27.8#34.24
-142.01,67.1875#37.8#27.83#34.37
-141.869,67.1797#37.65#27.86#34.49
-141.728,67.1719#37.5#27.89#34.61
-141.588,67.1639#37.35#27.92#34.73
-141.447,67.1557#37.2#27.95#34.85
-141.307,67.1475#37.05#27.97#34.98
-141.166,67.1391#36.9#27.99#35.11
-141.026,67.1305#36.75#28.01#35.24
-140.886,67.1219#36.6#28.03#35.37
-140.746,67.1131#36.44#28.04#35.52
-140.606,67.1042#36.29#28.06#35.65
-140.467,67.0951#36.14#28.07#35.79
-140.327,67.0859#35.98#28.08#35.94
-140.188,67.0766#35.83#28.1#36.07
-140.048,67.0671#35.67#28.11#36.22
-139.909,67.0575#35.51#28.12#36.37
-139.77,67.0478#35.35#28.12#36.53
-139.631,67.0379#35.19#28.13#36.68
-139.492,67.028#35.02#28.14#36.84
-139.353,67.0178#34.86#28.15#36.99
-139.215,67.0076#34.69#28.15#37.16
-139.076,66.9972#34.52#28.16#37.32
-138.938,66.9867#34.35#28.17#37.48
-138.799,66.9761#34.17#28.17#37.66
-138.661,66.9653#34#28.18#37.82
-138.523,66.9544#33.82#28.18#38
-138.385,66.9434#33.66#28.19#38.15
-138.248,66.9322#33.49#28.19#38.32
-138.11,66.9209#33.32#28.19#38.49
-137.973,66.9095#33.14#28.2#38.66
-162.741,66.9044#49.98#26.08#23.94
-162.604,66.9165#50.21#26.08#23.71
-162.467,66.9285#50.43#26.08#23.49
-162.33,66.9403#50.66#26.08#23.26
-162.192,66.952#50.89#26.08#23.03
-162.055,66.9636#51.12#26.08#22.8
-161.917,66.975#51.33#26.08#22.59
-161.779,66.9863#51.53#26.08#22.39
-161.641,66.9975#51.73#26.08#22.19
-161.503,67.0085#51.93#26.08#21.99
-161.365,67.0195#52.09#26.08#21.83
-161.226,67.0303#52.26#26.08#21.66
-161.088,67.0409#52.42#26.08#21.5
-160.949,67.0515#52.55#26.08#21.37
-160.81,67.0619#52.61#26.09#21.3
-160.671,67.0721#52.67#26.09#21.24
-160.532,67.0823#52.73#26.09#21.18
-160.393,67.0923#52.78#26.09#21.13
-160.254,67.1022#52.83#26.09#21.08
-160.114,67.1119#52.87#26.09#21.04
-159.975,67.1215#52.92#26.09#20.99
-159.835,67.131#52.94#26.09#20.97
-159.695,67.1403#52.97#26.09#20.94
-159.555,67.1496#52.99#26.09#20.92
-159.415,67.1586#53#26.09#20.91
-159.275,67.1676#53.01#26.09#20.9
