-151.26,71.901#33.43#27.2#39.37
-151.08,71.9021#33.33#27.21#39.46
-150.9,71.9031#33.25#27.21#39.54
-150.72,71.9039#33.18#27.21#39.61
-150.539,71.9045#33.12#27.21#39.67
-150.359,71.905#33.07#27.21#39.72
-150.179,71.9052#33.01#27.21#39.78
-149.999,71.9053#32.96#27.22#39.82
-149.819,71.9052#32.92#27.22#39.86
-149.639,71.905#32.87#27.22#39.91
-149.458,71.9045#32.82#27.22#39.96
-149.278,71.9039#32.78#27.22#40
-149.098,71.9031#32.74#27.23#40.03
-148.918,71.9021#32.72#27.23#40.05
-148.738,71.901#32.7#27.23#40.07
-154.688,71.9017#35.23#27.16#37.61
-154.508,71.9062#35.15#27.17#37.68
-154.329,71.9105#35.06#27.17#37.77
-154.149,71.9147#34.97#27.17#37.86
-153.969,71.9186#34.88#27.17#37.95
-153.789,71.9224#34.79#27.18#38.03
-153.609,71.926#34.7#27.18#38.12
-153.429,71.9295#34.6#27.18#38.22
-153.249,71.9327#34.51#27.18#38.31
-153.069,71.9358#34.41#27.18#38.41
-152.888,71.9387#34.31#27.19#38.5
-152.708,71.9414#34.21#27.19#38.6
-152.528,71.944#34.11#27.19#38.7
-152.347,71.9464#33.98#27.19#38.83
-152.167,71.9486#33.86#27.19#38.95
-151.986,71.9506#33.73#27.19#39.08
-151.806,71.9525#33.62#27.2#39.18
-151.625,71.9541#33.51#27.2#39.29
-151.445,71.9556#33.41#27.2#39.39
-151.264,71.957#33.31#27.2#39.49
-151.083,71.9581#33.21#27.2#39.59
-150.903,71.9591#33.13#27.2#39.67
-150.722,71.9599#33.07#27.21#39.72
-150.541,71.9605#33.01#27.21#39.78
-150.36,71.9609#32.96#27.21#39.83
-150.18,71.9612#32.9#27.21#39.89
-149.999,71.9613#32.86#27.21#39.93
-149.818,71.9612#32.81#27.21#39.98
-149.637,71.9609#32.76#27.22#40.02
-149.457,71.9605#32.72#27.22#40.06
-149.276,71.9599#32.68#27.22#40.1
-149.095,71.9591#32.64#27.22#40.14
-148.915,71.9581#32.62#27.23#40.15
-148.734,71.9569#32.61#27.23#40.16
-148.553,71.9556#32.6#27.24#40.16
-148.373,71.9541#32.58#27.25#40.17
-148.192,71.9524#32.55#27.26#40.19
-148.011,71.9506#32.52#27.27#40.21
-147.831,71.9486#32.49#27.29#40.22
-147.65,71.9463#32.46#27.32#40.22
-147.47,71.944#32.44#27.34#40.22
-147.29,71.9414#32.41#27.37#40.22
-147.109,71.9387#32.39#27.4#40.21
-146.929,71.9358#32.36#27.44#40.2
-146.749,71.9327#32.34#27.47#40.19
-146.569,71.9294#32.32#27.5#40.18
-146.389,71.926#32.3#27.53#40.17
-146.209,71.9224#32.28#27.55#40.17
-146.029,71.9186#32.26#27.58#40.16
-145.849,71.9146#32.24#27.6#40.16
-145.669,71.9105#32.22#27.62#40.16
-145.49,71.9062#32.2#27.64#40.16
-145.31,71.9017#32.18#27.65#40.17
-156.498,71.9029#35.91#27.08#37.01
-156.319,71.9091#35.84#27.09#37.07
-156.14,71.9152#35.76#27.11#37.13
-155.961,71.9211#35.68#27.12#37.2
-155.781,71.9268#35.6#27.13#37.27
-155.602,71.9324#35.52#27.14#37.34
-155.422,71.9377#35.44#27.14#37.42
-155.242,71.943#35.36#27.15#37.49
-155.063,71.948#35.27#27.15#37.58
-154.883,71.9528#35.19#27.16#37.65
-154.703,71.9575#35.1#27.16#37.74
-154.522,71.962#35.01#27.16#37.83
-154.342,71.9663#34.93#27.17#37.9
-154.162,71.9705#34.84#27.17#37.99
-153.981,71.9745#34.75#27.17#38.08
-153.801,71.9783#34.66#27.17#38.17
-153.62,71.9819#34.57#27.18#38.25
-153.44,71.9853#34.48#27.18#38.34
-153.259,71.9886#34.38#27.18#38.44
-153.078,71.9917#34.29#27.18#38.53
-152.898,71.9946#34.19#27.18#38.63
-152.717,71.9973#34.09#27.18#38.73
-152.536,71.9999#33.99#27.19#38.82
-152.355,72.0023#33.86#27.19#38.95
-152.174,72.0045#33.74#27.19#39.07
-151.993,72.0065#33.61#27.19#39.2
-151.811,72.0084#33.5#27.19#39.31
-151.63,72.0101#33.39#27.19#39.42
-151.449,72.0116#33.28#27.2#39.52
-151.268,72.0129#33.19#27.2#39.61
-151.087,72.0141#33.1#27.2#39.7
-150.905,72.015#33.02#27.2#39.78
-150.724,72.0158#32.96#27.2#39.84
-150.543,72.0165#32.9#27.2#39.9
-150.362,72.0169#32.84#27.21#39.95
-150.18,72.0172#32.8#27.21#39.99
-149.999,72.0172#32.75#27.21#40.04
-149.818,72.0172#32.7#27.21#40.09
-149.636,72.0169#32.66#27.21#40.13
-149.455,72.0164#32.62#27.22#40.16
-149.274,72.0158#32.58#27.22#40.2
-149.092,72.015#32.54#27.22#40.24
-148.911,72.0141#32.52#27.22#40.26
-148.73,72.0129#32.52#27.23#40.25
-148.549,72.0116#32.52#27.23#40.25
-148.367,72.0101#32.5#27.24#40.26
-148.186,72.0084#32.47#27.26#40.27
-148.005,72.0065#32.44#27.27#40.29
-147.824,72.0045#32.41#27.29#40.3
-147.643,72.0023#32.38#27.32#40.3
-147.462,71.9999#32.36#27.35#40.29
-147.281,71.9973#32.33#27.38#40.29
-147.1,71.9946#32.31#27.41#40.28
-146.919,71.9916#32.28#27.45#40.27
-146.739,71.9886#32.26#27.48#40.26
-146.558,71.9853#32.24#27.51#40.25
-146.377,71.9818#32.22#27.53#40.25
-146.197,71.9782#32.2#27.56#40.24
-146.016,71.9744#32.18#27.58#40.24
-145.836,71.9704#32.16#27.6#40.24
-145.656,71.9663#32.14#27.62#40.24
-145.475,71.9619#32.12#27.64#40.24
-145.295,71.9574#32.1#27.65#40.25
-145.115,71.9528#32.09#27.66#40.25
-144.935,71.9479#32.07#27.67#40.26
-144.755,71.9429#32.06#27.68#40.26
-144.576,71.9377#32.04#27.69#40.27
-144.396,71.9323#32.02#27.7#40.28
-144.216,71.9268#32.01#27.71#40.28
-144.037,71.921#31.99#27.71#40.3
-143.858,71.9151#31.98#27.72#40.3
-143.678,71.909#31.97#27.72#40.31
-143.499,71.9028#31.96#27.73#40.31
-157.951,71.9021#36.33#26.64#37.03
-157.772,71.9097#36.27#26.73#37
-157.594,71.9172#36.2#26.82#36.98
-157.415,71.9245#36.13#26.89#36.98
-157.236,71.9317#36.06#26.95#36.99
-157.057,71.9386#36#27#37
-156.878,71.9454#35.92#27.03#37.05
-156.698,71.952#35.85#27.06#37.09
-156.519,71.9585#35.78#27.08#37.14
-156.339,71.9648#35.7#27.09#37.21
-156.159,71.9708#35.63#27.11#37.26
-155.98,71.9768#35.55#27.12#37.33
-155.8,71.9825#35.47#27.13#37.4
-155.62,71.9881#35.39#27.14#37.47
-155.439,71.9935#35.3#27.14#37.56
-155.259,71.9987#35.22#27.15#37.63
-155.079,72.0037#35.14#27.15#37.71
-154.898,72.0086#35.05#27.16#37.79
-154.717,72.0133#34.96#27.16#37.88
-154.537,72.0178#34.88#27.16#37.96
-154.356,72.0221#34.79#27.16#38.05
-154.175,72.0263#34.71#27.17#38.12
-153.994,72.0303#34.62#27.17#38.21
-153.813,72.0341#34.53#27.17#38.3
-153.632,72.0377#34.44#27.17#38.39
-153.451,72.0412#34.35#27.17#38.48
-153.269,72.0445#34.26#27.18#38.56
-153.088,72.0476#34.16#27.18#38.66
-152.907,72.0505#34.07#27.18#38.75
-152.725,72.0533#33.97#27.18#38.85
-152.544,72.0558#33.87#27.18#38.95
-152.362,72.0582#33.75#27.19#39.06
-152.181,72.0604#33.62#27.19#39.19
-151.999,72.0625#33.49#27.19#39.32
-151.817,72.0644#33.38#27.19#39.43
-151.635,72.066#33.27#27.19#39.54
-151.454,72.0676#33.16#27.19#39.65
-151.272,72.0689#33.07#27.19#39.74
-151.09,72.07#32.98#27.2#39.82
-150.908,72.071#32.9#27.2#39.9
-150.726,72.0718#32.84#27.2#39.96
-150.545,72.0724#32.78#27.2#40.02
-150.363,72.0729#32.73#27.2#40.07
-150.181,72.0731#32.69#27.2#40.11
-149.999,72.0732#32.64#27.21#40.15
-149.817,72.0731#32.6#27.21#40.19
-149.635,72.0729#32.56#27.21#40.23
-149.453,72.0724#32.51#27.21#40.28
-149.271,72.0718#32.48#27.22#40.3
-149.089,72.071#32.44#27.22#40.34
-148.908,72.07#32.42#27.22#40.36
-148.726,72.0689#32.43#27.23#40.34
-148.544,72.0675#32.43#27.23#40.34
-148.362,72.066#32.41#27.24#40.35
-148.181,72.0643#32.38#27.26#40.36
-147.999,72.0625#32.36#27.27#40.37
-147.817,72.0604#32.33#27.3#40.37
-147.636,72.0582#32.31#27.32#40.37
-147.454,72.0558#32.28#27.35#40.37
-147.272,72.0532#32.25#27.39#40.36
-147.091,72.0505#32.23#27.42#40.35
-146.91,72.0475#32.21#27.45#40.34
-146.728,72.0444#32.18#27.48#40.34
-146.547,72.0412#32.16#27.52#40.32
-146.366,72.0377#32.14#27.54#40.32
-146.185,72.0341#32.12#27.56#40.32
-146.004,72.0302#32.1#27.59#40.31
-145.823,72.0263#32.08#27.6#40.32
-145.642,72.0221#32.06#27.62#40.32
-145.461,72.0177#32.04#27.64#40.32
-145.28,72.0132#32.03#27.65#40.32
-145.1,72.0085#32.01#27.66#40.33
-144.919,72.0037#31.99#27.67#40.34
-144.739,71.9986#31.98#27.68#40.34
-144.558,71.9934#31.96#27.69#40.35
-144.378,71.988#31.95#27.7#40.35
-144.198,71.9824#31.93#27.7#40.37
-144.018,71.9767#31.92#27.71#40.37
-143.838,71.9708#31.91#27.71#40.38
-143.659,71.9647#31.89#27.72#40.39
-143.479,71.9584#31.88#27.72#40.4
-143.299,71.952#31.86#27.73#40.41
-143.12,71.9453#31.84#27.73#40.43
-142.941,71.9386#31.81#27.74#40.45
-142.762,71.9316#31.76#27.74#40.5
-142.583,71.9244#31.72#27.74#40.54
-142.404,71.9171#31.67#27.74#40.59
-142.225,71.9097#31.61#27.75#40.64
-142.047,71.902#31.56#27.75#40.69
-159.047,71.9078#36.58#26.17#37.25
-158.869,71.9165#36.52#26.22#37.26
-158.69,71.9251#36.46#26.29#37.25
-158.512,71.9334#36.4#26.36#37.24
-158.333,71.9416#36.34#26.46#37.2
-158.155,71.9497#36.27#26.56#37.17
-157.976,71.9575#36.21#26.66#37.13
-157.797,71.9652#36.14#26.75#37.11
-157.618,71.9727#36.07#26.83#37.1
-157.438,71.98#36#26.91#37.09
-157.259,71.9872#35.93#26.96#37.11
-157.079,71.9942#35.86#27#37.14
-156.899,72.001#35.79#27.03#37.18
-156.719,72.0076#35.72#27.06#37.22
-156.539,72.0141#35.64#27.08#37.28
-156.359,72.0204#35.57#27.1#37.33
-156.179,72.0265#35.49#27.11#37.4
-155.999,72.0324#35.42#27.12#37.46
-155.818,72.0382#35.33#27.13#37.54
-155.637,72.0438#35.25#27.13#37.62
-155.457,72.0492#35.17#27.14#37.69
-155.276,72.0544#35.08#27.14#37.78
-155.095,72.0595#35#27.15#37.85
-154.914,72.0644#34.92#27.15#37.93
-154.732,72.0691#34.83#27.16#38.01
-154.551,72.0736#34.74#27.16#38.1
-154.37,72.078#34.66#27.16#38.18
-154.188,72.0821#34.58#27.16#38.26
-154.007,72.0861#34.49#27.17#38.34
-153.825,72.09#34.4#27.17#38.43
-153.643,72.0936#34.31#27.17#38.52
-153.462,72.0971#34.22#27.17#38.61
-153.28,72.1004#34.13#27.17#38.7
-153.098,72.1035#34.04#27.18#38.78
-152.916,72.1064#33.94#27.18#38.88
-152.734,72.1092#33.84#27.18#38.98
-152.552,72.1118#33.75#27.18#39.07
-152.37,72.1142#33.63#27.18#39.19
-152.187,72.1164#33.5#27.18#39.32
-152.005,72.1184#33.37#27.19#39.44
-151.823,72.1203#33.26#27.19#39.55
-151.641,72.122#33.15#27.19#39.66
-151.458,72.1235#33.05#27.19#39.76
-151.276,72.1249#32.96#27.19#39.85
-151.094,72.126#32.87#27.19#39.94
-150.911,72.127#32.8#27.2#40
-150.729,72.1278#32.74#27.2#40.06
-150.546,72.1284#32.68#27.2#40.12
-150.364,72.1289#32.63#27.2#40.17
-150.181,72.1291#32.58#27.2#40.22
-149.999,72.1292#32.54#27.2#40.26
-149.816,72.1291#32.5#27.21#40.29
-149.634,72.1289#32.46#27.21#40.33
-149.451,72.1284#32.42#27.21#40.37
-149.269,72.1278#32.38#27.21#40.41
-149.087,72.127#32.35#27.22#40.43
-148.904,72.126#32.33#27.22#40.45
-148.722,72.1248#32.34#27.23#40.43
-148.539,72.1235#32.35#27.23#40.42
-148.357,72.122#32.33#27.24#40.43
-148.175,72.1203#32.3#27.26#40.44
-147.992,72.1184#32.27#27.27#40.46
-147.81,72.1164#32.25#27.3#40.45
-147.628,72.1141#32.22#27.33#40.45
-147.446,72.1117#32.2#27.36#40.44
-147.264,72.1092#32.18#27.39#40.43
-147.082,72.1064#32.15#27.43#40.42
-146.9,72.1035#32.13#27.46#40.41
-146.718,72.1003#32.11#27.49#40.4
-146.536,72.097#32.08#27.52#40.4
-146.354,72.0936#32.06#27.55#40.39
-146.173,72.0899#32.04#27.57#40.39
-145.991,72.0861#32.02#27.59#40.39
-145.809,72.0821#32#27.61#40.39
-145.628,72.0779#31.98#27.62#40.4
-145.447,72.0736#31.97#27.64#40.39
-145.265,72.069#31.95#27.65#40.4
-145.084,72.0643#31.93#27.66#40.41
-144.903,72.0594#31.92#27.67#40.41
-144.722,72.0544#31.9#27.68#40.42
-144.541,72.0491#31.88#27.69#40.43
-144.36,72.0437#31.87#27.69#40.44
-144.18,72.0381#31.85#27.7#40.45
-143.999,72.0324#31.84#27.71#40.45
-143.819,72.0264#31.83#27.71#40.46
-143.639,72.0203#31.82#27.72#40.46
-143.458,72.014#31.81#27.72#40.47
-143.278,72.0075#31.78#27.72#40.5
-143.098,72.0009#31.76#27.73#40.51
-142.919,71.9941#31.73#27.73#40.54
-142.739,71.9871#31.68#27.73#40.59
-142.559,71.9799#31.64#27.74#40.62
-142.38,71.9726#31.59#27.74#40.67
-142.201,71.9651#31.53#27.74#40.73
-142.022,71.9574#31.48#27.75#40.77
-141.843,71.9496#31.42#27.75#40.83
-141.664,71.9415#31.37#27.75#40.88
-141.486,71.9333#31.32#27.75#40.93
-141.307,71.925#31.25#27.76#40.99
-141.129,71.9164#31.19#27.76#41.05
-140.951,71.9077#31.13#27.76#41.11
-160.143,71.907#36.8#26.08#37.12
-159.965,71.9168#36.74#26.08#37.18
-159.788,71.9264#36.69#26.09#37.22
-159.61,71.9358#36.63#26.1#37.27
-159.432,71.9451#36.58#26.11#37.31
-159.254,71.9542#36.52#26.14#37.34
-159.075,71.9631#36.46#26.17#37.37
-158.897,71.9718#36.4#26.23#37.37
-158.718,71.9804#36.33#26.3#37.37
-158.539,71.9888#36.27#26.38#37.35
-158.36,71.997#36.21#26.47#37.32
-158.18,72.0051#36.14#26.57#37.29
-158.001,72.0129#36.08#26.68#37.24
-157.821,72.0207#36.01#26.76#37.23
-157.642,72.0282#35.94#26.85#37.21
-157.462,72.0355#35.88#26.92#37.2
-157.282,72.0427#35.8#26.97#37.23
-157.102,72.0497#35.73#27.01#37.26
-156.921,72.0566#35.66#27.04#37.3
-156.741,72.0632#35.59#27.06#37.35
-156.56,72.0697#35.51#27.08#37.41
-156.379,72.076#35.44#27.1#37.46
-156.199,72.0822#35.36#27.11#37.53
-156.018,72.0881#35.28#27.12#37.6
-155.836,72.0939#35.2#27.13#37.67
-155.655,72.0995#35.11#27.13#37.76
-155.474,72.1049#35.03#27.14#37.83
-155.292,72.1102#34.95#27.14#37.91
-155.111,72.1153#34.87#27.15#37.98
-154.929,72.1202#34.78#27.15#38.07
-154.747,72.1249#34.69#27.15#38.16
-154.566,72.1294#34.61#27.16#38.23
-154.384,72.1338#34.52#27.16#38.32
-154.202,72.138#34.44#27.16#38.4
-154.02,72.142#34.36#27.16#38.48
-153.837,72.1458#34.27#27.17#38.56
-153.655,72.1495#34.18#27.17#38.65
-153.473,72.153#34.09#27.17#38.74
-153.29,72.1563#34#27.17#38.83
-153.108,72.1594#33.91#27.17#38.92
-152.925,72.1623#33.82#27.17#39.01
-152.743,72.1651#33.72#27.18#39.1
-152.56,72.1677#33.63#27.18#39.19
-152.377,72.1701#33.51#27.18#39.31
-152.194,72.1724#33.39#27.18#39.43
-152.012,72.1744#33.26#27.18#39.56
-151.829,72.1763#33.15#27.18#39.67
-151.646,72.178#33.05#27.19#39.76
-151.463,72.1795#32.94#27.19#39.87
-151.28,72.1808#32.86#27.19#39.95
-151.097,72.182#32.77#27.19#40.04
-150.914,72.183#32.7#27.19#40.11
-150.731,72.1838#32.64#27.19#40.17
-150.548,72.1844#32.58#27.19#40.23
-150.365,72.1849#32.53#27.2#40.27
-150.182,72.1851#32.49#27.2#40.31
-149.999,72.1852#32.44#27.2#40.36
-149.816,72.1851#32.41#27.2#40.39
-149.633,72.1849#32.37#27.2#40.43
-149.45,72.1844#32.34#27.21#40.45
-149.267,72.1838#32.3#27.21#40.49
-149.084,72.183#32.27#27.21#40.52
-148.901,72.182#32.26#27.22#40.52
-148.718,72.1808#32.26#27.23#40.51
-148.535,72.1795#32.26#27.23#40.51
-148.352,72.178#32.24#27.25#40.51
-148.169,72.1763#32.22#27.26#40.52
-147.986,72.1744#32.19#27.28#40.53
-147.803,72.1723#32.17#27.31#40.52
-147.62,72.1701#32.14#27.34#40.52
-147.438,72.1677#32.12#27.37#40.51
-147.255,72.1651#32.09#27.4#40.51
-147.072,72.1623#32.07#27.44#40.49
-146.89,72.1594#32.05#27.47#40.48
-146.707,72.1562#32.03#27.5#40.47
-146.525,72.1529#32#27.53#40.47
-146.343,72.1494#31.98#27.55#40.47
-146.16,72.1458#31.96#27.57#40.47
-145.978,72.1419#31.94#27.59#40.47
-145.796,72.1379#31.92#27.61#40.47
-145.614,72.1337#31.91#27.63#40.46
-145.432,72.1294#31.89#27.64#40.47
-145.25,72.1248#31.87#27.65#40.48
-145.069,72.1201#31.85#27.66#40.49
-144.887,72.1152#31.84#27.67#40.49
-144.705,72.1101#31.82#27.68#40.5
-144.524,72.1049#31.8#27.69#40.51
-144.343,72.0994#31.79#27.69#40.52
-144.161,72.0938#31.77#27.7#40.53
-143.98,72.088#31.76#27.7#40.54
-143.799,72.0821#31.75#27.71#40.54
-143.618,72.0759#31.74#27.71#40.55
-143.438,72.0696#31.73#27.72#40.55
-143.257,72.0631#31.71#27.72#40.57
-143.077,72.0565#31.68#27.72#40.6
-142.896,72.0496#31.65#27.73#40.62
-142.716,72.0426#31.6#27.73#40.67
-142.536,72.0354#31.56#27.73#40.71
-142.356,72.0281#31.5#27.74#40.76
-142.176,72.0206#31.45#27.74#40.81
-141.997,72.0129#31.39#27.74#40.87
-141.817,72.005#31.34#27.74#40.92
-141.638,71.9969#31.29#27.75#40.96
-141.459,71.9887#31.24#27.75#41.01
-141.28,71.9803#31.18#27.75#41.07
-141.101,71.9717#31.12#27.76#41.12
-140.923,71.963#31.05#27.76#41.19
-140.744,71.9541#30.97#27.76#41.27
-140.566,71.945#30.9#27.76#41.34
-140.388,71.9357#30.81#27.77#41.42
-140.21,71.9263#30.73#27.77#41.5
-140.032,71.9167#30.64#27.77#41.59
-139.855,71.9069#30.56#27.77#41.67
-161.062,71.9106#36.91#26.08#37.01
-160.885,71.9212#36.87#26.08#37.05
-160.707,71.9317#36.82#26.08#37.1
-160.53,71.942#36.78#26.08#37.14
-160.352,71.9521#36.73#26.08#37.19
-160.175,71.9621#36.68#26.08#37.24
-159.997,71.9719#36.62#26.08#37.3
-159.818,71.9815#36.57#26.09#37.34
-159.64,71.991#36.51#26.1#37.39
-159.461,72.0003#36.46#26.11#37.43
-159.283,72.0094#36.39#26.14#37.47
-159.104,72.0184#36.33#26.18#37.49
-158.925,72.0271#36.27#26.23#37.5
-158.745,72.0357#36.21#26.31#37.48
-158.566,72.0441#36.15#26.39#37.46
-158.386,72.0524#36.08#26.48#37.44
-158.206,72.0605#36.02#26.59#37.39
-158.026,72.0684#35.95#26.69#37.36
-157.846,72.0761#35.88#26.78#37.34
-157.666,72.0837#35.82#26.86#37.32
-157.485,72.091#35.75#26.94#37.31
-157.305,72.0983#35.67#26.98#37.35
-157.124,72.1053#35.6#27.01#37.39
-156.943,72.1121#35.53#27.04#37.43
-156.762,72.1188#35.45#27.06#37.49
-156.581,72.1253#35.38#27.08#37.54
-156.4,72.1317#35.3#27.1#37.6
-156.218,72.1378#35.22#27.11#37.67
-156.037,72.1438#35.15#27.12#37.73
-155.855,72.1496#35.06#27.12#37.82
-155.673,72.1552#34.98#27.13#37.89
-155.491,72.1607#34.9#27.14#37.96
-155.309,72.1659#34.81#27.14#38.05
-155.127,72.171#34.73#27.14#38.13
-154.945,72.1759#34.65#27.15#38.2
-154.763,72.1807#34.56#27.15#38.29
-154.58,72.1852#34.47#27.15#38.38
-154.398,72.1896#34.39#27.16#38.45
-154.215,72.1938#34.3#27.16#38.54
-154.032,72.1979#34.22#27.16#38.62
-153.85,72.2017#34.13#27.16#38.71
-153.667,72.2054#34.04#27.16#38.8
-153.484,72.2089#33.96#27.17#38.87
-153.301,72.2122#33.87#27.17#38.96
-153.118,72.2153#33.78#27.17#39.05
-152.935,72.2183#33.69#27.17#39.14
-152.751,72.2211#33.6#27.17#39.23
-152.568,72.2237#33.51#27.17#39.32
-152.385,72.2261#33.4#27.18#39.42
-152.202,72.2283#33.27#27.18#39.55
-152.018,72.2304#33.15#27.18#39.67
-151.835,72.2323#33.04#27.18#39.78
-151.651,72.234#32.94#27.18#39.88
-151.468,72.2355#32.84#27.18#39.98
-151.284,72.2368#32.75#27.19#40.06
-151.101,72.238#32.67#27.19#40.14
-150.917,72.239#32.6#27.19#40.21
-150.733,72.2398#32.54#27.19#40.27
-150.55,72.2404#32.48#27.19#40.33
-150.366,72.2409#32.43#27.19#40.38
-150.182,72.2411#32.39#27.2#40.41
-149.999,72.2412#32.35#27.2#40.45
-149.815,72.2411#32.32#27.2#40.48
-149.632,72.2409#32.29#27.2#40.51
-149.448,72.2404#32.25#27.2#40.55
-149.264,72.2398#32.22#27.21#40.57
-149.081,72.239#32.19#27.21#40.6
-148.897,72.238#32.18#27.22#40.6
-148.714,72.2368#32.18#27.23#40.59
-148.53,72.2355#32.18#27.23#40.59
-148.347,72.2339#32.16#27.25#40.59
-148.163,72.2322#32.13#27.27#40.6
-147.98,72.2304#32.11#27.29#40.6
-147.796,72.2283#32.08#27.32#40.6
-147.613,72.226#32.06#27.34#40.6
-147.43,72.2236#32.04#27.38#40.58
-147.246,72.221#32.01#27.41#40.58
-147.063,72.2182#31.99#27.44#40.57
-146.88,72.2153#31.97#27.47#40.56
-146.697,72.2121#31.95#27.5#40.55
-146.514,72.2088#31.92#27.53#40.55
-146.331,72.2053#31.9#27.55#40.55
-146.148,72.2017#31.88#27.57#40.55
-145.965,72.1978#31.86#27.59#40.55
-145.783,72.1938#31.85#27.61#40.54
-145.6,72.1896#31.83#27.63#40.54
-145.418,72.1852#31.81#27.64#40.55
-145.235,72.1806#31.79#27.65#40.56
-145.053,72.1759#31.77#27.66#40.57
-144.871,72.171#31.76#27.67#40.57
-144.688,72.1659#31.74#27.68#40.58
-144.506,72.1606#31.72#27.68#40.6
-144.324,72.1551#31.71#27.69#40.6
-144.143,72.1495#31.7#27.7#40.6
-143.961,72.1437#31.68#27.7#40.62
-143.779,72.1377#31.67#27.71#40.62
-143.598,72.1316#31.66#27.71#40.63
-143.417,72.1253#31.65#27.71#40.64
-143.236,72.1187#31.63#27.72#40.65
-143.055,72.1121#31.6#27.72#40.68
-142.874,72.1052#31.56#27.72#40.72
-142.693,72.0982#31.52#27.73#40.75
-142.512,72.091#31.47#27.73#40.8
-142.332,72.0836#31.42#27.73#40.85
-142.152,72.076#31.36#27.74#40.9
-141.971,72.0683#31.31#27.74#40.95
-141.791,72.0604#31.26#27.74#41
-141.612,72.0523#31.22#27.74#41.04
-141.432,72.044#31.16#27.75#41.09
-141.253,72.0356#31.1#27.75#41.15
-141.073,72.027#31.04#27.75#41.21
-140.894,72.0182#30.97#27.75#41.28
-140.715,72.0093#30.9#27.76#41.34
-140.536,72.0002#30.82#27.76#41.42
-140.358,71.9909#30.74#27.76#41.5
-140.179,71.9814#30.65#27.76#41.59
-140.001,71.9718#30.56#27.77#41.67
-139.823,71.962#30.48#27.77#41.75
-139.645,71.952#30.39#27.77#41.84
-139.468,71.9419#30.3#27.77#41.93
-139.29,71.9316#30.2#27.78#42.02
-139.113,71.9211#30.11#27.78#42.11
-138.936,71.9104#30.01#27.78#42.21
-161.981,71.9095#36.96#26.08#36.96
-161.804,71.921#36.93#26.08#36.99
-161.628,71.9324#36.9#26.08#37.02
-161.451,71.9436#36.87#26.08#37.05
-161.274,71.9546#36.83#26.08#37.09
-161.096,71.9655#36.79#26.08#37.13
-160.919,71.9762#36.75#26.08#37.17
-160.741,71.9867#36.71#26.08#37.21
-160.563,71.997#36.66#26.08#37.26
-160.385,72.0072#36.61#26.08#37.31
-160.207,72.0172#36.56#26.08#37.36
-160.028,72.027#36.5#26.08#37.42
-159.849,72.0367#36.45#26.09#37.46
-159.67,72.0462#36.39#26.1#37.51
-159.491,72.0555#36.34#26.11#37.55
-159.312,72.0647#36.27#26.14#37.59
-159.132,72.0736#36.21#26.18#37.61
-158.953,72.0824#36.15#26.23#37.62
-158.773,72.0911#36.09#26.31#37.6
-158.593,72.0995#36.02#26.4#37.58
-158.413,72.1078#35.96#26.5#37.54
-158.232,72.1159#35.89#26.6#37.51
-158.052,72.1238#35.83#26.7#37.47
-157.871,72.1316#35.76#26.79#37.45
-157.69,72.1392#35.69#26.87#37.44
-157.509,72.1466#35.62#26.94#37.44
-157.328,72.1538#35.54#26.98#37.48
-157.147,72.1608#35.47#27.01#37.52
-156.965,72.1677#35.4#27.04#37.56
-156.784,72.1744#35.32#27.06#37.62
-156.602,72.181#35.25#27.08#37.67
-156.42,72.1873#35.17#27.1#37.73
-156.238,72.1935#35.09#27.11#37.8
-156.056,72.1995#35.01#27.12#37.87
-155.874,72.2053#34.93#27.12#37.95
-155.691,72.2109#34.85#27.13#38.02
-155.509,72.2164#34.76#27.13#38.11
-155.326,72.2217#34.68#27.14#38.18
-155.144,72.2268#34.59#27.14#38.27
-154.961,72.2317#34.51#27.15#38.34
-154.778,72.2365#34.42#27.15#38.43
-154.595,72.2411#34.34#27.15#38.51
-154.412,72.2455#34.25#27.15#38.6
-154.229,72.2497#34.17#27.16#38.67
-154.045,72.2537#34.09#27.16#38.75
-153.862,72.2576#34#27.16#38.84
-153.678,72.2613#33.91#27.16#38.93
-153.495,72.2648#33.82#27.16#39.02
-153.311,72.2681#33.74#27.16#39.1
-153.128,72.2713#33.65#27.17#39.18
-152.944,72.2742#33.56#27.17#39.27
-152.76,72.277#33.47#27.17#39.36
-152.576,72.2796#33.39#27.17#39.44
-152.393,72.282#33.28#27.17#39.55
-152.209,72.2843#33.16#27.18#39.66
-152.025,72.2864#33.04#27.18#39.78
-151.841,72.2882#32.94#27.18#39.88
-151.657,72.29#32.83#27.18#39.99
-151.472,72.2915#32.73#27.18#40.09
-151.288,72.2928#32.65#27.18#40.17
-151.104,72.294#32.57#27.18#40.25
-150.92,72.295#32.5#27.19#40.31
-150.736,72.2958#32.44#27.19#40.37
-150.552,72.2964#32.38#27.19#40.43
-150.367,72.2969#32.33#27.19#40.48
-150.183,72.2972#32.29#27.19#40.52
-149.999,72.2972#32.26#27.19#40.55
-149.815,72.2972#32.23#27.2#40.57
-149.63,72.2969#32.2#27.2#40.6
-149.446,72.2964#32.17#27.2#40.63
-149.262,72.2958#32.14#27.21#40.65
-149.078,72.295#32.11#27.21#40.68
-148.894,72.294#32.1#27.22#40.68
-148.709,72.2928#32.1#27.22#40.68
-148.525,72.2915#32.1#27.23#40.67
-148.341,72.2899#32.07#27.25#40.68
-148.157,72.2882#32.05#27.27#40.68
-147.973,72.2863#32.03#27.29#40.68
-147.789,72.2843#32#27.32#40.68
-147.605,72.282#31.98#27.35#40.67
-147.421,72.2796#31.96#27.38#40.66
-147.237,72.277#31.93#27.42#40.65
-147.054,72.2742#31.91#27.45#40.64
-146.87,72.2712#31.89#27.48#40.63
-146.686,72.2681#31.87#27.51#40.62
-146.503,72.2647#31.85#27.54#40.61
-146.319,72.2612#31.82#27.56#40.62
-146.136,72.2575#31.8#27.58#40.62
-145.952,72.2537#31.79#27.59#40.62
-145.769,72.2496#31.77#27.61#40.62
-145.586,72.2454#31.75#27.63#40.62
-145.403,72.241#31.73#27.64#40.63
-145.22,72.2364#31.71#27.65#40.64
-145.037,72.2317#31.7#27.66#40.64
-144.854,72.2267#31.68#27.67#40.65
-144.671,72.2216#31.66#27.67#40.67
-144.489,72.2163#31.64#27.68#40.68
-144.306,72.2109#31.63#27.69#40.68
-144.124,72.2052#31.62#27.69#40.69
-143.942,72.1994#31.6#27.7#40.7
-143.76,72.1934#31.59#27.7#40.71
-143.578,72.1872#31.58#27.71#40.71
-143.396,72.1809#31.56#27.71#40.73
-143.214,72.1743#31.54#27.71#40.75
-143.032,72.1676#31.51#27.72#40.77
-142.851,72.1608#31.47#27.72#40.81
-142.67,72.1537#31.43#27.72#40.85
-142.489,72.1465#31.38#27.73#40.89
-142.308,72.1391#31.33#27.73#40.94
-142.127,72.1315#31.28#27.73#40.99
-141.946,72.1237#31.23#27.73#41.04
-141.765,72.1158#31.19#27.74#41.07
-141.585,72.1077#31.14#27.74#41.12
-141.405,72.0994#31.09#27.74#41.17
-141.225,72.0909#31.03#27.74#41.23
-141.045,72.0823#30.97#27.75#41.28
-140.865,72.0735#30.9#27.75#41.35
-140.686,72.0645#30.82#27.75#41.43
-140.506,72.0554#30.74#27.75#41.51
-140.327,72.0461#30.66#27.76#41.58
-140.148,72.0366#30.57#27.76#41.67
-139.97,72.0269#30.48#27.76#41.76
-139.791,72.0171#30.39#27.76#41.85
-139.613,72.0071#30.3#27.77#41.93
-139.435,71.9969#30.21#27.77#42.02
-139.257,71.9865#30.12#27.77#42.11
-139.079,71.976#30.02#27.77#42.21
-138.901,71.9653#29.92#27.78#42.3
-138.724,71.9545#29.81#27.78#42.41
-138.547,71.9435#29.7#27.78#42.52
-138.37,71.9323#29.53#27.78#42.69
-138.194,71.9209#29.34#27.79#42.87
-138.017,71.9094#29.15#27.79#43.06
-162.899,71.9039#36.94#26.08#36.98
-162.724,71.9163#36.92#26.08#37
-162.548,71.9285#36.91#26.08#37.01
-162.371,71.9406#36.89#26.08#37.03
-162.195,71.9525#36.87#26.08#37.05
-162.018,71.9642#36.85#26.08#37.07
-161.841,71.9758#36.82#26.08#37.1
-161.664,71.9872#36.79#26.08#37.13
-161.487,71.9984#36.76#26.08#37.16
-161.309,72.0095#36.72#26.08#37.2
-161.131,72.0204#36.68#26.08#37.24
-160.953,72.0311#36.64#26.08#37.28
-160.775,72.0417#36.59#26.08#37.33
-160.596,72.0521#36.54#26.08#37.38
-160.418,72.0623#36.49#26.08#37.43
-160.239,72.0723#36.44#26.08#37.48
-160.06,72.0822#36.39#26.08#37.53
-159.881,72.0919#36.33#26.09#37.58
-159.701,72.1014#36.27#26.1#37.63
-159.521,72.1107#36.21#26.11#37.68
-159.341,72.1199#36.15#26.15#37.7
-159.161,72.1289#36.09#26.19#37.72
-158.981,72.1377#36.03#26.24#37.73
-158.801,72.1464#35.96#26.33#37.71
-158.62,72.1549#35.9#26.42#37.68
-158.439,72.1632#35.83#26.51#37.66
-158.259,72.1713#35.77#26.61#37.62
-158.077,72.1793#35.7#26.71#37.59
-157.896,72.187#35.63#26.8#37.57
-157.715,72.1947#35.56#26.87#37.57
-157.533,72.2021#35.49#26.94#37.57
-157.351,72.2093#35.42#26.98#37.6
-157.17,72.2164#35.34#27.01#37.65
-156.988,72.2233#35.27#27.04#37.69
-156.805,72.23#35.19#27.06#37.75
-156.623,72.2366#35.11#27.08#37.81
-156.441,72.243#35.04#27.09#37.87
-156.258,72.2492#34.96#27.1#37.94
-156.075,72.2552#34.88#27.11#38.01
-155.893,72.261#34.8#27.12#38.08
-155.71,72.2667#34.71#27.13#38.16
-155.527,72.2722#34.63#27.13#38.24
-155.343,72.2775#34.54#27.14#38.32
-155.16,72.2826#34.46#27.14#38.4
-154.977,72.2875#34.37#27.14#38.49
-154.793,72.2923#34.29#27.15#38.56
-154.61,72.2969#34.2#27.15#38.65
-154.426,72.3013#34.12#27.15#38.73
-154.242,72.3056#34.03#27.15#38.82
-154.058,72.3096#33.95#27.15#38.9
-153.874,72.3135#33.86#27.16#38.98
-153.69,72.3172#33.78#27.16#39.06
-153.506,72.3207#33.69#27.16#39.15
-153.322,72.324#33.6#27.16#39.24
-153.138,72.3272#33.52#27.16#39.32
-152.953,72.3302#33.44#27.17#39.39
-152.769,72.333#33.35#27.17#39.48
-152.585,72.3356#33.26#27.17#39.57
-152.4,72.338#33.16#27.17#39.67
-152.216,72.3403#33.05#27.17#39.78
-152.031,72.3423#32.93#27.17#39.9
-151.847,72.3442#32.83#27.18#39.99
-151.662,72.346#32.73#27.18#40.09
-151.477,72.3475#32.63#27.18#40.19
-151.292,72.3488#32.55#27.18#40.27
-151.108,72.35#32.47#27.18#40.35
-150.923,72.351#32.4#27.18#40.42
-150.738,72.3518#32.34#27.18#40.48
-150.553,72.3525#32.28#27.19#40.53
-150.368,72.3529#32.24#27.19#40.57
-150.184,72.3532#32.2#27.19#40.61
-149.999,72.3533#32.16#27.19#40.65
-149.814,72.3532#32.14#27.19#40.67
-149.629,72.3529#32.11#27.2#40.69
-149.444,72.3525#32.09#27.2#40.71
-149.26,72.3518#32.06#27.2#40.74
-149.075,72.351#32.04#27.21#40.75
-148.89,72.35#32.02#27.21#40.77
-148.705,72.3488#32.02#27.22#40.76
-148.521,72.3475#32.01#27.23#40.76
-148.336,72.3459#31.99#27.25#40.76
-148.151,72.3442#31.97#27.27#40.76
-147.967,72.3423#31.94#27.3#40.76
-147.782,72.3402#31.92#27.33#40.75
-147.597,72.338#31.9#27.36#40.74
-147.413,72.3355#31.87#27.39#40.74
-147.229,72.3329#31.85#27.42#40.73
-147.044,72.3301#31.83#27.46#40.71
-146.86,72.3272#31.81#27.49#40.7
-146.676,72.324#31.79#27.51#40.7
-146.491,72.3207#31.77#27.54#40.69
-146.307,72.3171#31.75#27.56#40.69
-146.123,72.3134#31.73#27.58#40.69
-145.939,72.3096#31.71#27.6#40.69
-145.756,72.3055#31.69#27.61#40.7
-145.572,72.3013#31.67#27.62#40.71
-145.388,72.2969#31.65#27.64#40.71
-145.205,72.2923#31.63#27.65#40.72
-145.021,72.2875#31.62#27.66#40.72
-144.838,72.2825#31.6#27.66#40.74
-144.654,72.2774#31.58#27.67#40.75
-144.471,72.2721#31.56#27.68#40.76
-144.288,72.2666#31.55#27.68#40.77
-144.105,72.2609#31.54#27.69#40.77
-143.922,72.2551#31.52#27.69#40.79
-143.74,72.2491#31.51#27.7#40.79
-143.557,72.2429#31.5#27.7#40.8
-143.375,72.2365#31.47#27.71#40.82
-143.192,72.23#31.45#27.71#40.84
-143.01,72.2232#31.42#27.71#40.87
-142.828,72.2163#31.38#27.72#40.9
-142.646,72.2092#31.34#27.72#40.94
-142.465,72.202#31.29#27.72#40.99
-142.283,72.1946#31.25#27.72#41.03
-142.102,72.187#31.2#27.73#41.07
-141.92,72.1792#31.15#27.73#41.12
-141.739,72.1712#31.11#27.73#41.16
-141.558,72.1631#31.06#27.73#41.21
-141.378,72.1548#31.01#27.74#41.25
-141.197,72.1463#30.95#27.74#41.31
-141.017,72.1376#30.89#27.74#41.37
-140.836,72.1288#30.82#27.74#41.44
-140.656,72.1198#30.74#27.75#41.51
-140.476,72.1106#30.67#27.75#41.58
-140.297,72.1013#30.58#27.75#41.67
-140.117,72.0917#30.49#27.76#41.75
-139.938,72.082#30.4#27.76#41.84
-139.759,72.0722#30.31#27.76#41.93
-139.58,72.0621#30.22#27.76#42.02
-139.401,72.0519#30.13#27.76#42.11
-139.223,72.0415#30.03#27.77#42.2
-139.045,72.031#29.94#27.77#42.29
-138.867,72.0203#29.83#27.77#42.4
-138.689,72.0094#29.72#27.77#42.51
-138.511,71.9983#29.61#27.78#42.61
-138.334,71.9871#29.42#27.78#42.8
-138.157,71.9757#29.23#27.78#42.99
-137.98,71.9641#29.04#27.78#43.18
-137.803,71.9524#28.88#27.79#43.33
-137.626,71.9404#28.72#27.79#43.49
-137.45,71.9284#28.59#27.79#43.62
-137.274,71.9161#28.52#27.79#43.69
-137.099,71.9037#28.45#27.8#43.75
-163.642,71.9069#36.86#26.08#37.06
-163.467,71.9201#36.86#26.08#37.06
-163.291,71.933#36.85#26.08#37.07
-163.116,71.9458#36.84#26.08#37.08
-162.94,71.9584#36.83#26.08#37.09
-162.763,71.9709#36.82#26.08#37.1
-162.587,71.9831#36.8#26.08#37.12
-162.41,71.9953#36.78#26.08#37.14
-162.233,72.0072#36.76#26.08#37.16
-162.056,72.019#36.74#26.08#37.18
-161.878,72.0306#36.71#26.08#37.21
-161.701,72.042#36.68#26.08#37.24
-161.523,72.0533#36.64#26.08#37.28
-161.345,72.0644#36.6#26.08#37.32
-161.166,72.0753#36.56#26.08#37.36
-160.988,72.0861#36.52#26.08#37.4
-160.809,72.0967#36.48#26.08#37.44
-160.63,72.1071#36.43#26.08#37.49
-160.451,72.1173#36.38#26.08#37.54
-160.271,72.1274#36.32#26.08#37.6
-160.092,72.1373#36.27#26.08#37.65
-159.912,72.147#36.21#26.09#37.7
-159.732,72.1566#36.15#26.1#37.75
-159.552,72.166#36.09#26.12#37.79
-159.371,72.1752#36.03#26.15#37.82
-159.191,72.1842#35.97#26.2#37.83
-159.01,72.193#35.9#26.25#37.85
-158.829,72.2017#35.84#26.34#37.82
-158.648,72.2102#35.78#26.43#37.79
-158.466,72.2186#35.71#26.52#37.77
-158.285,72.2267#35.64#26.62#37.74
-158.103,72.2347#35.57#26.72#37.71
-157.921,72.2425#35.5#26.81#37.69
-157.739,72.2502#35.43#26.88#37.69
-157.557,72.2576#35.36#26.94#37.7
-157.375,72.2649#35.29#26.98#37.73
-157.193,72.272#35.21#27.01#37.78
-157.01,72.2789#35.14#27.04#37.82
-156.827,72.2857#35.06#27.06#37.88
-156.644,72.2922#34.98#27.08#37.94
-156.461,72.2986#34.9#27.09#38.01
-156.278,72.3048#34.82#27.1#38.08
-156.095,72.3109#34.74#27.11#38.15
-155.911,72.3167#34.66#27.12#38.22
-155.728,72.3224#34.58#27.12#38.3
-155.544,72.3279#34.49#27.13#38.38
-155.361,72.3332#34.41#27.13#38.46
-155.177,72.3384#34.32#27.14#38.54
-154.993,72.3434#34.24#27.14#38.62
-154.809,72.3481#34.15#27.14#38.71
-154.624,72.3528#34.06#27.14#38.8
-154.44,72.3572#33.98#27.15#38.87
-154.256,72.3614#33.9#27.15#38.95
-154.071,72.3655#33.81#27.15#39.04
-153.887,72.3694#33.73#27.15#39.12
-153.702,72.3731#33.64#27.16#39.2
-153.518,72.3766#33.55#27.16#39.29
-153.333,72.38#33.47#27.16#39.37
-153.148,72.3831#33.39#27.16#39.45
-152.963,72.3861#33.31#27.16#39.53
-152.778,72.3889#33.23#27.16#39.61
-152.593,72.3916#33.14#27.17#39.69
-152.408,72.394#33.04#27.17#39.79
-152.223,72.3963#32.93#27.17#39.9
-152.038,72.3983#32.82#27.17#40.01
-151.852,72.4002#32.72#27.17#40.11
-151.667,72.402#32.62#27.17#40.21
-151.482,72.4035#32.53#27.18#40.29
-151.297,72.4049#32.45#27.18#40.37
-151.111,72.406#32.37#27.18#40.45
-150.926,72.407#32.3#27.18#40.52
-150.741,72.4079#32.24#27.18#40.58
-150.555,72.4085#32.18#27.18#40.64
-150.37,72.4089#32.14#27.18#40.68
-150.184,72.4092#32.1#27.19#40.71
-149.999,72.4093#32.07#27.19#40.74
-149.813,72.4092#32.04#27.19#40.77
-149.628,72.4089#32.02#27.19#40.79
-149.443,72.4085#32#27.2#40.8
-149.257,72.4078#31.98#27.2#40.82
-149.072,72.407#31.96#27.21#40.83
-148.886,72.406#31.95#27.21#40.84
-148.701,72.4048#31.94#27.22#40.84
-148.516,72.4035#31.93#27.24#40.83
-148.33,72.4019#31.91#27.26#40.83
-148.145,72.4002#31.88#27.28#40.84
-147.96,72.3983#31.86#27.3#40.84
-147.775,72.3962#31.84#27.34#40.82
-147.59,72.394#31.81#27.37#40.82
-147.405,72.3915#31.79#27.4#40.81
-147.22,72.3889#31.77#27.43#40.8
-147.035,72.3861#31.75#27.46#40.79
-146.85,72.3831#31.73#27.49#40.78
-146.665,72.3799#31.71#27.52#40.77
-146.48,72.3766#31.69#27.54#40.77
-146.295,72.373#31.67#27.56#40.77
-146.111,72.3693#31.65#27.58#40.77
-145.926,72.3654#31.63#27.6#40.77
-145.742,72.3614#31.61#27.61#40.78
-145.557,72.3571#31.59#27.62#40.79
-145.373,72.3527#31.57#27.64#40.79
-145.189,72.3481#31.55#27.64#40.81
-145.005,72.3433#31.54#27.65#40.81
-144.821,72.3383#31.52#27.66#40.82
-144.637,72.3332#31.5#27.67#40.83
-144.453,72.3279#31.48#27.67#40.85
-144.27,72.3224#31.47#27.68#40.85
-144.086,72.3167#31.46#27.69#40.85
-143.903,72.3108#31.44#27.69#40.87
-143.72,72.3048#31.43#27.69#40.88
-143.536,72.2985#31.41#27.7#40.89
-143.353,72.2922#31.39#27.7#40.91
-143.171,72.2856#31.36#27.71#40.93
-142.988,72.2788#31.33#27.71#40.96
-142.805,72.2719#31.29#27.71#41
-142.623,72.2648#31.25#27.71#41.04
-142.44,72.2575#31.21#27.72#41.07
-142.258,72.2501#31.16#27.72#41.12
-142.076,72.2424#31.12#27.72#41.16
-141.895,72.2346#31.08#27.72#41.2
-141.713,72.2266#31.03#27.73#41.24
-141.531,72.2185#30.99#27.73#41.28
-141.35,72.2101#30.94#27.73#41.33
-141.169,72.2016#30.88#27.74#41.38
-140.988,72.1929#30.82#27.74#41.44
-140.807,72.1841#30.75#27.74#41.51
-140.627,72.175#30.67#27.74#41.59
-140.446,72.1658#30.59#27.75#41.66
-140.266,72.1565#30.5#27.75#41.75
-140.086,72.1469#30.42#27.75#41.83
-139.906,72.1372#30.33#27.75#41.92
-139.726,72.1273#30.23#27.76#42.01
-139.547,72.1172#30.14#27.76#42.1
-139.368,72.107#30.04#27.76#42.2
-139.189,72.0965#29.95#27.76#42.29
-139.01,72.0859#29.85#27.77#42.38
-138.831,72.0752#29.74#27.77#42.49
-138.653,72.0643#29.63#27.77#42.6
-138.475,72.0532#29.5#27.77#42.73
-138.297,72.0419#29.31#27.77#42.92
-138.119,72.0304#29.11#27.78#43.11
-137.942,72.0188#28.93#27.78#43.29
-137.765,72.0071#28.77#27.78#43.45
-137.588,71.9951#28.61#27.78#43.61
-137.411,71.983#28.5#27.79#43.71
-137.234,71.9707#28.43#27.79#43.78
-137.058,71.9583#28.36#27.79#43.85
-136.882,71.9456#28.32#27.79#43.89
-136.706,71.9329#28.28#27.79#43.93
-136.531,71.9199#28.24#27.8#43.96
-136.356,71.9068#28.2#27.8#44
-164.385,71.907#36.76#26.08#37.16
-164.21,71.9209#36.76#26.08#37.16
-164.035,71.9345#36.77#26.08#37.15
-163.86,71.948#36.76#26.08#37.16
-163.685,71.9613#36.76#26.08#37.16
-163.509,71.9745#36.75#26.08#37.17
-163.333,71.9875#36.74#26.08#37.18
-163.157,72.0003#36.73#26.08#37.19
-162.98,72.013#36.72#26.08#37.2
-162.803,72.0255#36.71#26.08#37.21
-162.626,72.0378#36.69#26.08#37.23
-162.449,72.0499#36.67#26.08#37.25
-162.272,72.0619#36.65#26.08#37.27
-162.094,72.0737#36.62#26.08#37.3
-161.916,72.0854#36.6#26.08#37.32
-161.738,72.0968#36.56#26.08#37.36
-161.559,72.1082#36.53#26.08#37.39
-161.381,72.1193#36.49#26.08#37.43
-161.202,72.1303#36.45#26.08#37.47
-161.023,72.141#36.41#26.08#37.51
-160.843,72.1517#36.36#26.08#37.56
-160.664,72.1621#36.31#26.08#37.61
-160.484,72.1724#36.26#26.08#37.66
-160.304,72.1825#36.21#26.08#37.71
-160.124,72.1924#36.15#26.09#37.76
-159.943,72.2022#36.09#26.09#37.82
-159.763,72.2118#36.03#26.11#37.86
-159.582,72.2212#35.97#26.13#37.9
-159.401,72.2304#35.91#26.16#37.93
-159.22,72.2395#35.85#26.21#37.94
-159.039,72.2484#35.78#26.27#37.95
-158.857,72.2571#35.72#26.35#37.93
-158.675,72.2656#35.65#26.44#37.91
-158.493,72.274#35.59#26.54#37.87
-158.311,72.2822#35.52#26.64#37.84
-158.129,72.2902#35.45#26.73#37.82
-157.947,72.298#35.38#26.82#37.8
-157.764,72.3057#35.3#26.88#37.82
-157.581,72.3131#35.23#26.94#37.83
-157.399,72.3204#35.16#26.99#37.85
-157.216,72.3276#35.08#27.02#37.9
-157.032,72.3345#35.01#27.04#37.95
-156.849,72.3413#34.93#27.06#38.01
-156.666,72.3479#34.85#27.08#38.07
-156.482,72.3543#34.77#27.09#38.14
-156.298,72.3605#34.69#27.1#38.21
-156.115,72.3666#34.61#27.11#38.28
-155.931,72.3725#34.53#27.12#38.35
-155.746,72.3782#34.44#27.12#38.44
-155.562,72.3837#34.36#27.13#38.51
-155.378,72.389#34.27#27.13#38.6
-155.193,72.3942#34.19#27.13#38.68
-155.009,72.3992#34.1#27.14#38.76
-154.824,72.404#34.01#27.14#38.85
-154.639,72.4086#33.93#27.14#38.93
-154.455,72.413#33.84#27.14#39.02
-154.27,72.4173#33.76#27.15#39.09
-154.085,72.4214#33.68#27.15#39.17
-153.899,72.4253#33.59#27.15#39.26
-153.714,72.429#33.51#27.15#39.34
-153.529,72.4325#33.42#27.15#39.43
-153.344,72.4359#33.34#27.16#39.5
-153.158,72.4391#33.26#27.16#39.58
-152.973,72.4421#33.19#27.16#39.65
-152.787,72.4449#33.1#27.16#39.74
-152.601,72.4475#33.02#27.16#39.82
-152.416,72.45#32.93#27.16#39.91
-152.23,72.4523#32.82#27.17#40.01
-152.044,72.4543#32.71#27.17#40.12
-151.858,72.4563#32.61#27.17#40.22
-151.673,72.458#32.51#27.17#40.32
-151.487,72.4595#32.42#27.17#40.41
-151.301,72.4609#32.34#27.17#40.49
-151.115,72.4621#32.27#27.18#40.55
-150.929,72.4631#32.2#27.18#40.62
-150.743,72.4639#32.14#27.18#40.68
-150.557,72.4645#32.08#27.18#40.74
-150.371,72.465#32.04#27.18#40.78
-150.185,72.4653#32#27.18#40.82
-149.999,72.4653#31.97#27.19#40.84
-149.813,72.4653#31.95#27.19#40.86
-149.627,72.465#31.94#27.19#40.87
-149.441,72.4645#31.92#27.19#40.89
-149.255,72.4639#31.9#27.2#40.9
-149.069,72.4631#31.88#27.2#40.92
-148.883,72.4621#31.87#27.21#40.92
-148.697,72.4609#31.85#27.22#40.93
-148.511,72.4595#31.84#27.24#40.92
-148.325,72.458#31.82#27.26#40.92
-148.139,72.4562#31.8#27.28#40.92
-147.953,72.4543#31.78#27.31#40.91
-147.768,72.4522#31.76#27.34#40.9
-147.582,72.45#31.73#27.37#40.9
-147.396,72.4475#31.71#27.41#40.88
-147.211,72.4449#31.69#27.44#40.87
-147.025,72.442#31.67#27.47#40.86
-146.84,72.439#31.65#27.5#40.85
-146.654,72.4359#31.63#27.52#40.85
-146.469,72.4325#31.61#27.54#40.85
-146.283,72.429#31.59#27.56#40.85
-146.098,72.4252#31.57#27.58#40.85
-145.913,72.4213#31.55#27.6#40.85
-145.728,72.4173#31.53#27.61#40.86
-145.543,72.413#31.51#27.62#40.87
-145.358,72.4085#31.49#27.63#40.88
-145.174,72.4039#31.48#27.64#40.88
-144.989,72.3991#31.46#27.65#40.89
-144.804,72.3941#31.44#27.66#40.9
-144.62,72.389#31.42#27.67#40.91
-144.436,72.3836#31.4#27.67#40.93
-144.251,72.3781#31.39#27.68#40.93
-144.067,72.3724#31.38#27.68#40.94
-143.883,72.3665#31.36#27.69#40.95
-143.699,72.3605#31.34#27.69#40.97
-143.516,72.3542#31.33#27.69#40.98
-143.332,72.3478#31.3#27.7#41
-143.149,72.3412#31.27#27.7#41.03
-142.965,72.3344#31.24#27.7#41.06
-142.782,72.3275#31.2#27.71#41.09
-142.599,72.3204#31.16#27.71#41.13
-142.416,72.313#31.12#27.71#41.17
-142.234,72.3056#31.08#27.72#41.2
-142.051,72.2979#31.04#27.72#41.24
-141.869,72.2901#31#27.72#41.28
-141.686,72.2821#30.96#27.72#41.32
-141.504,72.2739#30.92#27.73#41.35
-141.322,72.2655#30.86#27.73#41.41
-141.141,72.257#30.81#27.73#41.46
-140.959,72.2483#30.75#27.73#41.52
-140.778,72.2394#30.67#27.74#41.59
-140.597,72.2303#30.6#27.74#41.66
-140.416,72.2211#30.52#27.74#41.74
-140.235,72.2116#30.43#27.74#41.83
-140.054,72.2021#30.34#27.75#41.91
-139.874,72.1923#30.25#27.75#42
-139.694,72.1824#30.16#27.75#42.09
-139.514,72.1723#30.06#27.75#42.19
-139.334,72.162#29.96#27.76#42.28
-139.154,72.1515#29.86#27.76#42.38
-138.975,72.1409#29.76#27.76#42.48
-138.796,72.1301#29.65#27.76#42.59
-138.617,72.1191#29.53#27.77#42.7
-138.438,72.108#29.39#27.77#42.84
-138.26,72.0967#29.2#27.77#43.03
-138.082,72.0852#29#27.77#43.23
-137.904,72.0736#28.82#27.78#43.4
-137.726,72.0618#28.66#27.78#43.56
-137.549,72.0498#28.51#27.78#43.71
-137.371,72.0376#28.41#27.78#43.81
-137.194,72.0253#28.35#27.78#43.87
-137.018,72.0128#28.28#27.79#43.93
-136.841,72.0001#28.24#27.79#43.97
-136.665,71.9873#28.2#27.79#44.01
-136.489,71.9743#28.16#27.79#44.05
-136.313,71.9612#28.13#27.79#44.08
-136.138,71.9478#28.1#27.79#44.11
-135.962,71.9343#28.07#27.8#44.13
-135.787,71.9207#28.04#27.8#44.16
-135.613,71.9069#28.01#27.8#44.19
-165.128,71.9041#36.65#26.08#37.27
-164.954,71.9187#36.66#26.08#37.26
-164.78,71.933#36.67#26.08#37.25
-164.605,71.9472#36.67#26.08#37.25
-164.43,71.9612#36.67#26.08#37.25
-164.255,71.9751#36.67#26.08#37.25
-164.079,71.9888#36.67#26.08#37.25
-163.904,72.0023#36.66#26.08#37.26
-163.728,72.0157#36.66#26.08#37.26
