-153.097,61.9029#58.74#26.36#14.9
-152.982,61.9057#58.52#26.36#15.12
-152.867,61.9085#58.32#26.37#15.31
-152.753,61.9111#58.12#26.37#15.51
-152.638,61.9137#57.92#26.38#15.7
-152.524,61.9161#57.71#26.38#15.91
-152.409,61.9184#57.53#26.38#16.09
-152.295,61.9207#57.34#26.39#16.27
-152.18,61.9228#57.16#26.39#16.45
-152.065,61.9248#56.98#26.4#16.62
-151.951,61.9267#56.8#26.4#16.8
-151.836,61.9284#56.62#26.41#16.97
-151.721,61.9301#56.45#26.41#17.14
-151.606,61.9317#56.28#26.42#17.3
-151.492,61.9331#56.1#26.42#17.48
-151.377,61.9345#55.93#26.42#17.65
-151.262,61.9357#55.77#26.43#17.8
-151.147,61.9369#55.6#26.43#17.97
-151.033,61.9379#55.43#26.44#18.13
-150.918,61.9388#55.26#26.44#18.3
-150.803,61.9396#55.09#26.45#18.46
-150.688,61.9403#54.92#26.45#18.63
-150.573,61.9409#54.76#26.46#18.78
-150.459,61.9414#54.59#26.46#18.95
-150.344,61.9418#54.42#26.47#19.11
-150.229,61.9421#54.25#26.47#19.28
-150.114,61.9422#54.08#26.48#19.44
-149.999,61.9423#53.92#26.48#19.6
-149.884,61.9422#53.75#26.49#19.76
-149.77,61.9421#53.58#26.5#19.92
-149.655,61.9418#53.41#26.51#20.08
-149.54,61.9414#53.24#26.52#20.24
-149.425,61.9409#53.07#26.54#20.39
-149.31,61.9403#52.9#26.57#20.53
-149.196,61.9396#52.73#26.59#20.68
-149.081,61.9388#52.56#26.61#20.83
-148.966,61.9379#52.4#26.65#20.95
-148.851,61.9369#52.23#26.7#21.07
-148.736,61.9357#52.07#26.75#21.18
-148.622,61.9345#51.9#26.8#21.3
-148.507,61.9331#51.74#26.85#21.41
-148.392,61.9317#51.59#26.92#21.49
-148.277,61.9301#51.44#26.99#21.57
-148.163,61.9284#51.29#27.06#21.65
-148.048,61.9266#51.15#27.13#21.72
-147.933,61.9247#51#27.19#21.81
-147.819,61.9227#50.85#27.25#21.9
-147.704,61.9206#50.7#27.32#21.98
-147.589,61.9184#50.55#27.38#22.07
-147.475,61.9161#50.4#27.44#22.16
-147.36,61.9136#50.28#27.47#22.25
-147.246,61.9111#50.15#27.51#22.34
-147.131,61.9085#50.03#27.55#22.42
-147.017,61.9057#49.91#27.59#22.5
-146.902,61.9028#49.78#27.61#22.61
-154.82,61.9008#63.89#26.3#9.81
-154.706,61.9053#63.51#26.3#10.19
-154.592,61.9097#63.13#26.3#10.57
-154.477,61.914#62.74#26.31#10.95
-154.363,61.9181#62.3#26.31#11.39
-154.249,61.9222#61.85#26.31#11.84
-154.134,61.9261#61.39#26.32#12.29
-154.02,61.93#60.94#26.32#12.74
-153.905,61.9337#60.58#26.33#13.09
-153.791,61.9373#60.24#26.33#13.43
-153.676,61.9408#59.9#26.33#13.77
-153.561,61.9442#59.57#26.34#14.09
-153.447,61.9475#59.29#26.34#14.37
-153.332,61.9507#59.07#26.35#14.58
-153.217,61.9538#58.86#26.35#14.79
-153.103,61.9568#58.64#26.35#15.01
-152.988,61.9597#58.43#26.36#15.21
-152.873,61.9624#58.22#26.36#15.42
-152.758,61.9651#58.02#26.37#15.61
-152.644,61.9676#57.82#26.37#15.81
-152.529,61.9701#57.61#26.37#16.02
-152.414,61.9724#57.42#26.38#16.2
-152.299,61.9746#57.24#26.38#16.38
-152.184,61.9767#57.05#26.39#16.56
-152.069,61.9787#56.87#26.39#16.74
-151.954,61.9806#56.69#26.4#16.91
-151.84,61.9824#56.51#26.4#17.09
-151.725,61.9841#56.34#26.41#17.25
-151.61,61.9857#56.16#26.41#17.43
-151.495,61.9871#55.99#26.41#17.6
-151.38,61.9885#55.82#26.42#17.76
-151.265,61.9897#55.65#26.42#17.93
-151.15,61.9909#55.48#26.43#18.09
-151.035,61.9919#55.31#26.43#18.26
-150.92,61.9928#55.14#26.44#18.42
-150.805,61.9936#54.97#26.44#18.59
-150.69,61.9943#54.8#26.45#18.75
-150.575,61.9949#54.64#26.45#18.91
-150.459,61.9954#54.47#26.46#19.07
-150.344,61.9958#54.3#26.46#19.24
-150.229,61.9961#54.13#26.47#19.4
-150.114,61.9962#53.96#26.47#19.57
-149.999,61.9963#53.8#26.48#19.72
-149.884,61.9962#53.63#26.49#19.88
-149.769,61.9961#53.46#26.5#20.04
-149.654,61.9958#53.29#26.51#20.2
-149.539,61.9954#53.12#26.52#20.36
-149.424,61.9949#52.95#26.54#20.51
-149.309,61.9943#52.78#26.57#20.65
-149.194,61.9936#52.61#26.59#20.8
-149.079,61.9928#52.45#26.62#20.93
-148.964,61.9919#52.28#26.66#21.06
-148.849,61.9909#52.11#26.71#21.18
-148.734,61.9897#51.95#26.77#21.28
-148.619,61.9885#51.79#26.82#21.39
-148.504,61.9871#51.62#26.88#21.5
-148.389,61.9857#51.47#26.95#21.58
-148.274,61.9841#51.32#27.02#21.66
-148.159,61.9824#51.17#27.09#21.74
-148.044,61.9806#51.03#27.16#21.81
-147.929,61.9787#50.88#27.22#21.9
-147.814,61.9767#50.73#27.28#21.99
-147.699,61.9746#50.58#27.34#22.08
-147.585,61.9724#50.43#27.4#22.17
-147.47,61.97#50.29#27.46#22.25
-147.355,61.9676#50.17#27.49#22.34
-147.24,61.9651#50.05#27.53#22.42
-147.125,61.9624#49.93#27.56#22.51
-147.011,61.9596#49.81#27.6#22.59
-146.896,61.9568#49.68#27.62#22.7
-146.781,61.9538#49.56#27.63#22.81
-146.666,61.9507#49.44#27.65#22.91
-146.552,61.9475#49.31#27.67#23.02
-146.437,61.9442#49.19#27.68#23.13
-146.323,61.9408#49.06#27.69#23.25
-146.208,61.9373#48.94#27.7#23.36
-146.093,61.9336#48.81#27.71#23.48
-145.979,61.9299#48.68#27.72#23.6
-145.865,61.9261#48.54#27.73#23.73
-145.75,61.9221#48.4#27.73#23.87
-145.636,61.9181#48.26#27.74#24
-145.521,61.9139#48.12#27.74#24.14
-145.407,61.9096#47.97#27.75#24.28
-145.293,61.9053#47.82#27.75#24.43
-145.178,61.9008#47.66#27.76#24.58
-155.972,61.9038#67.04#26.26#6.69999999999999
-155.858,61.9094#66.76#26.26#6.97999999999999
-155.744,61.9148#66.48#26.27#7.25
-155.63,61.9202#66.2#26.27#7.53
-155.516,61.9254#65.92#26.27#7.81
-155.402,61.9306#65.58#26.28#8.14
-155.287,61.9356#65.23#26.28#8.48999999999999
-155.173,61.9405#64.88#26.28#8.84
-155.059,61.9453#64.53#26.29#9.18000000000001
-154.944,61.95#64.17#26.29#9.53999999999999
-154.83,61.9546#63.79#26.29#9.92
-154.715,61.9591#63.41#26.3#10.29
-154.601,61.9635#63.03#26.3#10.67
-154.486,61.9678#62.64#26.3#11.06
-154.372,61.972#62.18#26.31#11.51
-154.257,61.976#61.71#26.31#11.98
-154.142,61.98#61.25#26.31#12.44
-154.028,61.9838#60.78#26.32#12.9
-153.913,61.9876#60.42#26.32#13.26
-153.798,61.9912#60.1#26.33#13.57
-153.683,61.9947#59.78#26.33#13.89
-153.569,61.9982#59.47#26.33#14.2
-153.454,62.0015#59.19#26.34#14.47
-153.339,62.0047#58.98#26.34#14.68
-153.224,62.0078#58.76#26.35#14.89
-153.109,62.0107#58.55#26.35#15.1
-152.994,62.0136#58.33#26.35#15.32
-152.879,62.0164#58.13#26.36#15.51
-152.764,62.019#57.92#26.36#15.72
-152.649,62.0216#57.72#26.37#15.91
-152.534,62.024#57.51#26.37#16.12
-152.419,62.0264#57.32#26.37#16.31
-152.304,62.0286#57.13#26.38#16.49
-152.189,62.0307#56.94#26.38#16.68
-152.074,62.0327#56.76#26.39#16.85
-151.958,62.0346#56.57#26.39#17.04
-151.843,62.0364#56.4#26.4#17.2
-151.728,62.0381#56.22#26.4#17.38
-151.613,62.0397#56.05#26.41#17.54
-151.498,62.0411#55.87#26.41#17.72
-151.382,62.0425#55.7#26.41#17.89
-151.267,62.0437#55.53#26.42#18.05
-151.152,62.0449#55.36#26.42#18.22
-151.037,62.0459#55.19#26.43#18.38
-150.921,62.0468#55.02#26.43#18.55
-150.806,62.0477#54.85#26.44#18.71
-150.691,62.0484#54.68#26.44#18.88
-150.576,62.049#54.52#26.45#19.03
-150.46,62.0494#54.35#26.45#19.2
-150.345,62.0498#54.18#26.46#19.36
-150.23,62.0501#54.01#26.46#19.53
-150.115,62.0503#53.84#26.47#19.69
-149.999,62.0503#53.68#26.47#19.85
-149.884,62.0503#53.51#26.48#20.01
-149.769,62.0501#53.34#26.49#20.17
-149.653,62.0498#53.17#26.51#20.32
-149.538,62.0494#53#26.52#20.48
-149.423,62.049#52.83#26.54#20.63
-149.308,62.0484#52.66#26.57#20.77
-149.192,62.0476#52.49#26.6#20.91
-149.077,62.0468#52.33#26.63#21.04
-148.962,62.0459#52.16#26.67#21.17
-148.847,62.0449#52#26.73#21.27
-148.731,62.0437#51.83#26.78#21.39
-148.616,62.0425#51.67#26.84#21.49
-148.501,62.0411#51.5#26.9#21.6
-148.386,62.0397#51.35#26.97#21.68
-148.271,62.0381#51.2#27.05#21.75
-148.155,62.0364#51.05#27.12#21.83
-148.04,62.0346#50.91#27.19#21.9
-147.925,62.0327#50.76#27.25#21.99
-147.81,62.0307#50.61#27.31#22.08
-147.695,62.0286#50.46#27.37#22.17
-147.58,62.0263#50.31#27.43#22.26
-147.465,62.024#50.17#27.48#22.35
-147.35,62.0216#50.06#27.51#22.43
-147.235,62.019#49.94#27.54#22.52
-147.12,62.0163#49.82#27.57#22.61
-147.005,62.0136#49.7#27.61#22.69
-146.89,62.0107#49.58#27.62#22.8
-146.775,62.0077#49.46#27.64#22.9
-146.66,62.0046#49.34#27.66#23
-146.545,62.0014#49.21#27.67#23.12
-146.43,61.9981#49.09#27.68#23.23
-146.315,61.9947#48.96#27.69#23.35
-146.2,61.9912#48.84#27.7#23.46
-146.086,61.9875#48.71#27.71#23.58
-145.971,61.9838#48.59#27.72#23.69
-145.856,61.9799#48.44#27.73#23.83
-145.742,61.976#48.3#27.73#23.97
-145.627,61.9719#48.16#27.74#24.1
-145.512,61.9677#48.02#27.74#24.24
-145.398,61.9635#47.87#27.75#24.38
-145.283,61.9591#47.72#27.75#24.53
-145.169,61.9546#47.56#27.76#24.68
-145.054,61.95#47.41#27.76#24.83
-144.94,61.9453#47.24#27.76#25
-144.826,61.9405#47.07#27.77#25.16
-144.711,61.9355#46.89#27.77#25.34
-144.597,61.9305#46.71#27.77#25.52
-144.483,61.9254#46.54#27.78#25.68
-144.368,61.9201#46.34#27.78#25.88
-144.254,61.9148#46.14#27.78#26.08
-144.14,61.9093#45.94#27.78#26.28
-144.026,61.9037#45.75#27.79#26.46
-157.011,61.9025#68.66#26.23#5.11
-156.897,61.909#68.51#26.23#5.25999999999999
-156.783,61.9155#68.36#26.23#5.41
-156.669,61.9218#68.21#26.24#5.55000000000001
-156.555,61.928#68.06#26.24#5.7
-156.441,61.9341#67.87#26.24#5.89
-156.327,61.9401#67.66#26.25#6.09
-156.213,61.946#67.44#26.25#6.31
-156.099,61.9518#67.22#26.25#6.53
-155.984,61.9575#66.99#26.26#6.75
-155.87,61.9631#66.71#26.26#7.03
-155.756,61.9686#66.42#26.26#7.31999999999999
-155.641,61.9739#66.14#26.26#7.59999999999999
-155.527,61.9792#65.85#26.27#7.88000000000001
-155.412,61.9843#65.51#26.27#8.22
-155.298,61.9894#65.16#26.27#8.57000000000001
-155.183,61.9943#64.8#26.28#8.92
-155.069,61.9991#64.44#26.28#9.28
-154.954,62.0039#64.08#26.28#9.64
-154.84,62.0085#63.7#26.29#10.01
-154.725,62.013#63.32#26.29#10.39
-154.61,62.0174#62.93#26.3#10.77
-154.495,62.0217#62.55#26.3#11.15
-154.38,62.0258#62.07#26.3#11.63
-154.266,62.0299#61.59#26.31#12.1
-154.151,62.0339#61.1#26.31#12.59
-154.036,62.0377#60.61#26.31#13.08
-153.921,62.0415#60.25#26.32#13.43
-153.806,62.0451#59.96#26.32#13.72
-153.691,62.0486#59.66#26.32#14.02
-153.576,62.0521#59.37#26.33#14.3
-153.461,62.0554#59.1#26.33#14.57
-153.346,62.0586#58.89#26.34#14.77
-153.23,62.0617#58.67#26.34#14.99
-153.115,62.0647#58.45#26.34#15.21
-153,62.0676#58.24#26.35#15.41
-152.885,62.0703#58.03#26.35#15.62
-152.77,62.073#57.82#26.36#15.82
-152.654,62.0756#57.62#26.36#16.02
-152.539,62.078#57.41#26.37#16.22
-152.424,62.0804#57.21#26.37#16.42
-152.308,62.0826#57.03#26.37#16.6
-152.193,62.0847#56.84#26.38#16.78
-152.078,62.0867#56.65#26.38#16.97
-151.962,62.0886#56.46#26.39#17.15
-151.847,62.0904#56.28#26.39#17.33
-151.732,62.0921#56.11#26.4#17.49
-151.616,62.0937#55.93#26.4#17.67
-151.501,62.0952#55.76#26.4#17.84
-151.385,62.0965#55.58#26.41#18.01
-151.27,62.0978#55.41#26.41#18.18
-151.154,62.0989#55.24#26.42#18.34
-151.039,62.0999#55.07#26.42#18.51
-150.923,62.1009#54.9#26.43#18.67
-150.808,62.1017#54.73#26.43#18.84
-150.692,62.1024#54.56#26.44#19
-150.577,62.103#54.4#26.44#19.16
-150.461,62.1035#54.23#26.45#19.32
-150.346,62.1039#54.06#26.45#19.49
-150.23,62.1041#53.89#26.46#19.65
-150.115,62.1043#53.72#26.46#19.82
-149.999,62.1044#53.56#26.47#19.97
-149.884,62.1043#53.39#26.48#20.13
-149.768,62.1041#53.22#26.49#20.29
-149.653,62.1039#53.05#26.5#20.45
-149.537,62.1035#52.88#26.51#20.61
-149.422,62.103#52.71#26.54#20.75
-149.306,62.1024#52.54#26.57#20.89
-149.191,62.1017#52.37#26.6#21.03
-149.075,62.1009#52.21#26.64#21.15
-148.96,62.0999#52.04#26.68#21.28
-148.844,62.0989#51.88#26.74#21.38
-148.729,62.0978#51.71#26.8#21.49
-148.613,62.0965#51.55#26.86#21.59
-148.498,62.0951#51.38#26.93#21.69
-148.382,62.0937#51.23#27#21.77
-148.267,62.0921#51.08#27.07#21.85
-148.152,62.0904#50.93#27.15#21.92
-148.036,62.0886#50.78#27.22#22
-147.921,62.0867#50.64#27.28#22.08
-147.805,62.0847#50.49#27.34#22.17
-147.69,62.0826#50.34#27.4#22.26
-147.575,62.0803#50.2#27.45#22.35
-147.46,62.078#50.06#27.5#22.44
-147.344,62.0755#49.95#27.53#22.52
-147.229,62.073#49.83#27.56#22.61
-147.114,62.0703#49.72#27.59#22.69
-146.999,62.0675#49.6#27.61#22.79
-146.883,62.0646#49.48#27.63#22.89
-146.768,62.0617#49.36#27.64#23
-146.653,62.0586#49.24#27.66#23.1
-146.538,62.0553#49.11#27.68#23.21
-146.423,62.052#48.99#27.69#23.32
-146.308,62.0486#48.87#27.7#23.43
-146.193,62.0451#48.74#27.7#23.56
-146.078,62.0414#48.62#27.71#23.67
-145.963,62.0377#48.49#27.72#23.79
-145.848,62.0338#48.35#27.73#23.92
-145.733,62.0299#48.21#27.73#24.06
-145.618,62.0258#48.06#27.74#24.2
-145.503,62.0216#47.92#27.74#24.34
-145.389,62.0173#47.77#27.75#24.48
-145.274,62.0129#47.62#27.75#24.63
-145.159,62.0084#47.46#27.75#24.79
-145.044,62.0038#47.31#27.76#24.93
-144.93,61.9991#47.14#27.76#25.1
-144.815,61.9942#46.96#27.76#25.28
-144.701,61.9893#46.79#27.77#25.44
-144.586,61.9843#46.62#27.77#25.61
-144.472,61.9791#46.44#27.77#25.79
-144.357,61.9739#46.24#27.78#25.98
-144.243,61.9685#46.04#27.78#26.18
-144.128,61.963#45.85#27.78#26.37
-144.014,61.9574#45.65#27.78#26.57
-143.9,61.9518#45.44#27.79#26.77
-143.786,61.946#45.22#27.79#26.99
-143.672,61.9401#45#27.79#27.21
-143.558,61.9341#44.78#27.79#27.43
-143.443,61.9279#44.55#27.79#27.66
-143.329,61.9217#44.32#27.8#27.88
-143.216,61.9154#44.08#27.8#28.12
-143.102,61.909#43.84#27.8#28.36
-142.988,61.9024#43.6#27.8#28.6
-157.821,61.9073#69.27#26.21#4.52000000000001
-157.708,61.9146#69.2#26.21#4.59
-157.594,61.9218#69.14#26.21#4.65000000000001
-157.48,61.9288#69.07#26.21#4.72
-157.367,61.9358#68.96#26.22#4.82000000000001
-157.253,61.9427#68.85#26.22#4.93000000000001
-157.139,61.9495#68.74#26.22#5.04000000000001
-157.025,61.9561#68.63#26.23#5.14
-156.911,61.9627#68.49#26.23#5.28
-156.797,61.9691#68.33#26.23#5.44
-156.682,61.9754#68.18#26.23#5.58999999999999
-156.568,61.9817#68.02#26.24#5.74000000000001
-156.454,61.9878#67.84#26.24#5.92
-156.34,61.9938#67.62#26.24#6.14
-156.225,61.9997#67.4#26.25#6.34999999999999
-156.111,62.0055#67.17#26.25#6.58
-155.996,62.0112#66.95#26.25#6.8
-155.882,62.0168#66.66#26.26#7.08
-155.767,62.0223#66.37#26.26#7.36999999999999
-155.653,62.0277#66.07#26.26#7.67
-155.538,62.033#65.78#26.26#7.95999999999999
-155.423,62.0381#65.44#26.27#8.29000000000001
-155.309,62.0432#65.08#26.27#8.65000000000001
-155.194,62.0481#64.72#26.27#9.01000000000001
-155.079,62.0529#64.36#26.28#9.36
-154.964,62.0577#63.99#26.28#9.72999999999999
-154.849,62.0623#63.6#26.28#10.12
-154.734,62.0668#63.22#26.29#10.49
-154.619,62.0712#62.83#26.29#10.88
-154.504,62.0755#62.45#26.29#11.26
-154.389,62.0797#61.96#26.3#11.74
-154.274,62.0838#61.46#26.3#12.24
-154.159,62.0878#60.96#26.31#12.73
-154.044,62.0916#60.46#26.31#13.23
-153.929,62.0954#60.09#26.31#13.6
-153.813,62.099#59.81#26.32#13.87
-153.698,62.1026#59.54#26.32#14.14
-153.583,62.106#59.26#26.32#14.42
-153.468,62.1093#59.01#26.33#14.66
-153.352,62.1125#58.79#26.33#14.88
-153.237,62.1157#58.57#26.34#15.09
-153.121,62.1186#58.36#26.34#15.3
-153.006,62.1215#58.14#26.34#15.52
-152.891,62.1243#57.93#26.35#15.72
-152.775,62.127#57.72#26.35#15.93
-152.66,62.1296#57.52#26.36#16.12
-152.544,62.132#57.31#26.36#16.33
-152.429,62.1344#57.11#26.36#16.53
-152.313,62.1366#56.92#26.37#16.71
-152.197,62.1387#56.73#26.37#16.9
-152.082,62.1407#56.54#26.38#17.08
-151.966,62.1426#56.35#26.38#17.27
-151.851,62.1444#56.17#26.39#17.44
-151.735,62.1461#55.99#26.39#17.62
-151.619,62.1477#55.82#26.4#17.78
-151.504,62.1492#55.64#26.4#17.96
-151.388,62.1506#55.47#26.4#18.13
-151.272,62.1518#55.3#26.41#18.29
-151.157,62.153#55.12#26.41#18.47
-151.041,62.154#54.95#26.42#18.63
-150.925,62.1549#54.78#26.42#18.8
-150.809,62.1557#54.61#26.43#18.96
-150.694,62.1564#54.45#26.43#19.12
-150.578,62.157#54.28#26.44#19.28
-150.462,62.1575#54.11#26.44#19.45
-150.347,62.1579#53.94#26.45#19.61
-150.231,62.1582#53.77#26.45#19.78
-150.115,62.1584#53.6#26.46#19.94
-149.999,62.1584#53.44#26.46#20.1
-149.884,62.1584#53.27#26.48#20.25
-149.768,62.1582#53.1#26.49#20.41
-149.652,62.1579#52.93#26.5#20.57
-149.536,62.1575#52.76#26.51#20.73
-149.421,62.157#52.59#26.54#20.87
-149.305,62.1564#52.42#26.57#21.01
-149.189,62.1557#52.26#26.61#21.13
-149.073,62.1549#52.09#26.64#21.27
-148.958,62.154#51.92#26.69#21.39
-148.842,62.1529#51.76#26.75#21.49
-148.726,62.1518#51.59#26.82#21.59
-148.611,62.1505#51.43#26.89#21.68
-148.495,62.1492#51.27#26.95#21.78
-148.379,62.1477#51.11#27.03#21.86
-148.264,62.1461#50.96#27.1#21.94
-148.148,62.1444#50.81#27.18#22.01
-148.032,62.1426#50.66#27.25#22.09
-147.917,62.1407#50.52#27.31#22.17
-147.801,62.1387#50.37#27.37#22.26
-147.685,62.1366#50.23#27.42#22.35
-147.57,62.1343#50.08#27.48#22.44
-147.454,62.132#49.95#27.52#22.53
-147.339,62.1295#49.84#27.55#22.61
-147.223,62.127#49.72#27.57#22.71
-147.108,62.1243#49.61#27.6#22.79
-146.992,62.1215#49.5#27.62#22.88
-146.877,62.1186#49.38#27.64#22.98
-146.762,62.1156#49.26#27.65#23.09
-146.646,62.1125#49.14#27.67#23.19
-146.531,62.1093#49.02#27.68#23.3
-146.416,62.106#48.89#27.69#23.42
-146.3,62.1025#48.77#27.7#23.53
-146.185,62.099#48.64#27.71#23.65
-146.07,62.0953#48.52#27.71#23.77
-145.955,62.0916#48.39#27.72#23.89
-145.84,62.0877#48.25#27.73#24.02
-145.724,62.0837#48.11#27.73#24.16
-145.609,62.0797#47.97#27.74#24.29
-145.494,62.0755#47.83#27.74#24.43
-145.379,62.0712#47.67#27.75#24.58
-145.264,62.0668#47.52#27.75#24.73
-145.149,62.0622#47.36#27.75#24.89
-145.034,62.0576#47.21#27.76#25.03
-144.92,62.0529#47.04#27.76#25.2
-144.805,62.0481#46.86#27.76#25.38
-144.69,62.0431#46.69#27.77#25.54
-144.575,62.038#46.52#27.77#25.71
-144.461,62.0329#46.34#27.77#25.89
-144.346,62.0276#46.14#27.77#26.09
-144.231,62.0222#45.95#27.78#26.27
-144.117,62.0168#45.75#27.78#26.47
-144.002,62.0112#45.56#27.78#26.66
-143.888,62.0055#45.34#27.78#26.88
-143.773,61.9997#45.12#27.79#27.09
-143.659,61.9937#44.91#27.79#27.3
-143.545,61.9877#44.69#27.79#27.52
-143.43,61.9816#44.46#27.79#27.75
-143.316,61.9754#44.22#27.79#27.99
-143.202,61.969#43.99#27.8#28.21
-143.088,61.9626#43.75#27.8#28.45
-142.974,61.956#43.51#27.8#28.69
-142.86,61.9494#43.25#27.8#28.95
-142.746,61.9426#43#27.81#29.19
-142.632,61.9357#42.75#27.81#29.44
-142.518,61.9287#42.49#27.81#29.7
-142.404,61.9217#42.24#27.81#29.95
-142.291,61.9145#41.98#27.81#30.21
-142.177,61.9072#41.72#27.82#30.46
-158.632,61.9066#69.52#26.19#4.29000000000001
-158.519,61.9147#69.5#26.19#4.31
-158.405,61.9226#69.47#26.19#4.34
-158.292,61.9305#69.44#26.19#4.37
-158.178,61.9382#69.4#26.2#4.39999999999999
-158.065,61.9458#69.37#26.2#4.42999999999999
-157.951,61.9534#69.32#26.2#4.48
-157.837,61.9608#69.26#26.2#4.53999999999999
-157.723,61.9681#69.19#26.21#4.59999999999999
-157.609,61.9753#69.12#26.21#4.66999999999999
-157.495,61.9824#69.05#26.21#4.74000000000001
-157.381,61.9894#68.94#26.21#4.84999999999999
-157.267,61.9963#68.83#26.22#4.95
-157.153,62.003#68.72#26.22#5.06
-157.039,62.0097#68.61#26.22#5.17
-156.925,62.0163#68.47#26.23#5.3
-156.81,62.0227#68.31#26.23#5.45999999999999
-156.696,62.0291#68.15#26.23#5.61999999999999
-156.581,62.0353#67.99#26.23#5.78
-156.467,62.0415#67.81#26.24#5.95
-156.352,62.0475#67.58#26.24#6.18000000000001
-156.238,62.0534#67.36#26.24#6.40000000000001
-156.123,62.0593#67.13#26.25#6.62
-156.008,62.065#66.9#26.25#6.84999999999999
-155.894,62.0706#66.61#26.25#7.14
-155.779,62.0761#66.31#26.25#7.44
-155.664,62.0815#66.01#26.26#7.72999999999999
-155.549,62.0867#65.72#26.26#8.02
-155.434,62.0919#65.38#26.26#8.36
-155.319,62.097#65.01#26.27#8.72
-155.204,62.1019#64.64#26.27#9.09
-155.089,62.1068#64.27#26.27#9.46000000000001
-154.974,62.1115#63.89#26.28#9.83
-154.859,62.1161#63.51#26.28#10.21
-154.744,62.1207#63.12#26.28#10.6
-154.629,62.1251#62.74#26.29#10.97
-154.513,62.1294#62.35#26.29#11.36
-154.398,62.1336#61.85#26.29#11.86
-154.283,62.1377#61.34#26.3#12.36
-154.167,62.1417#60.82#26.3#12.88
-154.052,62.1455#60.3#26.3#13.4
-153.937,62.1493#59.92#26.31#13.77
-153.821,62.153#59.66#26.31#14.03
-153.706,62.1565#59.41#26.32#14.27
-153.59,62.16#59.16#26.32#14.52
-153.475,62.1633#58.92#26.32#14.76
-153.359,62.1665#58.7#26.33#14.97
-153.243,62.1696#58.48#26.33#15.19
-153.128,62.1726#58.26#26.34#15.4
-153.012,62.1755#58.05#26.34#15.61
-152.896,62.1783#57.84#26.34#15.82
-152.781,62.181#57.63#26.35#16.02
-152.665,62.1836#57.42#26.35#16.23
-152.549,62.186#57.21#26.36#16.43
-152.434,62.1884#57.01#26.36#16.63
-152.318,62.1906#56.81#26.36#16.83
-152.202,62.1927#56.62#26.37#17.01
-152.086,62.1948#56.43#26.37#17.2
-151.97,62.1967#56.24#26.38#17.38
-151.854,62.1985#56.06#26.38#17.56
-151.739,62.2002#55.88#26.39#17.73
-151.623,62.2018#55.7#26.39#17.91
-151.507,62.2032#55.53#26.39#18.08
-151.391,62.2046#55.35#26.4#18.25
-151.275,62.2059#55.18#26.4#18.42
-151.159,62.207#55.01#26.41#18.58
-151.043,62.208#54.84#26.41#18.75
-150.927,62.209#54.66#26.42#18.92
-150.811,62.2098#54.49#26.42#19.09
-150.695,62.2105#54.33#26.43#19.24
-150.579,62.2111#54.16#26.43#19.41
-150.463,62.2116#53.99#26.44#19.57
-150.347,62.212#53.82#26.44#19.74
-150.231,62.2123#53.65#26.45#19.9
-150.115,62.2124#53.48#26.46#20.06
-149.999,62.2125#53.31#26.46#20.23
-149.883,62.2124#53.14#26.48#20.38
-149.767,62.2123#52.97#26.49#20.54
-149.651,62.212#52.8#26.51#20.69
-149.535,62.2116#52.63#26.52#20.85
-149.419,62.2111#52.47#26.55#20.98
-149.303,62.2105#52.3#26.59#21.11
-149.187,62.2098#52.13#26.63#21.24
-149.071,62.209#51.97#26.67#21.36
-148.956,62.208#51.8#26.71#21.49
-148.84,62.207#51.63#26.78#21.59
-148.724,62.2058#51.47#26.85#21.68
-148.608,62.2046#51.31#26.92#21.77
-148.492,62.2032#51.14#26.98#21.88
-148.376,62.2017#51#27.06#21.94
-148.26,62.2001#50.85#27.13#22.02
-148.144,62.1985#50.7#27.2#22.1
-148.028,62.1966#50.55#27.28#22.17
-147.912,62.1947#50.41#27.34#22.25
-147.797,62.1927#50.27#27.39#22.34
-147.681,62.1906#50.12#27.44#22.44
-147.565,62.1883#49.98#27.5#22.52
-147.449,62.186#49.85#27.54#22.61
-147.334,62.1835#49.74#27.56#22.7
-147.218,62.181#49.63#27.58#22.79
-147.102,62.1783#49.52#27.61#22.87
-146.986,62.1755#49.4#27.63#22.97
-146.871,62.1726#49.28#27.64#23.08
-146.755,62.1696#49.16#27.66#23.18
-146.64,62.1665#49.04#27.67#23.29
-146.524,62.1632#48.92#27.68#23.4
-146.408,62.1599#48.79#27.69#23.52
-146.293,62.1565#48.67#27.7#23.63
-146.177,62.1529#48.54#27.71#23.75
-146.062,62.1493#48.42#27.72#23.86
-145.947,62.1455#48.29#27.72#23.99
-145.831,62.1416#48.15#27.73#24.12
-145.716,62.1376#48.01#27.73#24.26
-145.6,62.1335#47.87#27.74#24.39
-145.485,62.1293#47.73#27.74#24.53
-145.37,62.125#47.57#27.74#24.69
-145.255,62.1206#47.42#27.75#24.83
-145.14,62.1161#47.26#27.75#24.99
-145.024,62.1115#47.11#27.76#25.13
-144.909,62.1067#46.94#27.76#25.3
-144.794,62.1019#46.76#27.76#25.48
-144.679,62.0969#46.59#27.76#25.65
-144.564,62.0918#46.42#27.77#25.81
-144.449,62.0867#46.24#27.77#25.99
-144.334,62.0814#46.04#27.77#26.19
-144.22,62.076#45.85#27.77#26.38
-144.105,62.0705#45.65#27.78#26.57
-143.99,62.0649#45.46#27.78#26.76
-143.875,62.0592#45.25#27.78#26.97
-143.761,62.0534#45.03#27.78#27.19
-143.646,62.0474#44.82#27.79#27.39
-143.532,62.0414#44.6#27.79#27.61
-143.417,62.0353#44.37#27.79#27.84
-143.303,62.029#44.13#27.79#28.08
-143.188,62.0227#43.9#27.79#28.31
-143.074,62.0162#43.66#27.8#28.54
-142.96,62.0096#43.42#27.8#28.78
-142.846,62.003#43.16#27.8#29.04
-142.731,61.9962#42.91#27.8#29.29
-142.617,61.9893#42.66#27.81#29.53
-142.503,61.9823#42.4#27.81#29.79
-142.389,61.9752#42.14#27.81#30.05
-142.275,61.968#41.89#27.81#30.3
-142.161,61.9607#41.63#27.81#30.56
-142.048,61.9533#41.38#27.82#30.8
-141.934,61.9457#41.11#27.82#31.07
-141.82,61.9381#40.83#27.82#31.35
-141.707,61.9304#40.55#27.82#31.63
-141.593,61.9225#40.28#27.82#31.9
-141.48,61.9146#40.01#27.83#32.16
-141.366,61.9065#39.82#27.83#32.35
-159.443,61.9006#69.54#26.17#4.28999999999999
-159.33,61.9094#69.54#26.17#4.28999999999999
-159.217,61.9181#69.55#26.17#4.28
-159.103,61.9267#69.55#26.18#4.27000000000001
-158.99,61.9352#69.56#26.18#4.25999999999999
-158.877,61.9436#69.54#26.18#4.28
-158.763,61.9518#69.52#26.18#4.30000000000001
-158.65,61.96#69.51#26.18#4.31
-158.536,61.9681#69.49#26.19#4.32000000000001
-158.422,61.976#69.46#26.19#4.35000000000001
-158.308,61.9839#69.43#26.19#4.38
-158.195,61.9917#69.39#26.19#4.42
-158.081,61.9993#69.36#26.2#4.44
-157.967,62.0068#69.31#26.2#4.48999999999999
-157.853,62.0143#69.25#26.2#4.55
-157.739,62.0216#69.18#26.2#4.61999999999999
-157.625,62.0288#69.11#26.21#4.68000000000001
-157.51,62.0359#69.04#26.21#4.75
-157.396,62.043#68.93#26.21#4.85999999999999
-157.282,62.0499#68.82#26.21#4.97
-157.167,62.0567#68.7#26.22#5.08
-157.053,62.0633#68.59#26.22#5.19
-156.938,62.0699#68.45#26.22#5.33
-156.824,62.0764#68.29#26.22#5.48999999999999
-156.709,62.0828#68.12#26.23#5.64999999999999
-156.595,62.089#67.96#26.23#5.81
-156.48,62.0952#67.78#26.23#5.98999999999999
-156.365,62.1012#67.55#26.24#6.21000000000001
-156.25,62.1072#67.31#26.24#6.45
-156.135,62.113#67.08#26.24#6.68000000000001
-156.021,62.1187#66.85#26.24#6.91000000000001
-155.906,62.1243#66.56#26.25#7.19
-155.791,62.1298#66.26#26.25#7.48999999999999
-155.675,62.1352#65.95#26.25#7.8
-155.56,62.1405#65.65#26.26#8.08999999999999
-155.445,62.1457#65.31#26.26#8.42999999999999
-155.33,62.1508#64.94#26.26#8.8
-155.215,62.1558#64.56#26.27#9.17
-155.1,62.1606#64.18#26.27#9.55
-154.984,62.1654#63.81#26.27#9.92
-154.869,62.17#63.42#26.28#10.3
-154.753,62.1745#63.02#26.28#10.7
-154.638,62.179#62.63#26.28#11.09
-154.523,62.1833#62.23#26.29#11.48
-154.407,62.1875#61.74#26.29#11.97
-154.291,62.1916#61.23#26.29#12.48
-154.176,62.1956#60.72#26.3#12.98
-154.06,62.1995#60.21#26.3#13.49
-153.945,62.2032#59.83#26.3#13.87
-153.829,62.2069#59.58#26.31#14.11
-153.713,62.2105#59.33#26.31#14.36
-153.597,62.2139#59.08#26.32#14.6
-153.482,62.2173#58.83#26.32#14.85
-153.366,62.2205#58.61#26.32#15.07
-153.25,62.2236#58.39#26.33#15.28
-153.134,62.2266#58.17#26.33#15.5
-153.018,62.2295#57.95#26.34#15.71
-152.902,62.2323#57.74#26.34#15.92
-152.786,62.235#57.53#26.34#16.13
-152.67,62.2376#57.32#26.35#16.33
-152.554,62.24#57.11#26.35#16.54
-152.438,62.2424#56.91#26.36#16.73
-152.322,62.2446#56.71#26.36#16.93
-152.206,62.2468#56.52#26.36#17.12
-152.09,62.2488#56.32#26.37#17.31
-151.974,62.2507#56.13#26.37#17.5
-151.858,62.2525#55.95#26.38#17.67
-151.742,62.2542#55.77#26.38#17.85
-151.626,62.2558#55.59#26.39#18.02
-151.51,62.2573#55.41#26.39#18.2
-151.394,62.2587#55.24#26.39#18.37
-151.277,62.2599#55.06#26.4#18.54
-151.161,62.2611#54.89#26.4#18.71
-151.045,62.2621#54.72#26.41#18.87
-150.929,62.263#54.55#26.41#19.04
-150.813,62.2639#54.38#26.42#19.2
-150.697,62.2646#54.2#26.42#19.38
-150.58,62.2652#54.03#26.43#19.54
-150.464,62.2657#53.86#26.43#19.71
-150.348,62.2661#53.7#26.44#19.86
-150.232,62.2663#53.53#26.45#20.02
-150.115,62.2665#53.36#26.45#20.19
-149.999,62.2665#53.19#26.46#20.35
-149.883,62.2665#53.02#26.48#20.5
-149.767,62.2663#52.85#26.49#20.66
-149.651,62.2661#52.68#26.51#20.81
-149.534,62.2657#52.51#26.53#20.96
-149.418,62.2652#52.34#26.56#21.1
-149.302,62.2646#52.17#26.61#21.22
-149.186,62.2639#52.01#26.65#21.34
-149.07,62.263#51.84#26.69#21.47
-148.953,62.2621#51.68#26.74#21.58
-148.837,62.2611#51.51#26.81#21.68
-148.721,62.2599#51.35#26.88#21.77
-148.605,62.2586#51.18#26.95#21.87
-148.489,62.2573#51.02#27.02#21.96
-148.373,62.2558#50.88#27.09#22.03
-148.256,62.2542#50.73#27.16#22.11
-148.14,62.2525#50.59#27.23#22.18
-148.024,62.2507#50.44#27.3#22.26
-147.908,62.2488#50.3#27.36#22.34
-147.792,62.2467#50.17#27.41#22.42
-147.676,62.2446#50.03#27.46#22.51
-147.56,62.2424#49.89#27.51#22.6
-147.444,62.24#49.76#27.54#22.7
-147.328,62.2375#49.65#27.57#22.78
-147.212,62.235#49.54#27.59#22.87
-147.096,62.2323#49.43#27.61#22.96
-146.98,62.2295#49.31#27.63#23.06
-146.864,62.2266#49.19#27.65#23.16
-146.749,62.2236#49.07#27.66#23.27
-146.633,62.2204#48.95#27.67#23.38
-146.517,62.2172#48.83#27.68#23.49
-146.401,62.2139#48.7#27.69#23.61
-146.285,62.2104#48.58#27.7#23.72
-146.17,62.2069#48.45#27.71#23.84
-146.054,62.2032#48.33#27.71#23.96
-145.938,62.1994#48.19#27.72#24.09
-145.823,62.1955#48.05#27.73#24.22
-145.707,62.1915#47.91#27.73#24.36
-145.592,62.1874#47.77#27.74#24.49
-145.476,62.1832#47.63#27.74#24.63
-145.361,62.1789#47.47#27.74#24.79
-145.245,62.1745#47.32#27.75#24.93
-145.13,62.17#47.16#27.75#25.09
-145.014,62.1653#47.01#27.75#25.24
-144.899,62.1606#46.84#27.76#25.4
-144.784,62.1557#46.66#27.76#25.58
-144.669,62.1507#46.49#27.76#25.75
-144.553,62.1456#46.32#27.77#25.91
-144.438,62.1405#46.14#27.77#26.09
-144.323,62.1352#45.94#27.77#26.29
-144.208,62.1298#45.75#27.77#26.48
-144.093,62.1243#45.56#27.77#26.67
-143.978,62.1186#45.36#27.78#26.86
-143.863,62.1129#45.15#27.78#27.07
-143.748,62.1071#44.94#27.78#27.28
-143.633,62.1011#44.72#27.78#27.5
-143.519,62.0951#44.51#27.79#27.7
-143.404,62.0889#44.28#27.79#27.93
-143.289,62.0827#44.04#27.79#28.17
-143.175,62.0763#43.81#27.79#28.4
-143.06,62.0698#43.57#27.79#28.64
-142.946,62.0633#43.33#27.8#28.87
-142.831,62.0566#43.07#27.8#29.13
-142.717,62.0498#42.82#27.8#29.38
-142.602,62.0429#42.56#27.8#29.64
-142.488,62.0359#42.31#27.81#29.88
-142.374,62.0287#42.05#27.81#30.14
-142.26,62.0215#41.8#27.81#30.39
-142.146,62.0142#41.54#27.81#30.65
-142.032,62.0068#41.28#27.81#30.91
-141.918,61.9992#41.01#27.82#31.17
-141.804,61.9916#40.74#27.82#31.44
-141.69,61.9838#40.46#27.82#31.72
-141.576,61.9759#40.19#27.82#31.99
-141.463,61.968#39.94#27.82#32.24
-141.349,61.9599#39.75#27.83#32.42
-141.235,61.9517#39.56#27.83#32.61
-141.122,61.9435#39.37#27.83#32.8
-141.009,61.9351#39.18#27.83#32.99
-140.895,61.9266#39.01#27.83#33.16
-140.782,61.918#38.84#27.84#33.32
-140.669,61.9093#38.67#27.84#33.49
-140.556,61.9005#38.5#27.84#33.66
-160.027,61.9081#69.32#26.16#4.52000000000001
-159.914,61.9175#69.37#26.16#4.47
-159.801,61.9267#69.41#26.16#4.43000000000001
-159.688,61.9359#69.45#26.16#4.39
-159.575,61.9449#69.49#26.17#4.34
-159.462,61.9538#69.52#26.17#4.31
-159.349,61.9627#69.52#26.17#4.31
-159.235,61.9714#69.53#26.17#4.3
-159.122,61.98#69.53#26.17#4.3
-159.008,61.9885#69.54#26.18#4.28
-158.894,61.9969#69.53#26.18#4.28999999999999
-158.781,62.0052#69.51#26.18#4.31
-158.667,62.0134#69.5#26.18#4.31999999999999
-158.553,62.0215#69.48#26.18#4.34
-158.439,62.0295#69.46#26.19#4.35000000000001
-158.325,62.0374#69.42#26.19#4.39
-158.211,62.0451#69.38#26.19#4.43000000000001
-158.097,62.0528#69.35#26.19#4.46000000000001
-157.983,62.0604#69.31#26.2#4.48999999999999
-157.869,62.0678#69.24#26.2#4.56
-157.754,62.0751#69.17#26.2#4.63
-157.64,62.0824#69.09#26.2#4.70999999999999
-157.525,62.0895#69.02#26.21#4.77000000000001
-157.411,62.0965#68.92#26.21#4.87
-157.296,62.1035#68.8#26.21#4.99000000000001
-157.182,62.1103#68.68#26.21#5.10999999999999
-157.067,62.117#68.57#26.22#5.21000000000001
-156.952,62.1236#68.43#26.22#5.34999999999999
-156.838,62.1301#68.26#26.22#5.52
-156.723,62.1364#68.09#26.22#5.69
-156.608,62.1427#67.92#26.23#5.84999999999999
-156.493,62.1489#67.75#26.23#6.02
-156.378,62.1549#67.51#26.23#6.25999999999999
-156.263,62.1609#67.27#26.23#6.5
-156.148,62.1667#67.03#26.24#6.73
-156.033,62.1725#66.79#26.24#6.97
-155.917,62.1781#66.5#26.24#7.26000000000001
-155.802,62.1836#66.19#26.25#7.56
-155.687,62.189#65.89#26.25#7.86
-155.572,62.1943#65.57#26.25#8.18000000000001
-155.456,62.1995#65.24#26.26#8.5
-155.341,62.2046#64.86#26.26#8.88
-155.225,62.2096#64.49#26.26#9.25
-155.11,62.2145#64.12#26.27#9.61
-154.994,62.2192#63.74#26.27#9.98999999999999
-154.879,62.2239#63.33#26.27#10.4
-154.763,62.2284#62.92#26.28#10.8
-154.647,62.2329#62.51#26.28#11.21
-154.532,62.2372#62.09#26.28#11.63
-154.416,62.2414#61.61#26.29#12.1
-154.3,62.2455#61.12#26.29#12.59
-154.184,62.2495#60.63#26.29#13.08
-154.068,62.2534#60.14#26.3#13.56
-153.953,62.2572#59.75#26.3#13.95
-153.837,62.2609#59.5#26.3#14.2
-153.721,62.2644#59.25#26.31#14.44
-153.605,62.2679#58.99#26.31#14.7
-153.489,62.2712#58.74#26.32#14.94
-153.373,62.2745#58.52#26.32#15.16
-153.257,62.2776#58.3#26.32#15.38
-153.14,62.2806#58.08#26.33#15.59
-153.024,62.2835#57.86#26.33#15.81
-152.908,62.2863#57.64#26.33#16.03
-152.792,62.289#57.43#26.34#16.23
-152.676,62.2916#57.22#26.34#16.44
-152.56,62.2941#57.01#26.35#16.64
-152.443,62.2964#56.8#26.35#16.85
-152.327,62.2987#56.61#26.36#17.03
-152.211,62.3008#56.41#26.36#17.23
-152.095,62.3028#56.21#26.36#17.43
-151.978,62.3048#56.02#26.37#17.61
-151.862,62.3066#55.84#26.37#17.79
-151.746,62.3083#55.66#26.38#17.96
-151.629,62.3099#55.48#26.38#18.14
-151.513,62.3114#55.3#26.39#18.31
-151.396,62.3127#55.12#26.39#18.49
-151.28,62.314#54.95#26.39#18.66
-151.164,62.3151#54.77#26.4#18.83
-151.047,62.3162#54.6#26.4#19
-150.931,62.3171#54.43#26.41#19.16
-150.814,62.3179#54.26#26.41#19.33
-150.698,62.3187#54.08#26.42#19.5
-150.582,62.3193#53.91#26.42#19.67
-150.465,62.3198#53.74#26.43#19.83
-150.349,62.3201#53.57#26.44#19.99
-150.232,62.3204#53.4#26.44#20.16
-150.116,62.3206#53.24#26.45#20.31
-149.999,62.3206#53.07#26.46#20.47
-149.883,62.3206#52.9#26.48#20.62
-149.766,62.3204#52.72#26.5#20.78
-149.65,62.3201#52.55#26.52#20.93
-149.533,62.3198#52.38#26.54#21.08
-149.417,62.3193#52.22#26.58#21.2
-149.301,62.3187#52.05#26.62#21.33
-149.184,62.3179#51.89#26.67#21.44
-149.068,62.3171#51.72#26.71#21.57
-148.951,62.3162#51.55#26.77#21.68
-148.835,62.3151#51.39#26.84#21.77
-148.718,62.314#51.22#26.91#21.87
-148.602,62.3127#51.06#26.98#21.96
-148.486,62.3113#50.9#27.05#22.05
-148.369,62.3099#50.76#27.12#22.12
-148.253,62.3083#50.62#27.19#22.19
-148.137,62.3066#50.47#27.26#22.27
-148.02,62.3047#50.33#27.33#22.34
-147.904,62.3028#50.2#27.38#22.42
-147.788,62.3008#50.06#27.43#22.51
-147.671,62.2986#49.93#27.47#22.6
-147.555,62.2964#49.8#27.52#22.68
-147.439,62.294#49.68#27.55#22.77
-147.323,62.2916#49.56#27.57#22.87
-147.206,62.289#49.45#27.59#22.96
-147.09,62.2863#49.34#27.62#23.04
-146.974,62.2835#49.23#27.64#23.13
-146.858,62.2806#49.11#27.65#23.24
-146.742,62.2776#48.98#27.66#23.36
-146.626,62.2744#48.86#27.67#23.47
-146.51,62.2712#48.74#27.69#23.57
-146.394,62.2678#48.62#27.69#23.69
-146.278,62.2644#48.49#27.7#23.81
-146.162,62.2608#48.36#27.71#23.93
-146.046,62.2571#48.24#27.71#24.05
-145.93,62.2534#48.1#27.72#24.18
-145.814,62.2495#47.96#27.72#24.32
-145.698,62.2455#47.82#27.73#24.45
-145.583,62.2414#47.68#27.73#24.59
-145.467,62.2371#47.54#27.74#24.72
-145.351,62.2328#47.38#27.74#24.88
-145.236,62.2284#47.23#27.75#25.02
-145.12,62.2238#47.07#27.75#25.18
-145.004,62.2192#46.92#27.75#25.33
-144.889,62.2144#46.74#27.75#25.51
-144.773,62.2095#46.57#27.76#25.67
-144.658,62.2046#46.4#27.76#25.84
-144.542,62.1995#46.22#27.76#26.02
-144.427,62.1943#46.04#27.77#26.19
-144.312,62.189#45.85#27.77#26.38
-144.196,62.1836#45.66#27.77#26.57
-144.081,62.178#45.47#27.77#26.76
-143.966,62.1724#45.27#27.77#26.96
-143.851,62.1667#45.06#27.78#27.16
-143.736,62.1608#44.84#27.78#27.38
-143.621,62.1549#44.63#27.78#27.59
-143.506,62.1488#44.42#27.78#27.8
-143.391,62.1426#44.19#27.79#28.02
-143.276,62.1364#43.95#27.79#28.26
-143.161,62.13#43.72#27.79#28.49
-143.046,62.1235#43.48#27.79#28.73
-142.931,62.1169#43.24#27.79#28.97
-142.817,62.1102#42.98#27.8#29.22
-142.702,62.1034#42.73#27.8#29.47
-142.588,62.0965#42.47#27.8#29.73
-142.473,62.0894#42.22#27.8#29.98
-142.359,62.0823#41.96#27.81#30.23
-142.244,62.0751#41.7#27.81#30.49
-142.13,62.0677#41.45#27.81#30.74
-142.016,62.0603#41.19#27.81#31
-141.902,62.0527#40.92#27.81#31.27
-141.787,62.045#40.65#27.82#31.53
-141.673,62.0373#40.37#27.82#31.81
-141.559,62.0294#40.1#27.82#32.08
-141.446,62.0214#39.86#27.82#32.32
-141.332,62.0133#39.67#27.82#32.51
-141.218,62.0051#39.48#27.83#32.69
-141.104,61.9968#39.3#27.83#32.87
-140.991,61.9884#39.11#27.83#33.06
-140.877,61.9799#38.94#27.83#33.23
-140.763,61.9713#38.77#27.83#33.4
-140.65,61.9626#38.6#27.84#33.56
-140.537,61.9537#38.43#27.84#33.73
-140.423,61.9448#38.27#27.84#33.89
-140.31,61.9358#38.1#27.84#34.06
-140.197,61.9266#37.94#27.84#34.22
-140.084,61.9174#37.78#27.85#34.37
-139.971,61.908#37.62#27.85#34.53
-160.725,61.9029#68.47#26.15#5.38
-160.612,61.9129#68.65#26.15#5.19999999999999
-160.499,61.9228#68.84#26.15#5.00999999999999
-160.387,61.9326#68.94#26.15#4.91
-160.274,61.9423#69.04#26.15#4.81
-160.161,61.9518#69.15#26.15#4.69999999999999
-160.047,61.9613#69.26#26.16#4.58
-159.934,61.9707#69.32#26.16#4.52000000000001
-159.821,61.98#69.37#26.16#4.47
-159.708,61.9891#69.41#26.16#4.43000000000001
-159.594,61.9982#69.45#26.16#4.39
-159.481,62.0071#69.49#26.17#4.34
-159.367,62.016#69.5#26.17#4.33
-159.254,62.0247#69.51#26.17#4.31999999999999
-159.14,62.0333#69.52#26.17#4.31
-159.026,62.0419#69.53#26.17#4.3
-158.912,62.0503#69.52#26.18#4.30000000000001
-158.798,62.0586#69.5#26.18#4.31999999999999
-158.684,62.0668#69.49#26.18#4.33000000000001
-158.57,62.0749#69.47#26.18#4.34999999999999
-158.456,62.0829#69.45#26.18#4.37
-158.342,62.0908#69.41#26.19#4.40000000000001
-158.228,62.0986#69.37#26.19#4.44
-158.113,62.1063#69.34#26.19#4.47
-157.999,62.1139#69.3#26.19#4.51000000000001
-157.884,62.1213#69.23#26.19#4.58
-157.77,62.1287#69.15#26.2#4.64999999999999
-157.655,62.136#69.08#26.2#4.72
-157.541,62.1431#69.01#26.2#4.78999999999999
-157.426,62.1501#68.9#26.2#4.89999999999999
-157.311,62.1571#68.78#26.21#5.00999999999999
-157.196,62.1639#68.66#26.21#5.13
-157.081,62.1706#68.54#26.21#5.25
-156.966,62.1772#68.4#26.22#5.38
-156.851,62.1837#68.23#26.22#5.55
-156.736,62.1901#68.05#26.22#5.73
-156.621,62.1964#67.88#26.22#5.90000000000001
-156.506,62.2026#67.7#26.23#6.06999999999999
-156.391,62.2087#67.46#26.23#6.31
-156.276,62.2146#67.22#26.23#6.55
-156.16,62.2205#66.98#26.23#6.78999999999999
-156.045,62.2262#66.73#26.24#7.03
-155.929,62.2319#66.44#26.24#7.32000000000001
-155.814,62.2374#66.13#26.24#7.63000000000001
-155.698,62.2428#65.81#26.25#7.94
-155.583,62.2482#65.5#26.25#8.25
-155.467,62.2534#65.16#26.25#8.59
-155.352,62.2585#64.79#26.26#8.94999999999999
-155.236,62.2634#64.42#26.26#9.31999999999999
-155.12,62.2683#64.05#26.26#9.69
-155.004,62.2731#63.68#26.27#10.05
-154.889,62.2778#63.25#26.27#10.48
-154.773,62.2823#62.82#26.27#10.91
-154.657,62.2868#62.39#26.28#11.33
-154.541,62.2911#61.95#26.28#11.77
-154.425,62.2953#61.49#26.28#12.23
-154.309,62.2994#61.01#26.29#12.7
-154.193,62.3035#60.54#26.29#13.17
-154.077,62.3074#60.07#26.29#13.64
-153.961,62.3111#59.67#26.3#14.03
-153.844,62.3148#59.42#26.3#14.28
-153.728,62.3184#59.16#26.3#14.54
-153.612,62.3219#58.91#26.31#14.78
-153.496,62.3252#58.65#26.31#15.04
-153.38,62.3285#58.43#26.31#15.26
-153.263,62.3316#58.21#26.32#15.47
-153.147,62.3346#57.99#26.32#15.69
-153.031,62.3375#57.76#26.33#15.91
-152.914,62.3403#57.55#26.33#16.12
-152.798,62.343#57.33#26.33#16.34
-152.681,62.3456#57.12#26.34#16.54
-152.565,62.3481#56.91#26.34#16.75
-152.448,62.3505#56.7#26.35#16.95
-152.332,62.3527#56.5#26.35#17.15
-152.215,62.3549#56.3#26.36#17.34
-152.099,62.3569#56.11#26.36#17.53
-151.982,62.3588#55.91#26.36#17.73
-151.866,62.3606#55.73#26.37#17.9
-151.749,62.3624#55.55#26.37#18.08
-151.633,62.364#55.36#26.38#18.26
-151.516,62.3654#55.18#26.38#18.44
-151.399,62.3668#55.01#26.39#18.6
-151.283,62.3681#54.83#26.39#18.78
-151.166,62.3692#54.66#26.39#18.95
-151.049,62.3703#54.48#26.4#19.12
-150.933,62.3712#54.31#26.4#19.29
-150.816,62.372#54.14#26.41#19.45
-150.699,62.3728#53.96#26.41#19.63
-150.583,62.3734#53.79#26.42#19.79
-150.466,62.3739#53.62#26.42#19.96
-150.349,62.3742#53.45#26.43#20.12
-150.233,62.3745#53.28#26.44#20.28
-150.116,62.3747#53.11#26.45#20.44
-149.999,62.3747#52.94#26.46#20.6
-149.883,62.3747#52.77#26.48#20.75
-149.766,62.3745#52.6#26.5#20.9
-149.649,62.3742#52.43#26.52#21.05
-149.533,62.3739#52.26#26.55#21.19
-149.416,62.3734#52.09#26.59#21.32
-149.299,62.3728#51.93#26.64#21.43
-149.182,62.372#51.76#26.69#21.55
-149.066,62.3712#51.6#26.74#21.66
-148.949,62.3703#51.43#26.79#21.78
-148.832,62.3692#51.27#26.87#21.86
-148.716,62.3681#51.1#26.94#21.96
-148.599,62.3668#50.94#27.01#22.05
-148.483,62.3654#50.78#27.08#22.14
-148.366,62.3639#50.64#27.15#22.21
-148.249,62.3623#50.5#27.22#22.28
-148.133,62.3606#50.36#27.28#22.36
-148.016,62.3588#50.22#27.35#22.43
-147.9,62.3569#50.09#27.4#22.51
-147.783,62.3548#49.96#27.44#22.6
-147.667,62.3527#49.84#27.49#22.67
-147.55,62.3504#49.71#27.53#22.76
-147.434,62.3481#49.59#27.56#22.85
-147.317,62.3456#49.48#27.58#22.94
-147.201,62.343#49.36#27.6#23.04
-147.084,62.3403#49.25#27.62#23.13
-146.968,62.3375#49.14#27.64#23.22
-146.852,62.3346#49.02#27.65#23.33
-146.735,62.3316#48.9#27.66#23.44
-146.619,62.3284#48.78#27.67#23.55
-146.503,62.3252#48.65#27.69#23.66
-146.387,62.3218#48.53#27.69#23.78
-146.27,62.3184#48.4#27.7#23.9
-146.154,62.3148#48.27#27.71#24.02
-146.038,62.3111#48.15#27.71#24.14
-145.922,62.3073#48.01#27.72#24.27
-145.806,62.3034#47.87#27.72#24.41
-145.69,62.2994#47.73#27.73#24.54
-145.574,62.2953#47.59#27.73#24.68
-145.458,62.291#47.45#27.74#24.81
-145.342,62.2867#47.29#27.74#24.97
-145.226,62.2823#47.13#27.74#25.13
