-153.468,63.9029#55.71#26.22#18.07
-153.344,63.9062#55.43#26.22#18.35
-153.22,63.9093#55.15#26.22#18.63
-153.097,63.9123#54.87#26.22#18.91
-152.973,63.9152#54.6#26.23#19.17
-152.849,63.9179#54.34#26.23#19.43
-152.726,63.9206#54.08#26.23#19.69
-152.602,63.9231#53.82#26.24#19.94
-152.478,63.9255#53.56#26.24#20.2
-152.354,63.9278#53.32#26.24#20.44
-152.23,63.93#53.08#26.25#20.67
-152.107,63.9321#52.84#26.25#20.91
-151.983,63.934#52.6#26.25#21.15
-151.859,63.9358#52.37#26.26#21.37
-151.735,63.9375#52.15#26.27#21.58
-151.611,63.9391#51.92#26.28#21.8
-151.487,63.9406#51.7#26.29#22.01
-151.363,63.942#51.48#26.32#22.2
-151.239,63.9432#51.27#26.34#22.39
-151.115,63.9443#51.06#26.37#22.57
-150.991,63.9453#50.85#26.4#22.75
-150.867,63.9462#50.67#26.46#22.87
-150.743,63.947#50.48#26.52#23
-150.619,63.9476#50.29#26.58#23.13
-150.495,63.9481#50.11#26.65#23.24
-150.371,63.9486#49.94#26.73#23.33
-150.247,63.9489#49.77#26.81#23.42
-150.123,63.949#49.6#26.9#23.5
-149.999,63.9491#49.44#26.98#23.58
-149.875,63.949#49.3#27.06#23.64
-149.751,63.9488#49.16#27.13#23.71
-149.627,63.9486#49.02#27.21#23.77
-149.503,63.9481#48.88#27.28#23.84
-149.379,63.9476#48.76#27.33#23.91
-149.255,63.947#48.64#27.37#23.99
-149.131,63.9462#48.52#27.41#24.07
-149.007,63.9453#48.41#27.46#24.13
-148.883,63.9443#48.3#27.48#24.22
-148.759,63.9432#48.19#27.5#24.31
-148.635,63.9419#48.08#27.52#24.4
-148.511,63.9406#47.97#27.54#24.49
-148.387,63.9391#47.87#27.56#24.57
-148.263,63.9375#47.77#27.57#24.66
-148.14,63.9358#47.68#27.58#24.74
-148.016,63.934#47.58#27.59#24.83
-147.892,63.932#47.49#27.6#24.91
-147.768,63.93#47.4#27.61#24.99
-147.644,63.9278#47.31#27.61#25.08
-147.52,63.9255#47.22#27.62#25.16
-147.397,63.9231#47.13#27.63#25.24
-147.273,63.9206#47.04#27.63#25.33
-147.149,63.9179#46.96#27.63#25.41
-147.025,63.9151#46.87#27.64#25.49
-146.902,63.9123#46.77#27.64#25.59
-146.778,63.9093#46.68#27.65#25.67
-146.654,63.9061#46.58#27.65#25.77
-146.531,63.9029#46.48#27.65#25.87
-155.082,63.9045#59.78#26.18#14.04
-154.958,63.9092#59.38#26.18#14.44
-154.835,63.9139#59.05#26.18#14.77
-154.712,63.9184#58.71#26.19#15.1
-154.588,63.9228#58.38#26.19#15.43
-154.465,63.9271#58.05#26.19#15.76
-154.341,63.9313#57.74#26.19#16.07
-154.217,63.9354#57.43#26.2#16.37
-154.094,63.9393#57.12#26.2#16.68
-153.97,63.9432#56.81#26.2#16.99
-153.846,63.9469#56.51#26.2#17.29
-153.723,63.9505#56.21#26.21#17.58
-153.599,63.9539#55.91#26.21#17.88
-153.475,63.9573#55.62#26.21#18.17
-153.351,63.9605#55.34#26.22#18.44
-153.227,63.9637#55.06#26.22#18.72
-153.103,63.9667#54.78#26.22#19
-152.979,63.9696#54.51#26.22#19.27
-152.856,63.9723#54.25#26.23#19.52
-152.732,63.975#53.98#26.23#19.79
-152.607,63.9775#53.72#26.23#20.05
-152.483,63.9799#53.46#26.24#20.3
-152.359,63.9822#53.22#26.24#20.54
-152.235,63.9844#52.98#26.24#20.78
-152.111,63.9865#52.74#26.25#21.01
-151.987,63.9884#52.5#26.25#21.25
-151.863,63.9903#52.27#26.26#21.47
-151.739,63.992#52.04#26.27#21.69
-151.615,63.9936#51.81#26.28#21.91
-151.49,63.9951#51.58#26.29#22.13
-151.366,63.9964#51.37#26.32#22.31
-151.242,63.9977#51.16#26.35#22.49
-151.118,63.9988#50.95#26.38#22.67
-150.993,63.9998#50.74#26.41#22.85
-150.869,64.0007#50.55#26.48#22.97
-150.745,64.0014#50.36#26.54#23.1
-150.621,64.0021#50.18#26.61#23.21
-150.496,64.0026#49.99#26.67#23.34
-150.372,64.003#49.83#26.76#23.41
-150.248,64.0033#49.66#26.85#23.49
-150.124,64.0035#49.5#26.93#23.57
-149.999,64.0036#49.33#27.02#23.65
-149.875,64.0035#49.19#27.09#23.72
-149.751,64.0033#49.05#27.16#23.79
-149.626,64.003#48.91#27.24#23.85
-149.502,64.0026#48.77#27.31#23.92
-149.378,64.0021#48.66#27.35#23.99
-149.254,64.0014#48.54#27.39#24.07
-149.129,64.0007#48.43#27.43#24.14
-149.005,63.9998#48.31#27.47#24.22
-148.881,63.9988#48.2#27.49#24.31
-148.757,63.9976#48.09#27.51#24.4
-148.632,63.9964#47.98#27.53#24.49
-148.508,63.995#47.88#27.55#24.57
-148.384,63.9936#47.78#27.56#24.66
-148.26,63.992#47.68#27.57#24.75
-148.136,63.9903#47.58#27.58#24.84
-148.011,63.9884#47.48#27.59#24.93
-147.887,63.9865#47.39#27.6#25.01
-147.763,63.9844#47.31#27.61#25.08
-147.639,63.9822#47.22#27.61#25.17
-147.515,63.9799#47.13#27.62#25.25
-147.391,63.9775#47.04#27.62#25.34
-147.267,63.975#46.95#27.63#25.42
-147.143,63.9723#46.87#27.63#25.5
-147.019,63.9695#46.78#27.64#25.58
-146.895,63.9666#46.69#27.64#25.67
-146.771,63.9636#46.59#27.64#25.77
-146.647,63.9605#46.5#27.65#25.85
-146.523,63.9573#46.4#27.65#25.95
-146.4,63.9539#46.29#27.65#26.06
-146.276,63.9504#46.18#27.66#26.16
-146.152,63.9468#46.06#27.66#26.28
-146.028,63.9431#45.95#27.66#26.39
-145.905,63.9393#45.82#27.66#26.52
-145.781,63.9353#45.68#27.67#26.65
-145.657,63.9313#45.54#27.67#26.79
-145.534,63.9271#45.4#27.67#26.93
-145.41,63.9228#45.25#27.67#27.08
-145.287,63.9184#45.1#27.67#27.23
-145.163,63.9138#44.95#27.68#27.37
-145.04,63.9092#44.79#27.68#27.53
-144.917,63.9044#44.63#27.68#27.69
-156.326,63.9045#63.75#26.16#10.09
-156.203,63.9105#63.41#26.16#10.43
-156.08,63.9163#63.07#26.16#10.77
-155.957,63.922#62.69#26.16#11.15
-155.833,63.9276#62.27#26.16#11.57
-155.71,63.9331#61.84#26.17#11.99
-155.587,63.9384#61.41#26.17#12.42
-155.463,63.9437#60.97#26.17#12.86
-155.34,63.9488#60.55#26.17#13.28
-155.216,63.9538#60.12#26.17#13.71
-155.093,63.9587#59.7#26.18#14.12
-154.969,63.9635#59.3#26.18#14.52
-154.845,63.9682#58.97#26.18#14.85
-154.722,63.9727#58.64#26.18#15.18
-154.598,63.9771#58.3#26.19#15.51
-154.474,63.9814#57.98#26.19#15.83
-154.35,63.9856#57.66#26.19#16.15
-154.227,63.9897#57.35#26.19#16.46
-154.103,63.9937#57.03#26.2#16.77
-153.979,63.9975#56.72#26.2#17.08
-153.855,64.0012#56.42#26.2#17.38
-153.731,64.0048#56.13#26.2#17.67
-153.607,64.0083#55.83#26.21#17.96
-153.483,64.0117#55.53#26.21#18.26
-153.358,64.0149#55.25#26.21#18.54
-153.234,64.0181#54.97#26.22#18.81
-153.11,64.0211#54.69#26.22#19.09
-152.986,64.024#54.41#26.22#19.37
-152.862,64.0267#54.15#26.22#19.63
-152.737,64.0294#53.89#26.23#19.88
-152.613,64.0319#53.63#26.23#20.14
-152.489,64.0344#53.36#26.23#20.41
-152.365,64.0367#53.12#26.24#20.64
-152.24,64.0389#52.88#26.24#20.88
-152.116,64.0409#52.63#26.24#21.13
-151.991,64.0429#52.39#26.25#21.36
-151.867,64.0447#52.16#26.26#21.58
-151.743,64.0464#51.93#26.27#21.8
-151.618,64.048#51.69#26.28#22.03
-151.494,64.0495#51.46#26.29#22.25
-151.369,64.0509#51.25#26.32#22.43
-151.245,64.0521#51.04#26.35#22.61
-151.12,64.0532#50.83#26.39#22.78
-150.996,64.0543#50.62#26.42#22.96
-150.871,64.0551#50.43#26.49#23.08
-150.747,64.0559#50.25#26.56#23.19
-150.622,64.0566#50.06#26.63#23.31
-150.497,64.0571#49.88#26.7#23.42
-150.373,64.0575#49.71#26.79#23.5
-150.248,64.0578#49.55#26.88#23.57
-150.124,64.058#49.39#26.96#23.65
-149.999,64.058#49.23#27.05#23.72
-149.875,64.058#49.09#27.12#23.79
-149.75,64.0578#48.95#27.19#23.86
-149.626,64.0575#48.81#27.26#23.93
-149.501,64.0571#48.67#27.33#24
-149.376,64.0566#48.56#27.37#24.07
-149.252,64.0559#48.44#27.41#24.15
-149.127,64.0551#48.33#27.44#24.23
-149.003,64.0542#48.21#27.48#24.31
-148.878,64.0532#48.1#27.5#24.4
-148.754,64.0521#47.99#27.51#24.5
-148.629,64.0509#47.89#27.53#24.58
-148.505,64.0495#47.78#27.55#24.67
-148.38,64.048#47.68#27.56#24.76
-148.256,64.0464#47.58#27.57#24.85
-148.131,64.0447#47.49#27.58#24.93
-148.007,64.0429#47.39#27.59#25.02
-147.883,64.0409#47.3#27.6#25.1
-147.758,64.0388#47.21#27.61#25.18
-147.634,64.0367#47.13#27.61#25.26
-147.51,64.0343#47.04#27.62#25.34
-147.385,64.0319#46.95#27.62#25.43
-147.261,64.0294#46.87#27.63#25.5
-147.137,64.0267#46.78#27.63#25.59
-147.013,64.0239#46.7#27.64#25.66
-146.888,64.021#46.6#27.64#25.76
-146.764,64.018#46.51#27.64#25.85
-146.64,64.0149#46.42#27.65#25.93
-146.516,64.0116#46.32#27.65#26.03
-146.392,64.0083#46.21#27.65#26.14
-146.268,64.0048#46.1#27.65#26.25
-146.144,64.0012#45.99#27.66#26.35
-146.02,63.9974#45.87#27.66#26.47
-145.896,63.9936#45.74#27.66#26.6
-145.772,63.9896#45.6#27.66#26.74
-145.648,63.9856#45.47#27.67#26.86
-145.524,63.9814#45.33#27.67#27
-145.4,63.9771#45.18#27.67#27.15
-145.277,63.9726#45.03#27.67#27.3
-145.153,63.9681#44.87#27.67#27.46
-145.029,63.9634#44.72#27.68#27.6
-144.906,63.9587#44.56#27.68#27.76
-144.782,63.9538#44.39#27.68#27.93
-144.659,63.9488#44.22#27.68#28.1
-144.535,63.9436#44.06#27.69#28.25
-144.412,63.9384#43.87#27.69#28.44
-144.288,63.933#43.69#27.69#28.62
-144.165,63.9275#43.5#27.69#28.81
-144.042,63.9219#43.32#27.69#28.99
-143.919,63.9162#43.12#27.7#29.18
-143.796,63.9104#42.92#27.7#29.38
-143.673,63.9045#42.72#27.7#29.58
-157.324,63.9068#65.67#26.14#8.19
-157.201,63.9137#65.49#26.14#8.37
-157.078,63.9205#65.31#26.14#8.55
-156.955,63.9271#65.09#26.15#8.75999999999999
-156.832,63.9337#64.82#26.15#9.03
-156.709,63.9401#64.54#26.15#9.31
-156.586,63.9464#64.27#26.15#9.58000000000001
-156.463,63.9526#63.98#26.15#9.87
-156.34,63.9587#63.64#26.15#10.21
-156.216,63.9646#63.3#26.16#10.54
-156.093,63.9705#62.96#26.16#10.88
-155.969,63.9762#62.59#26.16#11.25
-155.846,63.9818#62.16#26.16#11.68
-155.722,63.9873#61.72#26.16#12.12
-155.599,63.9927#61.29#26.17#12.54
-155.475,63.9979#60.85#26.17#12.98
-155.351,64.003#60.44#26.17#13.39
-155.228,64.0081#60.03#26.17#13.8
-155.104,64.013#59.62#26.17#14.21
-154.98,64.0178#59.23#26.18#14.59
-154.856,64.0224#58.89#26.18#14.93
-154.732,64.027#58.56#26.18#15.26
-154.608,64.0314#58.23#26.18#15.59
-154.484,64.0357#57.9#26.19#15.91
-154.36,64.0399#57.58#26.19#16.23
-154.236,64.044#57.27#26.19#16.54
-154.112,64.048#56.95#26.19#16.86
-153.987,64.0518#56.64#26.2#17.16
-153.863,64.0556#56.34#26.2#17.46
-153.739,64.0592#56.04#26.2#17.76
-153.615,64.0627#55.74#26.2#18.06
-153.49,64.0661#55.44#26.21#18.35
-153.366,64.0693#55.16#26.21#18.63
-153.241,64.0725#54.88#26.21#18.91
-153.117,64.0755#54.6#26.22#19.18
-152.992,64.0784#54.32#26.22#19.46
-152.868,64.0812#54.06#26.22#19.72
-152.743,64.0838#53.79#26.22#19.99
-152.619,64.0864#53.53#26.23#20.24
-152.494,64.0888#53.26#26.23#20.51
-152.37,64.0911#53.02#26.23#20.75
-152.245,64.0933#52.77#26.24#20.99
-152.12,64.0954#52.53#26.24#21.23
-151.996,64.0973#52.28#26.24#21.48
-151.871,64.0992#52.05#26.25#21.7
-151.746,64.1009#51.82#26.27#21.91
-151.622,64.1025#51.58#26.28#22.14
-151.497,64.104#51.35#26.29#22.36
-151.372,64.1054#51.14#26.32#22.54
-151.247,64.1066#50.92#26.36#22.72
-151.123,64.1077#50.71#26.4#22.89
-150.998,64.1087#50.5#26.43#23.07
-150.873,64.1096#50.32#26.51#23.17
-150.748,64.1104#50.13#26.58#23.29
-150.623,64.1111#49.94#26.66#23.4
-150.499,64.1116#49.76#26.73#23.51
-150.374,64.112#49.6#26.82#23.58
-150.249,64.1123#49.44#26.91#23.65
-150.124,64.1125#49.29#27#23.71
-149.999,64.1125#49.13#27.09#23.78
-149.874,64.1125#48.99#27.16#23.85
-149.75,64.1123#48.85#27.22#23.93
-149.625,64.112#48.71#27.29#24
-149.5,64.1116#48.57#27.36#24.07
-149.375,64.111#48.45#27.39#24.16
-149.25,64.1104#48.34#27.42#24.24
-149.125,64.1096#48.23#27.45#24.32
-149.001,64.1087#48.11#27.49#24.4
-148.876,64.1077#48#27.5#24.5
-148.751,64.1066#47.9#27.52#24.58
-148.626,64.1053#47.79#27.54#24.67
-148.502,64.104#47.68#27.56#24.76
-148.377,64.1025#47.59#27.57#24.84
-148.252,64.1009#47.49#27.58#24.93
-148.127,64.0992#47.39#27.59#25.02
-148.003,64.0973#47.3#27.59#25.11
-147.878,64.0954#47.21#27.6#25.19
-147.753,64.0933#47.12#27.61#25.27
-147.629,64.0911#47.03#27.61#25.36
-147.504,64.0888#46.95#27.62#25.43
-147.38,64.0863#46.86#27.62#25.52
-147.255,64.0838#46.78#27.63#25.59
-147.131,64.0811#46.69#27.63#25.68
-147.006,64.0783#46.61#27.63#25.76
-146.882,64.0754#46.52#27.64#25.84
-146.757,64.0724#46.43#27.64#25.93
-146.633,64.0693#46.34#27.64#26.02
-146.508,64.066#46.24#27.65#26.11
-146.384,64.0626#46.13#27.65#26.22
-146.26,64.0591#46.02#27.65#26.33
-146.135,64.0555#45.91#27.65#26.44
-146.011,64.0518#45.8#27.66#26.54
-145.887,64.0479#45.67#27.66#26.67
-145.763,64.044#45.53#27.66#26.81
-145.639,64.0399#45.39#27.66#26.95
-145.515,64.0357#45.26#27.67#27.07
-145.39,64.0314#45.11#27.67#27.22
-145.266,64.0269#44.95#27.67#27.38
-145.142,64.0224#44.8#27.67#27.53
-145.019,64.0177#44.65#27.67#27.68
-144.895,64.0129#44.48#27.68#27.84
-144.771,64.008#44.32#27.68#28
-144.647,64.003#44.15#27.68#28.17
-144.523,63.9978#43.98#27.68#28.34
-144.4,63.9926#43.8#27.68#28.52
-144.276,63.9872#43.62#27.69#28.69
-144.153,63.9817#43.43#27.69#28.88
-144.029,63.9761#43.25#27.69#29.06
-143.906,63.9704#43.05#27.69#29.26
-143.782,63.9645#42.85#27.69#29.46
-143.659,63.9586#42.64#27.7#29.66
-143.536,63.9525#42.44#27.7#29.86
-143.412,63.9463#42.23#27.7#30.07
-143.289,63.94#42.02#27.7#30.28
-143.166,63.9336#41.8#27.7#30.5
-143.043,63.9271#41.59#27.71#30.7
-142.92,63.9204#41.35#27.71#30.94
-142.797,63.9136#41.1#27.71#31.19
-142.674,63.9067#40.85#27.71#31.44
-158.322,63.9015#66.35#26.13#7.52000000000001
-158.2,63.9093#66.3#26.13#7.57000000000001
-158.077,63.917#66.26#26.13#7.61
-157.954,63.9246#66.18#26.13#7.69
-157.832,63.9321#66.07#26.13#7.80000000000001
-157.709,63.9395#65.96#26.13#7.91000000000001
-157.586,63.9467#65.85#26.14#8.01000000000001
-157.463,63.9538#65.72#26.14#8.14
-157.34,63.9608#65.54#26.14#8.31999999999999
-157.217,63.9678#65.35#26.14#8.51000000000001
-157.094,63.9745#65.17#26.14#8.69
-156.97,63.9812#64.96#26.14#8.90000000000001
-156.847,63.9878#64.69#26.15#9.16
-156.724,63.9942#64.41#26.15#9.44
-156.6,64.0005#64.14#26.15#9.71000000000001
-156.477,64.0067#63.86#26.15#9.99000000000001
-156.353,64.0128#63.52#26.15#10.33
-156.23,64.0188#63.18#26.15#10.67
-156.106,64.0246#62.85#26.16#10.99
-155.982,64.0304#62.5#26.16#11.34
-155.859,64.036#62.05#26.16#11.79
-155.735,64.0415#61.61#26.16#12.23
-155.611,64.0469#61.17#26.16#12.67
-155.487,64.0521#60.73#26.17#13.1
-155.363,64.0573#60.33#26.17#13.5
-155.239,64.0623#59.93#26.17#13.9
-155.115,64.0672#59.54#26.17#14.29
-154.991,64.072#59.15#26.17#14.68
-154.867,64.0767#58.82#26.18#15
-154.742,64.0813#58.48#26.18#15.34
-154.618,64.0857#58.15#26.18#15.67
-154.494,64.0901#57.82#26.18#16
-154.369,64.0943#57.5#26.19#16.31
-154.245,64.0984#57.19#26.19#16.62
-154.121,64.1023#56.87#26.19#16.94
-153.996,64.1062#56.56#26.19#17.25
-153.872,64.1099#56.26#26.2#17.54
-153.747,64.1136#55.96#26.2#17.84
-153.622,64.1171#55.66#26.2#18.14
-153.498,64.1204#55.36#26.2#18.44
-153.373,64.1237#55.07#26.21#18.72
-153.248,64.1269#54.79#26.21#19
-153.124,64.1299#54.51#26.21#19.28
-152.999,64.1328#54.23#26.22#19.55
-152.874,64.1356#53.96#26.22#19.82
-152.749,64.1383#53.7#26.22#20.08
-152.625,64.1408#53.43#26.22#20.35
-152.5,64.1433#53.16#26.23#20.61
-152.375,64.1456#52.92#26.23#20.85
-152.25,64.1478#52.67#26.23#21.1
-152.125,64.1499#52.42#26.24#21.34
-152,64.1518#52.18#26.24#21.58
-151.875,64.1537#51.94#26.25#21.81
-151.75,64.1554#51.71#26.27#22.02
-151.625,64.157#51.47#26.28#22.25
-151.5,64.1585#51.23#26.29#22.48
-151.375,64.1598#51.02#26.33#22.65
-151.25,64.1611#50.81#26.37#22.82
-151.125,64.1622#50.6#26.41#22.99
-151,64.1632#50.39#26.45#23.16
-150.875,64.1641#50.2#26.53#23.27
-150.75,64.1649#50.02#26.6#23.38
-150.625,64.1656#49.83#26.68#23.49
-150.5,64.1661#49.65#26.76#23.59
-150.375,64.1665#49.49#26.85#23.66
-150.249,64.1668#49.34#26.94#23.72
-150.124,64.167#49.18#27.03#23.79
-149.999,64.167#49.03#27.12#23.85
-149.874,64.167#48.89#27.18#23.93
-149.749,64.1668#48.75#27.25#24
-149.624,64.1665#48.61#27.31#24.08
-149.499,64.1661#48.47#27.38#24.15
-149.374,64.1655#48.35#27.41#24.24
-149.249,64.1649#48.24#27.44#24.32
-149.124,64.1641#48.13#27.47#24.4
-148.998,64.1632#48.01#27.49#24.5
-148.873,64.1622#47.91#27.51#24.58
-148.748,64.1611#47.8#27.53#24.67
-148.623,64.1598#47.69#27.54#24.77
-148.498,64.1585#47.59#27.56#24.85
-148.373,64.157#47.49#27.57#24.94
-148.248,64.1554#47.39#27.58#25.03
-148.123,64.1536#47.3#27.59#25.11
-147.998,64.1518#47.2#27.6#25.2
-147.873,64.1498#47.12#27.6#25.28
-147.749,64.1477#47.03#27.61#25.36
-147.624,64.1455#46.94#27.61#25.45
-147.499,64.1432#46.85#27.62#25.53
-147.374,64.1408#46.77#27.62#25.61
-147.249,64.1382#46.69#27.63#25.68
-147.124,64.1356#46.61#27.63#25.76
-146.999,64.1328#46.52#27.63#25.85
-146.875,64.1299#46.43#27.64#25.93
-146.75,64.1268#46.34#27.64#26.02
-146.625,64.1237#46.25#27.64#26.11
-146.501,64.1204#46.16#27.65#26.19
-146.376,64.117#46.05#27.65#26.3
-146.251,64.1135#45.94#27.65#26.41
-146.127,64.1099#45.83#27.65#26.52
-146.002,64.1062#45.72#27.65#26.63
-145.878,64.1023#45.59#27.66#26.75
-145.754,64.0983#45.45#27.66#26.89
-145.629,64.0942#45.32#27.66#27.02
-145.505,64.09#45.18#27.66#27.16
-145.38,64.0857#45.03#27.67#27.3
-145.256,64.0812#44.88#27.67#27.45
-145.132,64.0767#44.73#27.67#27.6
-145.008,64.072#44.58#27.67#27.75
-144.884,64.0672#44.41#27.67#27.92
-144.76,64.0623#44.24#27.68#28.08
-144.636,64.0572#44.08#27.68#28.24
-144.512,64.0521#43.91#27.68#28.41
-144.388,64.0468#43.73#27.68#28.59
-144.264,64.0414#43.54#27.68#28.78
-144.14,64.0359#43.36#27.69#28.95
-144.016,64.0303#43.17#27.69#29.14
-143.892,64.0246#42.97#27.69#29.34
-143.769,64.0187#42.77#27.69#29.54
-143.645,64.0127#42.57#27.69#29.74
-143.522,64.0066#42.37#27.7#29.93
-143.398,64.0004#42.16#27.7#30.14
-143.275,63.9941#41.94#27.7#30.36
-143.151,63.9877#41.73#27.7#30.57
-143.028,63.9811#41.51#27.7#30.79
-142.905,63.9745#41.27#27.71#31.02
-142.782,63.9677#41.02#27.71#31.27
-142.659,63.9608#40.78#27.71#31.51
-142.536,63.9537#40.53#27.71#31.76
-142.413,63.9466#40.3#27.71#31.99
-142.29,63.9394#40.08#27.72#32.2
-142.167,63.932#39.86#27.72#32.42
-142.044,63.9245#39.64#27.72#32.64
-141.921,63.9169#39.44#27.72#32.84
-141.799,63.9092#39.25#27.72#33.03
-141.676,63.9014#39.06#27.73#33.21
-159.075,63.9059#66.15#26.12#7.72999999999999
-158.953,63.9144#66.2#26.12#7.67999999999999
-158.83,63.9228#66.21#26.12#7.67
-158.708,63.9311#66.22#26.12#7.66
-158.585,63.9393#66.24#26.12#7.64
-158.463,63.9474#66.23#26.12#7.64999999999999
-158.34,63.9554#66.18#26.13#7.69
-158.217,63.9632#66.14#26.13#7.73
-158.094,63.9709#66.09#26.13#7.78
-157.972,63.9786#66.03#26.13#7.84
-157.849,63.986#65.92#26.13#7.95
-157.725,63.9934#65.81#26.13#8.06
-157.602,64.0007#65.7#26.13#8.17
-157.479,64.0078#65.58#26.14#8.28
-157.356,64.0149#65.4#26.14#8.45999999999999
-157.232,64.0218#65.21#26.14#8.65000000000001
-157.109,64.0286#65.03#26.14#8.83
-156.986,64.0353#64.83#26.14#9.03
-156.862,64.0418#64.56#26.14#9.3
-156.738,64.0483#64.28#26.14#9.58
-156.615,64.0546#64.01#26.15#9.84
-156.491,64.0609#63.73#26.15#10.12
-156.367,64.067#63.4#26.15#10.45
-156.243,64.0729#63.07#26.15#10.78
-156.119,64.0788#62.73#26.15#11.12
-155.995,64.0846#62.4#26.16#11.44
-155.871,64.0902#61.95#26.16#11.89
-155.747,64.0957#61.5#26.16#12.34
-155.623,64.1011#61.05#26.16#12.79
-155.499,64.1064#60.6#26.16#13.24
-155.375,64.1115#60.21#26.17#13.62
-155.25,64.1166#59.83#26.17#14
-155.126,64.1215#59.45#26.17#14.38
-155.002,64.1263#59.08#26.17#14.75
-154.877,64.131#58.74#26.17#15.09
-154.753,64.1356#58.41#26.18#15.41
-154.628,64.1401#58.07#26.18#15.75
-154.503,64.1444#57.74#26.18#16.08
-154.379,64.1486#57.42#26.18#16.4
-154.254,64.1527#57.11#26.19#16.7
-154.129,64.1567#56.79#26.19#17.02
-154.005,64.1606#56.47#26.19#17.34
-153.88,64.1643#56.17#26.19#17.64
-153.755,64.1679#55.87#26.2#17.93
-153.63,64.1715#55.57#26.2#18.23
-153.505,64.1749#55.27#26.2#18.53
-153.38,64.1781#54.98#26.2#18.82
-153.256,64.1813#54.7#26.21#19.09
-153.131,64.1843#54.41#26.21#19.38
-153.006,64.1872#54.13#26.21#19.66
-152.88,64.19#53.86#26.22#19.92
-152.755,64.1927#53.6#26.22#20.18
-152.63,64.1953#53.33#26.22#20.45
-152.505,64.1977#53.06#26.22#20.72
-152.38,64.2#52.81#26.23#20.96
-152.255,64.2022#52.57#26.23#21.2
-152.13,64.2043#52.32#26.24#21.44
-152.004,64.2063#52.07#26.24#21.69
-151.879,64.2081#51.83#26.26#21.91
-151.754,64.2099#51.59#26.27#22.14
-151.629,64.2115#51.36#26.29#22.35
-151.503,64.213#51.12#26.3#22.58
-151.378,64.2143#50.91#26.35#22.74
-151.253,64.2156#50.7#26.39#22.91
-151.127,64.2167#50.49#26.43#23.08
-151.002,64.2177#50.28#26.48#23.24
-150.877,64.2186#50.09#26.56#23.35
-150.751,64.2194#49.91#26.64#23.45
-150.626,64.2201#49.72#26.72#23.56
-150.501,64.2206#49.54#26.8#23.66
-150.375,64.221#49.39#26.88#23.73
-150.25,64.2213#49.23#26.97#23.8
-150.125,64.2215#49.08#27.06#23.86
-149.999,64.2216#48.92#27.14#23.94
-149.874,64.2215#48.78#27.21#24.01
-149.748,64.2213#48.64#27.27#24.09
-149.623,64.221#48.51#27.33#24.16
-149.498,64.2206#48.37#27.39#24.24
-149.372,64.2201#48.25#27.42#24.33
-149.247,64.2194#48.14#27.44#24.42
-149.122,64.2186#48.02#27.47#24.51
-148.996,64.2177#47.91#27.5#24.59
-148.871,64.2167#47.81#27.51#24.68
-148.746,64.2156#47.7#27.53#24.77
-148.62,64.2143#47.59#27.54#24.87
-148.495,64.213#47.49#27.56#24.95
-148.37,64.2115#47.39#27.57#25.04
-148.244,64.2099#47.3#27.58#25.12
-148.119,64.2081#47.2#27.59#25.21
-147.994,64.2063#47.11#27.59#25.3
-147.869,64.2043#47.02#27.6#25.38
-147.744,64.2022#46.93#27.61#25.46
-147.618,64.2#46.85#27.61#25.54
-147.493,64.1977#46.76#27.62#25.62
-147.368,64.1952#46.68#27.62#25.7
-147.243,64.1927#46.6#27.62#25.78
-147.118,64.19#46.52#27.63#25.85
-146.993,64.1872#46.43#27.63#25.94
-146.868,64.1843#46.35#27.63#26.02
-146.743,64.1812#46.26#27.64#26.1
-146.618,64.1781#46.17#27.64#26.19
-146.493,64.1748#46.08#27.64#26.28
-146.368,64.1714#45.97#27.65#26.38
-146.243,64.1679#45.87#27.65#26.48
-146.118,64.1643#45.76#27.65#26.59
-145.994,64.1605#45.65#27.65#26.7
-145.869,64.1567#45.51#27.65#26.84
-145.744,64.1527#45.38#27.66#26.96
-145.62,64.1486#45.25#27.66#27.09
-145.495,64.1443#45.11#27.66#27.23
-145.37,64.14#44.96#27.66#27.38
-145.246,64.1355#44.81#27.67#27.52
-145.121,64.131#44.66#27.67#27.67
-144.997,64.1263#44.5#27.67#27.83
-144.872,64.1215#44.34#27.67#27.99
-144.748,64.1165#44.17#27.67#28.16
-144.624,64.1115#44.01#27.68#28.31
-144.5,64.1063#43.84#27.68#28.48
-144.375,64.101#43.65#27.68#28.67
-144.251,64.0956#43.47#27.68#28.85
-144.127,64.0901#43.28#27.68#29.04
-144.003,64.0845#43.1#27.69#29.21
-143.879,64.0787#42.9#27.69#29.41
-143.755,64.0729#42.69#27.69#29.62
-143.631,64.0669#42.49#27.69#29.82
-143.508,64.0608#42.29#27.69#30.02
-143.384,64.0546#42.08#27.7#30.22
-143.26,64.0482#41.87#27.7#30.43
-143.137,64.0418#41.66#27.7#30.64
-143.013,64.0352#41.44#27.7#30.86
-142.889,64.0285#41.2#27.7#31.1
-142.766,64.0217#40.95#27.71#31.34
-142.643,64.0148#40.7#27.71#31.59
-142.519,64.0078#40.45#27.71#31.84
-142.396,64.0006#40.23#27.71#32.06
-142.273,63.9933#40.01#27.71#32.28
-142.15,63.986#39.79#27.72#32.49
-142.027,63.9785#39.57#27.72#32.71
-141.904,63.9708#39.38#27.72#32.9
-141.781,63.9631#39.19#27.72#33.09
-141.658,63.9553#39#27.72#33.28
-141.536,63.9473#38.82#27.73#33.45
-141.413,63.9392#38.64#27.73#33.63
-141.291,63.931#38.45#27.73#33.82
-141.168,63.9227#38.27#27.73#34
-141.046,63.9143#38.09#27.73#34.18
-140.923,63.9058#37.91#27.74#34.35
-159.828,63.906#65.34#26.11#8.55
-159.706,63.9152#65.48#26.11#8.41
-159.584,63.9243#65.61#26.11#8.28
-159.462,63.9333#65.72#26.11#8.17
-159.339,63.9422#65.8#26.12#8.08
-159.217,63.951#65.87#26.12#8.00999999999999
-159.095,63.9597#65.95#26.12#7.92999999999999
-158.972,63.9682#66.01#26.12#7.86999999999999
-158.849,63.9767#66.02#26.12#7.86
-158.727,63.985#66.04#26.12#7.83999999999999
-158.604,63.9932#66.05#26.12#7.83
-158.481,64.0013#66.06#26.12#7.81999999999999
-158.358,64.0093#66.01#26.12#7.86999999999999
-158.235,64.0171#65.97#26.13#7.90000000000001
-158.112,64.0249#65.92#26.13#7.95
-157.989,64.0325#65.87#26.13#8
-157.865,64.04#65.77#26.13#8.10000000000001
-157.742,64.0474#65.66#26.13#8.21000000000001
-157.619,64.0547#65.55#26.13#8.32000000000001
-157.495,64.0619#65.44#26.13#8.43000000000001
-157.372,64.0689#65.26#26.14#8.59999999999999
-157.248,64.0758#65.07#26.14#8.79000000000001
-157.124,64.0827#64.89#26.14#8.97
-157.001,64.0894#64.7#26.14#9.16
-156.877,64.0959#64.43#26.14#9.42999999999999
-156.753,64.1024#64.15#26.14#9.70999999999999
-156.629,64.1088#63.88#26.14#9.97999999999999
-156.505,64.115#63.6#26.15#10.25
-156.381,64.1211#63.28#26.15#10.57
-156.257,64.1271#62.95#26.15#10.9
-156.133,64.133#62.62#26.15#11.23
-156.008,64.1388#62.29#26.15#11.56
-155.884,64.1444#61.85#26.16#11.99
-155.76,64.1499#61.39#26.16#12.45
-155.635,64.1553#60.93#26.16#12.91
-155.511,64.1606#60.48#26.16#13.36
-155.386,64.1658#60.1#26.16#13.74
-155.262,64.1709#59.73#26.17#14.1
-155.137,64.1758#59.36#26.17#14.47
-155.012,64.1806#58.99#26.17#14.84
-154.888,64.1853#58.65#26.17#15.18
-154.763,64.1899#58.32#26.17#15.51
-154.638,64.1944#57.99#26.18#15.83
-154.513,64.1987#57.65#26.18#16.17
-154.388,64.203#57.33#26.18#16.49
-154.263,64.2071#57.02#26.18#16.8
-154.139,64.2111#56.7#26.19#17.11
-154.013,64.215#56.39#26.19#17.42
-153.888,64.2187#56.08#26.19#17.73
-153.763,64.2224#55.78#26.19#18.03
-153.638,64.2259#55.48#26.2#18.32
-153.513,64.2293#55.18#26.2#18.62
-153.388,64.2326#54.89#26.2#18.91
-153.263,64.2357#54.6#26.2#19.2
-153.137,64.2388#54.32#26.21#19.47
-153.012,64.2417#54.03#26.21#19.76
-152.887,64.2445#53.76#26.21#20.03
-152.761,64.2472#53.5#26.22#20.28
-152.636,64.2497#53.23#26.22#20.55
-152.511,64.2522#52.96#26.22#20.82
-152.385,64.2545#52.71#26.23#21.06
-152.26,64.2567#52.46#26.23#21.31
-152.134,64.2588#52.21#26.24#21.55
-152.009,64.2608#51.96#26.24#21.8
-151.883,64.2626#51.72#26.26#22.02
-151.758,64.2644#51.48#26.28#22.24
-151.632,64.266#51.25#26.3#22.45
-151.507,64.2675#51.01#26.31#22.68
-151.381,64.2689#50.8#26.36#22.84
-151.256,64.2701#50.59#26.41#23
-151.13,64.2712#50.38#26.46#23.16
-151.004,64.2723#50.17#26.51#23.32
-150.879,64.2732#49.98#26.59#23.43
-150.753,64.2739#49.8#26.67#23.53
-150.627,64.2746#49.62#26.75#23.63
-150.502,64.2751#49.43#26.83#23.74
-150.376,64.2755#49.28#26.92#23.8
-150.251,64.2758#49.13#27#23.87
-150.125,64.276#48.97#27.08#23.95
-149.999,64.2761#48.82#27.17#24.01
-149.874,64.276#48.68#27.23#24.09
-149.748,64.2758#48.54#27.28#24.18
-149.622,64.2755#48.4#27.34#24.26
-149.497,64.2751#48.27#27.4#24.33
-149.371,64.2746#48.15#27.42#24.43
-149.245,64.2739#48.04#27.45#24.51
-149.12,64.2732#47.92#27.48#24.6
-148.994,64.2723#47.81#27.5#24.69
-148.868,64.2712#47.71#27.52#24.77
-148.743,64.2701#47.6#27.53#24.87
-148.617,64.2688#47.49#27.55#24.96
-148.492,64.2675#47.39#27.56#25.05
-148.366,64.266#47.3#27.57#25.13
-148.241,64.2644#47.2#27.58#25.22
-148.115,64.2626#47.11#27.59#25.3
-147.99,64.2608#47.01#27.59#25.4
-147.864,64.2588#46.93#27.6#25.47
-147.739,64.2567#46.84#27.6#25.56
-147.613,64.2545#46.75#27.61#25.64
-147.488,64.2522#46.67#27.61#25.72
-147.362,64.2497#46.59#27.62#25.79
-147.237,64.2471#46.51#27.62#25.87
-147.112,64.2445#46.43#27.63#25.94
-146.986,64.2416#46.34#27.63#26.03
-146.861,64.2387#46.26#27.63#26.11
-146.736,64.2357#46.17#27.63#26.2
-146.611,64.2325#46.09#27.64#26.27
-146.485,64.2292#46#27.64#26.36
-146.36,64.2258#45.89#27.64#26.47
-146.235,64.2223#45.79#27.65#26.56
-146.11,64.2187#45.68#27.65#26.67
-145.985,64.2149#45.57#27.65#26.78
-145.86,64.211#45.44#27.65#26.91
-145.735,64.207#45.31#27.65#27.04
-145.61,64.2029#45.17#27.66#27.17
-145.485,64.1987#45.04#27.66#27.3
-145.36,64.1943#44.89#27.66#27.45
-145.235,64.1899#44.74#27.66#27.6
-145.111,64.1853#44.58#27.66#27.76
-144.986,64.1806#44.43#27.67#27.9
-144.861,64.1758#44.27#27.67#28.06
-144.737,64.1708#44.1#27.67#28.23
-144.612,64.1657#43.93#27.67#28.4
-144.488,64.1606#43.77#27.68#28.55
-144.363,64.1553#43.58#27.68#28.74
-144.239,64.1499#43.39#27.68#28.93
-144.114,64.1443#43.21#27.68#29.11
-143.99,64.1387#43.02#27.68#29.3
-143.866,64.1329#42.82#27.69#29.49
-143.742,64.127#42.62#27.69#29.69
-143.618,64.121#42.42#27.69#29.89
-143.493,64.1149#42.21#27.69#30.1
-143.369,64.1087#42#27.69#30.31
-143.245,64.1023#41.79#27.7#30.51
-143.122,64.0959#41.58#27.7#30.72
-142.998,64.0893#41.37#27.7#30.93
-142.874,64.0826#41.12#27.7#31.18
-142.75,64.0758#40.87#27.7#31.43
-142.627,64.0688#40.62#27.7#31.68
-142.503,64.0618#40.37#27.71#31.92
-142.38,64.0546#40.16#27.71#32.13
-142.256,64.0473#39.94#27.71#32.35
-142.133,64.0399#39.73#27.71#32.56
-142.01,64.0324#39.51#27.71#32.78
-141.887,64.0248#39.32#27.72#32.96
-141.763,64.017#39.14#27.72#33.14
-141.64,64.0092#38.95#27.72#33.33
-141.517,64.0012#38.76#27.72#33.52
-141.395,63.9931#38.58#27.73#33.69
-141.272,63.9849#38.4#27.73#33.87
-141.149,63.9766#38.22#27.73#34.05
-141.026,63.9681#38.04#27.73#34.23
-140.904,63.9596#37.86#27.74#34.4
-140.781,63.9509#37.67#27.74#34.59
-140.659,63.9421#37.49#27.74#34.77
-140.537,63.9332#37.31#27.75#34.94
-140.414,63.9242#37.12#27.76#35.12
-140.292,63.9151#36.94#27.77#35.29
-140.17,63.9058#36.75#27.78#35.47
-160.581,63.9017#64.01#26.1#9.88999999999999
-160.459,63.9116#64.27#26.11#9.62
-160.338,63.9214#64.45#26.11#9.44
-160.216,63.9312#64.64#26.11#9.25
-160.094,63.9408#64.82#26.11#9.07000000000001
-159.972,63.9502#64.99#26.11#8.90000000000001
-159.849,63.9596#65.13#26.11#8.76000000000001
-159.727,63.9689#65.26#26.11#8.63
-159.605,63.978#65.39#26.11#8.5
-159.482,63.9871#65.52#26.11#8.37
-159.36,63.996#65.6#26.11#8.29000000000001
-159.237,64.0048#65.67#26.12#8.20999999999999
-159.114,64.0135#65.75#26.12#8.13
-158.991,64.022#65.83#26.12#8.05
-158.869,64.0305#65.84#26.12#8.03999999999999
-158.746,64.0388#65.85#26.12#8.03
-158.623,64.0471#65.87#26.12#8.00999999999999
-158.499,64.0552#65.88#26.12#8
-158.376,64.0632#65.84#26.12#8.03999999999999
-158.253,64.071#65.8#26.12#8.08
-158.13,64.0788#65.76#26.13#8.11
-158.006,64.0865#65.72#26.13#8.15000000000001
-157.883,64.094#65.61#26.13#8.26000000000001
-157.759,64.1014#65.51#26.13#8.36
-157.635,64.1087#65.4#26.13#8.47
-157.512,64.1159#65.3#26.13#8.57000000000001
-157.388,64.123#65.12#26.13#8.75
-157.264,64.1299#64.93#26.14#8.92999999999999
-157.14,64.1367#64.75#26.14#9.11
-157.016,64.1435#64.56#26.14#9.3
-156.892,64.1501#64.3#26.14#9.56
-156.768,64.1565#64.02#26.14#9.84
-156.643,64.1629#63.75#26.14#10.11
-156.519,64.1692#63.47#26.14#10.39
-156.395,64.1753#63.15#26.15#10.7
-156.27,64.1813#62.81#26.15#11.04
-156.146,64.1872#62.48#26.15#11.37
-156.021,64.193#62.14#26.15#11.71
-155.897,64.1986#61.71#26.15#12.14
-155.772,64.2042#61.26#26.16#12.58
-155.648,64.2096#60.82#26.16#13.02
-155.523,64.2149#60.38#26.16#13.46
-155.398,64.2201#60#26.16#13.84
-155.273,64.2252#59.63#26.16#14.21
-155.148,64.2301#59.27#26.17#14.56
-155.023,64.2349#58.91#26.17#14.92
-154.898,64.2397#58.57#26.17#15.26
-154.773,64.2443#58.23#26.17#15.6
-154.648,64.2487#57.9#26.17#15.93
-154.523,64.2531#57.57#26.18#16.25
-154.398,64.2573#57.25#26.18#16.57
-154.273,64.2615#56.93#26.18#16.89
-154.148,64.2655#56.61#26.18#17.21
-154.022,64.2693#56.3#26.19#17.51
-153.897,64.2731#55.99#26.19#17.82
-153.772,64.2768#55.69#26.19#18.12
-153.646,64.2803#55.39#26.19#18.42
-153.521,64.2837#55.08#26.2#18.72
-153.395,64.287#54.79#26.2#19.01
-153.27,64.2902#54.51#26.2#19.29
-153.144,64.2932#54.22#26.2#19.58
-153.019,64.2961#53.94#26.21#19.85
-152.893,64.299#53.67#26.21#20.12
-152.767,64.3016#53.4#26.21#20.39
-152.642,64.3042#53.13#26.22#20.65
-152.516,64.3067#52.86#26.22#20.92
-152.39,64.309#52.6#26.22#21.18
-152.265,64.3112#52.35#26.23#21.42
-152.139,64.3133#52.1#26.24#21.66
-152.013,64.3153#51.85#26.24#21.91
-151.887,64.3172#51.61#26.26#22.13
-151.762,64.3189#51.37#26.28#22.35
-151.636,64.3205#51.13#26.3#22.57
-151.51,64.322#50.9#26.33#22.77
-151.384,64.3234#50.69#26.38#22.93
-151.258,64.3246#50.48#26.43#23.09
-151.132,64.3258#50.27#26.48#23.25
-151.007,64.3268#50.06#26.53#23.41
-150.881,64.3277#49.88#26.62#23.5
-150.755,64.3285#49.69#26.7#23.61
-150.629,64.3291#49.51#26.78#23.71
-150.503,64.3297#49.33#26.86#23.81
-150.377,64.3301#49.17#26.95#23.88
-150.251,64.3304#49.02#27.03#23.95
-150.125,64.3306#48.87#27.11#24.02
-149.999,64.3306#48.72#27.19#24.09
-149.873,64.3306#48.58#27.25#24.17
-149.747,64.3304#48.44#27.3#24.26
-149.621,64.3301#48.3#27.36#24.34
-149.496,64.3297#48.17#27.41#24.42
-149.37,64.3291#48.05#27.43#24.52
-149.244,64.3285#47.94#27.46#24.6
-149.118,64.3277#47.82#27.48#24.7
-148.992,64.3268#47.71#27.51#24.78
-148.866,64.3258#47.61#27.52#24.87
-148.74,64.3246#47.5#27.53#24.97
-148.614,64.3234#47.4#27.55#25.05
-148.488,64.322#47.29#27.56#25.15
-148.363,64.3205#47.2#27.57#25.23
-148.237,64.3189#47.1#27.58#25.32
-148.111,64.3171#47.01#27.59#25.4
-147.985,64.3153#46.92#27.59#25.49
-147.859,64.3133#46.83#27.6#25.57
-147.734,64.3112#46.75#27.6#25.65
-147.608,64.309#46.66#27.61#25.73
-147.482,64.3066#46.58#27.61#25.81
-147.357,64.3042#46.5#27.62#25.88
-147.231,64.3016#46.42#27.62#25.96
-147.105,64.2989#46.34#27.62#26.04
-146.98,64.2961#46.25#27.63#26.12
-146.854,64.2932#46.17#27.63#26.2
-146.729,64.2901#46.09#27.63#26.28
-146.603,64.2869#46#27.64#26.36
-146.478,64.2837#45.91#27.64#26.45
-146.352,64.2802#45.81#27.64#26.55
-146.227,64.2767#45.71#27.64#26.65
-146.101,64.2731#45.6#27.65#26.75
-145.976,64.2693#45.49#27.65#26.86
-145.851,64.2654#45.36#27.65#26.99
-145.726,64.2614#45.23#27.65#27.12
-145.6,64.2573#45.1#27.65#27.25
-145.475,64.253#44.97#27.66#27.37
-145.35,64.2487#44.81#27.66#27.53
-145.225,64.2442#44.66#27.66#27.68
-145.1,64.2396#44.51#27.66#27.83
-144.975,64.2349#44.36#27.66#27.98
-144.85,64.2301#44.2#27.67#28.13
-144.725,64.2251#44.03#27.67#28.3
-144.6,64.22#43.86#27.67#28.47
-144.476,64.2148#43.7#27.67#28.63
-144.351,64.2095#43.51#27.68#28.81
-144.226,64.2041#43.32#27.68#29
-144.102,64.1986#43.14#27.68#29.18
-143.977,64.1929#42.95#27.68#29.37
-143.852,64.1871#42.75#27.68#29.57
-143.728,64.1812#42.55#27.69#29.76
-143.604,64.1752#42.34#27.69#29.97
-143.479,64.1691#42.14#27.69#30.17
-143.355,64.1628#41.93#27.69#30.38
-143.231,64.1565#41.72#27.69#30.59
-143.107,64.15#41.51#27.69#30.8
-142.983,64.1434#41.29#27.7#31.01
-142.859,64.1367#41.04#27.7#31.26
-142.735,64.1298#40.79#27.7#31.51
-142.611,64.1229#40.54#27.7#31.76
-142.487,64.1158#40.3#27.7#32
-142.363,64.1086#40.09#27.71#32.2
-142.239,64.1013#39.87#27.71#32.42
-142.116,64.0939#39.66#27.71#32.63
-141.992,64.0864#39.45#27.71#32.84
-141.869,64.0787#39.26#27.71#33.03
-141.746,64.0709#39.08#27.72#33.2
-141.622,64.0631#38.89#27.72#33.39
-141.499,64.0551#38.71#27.72#33.57
-141.376,64.047#38.53#27.72#33.75
-141.253,64.0387#38.35#27.73#33.92
-141.13,64.0304#38.16#27.73#34.11
-141.007,64.0219#37.98#27.73#34.29
-140.884,64.0134#37.8#27.73#34.47
-140.761,64.0047#37.62#27.74#34.64
-140.639,63.9959#37.44#27.74#34.82
-140.516,63.9869#37.25#27.75#35
-140.394,63.9779#37.07#27.76#35.17
-140.271,63.9688#36.88#27.77#35.35
-140.149,63.9595#36.7#27.78#35.52
-140.027,63.9501#36.51#27.79#35.7
-139.905,63.9406#36.32#27.81#35.87
-139.783,63.931#36.13#27.83#36.04
-139.661,63.9213#35.95#27.85#36.2
-139.539,63.9115#35.76#27.87#36.37
-139.417,63.9015#35.57#27.9#36.53
-161.212,63.9037#62.22#26.1#11.68
-161.091,63.9142#62.55#26.1#11.35
-160.969,63.9246#62.87#26.1#11.03
-160.848,63.9349#63.17#26.1#10.73
-160.726,63.9451#63.47#26.1#10.43
-160.604,63.9552#63.77#26.1#10.13
-160.482,63.9652#64.05#26.1#9.84999999999999
-160.36,63.975#64.23#26.11#9.66
-160.238,63.9848#64.42#26.11#9.47
-160.115,63.9944#64.6#26.11#9.29000000000001
-159.993,64.0039#64.77#26.11#9.12
-159.871,64.0133#64.91#26.11#8.98
-159.748,64.0226#65.04#26.11#8.84999999999999
-159.625,64.0317#65.18#26.11#8.70999999999999
-159.503,64.0408#65.32#26.11#8.57000000000001
-159.38,64.0497#65.39#26.11#8.5
-159.257,64.0585#65.47#26.11#8.42
-159.134,64.0673#65.55#26.12#8.33
-159.011,64.0758#65.63#26.12#8.25
-158.888,64.0843#65.65#26.12#8.22999999999999
-158.765,64.0927#65.67#26.12#8.20999999999999
-158.641,64.1009#65.68#26.12#8.19999999999999
-158.518,64.1091#65.7#26.12#8.17999999999999
-158.394,64.1171#65.67#26.12#8.20999999999999
-158.271,64.125#65.63#26.12#8.25
-158.147,64.1328#65.59#26.12#8.28999999999999
-158.023,64.1404#65.55#26.13#8.32000000000001
-157.9,64.148#65.45#26.13#8.42
-157.776,64.1554#65.34#26.13#8.53
-157.652,64.1627#65.23#26.13#8.64
-157.528,64.1699#65.13#26.13#8.74000000000001
-157.404,64.177#64.96#26.13#8.91000000000001
-157.28,64.184#64.78#26.13#9.09
-157.155,64.1908#64.61#26.14#9.25
-157.031,64.1976#64.43#26.14#9.42999999999999
-156.907,64.2042#64.18#26.14#9.67999999999999
-156.782,64.2107#63.9#26.14#9.96000000000001
-156.658,64.2171#63.62#26.14#10.24
-156.533,64.2233#63.34#26.14#10.52
-156.409,64.2295#63.02#26.14#10.84
-156.284,64.2355#62.67#26.15#11.18
-156.159,64.2414#62.33#26.15#11.52
-156.035,64.2472#61.99#26.15#11.86
-155.91,64.2529#61.57#26.15#12.28
-155.785,64.2584#61.14#26.15#12.71
-155.66,64.2639#60.7#26.16#13.14
-155.535,64.2692#60.27#26.16#13.57
-155.41,64.2744#59.89#26.16#13.95
-155.285,64.2795#59.53#26.16#14.31
-155.16,64.2844#59.17#26.16#14.67
-155.034,64.2893#58.82#26.17#15.01
-154.909,64.294#58.48#26.17#15.35
-154.784,64.2986#58.14#26.17#15.69
-154.659,64.3031#57.81#26.17#16.02
-154.533,64.3075#57.48#26.17#16.35
-154.408,64.3117#57.16#26.18#16.66
-154.282,64.3158#56.84#26.18#16.98
-154.157,64.3199#56.52#26.18#17.3
-154.031,64.3238#56.21#26.18#17.61
-153.906,64.3275#55.9#26.19#17.91
-153.78,64.3312#55.6#26.19#18.21
-153.654,64.3347#55.29#26.19#18.52
-153.528,64.3381#54.99#26.19#18.82
-153.403,64.3414#54.7#26.2#19.1
-153.277,64.3446#54.41#26.2#19.39
-153.151,64.3477#54.13#26.2#19.67
-153.025,64.3506#53.84#26.2#19.96
-152.899,64.3534#53.57#26.21#20.22
-152.774,64.3561#53.3#26.21#20.49
-152.648,64.3587#53.03#26.21#20.76
-152.522,64.3612#52.76#26.22#21.02
-152.396,64.3635#52.5#26.22#21.28
-152.27,64.3657#52.25#26.23#21.52
-152.144,64.3678#51.99#26.24#21.77
-152.018,64.3698#51.74#26.24#22.02
-151.892,64.3717#51.5#26.26#22.24
-151.766,64.3734#51.26#26.29#22.45
-151.639,64.375#51.02#26.31#22.67
-151.513,64.3765#50.78#26.34#22.88
-151.387,64.3779#50.57#26.39#23.04
-151.261,64.3792#50.37#26.45#23.18
-151.135,64.3803#50.16#26.5#23.34
-151.009,64.3813#49.95#26.56#23.49
-150.883,64.3822#49.77#26.65#23.58
-150.756,64.383#49.58#26.73#23.69
-150.63,64.3837#49.4#26.81#23.79
-150.504,64.3842#49.22#26.9#23.88
-150.378,64.3846#49.07#26.98#23.95
-150.252,64.3849#48.92#27.06#24.02
-150.125,64.3851#48.76#27.14#24.1
-149.999,64.3852#48.61#27.22#24.17
-149.873,64.3851#48.48#27.27#24.25
-149.747,64.3849#48.34#27.32#24.34
-149.621,64.3846#48.2#27.37#24.43
-149.494,64.3842#48.07#27.42#24.51
-149.368,64.3837#47.95#27.44#24.61
-149.242,64.383#47.84#27.46#24.7
-149.116,64.3822#47.72#27.49#24.79
-148.99,64.3813#47.61#27.51#24.88
-148.864,64.3803#47.51#27.52#24.97
-148.737,64.3792#47.4#27.54#25.06
-148.611,64.3779#47.3#27.55#25.15
-148.485,64.3765#47.19#27.56#25.25
-148.359,64.375#47.1#27.57#25.33
-148.233,64.3734#47.01#27.58#25.41
-148.107,64.3717#46.91#27.59#25.5
-147.981,64.3698#46.82#27.59#25.59
-147.855,64.3678#46.74#27.6#25.66
-147.729,64.3657#46.65#27.6#25.75
-147.603,64.3635#46.57#27.61#25.82
-147.477,64.3611#46.48#27.61#25.91
-147.351,64.3587#46.4#27.61#25.99
-147.225,64.3561#46.32#27.62#26.06
-147.099,64.3534#46.25#27.62#26.13
-146.973,64.3506#46.17#27.62#26.21
-146.847,64.3476#46.08#27.63#26.29
-146.721,64.3446#46#27.63#26.37
-146.596,64.3414#45.92#27.63#26.45
-146.47,64.3381#45.83#27.64#26.53
-146.344,64.3347#45.73#27.64#26.63
-146.219,64.3311#45.63#27.64#26.73
-146.093,64.3275#45.52#27.64#26.84
-145.967,64.3237#45.41#27.65#26.94
-145.842,64.3198#45.29#27.65#27.06
-145.716,64.3158#45.16#27.65#27.19
-145.591,64.3117#45.03#27.65#27.32
-145.465,64.3074#44.89#27.65#27.46
-145.34,64.303#44.74#27.66#27.6
-145.215,64.2985#44.59#27.66#27.75
-145.089,64.2939#44.44#27.66#27.9
-144.964,64.2892#44.29#27.66#28.05
-144.839,64.2844#44.12#27.66#28.22
-144.714,64.2794#43.96#27.67#28.37
-144.589,64.2743#43.79#27.67#28.54
-144.463,64.2691#43.62#27.67#28.71
-144.338,64.2638#43.44#27.67#28.89
-144.214,64.2584#43.25#27.67#29.08
-144.089,64.2528#43.07#27.68#29.25
-143.964,64.2471#42.88#27.68#29.44
-143.839,64.2413#42.68#27.68#29.64
-143.714,64.2354#42.47#27.68#29.85
-143.59,64.2294#42.27#27.68#30.05
-143.465,64.2232#42.07#27.69#30.24
-143.34,64.217#41.86#27.69#30.45
-143.216,64.2106#41.65#27.69#30.66
-143.092,64.2041#41.44#27.69#30.87
-142.967,64.1975#41.22#27.69#31.09
-142.843,64.1907#40.97#27.7#31.33
-142.719,64.1839#40.72#27.7#31.58
-142.595,64.1769#40.47#27.7#31.83
-142.471,64.1698#40.23#27.7#32.07
-142.347,64.1626#40.02#27.7#32.28
-142.223,64.1553#39.81#27.71#32.48
-142.099,64.1479#39.6#27.71#32.69
-141.975,64.1403#39.39#27.71#32.9
-141.851,64.1327#39.21#27.71#33.08
-141.728,64.1249#39.02#27.71#33.27
-141.604,64.117#38.84#27.72#33.44
-141.481,64.109#38.66#27.72#33.62
-141.357,64.1008#38.47#27.72#33.81
-141.234,64.0926#38.29#27.72#33.99
-141.111,64.0842#38.11#27.73#34.16
-140.987,64.0757#37.93#27.73#34.34
-140.864,64.0671#37.75#27.73#34.52
-140.741,64.0584#37.56#27.74#34.7
-140.619,64.0496#37.38#27.74#34.88
-140.496,64.0407#37.2#27.75#35.05
-140.373,64.0316#37.01#27.76#35.23
-140.25,64.0225#36.83#27.77#35.4
-140.128,64.0132#36.64#27.78#35.58
